
     Program QE v.6.0 (svn rev. 13079) starts on 17Jan2017 at 17:24:14 

     This program is part of the open-source Quantum ESPRESSO suite
     for quantum simulation of materials; please cite
         "P. Giannozzi et al., J. Phys.:Condens. Matter 21 395502 (2009);
          URL http://www.quantum-espresso.org", 
     in publications or presentations arising from this work. More details at
     http://www.quantum-espresso.org/quote

     Parallel version (MPI), running on     8 processors
     R & G space division:  proc/nbgrp/npool/nimage =       8

     ***** This is GIPAW svn revision unknown      *****

     Parallelizing q-star over 1 images

     Reading data from directory:
     /users/majewski/paradichlorobenzene/pbe/9_constraint/scratch/pbe.ecut100.np8.dt60.pcl2phi-129368.save
     Message from routine read_xml_file:
     file /users/majewski/paradichlorobenzene/pbe/9_constraint/scratch/pbe.ecut100.np8.dt60.pcl2phi-129368.save not guaranteed to be safe for post-processing

   Info: using nr1, nr2, nr3 values from input

   Info: using nr1, nr2, nr3 values from input

     IMPORTANT: XC functional enforced from input :
     Exchange-correlation      =  SLA  PW   PBX  PBC ( 1  4  3  4 0 0)
     Any further DFT definition will be discarded
     Please, verify this is what you really want

               file C.pbe-n-kjpaw_psl.1.0.0.UPF: wavefunction(s)  2S 2P renormalized
               file Cl.pbe-n-kjpaw_psl.1.0.0.UPF: wavefunction(s)  3S 3P renormalized
               file H.pbe-kjpaw_psl.1.0.0.UPF: wavefunction(s)  1S renormalized

     Parallelization info
     --------------------
     sticks:   dense  smooth     PW     G-vecs:    dense   smooth      PW
     Min        3057    1223    332               144436    36536    5170
     Max        3059    1225    333               144437    36537    5171
     Sum       24467    9791   2657              1155489   292295   41363


     Subspace diagonalization in iterative solution of the eigenvalue problem:
     a serial algorithm will be used

     GIPAW projectors -----------------------------------------------
     atom=  C    l=0  rc=    1.2000  rs=    0.8000
     atom=  C    l=0  rc=    1.2000  rs=    0.8000
     atom=  C    l=1  rc=    1.4000  rs=    0.9333
     atom=  C    l=1  rc=    1.4000  rs=    0.9333
     projs nearly linearly dependent: l=1  n1,n2= 1, 2  s=  0.99951561

     atom=  Cl   l=0  rc=    1.6000  rs=    1.0667
     atom=  Cl   l=0  rc=    1.6000  rs=    1.0667
     atom=  Cl   l=1  rc=    1.6000  rs=    1.0667
     atom=  Cl   l=1  rc=    1.6000  rs=    1.0667
     atom=  Cl   l=2  rc=    1.6000  rs=    1.0667
     atom=  Cl   l=2  rc=    1.6000  rs=    1.0667
     projs nearly linearly dependent: l=2  n1,n2= 1, 2  s=  0.99993509

     atom=  H    l=0  rc=    1.0000  rs=    0.6667
     atom=  H    l=0  rc=    1.0000  rs=    0.6667
     projs nearly linearly dependent: l=0  n1,n2= 1, 2  s=  0.99968852
     -----------------------------------------------------------------

     GIPAW integrals: -------------------------------------------
     Atom  i/j   nmr_para   nmr_dia   epr_rmc  epr_para   epr_dia
       C   1 1   0.83E+03  0.17E-01  0.93E+01  0.24E+08  0.24E+03
       C   2 1   0.86E+03 -0.61E-01  0.94E+01  0.25E+08  0.25E+03
       C   2 2   0.90E+03 -0.15E+00  0.97E+01  0.26E+08  0.26E+03
       C   3 3   0.33E+01  0.34E+00  0.18E+01  0.55E+03  0.21E+02
       C   4 3   0.35E+01  0.37E+00  0.20E+01  0.59E+03  0.22E+02
       C   4 4   0.38E+01  0.39E+00  0.22E+01  0.63E+03  0.24E+02
       Cl  1 1   0.14E+04 -0.47E+00  0.84E+01  0.32E+09  0.42E+03
       Cl  2 1   0.21E+04 -0.37E+00  0.12E+02  0.49E+09  0.65E+03
       Cl  2 2   0.33E+04 -0.16E+00  0.21E+02  0.76E+09  0.10E+04
       Cl  3 3   0.21E+02  0.79E-01  0.89E+01  0.23E+05  0.13E+03
       Cl  4 3   0.24E+02  0.67E-01  0.99E+01  0.27E+05  0.15E+03
       Cl  4 4   0.28E+02  0.44E-01  0.11E+02  0.32E+05  0.18E+03
       Cl  5 5   0.77E+00  0.19E+00  0.18E+01  0.12E+03  0.22E+02
       Cl  6 5   0.80E+00  0.19E+00  0.19E+01  0.12E+03  0.23E+02
       Cl  6 6   0.83E+00  0.20E+00  0.19E+01  0.12E+03  0.23E+02
       H   1 1   0.39E+02  0.19E+00  0.29E+00  0.78E+05  0.13E+02
       H   2 1   0.41E+02  0.21E+00  0.32E+00  0.82E+05  0.14E+02
       H   2 2   0.43E+02  0.22E+00  0.36E+00  0.86E+05  0.15E+02
     ------------------------------------------------------------

     alpha_pv=     33.7972 eV

     Number of occupied bands for each k-point:
     k-point:     1    nbnd_occ=  42
     k-point:     2    nbnd_occ=  42
     k-point:     3    nbnd_occ=  42
     k-point:     4    nbnd_occ=  42
     k-point:     5    nbnd_occ=  42
     k-point:     6    nbnd_occ=  42
     k-point:     7    nbnd_occ=  42
     k-point:     8    nbnd_occ=  42
     k-point:     9    nbnd_occ=  42
     k-point:    10    nbnd_occ=  42
     k-point:    11    nbnd_occ=  42
     k-point:    12    nbnd_occ=  42
     k-point:    13    nbnd_occ=  42
     k-point:    14    nbnd_occ=  42
     k-point:    15    nbnd_occ=  42
     k-point:    16    nbnd_occ=  42


     q-space interpolation up to   110.00 Rydberg

     GIPAW job: efg                                                                             


     ELECTRIC FIELD GRADIENTS TENSORS IN Hartree/bohrradius^2:

     ----- bare term -----
     Cl   1       -0.131856        0.340118       -0.014160
     Cl   1        0.340118       -0.051816       -0.134784
     Cl   1       -0.014160       -0.134784        0.183672

     C    2        0.086915       -0.080521       -0.255744
     C    2       -0.080521       -0.211240       -0.533569
     C    2       -0.255744       -0.533569        0.124325

     C    3       -0.583133        0.388941       -0.334739
     C    3        0.388941        0.179247       -0.064992
     C    3       -0.334739       -0.064992        0.403886

     H    4        0.058932       -0.039182       -0.239650
     H    4       -0.039182        0.204596       -0.520779
     H    4       -0.239650       -0.520779       -0.263528

     C    5       -0.065607       -0.371790       -0.496566
     C    5       -0.371790       -0.054611       -0.530361
     C    5       -0.496566       -0.530361        0.120218

     H    6       -0.045382        0.289296        0.200941
     H    6        0.289296       -0.118672       -0.406918
     H    6        0.200941       -0.406918        0.164054

     H    7        0.300971        0.069452        0.083636
     H    7        0.069452       -0.364274        0.551982
     H    7        0.083636        0.551982        0.063304

     C    8       -0.795442       -0.411433       -0.414086
     C    8       -0.411433        0.462016        0.158277
     C    8       -0.414086        0.158277        0.333425

     H    9       -0.348195        0.134774       -0.549038
     H    9        0.134774        0.247944        0.111160
     H    9       -0.549038        0.111160        0.100251

     C   10        0.083460       -0.285460       -0.098473
     C   10       -0.285460       -0.103988        0.560570
     C   10       -0.098473        0.560570        0.020528

     C   11       -0.407480       -0.357998       -0.429208
     C   11       -0.357998        0.198825        0.260789
     C   11       -0.429208        0.260789        0.208655

     Cl  12        0.027859       -0.011820       -0.014057
     Cl  12       -0.011820       -0.045645       -0.081042
     Cl  12       -0.014057       -0.081042        0.017786

     H   13        0.018627       -0.043807        0.367977
     H   13       -0.043807        0.086470       -0.372202
     H   13        0.367977       -0.372202       -0.105097

     C   14       -0.632122        0.350674       -0.358125
     C   14        0.350674        0.402790       -0.142967
     C   14       -0.358125       -0.142967        0.229333

     H   15        0.145148       -0.082551       -0.303766
     H   15       -0.082551        0.388462        0.172074
     H   15       -0.303766        0.172074       -0.533610

     C   16        0.114293        0.205433       -0.073436
     C   16        0.205433       -0.112229       -0.395479
     C   16       -0.073436       -0.395479       -0.002064

     C   17       -0.432176        0.328680       -0.171010
     C   17        0.328680        0.029894       -0.417449
     C   17       -0.171010       -0.417449        0.402282

     Cl  18        0.171738       -0.086373        0.002226
     Cl  18       -0.086373       -0.040099        0.006141
     Cl  18        0.002226        0.006141       -0.131638

     H   19        0.448847        0.105688       -0.035141
     H   19        0.105688       -0.694819        0.461820
     H   19       -0.035141        0.461820        0.245972

     C   20       -0.132588       -0.128880       -0.206595
     C   20       -0.128880        0.032731        0.482069
     C   20       -0.206595        0.482069        0.099857

     H   21       -0.302931        0.548484       -0.164005
     H   21        0.548484       -0.075261       -0.007580
     H   21       -0.164005       -0.007580        0.378192

     C   22       -0.615460       -0.394768       -0.280124
     C   22       -0.394768        0.283419        0.270654
     C   22       -0.280124        0.270654        0.332041

     C   23        0.000532       -0.146381       -0.185596
     C   23       -0.146381       -0.011548        0.594569
     C   23       -0.185596        0.594569        0.011016

     Cl  24       -0.088912       -0.142203        0.075562
     Cl  24       -0.142203        0.031298       -0.138751
     Cl  24        0.075562       -0.138751        0.057613

     ----- ionic term -----
     Cl   1        0.150552       -0.208478        0.062566
     Cl   1       -0.208478       -0.009659       -0.027902
     Cl   1        0.062566       -0.027902       -0.140892

     C    2        0.079472       -0.265648        0.344183
     C    2       -0.265648        0.061154        0.401460
     C    2        0.344183        0.401460       -0.140625

     C    3        0.107069       -0.281994        0.245020
     C    3       -0.281994        0.093452        0.372689
     C    3        0.245020        0.372689       -0.200521

     H    4        0.364972        0.223205        0.815460
     H    4        0.223205       -0.474301        0.268034
     H    4        0.815460        0.268034        0.109329

     C    5        0.239854       -0.196623        0.323527
     C    5       -0.196623       -0.070674        0.331679
     C    5        0.323527        0.331679       -0.169180

     H    6       -0.481486       -0.182106       -0.133980
     H    6       -0.182106        0.433634        0.771605
     H    6       -0.133980        0.771605        0.047851

     H    7       -0.511037        0.019448       -0.001880
     H    7        0.019448        0.649560       -0.700823
     H    7       -0.001880       -0.700823       -0.138524

     C    8        0.231533        0.188760        0.315123
     C    8        0.188760        0.113006       -0.260578
     C    8        0.315123       -0.260578       -0.344539

     H    9        0.615763       -0.497349        0.547104
     H    9       -0.497349       -0.250594       -0.283692
     H    9        0.547104       -0.283692       -0.365169

     C   10        0.090727        0.198944        0.220623
     C   10        0.198944        0.257902       -0.357632
     C   10        0.220623       -0.357632       -0.348630

     C   11        0.162273        0.201513        0.359693
     C   11        0.201513        0.119489       -0.372633
     C   11        0.359693       -0.372633       -0.281762

     Cl  12        0.145332        0.237582        0.058281
     Cl  12        0.237582        0.007117        0.025775
     Cl  12        0.058281        0.025775       -0.152449

     H   13       -0.474371       -0.263274       -0.140666
     H   13       -0.263274        0.533872        0.719264
     H   13       -0.140666        0.719264       -0.059500

     C   14        0.167665       -0.309541        0.308773
     C   14       -0.309541       -0.017754        0.281680
     C   14        0.308773        0.281680       -0.149911

     H   15        0.264206        0.291876        0.766919
     H   15        0.291876       -0.431147        0.335609
     H   15        0.766919        0.335609        0.166941

     C   16        0.068271       -0.334633        0.199508
     C   16       -0.334633        0.041333        0.396055
     C   16        0.199508        0.396055       -0.109604

     C   17        0.180471       -0.208963        0.247119
     C   17       -0.208963       -0.076641        0.490636
     C   17        0.247119        0.490636       -0.103829

     Cl  18        0.197112       -0.211283       -0.004988
     Cl  18       -0.211283       -0.069153       -0.001495
     Cl  18       -0.004988       -0.001495       -0.127959

     H   19       -0.524471       -0.019427        0.026777
     H   19       -0.019427        0.511476       -0.757067
     H   19        0.026777       -0.757067        0.012994

     C   20        0.237925        0.190178        0.305733
     C   20        0.190178        0.016623       -0.318068
     C   20        0.305733       -0.318068       -0.254548

     H   21        0.721078       -0.387315        0.538592
     H   21       -0.387315       -0.398652       -0.236941
     H   21        0.538592       -0.236941       -0.322425

     C   22        0.152853        0.201672        0.178360
     C   22        0.201672        0.222870       -0.388499
     C   22        0.178360       -0.388499       -0.375724

     C   23        0.150995        0.119832        0.308517
     C   23        0.119832        0.176216       -0.387704
     C   23        0.308517       -0.387704       -0.327211

     Cl  24        0.098812        0.185962        0.033721
     Cl  24        0.185962        0.047298        0.021073
     Cl  24        0.033721        0.021073       -0.146110

     ----- GIPAW term -----
     Cl   1       -1.166248       -0.288717       -0.064835
     Cl   1       -0.288717        0.570466        1.884459
     Cl   1       -0.064835        1.884459        0.595783

     C    2       -0.075556       -0.082510       -0.021171
     C    2       -0.082510        0.167227        0.127210
     C    2       -0.021171        0.127210       -0.091672

     C    3       -0.080553       -0.104994       -0.102718
     C    3       -0.104994        0.118781        0.106161
     C    3       -0.102718        0.106161       -0.038228

     H    4       -0.000000        0.000000        0.000000
     H    4        0.000000        0.000000        0.000000
     H    4        0.000000        0.000000        0.000000

     C    5        0.061467       -0.214470       -0.078308
     C    5       -0.214470        0.038860       -0.047829
     C    5       -0.078308       -0.047829       -0.100327

     H    6       -0.000000        0.000000        0.000000
     H    6        0.000000        0.000000        0.000000
     H    6        0.000000        0.000000        0.000000

     H    7       -0.000000        0.000000        0.000000
     H    7        0.000000        0.000000        0.000000
     H    7        0.000000        0.000000        0.000000

     C    8       -0.209392       -0.139364       -0.046262
     C    8       -0.139364        0.280795       -0.022026
     C    8       -0.046262       -0.022026       -0.071404

     H    9       -0.000000        0.000000        0.000000
     H    9        0.000000        0.000000        0.000000
     H    9        0.000000        0.000000        0.000000

     C   10       -0.067078       -0.103644       -0.036851
     C   10       -0.103644        0.150554        0.152623
     C   10       -0.036851        0.152623       -0.083476

     C   11       -0.084131       -0.093512       -0.091717
     C   11       -0.093512        0.188292        0.120193
     C   11       -0.091717        0.120193       -0.104161

     Cl  12       -0.193272        0.314533       -1.034399
     Cl  12        0.314533        0.473996        1.887766
     Cl  12       -1.034399        1.887766       -0.280724

     H   13       -0.000000        0.000000        0.000000
     H   13        0.000000        0.000000        0.000000
     H   13        0.000000        0.000000        0.000000

     C   14       -0.125767        0.131839       -0.059763
     C   14        0.131839        0.190531       -0.065206
     C   14       -0.059763       -0.065206       -0.064764

     H   15       -0.000000        0.000000        0.000000
     H   15        0.000000        0.000000        0.000000
     H   15        0.000000        0.000000        0.000000

     C   16       -0.043590        0.057476       -0.035665
     C   16        0.057476        0.067986       -0.118254
     C   16       -0.035665       -0.118254       -0.024396

     C   17       -0.076487       -0.145271        0.039014
     C   17       -0.145271        0.135691       -0.164860
     C   17        0.039014       -0.164860       -0.059204

     Cl  18        3.109872       -2.569273        0.129772
     Cl  18       -2.569273       -0.656676       -0.025284
     Cl  18        0.129772       -0.025284       -2.453196

     H   19       -0.000000        0.000000        0.000000
     H   19        0.000000        0.000000        0.000000
     H   19        0.000000        0.000000        0.000000

     C   20       -0.102491       -0.071338       -0.019952
     C   20       -0.071338        0.246162        0.123846
     C   20       -0.019952        0.123846       -0.143671

     H   21       -0.000000        0.000000        0.000000
     H   21        0.000000        0.000000        0.000000
     H   21        0.000000        0.000000        0.000000

     C   22       -0.213466       -0.123650       -0.069161
     C   22       -0.123650        0.284516        0.066162
     C   22       -0.069161        0.066162       -0.071050

     C   23       -0.021621       -0.036583       -0.009912
     C   23       -0.036583        0.227381        0.039141
     C   23       -0.009912        0.039141       -0.205760

     Cl  24        0.664034        0.975513        0.788884
     Cl  24        0.975513        0.359896       -1.306372
     Cl  24        0.788884       -1.306372       -1.023931

     ----- total EFG -----
     Cl   1       -1.147553       -0.157077       -0.016429
     Cl   1       -0.157077        0.508990        1.721773
     Cl   1       -0.016429        1.721773        0.638563

     C    2        0.090831       -0.428679        0.067268
     C    2       -0.428679        0.017141       -0.004899
     C    2        0.067268       -0.004899       -0.107972

     C    3       -0.556617        0.001953       -0.192437
     C    3        0.001953        0.391480        0.413859
     C    3       -0.192437        0.413859        0.165137

     H    4        0.423904        0.184023        0.575810
     H    4        0.184023       -0.269705       -0.252745
     H    4        0.575810       -0.252745       -0.154199

     C    5        0.235714       -0.782882       -0.251347
     C    5       -0.782882       -0.086425       -0.246511
     C    5       -0.251347       -0.246511       -0.149289

     H    6       -0.526868        0.107190        0.066961
     H    6        0.107190        0.314963        0.364687
     H    6        0.066961        0.364687        0.211905

     H    7       -0.210066        0.088900        0.081756
     H    7        0.088900        0.285286       -0.148841
     H    7        0.081756       -0.148841       -0.075220

     C    8       -0.773300       -0.362036       -0.145225
     C    8       -0.362036        0.855817       -0.124327
     C    8       -0.145225       -0.124327       -0.082517

     H    9        0.267569       -0.362575       -0.001934
     H    9       -0.362575       -0.002650       -0.172533
     H    9       -0.001934       -0.172533       -0.264919

     C   10        0.107109       -0.190161        0.085300
     C   10       -0.190161        0.304469        0.355561
     C   10        0.085300        0.355561       -0.411578

     C   11       -0.329338       -0.249996       -0.161231
     C   11       -0.249996        0.506606        0.008349
     C   11       -0.161231        0.008349       -0.177269

     Cl  12       -0.020081        0.540295       -0.990174
     Cl  12        0.540295        0.435468        1.832498
     Cl  12       -0.990174        1.832498       -0.415387

     H   13       -0.455745       -0.307081        0.227311
     H   13       -0.307081        0.620342        0.347062
     H   13        0.227311        0.347062       -0.164597

     C   14       -0.590224        0.172972       -0.109116
     C   14        0.172972        0.575567        0.073507
     C   14       -0.109116        0.073507        0.014657

     H   15        0.409353        0.209325        0.463154
     H   15        0.209325       -0.042685        0.507683
     H   15        0.463154        0.507683       -0.366668

     C   16        0.138974       -0.071725        0.090407
     C   16       -0.071725       -0.002910       -0.117678
     C   16        0.090407       -0.117678       -0.136064

     C   17       -0.328193       -0.025554        0.115123
     C   17       -0.025554        0.088944       -0.091673
     C   17        0.115123       -0.091673        0.239248

     Cl  18        3.478721       -2.866929        0.127010
     Cl  18       -2.866929       -0.765929       -0.020637
     Cl  18        0.127010       -0.020637       -2.712793

     H   19       -0.075624        0.086261       -0.008364
     H   19        0.086261       -0.183342       -0.295246
     H   19       -0.008364       -0.295246        0.258966

     C   20        0.002846       -0.010040        0.079186
     C   20       -0.010040        0.295516        0.287846
     C   20        0.079186        0.287846       -0.298361

     H   21        0.418147        0.161168        0.374587
     H   21        0.161168       -0.473913       -0.244521
     H   21        0.374587       -0.244521        0.055767

     C   22       -0.676072       -0.316746       -0.170925
     C   22       -0.316746        0.790805       -0.051683
     C   22       -0.170925       -0.051683       -0.114733

     C   23        0.129906       -0.063133        0.113009
     C   23       -0.063133        0.392049        0.246006
     C   23        0.113009        0.246006       -0.521955

     Cl  24        0.673935        1.019272        0.898166
     Cl  24        1.019272        0.438492       -1.424049
     Cl  24        0.898166       -1.424049       -1.112427

     ----- total EFG (symmetrized) -----
     Cl   1       -1.147553       -0.157077       -0.016429
     Cl   1       -0.157077        0.508990        1.721773
     Cl   1       -0.016429        1.721773        0.638563

     C    2        0.090831       -0.428679        0.067268
     C    2       -0.428679        0.017141       -0.004899
     C    2        0.067268       -0.004899       -0.107972

     C    3       -0.556617        0.001953       -0.192437
     C    3        0.001953        0.391480        0.413859
     C    3       -0.192437        0.413859        0.165137

     H    4        0.423904        0.184023        0.575810
     H    4        0.184023       -0.269705       -0.252745
     H    4        0.575810       -0.252745       -0.154199

     C    5        0.235714       -0.782882       -0.251347
     C    5       -0.782882       -0.086425       -0.246511
     C    5       -0.251347       -0.246511       -0.149289

     H    6       -0.526868        0.107190        0.066961
     H    6        0.107190        0.314963        0.364687
     H    6        0.066961        0.364687        0.211905

     H    7       -0.210066        0.088900        0.081756
     H    7        0.088900        0.285286       -0.148841
     H    7        0.081756       -0.148841       -0.075220

     C    8       -0.773300       -0.362036       -0.145225
     C    8       -0.362036        0.855817       -0.124327
     C    8       -0.145225       -0.124327       -0.082517

     H    9        0.267569       -0.362575       -0.001934
     H    9       -0.362575       -0.002650       -0.172533
     H    9       -0.001934       -0.172533       -0.264919

     C   10        0.107109       -0.190161        0.085300
     C   10       -0.190161        0.304469        0.355561
     C   10        0.085300        0.355561       -0.411578

     C   11       -0.329338       -0.249996       -0.161231
     C   11       -0.249996        0.506606        0.008349
     C   11       -0.161231        0.008349       -0.177269

     Cl  12       -0.020081        0.540295       -0.990174
     Cl  12        0.540295        0.435468        1.832498
     Cl  12       -0.990174        1.832498       -0.415387

     H   13       -0.455745       -0.307081        0.227311
     H   13       -0.307081        0.620342        0.347062
     H   13        0.227311        0.347062       -0.164597

     C   14       -0.590224        0.172972       -0.109116
     C   14        0.172972        0.575567        0.073507
     C   14       -0.109116        0.073507        0.014657

     H   15        0.409353        0.209325        0.463154
     H   15        0.209325       -0.042685        0.507683
     H   15        0.463154        0.507683       -0.366668

     C   16        0.138974       -0.071725        0.090407
     C   16       -0.071725       -0.002910       -0.117678
     C   16        0.090407       -0.117678       -0.136064

     C   17       -0.328193       -0.025554        0.115123
     C   17       -0.025554        0.088944       -0.091673
     C   17        0.115123       -0.091673        0.239248

     Cl  18        3.478721       -2.866929        0.127010
     Cl  18       -2.866929       -0.765929       -0.020637
     Cl  18        0.127010       -0.020637       -2.712793

     H   19       -0.075624        0.086261       -0.008364
     H   19        0.086261       -0.183342       -0.295246
     H   19       -0.008364       -0.295246        0.258966

     C   20        0.002846       -0.010040        0.079186
     C   20       -0.010040        0.295516        0.287846
     C   20        0.079186        0.287846       -0.298361

     H   21        0.418147        0.161168        0.374587
     H   21        0.161168       -0.473913       -0.244521
     H   21        0.374587       -0.244521        0.055767

     C   22       -0.676072       -0.316746       -0.170925
     C   22       -0.316746        0.790805       -0.051683
     C   22       -0.170925       -0.051683       -0.114733

     C   23        0.129906       -0.063133        0.113009
     C   23       -0.063133        0.392049        0.246006
     C   23        0.113009        0.246006       -0.521955

     Cl  24        0.673935        1.019272        0.898166
     Cl  24        1.019272        0.438492       -1.424049
     Cl  24        0.898166       -1.424049       -1.112427


     NQR/NMR SPECTROSCOPIC PARAMETERS:
     Cl   1    Vxx=   -1.0488    axis=( -0.702176  0.494929 -0.511854)
     Cl   1    Vyy=   -1.2522    axis=( -0.711141 -0.522881  0.469972)
     Cl   1    Vzz=    2.3010    axis=( -0.035037  0.694003  0.719119)
     Cl   1  Q=        -8.1650 1e-30 m^2  Cq=       -44.1436 MHz  eta= 0.08839

     C    2    Vxx=   -0.1062    axis=(  0.038258  0.172048  0.984345)
     C    2    Vyy=   -0.3827    axis=(  0.675072  0.721838 -0.152403)
     C    2    Vzz=    0.4889    axis=(  0.736759 -0.670335  0.088529)
     C    2  Q=         1.0000 1e-30 m^2  Cq=         1.1488 MHz  eta= 0.56554

     C    3    Vxx=   -0.1005    axis=( -0.309810 -0.611371  0.728178)
     C    3    Vyy=   -0.6175    axis=( -0.946341  0.124202 -0.298350)
     C    3    Vzz=    0.7180    axis=(  0.091961 -0.781537 -0.617044)
     C    3  Q=         1.0000 1e-30 m^2  Cq=         1.6870 MHz  eta= 0.72017

     H    4    Vxx=   -0.0561    axis=(  0.277322  0.823788 -0.494435)
     H    4    Vyy=   -0.7237    axis=( -0.440369  0.566366  0.696638)
     H    4    Vzz=    0.7797    axis=(  0.853913  0.024541  0.519836)
     H    4  Q=         1.0000 1e-30 m^2  Cq=         1.8320 MHz  eta= 0.85621

     C    5    Vxx=    0.0145    axis=( -0.238286 -0.357259  0.903098)
     C    5    Vyy=    0.8755    axis=( -0.780083  0.624321  0.041148)
     C    5    Vzz=   -0.8901    axis=( -0.578524 -0.694687 -0.427459)
     C    5  Q=         1.0000 1e-30 m^2  Cq=        -2.0913 MHz  eta= 0.96731

     H    6    Vxx=   -0.1040    axis=( -0.044412 -0.649425  0.759128)
     H    6    Vyy=   -0.5410    axis=( -0.993377  0.109311  0.035398)
     H    6    Vzz=    0.6450    axis=( -0.105969 -0.752528 -0.649978)
     H    6  Q=         1.0000 1e-30 m^2  Cq=         1.5156 MHz  eta= 0.67755

     H    7    Vxx=   -0.0574    axis=(  0.552879  0.207121  0.807109)
     H    7    Vyy=   -0.2873    axis=(  0.826628 -0.258308 -0.499963)
     H    7    Vzz=    0.3447    axis=( -0.104930 -0.943598  0.314025)
     H    7  Q=         1.0000 1e-30 m^2  Cq=         0.8099 MHz  eta= 0.66689

     C    8    Vxx=   -0.0555    axis=( -0.220096  0.045498  0.974417)
     C    8    Vyy=   -0.8854    axis=(  0.955078  0.213270  0.205770)
     C    8    Vzz=    0.9410    axis=( -0.198452  0.975933 -0.090394)
     C    8  Q=         1.0000 1e-30 m^2  Cq=         2.2109 MHz  eta= 0.88199

     H    9    Vxx=   -0.1236    axis=(  0.501570  0.544749 -0.672069)
     H    9    Vyy=   -0.4079    axis=(  0.324885  0.601387  0.729921)
     H    9    Vzz=    0.5316    axis=( -0.801797  0.584451 -0.124657)
     H    9  Q=         1.0000 1e-30 m^2  Cq=         1.2490 MHz  eta= 0.53485

     C   10    Vxx=    0.0863    axis=(  0.909263  0.248961  0.333555)
     C   10    Vyy=    0.5055    axis=( -0.354959  0.882318  0.309062)
     C   10    Vzz=   -0.5919    axis=( -0.217357 -0.399417  0.890630)
     C   10  Q=         1.0000 1e-30 m^2  Cq=        -1.3906 MHz  eta= 0.70826

     C   11    Vxx=   -0.1019    axis=( -0.423757 -0.186243  0.886422)
     C   11    Vyy=   -0.4773    axis=( -0.862672 -0.215316 -0.457642)
     C   11    Vzz=    0.5792    axis=(  0.276094 -0.958620 -0.069425)
     C   11  Q=         1.0000 1e-30 m^2  Cq=         1.3609 MHz  eta= 0.64799

     Cl  12    Vxx=    0.4791    axis=( -0.897210 -0.359856  0.255964)
     Cl  12    Vyy=    1.9144    axis=(  0.119008 -0.755210 -0.644589)
     Cl  12    Vzz=   -2.3935    axis=(  0.425266 -0.547870  0.720408)
     Cl  12  Q=        -8.1650 1e-30 m^2  Cq=        45.9184 MHz  eta= 0.59966

     H   13    Vxx=   -0.0637    axis=( -0.579575  0.146542 -0.801635)
     H   13    Vyy=   -0.7252    axis=( -0.795530 -0.315046  0.517569)
     H   13    Vzz=    0.7889    axis=( -0.176706  0.937695  0.299171)
     H   13  Q=         1.0000 1e-30 m^2  Cq=         1.8537 MHz  eta= 0.83852

     C   14    Vxx=    0.0307    axis=( -0.191836 -0.071153  0.978844)
     C   14    Vyy=    0.6063    axis=( -0.133639 -0.986185 -0.097878)
     C   14    Vzz=   -0.6370    axis=(  0.972286 -0.149588  0.179676)
     C   14  Q=         1.0000 1e-30 m^2  Cq=        -1.4967 MHz  eta= 0.90362

     H   15    Vxx=   -0.0368    axis=(  0.620736 -0.738081 -0.264430)
     H   15    Vyy=   -0.7983    axis=(  0.234447  0.496586 -0.835726)
     H   15    Vzz=    0.8351    axis=(  0.748146  0.456770  0.481289)
     H   15  Q=         1.0000 1e-30 m^2  Cq=         1.9622 MHz  eta= 0.91176

     C   16    Vxx=   -0.0083    axis=(  0.562817  0.767006 -0.308123)
     C   16    Vyy=   -0.2104    axis=(  0.135007 -0.453062 -0.881197)
     C   16    Vzz=    0.2187    axis=( -0.815482  0.454354 -0.358542)
     C   16  Q=         1.0000 1e-30 m^2  Cq=         0.5138 MHz  eta= 0.92439

     C   17    Vxx=    0.0471    axis=(  0.060472  0.914457  0.400139)
     C   17    Vyy=    0.3037    axis=( -0.179748  0.404295 -0.896792)
     C   17    Vzz=   -0.3508    axis=( -0.981852 -0.017694  0.188820)
     C   17  Q=         1.0000 1e-30 m^2  Cq=        -0.8242 MHz  eta= 0.73123

     Cl  18    Vxx=   -2.2077    axis=(  0.447531  0.891023  0.076123)
     Cl  18    Vyy=   -2.7177    axis=(  0.048559  0.060785 -0.996969)
     Cl  18    Vzz=    4.9254    axis=( -0.892949  0.449871 -0.016064)
     Cl  18  Q=        -8.1650 1e-30 m^2  Cq=       -94.4908 MHz  eta= 0.10356

     H   19    Vxx=   -0.0603    axis=(  0.960827  0.190471  0.201327)
     H   19    Vyy=   -0.3509    axis=( -0.260118  0.870471  0.417874)
     H   19    Vzz=    0.4111    axis=( -0.095657 -0.453874  0.885917)
     H   19  Q=         1.0000 1e-30 m^2  Cq=         0.9660 MHz  eta= 0.70678

     C   20    Vxx=    0.0156    axis=(  0.983058 -0.113087  0.144252)
     C   20    Vyy=    0.4132    axis=(  0.050608  0.923858  0.379375)
     C   20    Vzz=   -0.4288    axis=( -0.176171 -0.365647  0.913929)
     C   20  Q=         1.0000 1e-30 m^2  Cq=        -1.0075 MHz  eta= 0.92714

     H   21    Vxx=    0.0012    axis=( -0.447817 -0.524535  0.724101)
     H   21    Vyy=    0.6531    axis=(  0.848373  0.006470  0.529360)
     H   21    Vzz=   -0.6543    axis=(  0.282352 -0.851364 -0.442104)
     H   21  Q=         1.0000 1e-30 m^2  Cq=        -1.5374 MHz  eta= 0.99623

     C   22    Vxx=   -0.0680    axis=( -0.253384 -0.035274  0.966722)
     C   22    Vyy=   -0.7885    axis=(  0.946346  0.198153  0.255274)
     C   22    Vzz=    0.8565    axis=( -0.200563  0.979536 -0.016827)
     C   22  Q=         1.0000 1e-30 m^2  Cq=         2.0125 MHz  eta= 0.84111

     C   23    Vxx=    0.1476    axis=(  0.980006  0.063247  0.188650)
     C   23    Vyy=    0.4577    axis=( -0.106801  0.967179  0.230561)
     C   23    Vzz=   -0.6053    axis=( -0.167876 -0.246099  0.954596)
     C   23  Q=         1.0000 1e-30 m^2  Cq=        -1.4221 MHz  eta= 0.51232

     Cl  24    Vxx=    0.8583    axis=( -0.678819  0.412528 -0.607475)
     Cl  24    Vyy=    1.6356    axis=( -0.626951 -0.756283  0.187000)
     Cl  24    Vzz=   -2.4939    axis=( -0.382280  0.507796  0.772014)
     Cl  24  Q=        -8.1650 1e-30 m^2  Cq=        47.8433 MHz  eta= 0.31169

     Initialization:
     gipaw_setup  :      9.41s CPU     11.14s WALL (       1 calls)

     Linear response

     Apply operators

     Induced current

     Other routines
     efg          :      9.21s CPU     11.78s WALL (       1 calls)

     General routines
     calbec       :      3.28s CPU      4.56s WALL (      16 calls)
     fft          :      1.76s CPU      2.65s WALL (      15 calls)
     ffts         :      0.03s CPU      0.04s WALL (       2 calls)
     fftw         :      3.19s CPU      3.89s WALL (     672 calls)
     davcio       :      0.02s CPU      0.33s WALL (      32 calls)

     Parallel routines
     fft_scatter  :      2.27s CPU      3.70s WALL (     689 calls)

     Plugins

     GIPAW        :     60.95s CPU     71.95s WALL (       1 calls)
