
     Program QE v.6.0 (svn rev. 13079) starts on 14Dec2016 at 19:42:41 

     This program is part of the open-source Quantum ESPRESSO suite
     for quantum simulation of materials; please cite
         "P. Giannozzi et al., J. Phys.:Condens. Matter 21 395502 (2009);
          URL http://www.quantum-espresso.org", 
     in publications or presentations arising from this work. More details at
     http://www.quantum-espresso.org/quote

     Parallel version (MPI), running on     8 processors
     R & G space division:  proc/nbgrp/npool/nimage =       8

     ***** This is GIPAW svn revision unknown      *****

     Parallelizing q-star over 1 images

     Reading data from directory:
     /users/majewski/paradichlorobenzene/pbe/9_constraint/scratch/pbe.ecut100.np8.dt60.pcl2phi-129368.save
     Message from routine read_xml_file:
     file /users/majewski/paradichlorobenzene/pbe/9_constraint/scratch/pbe.ecut100.np8.dt60.pcl2phi-129368.save not guaranteed to be safe for post-processing

   Info: using nr1, nr2, nr3 values from input

   Info: using nr1, nr2, nr3 values from input

     IMPORTANT: XC functional enforced from input :
     Exchange-correlation      =  SLA  PW   PBX  PBC ( 1  4  3  4 0 0)
     Any further DFT definition will be discarded
     Please, verify this is what you really want

               file C.pbe-n-kjpaw_psl.1.0.0.UPF: wavefunction(s)  2S 2P renormalized
               file Cl.pbe-n-kjpaw_psl.1.0.0.UPF: wavefunction(s)  3S 3P renormalized
               file H.pbe-kjpaw_psl.1.0.0.UPF: wavefunction(s)  1S renormalized

     Parallelization info
     --------------------
     sticks:   dense  smooth     PW     G-vecs:    dense   smooth      PW
     Min        3057    1223    332               144436    36536    5170
     Max        3059    1225    333               144437    36537    5171
     Sum       24467    9791   2657              1155489   292295   41363


     Subspace diagonalization in iterative solution of the eigenvalue problem:
     a serial algorithm will be used

     GIPAW projectors -----------------------------------------------
     atom=  C    l=0  rc=    1.2000  rs=    0.8000
     atom=  C    l=0  rc=    1.2000  rs=    0.8000
     atom=  C    l=1  rc=    1.4000  rs=    0.9333
     atom=  C    l=1  rc=    1.4000  rs=    0.9333
     projs nearly linearly dependent: l=1  n1,n2= 1, 2  s=  0.99951561

     atom=  Cl   l=0  rc=    1.6000  rs=    1.0667
     atom=  Cl   l=0  rc=    1.6000  rs=    1.0667
     atom=  Cl   l=1  rc=    1.6000  rs=    1.0667
     atom=  Cl   l=1  rc=    1.6000  rs=    1.0667
     atom=  Cl   l=2  rc=    1.6000  rs=    1.0667
     atom=  Cl   l=2  rc=    1.6000  rs=    1.0667
     projs nearly linearly dependent: l=2  n1,n2= 1, 2  s=  0.99993509

     atom=  H    l=0  rc=    1.0000  rs=    0.6667
     atom=  H    l=0  rc=    1.0000  rs=    0.6667
     projs nearly linearly dependent: l=0  n1,n2= 1, 2  s=  0.99968852
     -----------------------------------------------------------------

     GIPAW integrals: -------------------------------------------
     Atom  i/j   nmr_para   nmr_dia   epr_rmc  epr_para   epr_dia
       C   1 1   0.83E+03  0.17E-01  0.93E+01  0.24E+08  0.24E+03
       C   2 1   0.86E+03 -0.61E-01  0.94E+01  0.25E+08  0.25E+03
       C   2 2   0.90E+03 -0.15E+00  0.97E+01  0.26E+08  0.26E+03
       C   3 3   0.33E+01  0.34E+00  0.18E+01  0.55E+03  0.21E+02
       C   4 3   0.35E+01  0.37E+00  0.20E+01  0.59E+03  0.22E+02
       C   4 4   0.38E+01  0.39E+00  0.22E+01  0.63E+03  0.24E+02
       Cl  1 1   0.14E+04 -0.47E+00  0.84E+01  0.32E+09  0.42E+03
       Cl  2 1   0.21E+04 -0.37E+00  0.12E+02  0.49E+09  0.65E+03
       Cl  2 2   0.33E+04 -0.16E+00  0.21E+02  0.76E+09  0.10E+04
       Cl  3 3   0.21E+02  0.79E-01  0.89E+01  0.23E+05  0.13E+03
       Cl  4 3   0.24E+02  0.67E-01  0.99E+01  0.27E+05  0.15E+03
       Cl  4 4   0.28E+02  0.44E-01  0.11E+02  0.32E+05  0.18E+03
       Cl  5 5   0.77E+00  0.19E+00  0.18E+01  0.12E+03  0.22E+02
       Cl  6 5   0.80E+00  0.19E+00  0.19E+01  0.12E+03  0.23E+02
       Cl  6 6   0.83E+00  0.20E+00  0.19E+01  0.12E+03  0.23E+02
       H   1 1   0.39E+02  0.19E+00  0.29E+00  0.78E+05  0.13E+02
       H   2 1   0.41E+02  0.21E+00  0.32E+00  0.82E+05  0.14E+02
       H   2 2   0.43E+02  0.22E+00  0.36E+00  0.86E+05  0.15E+02
     ------------------------------------------------------------

     alpha_pv=     33.8263 eV

     Number of occupied bands for each k-point:
     k-point:     1    nbnd_occ=  42
     k-point:     2    nbnd_occ=  42
     k-point:     3    nbnd_occ=  42
     k-point:     4    nbnd_occ=  42
     k-point:     5    nbnd_occ=  42
     k-point:     6    nbnd_occ=  42
     k-point:     7    nbnd_occ=  42
     k-point:     8    nbnd_occ=  42
     k-point:     9    nbnd_occ=  42
     k-point:    10    nbnd_occ=  42
     k-point:    11    nbnd_occ=  42
     k-point:    12    nbnd_occ=  42
     k-point:    13    nbnd_occ=  42
     k-point:    14    nbnd_occ=  42
     k-point:    15    nbnd_occ=  42
     k-point:    16    nbnd_occ=  42


     q-space interpolation up to   110.00 Rydberg

     GIPAW job: efg                                                                             


     ELECTRIC FIELD GRADIENTS TENSORS IN Hartree/bohrradius^2:

     ----- bare term -----
     Cl   1        0.000009       -0.021814       -0.021768
     Cl   1       -0.021814        0.005123       -0.002153
     Cl   1       -0.021768       -0.002153       -0.005132

     C    2       -0.189183        0.112858       -0.333909
     C    2        0.112858       -0.135283       -0.489298
     C    2       -0.333909       -0.489298        0.324465

     C    3       -0.205175        0.242275       -0.280405
     C    3        0.242275       -0.200859       -0.504376
     C    3       -0.280405       -0.504376        0.406034

     H    4       -0.476957       -0.261102       -0.447634
     H    4       -0.261102        0.300229       -0.192089
     H    4       -0.447634       -0.192089        0.176728

     C    5       -0.335634        0.171627       -0.368725
     C    5        0.171627       -0.073522       -0.424452
     C    5       -0.368725       -0.424452        0.409155

     H    6        0.342161       -0.141017       -0.088549
     H    6       -0.141017       -0.469833       -0.506056
     H    6       -0.088549       -0.506056        0.127672

     H    7        0.367635        0.045315       -0.039095
     H    7        0.045315       -0.497584        0.504936
     H    7       -0.039095        0.504936        0.129949

     C    8       -0.392533       -0.238466       -0.357209
     C    8       -0.238466       -0.055416        0.389548
     C    8       -0.357209        0.389548        0.447949

     H    9       -0.434108        0.152968       -0.510341
     H    9        0.152968        0.312182        0.164871
     H    9       -0.510341        0.164871        0.121926

     C   10       -0.209985       -0.345876       -0.230226
     C   10       -0.345876       -0.232373        0.478452
     C   10       -0.230226        0.478452        0.442358

     C   11       -0.200114       -0.091313       -0.360932
     C   11       -0.091313       -0.118525        0.486733
     C   11       -0.360932        0.486733        0.318639

     Cl  12        0.004049        0.024749       -0.023975
     Cl  12        0.024749        0.004234        0.005005
     Cl  12       -0.023975        0.005005       -0.008283

     H   13        0.369723       -0.059680       -0.052063
     H   13       -0.059680       -0.437730       -0.531514
     H   13       -0.052063       -0.531514        0.068007

     C   14       -0.406184        0.295469       -0.318936
     C   14        0.295469       -0.048336       -0.376294
     C   14       -0.318936       -0.376294        0.454520

     H   15       -0.373325       -0.102355       -0.545198
     H   15       -0.102355        0.310127       -0.110438
     H   15       -0.545198       -0.110438        0.063199

     C   16       -0.206574        0.289155       -0.260515
     C   16        0.289155       -0.215362       -0.498342
     C   16       -0.260515       -0.498342        0.421936

     C   17       -0.166648        0.089448       -0.337433
     C   17        0.089448       -0.147531       -0.505919
     C   17       -0.337433       -0.505919        0.314179

     Cl  18       -0.011468       -0.001598       -0.022053
     Cl  18       -0.001598        0.003234       -0.007763
     Cl  18       -0.022053       -0.007763        0.008234

     H   19        0.338324       -0.012746        0.000927
     H   19       -0.012746       -0.442709        0.526378
     H   19        0.000927        0.526378        0.104385

     C   20       -0.417992       -0.276634       -0.346802
     C   20       -0.276634       -0.036076        0.368521
     C   20       -0.346802        0.368521        0.454068

     H   21       -0.334982       -0.000879       -0.554801
     H   21       -0.000879        0.244675        0.034642
     H   21       -0.554801        0.034642        0.090307

     C   22       -0.301618       -0.312649       -0.282795
     C   22       -0.312649       -0.137302        0.431168
     C   22       -0.282795        0.431168        0.438920

     C   23       -0.212869       -0.080235       -0.357623
     C   23       -0.080235       -0.107117        0.485644
     C   23       -0.357623        0.485644        0.319986

     Cl  24       -0.000924        0.017790       -0.023144
     Cl  24        0.017790        0.005494        0.006395
     Cl  24       -0.023144        0.006395       -0.004571

     ----- ionic term -----
     Cl   1        0.135037       -0.220961        0.005544
     Cl   1       -0.220961        0.017921        0.003681
     Cl   1        0.005544        0.003681       -0.152958

     C    2        0.206369       -0.206865        0.252386
     C    2       -0.206865        0.111727        0.387062
     C    2        0.252386        0.387062       -0.318096

     C    3        0.137995       -0.192729        0.185624
     C    3       -0.192729        0.170356        0.393725
     C    3        0.185624        0.393725       -0.308351

     H    4        0.612334        0.353350        0.636529
     H    4        0.353350       -0.401732        0.262546
     H    4        0.636529        0.262546       -0.210603

     C    5        0.276831       -0.118369        0.290631
     C    5       -0.118369        0.037225        0.307055
     C    5        0.290631        0.307055       -0.314056

     H    6       -0.496507        0.160715        0.106596
     H    6        0.160715        0.638711        0.701046
     H    6        0.106596        0.701046       -0.142204

     H    7       -0.515795       -0.058087        0.048687
     H    7       -0.058087        0.664013       -0.712056
     H    7        0.048687       -0.712056       -0.148218

     C    8        0.326261        0.214034        0.276643
     C    8        0.214034        0.051325       -0.298160
     C    8        0.276643       -0.298160       -0.377586

     H    9        0.628212       -0.238451        0.686039
     H    9       -0.238451       -0.457383       -0.216337
     H    9        0.686039       -0.216337       -0.170829

     C   10        0.181894        0.293099        0.193067
     C   10        0.293099        0.178733       -0.360668
     C   10        0.193067       -0.360668       -0.360628

     C   11        0.228984        0.199951        0.270853
     C   11        0.199951        0.097822       -0.380379
     C   11        0.270853       -0.380379       -0.326806

     Cl  12        0.147780        0.214585        0.005129
     Cl  12        0.214585        0.001639       -0.004132
     Cl  12        0.005129       -0.004132       -0.149418

     H   13       -0.512979        0.047900        0.045948
     H   13        0.047900        0.657292        0.710642
     H   13        0.045948        0.710642       -0.144312

     C   14        0.314508       -0.247408        0.245110
     C   14       -0.247408        0.042675        0.293901
     C   14        0.245110        0.293901       -0.357183

     H   15        0.573280        0.214470        0.722859
     H   15        0.214470       -0.474432        0.218916
     H   15        0.722859        0.218916       -0.098848

     C   16        0.163781       -0.293521        0.186733
     C   16       -0.293521        0.170319        0.395096
     C   16        0.186733        0.395096       -0.334100

     C   17        0.196744       -0.180461        0.261760
     C   17       -0.180461        0.125181        0.423074
     C   17        0.261760        0.423074       -0.321925

     Cl  18        0.144173       -0.224154        0.005036
     Cl  18       -0.224154        0.009585        0.004627
     Cl  18        0.005036        0.004627       -0.153759

     H   19       -0.512780        0.016389        0.009406
     H   19        0.016389        0.646653       -0.719236
     H   19        0.009406       -0.719236       -0.133873

     C   20        0.338874        0.255543        0.277504
     C   20        0.255543        0.018817       -0.290408
     C   20        0.277504       -0.290408       -0.357691

     H   21        0.607047       -0.101992        0.724874
     H   21       -0.101992       -0.501985       -0.146315
     H   21        0.724874       -0.146315       -0.105062

     C   22        0.228573        0.321590        0.210793
     C   22        0.321590        0.104105       -0.320286
     C   22        0.210793       -0.320286       -0.332678

     C   23        0.257118        0.179675        0.279080
     C   23        0.179675        0.070905       -0.368262
     C   23        0.279080       -0.368262       -0.328023

     Cl  24        0.139366        0.219045        0.013102
     Cl  24        0.219045        0.012131        0.000949
     Cl  24        0.013102        0.000949       -0.151498

     ----- GIPAW term -----
     Cl   1        1.437568       -2.449357       -0.174299
     Cl   1       -2.449357        0.149160       -0.025850
     Cl   1       -0.174299       -0.025850       -1.586729

     C    2        0.057203       -0.119579       -0.064211
     C    2       -0.119579       -0.017248       -0.076180
     C    2       -0.064211       -0.076180       -0.039955

     C    3       -0.052916        0.022091       -0.068349
     C    3        0.022091       -0.015516       -0.084782
     C    3       -0.068349       -0.084782        0.068432

     H    4       -0.000000        0.000000        0.000000
     H    4        0.000000        0.000000        0.000000
     H    4        0.000000        0.000000        0.000000

     C    5       -0.031956        0.017290       -0.060678
     C    5        0.017290       -0.031262       -0.091520
     C    5       -0.060678       -0.091520        0.063217

     H    6       -0.000000        0.000000        0.000000
     H    6        0.000000        0.000000        0.000000
     H    6        0.000000        0.000000        0.000000

     H    7       -0.000000        0.000000        0.000000
     H    7        0.000000        0.000000        0.000000
     H    7        0.000000        0.000000        0.000000

     C    8       -0.050567       -0.039798       -0.056236
     C    8       -0.039798       -0.026223        0.080282
     C    8       -0.056236        0.080282        0.076789

     H    9       -0.000000        0.000000        0.000000
     H    9        0.000000        0.000000        0.000000
     H    9        0.000000        0.000000        0.000000

     C   10       -0.047248       -0.048458       -0.051667
     C   10       -0.048458       -0.025974        0.075036
     C   10       -0.051667        0.075036        0.073222

     C   11        0.044118        0.122782       -0.067033
     C   11        0.122782       -0.004351        0.081935
     C   11       -0.067033        0.081935       -0.039767

     Cl  12        1.479125        2.467159       -0.189791
     Cl  12        2.467159        0.127519        0.045935
     Cl  12       -0.189791        0.045935       -1.606644

     H   13       -0.000000        0.000000        0.000000
     H   13        0.000000        0.000000        0.000000
     H   13        0.000000        0.000000        0.000000

     C   14       -0.055224        0.045732       -0.043474
     C   14        0.045732       -0.017867       -0.079426
     C   14       -0.043474       -0.079426        0.073092

     H   15       -0.000000        0.000000        0.000000
     H   15        0.000000        0.000000        0.000000
     H   15        0.000000        0.000000        0.000000

     C   16       -0.055120        0.036243       -0.063007
     C   16        0.036243       -0.018110       -0.081094
     C   16       -0.063007       -0.081094        0.073231

     C   17        0.059464       -0.122849       -0.061436
     C   17       -0.122849       -0.018359       -0.080658
     C   17       -0.061436       -0.080658       -0.041104

     Cl  18        1.401660       -2.371973       -0.181467
     Cl  18       -2.371973        0.131750       -0.061233
     Cl  18       -0.181467       -0.061233       -1.533409

     H   19       -0.000000        0.000000        0.000000
     H   19        0.000000        0.000000        0.000000
     H   19        0.000000        0.000000        0.000000

     C   20       -0.057700       -0.045869       -0.053742
     C   20       -0.045869       -0.016683        0.071232
     C   20       -0.053742        0.071232        0.074383

     H   21       -0.000000        0.000000        0.000000
     H   21        0.000000        0.000000        0.000000
     H   21        0.000000        0.000000        0.000000

     C   22       -0.085070       -0.043066       -0.068882
     C   22       -0.043066        0.006177        0.057607
     C   22       -0.068882        0.057607        0.078893

     C   23        0.045099        0.126182       -0.070264
     C   23        0.126182       -0.008029        0.074098
     C   23       -0.070264        0.074098       -0.037070

     Cl  24        1.441432        2.434328       -0.173111
     Cl  24        2.434328        0.153374        0.061846
     Cl  24       -0.173111        0.061846       -1.594806

     ----- total EFG -----
     Cl   1        1.572615       -2.692131       -0.190523
     Cl   1       -2.692131        0.172203       -0.024322
     Cl   1       -0.190523       -0.024322       -1.744818

     C    2        0.074389       -0.213586       -0.145735
     C    2       -0.213586       -0.040804       -0.178416
     C    2       -0.145735       -0.178416       -0.033585

     C    3       -0.120096        0.071637       -0.163129
     C    3        0.071637       -0.046018       -0.195433
     C    3       -0.163129       -0.195433        0.166114

     H    4        0.135377        0.092248        0.188896
     H    4        0.092248       -0.101503        0.070457
     H    4        0.188896        0.070457       -0.033875

     C    5       -0.090758        0.070548       -0.138773
     C    5        0.070548       -0.067558       -0.208916
     C    5       -0.138773       -0.208916        0.158316

     H    6       -0.154345        0.019698        0.018048
     H    6        0.019698        0.168878        0.194990
     H    6        0.018048        0.194990       -0.014533

     H    7       -0.148161       -0.012772        0.009592
     H    7       -0.012772        0.166429       -0.207120
     H    7        0.009592       -0.207120       -0.018269

     C    8       -0.116839       -0.064229       -0.136802
     C    8       -0.064229       -0.030314        0.171669
     C    8       -0.136802        0.171669        0.147153

     H    9        0.194105       -0.085483        0.175698
     H    9       -0.085483       -0.145201       -0.051465
     H    9        0.175698       -0.051465       -0.048903

     C   10       -0.075339       -0.101235       -0.088826
     C   10       -0.101235       -0.079614        0.192820
     C   10       -0.088826        0.192820        0.154952

     C   11        0.072988        0.231420       -0.157112
     C   11        0.231420       -0.025053        0.188289
     C   11       -0.157112        0.188289       -0.047934

     Cl  12        1.630953        2.706493       -0.208637
     Cl  12        2.706493        0.133392        0.046808
     Cl  12       -0.208637        0.046808       -1.764345

     H   13       -0.143257       -0.011780       -0.006115
     H   13       -0.011780        0.219562        0.179129
     H   13       -0.006115        0.179129       -0.076305

     C   14       -0.146900        0.093793       -0.117300
     C   14        0.093793       -0.023528       -0.161818
     C   14       -0.117300       -0.161818        0.170429

     H   15        0.199954        0.112115        0.177661
     H   15        0.112115       -0.164305        0.108478
     H   15        0.177661        0.108478       -0.035649

     C   16       -0.097913        0.031877       -0.136789
     C   16        0.031877       -0.063153       -0.184340
     C   16       -0.136789       -0.184340        0.161067

     C   17        0.089560       -0.213862       -0.137109
     C   17       -0.213862       -0.040709       -0.163503
     C   17       -0.137109       -0.163503       -0.048851

     Cl  18        1.534365       -2.597724       -0.198483
     Cl  18       -2.597724        0.144569       -0.064370
     Cl  18       -0.198483       -0.064370       -1.678934

     H   19       -0.174455        0.003643        0.010334
     H   19        0.003643        0.203943       -0.192859
     H   19        0.010334       -0.192859       -0.029488

     C   20       -0.136818       -0.066960       -0.123041
     C   20       -0.066960       -0.033942        0.149345
     C   20       -0.123041        0.149345        0.170760

     H   21        0.272065       -0.102870        0.170074
     H   21       -0.102870       -0.257310       -0.111673
     H   21        0.170074       -0.111673       -0.014755

     C   22       -0.158115       -0.034125       -0.140884
     C   22       -0.034125       -0.027020        0.168490
     C   22       -0.140884        0.168490        0.185135

     C   23        0.089348        0.225622       -0.148808
     C   23        0.225622       -0.044241        0.191480
     C   23       -0.148808        0.191480       -0.045106

     Cl  24        1.579874        2.671163       -0.183154
     Cl  24        2.671163        0.170999        0.069189
     Cl  24       -0.183154        0.069189       -1.750874

     ----- total EFG (symmetrized) -----
     Cl   1        1.572615       -2.692131       -0.190523
     Cl   1       -2.692131        0.172203       -0.024322
     Cl   1       -0.190523       -0.024322       -1.744818

     C    2        0.074389       -0.213586       -0.145735
     C    2       -0.213586       -0.040804       -0.178416
     C    2       -0.145735       -0.178416       -0.033585

     C    3       -0.120096        0.071637       -0.163129
     C    3        0.071637       -0.046018       -0.195433
     C    3       -0.163129       -0.195433        0.166114

     H    4        0.135377        0.092248        0.188896
     H    4        0.092248       -0.101503        0.070457
     H    4        0.188896        0.070457       -0.033875

     C    5       -0.090758        0.070548       -0.138773
     C    5        0.070548       -0.067558       -0.208916
     C    5       -0.138773       -0.208916        0.158316

     H    6       -0.154345        0.019698        0.018048
     H    6        0.019698        0.168878        0.194990
     H    6        0.018048        0.194990       -0.014533

     H    7       -0.148161       -0.012772        0.009592
     H    7       -0.012772        0.166429       -0.207120
     H    7        0.009592       -0.207120       -0.018269

     C    8       -0.116839       -0.064229       -0.136802
     C    8       -0.064229       -0.030314        0.171669
     C    8       -0.136802        0.171669        0.147153

     H    9        0.194105       -0.085483        0.175698
     H    9       -0.085483       -0.145201       -0.051465
     H    9        0.175698       -0.051465       -0.048903

     C   10       -0.075339       -0.101235       -0.088826
     C   10       -0.101235       -0.079614        0.192820
     C   10       -0.088826        0.192820        0.154952

     C   11        0.072988        0.231420       -0.157112
     C   11        0.231420       -0.025053        0.188289
     C   11       -0.157112        0.188289       -0.047934

     Cl  12        1.630953        2.706493       -0.208637
     Cl  12        2.706493        0.133392        0.046808
     Cl  12       -0.208637        0.046808       -1.764345

     H   13       -0.143257       -0.011780       -0.006115
     H   13       -0.011780        0.219562        0.179129
     H   13       -0.006115        0.179129       -0.076305

     C   14       -0.146900        0.093793       -0.117300
     C   14        0.093793       -0.023528       -0.161818
     C   14       -0.117300       -0.161818        0.170429

     H   15        0.199954        0.112115        0.177661
     H   15        0.112115       -0.164305        0.108478
     H   15        0.177661        0.108478       -0.035649

     C   16       -0.097913        0.031877       -0.136789
     C   16        0.031877       -0.063153       -0.184340
     C   16       -0.136789       -0.184340        0.161067

     C   17        0.089560       -0.213862       -0.137109
     C   17       -0.213862       -0.040709       -0.163503
     C   17       -0.137109       -0.163503       -0.048851

     Cl  18        1.534365       -2.597724       -0.198483
     Cl  18       -2.597724        0.144569       -0.064370
     Cl  18       -0.198483       -0.064370       -1.678934

     H   19       -0.174455        0.003643        0.010334
     H   19        0.003643        0.203943       -0.192859
     H   19        0.010334       -0.192859       -0.029488

     C   20       -0.136818       -0.066960       -0.123041
     C   20       -0.066960       -0.033942        0.149345
     C   20       -0.123041        0.149345        0.170760

     H   21        0.272065       -0.102870        0.170074
     H   21       -0.102870       -0.257310       -0.111673
     H   21        0.170074       -0.111673       -0.014755

     C   22       -0.158115       -0.034125       -0.140884
     C   22       -0.034125       -0.027020        0.168490
     C   22       -0.140884        0.168490        0.185135

     C   23        0.089348        0.225622       -0.148808
     C   23        0.225622       -0.044241        0.191480
     C   23       -0.148808        0.191480       -0.045106

     Cl  24        1.579874        2.671163       -0.183154
     Cl  24        2.671163        0.170999        0.069189
     Cl  24       -0.183154        0.069189       -1.750874


     NQR/NMR SPECTROSCOPIC PARAMETERS:
     Cl   1    Vxx=   -1.6709    axis=( -0.285154 -0.405039  0.868695)
     Cl   1    Vyy=   -1.9866    axis=( -0.540953 -0.680172 -0.494708)
     Cl   1    Vzz=    3.6575    axis=( -0.791238  0.610991  0.025154)
     Cl   1  Q=        -8.1650 1e-30 m^2  Cq=       -70.1678 MHz  eta= 0.08630

     C    2    Vxx=    0.1263    axis=( -0.305141 -0.485049  0.819522)
     C    2    Vyy=    0.2383    axis=( -0.807637  0.587790  0.047178)
     C    2    Vzz=   -0.3646    axis=( -0.504590 -0.647480 -0.571102)
     C    2  Q=         1.0000 1e-30 m^2  Cq=        -0.8567 MHz  eta= 0.30736

     C    3    Vxx=   -0.1508    axis=(  0.457998 -0.842445 -0.283769)
     C    3    Vyy=   -0.1984    axis=(  0.815784  0.271487  0.510677)
     C    3    Vzz=    0.3492    axis=( -0.353178 -0.465383  0.811594)
     C    3  Q=         1.0000 1e-30 m^2  Cq=         0.8204 MHz  eta= 0.13627

     H    4    Vxx=   -0.1324    axis=( -0.409419  0.901507  0.140219)
     H    4    Vyy=   -0.1594    axis=( -0.434851 -0.327933  0.838669)
     H    4    Vzz=    0.2918    axis=( -0.802048 -0.282393 -0.526283)
     H    4  Q=         1.0000 1e-30 m^2  Cq=         0.6856 MHz  eta= 0.09228

     C    5    Vxx=   -0.1448    axis=(  0.920219 -0.346153  0.182688)
     C    5    Vyy=   -0.1942    axis=(  0.193866  0.808573  0.555541)
     C    5    Vzz=    0.3390    axis=( -0.340019 -0.475803  0.811171)
     C    5  Q=         1.0000 1e-30 m^2  Cq=         0.7966 MHz  eta= 0.14552

     H    6    Vxx=   -0.1371    axis=(  0.241403 -0.532478  0.811290)
     H    6    Vyy=   -0.1571    axis=( -0.968657 -0.081781  0.234552)
     H    6    Vzz=    0.2942    axis=( -0.058546 -0.842484 -0.535531)
     H    6  Q=         1.0000 1e-30 m^2  Cq=         0.6912 MHz  eta= 0.06768

     H    7    Vxx=   -0.1484    axis=( -0.967901 -0.164342 -0.190158)
     H    7    Vyy=   -0.1530    axis=( -0.248825  0.519941  0.817158)
     H    7    Vzz=    0.3014    axis=(  0.035423 -0.838244  0.544144)
     H    7  Q=         1.0000 1e-30 m^2  Cq=         0.7082 MHz  eta= 0.01503

     C    8    Vxx=   -0.1292    axis=(  0.324949  0.867013 -0.377752)
     C    8    Vyy=   -0.1760    axis=( -0.884119  0.136683 -0.446823)
     C    8    Vzz=    0.3052    axis=( -0.335769  0.479172  0.810958)
     C    8  Q=         1.0000 1e-30 m^2  Cq=         0.7172 MHz  eta= 0.15354

     H    9    Vxx=   -0.1398    axis=( -0.495943 -0.200889  0.844799)
     H    9    Vyy=   -0.1683    axis=( -0.089725 -0.955809 -0.279960)
     H    9    Vzz=    0.3081    axis=(  0.863707 -0.214644  0.456002)
     H    9  Q=         1.0000 1e-30 m^2  Cq=         0.7239 MHz  eta= 0.09247

     C   10    Vxx=   -0.0978    axis=(  0.854483 -0.222069  0.469620)
     C   10    Vyy=   -0.2083    axis=( -0.410085 -0.843299  0.347386)
     C   10    Vzz=    0.3061    axis=( -0.318887  0.489420  0.811652)
     C   10  Q=         1.0000 1e-30 m^2  Cq=         0.7193 MHz  eta= 0.36073

     C   11    Vxx=    0.1283    axis=( -0.350745  0.467143  0.811637)
     C   11    Vyy=    0.2606    axis=( -0.783066 -0.621636  0.019388)
     C   11    Vzz=   -0.3889    axis=(  0.513600 -0.628765  0.583840)
     C   11  Q=         1.0000 1e-30 m^2  Cq=        -0.9138 MHz  eta= 0.34006

     Cl  12    Vxx=   -1.6653    axis=(  0.304416 -0.436028 -0.846883)
     Cl  12    Vyy=   -2.0286    axis=( -0.523168  0.666440 -0.531181)
     Cl  12    Vzz=    3.6938    axis=(  0.796007  0.604762 -0.025241)
     Cl  12  Q=        -8.1650 1e-30 m^2  Cq=       -70.8639 MHz  eta= 0.09836

     H   13    Vxx=   -0.1436    axis=( -0.999112 -0.039561  0.014506)
     H   13    Vyy=   -0.1607    axis=(  0.029970 -0.425195  0.904605)
     H   13    Vzz=    0.3043    axis=(  0.029619 -0.904237 -0.426003)
     H   13  Q=         1.0000 1e-30 m^2  Cq=         0.7151 MHz  eta= 0.05609

     C   14    Vxx=   -0.1094    axis=(  0.237677  0.794328  0.559063)
     C   14    Vyy=   -0.2010    axis=( -0.920794  0.367502 -0.130693)
     C   14    Vzz=    0.3103    axis=( -0.309270 -0.483719  0.818760)
     C   14  Q=         1.0000 1e-30 m^2  Cq=         0.7292 MHz  eta= 0.29525

     H   15    Vxx=   -0.1139    axis=( -0.554320  0.370573  0.745255)
     H   15    Vyy=   -0.2265    axis=( -0.037599  0.883349 -0.467206)
     H   15    Vzz=    0.3403    axis=( -0.831454 -0.287002 -0.475724)
     H   15  Q=         1.0000 1e-30 m^2  Cq=         0.7996 MHz  eta= 0.33087

     C   16    Vxx=   -0.1156    axis=(  0.763810 -0.643419 -0.051056)
     C   16    Vyy=   -0.1941    axis=(  0.562645  0.624984  0.541134)
     C   16    Vzz=    0.3097    axis=( -0.316266 -0.442050  0.839385)
     C   16  Q=         1.0000 1e-30 m^2  Cq=         0.7276 MHz  eta= 0.25330

     C   17    Vxx=    0.1011    axis=( -0.286349 -0.506097  0.813554)
     C   17    Vyy=    0.2488    axis=( -0.819904  0.568772  0.065239)
     C   17    Vzz=   -0.3499    axis=( -0.495744 -0.648355 -0.577818)
     C   17  Q=         1.0000 1e-30 m^2  Cq=        -0.8222 MHz  eta= 0.42209

     Cl  18    Vxx=   -1.5743    axis=( -0.306900 -0.432059  0.848020)
     Cl  18    Vyy=   -1.9569    axis=(  0.525574  0.665902  0.529478)
     Cl  18    Vzz=    3.5312    axis=( -0.793464  0.608194  0.022713)
     Cl  18  Q=        -8.1650 1e-30 m^2  Cq=       -67.7446 MHz  eta= 0.10835

     H   19    Vxx=   -0.1352    axis=(  0.265201  0.474440  0.839390)
     H   19    Vyy=   -0.1774    axis=(  0.964185 -0.126969 -0.232864)
     H   19    Vzz=    0.3127    axis=( -0.003904  0.871083 -0.491120)
     H   19  Q=         1.0000 1e-30 m^2  Cq=         0.7346 MHz  eta= 0.13497

     C   20    Vxx=   -0.1126    axis=( -0.023928  0.880072 -0.474237)
     C   20    Vyy=   -0.1823    axis=(  0.950888  0.166474  0.260958)
     C   20    Vzz=    0.2949    axis=( -0.308610  0.444702  0.840833)
     C   20  Q=         1.0000 1e-30 m^2  Cq=         0.6929 MHz  eta= 0.23638

     H   21    Vxx=   -0.0789    axis=( -0.480543 -0.249171  0.840828)
     H   21    Vyy=   -0.3034    axis=(  0.073631  0.943938  0.321807)
     H   21    Vzz=    0.3823    axis=( -0.873875  0.216553 -0.435256)
     H   21  Q=         1.0000 1e-30 m^2  Cq=         0.8982 MHz  eta= 0.58740

     C   22    Vxx=   -0.1059    axis=(  0.344704  0.875066 -0.339762)
     C   22    Vyy=   -0.2135    axis=( -0.895114  0.197384 -0.399764)
     C   22    Vzz=    0.3194    axis=( -0.282756  0.441926  0.851323)
     C   22  Q=         1.0000 1e-30 m^2  Cq=         0.7504 MHz  eta= 0.33698

     C   23    Vxx=    0.1275    axis=( -0.323859  0.482131  0.814042)
     C   23    Vyy=    0.2580    axis=( -0.808898 -0.587371  0.026068)
     C   23    Vzz=   -0.3855    axis=(  0.490713 -0.650035  0.580220)
     C   23  Q=         1.0000 1e-30 m^2  Cq=        -0.9057 MHz  eta= 0.33847

     Cl  24    Vxx=   -1.6404    axis=(  0.328744 -0.453136 -0.828611)
     Cl  24    Vyy=   -1.9995    axis=(  0.513906 -0.650277  0.559500)
     Cl  24    Vzz=    3.6399    axis=( -0.792356 -0.609760  0.019095)
     Cl  24  Q=        -8.1650 1e-30 m^2  Cq=       -69.8295 MHz  eta= 0.09867

     Initialization:
     gipaw_setup  :      9.06s CPU     11.07s WALL (       1 calls)

     Linear response

     Apply operators

     Induced current

     Other routines
     efg          :      9.19s CPU     11.31s WALL (       1 calls)

     General routines
     calbec       :      3.09s CPU      3.95s WALL (      16 calls)
     fft          :      1.59s CPU      2.46s WALL (      15 calls)
     ffts         :      0.04s CPU      0.06s WALL (       2 calls)
     fftw         :      3.34s CPU      4.05s WALL (     672 calls)
     davcio       :      0.04s CPU      0.39s WALL (      32 calls)

     Parallel routines
     fft_scatter  :      2.24s CPU      3.57s WALL (     689 calls)

     Plugins

     GIPAW        :     60.31s CPU     70.47s WALL (       1 calls)
