
     Program QE v.6.0 (svn rev. 13079) starts on 15Jan2017 at 19:26:13 

     This program is part of the open-source Quantum ESPRESSO suite
     for quantum simulation of materials; please cite
         "P. Giannozzi et al., J. Phys.:Condens. Matter 21 395502 (2009);
          URL http://www.quantum-espresso.org", 
     in publications or presentations arising from this work. More details at
     http://www.quantum-espresso.org/quote

     Parallel version (MPI), running on     8 processors
     R & G space division:  proc/nbgrp/npool/nimage =       8

     ***** This is GIPAW svn revision unknown      *****

     Parallelizing q-star over 1 images

     Reading data from directory:
     /users/majewski/paradichlorobenzene/pbe/9_constraint/scratch/pbe.ecut100.np8.dt60.pcl2phi-129368.save
     Message from routine read_xml_file:
     file /users/majewski/paradichlorobenzene/pbe/9_constraint/scratch/pbe.ecut100.np8.dt60.pcl2phi-129368.save not guaranteed to be safe for post-processing

   Info: using nr1, nr2, nr3 values from input

   Info: using nr1, nr2, nr3 values from input

     IMPORTANT: XC functional enforced from input :
     Exchange-correlation      =  SLA  PW   PBX  PBC ( 1  4  3  4 0 0)
     Any further DFT definition will be discarded
     Please, verify this is what you really want

               file C.pbe-n-kjpaw_psl.1.0.0.UPF: wavefunction(s)  2S 2P renormalized
               file Cl.pbe-n-kjpaw_psl.1.0.0.UPF: wavefunction(s)  3S 3P renormalized
               file H.pbe-kjpaw_psl.1.0.0.UPF: wavefunction(s)  1S renormalized

     Parallelization info
     --------------------
     sticks:   dense  smooth     PW     G-vecs:    dense   smooth      PW
     Min        3057    1223    332               144436    36536    5170
     Max        3059    1225    333               144437    36537    5171
     Sum       24467    9791   2657              1155489   292295   41363


     Subspace diagonalization in iterative solution of the eigenvalue problem:
     a serial algorithm will be used

     GIPAW projectors -----------------------------------------------
     atom=  C    l=0  rc=    1.2000  rs=    0.8000
     atom=  C    l=0  rc=    1.2000  rs=    0.8000
     atom=  C    l=1  rc=    1.4000  rs=    0.9333
     atom=  C    l=1  rc=    1.4000  rs=    0.9333
     projs nearly linearly dependent: l=1  n1,n2= 1, 2  s=  0.99951561

     atom=  Cl   l=0  rc=    1.6000  rs=    1.0667
     atom=  Cl   l=0  rc=    1.6000  rs=    1.0667
     atom=  Cl   l=1  rc=    1.6000  rs=    1.0667
     atom=  Cl   l=1  rc=    1.6000  rs=    1.0667
     atom=  Cl   l=2  rc=    1.6000  rs=    1.0667
     atom=  Cl   l=2  rc=    1.6000  rs=    1.0667
     projs nearly linearly dependent: l=2  n1,n2= 1, 2  s=  0.99993509

     atom=  H    l=0  rc=    1.0000  rs=    0.6667
     atom=  H    l=0  rc=    1.0000  rs=    0.6667
     projs nearly linearly dependent: l=0  n1,n2= 1, 2  s=  0.99968852
     -----------------------------------------------------------------

     GIPAW integrals: -------------------------------------------
     Atom  i/j   nmr_para   nmr_dia   epr_rmc  epr_para   epr_dia
       C   1 1   0.83E+03  0.17E-01  0.93E+01  0.24E+08  0.24E+03
       C   2 1   0.86E+03 -0.61E-01  0.94E+01  0.25E+08  0.25E+03
       C   2 2   0.90E+03 -0.15E+00  0.97E+01  0.26E+08  0.26E+03
       C   3 3   0.33E+01  0.34E+00  0.18E+01  0.55E+03  0.21E+02
       C   4 3   0.35E+01  0.37E+00  0.20E+01  0.59E+03  0.22E+02
       C   4 4   0.38E+01  0.39E+00  0.22E+01  0.63E+03  0.24E+02
       Cl  1 1   0.14E+04 -0.47E+00  0.84E+01  0.32E+09  0.42E+03
       Cl  2 1   0.21E+04 -0.37E+00  0.12E+02  0.49E+09  0.65E+03
       Cl  2 2   0.33E+04 -0.16E+00  0.21E+02  0.76E+09  0.10E+04
       Cl  3 3   0.21E+02  0.79E-01  0.89E+01  0.23E+05  0.13E+03
       Cl  4 3   0.24E+02  0.67E-01  0.99E+01  0.27E+05  0.15E+03
       Cl  4 4   0.28E+02  0.44E-01  0.11E+02  0.32E+05  0.18E+03
       Cl  5 5   0.77E+00  0.19E+00  0.18E+01  0.12E+03  0.22E+02
       Cl  6 5   0.80E+00  0.19E+00  0.19E+01  0.12E+03  0.23E+02
       Cl  6 6   0.83E+00  0.20E+00  0.19E+01  0.12E+03  0.23E+02
       H   1 1   0.39E+02  0.19E+00  0.29E+00  0.78E+05  0.13E+02
       H   2 1   0.41E+02  0.21E+00  0.32E+00  0.82E+05  0.14E+02
       H   2 2   0.43E+02  0.22E+00  0.36E+00  0.86E+05  0.15E+02
     ------------------------------------------------------------

     alpha_pv=     34.5957 eV

     Number of occupied bands for each k-point:
     k-point:     1    nbnd_occ=  42
     k-point:     2    nbnd_occ=  42
     k-point:     3    nbnd_occ=  42
     k-point:     4    nbnd_occ=  42
     k-point:     5    nbnd_occ=  42
     k-point:     6    nbnd_occ=  42
     k-point:     7    nbnd_occ=  42
     k-point:     8    nbnd_occ=  42
     k-point:     9    nbnd_occ=  42
     k-point:    10    nbnd_occ=  42
     k-point:    11    nbnd_occ=  42
     k-point:    12    nbnd_occ=  42
     k-point:    13    nbnd_occ=  42
     k-point:    14    nbnd_occ=  42
     k-point:    15    nbnd_occ=  42
     k-point:    16    nbnd_occ=  42


     q-space interpolation up to   110.00 Rydberg

     GIPAW job: efg                                                                             


     ELECTRIC FIELD GRADIENTS TENSORS IN Hartree/bohrradius^2:

     ----- bare term -----
     Cl   1       -0.021795        0.246769       -0.090026
     Cl   1        0.246769        0.121154        0.088193
     Cl   1       -0.090026        0.088193       -0.099360

     C    2       -0.102199       -0.129401       -0.210796
     C    2       -0.129401       -0.009407       -0.454175
     C    2       -0.210796       -0.454175        0.111606

     C    3       -0.164098        0.167661       -0.274107
     C    3        0.167661       -0.100869       -0.345510
     C    3       -0.274107       -0.345510        0.264966

     H    4       -0.570124       -0.383067        0.168663
     H    4       -0.383067        0.323861        0.020353
     H    4        0.168663        0.020353        0.246263

     C    5        0.071760        0.550967        0.074665
     C    5        0.550967       -0.420275       -0.377380
     C    5        0.074665       -0.377380        0.348515

     H    6       -0.075490       -0.445924       -0.138177
     H    6       -0.445924       -0.247556       -0.275216
     H    6       -0.138177       -0.275216        0.323046

     H    7        0.091434        0.081310       -0.124636
     H    7        0.081310       -0.373434        0.531393
     H    7       -0.124636        0.531393        0.282000

     C    8       -0.558165       -0.299144       -0.265336
     C    8       -0.299144        0.170091        0.159270
     C    8       -0.265336        0.159270        0.388074

     H    9       -0.129258       -0.178050       -0.526779
     H    9       -0.178050       -0.003316       -0.118592
     H    9       -0.526779       -0.118592        0.132574

     C   10        0.061591        0.219451       -0.352651
     C   10        0.219451       -0.200181        0.567779
     C   10       -0.352651        0.567779        0.138591

     C   11       -0.710094       -0.423774       -0.351048
     C   11       -0.423774        0.358925        0.136979
     C   11       -0.351048        0.136979        0.351169

     Cl  12        0.047340       -0.059583       -0.024825
     Cl  12       -0.059583        0.004999       -0.008328
     Cl  12       -0.024825       -0.008328       -0.052338

     H   13        0.343849        0.113084       -0.253309
     H   13        0.113084        0.112665       -0.146496
     H   13       -0.253309       -0.146496       -0.456514

     C   14       -0.374993        0.307714        0.049458
     C   14        0.307714        0.148654        0.058537
     C   14        0.049458        0.058537        0.226339

     H   15       -0.229472        0.305834       -0.353903
     H   15        0.305834       -0.126361       -0.175242
     H   15       -0.353903       -0.175242        0.355833

     C   16        0.277377        0.068981       -0.161814
     C   16        0.068981       -0.340203       -0.623016
     C   16       -0.161814       -0.623016        0.062826

     C   17       -0.675294        0.243573       -0.334395
     C   17        0.243573        0.263185       -0.107431
     C   17       -0.334395       -0.107431        0.412110

     Cl  18        0.328783       -0.047320       -0.243160
     Cl  18       -0.047320        0.204336       -0.477067
     Cl  18       -0.243160       -0.477067       -0.533119

     H   19        0.215708        0.461490        0.075495
     H   19        0.461490       -0.585222        0.025079
     H   19        0.075495        0.025079        0.369515

     C   20       -0.128480       -0.099756       -0.213231
     C   20       -0.099756        0.039554        0.479343
     C   20       -0.213231        0.479343        0.088926

     H   21       -0.404735        0.321892       -0.441436
     H   21        0.321892        0.210936        0.208128
     H   21       -0.441436        0.208128        0.193799

     C   22       -0.503375       -0.366881       -0.228336
     C   22       -0.366881        0.098699        0.383141
     C   22       -0.228336        0.383141        0.404677

     C   23        0.064109        0.413944       -0.517121
     C   23        0.413944       -0.145147        0.611295
     C   23       -0.517121        0.611295        0.081038

     Cl  24       -0.221769       -0.193578        0.023961
     Cl  24       -0.193578        0.078823        0.055515
     Cl  24        0.023961        0.055515        0.142946

     ----- ionic term -----
     Cl   1        0.047323       -0.200099       -0.037180
     Cl   1       -0.200099        0.092741        0.043945
     Cl   1       -0.037180        0.043945       -0.140064

     C    2        0.170852       -0.171040        0.242663
     C    2       -0.171040        0.086882        0.431384
     C    2        0.242663        0.431384       -0.257734

     C    3        0.178994       -0.160310        0.082639
     C    3       -0.160310        0.101763        0.487776
     C    3        0.082639        0.487776       -0.280757

     H    4        0.859306        0.265499        0.506776
     H    4        0.265499       -0.498835        0.180970
     H    4        0.506776        0.180970       -0.360471

     C    5        0.353221       -0.104612        0.111600
     C    5       -0.104612        0.011889        0.363114
     C    5        0.111600        0.363114       -0.365110

     H    6       -0.451281        0.334786        0.155842
     H    6        0.334786        0.652392        0.686846
     H    6        0.155842        0.686846       -0.201111

     H    7       -0.507078       -0.164463        0.080610
     H    7       -0.164463        0.713255       -0.647975
     H    7        0.080610       -0.647975       -0.206177

     C    8        0.256550        0.148787        0.279120
     C    8        0.148787        0.081904       -0.301790
     C    8        0.279120       -0.301790       -0.338454

     H    9        0.343258       -0.139996        0.786613
     H    9       -0.139996       -0.454621       -0.191678
     H    9        0.786613       -0.191678        0.111363

     C   10        0.065839        0.202098        0.219339
     C   10        0.202098        0.240397       -0.359981
     C   10        0.219339       -0.359981       -0.306236

     C   11        0.198476        0.145616        0.275776
     C   11        0.145616        0.203934       -0.346840
     C   11        0.275776       -0.346840       -0.402410

     Cl  12        0.131006        0.215334        0.009356
     Cl  12        0.215334        0.030496       -0.000739
     Cl  12        0.009356       -0.000739       -0.161502

     H   13       -0.468317        0.254260        0.243733
     H   13        0.254260        0.334262        0.800646
     H   13        0.243733        0.800646        0.134055

     C   14        0.284303       -0.175865        0.170926
     C   14       -0.175865       -0.092054        0.372746
     C   14        0.170926        0.372746       -0.192249

     H   15        0.735086        0.195799        0.629202
     H   15        0.195799       -0.512674        0.171473
     H   15        0.629202        0.171473       -0.222411

     C   16        0.129817       -0.161542        0.099167
     C   16       -0.161542        0.003299        0.514119
     C   16        0.099167        0.514119       -0.133116

     C   17        0.238312       -0.063601        0.158336
     C   17       -0.063601       -0.054054        0.491571
     C   17        0.158336        0.491571       -0.184258

     Cl  18        0.075987       -0.189326       -0.063068
     Cl  18       -0.189326        0.021210        0.046816
     Cl  18       -0.063068        0.046816       -0.097197

     H   19       -0.408843       -0.391087        0.156512
     H   19       -0.391087        0.783110       -0.493614
     H   19        0.156512       -0.493614       -0.374267

     C   20        0.269581        0.095434        0.280385
     C   20        0.095434        0.148312       -0.237534
     C   20        0.280385       -0.237534       -0.417893

     H   21        0.644478       -0.208851        0.704973
     H   21       -0.208851       -0.451609       -0.200388
     H   21        0.704973       -0.200388       -0.192869

     C   22        0.090893        0.174372        0.235682
     C   22        0.174372        0.283533       -0.367452
     C   22        0.235682       -0.367452       -0.374426

     C   23        0.209932        0.097154        0.312831
     C   23        0.097154        0.152268       -0.402447
     C   23        0.312831       -0.402447       -0.362199

     Cl  24        0.146506        0.197669       -0.003991
     Cl  24        0.197669        0.006253       -0.017792
     Cl  24       -0.003991       -0.017792       -0.152759

     ----- GIPAW term -----
     Cl   1       -0.668982       -0.562683        0.563059
     Cl   1       -0.562683       -1.049891       -0.519510
     Cl   1        0.563059       -0.519510        1.718873

     C    2       -0.052019       -0.050429       -0.031782
     C    2       -0.050429        0.017554       -0.143613
     C    2       -0.031782       -0.143613        0.034465

     C    3       -0.017847        0.102591       -0.162684
     C    3        0.102591       -0.012787       -0.127834
     C    3       -0.162684       -0.127834        0.030634

     H    4       -0.000000        0.000000        0.000000
     H    4        0.000000        0.000000        0.000000
     H    4        0.000000        0.000000        0.000000

     C    5        0.118146        0.231915        0.095854
     C    5        0.231915       -0.055871       -0.008511
     C    5        0.095854       -0.008511       -0.062275

     H    6       -0.000000        0.000000        0.000000
     H    6        0.000000        0.000000        0.000000
     H    6        0.000000        0.000000        0.000000

     H    7       -0.000000        0.000000        0.000000
     H    7        0.000000        0.000000        0.000000
     H    7        0.000000        0.000000        0.000000

     C    8       -0.047014        0.153680       -0.039055
     C    8        0.153680        0.138183       -0.033051
     C    8       -0.039055       -0.033051       -0.091170

     H    9       -0.000000        0.000000        0.000000
     H    9        0.000000        0.000000        0.000000
     H    9        0.000000        0.000000        0.000000

     C   10       -0.046997        0.204043       -0.107670
     C   10        0.204043        0.138444       -0.053495
     C   10       -0.107670       -0.053495       -0.091447

     C   11       -0.174641        0.020172       -0.040364
     C   11        0.020172        0.303429       -0.029677
     C   11       -0.040364       -0.029677       -0.128788

     Cl  12       -0.022344        0.551839       -0.126268
     Cl  12        0.551839        2.640739        0.057864
     Cl  12       -0.126268        0.057864       -2.618395

     H   13       -0.000000        0.000000        0.000000
     H   13        0.000000        0.000000        0.000000
     H   13        0.000000        0.000000        0.000000

     C   14       -0.030046       -0.030300        0.038104
     C   14       -0.030300        0.044732        0.004394
     C   14        0.038104        0.004394       -0.014687

     H   15       -0.000000        0.000000        0.000000
     H   15        0.000000        0.000000        0.000000
     H   15        0.000000        0.000000        0.000000

     C   16       -0.052068       -0.015199       -0.006859
     C   16       -0.015199        0.146001        0.055963
     C   16       -0.006859        0.055963       -0.093933

     C   17       -0.057239        0.076201        0.090419
     C   17        0.076201        0.030619        0.127935
     C   17        0.090419        0.127935        0.026621

     Cl  18        0.354829       -0.479874       -0.196944
     Cl  18       -0.479874        0.166509       -0.104944
     Cl  18       -0.196944       -0.104944       -0.521338

     H   19       -0.000000        0.000000        0.000000
     H   19        0.000000        0.000000        0.000000
     H   19        0.000000        0.000000        0.000000

     C   20       -0.105910       -0.053856       -0.019198
     C   20       -0.053856        0.253882        0.114986
     C   20       -0.019198        0.114986       -0.147973

     H   21       -0.000000        0.000000        0.000000
     H   21        0.000000        0.000000        0.000000
     H   21        0.000000        0.000000        0.000000

     C   22       -0.182522       -0.041443       -0.046697
     C   22       -0.041443        0.185272        0.097473
     C   22       -0.046697        0.097473       -0.002750

     C   23        0.109927        0.304559       -0.126883
     C   23        0.304559        0.030478        0.022888
     C   23       -0.126883        0.022888       -0.140405

     Cl  24        0.424152        2.142998        0.161588
     Cl  24        2.142998        0.954223        0.400289
     Cl  24        0.161588        0.400289       -1.378375

     ----- total EFG -----
     Cl   1       -0.643454       -0.516013        0.435854
     Cl   1       -0.516013       -0.835996       -0.387373
     Cl   1        0.435854       -0.387373        1.479450

     C    2        0.016634       -0.350870        0.000085
     C    2       -0.350870        0.095028       -0.166404
     C    2        0.000085       -0.166404       -0.111662

     C    3       -0.002950        0.109942       -0.354152
     C    3        0.109942       -0.011893        0.014432
     C    3       -0.354152        0.014432        0.014843

     H    4        0.289182       -0.117568        0.675439
     H    4       -0.117568       -0.174973        0.201323
     H    4        0.675439        0.201323       -0.114208

     C    5        0.543127        0.678270        0.282118
     C    5        0.678270       -0.464258       -0.022777
     C    5        0.282118       -0.022777       -0.078870

     H    6       -0.526771       -0.111138        0.017664
     H    6       -0.111138        0.404836        0.411630
     H    6        0.017664        0.411630        0.121935

     H    7       -0.415643       -0.083153       -0.044026
     H    7       -0.083153        0.339821       -0.116582
     H    7       -0.044026       -0.116582        0.075822

     C    8       -0.348629        0.003323       -0.025271
     C    8        0.003323        0.390178       -0.175571
     C    8       -0.025271       -0.175571       -0.041549

     H    9        0.214000       -0.318046        0.259834
     H    9       -0.318046       -0.457937       -0.310270
     H    9        0.259834       -0.310270        0.243937

     C   10        0.080433        0.625591       -0.240982
     C   10        0.625591        0.178660        0.154303
     C   10       -0.240982        0.154303       -0.259092

     C   11       -0.686259       -0.257987       -0.115636
     C   11       -0.257987        0.866288       -0.239538
     C   11       -0.115636       -0.239538       -0.180029

     Cl  12        0.156001        0.707591       -0.141736
     Cl  12        0.707591        2.676234        0.048797
     Cl  12       -0.141736        0.048797       -2.832235

     H   13       -0.124468        0.367344       -0.009576
     H   13        0.367344        0.446927        0.654150
     H   13       -0.009576        0.654150       -0.322459

     C   14       -0.120736        0.101549        0.258487
     C   14        0.101549        0.101333        0.435677
     C   14        0.258487        0.435677        0.019403

     H   15        0.505614        0.501633        0.275298
     H   15        0.501633       -0.639035       -0.003768
     H   15        0.275298       -0.003768        0.133422

     C   16        0.355126       -0.107759       -0.069506
     C   16       -0.107759       -0.190902       -0.052934
     C   16       -0.069506       -0.052934       -0.164224

     C   17       -0.494221        0.256172       -0.085640
     C   17        0.256172        0.239749        0.512075
     C   17       -0.085640        0.512075        0.254472

     Cl  18        0.759599       -0.716520       -0.503172
     Cl  18       -0.716520        0.392055       -0.535195
     Cl  18       -0.503172       -0.535195       -1.151654

     H   19       -0.193135        0.070403        0.232007
     H   19        0.070403        0.197888       -0.468535
     H   19        0.232007       -0.468535       -0.004753

     C   20        0.035191       -0.058177        0.047957
     C   20       -0.058177        0.441748        0.356795
     C   20        0.047957        0.356795       -0.476939

     H   21        0.239743        0.113041        0.263537
     H   21        0.113041       -0.240673        0.007740
     H   21        0.263537        0.007740        0.000930

     C   22       -0.595004       -0.233951       -0.039351
     C   22       -0.233951        0.567504        0.113162
     C   22       -0.039351        0.113162        0.027500

     C   23        0.383968        0.815657       -0.331172
     C   23        0.815657        0.037599        0.231736
     C   23       -0.331172        0.231736       -0.421567

     Cl  24        0.348889        2.147089        0.181559
     Cl  24        2.147089        1.039299        0.438012
     Cl  24        0.181559        0.438012       -1.388188

     ----- total EFG (symmetrized) -----
     Cl   1       -0.643454       -0.516013        0.435854
     Cl   1       -0.516013       -0.835996       -0.387373
     Cl   1        0.435854       -0.387373        1.479450

     C    2        0.016634       -0.350870        0.000085
     C    2       -0.350870        0.095028       -0.166404
     C    2        0.000085       -0.166404       -0.111662

     C    3       -0.002950        0.109942       -0.354152
     C    3        0.109942       -0.011893        0.014432
     C    3       -0.354152        0.014432        0.014843

     H    4        0.289182       -0.117568        0.675439
     H    4       -0.117568       -0.174973        0.201323
     H    4        0.675439        0.201323       -0.114208

     C    5        0.543127        0.678270        0.282118
     C    5        0.678270       -0.464258       -0.022777
     C    5        0.282118       -0.022777       -0.078870

     H    6       -0.526771       -0.111138        0.017664
     H    6       -0.111138        0.404836        0.411630
     H    6        0.017664        0.411630        0.121935

     H    7       -0.415643       -0.083153       -0.044026
     H    7       -0.083153        0.339821       -0.116582
     H    7       -0.044026       -0.116582        0.075822

     C    8       -0.348629        0.003323       -0.025271
     C    8        0.003323        0.390178       -0.175571
     C    8       -0.025271       -0.175571       -0.041549

     H    9        0.214000       -0.318046        0.259834
     H    9       -0.318046       -0.457937       -0.310270
     H    9        0.259834       -0.310270        0.243937

     C   10        0.080433        0.625591       -0.240982
     C   10        0.625591        0.178660        0.154303
     C   10       -0.240982        0.154303       -0.259092

     C   11       -0.686259       -0.257987       -0.115636
     C   11       -0.257987        0.866288       -0.239538
     C   11       -0.115636       -0.239538       -0.180029

     Cl  12        0.156001        0.707591       -0.141736
     Cl  12        0.707591        2.676234        0.048797
     Cl  12       -0.141736        0.048797       -2.832235

     H   13       -0.124468        0.367344       -0.009576
     H   13        0.367344        0.446927        0.654150
     H   13       -0.009576        0.654150       -0.322459

     C   14       -0.120736        0.101549        0.258487
     C   14        0.101549        0.101333        0.435677
     C   14        0.258487        0.435677        0.019403

     H   15        0.505614        0.501633        0.275298
     H   15        0.501633       -0.639035       -0.003768
     H   15        0.275298       -0.003768        0.133422

     C   16        0.355126       -0.107759       -0.069506
     C   16       -0.107759       -0.190902       -0.052934
     C   16       -0.069506       -0.052934       -0.164224

     C   17       -0.494221        0.256172       -0.085640
     C   17        0.256172        0.239749        0.512075
     C   17       -0.085640        0.512075        0.254472

     Cl  18        0.759599       -0.716520       -0.503172
     Cl  18       -0.716520        0.392055       -0.535195
     Cl  18       -0.503172       -0.535195       -1.151654

     H   19       -0.193135        0.070403        0.232007
     H   19        0.070403        0.197888       -0.468535
     H   19        0.232007       -0.468535       -0.004753

     C   20        0.035191       -0.058177        0.047957
     C   20       -0.058177        0.441748        0.356795
     C   20        0.047957        0.356795       -0.476939

     H   21        0.239743        0.113041        0.263537
     H   21        0.113041       -0.240673        0.007740
     H   21        0.263537        0.007740        0.000930

     C   22       -0.595004       -0.233951       -0.039351
     C   22       -0.233951        0.567504        0.113162
     C   22       -0.039351        0.113162        0.027500

     C   23        0.383968        0.815657       -0.331172
     C   23        0.815657        0.037599        0.231736
     C   23       -0.331172        0.231736       -0.421567

     Cl  24        0.348889        2.147089        0.181559
     Cl  24        2.147089        1.039299        0.438012
     Cl  24        0.181559        0.438012       -1.388188


     NQR/NMR SPECTROSCOPIC PARAMETERS:
     Cl   1    Vxx=   -0.3959    axis=( -0.738816  0.605080  0.296698)
     Cl   1    Vyy=   -1.2648    axis=(  0.635521  0.772041  0.008044)
     Cl   1    Vzz=    1.6607    axis=(  0.224196 -0.194501  0.954937)
     Cl   1  Q=        -8.1650 1e-30 m^2  Cq=       -31.8593 MHz  eta= 0.52323

     C    2    Vxx=   -0.0849    axis=( -0.481735 -0.139235  0.865185)
     C    2    Vyy=   -0.3529    axis=(  0.615828  0.648615  0.447275)
     C    2    Vzz=    0.4378    axis=(  0.623448 -0.748273  0.226716)
     C    2  Q=         1.0000 1e-30 m^2  Cq=         1.0286 MHz  eta= 0.61200

     C    3    Vxx=   -0.0014    axis=(  0.052416  0.953792  0.295861)
     C    3    Vyy=   -0.3707    axis=( -0.709588  0.244036 -0.661007)
     C    3    Vzz=    0.3720    axis=( -0.702664 -0.175292  0.689591)
     C    3  Q=         1.0000 1e-30 m^2  Cq=         0.8741 MHz  eta= 0.99261

     H    4    Vxx=   -0.0765    axis=(  0.257187 -0.918880 -0.299189)
     H    4    Vyy=   -0.7166    axis=(  0.543778  0.393546 -0.741233)
     H    4    Vzz=    0.7931    axis=(  0.798849  0.027943  0.600882)
     H    4  Q=         1.0000 1e-30 m^2  Cq=         1.8635 MHz  eta= 0.80705

     C    5    Vxx=   -0.1069    axis=( -0.117367 -0.283410  0.951790)
     C    5    Vyy=   -0.8354    axis=( -0.465180  0.862455  0.199447)
     C    5    Vzz=    0.9422    axis=( -0.877401 -0.419345 -0.233060)
     C    5  Q=         1.0000 1e-30 m^2  Cq=         2.2139 MHz  eta= 0.77314

     H    6    Vxx=   -0.1554    axis=(  0.203942 -0.553049  0.807802)
     H    6    Vyy=   -0.5485    axis=(  0.976796  0.170080 -0.130165)
     H    6    Vzz=    0.7039    axis=( -0.065403  0.815604  0.574902)
     H    6  Q=         1.0000 1e-30 m^2  Cq=         1.6539 MHz  eta= 0.55840

     H    7    Vxx=    0.0423    axis=( -0.148718  0.324502  0.934121)
     H    7    Vyy=    0.3888    axis=(  0.078420 -0.937780  0.338258)
     H    7    Vzz=   -0.4312    axis=(  0.985765  0.123559  0.114017)
     H    7  Q=         1.0000 1e-30 m^2  Cq=        -1.0130 MHz  eta= 0.80363

     C    8    Vxx=   -0.1018    axis=( -0.091508  0.335215  0.937687)
     C    8    Vyy=   -0.3509    axis=( -0.995699 -0.017107 -0.091054)
     C    8    Vzz=    0.4527    axis=( -0.014481 -0.941986  0.335339)
     C    8  Q=         1.0000 1e-30 m^2  Cq=         1.0637 MHz  eta= 0.55007

     H    9    Vxx=   -0.0309    axis=( -0.713552  0.022667  0.700236)
     H    9    Vyy=   -0.6340    axis=( -0.272734 -0.929622 -0.247828)
     H    9    Vzz=    0.6648    axis=(  0.645337 -0.367817  0.669515)
     H    9  Q=         1.0000 1e-30 m^2  Cq=         1.5621 MHz  eta= 0.90710

     C   10    Vxx=   -0.0747    axis=( -0.372141  0.412548  0.831454)
     C   10    Vyy=   -0.6850    axis=( -0.624651  0.551261 -0.553103)
     C   10    Vzz=    0.7597    axis=( -0.686529 -0.725201  0.052552)
     C   10  Q=         1.0000 1e-30 m^2  Cq=         1.7850 MHz  eta= 0.80342

     C   11    Vxx=   -0.1812    axis=( -0.290490  0.144758  0.945865)
     C   11    Vyy=   -0.7694    axis=(  0.946642  0.187676  0.262006)
     C   11    Vzz=    0.9506    axis=( -0.139589  0.971506 -0.191551)
     C   11  Q=         1.0000 1e-30 m^2  Cq=         2.2335 MHz  eta= 0.61881

     Cl  12    Vxx=   -0.0211    axis=( -0.966143  0.252485  0.053096)
     Cl  12    Vyy=   -2.8402    axis=(  0.050865 -0.015358  0.998587)
     Cl  12    Vzz=    2.8613    axis=( -0.252944 -0.967479 -0.001995)
     Cl  12  Q=        -8.1650 1e-30 m^2  Cq=       -54.8932 MHz  eta= 0.98523

     H   13    Vxx=   -0.1578    axis=(  0.902326 -0.092771 -0.420952)
     H   13    Vyy=   -0.7601    axis=( -0.315061  0.524541 -0.790945)
     H   13    Vzz=    0.9179    axis=(  0.294183  0.846316  0.444079)
     H   13  Q=         1.0000 1e-30 m^2  Cq=         2.1566 MHz  eta= 0.65623

     C   14    Vxx=   -0.1501    axis=(  0.833337 -0.540133  0.117493)
     C   14    Vyy=   -0.4374    axis=( -0.437307 -0.514201  0.737808)
     C   14    Vzz=    0.5876    axis=(  0.338100  0.666223  0.664707)
     C   14  Q=         1.0000 1e-30 m^2  Cq=         1.3805 MHz  eta= 0.48903

     H   15    Vxx=    0.0440    axis=( -0.303710 -0.228165  0.925041)
     H   15    Vyy=    0.7947    axis=( -0.879310 -0.306704 -0.364345)
     H   15    Vzz=   -0.8386    axis=(  0.366844 -0.924053 -0.107479)
     H   15  Q=         1.0000 1e-30 m^2  Cq=        -1.9704 MHz  eta= 0.89515

     C   16    Vxx=   -0.1232    axis=(  0.018164  0.597637 -0.801561)
     C   16    Vyy=   -0.2588    axis=(  0.203966  0.782620  0.588136)
     C   16    Vzz=    0.3819    axis=(  0.978809 -0.174174 -0.107682)
     C   16  Q=         1.0000 1e-30 m^2  Cq=         0.8974 MHz  eta= 0.35498

     C   17    Vxx=   -0.1159    axis=( -0.522460 -0.555327  0.647030)
     C   17    Vyy=   -0.6551    axis=( -0.847030  0.425108 -0.319097)
     C   17    Vzz=    0.7709    axis=( -0.097854 -0.714769 -0.692481)
     C   17  Q=         1.0000 1e-30 m^2  Cq=         1.8114 MHz  eta= 0.69939

     Cl  18    Vxx=    0.2237    axis=(  0.517868  0.716033 -0.468091)
     Cl  18    Vyy=    1.3178    axis=( -0.799503  0.599759  0.032922)
     Cl  18    Vzz=   -1.5415    axis=(  0.304315  0.357191  0.883067)
     Cl  18  Q=        -8.1650 1e-30 m^2  Cq=        29.5735 MHz  eta= 0.70976

     H   19    Vxx=   -0.0531    axis=(  0.820462  0.443468  0.360802)
     H   19    Vyy=   -0.5342    axis=(  0.558138 -0.484682 -0.673472)
     H   19    Vzz=    0.5873    axis=(  0.123789 -0.753936  0.645180)
     H   19  Q=         1.0000 1e-30 m^2  Cq=         1.3799 MHz  eta= 0.81932

     C   20    Vxx=    0.0387    axis=(  0.992199  0.038154  0.118682)
     C   20    Vyy=    0.5670    axis=( -0.074536  0.944669  0.319446)
     C   20    Vzz=   -0.6057    axis=( -0.099927 -0.325800  0.940143)
     C   20  Q=         1.0000 1e-30 m^2  Cq=        -1.4231 MHz  eta= 0.87224

     H   21    Vxx=   -0.1430    axis=( -0.423738 -0.427225  0.798702)
     H   21    Vyy=   -0.2815    axis=(  0.342666 -0.891854 -0.295256)
     H   21    Vzz=    0.4246    axis=(  0.838467  0.148577  0.524308)
     H   21  Q=         1.0000 1e-30 m^2  Cq=         0.9976 MHz  eta= 0.32625

     C   22    Vxx=    0.0048    axis=(  0.010838 -0.192822  0.981174)
     C   22    Vyy=    0.6359    axis=( -0.189166  0.963118  0.191363)
     C   22    Vzz=   -0.6408    axis=( -0.981885 -0.187679 -0.026037)
     C   22  Q=         1.0000 1e-30 m^2  Cq=        -1.5055 MHz  eta= 0.98493

     C   23    Vxx=   -0.1275    axis=( -0.329273  0.525116  0.784750)
     C   23    Vyy=   -0.9261    axis=( -0.523037  0.590508 -0.614600)
     C   23    Vzz=    1.0536    axis=( -0.786137 -0.612825  0.080217)
     C   23  Q=         1.0000 1e-30 m^2  Cq=         2.4755 MHz  eta= 0.75789

     Cl  24    Vxx=   -1.3112    axis=( -0.547983  0.359840  0.755135)
     Cl  24    Vyy=   -1.6049    axis=( -0.535783  0.542270 -0.647209)
     Cl  24    Vzz=    2.9161    axis=(  0.642379  0.759248  0.104359)
     Cl  24  Q=        -8.1650 1e-30 m^2  Cq=       -55.9438 MHz  eta= 0.10070

     Initialization:
     gipaw_setup  :      9.23s CPU     11.09s WALL (       1 calls)

     Linear response

     Apply operators

     Induced current

     Other routines
     efg          :      9.24s CPU     11.68s WALL (       1 calls)

     General routines
     calbec       :      3.32s CPU      4.33s WALL (      16 calls)
     fft          :      1.42s CPU      1.93s WALL (      15 calls)
     ffts         :      0.04s CPU      0.04s WALL (       2 calls)
     fftw         :      3.19s CPU      4.03s WALL (     672 calls)
     davcio       :      0.03s CPU      0.32s WALL (      32 calls)

     Parallel routines
     fft_scatter  :      1.98s CPU      3.14s WALL (     689 calls)

     Plugins

     GIPAW        :     62.01s CPU     75.04s WALL (       1 calls)
