
     Program QE v.6.0 (svn rev. 13079) starts on 16Jan2017 at 10: 5:26 

     This program is part of the open-source Quantum ESPRESSO suite
     for quantum simulation of materials; please cite
         "P. Giannozzi et al., J. Phys.:Condens. Matter 21 395502 (2009);
          URL http://www.quantum-espresso.org", 
     in publications or presentations arising from this work. More details at
     http://www.quantum-espresso.org/quote

     Parallel version (MPI), running on     8 processors
     R & G space division:  proc/nbgrp/npool/nimage =       8

     ***** This is GIPAW svn revision unknown      *****

     Parallelizing q-star over 1 images

     Reading data from directory:
     /users/majewski/paradichlorobenzene/pbe/9_constraint/scratch/pbe.ecut100.np8.dt60.pcl2phi-129368.save
     Message from routine read_xml_file:
     file /users/majewski/paradichlorobenzene/pbe/9_constraint/scratch/pbe.ecut100.np8.dt60.pcl2phi-129368.save not guaranteed to be safe for post-processing

   Info: using nr1, nr2, nr3 values from input

   Info: using nr1, nr2, nr3 values from input

     IMPORTANT: XC functional enforced from input :
     Exchange-correlation      =  SLA  PW   PBX  PBC ( 1  4  3  4 0 0)
     Any further DFT definition will be discarded
     Please, verify this is what you really want

               file C.pbe-n-kjpaw_psl.1.0.0.UPF: wavefunction(s)  2S 2P renormalized
               file Cl.pbe-n-kjpaw_psl.1.0.0.UPF: wavefunction(s)  3S 3P renormalized
               file H.pbe-kjpaw_psl.1.0.0.UPF: wavefunction(s)  1S renormalized

     Parallelization info
     --------------------
     sticks:   dense  smooth     PW     G-vecs:    dense   smooth      PW
     Min        3057    1223    332               144436    36536    5170
     Max        3059    1225    333               144437    36537    5171
     Sum       24467    9791   2657              1155489   292295   41363


     Subspace diagonalization in iterative solution of the eigenvalue problem:
     a serial algorithm will be used

     GIPAW projectors -----------------------------------------------
     atom=  C    l=0  rc=    1.2000  rs=    0.8000
     atom=  C    l=0  rc=    1.2000  rs=    0.8000
     atom=  C    l=1  rc=    1.4000  rs=    0.9333
     atom=  C    l=1  rc=    1.4000  rs=    0.9333
     projs nearly linearly dependent: l=1  n1,n2= 1, 2  s=  0.99951561

     atom=  Cl   l=0  rc=    1.6000  rs=    1.0667
     atom=  Cl   l=0  rc=    1.6000  rs=    1.0667
     atom=  Cl   l=1  rc=    1.6000  rs=    1.0667
     atom=  Cl   l=1  rc=    1.6000  rs=    1.0667
     atom=  Cl   l=2  rc=    1.6000  rs=    1.0667
     atom=  Cl   l=2  rc=    1.6000  rs=    1.0667
     projs nearly linearly dependent: l=2  n1,n2= 1, 2  s=  0.99993509

     atom=  H    l=0  rc=    1.0000  rs=    0.6667
     atom=  H    l=0  rc=    1.0000  rs=    0.6667
     projs nearly linearly dependent: l=0  n1,n2= 1, 2  s=  0.99968852
     -----------------------------------------------------------------

     GIPAW integrals: -------------------------------------------
     Atom  i/j   nmr_para   nmr_dia   epr_rmc  epr_para   epr_dia
       C   1 1   0.83E+03  0.17E-01  0.93E+01  0.24E+08  0.24E+03
       C   2 1   0.86E+03 -0.61E-01  0.94E+01  0.25E+08  0.25E+03
       C   2 2   0.90E+03 -0.15E+00  0.97E+01  0.26E+08  0.26E+03
       C   3 3   0.33E+01  0.34E+00  0.18E+01  0.55E+03  0.21E+02
       C   4 3   0.35E+01  0.37E+00  0.20E+01  0.59E+03  0.22E+02
       C   4 4   0.38E+01  0.39E+00  0.22E+01  0.63E+03  0.24E+02
       Cl  1 1   0.14E+04 -0.47E+00  0.84E+01  0.32E+09  0.42E+03
       Cl  2 1   0.21E+04 -0.37E+00  0.12E+02  0.49E+09  0.65E+03
       Cl  2 2   0.33E+04 -0.16E+00  0.21E+02  0.76E+09  0.10E+04
       Cl  3 3   0.21E+02  0.79E-01  0.89E+01  0.23E+05  0.13E+03
       Cl  4 3   0.24E+02  0.67E-01  0.99E+01  0.27E+05  0.15E+03
       Cl  4 4   0.28E+02  0.44E-01  0.11E+02  0.32E+05  0.18E+03
       Cl  5 5   0.77E+00  0.19E+00  0.18E+01  0.12E+03  0.22E+02
       Cl  6 5   0.80E+00  0.19E+00  0.19E+01  0.12E+03  0.23E+02
       Cl  6 6   0.83E+00  0.20E+00  0.19E+01  0.12E+03  0.23E+02
       H   1 1   0.39E+02  0.19E+00  0.29E+00  0.78E+05  0.13E+02
       H   2 1   0.41E+02  0.21E+00  0.32E+00  0.82E+05  0.14E+02
       H   2 2   0.43E+02  0.22E+00  0.36E+00  0.86E+05  0.15E+02
     ------------------------------------------------------------

     alpha_pv=     34.5519 eV

     Number of occupied bands for each k-point:
     k-point:     1    nbnd_occ=  42
     k-point:     2    nbnd_occ=  42
     k-point:     3    nbnd_occ=  42
     k-point:     4    nbnd_occ=  42
     k-point:     5    nbnd_occ=  42
     k-point:     6    nbnd_occ=  42
     k-point:     7    nbnd_occ=  42
     k-point:     8    nbnd_occ=  42
     k-point:     9    nbnd_occ=  42
     k-point:    10    nbnd_occ=  42
     k-point:    11    nbnd_occ=  42
     k-point:    12    nbnd_occ=  42
     k-point:    13    nbnd_occ=  42
     k-point:    14    nbnd_occ=  42
     k-point:    15    nbnd_occ=  42
     k-point:    16    nbnd_occ=  42


     q-space interpolation up to   110.00 Rydberg

     GIPAW job: efg                                                                             


     ELECTRIC FIELD GRADIENTS TENSORS IN Hartree/bohrradius^2:

     ----- bare term -----
     Cl   1        0.118902        0.206549        0.076770
     Cl   1        0.206549       -0.090596        0.424295
     Cl   1        0.076770        0.424295       -0.028306

     C    2        0.027394       -0.037698       -0.248389
     C    2       -0.037698        0.043449       -0.659514
     C    2       -0.248389       -0.659514       -0.070843

     C    3       -0.386277        0.189959       -0.147435
     C    3        0.189959        0.086911       -0.106840
     C    3       -0.147435       -0.106840        0.299366

     H    4       -0.163021       -0.396822        0.033764
     H    4       -0.396822       -0.152070        0.140599
     H    4        0.033764        0.140599        0.315092

     C    5       -0.013586        0.218856       -0.063932
     C    5        0.218856       -0.102292       -0.394962
     C    5       -0.063932       -0.394962        0.115878

     H    6        0.247189       -0.434765        0.030601
     H    6       -0.434765       -0.607396       -0.080678
     H    6        0.030601       -0.080678        0.360208

     H    7        0.524221       -0.008288        0.069031
     H    7       -0.008288        0.001987        0.155606
     H    7        0.069031        0.155606       -0.526208

     C    8       -0.767876       -0.333791       -0.235217
     C    8       -0.333791        0.383039        0.108267
     C    8       -0.235217        0.108267        0.384837

     H    9       -0.149639       -0.181497       -0.514161
     H    9       -0.181497       -0.045312       -0.068959
     H    9       -0.514161       -0.068959        0.194951

     C   10        0.268611       -0.045061       -0.192233
     C   10       -0.045061       -0.199879        0.523435
     C   10       -0.192233        0.523435       -0.068732

     C   11       -0.694327       -0.481047       -0.345176
     C   11       -0.481047        0.278196        0.074589
     C   11       -0.345176        0.074589        0.416131

     Cl  12       -0.028713        0.034018       -0.037108
     Cl  12        0.034018        0.163063        0.030366
     Cl  12       -0.037108        0.030366       -0.134350

     H   13        0.198110       -0.087968        0.025017
     H   13       -0.087968       -0.506192       -0.574843
     H   13        0.025017       -0.574843        0.308082

     C   14       -0.825838        0.361294       -0.475997
     C   14        0.361294        0.313911        0.031556
     C   14       -0.475997        0.031556        0.511926

     H   15       -0.509260       -0.212892        0.244582
     H   15       -0.212892        0.361749       -0.115691
     H   15        0.244582       -0.115691        0.147511

     C   16        0.192004       -0.036047       -0.021370
     C   16       -0.036047       -0.490846       -0.391148
     C   16       -0.021370       -0.391148        0.298842

     C   17       -0.816043        0.383249       -0.305432
     C   17        0.383249        0.284169       -0.025074
     C   17       -0.305432       -0.025074        0.531875

     Cl  18        0.157609        0.001623        0.012311
     Cl  18        0.001623       -0.123558       -0.212879
     Cl  18        0.012311       -0.212879       -0.034050

     H   19        0.443429        0.176308       -0.054172
     H   19        0.176308       -0.678171        0.466874
     H   19       -0.054172        0.466874        0.234742

     C   20        0.017656        0.049053       -0.225630
     C   20        0.049053       -0.057175        0.395094
     C   20       -0.225630        0.395094        0.039519

     H   21       -0.082852        0.416936       -0.298326
     H   21        0.416936       -0.316082        0.175317
     H   21       -0.298326        0.175317        0.398934

     C   22       -0.710668       -0.312644       -0.202768
     C   22       -0.312644        0.301455        0.146565
     C   22       -0.202768        0.146565        0.409213

     C   23        0.097289        0.129104       -0.348457
     C   23        0.129104       -0.067730        0.637694
     C   23       -0.348457        0.637694       -0.029559

     Cl  24       -0.327077       -0.275930       -0.007952
     Cl  24       -0.275930        0.221806       -0.000952
     Cl  24       -0.007952       -0.000952        0.105270

     ----- ionic term -----
     Cl   1        0.127940       -0.176864       -0.074809
     Cl   1       -0.176864       -0.001921        0.053580
     Cl   1       -0.074809        0.053580       -0.126019

     C    2        0.315728       -0.032419        0.048586
     C    2       -0.032419        0.125450        0.419054
     C    2        0.048586        0.419054       -0.441178

     C    3        0.177946       -0.067342        0.040495
     C    3       -0.067342        0.254216        0.405186
     C    3        0.040495        0.405186       -0.432162

     H    4        0.695585        0.596652        0.274513
     H    4        0.596652       -0.176798        0.206504
     H    4        0.274513        0.206504       -0.518787

     C    5        0.379941       -0.083073        0.102999
     C    5       -0.083073        0.102695        0.285011
     C    5        0.102999        0.285011       -0.482636

     H    6       -0.478880        0.243566        0.109667
     H    6        0.243566        0.793823        0.591933
     H    6        0.109667        0.591933       -0.314943

     H    7       -0.530289        0.025326       -0.011611
     H    7        0.025326        0.309654       -0.802465
     H    7       -0.011611       -0.802465        0.220634

     C    8        0.239893        0.173675        0.298496
     C    8        0.173675       -0.033448       -0.344120
     C    8        0.298496       -0.344120       -0.206445

     H    9        0.562962       -0.367117        0.637467
     H    9       -0.367117       -0.349874       -0.282187
     H    9        0.637467       -0.282187       -0.213088

     C   10        0.110665        0.207467        0.190822
     C   10        0.207467        0.159271       -0.424807
     C   10        0.190822       -0.424807       -0.269936

     C   11        0.296990        0.164092        0.299819
     C   11        0.164092        0.016826       -0.418697
     C   11        0.299819       -0.418697       -0.313815

     Cl  12        0.196140        0.245784        0.016677
     Cl  12        0.245784       -0.032465        0.001675
     Cl  12        0.016677        0.001675       -0.163675

     H   13       -0.493783        0.180566        0.067885
     H   13        0.180566        0.669785        0.689567
     H   13        0.067885        0.689567       -0.176002

     C   14        0.416199       -0.086892        0.053739
     C   14       -0.086892        0.053272        0.323075
     C   14        0.053739        0.323075       -0.469471

     H   15        0.776527        0.498135        0.406362
     H   15        0.498135       -0.294690        0.199298
     H   15        0.406362        0.199298       -0.481836

     C   16        0.233051       -0.105031        0.045079
     C   16       -0.105031        0.242661        0.374545
     C   16        0.045079        0.374545       -0.475713

     C   17        0.249895       -0.071391        0.134639
     C   17       -0.071391        0.238553        0.337919
     C   17        0.134639        0.337919       -0.488448

     Cl  18        0.118545       -0.212620       -0.011926
     Cl  18       -0.212620        0.037052        0.012930
     Cl  18       -0.011926        0.012930       -0.155597

     H   19       -0.513496       -0.117961        0.096501
     H   19       -0.117961        0.457610       -0.785883
     H   19        0.096501       -0.785883        0.055885

     C   20        0.314419        0.148070        0.302904
     C   20        0.148070        0.006167       -0.322087
     C   20        0.302904       -0.322087       -0.320586

     H   21        0.648661       -0.316736        0.645245
     H   21       -0.316736       -0.411131       -0.245111
     H   21        0.645245       -0.245111       -0.237530

     C   22        0.136537        0.206886        0.215683
     C   22        0.206886        0.196760       -0.405433
     C   22        0.215683       -0.405433       -0.333297

     C   23        0.149447        0.103144        0.349979
     C   23        0.103144        0.110941       -0.437317
     C   23        0.349979       -0.437317       -0.260387

     Cl  24        0.126367        0.172639        0.020321
     Cl  24        0.172639        0.020127       -0.002293
     Cl  24        0.020321       -0.002293       -0.146494

     ----- GIPAW term -----
     Cl   1       -0.328775        0.028799       -0.276723
     Cl   1        0.028799        0.053811       -0.703712
     Cl   1       -0.276723       -0.703712        0.274964

     C    2       -0.054957       -0.025242       -0.040133
     C    2       -0.025242        0.220632       -0.136317
     C    2       -0.040133       -0.136317       -0.165675

     C    3       -0.081473        0.072764       -0.050723
     C    3        0.072764        0.106891       -0.059137
     C    3       -0.050723       -0.059137       -0.025418

     H    4       -0.000000        0.000000        0.000000
     H    4        0.000000        0.000000        0.000000
     H    4        0.000000        0.000000        0.000000

     C    5       -0.048630        0.133271        0.015891
     C    5        0.133271        0.180532       -0.056474
     C    5        0.015891       -0.056474       -0.131902

     H    6       -0.000000        0.000000        0.000000
     H    6        0.000000        0.000000        0.000000
     H    6        0.000000        0.000000        0.000000

     H    7       -0.000000        0.000000        0.000000
     H    7        0.000000        0.000000        0.000000
     H    7        0.000000        0.000000        0.000000

     C    8       -0.167284        0.012564       -0.002751
     C    8        0.012564        0.220789        0.028107
     C    8       -0.002751        0.028107       -0.053505

     H    9       -0.000000        0.000000        0.000000
     H    9        0.000000        0.000000        0.000000
     H    9        0.000000        0.000000        0.000000

     C   10       -0.037142        0.018964       -0.015863
     C   10        0.018964        0.145814        0.011261
     C   10       -0.015863        0.011261       -0.108673

     C   11       -0.131964       -0.025406       -0.027096
     C   11       -0.025406        0.217522       -0.024274
     C   11       -0.027096       -0.024274       -0.085558

     Cl  12        0.268681        2.163579       -0.169388
     Cl  12        2.163579        2.341721        0.445019
     Cl  12       -0.169388        0.445019       -2.610402

     H   13       -0.000000        0.000000        0.000000
     H   13        0.000000        0.000000        0.000000
     H   13        0.000000        0.000000        0.000000

     C   14       -0.159039       -0.055080       -0.116527
     C   14       -0.055080        0.119967        0.178053
     C   14       -0.116527        0.178053        0.039072

     H   15       -0.000000        0.000000        0.000000
     H   15        0.000000        0.000000        0.000000
     H   15        0.000000        0.000000        0.000000

     C   16       -0.035888       -0.047394       -0.017576
     C   16       -0.047394       -0.036858        0.096080
     C   16       -0.017576        0.096080        0.072746

     C   17       -0.160656        0.021897        0.006822
     C   17        0.021897        0.083801        0.173406
     C   17        0.006822        0.173406        0.076855

     Cl  18       -0.187543       -0.630695        0.531551
     Cl  18       -0.630695        0.432968        1.563940
     Cl  18        0.531551        1.563940       -0.245426

     H   19       -0.000000        0.000000        0.000000
     H   19        0.000000        0.000000        0.000000
     H   19        0.000000        0.000000        0.000000

     C   20       -0.064171        0.011984       -0.015868
     C   20        0.011984        0.198442        0.047178
     C   20       -0.015868        0.047178       -0.134270

     H   21       -0.000000        0.000000        0.000000
     H   21        0.000000        0.000000        0.000000
     H   21        0.000000        0.000000        0.000000

     C   22       -0.206103        0.014580       -0.025319
     C   22        0.014580        0.279990        0.012468
     C   22       -0.025319        0.012468       -0.073888

     C   23       -0.047506        0.077640       -0.040842
     C   23        0.077640        0.197428        0.030592
     C   23       -0.040842        0.030592       -0.149922

     Cl  24       -0.917424        1.094094       -0.121850
     Cl  24        1.094094        2.691763       -0.160465
     Cl  24       -0.121850       -0.160465       -1.774339

     ----- total EFG -----
     Cl   1       -0.081934        0.058483       -0.274763
     Cl   1        0.058483       -0.038706       -0.225836
     Cl   1       -0.274763       -0.225836        0.120639

     C    2        0.288166       -0.095359       -0.239936
     C    2       -0.095359        0.389531       -0.376777
     C    2       -0.239936       -0.376777       -0.677696

     C    3       -0.289804        0.195380       -0.157663
     C    3        0.195380        0.448019        0.239209
     C    3       -0.157663        0.239209       -0.158214

     H    4        0.532563        0.199831        0.308277
     H    4        0.199831       -0.328868        0.347103
     H    4        0.308277        0.347103       -0.203695

     C    5        0.317725        0.269054        0.054958
     C    5        0.269054        0.180935       -0.166425
     C    5        0.054958       -0.166425       -0.498660

     H    6       -0.231691       -0.191199        0.140269
     H    6       -0.191199        0.186426        0.511255
     H    6        0.140269        0.511255        0.045265

     H    7       -0.006067        0.017038        0.057420
     H    7        0.017038        0.311641       -0.646860
     H    7        0.057420       -0.646860       -0.305574

     C    8       -0.695267       -0.147552        0.060528
     C    8       -0.147552        0.570380       -0.207746
     C    8        0.060528       -0.207746        0.124887

     H    9        0.413323       -0.548614        0.123306
     H    9       -0.548614       -0.395186       -0.351146
     H    9        0.123306       -0.351146       -0.018137

     C   10        0.342135        0.181370       -0.017274
     C   10        0.181370        0.105207        0.109889
     C   10       -0.017274        0.109889       -0.447341

     C   11       -0.529302       -0.342361       -0.072453
     C   11       -0.342361        0.512544       -0.368382
     C   11       -0.072453       -0.368382        0.016758

     Cl  12        0.436108        2.443380       -0.189819
     Cl  12        2.443380        2.472320        0.477060
     Cl  12       -0.189819        0.477060       -2.908428

     H   13       -0.295673        0.092598        0.092903
     H   13        0.092598        0.163593        0.114724
     H   13        0.092903        0.114724        0.132080

     C   14       -0.568677        0.219322       -0.538785
     C   14        0.219322        0.487150        0.532683
     C   14       -0.538785        0.532683        0.081527

     H   15        0.267266        0.285243        0.650944
     H   15        0.285243        0.067059        0.083606
     H   15        0.650944        0.083606       -0.334325

     C   16        0.389167       -0.188471        0.006133
     C   16       -0.188471       -0.285043        0.079476
     C   16        0.006133        0.079476       -0.104124

     C   17       -0.726804        0.333754       -0.163971
     C   17        0.333754        0.606522        0.486251
     C   17       -0.163971        0.486251        0.120282

     Cl  18        0.088611       -0.841692        0.531937
     Cl  18       -0.841692        0.346462        1.363991
     Cl  18        0.531937        1.363991       -0.435073

     H   19       -0.070067        0.058347        0.042328
     H   19        0.058347       -0.220560       -0.319009
     H   19        0.042328       -0.319009        0.290627

     C   20        0.267904        0.209107        0.061405
     C   20        0.209107        0.147434        0.120185
     C   20        0.061405        0.120185       -0.415337

     H   21        0.565809        0.100200        0.346919
     H   21        0.100200       -0.727213       -0.069794
     H   21        0.346919       -0.069794        0.161404

     C   22       -0.780233       -0.091178       -0.012404
     C   22       -0.091178        0.778206       -0.246400
     C   22       -0.012404       -0.246400        0.002028

     C   23        0.199230        0.309889       -0.039320
     C   23        0.309889        0.240639        0.230969
     C   23       -0.039320        0.230969       -0.439868

     Cl  24       -1.118134        0.990802       -0.109481
     Cl  24        0.990802        2.933696       -0.163709
     Cl  24       -0.109481       -0.163709       -1.815563

     ----- total EFG (symmetrized) -----
     Cl   1       -0.081934        0.058483       -0.274763
     Cl   1        0.058483       -0.038706       -0.225836
     Cl   1       -0.274763       -0.225836        0.120639

     C    2        0.288166       -0.095359       -0.239936
     C    2       -0.095359        0.389531       -0.376777
     C    2       -0.239936       -0.376777       -0.677696

     C    3       -0.289804        0.195380       -0.157663
     C    3        0.195380        0.448019        0.239209
     C    3       -0.157663        0.239209       -0.158214

     H    4        0.532563        0.199831        0.308277
     H    4        0.199831       -0.328868        0.347103
     H    4        0.308277        0.347103       -0.203695

     C    5        0.317725        0.269054        0.054958
     C    5        0.269054        0.180935       -0.166425
     C    5        0.054958       -0.166425       -0.498660

     H    6       -0.231691       -0.191199        0.140269
     H    6       -0.191199        0.186426        0.511255
     H    6        0.140269        0.511255        0.045265

     H    7       -0.006067        0.017038        0.057420
     H    7        0.017038        0.311641       -0.646860
     H    7        0.057420       -0.646860       -0.305574

     C    8       -0.695267       -0.147552        0.060528
     C    8       -0.147552        0.570380       -0.207746
     C    8        0.060528       -0.207746        0.124887

     H    9        0.413323       -0.548614        0.123306
     H    9       -0.548614       -0.395186       -0.351146
     H    9        0.123306       -0.351146       -0.018137

     C   10        0.342135        0.181370       -0.017274
     C   10        0.181370        0.105207        0.109889
     C   10       -0.017274        0.109889       -0.447341

     C   11       -0.529302       -0.342361       -0.072453
     C   11       -0.342361        0.512544       -0.368382
     C   11       -0.072453       -0.368382        0.016758

     Cl  12        0.436108        2.443380       -0.189819
     Cl  12        2.443380        2.472320        0.477060
     Cl  12       -0.189819        0.477060       -2.908428

     H   13       -0.295673        0.092598        0.092903
     H   13        0.092598        0.163593        0.114724
     H   13        0.092903        0.114724        0.132080

     C   14       -0.568677        0.219322       -0.538785
     C   14        0.219322        0.487150        0.532683
     C   14       -0.538785        0.532683        0.081527

     H   15        0.267266        0.285243        0.650944
     H   15        0.285243        0.067059        0.083606
     H   15        0.650944        0.083606       -0.334325

     C   16        0.389167       -0.188471        0.006133
     C   16       -0.188471       -0.285043        0.079476
     C   16        0.006133        0.079476       -0.104124

     C   17       -0.726804        0.333754       -0.163971
     C   17        0.333754        0.606522        0.486251
     C   17       -0.163971        0.486251        0.120282

     Cl  18        0.088611       -0.841692        0.531937
     Cl  18       -0.841692        0.346462        1.363991
     Cl  18        0.531937        1.363991       -0.435073

     H   19       -0.070067        0.058347        0.042328
     H   19        0.058347       -0.220560       -0.319009
     H   19        0.042328       -0.319009        0.290627

     C   20        0.267904        0.209107        0.061405
     C   20        0.209107        0.147434        0.120185
     C   20        0.061405        0.120185       -0.415337

     H   21        0.565809        0.100200        0.346919
     H   21        0.100200       -0.727213       -0.069794
     H   21        0.346919       -0.069794        0.161404

     C   22       -0.780233       -0.091178       -0.012404
     C   22       -0.091178        0.778206       -0.246400
     C   22       -0.012404       -0.246400        0.002028

     C   23        0.199230        0.309889       -0.039320
     C   23        0.309889        0.240639        0.230969
     C   23       -0.039320        0.230969       -0.439868

     Cl  24       -1.118134        0.990802       -0.109481
     Cl  24        0.990802        2.933696       -0.163709
     Cl  24       -0.109481       -0.163709       -1.815563


     NQR/NMR SPECTROSCOPIC PARAMETERS:
     Cl   1    Vxx=   -0.1111    axis=(  0.572909 -0.811935 -0.111972)
     Cl   1    Vyy=   -0.3078    axis=(  0.670672  0.385870  0.633485)
     Cl   1    Vzz=    0.4189    axis=( -0.471142 -0.438026  0.765610)
     Cl   1  Q=        -8.1650 1e-30 m^2  Cq=        -8.0370 MHz  eta= 0.46952

     C    2    Vxx=    0.3442    axis=(  0.969824  0.036313 -0.241089)
     C    2    Vyy=    0.5111    axis=(  0.105574 -0.953878  0.281018)
     C    2    Vzz=   -0.8553    axis=(  0.219765  0.297990  0.928927)
     C    2  Q=         1.0000 1e-30 m^2  Cq=        -2.0097 MHz  eta= 0.19507

     C    3    Vxx=   -0.0638    axis=(  0.633603  0.115654 -0.764965)
     C    3    Vyy=   -0.4897    axis=(  0.755531 -0.305281  0.579635)
     C    3    Vzz=    0.5535    axis=( -0.166492 -0.945213 -0.280807)
     C    3  Q=         1.0000 1e-30 m^2  Cq=         1.3005 MHz  eta= 0.76950

     H    4    Vxx=   -0.1171    axis=(  0.486822 -0.592527 -0.641807)
     H    4    Vyy=   -0.6210    axis=(  0.045894  0.751088 -0.658605)
     H    4    Vzz=    0.7381    axis=(  0.872295  0.291168  0.392840)
     H    4  Q=         1.0000 1e-30 m^2  Cq=         1.7342 MHz  eta= 0.68276

     C    5    Vxx=    0.0233    axis=( -0.613039  0.731747 -0.297876)
     C    5    Vyy=    0.5305    axis=(  0.777028  0.626616 -0.059838)
     C    5    Vzz=   -0.5537    axis=( -0.142868  0.268141  0.952727)
     C    5  Q=         1.0000 1e-30 m^2  Cq=        -1.3011 MHz  eta= 0.91593

     H    6    Vxx=   -0.0723    axis=(  0.815639 -0.332641  0.473374)
     H    6    Vyy=   -0.5630    axis=( -0.575050 -0.556099  0.600059)
     H    6    Vzz=    0.6353    axis=( -0.063639  0.761645  0.644861)
     H    6  Q=         1.0000 1e-30 m^2  Cq=         1.4926 MHz  eta= 0.77236

     H    7    Vxx=   -0.0018    axis=(  0.996486  0.062016  0.056294)
     H    7    Vyy=   -0.7183    axis=( -0.080701  0.531066  0.843479)
     H    7    Vzz=    0.7201    axis=(  0.022413 -0.845058  0.534205)
     H    7  Q=         1.0000 1e-30 m^2  Cq=         1.6920 MHz  eta= 0.99510

     C    8    Vxx=    0.0431    axis=(  0.002862  0.367232  0.930125)
     C    8    Vyy=    0.6708    axis=( -0.115946  0.923977 -0.364448)
     C    8    Vzz=   -0.7139    axis=( -0.993251 -0.106801  0.045224)
     C    8  Q=         1.0000 1e-30 m^2  Cq=        -1.6774 MHz  eta= 0.87939

     H    9    Vxx=   -0.0182    axis=( -0.452560 -0.158750  0.877489)
     H    9    Vyy=   -0.7674    axis=(  0.365649  0.864461  0.344975)
     H    9    Vzz=    0.7856    axis=( -0.813321  0.476975 -0.333174)
     H    9  Q=         1.0000 1e-30 m^2  Cq=         1.8458 MHz  eta= 0.95365

     C   10    Vxx=    0.0299    axis=( -0.481925  0.849896  0.213131)
     C   10    Vyy=    0.4419    axis=(  0.873661  0.484638  0.042919)
     C   10    Vzz=   -0.4718    axis=(  0.066815 -0.206888  0.976081)
     C   10  Q=         1.0000 1e-30 m^2  Cq=        -1.1086 MHz  eta= 0.87317

     C   11    Vxx=   -0.0849    axis=( -0.384151  0.315003  0.867872)
     C   11    Vyy=   -0.6817    axis=(  0.898905  0.342132  0.273707)
     C   11    Vzz=    0.7665    axis=( -0.210708  0.885279 -0.414588)
     C   11  Q=         1.0000 1e-30 m^2  Cq=         1.8011 MHz  eta= 0.77854

     Cl  12    Vxx=   -1.0952    axis=( -0.817652  0.529917  0.225017)
     Cl  12    Vyy=   -3.0182    axis=(  0.165381 -0.158180  0.973462)
     Cl  12    Vzz=    4.1134    axis=(  0.551447  0.833167  0.041698)
     Cl  12  Q=        -8.1650 1e-30 m^2  Cq=       -78.9134 MHz  eta= 0.46750

     H   13    Vxx=    0.0322    axis=( -0.022782  0.666727 -0.744954)
     H   13    Vyy=    0.2928    axis=(  0.217176  0.730653  0.647287)
     H   13    Vzz=   -0.3250    axis=( -0.975867  0.147040  0.161443)
     H   13  Q=         1.0000 1e-30 m^2  Cq=        -0.7636 MHz  eta= 0.80157

     C   14    Vxx=    0.1499    axis=(  0.604957  0.536293 -0.588572)
     C   14    Vyy=    0.8679    axis=(  0.107450 -0.787394 -0.607014)
     C   14    Vzz=   -1.0178    axis=(  0.788975 -0.303975  0.533964)
     C   14  Q=         1.0000 1e-30 m^2  Cq=        -2.3915 MHz  eta= 0.70536

     H   15    Vxx=   -0.0363    axis=(  0.250595 -0.924226  0.288113)
     H   15    Vyy=   -0.7596    axis=(  0.553416 -0.107424 -0.825949)
     H   15    Vzz=    0.7960    axis=(  0.794313  0.366425  0.484561)
     H   15  Q=         1.0000 1e-30 m^2  Cq=         1.8702 MHz  eta= 0.90868

     C   16    Vxx=   -0.0803    axis=(  0.099559  0.279052  0.955101)
     C   16    Vyy=   -0.3584    axis=(  0.235857  0.925897 -0.295105)
     C   16    Vzz=    0.4386    axis=( -0.966674  0.254647  0.026365)
     C   16  Q=         1.0000 1e-30 m^2  Cq=         1.0306 MHz  eta= 0.63404

     C   17    Vxx=   -0.0433    axis=( -0.397268 -0.410210  0.820918)
     C   17    Vyy=   -0.8886    axis=( -0.909164  0.297667 -0.291230)
     C   17    Vzz=    0.9319    axis=( -0.124894 -0.862046 -0.491201)
     C   17  Q=         1.0000 1e-30 m^2  Cq=         2.1897 MHz  eta= 0.90698

     Cl  18    Vxx=    0.4196    axis=(  0.851080 -0.002912  0.525028)
     Cl  18    Vyy=    1.4868    axis=( -0.302344  0.814823  0.494623)
     Cl  18    Vzz=   -1.9064    axis=( -0.429245 -0.579703  0.692599)
     Cl  18  Q=        -8.1650 1e-30 m^2  Cq=        36.5733 MHz  eta= 0.55976

     H   19    Vxx=   -0.0546    axis=(  0.975870  0.206448  0.071110)
     H   19    Vyy=   -0.3895    axis=( -0.216870  0.878550  0.425579)
     H   19    Vzz=    0.4441    axis=(  0.025386 -0.430731  0.902123)
     H   19  Q=         1.0000 1e-30 m^2  Cq=         1.0435 MHz  eta= 0.75395

     C   20    Vxx=   -0.0021    axis=(  0.625415 -0.769251 -0.130805)
     C   20    Vyy=   -0.4405    axis=(  0.028877  0.190339 -0.981294)
     C   20    Vzz=    0.4426    axis=(  0.779758  0.609938  0.141255)
     C   20  Q=         1.0000 1e-30 m^2  Cq=         1.0399 MHz  eta= 0.99034

     H   21    Vxx=   -0.0208    axis=( -0.483434 -0.153707  0.861781)
     H   21    Vyy=   -0.7462    axis=(  0.106228 -0.987489 -0.116537)
     H   21    Vzz=    0.7670    axis=(  0.868912  0.035207  0.493714)
     H   21  Q=         1.0000 1e-30 m^2  Cq=         1.8021 MHz  eta= 0.94587

     C   22    Vxx=   -0.0676    axis=( -0.051795  0.274153  0.960290)
     C   22    Vyy=   -0.7865    axis=( -0.997332 -0.063722 -0.035601)
     C   22    Vzz=    0.8541    axis=(  0.051432 -0.959573  0.276722)
     C   22  Q=         1.0000 1e-30 m^2  Cq=         2.0069 MHz  eta= 0.84160

     C   23    Vxx=   -0.0153    axis=( -0.740100  0.559608  0.372948)
     C   23    Vyy=   -0.5367    axis=(  0.196490 -0.350430  0.915746)
     C   23    Vzz=    0.5520    axis=(  0.643151  0.751025  0.149395)
     C   23  Q=         1.0000 1e-30 m^2  Cq=         1.2969 MHz  eta= 0.94467

     Cl  24    Vxx=   -1.3374    axis=(  0.963027 -0.228849 -0.142152)
     Cl  24    Vyy=   -1.8324    axis=( -0.146830 -0.003452 -0.989156)
     Cl  24    Vzz=    3.1698    axis=(  0.225876  0.973456 -0.036927)
     Cl  24  Q=        -8.1650 1e-30 m^2  Cq=       -60.8112 MHz  eta= 0.15615

     Initialization:
     gipaw_setup  :      9.14s CPU     10.80s WALL (       1 calls)

     Linear response

     Apply operators

     Induced current

     Other routines
     efg          :      9.54s CPU     12.09s WALL (       1 calls)

     General routines
     calbec       :      3.45s CPU      4.62s WALL (      16 calls)
     fft          :      1.53s CPU      2.22s WALL (      15 calls)
     ffts         :      0.04s CPU      0.11s WALL (       2 calls)
     fftw         :      3.26s CPU      3.90s WALL (     672 calls)
     davcio       :      0.01s CPU      0.32s WALL (      32 calls)

     Parallel routines
     fft_scatter  :      2.16s CPU      3.38s WALL (     689 calls)

     Plugins

     GIPAW        :     60.79s CPU     72.55s WALL (       1 calls)
