
     Program QE v.6.0 (svn rev. 13079) starts on 15Jan2017 at  6: 5: 5 

     This program is part of the open-source Quantum ESPRESSO suite
     for quantum simulation of materials; please cite
         "P. Giannozzi et al., J. Phys.:Condens. Matter 21 395502 (2009);
          URL http://www.quantum-espresso.org", 
     in publications or presentations arising from this work. More details at
     http://www.quantum-espresso.org/quote

     Parallel version (MPI), running on     8 processors
     R & G space division:  proc/nbgrp/npool/nimage =       8

     ***** This is GIPAW svn revision unknown      *****

     Parallelizing q-star over 1 images

     Reading data from directory:
     /users/majewski/paradichlorobenzene/pbe/9_constraint/scratch/pbe.ecut100.np8.dt60.pcl2phi-129368.save
     Message from routine read_xml_file:
     file /users/majewski/paradichlorobenzene/pbe/9_constraint/scratch/pbe.ecut100.np8.dt60.pcl2phi-129368.save not guaranteed to be safe for post-processing

   Info: using nr1, nr2, nr3 values from input

   Info: using nr1, nr2, nr3 values from input

     IMPORTANT: XC functional enforced from input :
     Exchange-correlation      =  SLA  PW   PBX  PBC ( 1  4  3  4 0 0)
     Any further DFT definition will be discarded
     Please, verify this is what you really want

               file C.pbe-n-kjpaw_psl.1.0.0.UPF: wavefunction(s)  2S 2P renormalized
               file Cl.pbe-n-kjpaw_psl.1.0.0.UPF: wavefunction(s)  3S 3P renormalized
               file H.pbe-kjpaw_psl.1.0.0.UPF: wavefunction(s)  1S renormalized

     Parallelization info
     --------------------
     sticks:   dense  smooth     PW     G-vecs:    dense   smooth      PW
     Min        3057    1223    332               144436    36536    5170
     Max        3059    1225    333               144437    36537    5171
     Sum       24467    9791   2657              1155489   292295   41363


     Subspace diagonalization in iterative solution of the eigenvalue problem:
     a serial algorithm will be used

     GIPAW projectors -----------------------------------------------
     atom=  C    l=0  rc=    1.2000  rs=    0.8000
     atom=  C    l=0  rc=    1.2000  rs=    0.8000
     atom=  C    l=1  rc=    1.4000  rs=    0.9333
     atom=  C    l=1  rc=    1.4000  rs=    0.9333
     projs nearly linearly dependent: l=1  n1,n2= 1, 2  s=  0.99951561

     atom=  Cl   l=0  rc=    1.6000  rs=    1.0667
     atom=  Cl   l=0  rc=    1.6000  rs=    1.0667
     atom=  Cl   l=1  rc=    1.6000  rs=    1.0667
     atom=  Cl   l=1  rc=    1.6000  rs=    1.0667
     atom=  Cl   l=2  rc=    1.6000  rs=    1.0667
     atom=  Cl   l=2  rc=    1.6000  rs=    1.0667
     projs nearly linearly dependent: l=2  n1,n2= 1, 2  s=  0.99993509

     atom=  H    l=0  rc=    1.0000  rs=    0.6667
     atom=  H    l=0  rc=    1.0000  rs=    0.6667
     projs nearly linearly dependent: l=0  n1,n2= 1, 2  s=  0.99968852
     -----------------------------------------------------------------

     GIPAW integrals: -------------------------------------------
     Atom  i/j   nmr_para   nmr_dia   epr_rmc  epr_para   epr_dia
       C   1 1   0.83E+03  0.17E-01  0.93E+01  0.24E+08  0.24E+03
       C   2 1   0.86E+03 -0.61E-01  0.94E+01  0.25E+08  0.25E+03
       C   2 2   0.90E+03 -0.15E+00  0.97E+01  0.26E+08  0.26E+03
       C   3 3   0.33E+01  0.34E+00  0.18E+01  0.55E+03  0.21E+02
       C   4 3   0.35E+01  0.37E+00  0.20E+01  0.59E+03  0.22E+02
       C   4 4   0.38E+01  0.39E+00  0.22E+01  0.63E+03  0.24E+02
       Cl  1 1   0.14E+04 -0.47E+00  0.84E+01  0.32E+09  0.42E+03
       Cl  2 1   0.21E+04 -0.37E+00  0.12E+02  0.49E+09  0.65E+03
       Cl  2 2   0.33E+04 -0.16E+00  0.21E+02  0.76E+09  0.10E+04
       Cl  3 3   0.21E+02  0.79E-01  0.89E+01  0.23E+05  0.13E+03
       Cl  4 3   0.24E+02  0.67E-01  0.99E+01  0.27E+05  0.15E+03
       Cl  4 4   0.28E+02  0.44E-01  0.11E+02  0.32E+05  0.18E+03
       Cl  5 5   0.77E+00  0.19E+00  0.18E+01  0.12E+03  0.22E+02
       Cl  6 5   0.80E+00  0.19E+00  0.19E+01  0.12E+03  0.23E+02
       Cl  6 6   0.83E+00  0.20E+00  0.19E+01  0.12E+03  0.23E+02
       H   1 1   0.39E+02  0.19E+00  0.29E+00  0.78E+05  0.13E+02
       H   2 1   0.41E+02  0.21E+00  0.32E+00  0.82E+05  0.14E+02
       H   2 2   0.43E+02  0.22E+00  0.36E+00  0.86E+05  0.15E+02
     ------------------------------------------------------------

     alpha_pv=     33.8807 eV

     Number of occupied bands for each k-point:
     k-point:     1    nbnd_occ=  42
     k-point:     2    nbnd_occ=  42
     k-point:     3    nbnd_occ=  42
     k-point:     4    nbnd_occ=  42
     k-point:     5    nbnd_occ=  42
     k-point:     6    nbnd_occ=  42
     k-point:     7    nbnd_occ=  42
     k-point:     8    nbnd_occ=  42
     k-point:     9    nbnd_occ=  42
     k-point:    10    nbnd_occ=  42
     k-point:    11    nbnd_occ=  42
     k-point:    12    nbnd_occ=  42
     k-point:    13    nbnd_occ=  42
     k-point:    14    nbnd_occ=  42
     k-point:    15    nbnd_occ=  42
     k-point:    16    nbnd_occ=  42


     q-space interpolation up to   110.00 Rydberg

     GIPAW job: efg                                                                             


     ELECTRIC FIELD GRADIENTS TENSORS IN Hartree/bohrradius^2:

     ----- bare term -----
     Cl   1       -0.118997        0.104077        0.040355
     Cl   1        0.104077       -0.060347        0.026697
     Cl   1        0.040355        0.026697        0.179344

     C    2       -0.323640       -0.178676       -0.285453
     C    2       -0.178676       -0.078204       -0.574881
     C    2       -0.285453       -0.574881        0.401844

     C    3       -0.034228        0.037667       -0.386317
     C    3        0.037667       -0.307697       -0.526383
     C    3       -0.386317       -0.526383        0.341925

     H    4       -0.692637       -0.077157       -0.106326
     H    4       -0.077157        0.400391       -0.202527
     H    4       -0.106326       -0.202527        0.292246

     C    5        0.052916        0.567952        0.057015
     C    5        0.567952       -0.450812       -0.381968
     C    5        0.057015       -0.381968        0.397896

     H    6       -0.111978       -0.314708       -0.325887
     H    6       -0.314708       -0.096258       -0.391229
     H    6       -0.325887       -0.391229        0.208236

     H    7        0.244292       -0.057863       -0.364857
     H    7       -0.057863       -0.191331        0.401440
     H    7       -0.364857        0.401440       -0.052961

     C    8       -0.601225       -0.313092       -0.301289
     C    8       -0.313092        0.184321        0.219597
     C    8       -0.301289        0.219597        0.416904

     H    9       -0.279554       -0.148141       -0.515940
     H    9       -0.148141        0.055501        0.011901
     H    9       -0.515940        0.011901        0.224053

     C   10       -0.002934        0.030017       -0.264159
     C   10        0.030017       -0.110858        0.589233
     C   10       -0.264159        0.589233        0.113791

     C   11       -0.607377       -0.310680       -0.387152
     C   11       -0.310680        0.281893        0.154927
     C   11       -0.387152        0.154927        0.325484

     Cl  12       -0.004866       -0.068538       -0.019860
     Cl  12       -0.068538        0.121933       -0.013386
     Cl  12       -0.019860       -0.013386       -0.117068

     H   13        0.276959        0.097931       -0.397043
     H   13        0.097931        0.023100       -0.252343
     H   13       -0.397043       -0.252343       -0.300059

     C   14       -0.494770        0.355716        0.017596
     C   14        0.355716        0.161493       -0.277602
     C   14        0.017596       -0.277602        0.333277

     H   15       -0.239639        0.290965       -0.411558
     H   15        0.290965       -0.080586       -0.075674
     H   15       -0.411558       -0.075674        0.320225

     C   16        0.070725       -0.026121       -0.241936
     C   16       -0.026121       -0.082955       -0.614269
     C   16       -0.241936       -0.614269        0.012230

     C   17       -0.699379        0.355731       -0.344040
     C   17        0.355731        0.304044       -0.027045
     C   17       -0.344040       -0.027045        0.395335

     Cl  18        0.059205       -0.044657       -0.085454
     Cl  18       -0.044657       -0.067062       -0.171142
     Cl  18       -0.085454       -0.171142        0.007857

     H   19        0.429702        0.053703       -0.028659
     H   19        0.053703       -0.443044        0.601812
     H   19       -0.028659        0.601812        0.013342

     C   20       -0.194651       -0.115610       -0.290187
     C   20       -0.115610       -0.140928        0.395301
     C   20       -0.290187        0.395301        0.335579

     H   21       -0.149042        0.163228       -0.552986
     H   21        0.163228        0.406947        0.189299
     H   21       -0.552986        0.189299       -0.257904

     C   22       -0.452081       -0.299390       -0.312380
     C   22       -0.299390       -0.046784        0.300794
     C   22       -0.312380        0.300794        0.498865

     C   23       -0.020989        0.186471       -0.432892
     C   23        0.186471       -0.175746        0.553829
     C   23       -0.432892        0.553829        0.196736

     Cl  24       -0.012819       -0.167800        0.034847
     Cl  24       -0.167800       -0.075710        0.017475
     Cl  24        0.034847        0.017475        0.088529

     ----- ionic term -----
     Cl   1        0.070616       -0.182284       -0.033942
     Cl   1       -0.182284        0.051896        0.036769
     Cl   1       -0.033942        0.036769       -0.122512

     C    2        0.175526       -0.159495        0.251211
     C    2       -0.159495        0.057406        0.423508
     C    2        0.251211        0.423508       -0.232933

     C    3        0.099514       -0.163263        0.164653
     C    3       -0.163263        0.152609        0.464632
     C    3        0.164653        0.464632       -0.252124

     H    4        0.764598        0.263968        0.581629
     H    4        0.263968       -0.478694        0.196660
     H    4        0.581629        0.196660       -0.285904

     C    5        0.274586       -0.150223        0.229808
     C    5       -0.150223        0.037626        0.318025
     C    5        0.229808        0.318025       -0.312212

     H    6       -0.433157        0.327391        0.225897
     H    6        0.327391        0.515644        0.726609
     H    6        0.225897        0.726609       -0.082487

     H    7       -0.491049       -0.177692        0.148066
     H    7       -0.177692        0.420675       -0.771644
     H    7        0.148066       -0.771644        0.070373

     C    8        0.246867        0.177733        0.292464
     C    8        0.177733        0.018850       -0.308809
     C    8        0.292464       -0.308809       -0.265716

     H    9        0.555417       -0.227899        0.719634
     H    9       -0.227899       -0.443690       -0.217847
     H    9        0.719634       -0.217847       -0.111727

     C   10        0.084804        0.213048        0.221089
     C   10        0.213048        0.200150       -0.407770
     C   10        0.221089       -0.407770       -0.284954

     C   11        0.158627        0.123826        0.358187
     C   11        0.123826        0.111585       -0.409973
     C   11        0.358187       -0.409973       -0.270212

     Cl  12        0.109831        0.198714        0.020945
     Cl  12        0.198714        0.030989        0.004025
     Cl  12        0.020945        0.004025       -0.140820

     H   13       -0.503129        0.186308        0.172869
     H   13        0.186308        0.381074        0.814290
     H   13        0.172869        0.814290        0.122056

     C   14        0.284606       -0.268377        0.201302
     C   14       -0.268377       -0.003563        0.338508
     C   14        0.201302        0.338508       -0.281043

     H   15        0.697193        0.144224        0.675734
     H   15        0.144224       -0.502373        0.156217
     H   15        0.675734        0.156217       -0.194819

     C   16        0.150081       -0.274930        0.145354
     C   16       -0.274930        0.112791        0.432166
     C   16        0.145354        0.432166       -0.262872

     C   17        0.212099       -0.192398        0.223316
     C   17       -0.192398        0.048533        0.405457
     C   17        0.223316        0.405457       -0.260632

     Cl  18        0.080894       -0.215723       -0.031286
     Cl  18       -0.215723        0.052565        0.035656
     Cl  18       -0.031286        0.035656       -0.133458

     H   19       -0.523115       -0.081162        0.069663
     H   19       -0.081162        0.601158       -0.738619
     H   19        0.069663       -0.738619       -0.078044

     C   20        0.260224        0.157844        0.331375
     C   20        0.157844        0.025248       -0.301474
     C   20        0.331375       -0.301474       -0.285472

     H   21        0.528964       -0.219218        0.744634
     H   21       -0.219218       -0.473135       -0.216673
     H   21        0.744634       -0.216673       -0.055829

     C   22        0.094135        0.197849        0.238662
     C   22        0.197849        0.151840       -0.381737
     C   22        0.238662       -0.381737       -0.245974

     C   23        0.167223        0.187586        0.274669
     C   23        0.187586        0.108744       -0.414259
     C   23        0.274669       -0.414259       -0.275967

     Cl  24        0.115283        0.210082       -0.005511
     Cl  24        0.210082        0.031330       -0.018813
     Cl  24       -0.005511       -0.018813       -0.146613

     ----- GIPAW term -----
     Cl   1       -0.589756       -1.115139        0.948151
     Cl   1       -1.115139       -1.489437        0.551837
     Cl   1        0.948151        0.551837        2.079193

     C    2       -0.059623       -0.170387        0.033758
     C    2       -0.170387       -0.075392       -0.161114
     C    2        0.033758       -0.161114        0.135016

     C    3        0.030723       -0.065783       -0.168364
     C    3       -0.065783       -0.076427       -0.049613
     C    3       -0.168364       -0.049613        0.045703

     H    4       -0.000000        0.000000        0.000000
     H    4        0.000000        0.000000        0.000000
     H    4        0.000000        0.000000        0.000000

     C    5        0.157034        0.212499        0.146742
     C    5        0.212499       -0.153911       -0.013874
     C    5        0.146742       -0.013874       -0.003124

     H    6       -0.000000        0.000000        0.000000
     H    6        0.000000        0.000000        0.000000
     H    6        0.000000        0.000000        0.000000

     H    7       -0.000000        0.000000        0.000000
     H    7        0.000000        0.000000        0.000000
     H    7        0.000000        0.000000        0.000000

     C    8       -0.113293        0.062999       -0.040064
     C    8        0.062999        0.143655        0.000622
     C    8       -0.040064        0.000622       -0.030362

     H    9       -0.000000        0.000000        0.000000
     H    9        0.000000        0.000000        0.000000
     H    9        0.000000        0.000000        0.000000

     C   10       -0.100845        0.115630       -0.057617
     C   10        0.115630        0.218341        0.010253
     C   10       -0.057617        0.010253       -0.117495

     C   11       -0.132104       -0.008798       -0.035941
     C   11       -0.008798        0.222653       -0.100947
     C   11       -0.035941       -0.100947       -0.090549

     Cl  12        0.144549        0.731096       -0.093939
     Cl  12        0.731096        2.617462       -0.084348
     Cl  12       -0.093939       -0.084348       -2.762011

     H   13       -0.000000        0.000000        0.000000
     H   13        0.000000        0.000000        0.000000
     H   13        0.000000        0.000000        0.000000

     C   14       -0.070383       -0.118649        0.097394
     C   14       -0.118649        0.126450       -0.112745
     C   14        0.097394       -0.112745       -0.056066

     H   15       -0.000000        0.000000        0.000000
     H   15        0.000000        0.000000        0.000000
     H   15        0.000000        0.000000        0.000000

     C   16       -0.106694       -0.089175       -0.035952
     C   16       -0.089175        0.259604       -0.015012
     C   16       -0.035952       -0.015012       -0.152910

     C   17       -0.125316        0.091265        0.047180
     C   17        0.091265        0.146069        0.186494
     C   17        0.047180        0.186494       -0.020753

     Cl  18       -0.007619       -0.123948        0.832237
     Cl  18       -0.123948        0.423103        1.496664
     Cl  18        0.832237        1.496664       -0.415484

     H   19       -0.000000        0.000000        0.000000
     H   19        0.000000        0.000000        0.000000
     H   19        0.000000        0.000000        0.000000

     C   20       -0.069808        0.004159       -0.048569
     C   20        0.004159        0.035976       -0.010134
     C   20       -0.048569       -0.010134        0.033832

     H   21       -0.000000        0.000000        0.000000
     H   21        0.000000        0.000000        0.000000
     H   21        0.000000        0.000000        0.000000

     C   22       -0.157992       -0.043354       -0.059620
     C   22       -0.043354        0.006035       -0.017275
     C   22       -0.059620       -0.017275        0.151958

     C   23        0.069047        0.217740       -0.106982
     C   23        0.217740        0.005540        0.035983
     C   23       -0.106982        0.035983       -0.074588

     Cl  24        1.774650        1.638991        0.265925
     Cl  24        1.638991       -0.428163        0.107993
     Cl  24        0.265925        0.107993       -1.346486

     ----- total EFG -----
     Cl   1       -0.638137       -1.193345        0.954564
     Cl   1       -1.193345       -1.497888        0.615303
     Cl   1        0.954564        0.615303        2.136025

     C    2       -0.207737       -0.508558       -0.000484
     C    2       -0.508558       -0.096190       -0.312487
     C    2       -0.000484       -0.312487        0.303926

     C    3        0.096010       -0.191379       -0.390029
     C    3       -0.191379       -0.231514       -0.111364
     C    3       -0.390029       -0.111364        0.135505

     H    4        0.071960        0.186811        0.475303
     H    4        0.186811       -0.078303       -0.005867
     H    4        0.475303       -0.005867        0.006342

     C    5        0.484536        0.630228        0.433566
     C    5        0.630228       -0.567097       -0.077817
     C    5        0.433566       -0.077817        0.082561

     H    6       -0.545135        0.012683       -0.099990
     H    6        0.012683        0.419386        0.335381
     H    6       -0.099990        0.335381        0.125749

     H    7       -0.246756       -0.235555       -0.216791
     H    7       -0.235555        0.229345       -0.370204
     H    7       -0.216791       -0.370204        0.017412

     C    8       -0.467651       -0.072360       -0.048890
     C    8       -0.072360        0.346825       -0.088590
     C    8       -0.048890       -0.088590        0.120826

     H    9        0.275863       -0.376040        0.203694
     H    9       -0.376040       -0.388189       -0.205947
     H    9        0.203694       -0.205947        0.112326

     C   10       -0.018975        0.358695       -0.100687
     C   10        0.358695        0.307633        0.191717
     C   10       -0.100687        0.191717       -0.288658

     C   11       -0.580853       -0.195651       -0.064906
     C   11       -0.195651        0.616130       -0.355993
     C   11       -0.064906       -0.355993       -0.035277

     Cl  12        0.249515        0.861271       -0.092853
     Cl  12        0.861271        2.770383       -0.093710
     Cl  12       -0.092853       -0.093710       -3.019898

     H   13       -0.226170        0.284239       -0.224174
     H   13        0.284239        0.404173        0.561947
     H   13       -0.224174        0.561947       -0.178003

     C   14       -0.280548       -0.031310        0.316293
     C   14       -0.031310        0.284380       -0.051838
     C   14        0.316293       -0.051838       -0.003832

     H   15        0.457554        0.435189        0.264176
     H   15        0.435189       -0.582959        0.080543
     H   15        0.264176        0.080543        0.125405

     C   16        0.114113       -0.390226       -0.132534
     C   16       -0.390226        0.289440       -0.197116
     C   16       -0.132534       -0.197116       -0.403553

     C   17       -0.612597        0.254598       -0.073543
     C   17        0.254598        0.498646        0.564907
     C   17       -0.073543        0.564907        0.113950

     Cl  18        0.132479       -0.384328        0.715496
     Cl  18       -0.384328        0.408605        1.361178
     Cl  18        0.715496        1.361178       -0.541085

     H   19       -0.093413       -0.027459        0.041004
     H   19       -0.027459        0.158115       -0.136807
     H   19        0.041004       -0.136807       -0.064702

     C   20       -0.004236        0.046393       -0.007381
     C   20        0.046393       -0.079703        0.083693
     C   20       -0.007381        0.083693        0.083939

     H   21        0.379922       -0.055989        0.191648
     H   21       -0.055989       -0.066188       -0.027374
     H   21        0.191648       -0.027374       -0.313733

     C   22       -0.515938       -0.144895       -0.133338
     C   22       -0.144895        0.111090       -0.098218
     C   22       -0.133338       -0.098218        0.404848

     C   23        0.215281        0.591798       -0.265205
     C   23        0.591798       -0.061462        0.175553
     C   23       -0.265205        0.175553       -0.153819

     Cl  24        1.877114        1.681272        0.295261
     Cl  24        1.681272       -0.472543        0.106655
     Cl  24        0.295261        0.106655       -1.404571

     ----- total EFG (symmetrized) -----
     Cl   1       -0.638137       -1.193345        0.954564
     Cl   1       -1.193345       -1.497888        0.615303
     Cl   1        0.954564        0.615303        2.136025

     C    2       -0.207737       -0.508558       -0.000484
     C    2       -0.508558       -0.096190       -0.312487
     C    2       -0.000484       -0.312487        0.303926

     C    3        0.096010       -0.191379       -0.390029
     C    3       -0.191379       -0.231514       -0.111364
     C    3       -0.390029       -0.111364        0.135505

     H    4        0.071960        0.186811        0.475303
     H    4        0.186811       -0.078303       -0.005867
     H    4        0.475303       -0.005867        0.006342

     C    5        0.484536        0.630228        0.433566
     C    5        0.630228       -0.567097       -0.077817
     C    5        0.433566       -0.077817        0.082561

     H    6       -0.545135        0.012683       -0.099990
     H    6        0.012683        0.419386        0.335381
     H    6       -0.099990        0.335381        0.125749

     H    7       -0.246756       -0.235555       -0.216791
     H    7       -0.235555        0.229345       -0.370204
     H    7       -0.216791       -0.370204        0.017412

     C    8       -0.467651       -0.072360       -0.048890
     C    8       -0.072360        0.346825       -0.088590
     C    8       -0.048890       -0.088590        0.120826

     H    9        0.275863       -0.376040        0.203694
     H    9       -0.376040       -0.388189       -0.205947
     H    9        0.203694       -0.205947        0.112326

     C   10       -0.018975        0.358695       -0.100687
     C   10        0.358695        0.307633        0.191717
     C   10       -0.100687        0.191717       -0.288658

     C   11       -0.580853       -0.195651       -0.064906
     C   11       -0.195651        0.616130       -0.355993
     C   11       -0.064906       -0.355993       -0.035277

     Cl  12        0.249515        0.861271       -0.092853
     Cl  12        0.861271        2.770383       -0.093710
     Cl  12       -0.092853       -0.093710       -3.019898

     H   13       -0.226170        0.284239       -0.224174
     H   13        0.284239        0.404173        0.561947
     H   13       -0.224174        0.561947       -0.178003

     C   14       -0.280548       -0.031310        0.316293
     C   14       -0.031310        0.284380       -0.051838
     C   14        0.316293       -0.051838       -0.003832

     H   15        0.457554        0.435189        0.264176
     H   15        0.435189       -0.582959        0.080543
     H   15        0.264176        0.080543        0.125405

     C   16        0.114113       -0.390226       -0.132534
     C   16       -0.390226        0.289440       -0.197116
     C   16       -0.132534       -0.197116       -0.403553

     C   17       -0.612597        0.254598       -0.073543
     C   17        0.254598        0.498646        0.564907
     C   17       -0.073543        0.564907        0.113950

     Cl  18        0.132479       -0.384328        0.715496
     Cl  18       -0.384328        0.408605        1.361178
     Cl  18        0.715496        1.361178       -0.541085

     H   19       -0.093413       -0.027459        0.041004
     H   19       -0.027459        0.158115       -0.136807
     H   19        0.041004       -0.136807       -0.064702

     C   20       -0.004236        0.046393       -0.007381
     C   20        0.046393       -0.079703        0.083693
     C   20       -0.007381        0.083693        0.083939

     H   21        0.379922       -0.055989        0.191648
     H   21       -0.055989       -0.066188       -0.027374
     H   21        0.191648       -0.027374       -0.313733

     C   22       -0.515938       -0.144895       -0.133338
     C   22       -0.144895        0.111090       -0.098218
     C   22       -0.133338       -0.098218        0.404848

     C   23        0.215281        0.591798       -0.265205
     C   23        0.591798       -0.061462        0.175553
     C   23       -0.265205        0.175553       -0.153819

     Cl  24        1.877114        1.681272        0.295261
     Cl  24        1.681272       -0.472543        0.106655
     Cl  24        0.295261        0.106655       -1.404571


     NQR/NMR SPECTROSCOPIC PARAMETERS:
     Cl   1    Vxx=    0.1262    axis=(  0.762045 -0.624618 -0.170704)
     Cl   1    Vyy=    2.4486    axis=( -0.270724 -0.067854 -0.960263)
     Cl   1    Vzz=   -2.5748    axis=(  0.588215  0.777977 -0.220807)
     Cl   1  Q=        -8.1650 1e-30 m^2  Cq=        49.3961 MHz  eta= 0.90199

     C    2    Vxx=    0.1270    axis=( -0.600525  0.394633  0.695439)
     C    2    Vyy=    0.5819    axis=(  0.393350 -0.611416  0.686619)
     C    2    Vzz=   -0.7089    axis=(  0.696165  0.685883  0.211942)
     C    2  Q=         1.0000 1e-30 m^2  Cq=        -1.6657 MHz  eta= 0.64165

     C    3    Vxx=   -0.0393    axis=(  0.440455 -0.736113  0.513942)
     C    3    Vyy=   -0.4709    axis=( -0.559903 -0.672722 -0.483688)
     C    3    Vzz=    0.5101    axis=( -0.701789  0.074715  0.708456)
     C    3  Q=         1.0000 1e-30 m^2  Cq=         1.1986 MHz  eta= 0.84611

     H    4    Vxx=   -0.0624    axis=(  0.066518  0.922089 -0.381217)
     H    4    Vyy=   -0.4822    axis=( -0.676528  0.322509  0.662041)
     H    4    Vzz=    0.5446    axis=( -0.733407 -0.213867 -0.645272)
     H    4  Q=         1.0000 1e-30 m^2  Cq=         1.2796 MHz  eta= 0.77085

     C    5    Vxx=   -0.0065    axis=( -0.253267 -0.406567  0.877815)
     C    5    Vyy=   -0.9310    axis=( -0.458265  0.849551  0.261259)
     C    5    Vzz=    0.9375    axis=( -0.851968 -0.336104 -0.401479)
     C    5  Q=         1.0000 1e-30 m^2  Cq=         2.2027 MHz  eta= 0.98615

     H    6    Vxx=   -0.0761    axis=( -0.188658 -0.547133  0.815508)
     H    6    Vyy=   -0.5642    axis=(  0.981325 -0.073294  0.177844)
     H    6    Vzz=    0.6403    axis=( -0.037532  0.833831  0.550743)
     H    6  Q=         1.0000 1e-30 m^2  Cq=         1.5045 MHz  eta= 0.76222

     H    7    Vxx=    0.0570    axis=(  0.708445 -0.349218 -0.613313)
     H    7    Vyy=    0.5137    axis=(  0.090594 -0.816818  0.569738)
     H    7    Vzz=   -0.5707    axis=(  0.699928  0.459191  0.547033)
     H    7  Q=         1.0000 1e-30 m^2  Cq=        -1.3410 MHz  eta= 0.80013

     C    8    Vxx=    0.0987    axis=( -0.120273  0.302515  0.945526)
     C    8    Vyy=    0.3807    axis=( -0.062931  0.948201 -0.311376)
     C    8    Vzz=   -0.4794    axis=( -0.990744 -0.096953 -0.095005)
     C    8  Q=         1.0000 1e-30 m^2  Cq=        -1.1264 MHz  eta= 0.58825

     H    9    Vxx=   -0.0234    axis=( -0.517373  0.051052  0.854236)
     H    9    Vyy=   -0.5754    axis=( -0.364907 -0.916079 -0.166260)
     H    9    Vzz=    0.5987    axis=(  0.774060 -0.397735  0.492584)
     H    9  Q=         1.0000 1e-30 m^2  Cq=         1.4067 MHz  eta= 0.92200

     C   10    Vxx=   -0.0878    axis=(  0.693465 -0.314885 -0.648038)
     C   10    Vyy=   -0.4650    axis=( -0.509030  0.422419 -0.749967)
     C   10    Vzz=    0.5527    axis=( -0.509897 -0.849947 -0.132647)
     C   10  Q=         1.0000 1e-30 m^2  Cq=         1.2987 MHz  eta= 0.68246

     C   11    Vxx=   -0.1502    axis=( -0.289825  0.341382  0.894125)
     C   11    Vyy=   -0.6401    axis=(  0.950459  0.212363  0.227003)
     C   11    Vzz=    0.7902    axis=( -0.112384  0.915620 -0.386018)
     C   11  Q=         1.0000 1e-30 m^2  Cq=         1.8567 MHz  eta= 0.61996

     Cl  12    Vxx=   -0.0154    axis=(  0.954993 -0.295934 -0.020284)
     Cl  12    Vyy=   -3.0234    axis=( -0.025086 -0.012439 -0.999608)
     Cl  12    Vzz=    3.0388    axis=(  0.295565  0.955127 -0.019303)
     Cl  12  Q=        -8.1650 1e-30 m^2  Cq=       -58.2978 MHz  eta= 0.98986

     H   13    Vxx=   -0.0178    axis=(  0.820860  0.172236 -0.544540)
     H   13    Vyy=   -0.7459    axis=( -0.553979  0.472017 -0.685790)
     H   13    Vzz=    0.7637    axis=(  0.138914  0.864601  0.482875)
     H   13  Q=         1.0000 1e-30 m^2  Cq=         1.7944 MHz  eta= 0.95334

     C   14    Vxx=    0.1708    axis=(  0.484381  0.470218  0.737747)
     C   14    Vyy=    0.3166    axis=( -0.255390  0.882546 -0.394827)
     C   14    Vzz=   -0.4874    axis=( -0.836750  0.002833  0.547577)
     C   14  Q=         1.0000 1e-30 m^2  Cq=        -1.1453 MHz  eta= 0.29920

     H   15    Vxx=    0.0018    axis=( -0.379126 -0.156547  0.912007)
     H   15    Vyy=    0.7395    axis=(  0.858766  0.307563  0.409787)
     H   15    Vzz=   -0.7412    axis=( -0.344650  0.938562  0.017832)
     H   15  Q=         1.0000 1e-30 m^2  Cq=        -1.7416 MHz  eta= 0.99525

     C   16    Vxx=   -0.0543    axis=(  0.694262  0.481331 -0.535090)
     C   16    Vyy=   -0.5528    axis=(  0.387528  0.376493  0.841472)
     C   16    Vzz=    0.6071    axis=( -0.606484  0.791564 -0.074856)
     C   16  Q=         1.0000 1e-30 m^2  Cq=         1.4264 MHz  eta= 0.82116

     C   17    Vxx=   -0.1930    axis=( -0.423255 -0.474536  0.771797)
     C   17    Vyy=   -0.7280    axis=( -0.899436  0.322517 -0.294955)
     C   17    Vzz=    0.9211    axis=( -0.108951 -0.819023 -0.563321)
     C   17  Q=         1.0000 1e-30 m^2  Cq=         2.1641 MHz  eta= 0.58081

     Cl  18    Vxx=    0.4527    axis=(  0.920209 -0.301133  0.250069)
     Cl  18    Vyy=    1.3853    axis=( -0.097688 -0.795326 -0.598258)
     Cl  18    Vzz=   -1.8380    axis=(  0.379042  0.526094 -0.761284)
     Cl  18  Q=        -8.1650 1e-30 m^2  Cq=        35.2609 MHz  eta= 0.50741

     H   19    Vxx=   -0.0850    axis=( -0.864662 -0.316974 -0.389727)
     H   19    Vyy=   -0.1438    axis=( -0.484920  0.324034  0.812315)
     H   19    Vzz=    0.2287    axis=(  0.131198 -0.891364  0.433887)
     H   19  Q=         1.0000 1e-30 m^2  Cq=         0.5375 MHz  eta= 0.25686

     C   20    Vxx=    0.0111    axis=(  0.935868  0.274620 -0.220761)
     C   20    Vyy=    0.1202    axis=(  0.096329  0.403254  0.910004)
     C   20    Vzz=   -0.1314    axis=(  0.338928 -0.872909  0.350939)
     C   20  Q=         1.0000 1e-30 m^2  Cq=        -0.3087 MHz  eta= 0.83071

     H   21    Vxx=   -0.0731    axis=(  0.127393  0.991787 -0.011363)
     H   21    Vyy=   -0.3637    axis=( -0.246322  0.042733  0.968246)
     H   21    Vzz=    0.4368    axis=(  0.960779 -0.120548  0.249743)
     H   21  Q=         1.0000 1e-30 m^2  Cq=         1.0262 MHz  eta= 0.66542

     C   22    Vxx=    0.1284    axis=(  0.255924 -0.943242 -0.211654)
     C   22    Vyy=    0.4430    axis=( -0.097473 -0.243009  0.965114)
     C   22    Vzz=   -0.5714    axis=( -0.961770 -0.226365 -0.154133)
     C   22  Q=         1.0000 1e-30 m^2  Cq=        -1.3426 MHz  eta= 0.55071

     C   23    Vxx=    0.0031    axis=( -0.205851  0.460705  0.863352)
     C   23    Vyy=    0.6972    axis=( -0.796131 -0.591860  0.126006)
     C   23    Vzz=   -0.7003    axis=(  0.569035 -0.661402  0.488617)
     C   23  Q=         1.0000 1e-30 m^2  Cq=        -1.6454 MHz  eta= 0.99116

     Cl  24    Vxx=   -1.3308    axis=(  0.397793 -0.828293  0.394576)
     Cl  24    Vyy=   -1.4457    axis=(  0.243069 -0.319555 -0.915861)
     Cl  24    Vzz=    2.7765    axis=(  0.884691  0.460233  0.074216)
     Cl  24  Q=        -8.1650 1e-30 m^2  Cq=       -53.2660 MHz  eta= 0.04139

     Initialization:
     gipaw_setup  :      9.20s CPU     10.65s WALL (       1 calls)

     Linear response

     Apply operators

     Induced current

     Other routines
     efg          :      9.13s CPU     11.32s WALL (       1 calls)

     General routines
     calbec       :      3.20s CPU      4.08s WALL (      16 calls)
     fft          :      1.70s CPU      2.59s WALL (      15 calls)
     ffts         :      0.05s CPU      0.05s WALL (       2 calls)
     fftw         :      3.14s CPU      3.90s WALL (     672 calls)
     davcio       :      0.04s CPU      0.34s WALL (      32 calls)

     Parallel routines
     fft_scatter  :      2.20s CPU      3.71s WALL (     689 calls)

     Plugins

     GIPAW        :     60.89s CPU     73.76s WALL (       1 calls)
