
     Program QE v.6.0 (svn rev. 13079) starts on  5Jan2017 at 20: 8:14 

     This program is part of the open-source Quantum ESPRESSO suite
     for quantum simulation of materials; please cite
         "P. Giannozzi et al., J. Phys.:Condens. Matter 21 395502 (2009);
          URL http://www.quantum-espresso.org", 
     in publications or presentations arising from this work. More details at
     http://www.quantum-espresso.org/quote

     Parallel version (MPI), running on     8 processors
     R & G space division:  proc/nbgrp/npool/nimage =       8

     ***** This is GIPAW svn revision unknown      *****

     Parallelizing q-star over 1 images

     Reading data from directory:
     /users/majewski/paradichlorobenzene/pbe/9_constraint/scratch/pbe.ecut100.np8.dt60.pcl2phi-129368.save
     Message from routine read_xml_file:
     file /users/majewski/paradichlorobenzene/pbe/9_constraint/scratch/pbe.ecut100.np8.dt60.pcl2phi-129368.save not guaranteed to be safe for post-processing

   Info: using nr1, nr2, nr3 values from input

   Info: using nr1, nr2, nr3 values from input

     IMPORTANT: XC functional enforced from input :
     Exchange-correlation      =  SLA  PW   PBX  PBC ( 1  4  3  4 0 0)
     Any further DFT definition will be discarded
     Please, verify this is what you really want

               file C.pbe-n-kjpaw_psl.1.0.0.UPF: wavefunction(s)  2S 2P renormalized
               file Cl.pbe-n-kjpaw_psl.1.0.0.UPF: wavefunction(s)  3S 3P renormalized
               file H.pbe-kjpaw_psl.1.0.0.UPF: wavefunction(s)  1S renormalized

     Parallelization info
     --------------------
     sticks:   dense  smooth     PW     G-vecs:    dense   smooth      PW
     Min        3057    1223    332               144436    36536    5170
     Max        3059    1225    333               144437    36537    5171
     Sum       24467    9791   2657              1155489   292295   41363


     Subspace diagonalization in iterative solution of the eigenvalue problem:
     a serial algorithm will be used

     GIPAW projectors -----------------------------------------------
     atom=  C    l=0  rc=    1.2000  rs=    0.8000
     atom=  C    l=0  rc=    1.2000  rs=    0.8000
     atom=  C    l=1  rc=    1.4000  rs=    0.9333
     atom=  C    l=1  rc=    1.4000  rs=    0.9333
     projs nearly linearly dependent: l=1  n1,n2= 1, 2  s=  0.99951561

     atom=  Cl   l=0  rc=    1.6000  rs=    1.0667
     atom=  Cl   l=0  rc=    1.6000  rs=    1.0667
     atom=  Cl   l=1  rc=    1.6000  rs=    1.0667
     atom=  Cl   l=1  rc=    1.6000  rs=    1.0667
     atom=  Cl   l=2  rc=    1.6000  rs=    1.0667
     atom=  Cl   l=2  rc=    1.6000  rs=    1.0667
     projs nearly linearly dependent: l=2  n1,n2= 1, 2  s=  0.99993509

     atom=  H    l=0  rc=    1.0000  rs=    0.6667
     atom=  H    l=0  rc=    1.0000  rs=    0.6667
     projs nearly linearly dependent: l=0  n1,n2= 1, 2  s=  0.99968852
     -----------------------------------------------------------------

     GIPAW integrals: -------------------------------------------
     Atom  i/j   nmr_para   nmr_dia   epr_rmc  epr_para   epr_dia
       C   1 1   0.83E+03  0.17E-01  0.93E+01  0.24E+08  0.24E+03
       C   2 1   0.86E+03 -0.61E-01  0.94E+01  0.25E+08  0.25E+03
       C   2 2   0.90E+03 -0.15E+00  0.97E+01  0.26E+08  0.26E+03
       C   3 3   0.33E+01  0.34E+00  0.18E+01  0.55E+03  0.21E+02
       C   4 3   0.35E+01  0.37E+00  0.20E+01  0.59E+03  0.22E+02
       C   4 4   0.38E+01  0.39E+00  0.22E+01  0.63E+03  0.24E+02
       Cl  1 1   0.14E+04 -0.47E+00  0.84E+01  0.32E+09  0.42E+03
       Cl  2 1   0.21E+04 -0.37E+00  0.12E+02  0.49E+09  0.65E+03
       Cl  2 2   0.33E+04 -0.16E+00  0.21E+02  0.76E+09  0.10E+04
       Cl  3 3   0.21E+02  0.79E-01  0.89E+01  0.23E+05  0.13E+03
       Cl  4 3   0.24E+02  0.67E-01  0.99E+01  0.27E+05  0.15E+03
       Cl  4 4   0.28E+02  0.44E-01  0.11E+02  0.32E+05  0.18E+03
       Cl  5 5   0.77E+00  0.19E+00  0.18E+01  0.12E+03  0.22E+02
       Cl  6 5   0.80E+00  0.19E+00  0.19E+01  0.12E+03  0.23E+02
       Cl  6 6   0.83E+00  0.20E+00  0.19E+01  0.12E+03  0.23E+02
       H   1 1   0.39E+02  0.19E+00  0.29E+00  0.78E+05  0.13E+02
       H   2 1   0.41E+02  0.21E+00  0.32E+00  0.82E+05  0.14E+02
       H   2 2   0.43E+02  0.22E+00  0.36E+00  0.86E+05  0.15E+02
     ------------------------------------------------------------

     alpha_pv=     34.0040 eV

     Number of occupied bands for each k-point:
     k-point:     1    nbnd_occ=  42
     k-point:     2    nbnd_occ=  42
     k-point:     3    nbnd_occ=  42
     k-point:     4    nbnd_occ=  42
     k-point:     5    nbnd_occ=  42
     k-point:     6    nbnd_occ=  42
     k-point:     7    nbnd_occ=  42
     k-point:     8    nbnd_occ=  42
     k-point:     9    nbnd_occ=  42
     k-point:    10    nbnd_occ=  42
     k-point:    11    nbnd_occ=  42
     k-point:    12    nbnd_occ=  42
     k-point:    13    nbnd_occ=  42
     k-point:    14    nbnd_occ=  42
     k-point:    15    nbnd_occ=  42
     k-point:    16    nbnd_occ=  42


     q-space interpolation up to   110.00 Rydberg

     GIPAW job: efg                                                                             


     ELECTRIC FIELD GRADIENTS TENSORS IN Hartree/bohrradius^2:

     ----- bare term -----
     Cl   1        0.143798        0.020826       -0.071547
     Cl   1        0.020826       -0.117296        0.213819
     Cl   1       -0.071547        0.213819       -0.026501

     C    2       -0.515481        0.331563       -0.238543
     C    2        0.331563        0.149141       -0.347402
     C    2       -0.238543       -0.347402        0.366340

     C    3       -0.015093       -0.164227       -0.263219
     C    3       -0.164227       -0.055583       -0.689223
     C    3       -0.263219       -0.689223        0.070675

     H    4       -0.107449        0.091133       -0.584892
     H    4        0.091133        0.214084        0.168471
     H    4       -0.584892        0.168471       -0.106635

     C    5       -0.414267        0.307388       -0.150262
     C    5        0.307388        0.037567       -0.279009
     C    5       -0.150262       -0.279009        0.376700

     H    6        0.114719        0.024522       -0.406424
     H    6        0.024522       -0.133256       -0.404870
     H    6       -0.406424       -0.404870        0.018537

     H    7        0.225263        0.204802       -0.385442
     H    7        0.204802       -0.044386        0.493948
     H    7       -0.385442        0.493948       -0.180877

     C    8        0.062249       -0.572770        0.140808
     C    8       -0.572770       -0.516989        0.371380
     C    8        0.140808        0.371380        0.454740

     H    9       -0.323727       -0.134135       -0.593950
     H    9       -0.134135        0.263437       -0.058790
     H    9       -0.593950       -0.058790        0.060290

     C   10       -0.250375       -0.191113       -0.294190
     C   10       -0.191113       -0.068565        0.368284
     C   10       -0.294190        0.368284        0.318940

     C   11        0.050951       -0.447925       -0.099964
     C   11       -0.447925       -0.202241        0.546078
     C   11       -0.099964        0.546078        0.151289

     Cl  12       -0.033555       -0.002737       -0.124410
     Cl  12       -0.002737       -0.057040        0.081251
     Cl  12       -0.124410        0.081251        0.090595

     H   13        0.177642        0.099405        0.378957
     H   13        0.099405        0.052887       -0.448227
     H   13        0.378957       -0.448227       -0.230529

     C   14       -0.059615       -0.136006       -0.549845
     C   14       -0.136006       -0.164358       -0.392875
     C   14       -0.549845       -0.392875        0.223973

     H   15        0.084119       -0.079169       -0.211520
     H   15       -0.079169        0.504897       -0.186110
     H   15       -0.211520       -0.186110       -0.589016

     C   16       -0.149910        0.418398       -0.328473
     C   16        0.418398       -0.216073       -0.171031
     C   16       -0.328473       -0.171031        0.365983

     C   17        0.102330       -0.361412       -0.579926
     C   17       -0.361412       -0.245895       -0.560890
     C   17       -0.579926       -0.560890        0.143564

     Cl  18        0.021066        0.335631        0.026435
     Cl  18        0.335631       -0.163875       -0.021762
     Cl  18        0.026435       -0.021762        0.142810

     H   19        0.423528        0.036613       -0.066468
     H   19        0.036613       -0.545308        0.622846
     H   19       -0.066468        0.622846        0.121781

     C   20       -0.790109       -0.424721       -0.440377
     C   20       -0.424721        0.450106        0.081322
     C   20       -0.440377        0.081322        0.340003

     H   21       -0.352310        0.063502       -0.551522
     H   21        0.063502        0.094674        0.213054
     H   21       -0.551522        0.213054        0.257636

     C   22        0.103758       -0.545626        0.054204
     C   22       -0.545626       -0.383689        0.498242
     C   22        0.054204        0.498242        0.279931

     C   23       -0.544742       -0.299823       -0.387173
     C   23       -0.299823        0.266032        0.075563
     C   23       -0.387173        0.075563        0.278710

     Cl  24       -0.034894       -0.091112        0.054225
     Cl  24       -0.091112        0.011822       -0.082502
     Cl  24        0.054225       -0.082502        0.023072

     ----- ionic term -----
     Cl   1        0.079154       -0.221456        0.064758
     Cl   1       -0.221456        0.055576       -0.045490
     Cl   1        0.064758       -0.045490       -0.134730

     C    2        0.020467       -0.255270        0.402014
     C    2       -0.255270        0.124830        0.310401
     C    2        0.402014        0.310401       -0.145297

     C    3        0.047785       -0.254947        0.246005
     C    3       -0.254947        0.209330        0.371143
     C    3        0.246005        0.371143       -0.257115

     H    4        0.453359        0.268252        0.728855
     H    4        0.268252       -0.408047        0.261399
     H    4        0.728855        0.261399       -0.045312

     C    5        0.193071       -0.201290        0.336702
     C    5       -0.201290        0.042836        0.276874
     C    5        0.336702        0.276874       -0.235907

     H    6       -0.479623        0.178944        0.129281
     H    6        0.178944        0.500457        0.735908
     H    6        0.129281        0.735908       -0.020834

     H    7       -0.533767       -0.099217        0.093295
     H    7       -0.099217        0.503500       -0.791118
     H    7        0.093295       -0.791118        0.030267

     C    8        0.251182        0.272210        0.235441
     C    8        0.272210        0.027318       -0.327042
     C    8        0.235441       -0.327042       -0.278500

     H    9        0.541464       -0.012186        0.790507
     H    9       -0.012186       -0.562391       -0.109851
     H    9        0.790507       -0.109851        0.020928

     C   10        0.088273        0.348912        0.164735
     C   10        0.348912        0.149564       -0.446086
     C   10        0.164735       -0.446086       -0.237837

     C   11        0.167715        0.185635        0.205884
     C   11        0.185635        0.089427       -0.476469
     C   11        0.205884       -0.476469       -0.257143

     Cl  12        0.084475        0.195114       -0.035850
     Cl  12        0.195114        0.044795       -0.027028
     Cl  12       -0.035850       -0.027028       -0.129270

     H   13       -0.547653       -0.068306       -0.026509
     H   13       -0.068306        0.445048        0.782579
     H   13       -0.026509        0.782579        0.102605

     C   14        0.131782       -0.290171        0.333175
     C   14       -0.290171       -0.016248        0.259716
     C   14        0.333175        0.259716       -0.115534

     H   15        0.358031        0.252251        0.780880
     H   15        0.252251       -0.464932        0.277639
     H   15        0.780880        0.277639        0.106901

     C   16        0.016358       -0.247675        0.242576
     C   16       -0.247675        0.101931        0.416839
     C   16        0.242576        0.416839       -0.118289

     C   17        0.086327       -0.239982        0.252630
     C   17       -0.239982        0.062931        0.468050
     C   17        0.252630        0.468050       -0.149258

     Cl  18        0.117222       -0.213700       -0.008659
     Cl  18       -0.213700        0.025848        0.022467
     Cl  18       -0.008659        0.022467       -0.143070

     H   19       -0.485822       -0.176472        0.113685
     H   19       -0.176472        0.651982       -0.709508
     H   19        0.113685       -0.709508       -0.166160

     C   20        0.345009        0.203129        0.250328
     C   20        0.203129        0.033140       -0.305666
     C   20        0.250328       -0.305666       -0.378149

     H   21        0.637302       -0.248791        0.690766
     H   21       -0.248791       -0.446825       -0.214797
     H   21        0.690766       -0.214797       -0.190476

     C   22        0.189328        0.264491        0.183932
     C   22        0.264491        0.140645       -0.371964
     C   22        0.183932       -0.371964       -0.329973

     C   23        0.214411        0.209597        0.267588
     C   23        0.209597        0.058187       -0.354465
     C   23        0.267588       -0.354465       -0.272598

     Cl  24        0.132483        0.200652        0.005852
     Cl  24        0.200652       -0.000590       -0.010027
     Cl  24        0.005852       -0.010027       -0.131893

     ----- GIPAW term -----
     Cl   1       -0.286884       -0.832755       -0.529903
     Cl   1       -0.832755        0.391550       -1.637839
     Cl   1       -0.529903       -1.637839       -0.104666

     C    2       -0.104448       -0.137012       -0.001197
     C    2       -0.137012        0.208886       -0.111150
     C    2       -0.001197       -0.111150       -0.104439

     C    3       -0.081182       -0.170698        0.001561
     C    3       -0.170698        0.156134       -0.201079
     C    3        0.001561       -0.201079       -0.074952

     H    4       -0.000000        0.000000        0.000000
     H    4        0.000000        0.000000        0.000000
     H    4        0.000000        0.000000        0.000000

     C    5        0.011416       -0.136266        0.032297
     C    5       -0.136266        0.064087       -0.052880
     C    5        0.032297       -0.052880       -0.075503

     H    6       -0.000000        0.000000        0.000000
     H    6        0.000000        0.000000        0.000000
     H    6        0.000000        0.000000        0.000000

     H    7       -0.000000        0.000000        0.000000
     H    7        0.000000        0.000000        0.000000
     H    7        0.000000        0.000000        0.000000

     C    8        0.108863       -0.177071        0.198945
     C    8       -0.177071       -0.177216       -0.018048
     C    8        0.198945       -0.018048        0.068353

     H    9       -0.000000        0.000000        0.000000
     H    9        0.000000        0.000000        0.000000
     H    9        0.000000        0.000000        0.000000

     C   10        0.026048       -0.074348        0.016150
     C   10       -0.074348       -0.037708        0.017273
     C   10        0.016150        0.017273        0.011659

     C   11        0.143209       -0.152035       -0.000505
     C   11       -0.152035        0.027579        0.063641
     C   11       -0.000505        0.063641       -0.170788

     Cl  12        1.039453        1.916814       -1.204647
     Cl  12        1.916814       -0.562560        0.674935
     Cl  12       -1.204647        0.674935       -0.476893

     H   13       -0.000000        0.000000        0.000000
     H   13        0.000000        0.000000        0.000000
     H   13        0.000000        0.000000        0.000000

     C   14        0.109069       -0.099833       -0.244381
     C   14       -0.099833       -0.154381       -0.020922
     C   14       -0.244381       -0.020922        0.045312

     H   15       -0.000000        0.000000        0.000000
     H   15        0.000000        0.000000        0.000000
     H   15        0.000000        0.000000        0.000000

     C   16        0.007814        0.045575       -0.212278
     C   16        0.045575       -0.132645       -0.004730
     C   16       -0.212278       -0.004730        0.124832

     C   17        0.150652       -0.252511       -0.198584
     C   17       -0.252511       -0.076206       -0.005398
     C   17       -0.198584       -0.005398       -0.074445

     Cl  18        2.880665       -0.816169        0.264051
     Cl  18       -0.816169       -1.290810       -0.092424
     Cl  18        0.264051       -0.092424       -1.589855

     H   19       -0.000000        0.000000        0.000000
     H   19        0.000000        0.000000        0.000000
     H   19        0.000000        0.000000        0.000000

     C   20       -0.166397       -0.189550       -0.012855
     C   20       -0.189550        0.228382       -0.099091
     C   20       -0.012855       -0.099091       -0.061985

     H   21       -0.000000        0.000000        0.000000
     H   21        0.000000        0.000000        0.000000
     H   21        0.000000        0.000000        0.000000

     C   22       -0.018716       -0.212314        0.101642
     C   22       -0.212314        0.072612       -0.079417
     C   22        0.101642       -0.079417       -0.053896

     C   23       -0.017807       -0.135638        0.068622
     C   23       -0.135638        0.099276       -0.141001
     C   23        0.068622       -0.141001       -0.081469

     Cl  24        0.193792        0.119693        1.090133
     Cl  24        0.119693        0.834500       -1.918111
     Cl  24        1.090133       -1.918111       -1.028291

     ----- total EFG -----
     Cl   1       -0.063932       -1.033386       -0.536692
     Cl   1       -1.033386        0.329829       -1.469509
     Cl   1       -0.536692       -1.469509       -0.265897

     C    2       -0.599462       -0.060719        0.162274
     C    2       -0.060719        0.482857       -0.148151
     C    2        0.162274       -0.148151        0.116604

     C    3       -0.048490       -0.589872       -0.015654
     C    3       -0.589872        0.309882       -0.519159
     C    3       -0.015654       -0.519159       -0.261392

     H    4        0.345910        0.359384        0.143963
     H    4        0.359384       -0.193962        0.429869
     H    4        0.143963        0.429869       -0.151947

     C    5       -0.209780       -0.030169        0.218737
     C    5       -0.030169        0.144490       -0.055015
     C    5        0.218737       -0.055015        0.065291

     H    6       -0.364903        0.203466       -0.277143
     H    6        0.203466        0.367201        0.331038
     H    6       -0.277143        0.331038       -0.002298

     H    7       -0.308504        0.105585       -0.292146
     H    7        0.105585        0.459114       -0.297170
     H    7       -0.292146       -0.297170       -0.150610

     C    8        0.422294       -0.477631        0.575193
     C    8       -0.477631       -0.666886        0.026290
     C    8        0.575193        0.026290        0.244593

     H    9        0.217737       -0.146321        0.196557
     H    9       -0.146321       -0.298955       -0.168640
     H    9        0.196557       -0.168640        0.081218

     C   10       -0.136054        0.083451       -0.113306
     C   10        0.083451        0.043291       -0.060529
     C   10       -0.113306       -0.060529        0.092762

     C   11        0.361876       -0.414325        0.105416
     C   11       -0.414325       -0.085234        0.133250
     C   11        0.105416        0.133250       -0.276641

     Cl  12        1.090374        2.109191       -1.364907
     Cl  12        2.109191       -0.574806        0.729159
     Cl  12       -1.364907        0.729159       -0.515568

     H   13       -0.370011        0.031100        0.352448
     H   13        0.031100        0.497935        0.334352
     H   13        0.352448        0.334352       -0.127924

     C   14        0.181237       -0.526011       -0.461051
     C   14       -0.526011       -0.334987       -0.154081
     C   14       -0.461051       -0.154081        0.153751

     H   15        0.442150        0.173082        0.569360
     H   15        0.173082        0.039965        0.091529
     H   15        0.569360        0.091529       -0.482115

     C   16       -0.125739        0.216297       -0.298176
     C   16        0.216297       -0.246787        0.241078
     C   16       -0.298176        0.241078        0.372526

     C   17        0.339309       -0.853905       -0.525880
     C   17       -0.853905       -0.259170       -0.098238
     C   17       -0.525880       -0.098238       -0.080139

     Cl  18        3.018953       -0.694238        0.281828
     Cl  18       -0.694238       -1.428837       -0.091718
     Cl  18        0.281828       -0.091718       -1.590115

     H   19       -0.062294       -0.139858        0.047217
     H   19       -0.139858        0.106674       -0.086663
     H   19        0.047217       -0.086663       -0.044380

     C   20       -0.611496       -0.411142       -0.202904
     C   20       -0.411142        0.711627       -0.323435
     C   20       -0.202904       -0.323435       -0.100132

     H   21        0.284992       -0.185289        0.139244
     H   21       -0.185289       -0.352152       -0.001743
     H   21        0.139244       -0.001743        0.067160

     C   22        0.274369       -0.493450        0.339778
     C   22       -0.493450       -0.170432        0.046861
     C   22        0.339778        0.046861       -0.103937

     C   23       -0.348137       -0.225864       -0.050962
     C   23       -0.225864        0.423495       -0.419903
     C   23       -0.050962       -0.419903       -0.075358

     Cl  24        0.291381        0.229233        1.150210
     Cl  24        0.229233        0.845731       -2.010640
     Cl  24        1.150210       -2.010640       -1.137112

     ----- total EFG (symmetrized) -----
     Cl   1       -0.063932       -1.033386       -0.536692
     Cl   1       -1.033386        0.329829       -1.469509
     Cl   1       -0.536692       -1.469509       -0.265897

     C    2       -0.599462       -0.060719        0.162274
     C    2       -0.060719        0.482857       -0.148151
     C    2        0.162274       -0.148151        0.116604

     C    3       -0.048490       -0.589872       -0.015654
     C    3       -0.589872        0.309882       -0.519159
     C    3       -0.015654       -0.519159       -0.261392

     H    4        0.345910        0.359384        0.143963
     H    4        0.359384       -0.193962        0.429869
     H    4        0.143963        0.429869       -0.151947

     C    5       -0.209780       -0.030169        0.218737
     C    5       -0.030169        0.144490       -0.055015
     C    5        0.218737       -0.055015        0.065291

     H    6       -0.364903        0.203466       -0.277143
     H    6        0.203466        0.367201        0.331038
     H    6       -0.277143        0.331038       -0.002298

     H    7       -0.308504        0.105585       -0.292146
     H    7        0.105585        0.459114       -0.297170
     H    7       -0.292146       -0.297170       -0.150610

     C    8        0.422294       -0.477631        0.575193
     C    8       -0.477631       -0.666886        0.026290
     C    8        0.575193        0.026290        0.244593

     H    9        0.217737       -0.146321        0.196557
     H    9       -0.146321       -0.298955       -0.168640
     H    9        0.196557       -0.168640        0.081218

     C   10       -0.136054        0.083451       -0.113306
     C   10        0.083451        0.043291       -0.060529
     C   10       -0.113306       -0.060529        0.092762

     C   11        0.361876       -0.414325        0.105416
     C   11       -0.414325       -0.085234        0.133250
     C   11        0.105416        0.133250       -0.276641

     Cl  12        1.090374        2.109191       -1.364907
     Cl  12        2.109191       -0.574806        0.729159
     Cl  12       -1.364907        0.729159       -0.515568

     H   13       -0.370011        0.031100        0.352448
     H   13        0.031100        0.497935        0.334352
     H   13        0.352448        0.334352       -0.127924

     C   14        0.181237       -0.526011       -0.461051
     C   14       -0.526011       -0.334987       -0.154081
     C   14       -0.461051       -0.154081        0.153751

     H   15        0.442150        0.173082        0.569360
     H   15        0.173082        0.039965        0.091529
     H   15        0.569360        0.091529       -0.482115

     C   16       -0.125739        0.216297       -0.298176
     C   16        0.216297       -0.246787        0.241078
     C   16       -0.298176        0.241078        0.372526

     C   17        0.339309       -0.853905       -0.525880
     C   17       -0.853905       -0.259170       -0.098238
     C   17       -0.525880       -0.098238       -0.080139

     Cl  18        3.018953       -0.694238        0.281828
     Cl  18       -0.694238       -1.428837       -0.091718
     Cl  18        0.281828       -0.091718       -1.590115

     H   19       -0.062294       -0.139858        0.047217
     H   19       -0.139858        0.106674       -0.086663
     H   19        0.047217       -0.086663       -0.044380

     C   20       -0.611496       -0.411142       -0.202904
     C   20       -0.411142        0.711627       -0.323435
     C   20       -0.202904       -0.323435       -0.100132

     H   21        0.284992       -0.185289        0.139244
     H   21       -0.185289       -0.352152       -0.001743
     H   21        0.139244       -0.001743        0.067160

     C   22        0.274369       -0.493450        0.339778
     C   22       -0.493450       -0.170432        0.046861
     C   22        0.339778        0.046861       -0.103937

     C   23       -0.348137       -0.225864       -0.050962
     C   23       -0.225864        0.423495       -0.419903
     C   23       -0.050962       -0.419903       -0.075358

     Cl  24        0.291381        0.229233        1.150210
     Cl  24        0.229233        0.845731       -2.010640
     Cl  24        1.150210       -2.010640       -1.137112


     NQR/NMR SPECTROSCOPIC PARAMETERS:
     Cl   1    Vxx=    0.3742    axis=(  0.817711 -0.048811 -0.573556)
     Cl   1    Vyy=    1.6843    axis=(  0.313539 -0.797850  0.514907)
     Cl   1    Vzz=   -2.0585    axis=(  0.482744  0.600877  0.637106)
     Cl   1  Q=        -8.1650 1e-30 m^2  Cq=        39.4913 MHz  eta= 0.63644

     C    2    Vxx=    0.0888    axis=(  0.182069  0.370474  0.910824)
     C    2    Vyy=    0.5465    axis=(  0.099851 -0.928484  0.357697)
     C    2    Vzz=   -0.6352    axis=(  0.978203  0.025821 -0.206040)
     C    2  Q=         1.0000 1e-30 m^2  Cq=        -1.4926 MHz  eta= 0.72048

     C    3    Vxx=   -0.1445    axis=( -0.710888 -0.134024  0.690417)
     C    3    Vyy=   -0.7556    axis=(  0.504069  0.587495  0.633059)
     C    3    Vzz=    0.9001    axis=(  0.490462 -0.798052  0.350086)
     C    3  Q=         1.0000 1e-30 m^2  Cq=         2.1150 MHz  eta= 0.67895

     H    4    Vxx=   -0.0340    axis=( -0.627489  0.394371  0.671363)
     H    4    Vyy=   -0.6341    axis=( -0.187472  0.760353 -0.621866)
     H    4    Vzz=    0.6681    axis=(  0.755719  0.516076  0.403180)
     H    4  Q=         1.0000 1e-30 m^2  Cq=         1.5699 MHz  eta= 0.89826

     C    5    Vxx=    0.0992    axis=(  0.283336  0.810864  0.512074)
     C    5    Vyy=    0.2314    axis=( -0.391942  0.585234 -0.709847)
     C    5    Vzz=   -0.3306    axis=(  0.875273 -0.000422 -0.483629)
     C    5  Q=         1.0000 1e-30 m^2  Cq=        -0.7768 MHz  eta= 0.39990

     H    6    Vxx=    0.0705    axis=(  0.614944  0.360673 -0.701255)
     H    6    Vyy=    0.5631    axis=( -0.045346 -0.871629 -0.488065)
     H    6    Vzz=   -0.6336    axis=(  0.787266 -0.331932  0.519648)
     H    6  Q=         1.0000 1e-30 m^2  Cq=        -1.4888 MHz  eta= 0.77755

     H    7    Vxx=   -0.0860    axis=( -0.614652  0.465979  0.636448)
     H    7    Vyy=   -0.5431    axis=( -0.754563 -0.112217 -0.646562)
     H    7    Vzz=    0.6292    axis=( -0.229864 -0.877651  0.420584)
     H    7  Q=         1.0000 1e-30 m^2  Cq=         1.4783 MHz  eta= 0.72649

     C    8    Vxx=   -0.0910    axis=( -0.470453  0.425453  0.773087)
     C    8    Vyy=   -0.9005    axis=(  0.417390  0.879180 -0.229842)
     C    8    Vzz=    0.9915    axis=( -0.777470  0.214549 -0.591193)
     C    8  Q=         1.0000 1e-30 m^2  Cq=         2.3296 MHz  eta= 0.81650

     H    9    Vxx=   -0.0510    axis=( -0.633851 -0.142929  0.760134)
     H    9    Vyy=   -0.3723    axis=(  0.137279  0.946384  0.292423)
     H    9    Vzz=    0.4233    axis=( -0.761175  0.289703 -0.580246)
     H    9  Q=         1.0000 1e-30 m^2  Cq=         0.9945 MHz  eta= 0.75913

     C   10    Vxx=    0.0028    axis=(  0.021029  0.817134  0.576064)
     C   10    Vyy=    0.1934    axis=( -0.392617 -0.523153  0.756414)
     C   10    Vzz=   -0.1962    axis=(  0.919462 -0.242079  0.309819)
     C   10  Q=         1.0000 1e-30 m^2  Cq=        -0.4610 MHz  eta= 0.97179

     C   11    Vxx=   -0.1342    axis=(  0.312107  0.567537  0.761899)
     C   11    Vyy=   -0.4755    axis=(  0.401978  0.647749 -0.647174)
     C   11    Vzz=    0.6097    axis=( -0.860815  0.508254 -0.025971)
     C   11  Q=         1.0000 1e-30 m^2  Cq=         1.4325 MHz  eta= 0.55977

     Cl  12    Vxx=    0.1413    axis=( -0.089333  0.569139  0.817374)
     Cl  12    Vyy=    2.7080    axis=(  0.839420  0.484734 -0.245778)
     Cl  12    Vzz=   -2.8493    axis=( -0.536091  0.664164 -0.521049)
     Cl  12  Q=        -8.1650 1e-30 m^2  Cq=        54.6626 MHz  eta= 0.90080

     H   13    Vxx=   -0.0241    axis=(  0.617130 -0.450125  0.645397)
     H   13    Vyy=   -0.6491    axis=(  0.766871  0.160352 -0.621447)
     H   13    Vzz=    0.6732    axis=(  0.176238  0.878450  0.444146)
     H   13  Q=         1.0000 1e-30 m^2  Cq=         1.5818 MHz  eta= 0.92840

     C   14    Vxx=    0.1017    axis=(  0.286445 -0.606669  0.741554)
     C   14    Vyy=    0.7170    axis=(  0.775858 -0.307234 -0.551046)
     C   14    Vzz=   -0.8187    axis=( -0.562134 -0.733184 -0.382684)
     C   14  Q=         1.0000 1e-30 m^2  Cq=        -1.9236 MHz  eta= 0.75153

     H   15    Vxx=   -0.0127    axis=(  0.239485 -0.965506  0.102206)
     H   15    Vyy=   -0.7534    axis=( -0.428684 -0.010700  0.903391)
     H   15    Vzz=    0.7660    axis=( -0.871136 -0.260163 -0.416459)
     H   15  Q=         1.0000 1e-30 m^2  Cq=         1.7999 MHz  eta= 0.96696

     C   16    Vxx=    0.0256    axis=(  0.713750  0.687064  0.136032)
     C   16    Vyy=    0.5359    axis=(  0.352884 -0.184995 -0.917197)
     C   16    Vzz=   -0.5615    axis=( -0.605007  0.702653 -0.374494)
     C   16  Q=         1.0000 1e-30 m^2  Cq=        -1.3193 MHz  eta= 0.90867

     C   17    Vxx=   -0.0412    axis=( -0.032455  0.513585 -0.857425)
     C   17    Vyy=   -1.0322    axis=(  0.589987  0.702310  0.398342)
     C   17    Vzz=    1.0734    axis=(  0.806761 -0.492941 -0.325802)
     C   17  Q=         1.0000 1e-30 m^2  Cq=         2.5221 MHz  eta= 0.92323

     Cl  18    Vxx=   -1.5109    axis=(  0.162689  0.881966 -0.442345)
     Cl  18    Vyy=   -1.6320    axis=(  0.012425  0.446451  0.894722)
     Cl  18    Vzz=    3.1429    axis=(  0.986599 -0.151058  0.061675)
     Cl  18  Q=        -8.1650 1e-30 m^2  Cq=       -60.2943 MHz  eta= 0.03852

     H   19    Vxx=   -0.0809    axis=( -0.190407  0.291202  0.937522)
     H   19    Vyy=   -0.1412    axis=(  0.867473  0.497006  0.021806)
     H   19    Vzz=    0.2221    axis=( -0.459604  0.817427 -0.347243)
     H   19  Q=         1.0000 1e-30 m^2  Cq=         0.5219 MHz  eta= 0.27169

     C   20    Vxx=   -0.0544    axis=(  0.431142 -0.144631 -0.890617)
     C   20    Vyy=   -0.8433    axis=( -0.874759 -0.308947 -0.373294)
     C   20    Vzz=    0.8977    axis=( -0.221163  0.940018 -0.259717)
     C   20  Q=         1.0000 1e-30 m^2  Cq=         2.1093 MHz  eta= 0.87874

     H   21    Vxx=    0.0134    axis=( -0.352533  0.174287  0.919426)
     H   21    Vyy=    0.3913    axis=( -0.895054  0.223962 -0.385642)
     H   21    Vzz=   -0.4048    axis=( -0.273129 -0.958887  0.077043)
     H   21  Q=         1.0000 1e-30 m^2  Cq=        -0.9511 MHz  eta= 0.93360

     C   22    Vxx=   -0.0814    axis=( -0.021552  0.556413  0.830627)
     C   22    Vyy=   -0.6025    axis=(  0.563977  0.692775 -0.449436)
     C   22    Vzz=    0.6839    axis=(  0.825509 -0.458768  0.328735)
     C   22  Q=         1.0000 1e-30 m^2  Cq=         1.6069 MHz  eta= 0.76206

     C   23    Vxx=   -0.1887    axis=( -0.622161  0.273573  0.733535)
     C   23    Vyy=   -0.5026    axis=(  0.765060  0.411278  0.495513)
     C   23    Vzz=    0.6913    axis=( -0.166127  0.869487 -0.465181)
     C   23  Q=         1.0000 1e-30 m^2  Cq=         1.6243 MHz  eta= 0.45397

     Cl  24    Vxx=    0.5842    axis=(  0.908714  0.387950  0.154056)
     Cl  24    Vyy=    2.1996    axis=(  0.242885 -0.791584  0.560715)
     Cl  24    Vzz=   -2.7839    axis=(  0.339478 -0.472112 -0.813551)
     Cl  24  Q=        -8.1650 1e-30 m^2  Cq=        53.4071 MHz  eta= 0.58027

     Initialization:
     gipaw_setup  :      9.18s CPU     10.65s WALL (       1 calls)

     Linear response

     Apply operators

     Induced current

     Other routines
     efg          :      9.25s CPU     11.51s WALL (       1 calls)

     General routines
     calbec       :      3.30s CPU      4.20s WALL (      16 calls)
     fft          :      1.50s CPU      2.03s WALL (      15 calls)
     ffts         :      0.04s CPU      0.05s WALL (       2 calls)
     fftw         :      3.14s CPU      3.90s WALL (     672 calls)
     davcio       :      0.02s CPU      0.32s WALL (      32 calls)

     Parallel routines
     fft_scatter  :      1.94s CPU      2.90s WALL (     689 calls)

     Plugins

     GIPAW        :     61.59s CPU     75.47s WALL (       1 calls)
