
     Program QE v.6.0 (svn rev. 13079) starts on 19Dec2016 at 14:43:20 

     This program is part of the open-source Quantum ESPRESSO suite
     for quantum simulation of materials; please cite
         "P. Giannozzi et al., J. Phys.:Condens. Matter 21 395502 (2009);
          URL http://www.quantum-espresso.org", 
     in publications or presentations arising from this work. More details at
     http://www.quantum-espresso.org/quote

     Parallel version (MPI), running on     8 processors
     R & G space division:  proc/nbgrp/npool/nimage =       8

     ***** This is GIPAW svn revision unknown      *****

     Parallelizing q-star over 1 images

     Reading data from directory:
     /users/majewski/paradichlorobenzene/pbe/9_constraint/scratch/pbe.ecut100.np8.dt60.pcl2phi-129368.save
     Message from routine read_xml_file:
     file /users/majewski/paradichlorobenzene/pbe/9_constraint/scratch/pbe.ecut100.np8.dt60.pcl2phi-129368.save not guaranteed to be safe for post-processing

   Info: using nr1, nr2, nr3 values from input

   Info: using nr1, nr2, nr3 values from input

     IMPORTANT: XC functional enforced from input :
     Exchange-correlation      =  SLA  PW   PBX  PBC ( 1  4  3  4 0 0)
     Any further DFT definition will be discarded
     Please, verify this is what you really want

               file C.pbe-n-kjpaw_psl.1.0.0.UPF: wavefunction(s)  2S 2P renormalized
               file Cl.pbe-n-kjpaw_psl.1.0.0.UPF: wavefunction(s)  3S 3P renormalized
               file H.pbe-kjpaw_psl.1.0.0.UPF: wavefunction(s)  1S renormalized

     Parallelization info
     --------------------
     sticks:   dense  smooth     PW     G-vecs:    dense   smooth      PW
     Min        3057    1223    332               144436    36536    5170
     Max        3059    1225    333               144437    36537    5171
     Sum       24467    9791   2657              1155489   292295   41363


     Subspace diagonalization in iterative solution of the eigenvalue problem:
     a serial algorithm will be used

     GIPAW projectors -----------------------------------------------
     atom=  C    l=0  rc=    1.2000  rs=    0.8000
     atom=  C    l=0  rc=    1.2000  rs=    0.8000
     atom=  C    l=1  rc=    1.4000  rs=    0.9333
     atom=  C    l=1  rc=    1.4000  rs=    0.9333
     projs nearly linearly dependent: l=1  n1,n2= 1, 2  s=  0.99951561

     atom=  Cl   l=0  rc=    1.6000  rs=    1.0667
     atom=  Cl   l=0  rc=    1.6000  rs=    1.0667
     atom=  Cl   l=1  rc=    1.6000  rs=    1.0667
     atom=  Cl   l=1  rc=    1.6000  rs=    1.0667
     atom=  Cl   l=2  rc=    1.6000  rs=    1.0667
     atom=  Cl   l=2  rc=    1.6000  rs=    1.0667
     projs nearly linearly dependent: l=2  n1,n2= 1, 2  s=  0.99993509

     atom=  H    l=0  rc=    1.0000  rs=    0.6667
     atom=  H    l=0  rc=    1.0000  rs=    0.6667
     projs nearly linearly dependent: l=0  n1,n2= 1, 2  s=  0.99968852
     -----------------------------------------------------------------

     GIPAW integrals: -------------------------------------------
     Atom  i/j   nmr_para   nmr_dia   epr_rmc  epr_para   epr_dia
       C   1 1   0.83E+03  0.17E-01  0.93E+01  0.24E+08  0.24E+03
       C   2 1   0.86E+03 -0.61E-01  0.94E+01  0.25E+08  0.25E+03
       C   2 2   0.90E+03 -0.15E+00  0.97E+01  0.26E+08  0.26E+03
       C   3 3   0.33E+01  0.34E+00  0.18E+01  0.55E+03  0.21E+02
       C   4 3   0.35E+01  0.37E+00  0.20E+01  0.59E+03  0.22E+02
       C   4 4   0.38E+01  0.39E+00  0.22E+01  0.63E+03  0.24E+02
       Cl  1 1   0.14E+04 -0.47E+00  0.84E+01  0.32E+09  0.42E+03
       Cl  2 1   0.21E+04 -0.37E+00  0.12E+02  0.49E+09  0.65E+03
       Cl  2 2   0.33E+04 -0.16E+00  0.21E+02  0.76E+09  0.10E+04
       Cl  3 3   0.21E+02  0.79E-01  0.89E+01  0.23E+05  0.13E+03
       Cl  4 3   0.24E+02  0.67E-01  0.99E+01  0.27E+05  0.15E+03
       Cl  4 4   0.28E+02  0.44E-01  0.11E+02  0.32E+05  0.18E+03
       Cl  5 5   0.77E+00  0.19E+00  0.18E+01  0.12E+03  0.22E+02
       Cl  6 5   0.80E+00  0.19E+00  0.19E+01  0.12E+03  0.23E+02
       Cl  6 6   0.83E+00  0.20E+00  0.19E+01  0.12E+03  0.23E+02
       H   1 1   0.39E+02  0.19E+00  0.29E+00  0.78E+05  0.13E+02
       H   2 1   0.41E+02  0.21E+00  0.32E+00  0.82E+05  0.14E+02
       H   2 2   0.43E+02  0.22E+00  0.36E+00  0.86E+05  0.15E+02
     ------------------------------------------------------------

     alpha_pv=     34.3504 eV

     Number of occupied bands for each k-point:
     k-point:     1    nbnd_occ=  42
     k-point:     2    nbnd_occ=  42
     k-point:     3    nbnd_occ=  42
     k-point:     4    nbnd_occ=  42
     k-point:     5    nbnd_occ=  42
     k-point:     6    nbnd_occ=  42
     k-point:     7    nbnd_occ=  42
     k-point:     8    nbnd_occ=  42
     k-point:     9    nbnd_occ=  42
     k-point:    10    nbnd_occ=  42
     k-point:    11    nbnd_occ=  42
     k-point:    12    nbnd_occ=  42
     k-point:    13    nbnd_occ=  42
     k-point:    14    nbnd_occ=  42
     k-point:    15    nbnd_occ=  42
     k-point:    16    nbnd_occ=  42


     q-space interpolation up to   110.00 Rydberg

     GIPAW job: efg                                                                             


     ELECTRIC FIELD GRADIENTS TENSORS IN Hartree/bohrradius^2:

     ----- bare term -----
     Cl   1       -0.147636        0.218927       -0.167725
     Cl   1        0.218927       -0.130852       -0.024195
     Cl   1       -0.167725       -0.024195        0.278488

     C    2       -0.035152       -0.072328       -0.497672
     C    2       -0.072328       -0.355834       -0.488588
     C    2       -0.497672       -0.488588        0.390987

     C    3       -0.059819        0.413550       -0.242790
     C    3        0.413550       -0.227018       -0.205302
     C    3       -0.242790       -0.205302        0.286837

     H    4        0.130968       -0.071361       -0.179438
     H    4       -0.071361        0.473455       -0.039444
     H    4       -0.179438       -0.039444       -0.604424

     C    5       -0.110591       -0.031748       -0.536926
     C    5       -0.031748       -0.163160       -0.390463
     C    5       -0.536926       -0.390463        0.273751

     H    6        0.245818        0.070689        0.355848
     H    6        0.070689        0.031823       -0.462311
     H    6        0.355848       -0.462311       -0.277641

     H    7        0.395072        0.027172       -0.052843
     H    7        0.027172       -0.616760        0.355721
     H    7       -0.052843        0.355721        0.221688

     C    8       -0.399384       -0.232106       -0.361200
     C    8       -0.232106       -0.061544        0.391122
     C    8       -0.361200        0.391122        0.460929

     H    9       -0.562158        0.021951       -0.302334
     H    9        0.021951        0.299603        0.248876
     H    9       -0.302334        0.248876        0.262555

     C   10       -0.124422       -0.241556       -0.225893
     C   10       -0.241556       -0.406070        0.502528
     C   10       -0.225893        0.502528        0.530493

     C   11       -0.369004        0.062305       -0.308963
     C   11        0.062305       -0.050497        0.427690
     C   11       -0.308963        0.427690        0.419501

     Cl  12       -0.139354       -0.137299        0.129377
     Cl  12       -0.137299       -0.123343       -0.032035
     Cl  12        0.129377       -0.032035        0.262697

     H   13        0.374196       -0.024311        0.008549
     H   13       -0.024311       -0.368430       -0.535766
     H   13        0.008549       -0.535766       -0.005766

     C   14       -0.506197        0.289764       -0.373260
     C   14        0.289764        0.067569       -0.326979
     C   14       -0.373260       -0.326979        0.438628

     H   15       -0.130671       -0.114845       -0.516256
     H   15       -0.114845        0.356759        0.022480
     H   15       -0.516256        0.022480       -0.226088

     C   16       -0.097797        0.217397       -0.229961
     C   16        0.217397       -0.152849       -0.633196
     C   16       -0.229961       -0.633196        0.250646

     C   17       -0.395190        0.207777       -0.357736
     C   17        0.207777        0.059177       -0.369837
     C   17       -0.357736       -0.369837        0.336012

     Cl  18       -0.076374       -0.059424       -0.040726
     Cl  18       -0.059424       -0.020746       -0.134301
     Cl  18       -0.040726       -0.134301        0.097120

     H   19        0.391473        0.339264        0.120756
     H   19        0.339264       -0.648156       -0.107687
     H   19        0.120756       -0.107687        0.256683

     C   20       -0.253202       -0.359561       -0.347471
     C   20       -0.359561       -0.178691        0.413971
     C   20       -0.347471        0.413971        0.431894

     H   21       -0.405003        0.449926        0.151360
     H   21        0.449926        0.177394       -0.124175
     H   21        0.151360       -0.124175        0.227609

     C   22       -0.040211       -0.048326       -0.214870
     C   22       -0.048326       -0.308723        0.358158
     C   22       -0.214870        0.358158        0.348933

     C   23       -0.213855       -0.193200       -0.348079
     C   23       -0.193200       -0.140327        0.538123
     C   23       -0.348079        0.538123        0.354183

     Cl  24       -0.024062       -0.038643        0.036111
     Cl  24       -0.038643        0.044653       -0.015582
     Cl  24        0.036111       -0.015582       -0.020591

     ----- ionic term -----
     Cl   1        0.146586       -0.242454        0.035157
     Cl   1       -0.242454        0.009658       -0.011686
     Cl   1        0.035157       -0.011686       -0.156245

     C    2        0.103998       -0.303599        0.310866
     C    2       -0.303599        0.065988        0.422767
     C    2        0.310866        0.422767       -0.169986

     C    3       -0.019871       -0.332558        0.223429
     C    3       -0.332558        0.154860        0.405879
     C    3        0.223429        0.405879       -0.134989

     H    4        0.209259        0.181884        0.790942
     H    4        0.181884       -0.469643        0.269979
     H    4        0.790942        0.269979        0.260384

     C    5        0.144822       -0.252086        0.380702
     C    5       -0.252086        0.002357        0.287023
     C    5        0.380702        0.287023       -0.147179

     H    6       -0.547513       -0.021329        0.003259
     H    6       -0.021329        0.520154        0.770960
     H    6        0.003259        0.770960        0.027360

     H    7       -0.521237       -0.061782        0.019593
     H    7       -0.061782        0.756054       -0.645028
     H    7        0.019593       -0.645028       -0.234817

     C    8        0.302931        0.133101        0.143596
     C    8        0.133101        0.116781       -0.296611
     C    8        0.143596       -0.296611       -0.419712

     H    9        0.654163       -0.193455        0.700191
     H    9       -0.193455       -0.486337       -0.187881
     H    9        0.700191       -0.187881       -0.167827

     C   10        0.157299        0.191857        0.167285
     C   10        0.191857        0.169397       -0.396238
     C   10        0.167285       -0.396238       -0.326697

     C   11        0.297594        0.063166        0.161128
     C   11        0.063166        0.140714       -0.420463
     C   11        0.161128       -0.420463       -0.438308

     Cl  12        0.134017        0.220295       -0.017637
     Cl  12        0.220295        0.018145       -0.022944
     Cl  12       -0.017637       -0.022944       -0.152162

     H   13       -0.523216        0.026136        0.031116
     H   13        0.026136        0.573857        0.741461
     H   13        0.031116        0.741461       -0.050641

     C   14        0.169128       -0.215264        0.336449
     C   14       -0.215264        0.014976        0.297960
     C   14        0.336449        0.297960       -0.184104

     H   15        0.418929        0.274276        0.729919
     H   15        0.274276       -0.415601        0.278690
     H   15        0.729919        0.278690       -0.003328

     C   16        0.054872       -0.247501        0.230569
     C   16       -0.247501        0.171564        0.392727
     C   16        0.230569        0.392727       -0.226436

     C   17        0.087431       -0.211145        0.413536
     C   17       -0.211145        0.053116        0.370651
     C   17        0.413536        0.370651       -0.140547

     Cl  18        0.131778       -0.211521        0.048063
     Cl  18       -0.211521        0.011174       -0.028341
     Cl  18        0.048063       -0.028341       -0.142952

     H   19       -0.499546       -0.161168        0.048754
     H   19       -0.161168        0.913441       -0.485672
     H   19        0.048754       -0.485672       -0.413895

     C   20        0.372346        0.034424        0.130443
     C   20        0.034424        0.115219       -0.276866
     C   20        0.130443       -0.276866       -0.487565

     H   21        0.675441       -0.514684        0.443014
     H   21       -0.514684       -0.281060       -0.261790
     H   21        0.443014       -0.261790       -0.394380

     C   22        0.126309        0.057063        0.088355
     C   22        0.057063        0.314572       -0.412033
     C   22        0.088355       -0.412033       -0.440881

     C   23        0.220359        0.051841        0.127861
     C   23        0.051841        0.230046       -0.416993
     C   23        0.127861       -0.416993       -0.450405

     Cl  24        0.135133        0.187162       -0.054934
     Cl  24        0.187162       -0.000597       -0.038139
     Cl  24       -0.054934       -0.038139       -0.134537

     ----- GIPAW term -----
     Cl   1        0.370408       -0.920147       -2.010975
     Cl   1       -0.920147       -1.344717       -0.300837
     Cl   1       -2.010975       -0.300837        0.974309

     C    2        0.019262       -0.123666       -0.194007
     C    2       -0.123666       -0.149476       -0.064051
     C    2       -0.194007       -0.064051        0.130214

     C    3        0.023619        0.071718       -0.173960
     C    3        0.071718       -0.113139       -0.043422
     C    3       -0.173960       -0.043422        0.089520

     H    4       -0.000000        0.000000        0.000000
     H    4        0.000000        0.000000        0.000000
     H    4        0.000000        0.000000        0.000000

     C    5        0.073315       -0.036835       -0.248387
     C    5       -0.036835       -0.165493       -0.054606
     C    5       -0.248387       -0.054606        0.092178

     H    6       -0.000000        0.000000        0.000000
     H    6        0.000000        0.000000        0.000000
     H    6        0.000000        0.000000        0.000000

     H    7       -0.000000        0.000000        0.000000
     H    7        0.000000        0.000000        0.000000
     H    7        0.000000        0.000000        0.000000

     C    8       -0.057504       -0.039551       -0.059723
     C    8       -0.039551       -0.029704        0.086950
     C    8       -0.059723        0.086950        0.087208

     H    9       -0.000000        0.000000        0.000000
     H    9        0.000000        0.000000        0.000000
     H    9        0.000000        0.000000        0.000000

     C   10       -0.074815       -0.019878       -0.081611
     C   10       -0.019878       -0.114490        0.049436
     C   10       -0.081611        0.049436        0.189304

     C   11       -0.032165        0.130201        0.032432
     C   11        0.130201       -0.072228        0.039644
     C   11        0.032432        0.039644        0.104393

     Cl  12        0.249697        1.286821        1.370039
     Cl  12        1.286821       -1.246091       -0.359104
     Cl  12        1.370039       -0.359104        0.996394

     H   13       -0.000000        0.000000        0.000000
     H   13        0.000000        0.000000        0.000000
     H   13        0.000000        0.000000        0.000000

     C   14       -0.091122        0.058350       -0.056137
     C   14        0.058350        0.035482       -0.050990
     C   14       -0.056137       -0.050990        0.055640

     H   15       -0.000000        0.000000        0.000000
     H   15        0.000000        0.000000        0.000000
     H   15        0.000000        0.000000        0.000000

     C   16       -0.088086        0.026023       -0.049453
     C   16        0.026023        0.107396       -0.152184
     C   16       -0.049453       -0.152184       -0.019310

     C   17       -0.040943       -0.104073       -0.062951
     C   17       -0.104073        0.115052       -0.043375
     C   17       -0.062951       -0.043375       -0.074108

     Cl  18        0.073696       -2.342130        0.071448
     Cl  18       -2.342130        0.067657       -1.754938
     Cl  18        0.071448       -1.754938       -0.141353

     H   19       -0.000000        0.000000        0.000000
     H   19        0.000000        0.000000        0.000000
     H   19        0.000000        0.000000        0.000000

     C   20       -0.012371       -0.146906       -0.148685
     C   20       -0.146906       -0.057912        0.171296
     C   20       -0.148685        0.171296        0.070283

     H   21       -0.000000        0.000000        0.000000
     H   21        0.000000        0.000000        0.000000
     H   21        0.000000        0.000000        0.000000

     C   22       -0.020565       -0.016591       -0.158782
     C   22       -0.016591       -0.109602        0.067164
     C   22       -0.158782        0.067164        0.130167

     C   23        0.041219        0.035007       -0.151457
     C   23        0.035007       -0.059284        0.134486
     C   23       -0.151457        0.134486        0.018064

     Cl  24       -0.342934        0.852079       -1.252491
     Cl  24        0.852079       -1.036257        1.168696
     Cl  24       -1.252491        1.168696        1.379191

     ----- total EFG -----
     Cl   1        0.369359       -0.943675       -2.143543
     Cl   1       -0.943675       -1.465911       -0.336719
     Cl   1       -2.143543       -0.336719        1.096552

     C    2        0.088107       -0.499593       -0.380813
     C    2       -0.499593       -0.439322       -0.129872
     C    2       -0.380813       -0.129872        0.351215

     C    3       -0.056070        0.152710       -0.193321
     C    3        0.152710       -0.185297        0.157155
     C    3       -0.193321        0.157155        0.241367

     H    4        0.340227        0.110523        0.611505
     H    4        0.110523        0.003812        0.230536
     H    4        0.611505        0.230536       -0.344039

     C    5        0.107546       -0.320669       -0.404612
     C    5       -0.320669       -0.326297       -0.158047
     C    5       -0.404612       -0.158047        0.218750

     H    6       -0.301695        0.049360        0.359107
     H    6        0.049360        0.551977        0.308649
     H    6        0.359107        0.308649       -0.250281

     H    7       -0.126165       -0.034610       -0.033250
     H    7       -0.034610        0.139295       -0.289308
     H    7       -0.033250       -0.289308       -0.013130

     C    8       -0.153957       -0.138555       -0.277327
     C    8       -0.138555        0.025532        0.181462
     C    8       -0.277327        0.181462        0.128425

     H    9        0.092005       -0.171504        0.397856
     H    9       -0.171504       -0.186734        0.060995
     H    9        0.397856        0.060995        0.094728

     C   10       -0.041938       -0.069576       -0.140219
     C   10       -0.069576       -0.351163        0.155726
     C   10       -0.140219        0.155726        0.393101

     C   11       -0.103575        0.255672       -0.115403
     C   11        0.255672        0.017989        0.046870
     C   11       -0.115403        0.046870        0.085586

     Cl  12        0.244360        1.369817        1.481779
     Cl  12        1.369817       -1.351289       -0.414083
     Cl  12        1.481779       -0.414083        1.106930

     H   13       -0.149020        0.001825        0.039665
     H   13        0.001825        0.205427        0.205694
     H   13        0.039665        0.205694       -0.056407

     C   14       -0.428192        0.132851       -0.092947
     C   14        0.132851        0.118027       -0.080009
     C   14       -0.092947       -0.080009        0.310165

     H   15        0.288258        0.159431        0.213663
     H   15        0.159431       -0.058841        0.301170
     H   15        0.213663        0.301170       -0.229416

     C   16       -0.131011       -0.004081       -0.048845
     C   16       -0.004081        0.126111       -0.392652
     C   16       -0.048845       -0.392652        0.004900

     C   17       -0.348702       -0.107440       -0.007151
     C   17       -0.107440        0.227345       -0.042562
     C   17       -0.007151       -0.042562        0.121357

     Cl  18        0.129100       -2.613075        0.078784
     Cl  18       -2.613075        0.058085       -1.917580
     Cl  18        0.078784       -1.917580       -0.187185

     H   19       -0.108073        0.178097        0.169510
     H   19        0.178097        0.265285       -0.593360
     H   19        0.169510       -0.593360       -0.157212

     C   20        0.106772       -0.472042       -0.365713
     C   20       -0.472042       -0.121384        0.308401
     C   20       -0.365713        0.308401        0.014612

     H   21        0.270438       -0.064758        0.594374
     H   21       -0.064758       -0.103666       -0.385965
     H   21        0.594374       -0.385965       -0.166772

     C   22        0.065534       -0.007854       -0.285297
     C   22       -0.007854       -0.103753        0.013289
     C   22       -0.285297        0.013289        0.038219

     C   23        0.047723       -0.106352       -0.371675
     C   23       -0.106352        0.030435        0.255615
     C   23       -0.371675        0.255615       -0.078159

     Cl  24       -0.231863        1.000598       -1.271313
     Cl  24        1.000598       -0.992200        1.114974
     Cl  24       -1.271313        1.114974        1.224063

     ----- total EFG (symmetrized) -----
     Cl   1        0.369359       -0.943675       -2.143543
     Cl   1       -0.943675       -1.465911       -0.336719
     Cl   1       -2.143543       -0.336719        1.096552

     C    2        0.088107       -0.499593       -0.380813
     C    2       -0.499593       -0.439322       -0.129872
     C    2       -0.380813       -0.129872        0.351215

     C    3       -0.056070        0.152710       -0.193321
     C    3        0.152710       -0.185297        0.157155
     C    3       -0.193321        0.157155        0.241367

     H    4        0.340227        0.110523        0.611505
     H    4        0.110523        0.003812        0.230536
     H    4        0.611505        0.230536       -0.344039

     C    5        0.107546       -0.320669       -0.404612
     C    5       -0.320669       -0.326297       -0.158047
     C    5       -0.404612       -0.158047        0.218750

     H    6       -0.301695        0.049360        0.359107
     H    6        0.049360        0.551977        0.308649
     H    6        0.359107        0.308649       -0.250281

     H    7       -0.126165       -0.034610       -0.033250
     H    7       -0.034610        0.139295       -0.289308
     H    7       -0.033250       -0.289308       -0.013130

     C    8       -0.153957       -0.138555       -0.277327
     C    8       -0.138555        0.025532        0.181462
     C    8       -0.277327        0.181462        0.128425

     H    9        0.092005       -0.171504        0.397856
     H    9       -0.171504       -0.186734        0.060995
     H    9        0.397856        0.060995        0.094728

     C   10       -0.041938       -0.069576       -0.140219
     C   10       -0.069576       -0.351163        0.155726
     C   10       -0.140219        0.155726        0.393101

     C   11       -0.103575        0.255672       -0.115403
     C   11        0.255672        0.017989        0.046870
     C   11       -0.115403        0.046870        0.085586

     Cl  12        0.244360        1.369817        1.481779
     Cl  12        1.369817       -1.351289       -0.414083
     Cl  12        1.481779       -0.414083        1.106930

     H   13       -0.149020        0.001825        0.039665
     H   13        0.001825        0.205427        0.205694
     H   13        0.039665        0.205694       -0.056407

     C   14       -0.428192        0.132851       -0.092947
     C   14        0.132851        0.118027       -0.080009
     C   14       -0.092947       -0.080009        0.310165

     H   15        0.288258        0.159431        0.213663
     H   15        0.159431       -0.058841        0.301170
     H   15        0.213663        0.301170       -0.229416

     C   16       -0.131011       -0.004081       -0.048845
     C   16       -0.004081        0.126111       -0.392652
     C   16       -0.048845       -0.392652        0.004900

     C   17       -0.348702       -0.107440       -0.007151
     C   17       -0.107440        0.227345       -0.042562
     C   17       -0.007151       -0.042562        0.121357

     Cl  18        0.129100       -2.613075        0.078784
     Cl  18       -2.613075        0.058085       -1.917580
     Cl  18        0.078784       -1.917580       -0.187185

     H   19       -0.108073        0.178097        0.169510
     H   19        0.178097        0.265285       -0.593360
     H   19        0.169510       -0.593360       -0.157212

     C   20        0.106772       -0.472042       -0.365713
     C   20       -0.472042       -0.121384        0.308401
     C   20       -0.365713        0.308401        0.014612

     H   21        0.270438       -0.064758        0.594374
     H   21       -0.064758       -0.103666       -0.385965
     H   21        0.594374       -0.385965       -0.166772

     C   22        0.065534       -0.007854       -0.285297
     C   22       -0.007854       -0.103753        0.013289
     C   22       -0.285297        0.013289        0.038219

     C   23        0.047723       -0.106352       -0.371675
     C   23       -0.106352        0.030435        0.255615
     C   23       -0.371675        0.255615       -0.078159

     Cl  24       -0.231863        1.000598       -1.271313
     Cl  24        1.000598       -0.992200        1.114974
     Cl  24       -1.271313        1.114974        1.224063


     NQR/NMR SPECTROSCOPIC PARAMETERS:
     Cl   1    Vxx=   -0.5329    axis=(  0.501695 -0.693837  0.516617)
     Cl   1    Vyy=   -2.4037    axis=(  0.563209  0.715286  0.413716)
     Cl   1    Vzz=    2.9366    axis=( -0.656580  0.083404  0.749631)
     Cl   1  Q=        -8.1650 1e-30 m^2  Cq=       -56.3364 MHz  eta= 0.63709

     C    2    Vxx=    0.1616    axis=(  0.513974 -0.566539  0.644099)
     C    2    Vyy=    0.6635    axis=( -0.662091  0.215406  0.717799)
     C    2    Vzz=   -0.8251    axis=( -0.545404 -0.795383 -0.264387)
     C    2  Q=         1.0000 1e-30 m^2  Cq=        -1.9386 MHz  eta= 0.60835

     C    3    Vxx=    0.0309    axis=(  0.733741  0.653463  0.186039)
     C    3    Vyy=    0.3486    axis=(  0.375163 -0.161379 -0.912803)
     C    3    Vzz=   -0.3795    axis=( -0.566460  0.739556 -0.363565)
     C    3  Q=         1.0000 1e-30 m^2  Cq=        -0.8917 MHz  eta= 0.83708

     H    4    Vxx=   -0.0277    axis=(  0.337540 -0.940730 -0.033083)
     H    4    Vyy=   -0.7316    axis=( -0.470077 -0.198908  0.859921)
     H    4    Vzz=    0.7594    axis=( -0.815533 -0.274706 -0.509354)
     H    4  Q=         1.0000 1e-30 m^2  Cq=         1.7842 MHz  eta= 0.92695

     C    5    Vxx=    0.0551    axis=( -0.489102  0.651580 -0.579848)
     C    5    Vyy=    0.5825    axis=( -0.689131  0.118840  0.714825)
     C    5    Vzz=   -0.6376    axis=(  0.534675  0.749214  0.390899)
     C    5  Q=         1.0000 1e-30 m^2  Cq=        -1.4981 MHz  eta= 0.82729

     H    6    Vxx=   -0.0237    axis=( -0.704971  0.381132 -0.598126)
     H    6    Vyy=   -0.6630    axis=( -0.686097 -0.152819  0.711279)
     H    6    Vzz=    0.6867    axis=(  0.179686  0.911803  0.369226)
     H    6  Q=         1.0000 1e-30 m^2  Cq=         1.6134 MHz  eta= 0.93097

     H    7    Vxx=   -0.1086    axis=(  0.937069 -0.201737 -0.284964)
     H    7    Vyy=   -0.2538    axis=(  0.348836  0.575276  0.739845)
     H    7    Vzz=    0.3624    axis=( -0.014678  0.792691 -0.609446)
     H    7  Q=         1.0000 1e-30 m^2  Cq=         0.8514 MHz  eta= 0.40059

     C    8    Vxx=   -0.1011    axis=(  0.180068  0.865803 -0.466863)
     C    8    Vyy=   -0.3260    axis=( -0.865351 -0.086236 -0.493690)
     C    8    Vzz=    0.4271    axis=( -0.467699  0.492899  0.733695)
     C    8  Q=         1.0000 1e-30 m^2  Cq=         1.0036 MHz  eta= 0.52644

     H    9    Vxx=   -0.0779    axis=( -0.335999  0.804254  0.490184)
     H    9    Vyy=   -0.4226    axis=(  0.609745  0.582402 -0.537605)
     H    9    Vzz=    0.5005    axis=( -0.717855  0.118253 -0.686076)
     H    9  Q=         1.0000 1e-30 m^2  Cq=         1.1760 MHz  eta= 0.68868

     C   10    Vxx=   -0.0816    axis=(  0.950235 -0.069880  0.303595)
     C   10    Vyy=   -0.3876    axis=( -0.126817 -0.976886  0.172076)
     C   10    Vzz=    0.4692    axis=( -0.284553  0.202014  0.937134)
     C   10  Q=         1.0000 1e-30 m^2  Cq=         1.1025 MHz  eta= 0.65212

     C   11    Vxx=    0.1092    axis=( -0.029236  0.390917  0.919962)
     C   11    Vyy=    0.2303    axis=( -0.642908 -0.712081  0.282151)
     C   11    Vzz=   -0.3394    axis=(  0.765385 -0.583202  0.272142)
     C   11  Q=         1.0000 1e-30 m^2  Cq=        -0.7975 MHz  eta= 0.35673

     Cl  12    Vxx=    0.2082    axis=(  0.526762  0.617726 -0.583898)
     Cl  12    Vyy=    2.2972    axis=( -0.644805 -0.157194 -0.748009)
     Cl  12    Vzz=   -2.5055    axis=( -0.553849  0.770523  0.315509)
     Cl  12  Q=        -8.1650 1e-30 m^2  Cq=        48.0661 MHz  eta= 0.83379

     H   13    Vxx=   -0.1244    axis=(  0.797621 -0.322341  0.509801)
     H   13    Vyy=   -0.1948    axis=( -0.601526 -0.362958  0.711638)
     H   13    Vzz=    0.3193    axis=(  0.044354  0.874276  0.483399)
     H   13  Q=         1.0000 1e-30 m^2  Cq=         0.7501 MHz  eta= 0.22064

     C   14    Vxx=    0.1034    axis=(  0.151547  0.896983  0.415278)
     C   14    Vyy=    0.3623    axis=( -0.171889 -0.389814  0.904709)
     C   14    Vzz=   -0.4657    axis=(  0.973390 -0.208488  0.095106)
     C   14  Q=         1.0000 1e-30 m^2  Cq=        -1.0943 MHz  eta= 0.55583

     H   15    Vxx=   -0.0294    axis=(  0.608902 -0.690851 -0.389825)
     H   15    Vyy=   -0.4656    axis=(  0.113307  0.562140 -0.819244)
     H   15    Vzz=    0.4950    axis=(  0.785112  0.454669  0.420566)
     H   15  Q=         1.0000 1e-30 m^2  Cq=         1.1631 MHz  eta= 0.88114

     C   16    Vxx=   -0.1248    axis=(  0.980944 -0.158937 -0.111753)
     C   16    Vyy=   -0.3394    axis=(  0.188189  0.634188  0.749927)
     C   16    Vzz=    0.4642    axis=(  0.048318  0.756667 -0.652013)
     C   16  Q=         1.0000 1e-30 m^2  Cq=         1.0907 MHz  eta= 0.46236

     C   17    Vxx=    0.1098    axis=( -0.079266  0.274453  0.958328)
     C   17    Vyy=    0.2588    axis=( -0.163743  0.944710 -0.284097)
     C   17    Vzz=   -0.3685    axis=( -0.983313 -0.179438 -0.029943)
     C   17  Q=         1.0000 1e-30 m^2  Cq=        -0.8659 MHz  eta= 0.40433

     Cl  18    Vxx=   -0.1513    axis=( -0.593221 -0.039416  0.804074)
     Cl  18    Vyy=   -3.1681    axis=(  0.550904  0.708433  0.441167)
     Cl  18    Vzz=    3.3194    axis=(  0.587022 -0.704677  0.398543)
     Cl  18  Q=        -8.1650 1e-30 m^2  Cq=       -63.6809 MHz  eta= 0.90883

     H   19    Vxx=   -0.0088    axis=(  0.918366  0.173376  0.355731)
     H   19    Vyy=   -0.6781    axis=( -0.390570  0.541814  0.744240)
     H   19    Vzz=    0.6869    axis=( -0.063706 -0.822422  0.565299)
     H   19  Q=         1.0000 1e-30 m^2  Cq=         1.6140 MHz  eta= 0.97441

     C   20    Vxx=   -0.2840    axis=(  0.457009 -0.276606  0.845359)
     C   20    Vyy=   -0.4939    axis=(  0.594401  0.802008 -0.058918)
     C   20    Vzz=    0.7779    axis=( -0.661687  0.529408  0.530939)
     C   20  Q=         1.0000 1e-30 m^2  Cq=         1.8277 MHz  eta= 0.26981

     H   21    Vxx=   -0.0562    axis=(  0.509882  0.839279 -0.188764)
     H   21    Vyy=   -0.7202    axis=( -0.439814  0.442916  0.781275)
     H   21    Vzz=    0.7764    axis=(  0.739314 -0.315337  0.594961)
     H   21  Q=         1.0000 1e-30 m^2  Cq=         1.8242 MHz  eta= 0.85523

     C   22    Vxx=   -0.1041    axis=( -0.046645 -0.998911 -0.000237)
     C   22    Vyy=   -0.2339    axis=(  0.689024 -0.032346  0.724016)
     C   22    Vzz=    0.3380    axis=(  0.723236 -0.033609 -0.689783)
     C   22  Q=         1.0000 1e-30 m^2  Cq=         0.7942 MHz  eta= 0.38392

     C   23    Vxx=   -0.0634    axis=(  0.567212  0.820975 -0.065347)
     C   23    Vyy=   -0.4335    axis=( -0.537616  0.308992 -0.784534)
     C   23    Vzz=    0.4969    axis=( -0.623891  0.480128  0.616633)
     C   23  Q=         1.0000 1e-30 m^2  Cq=         1.1676 MHz  eta= 0.74487

     Cl  24    Vxx=    0.3789    axis=(  0.715017  0.673700  0.186761)
     Cl  24    Vyy=    2.0514    axis=(  0.412406 -0.190753 -0.890805)
     Cl  24    Vzz=   -2.4302    axis=( -0.564510  0.713962 -0.414230)
     Cl  24  Q=        -8.1650 1e-30 m^2  Cq=        46.6229 MHz  eta= 0.68822

     Initialization:
     gipaw_setup  :      9.09s CPU     10.75s WALL (       1 calls)

     Linear response

     Apply operators

     Induced current

     Other routines
     efg          :      9.06s CPU     11.86s WALL (       1 calls)

     General routines
     calbec       :      3.21s CPU      4.43s WALL (      16 calls)
     fft          :      1.53s CPU      2.19s WALL (      15 calls)
     ffts         :      0.03s CPU      0.05s WALL (       2 calls)
     fftw         :      3.11s CPU      3.96s WALL (     672 calls)
     davcio       :      0.04s CPU      0.34s WALL (      32 calls)

     Parallel routines
     fft_scatter  :      2.01s CPU      3.17s WALL (     689 calls)

     Plugins

     GIPAW        :     61.84s CPU     74.44s WALL (       1 calls)
