
     Program QE v.6.0 (svn rev. 13079) starts on  5Jan2017 at  8:47:11 

     This program is part of the open-source Quantum ESPRESSO suite
     for quantum simulation of materials; please cite
         "P. Giannozzi et al., J. Phys.:Condens. Matter 21 395502 (2009);
          URL http://www.quantum-espresso.org", 
     in publications or presentations arising from this work. More details at
     http://www.quantum-espresso.org/quote

     Parallel version (MPI), running on     8 processors
     R & G space division:  proc/nbgrp/npool/nimage =       8

     ***** This is GIPAW svn revision unknown      *****

     Parallelizing q-star over 1 images

     Reading data from directory:
     /users/majewski/paradichlorobenzene/pbe/9_constraint/scratch/pbe.ecut100.np8.dt60.pcl2phi-129368.save
     Message from routine read_xml_file:
     file /users/majewski/paradichlorobenzene/pbe/9_constraint/scratch/pbe.ecut100.np8.dt60.pcl2phi-129368.save not guaranteed to be safe for post-processing

   Info: using nr1, nr2, nr3 values from input

   Info: using nr1, nr2, nr3 values from input

     IMPORTANT: XC functional enforced from input :
     Exchange-correlation      =  SLA  PW   PBX  PBC ( 1  4  3  4 0 0)
     Any further DFT definition will be discarded
     Please, verify this is what you really want

               file C.pbe-n-kjpaw_psl.1.0.0.UPF: wavefunction(s)  2S 2P renormalized
               file Cl.pbe-n-kjpaw_psl.1.0.0.UPF: wavefunction(s)  3S 3P renormalized
               file H.pbe-kjpaw_psl.1.0.0.UPF: wavefunction(s)  1S renormalized

     Parallelization info
     --------------------
     sticks:   dense  smooth     PW     G-vecs:    dense   smooth      PW
     Min        3057    1223    332               144436    36536    5170
     Max        3059    1225    333               144437    36537    5171
     Sum       24467    9791   2657              1155489   292295   41363


     Subspace diagonalization in iterative solution of the eigenvalue problem:
     a serial algorithm will be used

     GIPAW projectors -----------------------------------------------
     atom=  C    l=0  rc=    1.2000  rs=    0.8000
     atom=  C    l=0  rc=    1.2000  rs=    0.8000
     atom=  C    l=1  rc=    1.4000  rs=    0.9333
     atom=  C    l=1  rc=    1.4000  rs=    0.9333
     projs nearly linearly dependent: l=1  n1,n2= 1, 2  s=  0.99951561

     atom=  Cl   l=0  rc=    1.6000  rs=    1.0667
     atom=  Cl   l=0  rc=    1.6000  rs=    1.0667
     atom=  Cl   l=1  rc=    1.6000  rs=    1.0667
     atom=  Cl   l=1  rc=    1.6000  rs=    1.0667
     atom=  Cl   l=2  rc=    1.6000  rs=    1.0667
     atom=  Cl   l=2  rc=    1.6000  rs=    1.0667
     projs nearly linearly dependent: l=2  n1,n2= 1, 2  s=  0.99993509

     atom=  H    l=0  rc=    1.0000  rs=    0.6667
     atom=  H    l=0  rc=    1.0000  rs=    0.6667
     projs nearly linearly dependent: l=0  n1,n2= 1, 2  s=  0.99968852
     -----------------------------------------------------------------

     GIPAW integrals: -------------------------------------------
     Atom  i/j   nmr_para   nmr_dia   epr_rmc  epr_para   epr_dia
       C   1 1   0.83E+03  0.17E-01  0.93E+01  0.24E+08  0.24E+03
       C   2 1   0.86E+03 -0.61E-01  0.94E+01  0.25E+08  0.25E+03
       C   2 2   0.90E+03 -0.15E+00  0.97E+01  0.26E+08  0.26E+03
       C   3 3   0.33E+01  0.34E+00  0.18E+01  0.55E+03  0.21E+02
       C   4 3   0.35E+01  0.37E+00  0.20E+01  0.59E+03  0.22E+02
       C   4 4   0.38E+01  0.39E+00  0.22E+01  0.63E+03  0.24E+02
       Cl  1 1   0.14E+04 -0.47E+00  0.84E+01  0.32E+09  0.42E+03
       Cl  2 1   0.21E+04 -0.37E+00  0.12E+02  0.49E+09  0.65E+03
       Cl  2 2   0.33E+04 -0.16E+00  0.21E+02  0.76E+09  0.10E+04
       Cl  3 3   0.21E+02  0.79E-01  0.89E+01  0.23E+05  0.13E+03
       Cl  4 3   0.24E+02  0.67E-01  0.99E+01  0.27E+05  0.15E+03
       Cl  4 4   0.28E+02  0.44E-01  0.11E+02  0.32E+05  0.18E+03
       Cl  5 5   0.77E+00  0.19E+00  0.18E+01  0.12E+03  0.22E+02
       Cl  6 5   0.80E+00  0.19E+00  0.19E+01  0.12E+03  0.23E+02
       Cl  6 6   0.83E+00  0.20E+00  0.19E+01  0.12E+03  0.23E+02
       H   1 1   0.39E+02  0.19E+00  0.29E+00  0.78E+05  0.13E+02
       H   2 1   0.41E+02  0.21E+00  0.32E+00  0.82E+05  0.14E+02
       H   2 2   0.43E+02  0.22E+00  0.36E+00  0.86E+05  0.15E+02
     ------------------------------------------------------------

     alpha_pv=     34.0579 eV

     Number of occupied bands for each k-point:
     k-point:     1    nbnd_occ=  42
     k-point:     2    nbnd_occ=  42
     k-point:     3    nbnd_occ=  42
     k-point:     4    nbnd_occ=  42
     k-point:     5    nbnd_occ=  42
     k-point:     6    nbnd_occ=  42
     k-point:     7    nbnd_occ=  42
     k-point:     8    nbnd_occ=  42
     k-point:     9    nbnd_occ=  42
     k-point:    10    nbnd_occ=  42
     k-point:    11    nbnd_occ=  42
     k-point:    12    nbnd_occ=  42
     k-point:    13    nbnd_occ=  42
     k-point:    14    nbnd_occ=  42
     k-point:    15    nbnd_occ=  42
     k-point:    16    nbnd_occ=  42


     q-space interpolation up to   110.00 Rydberg

     GIPAW job: efg                                                                             


     ELECTRIC FIELD GRADIENTS TENSORS IN Hartree/bohrradius^2:

     ----- bare term -----
     Cl   1        0.126029        0.072370       -0.073443
     Cl   1        0.072370       -0.182991        0.066104
     Cl   1       -0.073443        0.066104        0.056962

     C    2       -0.429752        0.474687       -0.080397
     C    2        0.474687       -0.010687       -0.275477
     C    2       -0.080397       -0.275477        0.440439

     C    3        0.150486       -0.050766       -0.222654
     C    3       -0.050766       -0.106229       -0.366445
     C    3       -0.222654       -0.366445       -0.044258

     H    4        0.103546        0.031613       -0.436600
     H    4        0.031613        0.231377        0.219718
     H    4       -0.436600        0.219718       -0.334922

     C    5       -0.508568        0.323640       -0.040566
     C    5        0.323640        0.159040       -0.296928
     C    5       -0.040566       -0.296928        0.349528

     H    6        0.389438        0.073903       -0.336554
     H    6        0.073903       -0.123945       -0.305149
     H    6       -0.336554       -0.305149       -0.265493

     H    7        0.081977        0.229779       -0.412520
     H    7        0.229779       -0.037825        0.448349
     H    7       -0.412520        0.448349       -0.044153

     C    8        0.105421       -0.583496        0.133050
     C    8       -0.583496       -0.537712        0.397222
     C    8        0.133050        0.397222        0.432291

     H    9       -0.733793        0.043203       -0.238495
     H    9        0.043203        0.399497        0.156323
     H    9       -0.238495        0.156323        0.334296

     C   10        0.056910       -0.000473       -0.463161
     C   10       -0.000473       -0.266468        0.510899
     C   10       -0.463161        0.510899        0.209558

     C   11       -0.193252       -0.071777       -0.196104
     C   11       -0.071777       -0.019045        0.506077
     C   11       -0.196104        0.506077        0.212296

     Cl  12       -0.076296       -0.095205       -0.024900
     Cl  12       -0.095205        0.009354        0.036648
     Cl  12       -0.024900        0.036648        0.066942

     H   13       -0.052989        0.171792        0.341954
     H   13        0.171792        0.037978       -0.430534
     H   13        0.341954       -0.430534        0.015011

     C   14       -0.020201       -0.226914       -0.563048
     C   14       -0.226914       -0.117465       -0.455326
     C   14       -0.563048       -0.455326        0.137666

     H   15        0.088235       -0.076030       -0.175433
     H   15       -0.076030        0.509223       -0.068021
     H   15       -0.175433       -0.068021       -0.597458

     C   16       -0.058976        0.474249       -0.208920
     C   16        0.474249       -0.233525       -0.071278
     C   16       -0.208920       -0.071278        0.292501

     C   17        0.116442       -0.399227       -0.571400
     C   17       -0.399227       -0.198625       -0.623940
     C   17       -0.571400       -0.623940        0.082183

     Cl  18       -0.209139        0.396514       -0.056662
     Cl  18        0.396514       -0.069023        0.021122
     Cl  18       -0.056662        0.021122        0.278162

     H   19        0.552961       -0.008229       -0.049238
     H   19       -0.008229       -0.086284        0.235164
     H   19       -0.049238        0.235164       -0.466677

     C   20       -0.631885       -0.343665       -0.231251
     C   20       -0.343665        0.347811        0.278555
     C   20       -0.231251        0.278555        0.284074

     H   21       -0.307083       -0.053363       -0.507751
     H   21       -0.053363        0.026441        0.155936
     H   21       -0.507751        0.155936        0.280642

     C   22        0.091664       -0.329719       -0.061336
     C   22       -0.329719       -0.140369        0.587265
     C   22       -0.061336        0.587265        0.048705

     C   23       -0.371903       -0.239275       -0.454304
     C   23       -0.239275        0.232735        0.136171
     C   23       -0.454304        0.136171        0.139168

     Cl  24       -0.020982        0.052484       -0.155266
     Cl  24        0.052484       -0.019589        0.177295
     Cl  24       -0.155266        0.177295        0.040571

     ----- ionic term -----
     Cl   1        0.096276       -0.246838        0.003908
     Cl   1       -0.246838        0.050944        0.000663
     Cl   1        0.003908        0.000663       -0.147221

     C    2       -0.006365       -0.344087        0.267978
     C    2       -0.344087        0.149903        0.366844
     C    2        0.267978        0.366844       -0.143538

     C    3       -0.019742       -0.289122        0.257849
     C    3       -0.289122        0.195714        0.349974
     C    3        0.257849        0.349974       -0.175972

     H    4        0.325902        0.224926        0.763322
     H    4        0.224926       -0.430543        0.254252
     H    4        0.763322        0.254252        0.104641

     C    5        0.118785       -0.232498        0.387121
     C    5       -0.232498        0.039328        0.252344
     C    5        0.387121        0.252344       -0.158113

     H    6       -0.543469        0.072135        0.061660
     H    6        0.072135        0.514022        0.767518
     H    6        0.061660        0.767518        0.029446

     H    7       -0.518491       -0.125268        0.111133
     H    7       -0.125268        0.505045       -0.780020
     H    7        0.111133       -0.780020        0.013446

     C    8        0.204925        0.245534        0.184884
     C    8        0.245534        0.011697       -0.355169
     C    8        0.184884       -0.355169       -0.216622

     H    9        0.644776       -0.194085        0.667327
     H    9       -0.194085       -0.529321       -0.209366
     H    9        0.667327       -0.209366       -0.115455

     C   10        0.087773        0.248808        0.131314
     C   10        0.248808        0.056012       -0.520981
     C   10        0.131314       -0.520981       -0.143785

     C   11        0.266620        0.149639        0.249187
     C   11        0.149639       -0.059852       -0.460470
     C   11        0.249187       -0.460470       -0.206769

     Cl  12        0.113494        0.198901       -0.020227
     Cl  12        0.198901        0.027151       -0.021237
     Cl  12       -0.020227       -0.021237       -0.140645

     H   13       -0.485740       -0.201444       -0.117386
     H   13       -0.201444        0.388069        0.748226
     H   13       -0.117386        0.748226        0.097671

     C   14        0.136805       -0.424748        0.303076
     C   14       -0.424748        0.029675        0.204036
     C   14        0.303076        0.204036       -0.166480

     H   15        0.350680        0.102551        0.813308
     H   15        0.102551       -0.512384        0.173027
     H   15        0.813308        0.173027        0.161705

     C   16        0.029607       -0.374504        0.276251
     C   16       -0.374504        0.125478        0.343271
     C   16        0.276251        0.343271       -0.155084

     C   17        0.071924       -0.260338        0.373111
     C   17       -0.260338        0.034391        0.384255
     C   17        0.373111        0.384255       -0.106315

     Cl  18        0.127419       -0.211585        0.057446
     Cl  18       -0.211585        0.018368       -0.022851
     Cl  18        0.057446       -0.022851       -0.145787

     H   19       -0.523374       -0.132532        0.096420
     H   19       -0.132532        0.519904       -0.807511
     H   19        0.096420       -0.807511        0.003470

     C   20        0.339669        0.185542        0.192679
     C   20        0.185542       -0.015741       -0.357086
     C   20        0.192679       -0.357086       -0.323927

     H   21        0.707662       -0.329724        0.629742
     H   21       -0.329724       -0.438739       -0.234511
     H   21        0.629742       -0.234511       -0.268923

     C   22        0.161594        0.184382        0.147269
     C   22        0.184382        0.120981       -0.453689
     C   22        0.147269       -0.453689       -0.282575

     C   23        0.140025        0.173293        0.240973
     C   23        0.173293        0.061859       -0.431322
     C   23        0.240973       -0.431322       -0.201884

     Cl  24        0.087366        0.197497       -0.029760
     Cl  24        0.197497        0.028172       -0.035481
     Cl  24       -0.029760       -0.035481       -0.115537

     ----- GIPAW term -----
     Cl   1       -0.159022       -0.796789       -0.351639
     Cl   1       -0.796789        1.911040       -1.142604
     Cl   1       -0.351639       -1.142604       -1.752018

     C    2       -0.074255       -0.076899        0.050398
     C    2       -0.076899        0.091297       -0.126536
     C    2        0.050398       -0.126536       -0.017042

     C    3       -0.034793       -0.050676       -0.005721
     C    3       -0.050676        0.055122       -0.086406
     C    3       -0.005721       -0.086406       -0.020329

     H    4       -0.000000        0.000000        0.000000
     H    4        0.000000        0.000000        0.000000
     H    4        0.000000        0.000000        0.000000

     C    5       -0.063811       -0.143980        0.086518
     C    5       -0.143980        0.138793       -0.106386
     C    5        0.086518       -0.106386       -0.074982

     H    6       -0.000000        0.000000        0.000000
     H    6        0.000000        0.000000        0.000000
     H    6        0.000000        0.000000        0.000000

     H    7       -0.000000        0.000000        0.000000
     H    7        0.000000        0.000000        0.000000
     H    7        0.000000        0.000000        0.000000

     C    8        0.180042       -0.147526        0.174518
     C    8       -0.147526       -0.186405        0.018378
     C    8        0.174518        0.018378        0.006363

     H    9       -0.000000        0.000000        0.000000
     H    9        0.000000        0.000000        0.000000
     H    9        0.000000        0.000000        0.000000

     C   10        0.169054        0.028161       -0.209586
     C   10        0.028161       -0.120335        0.075664
     C   10       -0.209586        0.075664       -0.048719

     C   11       -0.055331       -0.007358       -0.098444
     C   11       -0.007358       -0.004554        0.180549
     C   11       -0.098444        0.180549        0.059885

     Cl  12       -0.258626        0.396852       -1.378735
     Cl  12        0.396852       -0.279703        1.910636
     Cl  12       -1.378735        1.910636        0.538329

     H   13       -0.000000        0.000000        0.000000
     H   13        0.000000        0.000000        0.000000
     H   13        0.000000        0.000000        0.000000

     C   14        0.194054       -0.160257       -0.183160
     C   14       -0.160257       -0.120572       -0.045564
     C   14       -0.183160       -0.045564       -0.073482

     H   15       -0.000000        0.000000        0.000000
     H   15        0.000000        0.000000        0.000000
     H   15        0.000000        0.000000        0.000000

     C   16        0.111866       -0.001893       -0.144777
     C   16       -0.001893       -0.111947        0.048299
     C   16       -0.144777        0.048299        0.000080

     C   17        0.186972       -0.232763       -0.148757
     C   17       -0.232763       -0.068786       -0.027754
     C   17       -0.148757       -0.027754       -0.118186

     Cl  18        0.868221       -0.519205       -2.277021
     Cl  18       -0.519205       -1.446285        0.380083
     Cl  18       -2.277021        0.380083        0.578063

     H   19       -0.000000        0.000000        0.000000
     H   19        0.000000        0.000000        0.000000
     H   19        0.000000        0.000000        0.000000

     C   20       -0.185174       -0.065579       -0.031337
     C   20       -0.065579        0.196022        0.160816
     C   20       -0.031337        0.160816       -0.010848

     H   21       -0.000000        0.000000        0.000000
     H   21        0.000000        0.000000        0.000000
     H   21        0.000000        0.000000        0.000000

     C   22       -0.083817       -0.121573        0.016166
     C   22       -0.121573        0.233104        0.026381
     C   22        0.016166        0.026381       -0.149287

     C   23        0.072486       -0.150901        0.034771
     C   23       -0.150901        0.078585       -0.084634
     C   23        0.034771       -0.084634       -0.151071

     Cl  24        0.112461       -0.098572        0.895277
     Cl  24       -0.098572        0.244373       -1.277299
     Cl  24        0.895277       -1.277299       -0.356835

     ----- total EFG -----
     Cl   1        0.063283       -0.971257       -0.421174
     Cl   1       -0.971257        1.778994       -1.075837
     Cl   1       -0.421174       -1.075837       -1.842277

     C    2       -0.510372        0.053701        0.237979
     C    2        0.053701        0.230513       -0.035169
     C    2        0.237979       -0.035169        0.279859

     C    3        0.095951       -0.390564        0.029474
     C    3       -0.390564        0.144608       -0.102877
     C    3        0.029474       -0.102877       -0.240559

     H    4        0.429448        0.256539        0.326722
     H    4        0.256539       -0.199167        0.473970
     H    4        0.326722        0.473970       -0.230281

     C    5       -0.453594       -0.052839        0.433072
     C    5       -0.052839        0.337161       -0.150970
     C    5        0.433072       -0.150970        0.116433

     H    6       -0.154031        0.146037       -0.274894
     H    6        0.146037        0.390077        0.462369
     H    6       -0.274894        0.462369       -0.236047

     H    7       -0.436514        0.104510       -0.301387
     H    7        0.104510        0.467220       -0.331671
     H    7       -0.301387       -0.331671       -0.030706

     C    8        0.490389       -0.485488        0.492452
     C    8       -0.485488       -0.712421        0.060431
     C    8        0.492452        0.060431        0.222032

     H    9       -0.089018       -0.150882        0.428832
     H    9       -0.150882       -0.129824       -0.053043
     H    9        0.428832       -0.053043        0.218841

     C   10        0.313737        0.276496       -0.541433
     C   10        0.276496       -0.330790        0.065582
     C   10       -0.541433        0.065582        0.017053

     C   11        0.018037        0.070504       -0.045361
     C   11        0.070504       -0.083450        0.226156
     C   11       -0.045361        0.226156        0.065413

     Cl  12       -0.221427        0.500548       -1.423862
     Cl  12        0.500548       -0.243198        1.926046
     Cl  12       -1.423862        1.926046        0.464626

     H   13       -0.538729       -0.029653        0.224568
     H   13       -0.029653        0.426047        0.317692
     H   13        0.224568        0.317692        0.112682

     C   14        0.310658       -0.811919       -0.443132
     C   14       -0.811919       -0.208362       -0.296855
     C   14       -0.443132       -0.296855       -0.102296

     H   15        0.438915        0.026522        0.637875
     H   15        0.026522       -0.003161        0.105006
     H   15        0.637875        0.105006       -0.435753

     C   16        0.082497        0.097852       -0.077446
     C   16        0.097852       -0.219993        0.320292
     C   16       -0.077446        0.320292        0.137496

     C   17        0.375337       -0.892327       -0.347046
     C   17       -0.892327       -0.233020       -0.267439
     C   17       -0.347046       -0.267439       -0.142317

     Cl  18        0.786501       -0.334276       -2.276237
     Cl  18       -0.334276       -1.496940        0.378354
     Cl  18       -2.276237        0.378354        0.710438

     H   19        0.029587       -0.140761        0.047182
     H   19       -0.140761        0.433620       -0.572346
     H   19        0.047182       -0.572346       -0.463207

     C   20       -0.477390       -0.223701       -0.069910
     C   20       -0.223701        0.528092        0.082285
     C   20       -0.069910        0.082285       -0.050702

     H   21        0.400579       -0.383087        0.121991
     H   21       -0.383087       -0.412298       -0.078575
     H   21        0.121991       -0.078575        0.011719

     C   22        0.169441       -0.266910        0.102099
     C   22       -0.266910        0.213716        0.159957
     C   22        0.102099        0.159957       -0.383158

     C   23       -0.159392       -0.216883       -0.178559
     C   23       -0.216883        0.373179       -0.379784
     C   23       -0.178559       -0.379784       -0.213787

     Cl  24        0.178845        0.151410        0.710251
     Cl  24        0.151410        0.252956       -1.135485
     Cl  24        0.710251       -1.135485       -0.431801

     ----- total EFG (symmetrized) -----
     Cl   1        0.063283       -0.971257       -0.421174
     Cl   1       -0.971257        1.778994       -1.075837
     Cl   1       -0.421174       -1.075837       -1.842277

     C    2       -0.510372        0.053701        0.237979
     C    2        0.053701        0.230513       -0.035169
     C    2        0.237979       -0.035169        0.279859

     C    3        0.095951       -0.390564        0.029474
     C    3       -0.390564        0.144608       -0.102877
     C    3        0.029474       -0.102877       -0.240559

     H    4        0.429448        0.256539        0.326722
     H    4        0.256539       -0.199167        0.473970
     H    4        0.326722        0.473970       -0.230281

     C    5       -0.453594       -0.052839        0.433072
     C    5       -0.052839        0.337161       -0.150970
     C    5        0.433072       -0.150970        0.116433

     H    6       -0.154031        0.146037       -0.274894
     H    6        0.146037        0.390077        0.462369
     H    6       -0.274894        0.462369       -0.236047

     H    7       -0.436514        0.104510       -0.301387
     H    7        0.104510        0.467220       -0.331671
     H    7       -0.301387       -0.331671       -0.030706

     C    8        0.490389       -0.485488        0.492452
     C    8       -0.485488       -0.712421        0.060431
     C    8        0.492452        0.060431        0.222032

     H    9       -0.089018       -0.150882        0.428832
     H    9       -0.150882       -0.129824       -0.053043
     H    9        0.428832       -0.053043        0.218841

     C   10        0.313737        0.276496       -0.541433
     C   10        0.276496       -0.330790        0.065582
     C   10       -0.541433        0.065582        0.017053

     C   11        0.018037        0.070504       -0.045361
     C   11        0.070504       -0.083450        0.226156
     C   11       -0.045361        0.226156        0.065413

     Cl  12       -0.221427        0.500548       -1.423862
     Cl  12        0.500548       -0.243198        1.926046
     Cl  12       -1.423862        1.926046        0.464626

     H   13       -0.538729       -0.029653        0.224568
     H   13       -0.029653        0.426047        0.317692
     H   13        0.224568        0.317692        0.112682

     C   14        0.310658       -0.811919       -0.443132
     C   14       -0.811919       -0.208362       -0.296855
     C   14       -0.443132       -0.296855       -0.102296

     H   15        0.438915        0.026522        0.637875
     H   15        0.026522       -0.003161        0.105006
     H   15        0.637875        0.105006       -0.435753

     C   16        0.082497        0.097852       -0.077446
     C   16        0.097852       -0.219993        0.320292
     C   16       -0.077446        0.320292        0.137496

     C   17        0.375337       -0.892327       -0.347046
     C   17       -0.892327       -0.233020       -0.267439
     C   17       -0.347046       -0.267439       -0.142317

     Cl  18        0.786501       -0.334276       -2.276237
     Cl  18       -0.334276       -1.496940        0.378354
     Cl  18       -2.276237        0.378354        0.710438

     H   19        0.029587       -0.140761        0.047182
     H   19       -0.140761        0.433620       -0.572346
     H   19        0.047182       -0.572346       -0.463207

     C   20       -0.477390       -0.223701       -0.069910
     C   20       -0.223701        0.528092        0.082285
     C   20       -0.069910        0.082285       -0.050702

     H   21        0.400579       -0.383087        0.121991
     H   21       -0.383087       -0.412298       -0.078575
     H   21        0.121991       -0.078575        0.011719

     C   22        0.169441       -0.266910        0.102099
     C   22       -0.266910        0.213716        0.159957
     C   22        0.102099        0.159957       -0.383158

     C   23       -0.159392       -0.216883       -0.178559
     C   23       -0.216883        0.373179       -0.379784
     C   23       -0.178559       -0.379784       -0.213787

     Cl  24        0.178845        0.151410        0.710251
     Cl  24        0.151410        0.252956       -1.135485
     Cl  24        0.710251       -1.135485       -0.431801


     NQR/NMR SPECTROSCOPIC PARAMETERS:
     Cl   1    Vxx=   -0.0471    axis=(  0.893748  0.260031 -0.365511)
     Cl   1    Vyy=   -2.3340    axis=(  0.283228  0.304742  0.909348)
     Cl   1    Vzz=    2.3810    axis=(  0.347845 -0.916251  0.198714)
     Cl   1  Q=        -8.1650 1e-30 m^2  Cq=       -45.6792 MHz  eta= 0.96048

     C    2    Vxx=    0.2318    axis=(  0.116620  0.982990  0.141885)
     C    2    Vyy=    0.3493    axis=(  0.253281 -0.167571  0.952769)
     C    2    Vzz=   -0.5811    axis=(  0.960338 -0.075175 -0.268515)
     C    2  Q=         1.0000 1e-30 m^2  Cq=        -1.3654 MHz  eta= 0.20220

     C    3    Vxx=   -0.2123    axis=( -0.532929 -0.362883  0.764397)
     C    3    Vyy=   -0.3112    axis=(  0.511720  0.581237  0.632697)
     C    3    Vzz=    0.5235    axis=(  0.673891 -0.728340  0.124064)
     C    3  Q=         1.0000 1e-30 m^2  Cq=         1.2300 MHz  eta= 0.18904

     H    4    Vxx=   -0.0737    axis=(  0.628206 -0.597619 -0.498205)
     H    4    Vyy=   -0.6923    axis=(  0.059617  0.675419 -0.735021)
     H    4    Vzz=    0.7660    axis=(  0.775759  0.432043  0.459931)
     H    4  Q=         1.0000 1e-30 m^2  Cq=         1.7999 MHz  eta= 0.80755

     C    5    Vxx=    0.1858    axis=(  0.347261  0.720224  0.600572)
     C    5    Vyy=    0.5019    axis=( -0.328971  0.693288 -0.641194)
     C    5    Vzz=   -0.6877    axis=(  0.878173 -0.025091 -0.477685)
     C    5  Q=         1.0000 1e-30 m^2  Cq=        -1.6157 MHz  eta= 0.45963

     H    6    Vxx=    0.0340    axis=(  0.855975  0.242115 -0.456822)
     H    6    Vyy=    0.6354    axis=( -0.000233 -0.883393 -0.468634)
     H    6    Vzz=   -0.6694    axis=( -0.517017  0.401245 -0.756106)
     H    6  Q=         1.0000 1e-30 m^2  Cq=        -1.5728 MHz  eta= 0.89846

     H    7    Vxx=   -0.0806    axis=(  0.456200 -0.522928 -0.720019)
     H    7    Vyy=   -0.6014    axis=(  0.864792  0.069762  0.497261)
     H    7    Vzz=    0.6820    axis=(  0.209802  0.849517 -0.484049)
     H    7  Q=         1.0000 1e-30 m^2  Cq=         1.6025 MHz  eta= 0.76355

     C    8    Vxx=   -0.0138    axis=( -0.437497  0.374753  0.817408)
     C    8    Vyy=   -0.9314    axis=(  0.380192  0.900863 -0.209526)
     C    8    Vzz=    0.9452    axis=( -0.814893  0.219105 -0.536603)
     C    8  Q=         1.0000 1e-30 m^2  Cq=         2.2208 MHz  eta= 0.97073

     H    9    Vxx=   -0.1238    axis=(  0.156185 -0.927702 -0.339079)
     H    9    Vyy=   -0.4222    axis=(  0.799385  0.320362 -0.508284)
     H    9    Vzz=    0.5460    axis=(  0.580164 -0.191668  0.791627)
     H    9  Q=         1.0000 1e-30 m^2  Cq=         1.2828 MHz  eta= 0.54646

     C   10    Vxx=   -0.1613    axis=(  0.293851  0.721912  0.626494)
     C   10    Vyy=   -0.5964    axis=(  0.518925 -0.670918  0.529705)
     C   10    Vzz=    0.7578    axis=( -0.802726 -0.169449  0.571767)
     C   10  Q=         1.0000 1e-30 m^2  Cq=         1.7804 MHz  eta= 0.57419

     C   11    Vxx=    0.0422    axis=(  0.960318  0.211337 -0.182007)
     C   11    Vyy=    0.2292    axis=(  0.023333  0.589408  0.807498)
     C   11    Vzz=   -0.2713    axis=(  0.277931 -0.779702  0.561088)
     C   11  Q=         1.0000 1e-30 m^2  Cq=        -0.6375 MHz  eta= 0.68930

     Cl  12    Vxx=    0.2501    axis=(  0.799981  0.597511 -0.054869)
     Cl  12    Vyy=    2.3453    axis=(  0.334538 -0.520066 -0.785885)
     Cl  12    Vzz=   -2.5954    axis=( -0.498111  0.610337 -0.615933)
     Cl  12  Q=        -8.1650 1e-30 m^2  Cq=        49.7917 MHz  eta= 0.80728

     H   13    Vxx=   -0.0068    axis=( -0.353211  0.537683 -0.765597)
     H   13    Vyy=   -0.6246    axis=( -0.931786 -0.128907  0.339350)
     H   13    Vzz=    0.6314    axis=(  0.083771  0.833235  0.546537)
     H   13  Q=         1.0000 1e-30 m^2  Cq=         1.4836 MHz  eta= 0.97837

     C   14    Vxx=    0.1256    axis=( -0.111144 -0.495503  0.861466)
     C   14    Vyy=    0.9407    axis=(  0.823858 -0.530723 -0.198973)
     C   14    Vzz=   -1.0663    axis=(  0.555792  0.687611  0.467211)
     C   14  Q=         1.0000 1e-30 m^2  Cq=        -2.5055 MHz  eta= 0.76438

     H   15    Vxx=   -0.0015    axis=(  0.129968 -0.990328 -0.048558)
     H   15    Vyy=   -0.7802    axis=( -0.459341 -0.103539  0.882205)
     H   15    Vzz=    0.7817    axis=( -0.878700 -0.092354 -0.468355)
     H   15  Q=         1.0000 1e-30 m^2  Cq=         1.8367 MHz  eta= 0.99618

     C   16    Vxx=    0.1106    axis=(  0.969810  0.238696 -0.049935)
     C   16    Vyy=    0.3269    axis=( -0.076886  0.493609  0.866279)
     C   16    Vzz=   -0.4374    axis=(  0.231426 -0.836286  0.497059)
     C   16  Q=         1.0000 1e-30 m^2  Cq=        -1.0278 MHz  eta= 0.49448

     C   17    Vxx=    0.0353    axis=( -0.147806 -0.406909  0.901431)
     C   17    Vyy=    1.0288    axis=( -0.822377  0.556881  0.116534)
     C   17    Vzz=   -1.0641    axis=( -0.549409 -0.724092 -0.416943)
     C   17  Q=         1.0000 1e-30 m^2  Cq=        -2.5002 MHz  eta= 0.93363

     Cl  18    Vxx=   -1.5030    axis=(  0.616709  0.576901  0.535588)
     Cl  18    Vyy=   -1.5774    axis=( -0.343849  0.809458 -0.475967)
     Cl  18    Vzz=    3.0804    axis=( -0.708123  0.109372  0.697567)
     Cl  18  Q=        -8.1650 1e-30 m^2  Cq=       -59.0967 MHz  eta= 0.02415

     H   19    Vxx=   -0.0003    axis=(  0.979008  0.170737 -0.111323)
     H   19    Vyy=   -0.7424    axis=(  0.025352  0.439928  0.897675)
     H   19    Vzz=    0.7427    axis=(  0.202240 -0.881653  0.426365)
     H   19  Q=         1.0000 1e-30 m^2  Cq=         1.7450 MHz  eta= 0.99912

     C   20    Vxx=   -0.0593    axis=( -0.075344 -0.166429  0.983171)
     C   20    Vyy=   -0.5305    axis=( -0.974326 -0.197494 -0.108098)
     C   20    Vzz=    0.5898    axis=(  0.212161 -0.966073 -0.147276)
     C   20  Q=         1.0000 1e-30 m^2  Cq=         1.3857 MHz  eta= 0.79899

     H   21    Vxx=   -0.0221    axis=( -0.241678  0.042055  0.969445)
     H   21    Vyy=   -0.5658    axis=( -0.362595 -0.930603 -0.050023)
     H   21    Vzz=    0.5879    axis=(  0.900065 -0.363606  0.240156)
     H   21  Q=         1.0000 1e-30 m^2  Cq=         1.3813 MHz  eta= 0.92481

     C   22    Vxx=    0.0085    axis=(  0.697747  0.580943  0.419112)
     C   22    Vyy=    0.4624    axis=( -0.660307  0.748444  0.061854)
     C   22    Vzz=   -0.4710    axis=( -0.277748 -0.319901  0.905825)
     C   22  Q=         1.0000 1e-30 m^2  Cq=        -1.1066 MHz  eta= 0.96373

     C   23    Vxx=   -0.0136    axis=(  0.822348 -0.090471 -0.561746)
     C   23    Vyy=   -0.5661    axis=(  0.543044  0.419502  0.727408)
     C   23    Vzz=    0.5797    axis=(  0.169844 -0.903235  0.394106)
     C   23  Q=         1.0000 1e-30 m^2  Cq=         1.3620 MHz  eta= 0.95322

     Cl  24    Vxx=    0.3311    axis=(  0.868843  0.488210  0.082236)
     Cl  24    Vyy=    1.2040    axis=(  0.333770 -0.700286  0.631029)
     Cl  24    Vzz=   -1.5351    axis=(  0.365663 -0.520817 -0.771388)
     Cl  24  Q=        -8.1650 1e-30 m^2  Cq=        29.4506 MHz  eta= 0.56857

     Initialization:
     gipaw_setup  :      9.18s CPU     10.85s WALL (       1 calls)

     Linear response

     Apply operators

     Induced current

     Other routines
     efg          :      9.45s CPU     12.06s WALL (       1 calls)

     General routines
     calbec       :      3.43s CPU      4.63s WALL (      16 calls)
     fft          :      1.53s CPU      2.39s WALL (      15 calls)
     ffts         :      0.05s CPU      0.05s WALL (       2 calls)
     fftw         :      3.25s CPU      3.95s WALL (     672 calls)
     davcio       :      0.02s CPU      0.34s WALL (      32 calls)

     Parallel routines
     fft_scatter  :      2.14s CPU      3.54s WALL (     689 calls)

     Plugins

     GIPAW        :     62.02s CPU     73.89s WALL (       1 calls)
