
     Program QE v.6.0 (svn rev. 13079) starts on  5Jan2017 at 14:46:20 

     This program is part of the open-source Quantum ESPRESSO suite
     for quantum simulation of materials; please cite
         "P. Giannozzi et al., J. Phys.:Condens. Matter 21 395502 (2009);
          URL http://www.quantum-espresso.org", 
     in publications or presentations arising from this work. More details at
     http://www.quantum-espresso.org/quote

     Parallel version (MPI), running on     8 processors
     R & G space division:  proc/nbgrp/npool/nimage =       8

     ***** This is GIPAW svn revision unknown      *****

     Parallelizing q-star over 1 images

     Reading data from directory:
     /users/majewski/paradichlorobenzene/pbe/9_constraint/scratch/pbe.ecut100.np8.dt60.pcl2phi-129368.save
     Message from routine read_xml_file:
     file /users/majewski/paradichlorobenzene/pbe/9_constraint/scratch/pbe.ecut100.np8.dt60.pcl2phi-129368.save not guaranteed to be safe for post-processing

   Info: using nr1, nr2, nr3 values from input

   Info: using nr1, nr2, nr3 values from input

     IMPORTANT: XC functional enforced from input :
     Exchange-correlation      =  SLA  PW   PBX  PBC ( 1  4  3  4 0 0)
     Any further DFT definition will be discarded
     Please, verify this is what you really want

               file C.pbe-n-kjpaw_psl.1.0.0.UPF: wavefunction(s)  2S 2P renormalized
               file Cl.pbe-n-kjpaw_psl.1.0.0.UPF: wavefunction(s)  3S 3P renormalized
               file H.pbe-kjpaw_psl.1.0.0.UPF: wavefunction(s)  1S renormalized

     Parallelization info
     --------------------
     sticks:   dense  smooth     PW     G-vecs:    dense   smooth      PW
     Min        3057    1223    332               144436    36536    5170
     Max        3059    1225    333               144437    36537    5171
     Sum       24467    9791   2657              1155489   292295   41363


     Subspace diagonalization in iterative solution of the eigenvalue problem:
     a serial algorithm will be used

     GIPAW projectors -----------------------------------------------
     atom=  C    l=0  rc=    1.2000  rs=    0.8000
     atom=  C    l=0  rc=    1.2000  rs=    0.8000
     atom=  C    l=1  rc=    1.4000  rs=    0.9333
     atom=  C    l=1  rc=    1.4000  rs=    0.9333
     projs nearly linearly dependent: l=1  n1,n2= 1, 2  s=  0.99951561

     atom=  Cl   l=0  rc=    1.6000  rs=    1.0667
     atom=  Cl   l=0  rc=    1.6000  rs=    1.0667
     atom=  Cl   l=1  rc=    1.6000  rs=    1.0667
     atom=  Cl   l=1  rc=    1.6000  rs=    1.0667
     atom=  Cl   l=2  rc=    1.6000  rs=    1.0667
     atom=  Cl   l=2  rc=    1.6000  rs=    1.0667
     projs nearly linearly dependent: l=2  n1,n2= 1, 2  s=  0.99993509

     atom=  H    l=0  rc=    1.0000  rs=    0.6667
     atom=  H    l=0  rc=    1.0000  rs=    0.6667
     projs nearly linearly dependent: l=0  n1,n2= 1, 2  s=  0.99968852
     -----------------------------------------------------------------

     GIPAW integrals: -------------------------------------------
     Atom  i/j   nmr_para   nmr_dia   epr_rmc  epr_para   epr_dia
       C   1 1   0.83E+03  0.17E-01  0.93E+01  0.24E+08  0.24E+03
       C   2 1   0.86E+03 -0.61E-01  0.94E+01  0.25E+08  0.25E+03
       C   2 2   0.90E+03 -0.15E+00  0.97E+01  0.26E+08  0.26E+03
       C   3 3   0.33E+01  0.34E+00  0.18E+01  0.55E+03  0.21E+02
       C   4 3   0.35E+01  0.37E+00  0.20E+01  0.59E+03  0.22E+02
       C   4 4   0.38E+01  0.39E+00  0.22E+01  0.63E+03  0.24E+02
       Cl  1 1   0.14E+04 -0.47E+00  0.84E+01  0.32E+09  0.42E+03
       Cl  2 1   0.21E+04 -0.37E+00  0.12E+02  0.49E+09  0.65E+03
       Cl  2 2   0.33E+04 -0.16E+00  0.21E+02  0.76E+09  0.10E+04
       Cl  3 3   0.21E+02  0.79E-01  0.89E+01  0.23E+05  0.13E+03
       Cl  4 3   0.24E+02  0.67E-01  0.99E+01  0.27E+05  0.15E+03
       Cl  4 4   0.28E+02  0.44E-01  0.11E+02  0.32E+05  0.18E+03
       Cl  5 5   0.77E+00  0.19E+00  0.18E+01  0.12E+03  0.22E+02
       Cl  6 5   0.80E+00  0.19E+00  0.19E+01  0.12E+03  0.23E+02
       Cl  6 6   0.83E+00  0.20E+00  0.19E+01  0.12E+03  0.23E+02
       H   1 1   0.39E+02  0.19E+00  0.29E+00  0.78E+05  0.13E+02
       H   2 1   0.41E+02  0.21E+00  0.32E+00  0.82E+05  0.14E+02
       H   2 2   0.43E+02  0.22E+00  0.36E+00  0.86E+05  0.15E+02
     ------------------------------------------------------------

     alpha_pv=     33.7586 eV

     Number of occupied bands for each k-point:
     k-point:     1    nbnd_occ=  42
     k-point:     2    nbnd_occ=  42
     k-point:     3    nbnd_occ=  42
     k-point:     4    nbnd_occ=  42
     k-point:     5    nbnd_occ=  42
     k-point:     6    nbnd_occ=  42
     k-point:     7    nbnd_occ=  42
     k-point:     8    nbnd_occ=  42
     k-point:     9    nbnd_occ=  42
     k-point:    10    nbnd_occ=  42
     k-point:    11    nbnd_occ=  42
     k-point:    12    nbnd_occ=  42
     k-point:    13    nbnd_occ=  42
     k-point:    14    nbnd_occ=  42
     k-point:    15    nbnd_occ=  42
     k-point:    16    nbnd_occ=  42


     q-space interpolation up to   110.00 Rydberg

     GIPAW job: efg                                                                             


     ELECTRIC FIELD GRADIENTS TENSORS IN Hartree/bohrradius^2:

     ----- bare term -----
     Cl   1        0.196811        0.054693       -0.097806
     Cl   1        0.054693       -0.218166        0.267524
     Cl   1       -0.097806        0.267524        0.021355

     C    2       -0.541700        0.385588       -0.223679
     C    2        0.385588        0.133114       -0.222457
     C    2       -0.223679       -0.222457        0.408587

     C    3        0.057709       -0.110843       -0.259741
     C    3       -0.110843       -0.053855       -0.626488
     C    3       -0.259741       -0.626488       -0.003855

     H    4        0.051717        0.089438       -0.487364
     H    4        0.089438        0.132389        0.242593
     H    4       -0.487364        0.242593       -0.184106

     C    5       -0.349099        0.374441        0.054708
     C    5        0.374441        0.008738       -0.331167
     C    5        0.054708       -0.331167        0.340361

     H    6        0.380011        0.069496       -0.335389
     H    6        0.069496        0.031761       -0.223351
     H    6       -0.335389       -0.223351       -0.411772

     H    7        0.128096        0.300423       -0.359351
     H    7        0.300423       -0.143469        0.502580
     H    7       -0.359351        0.502580        0.015373

     C    8        0.005335       -0.528528        0.117412
     C    8       -0.528528       -0.492717        0.351434
     C    8        0.117412        0.351434        0.487383

     H    9       -0.770181        0.219673       -0.148218
     H    9        0.219673        0.420330        0.123180
     H    9       -0.148218        0.123180        0.349851

     C   10       -0.202206       -0.228288       -0.332905
     C   10       -0.228288       -0.038850        0.350749
     C   10       -0.332905        0.350749        0.241056

     C   11       -0.062781       -0.130602       -0.261940
     C   11       -0.130602       -0.055201        0.640985
     C   11       -0.261940        0.640985        0.117983

     Cl  12       -0.095922       -0.093936       -0.100723
     Cl  12       -0.093936       -0.011975        0.130254
     Cl  12       -0.100723        0.130254        0.107897

     H   13        0.308289        0.095067        0.309360
     H   13        0.095067        0.012157       -0.502276
     H   13        0.309360       -0.502276       -0.320446

     C   14       -0.035254       -0.303773       -0.504469
     C   14       -0.303773       -0.113754       -0.426664
     C   14       -0.504469       -0.426664        0.149009

     H   15        0.069419       -0.080737       -0.189545
     H   15       -0.080737        0.518539       -0.121799
     H   15       -0.189545       -0.121799       -0.587958

     C   16       -0.090628        0.459919       -0.197763
     C   16        0.459919       -0.170552       -0.038060
     C   16       -0.197763       -0.038060        0.261181

     C   17        0.144196       -0.303355       -0.593478
     C   17       -0.303355       -0.189049       -0.589185
     C   17       -0.593478       -0.589185        0.044853

     Cl  18       -0.016502        0.305462       -0.150900
     Cl  18        0.305462       -0.153682       -0.009846
     Cl  18       -0.150900       -0.009846        0.170184

     H   19        0.469647        0.051855        0.214548
     H   19        0.051855        0.018313        0.208503
     H   19        0.214548        0.208503       -0.487961

     C   20       -0.656416       -0.398326       -0.399575
     C   20       -0.398326        0.409279        0.251878
     C   20       -0.399575        0.251878        0.247137

     H   21       -0.055012        0.066368       -0.505882
     H   21        0.066368        0.137403       -0.171244
     H   21       -0.505882       -0.171244       -0.082392

     C   22        0.044854       -0.370884       -0.090718
     C   22       -0.370884       -0.133108        0.598982
     C   22       -0.090718        0.598982        0.088253

     C   23       -0.413827       -0.104325       -0.309113
     C   23       -0.104325        0.129571        0.185197
     C   23       -0.309113        0.185197        0.284256

     Cl  24       -0.074792        0.014491       -0.133615
     Cl  24        0.014491       -0.007288        0.124173
     Cl  24       -0.133615        0.124173        0.082079

     ----- ionic term -----
     Cl   1        0.071176       -0.227374        0.060992
     Cl   1       -0.227374        0.062687       -0.046584
     Cl   1        0.060992       -0.046584       -0.133864

     C    2        0.033403       -0.258905        0.374325
     C    2       -0.258905        0.092935        0.328597
     C    2        0.374325        0.328597       -0.126339

     C    3        0.012283       -0.354721        0.195591
     C    3       -0.354721        0.181216        0.395741
     C    3        0.195591        0.395741       -0.193499

     H    4        0.355253        0.145551        0.770489
     H    4        0.145551       -0.453596        0.210249
     H    4        0.770489        0.210249        0.098343

     C    5        0.121881       -0.302054        0.281769
     C    5       -0.302054        0.021653        0.285512
     C    5        0.281769        0.285512       -0.143534

     H    6       -0.534338        0.054818        0.046645
     H    6        0.054818        0.328464        0.791025
     H    6        0.046645        0.791025        0.205873

     H    7       -0.496294       -0.186727        0.136566
     H    7       -0.186727        0.628908       -0.729171
     H    7        0.136566       -0.729171       -0.132613

     C    8        0.284877        0.170704        0.247790
     C    8        0.170704        0.000840       -0.343997
     C    8        0.247790       -0.343997       -0.285717

     H    9        0.793955       -0.246410        0.539131
     H    9       -0.246410       -0.511139       -0.179000
     H    9        0.539131       -0.179000       -0.282816

     C   10        0.196770        0.206415        0.134917
     C   10        0.206415        0.082930       -0.432534
     C   10        0.134917       -0.432534       -0.279700

     C   11        0.187303        0.115907        0.291449
     C   11        0.115907        0.001034       -0.458098
     C   11        0.291449       -0.458098       -0.188337

     Cl  12        0.103829        0.173614       -0.036936
     Cl  12        0.173614        0.015760       -0.027455
     Cl  12       -0.036936       -0.027455       -0.119589

     H   13       -0.541232        0.063005        0.078116
     H   13        0.063005        0.391963        0.793444
     H   13        0.078116        0.793444        0.149269

     C   14        0.142477       -0.232830        0.367193
     C   14       -0.232830        0.000587        0.267484
     C   14        0.367193        0.267484       -0.143064

     H   15        0.445084        0.144639        0.784556
     H   15        0.144639       -0.494975        0.180920
     H   15        0.784556        0.180920        0.049891

     C   16        0.068079       -0.304682        0.246728
     C   16       -0.304682        0.099763        0.309183
     C   16        0.246728        0.309183       -0.167842

     C   17        0.107763       -0.257136        0.298670
     C   17       -0.257136        0.001854        0.330303
     C   17        0.298670        0.330303       -0.109616

     Cl  18        0.129533       -0.187274        0.026097
     Cl  18       -0.187274       -0.001534       -0.002066
     Cl  18        0.026097       -0.002066       -0.127999

     H   19       -0.535172       -0.005515        0.011378
     H   19       -0.005515        0.312876       -0.828773
     H   19        0.011378       -0.828773        0.222296

     C   20        0.278301        0.212329        0.262092
     C   20        0.212329       -0.089716       -0.347547
     C   20        0.262092       -0.347547       -0.188585

     H   21        0.469176       -0.217566        0.776769
     H   21       -0.217566       -0.496127       -0.231329
     H   21        0.776769       -0.231329        0.026951

     C   22        0.111446        0.208275        0.210923
     C   22        0.208275        0.041913       -0.434532
     C   22        0.210923       -0.434532       -0.153359

     C   23        0.142140        0.148235        0.281909
     C   23        0.148235        0.035976       -0.463108
     C   23        0.281909       -0.463108       -0.178116

     Cl  24        0.083936        0.205976       -0.007580
     Cl  24        0.205976        0.048467       -0.023553
     Cl  24       -0.007580       -0.023553       -0.132403

     ----- GIPAW term -----
     Cl   1       -0.147765       -0.770326       -0.438796
     Cl   1       -0.770326        0.614526       -1.372039
     Cl   1       -0.438796       -1.372039       -0.466761

     C    2       -0.041832       -0.190279       -0.023078
     C    2       -0.190279        0.168280       -0.007355
     C    2       -0.023078       -0.007355       -0.126448

     C    3       -0.081405       -0.117647       -0.009582
     C    3       -0.117647        0.169938       -0.158410
     C    3       -0.009582       -0.158410       -0.088533

     H    4       -0.000000        0.000000        0.000000
     H    4        0.000000        0.000000        0.000000
     H    4        0.000000        0.000000        0.000000

     C    5        0.012142       -0.132972        0.127965
     C    5       -0.132972        0.046221       -0.117277
     C    5        0.127965       -0.117277       -0.058363

     H    6       -0.000000        0.000000        0.000000
     H    6        0.000000        0.000000        0.000000
     H    6        0.000000        0.000000        0.000000

     H    7       -0.000000        0.000000        0.000000
     H    7        0.000000        0.000000        0.000000
     H    7        0.000000        0.000000        0.000000

     C    8        0.054800       -0.168088        0.197226
     C    8       -0.168088       -0.179866       -0.033521
     C    8        0.197226       -0.033521        0.125066

     H    9       -0.000000        0.000000        0.000000
     H    9        0.000000        0.000000        0.000000
     H    9        0.000000        0.000000        0.000000

     C   10        0.082506       -0.128034       -0.018286
     C   10       -0.128034       -0.023015        0.015068
     C   10       -0.018286        0.015068       -0.059491

     C   11        0.023233        0.005439       -0.058177
     C   11        0.005439        0.123514        0.134911
     C   11       -0.058177        0.134911       -0.146747

     Cl  12        0.178240        0.776829       -1.550961
     Cl  12        0.776829       -0.392523        1.758959
     Cl  12       -1.550961        1.758959        0.214283

     H   13       -0.000000        0.000000        0.000000
     H   13        0.000000        0.000000        0.000000
     H   13        0.000000        0.000000        0.000000

     C   14        0.096011       -0.184309       -0.183548
     C   14       -0.184309       -0.075605        0.015465
     C   14       -0.183548        0.015465       -0.020406

     H   15       -0.000000        0.000000        0.000000
     H   15        0.000000        0.000000        0.000000
     H   15        0.000000        0.000000        0.000000

     C   16        0.084333       -0.005281       -0.132614
     C   16       -0.005281       -0.090278        0.052761
     C   16       -0.132614        0.052761        0.005945

     C   17        0.248135       -0.155535       -0.167612
     C   17       -0.155535       -0.116395       -0.054260
     C   17       -0.167612       -0.054260       -0.131740

     Cl  18        2.212100       -0.774810       -1.533718
     Cl  18       -0.774810       -1.205939       -0.077337
     Cl  18       -1.533718       -0.077337       -1.006162

     H   19       -0.000000        0.000000        0.000000
     H   19        0.000000        0.000000        0.000000
     H   19        0.000000        0.000000        0.000000

     C   20       -0.156149       -0.165256       -0.082532
     C   20       -0.165256        0.223869        0.105020
     C   20       -0.082532        0.105020       -0.067719

     H   21       -0.000000        0.000000        0.000000
     H   21        0.000000        0.000000        0.000000
     H   21        0.000000        0.000000        0.000000

     C   22       -0.080800       -0.143344        0.002424
     C   22       -0.143344        0.219488        0.060126
     C   22        0.002424        0.060126       -0.138687

     C   23        0.048078       -0.060050        0.136735
     C   23       -0.060050       -0.016584       -0.120036
     C   23        0.136735       -0.120036       -0.031495

     Cl  24        0.266016       -0.319164        1.050296
     Cl  24       -0.319164        0.230007       -1.303214
     Cl  24        1.050296       -1.303214       -0.496023

     ----- total EFG -----
     Cl   1        0.120222       -0.943007       -0.475610
     Cl   1       -0.943007        0.459047       -1.151098
     Cl   1       -0.475610       -1.151098       -0.579269

     C    2       -0.550129       -0.063596        0.127569
     C    2       -0.063596        0.394329        0.098785
     C    2        0.127569        0.098785        0.155800

     C    3       -0.011413       -0.583211       -0.073731
     C    3       -0.583211        0.297299       -0.389156
     C    3       -0.073731       -0.389156       -0.285886

     H    4        0.406969        0.234989        0.283125
     H    4        0.234989       -0.321207        0.452841
     H    4        0.283125        0.452841       -0.085762

     C    5       -0.215075       -0.060585        0.464442
     C    5       -0.060585        0.076612       -0.162932
     C    5        0.464442       -0.162932        0.138463

     H    6       -0.154327        0.124314       -0.288744
     H    6        0.124314        0.360226        0.567674
     H    6       -0.288744        0.567674       -0.205899

     H    7       -0.368198        0.113696       -0.222785
     H    7        0.113696        0.485439       -0.226591
     H    7       -0.222785       -0.226591       -0.117240

     C    8        0.345012       -0.525912        0.562428
     C    8       -0.525912       -0.671743       -0.026084
     C    8        0.562428       -0.026084        0.326732

     H    9        0.023773       -0.026737        0.390913
     H    9       -0.026737       -0.090809       -0.055820
     H    9        0.390913       -0.055820        0.067036

     C   10        0.077070       -0.149907       -0.216274
     C   10       -0.149907        0.021066       -0.066717
     C   10       -0.216274       -0.066717       -0.098135

     C   11        0.147755       -0.009257       -0.028669
     C   11       -0.009257        0.069347        0.317799
     C   11       -0.028669        0.317799       -0.217102

     Cl  12        0.186147        0.856507       -1.688620
     Cl  12        0.856507       -0.388737        1.861758
     Cl  12       -1.688620        1.861758        0.202591

     H   13       -0.232944        0.158073        0.387476
     H   13        0.158073        0.404120        0.291168
     H   13        0.387476        0.291168       -0.171177

     C   14        0.203234       -0.720912       -0.320824
     C   14       -0.720912       -0.188772       -0.143714
     C   14       -0.320824       -0.143714       -0.014461

     H   15        0.514503        0.063902        0.595010
     H   15        0.063902        0.023564        0.059121
     H   15        0.595010        0.059121       -0.538067

     C   16        0.061784        0.149956       -0.083649
     C   16        0.149956       -0.161068        0.323885
     C   16       -0.083649        0.323885        0.099283

     C   17        0.500094       -0.716026       -0.462419
     C   17       -0.716026       -0.303591       -0.313143
     C   17       -0.462419       -0.313143       -0.196504

     Cl  18        2.325131       -0.656621       -1.658520
     Cl  18       -0.656621       -1.361154       -0.089249
     Cl  18       -1.658520       -0.089249       -0.963977

     H   19       -0.065525        0.046340        0.225925
     H   19        0.046340        0.331190       -0.620269
     H   19        0.225925       -0.620269       -0.265665

     C   20       -0.534264       -0.351253       -0.220015
     C   20       -0.351253        0.543432        0.009352
     C   20       -0.220015        0.009352       -0.009168

     H   21        0.414164       -0.151199        0.270887
     H   21       -0.151199       -0.358723       -0.402573
     H   21        0.270887       -0.402573       -0.055441

     C   22        0.075500       -0.305953        0.122628
     C   22       -0.305953        0.128293        0.224575
     C   22        0.122628        0.224575       -0.203793

     C   23       -0.223608       -0.016139        0.109531
     C   23       -0.016139        0.148964       -0.397948
     C   23        0.109531       -0.397948        0.074645

     Cl  24        0.275161       -0.098698        0.909101
     Cl  24       -0.098698        0.271186       -1.202593
     Cl  24        0.909101       -1.202593       -0.546347

     ----- total EFG (symmetrized) -----
     Cl   1        0.120222       -0.943007       -0.475610
     Cl   1       -0.943007        0.459047       -1.151098
     Cl   1       -0.475610       -1.151098       -0.579269

     C    2       -0.550129       -0.063596        0.127569
     C    2       -0.063596        0.394329        0.098785
     C    2        0.127569        0.098785        0.155800

     C    3       -0.011413       -0.583211       -0.073731
     C    3       -0.583211        0.297299       -0.389156
     C    3       -0.073731       -0.389156       -0.285886

     H    4        0.406969        0.234989        0.283125
     H    4        0.234989       -0.321207        0.452841
     H    4        0.283125        0.452841       -0.085762

     C    5       -0.215075       -0.060585        0.464442
     C    5       -0.060585        0.076612       -0.162932
     C    5        0.464442       -0.162932        0.138463

     H    6       -0.154327        0.124314       -0.288744
     H    6        0.124314        0.360226        0.567674
     H    6       -0.288744        0.567674       -0.205899

     H    7       -0.368198        0.113696       -0.222785
     H    7        0.113696        0.485439       -0.226591
     H    7       -0.222785       -0.226591       -0.117240

     C    8        0.345012       -0.525912        0.562428
     C    8       -0.525912       -0.671743       -0.026084
     C    8        0.562428       -0.026084        0.326732

     H    9        0.023773       -0.026737        0.390913
     H    9       -0.026737       -0.090809       -0.055820
     H    9        0.390913       -0.055820        0.067036

     C   10        0.077070       -0.149907       -0.216274
     C   10       -0.149907        0.021066       -0.066717
     C   10       -0.216274       -0.066717       -0.098135

     C   11        0.147755       -0.009257       -0.028669
     C   11       -0.009257        0.069347        0.317799
     C   11       -0.028669        0.317799       -0.217102

     Cl  12        0.186147        0.856507       -1.688620
     Cl  12        0.856507       -0.388737        1.861758
     Cl  12       -1.688620        1.861758        0.202591

     H   13       -0.232944        0.158073        0.387476
     H   13        0.158073        0.404120        0.291168
     H   13        0.387476        0.291168       -0.171177

     C   14        0.203234       -0.720912       -0.320824
     C   14       -0.720912       -0.188772       -0.143714
     C   14       -0.320824       -0.143714       -0.014461

     H   15        0.514503        0.063902        0.595010
     H   15        0.063902        0.023564        0.059121
     H   15        0.595010        0.059121       -0.538067

     C   16        0.061784        0.149956       -0.083649
     C   16        0.149956       -0.161068        0.323885
     C   16       -0.083649        0.323885        0.099283

     C   17        0.500094       -0.716026       -0.462419
     C   17       -0.716026       -0.303591       -0.313143
     C   17       -0.462419       -0.313143       -0.196504

     Cl  18        2.325131       -0.656621       -1.658520
     Cl  18       -0.656621       -1.361154       -0.089249
     Cl  18       -1.658520       -0.089249       -0.963977

     H   19       -0.065525        0.046340        0.225925
     H   19        0.046340        0.331190       -0.620269
     H   19        0.225925       -0.620269       -0.265665

     C   20       -0.534264       -0.351253       -0.220015
     C   20       -0.351253        0.543432        0.009352
     C   20       -0.220015        0.009352       -0.009168

     H   21        0.414164       -0.151199        0.270887
     H   21       -0.151199       -0.358723       -0.402573
     H   21        0.270887       -0.402573       -0.055441

     C   22        0.075500       -0.305953        0.122628
     C   22       -0.305953        0.128293        0.224575
     C   22        0.122628        0.224575       -0.203793

     C   23       -0.223608       -0.016139        0.109531
     C   23       -0.016139        0.148964       -0.397948
     C   23        0.109531       -0.397948        0.074645

     Cl  24        0.275161       -0.098698        0.909101
     Cl  24       -0.098698        0.271186       -1.202593
     Cl  24        0.909101       -1.202593       -0.546347


     NQR/NMR SPECTROSCOPIC PARAMETERS:
     Cl   1    Vxx=    0.3095    axis=(  0.774028  0.154319 -0.614057)
     Cl   1    Vyy=    1.4728    axis=( -0.446613  0.820525 -0.356755)
     Cl   1    Vzz=   -1.7823    axis=(  0.448795  0.550385  0.704031)
     Cl   1  Q=        -8.1650 1e-30 m^2  Cq=        34.1933 MHz  eta= 0.65267

     C    2    Vxx=    0.1488    axis=(  0.198237 -0.321267  0.926007)
     C    2    Vyy=    0.4302    axis=(  0.018104 -0.943395 -0.331176)
     C    2    Vzz=   -0.5791    axis=( -0.979987 -0.082415  0.181200)
     C    2  Q=         1.0000 1e-30 m^2  Cq=        -1.3606 MHz  eta= 0.48594

     C    3    Vxx=   -0.1139    axis=(  0.639515  0.206069 -0.740646)
     C    3    Vyy=   -0.6996    axis=(  0.542686  0.561378  0.624777)
     C    3    Vzz=    0.8135    axis=(  0.544530 -0.801492  0.247179)
     C    3  Q=         1.0000 1e-30 m^2  Cq=         1.9115 MHz  eta= 0.71987

     H    4    Vxx=   -0.0388    axis=(  0.636097 -0.461840 -0.618130)
     H    4    Vyy=   -0.6716    axis=( -0.013596  0.794259 -0.607427)
     H    4    Vzz=    0.7103    axis=(  0.771490  0.394787  0.498946)
     H    4  Q=         1.0000 1e-30 m^2  Cq=         1.6690 MHz  eta= 0.89083

     C    5    Vxx=    0.0158    axis=(  0.260671  0.932184  0.251164)
     C    5    Vyy=    0.5226    axis=( -0.518861  0.354663 -0.777815)
     C    5    Vzz=   -0.5383    axis=( -0.814146  0.072435  0.576125)
     C    5  Q=         1.0000 1e-30 m^2  Cq=        -1.2649 MHz  eta= 0.94141

     H    6    Vxx=    0.0124    axis=(  0.876236  0.300991 -0.376318)
     H    6    Vyy=    0.7142    axis=(  0.058224 -0.841341 -0.537359)
     H    6    Vzz=   -0.7266    axis=( -0.478352  0.448943 -0.754738)
     H    6  Q=         1.0000 1e-30 m^2  Cq=        -1.7072 MHz  eta= 0.96591

     H    7    Vxx=   -0.0968    axis=( -0.476678  0.398084  0.783778)
     H    7    Vyy=   -0.4987    axis=(  0.858460  0.018831  0.512534)
     H    7    Vzz=    0.5955    axis=( -0.189273 -0.917156  0.350716)
     H    7  Q=         1.0000 1e-30 m^2  Cq=         1.3993 MHz  eta= 0.67481

     C    8    Vxx=   -0.0664    axis=( -0.509636  0.410169  0.756328)
     C    8    Vyy=   -0.9305    axis=(  0.441523  0.879158 -0.179271)
     C    8    Vzz=    0.9969    axis=( -0.738464  0.242573 -0.629150)
     C    8  Q=         1.0000 1e-30 m^2  Cq=         2.3424 MHz  eta= 0.86680

     H    9    Vxx=   -0.0959    axis=( -0.129839 -0.991138 -0.028045)
     H    9    Vyy=   -0.3475    axis=(  0.720462 -0.074873 -0.689440)
     H    9    Vzz=    0.4434    axis=(  0.681231 -0.109721  0.723799)
     H    9  Q=         1.0000 1e-30 m^2  Cq=         1.0419 MHz  eta= 0.56749

     C   10    Vxx=    0.0453    axis=( -0.113583 -0.824288  0.554660)
     C   10    Vyy=    0.2605    axis=( -0.817375  0.394892  0.419473)
     C   10    Vzz=   -0.3058    axis=( -0.564798 -0.405720 -0.718606)
     C   10  Q=         1.0000 1e-30 m^2  Cq=        -0.7185 MHz  eta= 0.70370

     C   11    Vxx=    0.1442    axis=(  0.983844  0.165730  0.067704)
     C   11    Vyy=    0.2789    axis=( -0.175882  0.824208  0.538282)
     C   11    Vzz=   -0.4231    axis=(  0.033407 -0.541493  0.840041)
     C   11  Q=         1.0000 1e-30 m^2  Cq=        -0.9941 MHz  eta= 0.31825

     Cl  12    Vxx=    0.7747    axis=( -0.722555 -0.684692 -0.095456)
     Cl  12    Vyy=    2.2039    axis=( -0.482238  0.400266  0.779252)
     Cl  12    Vzz=   -2.9786    axis=(  0.495340 -0.609085  0.619398)
     Cl  12  Q=        -8.1650 1e-30 m^2  Cq=        57.1425 MHz  eta= 0.47983

     H   13    Vxx=   -0.0396    axis=(  0.614877 -0.573915  0.540877)
     H   13    Vyy=   -0.5984    axis=(  0.705137  0.092981 -0.702948)
     H   13    Vzz=    0.6380    axis=(  0.353141  0.813619  0.461861)
     H   13  Q=         1.0000 1e-30 m^2  Cq=         1.4991 MHz  eta= 0.87573

     C   14    Vxx=    0.0637    axis=( -0.037083 -0.412284  0.910300)
     C   14    Vyy=    0.7921    axis=(  0.801184 -0.556708 -0.219501)
     C   14    Vzz=   -0.8558    axis=(  0.597268  0.721178  0.350960)
     C   14  Q=         1.0000 1e-30 m^2  Cq=        -2.0107 MHz  eta= 0.85113

     H   15    Vxx=    0.0156    axis=(  0.111246 -0.993702  0.013444)
     H   15    Vyy=    0.7915    axis=( -0.905745 -0.106948 -0.410108)
     H   15    Vzz=   -0.8071    axis=(  0.408963  0.033446 -0.911938)
     H   15  Q=         1.0000 1e-30 m^2  Cq=        -1.8963 MHz  eta= 0.96132

     C   16    Vxx=    0.1193    axis=(  0.943712  0.228959 -0.238717)
     C   16    Vyy=    0.3192    axis=(  0.067860  0.572334  0.817208)
     C   16    Vzz=   -0.4385    axis=( -0.323733  0.787408 -0.524582)
     C   16  Q=         1.0000 1e-30 m^2  Cq=        -1.0303 MHz  eta= 0.45575

     C   17    Vxx=    0.0602    axis=( -0.068117 -0.570447  0.818505)
     C   17    Vyy=    0.9760    axis=(  0.872329 -0.432181 -0.228607)
     C   17    Vzz=   -1.0362    axis=(  0.484150  0.698434  0.527057)
     C   17  Q=         1.0000 1e-30 m^2  Cq=        -2.4348 MHz  eta= 0.88377

     Cl  18    Vxx=   -1.1950    axis=(  0.124300 -0.803642  0.581987)
     Cl  18    Vyy=   -1.8951    axis=( -0.374381 -0.581168 -0.722553)
     Cl  18    Vzz=    3.0901    axis=( -0.918906  0.128071  0.373108)
     Cl  18  Q=        -8.1650 1e-30 m^2  Cq=       -59.2813 MHz  eta= 0.22658

     H   19    Vxx=   -0.0031    axis=(  0.944049  0.255676  0.208331)
     H   19    Vyy=   -0.7266    axis=(  0.312392 -0.490668 -0.813422)
     H   19    Vzz=    0.7297    axis=( -0.105751  0.832991 -0.543086)
     H   19  Q=         1.0000 1e-30 m^2  Cq=         1.7145 MHz  eta= 0.99145

     C   20    Vxx=    0.0457    axis=( -0.245059 -0.190790  0.950550)
     C   20    Vyy=    0.6559    axis=(  0.300353 -0.947150 -0.112674)
     C   20    Vzz=   -0.7016    axis=(  0.921810  0.257889  0.289412)
     C   20  Q=         1.0000 1e-30 m^2  Cq=        -1.6485 MHz  eta= 0.86979

     H   21    Vxx=   -0.0041    axis=(  0.592424  0.481044 -0.646244)
     H   21    Vyy=   -0.6382    axis=( -0.031622  0.815430  0.577991)
     H   21    Vzz=    0.6423    axis=(  0.805006 -0.321980  0.498292)
     H   21  Q=         1.0000 1e-30 m^2  Cq=         1.5092 MHz  eta= 0.98722

     C   22    Vxx=    0.0289    axis=(  0.624845  0.370668  0.687149)
     C   22    Vyy=    0.4218    axis=( -0.623288  0.766857  0.153109)
     C   22    Vzz=   -0.4507    axis=( -0.470192 -0.523961  0.710200)
     C   22  Q=         1.0000 1e-30 m^2  Cq=        -1.0589 MHz  eta= 0.87192

     C   23    Vxx=   -0.1859    axis=(  0.819791  0.454102  0.348904)
     C   23    Vyy=   -0.3355    axis=(  0.560958 -0.514230 -0.648763)
     C   23    Vzz=    0.5214    axis=(  0.115187 -0.727571  0.676294)
     C   23  Q=         1.0000 1e-30 m^2  Cq=         1.2251 MHz  eta= 0.28683

     Cl  24    Vxx=    0.1785    axis=(  0.792328  0.609829 -0.018031)
     Cl  24    Vyy=    1.4863    axis=( -0.498406  0.629951 -0.595612)
     Cl  24    Vzz=   -1.6648    axis=( -0.351863  0.480906  0.803070)
     Cl  24  Q=        -8.1650 1e-30 m^2  Cq=        31.9388 MHz  eta= 0.78555

     Initialization:
     gipaw_setup  :      9.50s CPU     11.31s WALL (       1 calls)

     Linear response

     Apply operators

     Induced current

     Other routines
     efg          :      9.24s CPU     11.68s WALL (       1 calls)

     General routines
     calbec       :      3.19s CPU      4.06s WALL (      16 calls)
     fft          :      1.44s CPU      1.85s WALL (      15 calls)
     ffts         :      0.04s CPU      0.06s WALL (       2 calls)
     fftw         :      3.20s CPU      4.17s WALL (     672 calls)
     davcio       :      0.02s CPU      0.33s WALL (      32 calls)

     Parallel routines
     fft_scatter  :      2.05s CPU      3.31s WALL (     689 calls)

     Plugins

     GIPAW        :     62.22s CPU     73.95s WALL (       1 calls)
