
     Program QE v.6.0 (svn rev. 13079) starts on  3Jan2017 at 22:16:27 

     This program is part of the open-source Quantum ESPRESSO suite
     for quantum simulation of materials; please cite
         "P. Giannozzi et al., J. Phys.:Condens. Matter 21 395502 (2009);
          URL http://www.quantum-espresso.org", 
     in publications or presentations arising from this work. More details at
     http://www.quantum-espresso.org/quote

     Parallel version (MPI), running on     8 processors
     R & G space division:  proc/nbgrp/npool/nimage =       8

     ***** This is GIPAW svn revision unknown      *****

     Parallelizing q-star over 1 images

     Reading data from directory:
     /users/majewski/paradichlorobenzene/pbe/9_constraint/scratch/pbe.ecut100.np8.dt60.pcl2phi-129368.save
     Message from routine read_xml_file:
     file /users/majewski/paradichlorobenzene/pbe/9_constraint/scratch/pbe.ecut100.np8.dt60.pcl2phi-129368.save not guaranteed to be safe for post-processing

   Info: using nr1, nr2, nr3 values from input

   Info: using nr1, nr2, nr3 values from input

     IMPORTANT: XC functional enforced from input :
     Exchange-correlation      =  SLA  PW   PBX  PBC ( 1  4  3  4 0 0)
     Any further DFT definition will be discarded
     Please, verify this is what you really want

               file C.pbe-n-kjpaw_psl.1.0.0.UPF: wavefunction(s)  2S 2P renormalized
               file Cl.pbe-n-kjpaw_psl.1.0.0.UPF: wavefunction(s)  3S 3P renormalized
               file H.pbe-kjpaw_psl.1.0.0.UPF: wavefunction(s)  1S renormalized

     Parallelization info
     --------------------
     sticks:   dense  smooth     PW     G-vecs:    dense   smooth      PW
     Min        3057    1223    332               144436    36536    5170
     Max        3059    1225    333               144437    36537    5171
     Sum       24467    9791   2657              1155489   292295   41363


     Subspace diagonalization in iterative solution of the eigenvalue problem:
     a serial algorithm will be used

     GIPAW projectors -----------------------------------------------
     atom=  C    l=0  rc=    1.2000  rs=    0.8000
     atom=  C    l=0  rc=    1.2000  rs=    0.8000
     atom=  C    l=1  rc=    1.4000  rs=    0.9333
     atom=  C    l=1  rc=    1.4000  rs=    0.9333
     projs nearly linearly dependent: l=1  n1,n2= 1, 2  s=  0.99951561

     atom=  Cl   l=0  rc=    1.6000  rs=    1.0667
     atom=  Cl   l=0  rc=    1.6000  rs=    1.0667
     atom=  Cl   l=1  rc=    1.6000  rs=    1.0667
     atom=  Cl   l=1  rc=    1.6000  rs=    1.0667
     atom=  Cl   l=2  rc=    1.6000  rs=    1.0667
     atom=  Cl   l=2  rc=    1.6000  rs=    1.0667
     projs nearly linearly dependent: l=2  n1,n2= 1, 2  s=  0.99993509

     atom=  H    l=0  rc=    1.0000  rs=    0.6667
     atom=  H    l=0  rc=    1.0000  rs=    0.6667
     projs nearly linearly dependent: l=0  n1,n2= 1, 2  s=  0.99968852
     -----------------------------------------------------------------

     GIPAW integrals: -------------------------------------------
     Atom  i/j   nmr_para   nmr_dia   epr_rmc  epr_para   epr_dia
       C   1 1   0.83E+03  0.17E-01  0.93E+01  0.24E+08  0.24E+03
       C   2 1   0.86E+03 -0.61E-01  0.94E+01  0.25E+08  0.25E+03
       C   2 2   0.90E+03 -0.15E+00  0.97E+01  0.26E+08  0.26E+03
       C   3 3   0.33E+01  0.34E+00  0.18E+01  0.55E+03  0.21E+02
       C   4 3   0.35E+01  0.37E+00  0.20E+01  0.59E+03  0.22E+02
       C   4 4   0.38E+01  0.39E+00  0.22E+01  0.63E+03  0.24E+02
       Cl  1 1   0.14E+04 -0.47E+00  0.84E+01  0.32E+09  0.42E+03
       Cl  2 1   0.21E+04 -0.37E+00  0.12E+02  0.49E+09  0.65E+03
       Cl  2 2   0.33E+04 -0.16E+00  0.21E+02  0.76E+09  0.10E+04
       Cl  3 3   0.21E+02  0.79E-01  0.89E+01  0.23E+05  0.13E+03
       Cl  4 3   0.24E+02  0.67E-01  0.99E+01  0.27E+05  0.15E+03
       Cl  4 4   0.28E+02  0.44E-01  0.11E+02  0.32E+05  0.18E+03
       Cl  5 5   0.77E+00  0.19E+00  0.18E+01  0.12E+03  0.22E+02
       Cl  6 5   0.80E+00  0.19E+00  0.19E+01  0.12E+03  0.23E+02
       Cl  6 6   0.83E+00  0.20E+00  0.19E+01  0.12E+03  0.23E+02
       H   1 1   0.39E+02  0.19E+00  0.29E+00  0.78E+05  0.13E+02
       H   2 1   0.41E+02  0.21E+00  0.32E+00  0.82E+05  0.14E+02
       H   2 2   0.43E+02  0.22E+00  0.36E+00  0.86E+05  0.15E+02
     ------------------------------------------------------------

     alpha_pv=     34.5340 eV

     Number of occupied bands for each k-point:
     k-point:     1    nbnd_occ=  42
     k-point:     2    nbnd_occ=  42
     k-point:     3    nbnd_occ=  42
     k-point:     4    nbnd_occ=  42
     k-point:     5    nbnd_occ=  42
     k-point:     6    nbnd_occ=  42
     k-point:     7    nbnd_occ=  42
     k-point:     8    nbnd_occ=  42
     k-point:     9    nbnd_occ=  42
     k-point:    10    nbnd_occ=  42
     k-point:    11    nbnd_occ=  42
     k-point:    12    nbnd_occ=  42
     k-point:    13    nbnd_occ=  42
     k-point:    14    nbnd_occ=  42
     k-point:    15    nbnd_occ=  42
     k-point:    16    nbnd_occ=  42


     q-space interpolation up to   110.00 Rydberg

     GIPAW job: efg                                                                             


     ELECTRIC FIELD GRADIENTS TENSORS IN Hartree/bohrradius^2:

     ----- bare term -----
     Cl   1       -0.006003        0.129435       -0.016609
     Cl   1        0.129435        0.086502        0.007896
     Cl   1       -0.016609        0.007896       -0.080499

     C    2       -0.784384        0.361452       -0.302969
     C    2        0.361452        0.283347       -0.039578
     C    2       -0.302969       -0.039578        0.501037

     C    3        0.139683        0.266090       -0.030921
     C    3        0.266090       -0.531078       -0.445452
     C    3       -0.030921       -0.445452        0.391395

     H    4       -0.399240        0.039634       -0.420973
     H    4        0.039634        0.076475       -0.362726
     H    4       -0.420973       -0.362726        0.322765

     C    5       -0.828639        0.315606       -0.418398
     C    5        0.315606        0.361504       -0.157591
     C    5       -0.418398       -0.157591        0.467135

     H    6        0.325821        0.009106       -0.279167
     H    6        0.009106       -0.505415       -0.442646
     H    6       -0.279167       -0.442646        0.179594

     H    7        0.393072        0.188110        0.030649
     H    7        0.188110       -0.658524       -0.204054
     H    7        0.030649       -0.204054        0.265453

     C    8        0.061806        0.122951       -0.072114
     C    8        0.122951       -0.173066       -0.067147
     C    8       -0.072114       -0.067147        0.111261

     H    9       -0.241556        0.351268        0.194127
     H    9        0.351268        0.060290       -0.162786
     H    9        0.194127       -0.162786        0.181266

     C   10        0.090496       -0.095422        0.228153
     C   10       -0.095422       -0.079724       -0.163230
     C   10        0.228153       -0.163230       -0.010772

     C   11        0.080888        0.155909       -0.138805
     C   11        0.155909       -0.011654        0.053895
     C   11       -0.138805        0.053895       -0.069234

     Cl  12       -0.003632       -0.291925       -0.033745
     Cl  12       -0.291925        0.063884       -0.201740
     Cl  12       -0.033745       -0.201740       -0.060252

     H   13        0.255586        0.108768        0.231190
     H   13        0.108768       -0.036190       -0.447884
     H   13        0.231190       -0.447884       -0.219395

     C   14        0.198169        0.009327       -0.041685
     C   14        0.009327       -0.285749       -0.295665
     C   14       -0.041685       -0.295665        0.087580

     H   15        0.115391       -0.110075       -0.359788
     H   15       -0.110075        0.377326       -0.236549
     H   15       -0.359788       -0.236549       -0.492717

     C   16       -0.319572        0.269524       -0.192100
     C   16        0.269524        0.387113       -0.182466
     C   16       -0.192100       -0.182466       -0.067541

     C   17        0.346222        0.167784       -0.110803
     C   17        0.167784       -0.557604       -0.475682
     C   17       -0.110803       -0.475682        0.211382

     Cl  18       -0.133654        0.211593        0.000681
     Cl  18        0.211593       -0.017608        0.005025
     Cl  18        0.000681        0.005025        0.151263

     H   19        0.277028        0.004959       -0.181347
     H   19        0.004959       -0.409973        0.541765
     H   19       -0.181347        0.541765        0.132945

     C   20       -0.584699       -0.309440       -0.125779
     C   20       -0.309440        0.225797        0.252252
     C   20       -0.125779        0.252252        0.358902

     H   21       -0.592220        0.223101        0.158591
     H   21        0.223101        0.429425        0.125250
     H   21        0.158591        0.125250        0.162795

     C   22        0.011871        0.152594       -0.334416
     C   22        0.152594       -0.143013        0.589968
     C   22       -0.334416        0.589968        0.131142

     C   23       -0.445292       -0.377680       -0.246265
     C   23       -0.377680        0.083509        0.319212
     C   23       -0.246265        0.319212        0.361782

     Cl  24       -0.019289        0.131919       -0.002775
     Cl  24        0.131919        0.040514        0.110473
     Cl  24       -0.002775        0.110473       -0.021225

     ----- ionic term -----
     Cl   1        0.147328       -0.234983        0.075588
     Cl   1       -0.234983        0.023614       -0.038308
     Cl   1        0.075588       -0.038308       -0.170942

     C    2        0.089010       -0.228511        0.399695
     C    2       -0.228511        0.138871        0.352844
     C    2        0.399695        0.352844       -0.227881

     C    3        0.148826       -0.270023        0.250872
     C    3       -0.270023        0.181661        0.345338
     C    3        0.250872        0.345338       -0.330487

     H    4        0.541865        0.251964        0.727860
     H    4        0.251964       -0.416786        0.229954
     H    4        0.727860        0.229954       -0.125079

     C    5        0.281210       -0.255561        0.274095
     C    5       -0.255561        0.065677        0.261031
     C    5        0.274095        0.261031       -0.346887

     H    6       -0.494458       -0.034858       -0.014034
     H    6       -0.034858        0.707622        0.673280
     H    6       -0.014034        0.673280       -0.213164

     H    7       -0.537216       -0.090165        0.025573
     H    7       -0.090165        0.758304       -0.641814
     H    7        0.025573       -0.641814       -0.221088

     C    8        0.289089        0.124270        0.105018
     C    8        0.124270        0.152785       -0.320463
     C    8        0.105018       -0.320463       -0.441874

     H    9        0.910362       -0.387304        0.353218
     H    9       -0.387304       -0.369374       -0.161962
     H    9        0.353218       -0.161962       -0.540987

     C   10        0.191287        0.150865        0.055777
     C   10        0.150865        0.282989       -0.415126
     C   10        0.055777       -0.415126       -0.474276

     C   11        0.271026        0.054643        0.117962
     C   11        0.054643        0.243007       -0.378738
     C   11        0.117962       -0.378738       -0.514034

     Cl  12        0.126131        0.195090       -0.001949
     Cl  12        0.195090        0.040998       -0.014920
     Cl  12       -0.001949       -0.014920       -0.167129

     H   13       -0.482139       -0.226228       -0.117794
     H   13       -0.226228        0.500322        0.732716
     H   13       -0.117794        0.732716       -0.018182

     C   14        0.201364       -0.278219        0.313241
     C   14       -0.278219       -0.013369        0.283850
     C   14        0.313241        0.283850       -0.187994

     H   15        0.461027        0.202704        0.844003
     H   15        0.202704       -0.550206        0.222115
     H   15        0.844003        0.222115        0.089179

     C   16        0.102667       -0.290725        0.232587
     C   16       -0.290725        0.076789        0.377021
     C   16        0.232587        0.377021       -0.179456

     C   17        0.158712       -0.244119        0.203253
     C   17       -0.244119        0.070797        0.440368
     C   17        0.203253        0.440368       -0.229509

     Cl  18        0.121046       -0.209015       -0.016464
     Cl  18       -0.209015        0.019401        0.010215
     Cl  18       -0.016464        0.010215       -0.140446

     H   19       -0.492136       -0.081905        0.031003
     H   19       -0.081905        0.779876       -0.621825
     H   19        0.031003       -0.621825       -0.287740

     C   20        0.435456        0.155502        0.063487
     C   20        0.155502        0.128376       -0.283387
     C   20        0.063487       -0.283387       -0.563832

     H   21        0.772824       -0.568181        0.226658
     H   21       -0.568181       -0.215268       -0.158315
     H   21        0.226658       -0.158315       -0.557556

     C   22        0.242044        0.169974        0.028668
     C   22        0.169974        0.329004       -0.334858
     C   22        0.028668       -0.334858       -0.571048

     C   23        0.286369        0.079207        0.166687
     C   23        0.079207        0.224505       -0.322488
     C   23        0.166687       -0.322488       -0.510874

     Cl  24        0.158813        0.223560        0.008358
     Cl  24        0.223560       -0.023395       -0.003035
     Cl  24        0.008358       -0.003035       -0.135418

     ----- GIPAW term -----
     Cl   1        0.569250        0.303983       -0.079724
     Cl   1        0.303983        2.143772        0.008865
     Cl   1       -0.079724        0.008865       -2.713023

     C    2       -0.138941        0.050957        0.041532
     C    2        0.050957        0.076161        0.166421
     C    2        0.041532        0.166421        0.062780

     C    3       -0.090290        0.049066        0.045647
     C    3        0.049066        0.016741        0.178157
     C    3        0.045647        0.178157        0.073550

     H    4       -0.000000        0.000000        0.000000
     H    4        0.000000        0.000000        0.000000
     H    4        0.000000        0.000000        0.000000

     C    5       -0.103227        0.044466        0.011221
     C    5        0.044466        0.042792        0.069877
     C    5        0.011221        0.069877        0.060436

     H    6       -0.000000        0.000000        0.000000
     H    6        0.000000        0.000000        0.000000
     H    6        0.000000        0.000000        0.000000

     H    7       -0.000000        0.000000        0.000000
     H    7        0.000000        0.000000        0.000000
     H    7        0.000000        0.000000        0.000000

     C    8        0.012378        0.010483        0.004432
     C    8        0.010483        0.000815        0.001562
     C    8        0.004432        0.001562       -0.013193

     H    9       -0.000000        0.000000        0.000000
     H    9        0.000000        0.000000        0.000000
     H    9        0.000000        0.000000        0.000000

     C   10        0.024003        0.007915        0.023870
     C   10        0.007915        0.007635       -0.036446
     C   10        0.023870       -0.036446       -0.031638

     C   11        0.026477        0.024644       -0.007763
     C   11        0.024644       -0.011291       -0.019328
     C   11       -0.007763       -0.019328       -0.015186

     Cl  12       -0.767623        0.394989        0.143231
     Cl  12        0.394989       -0.466211        1.173812
     Cl  12        0.143231        1.173812        1.233834

     H   13       -0.000000        0.000000        0.000000
     H   13        0.000000        0.000000        0.000000
     H   13        0.000000        0.000000        0.000000

     C   14       -0.011849       -0.022250        0.005461
     C   14       -0.022250       -0.020808        0.081211
     C   14        0.005461        0.081211        0.032657

     H   15       -0.000000        0.000000        0.000000
     H   15        0.000000        0.000000        0.000000
     H   15        0.000000        0.000000        0.000000

     C   16       -0.022220        0.011960        0.006158
     C   16        0.011960        0.040946       -0.008032
     C   16        0.006158       -0.008032       -0.018726

     C   17       -0.000077        0.000216        0.016935
     C   17        0.000216       -0.000256        0.092396
     C   17        0.016935        0.092396        0.000333

     Cl  18       -0.939551       -0.410700        0.548912
     Cl  18       -0.410700        0.013889        2.082828
     Cl  18        0.548912        2.082828        0.925662

     H   19       -0.000000        0.000000        0.000000
     H   19        0.000000        0.000000        0.000000
     H   19        0.000000        0.000000        0.000000

     C   20       -0.087519        0.150290        0.046669
     C   20        0.150290        0.181421        0.066018
     C   20        0.046669        0.066018       -0.093902

     H   21       -0.000000        0.000000        0.000000
     H   21        0.000000        0.000000        0.000000
     H   21        0.000000        0.000000        0.000000

     C   22       -0.047651        0.194692       -0.092148
     C   22        0.194692        0.151416        0.017145
     C   22       -0.092148        0.017145       -0.103764

     C   23       -0.128823        0.015997       -0.019894
     C   23        0.015997        0.146723        0.173849
     C   23       -0.019894        0.173849       -0.017901

     Cl  24        0.791834        3.034092        0.349146
     Cl  24        3.034092        0.640404        1.274119
     Cl  24        0.349146        1.274119       -1.432238

     ----- total EFG -----
     Cl   1        0.710575        0.198435       -0.020745
     Cl   1        0.198435        2.253888       -0.021547
     Cl   1       -0.020745       -0.021547       -2.964463

     C    2       -0.834316        0.183897        0.138259
     C    2        0.183897        0.498379        0.479688
     C    2        0.138259        0.479688        0.335936

     C    3        0.198218        0.045133        0.265598
     C    3        0.045133       -0.332677        0.078043
     C    3        0.265598        0.078043        0.134458

     H    4        0.142625        0.291598        0.306887
     H    4        0.291598       -0.340311       -0.132773
     H    4        0.306887       -0.132773        0.197686

     C    5       -0.650656        0.104510       -0.133081
     C    5        0.104510        0.469972        0.173317
     C    5       -0.133081        0.173317        0.180684

     H    6       -0.168637       -0.025752       -0.293201
     H    6       -0.025752        0.202207        0.230634
     H    6       -0.293201        0.230634       -0.033570

     H    7       -0.144144        0.097945        0.056222
     H    7        0.097945        0.099779       -0.845867
     H    7        0.056222       -0.845867        0.044364

     C    8        0.363273        0.257705        0.037335
     C    8        0.257705       -0.019466       -0.386048
     C    8        0.037335       -0.386048       -0.343807

     H    9        0.668806       -0.036036        0.547345
     H    9       -0.036036       -0.309085       -0.324748
     H    9        0.547345       -0.324748       -0.359721

     C   10        0.305786        0.063358        0.307800
     C   10        0.063358        0.210900       -0.614801
     C   10        0.307800       -0.614801       -0.516686

     C   11        0.378392        0.235196       -0.028606
     C   11        0.235196        0.220062       -0.344171
     C   11       -0.028606       -0.344171       -0.598454

     Cl  12       -0.645124        0.298154        0.107538
     Cl  12        0.298154       -0.361329        0.957152
     Cl  12        0.107538        0.957152        1.006453

     H   13       -0.226554       -0.117460        0.113396
     H   13       -0.117460        0.464131        0.284832
     H   13        0.113396        0.284832       -0.237578

     C   14        0.387684       -0.291142        0.277017
     C   14       -0.291142       -0.319927        0.069396
     C   14        0.277017        0.069396       -0.067757

     H   15        0.576418        0.092630        0.484215
     H   15        0.092630       -0.172880       -0.014434
     H   15        0.484215       -0.014434       -0.403538

     C   16       -0.239125       -0.009240        0.046644
     C   16       -0.009240        0.504848        0.186523
     C   16        0.046644        0.186523       -0.265723

     C   17        0.504857       -0.076119        0.109385
     C   17       -0.076119       -0.487063        0.057082
     C   17        0.109385        0.057082       -0.017794

     Cl  18       -0.952160       -0.408122        0.533129
     Cl  18       -0.408122        0.015681        2.098068
     Cl  18        0.533129        2.098068        0.936478

     H   19       -0.215107       -0.076946       -0.150344
     H   19       -0.076946        0.369903       -0.080060
     H   19       -0.150344       -0.080060       -0.154795

     C   20       -0.236762       -0.003648       -0.015623
     C   20       -0.003648        0.535594        0.034882
     C   20       -0.015623        0.034882       -0.298831

     H   21        0.180604       -0.345080        0.385249
     H   21       -0.345080        0.214157       -0.033065
     H   21        0.385249       -0.033065       -0.394760

     C   22        0.206263        0.517260       -0.397896
     C   22        0.517260        0.337407        0.272255
     C   22       -0.397896        0.272255       -0.543670

     C   23       -0.287745       -0.282477       -0.099472
     C   23       -0.282477        0.454737        0.170573
     C   23       -0.099472        0.170573       -0.166992

     Cl  24        0.931358        3.389570        0.354728
     Cl  24        3.389570        0.657523        1.381557
     Cl  24        0.354728        1.381557       -1.588881

     ----- total EFG (symmetrized) -----
     Cl   1        0.710575        0.198435       -0.020745
     Cl   1        0.198435        2.253888       -0.021547
     Cl   1       -0.020745       -0.021547       -2.964463

     C    2       -0.834316        0.183897        0.138259
     C    2        0.183897        0.498379        0.479688
     C    2        0.138259        0.479688        0.335936

     C    3        0.198218        0.045133        0.265598
     C    3        0.045133       -0.332677        0.078043
     C    3        0.265598        0.078043        0.134458

     H    4        0.142625        0.291598        0.306887
     H    4        0.291598       -0.340311       -0.132773
     H    4        0.306887       -0.132773        0.197686

     C    5       -0.650656        0.104510       -0.133081
     C    5        0.104510        0.469972        0.173317
     C    5       -0.133081        0.173317        0.180684

     H    6       -0.168637       -0.025752       -0.293201
     H    6       -0.025752        0.202207        0.230634
     H    6       -0.293201        0.230634       -0.033570

     H    7       -0.144144        0.097945        0.056222
     H    7        0.097945        0.099779       -0.845867
     H    7        0.056222       -0.845867        0.044364

     C    8        0.363273        0.257705        0.037335
     C    8        0.257705       -0.019466       -0.386048
     C    8        0.037335       -0.386048       -0.343807

     H    9        0.668806       -0.036036        0.547345
     H    9       -0.036036       -0.309085       -0.324748
     H    9        0.547345       -0.324748       -0.359721

     C   10        0.305786        0.063358        0.307800
     C   10        0.063358        0.210900       -0.614801
     C   10        0.307800       -0.614801       -0.516686

     C   11        0.378392        0.235196       -0.028606
     C   11        0.235196        0.220062       -0.344171
     C   11       -0.028606       -0.344171       -0.598454

     Cl  12       -0.645124        0.298154        0.107538
     Cl  12        0.298154       -0.361329        0.957152
     Cl  12        0.107538        0.957152        1.006453

     H   13       -0.226554       -0.117460        0.113396
     H   13       -0.117460        0.464131        0.284832
     H   13        0.113396        0.284832       -0.237578

     C   14        0.387684       -0.291142        0.277017
     C   14       -0.291142       -0.319927        0.069396
     C   14        0.277017        0.069396       -0.067757

     H   15        0.576418        0.092630        0.484215
     H   15        0.092630       -0.172880       -0.014434
     H   15        0.484215       -0.014434       -0.403538

     C   16       -0.239125       -0.009240        0.046644
     C   16       -0.009240        0.504848        0.186523
     C   16        0.046644        0.186523       -0.265723

     C   17        0.504857       -0.076119        0.109385
     C   17       -0.076119       -0.487063        0.057082
     C   17        0.109385        0.057082       -0.017794

     Cl  18       -0.952160       -0.408122        0.533129
     Cl  18       -0.408122        0.015681        2.098068
     Cl  18        0.533129        2.098068        0.936478

     H   19       -0.215107       -0.076946       -0.150344
     H   19       -0.076946        0.369903       -0.080060
     H   19       -0.150344       -0.080060       -0.154795

     C   20       -0.236762       -0.003648       -0.015623
     C   20       -0.003648        0.535594        0.034882
     C   20       -0.015623        0.034882       -0.298831

     H   21        0.180604       -0.345080        0.385249
     H   21       -0.345080        0.214157       -0.033065
     H   21        0.385249       -0.033065       -0.394760

     C   22        0.206263        0.517260       -0.397896
     C   22        0.517260        0.337407        0.272255
     C   22       -0.397896        0.272255       -0.543670

     C   23       -0.287745       -0.282477       -0.099472
     C   23       -0.282477        0.454737        0.170573
     C   23       -0.099472        0.170573       -0.166992

     Cl  24        0.931358        3.389570        0.354728
     Cl  24        3.389570        0.657523        1.381557
     Cl  24        0.354728        1.381557       -1.588881


     NQR/NMR SPECTROSCOPIC PARAMETERS:
     Cl   1    Vxx=    0.6856    axis=(  0.992070 -0.125590 -0.004897)
     Cl   1    Vyy=    2.2791    axis=(  0.125568  0.992074 -0.004573)
     Cl   1    Vzz=   -2.9647    axis=(  0.005433  0.003922  0.999978)
     Cl   1  Q=        -8.1650 1e-30 m^2  Cq=        56.8755 MHz  eta= 0.53751

     C    2    Vxx=   -0.0691    axis=( -0.015956 -0.642425  0.766183)
     C    2    Vyy=   -0.8644    axis=( -0.991534  0.108923  0.070681)
     C    2    Vzz=    0.9335    axis=( -0.128862 -0.758569 -0.638724)
     C    2  Q=         1.0000 1e-30 m^2  Cq=         2.1934 MHz  eta= 0.85185

     C    3    Vxx=   -0.0979    axis=( -0.672901  0.113626  0.730953)
     C    3    Vyy=   -0.3454    axis=(  0.004819 -0.987438  0.157933)
     C    3    Vzz=    0.4433    axis=(  0.739717  0.109796  0.663901)
     C    3  Q=         1.0000 1e-30 m^2  Cq=         1.0416 MHz  eta= 0.55824

     H    4    Vxx=    0.0740    axis=( -0.506947 -0.565378  0.650656)
     H    4    Vyy=    0.4925    axis=(  0.717065  0.142288  0.682328)
     H    4    Vzz=   -0.5665    axis=(  0.478354 -0.812467 -0.333280)
     H    4  Q=         1.0000 1e-30 m^2  Cq=        -1.3310 MHz  eta= 0.73890

     C    5    Vxx=    0.1341    axis=( -0.204655 -0.397775  0.894367)
     C    5    Vyy=    0.5524    axis=(  0.033449  0.910330  0.412528)
     C    5    Vzz=   -0.6864    axis=( -0.978262  0.114341 -0.172999)
     C    5  Q=         1.0000 1e-30 m^2  Cq=        -1.6128 MHz  eta= 0.60941

     H    6    Vxx=    0.0216    axis=(  0.603039  0.659295 -0.449081)
     H    6    Vyy=    0.4072    axis=(  0.339510 -0.721551 -0.603404)
     H    6    Vzz=   -0.4287    axis=( -0.721857  0.211409 -0.658961)
     H    6  Q=         1.0000 1e-30 m^2  Cq=        -1.0074 MHz  eta= 0.89945

     H    7    Vxx=   -0.1269    axis=(  0.985811  0.093719  0.139263)
     H    7    Vyy=   -0.7924    axis=(  0.165231 -0.688045 -0.706607)
     H    7    Vzz=    0.9193    axis=( -0.029597 -0.719591  0.693767)
     H    7  Q=         1.0000 1e-30 m^2  Cq=         2.1600 MHz  eta= 0.72395

     C    8    Vxx=    0.1099    axis=( -0.543429  0.616754 -0.569473)
     C    8    Vyy=    0.5221    axis=( -0.820067 -0.534996  0.203148)
     C    8    Vzz=   -0.6321    axis=( -0.179374  0.577403  0.796512)
     C    8  Q=         1.0000 1e-30 m^2  Cq=        -1.4851 MHz  eta= 0.65219

     H    9    Vxx=   -0.1525    axis=(  0.329490  0.835676 -0.439411)
     H    9    Vyy=   -0.7752    axis=( -0.288418  0.532239  0.795950)
     H    9    Vzz=    0.9277    axis=(  0.899028 -0.135523  0.416391)
     H    9  Q=         1.0000 1e-30 m^2  Cq=         2.1798 MHz  eta= 0.67117

     C   10    Vxx=    0.3375    axis=(  0.894170  0.447728 -0.000045)
     C   10    Vyy=    0.6018    axis=( -0.381449  0.761750 -0.523673)
     C   10    Vzz=   -0.9393    axis=( -0.234429  0.468270  0.851919)
     C   10  Q=         1.0000 1e-30 m^2  Cq=        -2.2070 MHz  eta= 0.28141

     C   11    Vxx=    0.1322    axis=( -0.678272  0.674632 -0.291237)
     C   11    Vyy=    0.5945    axis=(  0.733053  0.648634 -0.204712)
     C   11    Vzz=   -0.7267    axis=( -0.050801  0.352343  0.934491)
     C   11  Q=         1.0000 1e-30 m^2  Cq=        -1.7074 MHz  eta= 0.63621

     Cl  12    Vxx=   -0.5284    axis=( -0.829484 -0.445984  0.336236)
     Cl  12    Vyy=   -0.9956    axis=( -0.548123  0.765669 -0.336618)
     Cl  12    Vzz=    1.5240    axis=(  0.107319  0.463518  0.879564)
     Cl  12  Q=        -8.1650 1e-30 m^2  Cq=       -29.2368 MHz  eta= 0.30654

     H   13    Vxx=   -0.1312    axis=(  0.814527 -0.111660  0.569279)
     H   13    Vyy=   -0.4408    axis=(  0.572546  0.312841 -0.757840)
     H   13    Vzz=    0.5720    axis=( -0.093473  0.943219  0.318748)
     H   13  Q=         1.0000 1e-30 m^2  Cq=         1.3440 MHz  eta= 0.54129

     C   14    Vxx=   -0.0893    axis=( -0.190097  0.495155  0.847753)
     C   14    Vyy=   -0.4929    axis=(  0.397958  0.828240 -0.394522)
     C   14    Vzz=    0.5822    axis=( -0.897492  0.262373 -0.354497)
     C   14  Q=         1.0000 1e-30 m^2  Cq=         1.3680 MHz  eta= 0.69310

     H   15    Vxx=   -0.1742    axis=( -0.034720  0.990156 -0.135597)
     H   15    Vyy=   -0.6079    axis=( -0.383558  0.112086  0.916690)
     H   15    Vzz=    0.7821    axis=(  0.922864  0.083837  0.375891)
     H   15  Q=         1.0000 1e-30 m^2  Cq=         1.8375 MHz  eta= 0.55463

     C   16    Vxx=   -0.2150    axis=(  0.891482 -0.102887  0.441218)
     C   16    Vyy=   -0.3327    axis=(  0.453052  0.198558 -0.869091)
     C   16    Vzz=    0.5476    axis=(  0.001811  0.974674  0.223624)
     C   16  Q=         1.0000 1e-30 m^2  Cq=         1.2867 MHz  eta= 0.21489

     C   17    Vxx=   -0.0289    axis=( -0.177784  0.150709  0.972461)
     C   17    Vyy=   -0.5019    axis=(  0.089433  0.986588 -0.136548)
     C   17    Vzz=    0.5308    axis=( -0.979997  0.062694 -0.188878)
     C   17  Q=         1.0000 1e-30 m^2  Cq=         1.2472 MHz  eta= 0.89094

     Cl  18    Vxx=   -0.5731    axis=(  0.859158 -0.424212  0.286167)
     Cl  18    Vyy=   -2.0583    axis=(  0.509661  0.659388 -0.552679)
     Cl  18    Vzz=    2.6314    axis=(  0.045758  0.620687  0.782722)
     Cl  18  Q=        -8.1650 1e-30 m^2  Cq=       -50.4817 MHz  eta= 0.56443

     H   19    Vxx=   -0.0320    axis=(  0.641751 -0.029788 -0.766335)
     H   19    Vyy=   -0.3551    axis=(  0.760818  0.150464  0.631282)
     H   19    Vzz=    0.3871    axis=( -0.096501  0.988167 -0.119223)
     H   19  Q=         1.0000 1e-30 m^2  Cq=         0.9095 MHz  eta= 0.83463

     C   20    Vxx=   -0.2332    axis=(  0.974438  0.014795 -0.224169)
     C   20    Vyy=   -0.3038    axis=(  0.224588 -0.039483  0.973654)
     C   20    Vzz=    0.5371    axis=(  0.005554 -0.999111 -0.041797)
     C   20  Q=         1.0000 1e-30 m^2  Cq=         1.2619 MHz  eta= 0.13150

     H   21    Vxx=   -0.0222    axis=(  0.481659  0.763445  0.430297)
     H   21    Vyy=   -0.6097    axis=(  0.491178  0.171461 -0.854017)
     H   21    Vzz=    0.6319    axis=( -0.725774  0.622698 -0.292402)
     H   21  Q=         1.0000 1e-30 m^2  Cq=         1.4847 MHz  eta= 0.92976

     C   22    Vxx=    0.1022    axis=( -0.570426  0.569786  0.591573)
     C   22    Vyy=    0.7963    axis=( -0.678030 -0.733166  0.052371)
     C   22    Vzz=   -0.8986    axis=(  0.463562 -0.371230  0.804549)
     C   22  Q=         1.0000 1e-30 m^2  Cq=        -2.1112 MHz  eta= 0.77245

     C   23    Vxx=   -0.2074    axis=( -0.125804 -0.297479  0.946403)
     C   23    Vyy=   -0.3915    axis=( -0.939317 -0.271183 -0.210102)
     C   23    Vzz=    0.5989    axis=(  0.319149 -0.915405 -0.245311)
     C   23  Q=         1.0000 1e-30 m^2  Cq=         1.4072 MHz  eta= 0.30748

     Cl  24    Vxx=   -1.3873    axis=( -0.490109  0.247799  0.835697)
     Cl  24    Vyy=   -3.0470    axis=( -0.530385  0.676051 -0.511514)
     Cl  24    Vzz=    4.4343    axis=(  0.691726  0.693939  0.199910)
     Cl  24  Q=        -8.1650 1e-30 m^2  Cq=       -85.0695 MHz  eta= 0.37430

     Initialization:
     gipaw_setup  :      9.02s CPU     10.70s WALL (       1 calls)

     Linear response

     Apply operators

     Induced current

     Other routines
     efg          :      9.22s CPU     11.22s WALL (       1 calls)

     General routines
     calbec       :      3.25s CPU      4.14s WALL (      16 calls)
     fft          :      1.46s CPU      2.16s WALL (      15 calls)
     ffts         :      0.03s CPU      0.05s WALL (       2 calls)
     fftw         :      3.16s CPU      3.63s WALL (     672 calls)
     davcio       :      0.03s CPU      0.35s WALL (      32 calls)

     Parallel routines
     fft_scatter  :      1.93s CPU      2.94s WALL (     689 calls)

     Plugins

     GIPAW        :     60.85s CPU     75.30s WALL (       1 calls)
