
     Program QE v.6.0 (svn rev. 13079) starts on 19Dec2016 at  8:54: 8 

     This program is part of the open-source Quantum ESPRESSO suite
     for quantum simulation of materials; please cite
         "P. Giannozzi et al., J. Phys.:Condens. Matter 21 395502 (2009);
          URL http://www.quantum-espresso.org", 
     in publications or presentations arising from this work. More details at
     http://www.quantum-espresso.org/quote

     Parallel version (MPI), running on     8 processors
     R & G space division:  proc/nbgrp/npool/nimage =       8

     ***** This is GIPAW svn revision unknown      *****

     Parallelizing q-star over 1 images

     Reading data from directory:
     /users/majewski/paradichlorobenzene/pbe/9_constraint/scratch/pbe.ecut100.np8.dt60.pcl2phi-129368.save
     Message from routine read_xml_file:
     file /users/majewski/paradichlorobenzene/pbe/9_constraint/scratch/pbe.ecut100.np8.dt60.pcl2phi-129368.save not guaranteed to be safe for post-processing

   Info: using nr1, nr2, nr3 values from input

   Info: using nr1, nr2, nr3 values from input

     IMPORTANT: XC functional enforced from input :
     Exchange-correlation      =  SLA  PW   PBX  PBC ( 1  4  3  4 0 0)
     Any further DFT definition will be discarded
     Please, verify this is what you really want

               file C.pbe-n-kjpaw_psl.1.0.0.UPF: wavefunction(s)  2S 2P renormalized
               file Cl.pbe-n-kjpaw_psl.1.0.0.UPF: wavefunction(s)  3S 3P renormalized
               file H.pbe-kjpaw_psl.1.0.0.UPF: wavefunction(s)  1S renormalized

     Parallelization info
     --------------------
     sticks:   dense  smooth     PW     G-vecs:    dense   smooth      PW
     Min        3057    1223    332               144436    36536    5170
     Max        3059    1225    333               144437    36537    5171
     Sum       24467    9791   2657              1155489   292295   41363


     Subspace diagonalization in iterative solution of the eigenvalue problem:
     a serial algorithm will be used

     GIPAW projectors -----------------------------------------------
     atom=  C    l=0  rc=    1.2000  rs=    0.8000
     atom=  C    l=0  rc=    1.2000  rs=    0.8000
     atom=  C    l=1  rc=    1.4000  rs=    0.9333
     atom=  C    l=1  rc=    1.4000  rs=    0.9333
     projs nearly linearly dependent: l=1  n1,n2= 1, 2  s=  0.99951561

     atom=  Cl   l=0  rc=    1.6000  rs=    1.0667
     atom=  Cl   l=0  rc=    1.6000  rs=    1.0667
     atom=  Cl   l=1  rc=    1.6000  rs=    1.0667
     atom=  Cl   l=1  rc=    1.6000  rs=    1.0667
     atom=  Cl   l=2  rc=    1.6000  rs=    1.0667
     atom=  Cl   l=2  rc=    1.6000  rs=    1.0667
     projs nearly linearly dependent: l=2  n1,n2= 1, 2  s=  0.99993509

     atom=  H    l=0  rc=    1.0000  rs=    0.6667
     atom=  H    l=0  rc=    1.0000  rs=    0.6667
     projs nearly linearly dependent: l=0  n1,n2= 1, 2  s=  0.99968852
     -----------------------------------------------------------------

     GIPAW integrals: -------------------------------------------
     Atom  i/j   nmr_para   nmr_dia   epr_rmc  epr_para   epr_dia
       C   1 1   0.83E+03  0.17E-01  0.93E+01  0.24E+08  0.24E+03
       C   2 1   0.86E+03 -0.61E-01  0.94E+01  0.25E+08  0.25E+03
       C   2 2   0.90E+03 -0.15E+00  0.97E+01  0.26E+08  0.26E+03
       C   3 3   0.33E+01  0.34E+00  0.18E+01  0.55E+03  0.21E+02
       C   4 3   0.35E+01  0.37E+00  0.20E+01  0.59E+03  0.22E+02
       C   4 4   0.38E+01  0.39E+00  0.22E+01  0.63E+03  0.24E+02
       Cl  1 1   0.14E+04 -0.47E+00  0.84E+01  0.32E+09  0.42E+03
       Cl  2 1   0.21E+04 -0.37E+00  0.12E+02  0.49E+09  0.65E+03
       Cl  2 2   0.33E+04 -0.16E+00  0.21E+02  0.76E+09  0.10E+04
       Cl  3 3   0.21E+02  0.79E-01  0.89E+01  0.23E+05  0.13E+03
       Cl  4 3   0.24E+02  0.67E-01  0.99E+01  0.27E+05  0.15E+03
       Cl  4 4   0.28E+02  0.44E-01  0.11E+02  0.32E+05  0.18E+03
       Cl  5 5   0.77E+00  0.19E+00  0.18E+01  0.12E+03  0.22E+02
       Cl  6 5   0.80E+00  0.19E+00  0.19E+01  0.12E+03  0.23E+02
       Cl  6 6   0.83E+00  0.20E+00  0.19E+01  0.12E+03  0.23E+02
       H   1 1   0.39E+02  0.19E+00  0.29E+00  0.78E+05  0.13E+02
       H   2 1   0.41E+02  0.21E+00  0.32E+00  0.82E+05  0.14E+02
       H   2 2   0.43E+02  0.22E+00  0.36E+00  0.86E+05  0.15E+02
     ------------------------------------------------------------

     alpha_pv=     33.8164 eV

     Number of occupied bands for each k-point:
     k-point:     1    nbnd_occ=  42
     k-point:     2    nbnd_occ=  42
     k-point:     3    nbnd_occ=  42
     k-point:     4    nbnd_occ=  42
     k-point:     5    nbnd_occ=  42
     k-point:     6    nbnd_occ=  42
     k-point:     7    nbnd_occ=  42
     k-point:     8    nbnd_occ=  42
     k-point:     9    nbnd_occ=  42
     k-point:    10    nbnd_occ=  42
     k-point:    11    nbnd_occ=  42
     k-point:    12    nbnd_occ=  42
     k-point:    13    nbnd_occ=  42
     k-point:    14    nbnd_occ=  42
     k-point:    15    nbnd_occ=  42
     k-point:    16    nbnd_occ=  42


     q-space interpolation up to   110.00 Rydberg

     GIPAW job: efg                                                                             


     ELECTRIC FIELD GRADIENTS TENSORS IN Hartree/bohrradius^2:

     ----- bare term -----
     Cl   1       -0.101348        0.080189       -0.026111
     Cl   1        0.080189       -0.051710        0.004211
     Cl   1       -0.026111        0.004211        0.153057

     C    2       -0.086264        0.020074       -0.514377
     C    2        0.020074       -0.261747       -0.519230
     C    2       -0.514377       -0.519230        0.348011

     C    3       -0.107094        0.439163       -0.230412
     C    3        0.439163       -0.302977       -0.357516
     C    3       -0.230412       -0.357516        0.410071

     H    4       -0.195603       -0.123927       -0.359898
     H    4       -0.123927        0.342519       -0.396120
     H    4       -0.359898       -0.396120       -0.146916

     C    5       -0.258757       -0.019059       -0.420538
     C    5       -0.019059       -0.027600       -0.423802
     C    5       -0.420538       -0.423802        0.286357

     H    6        0.284094        0.090346       -0.013036
     H    6        0.090346       -0.479738       -0.473817
     H    6       -0.013036       -0.473817        0.195643

     H    7        0.299638        0.386482        0.120020
     H    7        0.386482       -0.597819        0.074791
     H    7        0.120020        0.074791        0.298182

     C    8       -0.297804       -0.187839       -0.342033
     C    8       -0.187839       -0.112703        0.432289
     C    8       -0.342033        0.432289        0.410507

     H    9       -0.447437        0.386273        0.181049
     H    9        0.386273        0.313511       -0.056719
     H    9        0.181049       -0.056719        0.133926

     C   10       -0.195377       -0.297085       -0.127844
     C   10       -0.297085       -0.417735        0.519105
     C   10       -0.127844        0.519105        0.613112

     C   11       -0.190809       -0.029751       -0.420565
     C   11       -0.029751       -0.074783        0.481960
     C   11       -0.420565        0.481960        0.265592

     Cl  12       -0.120141        0.004955       -0.047634
     Cl  12        0.004955       -0.107308        0.020191
     Cl  12       -0.047634        0.020191        0.227450

     H   13        0.283481       -0.235981       -0.049495
     H   13       -0.235981       -0.523619       -0.410828
     H   13       -0.049495       -0.410828        0.240138

     C   14       -0.310700        0.342754       -0.306430
     C   14        0.342754       -0.146329       -0.373866
     C   14       -0.306430       -0.373866        0.457029

     H   15       -0.255642       -0.106643       -0.626125
     H   15       -0.106643        0.409856       -0.096272
     H   15       -0.626125       -0.096272       -0.154213

     C   16       -0.377410        0.171448       -0.255042
     C   16        0.171448       -0.100806       -0.382924
     C   16       -0.255042       -0.382924        0.478216

     C   17       -0.012340        0.351379       -0.045369
     C   17        0.351379       -0.403633       -0.463397
     C   17       -0.045369       -0.463397        0.415973

     Cl  18       -0.048647       -0.037731       -0.040887
     Cl  18       -0.037731       -0.011654       -0.088134
     Cl  18       -0.040887       -0.088134        0.060301

     H   19        0.164755        0.436476        0.192404
     H   19        0.436476       -0.488255        0.064811
     H   19        0.192404        0.064811        0.323499

     C   20       -0.350559       -0.332795       -0.422561
     C   20       -0.332795       -0.188855        0.206361
     C   20       -0.422561        0.206361        0.539414

     H   21       -0.497298        0.400459        0.165196
     H   21        0.400459        0.314307       -0.051990
     H   21        0.165196       -0.051990        0.182991

     C   22       -0.068387       -0.112244       -0.087468
     C   22       -0.112244       -0.287899        0.308947
     C   22       -0.087468        0.308947        0.356285

     C   23       -0.479920       -0.143347       -0.244678
     C   23       -0.143347       -0.005651        0.284627
     C   23       -0.244678        0.284627        0.485571

     Cl  24       -0.064152        0.013499       -0.121635
     Cl  24        0.013499       -0.084016        0.067361
     Cl  24       -0.121635        0.067361        0.148168

     ----- ionic term -----
     Cl   1        0.156822       -0.192095        0.058122
     Cl   1       -0.192095       -0.013768       -0.027258
     Cl   1        0.058122       -0.027258       -0.143054

     C    2        0.161985       -0.188756        0.343494
     C    2       -0.188756        0.137812        0.302747
     C    2        0.343494        0.302747       -0.299797

     C    3        0.141178       -0.266244        0.241609
     C    3       -0.266244        0.228071        0.327546
     C    3        0.241609        0.327546       -0.369249

     H    4        0.448212        0.319905        0.724638
     H    4        0.319905       -0.371023        0.301927
     H    4        0.724638        0.301927       -0.077189

     C    5        0.281335       -0.204601        0.324731
     C    5       -0.204601        0.055119        0.273007
     C    5        0.324731        0.273007       -0.336454

     H    6       -0.491109        0.089368        0.077969
     H    6        0.089368        0.655315        0.686169
     H    6        0.077969        0.686169       -0.164206

     H    7       -0.453427       -0.324941        0.089104
     H    7       -0.324941        0.911432       -0.413352
     H    7        0.089104       -0.413352       -0.458005

     C    8        0.395482        0.023315        0.092264
     C    8        0.023315        0.106302       -0.268141
     C    8        0.092264       -0.268141       -0.501784

     H    9        0.856193       -0.441394        0.305674
     H    9       -0.441394       -0.350457       -0.161165
     H    9        0.305674       -0.161165       -0.505736

     C   10        0.215012        0.112304        0.015111
     C   10        0.112304        0.268770       -0.360170
     C   10        0.015111       -0.360170       -0.483782

     C   11        0.285352        0.054410        0.138490
     C   11        0.054410        0.185649       -0.344160
     C   11        0.138490       -0.344160       -0.471001

     Cl  12        0.127116        0.179923       -0.037817
     Cl  12        0.179923       -0.002594       -0.024206
     Cl  12       -0.037817       -0.024206       -0.124522

     H   13       -0.524594        0.103382        0.067390
     H   13        0.103382        0.718056        0.658212
     H   13        0.067390        0.658212       -0.193462

     C   14        0.215646       -0.202122        0.349862
     C   14       -0.202122        0.076001        0.242298
     C   14        0.349862        0.242298       -0.291647

     H   15        0.559403        0.247722        0.703176
     H   15        0.247722       -0.460175        0.220299
     H   15        0.703176        0.220299       -0.099227

     C   16        0.123464       -0.269199        0.251702
     C   16       -0.269199        0.164677        0.336741
     C   16        0.251702        0.336741       -0.288141

     C   17        0.125172       -0.221595        0.271075
     C   17       -0.221595        0.171138        0.406412
     C   17        0.271075        0.406412       -0.296310

     Cl  18        0.121426       -0.231048        0.012357
     Cl  18       -0.231048        0.046568       -0.003579
     Cl  18        0.012357       -0.003579       -0.167994

     H   19       -0.482067       -0.210701        0.095740
     H   19       -0.210701        0.760467       -0.615426
     H   19        0.095740       -0.615426       -0.278400

     C   20        0.427791        0.139331        0.136194
     C   20        0.139331        0.058271       -0.302145
     C   20        0.136194       -0.302145       -0.486062

     H   21        0.724348       -0.326478        0.570273
     H   21       -0.326478       -0.417416       -0.221898
     H   21        0.570273       -0.221898       -0.306932

     C   22        0.269461        0.233419        0.089319
     C   22        0.233419        0.151291       -0.370550
     C   22        0.089319       -0.370550       -0.420752

     C   23        0.343615        0.091887        0.161031
     C   23        0.091887        0.111182       -0.309440
     C   23        0.161031       -0.309440       -0.454796

     Cl  24        0.139885        0.204458        0.009233
     Cl  24        0.204458        0.015722        0.006157
     Cl  24        0.009233        0.006157       -0.155607

     ----- GIPAW term -----
     Cl   1       -0.844288       -1.307782       -0.109738
     Cl   1       -1.307782       -1.490515       -0.128519
     Cl   1       -0.109738       -0.128519        2.334804

     C    2        0.025606       -0.071610       -0.194860
     C    2       -0.071610       -0.105141       -0.137197
     C    2       -0.194860       -0.137197        0.079534

     C    3        0.094383        0.016985       -0.098235
     C    3        0.016985       -0.100670       -0.018936
     C    3       -0.098235       -0.018936        0.006287

     H    4       -0.000000        0.000000        0.000000
     H    4        0.000000        0.000000        0.000000
     H    4        0.000000        0.000000        0.000000

     C    5        0.100167       -0.044044       -0.009463
     C    5       -0.044044       -0.080397       -0.083302
     C    5       -0.009463       -0.083302       -0.019770

     H    6       -0.000000        0.000000        0.000000
     H    6        0.000000        0.000000        0.000000
     H    6        0.000000        0.000000        0.000000

     H    7       -0.000000        0.000000        0.000000
     H    7        0.000000        0.000000        0.000000
     H    7        0.000000        0.000000        0.000000

     C    8       -0.031206       -0.022052       -0.057681
     C    8       -0.022052       -0.035044        0.086120
     C    8       -0.057681        0.086120        0.066250

     H    9       -0.000000        0.000000        0.000000
     H    9        0.000000        0.000000        0.000000
     H    9        0.000000        0.000000        0.000000

     C   10       -0.130942       -0.041557       -0.043873
     C   10       -0.041557       -0.138687        0.137593
     C   10       -0.043873        0.137593        0.269628

     C   11        0.061296        0.114377       -0.081037
     C   11        0.114377        0.003075        0.075613
     C   11       -0.081037        0.075613       -0.064371

     Cl  12        0.148509        2.034373       -0.584501
     Cl  12        2.034373       -1.049914        0.151039
     Cl  12       -0.584501        0.151039        0.901405

     H   13       -0.000000        0.000000        0.000000
     H   13        0.000000        0.000000        0.000000
     H   13        0.000000        0.000000        0.000000

     C   14        0.003113        0.073323       -0.063548
     C   14        0.073323       -0.063593       -0.079196
     C   14       -0.063548       -0.079196        0.060480

     H   15       -0.000000        0.000000        0.000000
     H   15        0.000000        0.000000        0.000000
     H   15        0.000000        0.000000        0.000000

     C   16       -0.120787        0.010040        0.025230
     C   16        0.010040       -0.057493       -0.040878
     C   16        0.025230       -0.040878        0.178281

     C   17        0.131403       -0.022407        0.119129
     C   17       -0.022407       -0.139681       -0.039093
     C   17        0.119129       -0.039093        0.008278

     Cl  18        0.870095       -2.374192       -0.227024
     Cl  18       -2.374192        0.052094       -0.789526
     Cl  18       -0.227024       -0.789526       -0.922190

     H   19       -0.000000        0.000000        0.000000
     H   19        0.000000        0.000000        0.000000
     H   19        0.000000        0.000000        0.000000

     C   20       -0.025559       -0.078536       -0.214488
     C   20       -0.078536       -0.138160        0.063117
     C   20       -0.214488        0.063117        0.163719

     H   21       -0.000000        0.000000        0.000000
     H   21        0.000000        0.000000        0.000000
     H   21        0.000000        0.000000        0.000000

     C   22       -0.056801       -0.024845       -0.089283
     C   22       -0.024845       -0.082971        0.078031
     C   22       -0.089283        0.078031        0.139772

     C   23       -0.106249        0.034632       -0.115421
     C   23        0.034632       -0.104184        0.046383
     C   23       -0.115421        0.046383        0.210433

     Cl  24        0.556228        1.808698       -1.601009
     Cl  24        1.808698       -1.125011        0.596040
     Cl  24       -1.601009        0.596040        0.568783

     ----- total EFG -----
     Cl   1       -0.788814       -1.419688       -0.077727
     Cl   1       -1.419688       -1.555993       -0.151566
     Cl   1       -0.077727       -0.151566        2.344807

     C    2        0.101328       -0.240293       -0.365742
     C    2       -0.240293       -0.229077       -0.353680
     C    2       -0.365742       -0.353680        0.127749

     C    3        0.128468        0.189904       -0.087038
     C    3        0.189904       -0.175577       -0.048906
     C    3       -0.087038       -0.048906        0.047109

     H    4        0.252610        0.195978        0.364740
     H    4        0.195978       -0.028504       -0.094194
     H    4        0.364740       -0.094194       -0.224106

     C    5        0.122745       -0.267704       -0.105270
     C    5       -0.267704       -0.052878       -0.234097
     C    5       -0.105270       -0.234097       -0.069867

     H    6       -0.207015        0.179715        0.064934
     H    6        0.179715        0.175578        0.212352
     H    6        0.064934        0.212352        0.031437

     H    7       -0.153789        0.061541        0.209123
     H    7        0.061541        0.313613       -0.338561
     H    7        0.209123       -0.338561       -0.159824

     C    8        0.066472       -0.186577       -0.307449
     C    8       -0.186577       -0.041445        0.250268
     C    8       -0.307449        0.250268       -0.025027

     H    9        0.408756       -0.055121        0.486722
     H    9       -0.055121       -0.036946       -0.217884
     H    9        0.486722       -0.217884       -0.371810

     C   10       -0.111307       -0.226338       -0.156606
     C   10       -0.226338       -0.287652        0.296528
     C   10       -0.156606        0.296528        0.398959

     C   11        0.155839        0.139035       -0.363111
     C   11        0.139035        0.113941        0.213414
     C   11       -0.363111        0.213414       -0.269780

     Cl  12        0.155483        2.219251       -0.669953
     Cl  12        2.219251       -1.159817        0.147024
     Cl  12       -0.669953        0.147024        1.004333

     H   13       -0.241113       -0.132598        0.017896
     H   13       -0.132598        0.194437        0.247384
     H   13        0.017896        0.247384        0.046676

     C   14       -0.091942        0.213955       -0.020117
     C   14        0.213955       -0.133921       -0.210764
     C   14       -0.020117       -0.210764        0.225863

     H   15        0.303760        0.141079        0.077050
     H   15        0.141079       -0.050320        0.124027
     H   15        0.077050        0.124027       -0.253440

     C   16       -0.374734       -0.087711        0.021889
     C   16       -0.087711        0.006378       -0.087061
     C   16        0.021889       -0.087061        0.368356

     C   17        0.244235        0.107377        0.344835
     C   17        0.107377       -0.372177       -0.096077
     C   17        0.344835       -0.096077        0.127942

     Cl  18        0.942874       -2.642971       -0.255554
     Cl  18       -2.642971        0.087009       -0.881238
     Cl  18       -0.255554       -0.881238       -1.029883

     H   19       -0.317311        0.225775        0.288144
     H   19        0.225775        0.272212       -0.550615
     H   19        0.288144       -0.550615        0.045099

     C   20        0.051673       -0.272000       -0.500855
     C   20       -0.272000       -0.268744       -0.032667
     C   20       -0.500855       -0.032667        0.217071

     H   21        0.227050        0.073981        0.735469
     H   21        0.073981       -0.103109       -0.273888
     H   21        0.735469       -0.273888       -0.123942

     C   22        0.144273        0.096330       -0.087431
     C   22        0.096330       -0.219579        0.016428
     C   22       -0.087431        0.016428        0.075306

     C   23       -0.242554       -0.016827       -0.199067
     C   23       -0.016827        0.001346        0.021570
     C   23       -0.199067        0.021570        0.241208

     Cl  24        0.631961        2.026656       -1.713411
     Cl  24        2.026656       -1.193305        0.669558
     Cl  24       -1.713411        0.669558        0.561344

     ----- total EFG (symmetrized) -----
     Cl   1       -0.788814       -1.419688       -0.077727
     Cl   1       -1.419688       -1.555993       -0.151566
     Cl   1       -0.077727       -0.151566        2.344807

     C    2        0.101328       -0.240293       -0.365742
     C    2       -0.240293       -0.229077       -0.353680
     C    2       -0.365742       -0.353680        0.127749

     C    3        0.128468        0.189904       -0.087038
     C    3        0.189904       -0.175577       -0.048906
     C    3       -0.087038       -0.048906        0.047109

     H    4        0.252610        0.195978        0.364740
     H    4        0.195978       -0.028504       -0.094194
     H    4        0.364740       -0.094194       -0.224106

     C    5        0.122745       -0.267704       -0.105270
     C    5       -0.267704       -0.052878       -0.234097
     C    5       -0.105270       -0.234097       -0.069867

     H    6       -0.207015        0.179715        0.064934
     H    6        0.179715        0.175578        0.212352
     H    6        0.064934        0.212352        0.031437

     H    7       -0.153789        0.061541        0.209123
     H    7        0.061541        0.313613       -0.338561
     H    7        0.209123       -0.338561       -0.159824

     C    8        0.066472       -0.186577       -0.307449
     C    8       -0.186577       -0.041445        0.250268
     C    8       -0.307449        0.250268       -0.025027

     H    9        0.408756       -0.055121        0.486722
     H    9       -0.055121       -0.036946       -0.217884
     H    9        0.486722       -0.217884       -0.371810

     C   10       -0.111307       -0.226338       -0.156606
     C   10       -0.226338       -0.287652        0.296528
     C   10       -0.156606        0.296528        0.398959

     C   11        0.155839        0.139035       -0.363111
     C   11        0.139035        0.113941        0.213414
     C   11       -0.363111        0.213414       -0.269780

     Cl  12        0.155483        2.219251       -0.669953
     Cl  12        2.219251       -1.159817        0.147024
     Cl  12       -0.669953        0.147024        1.004333

     H   13       -0.241113       -0.132598        0.017896
     H   13       -0.132598        0.194437        0.247384
     H   13        0.017896        0.247384        0.046676

     C   14       -0.091942        0.213955       -0.020117
     C   14        0.213955       -0.133921       -0.210764
     C   14       -0.020117       -0.210764        0.225863

     H   15        0.303760        0.141079        0.077050
     H   15        0.141079       -0.050320        0.124027
     H   15        0.077050        0.124027       -0.253440

     C   16       -0.374734       -0.087711        0.021889
     C   16       -0.087711        0.006378       -0.087061
     C   16        0.021889       -0.087061        0.368356

     C   17        0.244235        0.107377        0.344835
     C   17        0.107377       -0.372177       -0.096077
     C   17        0.344835       -0.096077        0.127942

     Cl  18        0.942874       -2.642971       -0.255554
     Cl  18       -2.642971        0.087009       -0.881238
     Cl  18       -0.255554       -0.881238       -1.029883

     H   19       -0.317311        0.225775        0.288144
     H   19        0.225775        0.272212       -0.550615
     H   19        0.288144       -0.550615        0.045099

     C   20        0.051673       -0.272000       -0.500855
     C   20       -0.272000       -0.268744       -0.032667
     C   20       -0.500855       -0.032667        0.217071

     H   21        0.227050        0.073981        0.735469
     H   21        0.073981       -0.103109       -0.273888
     H   21        0.735469       -0.273888       -0.123942

     C   22        0.144273        0.096330       -0.087431
     C   22        0.096330       -0.219579        0.016428
     C   22       -0.087431        0.016428        0.075306

     C   23       -0.242554       -0.016827       -0.199067
     C   23       -0.016827        0.001346        0.021570
     C   23       -0.199067        0.021570        0.241208

     Cl  24        0.631961        2.026656       -1.713411
     Cl  24        2.026656       -1.193305        0.669558
     Cl  24       -1.713411        0.669558        0.561344


     NQR/NMR SPECTROSCOPIC PARAMETERS:
     Cl   1    Vxx=    0.2977    axis=(  0.794415 -0.607195 -0.014793)
     Cl   1    Vyy=    2.3509    axis=(  0.008627  0.035634 -0.999328)
     Cl   1    Vzz=   -2.6486    axis=(  0.607314  0.793753  0.033546)
     Cl   1  Q=        -8.1650 1e-30 m^2  Cq=        50.8125 MHz  eta= 0.77517

     C    2    Vxx=    0.1660    axis=(  0.634168 -0.692895  0.343115)
     C    2    Vyy=    0.4962    axis=( -0.609584 -0.175063  0.773150)
     C    2    Vzz=   -0.6622    axis=(  0.475645  0.699464  0.533397)
     C    2  Q=         1.0000 1e-30 m^2  Cq=        -1.5559 MHz  eta= 0.49867

     C    3    Vxx=    0.0017    axis=(  0.383988  0.160469  0.909287)
     C    3    Vyy=    0.2652    axis=(  0.817666  0.398370 -0.415600)
     C    3    Vzz=   -0.2670    axis=( -0.428924  0.903079  0.021759)
     C    3  Q=         1.0000 1e-30 m^2  Cq=        -0.6272 MHz  eta= 0.98709

     H    4    Vxx=    0.0071    axis=( -0.051616  0.893791 -0.445503)
     H    4    Vyy=    0.4840    axis=(  0.872557  0.257355  0.415225)
     H    4    Vzz=   -0.4911    axis=(  0.485777 -0.367295 -0.793168)
     H    4  Q=         1.0000 1e-30 m^2  Cq=        -1.1539 MHz  eta= 0.97097

     C    5    Vxx=    0.0999    axis=( -0.492620 -0.354632  0.794708)
     C    5    Vyy=    0.3262    axis=(  0.748265 -0.638866  0.178742)
     C    5    Vzz=   -0.4260    axis=(  0.444325  0.682705  0.580077)
     C    5  Q=         1.0000 1e-30 m^2  Cq=        -1.0010 MHz  eta= 0.53123

     H    6    Vxx=   -0.1057    axis=( -0.276126 -0.460460  0.843642)
     H    6    Vyy=   -0.2796    axis=( -0.913497  0.398615 -0.081426)
     H    6    Vzz=    0.3854    axis=( -0.298795 -0.793147 -0.530697)
     H    6  Q=         1.0000 1e-30 m^2  Cq=         0.9055 MHz  eta= 0.45134

     H    7    Vxx=   -0.0149    axis=(  0.830431  0.316761  0.458310)
     H    7    Vyy=   -0.4781    axis=( -0.552594  0.363652  0.749931)
     H    7    Vzz=    0.4930    axis=(  0.070883 -0.876025  0.477028)
     H    7  Q=         1.0000 1e-30 m^2  Cq=         1.1583 MHz  eta= 0.93955

     C    8    Vxx=   -0.1808    axis=(  0.648564  0.758701  0.061136)
     C    8    Vyy=   -0.3229    axis=(  0.425014 -0.427605  0.797820)
     C    8    Vzz=    0.5037    axis=( -0.631449  0.491454  0.599788)
     C    8  Q=         1.0000 1e-30 m^2  Cq=         1.1835 MHz  eta= 0.28225

     H    9    Vxx=   -0.0177    axis=(  0.304005  0.939141 -0.159987)
     H    9    Vyy=   -0.6549    axis=( -0.388165  0.275471  0.879457)
     H    9    Vzz=    0.6726    axis=(  0.870005 -0.205258  0.448286)
     H    9  Q=         1.0000 1e-30 m^2  Cq=         1.5802 MHz  eta= 0.94745

     C   10    Vxx=   -0.1082    axis=( -0.836520  0.319516 -0.445134)
     C   10    Vyy=   -0.4770    axis=(  0.446009  0.868964 -0.214423)
     C   10    Vzz=    0.5852    axis=( -0.318294  0.377903  0.869413)
     C   10  Q=         1.0000 1e-30 m^2  Cq=         1.3749 MHz  eta= 0.63024

     C   11    Vxx=    0.2070    axis=(  0.097363  0.933950  0.343887)
     C   11    Vyy=    0.3651    axis=( -0.876830 -0.082970  0.473588)
     C   11    Vzz=   -0.5721    axis=(  0.470840 -0.347640  0.810837)
     C   11  Q=         1.0000 1e-30 m^2  Cq=        -1.3443 MHz  eta= 0.27634

     Cl  12    Vxx=    0.8648    axis=( -0.264691 -0.355242 -0.896516)
     Cl  12    Vyy=    2.0219    axis=( -0.752475 -0.505331  0.422400)
     Cl  12    Vzz=   -2.8867    axis=(  0.603092 -0.786412  0.133554)
     Cl  12  Q=        -8.1650 1e-30 m^2  Cq=        55.3800 MHz  eta= 0.40085

     H   13    Vxx=   -0.0872    axis=(  0.472299 -0.445652  0.760478)
     H   13    Vyy=   -0.3064    axis=(  0.868085  0.384784 -0.313640)
     H   13    Vzz=    0.3935    axis=( -0.152845  0.808292  0.568597)
     H   13  Q=         1.0000 1e-30 m^2  Cq=         0.9246 MHz  eta= 0.55693

     C   14    Vxx=    0.0124    axis=(  0.766303  0.419573  0.486558)
     C   14    Vyy=    0.3532    axis=( -0.268148 -0.479335  0.835664)
     C   14    Vzz=   -0.3656    axis=(  0.583846 -0.770841 -0.254808)
     C   14  Q=         1.0000 1e-30 m^2  Cq=        -0.8591 MHz  eta= 0.93200

     H   15    Vxx=   -0.0619    axis=(  0.401489 -0.833959 -0.378574)
     H   15    Vyy=   -0.3123    axis=( -0.017254 -0.420166  0.907283)
     H   15    Vzz=    0.3743    axis=( -0.915702 -0.357732 -0.183081)
     H   15  Q=         1.0000 1e-30 m^2  Cq=         0.8794 MHz  eta= 0.66903

     C   16    Vxx=    0.0035    axis=( -0.206214  0.948916  0.238819)
     C   16    Vyy=    0.3904    axis=(  0.054438 -0.232561  0.971057)
     C   16    Vzz=   -0.3940    axis=( -0.976991 -0.213247  0.003700)
     C   16  Q=         1.0000 1e-30 m^2  Cq=        -0.9257 MHz  eta= 0.98209

     C   17    Vxx=   -0.0913    axis=(  0.564846  0.452060 -0.690356)
     C   17    Vyy=   -0.4450    axis=(  0.305866 -0.891699 -0.333646)
     C   17    Vzz=    0.5362    axis=( -0.766417 -0.022698 -0.641942)
     C   17  Q=         1.0000 1e-30 m^2  Cq=         1.2600 MHz  eta= 0.65953

     Cl  18    Vxx=   -0.6148    axis=( -0.373088 -0.304619  0.876363)
     Cl  18    Vyy=   -2.6119    axis=(  0.547335  0.690430  0.473002)
     Cl  18    Vzz=    3.2267    axis=( -0.749152  0.656136 -0.090863)
     Cl  18  Q=        -8.1650 1e-30 m^2  Cq=       -61.9025 MHz  eta= 0.61894

     H   19    Vxx=    0.0081    axis=(  0.747278  0.425402  0.510498)
     H   19    Vyy=    0.7209    axis=(  0.007598 -0.773650  0.633567)
     H   19    Vzz=   -0.7290    axis=(  0.664468 -0.469573 -0.581364)
     H   19  Q=         1.0000 1e-30 m^2  Cq=        -1.7128 MHz  eta= 0.97789

     C   20    Vxx=   -0.1048    axis=( -0.390000  0.752615 -0.530538)
     C   20    Vyy=   -0.5630    axis=(  0.636480  0.636695  0.435330)
     C   20    Vzz=    0.6678    axis=(  0.665427 -0.167898 -0.727335)
     C   20  Q=         1.0000 1e-30 m^2  Cq=         1.5690 MHz  eta= 0.68621

     H   21    Vxx=   -0.0190    axis=(  0.316881  0.927295 -0.199276)
     H   21    Vyy=   -0.8029    axis=( -0.560466  0.352569  0.749382)
     H   21    Vzz=    0.8218    axis=(  0.765156 -0.125777  0.631440)
     H   21  Q=         1.0000 1e-30 m^2  Cq=         1.9310 MHz  eta= 0.95384

     C   22    Vxx=    0.0322    axis=(  0.465129  0.233693  0.853840)
     C   22    Vyy=    0.2158    axis=( -0.845635 -0.167988  0.506637)
     C   22    Vzz=   -0.2480    axis=(  0.261832 -0.957689  0.119483)
     C   22  Q=         1.0000 1e-30 m^2  Cq=        -0.5826 MHz  eta= 0.74050

     C   23    Vxx=   -0.0006    axis=(  0.002286  0.996207 -0.086990)
     C   23    Vyy=   -0.3142    axis=( -0.941342 -0.027211 -0.336354)
     C   23    Vzz=    0.3147    axis=( -0.337445  0.082657  0.937709)
     C   23  Q=         1.0000 1e-30 m^2  Cq=         0.7395 MHz  eta= 0.99634

     Cl  24    Vxx=    0.5005    axis=(  0.265724  0.612301  0.744633)
     Cl  24    Vyy=    2.6433    axis=( -0.779729 -0.317728  0.539511)
     Cl  24    Vzz=   -3.1438    axis=( -0.566934  0.723973 -0.393001)
     Cl  24  Q=        -8.1650 1e-30 m^2  Cq=        60.3125 MHz  eta= 0.68161

     Initialization:
     gipaw_setup  :      9.35s CPU     11.16s WALL (       1 calls)

     Linear response

     Apply operators

     Induced current

     Other routines
     efg          :      9.53s CPU     11.88s WALL (       1 calls)

     General routines
     calbec       :      3.34s CPU      4.44s WALL (      16 calls)
     fft          :      1.36s CPU      1.60s WALL (      15 calls)
     ffts         :      0.04s CPU      0.07s WALL (       2 calls)
     fftw         :      3.37s CPU      4.07s WALL (     672 calls)
     davcio       :      0.04s CPU      0.32s WALL (      32 calls)

     Parallel routines
     fft_scatter  :      2.10s CPU      2.82s WALL (     689 calls)

     Plugins

     GIPAW        :     60.86s CPU     72.33s WALL (       1 calls)
