
     Program QE v.6.0 (svn rev. 13079) starts on 20Jan2017 at  9:53:54 

     This program is part of the open-source Quantum ESPRESSO suite
     for quantum simulation of materials; please cite
         "P. Giannozzi et al., J. Phys.:Condens. Matter 21 395502 (2009);
          URL http://www.quantum-espresso.org", 
     in publications or presentations arising from this work. More details at
     http://www.quantum-espresso.org/quote

     Parallel version (MPI), running on     8 processors
     R & G space division:  proc/nbgrp/npool/nimage =       8

     ***** This is GIPAW svn revision unknown      *****

     Parallelizing q-star over 1 images

     Reading data from directory:
     /users/majewski/paradichlorobenzene/pbe/9_constraint/scratch/pbe.ecut100.np8.dt60.pcl2phi-129368.save
     Message from routine read_xml_file:
     file /users/majewski/paradichlorobenzene/pbe/9_constraint/scratch/pbe.ecut100.np8.dt60.pcl2phi-129368.save not guaranteed to be safe for post-processing

   Info: using nr1, nr2, nr3 values from input

   Info: using nr1, nr2, nr3 values from input

     IMPORTANT: XC functional enforced from input :
     Exchange-correlation      =  SLA  PW   PBX  PBC ( 1  4  3  4 0 0)
     Any further DFT definition will be discarded
     Please, verify this is what you really want

               file C.pbe-n-kjpaw_psl.1.0.0.UPF: wavefunction(s)  2S 2P renormalized
               file Cl.pbe-n-kjpaw_psl.1.0.0.UPF: wavefunction(s)  3S 3P renormalized
               file H.pbe-kjpaw_psl.1.0.0.UPF: wavefunction(s)  1S renormalized

     Parallelization info
     --------------------
     sticks:   dense  smooth     PW     G-vecs:    dense   smooth      PW
     Min        3057    1223    332               144436    36536    5170
     Max        3059    1225    333               144437    36537    5171
     Sum       24467    9791   2657              1155489   292295   41363


     Subspace diagonalization in iterative solution of the eigenvalue problem:
     a serial algorithm will be used

     GIPAW projectors -----------------------------------------------
     atom=  C    l=0  rc=    1.2000  rs=    0.8000
     atom=  C    l=0  rc=    1.2000  rs=    0.8000
     atom=  C    l=1  rc=    1.4000  rs=    0.9333
     atom=  C    l=1  rc=    1.4000  rs=    0.9333
     projs nearly linearly dependent: l=1  n1,n2= 1, 2  s=  0.99951561

     atom=  Cl   l=0  rc=    1.6000  rs=    1.0667
     atom=  Cl   l=0  rc=    1.6000  rs=    1.0667
     atom=  Cl   l=1  rc=    1.6000  rs=    1.0667
     atom=  Cl   l=1  rc=    1.6000  rs=    1.0667
     atom=  Cl   l=2  rc=    1.6000  rs=    1.0667
     atom=  Cl   l=2  rc=    1.6000  rs=    1.0667
     projs nearly linearly dependent: l=2  n1,n2= 1, 2  s=  0.99993509

     atom=  H    l=0  rc=    1.0000  rs=    0.6667
     atom=  H    l=0  rc=    1.0000  rs=    0.6667
     projs nearly linearly dependent: l=0  n1,n2= 1, 2  s=  0.99968852
     -----------------------------------------------------------------

     GIPAW integrals: -------------------------------------------
     Atom  i/j   nmr_para   nmr_dia   epr_rmc  epr_para   epr_dia
       C   1 1   0.83E+03  0.17E-01  0.93E+01  0.24E+08  0.24E+03
       C   2 1   0.86E+03 -0.61E-01  0.94E+01  0.25E+08  0.25E+03
       C   2 2   0.90E+03 -0.15E+00  0.97E+01  0.26E+08  0.26E+03
       C   3 3   0.33E+01  0.34E+00  0.18E+01  0.55E+03  0.21E+02
       C   4 3   0.35E+01  0.37E+00  0.20E+01  0.59E+03  0.22E+02
       C   4 4   0.38E+01  0.39E+00  0.22E+01  0.63E+03  0.24E+02
       Cl  1 1   0.14E+04 -0.47E+00  0.84E+01  0.32E+09  0.42E+03
       Cl  2 1   0.21E+04 -0.37E+00  0.12E+02  0.49E+09  0.65E+03
       Cl  2 2   0.33E+04 -0.16E+00  0.21E+02  0.76E+09  0.10E+04
       Cl  3 3   0.21E+02  0.79E-01  0.89E+01  0.23E+05  0.13E+03
       Cl  4 3   0.24E+02  0.67E-01  0.99E+01  0.27E+05  0.15E+03
       Cl  4 4   0.28E+02  0.44E-01  0.11E+02  0.32E+05  0.18E+03
       Cl  5 5   0.77E+00  0.19E+00  0.18E+01  0.12E+03  0.22E+02
       Cl  6 5   0.80E+00  0.19E+00  0.19E+01  0.12E+03  0.23E+02
       Cl  6 6   0.83E+00  0.20E+00  0.19E+01  0.12E+03  0.23E+02
       H   1 1   0.39E+02  0.19E+00  0.29E+00  0.78E+05  0.13E+02
       H   2 1   0.41E+02  0.21E+00  0.32E+00  0.82E+05  0.14E+02
       H   2 2   0.43E+02  0.22E+00  0.36E+00  0.86E+05  0.15E+02
     ------------------------------------------------------------

     alpha_pv=     34.4541 eV

     Number of occupied bands for each k-point:
     k-point:     1    nbnd_occ=  42
     k-point:     2    nbnd_occ=  42
     k-point:     3    nbnd_occ=  42
     k-point:     4    nbnd_occ=  42
     k-point:     5    nbnd_occ=  42
     k-point:     6    nbnd_occ=  42
     k-point:     7    nbnd_occ=  42
     k-point:     8    nbnd_occ=  42
     k-point:     9    nbnd_occ=  42
     k-point:    10    nbnd_occ=  42
     k-point:    11    nbnd_occ=  42
     k-point:    12    nbnd_occ=  42
     k-point:    13    nbnd_occ=  42
     k-point:    14    nbnd_occ=  42
     k-point:    15    nbnd_occ=  42
     k-point:    16    nbnd_occ=  42


     q-space interpolation up to   110.00 Rydberg

     GIPAW job: efg                                                                             


     ELECTRIC FIELD GRADIENTS TENSORS IN Hartree/bohrradius^2:

     ----- bare term -----
     Cl   1        0.088174        0.056194        0.052865
     Cl   1        0.056194       -0.110648       -0.040513
     Cl   1        0.052865       -0.040513        0.022473

     C    2       -0.797699        0.511773       -0.346018
     C    2        0.511773        0.272241       -0.043258
     C    2       -0.346018       -0.043258        0.525458

     C    3        0.307692        0.082470       -0.114084
     C    3        0.082470       -0.215298       -0.474949
     C    3       -0.114084       -0.474949       -0.092394

     H    4        0.053829        0.073602       -0.482397
     H    4        0.073602        0.020180        0.239325
     H    4       -0.482397        0.239325       -0.074009

     C    5       -0.522273        0.255190       -0.107404
     C    5        0.255190        0.188388        0.039643
     C    5       -0.107404        0.039643        0.333886

     H    6        0.491580        0.075745       -0.085077
     H    6        0.075745        0.070882       -0.106895
     H    6       -0.085077       -0.106895       -0.562462

     H    7        0.404071        0.253290        0.003352
     H    7        0.253290       -0.754684        0.110162
     H    7        0.003352        0.110162        0.350613

     C    8        0.142869        0.059436       -0.054067
     C    8        0.059436       -0.228753        0.155685
     C    8       -0.054067        0.155685        0.085884

     H    9       -0.129949        0.298943        0.083336
     H    9        0.298943       -0.130783       -0.149985
     H    9        0.083336       -0.149985        0.260732

     C   10       -0.127317        0.027093        0.163735
     C   10        0.027093       -0.103968       -0.231848
     C   10        0.163735       -0.231848        0.231285

     C   11        0.121566        0.030537       -0.193222
     C   11        0.030537       -0.041722        0.539832
     C   11       -0.193222        0.539832       -0.079844

     Cl  12        0.103745       -0.142209        0.109418
     Cl  12       -0.142209       -0.218083       -0.414034
     Cl  12        0.109418       -0.414034        0.114338

     H   13        0.455081       -0.000071        0.042216
     H   13       -0.000071       -0.206012       -0.630881
     H   13        0.042216       -0.630881       -0.249068

     C   14       -0.030608       -0.036086       -0.228942
     C   14       -0.036086       -0.210271       -0.348587
     C   14       -0.228942       -0.348587        0.240879

     H   15        0.039776       -0.228022       -0.350337
     H   15       -0.228022       -0.184651       -0.481523
     H   15       -0.350337       -0.481523        0.144875

     C   16       -0.775042        0.361235       -0.317087
     C   16        0.361235        0.371764       -0.076761
     C   16       -0.317087       -0.076761        0.403278

     C   17        0.107168       -0.047872       -0.252671
     C   17       -0.047872       -0.021519       -0.622160
     C   17       -0.252671       -0.622160       -0.085649

     Cl  18       -0.290513        0.314557        0.021873
     Cl  18        0.314557        0.091407       -0.094120
     Cl  18        0.021873       -0.094120        0.199106

     H   19        0.292858        0.268142        0.179054
     H   19        0.268142       -0.516801        0.149739
     H   19        0.179054        0.149739        0.223943

     C   20       -0.905354       -0.358297       -0.463223
     C   20       -0.358297        0.359386       -0.007650
     C   20       -0.463223       -0.007650        0.545968

     H   21       -0.445090        0.241477        0.271652
     H   21        0.241477        0.320238        0.077985
     H   21        0.271652        0.077985        0.124852

     C   22        0.195605       -0.046379       -0.072087
     C   22       -0.046379       -0.540774        0.447160
     C   22       -0.072087        0.447160        0.345169

     C   23       -0.785881       -0.446282       -0.366901
     C   23       -0.446282        0.347359        0.010291
     C   23       -0.366901        0.010291        0.438522

     Cl  24       -0.011161       -0.011960        0.057904
     Cl  24       -0.011960       -0.031265       -0.033080
     Cl  24        0.057904       -0.033080        0.042427

     ----- ionic term -----
     Cl   1        0.155876       -0.242459        0.005829
     Cl   1       -0.242459       -0.001175        0.002271
     Cl   1        0.005829        0.002271       -0.154701

     C    2        0.231600       -0.251515        0.247497
     C    2       -0.251515       -0.066895        0.378903
     C    2        0.247497        0.378903       -0.164705

     C    3        0.128940       -0.277216        0.137748
     C    3       -0.277216        0.015859        0.405507
     C    3        0.137748        0.405507       -0.144799

     H    4        0.444891        0.267132        0.712411
     H    4        0.267132       -0.429290        0.263822
     H    4        0.712411        0.263822       -0.015601

     C    5        0.257617       -0.212114        0.268863
     C    5       -0.212114       -0.081386        0.329766
     C    5        0.268863        0.329766       -0.176231

     H    6       -0.514517        0.125763        0.129977
     H    6        0.125763        0.357013        0.811040
     H    6        0.129977        0.811040        0.157503

     H    7       -0.536124       -0.093072        0.042847
     H    7       -0.093072        0.593177       -0.733006
     H    7        0.042847       -0.733006       -0.057053

     C    8        0.354255        0.053922        0.062176
     C    8        0.053922        0.082460       -0.332977
     C    8        0.062176       -0.332977       -0.436715

     H    9        0.740440       -0.592514        0.202845
     H    9       -0.592514       -0.149300       -0.151212
     H    9        0.202845       -0.151212       -0.591139

     C   10        0.204168        0.059794       -0.015272
     C   10        0.059794        0.307236       -0.342456
     C   10       -0.015272       -0.342456       -0.511404

     C   11        0.393905       -0.015584        0.040613
     C   11       -0.015584        0.186824       -0.329804
     C   11        0.040613       -0.329804       -0.580729

     Cl  12        0.159546        0.176900       -0.041993
     Cl  12        0.176900       -0.008009       -0.039978
     Cl  12       -0.041993       -0.039978       -0.151537

     H   13       -0.524129        0.055012        0.062613
     H   13        0.055012        0.438367        0.802758
     H   13        0.062613        0.802758        0.085762

     C   14        0.288114       -0.201975        0.238738
     C   14       -0.201975       -0.083936        0.335422
     C   14        0.238738        0.335422       -0.204178

     H   15        0.456421        0.335171        0.688347
     H   15        0.335171       -0.417744        0.320132
     H   15        0.688347        0.320132       -0.038676

     C   16        0.100743       -0.207744        0.137964
     C   16       -0.207744        0.064169        0.471909
     C   16        0.137964        0.471909       -0.164912

     C   17        0.154880       -0.224578        0.257449
     C   17       -0.224578        0.007545        0.435260
     C   17        0.257449        0.435260       -0.162425

     Cl  18        0.123825       -0.201134       -0.007592
     Cl  18       -0.201134        0.028928        0.023089
     Cl  18       -0.007592        0.023089       -0.152753

     H   19       -0.461121       -0.302708        0.076709
     H   19       -0.302708        0.919013       -0.437465
     H   19        0.076709       -0.437465       -0.457891

     C   20        0.451629       -0.014489        0.077586
     C   20       -0.014489        0.147133       -0.226792
     C   20        0.077586       -0.226792       -0.598762

     H   21        0.798853       -0.590376        0.191696
     H   21       -0.590376       -0.186725       -0.126267
     H   21        0.191696       -0.126267       -0.612128

     C   22        0.210448        0.094411        0.037808
     C   22        0.094411        0.331287       -0.323611
     C   22        0.037808       -0.323611       -0.541735

     C   23        0.275545       -0.007501        0.126820
     C   23       -0.007501        0.241411       -0.345257
     C   23        0.126820       -0.345257       -0.516956

     Cl  24        0.162754        0.194859       -0.006053
     Cl  24        0.194859       -0.025001       -0.006836
     Cl  24       -0.006053       -0.006836       -0.137753

     ----- GIPAW term -----
     Cl   1       -0.245420       -0.982097        0.274673
     Cl   1       -0.982097        1.478325        1.703409
     Cl   1        0.274673        1.703409       -1.232905

     C    2       -0.126013        0.014001       -0.022597
     C    2        0.014001        0.143962        0.101977
     C    2       -0.022597        0.101977       -0.017948

     C    3       -0.022315        0.003078       -0.001705
     C    3        0.003078        0.123004       -0.005392
     C    3       -0.001705       -0.005392       -0.100689

     H    4       -0.000000        0.000000        0.000000
     H    4        0.000000        0.000000        0.000000
     H    4        0.000000        0.000000        0.000000

     C    5       -0.063139       -0.015293        0.012440
     C    5       -0.015293        0.065914       -0.000760
     C    5        0.012440       -0.000760       -0.002775

     H    6       -0.000000        0.000000        0.000000
     H    6        0.000000        0.000000        0.000000
     H    6        0.000000        0.000000        0.000000

     H    7       -0.000000        0.000000        0.000000
     H    7        0.000000        0.000000        0.000000
     H    7        0.000000        0.000000        0.000000

     C    8        0.004244       -0.008495        0.010198
     C    8       -0.008495        0.059833        0.015070
     C    8        0.010198        0.015070       -0.064078

     H    9       -0.000000        0.000000        0.000000
     H    9        0.000000        0.000000        0.000000
     H    9        0.000000        0.000000        0.000000

     C   10        0.006820        0.022993        0.021486
     C   10        0.022993       -0.005148       -0.039887
     C   10        0.021486       -0.039887       -0.001672

     C   11       -0.019975        0.003680       -0.031880
     C   11        0.003680        0.135364        0.089012
     C   11       -0.031880        0.089012       -0.115390

     Cl  12       -0.242735       -0.145753       -0.316066
     Cl  12       -0.145753        0.235680        0.630934
     Cl  12       -0.316066        0.630934        0.007054

     H   13       -0.000000        0.000000        0.000000
     H   13        0.000000        0.000000        0.000000
     H   13        0.000000        0.000000        0.000000

     C   14       -0.107578       -0.051374       -0.040453
     C   14       -0.051374        0.093753        0.138403
     C   14       -0.040453        0.138403        0.013825

     H   15       -0.000000        0.000000        0.000000
     H   15        0.000000        0.000000        0.000000
     H   15        0.000000        0.000000        0.000000

     C   16       -0.251399        0.021258       -0.058535
     C   16        0.021258        0.308036        0.099165
     C   16       -0.058535        0.099165       -0.056638

     C   17       -0.043040       -0.026704       -0.031091
     C   17       -0.026704        0.208532       -0.070188
     C   17       -0.031091       -0.070188       -0.165492

     Cl  18       -1.297810       -0.662065        0.037285
     Cl  18       -0.662065        2.127882       -1.900505
     Cl  18        0.037285       -1.900505       -0.830072

     H   19       -0.000000        0.000000        0.000000
     H   19        0.000000        0.000000        0.000000
     H   19        0.000000        0.000000        0.000000

     C   20       -0.189191       -0.015737       -0.054727
     C   20       -0.015737        0.094496       -0.171246
     C   20       -0.054727       -0.171246        0.094696

     H   21       -0.000000        0.000000        0.000000
     H   21        0.000000        0.000000        0.000000
     H   21        0.000000        0.000000        0.000000

     C   22       -0.061903        0.035387       -0.011901
     C   22        0.035387       -0.015209       -0.140074
     C   22       -0.011901       -0.140074        0.077112

     C   23       -0.164079       -0.050682       -0.008736
     C   23       -0.050682        0.207628       -0.156430
     C   23       -0.008736       -0.156430       -0.043549

     Cl  24       -0.230633        1.980307       -0.290843
     Cl  24        1.980307        0.561152       -1.946599
     Cl  24       -0.290843       -1.946599       -0.330520

     ----- total EFG -----
     Cl   1       -0.001370       -1.168362        0.333366
     Cl   1       -1.168362        1.366503        1.665166
     Cl   1        0.333366        1.665166       -1.365133

     C    2       -0.692113        0.274259       -0.121118
     C    2        0.274259        0.349308        0.437621
     C    2       -0.121118        0.437621        0.342805

     C    3        0.414317       -0.191668        0.021960
     C    3       -0.191668       -0.076435       -0.074834
     C    3        0.021960       -0.074834       -0.337882

     H    4        0.498720        0.340734        0.230014
     H    4        0.340734       -0.409110        0.503147
     H    4        0.230014        0.503147       -0.089610

     C    5       -0.327796        0.027782        0.173899
     C    5        0.027782        0.172915        0.368649
     C    5        0.173899        0.368649        0.154880

     H    6       -0.022937        0.201508        0.044900
     H    6        0.201508        0.427895        0.704144
     H    6        0.044900        0.704144       -0.404958

     H    7       -0.132052        0.160218        0.046199
     H    7        0.160218       -0.161508       -0.622844
     H    7        0.046199       -0.622844        0.293560

     C    8        0.501369        0.104863        0.018307
     C    8        0.104863       -0.086460       -0.162222
     C    8        0.018307       -0.162222       -0.414909

     H    9        0.610491       -0.293571        0.286181
     H    9       -0.293571       -0.280084       -0.301198
     H    9        0.286181       -0.301198       -0.330407

     C   10        0.083670        0.109880        0.169949
     C   10        0.109880        0.198121       -0.614192
     C   10        0.169949       -0.614192       -0.281791

     C   11        0.495496        0.018634       -0.184488
     C   11        0.018634        0.280466        0.299040
     C   11       -0.184488        0.299040       -0.775962

     Cl  12        0.020557       -0.111062       -0.248641
     Cl  12       -0.111062        0.009588        0.176922
     Cl  12       -0.248641        0.176922       -0.030145

     H   13       -0.069048        0.054941        0.104829
     H   13        0.054941        0.232354        0.171878
     H   13        0.104829        0.171878       -0.163306

     C   14        0.149928       -0.289435       -0.030656
     C   14       -0.289435       -0.200454        0.125238
     C   14       -0.030656        0.125238        0.050525

     H   15        0.496196        0.107149        0.338010
     H   15        0.107149       -0.602396       -0.161391
     H   15        0.338010       -0.161391        0.106199

     C   16       -0.925698        0.174750       -0.237657
     C   16        0.174750        0.743969        0.494313
     C   16       -0.237657        0.494313        0.181728

     C   17        0.219007       -0.299153       -0.026313
     C   17       -0.299153        0.194559       -0.257089
     C   17       -0.026313       -0.257089       -0.413566

     Cl  18       -1.464498       -0.548641        0.051567
     Cl  18       -0.548641        2.248217       -1.971536
     Cl  18        0.051567       -1.971536       -0.783719

     H   19       -0.168263       -0.034566        0.255763
     H   19       -0.034566        0.402212       -0.287726
     H   19        0.255763       -0.287726       -0.233948

     C   20       -0.642917       -0.388523       -0.440364
     C   20       -0.388523        0.601014       -0.405688
     C   20       -0.440364       -0.405688        0.041902

     H   21        0.353763       -0.348899        0.463347
     H   21       -0.348899        0.133513       -0.048281
     H   21        0.463347       -0.048281       -0.487276

     C   22        0.344150        0.083419       -0.046180
     C   22        0.083419       -0.224696       -0.016525
     C   22       -0.046180       -0.016525       -0.119453

     C   23       -0.674415       -0.504464       -0.248818
     C   23       -0.504464        0.796398       -0.491396
     C   23       -0.248818       -0.491396       -0.121983

     Cl  24       -0.079040        2.163206       -0.238992
     Cl  24        2.163206        0.504886       -1.986515
     Cl  24       -0.238992       -1.986515       -0.425846

     ----- total EFG (symmetrized) -----
     Cl   1       -0.001370       -1.168362        0.333366
     Cl   1       -1.168362        1.366503        1.665166
     Cl   1        0.333366        1.665166       -1.365133

     C    2       -0.692113        0.274259       -0.121118
     C    2        0.274259        0.349308        0.437621
     C    2       -0.121118        0.437621        0.342805

     C    3        0.414317       -0.191668        0.021960
     C    3       -0.191668       -0.076435       -0.074834
     C    3        0.021960       -0.074834       -0.337882

     H    4        0.498720        0.340734        0.230014
     H    4        0.340734       -0.409110        0.503147
     H    4        0.230014        0.503147       -0.089610

     C    5       -0.327796        0.027782        0.173899
     C    5        0.027782        0.172915        0.368649
     C    5        0.173899        0.368649        0.154880

     H    6       -0.022937        0.201508        0.044900
     H    6        0.201508        0.427895        0.704144
     H    6        0.044900        0.704144       -0.404958

     H    7       -0.132052        0.160218        0.046199
     H    7        0.160218       -0.161508       -0.622844
     H    7        0.046199       -0.622844        0.293560

     C    8        0.501369        0.104863        0.018307
     C    8        0.104863       -0.086460       -0.162222
     C    8        0.018307       -0.162222       -0.414909

     H    9        0.610491       -0.293571        0.286181
     H    9       -0.293571       -0.280084       -0.301198
     H    9        0.286181       -0.301198       -0.330407

     C   10        0.083670        0.109880        0.169949
     C   10        0.109880        0.198121       -0.614192
     C   10        0.169949       -0.614192       -0.281791

     C   11        0.495496        0.018634       -0.184488
     C   11        0.018634        0.280466        0.299040
     C   11       -0.184488        0.299040       -0.775962

     Cl  12        0.020557       -0.111062       -0.248641
     Cl  12       -0.111062        0.009588        0.176922
     Cl  12       -0.248641        0.176922       -0.030145

     H   13       -0.069048        0.054941        0.104829
     H   13        0.054941        0.232354        0.171878
     H   13        0.104829        0.171878       -0.163306

     C   14        0.149928       -0.289435       -0.030656
     C   14       -0.289435       -0.200454        0.125238
     C   14       -0.030656        0.125238        0.050525

     H   15        0.496196        0.107149        0.338010
     H   15        0.107149       -0.602396       -0.161391
     H   15        0.338010       -0.161391        0.106199

     C   16       -0.925698        0.174750       -0.237657
     C   16        0.174750        0.743969        0.494313
     C   16       -0.237657        0.494313        0.181728

     C   17        0.219007       -0.299153       -0.026313
     C   17       -0.299153        0.194559       -0.257089
     C   17       -0.026313       -0.257089       -0.413566

     Cl  18       -1.464498       -0.548641        0.051567
     Cl  18       -0.548641        2.248217       -1.971536
     Cl  18        0.051567       -1.971536       -0.783719

     H   19       -0.168263       -0.034566        0.255763
     H   19       -0.034566        0.402212       -0.287726
     H   19        0.255763       -0.287726       -0.233948

     C   20       -0.642917       -0.388523       -0.440364
     C   20       -0.388523        0.601014       -0.405688
     C   20       -0.440364       -0.405688        0.041902

     H   21        0.353763       -0.348899        0.463347
     H   21       -0.348899        0.133513       -0.048281
     H   21        0.463347       -0.048281       -0.487276

     C   22        0.344150        0.083419       -0.046180
     C   22        0.083419       -0.224696       -0.016525
     C   22       -0.046180       -0.016525       -0.119453

     C   23       -0.674415       -0.504464       -0.248818
     C   23       -0.504464        0.796398       -0.491396
     C   23       -0.248818       -0.491396       -0.121983

     Cl  24       -0.079040        2.163206       -0.238992
     Cl  24        2.163206        0.504886       -1.986515
     Cl  24       -0.238992       -1.986515       -0.425846


     NQR/NMR SPECTROSCOPIC PARAMETERS:
     Cl   1    Vxx=   -0.0689    axis=(  0.871520  0.180455  0.455948)
     Cl   1    Vyy=   -2.4376    axis=(  0.334060  0.462179 -0.821459)
     Cl   1    Vzz=    2.5065    axis=( -0.358966  0.868232  0.342516)
     Cl   1  Q=        -8.1650 1e-30 m^2  Cq=       -48.0852 MHz  eta= 0.94504

     C    2    Vxx=    0.0161    axis=( -0.359395 -0.620087  0.697372)
     C    2    Vyy=    0.7922    axis=( -0.078040 -0.724713 -0.684617)
     C    2    Vzz=   -0.8084    axis=( -0.929917  0.300471 -0.212067)
     C    2  Q=         1.0000 1e-30 m^2  Cq=        -1.8993 MHz  eta= 0.96016

     C    3    Vxx=   -0.1238    axis=(  0.332182  0.900476 -0.280711)
     C    3    Vyy=   -0.3590    axis=(  0.042902  0.282878  0.958196)
     C    3    Vzz=    0.4828    axis=(  0.942239 -0.330339  0.055335)
     C    3  Q=         1.0000 1e-30 m^2  Cq=         1.1344 MHz  eta= 0.48711

     H    4    Vxx=   -0.0046    axis=(  0.587374 -0.388421 -0.710015)
     H    4    Vyy=   -0.7941    axis=(  0.119687 -0.825967  0.550867)
     H    4    Vzz=    0.7987    axis=( -0.800417 -0.408544 -0.438662)
     H    4  Q=         1.0000 1e-30 m^2  Cq=         1.8766 MHz  eta= 0.98838

     C    5    Vxx=   -0.1512    axis=( -0.452707  0.686264 -0.569296)
     C    5    Vyy=   -0.4044    axis=( -0.877094 -0.227805  0.422861)
     C    5    Vzz=    0.5556    axis=(  0.160506  0.690758  0.705047)
     C    5  Q=         1.0000 1e-30 m^2  Cq=         1.3055 MHz  eta= 0.45567

     H    6    Vxx=   -0.0616    axis=(  0.973273 -0.147771 -0.175792)
     H    6    Vyy=   -0.8114    axis=( -0.079295  0.502158 -0.861133)
     H    6    Vzz=    0.8731    axis=(  0.215526  0.852057  0.477020)
     H    6  Q=         1.0000 1e-30 m^2  Cq=         2.0514 MHz  eta= 0.85879

     H    7    Vxx=   -0.0868    axis=(  0.953469  0.205471  0.220633)
     H    7    Vyy=   -0.6457    axis=( -0.294695  0.789671  0.538122)
     H    7    Vzz=    0.7326    axis=( -0.063659 -0.578102  0.813478)
     H    7  Q=         1.0000 1e-30 m^2  Cq=         1.7213 MHz  eta= 0.76293

     C    8    Vxx=   -0.0348    axis=( -0.163464  0.904514 -0.393870)
     C    8    Vyy=   -0.4848    axis=( -0.058492  0.389652  0.919103)
     C    8    Vzz=    0.5196    axis=( -0.984814 -0.173278  0.010787)
     C    8  Q=         1.0000 1e-30 m^2  Cq=         1.2209 MHz  eta= 0.86617

     H    9    Vxx=   -0.2081    axis=( -0.447478 -0.667079  0.595625)
     H    9    Vyy=   -0.6076    axis=(  0.012608 -0.670667 -0.741651)
     H    9    Vzz=    0.8157    axis=(  0.894206 -0.324363  0.308519)
     H    9  Q=         1.0000 1e-30 m^2  Cq=         1.9166 MHz  eta= 0.48983

     C   10    Vxx=    0.1327    axis=(  0.971760  0.141402  0.188912)
     C   10    Vyy=    0.6176    axis=(  0.010151 -0.824881  0.565216)
     C   10    Vzz=   -0.7503    axis=(  0.235752 -0.547336 -0.803022)
     C   10  Q=         1.0000 1e-30 m^2  Cq=        -1.7629 MHz  eta= 0.64629

     C   11    Vxx=    0.3543    axis=( -0.168966 -0.959306 -0.226235)
     C   11    Vyy=    0.5249    axis=( -0.976725  0.132200  0.168912)
     C   11    Vzz=   -0.8792    axis=(  0.132130 -0.249510  0.959316)
     C   11  Q=         1.0000 1e-30 m^2  Cq=        -2.0657 MHz  eta= 0.19406

     Cl  12    Vxx=   -0.0909    axis=( -0.556424 -0.822487  0.117930)
     Cl  12    Vyy=   -0.2707    axis=(  0.563742 -0.269431  0.780770)
     Cl  12    Vzz=    0.3616    axis=(  0.610399 -0.500921 -0.613589)
     Cl  12  Q=        -8.1650 1e-30 m^2  Cq=        -6.9379 MHz  eta= 0.49721

     H   13    Vxx=   -0.0550    axis=(  0.886540 -0.350272  0.302253)
     H   13    Vyy=   -0.2623    axis=(  0.402130  0.260339 -0.877790)
     H   13    Vzz=    0.3173    axis=(  0.228778  0.899741  0.371655)
     H   13  Q=         1.0000 1e-30 m^2  Cq=         0.7456 MHz  eta= 0.65325

     C   14    Vxx=    0.0434    axis=( -0.369846 -0.037786 -0.928324)
     C   14    Vyy=    0.3410    axis=( -0.809877  0.502773  0.302191)
     C   14    Vzz=   -0.3845    axis=( -0.455317 -0.863592  0.216551)
     C   14  Q=         1.0000 1e-30 m^2  Cq=        -0.9033 MHz  eta= 0.77418

     H   15    Vxx=   -0.0244    axis=( -0.469695 -0.317115  0.823908)
     H   15    Vyy=   -0.6672    axis=( -0.165915  0.948338  0.270422)
     H   15    Vzz=    0.6915    axis=( -0.867098 -0.009683 -0.498044)
     H   15  Q=         1.0000 1e-30 m^2  Cq=         1.6248 MHz  eta= 0.92950

     C   16    Vxx=   -0.0118    axis=( -0.305271 -0.470809  0.827737)
     C   16    Vyy=   -1.0203    axis=( -0.952118  0.166207 -0.256606)
     C   16    Vzz=    1.0320    axis=( -0.016763 -0.866438 -0.499004)
     C   16  Q=         1.0000 1e-30 m^2  Cq=         2.4249 MHz  eta= 0.97716

     C   17    Vxx=   -0.0026    axis=(  0.718858  0.567731 -0.401155)
     C   17    Vyy=   -0.5323    axis=(  0.189030  0.395682  0.898723)
     C   17    Vzz=    0.5349    axis=(  0.668962 -0.721885  0.177121)
     C   17  Q=         1.0000 1e-30 m^2  Cq=         1.2567 MHz  eta= 0.99039

     Cl  18    Vxx=   -1.4101    axis=(  0.865043 -0.131228 -0.484231)
     Cl  18    Vyy=   -1.8651    axis=(  0.489894  0.429074  0.758880)
     Cl  18    Vzz=    3.2753    axis=( -0.108184  0.893686 -0.435455)
     Cl  18  Q=        -8.1650 1e-30 m^2  Cq=       -62.8346 MHz  eta= 0.13892

     H   19    Vxx=   -0.0326    axis=(  0.796323  0.376562  0.473362)
     H   19    Vyy=   -0.5043    axis=( -0.574829  0.227557  0.785996)
     H   19    Vzz=    0.5369    axis=(  0.188260 -0.898008  0.397667)
     H   19  Q=         1.0000 1e-30 m^2  Cq=         1.2614 MHz  eta= 0.87865

     C   20    Vxx=    0.2007    axis=(  0.541963 -0.277809 -0.793157)
     C   20    Vyy=    0.8310    axis=(  0.119933 -0.908555  0.400179)
     C   20    Vzz=   -1.0317    axis=( -0.831800 -0.312008 -0.459085)
     C   20  Q=         1.0000 1e-30 m^2  Cq=        -2.4241 MHz  eta= 0.61092

     H   21    Vxx=   -0.0425    axis=(  0.392437  0.864141  0.315045)
     H   21    Vyy=   -0.7051    axis=(  0.432846  0.128715 -0.892231)
     H   21    Vzz=    0.7476    axis=( -0.811565  0.486511 -0.323527)
     H   21  Q=         1.0000 1e-30 m^2  Cq=         1.7566 MHz  eta= 0.88621

     C   22    Vxx=   -0.1234    axis=(  0.110528 -0.070715  0.991354)
     C   22    Vyy=   -0.2375    axis=( -0.134793  0.987183  0.085446)
     C   22    Vzz=    0.3609    axis=( -0.984690 -0.143071  0.099580)
     C   22  Q=         1.0000 1e-30 m^2  Cq=         0.8481 MHz  eta= 0.31610

     C   23    Vxx=   -0.0786    axis=( -0.506015  0.181778  0.843152)
     C   23    Vyy=   -1.0120    axis=(  0.834903  0.348633  0.425901)
     C   23    Vzz=    1.0906    axis=(  0.216531 -0.919463  0.328181)
     C   23  Q=         1.0000 1e-30 m^2  Cq=         2.5625 MHz  eta= 0.85586

     Cl  24    Vxx=   -0.5024    axis=(  0.689148 -0.055056  0.722526)
     Cl  24    Vyy=   -2.7009    axis=(  0.507791 -0.674635 -0.535739)
     Cl  24    Vzz=    3.2033    axis=( -0.516937 -0.736095  0.436966)
     Cl  24  Q=        -8.1650 1e-30 m^2  Cq=       -61.4535 MHz  eta= 0.68631

     Initialization:
     gipaw_setup  :      9.16s CPU     10.81s WALL (       1 calls)

     Linear response

     Apply operators

     Induced current

     Other routines
     efg          :      9.33s CPU     11.90s WALL (       1 calls)

     General routines
     calbec       :      3.26s CPU      4.36s WALL (      16 calls)
     fft          :      1.73s CPU      2.91s WALL (      15 calls)
     ffts         :      0.04s CPU      0.04s WALL (       2 calls)
     fftw         :      3.30s CPU      4.01s WALL (     672 calls)
     davcio       :      0.03s CPU      0.32s WALL (      32 calls)

     Parallel routines
     fft_scatter  :      2.39s CPU      4.16s WALL (     689 calls)

     Plugins

     GIPAW        :     61.34s CPU     72.15s WALL (       1 calls)
