
     Program QE v.6.0 (svn rev. 13079) starts on 15Dec2016 at  6:22: 3 

     This program is part of the open-source Quantum ESPRESSO suite
     for quantum simulation of materials; please cite
         "P. Giannozzi et al., J. Phys.:Condens. Matter 21 395502 (2009);
          URL http://www.quantum-espresso.org", 
     in publications or presentations arising from this work. More details at
     http://www.quantum-espresso.org/quote

     Parallel version (MPI), running on     8 processors
     R & G space division:  proc/nbgrp/npool/nimage =       8

     ***** This is GIPAW svn revision unknown      *****

     Parallelizing q-star over 1 images

     Reading data from directory:
     /users/majewski/paradichlorobenzene/pbe/9_constraint/scratch/pbe.ecut100.np8.dt60.pcl2phi-129368.save
     Message from routine read_xml_file:
     file /users/majewski/paradichlorobenzene/pbe/9_constraint/scratch/pbe.ecut100.np8.dt60.pcl2phi-129368.save not guaranteed to be safe for post-processing

   Info: using nr1, nr2, nr3 values from input

   Info: using nr1, nr2, nr3 values from input

     IMPORTANT: XC functional enforced from input :
     Exchange-correlation      =  SLA  PW   PBX  PBC ( 1  4  3  4 0 0)
     Any further DFT definition will be discarded
     Please, verify this is what you really want

               file C.pbe-n-kjpaw_psl.1.0.0.UPF: wavefunction(s)  2S 2P renormalized
               file Cl.pbe-n-kjpaw_psl.1.0.0.UPF: wavefunction(s)  3S 3P renormalized
               file H.pbe-kjpaw_psl.1.0.0.UPF: wavefunction(s)  1S renormalized

     Parallelization info
     --------------------
     sticks:   dense  smooth     PW     G-vecs:    dense   smooth      PW
     Min        3057    1223    332               144436    36536    5170
     Max        3059    1225    333               144437    36537    5171
     Sum       24467    9791   2657              1155489   292295   41363


     Subspace diagonalization in iterative solution of the eigenvalue problem:
     a serial algorithm will be used

     GIPAW projectors -----------------------------------------------
     atom=  C    l=0  rc=    1.2000  rs=    0.8000
     atom=  C    l=0  rc=    1.2000  rs=    0.8000
     atom=  C    l=1  rc=    1.4000  rs=    0.9333
     atom=  C    l=1  rc=    1.4000  rs=    0.9333
     projs nearly linearly dependent: l=1  n1,n2= 1, 2  s=  0.99951561

     atom=  Cl   l=0  rc=    1.6000  rs=    1.0667
     atom=  Cl   l=0  rc=    1.6000  rs=    1.0667
     atom=  Cl   l=1  rc=    1.6000  rs=    1.0667
     atom=  Cl   l=1  rc=    1.6000  rs=    1.0667
     atom=  Cl   l=2  rc=    1.6000  rs=    1.0667
     atom=  Cl   l=2  rc=    1.6000  rs=    1.0667
     projs nearly linearly dependent: l=2  n1,n2= 1, 2  s=  0.99993509

     atom=  H    l=0  rc=    1.0000  rs=    0.6667
     atom=  H    l=0  rc=    1.0000  rs=    0.6667
     projs nearly linearly dependent: l=0  n1,n2= 1, 2  s=  0.99968852
     -----------------------------------------------------------------

     GIPAW integrals: -------------------------------------------
     Atom  i/j   nmr_para   nmr_dia   epr_rmc  epr_para   epr_dia
       C   1 1   0.83E+03  0.17E-01  0.93E+01  0.24E+08  0.24E+03
       C   2 1   0.86E+03 -0.61E-01  0.94E+01  0.25E+08  0.25E+03
       C   2 2   0.90E+03 -0.15E+00  0.97E+01  0.26E+08  0.26E+03
       C   3 3   0.33E+01  0.34E+00  0.18E+01  0.55E+03  0.21E+02
       C   4 3   0.35E+01  0.37E+00  0.20E+01  0.59E+03  0.22E+02
       C   4 4   0.38E+01  0.39E+00  0.22E+01  0.63E+03  0.24E+02
       Cl  1 1   0.14E+04 -0.47E+00  0.84E+01  0.32E+09  0.42E+03
       Cl  2 1   0.21E+04 -0.37E+00  0.12E+02  0.49E+09  0.65E+03
       Cl  2 2   0.33E+04 -0.16E+00  0.21E+02  0.76E+09  0.10E+04
       Cl  3 3   0.21E+02  0.79E-01  0.89E+01  0.23E+05  0.13E+03
       Cl  4 3   0.24E+02  0.67E-01  0.99E+01  0.27E+05  0.15E+03
       Cl  4 4   0.28E+02  0.44E-01  0.11E+02  0.32E+05  0.18E+03
       Cl  5 5   0.77E+00  0.19E+00  0.18E+01  0.12E+03  0.22E+02
       Cl  6 5   0.80E+00  0.19E+00  0.19E+01  0.12E+03  0.23E+02
       Cl  6 6   0.83E+00  0.20E+00  0.19E+01  0.12E+03  0.23E+02
       H   1 1   0.39E+02  0.19E+00  0.29E+00  0.78E+05  0.13E+02
       H   2 1   0.41E+02  0.21E+00  0.32E+00  0.82E+05  0.14E+02
       H   2 2   0.43E+02  0.22E+00  0.36E+00  0.86E+05  0.15E+02
     ------------------------------------------------------------

     alpha_pv=     34.5224 eV

     Number of occupied bands for each k-point:
     k-point:     1    nbnd_occ=  42
     k-point:     2    nbnd_occ=  42
     k-point:     3    nbnd_occ=  42
     k-point:     4    nbnd_occ=  42
     k-point:     5    nbnd_occ=  42
     k-point:     6    nbnd_occ=  42
     k-point:     7    nbnd_occ=  42
     k-point:     8    nbnd_occ=  42
     k-point:     9    nbnd_occ=  42
     k-point:    10    nbnd_occ=  42
     k-point:    11    nbnd_occ=  42
     k-point:    12    nbnd_occ=  42
     k-point:    13    nbnd_occ=  42
     k-point:    14    nbnd_occ=  42
     k-point:    15    nbnd_occ=  42
     k-point:    16    nbnd_occ=  42


     q-space interpolation up to   110.00 Rydberg

     GIPAW job: efg                                                                             


     ELECTRIC FIELD GRADIENTS TENSORS IN Hartree/bohrradius^2:

     ----- bare term -----
     Cl   1       -0.071685        0.064677        0.046927
     Cl   1        0.064677       -0.034133        0.055995
     Cl   1        0.046927        0.055995        0.105818

     C    2       -0.616768        0.072758       -0.278955
     C    2        0.072758        0.001579       -0.246503
     C    2       -0.278955       -0.246503        0.615189

     C    3       -0.021091        0.010030       -0.323084
     C    3        0.010030       -0.325312       -0.498674
     C    3       -0.323084       -0.498674        0.346403

     H    4       -0.388718        0.218122       -0.407369
     H    4        0.218122        0.049803       -0.145870
     H    4       -0.407369       -0.145870        0.338915

     C    5       -0.428980        0.318822       -0.178072
     C    5        0.318822        0.018372       -0.327813
     C    5       -0.178072       -0.327813        0.410609

     H    6        0.495200       -0.042390        0.044356
     H    6       -0.042390       -0.182255       -0.372008
     H    6        0.044356       -0.372008       -0.312945

     H    7        0.409896        0.020982        0.091012
     H    7        0.020982       -0.208842        0.487004
     H    7        0.091012        0.487004       -0.201054

     C    8       -0.453824       -0.300871       -0.346436
     C    8       -0.300871        0.024225        0.418258
     C    8       -0.346436        0.418258        0.429599

     H    9       -0.261080        0.048286       -0.552182
     H    9        0.048286        0.182767        0.011832
     H    9       -0.552182        0.011832        0.078313

     C   10       -0.089567       -0.454478       -0.244907
     C   10       -0.454478       -0.302336        0.494073
     C   10       -0.244907        0.494073        0.391903

     C   11       -0.286467        0.037315       -0.352540
     C   11        0.037315       -0.036604        0.428985
     C   11       -0.352540        0.428985        0.323071

     Cl  12       -0.049314       -0.066533        0.036284
     Cl  12       -0.066533       -0.040961        0.007720
     Cl  12        0.036284        0.007720        0.090275

     H   13        0.468042       -0.008328       -0.188712
     H   13       -0.008328        0.096268       -0.262724
     H   13       -0.188712       -0.262724       -0.564309

     C   14       -0.248302        0.312236        0.001224
     C   14        0.312236       -0.136626       -0.365515
     C   14        0.001224       -0.365515        0.384927

     H   15       -0.236146        0.040006       -0.604177
     H   15        0.040006        0.286811        0.059290
     H   15       -0.604177        0.059290       -0.050665

     C   16       -0.137311       -0.004737       -0.221696
     C   16       -0.004737       -0.076873       -0.661319
     C   16       -0.221696       -0.661319        0.214184

     C   17       -0.263991        0.035360       -0.384281
     C   17        0.035360       -0.046661       -0.448692
     C   17       -0.384281       -0.448692        0.310652

     Cl  18       -0.177431        0.100566       -0.005781
     Cl  18        0.100566       -0.082387       -0.088498
     Cl  18       -0.005781       -0.088498        0.259818

     H   19        0.443485        0.031419       -0.009353
     H   19        0.031419       -0.200363        0.497747
     H   19       -0.009353        0.497747       -0.243121

     C   20       -0.341135       -0.350789       -0.101896
     C   20       -0.350789       -0.159156        0.444200
     C   20       -0.101896        0.444200        0.500292

     H   21       -0.330440       -0.143684       -0.539471
     H   21       -0.143684        0.165274       -0.014355
     H   21       -0.539471       -0.014355        0.165166

     C   22       -0.214882       -0.117976       -0.252870
     C   22       -0.117976       -0.127930        0.624882
     C   22       -0.252870        0.624882        0.342813

     C   23       -0.296582       -0.153836       -0.382674
     C   23       -0.153836       -0.019828        0.443666
     C   23       -0.382674        0.443666        0.316410

     Cl  24       -0.056564       -0.133887       -0.125768
     Cl  24       -0.133887        0.031737        0.140678
     Cl  24       -0.125768        0.140678        0.024827

     ----- ionic term -----
     Cl   1        0.085069       -0.221809       -0.007353
     Cl   1       -0.221809        0.059932        0.018532
     Cl   1       -0.007353        0.018532       -0.145002

     C    2        0.152121       -0.242893        0.257673
     C    2       -0.242893        0.044986        0.390234
     C    2        0.257673        0.390234       -0.197107

     C    3        0.172430       -0.289476        0.149000
     C    3       -0.289476        0.046123        0.409479
     C    3        0.149000        0.409479       -0.218553

     H    4        0.622019        0.098370        0.719635
     H    4        0.098370       -0.531084        0.134462
     H    4        0.719635        0.134462       -0.090935

     C    5        0.318766       -0.297393        0.149464
     C    5       -0.297393       -0.058227        0.333590
     C    5        0.149464        0.333590       -0.260539

     H    6       -0.499570       -0.068839       -0.049727
     H    6       -0.068839        0.408435        0.811098
     H    6       -0.049727        0.811098        0.091135

     H    7       -0.533884       -0.005678        0.036652
     H    7       -0.005678        0.584090       -0.759953
     H    7        0.036652       -0.759953       -0.050206

     C    8        0.280375        0.346845        0.294678
     C    8        0.346845       -0.002312       -0.289802
     C    8        0.294678       -0.289802       -0.278063

     H    9        0.696150       -0.140118        0.671866
     H    9       -0.140118       -0.502452       -0.162369
     H    9        0.671866       -0.162369       -0.193699

     C   10        0.222357        0.375613        0.174158
     C   10        0.375613        0.071218       -0.358177
     C   10        0.174158       -0.358177       -0.293575

     C   11        0.245577        0.221766        0.293436
     C   11        0.221766       -0.018958       -0.379925
     C   11        0.293436       -0.379925       -0.226619

     Cl  12        0.149735        0.214818        0.012856
     Cl  12        0.214818       -0.004280       -0.004085
     Cl  12        0.012856       -0.004085       -0.145455

     H   13       -0.508812        0.128770        0.133241
     H   13        0.128770        0.470958        0.786830
     H   13        0.133241        0.786830        0.037854

     C   14        0.246028       -0.223028        0.239499
     C   14       -0.223028       -0.037297        0.310232
     C   14        0.239499        0.310232       -0.208731

     H   15        0.629033        0.330486        0.648840
     H   15        0.330486       -0.465960        0.256080
     H   15        0.648840        0.256080       -0.163072

     C   16        0.109934       -0.195032        0.145840
     C   16       -0.195032        0.018695        0.453670
     C   16        0.145840        0.453670       -0.128630

     C   17        0.253083       -0.202580        0.186226
     C   17       -0.202580       -0.106772        0.448953
     C   17        0.186226        0.448953       -0.146311

     Cl  18        0.138106       -0.208386       -0.057743
     Cl  18       -0.208386       -0.020768        0.035819
     Cl  18       -0.057743        0.035819       -0.117338

     H   19       -0.517258        0.010519       -0.000247
     H   19        0.010519        0.602847       -0.741924
     H   19       -0.000247       -0.741924       -0.085589

     C   20        0.268810        0.252776        0.283180
     C   20        0.252776        0.036892       -0.295367
     C   20        0.283180       -0.295367       -0.305702

     H   21        0.736831       -0.202475        0.622543
     H   21       -0.202475       -0.461031       -0.174859
     H   21        0.622543       -0.174859       -0.275799

     C   22        0.165281        0.288596        0.196469
     C   22        0.288596        0.133295       -0.362580
     C   22        0.196469       -0.362580       -0.298576

     C   23        0.148771        0.264205        0.359593
     C   23        0.264205        0.064710       -0.344661
     C   23        0.359593       -0.344661       -0.213482

     Cl  24        0.101582        0.237395        0.038978
     Cl  24        0.237395        0.050382        0.018747
     Cl  24        0.038978        0.018747       -0.151965

     ----- GIPAW term -----
     Cl   1       -0.404949       -0.924986        1.027915
     Cl   1       -0.924986       -0.798611        1.642217
     Cl   1        1.027915        1.642217        1.203560

     C    2       -0.167750       -0.076426       -0.030302
     C    2       -0.076426       -0.108865        0.040560
     C    2       -0.030302        0.040560        0.276615

     C    3       -0.038581       -0.099962       -0.130875
     C    3       -0.099962       -0.013388        0.031946
     C    3       -0.130875        0.031946        0.051969

     H    4       -0.000000        0.000000        0.000000
     H    4        0.000000        0.000000        0.000000
     H    4        0.000000        0.000000        0.000000

     C    5       -0.028366       -0.071094        0.027963
     C    5       -0.071094        0.046842       -0.081019
     C    5        0.027963       -0.081019       -0.018476

     H    6       -0.000000        0.000000        0.000000
     H    6        0.000000        0.000000        0.000000
     H    6        0.000000        0.000000        0.000000

     H    7       -0.000000        0.000000        0.000000
     H    7        0.000000        0.000000        0.000000
     H    7        0.000000        0.000000        0.000000

     C    8       -0.101255       -0.071827       -0.073774
     C    8       -0.071827        0.010329        0.142815
     C    8       -0.073774        0.142815        0.090926

     H    9       -0.000000        0.000000        0.000000
     H    9        0.000000        0.000000        0.000000
     H    9        0.000000        0.000000        0.000000

     C   10        0.019629       -0.119674       -0.106067
     C   10       -0.119674       -0.067711        0.103297
     C   10       -0.106067        0.103297        0.048081

     C   11        0.031310        0.119250        0.010477
     C   11        0.119250       -0.036208        0.030048
     C   11        0.010477        0.030048        0.004898

     Cl  12        1.224699        2.024730        0.255363
     Cl  12        2.024730       -0.205446        0.052964
     Cl  12        0.255363        0.052964       -1.019253

     H   13       -0.000000        0.000000        0.000000
     H   13        0.000000        0.000000        0.000000
     H   13        0.000000        0.000000        0.000000

     C   14       -0.110432        0.015196        0.053391
     C   14        0.015196       -0.092350       -0.159302
     C   14        0.053391       -0.159302        0.202783

     H   15       -0.000000        0.000000        0.000000
     H   15        0.000000        0.000000        0.000000
     H   15        0.000000        0.000000        0.000000

     C   16       -0.139423       -0.078769       -0.001146
     C   16       -0.078769        0.082869       -0.257772
     C   16       -0.001146       -0.257772        0.056554

     C   17        0.028889       -0.120223       -0.055025
     C   17       -0.120223        0.002733       -0.047897
     C   17       -0.055025       -0.047897       -0.031622

     Cl  18       -0.655809       -1.400566       -0.164064
     Cl  18       -1.400566       -1.138872       -1.220057
     Cl  18       -0.164064       -1.220057        1.794680

     H   19       -0.000000        0.000000        0.000000
     H   19        0.000000        0.000000        0.000000
     H   19        0.000000        0.000000        0.000000

     C   20       -0.059786       -0.016881        0.075911
     C   20       -0.016881       -0.076313        0.153170
     C   20        0.075911        0.153170        0.136099

     H   21       -0.000000        0.000000        0.000000
     H   21        0.000000        0.000000        0.000000
     H   21        0.000000        0.000000        0.000000

     C   22       -0.137500        0.028890       -0.034067
     C   22        0.028890        0.029884        0.224283
     C   22       -0.034067        0.224283        0.107616

     C   23       -0.003869        0.092798       -0.072382
     C   23        0.092798        0.061198        0.088148
     C   23       -0.072382        0.088148       -0.057330

     Cl  24        0.667648        0.730470       -1.128262
     Cl  24        0.730470        0.571840        1.523016
     Cl  24       -1.128262        1.523016       -1.239489

     ----- total EFG -----
     Cl   1       -0.391564       -1.082119        1.067489
     Cl   1       -1.082119       -0.772812        1.716744
     Cl   1        1.067489        1.716744        1.164376

     C    2       -0.632398       -0.246561       -0.051583
     C    2       -0.246561       -0.062300        0.184291
     C    2       -0.051583        0.184291        0.694698

     C    3        0.112758       -0.379407       -0.304959
     C    3       -0.379407       -0.292577       -0.057249
     C    3       -0.304959       -0.057249        0.179819

     H    4        0.233301        0.316492        0.312266
     H    4        0.316492       -0.481281       -0.011408
     H    4        0.312266       -0.011408        0.247980

     C    5       -0.138580       -0.049665       -0.000646
     C    5       -0.049665        0.006986       -0.075242
     C    5       -0.000646       -0.075242        0.131594

     H    6       -0.004369       -0.111229       -0.005371
     H    6       -0.111229        0.226180        0.439089
     H    6       -0.005371        0.439089       -0.221811

     H    7       -0.123988        0.015304        0.127664
     H    7        0.015304        0.375248       -0.272949
     H    7        0.127664       -0.272949       -0.251260

     C    8       -0.274704       -0.025852       -0.125532
     C    8       -0.025852        0.032242        0.271270
     C    8       -0.125532        0.271270        0.242462

     H    9        0.435070       -0.091832        0.119683
     H    9       -0.091832       -0.319685       -0.150536
     H    9        0.119683       -0.150536       -0.115386

     C   10        0.152420       -0.198538       -0.176816
     C   10       -0.198538       -0.298829        0.239193
     C   10       -0.176816        0.239193        0.146409

     C   11       -0.009580        0.378331       -0.048627
     C   11        0.378331       -0.091770        0.079108
     C   11       -0.048627        0.079108        0.101350

     Cl  12        1.325120        2.173015        0.304502
     Cl  12        2.173015       -0.250687        0.056599
     Cl  12        0.304502        0.056599       -1.074433

     H   13       -0.040770        0.120442       -0.055471
     H   13        0.120442        0.567226        0.524106
     H   13       -0.055471        0.524106       -0.526456

     C   14       -0.112706        0.104404        0.294114
     C   14        0.104404       -0.266273       -0.214584
     C   14        0.294114       -0.214584        0.378980

     H   15        0.392887        0.370492        0.044663
     H   15        0.370492       -0.179149        0.315370
     H   15        0.044663        0.315370       -0.213737

     C   16       -0.166799       -0.278538       -0.077002
     C   16       -0.278538        0.024691       -0.465421
     C   16       -0.077002       -0.465421        0.142108

     C   17        0.017981       -0.287442       -0.253081
     C   17       -0.287442       -0.150701       -0.047636
     C   17       -0.253081       -0.047636        0.132719

     Cl  18       -0.695133       -1.508386       -0.227588
     Cl  18       -1.508386       -1.242027       -1.272736
     Cl  18       -0.227588       -1.272736        1.937160

     H   19       -0.073773        0.041938       -0.009600
     H   19        0.041938        0.402483       -0.244177
     H   19       -0.009600       -0.244177       -0.328710

     C   20       -0.132111       -0.114895        0.257195
     C   20       -0.114895       -0.198577        0.302003
     C   20        0.257195        0.302003        0.330689

     H   21        0.406391       -0.346159        0.083072
     H   21       -0.346159       -0.295757       -0.189215
     H   21        0.083072       -0.189215       -0.110634

     C   22       -0.187101        0.199511       -0.090468
     C   22        0.199511        0.035249        0.486586
     C   22       -0.090468        0.486586        0.151853

     C   23       -0.151679        0.203167       -0.095463
     C   23        0.203167        0.106080        0.187154
     C   23       -0.095463        0.187154        0.045599

     Cl  24        0.712666        0.833979       -1.215051
     Cl  24        0.833979        0.653960        1.682440
     Cl  24       -1.215051        1.682440       -1.366626

     ----- total EFG (symmetrized) -----
     Cl   1       -0.391564       -1.082119        1.067489
     Cl   1       -1.082119       -0.772812        1.716744
     Cl   1        1.067489        1.716744        1.164376

     C    2       -0.632398       -0.246561       -0.051583
     C    2       -0.246561       -0.062300        0.184291
     C    2       -0.051583        0.184291        0.694698

     C    3        0.112758       -0.379407       -0.304959
     C    3       -0.379407       -0.292577       -0.057249
     C    3       -0.304959       -0.057249        0.179819

     H    4        0.233301        0.316492        0.312266
     H    4        0.316492       -0.481281       -0.011408
     H    4        0.312266       -0.011408        0.247980

     C    5       -0.138580       -0.049665       -0.000646
     C    5       -0.049665        0.006986       -0.075242
     C    5       -0.000646       -0.075242        0.131594

     H    6       -0.004369       -0.111229       -0.005371
     H    6       -0.111229        0.226180        0.439089
     H    6       -0.005371        0.439089       -0.221811

     H    7       -0.123988        0.015304        0.127664
     H    7        0.015304        0.375248       -0.272949
     H    7        0.127664       -0.272949       -0.251260

     C    8       -0.274704       -0.025852       -0.125532
     C    8       -0.025852        0.032242        0.271270
     C    8       -0.125532        0.271270        0.242462

     H    9        0.435070       -0.091832        0.119683
     H    9       -0.091832       -0.319685       -0.150536
     H    9        0.119683       -0.150536       -0.115386

     C   10        0.152420       -0.198538       -0.176816
     C   10       -0.198538       -0.298829        0.239193
     C   10       -0.176816        0.239193        0.146409

     C   11       -0.009580        0.378331       -0.048627
     C   11        0.378331       -0.091770        0.079108
     C   11       -0.048627        0.079108        0.101350

     Cl  12        1.325120        2.173015        0.304502
     Cl  12        2.173015       -0.250687        0.056599
     Cl  12        0.304502        0.056599       -1.074433

     H   13       -0.040770        0.120442       -0.055471
     H   13        0.120442        0.567226        0.524106
     H   13       -0.055471        0.524106       -0.526456

     C   14       -0.112706        0.104404        0.294114
     C   14        0.104404       -0.266273       -0.214584
     C   14        0.294114       -0.214584        0.378980

     H   15        0.392887        0.370492        0.044663
     H   15        0.370492       -0.179149        0.315370
     H   15        0.044663        0.315370       -0.213737

     C   16       -0.166799       -0.278538       -0.077002
     C   16       -0.278538        0.024691       -0.465421
     C   16       -0.077002       -0.465421        0.142108

     C   17        0.017981       -0.287442       -0.253081
     C   17       -0.287442       -0.150701       -0.047636
     C   17       -0.253081       -0.047636        0.132719

     Cl  18       -0.695133       -1.508386       -0.227588
     Cl  18       -1.508386       -1.242027       -1.272736
     Cl  18       -0.227588       -1.272736        1.937160

     H   19       -0.073773        0.041938       -0.009600
     H   19        0.041938        0.402483       -0.244177
     H   19       -0.009600       -0.244177       -0.328710

     C   20       -0.132111       -0.114895        0.257195
     C   20       -0.114895       -0.198577        0.302003
     C   20        0.257195        0.302003        0.330689

     H   21        0.406391       -0.346159        0.083072
     H   21       -0.346159       -0.295757       -0.189215
     H   21        0.083072       -0.189215       -0.110634

     C   22       -0.187101        0.199511       -0.090468
     C   22        0.199511        0.035249        0.486586
     C   22       -0.090468        0.486586        0.151853

     C   23       -0.151679        0.203167       -0.095463
     C   23        0.203167        0.106080        0.187154
     C   23       -0.095463        0.187154        0.045599

     Cl  24        0.712666        0.833979       -1.215051
     Cl  24        0.833979        0.653960        1.682440
     Cl  24       -1.215051        1.682440       -1.366626


     NQR/NMR SPECTROSCOPIC PARAMETERS:
     Cl   1    Vxx=    0.4843    axis=(  0.823450 -0.556284  0.111708)
     Cl   1    Vyy=    2.2348    axis=( -0.177115 -0.439058 -0.880828)
     Cl   1    Vzz=   -2.7190    axis=(  0.539036  0.705533 -0.460069)
     Cl   1  Q=        -8.1650 1e-30 m^2  Cq=        52.1632 MHz  eta= 0.64379

     C    2    Vxx=   -0.0212    axis=( -0.342783  0.903499 -0.257271)
     C    2    Vyy=   -0.7244    axis=( -0.936005 -0.351795  0.011662)
     C    2    Vzz=    0.7457    axis=( -0.079970  0.244805  0.966269)
     C    2  Q=         1.0000 1e-30 m^2  Cq=         1.7520 MHz  eta= 0.94305

     C    3    Vxx=    0.0604    axis=(  0.392714 -0.542602  0.742535)
     C    3    Vyy=    0.5201    axis=( -0.734899  0.300257  0.608086)
     C    3    Vzz=   -0.5805    axis=( -0.552900 -0.784493 -0.280843)
     C    3  Q=         1.0000 1e-30 m^2  Cq=        -1.3639 MHz  eta= 0.79201

     H    4    Vxx=    0.0217    axis=( -0.554833 -0.366092  0.747086)
     H    4    Vyy=    0.5985    axis=(  0.733631  0.208207  0.646866)
     H    4    Vzz=   -0.6201    axis=(  0.392360 -0.906988 -0.153056)
     H    4  Q=         1.0000 1e-30 m^2  Cq=        -1.4570 MHz  eta= 0.93014

     C    5    Vxx=   -0.0125    axis=( -0.331807  0.836795  0.435521)
     C    5    Vyy=   -0.1559    axis=( -0.940812 -0.327364 -0.087783)
     C    5    Vzz=    0.1684    axis=(  0.069117 -0.438870  0.895888)
     C    5  Q=         1.0000 1e-30 m^2  Cq=         0.3957 MHz  eta= 0.85177

     H    6    Vxx=   -0.0170    axis=(  0.976305  0.101189  0.191286)
     H    6    Vyy=   -0.4967    axis=(  0.110185  0.528333 -0.841857)
     H    6    Vzz=    0.5136    axis=( -0.186249  0.842986  0.504664)
     H    6  Q=         1.0000 1e-30 m^2  Cq=         1.2068 MHz  eta= 0.93400

     H    7    Vxx=   -0.0705    axis=(  0.913637  0.189012  0.359920)
     H    7    Vyy=   -0.4085    axis=( -0.403188  0.307969  0.861739)
     H    7    Vzz=    0.4791    axis=(  0.052035 -0.932432  0.357579)
     H    7  Q=         1.0000 1e-30 m^2  Cq=         1.1256 MHz  eta= 0.70555

     C    8    Vxx=   -0.1383    axis=( -0.293819 -0.821610  0.488495)
     C    8    Vyy=   -0.3094    axis=( -0.941978  0.162101 -0.293939)
     C    8    Vzz=    0.4477    axis=( -0.162318  0.546516  0.821567)
     C    8  Q=         1.0000 1e-30 m^2  Cq=         1.0520 MHz  eta= 0.38225

     H    9    Vxx=   -0.0785    axis=( -0.277149 -0.430629  0.858922)
     H    9    Vyy=   -0.4003    axis=(  0.032384  0.889246  0.456282)
     H    9    Vzz=    0.4788    axis=(  0.960281 -0.154274  0.232508)
     H    9  Q=         1.0000 1e-30 m^2  Cq=         1.1250 MHz  eta= 0.67197

     C   10    Vxx=   -0.0256    axis=( -0.734997 -0.057400 -0.675636)
     C   10    Vyy=   -0.4281    axis=( -0.219131 -0.922837  0.316785)
     C   10    Vzz=    0.4537    axis=( -0.641686  0.380889  0.665705)
     C   10  Q=         1.0000 1e-30 m^2  Cq=         1.0660 MHz  eta= 0.88706

     C   11    Vxx=    0.1153    axis=( -0.166541  0.071419  0.983445)
     C   11    Vyy=    0.3311    axis=( -0.736069 -0.672649 -0.075801)
     C   11    Vzz=   -0.4465    axis=(  0.656099 -0.736507  0.164593)
     C   11  Q=         1.0000 1e-30 m^2  Cq=        -1.0490 MHz  eta= 0.48338

     Cl  12    Vxx=   -1.0712    axis=( -0.045173  0.187319 -0.981260)
     Cl  12    Vyy=   -1.7976    axis=(  0.573661 -0.799296 -0.178992)
     Cl  12    Vzz=    2.8688    axis=(  0.817846  0.570997  0.071351)
     Cl  12  Q=        -8.1650 1e-30 m^2  Cq=       -55.0369 MHz  eta= 0.25320

     H   13    Vxx=   -0.0377    axis=(  0.984631 -0.051443 -0.166900)
     H   13    Vyy=   -0.7503    axis=(  0.135621 -0.376900  0.916271)
     H   13    Vzz=    0.7879    axis=( -0.110040 -0.924824 -0.364131)
     H   13  Q=         1.0000 1e-30 m^2  Cq=         1.8513 MHz  eta= 0.90441

     C   14    Vxx=   -0.0895    axis=(  0.743621  0.646428 -0.170761)
     C   14    Vyy=   -0.4563    axis=( -0.553681  0.738548  0.384687)
     C   14    Vzz=    0.5458    axis=(  0.374788 -0.191514  0.907115)
     C   14  Q=         1.0000 1e-30 m^2  Cq=         1.2824 MHz  eta= 0.67209

     H   15    Vxx=   -0.0457    axis=(  0.470084 -0.466064 -0.749537)
     H   15    Vyy=   -0.5715    axis=( -0.255835  0.740809 -0.621088)
     H   15    Vzz=    0.6172    axis=( -0.844730 -0.483722 -0.229007)
     H   15  Q=         1.0000 1e-30 m^2  Cq=         1.4501 MHz  eta= 0.85206

     C   16    Vxx=   -0.0136    axis=( -0.806470  0.303244  0.507592)
     C   16    Vyy=   -0.5627    axis=(  0.561760  0.660807  0.497755)
     C   16    Vzz=    0.5763    axis=(  0.184479 -0.686569  0.703271)
     C   16  Q=         1.0000 1e-30 m^2  Cq=         1.3540 MHz  eta= 0.95280

     C   17    Vxx=    0.0519    axis=(  0.340096 -0.643715  0.685540)
     C   17    Vyy=    0.3830    axis=(  0.696325 -0.317574 -0.643645)
     C   17    Vzz=   -0.4349    axis=( -0.632034 -0.696260 -0.340229)
     C   17  Q=         1.0000 1e-30 m^2  Cq=        -1.0219 MHz  eta= 0.76135

     Cl  18    Vxx=    0.3606    axis=(  0.802044 -0.515997 -0.300785)
     Cl  18    Vyy=    2.4156    axis=( -0.110342  0.366922 -0.923684)
     Cl  18    Vzz=   -2.7762    axis=(  0.586983  0.774025  0.237351)
     Cl  18  Q=        -8.1650 1e-30 m^2  Cq=        53.2598 MHz  eta= 0.74019

     H   19    Vxx=   -0.0771    axis=(  0.996967 -0.071317  0.031169)
     H   19    Vyy=   -0.4028    axis=(  0.009125 -0.290602 -0.956801)
     H   19    Vzz=    0.4799    axis=(  0.077294  0.954183 -0.289070)
     H   19  Q=         1.0000 1e-30 m^2  Cq=         1.1275 MHz  eta= 0.67876

     C   20    Vxx=   -0.0463    axis=(  0.775289 -0.631176 -0.023298)
     C   20    Vyy=   -0.4789    axis=(  0.559028  0.702901 -0.439793)
     C   20    Vzz=    0.5252    axis=(  0.293963  0.327943  0.897797)
     C   20  Q=         1.0000 1e-30 m^2  Cq=         1.2340 MHz  eta= 0.82368

     H   21    Vxx=   -0.0867    axis=( -0.336280 -0.261952  0.904598)
     H   21    Vyy=   -0.4945    axis=(  0.303849  0.878991  0.367491)
     H   21    Vzz=    0.5812    axis=(  0.891399 -0.398441  0.215993)
     H   21  Q=         1.0000 1e-30 m^2  Cq=         1.3657 MHz  eta= 0.70160

     C   22    Vxx=   -0.0625    axis=(  0.844385  0.339529 -0.414408)
     C   22    Vyy=   -0.5269    axis=( -0.528444  0.655049 -0.540054)
     C   22    Vzz=    0.5893    axis=(  0.088093  0.675005  0.732536)
     C   22  Q=         1.0000 1e-30 m^2  Cq=         1.3847 MHz  eta= 0.78798

     C   23    Vxx=    0.0550    axis=(  0.612914  0.275491 -0.740568)
     C   23    Vyy=    0.2908    axis=( -0.261579 -0.813657 -0.519170)
     C   23    Vzz=   -0.3458    axis=(  0.745596 -0.511924  0.426639)
     C   23  Q=         1.0000 1e-30 m^2  Cq=        -0.8125 MHz  eta= 0.68198

     Cl  24    Vxx=    1.2662    axis=( -0.874344  0.108716  0.472973)
     Cl  24    Vyy=    1.6476    axis=( -0.307362 -0.878259 -0.366319)
     Cl  24    Vzz=   -2.9138    axis=(  0.375569 -0.465663  0.801315)
     Cl  24  Q=        -8.1650 1e-30 m^2  Cq=        55.9001 MHz  eta= 0.13087

     Initialization:
     gipaw_setup  :      8.96s CPU     10.62s WALL (       1 calls)

     Linear response

     Apply operators

     Induced current

     Other routines
     efg          :      8.92s CPU     11.42s WALL (       1 calls)

     General routines
     calbec       :      3.13s CPU      4.03s WALL (      16 calls)
     fft          :      1.55s CPU      2.13s WALL (      15 calls)
     ffts         :      0.04s CPU      0.05s WALL (       2 calls)
     fftw         :      3.14s CPU      4.10s WALL (     672 calls)
     davcio       :      0.02s CPU      0.33s WALL (      32 calls)

     Parallel routines
     fft_scatter  :      2.12s CPU      3.47s WALL (     689 calls)

     Plugins

     GIPAW        :     59.56s CPU     70.40s WALL (       1 calls)
