
     Program QE v.6.0 (svn rev. 13079) starts on  1Jan2017 at  8:32:23 

     This program is part of the open-source Quantum ESPRESSO suite
     for quantum simulation of materials; please cite
         "P. Giannozzi et al., J. Phys.:Condens. Matter 21 395502 (2009);
          URL http://www.quantum-espresso.org", 
     in publications or presentations arising from this work. More details at
     http://www.quantum-espresso.org/quote

     Parallel version (MPI), running on     8 processors
     R & G space division:  proc/nbgrp/npool/nimage =       8

     ***** This is GIPAW svn revision unknown      *****

     Parallelizing q-star over 1 images

     Reading data from directory:
     /users/majewski/paradichlorobenzene/pbe/9_constraint/scratch/pbe.ecut100.np8.dt60.pcl2phi-129368.save
     Message from routine read_xml_file:
     file /users/majewski/paradichlorobenzene/pbe/9_constraint/scratch/pbe.ecut100.np8.dt60.pcl2phi-129368.save not guaranteed to be safe for post-processing

   Info: using nr1, nr2, nr3 values from input

   Info: using nr1, nr2, nr3 values from input

     IMPORTANT: XC functional enforced from input :
     Exchange-correlation      =  SLA  PW   PBX  PBC ( 1  4  3  4 0 0)
     Any further DFT definition will be discarded
     Please, verify this is what you really want

               file C.pbe-n-kjpaw_psl.1.0.0.UPF: wavefunction(s)  2S 2P renormalized
               file Cl.pbe-n-kjpaw_psl.1.0.0.UPF: wavefunction(s)  3S 3P renormalized
               file H.pbe-kjpaw_psl.1.0.0.UPF: wavefunction(s)  1S renormalized

     Parallelization info
     --------------------
     sticks:   dense  smooth     PW     G-vecs:    dense   smooth      PW
     Min        3057    1223    332               144436    36536    5170
     Max        3059    1225    333               144437    36537    5171
     Sum       24467    9791   2657              1155489   292295   41363


     Subspace diagonalization in iterative solution of the eigenvalue problem:
     a serial algorithm will be used

     GIPAW projectors -----------------------------------------------
     atom=  C    l=0  rc=    1.2000  rs=    0.8000
     atom=  C    l=0  rc=    1.2000  rs=    0.8000
     atom=  C    l=1  rc=    1.4000  rs=    0.9333
     atom=  C    l=1  rc=    1.4000  rs=    0.9333
     projs nearly linearly dependent: l=1  n1,n2= 1, 2  s=  0.99951561

     atom=  Cl   l=0  rc=    1.6000  rs=    1.0667
     atom=  Cl   l=0  rc=    1.6000  rs=    1.0667
     atom=  Cl   l=1  rc=    1.6000  rs=    1.0667
     atom=  Cl   l=1  rc=    1.6000  rs=    1.0667
     atom=  Cl   l=2  rc=    1.6000  rs=    1.0667
     atom=  Cl   l=2  rc=    1.6000  rs=    1.0667
     projs nearly linearly dependent: l=2  n1,n2= 1, 2  s=  0.99993509

     atom=  H    l=0  rc=    1.0000  rs=    0.6667
     atom=  H    l=0  rc=    1.0000  rs=    0.6667
     projs nearly linearly dependent: l=0  n1,n2= 1, 2  s=  0.99968852
     -----------------------------------------------------------------

     GIPAW integrals: -------------------------------------------
     Atom  i/j   nmr_para   nmr_dia   epr_rmc  epr_para   epr_dia
       C   1 1   0.83E+03  0.17E-01  0.93E+01  0.24E+08  0.24E+03
       C   2 1   0.86E+03 -0.61E-01  0.94E+01  0.25E+08  0.25E+03
       C   2 2   0.90E+03 -0.15E+00  0.97E+01  0.26E+08  0.26E+03
       C   3 3   0.33E+01  0.34E+00  0.18E+01  0.55E+03  0.21E+02
       C   4 3   0.35E+01  0.37E+00  0.20E+01  0.59E+03  0.22E+02
       C   4 4   0.38E+01  0.39E+00  0.22E+01  0.63E+03  0.24E+02
       Cl  1 1   0.14E+04 -0.47E+00  0.84E+01  0.32E+09  0.42E+03
       Cl  2 1   0.21E+04 -0.37E+00  0.12E+02  0.49E+09  0.65E+03
       Cl  2 2   0.33E+04 -0.16E+00  0.21E+02  0.76E+09  0.10E+04
       Cl  3 3   0.21E+02  0.79E-01  0.89E+01  0.23E+05  0.13E+03
       Cl  4 3   0.24E+02  0.67E-01  0.99E+01  0.27E+05  0.15E+03
       Cl  4 4   0.28E+02  0.44E-01  0.11E+02  0.32E+05  0.18E+03
       Cl  5 5   0.77E+00  0.19E+00  0.18E+01  0.12E+03  0.22E+02
       Cl  6 5   0.80E+00  0.19E+00  0.19E+01  0.12E+03  0.23E+02
       Cl  6 6   0.83E+00  0.20E+00  0.19E+01  0.12E+03  0.23E+02
       H   1 1   0.39E+02  0.19E+00  0.29E+00  0.78E+05  0.13E+02
       H   2 1   0.41E+02  0.21E+00  0.32E+00  0.82E+05  0.14E+02
       H   2 2   0.43E+02  0.22E+00  0.36E+00  0.86E+05  0.15E+02
     ------------------------------------------------------------

     alpha_pv=     34.0635 eV

     Number of occupied bands for each k-point:
     k-point:     1    nbnd_occ=  42
     k-point:     2    nbnd_occ=  42
     k-point:     3    nbnd_occ=  42
     k-point:     4    nbnd_occ=  42
     k-point:     5    nbnd_occ=  42
     k-point:     6    nbnd_occ=  42
     k-point:     7    nbnd_occ=  42
     k-point:     8    nbnd_occ=  42
     k-point:     9    nbnd_occ=  42
     k-point:    10    nbnd_occ=  42
     k-point:    11    nbnd_occ=  42
     k-point:    12    nbnd_occ=  42
     k-point:    13    nbnd_occ=  42
     k-point:    14    nbnd_occ=  42
     k-point:    15    nbnd_occ=  42
     k-point:    16    nbnd_occ=  42


     q-space interpolation up to   110.00 Rydberg

     GIPAW job: efg                                                                             


     ELECTRIC FIELD GRADIENTS TENSORS IN Hartree/bohrradius^2:

     ----- bare term -----
     Cl   1       -0.155604        0.152263       -0.015261
     Cl   1        0.152263        0.132334       -0.010293
     Cl   1       -0.015261       -0.010293        0.023270

     C    2       -0.055199        0.019432       -0.305357
     C    2        0.019432       -0.465055       -0.410026
     C    2       -0.305357       -0.410026        0.520254

     C    3       -0.488294        0.195521       -0.265260
     C    3        0.195521       -0.085613       -0.269742
     C    3       -0.265260       -0.269742        0.573907

     H    4       -0.408856       -0.193552       -0.569113
     H    4       -0.193552        0.370836       -0.176599
     H    4       -0.569113       -0.176599        0.038019

     C    5       -0.160636        0.205770       -0.134008
     C    5        0.205770       -0.344393       -0.311780
     C    5       -0.134008       -0.311780        0.505030

     H    6        0.495584       -0.031226        0.000612
     H    6       -0.031226       -0.008976       -0.514167
     H    6        0.000612       -0.514167       -0.486608

     H    7        0.395506        0.061686       -0.151405
     H    7        0.061686       -0.258260        0.501493
     H    7       -0.151405        0.501493       -0.137247

     C    8       -0.437000       -0.316761       -0.165991
     C    8       -0.316761       -0.016168        0.454728
     C    8       -0.165991        0.454728        0.453167

     H    9        0.096211        0.048077       -0.436756
     H    9        0.048077        0.318980       -0.216772
     H    9       -0.436756       -0.216772       -0.415191

     C   10       -0.078379       -0.253594       -0.193238
     C   10       -0.253594       -0.130509        0.434595
     C   10       -0.193238        0.434595        0.208888

     C   11       -0.145150       -0.191829       -0.302982
     C   11       -0.191829       -0.175507        0.326056
     C   11       -0.302982        0.326056        0.320657

     Cl  12        0.016594       -0.057830       -0.014412
     Cl  12       -0.057830        0.034435       -0.063549
     Cl  12       -0.014412       -0.063549       -0.051029

     H   13        0.422506       -0.288901        0.136361
     H   13       -0.288901       -0.577016        0.040711
     H   13        0.136361        0.040711        0.154510

     C   14       -0.563407        0.163211       -0.322222
     C   14        0.163211        0.030756       -0.065246
     C   14       -0.322222       -0.065246        0.532650

     H   15       -0.449165       -0.349772        0.221962
     H   15       -0.349772        0.316712        0.031789
     H   15        0.221962        0.031789        0.132453

     C   16        0.171217        0.024547        0.049289
     C   16        0.024547       -0.410244       -0.252034
     C   16        0.049289       -0.252034        0.239026

     C   17       -0.646615        0.206800       -0.222864
     C   17        0.206800        0.122265       -0.137936
     C   17       -0.222864       -0.137936        0.524350

     Cl  18       -0.014351        0.009602        0.048393
     Cl  18        0.009602       -0.019676       -0.006344
     Cl  18        0.048393       -0.006344        0.034028

     H   19        0.419625        0.303705        0.109665
     H   19        0.303705       -0.644249       -0.144239
     H   19        0.109665       -0.144239        0.224624

     C   20       -0.385319       -0.155694       -0.318899
     C   20       -0.155694       -0.102026        0.306292
     C   20       -0.318899        0.306292        0.487345

     H   21       -0.546099        0.082062       -0.303052
     H   21        0.082062        0.321212        0.260197
     H   21       -0.303052        0.260197        0.224886

     C   22       -0.208004       -0.284073       -0.122216
     C   22       -0.284073       -0.381309        0.504439
     C   22       -0.122216        0.504439        0.589313

     C   23       -0.320615        0.042463       -0.334516
     C   23        0.042463       -0.079376        0.574917
     C   23       -0.334516        0.574917        0.399991

     Cl  24       -0.055741       -0.048112        0.054870
     Cl  24       -0.048112       -0.033489       -0.071070
     Cl  24        0.054870       -0.071070        0.089229

     ----- ionic term -----
     Cl   1        0.143593       -0.203641       -0.045837
     Cl   1       -0.203641       -0.017253        0.028844
     Cl   1       -0.045837        0.028844       -0.126341

     C    2        0.279494       -0.099407        0.159234
     C    2       -0.099407        0.066396        0.466327
     C    2        0.159234        0.466327       -0.345890

     C    3        0.185874       -0.196790        0.140450
     C    3       -0.196790        0.142687        0.421531
     C    3        0.140450        0.421531       -0.328561

     H    4        0.757034        0.362671        0.566738
     H    4        0.362671       -0.449953        0.231498
     H    4        0.566738        0.231498       -0.307082

     C    5        0.329476       -0.206800        0.237548
     C    5       -0.206800        0.025268        0.295838
     C    5        0.237548        0.295838       -0.354744

     H    6       -0.509486        0.069453        0.073666
     H    6        0.069453        0.634649        0.722857
     H    6        0.073666        0.722857       -0.125163

     H    7       -0.498452       -0.155841        0.096979
     H    7       -0.155841        0.790006       -0.598262
     H    7        0.096979       -0.598262       -0.291554

     C    8        0.245495        0.247822        0.333678
     C    8        0.247822        0.136815       -0.248081
     C    8        0.333678       -0.248081       -0.382310

     H    9        0.517216       -0.209374        0.758157
     H    9       -0.209374       -0.431735       -0.239331
     H    9        0.758157       -0.239331       -0.085481

     C   10        0.089952        0.327511        0.242454
     C   10        0.327511        0.269886       -0.368165
     C   10        0.242454       -0.368165       -0.359838

     C   11        0.210660        0.211091        0.328007
     C   11        0.211091        0.127728       -0.367744
     C   11        0.328007       -0.367744       -0.338387

     Cl  12        0.155867        0.233240        0.046770
     Cl  12        0.233240       -0.010307        0.019553
     Cl  12        0.046770        0.019553       -0.145560

     H   13       -0.495525        0.172435        0.065998
     H   13        0.172435        0.724064        0.651236
     H   13        0.065998        0.651236       -0.228539

     C   14        0.323236       -0.065651        0.191437
     C   14       -0.065651        0.076021        0.313192
     C   14        0.191437        0.313192       -0.399257

     H   15        0.701399        0.461971        0.512440
     H   15        0.461971       -0.307589        0.251248
     H   15        0.512440        0.251248       -0.393810

     C   16        0.140447       -0.119729        0.131520
     C   16       -0.119729        0.265687        0.392513
     C   16        0.131520        0.392513       -0.406133

     C   17        0.207831       -0.183686        0.253726
     C   17       -0.183686        0.194740        0.353709
     C   17        0.253726        0.353709       -0.402571

     Cl  18        0.127635       -0.214994        0.005481
     Cl  18       -0.214994        0.037745        0.005483
     Cl  18        0.005481        0.005483       -0.165380

     H   19       -0.513928       -0.159143        0.069005
     H   19       -0.159143        0.807471       -0.588620
     H   19        0.069005       -0.588620       -0.293542

     C   20        0.249087        0.200300        0.307805
     C   20        0.200300        0.124703       -0.261431
     C   20        0.307805       -0.261431       -0.373790

     H   21        0.580224       -0.081079        0.753599
     H   21       -0.081079       -0.494658       -0.127748
     H   21        0.753599       -0.127748       -0.085567

     C   22        0.109810        0.287866        0.245755
     C   22        0.287866        0.258674       -0.338234
     C   22        0.245755       -0.338234       -0.368484

     C   23        0.131011        0.174174        0.323049
     C   23        0.174174        0.207340       -0.374681
     C   23        0.323049       -0.374681       -0.338352

     Cl  24        0.118346        0.194272        0.016057
     Cl  24        0.194272        0.043913        0.001281
     Cl  24        0.016057        0.001281       -0.162259

     ----- GIPAW term -----
     Cl   1        0.453169       -1.514806       -0.154344
     Cl   1       -1.514806        1.232809       -0.046962
     Cl   1       -0.154344       -0.046962       -1.685977

     C    2       -0.052625       -0.109337       -0.066091
     C    2       -0.109337       -0.168871        0.020813
     C    2       -0.066091        0.020813        0.221497

     C    3       -0.220272        0.005209       -0.031213
     C    3        0.005209       -0.102832       -0.020988
     C    3       -0.031213       -0.020988        0.323104

     H    4       -0.000000        0.000000        0.000000
     H    4        0.000000        0.000000        0.000000
     H    4        0.000000        0.000000        0.000000

     C    5       -0.109079        0.018710       -0.022422
     C    5        0.018710       -0.200211       -0.030651
     C    5       -0.022422       -0.030651        0.309290

     H    6       -0.000000        0.000000        0.000000
     H    6        0.000000        0.000000        0.000000
     H    6        0.000000        0.000000        0.000000

     H    7       -0.000000        0.000000        0.000000
     H    7        0.000000        0.000000        0.000000
     H    7        0.000000        0.000000        0.000000

     C    8       -0.160126       -0.041508       -0.008858
     C    8       -0.041508       -0.019929        0.226017
     C    8       -0.008858        0.226017        0.180056

     H    9       -0.000000        0.000000        0.000000
     H    9        0.000000        0.000000        0.000000
     H    9        0.000000        0.000000        0.000000

     C   10       -0.093934       -0.066949       -0.094464
     C   10       -0.066949       -0.003919        0.179009
     C   10       -0.094464        0.179009        0.097853

     C   11       -0.067259       -0.004015       -0.086392
     C   11       -0.004015       -0.032536        0.153247
     C   11       -0.086392        0.153247        0.099795

     Cl  12       -0.669658        0.989594       -0.528484
     Cl  12        0.989594       -0.958372        1.153458
     Cl  12       -0.528484        1.153458        1.628030

     H   13       -0.000000        0.000000        0.000000
     H   13        0.000000        0.000000        0.000000
     H   13        0.000000        0.000000        0.000000

     C   14       -0.139773        0.013968       -0.079785
     C   14        0.013968       -0.084299        0.000806
     C   14       -0.079785        0.000806        0.224072

     H   15       -0.000000        0.000000        0.000000
     H   15        0.000000        0.000000        0.000000
     H   15        0.000000        0.000000        0.000000

     C   16       -0.016197       -0.018842       -0.013176
     C   16       -0.018842       -0.062577        0.041140
     C   16       -0.013176        0.041140        0.078774

     C   17       -0.136232       -0.037428       -0.057230
     C   17       -0.037428       -0.065472        0.063477
     C   17       -0.057230        0.063477        0.201704

     Cl  18       -0.588987       -1.469684        0.053081
     Cl  18       -1.469684       -0.860251        1.480503
     Cl  18        0.053081        1.480503        1.449237

     H   19       -0.000000        0.000000        0.000000
     H   19        0.000000        0.000000        0.000000
     H   19        0.000000        0.000000        0.000000

     C   20       -0.120330       -0.055689       -0.109453
     C   20       -0.055689       -0.062536        0.167014
     C   20       -0.109453        0.167014        0.182865

     H   21       -0.000000        0.000000        0.000000
     H   21        0.000000        0.000000        0.000000
     H   21        0.000000        0.000000        0.000000

     C   22       -0.138620       -0.044358       -0.057267
     C   22       -0.044358       -0.124414        0.157954
     C   22       -0.057267        0.157954        0.263034

     C   23       -0.059088        0.126066       -0.062542
     C   23        0.126066       -0.049252        0.162444
     C   23       -0.062542        0.162444        0.108340

     Cl  24        0.962299        1.862975        0.425565
     Cl  24        1.862975       -0.163895       -0.583687
     Cl  24        0.425565       -0.583687       -0.798404

     ----- total EFG -----
     Cl   1        0.441158       -1.566183       -0.215441
     Cl   1       -1.566183        1.347890       -0.028411
     Cl   1       -0.215441       -0.028411       -1.789049

     C    2        0.171669       -0.189313       -0.212214
     C    2       -0.189313       -0.567530        0.077114
     C    2       -0.212214        0.077114        0.395861

     C    3       -0.522692        0.003939       -0.156023
     C    3        0.003939       -0.045758        0.130801
     C    3       -0.156023        0.130801        0.568450

     H    4        0.348179        0.169119       -0.002375
     H    4        0.169119       -0.079116        0.054898
     H    4       -0.002375        0.054898       -0.269062

     C    5        0.059761        0.017680        0.081117
     C    5        0.017680       -0.519336       -0.046593
     C    5        0.081117       -0.046593        0.459575

     H    6       -0.013902        0.038227        0.074278
     H    6        0.038227        0.625672        0.208691
     H    6        0.074278        0.208691       -0.611771

     H    7       -0.102945       -0.094155       -0.054426
     H    7       -0.094155        0.531746       -0.096769
     H    7       -0.054426       -0.096769       -0.428801

     C    8       -0.351631       -0.110447        0.158829
     C    8       -0.110447        0.100718        0.432663
     C    8        0.158829        0.432663        0.250913

     H    9        0.613428       -0.161297        0.321401
     H    9       -0.161297       -0.112756       -0.456104
     H    9        0.321401       -0.456104       -0.500672

     C   10       -0.082361        0.006969       -0.045248
     C   10        0.006969        0.135458        0.245440
     C   10       -0.045248        0.245440       -0.053097

     C   11       -0.001749        0.015247       -0.061367
     C   11        0.015247       -0.080316        0.111559
     C   11       -0.061367        0.111559        0.082065

     Cl  12       -0.497196        1.165004       -0.496125
     Cl  12        1.165004       -0.934245        1.109462
     Cl  12       -0.496125        1.109462        1.431441

     H   13       -0.073019       -0.116467        0.202359
     H   13       -0.116467        0.147048        0.691947
     H   13        0.202359        0.691947       -0.074030

     C   14       -0.379944        0.111527       -0.210570
     C   14        0.111527        0.022478        0.248751
     C   14       -0.210570        0.248751        0.357465

     H   15        0.252234        0.112199        0.734402
     H   15        0.112199        0.009123        0.283037
     H   15        0.734402        0.283037       -0.261357

     C   16        0.295467       -0.114024        0.167633
     C   16       -0.114024       -0.207134        0.181619
     C   16        0.167633        0.181619       -0.088333

     C   17       -0.575016       -0.014313       -0.026367
     C   17       -0.014313        0.251533        0.279250
     C   17       -0.026367        0.279250        0.323482

     Cl  18       -0.475703       -1.675075        0.106955
     Cl  18       -1.675075       -0.842182        1.479643
     Cl  18        0.106955        1.479643        1.317885

     H   19       -0.094304        0.144562        0.178670
     H   19        0.144562        0.163222       -0.732858
     H   19        0.178670       -0.732858       -0.068918

     C   20       -0.256561       -0.011083       -0.120548
     C   20       -0.011083       -0.039858        0.211875
     C   20       -0.120548        0.211875        0.296420

     H   21        0.034126        0.000984        0.450547
     H   21        0.000984       -0.173445        0.132449
     H   21        0.450547        0.132449        0.139319

     C   22       -0.236813       -0.040565        0.066272
     C   22       -0.040565       -0.247049        0.324160
     C   22        0.066272        0.324160        0.483863

     C   23       -0.248691        0.342703       -0.074009
     C   23        0.342703        0.078713        0.362680
     C   23       -0.074009        0.362680        0.169979

     Cl  24        1.024904        2.009136        0.496491
     Cl  24        2.009136       -0.153471       -0.653476
     Cl  24        0.496491       -0.653476       -0.871434

     ----- total EFG (symmetrized) -----
     Cl   1        0.441158       -1.566183       -0.215441
     Cl   1       -1.566183        1.347890       -0.028411
     Cl   1       -0.215441       -0.028411       -1.789049

     C    2        0.171669       -0.189313       -0.212214
     C    2       -0.189313       -0.567530        0.077114
     C    2       -0.212214        0.077114        0.395861

     C    3       -0.522692        0.003939       -0.156023
     C    3        0.003939       -0.045758        0.130801
     C    3       -0.156023        0.130801        0.568450

     H    4        0.348179        0.169119       -0.002375
     H    4        0.169119       -0.079116        0.054898
     H    4       -0.002375        0.054898       -0.269062

     C    5        0.059761        0.017680        0.081117
     C    5        0.017680       -0.519336       -0.046593
     C    5        0.081117       -0.046593        0.459575

     H    6       -0.013902        0.038227        0.074278
     H    6        0.038227        0.625672        0.208691
     H    6        0.074278        0.208691       -0.611771

     H    7       -0.102945       -0.094155       -0.054426
     H    7       -0.094155        0.531746       -0.096769
     H    7       -0.054426       -0.096769       -0.428801

     C    8       -0.351631       -0.110447        0.158829
     C    8       -0.110447        0.100718        0.432663
     C    8        0.158829        0.432663        0.250913

     H    9        0.613428       -0.161297        0.321401
     H    9       -0.161297       -0.112756       -0.456104
     H    9        0.321401       -0.456104       -0.500672

     C   10       -0.082361        0.006969       -0.045248
     C   10        0.006969        0.135458        0.245440
     C   10       -0.045248        0.245440       -0.053097

     C   11       -0.001749        0.015247       -0.061367
     C   11        0.015247       -0.080316        0.111559
     C   11       -0.061367        0.111559        0.082065

     Cl  12       -0.497196        1.165004       -0.496125
     Cl  12        1.165004       -0.934245        1.109462
     Cl  12       -0.496125        1.109462        1.431441

     H   13       -0.073019       -0.116467        0.202359
     H   13       -0.116467        0.147048        0.691947
     H   13        0.202359        0.691947       -0.074030

     C   14       -0.379944        0.111527       -0.210570
     C   14        0.111527        0.022478        0.248751
     C   14       -0.210570        0.248751        0.357465

     H   15        0.252234        0.112199        0.734402
     H   15        0.112199        0.009123        0.283037
     H   15        0.734402        0.283037       -0.261357

     C   16        0.295467       -0.114024        0.167633
     C   16       -0.114024       -0.207134        0.181619
     C   16        0.167633        0.181619       -0.088333

     C   17       -0.575016       -0.014313       -0.026367
     C   17       -0.014313        0.251533        0.279250
     C   17       -0.026367        0.279250        0.323482

     Cl  18       -0.475703       -1.675075        0.106955
     Cl  18       -1.675075       -0.842182        1.479643
     Cl  18        0.106955        1.479643        1.317885

     H   19       -0.094304        0.144562        0.178670
     H   19        0.144562        0.163222       -0.732858
     H   19        0.178670       -0.732858       -0.068918

     C   20       -0.256561       -0.011083       -0.120548
     C   20       -0.011083       -0.039858        0.211875
     C   20       -0.120548        0.211875        0.296420

     H   21        0.034126        0.000984        0.450547
     H   21        0.000984       -0.173445        0.132449
     H   21        0.450547        0.132449        0.139319

     C   22       -0.236813       -0.040565        0.066272
     C   22       -0.040565       -0.247049        0.324160
     C   22        0.066272        0.324160        0.483863

     C   23       -0.248691        0.342703       -0.074009
     C   23        0.342703        0.078713        0.362680
     C   23       -0.074009        0.362680        0.169979

     Cl  24        1.024904        2.009136        0.496491
     Cl  24        2.009136       -0.153471       -0.653476
     Cl  24        0.496491       -0.653476       -0.871434


     NQR/NMR SPECTROSCOPIC PARAMETERS:
     Cl   1    Vxx=   -0.7031    axis=(  0.784181  0.596456 -0.171174)
     Cl   1    Vyy=   -1.8246    axis=(  0.151425  0.083576  0.984929)
     Cl   1    Vzz=    2.5277    axis=(  0.601773 -0.798283 -0.024780)
     Cl   1  Q=        -8.1650 1e-30 m^2  Cq=       -48.4917 MHz  eta= 0.44370

     C    2    Vxx=    0.0654    axis=( -0.809668  0.173880 -0.560539)
     C    2    Vyy=    0.5485    axis=( -0.541032  0.148973  0.827703)
     C    2    Vzz=   -0.6139    axis=( -0.227426 -0.973434  0.026544)
     C    2  Q=         1.0000 1e-30 m^2  Cq=        -1.4423 MHz  eta= 0.78690

     C    3    Vxx=   -0.0699    axis=(  0.071716  0.980427 -0.183357)
     C    3    Vyy=   -0.5456    axis=( -0.988566  0.045421 -0.143786)
     C    3    Vzz=    0.6155    axis=( -0.132643  0.191573  0.972474)
     C    3  Q=         1.0000 1e-30 m^2  Cq=         1.4462 MHz  eta= 0.77276

     H    4    Vxx=   -0.1195    axis=( -0.319415  0.887935  0.330975)
     H    4    Vyy=   -0.2879    axis=(  0.088545 -0.319778  0.943346)
     H    4    Vzz=    0.4074    axis=( -0.943469 -0.330625 -0.023520)
     H    4  Q=         1.0000 1e-30 m^2  Cq=         0.9572 MHz  eta= 0.41338

     C    5    Vxx=    0.0451    axis=( -0.981297 -0.046161  0.186881)
     C    5    Vyy=    0.4772    axis=(  0.188841 -0.042520  0.981087)
     C    5    Vzz=   -0.5224    axis=( -0.037342  0.998029  0.050442)
     C    5  Q=         1.0000 1e-30 m^2  Cq=        -1.2273 MHz  eta= 0.82715

     H    6    Vxx=   -0.0105    axis=(  0.991774 -0.089586  0.091426)
     H    6    Vyy=   -0.6531    axis=(  0.104720  0.157132 -0.982010)
     H    6    Vzz=    0.6636    axis=(  0.073608  0.983506  0.165220)
     H    6  Q=         1.0000 1e-30 m^2  Cq=         1.5592 MHz  eta= 0.96833

     H    7    Vxx=   -0.1030    axis=(  0.973765  0.114456 -0.196678)
     H    7    Vyy=   -0.4503    axis=(  0.183820  0.113828  0.976347)
     H    7    Vzz=    0.5533    axis=(  0.134136 -0.986886  0.089802)
     H    7  Q=         1.0000 1e-30 m^2  Cq=         1.3001 MHz  eta= 0.62765

     C    8    Vxx=   -0.1169    axis=(  0.616440 -0.628977  0.473699)
     C    8    Vyy=   -0.5008    axis=( -0.785538 -0.449870  0.424909)
     C    8    Vzz=    0.6177    axis=(  0.054155  0.634039  0.771402)
     C    8  Q=         1.0000 1e-30 m^2  Cq=         1.4513 MHz  eta= 0.62153

     H    9    Vxx=    0.0320    axis=(  0.447350  0.794614 -0.410448)
     H    9    Vyy=    0.7942    axis=( -0.884566  0.325377 -0.334175)
     H    9    Vzz=   -0.8262    axis=( -0.131989  0.512561  0.848446)
     H    9  Q=         1.0000 1e-30 m^2  Cq=        -1.9413 MHz  eta= 0.92246

     C   10    Vxx=   -0.0721    axis=( -0.962835 -0.192159  0.189799)
     C   10    Vyy=   -0.2331    axis=(  0.265103 -0.537939  0.800214)
     C   10    Vzz=    0.3051    axis=(  0.051668 -0.820790 -0.568888)
     C   10  Q=         1.0000 1e-30 m^2  Cq=         0.7169 MHz  eta= 0.52774

     C   11    Vxx=   -0.0047    axis=(  0.909598  0.390939  0.140703)
     C   11    Vyy=   -0.1494    axis=( -0.283954  0.832127 -0.476377)
     C   11    Vzz=    0.1541    axis=( -0.303317  0.393359  0.867910)
     C   11  Q=         1.0000 1e-30 m^2  Cq=         0.3620 MHz  eta= 0.93914

     Cl  12    Vxx=    0.4038    axis=(  0.814338  0.546128 -0.196462)
     Cl  12    Vyy=    1.8709    axis=(  0.017492 -0.361441 -0.932231)
     Cl  12    Vzz=   -2.2747    axis=( -0.580127  0.755715 -0.303888)
     Cl  12  Q=        -8.1650 1e-30 m^2  Cq=        43.6390 MHz  eta= 0.64497

     H   13    Vxx=    0.0034    axis=(  0.944238 -0.252487  0.211342)
     H   13    Vyy=    0.7396    axis=( -0.055015 -0.753818 -0.654777)
     H   13    Vzz=   -0.7430    axis=(  0.324636  0.606638 -0.725674)
     H   13  Q=         1.0000 1e-30 m^2  Cq=        -1.7458 MHz  eta= 0.99080

     C   14    Vxx=   -0.0131    axis=(  0.437496  0.841703 -0.316438)
     C   14    Vyy=   -0.4983    axis=( -0.885080  0.340910 -0.316881)
     C   14    Vzz=    0.5114    axis=( -0.158843  0.418707  0.894122)
     C   14  Q=         1.0000 1e-30 m^2  Cq=         1.2015 MHz  eta= 0.94888

     H   15    Vxx=   -0.0347    axis=(  0.360102 -0.932911  0.001815)
     H   15    Vyy=   -0.8176    axis=(  0.538954  0.206446 -0.816645)
     H   15    Vzz=    0.8523    axis=(  0.761482  0.295054  0.577138)
     H   15  Q=         1.0000 1e-30 m^2  Cq=         2.0026 MHz  eta= 0.91849

     C   16    Vxx=    0.0303    axis=( -0.184996  0.651508  0.735740)
     C   16    Vyy=    0.3622    axis=(  0.944679 -0.088442  0.315848)
     C   16    Vzz=   -0.3925    axis=(  0.270848  0.753469 -0.599105)
     C   16  Q=         1.0000 1e-30 m^2  Cq=        -0.9223 MHz  eta= 0.84540

     C   17    Vxx=    0.0060    axis=(  0.011439  0.751266 -0.659900)
     C   17    Vyy=    0.5698    axis=( -0.025545  0.659948  0.750877)
     C   17    Vzz=   -0.5758    axis=( -0.999608 -0.008268 -0.026740)
     C   17  Q=         1.0000 1e-30 m^2  Cq=        -1.3530 MHz  eta= 0.97907

     Cl  18    Vxx=    0.4302    axis=(  0.757249 -0.375391  0.534467)
     Cl  18    Vyy=    2.2757    axis=( -0.294441  0.534233  0.792401)
     Cl  18    Vzz=   -2.7059    axis=( -0.582990 -0.757414  0.294017)
     Cl  18  Q=        -8.1650 1e-30 m^2  Cq=        51.9110 MHz  eta= 0.68205

     H   19    Vxx=   -0.0165    axis=(  0.947121  0.213804  0.239269)
     H   19    Vyy=   -0.7727    axis=( -0.320796  0.614170  0.721031)
     H   19    Vzz=    0.7892    axis=(  0.007207 -0.759660  0.650281)
     H   19  Q=         1.0000 1e-30 m^2  Cq=         1.8543 MHz  eta= 0.95810

     C   20    Vxx=   -0.1302    axis=( -0.270833 -0.890466  0.365678)
     C   20    Vyy=   -0.2877    axis=( -0.948115  0.181042 -0.261348)
     C   20    Vzz=    0.4179    axis=( -0.166518  0.417486  0.893296)
     C   20  Q=         1.0000 1e-30 m^2  Cq=         0.9819 MHz  eta= 0.37672

     H   21    Vxx=   -0.1522    axis=( -0.366807  0.918170  0.149723)
     H   21    Vyy=   -0.4019    axis=( -0.666719 -0.371696  0.646010)
     H   21    Vzz=    0.5541    axis=(  0.648798  0.137137  0.748502)
     H   21  Q=         1.0000 1e-30 m^2  Cq=         1.3020 MHz  eta= 0.45051

     C   22    Vxx=   -0.2152    axis=(  0.928205 -0.363267  0.080455)
     C   22    Vyy=   -0.3944    axis=(  0.367776  0.863032 -0.346289)
     C   22    Vzz=    0.6096    axis=(  0.056360  0.351016  0.934672)
     C   22  Q=         1.0000 1e-30 m^2  Cq=         1.4323 MHz  eta= 0.29398

     C   23    Vxx=    0.0312    axis=( -0.645311 -0.384381  0.660170)
     C   23    Vyy=    0.5342    axis=(  0.249118  0.711060  0.657521)
     C   23    Vzz=   -0.5653    axis=( -0.722159  0.588766 -0.363099)
     C   23  Q=         1.0000 1e-30 m^2  Cq=        -1.3282 MHz  eta= 0.88978

     Cl  24    Vxx=   -0.3547    axis=(  0.318050 -0.427507  0.846216)
     Cl  24    Vyy=   -2.1748    axis=( -0.507753  0.676958  0.532837)
     Cl  24    Vzz=    2.5295    axis=( -0.800644 -0.599138 -0.001762)
     Cl  24  Q=        -8.1650 1e-30 m^2  Cq=       -48.5266 MHz  eta= 0.71955

     Initialization:
     gipaw_setup  :      9.19s CPU     10.81s WALL (       1 calls)

     Linear response

     Apply operators

     Induced current

     Other routines
     efg          :      9.13s CPU     11.41s WALL (       1 calls)

     General routines
     calbec       :      3.13s CPU      4.10s WALL (      16 calls)
     fft          :      1.62s CPU      2.36s WALL (      15 calls)
     ffts         :      0.03s CPU      0.05s WALL (       2 calls)
     fftw         :      3.26s CPU      3.90s WALL (     672 calls)
     davcio       :      0.02s CPU      0.32s WALL (      32 calls)

     Parallel routines
     fft_scatter  :      2.20s CPU      3.44s WALL (     689 calls)

     Plugins

     GIPAW        :     60.90s CPU     71.66s WALL (       1 calls)
