
     Program QE v.6.0 (svn rev. 13079) starts on  2Jan2017 at 15: 4:22 

     This program is part of the open-source Quantum ESPRESSO suite
     for quantum simulation of materials; please cite
         "P. Giannozzi et al., J. Phys.:Condens. Matter 21 395502 (2009);
          URL http://www.quantum-espresso.org", 
     in publications or presentations arising from this work. More details at
     http://www.quantum-espresso.org/quote

     Parallel version (MPI), running on     8 processors
     R & G space division:  proc/nbgrp/npool/nimage =       8

     ***** This is GIPAW svn revision unknown      *****

     Parallelizing q-star over 1 images

     Reading data from directory:
     /users/majewski/paradichlorobenzene/pbe/9_constraint/scratch/pbe.ecut100.np8.dt60.pcl2phi-129368.save
     Message from routine read_xml_file:
     file /users/majewski/paradichlorobenzene/pbe/9_constraint/scratch/pbe.ecut100.np8.dt60.pcl2phi-129368.save not guaranteed to be safe for post-processing

   Info: using nr1, nr2, nr3 values from input

   Info: using nr1, nr2, nr3 values from input

     IMPORTANT: XC functional enforced from input :
     Exchange-correlation      =  SLA  PW   PBX  PBC ( 1  4  3  4 0 0)
     Any further DFT definition will be discarded
     Please, verify this is what you really want

               file C.pbe-n-kjpaw_psl.1.0.0.UPF: wavefunction(s)  2S 2P renormalized
               file Cl.pbe-n-kjpaw_psl.1.0.0.UPF: wavefunction(s)  3S 3P renormalized
               file H.pbe-kjpaw_psl.1.0.0.UPF: wavefunction(s)  1S renormalized

     Parallelization info
     --------------------
     sticks:   dense  smooth     PW     G-vecs:    dense   smooth      PW
     Min        3057    1223    332               144436    36536    5170
     Max        3059    1225    333               144437    36537    5171
     Sum       24467    9791   2657              1155489   292295   41363


     Subspace diagonalization in iterative solution of the eigenvalue problem:
     a serial algorithm will be used

     GIPAW projectors -----------------------------------------------
     atom=  C    l=0  rc=    1.2000  rs=    0.8000
     atom=  C    l=0  rc=    1.2000  rs=    0.8000
     atom=  C    l=1  rc=    1.4000  rs=    0.9333
     atom=  C    l=1  rc=    1.4000  rs=    0.9333
     projs nearly linearly dependent: l=1  n1,n2= 1, 2  s=  0.99951561

     atom=  Cl   l=0  rc=    1.6000  rs=    1.0667
     atom=  Cl   l=0  rc=    1.6000  rs=    1.0667
     atom=  Cl   l=1  rc=    1.6000  rs=    1.0667
     atom=  Cl   l=1  rc=    1.6000  rs=    1.0667
     atom=  Cl   l=2  rc=    1.6000  rs=    1.0667
     atom=  Cl   l=2  rc=    1.6000  rs=    1.0667
     projs nearly linearly dependent: l=2  n1,n2= 1, 2  s=  0.99993509

     atom=  H    l=0  rc=    1.0000  rs=    0.6667
     atom=  H    l=0  rc=    1.0000  rs=    0.6667
     projs nearly linearly dependent: l=0  n1,n2= 1, 2  s=  0.99968852
     -----------------------------------------------------------------

     GIPAW integrals: -------------------------------------------
     Atom  i/j   nmr_para   nmr_dia   epr_rmc  epr_para   epr_dia
       C   1 1   0.83E+03  0.17E-01  0.93E+01  0.24E+08  0.24E+03
       C   2 1   0.86E+03 -0.61E-01  0.94E+01  0.25E+08  0.25E+03
       C   2 2   0.90E+03 -0.15E+00  0.97E+01  0.26E+08  0.26E+03
       C   3 3   0.33E+01  0.34E+00  0.18E+01  0.55E+03  0.21E+02
       C   4 3   0.35E+01  0.37E+00  0.20E+01  0.59E+03  0.22E+02
       C   4 4   0.38E+01  0.39E+00  0.22E+01  0.63E+03  0.24E+02
       Cl  1 1   0.14E+04 -0.47E+00  0.84E+01  0.32E+09  0.42E+03
       Cl  2 1   0.21E+04 -0.37E+00  0.12E+02  0.49E+09  0.65E+03
       Cl  2 2   0.33E+04 -0.16E+00  0.21E+02  0.76E+09  0.10E+04
       Cl  3 3   0.21E+02  0.79E-01  0.89E+01  0.23E+05  0.13E+03
       Cl  4 3   0.24E+02  0.67E-01  0.99E+01  0.27E+05  0.15E+03
       Cl  4 4   0.28E+02  0.44E-01  0.11E+02  0.32E+05  0.18E+03
       Cl  5 5   0.77E+00  0.19E+00  0.18E+01  0.12E+03  0.22E+02
       Cl  6 5   0.80E+00  0.19E+00  0.19E+01  0.12E+03  0.23E+02
       Cl  6 6   0.83E+00  0.20E+00  0.19E+01  0.12E+03  0.23E+02
       H   1 1   0.39E+02  0.19E+00  0.29E+00  0.78E+05  0.13E+02
       H   2 1   0.41E+02  0.21E+00  0.32E+00  0.82E+05  0.14E+02
       H   2 2   0.43E+02  0.22E+00  0.36E+00  0.86E+05  0.15E+02
     ------------------------------------------------------------

     alpha_pv=     34.3976 eV

     Number of occupied bands for each k-point:
     k-point:     1    nbnd_occ=  42
     k-point:     2    nbnd_occ=  42
     k-point:     3    nbnd_occ=  42
     k-point:     4    nbnd_occ=  42
     k-point:     5    nbnd_occ=  42
     k-point:     6    nbnd_occ=  42
     k-point:     7    nbnd_occ=  42
     k-point:     8    nbnd_occ=  42
     k-point:     9    nbnd_occ=  42
     k-point:    10    nbnd_occ=  42
     k-point:    11    nbnd_occ=  42
     k-point:    12    nbnd_occ=  42
     k-point:    13    nbnd_occ=  42
     k-point:    14    nbnd_occ=  42
     k-point:    15    nbnd_occ=  42
     k-point:    16    nbnd_occ=  42


     q-space interpolation up to   110.00 Rydberg

     GIPAW job: efg                                                                             


     ELECTRIC FIELD GRADIENTS TENSORS IN Hartree/bohrradius^2:

     ----- bare term -----
     Cl   1        0.046902       -0.007884       -0.149575
     Cl   1       -0.007884       -0.048170       -0.072551
     Cl   1       -0.149575       -0.072551        0.001269

     C    2       -0.269637        0.274208       -0.297839
     C    2        0.274208       -0.115829       -0.346516
     C    2       -0.297839       -0.346516        0.385466

     C    3       -0.062220        0.150049       -0.254699
     C    3        0.150049       -0.378985       -0.488743
     C    3       -0.254699       -0.488743        0.441205

     H    4       -0.494707       -0.387310       -0.128338
     H    4       -0.387310        0.307651       -0.040324
     H    4       -0.128338       -0.040324        0.187056

     C    5       -0.640742        0.321413       -0.355986
     C    5        0.321413        0.208114       -0.225472
     C    5       -0.355986       -0.225472        0.432628

     H    6        0.355156       -0.073412       -0.086119
     H    6       -0.073412       -0.476676       -0.551796
     H    6       -0.086119       -0.551796        0.121520

     H    7        0.068476        0.302917       -0.328711
     H    7        0.302917       -0.185713        0.486414
     H    7       -0.328711        0.486414        0.117237

     C    8       -0.036559       -0.507067       -0.017674
     C    8       -0.507067       -0.383431        0.390414
     C    8       -0.017674        0.390414        0.419990

     H    9       -0.648807        0.282668       -0.159540
     H    9        0.282668        0.373793        0.126890
     H    9       -0.159540        0.126890        0.275014

     C   10       -0.246298       -0.287684       -0.349813
     C   10       -0.287684       -0.145363        0.493722
     C   10       -0.349813        0.493722        0.391661

     C   11       -0.138405       -0.011578       -0.324280
     C   11       -0.011578       -0.058207        0.662023
     C   11       -0.324280        0.662023        0.196612

     Cl  12       -0.125357       -0.157829       -0.030728
     Cl  12       -0.157829        0.006810        0.063820
     Cl  12       -0.030728        0.063820        0.118547

     H   13        0.457115        0.047681       -0.064006
     H   13        0.047681       -0.793129       -0.011516
     H   13       -0.064006       -0.011516        0.336014

     C   14       -0.212315       -0.214372       -0.323705
     C   14       -0.214372        0.031523       -0.551936
     C   14       -0.323705       -0.551936        0.180792

     H   15       -0.086833       -0.399346       -0.079330
     H   15       -0.399346       -0.312540        0.110917
     H   15       -0.079330        0.110917        0.399372

     C   16       -0.451021        0.258138        0.018325
     C   16        0.258138        0.073670       -0.181580
     C   16        0.018325       -0.181580        0.377351

     C   17       -0.089757        0.017791       -0.266182
     C   17        0.017791        0.043903       -0.720310
     C   17       -0.266182       -0.720310        0.045854

     Cl  18       -0.218229        0.197437       -0.035189
     Cl  18        0.197437        0.110313       -0.172557
     Cl  18       -0.035189       -0.172557        0.107917

     H   19        0.269338       -0.016066       -0.298240
     H   19       -0.016066       -0.254639        0.450501
     H   19       -0.298240        0.450501       -0.014699

     C   20       -0.631160       -0.327335       -0.234535
     C   20       -0.327335        0.242879        0.318363
     C   20       -0.234535        0.318363        0.388281

     H   21       -0.403486       -0.084542       -0.423790
     H   21       -0.084542        0.097369        0.245376
     H   21       -0.423790        0.245376        0.306117

     C   22       -0.000488       -0.278188       -0.108198
     C   22       -0.278188       -0.312001        0.467263
     C   22       -0.108198        0.467263        0.312488

     C   23       -0.630437       -0.119755       -0.281001
     C   23       -0.119755        0.087731        0.159043
     C   23       -0.281001        0.159043        0.542706

     Cl  24       -0.116034       -0.057531        0.044190
     Cl  24       -0.057531       -0.075697       -0.047968
     Cl  24        0.044190       -0.047968        0.191731

     ----- ionic term -----
     Cl   1        0.192464       -0.232734       -0.018152
     Cl   1       -0.232734       -0.034874        0.012894
     Cl   1       -0.018152        0.012894       -0.157591

     C    2        0.264310       -0.133947        0.126127
     C    2       -0.133947        0.171848        0.439527
     C    2        0.126127        0.439527       -0.436158

     C    3        0.173556       -0.226976        0.069985
     C    3       -0.226976        0.254915        0.445181
     C    3        0.069985        0.445181       -0.428471

     H    4        0.647987        0.504698        0.497882
     H    4        0.504698       -0.267567        0.292580
     H    4        0.497882        0.292580       -0.380420

     C    5        0.355506       -0.161541        0.150711
     C    5       -0.161541        0.076077        0.314425
     C    5        0.150711        0.314425       -0.431582

     H    6       -0.512501        0.083101        0.050756
     H    6        0.083101        0.701598        0.682889
     H    6        0.050756        0.682889       -0.189097

     H    7       -0.491498       -0.200763        0.138548
     H    7       -0.200763        0.586205       -0.745133
     H    7        0.138548       -0.745133       -0.094708

     C    8        0.352111        0.180491        0.165055
     C    8        0.180491        0.019977       -0.355379
     C    8        0.165055       -0.355379       -0.372088

     H    9        0.737226       -0.259590        0.600599
     H    9       -0.259590       -0.490979       -0.213950
     H    9        0.600599       -0.213950       -0.246247

     C   10        0.178231        0.245065        0.104771
     C   10        0.245065        0.174037       -0.470182
     C   10        0.104771       -0.470182       -0.352268

     C   11        0.234409        0.155331        0.181706
     C   11        0.155331        0.082960       -0.450862
     C   11        0.181706       -0.450862       -0.317369

     Cl  12        0.142647        0.207454       -0.048692
     Cl  12        0.207454       -0.003255       -0.034692
     Cl  12       -0.048692       -0.034692       -0.139392

     H   13       -0.504591        0.089667        0.031622
     H   13        0.089667        0.747405        0.650570
     H   13        0.031622        0.650570       -0.242813

     C   14        0.388885       -0.074504        0.155684
     C   14       -0.074504        0.060369        0.312562
     C   14        0.155684        0.312562       -0.449254

     H   15        0.598340        0.563872        0.456273
     H   15        0.563872       -0.173361        0.283228
     H   15        0.456273        0.283228       -0.424980

     C   16        0.239658       -0.145390        0.088025
     C   16       -0.145390        0.197679        0.354533
     C   16        0.088025        0.354533       -0.437337

     C   17        0.265729       -0.154133        0.176336
     C   17       -0.154133        0.162939        0.329637
     C   17        0.176336        0.329637       -0.428668

     Cl  18        0.148615       -0.203954        0.012230
     Cl  18       -0.203954        0.011015        0.002239
     Cl  18        0.012230        0.002239       -0.159630

     H   19       -0.508940       -0.186670        0.122668
     H   19       -0.186670        0.607458       -0.746906
     H   19        0.122668       -0.746906       -0.098518

     C   20        0.293204        0.216592        0.177354
     C   20        0.216592        0.043748       -0.354157
     C   20        0.177354       -0.354157       -0.336951

     H   21        0.664735       -0.220039        0.667974
     H   21       -0.220039       -0.482413       -0.206890
     H   21        0.667974       -0.206890       -0.182322

     C   22        0.150017        0.286412        0.117647
     C   22        0.286412        0.128342       -0.482166
     C   22        0.117647       -0.482166       -0.278359

     C   23        0.258228        0.173333        0.175836
     C   23        0.173333        0.039279       -0.454817
     C   23        0.175836       -0.454817       -0.297507

     Cl  24        0.140961        0.223715       -0.026305
     Cl  24        0.223715        0.004164       -0.024195
     Cl  24       -0.026305       -0.024195       -0.145124

     ----- GIPAW term -----
     Cl   1        1.761859       -1.817364       -1.516186
     Cl   1       -1.817364       -0.616424       -0.584165
     Cl   1       -1.516186       -0.584165       -1.145434

     C    2        0.091514       -0.145499       -0.092573
     C    2       -0.145499       -0.025322       -0.012842
     C    2       -0.092573       -0.012842       -0.066192

     C    3       -0.061058       -0.025072       -0.091036
     C    3       -0.025072       -0.059731        0.016254
     C    3       -0.091036        0.016254        0.120789

     H    4       -0.000000        0.000000        0.000000
     H    4        0.000000        0.000000        0.000000
     H    4        0.000000        0.000000        0.000000

     C    5       -0.151401        0.007696       -0.054163
     C    5        0.007696        0.144010        0.005168
     C    5       -0.054163        0.005168        0.007391

     H    6       -0.000000        0.000000        0.000000
     H    6        0.000000        0.000000        0.000000
     H    6        0.000000        0.000000        0.000000

     H    7       -0.000000        0.000000        0.000000
     H    7        0.000000        0.000000        0.000000
     H    7        0.000000        0.000000        0.000000

     C    8        0.106308       -0.181507        0.113280
     C    8       -0.181507       -0.136005        0.029418
     C    8        0.113280        0.029418        0.029697

     H    9       -0.000000        0.000000        0.000000
     H    9        0.000000        0.000000        0.000000
     H    9        0.000000        0.000000        0.000000

     C   10       -0.055174       -0.099332       -0.154064
     C   10       -0.099332       -0.003767        0.140268
     C   10       -0.154064        0.140268        0.058942

     C   11        0.004822        0.088717       -0.076593
     C   11        0.088717        0.069951        0.179458
     C   11       -0.076593        0.179458       -0.074772

     Cl  12       -0.643079        0.402367       -0.979746
     Cl  12        0.402367        0.116977        2.169432
     Cl  12       -0.979746        2.169432        0.526101

     H   13       -0.000000        0.000000        0.000000
     H   13        0.000000        0.000000        0.000000
     H   13        0.000000        0.000000        0.000000

     C   14       -0.083928       -0.135724        0.009384
     C   14       -0.135724        0.140166       -0.224095
     C   14        0.009384       -0.224095       -0.056238

     H   15       -0.000000        0.000000        0.000000
     H   15        0.000000        0.000000        0.000000
     H   15        0.000000        0.000000        0.000000

     C   16       -0.124611       -0.012425        0.021699
     C   16       -0.012425        0.131043       -0.096812
     C   16        0.021699       -0.096812       -0.006432

     C   17       -0.056374       -0.016132       -0.071150
     C   17       -0.016132        0.171593       -0.228304
     C   17       -0.071150       -0.228304       -0.115218

     Cl  18       -0.307979       -0.982702       -0.429208
     Cl  18       -0.982702        1.193327       -1.708269
     Cl  18       -0.429208       -1.708269       -0.885348

     H   19       -0.000000        0.000000        0.000000
     H   19        0.000000        0.000000        0.000000
     H   19        0.000000        0.000000        0.000000

     C   20       -0.162590        0.032540        0.004371
     C   20        0.032540        0.187371        0.102538
     C   20        0.004371        0.102538       -0.024781

     H   21       -0.000000        0.000000        0.000000
     H   21        0.000000        0.000000        0.000000
     H   21        0.000000        0.000000        0.000000

     C   22       -0.100212       -0.058844        0.014944
     C   22       -0.058844        0.095599       -0.103851
     C   22        0.014944       -0.103851        0.004613

     C   23       -0.142219        0.041739        0.044369
     C   23        0.041739       -0.030037       -0.134728
     C   23        0.044369       -0.134728        0.172256

     Cl  24       -0.570534        1.355033        0.615554
     Cl  24        1.355033       -1.352726       -0.883036
     Cl  24        0.615554       -0.883036        1.923260

     ----- total EFG -----
     Cl   1        2.001225       -2.057982       -1.683913
     Cl   1       -2.057982       -0.699468       -0.643822
     Cl   1       -1.683913       -0.643822       -1.301756

     C    2        0.086187       -0.005238       -0.264284
     C    2       -0.005238        0.030697        0.080170
     C    2       -0.264284        0.080170       -0.116884

     C    3        0.050277       -0.101999       -0.275749
     C    3       -0.101999       -0.183801       -0.027308
     C    3       -0.275749       -0.027308        0.133524

     H    4        0.153280        0.117388        0.369543
     H    4        0.117388        0.040084        0.252255
     H    4        0.369543        0.252255       -0.193364

     C    5       -0.436637        0.167568       -0.259437
     C    5        0.167568        0.428201        0.094121
     C    5       -0.259437        0.094121        0.008436

     H    6       -0.157344        0.009689       -0.035363
     H    6        0.009689        0.224922        0.131093
     H    6       -0.035363        0.131093       -0.067577

     H    7       -0.423021        0.102154       -0.190163
     H    7        0.102154        0.400492       -0.258719
     H    7       -0.190163       -0.258719        0.022529

     C    8        0.421860       -0.508082        0.260660
     C    8       -0.508082       -0.499459        0.064454
     C    8        0.260660        0.064454        0.077599

     H    9        0.088419        0.023077        0.441059
     H    9        0.023077       -0.117186       -0.087060
     H    9        0.441059       -0.087060        0.028766

     C   10       -0.123242       -0.141952       -0.399106
     C   10       -0.141952        0.024907        0.163808
     C   10       -0.399106        0.163808        0.098335

     C   11        0.100825        0.232470       -0.219167
     C   11        0.232470        0.094704        0.390619
     C   11       -0.219167        0.390619       -0.195529

     Cl  12       -0.625788        0.451992       -1.059166
     Cl  12        0.451992        0.120532        2.198560
     Cl  12       -1.059166        2.198560        0.505256

     H   13       -0.047476        0.137349       -0.032384
     H   13        0.137349       -0.045725        0.639054
     H   13       -0.032384        0.639054        0.093201

     C   14        0.092643       -0.424600       -0.158638
     C   14       -0.424600        0.232058       -0.463469
     C   14       -0.158638       -0.463469       -0.324700

     H   15        0.511508        0.164526        0.376942
     H   15        0.164526       -0.485900        0.394145
     H   15        0.376942        0.394145       -0.025607

     C   16       -0.335974        0.100323        0.128048
     C   16        0.100323        0.402393        0.076141
     C   16        0.128048        0.076141       -0.066418

     C   17        0.119598       -0.152475       -0.160996
     C   17       -0.152475        0.378434       -0.618978
     C   17       -0.160996       -0.618978       -0.498033

     Cl  18       -0.377594       -0.989219       -0.452167
     Cl  18       -0.989219        1.314654       -1.878587
     Cl  18       -0.452167       -1.878587       -0.937061

     H   19       -0.239601       -0.202736       -0.175572
     H   19       -0.202736        0.352818       -0.296405
     H   19       -0.175572       -0.296405       -0.113217

     C   20       -0.500547       -0.078203       -0.052811
     C   20       -0.078203        0.473999        0.066743
     C   20       -0.052811        0.066743        0.026548

     H   21        0.261249       -0.304581        0.244184
     H   21       -0.304581       -0.385044        0.038487
     H   21        0.244184        0.038487        0.123795

     C   22        0.049317       -0.050620        0.024393
     C   22       -0.050620       -0.088059       -0.118754
     C   22        0.024393       -0.118754        0.038742

     C   23       -0.514428        0.095317       -0.060796
     C   23        0.095317        0.096973       -0.430502
     C   23       -0.060796       -0.430502        0.417456

     Cl  24       -0.545608        1.521218        0.633439
     Cl  24        1.521218       -1.424259       -0.955199
     Cl  24        0.633439       -0.955199        1.969867

     ----- total EFG (symmetrized) -----
     Cl   1        2.001225       -2.057982       -1.683913
     Cl   1       -2.057982       -0.699468       -0.643822
     Cl   1       -1.683913       -0.643822       -1.301756

     C    2        0.086187       -0.005238       -0.264284
     C    2       -0.005238        0.030697        0.080170
     C    2       -0.264284        0.080170       -0.116884

     C    3        0.050277       -0.101999       -0.275749
     C    3       -0.101999       -0.183801       -0.027308
     C    3       -0.275749       -0.027308        0.133524

     H    4        0.153280        0.117388        0.369543
     H    4        0.117388        0.040084        0.252255
     H    4        0.369543        0.252255       -0.193364

     C    5       -0.436637        0.167568       -0.259437
     C    5        0.167568        0.428201        0.094121
     C    5       -0.259437        0.094121        0.008436

     H    6       -0.157344        0.009689       -0.035363
     H    6        0.009689        0.224922        0.131093
     H    6       -0.035363        0.131093       -0.067577

     H    7       -0.423021        0.102154       -0.190163
     H    7        0.102154        0.400492       -0.258719
     H    7       -0.190163       -0.258719        0.022529

     C    8        0.421860       -0.508082        0.260660
     C    8       -0.508082       -0.499459        0.064454
     C    8        0.260660        0.064454        0.077599

     H    9        0.088419        0.023077        0.441059
     H    9        0.023077       -0.117186       -0.087060
     H    9        0.441059       -0.087060        0.028766

     C   10       -0.123242       -0.141952       -0.399106
     C   10       -0.141952        0.024907        0.163808
     C   10       -0.399106        0.163808        0.098335

     C   11        0.100825        0.232470       -0.219167
     C   11        0.232470        0.094704        0.390619
     C   11       -0.219167        0.390619       -0.195529

     Cl  12       -0.625788        0.451992       -1.059166
     Cl  12        0.451992        0.120532        2.198560
     Cl  12       -1.059166        2.198560        0.505256

     H   13       -0.047476        0.137349       -0.032384
     H   13        0.137349       -0.045725        0.639054
     H   13       -0.032384        0.639054        0.093201

     C   14        0.092643       -0.424600       -0.158638
     C   14       -0.424600        0.232058       -0.463469
     C   14       -0.158638       -0.463469       -0.324700

     H   15        0.511508        0.164526        0.376942
     H   15        0.164526       -0.485900        0.394145
     H   15        0.376942        0.394145       -0.025607

     C   16       -0.335974        0.100323        0.128048
     C   16        0.100323        0.402393        0.076141
     C   16        0.128048        0.076141       -0.066418

     C   17        0.119598       -0.152475       -0.160996
     C   17       -0.152475        0.378434       -0.618978
     C   17       -0.160996       -0.618978       -0.498033

     Cl  18       -0.377594       -0.989219       -0.452167
     Cl  18       -0.989219        1.314654       -1.878587
     Cl  18       -0.452167       -1.878587       -0.937061

     H   19       -0.239601       -0.202736       -0.175572
     H   19       -0.202736        0.352818       -0.296405
     H   19       -0.175572       -0.296405       -0.113217

     C   20       -0.500547       -0.078203       -0.052811
     C   20       -0.078203        0.473999        0.066743
     C   20       -0.052811        0.066743        0.026548

     H   21        0.261249       -0.304581        0.244184
     H   21       -0.304581       -0.385044        0.038487
     H   21        0.244184        0.038487        0.123795

     C   22        0.049317       -0.050620        0.024393
     C   22       -0.050620       -0.088059       -0.118754
     C   22        0.024393       -0.118754        0.038742

     C   23       -0.514428        0.095317       -0.060796
     C   23        0.095317        0.096973       -0.430502
     C   23       -0.060796       -0.430502        0.417456

     Cl  24       -0.545608        1.521218        0.633439
     Cl  24        1.521218       -1.424259       -0.955199
     Cl  24        0.633439       -0.955199        1.969867


     NQR/NMR SPECTROSCOPIC PARAMETERS:
     Cl   1    Vxx=   -0.3861    axis=(  0.112195  0.703979 -0.701302)
     Cl   1    Vyy=   -3.0424    axis=(  0.461675  0.588031  0.664135)
     Cl   1    Vzz=    3.4285    axis=(  0.879925 -0.398287 -0.259035)
     Cl   1  Q=        -8.1650 1e-30 m^2  Cq=       -65.7732 MHz  eta= 0.77478

     C    2    Vxx=    0.0322    axis=(  0.271277  0.961816  0.036306)
     C    2    Vyy=    0.2780    axis=( -0.794386  0.202437  0.572687)
     C    2    Vzz=   -0.3103    axis=(  0.543470 -0.184198  0.818970)
     C    2  Q=         1.0000 1e-30 m^2  Cq=        -0.7291 MHz  eta= 0.79216

     C    3    Vxx=   -0.0925    axis=(  0.491287 -0.702869  0.514405)
     C    3    Vyy=   -0.2821    axis=(  0.567627  0.706320  0.422979)
     C    3    Vzz=    0.3746    axis=( -0.660634  0.084185  0.745973)
     C    3  Q=         1.0000 1e-30 m^2  Cq=         0.8803 MHz  eta= 0.50609

     H    4    Vxx=   -0.0333    axis=(  0.558242 -0.829474 -0.018399)
     H    4    Vyy=   -0.4777    axis=(  0.436177  0.312271 -0.843941)
     H    4    Vzz=    0.5110    axis=(  0.705773  0.463098  0.536120)
     H    4  Q=         1.0000 1e-30 m^2  Cq=         1.2007 MHz  eta= 0.86958

     C    5    Vxx=    0.1270    axis=( -0.428400 -0.043699  0.902532)
     C    5    Vyy=    0.4649    axis=( -0.148530 -0.981838 -0.118041)
     C    5    Vzz=   -0.5919    axis=(  0.891298 -0.184621  0.414129)
     C    5  Q=         1.0000 1e-30 m^2  Cq=        -1.3907 MHz  eta= 0.57078

     H    6    Vxx=   -0.0960    axis=( -0.511185 -0.311719  0.800951)
     H    6    Vyy=   -0.1791    axis=( -0.859430  0.176329 -0.479883)
     H    6    Vzz=    0.2751    axis=(  0.008358 -0.933670 -0.358037)
     H    6  Q=         1.0000 1e-30 m^2  Cq=         0.6464 MHz  eta= 0.30189

     H    7    Vxx=   -0.0712    axis=( -0.290915  0.507735  0.810909)
     H    7    Vyy=   -0.4932    axis=(  0.939563 -0.008311  0.342274)
     H    7    Vzz=    0.5644    axis=(  0.180524  0.861473 -0.474632)
     H    7  Q=         1.0000 1e-30 m^2  Cq=         1.3262 MHz  eta= 0.74757

     C    8    Vxx=    0.0390    axis=( -0.214426  0.313077  0.925205)
     C    8    Vyy=    0.7193    axis=( -0.879710  0.349697 -0.322215)
     C    8    Vzz=   -0.7583    axis=( -0.424420 -0.883003  0.200433)
     C    8  Q=         1.0000 1e-30 m^2  Cq=        -1.7817 MHz  eta= 0.89714

     H    9    Vxx=   -0.0981    axis=(  0.232491  0.961174 -0.148632)
     H    9    Vyy=   -0.4055    axis=( -0.648797  0.267116  0.712539)
     H    9    Vzz=    0.5036    axis=( -0.724576  0.069228 -0.685709)
     H    9  Q=         1.0000 1e-30 m^2  Cq=         1.1833 MHz  eta= 0.61025

     C   10    Vxx=   -0.0731    axis=(  0.222333  0.909442 -0.351403)
     C   10    Vyy=   -0.4271    axis=( -0.801088 -0.035035 -0.597520)
     C   10    Vzz=    0.5002    axis=( -0.555721  0.414353  0.720754)
     C   10  Q=         1.0000 1e-30 m^2  Cq=         1.1753 MHz  eta= 0.70777

     C   11    Vxx=    0.2154    axis=( -0.845229  0.081386  0.528170)
     C   11    Vyy=    0.3908    axis=( -0.347030 -0.835185 -0.426657)
     C   11    Vzz=   -0.6062    axis=(  0.406396 -0.543914  0.734166)
     C   11  Q=         1.0000 1e-30 m^2  Cq=        -1.4244 MHz  eta= 0.28941

     Cl  12    Vxx=   -0.0993    axis=(  0.852978  0.472120 -0.222557)
     Cl  12    Vyy=   -2.4966    axis=( -0.497569  0.606722 -0.619930)
     Cl  12    Vzz=    2.5958    axis=( -0.157651  0.639525  0.752432)
     Cl  12  Q=        -8.1650 1e-30 m^2  Cq=       -49.7996 MHz  eta= 0.92353

     H   13    Vxx=   -0.0281    axis=(  0.974324  0.088658 -0.206961)
     H   13    Vyy=   -0.6449    axis=( -0.204134  0.735645 -0.645876)
     H   13    Vzz=    0.6730    axis=(  0.094988  0.671540  0.734854)
     H   13  Q=         1.0000 1e-30 m^2  Cq=         1.5813 MHz  eta= 0.91650

     C   14    Vxx=    0.0734    axis=(  0.754701  0.259335 -0.602637)
     C   14    Vyy=    0.6705    axis=( -0.512171  0.806941 -0.294154)
     C   14    Vzz=   -0.7439    axis=(  0.410008  0.530652  0.741823)
     C   14  Q=         1.0000 1e-30 m^2  Cq=        -1.7479 MHz  eta= 0.80263

     H   15    Vxx=   -0.0802    axis=(  0.565865 -0.444940 -0.694137)
     H   15    Vyy=   -0.7141    axis=(  0.043085  0.856697 -0.514017)
     H   15    Vzz=    0.7944    axis=( -0.823371 -0.260957 -0.503945)
     H   15  Q=         1.0000 1e-30 m^2  Cq=         1.8664 MHz  eta= 0.79796

     C   16    Vxx=   -0.0409    axis=(  0.320378 -0.230352  0.918856)
     C   16    Vyy=   -0.3926    axis=(  0.934073 -0.084647 -0.346904)
     C   16    Vzz=    0.4335    axis=(  0.157689  0.969419  0.188046)
     C   16  Q=         1.0000 1e-30 m^2  Cq=         1.0185 MHz  eta= 0.81148

     C   17    Vxx=    0.1590    axis=(  0.971055  0.000985 -0.238854)
     C   17    Vyy=    0.7054    axis=(  0.109858 -0.889786  0.442958)
     C   17    Vzz=   -0.8644    axis=( -0.212093 -0.456377 -0.864139)
     C   17  Q=         1.0000 1e-30 m^2  Cq=        -2.0311 MHz  eta= 0.63203

     Cl  18    Vxx=   -0.1261    axis=(  0.881971 -0.008860 -0.471220)
     Cl  18    Vyy=   -2.4016    axis=(  0.413050  0.496031  0.763769)
     Cl  18    Vzz=    2.5277    axis=(  0.226973 -0.868259  0.441145)
     Cl  18  Q=        -8.1650 1e-30 m^2  Cq=       -48.4930 MHz  eta= 0.90025

     H   19    Vxx=   -0.0128    axis=(  0.696669 -0.177237 -0.695154)
     H   19    Vyy=   -0.5005    axis=(  0.700535  0.376902  0.605967)
     H   19    Vzz=    0.5134    axis=(  0.154605 -0.909138  0.386736)
     H   19  Q=         1.0000 1e-30 m^2  Cq=         1.2062 MHz  eta= 0.95000

     C   20    Vxx=    0.0199    axis=( -0.076179 -0.157836  0.984522)
     C   20    Vyy=    0.4911    axis=( -0.085719  0.984773  0.151244)
     C   20    Vzz=   -0.5110    axis=( -0.993403 -0.072871 -0.088549)
     C   20  Q=         1.0000 1e-30 m^2  Cq=        -1.2006 MHz  eta= 0.92198

     H   21    Vxx=    0.0263    axis=( -0.394054  0.370434  0.841131)
     H   21    Vyy=    0.5057    axis=(  0.825147 -0.260480  0.501281)
     H   21    Vzz=   -0.5321    axis=(  0.404789  0.891588 -0.203019)
     H   21  Q=         1.0000 1e-30 m^2  Cq=        -1.2502 MHz  eta= 0.90096

     C   22    Vxx=    0.0276    axis=(  0.859848  0.130450 -0.493603)
     C   22    Vyy=    0.1363    axis=(  0.488414 -0.491772  0.720842)
     C   22    Vzz=   -0.1639    axis=( -0.148706 -0.860897 -0.486563)
     C   22  Q=         1.0000 1e-30 m^2  Cq=        -0.3851 MHz  eta= 0.66283

     C   23    Vxx=   -0.1964    axis=(  0.130946  0.805529  0.577906)
     C   23    Vyy=   -0.5290    axis=( -0.987826  0.155394  0.007229)
     C   23    Vzz=    0.7254    axis=( -0.083980 -0.571818  0.816071)
     C   23  Q=         1.0000 1e-30 m^2  Cq=         1.7043 MHz  eta= 0.45852

     Cl  24    Vxx=    0.5959    axis=(  0.806801  0.589604  0.037941)
     Cl  24    Vyy=    2.2446    axis=(  0.106861 -0.208781  0.972107)
     Cl  24    Vzz=   -2.8405    axis=(  0.581079 -0.780242 -0.231450)
     Cl  24  Q=        -8.1650 1e-30 m^2  Cq=        54.4940 MHz  eta= 0.58045

     Initialization:
     gipaw_setup  :      9.18s CPU     10.91s WALL (       1 calls)

     Linear response

     Apply operators

     Induced current

     Other routines
     efg          :      9.18s CPU     11.46s WALL (       1 calls)

     General routines
     calbec       :      3.32s CPU      4.26s WALL (      16 calls)
     fft          :      1.49s CPU      2.08s WALL (      15 calls)
     ffts         :      0.03s CPU      0.06s WALL (       2 calls)
     fftw         :      3.22s CPU      3.92s WALL (     672 calls)
     davcio       :      0.02s CPU      0.31s WALL (      32 calls)

     Parallel routines
     fft_scatter  :      2.17s CPU      3.34s WALL (     689 calls)

     Plugins

     GIPAW        :     61.22s CPU     76.24s WALL (       1 calls)
