
     Program QE v.6.0 (svn rev. 13079) starts on 16Jan2017 at 11:33:21 

     This program is part of the open-source Quantum ESPRESSO suite
     for quantum simulation of materials; please cite
         "P. Giannozzi et al., J. Phys.:Condens. Matter 21 395502 (2009);
          URL http://www.quantum-espresso.org", 
     in publications or presentations arising from this work. More details at
     http://www.quantum-espresso.org/quote

     Parallel version (MPI), running on     8 processors
     R & G space division:  proc/nbgrp/npool/nimage =       8

     ***** This is GIPAW svn revision unknown      *****

     Parallelizing q-star over 1 images

     Reading data from directory:
     /users/majewski/paradichlorobenzene/pbe/9_constraint/scratch/pbe.ecut100.np8.dt60.pcl2phi-129368.save
     Message from routine read_xml_file:
     file /users/majewski/paradichlorobenzene/pbe/9_constraint/scratch/pbe.ecut100.np8.dt60.pcl2phi-129368.save not guaranteed to be safe for post-processing

   Info: using nr1, nr2, nr3 values from input

   Info: using nr1, nr2, nr3 values from input

     IMPORTANT: XC functional enforced from input :
     Exchange-correlation      =  SLA  PW   PBX  PBC ( 1  4  3  4 0 0)
     Any further DFT definition will be discarded
     Please, verify this is what you really want

               file C.pbe-n-kjpaw_psl.1.0.0.UPF: wavefunction(s)  2S 2P renormalized
               file Cl.pbe-n-kjpaw_psl.1.0.0.UPF: wavefunction(s)  3S 3P renormalized
               file H.pbe-kjpaw_psl.1.0.0.UPF: wavefunction(s)  1S renormalized

     Parallelization info
     --------------------
     sticks:   dense  smooth     PW     G-vecs:    dense   smooth      PW
     Min        3057    1223    332               144436    36536    5170
     Max        3059    1225    333               144437    36537    5171
     Sum       24467    9791   2657              1155489   292295   41363


     Subspace diagonalization in iterative solution of the eigenvalue problem:
     a serial algorithm will be used

     GIPAW projectors -----------------------------------------------
     atom=  C    l=0  rc=    1.2000  rs=    0.8000
     atom=  C    l=0  rc=    1.2000  rs=    0.8000
     atom=  C    l=1  rc=    1.4000  rs=    0.9333
     atom=  C    l=1  rc=    1.4000  rs=    0.9333
     projs nearly linearly dependent: l=1  n1,n2= 1, 2  s=  0.99951561

     atom=  Cl   l=0  rc=    1.6000  rs=    1.0667
     atom=  Cl   l=0  rc=    1.6000  rs=    1.0667
     atom=  Cl   l=1  rc=    1.6000  rs=    1.0667
     atom=  Cl   l=1  rc=    1.6000  rs=    1.0667
     atom=  Cl   l=2  rc=    1.6000  rs=    1.0667
     atom=  Cl   l=2  rc=    1.6000  rs=    1.0667
     projs nearly linearly dependent: l=2  n1,n2= 1, 2  s=  0.99993509

     atom=  H    l=0  rc=    1.0000  rs=    0.6667
     atom=  H    l=0  rc=    1.0000  rs=    0.6667
     projs nearly linearly dependent: l=0  n1,n2= 1, 2  s=  0.99968852
     -----------------------------------------------------------------

     GIPAW integrals: -------------------------------------------
     Atom  i/j   nmr_para   nmr_dia   epr_rmc  epr_para   epr_dia
       C   1 1   0.83E+03  0.17E-01  0.93E+01  0.24E+08  0.24E+03
       C   2 1   0.86E+03 -0.61E-01  0.94E+01  0.25E+08  0.25E+03
       C   2 2   0.90E+03 -0.15E+00  0.97E+01  0.26E+08  0.26E+03
       C   3 3   0.33E+01  0.34E+00  0.18E+01  0.55E+03  0.21E+02
       C   4 3   0.35E+01  0.37E+00  0.20E+01  0.59E+03  0.22E+02
       C   4 4   0.38E+01  0.39E+00  0.22E+01  0.63E+03  0.24E+02
       Cl  1 1   0.14E+04 -0.47E+00  0.84E+01  0.32E+09  0.42E+03
       Cl  2 1   0.21E+04 -0.37E+00  0.12E+02  0.49E+09  0.65E+03
       Cl  2 2   0.33E+04 -0.16E+00  0.21E+02  0.76E+09  0.10E+04
       Cl  3 3   0.21E+02  0.79E-01  0.89E+01  0.23E+05  0.13E+03
       Cl  4 3   0.24E+02  0.67E-01  0.99E+01  0.27E+05  0.15E+03
       Cl  4 4   0.28E+02  0.44E-01  0.11E+02  0.32E+05  0.18E+03
       Cl  5 5   0.77E+00  0.19E+00  0.18E+01  0.12E+03  0.22E+02
       Cl  6 5   0.80E+00  0.19E+00  0.19E+01  0.12E+03  0.23E+02
       Cl  6 6   0.83E+00  0.20E+00  0.19E+01  0.12E+03  0.23E+02
       H   1 1   0.39E+02  0.19E+00  0.29E+00  0.78E+05  0.13E+02
       H   2 1   0.41E+02  0.21E+00  0.32E+00  0.82E+05  0.14E+02
       H   2 2   0.43E+02  0.22E+00  0.36E+00  0.86E+05  0.15E+02
     ------------------------------------------------------------

     alpha_pv=     34.5537 eV

     Number of occupied bands for each k-point:
     k-point:     1    nbnd_occ=  42
     k-point:     2    nbnd_occ=  42
     k-point:     3    nbnd_occ=  42
     k-point:     4    nbnd_occ=  42
     k-point:     5    nbnd_occ=  42
     k-point:     6    nbnd_occ=  42
     k-point:     7    nbnd_occ=  42
     k-point:     8    nbnd_occ=  42
     k-point:     9    nbnd_occ=  42
     k-point:    10    nbnd_occ=  42
     k-point:    11    nbnd_occ=  42
     k-point:    12    nbnd_occ=  42
     k-point:    13    nbnd_occ=  42
     k-point:    14    nbnd_occ=  42
     k-point:    15    nbnd_occ=  42
     k-point:    16    nbnd_occ=  42


     q-space interpolation up to   110.00 Rydberg

     GIPAW job: efg                                                                             


     ELECTRIC FIELD GRADIENTS TENSORS IN Hartree/bohrradius^2:

     ----- bare term -----
     Cl   1        0.105724        0.167761        0.092691
     Cl   1        0.167761       -0.118322        0.400769
     Cl   1        0.092691        0.400769        0.012597

     C    2        0.096389       -0.033565       -0.227381
     C    2       -0.033565       -0.010884       -0.600969
     C    2       -0.227381       -0.600969       -0.085504

     C    3       -0.383074        0.133118       -0.051902
     C    3        0.133118        0.021401        0.003533
     C    3       -0.051902        0.003533        0.361673

     H    4       -0.312332       -0.453640        0.108615
     H    4       -0.453640        0.037141        0.144414
     H    4        0.108615        0.144414        0.275191

     C    5       -0.028526        0.160265       -0.109752
     C    5        0.160265       -0.058569       -0.410077
     C    5       -0.109752       -0.410077        0.087095

     H    6        0.441454       -0.191834       -0.008506
     H    6       -0.191834       -0.800105       -0.154292
     H    6       -0.008506       -0.154292        0.358652

     H    7        0.530547        0.020742        0.015364
     H    7        0.020742       -0.291425        0.357741
     H    7        0.015364        0.357741       -0.239122

     C    8       -0.718425       -0.332356       -0.165132
     C    8       -0.332356        0.318423        0.107399
     C    8       -0.165132        0.107399        0.400002

     H    9       -0.197130       -0.188192       -0.503545
     H    9       -0.188192       -0.045438       -0.014538
     H    9       -0.503545       -0.014538        0.242568

     C   10        0.236415       -0.081222       -0.130197
     C   10       -0.081222       -0.139529        0.476192
     C   10       -0.130197        0.476192       -0.096886

     C   11       -0.648087       -0.481771       -0.308293
     C   11       -0.481771        0.207302        0.076115
     C   11       -0.308293        0.076115        0.440785

     Cl  12       -0.029770        0.046287       -0.036498
     Cl  12        0.046287        0.166301        0.033097
     Cl  12       -0.036498        0.033097       -0.136532

     H   13        0.268616       -0.202007        0.135859
     H   13       -0.202007       -0.518611       -0.371099
     H   13        0.135859       -0.371099        0.249995

     C   14       -0.743806        0.391173       -0.451966
     C   14        0.391173        0.271522       -0.006469
     C   14       -0.451966       -0.006469        0.472284

     H   15       -0.471993       -0.211520        0.264843
     H   15       -0.211520        0.311451       -0.089031
     H   15        0.264843       -0.089031        0.160542

     C   16        0.212687       -0.069887        0.047309
     C   16       -0.069887       -0.437295       -0.383615
     C   16        0.047309       -0.383615        0.224608

     C   17       -0.805159        0.380343       -0.306262
     C   17        0.380343        0.287932       -0.032409
     C   17       -0.306262       -0.032409        0.517227

     Cl  18        0.088529        0.019347        0.036768
     Cl  18        0.019347       -0.089531       -0.086450
     Cl  18        0.036768       -0.086450        0.001002

     H   19        0.437536       -0.050572        0.032010
     H   19       -0.050572       -0.613105        0.513068
     H   19        0.032010        0.513068        0.175569

     C   20        0.056987        0.018365       -0.193725
     C   20        0.018365       -0.117666        0.395863
     C   20       -0.193725        0.395863        0.060680

     H   21       -0.175698        0.488890       -0.306030
     H   21        0.488890       -0.197421        0.173959
     H   21       -0.306030        0.173959        0.373119

     C   22       -0.711463       -0.302900       -0.241215
     C   22       -0.302900        0.264369        0.091655
     C   22       -0.241215        0.091655        0.447094

     C   23        0.096193        0.055989       -0.266730
     C   23        0.055989       -0.028475        0.627005
     C   23       -0.266730        0.627005       -0.067718

     Cl  24       -0.336678       -0.296863       -0.006309
     Cl  24       -0.296863        0.214306        0.001552
     Cl  24       -0.006309        0.001552        0.122372

     ----- ionic term -----
     Cl   1        0.122679       -0.165811       -0.058517
     Cl   1       -0.165811        0.003134        0.046333
     Cl   1       -0.058517        0.046333       -0.125813

     C    2        0.295284       -0.036499        0.018331
     C    2       -0.036499        0.149005        0.388251
     C    2        0.018331        0.388251       -0.444288

     C    3        0.294988       -0.173342        0.023644
     C    3       -0.173342        0.154329        0.377616
     C    3        0.023644        0.377616       -0.449316

     H    4        0.935315        0.322716        0.352175
     H    4        0.322716       -0.451932        0.161982
     H    4        0.352175        0.161982       -0.483382

     C    5        0.430880       -0.123898        0.090515
     C    5       -0.123898        0.061397        0.320174
     C    5        0.090515        0.320174       -0.492277

     H    6       -0.519692        0.059149        0.035244
     H    6        0.059149        0.772199        0.655546
     H    6        0.035244        0.655546       -0.252508

     H    7       -0.515387        0.054061       -0.010429
     H    7        0.054061        0.634942       -0.722951
     H    7       -0.010429       -0.722951       -0.119555

     C    8        0.251371        0.302413        0.252215
     C    8        0.302413        0.090179       -0.272589
     C    8        0.252215       -0.272589       -0.341550

     H    9        0.693231       -0.376770        0.551759
     H    9       -0.376770       -0.350717       -0.237618
     H    9        0.551759       -0.237618       -0.342514

     C   10        0.179511        0.308938        0.165434
     C   10        0.308938        0.163311       -0.351376
     C   10        0.165434       -0.351376       -0.342822

     C   11        0.272179        0.234175        0.246399
     C   11        0.234175        0.009975       -0.377695
     C   11        0.246399       -0.377695       -0.282154

     Cl  12        0.209434        0.249625        0.008783
     Cl  12        0.249625       -0.043979       -0.001307
     Cl  12        0.008783       -0.001307       -0.165455

     H   13       -0.501338        0.150140        0.023941
     H   13        0.150140        0.807943        0.591394
     H   13        0.023941        0.591394       -0.306605

     C   14        0.395142       -0.097486        0.007859
     C   14       -0.097486        0.113809        0.292731
     C   14        0.007859        0.292731       -0.508951

     H   15        0.817610        0.514660        0.341926
     H   15        0.514660       -0.282343        0.169605
     H   15        0.341926        0.169605       -0.535267

     C   16        0.256715       -0.080264        0.038497
     C   16       -0.080264        0.255737        0.347696
     C   16        0.038497        0.347696       -0.512452

     C   17        0.305920       -0.015264        0.185592
     C   17       -0.015264        0.220162        0.327958
     C   17        0.185592        0.327958       -0.526083

     Cl  18        0.133419       -0.214763       -0.002070
     Cl  18       -0.214763        0.029006        0.004743
     Cl  18       -0.002070        0.004743       -0.162426

     H   19       -0.521862        0.024028       -0.017217
     H   19        0.024028        0.458820       -0.785474
     H   19       -0.017217       -0.785474        0.063042

     C   20        0.262181        0.221191        0.237048
     C   20        0.221191        0.010120       -0.311194
     C   20        0.237048       -0.311194       -0.272301

     H   21        0.713562       -0.217049        0.640060
     H   21       -0.217049       -0.469900       -0.188251
     H   21        0.640060       -0.188251       -0.243662

     C   22        0.188624        0.254362        0.187082
     C   22        0.254362        0.140524       -0.353176
     C   22        0.187082       -0.353176       -0.329149

     C   23        0.172859        0.190699        0.278381
     C   23        0.190699        0.110936       -0.363608
     C   23        0.278381       -0.363608       -0.283795

     Cl  24        0.133456        0.189767        0.018456
     Cl  24        0.189767        0.026459       -0.004934
     Cl  24        0.018456       -0.004934       -0.159914

     ----- GIPAW term -----
     Cl   1       -0.329965        0.057356       -0.358287
     Cl   1        0.057356        0.135453       -0.808078
     Cl   1       -0.358287       -0.808078        0.194512

     C    2       -0.036507       -0.012673       -0.033569
     C    2       -0.012673        0.182826       -0.096795
     C    2       -0.033569       -0.096795       -0.146320

     C    3       -0.064670        0.014230       -0.011258
     C    3        0.014230        0.070349       -0.018845
     C    3       -0.011258       -0.018845       -0.005679

     H    4       -0.000000        0.000000        0.000000
     H    4        0.000000        0.000000        0.000000
     H    4        0.000000        0.000000        0.000000

     C    5       -0.071017        0.101467        0.008905
     C    5        0.101467        0.213735       -0.052018
     C    5        0.008905       -0.052018       -0.142718

     H    6       -0.000000        0.000000        0.000000
     H    6        0.000000        0.000000        0.000000
     H    6        0.000000        0.000000        0.000000

     H    7       -0.000000        0.000000        0.000000
     H    7        0.000000        0.000000        0.000000
     H    7        0.000000        0.000000        0.000000

     C    8       -0.139248        0.049711        0.015506
     C    8        0.049711        0.185990        0.030515
     C    8        0.015506        0.030515       -0.046742

     H    9       -0.000000        0.000000        0.000000
     H    9        0.000000        0.000000        0.000000
     H    9        0.000000        0.000000        0.000000

     C   10       -0.040615       -0.002321       -0.008697
     C   10       -0.002321        0.141075        0.053113
     C   10       -0.008697        0.053113       -0.100461

     C   11       -0.109838       -0.012819       -0.021857
     C   11       -0.012819        0.175844        0.004194
     C   11       -0.021857        0.004194       -0.066006

     Cl  12        0.339881        2.272576       -0.164999
     Cl  12        2.272576        2.246112        0.454258
     Cl  12       -0.164999        0.454258       -2.585993

     H   13       -0.000000        0.000000        0.000000
     H   13        0.000000        0.000000        0.000000
     H   13        0.000000        0.000000        0.000000

     C   14       -0.104814       -0.046478       -0.109483
     C   14       -0.046478        0.073959        0.134416
     C   14       -0.109483        0.134416        0.030854

     H   15       -0.000000        0.000000        0.000000
     H   15        0.000000        0.000000        0.000000
     H   15        0.000000        0.000000        0.000000

     C   16       -0.018469       -0.042340        0.004598
     C   16       -0.042340       -0.016617        0.070265
     C   16        0.004598        0.070265        0.035086

     C   17       -0.150672        0.037616        0.022530
     C   17        0.037616        0.084422        0.168437
     C   17        0.022530        0.168437        0.066250

     Cl  18       -0.271357       -0.730574        0.564283
     Cl  18       -0.730574        0.743263        1.897491
     Cl  18        0.564283        1.897491       -0.471906

     H   19       -0.000000        0.000000        0.000000
     H   19        0.000000        0.000000        0.000000
     H   19        0.000000        0.000000        0.000000

     C   20       -0.061983       -0.000574       -0.009151
     C   20       -0.000574        0.186283       -0.001254
     C   20       -0.009151       -0.001254       -0.124300

     H   21       -0.000000        0.000000        0.000000
     H   21        0.000000        0.000000        0.000000
     H   21        0.000000        0.000000        0.000000

     C   22       -0.179684       -0.007522       -0.031973
     C   22       -0.007522        0.233177       -0.018296
     C   22       -0.031973       -0.018296       -0.053493

     C   23       -0.052834        0.040327       -0.028885
     C   23        0.040327        0.232242        0.035297
     C   23       -0.028885        0.035297       -0.179408

     Cl  24       -1.088259        0.953454       -0.113686
     Cl  24        0.953454        2.875748       -0.162159
     Cl  24       -0.113686       -0.162159       -1.787489

     ----- total EFG -----
     Cl   1       -0.101561        0.059306       -0.324113
     Cl   1        0.059306        0.020266       -0.360975
     Cl   1       -0.324113       -0.360975        0.081296

     C    2        0.355166       -0.082736       -0.242619
     C    2       -0.082736        0.320947       -0.309514
     C    2       -0.242619       -0.309514       -0.676113

     C    3       -0.152756       -0.025993       -0.039515
     C    3       -0.025993        0.246079        0.362304
     C    3       -0.039515        0.362304       -0.093323

     H    4        0.622983       -0.130923        0.460790
     H    4       -0.130923       -0.414792        0.306396
     H    4        0.460790        0.306396       -0.208191

     C    5        0.331337        0.137834       -0.010332
     C    5        0.137834        0.216563       -0.141922
     C    5       -0.010332       -0.141922       -0.547900

     H    6       -0.078238       -0.132685        0.026738
     H    6       -0.132685       -0.027906        0.501253
     H    6        0.026738        0.501253        0.106144

     H    7        0.015160        0.074804        0.004935
     H    7        0.074804        0.343517       -0.365211
     H    7        0.004935       -0.365211       -0.358678

     C    8       -0.606303        0.019768        0.102590
     C    8        0.019768        0.594592       -0.134675
     C    8        0.102590       -0.134675        0.011710

     H    9        0.496101       -0.564961        0.048214
     H    9       -0.564961       -0.396155       -0.252156
     H    9        0.048214       -0.252156       -0.099946

     C   10        0.375310        0.225395        0.026540
     C   10        0.225395        0.164857        0.177929
     C   10        0.026540        0.177929       -0.540168

     C   11       -0.485746       -0.260415       -0.083751
     C   11       -0.260415        0.393121       -0.297387
     C   11       -0.083751       -0.297387        0.092625

     Cl  12        0.519545        2.568488       -0.192714
     Cl  12        2.568488        2.368435        0.486047
     Cl  12       -0.192714        0.486047       -2.887980

     H   13       -0.232722       -0.051867        0.159800
     H   13       -0.051867        0.289332        0.220295
     H   13        0.159800        0.220295       -0.056610

     C   14       -0.453478        0.247209       -0.553589
     C   14        0.247209        0.459290        0.420679
     C   14       -0.553589        0.420679       -0.005813

     H   15        0.345616        0.303140        0.606769
     H   15        0.303140        0.029108        0.080574
     H   15        0.606769        0.080574       -0.374724

     C   16        0.450934       -0.192491        0.090404
     C   16       -0.192491       -0.198175        0.034345
     C   16        0.090404        0.034345       -0.252759

     C   17       -0.649911        0.402694       -0.098141
     C   17        0.402694        0.592517        0.463987
     C   17       -0.098141        0.463987        0.057395

     Cl  18       -0.049409       -0.925991        0.598980
     Cl  18       -0.925991        0.682738        1.815783
     Cl  18        0.598980        1.815783       -0.633329

     H   19       -0.084326       -0.026544        0.014792
     H   19       -0.026544       -0.154285       -0.272406
     H   19        0.014792       -0.272406        0.238611

     C   20        0.257185        0.238982        0.034171
     C   20        0.238982        0.078736        0.083415
     C   20        0.034171        0.083415       -0.335921

     H   21        0.537864        0.271841        0.334030
     H   21        0.271841       -0.667321       -0.014292
     H   21        0.334030       -0.014292        0.129458

     C   22       -0.702523       -0.056060       -0.086105
     C   22       -0.056060        0.638070       -0.279817
     C   22       -0.086105       -0.279817        0.064452

     C   23        0.216218        0.287014       -0.017235
     C   23        0.287014        0.314702        0.298694
     C   23       -0.017235        0.298694       -0.530920

     Cl  24       -1.291481        0.846359       -0.101538
     Cl  24        0.846359        3.116513       -0.165541
     Cl  24       -0.101538       -0.165541       -1.825031

     ----- total EFG (symmetrized) -----
     Cl   1       -0.101561        0.059306       -0.324113
     Cl   1        0.059306        0.020266       -0.360975
     Cl   1       -0.324113       -0.360975        0.081296

     C    2        0.355166       -0.082736       -0.242619
     C    2       -0.082736        0.320947       -0.309514
     C    2       -0.242619       -0.309514       -0.676113

     C    3       -0.152756       -0.025993       -0.039515
     C    3       -0.025993        0.246079        0.362304
     C    3       -0.039515        0.362304       -0.093323

     H    4        0.622983       -0.130923        0.460790
     H    4       -0.130923       -0.414792        0.306396
     H    4        0.460790        0.306396       -0.208191

     C    5        0.331337        0.137834       -0.010332
     C    5        0.137834        0.216563       -0.141922
     C    5       -0.010332       -0.141922       -0.547900

     H    6       -0.078238       -0.132685        0.026738
     H    6       -0.132685       -0.027906        0.501253
     H    6        0.026738        0.501253        0.106144

     H    7        0.015160        0.074804        0.004935
     H    7        0.074804        0.343517       -0.365211
     H    7        0.004935       -0.365211       -0.358678

     C    8       -0.606303        0.019768        0.102590
     C    8        0.019768        0.594592       -0.134675
     C    8        0.102590       -0.134675        0.011710

     H    9        0.496101       -0.564961        0.048214
     H    9       -0.564961       -0.396155       -0.252156
     H    9        0.048214       -0.252156       -0.099946

     C   10        0.375310        0.225395        0.026540
     C   10        0.225395        0.164857        0.177929
     C   10        0.026540        0.177929       -0.540168

     C   11       -0.485746       -0.260415       -0.083751
     C   11       -0.260415        0.393121       -0.297387
     C   11       -0.083751       -0.297387        0.092625

     Cl  12        0.519545        2.568488       -0.192714
     Cl  12        2.568488        2.368435        0.486047
     Cl  12       -0.192714        0.486047       -2.887980

     H   13       -0.232722       -0.051867        0.159800
     H   13       -0.051867        0.289332        0.220295
     H   13        0.159800        0.220295       -0.056610

     C   14       -0.453478        0.247209       -0.553589
     C   14        0.247209        0.459290        0.420679
     C   14       -0.553589        0.420679       -0.005813

     H   15        0.345616        0.303140        0.606769
     H   15        0.303140        0.029108        0.080574
     H   15        0.606769        0.080574       -0.374724

     C   16        0.450934       -0.192491        0.090404
     C   16       -0.192491       -0.198175        0.034345
     C   16        0.090404        0.034345       -0.252759

     C   17       -0.649911        0.402694       -0.098141
     C   17        0.402694        0.592517        0.463987
     C   17       -0.098141        0.463987        0.057395

     Cl  18       -0.049409       -0.925991        0.598980
     Cl  18       -0.925991        0.682738        1.815783
     Cl  18        0.598980        1.815783       -0.633329

     H   19       -0.084326       -0.026544        0.014792
     H   19       -0.026544       -0.154285       -0.272406
     H   19        0.014792       -0.272406        0.238611

     C   20        0.257185        0.238982        0.034171
     C   20        0.238982        0.078736        0.083415
     C   20        0.034171        0.083415       -0.335921

     H   21        0.537864        0.271841        0.334030
     H   21        0.271841       -0.667321       -0.014292
     H   21        0.334030       -0.014292        0.129458

     C   22       -0.702523       -0.056060       -0.086105
     C   22       -0.056060        0.638070       -0.279817
     C   22       -0.086105       -0.279817        0.064452

     C   23        0.216218        0.287014       -0.017235
     C   23        0.287014        0.314702        0.298694
     C   23       -0.017235        0.298694       -0.530920

     Cl  24       -1.291481        0.846359       -0.101538
     Cl  24        0.846359        3.116513       -0.165541
     Cl  24       -0.101538       -0.165541       -1.825031


     NQR/NMR SPECTROSCOPIC PARAMETERS:
     Cl   1    Vxx=   -0.1036    axis=( -0.706225  0.697191  0.123170)
     Cl   1    Vyy=   -0.4376    axis=( -0.572826 -0.460446 -0.678130)
     Cl   1    Vzz=    0.5412    axis=( -0.416073 -0.549468  0.724547)
     Cl   1  Q=        -8.1650 1e-30 m^2  Cq=       -10.3820 MHz  eta= 0.61719

     C    2    Vxx=    0.3973    axis=(  0.667008  0.662091 -0.341666)
     C    2    Vyy=    0.4228    axis=(  0.713998 -0.699046  0.039251)
     C    2    Vzz=   -0.8201    axis=(  0.212853  0.270130  0.939001)
     C    2  Q=         1.0000 1e-30 m^2  Cq=        -1.9270 MHz  eta= 0.03111

     C    3    Vxx=   -0.1535    axis=( -0.991276 -0.117900  0.058911)
     C    3    Vyy=   -0.3259    axis=(  0.112824 -0.528023  0.841702)
     C    3    Vzz=    0.4794    axis=(  0.068130 -0.841006 -0.536718)
     C    3  Q=         1.0000 1e-30 m^2  Cq=         1.1264 MHz  eta= 0.35962

     H    4    Vxx=   -0.0808    axis=(  0.291168 -0.706200 -0.645370)
     H    4    Vyy=   -0.7471    axis=(  0.284970  0.707999 -0.646165)
     H    4    Vzz=    0.8279    axis=(  0.913243  0.004232  0.407393)
     H    4  Q=         1.0000 1e-30 m^2  Cq=         1.9453 MHz  eta= 0.80480

     C    5    Vxx=    0.1422    axis=( -0.587462  0.794355 -0.154558)
     C    5    Vyy=    0.4314    axis=(  0.809091  0.580335 -0.092641)
     C    5    Vzz=   -0.5736    axis=( -0.016106  0.179475  0.983631)
     C    5  Q=         1.0000 1e-30 m^2  Cq=        -1.3478 MHz  eta= 0.50406

     H    6    Vxx=   -0.0525    axis=(  0.956453 -0.133216  0.259715)
     H    6    Vyy=   -0.4997    axis=(  0.271016  0.735720 -0.620698)
     H    6    Vzz=    0.5522    axis=( -0.108391  0.664055  0.739785)
     H    6  Q=         1.0000 1e-30 m^2  Cq=         1.2974 MHz  eta= 0.80985

     H    7    Vxx=    0.0082    axis=(  0.988804 -0.098897  0.111738)
     H    7    Vyy=    0.5081    axis=( -0.134759 -0.913412  0.384083)
     H    7    Vzz=   -0.5164    axis=(  0.064078 -0.394840 -0.916513)
     H    7  Q=         1.0000 1e-30 m^2  Cq=        -1.2132 MHz  eta= 0.96810

     C    8    Vxx=    0.0001    axis=(  0.169733  0.212358  0.962338)
     C    8    Vyy=    0.6242    axis=(  0.002245 -0.976588  0.215106)
     C    8    Vzz=   -0.6243    axis=(  0.985488 -0.034350 -0.166236)
     C    8  Q=         1.0000 1e-30 m^2  Cq=        -1.4668 MHz  eta= 0.99972

     H    9    Vxx=   -0.0589    axis=( -0.292576 -0.207776  0.933396)
     H    9    Vyy=   -0.7380    axis=(  0.385045  0.867880  0.313885)
     H    9    Vzz=    0.7969    axis=( -0.875294  0.451235 -0.173917)
     H    9  Q=         1.0000 1e-30 m^2  Cq=         1.8725 MHz  eta= 0.85211

     C   10    Vxx=    0.0510    axis=( -0.569329  0.793935  0.213381)
     C   10    Vyy=    0.5323    axis=(  0.821581  0.558773  0.113040)
     C   10    Vzz=   -0.5833    axis=(  0.029485 -0.239666  0.970408)
     C   10  Q=         1.0000 1e-30 m^2  Cq=        -1.3705 MHz  eta= 0.82497

     C   11    Vxx=   -0.0090    axis=( -0.362255  0.391107  0.846053)
     C   11    Vyy=   -0.5978    axis=(  0.916462  0.314924  0.246821)
     C   11    Vzz=    0.6068    axis=( -0.169909  0.864788 -0.472518)
     C   11  Q=         1.0000 1e-30 m^2  Cq=         1.4257 MHz  eta= 0.97037

     Cl  12    Vxx=   -1.1752    axis=( -0.800633  0.546677  0.245219)
     Cl  12    Vyy=   -3.0103    axis=(  0.178651 -0.172841  0.968612)
     Cl  12    Vzz=    4.1855    axis=(  0.571901  0.819311  0.040717)
     Cl  12  Q=        -8.1650 1e-30 m^2  Cq=       -80.2960 MHz  eta= 0.43843

     H   13    Vxx=   -0.0288    axis=(  0.629474 -0.370377  0.683069)
     H   13    Vyy=   -0.3686    axis=( -0.775993 -0.254428  0.577149)
     H   13    Vzz=    0.3974    axis=(  0.039971  0.893357  0.447566)
     H   13  Q=         1.0000 1e-30 m^2  Cq=         0.9337 MHz  eta= 0.85506

     C   14    Vxx=    0.2526    axis=(  0.640616  0.469911 -0.607285)
     C   14    Vyy=    0.7133    axis=(  0.085855 -0.829753 -0.551488)
     C   14    Vzz=   -0.9660    axis=(  0.763047 -0.301153  0.571897)
     C   14  Q=         1.0000 1e-30 m^2  Cq=        -2.2696 MHz  eta= 0.47690

     H   15    Vxx=   -0.0802    axis=(  0.258782 -0.924395  0.280226)
     H   15    Vyy=   -0.7294    axis=(  0.512595 -0.114467 -0.850967)
     H   15    Vzz=    0.8096    axis=(  0.818706  0.363857  0.444218)
     H   15  Q=         1.0000 1e-30 m^2  Cq=         1.9022 MHz  eta= 0.80192

     C   16    Vxx=   -0.1989    axis=(  0.122787  0.730197  0.672113)
     C   16    Vyy=   -0.3128    axis=( -0.246491 -0.633578  0.733363)
     C   16    Vzz=    0.5117    axis=(  0.961335 -0.255717  0.102192)
     C   16  Q=         1.0000 1e-30 m^2  Cq=         1.2024 MHz  eta= 0.22255

     C   17    Vxx=   -0.0861    axis=( -0.395652 -0.346693  0.850449)
     C   17    Vyy=   -0.8344    axis=( -0.897266  0.343433 -0.277429)
     C   17    Vzz=    0.9205    axis=( -0.195890 -0.872844 -0.446956)
     C   17  Q=         1.0000 1e-30 m^2  Cq=         2.1628 MHz  eta= 0.81293

     Cl  18    Vxx=    0.3160    axis=(  0.885523 -0.050671  0.461824)
     Cl  18    Vyy=    2.0496    axis=( -0.219863  0.829976  0.512641)
     Cl  18    Vzz=   -2.3655    axis=( -0.409278 -0.555493  0.723822)
     Cl  18  Q=        -8.1650 1e-30 m^2  Cq=        45.3815 MHz  eta= 0.73286

     H   19    Vxx=   -0.0843    axis=(  0.995286 -0.046714 -0.084990)
     H   19    Vyy=   -0.2950    axis=(  0.080258  0.888700  0.451410)
     H   19    Vzz=    0.3794    axis=(  0.054443 -0.456104  0.888260)
     H   19  Q=         1.0000 1e-30 m^2  Cq=         0.8914 MHz  eta= 0.55538

     C   20    Vxx=   -0.0782    axis=(  0.582960 -0.792492 -0.179204)
     C   20    Vyy=   -0.3524    axis=(  0.024764 -0.203125  0.978840)
     C   20    Vzz=    0.4306    axis=( -0.812123 -0.575062 -0.098788)
     C   20  Q=         1.0000 1e-30 m^2  Cq=         1.0117 MHz  eta= 0.63677

     H   21    Vxx=   -0.0280    axis=( -0.424831 -0.200387  0.882816)
     H   21    Vyy=   -0.7348    axis=(  0.234362 -0.966292 -0.106555)
     H   21    Vzz=    0.7629    axis=(  0.874410  0.161631  0.457474)
     H   21  Q=         1.0000 1e-30 m^2  Cq=         1.7924 MHz  eta= 0.92649

     C   22    Vxx=   -0.0342    axis=( -0.149160  0.369336  0.917247)
     C   22    Vyy=   -0.7180    axis=(  0.988721  0.068370  0.133254)
     C   22    Vzz=    0.7522    axis=( -0.013496  0.926777 -0.375368)
     C   22  Q=         1.0000 1e-30 m^2  Cq=         1.7674 MHz  eta= 0.90903

     C   23    Vxx=    0.0383    axis=(  0.804087 -0.516079 -0.295138)
     C   23    Vyy=    0.6010    axis=(  0.580105  0.789719  0.199558)
     C   23    Vzz=   -0.6393    axis=(  0.130088 -0.331673  0.934382)
     C   23  Q=         1.0000 1e-30 m^2  Cq=        -1.5022 MHz  eta= 0.88009

     Cl  24    Vxx=   -1.4361    axis=(  0.967128 -0.186095 -0.173300)
     Cl  24    Vyy=   -1.8437    axis=( -0.176877 -0.002667 -0.984229)
     Cl  24    Vzz=    3.2799    axis=(  0.182698  0.982528 -0.035495)
     Cl  24  Q=        -8.1650 1e-30 m^2  Cq=       -62.9227 MHz  eta= 0.12427

     Initialization:
     gipaw_setup  :      9.02s CPU     10.89s WALL (       1 calls)

     Linear response

     Apply operators

     Induced current

     Other routines
     efg          :      9.32s CPU     11.70s WALL (       1 calls)

     General routines
     calbec       :      3.26s CPU      4.40s WALL (      16 calls)
     fft          :      1.72s CPU      2.83s WALL (      15 calls)
     ffts         :      0.04s CPU      0.04s WALL (       2 calls)
     fftw         :      3.26s CPU      3.97s WALL (     672 calls)
     davcio       :      0.05s CPU      0.30s WALL (      32 calls)

     Parallel routines
     fft_scatter  :      2.37s CPU      3.90s WALL (     689 calls)

     Plugins

     GIPAW        :     60.60s CPU     71.80s WALL (       1 calls)
