
     Program QE v.6.0 (svn rev. 13079) starts on  8Jan2017 at 16: 3:16 

     This program is part of the open-source Quantum ESPRESSO suite
     for quantum simulation of materials; please cite
         "P. Giannozzi et al., J. Phys.:Condens. Matter 21 395502 (2009);
          URL http://www.quantum-espresso.org", 
     in publications or presentations arising from this work. More details at
     http://www.quantum-espresso.org/quote

     Parallel version (MPI), running on     8 processors
     R & G space division:  proc/nbgrp/npool/nimage =       8

     ***** This is GIPAW svn revision unknown      *****

     Parallelizing q-star over 1 images

     Reading data from directory:
     /users/majewski/paradichlorobenzene/pbe/9_constraint/scratch/pbe.ecut100.np8.dt60.pcl2phi-129368.save
     Message from routine read_xml_file:
     file /users/majewski/paradichlorobenzene/pbe/9_constraint/scratch/pbe.ecut100.np8.dt60.pcl2phi-129368.save not guaranteed to be safe for post-processing

   Info: using nr1, nr2, nr3 values from input

   Info: using nr1, nr2, nr3 values from input

     IMPORTANT: XC functional enforced from input :
     Exchange-correlation      =  SLA  PW   PBX  PBC ( 1  4  3  4 0 0)
     Any further DFT definition will be discarded
     Please, verify this is what you really want

               file C.pbe-n-kjpaw_psl.1.0.0.UPF: wavefunction(s)  2S 2P renormalized
               file Cl.pbe-n-kjpaw_psl.1.0.0.UPF: wavefunction(s)  3S 3P renormalized
               file H.pbe-kjpaw_psl.1.0.0.UPF: wavefunction(s)  1S renormalized

     Parallelization info
     --------------------
     sticks:   dense  smooth     PW     G-vecs:    dense   smooth      PW
     Min        3057    1223    332               144436    36536    5170
     Max        3059    1225    333               144437    36537    5171
     Sum       24467    9791   2657              1155489   292295   41363


     Subspace diagonalization in iterative solution of the eigenvalue problem:
     a serial algorithm will be used

     GIPAW projectors -----------------------------------------------
     atom=  C    l=0  rc=    1.2000  rs=    0.8000
     atom=  C    l=0  rc=    1.2000  rs=    0.8000
     atom=  C    l=1  rc=    1.4000  rs=    0.9333
     atom=  C    l=1  rc=    1.4000  rs=    0.9333
     projs nearly linearly dependent: l=1  n1,n2= 1, 2  s=  0.99951561

     atom=  Cl   l=0  rc=    1.6000  rs=    1.0667
     atom=  Cl   l=0  rc=    1.6000  rs=    1.0667
     atom=  Cl   l=1  rc=    1.6000  rs=    1.0667
     atom=  Cl   l=1  rc=    1.6000  rs=    1.0667
     atom=  Cl   l=2  rc=    1.6000  rs=    1.0667
     atom=  Cl   l=2  rc=    1.6000  rs=    1.0667
     projs nearly linearly dependent: l=2  n1,n2= 1, 2  s=  0.99993509

     atom=  H    l=0  rc=    1.0000  rs=    0.6667
     atom=  H    l=0  rc=    1.0000  rs=    0.6667
     projs nearly linearly dependent: l=0  n1,n2= 1, 2  s=  0.99968852
     -----------------------------------------------------------------

     GIPAW integrals: -------------------------------------------
     Atom  i/j   nmr_para   nmr_dia   epr_rmc  epr_para   epr_dia
       C   1 1   0.83E+03  0.17E-01  0.93E+01  0.24E+08  0.24E+03
       C   2 1   0.86E+03 -0.61E-01  0.94E+01  0.25E+08  0.25E+03
       C   2 2   0.90E+03 -0.15E+00  0.97E+01  0.26E+08  0.26E+03
       C   3 3   0.33E+01  0.34E+00  0.18E+01  0.55E+03  0.21E+02
       C   4 3   0.35E+01  0.37E+00  0.20E+01  0.59E+03  0.22E+02
       C   4 4   0.38E+01  0.39E+00  0.22E+01  0.63E+03  0.24E+02
       Cl  1 1   0.14E+04 -0.47E+00  0.84E+01  0.32E+09  0.42E+03
       Cl  2 1   0.21E+04 -0.37E+00  0.12E+02  0.49E+09  0.65E+03
       Cl  2 2   0.33E+04 -0.16E+00  0.21E+02  0.76E+09  0.10E+04
       Cl  3 3   0.21E+02  0.79E-01  0.89E+01  0.23E+05  0.13E+03
       Cl  4 3   0.24E+02  0.67E-01  0.99E+01  0.27E+05  0.15E+03
       Cl  4 4   0.28E+02  0.44E-01  0.11E+02  0.32E+05  0.18E+03
       Cl  5 5   0.77E+00  0.19E+00  0.18E+01  0.12E+03  0.22E+02
       Cl  6 5   0.80E+00  0.19E+00  0.19E+01  0.12E+03  0.23E+02
       Cl  6 6   0.83E+00  0.20E+00  0.19E+01  0.12E+03  0.23E+02
       H   1 1   0.39E+02  0.19E+00  0.29E+00  0.78E+05  0.13E+02
       H   2 1   0.41E+02  0.21E+00  0.32E+00  0.82E+05  0.14E+02
       H   2 2   0.43E+02  0.22E+00  0.36E+00  0.86E+05  0.15E+02
     ------------------------------------------------------------

     alpha_pv=     34.3321 eV

     Number of occupied bands for each k-point:
     k-point:     1    nbnd_occ=  42
     k-point:     2    nbnd_occ=  42
     k-point:     3    nbnd_occ=  42
     k-point:     4    nbnd_occ=  42
     k-point:     5    nbnd_occ=  42
     k-point:     6    nbnd_occ=  42
     k-point:     7    nbnd_occ=  42
     k-point:     8    nbnd_occ=  42
     k-point:     9    nbnd_occ=  42
     k-point:    10    nbnd_occ=  42
     k-point:    11    nbnd_occ=  42
     k-point:    12    nbnd_occ=  42
     k-point:    13    nbnd_occ=  42
     k-point:    14    nbnd_occ=  42
     k-point:    15    nbnd_occ=  42
     k-point:    16    nbnd_occ=  42


     q-space interpolation up to   110.00 Rydberg

     GIPAW job: efg                                                                             


     ELECTRIC FIELD GRADIENTS TENSORS IN Hartree/bohrradius^2:

     ----- bare term -----
     Cl   1        0.097703       -0.037600        0.173911
     Cl   1       -0.037600       -0.180982        0.390011
     Cl   1        0.173911        0.390011        0.083278

     C    2        0.063980        0.183518       -0.072973
     C    2        0.183518       -0.022741       -0.574841
     C    2       -0.072973       -0.574841       -0.041239

     C    3       -0.430107        0.172555       -0.043065
     C    3        0.172555        0.041932       -0.027868
     C    3       -0.043065       -0.027868        0.388175

     H    4       -0.144515       -0.438366       -0.026550
     H    4       -0.438366       -0.213940        0.121471
     H    4       -0.026550        0.121471        0.358454

     C    5       -0.101524        0.019732       -0.236194
     C    5        0.019732        0.032686       -0.452505
     C    5       -0.236194       -0.452505        0.068838

     H    6        0.450706        0.025472       -0.014922
     H    6        0.025472       -0.801533       -0.239577
     H    6       -0.014922       -0.239577        0.350827

     H    7        0.401662        0.140788        0.027972
     H    7        0.140788       -0.565128        0.450896
     H    7        0.027972        0.450896        0.163466

     C    8       -0.811391       -0.318709       -0.477678
     C    8       -0.318709        0.257682       -0.030777
     C    8       -0.477678       -0.030777        0.553709

     H    9       -0.546518        0.105961       -0.366663
     H    9        0.105961        0.317818        0.215281
     H    9       -0.366663        0.215281        0.228699

     C   10       -0.044150       -0.134647       -0.219552
     C   10       -0.134647       -0.134719        0.603472
     C   10       -0.219552        0.603472        0.178869

     C   11       -0.411070       -0.383643       -0.197730
     C   11       -0.383643        0.027315        0.314224
     C   11       -0.197730        0.314224        0.383755

     Cl  12        0.304904       -0.017825       -0.023780
     Cl  12       -0.017825       -0.009656       -0.474347
     Cl  12       -0.023780       -0.474347       -0.295248

     H   13        0.485223       -0.110002       -0.073310
     H   13       -0.110002       -0.587268        0.147357
     H   13       -0.073310        0.147357        0.102046

     C   14       -0.810954        0.165795       -0.319882
     C   14        0.165795        0.251469       -0.058548
     C   14       -0.319882       -0.058548        0.559484

     H   15       -0.231669       -0.344139        0.245641
     H   15       -0.344139        0.104690        0.160673
     H   15        0.245641        0.160673        0.126979

     C   16        0.223816        0.183447        0.080623
     C   16        0.183447       -0.401784       -0.213138
     C   16        0.080623       -0.213138        0.177969

     C   17       -0.693100        0.208577       -0.341544
     C   17        0.208577        0.090226       -0.108691
     C   17       -0.341544       -0.108691        0.602875

     Cl  18       -0.062748       -0.069438       -0.041904
     Cl  18       -0.069438       -0.055487        0.074481
     Cl  18       -0.041904        0.074481        0.118234

     H   19        0.169062       -0.338924       -0.105949
     H   19       -0.338924       -0.542809        0.145847
     H   19       -0.105949        0.145847        0.373747

     C   20       -0.197096        0.206569       -0.337997
     C   20        0.206569        0.057394        0.565517
     C   20       -0.337997        0.565517        0.139702

     H   21       -0.018697        0.170689       -0.363253
     H   21        0.170689       -0.126143        0.489895
     H   21       -0.363253        0.489895        0.144840

     C   22       -0.621034       -0.334033       -0.344111
     C   22       -0.334033        0.211923        0.047835
     C   22       -0.344111        0.047835        0.409111

     C   23        0.002577        0.219668       -0.389529
     C   23        0.219668       -0.187976        0.481752
     C   23       -0.389529        0.481752        0.185398

     Cl  24       -0.198580       -0.276161       -0.031587
     Cl  24       -0.276161       -0.033984       -0.023074
     Cl  24       -0.031587       -0.023074        0.232564

     ----- ionic term -----
     Cl   1        0.172099       -0.170517       -0.066930
     Cl   1       -0.170517       -0.030764        0.034926
     Cl   1       -0.066930        0.034926       -0.141334

     C    2        0.356638       -0.044111       -0.035251
     C    2       -0.044111        0.131237        0.360564
     C    2       -0.035251        0.360564       -0.487875

     C    3        0.245266       -0.165809        0.013142
     C    3       -0.165809        0.173457        0.379164
     C    3        0.013142        0.379164       -0.418723

     H    4        0.674426        0.480082        0.453399
     H    4        0.480082       -0.296904        0.234726
     H    4        0.453399        0.234726       -0.377522

     C    5        0.361478       -0.092351        0.079742
     C    5       -0.092351        0.088928        0.320575
     C    5        0.079742        0.320575       -0.450407

     H    6       -0.541442        0.011191        0.001724
     H    6        0.011191        0.764093        0.646858
     H    6        0.001724        0.646858       -0.222651

     H    7       -0.499263       -0.111138        0.053884
     H    7       -0.111138        0.808410       -0.594456
     H    7        0.053884       -0.594456       -0.309147

     C    8        0.304219        0.187105        0.355956
     C    8        0.187105        0.133378       -0.231482
     C    8        0.355956       -0.231482       -0.437598

     H    9        0.645289       -0.444934        0.567375
     H    9       -0.444934       -0.265870       -0.243024
     H    9        0.567375       -0.243024       -0.379419

     C   10        0.140058        0.245963        0.243050
     C   10        0.245963        0.359997       -0.265046
     C   10        0.243050       -0.265046       -0.500055

     C   11        0.109413        0.214485        0.391967
     C   11        0.214485        0.260309       -0.250031
     C   11        0.391967       -0.250031       -0.369722

     Cl  12        0.137972        0.232983        0.080408
     Cl  12        0.232983        0.024048        0.047464
     Cl  12        0.080408        0.047464       -0.162019

     H   13       -0.501311        0.174457        0.006333
     H   13        0.174457        0.986392        0.392798
     H   13        0.006333        0.392798       -0.485081

     C   14        0.444508        0.009873       -0.001498
     C   14        0.009873        0.129598        0.232561
     C   14       -0.001498        0.232561       -0.574107

     H   15        0.702904        0.654696        0.136528
     H   15        0.654696       -0.091709        0.109895
     H   15        0.136528        0.109895       -0.611195

     C   16        0.238275       -0.097517       -0.029952
     C   16       -0.097517        0.318554        0.291916
     C   16       -0.029952        0.291916       -0.556829

     C   17        0.265317       -0.098755        0.166024
     C   17       -0.098755        0.282525        0.290228
     C   17        0.166024        0.290228       -0.547842

     Cl  18        0.178157       -0.222030        0.022146
     Cl  18       -0.222030       -0.006336       -0.008704
     Cl  18        0.022146       -0.008704       -0.171822

     H   19       -0.484933        0.189422       -0.062174
     H   19        0.189422        0.693761       -0.630011
     H   19       -0.062174       -0.630011       -0.208828

     C   20        0.236205        0.304554        0.371520
     C   20        0.304554        0.096480       -0.204600
     C   20        0.371520       -0.204600       -0.332685

     H   21        0.574898       -0.341445        0.677322
     H   21       -0.341445       -0.385322       -0.258852
     H   21        0.677322       -0.258852       -0.189576

     C   22        0.159274        0.278531        0.286831
     C   22        0.278531        0.189306       -0.274191
     C   22        0.286831       -0.274191       -0.348579

     C   23        0.253704        0.177744        0.346478
     C   23        0.177744        0.108379       -0.310060
     C   23        0.346478       -0.310060       -0.362083

     Cl  24        0.150344        0.203435        0.058108
     Cl  24        0.203435        0.017768        0.029887
     Cl  24        0.058108        0.029887       -0.168113

     ----- GIPAW term -----
     Cl   1        0.075339        0.108178       -0.503504
     Cl   1        0.108178        0.140293       -0.594438
     Cl   1       -0.503504       -0.594438       -0.215633

     C    2       -0.002587        0.083381       -0.024914
     C    2        0.083381        0.158124       -0.098908
     C    2       -0.024914       -0.098908       -0.155538

     C    3       -0.082588        0.005430       -0.004434
     C    3        0.005430        0.090330       -0.029311
     C    3       -0.004434       -0.029311       -0.007742

     H    4       -0.000000        0.000000        0.000000
     H    4        0.000000        0.000000        0.000000
     H    4        0.000000        0.000000        0.000000

     C    5       -0.110909        0.006004       -0.019779
     C    5        0.006004        0.265099       -0.048896
     C    5       -0.019779       -0.048896       -0.154190

     H    6       -0.000000        0.000000        0.000000
     H    6        0.000000        0.000000        0.000000
     H    6        0.000000        0.000000        0.000000

     H    7       -0.000000        0.000000        0.000000
     H    7        0.000000        0.000000        0.000000
     H    7        0.000000        0.000000        0.000000

     C    8       -0.201631        0.035546       -0.129676
     C    8        0.035546        0.111118       -0.196328
     C    8       -0.129676       -0.196328        0.090513

     H    9       -0.000000        0.000000        0.000000
     H    9        0.000000        0.000000        0.000000
     H    9        0.000000        0.000000        0.000000

     C   10       -0.098134        0.020984       -0.039649
     C   10        0.020984        0.179501        0.064899
     C   10       -0.039649        0.064899       -0.081366

     C   11       -0.117429        0.028729       -0.001449
     C   11        0.028729        0.112927        0.171636
     C   11       -0.001449        0.171636        0.004502

     Cl  12        0.093284        0.643352       -0.260434
     Cl  12        0.643352       -0.095999        0.494768
     Cl  12       -0.260434        0.494768        0.002715

     H   13       -0.000000        0.000000        0.000000
     H   13        0.000000        0.000000        0.000000
     H   13        0.000000        0.000000        0.000000

     C   14       -0.163831        0.036867        0.068668
     C   14        0.036867       -0.030857        0.101946
     C   14        0.068668        0.101946        0.194688

     H   15       -0.000000        0.000000        0.000000
     H   15        0.000000        0.000000        0.000000
     H   15        0.000000        0.000000        0.000000

     C   16        0.000674        0.006924        0.012609
     C   16        0.006924       -0.051359        0.027639
     C   16        0.012609        0.027639        0.050686

     C   17       -0.173299       -0.072292       -0.078028
     C   17       -0.072292       -0.021500        0.153334
     C   17       -0.078028        0.153334        0.194799

     Cl  18        0.660139       -2.495703       -0.486763
     Cl  18       -2.495703       -0.427360        0.700320
     Cl  18       -0.486763        0.700320       -0.232779

     H   19       -0.000000        0.000000        0.000000
     H   19        0.000000        0.000000        0.000000
     H   19        0.000000        0.000000        0.000000

     C   20       -0.083867        0.143193       -0.008032
     C   20        0.143193        0.180311        0.203940
     C   20       -0.008032        0.203940       -0.096444

     H   21       -0.000000        0.000000        0.000000
     H   21        0.000000        0.000000        0.000000
     H   21        0.000000        0.000000        0.000000

     C   22       -0.135318        0.120689       -0.115169
     C   22        0.120689        0.175911       -0.136145
     C   22       -0.115169       -0.136145       -0.040594

     C   23       -0.025456        0.205942       -0.095255
     C   23        0.205942        0.084525       -0.097238
     C   23       -0.095255       -0.097238       -0.059069

     Cl  24       -1.038309        0.948158       -0.892715
     Cl  24        0.948158       -0.802638       -1.535704
     Cl  24       -0.892715       -1.535704        1.840946

     ----- total EFG -----
     Cl   1        0.345141       -0.099939       -0.396523
     Cl   1       -0.099939       -0.071453       -0.169501
     Cl   1       -0.396523       -0.169501       -0.273689

     C    2        0.418031        0.222788       -0.133138
     C    2        0.222788        0.266621       -0.313184
     C    2       -0.133138       -0.313184       -0.684652

     C    3       -0.267429        0.012176       -0.034357
     C    3        0.012176        0.305719        0.321985
     C    3       -0.034357        0.321985       -0.038289

     H    4        0.529911        0.041716        0.426848
     H    4        0.041716       -0.510843        0.356198
     H    4        0.426848        0.356198       -0.019068

     C    5        0.149046       -0.066615       -0.176231
     C    5       -0.066615        0.386713       -0.180825
     C    5       -0.176231       -0.180825       -0.535759

     H    6       -0.090736        0.036664       -0.013197
     H    6        0.036664       -0.037439        0.407281
     H    6       -0.013197        0.407281        0.128176

     H    7       -0.097601        0.029651        0.081856
     H    7        0.029651        0.243283       -0.143560
     H    7        0.081856       -0.143560       -0.145681

     C    8       -0.708802       -0.096058       -0.251397
     C    8       -0.096058        0.502178       -0.458587
     C    8       -0.251397       -0.458587        0.206624

     H    9        0.098771       -0.338973        0.200713
     H    9       -0.338973        0.051948       -0.027743
     H    9        0.200713       -0.027743       -0.150720

     C   10       -0.002226        0.132299       -0.016151
     C   10        0.132299        0.404779        0.403326
     C   10       -0.016151        0.403326       -0.402553

     C   11       -0.419086       -0.140429        0.192788
     C   11       -0.140429        0.400551        0.235829
     C   11        0.192788        0.235829        0.018535

     Cl  12        0.536160        0.858510       -0.203806
     Cl  12        0.858510       -0.081607        0.067885
     Cl  12       -0.203806        0.067885       -0.454553

     H   13       -0.016088        0.064455       -0.066978
     H   13        0.064455        0.399124        0.540155
     H   13       -0.066978        0.540155       -0.383035

     C   14       -0.530277        0.212535       -0.252711
     C   14        0.212535        0.350211        0.275959
     C   14       -0.252711        0.275959        0.180066

     H   15        0.471234        0.310557        0.382169
     H   15        0.310557        0.012982        0.270567
     H   15        0.382169        0.270567       -0.484216

     C   16        0.462765        0.092854        0.063280
     C   16        0.092854       -0.134590        0.106416
     C   16        0.063280        0.106416       -0.328175

     C   17       -0.601082        0.037530       -0.253548
     C   17        0.037530        0.351250        0.334871
     C   17       -0.253548        0.334871        0.249832

     Cl  18        0.775549       -2.787171       -0.506522
     Cl  18       -2.787171       -0.489182        0.766098
     Cl  18       -0.506522        0.766098       -0.286367

     H   19       -0.315871       -0.149502       -0.168123
     H   19       -0.149502        0.150952       -0.484164
     H   19       -0.168123       -0.484164        0.164919

     C   20       -0.044758        0.654317        0.025491
     C   20        0.654317        0.334184        0.564857
     C   20        0.025491        0.564857       -0.289427

     H   21        0.556201       -0.170756        0.314069
     H   21       -0.170756       -0.511465        0.231044
     H   21        0.314069        0.231044       -0.044736

     C   22       -0.597078        0.065186       -0.172449
     C   22        0.065186        0.577140       -0.362501
     C   22       -0.172449       -0.362501        0.019937

     C   23        0.230826        0.603354       -0.138306
     C   23        0.603354        0.004928        0.074454
     C   23       -0.138306        0.074454       -0.235754

     Cl  24       -1.086544        0.875432       -0.866194
     Cl  24        0.875432       -0.818853       -1.528890
     Cl  24       -0.866194       -1.528890        1.905397

     ----- total EFG (symmetrized) -----
     Cl   1        0.345141       -0.099939       -0.396523
     Cl   1       -0.099939       -0.071453       -0.169501
     Cl   1       -0.396523       -0.169501       -0.273689

     C    2        0.418031        0.222788       -0.133138
     C    2        0.222788        0.266621       -0.313184
     C    2       -0.133138       -0.313184       -0.684652

     C    3       -0.267429        0.012176       -0.034357
     C    3        0.012176        0.305719        0.321985
     C    3       -0.034357        0.321985       -0.038289

     H    4        0.529911        0.041716        0.426848
     H    4        0.041716       -0.510843        0.356198
     H    4        0.426848        0.356198       -0.019068

     C    5        0.149046       -0.066615       -0.176231
     C    5       -0.066615        0.386713       -0.180825
     C    5       -0.176231       -0.180825       -0.535759

     H    6       -0.090736        0.036664       -0.013197
     H    6        0.036664       -0.037439        0.407281
     H    6       -0.013197        0.407281        0.128176

     H    7       -0.097601        0.029651        0.081856
     H    7        0.029651        0.243283       -0.143560
     H    7        0.081856       -0.143560       -0.145681

     C    8       -0.708802       -0.096058       -0.251397
     C    8       -0.096058        0.502178       -0.458587
     C    8       -0.251397       -0.458587        0.206624

     H    9        0.098771       -0.338973        0.200713
     H    9       -0.338973        0.051948       -0.027743
     H    9        0.200713       -0.027743       -0.150720

     C   10       -0.002226        0.132299       -0.016151
     C   10        0.132299        0.404779        0.403326
     C   10       -0.016151        0.403326       -0.402553

     C   11       -0.419086       -0.140429        0.192788
     C   11       -0.140429        0.400551        0.235829
     C   11        0.192788        0.235829        0.018535

     Cl  12        0.536160        0.858510       -0.203806
     Cl  12        0.858510       -0.081607        0.067885
     Cl  12       -0.203806        0.067885       -0.454553

     H   13       -0.016088        0.064455       -0.066978
     H   13        0.064455        0.399124        0.540155
     H   13       -0.066978        0.540155       -0.383035

     C   14       -0.530277        0.212535       -0.252711
     C   14        0.212535        0.350211        0.275959
     C   14       -0.252711        0.275959        0.180066

     H   15        0.471234        0.310557        0.382169
     H   15        0.310557        0.012982        0.270567
     H   15        0.382169        0.270567       -0.484216

     C   16        0.462765        0.092854        0.063280
     C   16        0.092854       -0.134590        0.106416
     C   16        0.063280        0.106416       -0.328175

     C   17       -0.601082        0.037530       -0.253548
     C   17        0.037530        0.351250        0.334871
     C   17       -0.253548        0.334871        0.249832

     Cl  18        0.775549       -2.787171       -0.506522
     Cl  18       -2.787171       -0.489182        0.766098
     Cl  18       -0.506522        0.766098       -0.286367

     H   19       -0.315871       -0.149502       -0.168123
     H   19       -0.149502        0.150952       -0.484164
     H   19       -0.168123       -0.484164        0.164919

     C   20       -0.044758        0.654317        0.025491
     C   20        0.654317        0.334184        0.564857
     C   20        0.025491        0.564857       -0.289427

     H   21        0.556201       -0.170756        0.314069
     H   21       -0.170756       -0.511465        0.231044
     H   21        0.314069        0.231044       -0.044736

     C   22       -0.597078        0.065186       -0.172449
     C   22        0.065186        0.577140       -0.362501
     C   22       -0.172449       -0.362501        0.019937

     C   23        0.230826        0.603354       -0.138306
     C   23        0.603354        0.004928        0.074454
     C   23       -0.138306        0.074454       -0.235754

     Cl  24       -1.086544        0.875432       -0.866194
     Cl  24        0.875432       -0.818853       -1.528890
     Cl  24       -0.866194       -1.528890        1.905397


     NQR/NMR SPECTROSCOPIC PARAMETERS:
     Cl   1    Vxx=    0.0089    axis=(  0.142785 -0.924272  0.354025)
     Cl   1    Vyy=    0.5391    axis=(  0.900631 -0.027005 -0.433744)
     Cl   1    Vzz=   -0.5480    axis=(  0.410458  0.380778  0.828572)
     Cl   1  Q=        -8.1650 1e-30 m^2  Cq=        10.5134 MHz  eta= 0.96748

     C    2    Vxx=    0.1379    axis=(  0.661789 -0.729971  0.170812)
     C    2    Vyy=    0.6441    axis=(  0.747636  0.625763 -0.222401)
     C    2    Vzz=   -0.7820    axis=(  0.055459  0.274888  0.959875)
     C    2  Q=         1.0000 1e-30 m^2  Cq=        -1.8375 MHz  eta= 0.64726

     C    3    Vxx=   -0.2094    axis=( -0.523621 -0.442652  0.727929)
     C    3    Vyy=   -0.2895    axis=( -0.851899  0.262568 -0.453129)
     C    3    Vzz=    0.4988    axis=(  0.009448 -0.857390 -0.514581)
     C    3  Q=         1.0000 1e-30 m^2  Cq=         1.1721 MHz  eta= 0.16054

     H    4    Vxx=   -0.0759    axis=(  0.518163 -0.511600 -0.685400)
     H    4    Vyy=   -0.7220    axis=(  0.148232  0.842963 -0.517146)
     H    4    Vzz=    0.7979    axis=( -0.842339 -0.166368 -0.512628)
     H    4  Q=         1.0000 1e-30 m^2  Cq=         1.8748 MHz  eta= 0.80978

     C    5    Vxx=    0.1897    axis=(  0.962388  0.090213 -0.256263)
     C    5    Vyy=    0.4253    axis=(  0.134132 -0.978056  0.159423)
     C    5    Vzz=   -0.6151    axis=(  0.236258  0.187800  0.953369)
     C    5  Q=         1.0000 1e-30 m^2  Cq=        -1.4451 MHz  eta= 0.38305

     H    6    Vxx=   -0.0863    axis=(  0.991458  0.084460 -0.099382)
     H    6    Vyy=   -0.3750    axis=( -0.128275  0.769213 -0.625984)
     H    6    Vzz=    0.4613    axis=(  0.023576  0.633386  0.773477)
     H    6  Q=         1.0000 1e-30 m^2  Cq=         1.0838 MHz  eta= 0.62587

     H    7    Vxx=   -0.0461    axis=(  0.860301  0.153099  0.486255)
     H    7    Vyy=   -0.2445    axis=( -0.509740  0.271279  0.816439)
     H    7    Vzz=    0.2905    axis=( -0.006915 -0.950247  0.311422)
     H    7  Q=         1.0000 1e-30 m^2  Cq=         0.6827 MHz  eta= 0.68295

     C    8    Vxx=   -0.0290    axis=( -0.354182  0.573623  0.738588)
     C    8    Vyy=   -0.8106    axis=( -0.933968 -0.176824 -0.310544)
     C    8    Vzz=    0.8396    axis=( -0.047535 -0.799807  0.598373)
     C    8  Q=         1.0000 1e-30 m^2  Cq=         1.9726 MHz  eta= 0.93096

     H    9    Vxx=   -0.1129    axis=(  0.227554  0.597407  0.768976)
     H    9    Vyy=   -0.3485    axis=(  0.641106  0.502480 -0.580084)
     H    9    Vzz=    0.4614    axis=(  0.732941 -0.624995  0.268659)
     H    9  Q=         1.0000 1e-30 m^2  Cq=         1.0841 MHz  eta= 0.51071

     C   10    Vxx=   -0.0173    axis=(  0.974555 -0.133182 -0.180294)
     C   10    Vyy=   -0.5771    axis=(  0.115560 -0.390686  0.913241)
     C   10    Vzz=    0.5945    axis=( -0.192066 -0.910839 -0.365355)
     C   10  Q=         1.0000 1e-30 m^2  Cq=         1.3967 MHz  eta= 0.94173

     C   11    Vxx=    0.0280    axis=( -0.460871  0.344076 -0.818053)
     C   11    Vyy=    0.5153    axis=( -0.051763  0.909792  0.411824)
     C   11    Vzz=   -0.5432    axis=(  0.885956  0.232143 -0.401486)
     C   11  Q=         1.0000 1e-30 m^2  Cq=        -1.2764 MHz  eta= 0.89708

     Cl  12    Vxx=   -0.3705    axis=(  0.215561 -0.435173 -0.874161)
     Cl  12    Vyy=   -0.7794    axis=(  0.530569 -0.699340  0.478978)
     Cl  12    Vzz=    1.1499    axis=( -0.819774 -0.567052  0.080139)
     Cl  12  Q=        -8.1650 1e-30 m^2  Cq=       -22.0608 MHz  eta= 0.35561

     H   13    Vxx=   -0.0051    axis=(  0.990105  0.026316 -0.137838)
     H   13    Vyy=   -0.6709    axis=(  0.134727 -0.452984  0.881280)
     H   13    Vzz=    0.6760    axis=( -0.039247 -0.891130 -0.452047)
     H   13  Q=         1.0000 1e-30 m^2  Cq=         1.5883 MHz  eta= 0.98506

     C   14    Vxx=    0.1385    axis=( -0.441340 -0.514879  0.734928)
     C   14    Vyy=    0.5544    axis=( -0.023311 -0.812152 -0.582980)
     C   14    Vzz=   -0.6929    axis=( -0.897037  0.274424 -0.346432)
     C   14  Q=         1.0000 1e-30 m^2  Cq=        -1.6280 MHz  eta= 0.60025

     H   15    Vxx=   -0.1362    axis=(  0.506147 -0.855495 -0.109289)
     H   15    Vyy=   -0.6600    axis=(  0.243165  0.263135 -0.933612)
     H   15    Vzz=    0.7962    axis=(  0.827458  0.445969  0.341211)
     H   15  Q=         1.0000 1e-30 m^2  Cq=         1.8708 MHz  eta= 0.65790

     C   16    Vxx=   -0.1088    axis=( -0.189309  0.903772  0.383872)
     C   16    Vyy=   -0.3758    axis=( -0.025514 -0.395337  0.918182)
     C   16    Vzz=    0.4846    axis=(  0.981586  0.164026  0.097900)
     C   16  Q=         1.0000 1e-30 m^2  Cq=         1.1386 MHz  eta= 0.55080

     C   17    Vxx=    0.0325    axis=( -0.309303 -0.671286  0.673578)
     C   17    Vyy=    0.6550    axis=( -0.114346  0.729425  0.674436)
     C   17    Vzz=   -0.6875    axis=( -0.944064  0.131584 -0.302372)
     C   17  Q=         1.0000 1e-30 m^2  Cq=        -1.6154 MHz  eta= 0.90538

     Cl  18    Vxx=   -0.4707    axis=(  0.264961 -0.056461  0.962605)
     Cl  18    Vyy=   -2.7491    axis=(  0.605056  0.787029 -0.120381)
     Cl  18    Vzz=    3.2198    axis=( -0.750801  0.614326  0.242694)
     Cl  18  Q=        -8.1650 1e-30 m^2  Cq=       -61.7706 MHz  eta= 0.70761

     H   19    Vxx=   -0.0967    axis=( -0.714950  0.507884  0.480521)
     H   19    Vyy=   -0.5457    axis=( -0.698985 -0.503166 -0.508177)
     H   19    Vzz=    0.6424    axis=( -0.016314 -0.699198  0.714742)
     H   19  Q=         1.0000 1e-30 m^2  Cq=         1.5094 MHz  eta= 0.69902

     C   20    Vxx=   -0.1998    axis=( -0.710517  0.141474  0.689312)
     C   20    Vyy=   -0.8038    axis=( -0.493875  0.597527 -0.631703)
     C   20    Vzz=    1.0036    axis=(  0.501252  0.789270  0.354683)
     C   20  Q=         1.0000 1e-30 m^2  Cq=         2.3580 MHz  eta= 0.60188

     H   21    Vxx=   -0.0214    axis=(  0.299973 -0.490330 -0.818286)
     H   21    Vyy=   -0.6729    axis=( -0.232190 -0.869521  0.435913)
     H   21    Vzz=    0.6943    axis=( -0.925259  0.059236 -0.374683)
     H   21  Q=         1.0000 1e-30 m^2  Cq=         1.6314 MHz  eta= 0.93829

     C   22    Vxx=   -0.1264    axis=( -0.248058  0.461778  0.851604)
     C   22    Vyy=   -0.6428    axis=(  0.963640  0.027487  0.265787)
     C   22    Vzz=    0.7692    axis=(  0.099327  0.886570 -0.451806)
     C   22  Q=         1.0000 1e-30 m^2  Cq=         1.8073 MHz  eta= 0.67135

     C   23    Vxx=   -0.1738    axis=( -0.217123  0.354112  0.909650)
     C   23    Vyy=   -0.5616    axis=( -0.596628  0.689413 -0.410785)
     C   23    Vzz=    0.7353    axis=( -0.772589 -0.631913  0.061585)
     C   23  Q=         1.0000 1e-30 m^2  Cq=         1.7278 MHz  eta= 0.52741

     Cl  24    Vxx=   -1.0323    axis=(  0.709481  0.517399  0.478471)
     Cl  24    Vyy=   -1.8913    axis=(  0.647535 -0.746540 -0.152893)
     Cl  24    Vzz=    2.9236    axis=( -0.278092 -0.418301  0.864690)
     Cl  24  Q=        -8.1650 1e-30 m^2  Cq=       -56.0875 MHz  eta= 0.29383

     Initialization:
     gipaw_setup  :      9.14s CPU     11.03s WALL (       1 calls)

     Linear response

     Apply operators

     Induced current

     Other routines
     efg          :      9.47s CPU     11.62s WALL (       1 calls)

     General routines
     calbec       :      3.20s CPU      4.11s WALL (      16 calls)
     fft          :      1.43s CPU      1.69s WALL (      15 calls)
     ffts         :      0.04s CPU      0.04s WALL (       2 calls)
     fftw         :      3.38s CPU      3.95s WALL (     672 calls)
     davcio       :      0.04s CPU      0.33s WALL (      32 calls)

     Parallel routines
     fft_scatter  :      2.08s CPU      2.73s WALL (     689 calls)

     Plugins

     GIPAW        :     61.52s CPU     72.33s WALL (       1 calls)
