
     Program QE v.6.0 (svn rev. 13079) starts on 21Jan2017 at  6:10:49 

     This program is part of the open-source Quantum ESPRESSO suite
     for quantum simulation of materials; please cite
         "P. Giannozzi et al., J. Phys.:Condens. Matter 21 395502 (2009);
          URL http://www.quantum-espresso.org", 
     in publications or presentations arising from this work. More details at
     http://www.quantum-espresso.org/quote

     Parallel version (MPI), running on     8 processors
     R & G space division:  proc/nbgrp/npool/nimage =       8

     ***** This is GIPAW svn revision unknown      *****

     Parallelizing q-star over 1 images

     Reading data from directory:
     /users/majewski/paradichlorobenzene/pbe/9_constraint/scratch/pbe.ecut100.np8.dt60.pcl2phi-129368.save
     Message from routine read_xml_file:
     file /users/majewski/paradichlorobenzene/pbe/9_constraint/scratch/pbe.ecut100.np8.dt60.pcl2phi-129368.save not guaranteed to be safe for post-processing

   Info: using nr1, nr2, nr3 values from input

   Info: using nr1, nr2, nr3 values from input

     IMPORTANT: XC functional enforced from input :
     Exchange-correlation      =  SLA  PW   PBX  PBC ( 1  4  3  4 0 0)
     Any further DFT definition will be discarded
     Please, verify this is what you really want

               file C.pbe-n-kjpaw_psl.1.0.0.UPF: wavefunction(s)  2S 2P renormalized
               file Cl.pbe-n-kjpaw_psl.1.0.0.UPF: wavefunction(s)  3S 3P renormalized
               file H.pbe-kjpaw_psl.1.0.0.UPF: wavefunction(s)  1S renormalized

     Parallelization info
     --------------------
     sticks:   dense  smooth     PW     G-vecs:    dense   smooth      PW
     Min        3057    1223    332               144436    36536    5170
     Max        3059    1225    333               144437    36537    5171
     Sum       24467    9791   2657              1155489   292295   41363


     Subspace diagonalization in iterative solution of the eigenvalue problem:
     a serial algorithm will be used

     GIPAW projectors -----------------------------------------------
     atom=  C    l=0  rc=    1.2000  rs=    0.8000
     atom=  C    l=0  rc=    1.2000  rs=    0.8000
     atom=  C    l=1  rc=    1.4000  rs=    0.9333
     atom=  C    l=1  rc=    1.4000  rs=    0.9333
     projs nearly linearly dependent: l=1  n1,n2= 1, 2  s=  0.99951561

     atom=  Cl   l=0  rc=    1.6000  rs=    1.0667
     atom=  Cl   l=0  rc=    1.6000  rs=    1.0667
     atom=  Cl   l=1  rc=    1.6000  rs=    1.0667
     atom=  Cl   l=1  rc=    1.6000  rs=    1.0667
     atom=  Cl   l=2  rc=    1.6000  rs=    1.0667
     atom=  Cl   l=2  rc=    1.6000  rs=    1.0667
     projs nearly linearly dependent: l=2  n1,n2= 1, 2  s=  0.99993509

     atom=  H    l=0  rc=    1.0000  rs=    0.6667
     atom=  H    l=0  rc=    1.0000  rs=    0.6667
     projs nearly linearly dependent: l=0  n1,n2= 1, 2  s=  0.99968852
     -----------------------------------------------------------------

     GIPAW integrals: -------------------------------------------
     Atom  i/j   nmr_para   nmr_dia   epr_rmc  epr_para   epr_dia
       C   1 1   0.83E+03  0.17E-01  0.93E+01  0.24E+08  0.24E+03
       C   2 1   0.86E+03 -0.61E-01  0.94E+01  0.25E+08  0.25E+03
       C   2 2   0.90E+03 -0.15E+00  0.97E+01  0.26E+08  0.26E+03
       C   3 3   0.33E+01  0.34E+00  0.18E+01  0.55E+03  0.21E+02
       C   4 3   0.35E+01  0.37E+00  0.20E+01  0.59E+03  0.22E+02
       C   4 4   0.38E+01  0.39E+00  0.22E+01  0.63E+03  0.24E+02
       Cl  1 1   0.14E+04 -0.47E+00  0.84E+01  0.32E+09  0.42E+03
       Cl  2 1   0.21E+04 -0.37E+00  0.12E+02  0.49E+09  0.65E+03
       Cl  2 2   0.33E+04 -0.16E+00  0.21E+02  0.76E+09  0.10E+04
       Cl  3 3   0.21E+02  0.79E-01  0.89E+01  0.23E+05  0.13E+03
       Cl  4 3   0.24E+02  0.67E-01  0.99E+01  0.27E+05  0.15E+03
       Cl  4 4   0.28E+02  0.44E-01  0.11E+02  0.32E+05  0.18E+03
       Cl  5 5   0.77E+00  0.19E+00  0.18E+01  0.12E+03  0.22E+02
       Cl  6 5   0.80E+00  0.19E+00  0.19E+01  0.12E+03  0.23E+02
       Cl  6 6   0.83E+00  0.20E+00  0.19E+01  0.12E+03  0.23E+02
       H   1 1   0.39E+02  0.19E+00  0.29E+00  0.78E+05  0.13E+02
       H   2 1   0.41E+02  0.21E+00  0.32E+00  0.82E+05  0.14E+02
       H   2 2   0.43E+02  0.22E+00  0.36E+00  0.86E+05  0.15E+02
     ------------------------------------------------------------

     alpha_pv=     33.8163 eV

     Number of occupied bands for each k-point:
     k-point:     1    nbnd_occ=  42
     k-point:     2    nbnd_occ=  42
     k-point:     3    nbnd_occ=  42
     k-point:     4    nbnd_occ=  42
     k-point:     5    nbnd_occ=  42
     k-point:     6    nbnd_occ=  42
     k-point:     7    nbnd_occ=  42
     k-point:     8    nbnd_occ=  42
     k-point:     9    nbnd_occ=  42
     k-point:    10    nbnd_occ=  42
     k-point:    11    nbnd_occ=  42
     k-point:    12    nbnd_occ=  42
     k-point:    13    nbnd_occ=  42
     k-point:    14    nbnd_occ=  42
     k-point:    15    nbnd_occ=  42
     k-point:    16    nbnd_occ=  42


     q-space interpolation up to   110.00 Rydberg

     GIPAW job: efg                                                                             


     ELECTRIC FIELD GRADIENTS TENSORS IN Hartree/bohrradius^2:

     ----- bare term -----
     Cl   1        0.258553       -0.054887       -0.028031
     Cl   1       -0.054887       -0.354770       -0.303075
     Cl   1       -0.028031       -0.303075        0.096217

     C    2       -0.798876        0.495065       -0.353610
     C    2        0.495065        0.301545       -0.029858
     C    2       -0.353610       -0.029858        0.497331

     C    3        0.106827       -0.127691       -0.157191
     C    3       -0.127691       -0.433429       -0.467594
     C    3       -0.157191       -0.467594        0.326602

     H    4       -0.571819       -0.058694        0.188508
     H    4       -0.058694        0.347695       -0.236313
     H    4        0.188508       -0.236313        0.224124

     C    5       -0.679905        0.340982       -0.446238
     C    5        0.340982        0.207764        0.019417
     C    5       -0.446238        0.019417        0.472141

     H    6        0.354060       -0.203090        0.106422
     H    6       -0.203090       -0.538247       -0.362199
     H    6        0.106422       -0.362199        0.184188

     H    7        0.422834        0.239238        0.014217
     H    7        0.239238       -0.780360        0.039631
     H    7        0.014217        0.039631        0.357526

     C    8        0.001293       -0.007100       -0.152193
     C    8       -0.007100       -0.076289        0.338450
     C    8       -0.152193        0.338450        0.074995

     H    9       -0.197563        0.399397       -0.388590
     H    9        0.399397       -0.100797        0.257381
     H    9       -0.388590        0.257381        0.298359

     C   10       -0.523588       -0.281880       -0.132060
     C   10       -0.281880        0.168256        0.212021
     C   10       -0.132060        0.212021        0.355332

     C   11        0.004341        0.109381       -0.219678
     C   11        0.109381       -0.021439        0.489844
     C   11       -0.219678        0.489844        0.017099

     Cl  12       -0.185196       -0.261635        0.006551
     Cl  12       -0.261635        0.011488        0.033997
     Cl  12        0.006551        0.033997        0.173708

     H   13        0.421600       -0.199325        0.008410
     H   13       -0.199325       -0.770052       -0.043096
     H   13        0.008410       -0.043096        0.348452

     C   14        0.035316       -0.018500       -0.170213
     C   14       -0.018500       -0.085445       -0.344559
     C   14       -0.170213       -0.344559        0.050130

     H   15       -0.334175       -0.538872       -0.008701
     H   15       -0.538872        0.009897        0.119386
     H   15       -0.008701        0.119386        0.324279

     C   16       -0.505782        0.251830       -0.100893
     C   16        0.251830        0.141234       -0.161094
     C   16       -0.100893       -0.161094        0.364548

     C   17       -0.013339       -0.107282       -0.298088
     C   17       -0.107282        0.064405       -0.692117
     C   17       -0.298088       -0.692117       -0.051066

     Cl  18       -0.296094        0.303023       -0.003358
     Cl  18        0.303023        0.181780        0.063087
     Cl  18       -0.003358        0.063087        0.114314

     H   19        0.463168       -0.097579       -0.263528
     H   19       -0.097579       -0.168120        0.288595
     H   19       -0.263528        0.288595       -0.295049

     C   20       -0.486087       -0.286582       -0.037065
     C   20       -0.286582        0.224481        0.029087
     C   20       -0.037065        0.029087        0.261606

     H   21       -0.297852       -0.271366       -0.401403
     H   21       -0.271366       -0.049422        0.131450
     H   21       -0.401403        0.131450        0.347273

     C   22        0.228091       -0.048335       -0.188139
     C   22       -0.048335       -0.163366        0.548406
     C   22       -0.188139        0.548406       -0.064724

     C   23       -0.533833       -0.421096       -0.366977
     C   23       -0.421096        0.214914        0.102973
     C   23       -0.366977        0.102973        0.318919

     Cl  24       -0.002493       -0.019557        0.016062
     Cl  24       -0.019557        0.042950       -0.060785
     Cl  24        0.016062       -0.060785       -0.040457

     ----- ionic term -----
     Cl   1        0.119392       -0.218111       -0.015955
     Cl   1       -0.218111        0.043031        0.016487
     Cl   1       -0.015955        0.016487       -0.162423

     C    2        0.283664       -0.071260        0.183405
     C    2       -0.071260        0.222756        0.327305
     C    2        0.183405        0.327305       -0.506420

     C    3        0.217566       -0.118083        0.086578
     C    3       -0.118083        0.258511        0.318132
     C    3        0.086578        0.318132       -0.476077

     H    4        0.824100        0.426075        0.433843
     H    4        0.426075       -0.338342        0.169007
     H    4        0.433843        0.169007       -0.485758

     C    5        0.314411       -0.129858        0.103961
     C    5       -0.129858        0.159581        0.267437
     C    5        0.103961        0.267437       -0.473992

     H    6       -0.522921        0.086060        0.009580
     H    6        0.086060        0.864107        0.527268
     H    6        0.009580        0.527268       -0.341186

     H    7       -0.516599       -0.122179        0.069181
     H    7       -0.122179        0.694736       -0.697033
     H    7        0.069181       -0.697033       -0.178137

     C    8        0.305479        0.135017        0.273278
     C    8        0.135017        0.053615       -0.309652
     C    8        0.273278       -0.309652       -0.359094

     H    9        0.453415       -0.144785        0.765705
     H    9       -0.144785       -0.504795       -0.189842
     H    9        0.765705       -0.189842        0.051380

     C   10        0.131192        0.252388        0.215476
     C   10        0.252388        0.099686       -0.356507
     C   10        0.215476       -0.356507       -0.230877

     C   11        0.276327        0.187249        0.276647
     C   11        0.187249        0.016327       -0.366314
     C   11        0.276647       -0.366314       -0.292654

     Cl  12        0.145578        0.194279        0.003376
     Cl  12        0.194279        0.012280       -0.016258
     Cl  12        0.003376       -0.016258       -0.157858

     H   13       -0.477426        0.138189        0.073900
     H   13        0.138189        0.729551        0.625443
     H   13        0.073900        0.625443       -0.252125

     C   14        0.390511       -0.104869        0.183867
     C   14       -0.104869        0.092783        0.274818
     C   14        0.183867        0.274818       -0.483294

     H   15        0.803755        0.256114        0.541945
     H   15        0.256114       -0.428748        0.185583
     H   15        0.541945        0.185583       -0.375006

     C   16        0.209568       -0.194503        0.138956
     C   16       -0.194503        0.231142        0.331148
     C   16        0.138956        0.331148       -0.440710

     C   17        0.285241       -0.094331        0.204600
     C   17       -0.094331        0.181150        0.305527
     C   17        0.204600        0.305527       -0.466391

     Cl  18        0.146094       -0.181463        0.026985
     Cl  18       -0.181463        0.022565       -0.007371
     Cl  18        0.026985       -0.007371       -0.168659

     H   19       -0.489263       -0.208626        0.127747
     H   19       -0.208626        0.696928       -0.677234
     H   19        0.127747       -0.677234       -0.207664

     C   20        0.312348        0.157949        0.232755
     C   20        0.157949        0.019043       -0.324628
     C   20        0.232755       -0.324628       -0.331391

     H   21        0.721928       -0.364165        0.539072
     H   21       -0.364165       -0.381624       -0.230926
     H   21        0.539072       -0.230926       -0.340303

     C   22        0.149008        0.164596        0.119793
     C   22        0.164596        0.191347       -0.456090
     C   22        0.119793       -0.456090       -0.340355

     C   23        0.221559        0.055045        0.261004
     C   23        0.055045        0.081160       -0.459184
     C   23        0.261004       -0.459184       -0.302719

     Cl  24        0.148565        0.197937       -0.027625
     Cl  24        0.197937       -0.025476       -0.019033
     Cl  24       -0.027625       -0.019033       -0.123089

     ----- GIPAW term -----
     Cl   1        0.160938       -0.323040        0.378594
     Cl   1       -0.323040        0.641835        0.878147
     Cl   1        0.378594        0.878147       -0.802773

     C    2       -0.142833        0.017493       -0.023331
     C    2        0.017493        0.175648        0.115221
     C    2       -0.023331        0.115221       -0.032815

     C    3       -0.056316       -0.096705       -0.066741
     C    3       -0.096705       -0.006754        0.112574
     C    3       -0.066741        0.112574        0.063071

     H    4       -0.000000        0.000000        0.000000
     H    4        0.000000        0.000000        0.000000
     H    4        0.000000        0.000000        0.000000

     C    5       -0.086055       -0.110260       -0.144710
     C    5       -0.110260        0.093317        0.161534
     C    5       -0.144710        0.161534       -0.007262

     H    6       -0.000000        0.000000        0.000000
     H    6        0.000000        0.000000        0.000000
     H    6        0.000000        0.000000        0.000000

     H    7       -0.000000        0.000000        0.000000
     H    7        0.000000        0.000000        0.000000
     H    7        0.000000        0.000000        0.000000

     C    8       -0.050667       -0.031431       -0.010220
     C    8       -0.031431        0.152529        0.097043
     C    8       -0.010220        0.097043       -0.101861

     H    9       -0.000000        0.000000        0.000000
     H    9        0.000000        0.000000        0.000000
     H    9        0.000000        0.000000        0.000000

     C   10       -0.159590       -0.057315       -0.035059
     C   10       -0.057315        0.189516        0.107332
     C   10       -0.035059        0.107332       -0.029925

     C   11       -0.034557        0.035704       -0.036239
     C   11        0.035704        0.064710        0.132719
     C   11       -0.036239        0.132719       -0.030152

     Cl  12       -1.129934        0.420792       -0.247193
     Cl  12        0.420792        0.891466        2.265077
     Cl  12       -0.247193        2.265077        0.238467

     H   13       -0.000000        0.000000        0.000000
     H   13        0.000000        0.000000        0.000000
     H   13        0.000000        0.000000        0.000000

     C   14       -0.048220        0.014650       -0.007378
     C   14        0.014650        0.164865       -0.065263
     C   14       -0.007378       -0.065263       -0.116645

     H   15       -0.000000        0.000000        0.000000
     H   15        0.000000        0.000000        0.000000
     H   15        0.000000        0.000000        0.000000

     C   16       -0.140691        0.038558       -0.023019
     C   16        0.038558        0.165917       -0.085087
     C   16       -0.023019       -0.085087       -0.025226

     C   17       -0.063475       -0.088598       -0.040701
     C   17       -0.088598        0.259970       -0.123730
     C   17       -0.040701       -0.123730       -0.196495

     Cl  18       -1.036114       -0.433293       -0.015717
     Cl  18       -0.433293        2.712969        1.064656
     Cl  18       -0.015717        1.064656       -1.676855

     H   19       -0.000000        0.000000        0.000000
     H   19        0.000000        0.000000        0.000000
     H   19        0.000000        0.000000        0.000000

     C   20       -0.080594        0.018615        0.027215
     C   20        0.018615        0.091764        0.038429
     C   20        0.027215        0.038429       -0.011170

     H   21       -0.000000        0.000000        0.000000
     H   21        0.000000        0.000000        0.000000
     H   21        0.000000        0.000000        0.000000

     C   22       -0.052730        0.020426       -0.015129
     C   22        0.020426        0.173099        0.023628
     C   22       -0.015129        0.023628       -0.120369

     C   23       -0.097007       -0.063809       -0.042447
     C   23       -0.063809        0.183605        0.035136
     C   23       -0.042447        0.035136       -0.086598

     Cl  24       -0.059138        1.983244       -0.123000
     Cl  24        1.983244        2.091600       -1.274612
     Cl  24       -0.123000       -1.274612       -2.032462

     ----- total EFG -----
     Cl   1        0.538883       -0.596038        0.334608
     Cl   1       -0.596038        0.330097        0.591560
     Cl   1        0.334608        0.591560       -0.868979

     C    2       -0.658044        0.441299       -0.193535
     C    2        0.441299        0.699949        0.412667
     C    2       -0.193535        0.412667       -0.041905

     C    3        0.268077       -0.342479       -0.137354
     C    3       -0.342479       -0.181673       -0.036888
     C    3       -0.137354       -0.036888       -0.086404

     H    4        0.252280        0.367381        0.622351
     H    4        0.367381        0.009354       -0.067306
     H    4        0.622351       -0.067306       -0.261634

     C    5       -0.451549        0.100864       -0.486987
     C    5        0.100864        0.460662        0.448388
     C    5       -0.486987        0.448388       -0.009113

     H    6       -0.168862       -0.117030        0.116002
     H    6       -0.117030        0.325860        0.165069
     H    6        0.116002        0.165069       -0.156998

     H    7       -0.093765        0.117059        0.083398
     H    7        0.117059       -0.085624       -0.657402
     H    7        0.083398       -0.657402        0.179389

     C    8        0.256105        0.096486        0.110865
     C    8        0.096486        0.129855        0.125842
     C    8        0.110865        0.125842       -0.385960

     H    9        0.255852        0.254612        0.377115
     H    9        0.254612       -0.605591        0.067539
     H    9        0.377115        0.067539        0.349739

     C   10       -0.551987       -0.086807        0.048357
     C   10       -0.086807        0.457457       -0.037154
     C   10        0.048357       -0.037154        0.094529

     C   11        0.246110        0.332334        0.020731
     C   11        0.332334        0.059597        0.256249
     C   11        0.020731        0.256249       -0.305707

     Cl  12       -1.169551        0.353436       -0.237267
     Cl  12        0.353436        0.915234        2.282816
     Cl  12       -0.237267        2.282816        0.254317

     H   13       -0.055826       -0.061135        0.082310
     H   13       -0.061135       -0.040501        0.582347
     H   13        0.082310        0.582347        0.096328

     C   14        0.377607       -0.108719        0.006276
     C   14       -0.108719        0.172203       -0.135004
     C   14        0.006276       -0.135004       -0.549809

     H   15        0.469579       -0.282757        0.533244
     H   15       -0.282757       -0.418852        0.304969
     H   15        0.533244        0.304969       -0.050728

     C   16       -0.436905        0.095884        0.015043
     C   16        0.095884        0.538293        0.084967
     C   16        0.015043        0.084967       -0.101389

     C   17        0.208427       -0.290211       -0.134189
     C   17       -0.290211        0.505526       -0.510320
     C   17       -0.134189       -0.510320       -0.713953

     Cl  18       -1.186114       -0.311733        0.007910
     Cl  18       -0.311733        2.917314        1.120372
     Cl  18        0.007910        1.120372       -1.731199

     H   19       -0.026095       -0.306205       -0.135781
     H   19       -0.306205        0.528808       -0.388638
     H   19       -0.135781       -0.388638       -0.502713

     C   20       -0.254333       -0.110017        0.222905
     C   20       -0.110017        0.335288       -0.257111
     C   20        0.222905       -0.257111       -0.080955

     H   21        0.424076       -0.635531        0.137670
     H   21       -0.635531       -0.431046       -0.099476
     H   21        0.137670       -0.099476        0.006970

     C   22        0.324369        0.136687       -0.083476
     C   22        0.136687        0.201079        0.115943
     C   22       -0.083476        0.115943       -0.525449

     C   23       -0.409281       -0.429860       -0.148420
     C   23       -0.429860        0.479679       -0.321075
     C   23       -0.148420       -0.321075       -0.070398

     Cl  24        0.086934        2.161624       -0.134563
     Cl  24        2.161624        2.109074       -1.354430
     Cl  24       -0.134563       -1.354430       -2.196009

     ----- total EFG (symmetrized) -----
     Cl   1        0.538883       -0.596038        0.334608
     Cl   1       -0.596038        0.330097        0.591560
     Cl   1        0.334608        0.591560       -0.868979

     C    2       -0.658044        0.441299       -0.193535
     C    2        0.441299        0.699949        0.412667
     C    2       -0.193535        0.412667       -0.041905

     C    3        0.268077       -0.342479       -0.137354
     C    3       -0.342479       -0.181673       -0.036888
     C    3       -0.137354       -0.036888       -0.086404

     H    4        0.252280        0.367381        0.622351
     H    4        0.367381        0.009354       -0.067306
     H    4        0.622351       -0.067306       -0.261634

     C    5       -0.451549        0.100864       -0.486987
     C    5        0.100864        0.460662        0.448388
     C    5       -0.486987        0.448388       -0.009113

     H    6       -0.168862       -0.117030        0.116002
     H    6       -0.117030        0.325860        0.165069
     H    6        0.116002        0.165069       -0.156998

     H    7       -0.093765        0.117059        0.083398
     H    7        0.117059       -0.085624       -0.657402
     H    7        0.083398       -0.657402        0.179389

     C    8        0.256105        0.096486        0.110865
     C    8        0.096486        0.129855        0.125842
     C    8        0.110865        0.125842       -0.385960

     H    9        0.255852        0.254612        0.377115
     H    9        0.254612       -0.605591        0.067539
     H    9        0.377115        0.067539        0.349739

     C   10       -0.551987       -0.086807        0.048357
     C   10       -0.086807        0.457457       -0.037154
     C   10        0.048357       -0.037154        0.094529

     C   11        0.246110        0.332334        0.020731
     C   11        0.332334        0.059597        0.256249
     C   11        0.020731        0.256249       -0.305707

     Cl  12       -1.169551        0.353436       -0.237267
     Cl  12        0.353436        0.915234        2.282816
     Cl  12       -0.237267        2.282816        0.254317

     H   13       -0.055826       -0.061135        0.082310
     H   13       -0.061135       -0.040501        0.582347
     H   13        0.082310        0.582347        0.096328

     C   14        0.377607       -0.108719        0.006276
     C   14       -0.108719        0.172203       -0.135004
     C   14        0.006276       -0.135004       -0.549809

     H   15        0.469579       -0.282757        0.533244
     H   15       -0.282757       -0.418852        0.304969
     H   15        0.533244        0.304969       -0.050728

     C   16       -0.436905        0.095884        0.015043
     C   16        0.095884        0.538293        0.084967
     C   16        0.015043        0.084967       -0.101389

     C   17        0.208427       -0.290211       -0.134189
     C   17       -0.290211        0.505526       -0.510320
     C   17       -0.134189       -0.510320       -0.713953

     Cl  18       -1.186114       -0.311733        0.007910
     Cl  18       -0.311733        2.917314        1.120372
     Cl  18        0.007910        1.120372       -1.731199

     H   19       -0.026095       -0.306205       -0.135781
     H   19       -0.306205        0.528808       -0.388638
     H   19       -0.135781       -0.388638       -0.502713

     C   20       -0.254333       -0.110017        0.222905
     C   20       -0.110017        0.335288       -0.257111
     C   20        0.222905       -0.257111       -0.080955

     H   21        0.424076       -0.635531        0.137670
     H   21       -0.635531       -0.431046       -0.099476
     H   21        0.137670       -0.099476        0.006970

     C   22        0.324369        0.136687       -0.083476
     C   22        0.136687        0.201079        0.115943
     C   22       -0.083476        0.115943       -0.525449

     C   23       -0.409281       -0.429860       -0.148420
     C   23       -0.429860        0.479679       -0.321075
     C   23       -0.148420       -0.321075       -0.070398

     Cl  24        0.086934        2.161624       -0.134563
     Cl  24        2.161624        2.109074       -1.354430
     Cl  24       -0.134563       -1.354430       -2.196009


     NQR/NMR SPECTROSCOPIC PARAMETERS:
     Cl   1    Vxx=    0.2290    axis=(  0.610402  0.604593  0.511739)
     Cl   1    Vyy=    1.0496    axis=( -0.734422  0.673993  0.079730)
     Cl   1    Vzz=   -1.2786    axis=( -0.296704 -0.424499  0.855434)
     Cl   1  Q=        -8.1650 1e-30 m^2  Cq=        24.5291 MHz  eta= 0.64173

     C    2    Vxx=   -0.0496    axis=( -0.437989 -0.221761  0.871199)
     C    2    Vyy=   -0.9042    axis=( -0.874032  0.331768 -0.354963)
     C    2    Vzz=    0.9538    axis=( -0.210320 -0.916925 -0.339137)
     C    2  Q=         1.0000 1e-30 m^2  Cq=         2.2411 MHz  eta= 0.89589

     C    3    Vxx=   -0.0740    axis=(  0.013011 -0.360982  0.932482)
     C    3    Vyy=   -0.3984    axis=( -0.484311 -0.818148 -0.309964)
     C    3    Vzz=    0.4724    axis=( -0.874799  0.447578  0.185473)
     C    3  Q=         1.0000 1e-30 m^2  Cq=         1.1100 MHz  eta= 0.68655

     H    4    Vxx=    0.0014    axis=( -0.105621  0.874389 -0.473590)
     H    4    Vyy=    0.7693    axis=(  0.811596  0.350990  0.467031)
     H    4    Vzz=   -0.7707    axis=(  0.574592 -0.335035 -0.746723)
     H    4  Q=         1.0000 1e-30 m^2  Cq=        -1.8109 MHz  eta= 0.99629

     C    5    Vxx=    0.0934    axis=( -0.615416 -0.536279  0.577640)
     C    5    Vyy=    0.7595    axis=(  0.163189 -0.803670 -0.572263)
     C    5    Vzz=   -0.8529    axis=( -0.771124  0.257915 -0.582106)
     C    5  Q=         1.0000 1e-30 m^2  Cq=        -2.0040 MHz  eta= 0.78089

     H    6    Vxx=   -0.0496    axis=( -0.730327  0.071057 -0.679392)
     H    6    Vyy=   -0.3389    axis=( -0.667118 -0.288058  0.687005)
     H    6    Vzz=    0.3884    axis=( -0.146888  0.954973  0.257780)
     H    6  Q=         1.0000 1e-30 m^2  Cq=         0.9126 MHz  eta= 0.74479

     H    7    Vxx=   -0.0576    axis=(  0.969318  0.182373  0.164814)
     H    7    Vyy=   -0.6601    axis=( -0.245515  0.751217  0.612695)
     H    7    Vzz=    0.7176    axis=( -0.012072 -0.634361  0.772943)
     H    7  Q=         1.0000 1e-30 m^2  Cq=         1.6861 MHz  eta= 0.83958

     C    8    Vxx=    0.0835    axis=(  0.533288 -0.840090 -0.099259)
     C    8    Vyy=    0.3429    axis=(  0.835891  0.505291  0.214397)
     C    8    Vzz=   -0.4263    axis=( -0.129958 -0.197305  0.971690)
     C    8  Q=         1.0000 1e-30 m^2  Cq=        -1.0017 MHz  eta= 0.60841

     H    9    Vxx=   -0.0433    axis=(  0.683190  0.225931 -0.694411)
     H    9    Vyy=   -0.6766    axis=( -0.277848  0.959836  0.038931)
     H    9    Vzz=    0.7198    axis=(  0.675316  0.166344  0.718525)
     H    9  Q=         1.0000 1e-30 m^2  Cq=         1.6913 MHz  eta= 0.87981

     C   10    Vxx=    0.0931    axis=( -0.058841 -0.115129 -0.991606)
     C   10    Vyy=    0.4694    axis=( -0.089325  0.989950 -0.109636)
     C   10    Vzz=   -0.5625    axis=( -0.994263 -0.082124  0.068534)
     C   10  Q=         1.0000 1e-30 m^2  Cq=        -1.3216 MHz  eta= 0.66903

     C   11    Vxx=   -0.0663    axis=(  0.628967 -0.557356 -0.541992)
     C   11    Vyy=   -0.4689    axis=(  0.225665 -0.536253  0.813332)
     C   11    Vzz=    0.5352    axis=( -0.743960 -0.633867 -0.211509)
     C   11  Q=         1.0000 1e-30 m^2  Cq=         1.2574 MHz  eta= 0.75241

     Cl  12    Vxx=   -0.9533    axis=(  0.881664  0.288979 -0.373041)
     Cl  12    Vyy=   -1.9412    axis=( -0.471059  0.585538 -0.659733)
     Cl  12    Vzz=    2.8945    axis=( -0.027781 -0.757388 -0.652374)
     Cl  12  Q=        -8.1650 1e-30 m^2  Cq=       -55.5295 MHz  eta= 0.34129

     H   13    Vxx=   -0.0372    axis=(  0.981473 -0.162129  0.102107)
     H   13    Vyy=   -0.5778    axis=(  0.188994  0.731551 -0.655068)
     H   13    Vzz=    0.6149    axis=(  0.031509  0.662229  0.748639)
     H   13  Q=         1.0000 1e-30 m^2  Cq=         1.4448 MHz  eta= 0.87913

     C   14    Vxx=    0.1462    axis=(  0.422834  0.890330 -0.168888)
     C   14    Vyy=    0.4282    axis=(  0.906098 -0.418267  0.063550)
     C   14    Vzz=   -0.5744    axis=(  0.014060  0.179900  0.983584)
     C   14  Q=         1.0000 1e-30 m^2  Cq=        -1.3496 MHz  eta= 0.49103

     H   15    Vxx=    0.0038    axis=( -0.326419  0.686885  0.649338)
     H   15    Vyy=    0.8084    axis=( -0.858656  0.071720 -0.507509)
     H   15    Vzz=   -0.8122    axis=(  0.395172  0.723218 -0.566388)
     H   15  Q=         1.0000 1e-30 m^2  Cq=        -1.9083 MHz  eta= 0.99060

     C   16    Vxx=   -0.1125    axis=(  0.007392 -0.130534  0.991416)
     C   16    Vyy=   -0.4464    axis=(  0.995259 -0.095193 -0.019954)
     C   16    Vzz=    0.5588    axis=(  0.096981  0.986863  0.129212)
     C   16  Q=         1.0000 1e-30 m^2  Cq=         1.3131 MHz  eta= 0.59751

     C   17    Vxx=    0.1594    axis=(  0.902552  0.296702 -0.312039)
     C   17    Vyy=    0.7851    axis=(  0.382970 -0.884398  0.266786)
     C   17    Vzz=   -0.9446    axis=(  0.196811  0.360289  0.911843)
     C   17  Q=         1.0000 1e-30 m^2  Cq=        -2.2193 MHz  eta= 0.66245

     Cl  18    Vxx=   -1.1994    axis=(  0.992895  0.045231  0.110066)
     Cl  18    Vyy=   -1.9947    axis=(  0.097069  0.227180 -0.969003)
     Cl  18    Vzz=    3.1941    axis=( -0.068833  0.972802  0.221176)
     Cl  18  Q=        -8.1650 1e-30 m^2  Cq=       -61.2772 MHz  eta= 0.24897

     H   19    Vxx=   -0.0302    axis=(  0.887569  0.196526 -0.416653)
     H   19    Vyy=   -0.7123    axis=( -0.331540 -0.355455 -0.873918)
     H   19    Vzz=    0.7425    axis=( -0.319849  0.913799 -0.250334)
     H   19  Q=         1.0000 1e-30 m^2  Cq=         1.7445 MHz  eta= 0.91877

     C   20    Vxx=   -0.0983    axis=(  0.554226  0.524094  0.646652)
     C   20    Vyy=   -0.4118    axis=(  0.791504 -0.091408 -0.604290)
     C   20    Vzz=    0.5101    axis=(  0.257596 -0.846741  0.465483)
     C   20  Q=         1.0000 1e-30 m^2  Cq=         1.1985 MHz  eta= 0.61462

     H   21    Vxx=   -0.0281    axis=( -0.197980  0.070909  0.977638)
     H   21    Vyy=   -0.7702    axis=( -0.466832 -0.883822 -0.030433)
     H   21    Vzz=    0.7983    axis=(  0.861900 -0.462418  0.208081)
     H   21  Q=         1.0000 1e-30 m^2  Cq=         1.8756 MHz  eta= 0.92954

     C   22    Vxx=    0.1432    axis=( -0.525990  0.824505  0.208629)
     C   22    Vyy=    0.4127    axis=(  0.842077  0.539294 -0.008277)
     C   22    Vzz=   -0.5559    axis=(  0.119337 -0.171328  0.977960)
     C   22  Q=         1.0000 1e-30 m^2  Cq=        -1.3063 MHz  eta= 0.48478

     C   23    Vxx=   -0.0343    axis=(  0.489522 -0.129295 -0.862352)
     C   23    Vyy=   -0.6972    axis=( -0.818553 -0.409015 -0.403334)
     C   23    Vzz=    0.7315    axis=( -0.300565  0.903321 -0.306057)
     C   23  Q=         1.0000 1e-30 m^2  Cq=         1.7187 MHz  eta= 0.90626

     Cl  24    Vxx=   -1.0353    axis=(  0.830627 -0.407616  0.379352)
     Cl  24    Vyy=   -2.7011    axis=( -0.235582  0.360045  0.902701)
     Cl  24    Vzz=    3.7364    axis=( -0.504539 -0.839176  0.203036)
     Cl  24  Q=        -8.1650 1e-30 m^2  Cq=       -71.6812 MHz  eta= 0.44583

     Initialization:
     gipaw_setup  :      9.16s CPU     10.90s WALL (       1 calls)

     Linear response

     Apply operators

     Induced current

     Other routines
     efg          :      9.27s CPU     11.62s WALL (       1 calls)

     General routines
     calbec       :      3.20s CPU      4.30s WALL (      16 calls)
     fft          :      1.70s CPU      2.54s WALL (      15 calls)
     ffts         :      0.03s CPU      0.04s WALL (       2 calls)
     fftw         :      3.36s CPU      3.98s WALL (     672 calls)
     davcio       :      0.02s CPU      0.31s WALL (      32 calls)

     Parallel routines
     fft_scatter  :      2.26s CPU      3.66s WALL (     689 calls)

     Plugins

     GIPAW        :     60.78s CPU     71.98s WALL (       1 calls)
