
     Program QE v.6.0 (svn rev. 13079) starts on 18Jan2017 at  0:44:32 

     This program is part of the open-source Quantum ESPRESSO suite
     for quantum simulation of materials; please cite
         "P. Giannozzi et al., J. Phys.:Condens. Matter 21 395502 (2009);
          URL http://www.quantum-espresso.org", 
     in publications or presentations arising from this work. More details at
     http://www.quantum-espresso.org/quote

     Parallel version (MPI), running on     8 processors
     R & G space division:  proc/nbgrp/npool/nimage =       8

     ***** This is GIPAW svn revision unknown      *****

     Parallelizing q-star over 1 images

     Reading data from directory:
     /users/majewski/paradichlorobenzene/pbe/9_constraint/scratch/pbe.ecut100.np8.dt60.pcl2phi-129368.save
     Message from routine read_xml_file:
     file /users/majewski/paradichlorobenzene/pbe/9_constraint/scratch/pbe.ecut100.np8.dt60.pcl2phi-129368.save not guaranteed to be safe for post-processing

   Info: using nr1, nr2, nr3 values from input

   Info: using nr1, nr2, nr3 values from input

     IMPORTANT: XC functional enforced from input :
     Exchange-correlation      =  SLA  PW   PBX  PBC ( 1  4  3  4 0 0)
     Any further DFT definition will be discarded
     Please, verify this is what you really want

               file C.pbe-n-kjpaw_psl.1.0.0.UPF: wavefunction(s)  2S 2P renormalized
               file Cl.pbe-n-kjpaw_psl.1.0.0.UPF: wavefunction(s)  3S 3P renormalized
               file H.pbe-kjpaw_psl.1.0.0.UPF: wavefunction(s)  1S renormalized

     Parallelization info
     --------------------
     sticks:   dense  smooth     PW     G-vecs:    dense   smooth      PW
     Min        3057    1223    332               144436    36536    5170
     Max        3059    1225    333               144437    36537    5171
     Sum       24467    9791   2657              1155489   292295   41363


     Subspace diagonalization in iterative solution of the eigenvalue problem:
     a serial algorithm will be used

     GIPAW projectors -----------------------------------------------
     atom=  C    l=0  rc=    1.2000  rs=    0.8000
     atom=  C    l=0  rc=    1.2000  rs=    0.8000
     atom=  C    l=1  rc=    1.4000  rs=    0.9333
     atom=  C    l=1  rc=    1.4000  rs=    0.9333
     projs nearly linearly dependent: l=1  n1,n2= 1, 2  s=  0.99951561

     atom=  Cl   l=0  rc=    1.6000  rs=    1.0667
     atom=  Cl   l=0  rc=    1.6000  rs=    1.0667
     atom=  Cl   l=1  rc=    1.6000  rs=    1.0667
     atom=  Cl   l=1  rc=    1.6000  rs=    1.0667
     atom=  Cl   l=2  rc=    1.6000  rs=    1.0667
     atom=  Cl   l=2  rc=    1.6000  rs=    1.0667
     projs nearly linearly dependent: l=2  n1,n2= 1, 2  s=  0.99993509

     atom=  H    l=0  rc=    1.0000  rs=    0.6667
     atom=  H    l=0  rc=    1.0000  rs=    0.6667
     projs nearly linearly dependent: l=0  n1,n2= 1, 2  s=  0.99968852
     -----------------------------------------------------------------

     GIPAW integrals: -------------------------------------------
     Atom  i/j   nmr_para   nmr_dia   epr_rmc  epr_para   epr_dia
       C   1 1   0.83E+03  0.17E-01  0.93E+01  0.24E+08  0.24E+03
       C   2 1   0.86E+03 -0.61E-01  0.94E+01  0.25E+08  0.25E+03
       C   2 2   0.90E+03 -0.15E+00  0.97E+01  0.26E+08  0.26E+03
       C   3 3   0.33E+01  0.34E+00  0.18E+01  0.55E+03  0.21E+02
       C   4 3   0.35E+01  0.37E+00  0.20E+01  0.59E+03  0.22E+02
       C   4 4   0.38E+01  0.39E+00  0.22E+01  0.63E+03  0.24E+02
       Cl  1 1   0.14E+04 -0.47E+00  0.84E+01  0.32E+09  0.42E+03
       Cl  2 1   0.21E+04 -0.37E+00  0.12E+02  0.49E+09  0.65E+03
       Cl  2 2   0.33E+04 -0.16E+00  0.21E+02  0.76E+09  0.10E+04
       Cl  3 3   0.21E+02  0.79E-01  0.89E+01  0.23E+05  0.13E+03
       Cl  4 3   0.24E+02  0.67E-01  0.99E+01  0.27E+05  0.15E+03
       Cl  4 4   0.28E+02  0.44E-01  0.11E+02  0.32E+05  0.18E+03
       Cl  5 5   0.77E+00  0.19E+00  0.18E+01  0.12E+03  0.22E+02
       Cl  6 5   0.80E+00  0.19E+00  0.19E+01  0.12E+03  0.23E+02
       Cl  6 6   0.83E+00  0.20E+00  0.19E+01  0.12E+03  0.23E+02
       H   1 1   0.39E+02  0.19E+00  0.29E+00  0.78E+05  0.13E+02
       H   2 1   0.41E+02  0.21E+00  0.32E+00  0.82E+05  0.14E+02
       H   2 2   0.43E+02  0.22E+00  0.36E+00  0.86E+05  0.15E+02
     ------------------------------------------------------------

     alpha_pv=     34.1634 eV

     Number of occupied bands for each k-point:
     k-point:     1    nbnd_occ=  42
     k-point:     2    nbnd_occ=  42
     k-point:     3    nbnd_occ=  42
     k-point:     4    nbnd_occ=  42
     k-point:     5    nbnd_occ=  42
     k-point:     6    nbnd_occ=  42
     k-point:     7    nbnd_occ=  42
     k-point:     8    nbnd_occ=  42
     k-point:     9    nbnd_occ=  42
     k-point:    10    nbnd_occ=  42
     k-point:    11    nbnd_occ=  42
     k-point:    12    nbnd_occ=  42
     k-point:    13    nbnd_occ=  42
     k-point:    14    nbnd_occ=  42
     k-point:    15    nbnd_occ=  42
     k-point:    16    nbnd_occ=  42


     q-space interpolation up to   110.00 Rydberg

     GIPAW job: efg                                                                             


     ELECTRIC FIELD GRADIENTS TENSORS IN Hartree/bohrradius^2:

     ----- bare term -----
     Cl   1       -0.189199        0.280005       -0.020292
     Cl   1        0.280005       -0.025192        0.011406
     Cl   1       -0.020292        0.011406        0.214391

     C    2        0.109718        0.065522       -0.136760
     C    2        0.065522       -0.339689       -0.447352
     C    2       -0.136760       -0.447352        0.229971

     C    3       -0.408672        0.378280       -0.314674
     C    3        0.378280        0.149534       -0.017386
     C    3       -0.314674       -0.017386        0.259138

     H    4        0.119506       -0.043482       -0.173893
     H    4       -0.043482        0.388453       -0.194812
     H    4       -0.173893       -0.194812       -0.507959

     C    5       -0.055111       -0.264441       -0.479212
     C    5       -0.264441       -0.156660       -0.375048
     C    5       -0.479212       -0.375048        0.211771

     H    6        0.222578        0.071595        0.343614
     H    6        0.071595        0.093931       -0.387785
     H    6        0.343614       -0.387785       -0.316509

     H    7        0.353216        0.012527       -0.040973
     H    7        0.012527       -0.505936        0.501816
     H    7       -0.040973        0.501816        0.152719

     C    8       -0.419907       -0.279548       -0.462678
     C    8       -0.279548        0.096141        0.382068
     C    8       -0.462678        0.382068        0.323766

     H    9       -0.371727        0.220210       -0.513490
     H    9        0.220210        0.308904        0.224847
     H    9       -0.513490        0.224847        0.062823

     C   10       -0.096157       -0.394851       -0.238967
     C   10       -0.394851       -0.229913        0.582495
     C   10       -0.238967        0.582495        0.326071

     C   11       -0.162909       -0.177579       -0.464523
     C   11       -0.177579       -0.054508        0.386035
     C   11       -0.464523        0.386035        0.217417

     Cl  12       -0.004841       -0.012499        0.006520
     Cl  12       -0.012499       -0.045649       -0.067131
     Cl  12        0.006520       -0.067131        0.050489

     H   13        0.378446       -0.088275        0.270452
     H   13       -0.088275       -0.062174       -0.299079
     H   13        0.270452       -0.299079       -0.316272

     C   14       -0.699741        0.389740       -0.409502
     C   14        0.389740        0.448421       -0.124645
     C   14       -0.409502       -0.124645        0.251320

     H   15        0.025672       -0.139111       -0.332746
     H   15       -0.139111        0.460063        0.068269
     H   15       -0.332746        0.068269       -0.485735

     C   16        0.027798        0.315236       -0.139663
     C   16        0.315236       -0.096611       -0.613711
     C   16       -0.139663       -0.613711        0.068814

     C   17       -0.554891        0.314234       -0.315708
     C   17        0.314234        0.218206       -0.301009
     C   17       -0.315708       -0.301009        0.336685

     Cl  18       -0.007775       -0.020279        0.072179
     Cl  18       -0.020279       -0.056096        0.064234
     Cl  18        0.072179        0.064234        0.063871

     H   19        0.248864        0.445585        0.146681
     H   19        0.445585       -0.581658       -0.052239
     H   19        0.146681       -0.052239        0.332793

     C   20       -0.196620       -0.251580       -0.252613
     C   20       -0.251580       -0.151023        0.338934
     C   20       -0.252613        0.338934        0.347643

     H   21       -0.440018        0.419363       -0.377453
     H   21        0.419363        0.173589        0.183310
     H   21       -0.377453        0.183310        0.266430

     C   22       -0.330059       -0.330537       -0.350239
     C   22       -0.330537       -0.008912        0.409586
     C   22       -0.350239        0.409586        0.338971

     C   23       -0.058663       -0.133435       -0.262755
     C   23       -0.133435       -0.121872        0.587842
     C   23       -0.262755        0.587842        0.180534

     Cl  24       -0.157902       -0.098953       -0.046070
     Cl  24       -0.098953       -0.036903       -0.091911
     Cl  24       -0.046070       -0.091911        0.194805

     ----- ionic term -----
     Cl   1        0.113475       -0.225651        0.051577
     Cl   1       -0.225651        0.026085       -0.026827
     Cl   1        0.051577       -0.026827       -0.139560

     C    2        0.042691       -0.333183        0.266965
     C    2       -0.333183        0.045399        0.409535
     C    2        0.266965        0.409535       -0.088089

     C    3        0.021717       -0.348377        0.216684
     C    3       -0.348377        0.027625        0.394079
     C    3        0.216684        0.394079       -0.049341

     H    4        0.134574        0.133901        0.811274
     H    4        0.133901       -0.535263        0.237065
     H    4        0.811274        0.237065        0.400689

     C    5        0.184651       -0.245186        0.352704
     C    5       -0.245186       -0.122903        0.290648
     C    5        0.352704        0.290648       -0.061748

     H    6       -0.526724       -0.098002       -0.084910
     H    6       -0.098002        0.273653        0.786945
     H    6       -0.084910        0.786945        0.253072

     H    7       -0.499693       -0.154791        0.074109
     H    7       -0.154791        0.802755       -0.570532
     H    7        0.074109       -0.570532       -0.303062

     C    8        0.256414        0.139564        0.317075
     C    8        0.139564        0.099044       -0.276935
     C    8        0.317075       -0.276935       -0.355458

     H    9        0.592310       -0.449587        0.623428
     H    9       -0.449587       -0.304887       -0.281449
     H    9        0.623428       -0.281449       -0.287423

     C   10        0.142434        0.147114        0.208321
     C   10        0.147114        0.280482       -0.338258
     C   10        0.208321       -0.338258       -0.422916

     C   11        0.156219        0.137921        0.307460
     C   11        0.137921        0.234953       -0.331277
     C   11        0.307460       -0.331277       -0.391172

     Cl  12        0.119320        0.207147        0.031263
     Cl  12        0.207147        0.030119        0.010553
     Cl  12        0.031263        0.010553       -0.149439

     H   13       -0.517382       -0.058535       -0.012482
     H   13       -0.058535        0.447188        0.770484
     H   13       -0.012482        0.770484        0.070194

     C   14        0.199380       -0.273257        0.297581
     C   14       -0.273257       -0.066005        0.289971
     C   14        0.297581        0.289971       -0.133375

     H   15        0.289234        0.329282        0.742099
     H   15        0.329282       -0.380430        0.378290
     H   15        0.742099        0.378290        0.091196

     C   16        0.112166       -0.304460        0.197779
     C   16       -0.304460        0.060516        0.410399
     C   16        0.197779        0.410399       -0.172682

     C   17        0.163633       -0.224584        0.357832
     C   17       -0.224584       -0.083786        0.386732
     C   17        0.357832        0.386732       -0.079847

     Cl  18        0.184955       -0.205147        0.047766
     Cl  18       -0.205147       -0.066916       -0.024292
     Cl  18        0.047766       -0.024292       -0.118039

     H   19       -0.483163       -0.209143        0.115099
     H   19       -0.209143        0.769768       -0.580315
     H   19        0.115099       -0.580315       -0.286606

     C   20        0.237202        0.152949        0.363296
     C   20        0.152949        0.145514       -0.215686
     C   20        0.363296       -0.215686       -0.382715

     H   21        0.545607       -0.332726        0.686041
     H   21       -0.332726       -0.423465       -0.266863
     H   21        0.686041       -0.266863       -0.122142

     C   22        0.064899        0.212886        0.276005
     C   22        0.212886        0.264661       -0.346577
     C   22        0.276005       -0.346577       -0.329560

     C   23        0.145382        0.165810        0.350047
     C   23        0.165810        0.191665       -0.388428
     C   23        0.350047       -0.388428       -0.337046

     Cl  24        0.114356        0.227354        0.037480
     Cl  24        0.227354        0.060012        0.025037
     Cl  24        0.037480        0.025037       -0.174368

     ----- GIPAW term -----
     Cl   1       -1.128350       -0.862101       -0.627259
     Cl   1       -0.862101       -0.586504        1.724190
     Cl   1       -0.627259        1.724190        1.714854

     C    2       -0.069830       -0.021905        0.032682
     C    2       -0.021905        0.094321        0.175755
     C    2        0.032682        0.175755       -0.024491

     C    3       -0.069108       -0.022485       -0.116535
     C    3       -0.022485        0.000765        0.090806
     C    3       -0.116535        0.090806        0.068343

     H    4       -0.000000        0.000000        0.000000
     H    4        0.000000        0.000000        0.000000
     H    4        0.000000        0.000000        0.000000

     C    5        0.046129       -0.169603       -0.197501
     C    5       -0.169603       -0.085978        0.046456
     C    5       -0.197501        0.046456        0.039849

     H    6       -0.000000        0.000000        0.000000
     H    6        0.000000        0.000000        0.000000
     H    6        0.000000        0.000000        0.000000

     H    7       -0.000000        0.000000        0.000000
     H    7        0.000000        0.000000        0.000000
     H    7        0.000000        0.000000        0.000000

     C    8       -0.031552       -0.120839       -0.125882
     C    8       -0.120839        0.018901        0.111693
     C    8       -0.125882        0.111693        0.012651

     H    9       -0.000000        0.000000        0.000000
     H    9        0.000000        0.000000        0.000000
     H    9        0.000000        0.000000        0.000000

     C   10       -0.045559       -0.123618       -0.095330
     C   10       -0.123618        0.011921        0.165621
     C   10       -0.095330        0.165621        0.033638

     C   11       -0.023381       -0.051777       -0.159473
     C   11       -0.051777        0.012989        0.174971
     C   11       -0.159473        0.174971        0.010392

     Cl  12        0.100260       -0.155415       -1.115027
     Cl  12       -0.155415        0.753218        1.694324
     Cl  12       -1.115027        1.694324       -0.853478

     H   13       -0.000000        0.000000        0.000000
     H   13        0.000000        0.000000        0.000000
     H   13        0.000000        0.000000        0.000000

     C   14       -0.135398        0.159754       -0.053985
     C   14        0.159754        0.223292       -0.023874
     C   14       -0.053985       -0.023874       -0.087894

     H   15       -0.000000        0.000000        0.000000
     H   15        0.000000        0.000000        0.000000
     H   15        0.000000        0.000000        0.000000

     C   16       -0.082488        0.118490       -0.052694
     C   16        0.118490        0.157078       -0.186559
     C   16       -0.052694       -0.186559       -0.074590

     C   17       -0.124044       -0.105410       -0.038965
     C   17       -0.105410        0.244610       -0.054922
     C   17       -0.038965       -0.054922       -0.120566

     Cl  18        1.509653       -1.856953        1.862290
     Cl  18       -1.856953       -1.208335        0.233599
     Cl  18        1.862290        0.233599       -0.301318

     H   19       -0.000000        0.000000        0.000000
     H   19        0.000000        0.000000        0.000000
     H   19        0.000000        0.000000        0.000000

     C   20       -0.040756       -0.122398       -0.118397
     C   20       -0.122398       -0.012023        0.179288
     C   20       -0.118397        0.179288        0.052779

     H   21       -0.000000        0.000000        0.000000
     H   21        0.000000        0.000000        0.000000
     H   21        0.000000        0.000000        0.000000

     C   22       -0.064051       -0.130039       -0.110933
     C   22       -0.130039        0.069750        0.083573
     C   22       -0.110933        0.083573       -0.005699

     C   23        0.054032        0.032418       -0.044642
     C   23        0.032418        0.065518        0.093277
     C   23       -0.044642        0.093277       -0.119549

     Cl  24        0.342271        1.876293       -0.360171
     Cl  24        1.876293       -0.153607       -0.802996
     Cl  24       -0.360171       -0.802996       -0.188663

     ----- total EFG -----
     Cl   1       -1.204074       -0.807747       -0.595974
     Cl   1       -0.807747       -0.585611        1.708769
     Cl   1       -0.595974        1.708769        1.789686

     C    2        0.082578       -0.289566        0.162887
     C    2       -0.289566       -0.199969        0.137938
     C    2        0.162887        0.137938        0.117391

     C    3       -0.456064        0.007419       -0.214525
     C    3        0.007419        0.177923        0.467499
     C    3       -0.214525        0.467499        0.278140

     H    4        0.254080        0.090419        0.637381
     H    4        0.090419       -0.146810        0.042254
     H    4        0.637381        0.042254       -0.107270

     C    5        0.175668       -0.679230       -0.324009
     C    5       -0.679230       -0.365541       -0.037943
     C    5       -0.324009       -0.037943        0.189872

     H    6       -0.304146       -0.026406        0.258704
     H    6       -0.026406        0.367583        0.399160
     H    6        0.258704        0.399160       -0.063437

     H    7       -0.146477       -0.142264        0.033136
     H    7       -0.142264        0.296820       -0.068717
     H    7        0.033136       -0.068717       -0.150343

     C    8       -0.195045       -0.260823       -0.271485
     C    8       -0.260823        0.214087        0.216826
     C    8       -0.271485        0.216826       -0.019042

     H    9        0.220583       -0.229377        0.109938
     H    9       -0.229377        0.004017       -0.056602
     H    9        0.109938       -0.056602       -0.224600

     C   10        0.000718       -0.371355       -0.125976
     C   10       -0.371355        0.062489        0.409857
     C   10       -0.125976        0.409857       -0.063207

     C   11       -0.030071       -0.091436       -0.316536
     C   11       -0.091436        0.193434        0.229729
     C   11       -0.316536        0.229729       -0.163363

     Cl  12        0.214739        0.039233       -1.077244
     Cl  12        0.039233        0.737688        1.637746
     Cl  12       -1.077244        1.637746       -0.952427

     H   13       -0.138936       -0.146811        0.257970
     H   13       -0.146811        0.385014        0.471405
     H   13        0.257970        0.471405       -0.246078

     C   14       -0.635759        0.276237       -0.165906
     C   14        0.276237        0.605708        0.141452
     C   14       -0.165906        0.141452        0.030051

     H   15        0.314906        0.190171        0.409353
     H   15        0.190171        0.079633        0.446559
     H   15        0.409353        0.446559       -0.394539

     C   16        0.057476        0.129266        0.005422
     C   16        0.129266        0.120983       -0.389871
     C   16        0.005422       -0.389871       -0.178458

     C   17       -0.515302       -0.015760        0.003159
     C   17       -0.015760        0.379030        0.030801
     C   17        0.003159        0.030801        0.136273

     Cl  18        1.686834       -2.082380        1.982235
     Cl  18       -2.082380       -1.331347        0.273541
     Cl  18        1.982235        0.273541       -0.355487

     H   19       -0.234298        0.236442        0.261780
     H   19        0.236442        0.188111       -0.632554
     H   19        0.261780       -0.632554        0.046188

     C   20       -0.000174       -0.221029       -0.007713
     C   20       -0.221029       -0.017532        0.302535
     C   20       -0.007713        0.302535        0.017707

     H   21        0.105589        0.086636        0.308588
     H   21        0.086636       -0.249876       -0.083552
     H   21        0.308588       -0.083552        0.144287

     C   22       -0.329211       -0.247690       -0.185168
     C   22       -0.247690        0.325499        0.146583
     C   22       -0.185168        0.146583        0.003712

     C   23        0.140751        0.064793        0.042650
     C   23        0.064793        0.135310        0.292691
     C   23        0.042650        0.292691       -0.276061

     Cl  24        0.298725        2.004694       -0.368761
     Cl  24        2.004694       -0.130499       -0.869869
     Cl  24       -0.368761       -0.869869       -0.168226

     ----- total EFG (symmetrized) -----
     Cl   1       -1.204074       -0.807747       -0.595974
     Cl   1       -0.807747       -0.585611        1.708769
     Cl   1       -0.595974        1.708769        1.789686

     C    2        0.082578       -0.289566        0.162887
     C    2       -0.289566       -0.199969        0.137938
     C    2        0.162887        0.137938        0.117391

     C    3       -0.456064        0.007419       -0.214525
     C    3        0.007419        0.177923        0.467499
     C    3       -0.214525        0.467499        0.278140

     H    4        0.254080        0.090419        0.637381
     H    4        0.090419       -0.146810        0.042254
     H    4        0.637381        0.042254       -0.107270

     C    5        0.175668       -0.679230       -0.324009
     C    5       -0.679230       -0.365541       -0.037943
     C    5       -0.324009       -0.037943        0.189872

     H    6       -0.304146       -0.026406        0.258704
     H    6       -0.026406        0.367583        0.399160
     H    6        0.258704        0.399160       -0.063437

     H    7       -0.146477       -0.142264        0.033136
     H    7       -0.142264        0.296820       -0.068717
     H    7        0.033136       -0.068717       -0.150343

     C    8       -0.195045       -0.260823       -0.271485
     C    8       -0.260823        0.214087        0.216826
     C    8       -0.271485        0.216826       -0.019042

     H    9        0.220583       -0.229377        0.109938
     H    9       -0.229377        0.004017       -0.056602
     H    9        0.109938       -0.056602       -0.224600

     C   10        0.000718       -0.371355       -0.125976
     C   10       -0.371355        0.062489        0.409857
     C   10       -0.125976        0.409857       -0.063207

     C   11       -0.030071       -0.091436       -0.316536
     C   11       -0.091436        0.193434        0.229729
     C   11       -0.316536        0.229729       -0.163363

     Cl  12        0.214739        0.039233       -1.077244
     Cl  12        0.039233        0.737688        1.637746
     Cl  12       -1.077244        1.637746       -0.952427

     H   13       -0.138936       -0.146811        0.257970
     H   13       -0.146811        0.385014        0.471405
     H   13        0.257970        0.471405       -0.246078

     C   14       -0.635759        0.276237       -0.165906
     C   14        0.276237        0.605708        0.141452
     C   14       -0.165906        0.141452        0.030051

     H   15        0.314906        0.190171        0.409353
     H   15        0.190171        0.079633        0.446559
     H   15        0.409353        0.446559       -0.394539

     C   16        0.057476        0.129266        0.005422
     C   16        0.129266        0.120983       -0.389871
     C   16        0.005422       -0.389871       -0.178458

     C   17       -0.515302       -0.015760        0.003159
     C   17       -0.015760        0.379030        0.030801
     C   17        0.003159        0.030801        0.136273

     Cl  18        1.686834       -2.082380        1.982235
     Cl  18       -2.082380       -1.331347        0.273541
     Cl  18        1.982235        0.273541       -0.355487

     H   19       -0.234298        0.236442        0.261780
     H   19        0.236442        0.188111       -0.632554
     H   19        0.261780       -0.632554        0.046188

     C   20       -0.000174       -0.221029       -0.007713
     C   20       -0.221029       -0.017532        0.302535
     C   20       -0.007713        0.302535        0.017707

     H   21        0.105589        0.086636        0.308588
     H   21        0.086636       -0.249876       -0.083552
     H   21        0.308588       -0.083552        0.144287

     C   22       -0.329211       -0.247690       -0.185168
     C   22       -0.247690        0.325499        0.146583
     C   22       -0.185168        0.146583        0.003712

     C   23        0.140751        0.064793        0.042650
     C   23        0.064793        0.135310        0.292691
     C   23        0.042650        0.292691       -0.276061

     Cl  24        0.298725        2.004694       -0.368761
     Cl  24        2.004694       -0.130499       -0.869869
     Cl  24       -0.368761       -0.869869       -0.168226


     NQR/NMR SPECTROSCOPIC PARAMETERS:
     Cl   1    Vxx=   -1.0112    axis=( -0.717344  0.516408 -0.467696)
     Cl   1    Vyy=   -1.8732    axis=(  0.661825  0.714844 -0.225798)
     Cl   1    Vzz=    2.8843    axis=( -0.217726  0.471508  0.854561)
     Cl   1  Q=        -8.1650 1e-30 m^2  Cq=       -55.3348 MHz  eta= 0.29887

     C    2    Vxx=    0.1553    axis=( -0.251999  0.521779  0.815011)
     C    2    Vyy=    0.2986    axis=( -0.813333  0.342171 -0.470542)
     C    2    Vzz=   -0.4540    axis=( -0.524392 -0.781451  0.338154)
     C    2  Q=         1.0000 1e-30 m^2  Cq=        -1.0667 MHz  eta= 0.31566

     C    3    Vxx=   -0.1712    axis=(  0.429018  0.720494 -0.544823)
     C    3    Vyy=   -0.5478    axis=( -0.893452  0.249663 -0.373380)
     C    3    Vzz=    0.7190    axis=( -0.132996  0.646959  0.750837)
     C    3  Q=         1.0000 1e-30 m^2  Cq=         1.6893 MHz  eta= 0.52383

     H    4    Vxx=   -0.1565    axis=(  0.057824 -0.992936  0.103611)
     H    4    Vyy=   -0.5901    axis=( -0.605137  0.047685  0.794692)
     H    4    Vzz=    0.7466    axis=(  0.794019  0.108652  0.598104)
     H    4  Q=         1.0000 1e-30 m^2  Cq=         1.7541 MHz  eta= 0.58079

     C    5    Vxx=    0.1199    axis=(  0.238043 -0.402177  0.884075)
     C    5    Vyy=    0.7508    axis=( -0.781470  0.461210  0.420226)
     C    5    Vzz=   -0.8707    axis=( -0.576750 -0.790910 -0.204502)
     C    5  Q=         1.0000 1e-30 m^2  Cq=        -2.0457 MHz  eta= 0.72460

     H    6    Vxx=   -0.0758    axis=(  0.687463 -0.462863  0.559600)
     H    6    Vyy=   -0.5439    axis=( -0.715181 -0.297660  0.632388)
     H    6    Vzz=    0.6197    axis=(  0.126139  0.834959  0.535661)
     H    6  Q=         1.0000 1e-30 m^2  Cq=         1.4560 MHz  eta= 0.75542

     H    7    Vxx=   -0.1568    axis=(  0.311252  0.237009  0.920298)
     H    7    Vyy=   -0.1930    axis=( -0.907640 -0.212842  0.361785)
     H    7    Vzz=    0.3499    axis=(  0.281624 -0.947906  0.148871)
     H    7  Q=         1.0000 1e-30 m^2  Cq=         0.8221 MHz  eta= 0.10350

     C    8    Vxx=   -0.1211    axis=(  0.261642  0.659431 -0.704765)
     C    8    Vyy=   -0.4083    axis=( -0.851514 -0.186056 -0.490211)
     C    8    Vzz=    0.5295    axis=(  0.454386 -0.728377 -0.512835)
     C    8  Q=         1.0000 1e-30 m^2  Cq=         1.2440 MHz  eta= 0.54243

     H    9    Vxx=   -0.1403    axis=(  0.512922  0.853035  0.096141)
     H    9    Vyy=   -0.2503    axis=( -0.217636  0.020885  0.975806)
     H    9    Vzz=    0.3906    axis=(  0.830389 -0.521436  0.196364)
     H    9  Q=         1.0000 1e-30 m^2  Cq=         0.9178 MHz  eta= 0.28173

     C   10    Vxx=   -0.1518    axis=(  0.762056  0.095778  0.640388)
     C   10    Vyy=   -0.4794    axis=( -0.397826 -0.711066  0.579758)
     C   10    Vzz=    0.6313    axis=( -0.510886  0.696571  0.503769)
     C   10  Q=         1.0000 1e-30 m^2  Cq=         1.4832 MHz  eta= 0.51900

     C   11    Vxx=    0.0113    axis=(  0.661244  0.693270 -0.286589)
     C   11    Vyy=    0.4345    axis=( -0.495204  0.690359  0.527426)
     C   11    Vzz=   -0.4458    axis=(  0.563498 -0.206837  0.799805)
     C   11  Q=         1.0000 1e-30 m^2  Cq=        -1.0474 MHz  eta= 0.94951

     Cl  12    Vxx=    0.3871    axis=(  0.872176  0.473660 -0.122291)
     Cl  12    Vyy=    1.9232    axis=(  0.334313 -0.759620 -0.557865)
     Cl  12    Vzz=   -2.3103    axis=( -0.357133  0.445673 -0.820873)
     Cl  12  Q=        -8.1650 1e-30 m^2  Cq=        44.3214 MHz  eta= 0.66490

     H   13    Vxx=    0.0283    axis=(  0.870965 -0.221285  0.438694)
     H   13    Vyy=    0.6368    axis=(  0.011446 -0.883464 -0.468359)
     H   13    Vzz=   -0.6651    axis=(  0.491211  0.412946 -0.766934)
     H   13  Q=         1.0000 1e-30 m^2  Cq=        -1.5628 MHz  eta= 0.91490

     C   14    Vxx=    0.0608    axis=( -0.271540 -0.110531  0.956059)
     C   14    Vyy=    0.6817    axis=(  0.182621  0.969418  0.163944)
     C   14    Vzz=   -0.7425    axis=( -0.944942  0.219114 -0.243051)
     C   14  Q=         1.0000 1e-30 m^2  Cq=        -1.7445 MHz  eta= 0.83618

     H   15    Vxx=    0.0042    axis=(  0.655759 -0.739009 -0.154421)
     H   15    Vyy=    0.7285    axis=( -0.707175 -0.529639 -0.468387)
     H   15    Vzz=   -0.7327    axis=(  0.264354  0.416352 -0.869924)
     H   15  Q=         1.0000 1e-30 m^2  Cq=        -1.7215 MHz  eta= 0.98854

     C   16    Vxx=    0.0393    axis=(  0.947807 -0.145319  0.283802)
     C   16    Vyy=    0.4191    axis=( -0.279990 -0.805163  0.522798)
     C   16    Vzz=   -0.4584    axis=(  0.152535 -0.574973 -0.803828)
     C   16  Q=         1.0000 1e-30 m^2  Cq=        -1.0770 MHz  eta= 0.82861

     C   17    Vxx=    0.1325    axis=(  0.007843 -0.123460  0.992319)
     C   17    Vyy=    0.3831    axis=( -0.016970  0.992190  0.123578)
     C   17    Vzz=   -0.5156    axis=( -0.999825 -0.017809  0.005687)
     C   17  Q=         1.0000 1e-30 m^2  Cq=        -1.2115 MHz  eta= 0.48617

     Cl  18    Vxx=   -0.4955    axis=( -0.138684  0.602695  0.785828)
     Cl  18    Vyy=   -2.9970    axis=(  0.516165  0.721185 -0.462024)
     Cl  18    Vzz=    3.4925    axis=( -0.845187  0.341542 -0.411106)
     Cl  18  Q=        -8.1650 1e-30 m^2  Cq=       -67.0019 MHz  eta= 0.71624

     H   19    Vxx=    0.0036    axis=(  0.829047  0.371240  0.418166)
     H   19    Vyy=    0.7537    axis=(  0.001999  0.745848 -0.666113)
     H   19    Vzz=   -0.7573    axis=( -0.559176  0.553075  0.617601)
     H   19  Q=         1.0000 1e-30 m^2  Cq=        -1.7793 MHz  eta= 0.99044

     C   20    Vxx=   -0.0013    axis=(  0.807771 -0.016434  0.589267)
     C   20    Vyy=   -0.3745    axis=(  0.416117  0.723947 -0.550225)
     C   20    Vzz=    0.3758    axis=( -0.417556  0.689660  0.591622)
     C   20  Q=         1.0000 1e-30 m^2  Cq=         0.8830 MHz  eta= 0.99306

     H   21    Vxx=   -0.0923    axis=( -0.580493 -0.607025  0.542723)
     H   21    Vyy=   -0.3418    axis=(  0.441347 -0.794679 -0.416771)
     H   21    Vzz=    0.4341    axis=(  0.684281 -0.002403  0.729214)
     H   21  Q=         1.0000 1e-30 m^2  Cq=         1.0200 MHz  eta= 0.57467

     C   22    Vxx=   -0.0392    axis=( -0.162962 -0.461227  0.872188)
     C   22    Vyy=   -0.4528    axis=( -0.924272 -0.237930 -0.298515)
     C   22    Vzz=    0.4920    axis=(  0.345203 -0.854786 -0.387526)
     C   22  Q=         1.0000 1e-30 m^2  Cq=         1.1560 MHz  eta= 0.84062

     C   23    Vxx=    0.1077    axis=(  0.918738 -0.356502 -0.169784)
     C   23    Vyy=    0.3205    axis=(  0.394611  0.813441  0.427313)
     C   23    Vzz=   -0.4282    axis=( -0.014228 -0.459587  0.888019)
     C   23  Q=         1.0000 1e-30 m^2  Cq=        -1.0062 MHz  eta= 0.49687

     Cl  24    Vxx=   -0.3632    axis=(  0.393959  0.038838  0.918307)
     Cl  24    Vyy=   -2.0274    axis=( -0.613800  0.754787  0.231402)
     Cl  24    Vzz=    2.3906    axis=( -0.684139 -0.654819  0.321194)
     Cl  24  Q=        -8.1650 1e-30 m^2  Cq=       -45.8631 MHz  eta= 0.69613

     Initialization:
     gipaw_setup  :      9.14s CPU     10.97s WALL (       1 calls)

     Linear response

     Apply operators

     Induced current

     Other routines
     efg          :      9.78s CPU     12.55s WALL (       1 calls)

     General routines
     calbec       :      3.29s CPU      4.41s WALL (      16 calls)
     fft          :      1.64s CPU      2.87s WALL (      15 calls)
     ffts         :      0.03s CPU      0.04s WALL (       2 calls)
     fftw         :      3.76s CPU      4.66s WALL (     672 calls)
     davcio       :      0.04s CPU      0.35s WALL (      32 calls)

     Parallel routines
     fft_scatter  :      2.42s CPU      4.16s WALL (     689 calls)

     Plugins

     GIPAW        :     61.32s CPU     77.19s WALL (       1 calls)
