
     Program QE v.6.0 (svn rev. 13079) starts on 13Jan2017 at 12:30:49 

     This program is part of the open-source Quantum ESPRESSO suite
     for quantum simulation of materials; please cite
         "P. Giannozzi et al., J. Phys.:Condens. Matter 21 395502 (2009);
          URL http://www.quantum-espresso.org", 
     in publications or presentations arising from this work. More details at
     http://www.quantum-espresso.org/quote

     Parallel version (MPI), running on     8 processors
     R & G space division:  proc/nbgrp/npool/nimage =       8

     ***** This is GIPAW svn revision unknown      *****

     Parallelizing q-star over 1 images

     Reading data from directory:
     /users/majewski/paradichlorobenzene/pbe/9_constraint/scratch/pbe.ecut100.np8.dt60.pcl2phi-129368.save
     Message from routine read_xml_file:
     file /users/majewski/paradichlorobenzene/pbe/9_constraint/scratch/pbe.ecut100.np8.dt60.pcl2phi-129368.save not guaranteed to be safe for post-processing

   Info: using nr1, nr2, nr3 values from input

   Info: using nr1, nr2, nr3 values from input

     IMPORTANT: XC functional enforced from input :
     Exchange-correlation      =  SLA  PW   PBX  PBC ( 1  4  3  4 0 0)
     Any further DFT definition will be discarded
     Please, verify this is what you really want

               file C.pbe-n-kjpaw_psl.1.0.0.UPF: wavefunction(s)  2S 2P renormalized
               file Cl.pbe-n-kjpaw_psl.1.0.0.UPF: wavefunction(s)  3S 3P renormalized
               file H.pbe-kjpaw_psl.1.0.0.UPF: wavefunction(s)  1S renormalized

     Parallelization info
     --------------------
     sticks:   dense  smooth     PW     G-vecs:    dense   smooth      PW
     Min        3057    1223    332               144436    36536    5170
     Max        3059    1225    333               144437    36537    5171
     Sum       24467    9791   2657              1155489   292295   41363


     Subspace diagonalization in iterative solution of the eigenvalue problem:
     a serial algorithm will be used

     GIPAW projectors -----------------------------------------------
     atom=  C    l=0  rc=    1.2000  rs=    0.8000
     atom=  C    l=0  rc=    1.2000  rs=    0.8000
     atom=  C    l=1  rc=    1.4000  rs=    0.9333
     atom=  C    l=1  rc=    1.4000  rs=    0.9333
     projs nearly linearly dependent: l=1  n1,n2= 1, 2  s=  0.99951561

     atom=  Cl   l=0  rc=    1.6000  rs=    1.0667
     atom=  Cl   l=0  rc=    1.6000  rs=    1.0667
     atom=  Cl   l=1  rc=    1.6000  rs=    1.0667
     atom=  Cl   l=1  rc=    1.6000  rs=    1.0667
     atom=  Cl   l=2  rc=    1.6000  rs=    1.0667
     atom=  Cl   l=2  rc=    1.6000  rs=    1.0667
     projs nearly linearly dependent: l=2  n1,n2= 1, 2  s=  0.99993509

     atom=  H    l=0  rc=    1.0000  rs=    0.6667
     atom=  H    l=0  rc=    1.0000  rs=    0.6667
     projs nearly linearly dependent: l=0  n1,n2= 1, 2  s=  0.99968852
     -----------------------------------------------------------------

     GIPAW integrals: -------------------------------------------
     Atom  i/j   nmr_para   nmr_dia   epr_rmc  epr_para   epr_dia
       C   1 1   0.83E+03  0.17E-01  0.93E+01  0.24E+08  0.24E+03
       C   2 1   0.86E+03 -0.61E-01  0.94E+01  0.25E+08  0.25E+03
       C   2 2   0.90E+03 -0.15E+00  0.97E+01  0.26E+08  0.26E+03
       C   3 3   0.33E+01  0.34E+00  0.18E+01  0.55E+03  0.21E+02
       C   4 3   0.35E+01  0.37E+00  0.20E+01  0.59E+03  0.22E+02
       C   4 4   0.38E+01  0.39E+00  0.22E+01  0.63E+03  0.24E+02
       Cl  1 1   0.14E+04 -0.47E+00  0.84E+01  0.32E+09  0.42E+03
       Cl  2 1   0.21E+04 -0.37E+00  0.12E+02  0.49E+09  0.65E+03
       Cl  2 2   0.33E+04 -0.16E+00  0.21E+02  0.76E+09  0.10E+04
       Cl  3 3   0.21E+02  0.79E-01  0.89E+01  0.23E+05  0.13E+03
       Cl  4 3   0.24E+02  0.67E-01  0.99E+01  0.27E+05  0.15E+03
       Cl  4 4   0.28E+02  0.44E-01  0.11E+02  0.32E+05  0.18E+03
       Cl  5 5   0.77E+00  0.19E+00  0.18E+01  0.12E+03  0.22E+02
       Cl  6 5   0.80E+00  0.19E+00  0.19E+01  0.12E+03  0.23E+02
       Cl  6 6   0.83E+00  0.20E+00  0.19E+01  0.12E+03  0.23E+02
       H   1 1   0.39E+02  0.19E+00  0.29E+00  0.78E+05  0.13E+02
       H   2 1   0.41E+02  0.21E+00  0.32E+00  0.82E+05  0.14E+02
       H   2 2   0.43E+02  0.22E+00  0.36E+00  0.86E+05  0.15E+02
     ------------------------------------------------------------

     alpha_pv=     34.5075 eV

     Number of occupied bands for each k-point:
     k-point:     1    nbnd_occ=  42
     k-point:     2    nbnd_occ=  42
     k-point:     3    nbnd_occ=  42
     k-point:     4    nbnd_occ=  42
     k-point:     5    nbnd_occ=  42
     k-point:     6    nbnd_occ=  42
     k-point:     7    nbnd_occ=  42
     k-point:     8    nbnd_occ=  42
     k-point:     9    nbnd_occ=  42
     k-point:    10    nbnd_occ=  42
     k-point:    11    nbnd_occ=  42
     k-point:    12    nbnd_occ=  42
     k-point:    13    nbnd_occ=  42
     k-point:    14    nbnd_occ=  42
     k-point:    15    nbnd_occ=  42
     k-point:    16    nbnd_occ=  42


     q-space interpolation up to   110.00 Rydberg

     GIPAW job: efg                                                                             


     ELECTRIC FIELD GRADIENTS TENSORS IN Hartree/bohrradius^2:

     ----- bare term -----
     Cl   1        0.331146        0.100869       -0.128555
     Cl   1        0.100869        0.392728        0.091734
     Cl   1       -0.128555        0.091734       -0.723873

     C    2       -0.022691        0.371539        0.032305
     C    2        0.371539       -0.539092       -0.397023
     C    2        0.032305       -0.397023        0.561782

     C    3       -0.259342        0.390957       -0.352933
     C    3        0.390957       -0.198410       -0.241744
     C    3       -0.352933       -0.241744        0.457752

     H    4       -0.037430       -0.086994       -0.271290
     H    4       -0.086994        0.404261       -0.414704
     H    4       -0.271290       -0.414704       -0.366831

     C    5       -0.555151        0.201054       -0.374173
     C    5        0.201054        0.211447       -0.143177
     C    5       -0.374173       -0.143177        0.343703

     H    6       -0.207255        0.285826       -0.241163
     H    6        0.285826       -0.203063       -0.325983
     H    6       -0.241163       -0.325983        0.410318

     H    7        0.359660        0.280047        0.083066
     H    7        0.280047       -0.621341       -0.212448
     H    7        0.083066       -0.212448        0.261681

     C    8       -0.108573        0.023789       -0.160033
     C    8        0.023789       -0.101056        0.193944
     C    8       -0.160033        0.193944        0.209629

     H    9       -0.277477        0.421776        0.142942
     H    9        0.421776        0.041195       -0.171780
     H    9        0.142942       -0.171780        0.236282

     C   10       -0.173299       -0.139758        0.103804
     C   10       -0.139758       -0.063774        0.029047
     C   10        0.103804        0.029047        0.237073

     C   11       -0.059263        0.090637       -0.312960
     C   11        0.090637        0.023274        0.674776
     C   11       -0.312960        0.674776        0.035989

     Cl  12       -0.236965       -0.240113       -0.008820
     Cl  12       -0.240113        0.211980       -0.006804
     Cl  12       -0.008820       -0.006804        0.024985

     H   13       -0.104329        0.344257       -0.051516
     H   13        0.344257       -0.245465       -0.258853
     H   13       -0.051516       -0.258853        0.349794

     C   14       -0.026012       -0.341535       -0.501088
     C   14       -0.341535       -0.066386       -0.533936
     C   14       -0.501088       -0.533936        0.092398

     H   15        0.059871       -0.007156       -0.225741
     H   15       -0.007156        0.056493       -0.480284
     H   15       -0.225741       -0.480284       -0.116364

     C   16       -0.512721        0.458275       -0.309870
     C   16        0.458275        0.142488       -0.093462
     C   16       -0.309870       -0.093462        0.370232

     C   17        0.139569        0.139700       -0.089686
     C   17        0.139700       -0.473228       -0.393280
     C   17       -0.089686       -0.393280        0.333659

     Cl  18        0.191643        0.026867       -0.223788
     Cl  18        0.026867       -0.139994       -0.570666
     Cl  18       -0.223788       -0.570666       -0.051649

     H   19        0.421411        0.259128        0.123592
     H   19        0.259128       -0.566453        0.087165
     H   19        0.123592        0.087165        0.145042

     C   20       -0.648523       -0.299703       -0.492320
     C   20       -0.299703        0.023193        0.028049
     C   20       -0.492320        0.028049        0.625330

     H   21       -0.588375        0.182776        0.177303
     H   21        0.182776        0.422411        0.155147
     H   21        0.177303        0.155147        0.165964

     C   22        0.004289       -0.016230       -0.249536
     C   22       -0.016230       -0.509624        0.386300
     C   22       -0.249536        0.386300        0.505336

     C   23       -0.631250       -0.336154       -0.357977
     C   23       -0.336154        0.296492        0.208475
     C   23       -0.357977        0.208475        0.334759

     Cl  24       -0.046671        0.041348        0.005171
     Cl  24        0.041348        0.022449       -0.109434
     Cl  24        0.005171       -0.109434        0.024222

     ----- ionic term -----
     Cl   1        0.121534       -0.212448        0.108514
     Cl   1       -0.212448       -0.006738       -0.065831
     Cl   1        0.108514       -0.065831       -0.114797

     C    2        0.029718       -0.248489        0.355336
     C    2       -0.248489        0.187048        0.345379
     C    2        0.355336        0.345379       -0.216765

     C    3        0.169441       -0.301040        0.284138
     C    3       -0.301040        0.132556        0.317207
     C    3        0.284138        0.317207       -0.301997

     H    4        0.314282        0.331827        0.758701
     H    4        0.331827       -0.356064        0.345576
     H    4        0.758701        0.345576        0.041782

     C    5        0.303155       -0.219682        0.387979
     C    5       -0.219682       -0.001981        0.259614
     C    5        0.387979        0.259614       -0.301174

     H    6       -0.431615       -0.287551       -0.092104
     H    6       -0.287551        0.765446        0.562514
     H    6       -0.092104        0.562514       -0.333831

     H    7       -0.482417       -0.205160        0.073487
     H    7       -0.205160        0.894321       -0.483368
     H    7        0.073487       -0.483368       -0.411904

     C    8        0.432706        0.105419        0.131042
     C    8        0.105419        0.142508       -0.233376
     C    8        0.131042       -0.233376       -0.575214

     H    9        0.817391       -0.412094        0.394344
     H    9       -0.412094       -0.349788       -0.163634
     H    9        0.394344       -0.163634       -0.467603

     C   10        0.256646        0.170355        0.090999
     C   10        0.170355        0.320711       -0.258753
     C   10        0.090999       -0.258753       -0.577357

     C   11        0.284734        0.053947        0.183577
     C   11        0.053947        0.286016       -0.253622
     C   11        0.183577       -0.253622       -0.570750

     Cl  12        0.141324        0.195224        0.007754
     Cl  12        0.195224        0.024215        0.007210
     Cl  12        0.007754        0.007210       -0.165539

     H   13       -0.497470       -0.216956       -0.067350
     H   13       -0.216956        0.774217        0.588182
     H   13       -0.067350        0.588182       -0.276747

     C   14        0.227791       -0.229794        0.348461
     C   14       -0.229794        0.022257        0.272369
     C   14        0.348461        0.272369       -0.250048

     H   15        0.237135        0.349408        0.729176
     H   15        0.349408       -0.322961        0.399153
     H   15        0.729176        0.399153        0.085825

     C   16        0.178621       -0.302313        0.250454
     C   16       -0.302313        0.101438        0.330818
     C   16        0.250454        0.330818       -0.280059

     C   17        0.253928       -0.218388        0.345999
     C   17       -0.218388        0.022551        0.374794
     C   17        0.345999        0.374794       -0.276479

     Cl  18        0.229303       -0.192210        0.070344
     Cl  18       -0.192210       -0.075325       -0.028394
     Cl  18        0.070344       -0.028394       -0.153978

     H   19       -0.520675       -0.116703        0.049123
     H   19       -0.116703        0.892037       -0.504783
     H   19        0.049123       -0.504783       -0.371363

     C   20        0.341286        0.103369        0.149804
     C   20        0.103369        0.182903       -0.247821
     C   20        0.149804       -0.247821       -0.524189

     H   21        0.749585       -0.394242        0.482654
     H   21       -0.394242       -0.343993       -0.209067
     H   21        0.482654       -0.209067       -0.405592

     C   22        0.216381        0.164391        0.111315
     C   22        0.164391        0.303805       -0.290657
     C   22        0.111315       -0.290657       -0.520187

     C   23        0.372059        0.109399        0.112858
     C   23        0.109399        0.214327       -0.290709
     C   23        0.112858       -0.290709       -0.586386

     Cl  24        0.172237        0.256008       -0.030109
     Cl  24        0.256008        0.003886       -0.017692
     Cl  24       -0.030109       -0.017692       -0.176123

     ----- GIPAW term -----
     Cl   1        0.243517       -0.510494        0.099529
     Cl   1       -0.510494       -0.010423       -0.066398
     Cl   1        0.099529       -0.066398       -0.233094

     C    2        0.027948       -0.005458        0.174617
     C    2       -0.005458       -0.194400        0.006167
     C    2        0.174617        0.006167        0.166451

     C    3       -0.001873       -0.008713       -0.184521
     C    3       -0.008713       -0.079134        0.039095
     C    3       -0.184521        0.039095        0.081007

     H    4       -0.000000        0.000000        0.000000
     H    4        0.000000        0.000000        0.000000
     H    4        0.000000        0.000000        0.000000

     C    5        0.031101        0.144213        0.128783
     C    5        0.144213       -0.026768        0.100818
     C    5        0.128783        0.100818       -0.004333

     H    6       -0.000000        0.000000        0.000000
     H    6        0.000000        0.000000        0.000000
     H    6        0.000000        0.000000        0.000000

     H    7       -0.000000        0.000000        0.000000
     H    7        0.000000        0.000000        0.000000
     H    7        0.000000        0.000000        0.000000

     C    8       -0.048264       -0.015447       -0.024333
     C    8       -0.015447        0.031245        0.113048
     C    8       -0.024333        0.113048        0.017019

     H    9       -0.000000        0.000000        0.000000
     H    9        0.000000        0.000000        0.000000
     H    9        0.000000        0.000000        0.000000

     C   10       -0.038075       -0.001829        0.012104
     C   10       -0.001829        0.025053        0.029331
     C   10        0.012104        0.029331        0.013022

     C   11       -0.031794        0.116322       -0.049208
     C   11        0.116322        0.209615        0.124297
     C   11       -0.049208        0.124297       -0.177821

     Cl  12       -0.265468        0.837878       -0.112233
     Cl  12        0.837878        2.187268       -0.144116
     Cl  12       -0.112233       -0.144116       -1.921799

     H   13       -0.000000        0.000000        0.000000
     H   13        0.000000        0.000000        0.000000
     H   13        0.000000        0.000000        0.000000

     C   14        0.203143       -0.185316       -0.043523
     C   14       -0.185316       -0.082721       -0.075714
     C   14       -0.043523       -0.075714       -0.120423

     H   15       -0.000000        0.000000        0.000000
     H   15        0.000000        0.000000        0.000000
     H   15        0.000000        0.000000        0.000000

     C   16       -0.031208       -0.083370       -0.088875
     C   16       -0.083370        0.073615        0.073740
     C   16       -0.088875        0.073740       -0.042407

     C   17       -0.058154       -0.004173        0.054567
     C   17       -0.004173        0.003517        0.178796
     C   17        0.054567        0.178796        0.054637

     Cl  18        0.306986       -0.080224        0.176653
     Cl  18       -0.080224       -0.202106       -0.166280
     Cl  18        0.176653       -0.166280       -0.104880

     H   19       -0.000000        0.000000        0.000000
     H   19        0.000000        0.000000        0.000000
     H   19        0.000000        0.000000        0.000000

     C   20       -0.140036        0.008583       -0.188381
     C   20        0.008583       -0.065585       -0.117953
     C   20       -0.188381       -0.117953        0.205621

     H   21       -0.000000        0.000000        0.000000
     H   21        0.000000        0.000000        0.000000
     H   21        0.000000        0.000000        0.000000

     C   22       -0.072543        0.061814       -0.147399
     C   22        0.061814       -0.146106       -0.077391
     C   22       -0.147399       -0.077391        0.218649

     C   23       -0.151753        0.069137       -0.053978
     C   23        0.069137        0.276478       -0.021156
     C   23       -0.053978       -0.021156       -0.124725

     Cl  24        0.808141        2.308666       -0.015489
     Cl  24        2.308666        0.315358       -0.930126
     Cl  24       -0.015489       -0.930126       -1.123499

     ----- total EFG -----
     Cl   1        0.696197       -0.622074        0.079488
     Cl   1       -0.622074        0.375567       -0.040496
     Cl   1        0.079488       -0.040496       -1.071764

     C    2        0.034976        0.117591        0.562259
     C    2        0.117591       -0.546444       -0.045477
     C    2        0.562259       -0.045477        0.511469

     C    3       -0.091774        0.081204       -0.253316
     C    3        0.081204       -0.144988        0.114558
     C    3       -0.253316        0.114558        0.236762

     H    4        0.276851        0.244832        0.487411
     H    4        0.244832        0.048197       -0.069128
     H    4        0.487411       -0.069128       -0.325049

     C    5       -0.220895        0.125584        0.142590
     C    5        0.125584        0.182699        0.217254
     C    5        0.142590        0.217254        0.038196

     H    6       -0.638870       -0.001726       -0.333267
     H    6       -0.001726        0.562383        0.236531
     H    6       -0.333267        0.236531        0.076487

     H    7       -0.122757        0.074887        0.156552
     H    7        0.074887        0.272980       -0.695817
     H    7        0.156552       -0.695817       -0.150223

     C    8        0.275869        0.113761       -0.053324
     C    8        0.113761        0.072697        0.073617
     C    8       -0.053324        0.073617       -0.348566

     H    9        0.539914        0.009682        0.537286
     H    9        0.009682       -0.308594       -0.335414
     H    9        0.537286       -0.335414       -0.231320

     C   10        0.045271        0.028768        0.206907
     C   10        0.028768        0.281991       -0.200375
     C   10        0.206907       -0.200375       -0.327262

     C   11        0.193677        0.260906       -0.178590
     C   11        0.260906        0.518905        0.545450
     C   11       -0.178590        0.545450       -0.712582

     Cl  12       -0.361109        0.792989       -0.113299
     Cl  12        0.792989        2.423463       -0.143710
     Cl  12       -0.113299       -0.143710       -2.062353

     H   13       -0.601799        0.127301       -0.118867
     H   13        0.127301        0.528753        0.329330
     H   13       -0.118867        0.329330        0.073047

     C   14        0.404922       -0.756645       -0.196150
     C   14       -0.756645       -0.126850       -0.337281
     C   14       -0.196150       -0.337281       -0.278073

     H   15        0.297007        0.342251        0.503435
     H   15        0.342251       -0.266468       -0.081130
     H   15        0.503435       -0.081130       -0.030539

     C   16       -0.365309        0.072592       -0.148290
     C   16        0.072592        0.317542        0.311096
     C   16       -0.148290        0.311096        0.047767

     C   17        0.335343       -0.082861        0.310879
     C   17       -0.082861       -0.447160        0.160311
     C   17        0.310879        0.160311        0.111817

     Cl  18        0.727932       -0.245567        0.023209
     Cl  18       -0.245567       -0.417425       -0.765340
     Cl  18        0.023209       -0.765340       -0.310507

     H   19       -0.099264        0.142425        0.172715
     H   19        0.142425        0.325584       -0.417618
     H   19        0.172715       -0.417618       -0.226320

     C   20       -0.447273       -0.187750       -0.530897
     C   20       -0.187750        0.140511       -0.337726
     C   20       -0.530897       -0.337726        0.306762

     H   21        0.161211       -0.211466        0.659957
     H   21       -0.211466        0.078417       -0.053920
     H   21        0.659957       -0.053920       -0.239628

     C   22        0.148127        0.209974       -0.285620
     C   22        0.209974       -0.351925        0.018252
     C   22       -0.285620        0.018252        0.203798

     C   23       -0.410945       -0.157618       -0.299097
     C   23       -0.157618        0.787297       -0.103389
     C   23       -0.299097       -0.103389       -0.376353

     Cl  24        0.933707        2.606021       -0.040426
     Cl  24        2.606021        0.341693       -1.057251
     Cl  24       -0.040426       -1.057251       -1.275400

     ----- total EFG (symmetrized) -----
     Cl   1        0.696197       -0.622074        0.079488
     Cl   1       -0.622074        0.375567       -0.040496
     Cl   1        0.079488       -0.040496       -1.071764

     C    2        0.034976        0.117591        0.562259
     C    2        0.117591       -0.546444       -0.045477
     C    2        0.562259       -0.045477        0.511469

     C    3       -0.091774        0.081204       -0.253316
     C    3        0.081204       -0.144988        0.114558
     C    3       -0.253316        0.114558        0.236762

     H    4        0.276851        0.244832        0.487411
     H    4        0.244832        0.048197       -0.069128
     H    4        0.487411       -0.069128       -0.325049

     C    5       -0.220895        0.125584        0.142590
     C    5        0.125584        0.182699        0.217254
     C    5        0.142590        0.217254        0.038196

     H    6       -0.638870       -0.001726       -0.333267
     H    6       -0.001726        0.562383        0.236531
     H    6       -0.333267        0.236531        0.076487

     H    7       -0.122757        0.074887        0.156552
     H    7        0.074887        0.272980       -0.695817
     H    7        0.156552       -0.695817       -0.150223

     C    8        0.275869        0.113761       -0.053324
     C    8        0.113761        0.072697        0.073617
     C    8       -0.053324        0.073617       -0.348566

     H    9        0.539914        0.009682        0.537286
     H    9        0.009682       -0.308594       -0.335414
     H    9        0.537286       -0.335414       -0.231320

     C   10        0.045271        0.028768        0.206907
     C   10        0.028768        0.281991       -0.200375
     C   10        0.206907       -0.200375       -0.327262

     C   11        0.193677        0.260906       -0.178590
     C   11        0.260906        0.518905        0.545450
     C   11       -0.178590        0.545450       -0.712582

     Cl  12       -0.361109        0.792989       -0.113299
     Cl  12        0.792989        2.423463       -0.143710
     Cl  12       -0.113299       -0.143710       -2.062353

     H   13       -0.601799        0.127301       -0.118867
     H   13        0.127301        0.528753        0.329330
     H   13       -0.118867        0.329330        0.073047

     C   14        0.404922       -0.756645       -0.196150
     C   14       -0.756645       -0.126850       -0.337281
     C   14       -0.196150       -0.337281       -0.278073

     H   15        0.297007        0.342251        0.503435
     H   15        0.342251       -0.266468       -0.081130
     H   15        0.503435       -0.081130       -0.030539

     C   16       -0.365309        0.072592       -0.148290
     C   16        0.072592        0.317542        0.311096
     C   16       -0.148290        0.311096        0.047767

     C   17        0.335343       -0.082861        0.310879
     C   17       -0.082861       -0.447160        0.160311
     C   17        0.310879        0.160311        0.111817

     Cl  18        0.727932       -0.245567        0.023209
     Cl  18       -0.245567       -0.417425       -0.765340
     Cl  18        0.023209       -0.765340       -0.310507

     H   19       -0.099264        0.142425        0.172715
     H   19        0.142425        0.325584       -0.417618
     H   19        0.172715       -0.417618       -0.226320

     C   20       -0.447273       -0.187750       -0.530897
     C   20       -0.187750        0.140511       -0.337726
     C   20       -0.530897       -0.337726        0.306762

     H   21        0.161211       -0.211466        0.659957
     H   21       -0.211466        0.078417       -0.053920
     H   21        0.659957       -0.053920       -0.239628

     C   22        0.148127        0.209974       -0.285620
     C   22        0.209974       -0.351925        0.018252
     C   22       -0.285620        0.018252        0.203798

     C   23       -0.410945       -0.157618       -0.299097
     C   23       -0.157618        0.787297       -0.103389
     C   23       -0.299097       -0.103389       -0.376353

     Cl  24        0.933707        2.606021       -0.040426
     Cl  24        2.606021        0.341693       -1.057251
     Cl  24       -0.040426       -1.057251       -1.275400


     NQR/NMR SPECTROSCOPIC PARAMETERS:
     Cl   1    Vxx=   -0.1062    axis=(  0.611537  0.791030  0.017168)
     Cl   1    Vyy=   -1.0755    axis=(  0.041244 -0.010201 -0.999097)
     Cl   1    Vzz=    1.1817    axis=( -0.790140  0.611693 -0.038864)
     Cl   1  Q=        -8.1650 1e-30 m^2  Cq=       -22.6701 MHz  eta= 0.82021

     C    2    Vxx=   -0.2805    axis=( -0.751425 -0.419407  0.509371)
     C    2    Vyy=   -0.6039    axis=(  0.358857 -0.907599 -0.217914)
     C    2    Vzz=    0.8844    axis=(  0.553699  0.019045  0.832499)
     C    2  Q=         1.0000 1e-30 m^2  Cq=         2.0780 MHz  eta= 0.36559

     C    3    Vxx=   -0.0600    axis=(  0.575334  0.797093  0.183394)
     C    3    Vyy=   -0.3220    axis=( -0.682010  0.591291 -0.430392)
     C    3    Vzz=    0.3821    axis=( -0.451502  0.122542  0.883815)
     C    3  Q=         1.0000 1e-30 m^2  Cq=         0.8977 MHz  eta= 0.68581

     H    4    Vxx=    0.0359    axis=( -0.153554  0.911365 -0.381883)
     H    4    Vyy=    0.6094    axis=( -0.849788 -0.319014 -0.419630)
     H    4    Vzz=   -0.6454    axis=( -0.504263  0.260084  0.823453)
     H    4  Q=         1.0000 1e-30 m^2  Cq=        -1.5163 MHz  eta= 0.88871

     C    5    Vxx=   -0.1091    axis=( -0.217623  0.641459 -0.735643)
     C    5    Vyy=   -0.2863    axis=( -0.932175  0.086799  0.351449)
     C    5    Vzz=    0.3954    axis=(  0.289293  0.762231  0.579062)
     C    5  Q=         1.0000 1e-30 m^2  Cq=         0.9291 MHz  eta= 0.44837

     H    6    Vxx=    0.1034    axis=( -0.369588 -0.426764  0.825395)
     H    6    Vyy=    0.6723    axis=(  0.107492 -0.901963 -0.418221)
     H    6    Vzz=   -0.7757    axis=(  0.922957 -0.065846  0.379228)
     H    6  Q=         1.0000 1e-30 m^2  Cq=        -1.8225 MHz  eta= 0.73335

     H    7    Vxx=   -0.0749    axis=(  0.960223  0.194339  0.200509)
     H    7    Vyy=   -0.7150    axis=( -0.276772  0.567262  0.775636)
     H    7    Vzz=    0.7899    axis=(  0.036996 -0.800279  0.598485)
     H    7  Q=         1.0000 1e-30 m^2  Cq=         1.8559 MHz  eta= 0.81032

     C    8    Vxx=    0.0420    axis=( -0.385233  0.895851  0.221465)
     C    8    Vyy=    0.3273    axis=(  0.915703  0.400837 -0.028586)
     C    8    Vzz=   -0.3693    axis=(  0.114380 -0.191785  0.974749)
     C    8  Q=         1.0000 1e-30 m^2  Cq=        -0.8677 MHz  eta= 0.77267

     H    9    Vxx=   -0.1039    axis=(  0.383001  0.793341 -0.473203)
     H    9    Vyy=   -0.7312    axis=( -0.317029  0.594039  0.739331)
     H    9    Vzz=    0.8351    axis=(  0.867642 -0.133145  0.479030)
     H    9  Q=         1.0000 1e-30 m^2  Cq=         1.9621 MHz  eta= 0.75126

     C   10    Vxx=    0.1240    axis=( -0.918885 -0.234803 -0.317047)
     C   10    Vyy=    0.3461    axis=( -0.129748  0.938764 -0.319198)
     C   10    Vzz=   -0.4702    axis=( -0.372580  0.252170  0.893081)
     C   10  Q=         1.0000 1e-30 m^2  Cq=        -1.1047 MHz  eta= 0.47247

     C   11    Vxx=    0.1930    axis=(  0.924753 -0.216656 -0.312876)
     C   11    Vyy=    0.7849    axis=( -0.310801 -0.904395 -0.292357)
     C   11    Vzz=   -0.9779    axis=(  0.219623 -0.367600  0.903679)
     C   11  Q=         1.0000 1e-30 m^2  Cq=        -2.2976 MHz  eta= 0.60532

     Cl  12    Vxx=   -0.5676    axis=(  0.964899 -0.258137 -0.048319)
     Cl  12    Vyy=   -2.0719    axis=( -0.055886 -0.022053 -0.998194)
     Cl  12    Vzz=    2.6395    axis=(  0.256605  0.965857 -0.035705)
     Cl  12  Q=        -8.1650 1e-30 m^2  Cq=       -50.6366 MHz  eta= 0.56992

     H   13    Vxx=   -0.0509    axis=( -0.283779 -0.425804  0.859163)
     H   13    Vyy=   -0.6531    axis=( -0.957824  0.168115 -0.233048)
     H   13    Vzz=    0.7040    axis=( -0.045206 -0.889060 -0.455553)
     H   13  Q=         1.0000 1e-30 m^2  Cq=         1.6541 MHz  eta= 0.85537

     C   14    Vxx=   -0.0378    axis=( -0.329788 -0.413021  0.848913)
     C   14    Vyy=   -0.9043    axis=(  0.482925  0.698856  0.527622)
     C   14    Vzz=    0.9421    axis=( -0.811187  0.583964 -0.031016)
     C   14  Q=         1.0000 1e-30 m^2  Cq=         2.2136 MHz  eta= 0.91981

     H   15    Vxx=   -0.0974    axis=(  0.204251  0.727724 -0.654751)
     H   15    Vyy=   -0.6222    axis=( -0.538100  0.642203  0.545916)
     H   15    Vzz=    0.7196    axis=( -0.817759 -0.240818 -0.522758)
     H   15  Q=         1.0000 1e-30 m^2  Cq=         1.6908 MHz  eta= 0.72926

     C   16    Vxx=   -0.0668    axis=(  0.480065  0.495375 -0.723976)
     C   16    Vyy=   -0.4555    axis=( -0.876894  0.248050 -0.411738)
     C   16    Vzz=    0.5222    axis=(  0.024382 -0.832511 -0.553471)
     C   16  Q=         1.0000 1e-30 m^2  Cq=         1.2271 MHz  eta= 0.74430

     C   17    Vxx=   -0.0303    axis=( -0.542204  0.393304  0.742514)
     C   17    Vyy=   -0.5243    axis=(  0.209355  0.919052 -0.333938)
     C   17    Vzz=    0.5546    axis=( -0.813748 -0.025613 -0.580654)
     C   17  Q=         1.0000 1e-30 m^2  Cq=         1.3030 MHz  eta= 0.89080

     Cl  18    Vxx=    0.3229    axis=( -0.398932 -0.591796  0.700450)
     Cl  18    Vyy=    0.8228    axis=(  0.912739 -0.329653  0.241321)
     Cl  18    Vzz=   -1.1457    axis=(  0.088093  0.735599  0.671665)
     Cl  18  Q=        -8.1650 1e-30 m^2  Cq=        21.9788 MHz  eta= 0.43631

     H   19    Vxx=    0.0034    axis=(  0.898040  0.142485  0.416201)
     H   19    Vyy=    0.5533    axis=(  0.071963  0.885768 -0.458515)
     H   19    Vzz=   -0.5567    axis=( -0.433989  0.441716  0.785201)
     H   19  Q=         1.0000 1e-30 m^2  Cq=        -1.3081 MHz  eta= 0.98786

     C   20    Vxx=    0.1522    axis=(  0.472695 -0.849792 -0.233264)
     C   20    Vyy=    0.6793    axis=(  0.329945  0.416121 -0.847337)
     C   20    Vzz=   -0.8316    axis=(  0.817126  0.323568  0.477083)
     C   20  Q=         1.0000 1e-30 m^2  Cq=        -1.9539 MHz  eta= 0.63385

     H   21    Vxx=    0.0225    axis=(  0.182625  0.946796  0.265002)
     H   21    Vyy=    0.7151    axis=( -0.775422  0.304412 -0.553221)
     H   21    Vzz=   -0.7376    axis=( -0.604457 -0.104456  0.789760)
     H   21  Q=         1.0000 1e-30 m^2  Cq=        -1.7331 MHz  eta= 0.93889

     C   22    Vxx=   -0.0314    axis=( -0.591099 -0.426192 -0.684808)
     C   22    Vyy=   -0.4522    axis=(  0.407679 -0.890440  0.202275)
     C   22    Vzz=    0.4836    axis=( -0.695988 -0.159617  0.700088)
     C   22  Q=         1.0000 1e-30 m^2  Cq=         1.1362 MHz  eta= 0.87023

     C   23    Vxx=   -0.0952    axis=( -0.678012 -0.035079  0.734213)
     C   23    Vyy=   -0.7162    axis=(  0.726191  0.122649  0.676464)
     C   23    Vzz=    0.8114    axis=( -0.113780  0.991830 -0.057683)
     C   23  Q=         1.0000 1e-30 m^2  Cq=         1.9064 MHz  eta= 0.76532

     Cl  24    Vxx=   -0.8804    axis=( -0.481861  0.322793 -0.814625)
     Cl  24    Vyy=   -2.4987    axis=( -0.497770  0.664267  0.557651)
     Cl  24    Vzz=    3.3791    axis=(  0.721134  0.674207 -0.159407)
     Cl  24  Q=        -8.1650 1e-30 m^2  Cq=       -64.8259 MHz  eta= 0.47892

     Initialization:
     gipaw_setup  :      9.40s CPU     11.17s WALL (       1 calls)

     Linear response

     Apply operators

     Induced current

     Other routines
     efg          :      9.27s CPU     11.39s WALL (       1 calls)

     General routines
     calbec       :      3.24s CPU      4.04s WALL (      16 calls)
     fft          :      1.57s CPU      2.41s WALL (      15 calls)
     ffts         :      0.04s CPU      0.05s WALL (       2 calls)
     fftw         :      3.26s CPU      3.94s WALL (     672 calls)
     davcio       :      0.02s CPU      0.33s WALL (      32 calls)

     Parallel routines
     fft_scatter  :      2.22s CPU      3.55s WALL (     689 calls)

     Plugins

     GIPAW        :     61.02s CPU     74.23s WALL (       1 calls)
