
     Program QE v.6.0 (svn rev. 13079) starts on 25Dec2016 at 15: 7:41 

     This program is part of the open-source Quantum ESPRESSO suite
     for quantum simulation of materials; please cite
         "P. Giannozzi et al., J. Phys.:Condens. Matter 21 395502 (2009);
          URL http://www.quantum-espresso.org", 
     in publications or presentations arising from this work. More details at
     http://www.quantum-espresso.org/quote

     Parallel version (MPI), running on     8 processors
     R & G space division:  proc/nbgrp/npool/nimage =       8

     ***** This is GIPAW svn revision unknown      *****

     Parallelizing q-star over 1 images

     Reading data from directory:
     /users/majewski/paradichlorobenzene/pbe/9_constraint/scratch/pbe.ecut100.np8.dt60.pcl2phi-129368.save
     Message from routine read_xml_file:
     file /users/majewski/paradichlorobenzene/pbe/9_constraint/scratch/pbe.ecut100.np8.dt60.pcl2phi-129368.save not guaranteed to be safe for post-processing

   Info: using nr1, nr2, nr3 values from input

   Info: using nr1, nr2, nr3 values from input

     IMPORTANT: XC functional enforced from input :
     Exchange-correlation      =  SLA  PW   PBX  PBC ( 1  4  3  4 0 0)
     Any further DFT definition will be discarded
     Please, verify this is what you really want

               file C.pbe-n-kjpaw_psl.1.0.0.UPF: wavefunction(s)  2S 2P renormalized
               file Cl.pbe-n-kjpaw_psl.1.0.0.UPF: wavefunction(s)  3S 3P renormalized
               file H.pbe-kjpaw_psl.1.0.0.UPF: wavefunction(s)  1S renormalized

     Parallelization info
     --------------------
     sticks:   dense  smooth     PW     G-vecs:    dense   smooth      PW
     Min        3057    1223    332               144436    36536    5170
     Max        3059    1225    333               144437    36537    5171
     Sum       24467    9791   2657              1155489   292295   41363


     Subspace diagonalization in iterative solution of the eigenvalue problem:
     a serial algorithm will be used

     GIPAW projectors -----------------------------------------------
     atom=  C    l=0  rc=    1.2000  rs=    0.8000
     atom=  C    l=0  rc=    1.2000  rs=    0.8000
     atom=  C    l=1  rc=    1.4000  rs=    0.9333
     atom=  C    l=1  rc=    1.4000  rs=    0.9333
     projs nearly linearly dependent: l=1  n1,n2= 1, 2  s=  0.99951561

     atom=  Cl   l=0  rc=    1.6000  rs=    1.0667
     atom=  Cl   l=0  rc=    1.6000  rs=    1.0667
     atom=  Cl   l=1  rc=    1.6000  rs=    1.0667
     atom=  Cl   l=1  rc=    1.6000  rs=    1.0667
     atom=  Cl   l=2  rc=    1.6000  rs=    1.0667
     atom=  Cl   l=2  rc=    1.6000  rs=    1.0667
     projs nearly linearly dependent: l=2  n1,n2= 1, 2  s=  0.99993509

     atom=  H    l=0  rc=    1.0000  rs=    0.6667
     atom=  H    l=0  rc=    1.0000  rs=    0.6667
     projs nearly linearly dependent: l=0  n1,n2= 1, 2  s=  0.99968852
     -----------------------------------------------------------------

     GIPAW integrals: -------------------------------------------
     Atom  i/j   nmr_para   nmr_dia   epr_rmc  epr_para   epr_dia
       C   1 1   0.83E+03  0.17E-01  0.93E+01  0.24E+08  0.24E+03
       C   2 1   0.86E+03 -0.61E-01  0.94E+01  0.25E+08  0.25E+03
       C   2 2   0.90E+03 -0.15E+00  0.97E+01  0.26E+08  0.26E+03
       C   3 3   0.33E+01  0.34E+00  0.18E+01  0.55E+03  0.21E+02
       C   4 3   0.35E+01  0.37E+00  0.20E+01  0.59E+03  0.22E+02
       C   4 4   0.38E+01  0.39E+00  0.22E+01  0.63E+03  0.24E+02
       Cl  1 1   0.14E+04 -0.47E+00  0.84E+01  0.32E+09  0.42E+03
       Cl  2 1   0.21E+04 -0.37E+00  0.12E+02  0.49E+09  0.65E+03
       Cl  2 2   0.33E+04 -0.16E+00  0.21E+02  0.76E+09  0.10E+04
       Cl  3 3   0.21E+02  0.79E-01  0.89E+01  0.23E+05  0.13E+03
       Cl  4 3   0.24E+02  0.67E-01  0.99E+01  0.27E+05  0.15E+03
       Cl  4 4   0.28E+02  0.44E-01  0.11E+02  0.32E+05  0.18E+03
       Cl  5 5   0.77E+00  0.19E+00  0.18E+01  0.12E+03  0.22E+02
       Cl  6 5   0.80E+00  0.19E+00  0.19E+01  0.12E+03  0.23E+02
       Cl  6 6   0.83E+00  0.20E+00  0.19E+01  0.12E+03  0.23E+02
       H   1 1   0.39E+02  0.19E+00  0.29E+00  0.78E+05  0.13E+02
       H   2 1   0.41E+02  0.21E+00  0.32E+00  0.82E+05  0.14E+02
       H   2 2   0.43E+02  0.22E+00  0.36E+00  0.86E+05  0.15E+02
     ------------------------------------------------------------

     alpha_pv=     34.4013 eV

     Number of occupied bands for each k-point:
     k-point:     1    nbnd_occ=  42
     k-point:     2    nbnd_occ=  42
     k-point:     3    nbnd_occ=  42
     k-point:     4    nbnd_occ=  42
     k-point:     5    nbnd_occ=  42
     k-point:     6    nbnd_occ=  42
     k-point:     7    nbnd_occ=  42
     k-point:     8    nbnd_occ=  42
     k-point:     9    nbnd_occ=  42
     k-point:    10    nbnd_occ=  42
     k-point:    11    nbnd_occ=  42
     k-point:    12    nbnd_occ=  42
     k-point:    13    nbnd_occ=  42
     k-point:    14    nbnd_occ=  42
     k-point:    15    nbnd_occ=  42
     k-point:    16    nbnd_occ=  42


     q-space interpolation up to   110.00 Rydberg

     GIPAW job: efg                                                                             


     ELECTRIC FIELD GRADIENTS TENSORS IN Hartree/bohrradius^2:

     ----- bare term -----
     Cl   1       -0.016397       -0.100563       -0.029130
     Cl   1       -0.100563        0.142786       -0.019742
     Cl   1       -0.029130       -0.019742       -0.126389

     C    2       -0.416334        0.398574       -0.221042
     C    2        0.398574        0.062554       -0.192729
     C    2       -0.221042       -0.192729        0.353780

     C    3        0.196022        0.041510       -0.117868
     C    3        0.041510       -0.096807       -0.276340
     C    3       -0.117868       -0.276340       -0.099215

     H    4        0.028369        0.120857       -0.491443
     H    4        0.120857        0.083479        0.230403
     H    4       -0.491443        0.230403       -0.111848

     C    5       -0.368323        0.262814       -0.003779
     C    5        0.262814        0.200769       -0.017797
     C    5       -0.003779       -0.017797        0.167554

     H    6        0.553164       -0.009070       -0.005855
     H    6       -0.009070       -0.082844       -0.228738
     H    6       -0.005855       -0.228738       -0.470320

     H    7        0.440135        0.148760       -0.018464
     H    7        0.148760       -0.760400        0.273072
     H    7       -0.018464        0.273072        0.320265

     C    8        0.025615       -0.255305       -0.000452
     C    8       -0.255305       -0.252059        0.392625
     C    8       -0.000452        0.392625        0.226444

     H    9       -0.336121        0.568926       -0.206779
     H    9        0.568926       -0.046072        0.087536
     H    9       -0.206779        0.087536        0.382193

     C   10       -0.515523       -0.288710       -0.274297
     C   10       -0.288710        0.197982        0.093887
     C   10       -0.274297        0.093887        0.317542

     C   11        0.093400       -0.173431       -0.085572
     C   11       -0.173431       -0.042465        0.588573
     C   11       -0.085572        0.588573       -0.050934

     Cl  12       -0.239018       -0.197891       -0.016098
     Cl  12       -0.197891        0.162807       -0.075092
     Cl  12       -0.016098       -0.075092        0.076212

     H   13        0.374493        0.181791       -0.012448
     H   13        0.181791       -0.706306       -0.317653
     H   13       -0.012448       -0.317653        0.331813

     C   14       -0.161519       -0.085372       -0.276081
     C   14       -0.085372        0.033603       -0.495429
     C   14       -0.276081       -0.495429        0.127916

     H   15       -0.222041       -0.204669       -0.440934
     H   15       -0.204669        0.023562       -0.350532
     H   15       -0.440934       -0.350532        0.198479

     C   16       -0.533252        0.315789       -0.025765
     C   16        0.315789        0.135643       -0.364289
     C   16       -0.025765       -0.364289        0.397609

     C   17       -0.078837       -0.195500       -0.309072
     C   17       -0.195500        0.026171       -0.708066
     C   17       -0.309072       -0.708066        0.052666

     Cl  18       -0.283979        0.241997       -0.025827
     Cl  18        0.241997        0.112160        0.012689
     Cl  18       -0.025827        0.012689        0.171819

     H   19        0.436912        0.070992       -0.048854
     H   19        0.070992       -0.605387        0.592096
     H   19       -0.048854        0.592096        0.168475

     C   20       -0.947683       -0.378950       -0.434894
     C   20       -0.378950        0.492338        0.014795
     C   20       -0.434894        0.014795        0.455345

     H   21       -0.474733       -0.188423       -0.086921
     H   21       -0.188423        0.133572        0.415445
     H   21       -0.086921        0.415445        0.341160

     C   22        0.176808       -0.130233       -0.100719
     C   22       -0.130233       -0.431139        0.546922
     C   22       -0.100719        0.546922        0.254332

     C   23       -0.611437       -0.365458       -0.430160
     C   23       -0.365458        0.214898        0.056436
     C   23       -0.430160        0.056436        0.396540

     Cl  24       -0.039824       -0.089612        0.065622
     Cl  24       -0.089612        0.047584       -0.122430
     Cl  24        0.065622       -0.122430       -0.007760

     ----- ionic term -----
     Cl   1        0.161283       -0.210770       -0.029311
     Cl   1       -0.210770       -0.040649        0.019013
     Cl   1       -0.029311        0.019013       -0.120634

     C    2        0.213023       -0.195604        0.232760
     C    2       -0.195604        0.000307        0.417727
     C    2        0.232760        0.417727       -0.213330

     C    3        0.177473       -0.295223        0.182814
     C    3       -0.295223        0.101675        0.367784
     C    3        0.182814        0.367784       -0.279148

     H    4        0.641237        0.241919        0.663319
     H    4        0.241919       -0.446627        0.215397
     H    4        0.663319        0.215397       -0.194610

     C    5        0.244855       -0.260679        0.316139
     C    5       -0.260679        0.027152        0.280211
     C    5        0.316139        0.280211       -0.272007

     H    6       -0.530191        0.056645        0.066864
     H    6        0.056645        0.719040        0.689491
     H    6        0.066864        0.689491       -0.188849

     H    7       -0.510660        0.014753       -0.005097
     H    7        0.014753        0.788745       -0.613533
     H    7       -0.005097       -0.613533       -0.278085

     C    8        0.327484        0.178472        0.210163
     C    8        0.178472        0.046711       -0.325209
     C    8        0.210163       -0.325209       -0.374195

     H    9        0.667652       -0.271966        0.646546
     H    9       -0.271966       -0.465085       -0.220460
     H    9        0.646546       -0.220460       -0.202567

     C   10        0.176203        0.203789        0.132061
     C   10        0.203789        0.179121       -0.418701
     C   10        0.132061       -0.418701       -0.355323

     C   11        0.173857        0.153294        0.213874
     C   11        0.153294        0.221892       -0.363251
     C   11        0.213874       -0.363251       -0.395750

     Cl  12        0.079781        0.199970        0.016844
     Cl  12        0.199970        0.083541        0.011055
     Cl  12        0.016844        0.011055       -0.163322

     H   13       -0.512053       -0.046159       -0.034437
     H   13       -0.046159        0.486521        0.774720
     H   13       -0.034437        0.774720        0.025532

     C   14        0.258768       -0.268918        0.261164
     C   14       -0.268918        0.021306        0.305405
     C   14        0.261164        0.305405       -0.280074

     H   15        0.443034        0.159800        0.782816
     H   15        0.159800       -0.487351        0.213250
     H   15        0.782816        0.213250        0.044317

     C   16        0.101939       -0.319867        0.221164
     C   16       -0.319867        0.168761        0.378580
     C   16        0.221164        0.378580       -0.270700

     C   17        0.145290       -0.271120        0.365839
     C   17       -0.271120        0.102805        0.344593
     C   17        0.365839        0.344593       -0.248094

     Cl  18        0.126309       -0.226390        0.052051
     Cl  18       -0.226390        0.046208       -0.023488
     Cl  18        0.052051       -0.023488       -0.172517

     H   19       -0.504289       -0.115278        0.047055
     H   19       -0.115278        0.875579       -0.527741
     H   19        0.047055       -0.527741       -0.371291

     C   20        0.295805        0.176726        0.151523
     C   20        0.176726        0.150686       -0.273242
     C   20        0.151523       -0.273242       -0.446492

     H   21        0.814556       -0.276379        0.519878
     H   21       -0.276379       -0.407983       -0.180439
     H   21        0.519878       -0.180439       -0.406573

     C   22        0.211810        0.187345        0.134025
     C   22        0.187345        0.211721       -0.374324
     C   22        0.134025       -0.374324       -0.423531

     C   23        0.308431        0.085300        0.309944
     C   23        0.085300        0.077439       -0.387400
     C   23        0.309944       -0.387400       -0.385870

     Cl  24        0.179760        0.222027        0.004456
     Cl  24        0.222027       -0.020205       -0.011919
     Cl  24        0.004456       -0.011919       -0.159555

     ----- GIPAW term -----
     Cl   1        0.581173       -2.914888       -0.101564
     Cl   1       -2.914888        1.946842       -0.300471
     Cl   1       -0.101564       -0.300471       -2.528015

     C    2       -0.096556        0.000791       -0.017454
     C    2        0.000791        0.115880       -0.113177
     C    2       -0.017454       -0.113177       -0.019324

     C    3       -0.024126       -0.007527       -0.010834
     C    3       -0.007527        0.050445       -0.061812
     C    3       -0.010834       -0.061812       -0.026319

     H    4       -0.000000        0.000000        0.000000
     H    4        0.000000        0.000000        0.000000
     H    4        0.000000        0.000000        0.000000

     C    5       -0.062168       -0.006086        0.024779
     C    5       -0.006086        0.064980       -0.041354
     C    5        0.024779       -0.041354       -0.002813

     H    6       -0.000000        0.000000        0.000000
     H    6        0.000000        0.000000        0.000000
     H    6        0.000000        0.000000        0.000000

     H    7       -0.000000        0.000000        0.000000
     H    7        0.000000        0.000000        0.000000
     H    7        0.000000        0.000000        0.000000

     C    8       -0.060025       -0.121035        0.058952
     C    8       -0.121035        0.126490       -0.051411
     C    8        0.058952       -0.051411       -0.066465

     H    9       -0.000000        0.000000        0.000000
     H    9        0.000000        0.000000        0.000000
     H    9        0.000000        0.000000        0.000000

     C   10       -0.101765       -0.130726       -0.056307
     C   10       -0.130726        0.170179        0.011916
     C   10       -0.056307        0.011916       -0.068414

     C   11       -0.017119       -0.076564        0.000848
     C   11       -0.076564        0.205931        0.042913
     C   11        0.000848        0.042913       -0.188812

     Cl  12       -0.142361        1.392533       -0.155747
     Cl  12        1.392533        1.631293       -0.756854
     Cl  12       -0.155747       -0.756854       -1.488932

     H   13       -0.000000        0.000000        0.000000
     H   13        0.000000        0.000000        0.000000
     H   13        0.000000        0.000000        0.000000

     C   14       -0.101800       -0.042384       -0.017411
     C   14       -0.042384        0.184974       -0.198971
     C   14       -0.017411       -0.198971       -0.083173

     H   15       -0.000000        0.000000        0.000000
     H   15        0.000000        0.000000        0.000000
     H   15        0.000000        0.000000        0.000000

     C   16       -0.176246       -0.063374        0.045833
     C   16       -0.063374        0.211576       -0.153624
     C   16        0.045833       -0.153624       -0.035330

     C   17       -0.068570       -0.115556       -0.029457
     C   17       -0.115556        0.140552       -0.221239
     C   17       -0.029457       -0.221239       -0.071982

     Cl  18        0.010706       -2.135866       -0.301886
     Cl  18       -2.135866        1.439540        0.309318
     Cl  18       -0.301886        0.309318       -1.450246

     H   19       -0.000000        0.000000        0.000000
     H   19        0.000000        0.000000        0.000000
     H   19        0.000000        0.000000        0.000000

     C   20       -0.233391       -0.013029       -0.048191
     C   20       -0.013029        0.274855       -0.136724
     C   20       -0.048191       -0.136724       -0.041464

     H   21       -0.000000        0.000000        0.000000
     H   21        0.000000        0.000000        0.000000
     H   21        0.000000        0.000000        0.000000

     C   22       -0.091021        0.002827        0.009778
     C   22        0.002827        0.108833       -0.146308
     C   22        0.009778       -0.146308       -0.017812

     C   23       -0.036384       -0.102928        0.022727
     C   23       -0.102928        0.076351       -0.089988
     C   23        0.022727       -0.089988       -0.039967

     Cl  24        0.189219        0.477961        0.847727
     Cl  24        0.477961        1.168148       -1.867324
     Cl  24        0.847727       -1.867324       -1.357367

     ----- total EFG -----
     Cl   1        0.726059       -3.226220       -0.160004
     Cl   1       -3.226220        2.048979       -0.301199
     Cl   1       -0.160004       -0.301199       -2.775038

     C    2       -0.299867        0.203761       -0.005736
     C    2        0.203761        0.178741        0.111821
     C    2       -0.005736        0.111821        0.121127

     C    3        0.349368       -0.261240        0.054113
     C    3       -0.261240        0.055314        0.029632
     C    3        0.054113        0.029632       -0.404682

     H    4        0.669606        0.362776        0.171876
     H    4        0.362776       -0.363148        0.445801
     H    4        0.171876        0.445801       -0.306459

     C    5       -0.185635       -0.003950        0.337140
     C    5       -0.003950        0.292901        0.221060
     C    5        0.337140        0.221060       -0.107266

     H    6        0.022973        0.047575        0.061009
     H    6        0.047575        0.636196        0.460753
     H    6        0.061009        0.460753       -0.659169

     H    7       -0.070525        0.163513       -0.023561
     H    7        0.163513        0.028345       -0.340461
     H    7       -0.023561       -0.340461        0.042180

     C    8        0.293074       -0.197868        0.268662
     C    8       -0.197868       -0.078858        0.016005
     C    8        0.268662        0.016005       -0.214216

     H    9        0.331532        0.296960        0.439767
     H    9        0.296960       -0.511158       -0.132925
     H    9        0.439767       -0.132925        0.179626

     C   10       -0.441086       -0.215648       -0.198542
     C   10       -0.215648        0.547281       -0.312899
     C   10       -0.198542       -0.312899       -0.106195

     C   11        0.250138       -0.096702        0.129150
     C   11       -0.096702        0.385357        0.268234
     C   11        0.129150        0.268234       -0.635496

     Cl  12       -0.301599        1.394612       -0.155001
     Cl  12        1.394612        1.877640       -0.820892
     Cl  12       -0.155001       -0.820892       -1.576042

     H   13       -0.137560        0.135631       -0.046885
     H   13        0.135631       -0.219785        0.457067
     H   13       -0.046885        0.457067        0.357345

     C   14       -0.004552       -0.396674       -0.032328
     C   14       -0.396674        0.239883       -0.388995
     C   14       -0.032328       -0.388995       -0.235331

     H   15        0.220993       -0.044869        0.341882
     H   15       -0.044869       -0.463788       -0.137282
     H   15        0.341882       -0.137282        0.242795

     C   16       -0.607559       -0.067452        0.241232
     C   16       -0.067452        0.515980       -0.139333
     C   16        0.241232       -0.139333        0.091579

     C   17       -0.002117       -0.582176        0.027310
     C   17       -0.582176        0.269527       -0.584711
     C   17        0.027310       -0.584711       -0.267410

     Cl  18       -0.146963       -2.120258       -0.275662
     Cl  18       -2.120258        1.597908        0.298519
     Cl  18       -0.275662        0.298519       -1.450944

     H   19       -0.067377       -0.044286       -0.001799
     H   19       -0.044286        0.270192        0.064355
     H   19       -0.001799        0.064355       -0.202816

     C   20       -0.885269       -0.215253       -0.331563
     C   20       -0.215253        0.917879       -0.395171
     C   20       -0.331563       -0.395171       -0.032610

     H   21        0.339823       -0.464802        0.432957
     H   21       -0.464802       -0.274411        0.235006
     H   21        0.432957        0.235006       -0.065412

     C   22        0.297596        0.059939        0.043084
     C   22        0.059939       -0.110585        0.026290
     C   22        0.043084        0.026290       -0.187012

     C   23       -0.339391       -0.383085       -0.097489
     C   23       -0.383085        0.368688       -0.420951
     C   23       -0.097489       -0.420951       -0.029297

     Cl  24        0.329155        0.610375        0.917804
     Cl  24        0.610375        1.195528       -2.001673
     Cl  24        0.917804       -2.001673       -1.524682

     ----- total EFG (symmetrized) -----
     Cl   1        0.726059       -3.226220       -0.160004
     Cl   1       -3.226220        2.048979       -0.301199
     Cl   1       -0.160004       -0.301199       -2.775038

     C    2       -0.299867        0.203761       -0.005736
     C    2        0.203761        0.178741        0.111821
     C    2       -0.005736        0.111821        0.121127

     C    3        0.349368       -0.261240        0.054113
     C    3       -0.261240        0.055314        0.029632
     C    3        0.054113        0.029632       -0.404682

     H    4        0.669606        0.362776        0.171876
     H    4        0.362776       -0.363148        0.445801
     H    4        0.171876        0.445801       -0.306459

     C    5       -0.185635       -0.003950        0.337140
     C    5       -0.003950        0.292901        0.221060
     C    5        0.337140        0.221060       -0.107266

     H    6        0.022973        0.047575        0.061009
     H    6        0.047575        0.636196        0.460753
     H    6        0.061009        0.460753       -0.659169

     H    7       -0.070525        0.163513       -0.023561
     H    7        0.163513        0.028345       -0.340461
     H    7       -0.023561       -0.340461        0.042180

     C    8        0.293074       -0.197868        0.268662
     C    8       -0.197868       -0.078858        0.016005
     C    8        0.268662        0.016005       -0.214216

     H    9        0.331532        0.296960        0.439767
     H    9        0.296960       -0.511158       -0.132925
     H    9        0.439767       -0.132925        0.179626

     C   10       -0.441086       -0.215648       -0.198542
     C   10       -0.215648        0.547281       -0.312899
     C   10       -0.198542       -0.312899       -0.106195

     C   11        0.250138       -0.096702        0.129150
     C   11       -0.096702        0.385357        0.268234
     C   11        0.129150        0.268234       -0.635496

     Cl  12       -0.301599        1.394612       -0.155001
     Cl  12        1.394612        1.877640       -0.820892
     Cl  12       -0.155001       -0.820892       -1.576042

     H   13       -0.137560        0.135631       -0.046885
     H   13        0.135631       -0.219785        0.457067
     H   13       -0.046885        0.457067        0.357345

     C   14       -0.004552       -0.396674       -0.032328
     C   14       -0.396674        0.239883       -0.388995
     C   14       -0.032328       -0.388995       -0.235331

     H   15        0.220993       -0.044869        0.341882
     H   15       -0.044869       -0.463788       -0.137282
     H   15        0.341882       -0.137282        0.242795

     C   16       -0.607559       -0.067452        0.241232
     C   16       -0.067452        0.515980       -0.139333
     C   16        0.241232       -0.139333        0.091579

     C   17       -0.002117       -0.582176        0.027310
     C   17       -0.582176        0.269527       -0.584711
     C   17        0.027310       -0.584711       -0.267410

     Cl  18       -0.146963       -2.120258       -0.275662
     Cl  18       -2.120258        1.597908        0.298519
     Cl  18       -0.275662        0.298519       -1.450944

     H   19       -0.067377       -0.044286       -0.001799
     H   19       -0.044286        0.270192        0.064355
     H   19       -0.001799        0.064355       -0.202816

     C   20       -0.885269       -0.215253       -0.331563
     C   20       -0.215253        0.917879       -0.395171
     C   20       -0.331563       -0.395171       -0.032610

     H   21        0.339823       -0.464802        0.432957
     H   21       -0.464802       -0.274411        0.235006
     H   21        0.432957        0.235006       -0.065412

     C   22        0.297596        0.059939        0.043084
     C   22        0.059939       -0.110585        0.026290
     C   22        0.043084        0.026290       -0.187012

     C   23       -0.339391       -0.383085       -0.097489
     C   23       -0.383085        0.368688       -0.420951
     C   23       -0.097489       -0.420951       -0.029297

     Cl  24        0.329155        0.610375        0.917804
     Cl  24        0.610375        1.195528       -2.001673
     Cl  24        0.917804       -2.001673       -1.524682


     NQR/NMR SPECTROSCOPIC PARAMETERS:
     Cl   1    Vxx=   -1.8043    axis=(  0.741318  0.596661 -0.307316)
     Cl   1    Vyy=   -2.8789    axis=(  0.227657  0.207197  0.951442)
     Cl   1    Vzz=    4.6832    axis=( -0.631363  0.775284 -0.017765)
     Cl   1  Q=        -8.1650 1e-30 m^2  Cq=       -89.8448 MHz  eta= 0.22947

     C    2    Vxx=    0.0683    axis=( -0.248217 -0.424006  0.870981)
     C    2    Vyy=    0.3105    axis=(  0.273186  0.831985  0.482876)
     C    2    Vzz=   -0.3789    axis=( -0.929386  0.357798 -0.090680)
     C    2  Q=         1.0000 1e-30 m^2  Cq=        -0.8902 MHz  eta= 0.63932

     C    3    Vxx=   -0.0886    axis=(  0.490256  0.855973  0.164193)
     C    3    Vyy=   -0.4146    axis=( -0.112462 -0.124684  0.985802)
     C    3    Vzz=    0.5032    axis=(  0.864292 -0.501761  0.035137)
     C    3  Q=         1.0000 1e-30 m^2  Cq=         1.1824 MHz  eta= 0.64777

     H    4    Vxx=   -0.0695    axis=(  0.435014 -0.547641 -0.714739)
     H    4    Vyy=   -0.7979    axis=(  0.110991 -0.755114  0.646130)
     H    4    Vzz=    0.8674    axis=( -0.893557 -0.360405 -0.267702)
     H    4  Q=         1.0000 1e-30 m^2  Cq=         2.0381 MHz  eta= 0.83978

     C    5    Vxx=    0.0858    axis=(  0.656241 -0.544812  0.522041)
     C    5    Vyy=    0.4292    axis=(  0.273507  0.816557  0.508359)
     C    5    Vzz=   -0.5150    axis=( -0.703236 -0.190824  0.684868)
     C    5  Q=         1.0000 1e-30 m^2  Cq=        -1.2101 MHz  eta= 0.66667

     H    6    Vxx=    0.0199    axis=(  0.995140 -0.095315  0.024733)
     H    6    Vyy=    0.7887    axis=(  0.083267  0.948585  0.305375)
     H    6    Vzz=   -0.8086    axis=( -0.052568 -0.301831  0.951911)
     H    6  Q=         1.0000 1e-30 m^2  Cq=        -1.9000 MHz  eta= 0.95070

     H    7    Vxx=   -0.0672    axis=(  0.889011  0.083104  0.450280)
     H    7    Vyy=   -0.3454    axis=(  0.370304 -0.708904 -0.600275)
     H    7    Vzz=    0.4125    axis=( -0.269320 -0.700392  0.660997)
     H    7  Q=         1.0000 1e-30 m^2  Cq=         0.9693 MHz  eta= 0.67434

     C    8    Vxx=   -0.1013    axis=( -0.136460 -0.882661 -0.449765)
     C    8    Vyy=   -0.3652    axis=(  0.442459  0.351907 -0.824858)
     C    8    Vzz=    0.4664    axis=(  0.886346 -0.311563  0.342520)
     C    8  Q=         1.0000 1e-30 m^2  Cq=         1.0960 MHz  eta= 0.56568

     H    9    Vxx=   -0.0240    axis=( -0.483808 -0.492326  0.723564)
     H    9    Vyy=   -0.6955    axis=(  0.388829 -0.861606 -0.326263)
     H    9    Vzz=    0.7195    axis=(  0.784054  0.123494  0.608283)
     H    9  Q=         1.0000 1e-30 m^2  Cq=         1.6905 MHz  eta= 0.93335

     C   10    Vxx=   -0.0586    axis=( -0.545291  0.223181  0.807990)
     C   10    Vyy=   -0.6294    axis=(  0.829778  0.280386  0.482548)
     C   10    Vzz=    0.6880    axis=(  0.118853 -0.933581  0.338082)
     C   10  Q=         1.0000 1e-30 m^2  Cq=         1.6166 MHz  eta= 0.82957

     C   11    Vxx=    0.2533    axis=( -0.942818 -0.255449 -0.214102)
     C   11    Vyy=    0.4711    axis=( -0.297038  0.935353  0.192051)
     C   11    Vzz=   -0.7244    axis=( -0.151201 -0.244666  0.957746)
     C   11  Q=         1.0000 1e-30 m^2  Cq=        -1.7021 MHz  eta= 0.30076

     Cl  12    Vxx=   -0.9238    axis=(  0.893503 -0.370417  0.253859)
     Cl  12    Vyy=   -1.7860    axis=( -0.156792  0.272396  0.949324)
     Cl  12    Vzz=    2.7098    axis=( -0.420796 -0.888027  0.185308)
     Cl  12  Q=        -8.1650 1e-30 m^2  Cq=       -51.9858 MHz  eta= 0.31818

     H   13    Vxx=   -0.0865    axis=(  0.938245  0.285710 -0.195107)
     H   13    Vyy=   -0.5236    axis=( -0.344349  0.825741 -0.446739)
     H   13    Vzz=    0.6101    axis=(  0.033470  0.486335  0.873131)
     H   13  Q=         1.0000 1e-30 m^2  Cq=         1.4336 MHz  eta= 0.71643

     C   14    Vxx=   -0.0770    axis=( -0.760486 -0.189554  0.621072)
     C   14    Vyy=   -0.5629    axis=( -0.437130 -0.557832 -0.705507)
     C   14    Vzz=    0.6400    axis=(  0.480186 -0.808017  0.341364)
     C   14  Q=         1.0000 1e-30 m^2  Cq=         1.5036 MHz  eta= 0.75929

     H   15    Vxx=   -0.0999    axis=( -0.730141 -0.160523  0.664173)
     H   15    Vyy=   -0.4902    axis=(  0.034021 -0.979348 -0.199298)
     H   15    Vzz=    0.5900    axis=(  0.682449 -0.122920  0.720524)
     H   15  Q=         1.0000 1e-30 m^2  Cq=         1.3863 MHz  eta= 0.66150

     C   16    Vxx=    0.1092    axis=(  0.268694  0.351716  0.896716)
     C   16    Vyy=    0.5740    axis=( -0.120978  0.935902 -0.330835)
     C   16    Vzz=   -0.6832    axis=( -0.955598 -0.019589  0.294021)
     C   16  Q=         1.0000 1e-30 m^2  Cq=        -1.6052 MHz  eta= 0.68027

     C   17    Vxx=   -0.1503    axis=( -0.755094 -0.162446  0.635172)
     C   17    Vyy=   -0.7831    axis=( -0.430160 -0.608372 -0.666968)
     C   17    Vzz=    0.9335    axis=(  0.494767 -0.776849  0.389500)
     C   17  Q=         1.0000 1e-30 m^2  Cq=         2.1933 MHz  eta= 0.67790

     Cl  18    Vxx=   -1.4525    axis=( -0.354390 -0.331878  0.874222)
     Cl  18    Vyy=   -1.6015    axis=( -0.752327 -0.454037 -0.477341)
     Cl  18    Vzz=    3.0540    axis=(  0.555348 -0.826866 -0.088775)
     Cl  18  Q=        -8.1650 1e-30 m^2  Cq=       -58.5892 MHz  eta= 0.04877

     H   19    Vxx=   -0.0728    axis=(  0.991790  0.119531  0.045439)
     H   19    Vyy=   -0.2115    axis=( -0.029108 -0.134988  0.990420)
     H   19    Vzz=    0.2843    axis=(  0.124520 -0.983611 -0.130401)
     H   19  Q=         1.0000 1e-30 m^2  Cq=         0.6681 MHz  eta= 0.48795

     C   20    Vxx=   -0.0079    axis=( -0.398734  0.280033  0.873266)
     C   20    Vyy=   -1.0572    axis=(  0.915760  0.172405  0.362851)
     C   20    Vzz=    1.0651    axis=( -0.048945  0.944382 -0.325187)
     C   20  Q=         1.0000 1e-30 m^2  Cq=         2.5026 MHz  eta= 0.98509

     H   21    Vxx=    0.0757    axis=( -0.103868  0.645669  0.756520)
     H   21    Vyy=    0.7051    axis=( -0.864848  0.317000 -0.389292)
     H   21    Vzz=   -0.7808    axis=( -0.491171 -0.694710  0.525479)
     H   21  Q=         1.0000 1e-30 m^2  Cq=        -1.8345 MHz  eta= 0.80606

     C   22    Vxx=   -0.1141    axis=(  0.164857 -0.954889 -0.247001)
     C   22    Vyy=   -0.1964    axis=( -0.052743 -0.258604  0.964542)
     C   22    Vzz=    0.3105    axis=( -0.984906 -0.145984 -0.092997)
     C   22  Q=         1.0000 1e-30 m^2  Cq=         0.7297 MHz  eta= 0.26496

     C   23    Vxx=   -0.0730    axis=(  0.596693 -0.218392 -0.772180)
     C   23    Vyy=   -0.6384    axis=( -0.756033 -0.475580 -0.449710)
     C   23    Vzz=    0.7114    axis=( -0.269020  0.852132 -0.448887)
     C   23  Q=         1.0000 1e-30 m^2  Cq=         1.6715 MHz  eta= 0.79471

     Cl  24    Vxx=    0.6889    axis=( -0.946106 -0.089669 -0.311195)
     Cl  24    Vyy=    2.2626    axis=( -0.065075 -0.888668  0.453910)
     Cl  24    Vzz=   -2.9515    axis=( -0.317251  0.449698  0.834939)
     Cl  24  Q=        -8.1650 1e-30 m^2  Cq=        56.6234 MHz  eta= 0.53320

     Initialization:
     gipaw_setup  :      9.06s CPU     10.87s WALL (       1 calls)

     Linear response

     Apply operators

     Induced current

     Other routines
     efg          :      9.56s CPU     11.74s WALL (       1 calls)

     General routines
     calbec       :      3.37s CPU      4.30s WALL (      16 calls)
     fft          :      1.72s CPU      2.69s WALL (      15 calls)
     ffts         :      0.04s CPU      0.07s WALL (       2 calls)
     fftw         :      3.30s CPU      4.00s WALL (     672 calls)
     davcio       :      0.03s CPU      0.32s WALL (      32 calls)

     Parallel routines
     fft_scatter  :      2.42s CPU      3.84s WALL (     689 calls)

     Plugins

     GIPAW        :     62.51s CPU     77.45s WALL (       1 calls)
