
     Program QE v.6.0 (svn rev. 13079) starts on 20Dec2016 at 14:38:44 

     This program is part of the open-source Quantum ESPRESSO suite
     for quantum simulation of materials; please cite
         "P. Giannozzi et al., J. Phys.:Condens. Matter 21 395502 (2009);
          URL http://www.quantum-espresso.org", 
     in publications or presentations arising from this work. More details at
     http://www.quantum-espresso.org/quote

     Parallel version (MPI), running on     8 processors
     R & G space division:  proc/nbgrp/npool/nimage =       8

     ***** This is GIPAW svn revision unknown      *****

     Parallelizing q-star over 1 images

     Reading data from directory:
     /users/majewski/paradichlorobenzene/pbe/9_constraint/scratch/pbe.ecut100.np8.dt60.pcl2phi-129368.save
     Message from routine read_xml_file:
     file /users/majewski/paradichlorobenzene/pbe/9_constraint/scratch/pbe.ecut100.np8.dt60.pcl2phi-129368.save not guaranteed to be safe for post-processing

   Info: using nr1, nr2, nr3 values from input

   Info: using nr1, nr2, nr3 values from input

     IMPORTANT: XC functional enforced from input :
     Exchange-correlation      =  SLA  PW   PBX  PBC ( 1  4  3  4 0 0)
     Any further DFT definition will be discarded
     Please, verify this is what you really want

               file C.pbe-n-kjpaw_psl.1.0.0.UPF: wavefunction(s)  2S 2P renormalized
               file Cl.pbe-n-kjpaw_psl.1.0.0.UPF: wavefunction(s)  3S 3P renormalized
               file H.pbe-kjpaw_psl.1.0.0.UPF: wavefunction(s)  1S renormalized

     Parallelization info
     --------------------
     sticks:   dense  smooth     PW     G-vecs:    dense   smooth      PW
     Min        3057    1223    332               144436    36536    5170
     Max        3059    1225    333               144437    36537    5171
     Sum       24467    9791   2657              1155489   292295   41363


     Subspace diagonalization in iterative solution of the eigenvalue problem:
     a serial algorithm will be used

     GIPAW projectors -----------------------------------------------
     atom=  C    l=0  rc=    1.2000  rs=    0.8000
     atom=  C    l=0  rc=    1.2000  rs=    0.8000
     atom=  C    l=1  rc=    1.4000  rs=    0.9333
     atom=  C    l=1  rc=    1.4000  rs=    0.9333
     projs nearly linearly dependent: l=1  n1,n2= 1, 2  s=  0.99951561

     atom=  Cl   l=0  rc=    1.6000  rs=    1.0667
     atom=  Cl   l=0  rc=    1.6000  rs=    1.0667
     atom=  Cl   l=1  rc=    1.6000  rs=    1.0667
     atom=  Cl   l=1  rc=    1.6000  rs=    1.0667
     atom=  Cl   l=2  rc=    1.6000  rs=    1.0667
     atom=  Cl   l=2  rc=    1.6000  rs=    1.0667
     projs nearly linearly dependent: l=2  n1,n2= 1, 2  s=  0.99993509

     atom=  H    l=0  rc=    1.0000  rs=    0.6667
     atom=  H    l=0  rc=    1.0000  rs=    0.6667
     projs nearly linearly dependent: l=0  n1,n2= 1, 2  s=  0.99968852
     -----------------------------------------------------------------

     GIPAW integrals: -------------------------------------------
     Atom  i/j   nmr_para   nmr_dia   epr_rmc  epr_para   epr_dia
       C   1 1   0.83E+03  0.17E-01  0.93E+01  0.24E+08  0.24E+03
       C   2 1   0.86E+03 -0.61E-01  0.94E+01  0.25E+08  0.25E+03
       C   2 2   0.90E+03 -0.15E+00  0.97E+01  0.26E+08  0.26E+03
       C   3 3   0.33E+01  0.34E+00  0.18E+01  0.55E+03  0.21E+02
       C   4 3   0.35E+01  0.37E+00  0.20E+01  0.59E+03  0.22E+02
       C   4 4   0.38E+01  0.39E+00  0.22E+01  0.63E+03  0.24E+02
       Cl  1 1   0.14E+04 -0.47E+00  0.84E+01  0.32E+09  0.42E+03
       Cl  2 1   0.21E+04 -0.37E+00  0.12E+02  0.49E+09  0.65E+03
       Cl  2 2   0.33E+04 -0.16E+00  0.21E+02  0.76E+09  0.10E+04
       Cl  3 3   0.21E+02  0.79E-01  0.89E+01  0.23E+05  0.13E+03
       Cl  4 3   0.24E+02  0.67E-01  0.99E+01  0.27E+05  0.15E+03
       Cl  4 4   0.28E+02  0.44E-01  0.11E+02  0.32E+05  0.18E+03
       Cl  5 5   0.77E+00  0.19E+00  0.18E+01  0.12E+03  0.22E+02
       Cl  6 5   0.80E+00  0.19E+00  0.19E+01  0.12E+03  0.23E+02
       Cl  6 6   0.83E+00  0.20E+00  0.19E+01  0.12E+03  0.23E+02
       H   1 1   0.39E+02  0.19E+00  0.29E+00  0.78E+05  0.13E+02
       H   2 1   0.41E+02  0.21E+00  0.32E+00  0.82E+05  0.14E+02
       H   2 2   0.43E+02  0.22E+00  0.36E+00  0.86E+05  0.15E+02
     ------------------------------------------------------------

     alpha_pv=     34.4133 eV

     Number of occupied bands for each k-point:
     k-point:     1    nbnd_occ=  42
     k-point:     2    nbnd_occ=  42
     k-point:     3    nbnd_occ=  42
     k-point:     4    nbnd_occ=  42
     k-point:     5    nbnd_occ=  42
     k-point:     6    nbnd_occ=  42
     k-point:     7    nbnd_occ=  42
     k-point:     8    nbnd_occ=  42
     k-point:     9    nbnd_occ=  42
     k-point:    10    nbnd_occ=  42
     k-point:    11    nbnd_occ=  42
     k-point:    12    nbnd_occ=  42
     k-point:    13    nbnd_occ=  42
     k-point:    14    nbnd_occ=  42
     k-point:    15    nbnd_occ=  42
     k-point:    16    nbnd_occ=  42


     q-space interpolation up to   110.00 Rydberg

     GIPAW job: efg                                                                             


     ELECTRIC FIELD GRADIENTS TENSORS IN Hartree/bohrradius^2:

     ----- bare term -----
     Cl   1       -0.235271        0.234768        0.084305
     Cl   1        0.234768        0.003760        0.044480
     Cl   1        0.084305        0.044480        0.231511

     C    2        0.110172       -0.374437       -0.587095
     C    2       -0.374437       -0.233217       -0.571148
     C    2       -0.587095       -0.571148        0.123045

     C    3       -0.232986        0.398494       -0.380232
     C    3        0.398494       -0.198528       -0.163079
     C    3       -0.380232       -0.163079        0.431513

     H    4        0.124376       -0.101282       -0.288973
     H    4       -0.101282        0.450334        0.094335
     H    4       -0.288973        0.094335       -0.574710

     C    5       -0.154766       -0.050517       -0.397221
     C    5       -0.050517       -0.227545       -0.333615
     C    5       -0.397221       -0.333615        0.382311

     H    6        0.442513        0.032343        0.115712
     H    6        0.032343       -0.144077       -0.605626
     H    6        0.115712       -0.605626       -0.298436

     H    7        0.486523        0.048142        0.052795
     H    7        0.048142       -0.260278        0.396596
     H    7        0.052795        0.396596       -0.226245

     C    8       -0.650688       -0.363833       -0.295944
     C    8       -0.363833        0.368130        0.294240
     C    8       -0.295944        0.294240        0.282558

     H    9       -0.281317       -0.166128       -0.476698
     H    9       -0.166128       -0.022835        0.099887
     H    9       -0.476698        0.099887        0.304152

     C   10       -0.014178       -0.299864       -0.154344
     C   10       -0.299864       -0.123615        0.620617
     C   10       -0.154344        0.620617        0.137793

     C   11       -0.363501       -0.216894       -0.414492
     C   11       -0.216894        0.166185        0.254212
     C   11       -0.414492        0.254212        0.197315

     Cl  12       -0.071574       -0.088533        0.032578
     Cl  12       -0.088533       -0.020829       -0.041194
     Cl  12        0.032578       -0.041194        0.092403

     H   13        0.190305        0.111317       -0.402872
     H   13        0.111317       -0.158569       -0.380068
     H   13       -0.402872       -0.380068       -0.031736

     C   14       -0.669504        0.321628       -0.139275
     C   14        0.321628        0.305653       -0.214907
     C   14       -0.139275       -0.214907        0.363851

     H   15        0.086374        0.105465       -0.433403
     H   15        0.105465        0.070105        0.236839
     H   15       -0.433403        0.236839       -0.156479

     C   16        0.257953        0.008460       -0.223206
     C   16        0.008460       -0.157883       -0.428950
     C   16       -0.223206       -0.428950       -0.100070

     C   17       -0.655265        0.459230       -0.307234
     C   17        0.459230        0.268825       -0.140949
     C   17       -0.307234       -0.140949        0.386440

     Cl  18        0.124796       -0.044718       -0.017021
     Cl  18       -0.044718       -0.238417        0.044627
     Cl  18       -0.017021        0.044627        0.113621

     H   19        0.234527        0.438999        0.125430
     H   19        0.438999       -0.575015       -0.071777
     H   19        0.125430       -0.071777        0.340488

     C   20       -0.000563       -0.390148       -0.080972
     C   20       -0.390148       -0.294059        0.300253
     C   20       -0.080972        0.300253        0.294621

     H   21       -0.509954        0.327217        0.221252
     H   21        0.327217        0.305862       -0.018684
     H   21        0.221252       -0.018684        0.204092

     C   22       -0.156576       -0.129093       -0.137633
     C   22       -0.129093       -0.119078        0.267575
     C   22       -0.137633        0.267575        0.275654

     C   23       -0.241520       -0.036697       -0.290988
     C   23       -0.036697       -0.036040        0.646012
     C   23       -0.290988        0.646012        0.277560

     Cl  24       -0.090942       -0.121028       -0.016287
     Cl  24       -0.121028       -0.001536        0.022347
     Cl  24       -0.016287        0.022347        0.092478

     ----- ionic term -----
     Cl   1        0.057585       -0.193364        0.035192
     Cl   1       -0.193364        0.087176       -0.019136
     Cl   1        0.035192       -0.019136       -0.144761

     C    2        0.007420       -0.233313        0.378664
     C    2       -0.233313        0.125024        0.368552
     C    2        0.378664        0.368552       -0.132444

     C    3        0.006680       -0.317187        0.270672
     C    3       -0.317187        0.168196        0.354828
     C    3        0.270672        0.354828       -0.174877

     H    4        0.385901        0.039259        0.820257
     H    4        0.039259       -0.517843        0.106918
     H    4        0.820257        0.106918        0.131942

     C    5        0.136841       -0.318496        0.335124
     C    5       -0.318496        0.052963        0.232003
     C    5        0.335124        0.232003       -0.189804

     H    6       -0.529112        0.069056        0.061940
     H    6        0.069056        0.500069        0.754601
     H    6        0.061940        0.754601        0.029044

     H    7       -0.521529       -0.088635        0.069462
     H    7       -0.088635        0.681653       -0.730240
     H    7        0.069462       -0.730240       -0.160124

     C    8        0.391748        0.200068        0.242036
     C    8        0.200068       -0.017199       -0.331107
     C    8        0.242036       -0.331107       -0.374549

     H    9        0.740259       -0.196133        0.660609
     H    9       -0.196133       -0.501483       -0.176046
     H    9        0.660609       -0.176046       -0.238776

     C   10        0.214760        0.236418        0.142395
     C   10        0.236418        0.089626       -0.426253
     C   10        0.142395       -0.426253       -0.304386

     C   11        0.207359        0.110705        0.107059
     C   11        0.110705        0.098035       -0.469365
     C   11        0.107059       -0.469365       -0.305394

     Cl  12        0.115469        0.194114       -0.045546
     Cl  12        0.194114       -0.003328       -0.040600
     Cl  12       -0.045546       -0.040600       -0.112141

     H   13       -0.506331        0.207540        0.155889
     H   13        0.207540        0.539005        0.723981
     H   13        0.155889        0.723981       -0.032674

     C   14        0.127287       -0.218386        0.391380
     C   14       -0.218386        0.052923        0.238136
     C   14        0.391380        0.238136       -0.180209

     H   15        0.376258        0.163736        0.773854
     H   15        0.163736       -0.459224        0.198621
     H   15        0.773854        0.198621        0.082966

     C   16       -0.015735       -0.266136        0.260269
     C   16       -0.266136        0.180388        0.358711
     C   16        0.260269        0.358711       -0.164653

     C   17        0.056593       -0.334966        0.319357
     C   17       -0.334966        0.118059        0.355401
     C   17        0.319357        0.355401       -0.174653

     Cl  18        0.106235       -0.255577        0.003950
     Cl  18       -0.255577        0.064850        0.000614
     Cl  18        0.003950        0.000614       -0.171085

     H   19       -0.509783       -0.155736        0.035499
     H   19       -0.155736        0.890241       -0.528859
     H   19        0.035499       -0.528859       -0.380458

     C   20        0.295343        0.175431        0.090565
     C   20        0.175431        0.168436       -0.304060
     C   20        0.090565       -0.304060       -0.463780

     H   21        0.923086       -0.240001        0.428519
     H   21       -0.240001       -0.459421       -0.159707
     H   21        0.428519       -0.159707       -0.463665

     C   22        0.226269        0.224659        0.081013
     C   22        0.224659        0.222859       -0.397851
     C   22        0.081013       -0.397851       -0.449128

     C   23        0.305088        0.121041        0.277342
     C   23        0.121041        0.088796       -0.393065
     C   23        0.277342       -0.393065       -0.393884

     Cl  24        0.134867        0.196092       -0.025916
     Cl  24        0.196092        0.016928       -0.028099
     Cl  24       -0.025916       -0.028099       -0.151795

     ----- GIPAW term -----
     Cl   1        1.190710        0.735617       -1.570984
     Cl   1        0.735617       -0.781890       -0.767034
     Cl   1       -1.570984       -0.767034       -0.408821

     C    2        0.165615       -0.247098       -0.194150
     C    2       -0.247098       -0.078931       -0.010420
     C    2       -0.194150       -0.010420       -0.086684

     C    3       -0.019330        0.021580       -0.230824
     C    3        0.021580       -0.131632        0.027036
     C    3       -0.230824        0.027036        0.150962

     H    4       -0.000000        0.000000        0.000000
     H    4        0.000000        0.000000        0.000000
     H    4        0.000000        0.000000        0.000000

     C    5       -0.054466       -0.095234       -0.147277
     C    5       -0.095234       -0.078794        0.069005
     C    5       -0.147277        0.069005        0.133261

     H    6       -0.000000        0.000000        0.000000
     H    6        0.000000        0.000000        0.000000
     H    6        0.000000        0.000000        0.000000

     H    7       -0.000000        0.000000        0.000000
     H    7        0.000000        0.000000        0.000000
     H    7        0.000000        0.000000        0.000000

     C    8       -0.188280       -0.099569       -0.055043
     C    8       -0.099569        0.211715        0.158069
     C    8       -0.055043        0.158069       -0.023435

     H    9       -0.000000        0.000000        0.000000
     H    9        0.000000        0.000000        0.000000
     H    9        0.000000        0.000000        0.000000

     C   10       -0.093700       -0.093537       -0.021417
     C   10       -0.093537        0.201802        0.096785
     C   10       -0.021417        0.096785       -0.108102

     C   11        0.026257       -0.070566       -0.004772
     C   11       -0.070566        0.106639       -0.050646
     C   11       -0.004772       -0.050646       -0.132896

     Cl  12       -0.247673        0.611380        1.297095
     Cl  12        0.611380       -0.754227       -1.627733
     Cl  12        1.297095       -1.627733        1.001900

     H   13       -0.000000        0.000000        0.000000
     H   13        0.000000        0.000000        0.000000
     H   13        0.000000        0.000000        0.000000

     C   14       -0.130699       -0.128722        0.035779
     C   14       -0.128722        0.223226       -0.055295
     C   14        0.035779       -0.055295       -0.092528

     H   15       -0.000000        0.000000        0.000000
     H   15        0.000000        0.000000        0.000000
     H   15        0.000000        0.000000        0.000000

     C   16       -0.023136       -0.028908       -0.019224
     C   16       -0.028908        0.100322       -0.040701
     C   16       -0.019224       -0.040701       -0.077186

     C   17       -0.141651       -0.003833       -0.025723
     C   17       -0.003833        0.238240       -0.031160
     C   17       -0.025723       -0.031160       -0.096589

     Cl  18        0.177998        0.134028       -0.229718
     Cl  18        0.134028        1.862782       -0.336507
     Cl  18       -0.229718       -0.336507       -2.040780

     H   19       -0.000000        0.000000        0.000000
     H   19        0.000000        0.000000        0.000000
     H   19        0.000000        0.000000        0.000000

     C   20        0.079879       -0.179992       -0.058369
     C   20       -0.179992       -0.023221        0.100902
     C   20       -0.058369        0.100902       -0.056658

     H   21       -0.000000        0.000000        0.000000
     H   21        0.000000        0.000000        0.000000
     H   21        0.000000        0.000000        0.000000

     C   22       -0.043502       -0.060674       -0.104031
     C   22       -0.060674       -0.015376        0.102347
     C   22       -0.104031        0.102347        0.058877

     C   23       -0.076212        0.026351       -0.111256
     C   23        0.026351        0.009163        0.244743
     C   23       -0.111256        0.244743        0.067050

     Cl  24       -0.662648        0.626949       -0.967441
     Cl  24        0.626949       -0.528599        1.863171
     Cl  24       -0.967441        1.863171        1.191247

     ----- total EFG -----
     Cl   1        1.013024        0.777021       -1.451486
     Cl   1        0.777021       -0.690954       -0.741690
     Cl   1       -1.451486       -0.741690       -0.322070

     C    2        0.283207       -0.854848       -0.402582
     C    2       -0.854848       -0.187124       -0.213016
     C    2       -0.402582       -0.213016       -0.096083

     C    3       -0.245636        0.102887       -0.340385
     C    3        0.102887       -0.161964        0.218785
     C    3       -0.340385        0.218785        0.407599

     H    4        0.510277       -0.062023        0.531284
     H    4       -0.062023       -0.067508        0.201253
     H    4        0.531284        0.201253       -0.442768

     C    5       -0.072392       -0.464247       -0.209374
     C    5       -0.464247       -0.253376       -0.032607
     C    5       -0.209374       -0.032607        0.325768

     H    6       -0.086600        0.101399        0.177652
     H    6        0.101399        0.355992        0.148975
     H    6        0.177652        0.148975       -0.269392

     H    7       -0.035006       -0.040493        0.122257
     H    7       -0.040493        0.421375       -0.333643
     H    7        0.122257       -0.333643       -0.386369

     C    8       -0.447220       -0.263334       -0.108951
     C    8       -0.263334        0.562646        0.121202
     C    8       -0.108951        0.121202       -0.115426

     H    9        0.458942       -0.362261        0.183911
     H    9       -0.362261       -0.524318       -0.076159
     H    9        0.183911       -0.076159        0.065376

     C   10        0.106883       -0.156983       -0.033366
     C   10       -0.156983        0.167813        0.291149
     C   10       -0.033366        0.291149       -0.274696

     C   11       -0.129884       -0.176755       -0.312205
     C   11       -0.176755        0.370860       -0.265799
     C   11       -0.312205       -0.265799       -0.240975

     Cl  12       -0.203778        0.716962        1.284126
     Cl  12        0.716962       -0.778384       -1.709527
     Cl  12        1.284126       -1.709527        0.982162

     H   13       -0.316026        0.318857       -0.246983
     H   13        0.318857        0.380436        0.343913
     H   13       -0.246983        0.343913       -0.064410

     C   14       -0.672916       -0.025480        0.287884
     C   14       -0.025480        0.581802       -0.032065
     C   14        0.287884       -0.032065        0.091114

     H   15        0.462632        0.269201        0.340451
     H   15        0.269201       -0.389119        0.435460
     H   15        0.340451        0.435460       -0.073513

     C   16        0.219081       -0.286584        0.017838
     C   16       -0.286584        0.122827       -0.110940
     C   16        0.017838       -0.110940       -0.341909

     C   17       -0.740322        0.120431       -0.013600
     C   17        0.120431        0.625124        0.183292
     C   17       -0.013600        0.183292        0.115198

     Cl  18        0.409028       -0.166267       -0.242789
     Cl  18       -0.166267        1.689216       -0.291266
     Cl  18       -0.242789       -0.291266       -2.098244

     H   19       -0.275256        0.283264        0.160930
     H   19        0.283264        0.315226       -0.600635
     H   19        0.160930       -0.600635       -0.039970

     C   20        0.374659       -0.394709       -0.048776
     C   20       -0.394709       -0.148843        0.097094
     C   20       -0.048776        0.097094       -0.225817

     H   21        0.413132        0.087216        0.649771
     H   21        0.087216       -0.153558       -0.178392
     H   21        0.649771       -0.178392       -0.259574

     C   22        0.026191        0.034892       -0.160651
     C   22        0.034892        0.088405       -0.027930
     C   22       -0.160651       -0.027930       -0.114596

     C   23       -0.012644        0.110695       -0.124902
     C   23        0.110695        0.061919        0.497690
     C   23       -0.124902        0.497690       -0.049275

     Cl  24       -0.618723        0.702013       -1.009645
     Cl  24        0.702013       -0.513207        1.857419
     Cl  24       -1.009645        1.857419        1.131930

     ----- total EFG (symmetrized) -----
     Cl   1        1.013024        0.777021       -1.451486
     Cl   1        0.777021       -0.690954       -0.741690
     Cl   1       -1.451486       -0.741690       -0.322070

     C    2        0.283207       -0.854848       -0.402582
     C    2       -0.854848       -0.187124       -0.213016
     C    2       -0.402582       -0.213016       -0.096083

     C    3       -0.245636        0.102887       -0.340385
     C    3        0.102887       -0.161964        0.218785
     C    3       -0.340385        0.218785        0.407599

     H    4        0.510277       -0.062023        0.531284
     H    4       -0.062023       -0.067508        0.201253
     H    4        0.531284        0.201253       -0.442768

     C    5       -0.072392       -0.464247       -0.209374
     C    5       -0.464247       -0.253376       -0.032607
     C    5       -0.209374       -0.032607        0.325768

     H    6       -0.086600        0.101399        0.177652
     H    6        0.101399        0.355992        0.148975
     H    6        0.177652        0.148975       -0.269392

     H    7       -0.035006       -0.040493        0.122257
     H    7       -0.040493        0.421375       -0.333643
     H    7        0.122257       -0.333643       -0.386369

     C    8       -0.447220       -0.263334       -0.108951
     C    8       -0.263334        0.562646        0.121202
     C    8       -0.108951        0.121202       -0.115426

     H    9        0.458942       -0.362261        0.183911
     H    9       -0.362261       -0.524318       -0.076159
     H    9        0.183911       -0.076159        0.065376

     C   10        0.106883       -0.156983       -0.033366
     C   10       -0.156983        0.167813        0.291149
     C   10       -0.033366        0.291149       -0.274696

     C   11       -0.129884       -0.176755       -0.312205
     C   11       -0.176755        0.370860       -0.265799
     C   11       -0.312205       -0.265799       -0.240975

     Cl  12       -0.203778        0.716962        1.284126
     Cl  12        0.716962       -0.778384       -1.709527
     Cl  12        1.284126       -1.709527        0.982162

     H   13       -0.316026        0.318857       -0.246983
     H   13        0.318857        0.380436        0.343913
     H   13       -0.246983        0.343913       -0.064410

     C   14       -0.672916       -0.025480        0.287884
     C   14       -0.025480        0.581802       -0.032065
     C   14        0.287884       -0.032065        0.091114

     H   15        0.462632        0.269201        0.340451
     H   15        0.269201       -0.389119        0.435460
     H   15        0.340451        0.435460       -0.073513

     C   16        0.219081       -0.286584        0.017838
     C   16       -0.286584        0.122827       -0.110940
     C   16        0.017838       -0.110940       -0.341909

     C   17       -0.740322        0.120431       -0.013600
     C   17        0.120431        0.625124        0.183292
     C   17       -0.013600        0.183292        0.115198

     Cl  18        0.409028       -0.166267       -0.242789
     Cl  18       -0.166267        1.689216       -0.291266
     Cl  18       -0.242789       -0.291266       -2.098244

     H   19       -0.275256        0.283264        0.160930
     H   19        0.283264        0.315226       -0.600635
     H   19        0.160930       -0.600635       -0.039970

     C   20        0.374659       -0.394709       -0.048776
     C   20       -0.394709       -0.148843        0.097094
     C   20       -0.048776        0.097094       -0.225817

     H   21        0.413132        0.087216        0.649771
     H   21        0.087216       -0.153558       -0.178392
     H   21        0.649771       -0.178392       -0.259574

     C   22        0.026191        0.034892       -0.160651
     C   22        0.034892        0.088405       -0.027930
     C   22       -0.160651       -0.027930       -0.114596

     C   23       -0.012644        0.110695       -0.124902
     C   23        0.110695        0.061919        0.497690
     C   23       -0.124902        0.497690       -0.049275

     Cl  24       -0.618723        0.702013       -1.009645
     Cl  24        0.702013       -0.513207        1.857419
     Cl  24       -1.009645        1.857419        1.131930


     NQR/NMR SPECTROSCOPIC PARAMETERS:
     Cl   1    Vxx=   -0.9410    axis=( -0.529909  0.798379 -0.285985)
     Cl   1    Vyy=   -1.3735    axis=(  0.324064  0.502264  0.801694)
     Cl   1    Vzz=    2.3145    axis=( -0.783695 -0.332147  0.524881)
     Cl   1  Q=        -8.1650 1e-30 m^2  Cq=       -44.4021 MHz  eta= 0.18685

     C    2    Vxx=    0.0540    axis=( -0.096316 -0.445099  0.890286)
     C    2    Vyy=    0.9721    axis=(  0.806360 -0.559265 -0.192369)
     C    2    Vzz=   -1.0261    axis=(  0.583529  0.699363  0.412777)
     C    2  Q=         1.0000 1e-30 m^2  Cq=        -2.4110 MHz  eta= 0.89481

     C    3    Vxx=   -0.0928    axis=(  0.547820  0.836568  0.006876)
     C    3    Vyy=   -0.4960    axis=( -0.761997  0.502346 -0.408667)
     C    3    Vzz=    0.5888    axis=( -0.345332  0.218637  0.912658)
     C    3  Q=         1.0000 1e-30 m^2  Cq=         1.3835 MHz  eta= 0.68482

     H    4    Vxx=   -0.0037    axis=(  0.149817 -0.954884 -0.256421)
     H    4    Vyy=   -0.7445    axis=(  0.384854  0.295215 -0.874492)
     H    4    Vzz=    0.7483    axis=(  0.910737  0.032329  0.411719)
     H    4  Q=         1.0000 1e-30 m^2  Cq=         1.7581 MHz  eta= 0.99002

     C    5    Vxx=    0.1904    axis=( -0.505292  0.575856 -0.642705)
     C    5    Vyy=    0.4714    axis=( -0.572814  0.333215  0.748900)
     C    5    Vzz=   -0.6618    axis=(  0.645418  0.746564  0.161488)
     C    5  Q=         1.0000 1e-30 m^2  Cq=        -1.5549 MHz  eta= 0.42466

     H    6    Vxx=   -0.0431    axis=(  0.833701 -0.366166  0.413358)
     H    6    Vyy=   -0.3860    axis=(  0.479655  0.109259 -0.870629)
     H    6    Vzz=    0.4290    axis=(  0.273632  0.924113  0.266722)
     H    6  Q=         1.0000 1e-30 m^2  Cq=         1.0080 MHz  eta= 0.79929

     H    7    Vxx=   -0.0248    axis=(  0.969460  0.197101  0.145939)
     H    7    Vyy=   -0.5275    axis=( -0.203884  0.316999  0.926252)
     H    7    Vzz=    0.5523    axis=(  0.136303 -0.927719  0.347504)
     H    7  Q=         1.0000 1e-30 m^2  Cq=         1.2977 MHz  eta= 0.91007

     C    8    Vxx=   -0.1274    axis=( -0.143764 -0.224175  0.963887)
     C    8    Vyy=   -0.5268    axis=( -0.958606 -0.210356 -0.191900)
     C    8    Vzz=    0.6542    axis=(  0.245778 -0.951576 -0.184654)
     C    8  Q=         1.0000 1e-30 m^2  Cq=         1.5371 MHz  eta= 0.61061

     H    9    Vxx=   -0.0022    axis=( -0.314328  0.080110  0.945928)
     H    9    Vyy=   -0.6437    axis=( -0.308728 -0.950895 -0.022058)
     H    9    Vzz=    0.6459    axis=(  0.897711 -0.298968  0.323625)
     H    9  Q=         1.0000 1e-30 m^2  Cq=         1.5176 MHz  eta= 0.99323

     C   10    Vxx=    0.0260    axis=(  0.876039  0.391385  0.281734)
     C   10    Vyy=    0.3963    axis=(  0.475548 -0.798116 -0.369951)
     C   10    Vzz=   -0.4223    axis=(  0.080063  0.458070 -0.885303)
     C   10  Q=         1.0000 1e-30 m^2  Cq=        -0.9923 MHz  eta= 0.87679

     C   11    Vxx=    0.1286    axis=(  0.791033 -0.087216 -0.605525)
     C   11    Vyy=    0.4772    axis=( -0.122957  0.946923 -0.297015)
     C   11    Vzz=   -0.6058    axis=(  0.599290  0.309402  0.738324)
     C   11  Q=         1.0000 1e-30 m^2  Cq=        -1.4233 MHz  eta= 0.57544

     Cl  12    Vxx=    0.2783    axis=(  0.804882  0.592735 -0.028803)
     Cl  12    Vyy=    2.2761    axis=(  0.326683 -0.402042  0.855360)
     Cl  12    Vzz=   -2.5544    axis=(  0.495422 -0.697873 -0.517233)
     Cl  12  Q=        -8.1650 1e-30 m^2  Cq=        49.0045 MHz  eta= 0.78213

     H   13    Vxx=    0.0641    axis=( -0.635902 -0.175962  0.751443)
     H   13    Vyy=    0.6022    axis=(  0.208063  0.898525  0.386475)
     H   13    Vzz=   -0.6663    axis=( -0.743195  0.402108 -0.534762)
     H   13  Q=         1.0000 1e-30 m^2  Cq=        -1.5654 MHz  eta= 0.80769

     C   14    Vxx=    0.1837    axis=(  0.314505  0.096199  0.944369)
     C   14    Vyy=    0.5857    axis=(  0.040273 -0.995308  0.087976)
     C   14    Vzz=   -0.7694    axis=(  0.948401  0.010364 -0.316904)
     C   14  Q=         1.0000 1e-30 m^2  Cq=        -1.8078 MHz  eta= 0.52242

     H   15    Vxx=   -0.1008    axis=(  0.608726 -0.434349 -0.663923)
     H   15    Vyy=   -0.6951    axis=( -0.026096  0.825413 -0.563925)
     H   15    Vzz=    0.7959    axis=( -0.792951 -0.360602 -0.491116)
     H   15  Q=         1.0000 1e-30 m^2  Cq=         1.8701 MHz  eta= 0.74677

     C   16    Vxx=   -0.0987    axis=(  0.652406  0.706436 -0.274436)
     C   16    Vyy=   -0.3719    axis=(  0.104441  0.274854  0.955797)
     C   16    Vzz=    0.4706    axis=(  0.750639 -0.652230  0.105535)
     C   16  Q=         1.0000 1e-30 m^2  Cq=         1.1057 MHz  eta= 0.58037

     C   17    Vxx=    0.0592    axis=( -0.060775 -0.295819  0.953309)
     C   17    Vyy=    0.6927    axis=(  0.077060  0.950833  0.299964)
     C   17    Vzz=   -0.7519    axis=( -0.995172  0.091693 -0.034991)
     C   17  Q=         1.0000 1e-30 m^2  Cq=        -1.7667 MHz  eta= 0.84256

     Cl  18    Vxx=    0.4178    axis=(  0.988679  0.104664 -0.107519)
     Cl  18    Vyy=    1.7281    axis=(  0.112373 -0.991314  0.068329)
     Cl  18    Vzz=   -2.1460    axis=(  0.099433  0.079638  0.991852)
     Cl  18  Q=        -8.1650 1e-30 m^2  Cq=        41.1694 MHz  eta= 0.61059

     H   19    Vxx=   -0.0784    axis=(  0.802403  0.249675  0.542044)
     H   19    Vyy=   -0.7029    axis=(  0.582182 -0.527169 -0.618997)
     H   19    Vzz=    0.7813    axis=( -0.131201 -0.812254  0.568358)
     H   19  Q=         1.0000 1e-30 m^2  Cq=         1.8357 MHz  eta= 0.79929

     C   20    Vxx=   -0.2099    axis=(  0.270414  0.286885  0.919007)
     C   20    Vyy=   -0.3863    axis=( -0.406789 -0.831126  0.379147)
     C   20    Vzz=    0.5962    axis=( -0.872582  0.476369  0.108046)
     C   20  Q=         1.0000 1e-30 m^2  Cq=         1.4008 MHz  eta= 0.29599

     H   21    Vxx=   -0.0853    axis=(  0.186862  0.944521 -0.270115)
     H   21    Vyy=   -0.7235    axis=( -0.487691  0.327873  0.809109)
     H   21    Vzz=    0.8088    axis=(  0.852784 -0.019459  0.521901)
     H   21  Q=         1.0000 1e-30 m^2  Cq=         1.9004 MHz  eta= 0.78910

     C   22    Vxx=    0.0605    axis=(  0.452800 -0.846350 -0.280471)
     C   22    Vyy=    0.1592    axis=(  0.705228  0.532439 -0.468147)
     C   22    Vzz=   -0.2197    axis=(  0.545550  0.014181  0.837958)
     C   22  Q=         1.0000 1e-30 m^2  Cq=        -0.5161 MHz  eta= 0.44931

     C   23    Vxx=    0.0395    axis=(  0.954466  0.200055 -0.221296)
     C   23    Vyy=    0.5071    axis=( -0.001561  0.745151  0.666894)
     C   23    Vzz=   -0.5466    axis=(  0.298315 -0.636183  0.711534)
     C   23  Q=         1.0000 1e-30 m^2  Cq=        -1.2844 MHz  eta= 0.85542

     Cl  24    Vxx=    0.0293    axis=(  0.826697  0.541041 -0.154422)
     Cl  24    Vyy=    2.4195    axis=(  0.167433 -0.498586 -0.850516)
     Cl  24    Vzz=   -2.4488    axis=( -0.537157  0.677264 -0.502768)
     Cl  24  Q=        -8.1650 1e-30 m^2  Cq=        46.9799 MHz  eta= 0.97606

     Initialization:
     gipaw_setup  :      9.14s CPU     10.83s WALL (       1 calls)

     Linear response

     Apply operators

     Induced current

     Other routines
     efg          :      9.24s CPU     11.32s WALL (       1 calls)

     General routines
     calbec       :      3.19s CPU      4.14s WALL (      16 calls)
     fft          :      1.44s CPU      1.87s WALL (      15 calls)
     ffts         :      0.03s CPU      0.04s WALL (       2 calls)
     fftw         :      3.31s CPU      3.77s WALL (     672 calls)
     davcio       :      0.01s CPU      0.31s WALL (      32 calls)

     Parallel routines
     fft_scatter  :      1.92s CPU      2.73s WALL (     689 calls)

     Plugins

     GIPAW        :     60.57s CPU     72.13s WALL (       1 calls)
