
     Program QE v.6.0 (svn rev. 13079) starts on  8Jan2017 at  7:27: 4 

     This program is part of the open-source Quantum ESPRESSO suite
     for quantum simulation of materials; please cite
         "P. Giannozzi et al., J. Phys.:Condens. Matter 21 395502 (2009);
          URL http://www.quantum-espresso.org", 
     in publications or presentations arising from this work. More details at
     http://www.quantum-espresso.org/quote

     Parallel version (MPI), running on     8 processors
     R & G space division:  proc/nbgrp/npool/nimage =       8

     ***** This is GIPAW svn revision unknown      *****

     Parallelizing q-star over 1 images

     Reading data from directory:
     /users/majewski/paradichlorobenzene/pbe/9_constraint/scratch/pbe.ecut100.np8.dt60.pcl2phi-129368.save
     Message from routine read_xml_file:
     file /users/majewski/paradichlorobenzene/pbe/9_constraint/scratch/pbe.ecut100.np8.dt60.pcl2phi-129368.save not guaranteed to be safe for post-processing

   Info: using nr1, nr2, nr3 values from input

   Info: using nr1, nr2, nr3 values from input

     IMPORTANT: XC functional enforced from input :
     Exchange-correlation      =  SLA  PW   PBX  PBC ( 1  4  3  4 0 0)
     Any further DFT definition will be discarded
     Please, verify this is what you really want

               file C.pbe-n-kjpaw_psl.1.0.0.UPF: wavefunction(s)  2S 2P renormalized
               file Cl.pbe-n-kjpaw_psl.1.0.0.UPF: wavefunction(s)  3S 3P renormalized
               file H.pbe-kjpaw_psl.1.0.0.UPF: wavefunction(s)  1S renormalized

     Parallelization info
     --------------------
     sticks:   dense  smooth     PW     G-vecs:    dense   smooth      PW
     Min        3057    1223    332               144436    36536    5170
     Max        3059    1225    333               144437    36537    5171
     Sum       24467    9791   2657              1155489   292295   41363


     Subspace diagonalization in iterative solution of the eigenvalue problem:
     a serial algorithm will be used

     GIPAW projectors -----------------------------------------------
     atom=  C    l=0  rc=    1.2000  rs=    0.8000
     atom=  C    l=0  rc=    1.2000  rs=    0.8000
     atom=  C    l=1  rc=    1.4000  rs=    0.9333
     atom=  C    l=1  rc=    1.4000  rs=    0.9333
     projs nearly linearly dependent: l=1  n1,n2= 1, 2  s=  0.99951561

     atom=  Cl   l=0  rc=    1.6000  rs=    1.0667
     atom=  Cl   l=0  rc=    1.6000  rs=    1.0667
     atom=  Cl   l=1  rc=    1.6000  rs=    1.0667
     atom=  Cl   l=1  rc=    1.6000  rs=    1.0667
     atom=  Cl   l=2  rc=    1.6000  rs=    1.0667
     atom=  Cl   l=2  rc=    1.6000  rs=    1.0667
     projs nearly linearly dependent: l=2  n1,n2= 1, 2  s=  0.99993509

     atom=  H    l=0  rc=    1.0000  rs=    0.6667
     atom=  H    l=0  rc=    1.0000  rs=    0.6667
     projs nearly linearly dependent: l=0  n1,n2= 1, 2  s=  0.99968852
     -----------------------------------------------------------------

     GIPAW integrals: -------------------------------------------
     Atom  i/j   nmr_para   nmr_dia   epr_rmc  epr_para   epr_dia
       C   1 1   0.83E+03  0.17E-01  0.93E+01  0.24E+08  0.24E+03
       C   2 1   0.86E+03 -0.61E-01  0.94E+01  0.25E+08  0.25E+03
       C   2 2   0.90E+03 -0.15E+00  0.97E+01  0.26E+08  0.26E+03
       C   3 3   0.33E+01  0.34E+00  0.18E+01  0.55E+03  0.21E+02
       C   4 3   0.35E+01  0.37E+00  0.20E+01  0.59E+03  0.22E+02
       C   4 4   0.38E+01  0.39E+00  0.22E+01  0.63E+03  0.24E+02
       Cl  1 1   0.14E+04 -0.47E+00  0.84E+01  0.32E+09  0.42E+03
       Cl  2 1   0.21E+04 -0.37E+00  0.12E+02  0.49E+09  0.65E+03
       Cl  2 2   0.33E+04 -0.16E+00  0.21E+02  0.76E+09  0.10E+04
       Cl  3 3   0.21E+02  0.79E-01  0.89E+01  0.23E+05  0.13E+03
       Cl  4 3   0.24E+02  0.67E-01  0.99E+01  0.27E+05  0.15E+03
       Cl  4 4   0.28E+02  0.44E-01  0.11E+02  0.32E+05  0.18E+03
       Cl  5 5   0.77E+00  0.19E+00  0.18E+01  0.12E+03  0.22E+02
       Cl  6 5   0.80E+00  0.19E+00  0.19E+01  0.12E+03  0.23E+02
       Cl  6 6   0.83E+00  0.20E+00  0.19E+01  0.12E+03  0.23E+02
       H   1 1   0.39E+02  0.19E+00  0.29E+00  0.78E+05  0.13E+02
       H   2 1   0.41E+02  0.21E+00  0.32E+00  0.82E+05  0.14E+02
       H   2 2   0.43E+02  0.22E+00  0.36E+00  0.86E+05  0.15E+02
     ------------------------------------------------------------

     alpha_pv=     34.2605 eV

     Number of occupied bands for each k-point:
     k-point:     1    nbnd_occ=  42
     k-point:     2    nbnd_occ=  42
     k-point:     3    nbnd_occ=  42
     k-point:     4    nbnd_occ=  42
     k-point:     5    nbnd_occ=  42
     k-point:     6    nbnd_occ=  42
     k-point:     7    nbnd_occ=  42
     k-point:     8    nbnd_occ=  42
     k-point:     9    nbnd_occ=  42
     k-point:    10    nbnd_occ=  42
     k-point:    11    nbnd_occ=  42
     k-point:    12    nbnd_occ=  42
     k-point:    13    nbnd_occ=  42
     k-point:    14    nbnd_occ=  42
     k-point:    15    nbnd_occ=  42
     k-point:    16    nbnd_occ=  42


     q-space interpolation up to   110.00 Rydberg

     GIPAW job: efg                                                                             


     ELECTRIC FIELD GRADIENTS TENSORS IN Hartree/bohrradius^2:

     ----- bare term -----
     Cl   1        0.069637        0.094880        0.110100
     Cl   1        0.094880       -0.222706        0.342596
     Cl   1        0.110100        0.342596        0.153069

     C    2        0.043680        0.003130       -0.230145
     C    2        0.003130        0.031848       -0.639490
     C    2       -0.230145       -0.639490       -0.075528

     C    3       -0.400821        0.215239        0.017986
     C    3        0.215239        0.038938       -0.100753
     C    3        0.017986       -0.100753        0.361884

     H    4       -0.192715       -0.447319        0.046178
     H    4       -0.447319       -0.117627        0.180949
     H    4        0.046178        0.180949        0.310342

     C    5       -0.124777       -0.000954       -0.237322
     C    5       -0.000954        0.025752       -0.471721
     C    5       -0.237322       -0.471721        0.099025

     H    6        0.438935       -0.003047       -0.046093
     H    6       -0.003047       -0.762406        0.078055
     H    6       -0.046093        0.078055        0.323471

     H    7        0.017925       -0.060863       -0.038849
     H    7       -0.060863       -0.295730        0.550705
     H    7       -0.038849        0.550705        0.277805

     C    8       -0.492780       -0.360749       -0.491052
     C    8       -0.360749        0.349616        0.183737
     C    8       -0.491052        0.183737        0.143164

     H    9        0.153841        0.080600       -0.240449
     H    9        0.080600        0.432811       -0.088299
     H    9       -0.240449       -0.088299       -0.586652

     C   10        0.013033       -0.263900       -0.132990
     C   10       -0.263900       -0.130844        0.385147
     C   10       -0.132990        0.385147        0.117811

     C   11       -0.322968       -0.292969       -0.246612
     C   11       -0.292969       -0.116711        0.463780
     C   11       -0.246612        0.463780        0.439680

     Cl  12        0.049712       -0.027629       -0.032410
     Cl  12       -0.027629       -0.000575       -0.106608
     Cl  12       -0.032410       -0.106608       -0.049137

     H   13        0.461920       -0.038984       -0.123775
     H   13       -0.038984       -0.577808       -0.399034
     H   13       -0.123775       -0.399034        0.115889

     C   14       -0.877371        0.280643       -0.404783
     C   14        0.280643        0.222176        0.008347
     C   14       -0.404783        0.008347        0.655195

     H   15       -0.486064       -0.294451        0.197749
     H   15       -0.294451        0.382982       -0.061338
     H   15        0.197749       -0.061338        0.103082

     C   16        0.114921        0.163639       -0.018866
     C   16        0.163639       -0.572275       -0.326824
     C   16       -0.018866       -0.326824        0.457354

     C   17       -0.691638        0.309062       -0.371340
     C   17        0.309062        0.114300       -0.056963
     C   17       -0.371340       -0.056963        0.577338

     Cl  18       -0.025623       -0.010705       -0.107572
     Cl  18       -0.010705       -0.036839       -0.076165
     Cl  18       -0.107572       -0.076165        0.062462

     H   19        0.300819       -0.274078       -0.059872
     H   19       -0.274078       -0.669993        0.187789
     H   19       -0.059872        0.187789        0.369174

     C   20       -0.151945        0.258668       -0.409127
     C   20        0.258668        0.032487        0.524793
     C   20       -0.409127        0.524793        0.119458

     H   21        0.065443        0.034817       -0.233410
     H   21        0.034817        0.247931        0.494443
     H   21       -0.233410        0.494443       -0.313374

     C   22       -0.624390       -0.334335       -0.379081
     C   22       -0.334335        0.183285        0.036658
     C   22       -0.379081        0.036658        0.441106

     C   23        0.011428       -0.057519       -0.179540
     C   23       -0.057519       -0.376987        0.354356
     C   23       -0.179540        0.354356        0.365559

     Cl  24       -0.060719       -0.234646       -0.016922
     Cl  24       -0.234646       -0.013955        0.125442
     Cl  24       -0.016922        0.125442        0.074674

     ----- ionic term -----
     Cl   1        0.168434       -0.166909       -0.058013
     Cl   1       -0.166909       -0.035953        0.033331
     Cl   1       -0.058013        0.033331       -0.132481

     C    2        0.297216        0.007435        0.089467
     C    2        0.007435        0.209590        0.423492
     C    2        0.089467        0.423492       -0.506807

     C    3        0.235477       -0.181636        0.041377
     C    3       -0.181636        0.285140        0.374619
     C    3        0.041377        0.374619       -0.520618

     H    4        0.790562        0.476846        0.373620
     H    4        0.476846       -0.317112        0.199543
     H    4        0.373620        0.199543       -0.473450

     C    5        0.385215       -0.153987        0.047709
     C    5       -0.153987        0.150146        0.268655
     C    5        0.047709        0.268655       -0.535361

     H    6       -0.533908       -0.002663       -0.019676
     H    6       -0.002663        0.892928        0.548664
     H    6       -0.019676        0.548664       -0.359020

     H    7       -0.527335       -0.015761        0.032698
     H    7       -0.015761        0.843618       -0.564671
     H    7        0.032698       -0.564671       -0.316283

     C    8        0.138410        0.194826        0.409631
     C    8        0.194826        0.035972       -0.232453
     C    8        0.409631       -0.232453       -0.174383

     H    9        0.172136       -0.249836        0.756882
     H    9       -0.249836       -0.400717       -0.324369
     H    9        0.756882       -0.324369        0.228581

     C   10        0.007740        0.270907        0.254768
     C   10        0.270907        0.135424       -0.366307
     C   10        0.254768       -0.366307       -0.143164

     C   11        0.078361        0.293256        0.311859
     C   11        0.293256        0.113424       -0.380397
     C   11        0.311859       -0.380397       -0.191785

     Cl  12        0.157141        0.253912        0.060968
     Cl  12        0.253912       -0.000288        0.031489
     Cl  12        0.060968        0.031489       -0.156854

     H   13       -0.521695        0.069968        0.014378
     H   13        0.069968        0.753832        0.648249
     H   13        0.014378        0.648249       -0.232137

     C   14        0.380500       -0.029157        0.104115
     C   14       -0.029157        0.097776        0.333836
     C   14        0.104115        0.333836       -0.478276

     H   15        0.732595        0.443261        0.460396
     H   15        0.443261       -0.315268        0.240827
     H   15        0.460396        0.240827       -0.417327

     C   16        0.233735       -0.191323        0.042987
     C   16       -0.191323        0.240712        0.371645
     C   16        0.042987        0.371645       -0.474447

     C   17        0.348618       -0.111717        0.081696
     C   17       -0.111717        0.168960        0.325833
     C   17        0.081696        0.325833       -0.517578

     Cl  18        0.199337       -0.220313       -0.005950
     Cl  18       -0.220313       -0.042519        0.003981
     Cl  18       -0.005950        0.003981       -0.156818

     H   19       -0.520661        0.045487        0.001581
     H   19        0.045487        0.793527       -0.601277
     H   19        0.001581       -0.601277       -0.272865

     C   20        0.168252        0.250565        0.328900
     C   20        0.250565        0.084014       -0.241861
     C   20        0.328900       -0.241861       -0.252265

     H   21        0.180624       -0.259778        0.757631
     H   21       -0.259778       -0.411916       -0.352441
     H   21        0.757631       -0.352441        0.231292

     C   22        0.027160        0.298719        0.243803
     C   22        0.298719        0.214951       -0.368505
     C   22        0.243803       -0.368505       -0.242111

     C   23        0.111192        0.269840        0.385468
     C   23        0.269840        0.095471       -0.361833
     C   23        0.385468       -0.361833       -0.206663

     Cl  24        0.174249        0.227958        0.059607
     Cl  24        0.227958       -0.004457        0.029279
     Cl  24        0.059607        0.029279       -0.169792

     ----- GIPAW term -----
     Cl   1       -0.258778        0.222866       -0.440206
     Cl   1        0.222866        0.432324       -0.834329
     Cl   1       -0.440206       -0.834329       -0.173546

     C    2       -0.056850       -0.016011       -0.026472
     C    2       -0.016011        0.262394       -0.066420
     C    2       -0.026472       -0.066420       -0.205544

     C    3       -0.095203       -0.003839        0.011981
     C    3       -0.003839        0.097533       -0.063476
     C    3        0.011981       -0.063476       -0.002330

     H    4       -0.000000        0.000000        0.000000
     H    4        0.000000        0.000000        0.000000
     H    4        0.000000        0.000000        0.000000

     C    5       -0.097513        0.013937       -0.024929
     C    5        0.013937        0.205174       -0.173181
     C    5       -0.024929       -0.173181       -0.107661

     H    6       -0.000000        0.000000        0.000000
     H    6        0.000000        0.000000        0.000000
     H    6        0.000000        0.000000        0.000000

     H    7       -0.000000        0.000000        0.000000
     H    7        0.000000        0.000000        0.000000
     H    7        0.000000        0.000000        0.000000

     C    8        0.000756       -0.223610       -0.081405
     C    8       -0.223610        0.119179        0.026206
     C    8       -0.081405        0.026206       -0.119935

     H    9       -0.000000        0.000000        0.000000
     H    9        0.000000        0.000000        0.000000
     H    9        0.000000        0.000000        0.000000

     C   10       -0.056312       -0.074724       -0.077406
     C   10       -0.074724        0.013974        0.145552
     C   10       -0.077406        0.145552        0.042338

     C   11       -0.120643        0.039180       -0.022026
     C   11        0.039180        0.029884        0.232401
     C   11       -0.022026        0.232401        0.090759

     Cl  12       -0.531353        0.933253       -0.627507
     Cl  12        0.933253       -0.442163        1.618601
     Cl  12       -0.627507        1.618601        0.973516

     H   13       -0.000000        0.000000        0.000000
     H   13        0.000000        0.000000        0.000000
     H   13        0.000000        0.000000        0.000000

     C   14       -0.241938        0.050881       -0.009745
     C   14        0.050881        0.011807        0.182060
     C   14       -0.009745        0.182060        0.230132

     H   15       -0.000000        0.000000        0.000000
     H   15        0.000000        0.000000        0.000000
     H   15        0.000000        0.000000        0.000000

     C   16       -0.066600       -0.000376       -0.010773
     C   16       -0.000376       -0.128909        0.073665
     C   16       -0.010773        0.073665        0.195509

     C   17       -0.134416       -0.093881       -0.139920
     C   17       -0.093881        0.007641        0.165721
     C   17       -0.139920        0.165721        0.126775

     Cl  18        1.154871       -1.516896       -2.075881
     Cl  18       -1.516896       -1.147215       -0.673842
     Cl  18       -2.075881       -0.673842       -0.007655

     H   19       -0.000000        0.000000        0.000000
     H   19        0.000000        0.000000        0.000000
     H   19        0.000000        0.000000        0.000000

     C   20       -0.034325        0.206424       -0.062954
     C   20        0.206424        0.160215        0.095632
     C   20       -0.062954        0.095632       -0.125890

     H   21       -0.000000        0.000000        0.000000
     H   21        0.000000        0.000000        0.000000
     H   21        0.000000        0.000000        0.000000

     C   22       -0.172539        0.082680       -0.138676
     C   22        0.082680        0.151944       -0.164530
     C   22       -0.138676       -0.164530        0.020594

     C   23       -0.066430        0.060372        0.020693
     C   23        0.060372       -0.010265       -0.176831
     C   23        0.020693       -0.176831        0.076695

     Cl  24       -0.938081        0.335437        0.347563
     Cl  24        0.335437       -0.152264       -1.711184
     Cl  24        0.347563       -1.711184        1.090345

     ----- total EFG -----
     Cl   1       -0.020706        0.150837       -0.388119
     Cl   1        0.150837        0.173665       -0.458401
     Cl   1       -0.388119       -0.458401       -0.152959

     C    2        0.284046       -0.005446       -0.167150
     C    2       -0.005446        0.503832       -0.282417
     C    2       -0.167150       -0.282417       -0.787879

     C    3       -0.260547        0.029763        0.071344
     C    3        0.029763        0.421611        0.210390
     C    3        0.071344        0.210390       -0.161064

     H    4        0.597848        0.029526        0.419798
     H    4        0.029526       -0.434739        0.380492
     H    4        0.419798        0.380492       -0.163108

     C    5        0.162924       -0.141005       -0.214543
     C    5       -0.141005        0.381073       -0.376248
     C    5       -0.214543       -0.376248       -0.543997

     H    6       -0.094973       -0.005711       -0.065769
     H    6       -0.005711        0.130522        0.626719
     H    6       -0.065769        0.626719       -0.035549

     H    7       -0.509410       -0.076624       -0.006151
     H    7       -0.076624        0.547889       -0.013966
     H    7       -0.006151       -0.013966       -0.038479

     C    8       -0.353614       -0.389533       -0.162825
     C    8       -0.389533        0.504767       -0.022509
     C    8       -0.162825       -0.022509       -0.151153

     H    9        0.325977       -0.169236        0.516433
     H    9       -0.169236        0.032094       -0.412667
     H    9        0.516433       -0.412667       -0.358071

     C   10       -0.035539       -0.067716        0.044372
     C   10       -0.067716        0.018555        0.164392
     C   10        0.044372        0.164392        0.016985

     C   11       -0.365251        0.039467        0.043221
     C   11        0.039467        0.026597        0.315784
     C   11        0.043221        0.315784        0.338653

     Cl  12       -0.324499        1.159537       -0.598950
     Cl  12        1.159537       -0.443026        1.543482
     Cl  12       -0.598950        1.543482        0.767525

     H   13       -0.059776        0.030984       -0.109397
     H   13        0.030984        0.176024        0.249216
     H   13       -0.109397        0.249216       -0.116248

     C   14       -0.738809        0.302367       -0.310412
     C   14        0.302367        0.331759        0.524243
     C   14       -0.310412        0.524243        0.407051

     H   15        0.246531        0.148810        0.658145
     H   15        0.148810        0.067714        0.179490
     H   15        0.658145        0.179490       -0.314245

     C   16        0.282055       -0.028060        0.013348
     C   16       -0.028060       -0.460471        0.118487
     C   16        0.013348        0.118487        0.178416

     C   17       -0.477436        0.103463       -0.429564
     C   17        0.103463        0.290902        0.434591
     C   17       -0.429564        0.434591        0.186535

     Cl  18        1.328585       -1.747915       -2.189402
     Cl  18       -1.747915       -1.226574       -0.746026
     Cl  18       -2.189402       -0.746026       -0.102011

     H   19       -0.219842       -0.228591       -0.058291
     H   19       -0.228591        0.123534       -0.413488
     H   19       -0.058291       -0.413488        0.096309

     C   20       -0.018019        0.715657       -0.143181
     C   20        0.715657        0.276716        0.378563
     C   20       -0.143181        0.378563       -0.258697

     H   21        0.246067       -0.224961        0.524221
     H   21       -0.224961       -0.163985        0.142001
     H   21        0.524221        0.142001       -0.082082

     C   22       -0.769769        0.047064       -0.273954
     C   22        0.047064        0.550180       -0.496377
     C   22       -0.273954       -0.496377        0.219589

     C   23        0.056190        0.272693        0.226621
     C   23        0.272693       -0.291781       -0.184308
     C   23        0.226621       -0.184308        0.235591

     Cl  24       -0.824550        0.328749        0.390248
     Cl  24        0.328749       -0.170676       -1.556463
     Cl  24        0.390248       -1.556463        0.995226

     ----- total EFG (symmetrized) -----
     Cl   1       -0.020706        0.150837       -0.388119
     Cl   1        0.150837        0.173665       -0.458401
     Cl   1       -0.388119       -0.458401       -0.152959

     C    2        0.284046       -0.005446       -0.167150
     C    2       -0.005446        0.503832       -0.282417
     C    2       -0.167150       -0.282417       -0.787879

     C    3       -0.260547        0.029763        0.071344
     C    3        0.029763        0.421611        0.210390
     C    3        0.071344        0.210390       -0.161064

     H    4        0.597848        0.029526        0.419798
     H    4        0.029526       -0.434739        0.380492
     H    4        0.419798        0.380492       -0.163108

     C    5        0.162924       -0.141005       -0.214543
     C    5       -0.141005        0.381073       -0.376248
     C    5       -0.214543       -0.376248       -0.543997

     H    6       -0.094973       -0.005711       -0.065769
     H    6       -0.005711        0.130522        0.626719
     H    6       -0.065769        0.626719       -0.035549

     H    7       -0.509410       -0.076624       -0.006151
     H    7       -0.076624        0.547889       -0.013966
     H    7       -0.006151       -0.013966       -0.038479

     C    8       -0.353614       -0.389533       -0.162825
     C    8       -0.389533        0.504767       -0.022509
     C    8       -0.162825       -0.022509       -0.151153

     H    9        0.325977       -0.169236        0.516433
     H    9       -0.169236        0.032094       -0.412667
     H    9        0.516433       -0.412667       -0.358071

     C   10       -0.035539       -0.067716        0.044372
     C   10       -0.067716        0.018555        0.164392
     C   10        0.044372        0.164392        0.016985

     C   11       -0.365251        0.039467        0.043221
     C   11        0.039467        0.026597        0.315784
     C   11        0.043221        0.315784        0.338653

     Cl  12       -0.324499        1.159537       -0.598950
     Cl  12        1.159537       -0.443026        1.543482
     Cl  12       -0.598950        1.543482        0.767525

     H   13       -0.059776        0.030984       -0.109397
     H   13        0.030984        0.176024        0.249216
     H   13       -0.109397        0.249216       -0.116248

     C   14       -0.738809        0.302367       -0.310412
     C   14        0.302367        0.331759        0.524243
     C   14       -0.310412        0.524243        0.407051

     H   15        0.246531        0.148810        0.658145
     H   15        0.148810        0.067714        0.179490
     H   15        0.658145        0.179490       -0.314245

     C   16        0.282055       -0.028060        0.013348
     C   16       -0.028060       -0.460471        0.118487
     C   16        0.013348        0.118487        0.178416

     C   17       -0.477436        0.103463       -0.429564
     C   17        0.103463        0.290902        0.434591
     C   17       -0.429564        0.434591        0.186535

     Cl  18        1.328585       -1.747915       -2.189402
     Cl  18       -1.747915       -1.226574       -0.746026
     Cl  18       -2.189402       -0.746026       -0.102011

     H   19       -0.219842       -0.228591       -0.058291
     H   19       -0.228591        0.123534       -0.413488
     H   19       -0.058291       -0.413488        0.096309

     C   20       -0.018019        0.715657       -0.143181
     C   20        0.715657        0.276716        0.378563
     C   20       -0.143181        0.378563       -0.258697

     H   21        0.246067       -0.224961        0.524221
     H   21       -0.224961       -0.163985        0.142001
     H   21        0.524221        0.142001       -0.082082

     C   22       -0.769769        0.047064       -0.273954
     C   22        0.047064        0.550180       -0.496377
     C   22       -0.273954       -0.496377        0.219589

     C   23        0.056190        0.272693        0.226621
     C   23        0.272693       -0.291781       -0.184308
     C   23        0.226621       -0.184308        0.235591

     Cl  24       -0.824550        0.328749        0.390248
     Cl  24        0.328749       -0.170676       -1.556463
     Cl  24        0.390248       -1.556463        0.995226


     NQR/NMR SPECTROSCOPIC PARAMETERS:
     Cl   1    Vxx=   -0.0892    axis=(  0.766038 -0.633148 -0.110953)
     Cl   1    Vyy=   -0.5915    axis=(  0.442968  0.394894  0.804884)
     Cl   1    Vzz=    0.6806    axis=( -0.465796 -0.665720  0.582967)
     Cl   1  Q=        -8.1650 1e-30 m^2  Cq=       -13.0574 MHz  eta= 0.73800

     C    2    Vxx=    0.3044    axis=(  0.983921 -0.136402 -0.115302)
     C    2    Vyy=    0.5661    axis=(  0.109215  0.970293 -0.215877)
     C    2    Vzz=   -0.8704    axis=(  0.141323  0.199813  0.969589)
     C    2  Q=         1.0000 1e-30 m^2  Cq=        -2.0452 MHz  eta= 0.30061

     C    3    Vxx=   -0.1854    axis=(  0.596452 -0.288818  0.748886)
     C    3    Vyy=   -0.3076    axis=( -0.799849 -0.136011  0.584587)
     C    3    Vzz=    0.4930    axis=(  0.066982  0.947674  0.312135)
     C    3  Q=         1.0000 1e-30 m^2  Cq=         1.1584 MHz  eta= 0.24796

     H    4    Vxx=   -0.0696    axis=(  0.431655 -0.633898 -0.641753)
     H    4    Vyy=   -0.7428    axis=(  0.179778  0.757631 -0.627435)
     H    4    Vzz=    0.8125    axis=(  0.883942  0.155462  0.440996)
     H    4  Q=         1.0000 1e-30 m^2  Cq=         1.9090 MHz  eta= 0.82858

     C    5    Vxx=    0.2196    axis=(  0.944919  0.096153 -0.312861)
     C    5    Vyy=    0.5267    axis=(  0.191718 -0.937328  0.290964)
     C    5    Vzz=   -0.7463    axis=(  0.265276  0.334918  0.904134)
     C    5  Q=         1.0000 1e-30 m^2  Cq=        -1.7535 MHz  eta= 0.41148

     H    6    Vxx=   -0.0937    axis=( -0.993829 -0.107003  0.029219)
     H    6    Vyy=   -0.5890    axis=(  0.092456 -0.653597  0.751174)
     H    6    Vzz=    0.6826    axis=(  0.061280 -0.749240 -0.659457)
     H    6  Q=         1.0000 1e-30 m^2  Cq=         1.6039 MHz  eta= 0.72560

     H    7    Vxx=   -0.0387    axis=( -0.016583  0.021635  0.999628)
     H    7    Vyy=   -0.5150    axis=(  0.997286  0.072089  0.014984)
     H    7    Vzz=    0.5537    axis=( -0.071738  0.997164 -0.022771)
     H    7  Q=         1.0000 1e-30 m^2  Cq=         1.3010 MHz  eta= 0.86029

     C    8    Vxx=   -0.0911    axis=( -0.319724 -0.173838  0.931427)
     C    8    Vyy=   -0.5659    axis=(  0.873991  0.325555  0.360768)
     C    8    Vzz=    0.6570    axis=( -0.365946  0.929405  0.047845)
     C    8  Q=         1.0000 1e-30 m^2  Cq=         1.5437 MHz  eta= 0.72279

     H    9    Vxx=   -0.0250    axis=(  0.570569  0.812195 -0.121616)
     H    9    Vyy=   -0.7510    axis=( -0.352050  0.375682  0.857277)
     H    9    Vzz=    0.7760    axis=(  0.741965 -0.446321  0.500286)
     H    9  Q=         1.0000 1e-30 m^2  Cq=         1.8233 MHz  eta= 0.93556

     C   10    Vxx=    0.0044    axis=(  0.882561 -0.267724  0.386535)
     C   10    Vyy=    0.1836    axis=( -0.083136  0.720268  0.688696)
     C   10    Vzz=   -0.1880    axis=( -0.462789 -0.639951  0.613424)
     C   10  Q=         1.0000 1e-30 m^2  Cq=        -0.4417 MHz  eta= 0.95281

     C   11    Vxx=   -0.1690    axis=(  0.053247  0.845894 -0.530687)
     C   11    Vyy=   -0.3695    axis=( -0.996557  0.078835  0.025669)
     C   11    Vzz=    0.5385    axis=(  0.063550  0.527493  0.847179)
     C   11  Q=         1.0000 1e-30 m^2  Cq=         1.2653 MHz  eta= 0.37224

     Cl  12    Vxx=    0.4982    axis=(  0.834345  0.391493 -0.388073)
     Cl  12    Vyy=    1.8353    axis=(  0.095207  0.591077  0.800977)
     Cl  12    Vzz=   -2.3335    axis=(  0.542958 -0.705238  0.455890)
     Cl  12  Q=        -8.1650 1e-30 m^2  Cq=        44.7671 MHz  eta= 0.57303

     H   13    Vxx=   -0.0127    axis=(  0.910061  0.268083 -0.316102)
     H   13    Vyy=   -0.3082    axis=( -0.407407  0.438364 -0.801159)
     H   13    Vzz=    0.3209    axis=( -0.076209  0.857886  0.508157)
     H   13  Q=         1.0000 1e-30 m^2  Cq=         0.7540 MHz  eta= 0.92115

     C   14    Vxx=    0.0741    axis=(  0.469686  0.654436 -0.592545)
     C   14    Vyy=    0.8953    axis=( -0.014568  0.676839  0.735987)
     C   14    Vzz=   -0.9694    axis=(  0.882714 -0.337050  0.327435)
     C   14  Q=         1.0000 1e-30 m^2  Cq=        -2.2777 MHz  eta= 0.84712

     H   15    Vxx=    0.0007    axis=(  0.305967 -0.946798  0.099793)
     H   15    Vyy=    0.7543    axis=( -0.785297 -0.310248 -0.535776)
     H   15    Vzz=   -0.7551    axis=(  0.538232  0.085562 -0.838443)
     H   15  Q=         1.0000 1e-30 m^2  Cq=        -1.7741 MHz  eta= 0.99813

     C   16    Vxx=    0.1989    axis=( -0.096385  0.180015  0.978930)
     C   16    Vyy=    0.2840    axis=(  0.994573 -0.021278  0.101838)
     C   16    Vzz=   -0.4829    axis=(  0.039162  0.983434 -0.176987)
     C   16  Q=         1.0000 1e-30 m^2  Cq=        -1.1347 MHz  eta= 0.17629

     C   17    Vxx=    0.0541    axis=(  0.535662  0.681407 -0.498750)
     C   17    Vyy=    0.7183    axis=(  0.196963 -0.675163 -0.710887)
     C   17    Vzz=   -0.7724    axis=( -0.821140  0.282560 -0.495871)
     C   17  Q=         1.0000 1e-30 m^2  Cq=        -1.8149 MHz  eta= 0.85982

     Cl  18    Vxx=    0.0091    axis=(  0.204283 -0.701286  0.682984)
     Cl  18    Vyy=    3.1648    axis=( -0.830277  0.245468  0.500385)
     Cl  18    Vzz=   -3.1740    axis=( -0.518564 -0.669286 -0.532116)
     Cl  18  Q=        -8.1650 1e-30 m^2  Cq=        60.8914 MHz  eta= 0.99424

     H   19    Vxx=   -0.0717    axis=( -0.746961  0.337983  0.572553)
     H   19    Vyy=   -0.4733    axis=( -0.642803 -0.587124 -0.492027)
     H   19    Vzz=    0.5450    axis=(  0.169863 -0.735563  0.655815)
     H   19  Q=         1.0000 1e-30 m^2  Cq=         1.2805 MHz  eta= 0.73676

     C   20    Vxx=   -0.0715    axis=(  0.533494 -0.204092 -0.820811)
     C   20    Vyy=   -0.8268    axis=( -0.609234  0.580439 -0.540301)
     C   20    Vzz=    0.8983    axis=( -0.586702 -0.788313 -0.185320)
     C   20  Q=         1.0000 1e-30 m^2  Cq=         2.1107 MHz  eta= 0.84080

     H   21    Vxx=   -0.0360    axis=(  0.191521 -0.860398 -0.472266)
     H   21    Vyy=   -0.6079    axis=(  0.545767  0.493281 -0.677356)
     H   21    Vzz=    0.6438    axis=(  0.815756 -0.128019  0.564051)
     H   21  Q=         1.0000 1e-30 m^2  Cq=         1.5128 MHz  eta= 0.88828

     C   22    Vxx=   -0.0859    axis=( -0.259518  0.605998  0.751942)
     C   22    Vyy=   -0.8458    axis=(  0.958475  0.066309  0.277359)
     C   22    Vzz=    0.9317    axis=(  0.118219  0.792698 -0.598042)
     C   22  Q=         1.0000 1e-30 m^2  Cq=         2.1891 MHz  eta= 0.81561

     C   23    Vxx=    0.1483    axis=(  0.661126  0.598907 -0.451911)
     C   23    Vyy=    0.3896    axis=(  0.563161  0.001861  0.826345)
     C   23    Vzz=   -0.5379    axis=(  0.495745 -0.800817 -0.336050)
     C   23  Q=         1.0000 1e-30 m^2  Cq=        -1.2639 MHz  eta= 0.44858

     Cl  24    Vxx=   -0.5055    axis=(  0.833160  0.477652  0.278734)
     Cl  24    Vyy=   -1.5751    axis=( -0.551027  0.674113  0.491874)
     Cl  24    Vzz=    2.0806    axis=(  0.047046 -0.563400  0.824844)
     Cl  24  Q=        -8.1650 1e-30 m^2  Cq=       -39.9154 MHz  eta= 0.51407

     Initialization:
     gipaw_setup  :      8.69s CPU     10.83s WALL (       1 calls)

     Linear response

     Apply operators

     Induced current

     Other routines
     efg          :      9.40s CPU     11.81s WALL (       1 calls)

     General routines
     calbec       :      3.27s CPU      4.28s WALL (      16 calls)
     fft          :      1.67s CPU      2.60s WALL (      15 calls)
     ffts         :      0.03s CPU      0.04s WALL (       2 calls)
     fftw         :      3.38s CPU      4.18s WALL (     672 calls)
     davcio       :      0.01s CPU      0.34s WALL (      32 calls)

     Parallel routines
     fft_scatter  :      2.36s CPU      3.96s WALL (     689 calls)

     Plugins

     GIPAW        :     60.05s CPU     72.82s WALL (       1 calls)
