
     Program QE v.6.0 (svn rev. 13079) starts on 13Jan2017 at 13:59:45 

     This program is part of the open-source Quantum ESPRESSO suite
     for quantum simulation of materials; please cite
         "P. Giannozzi et al., J. Phys.:Condens. Matter 21 395502 (2009);
          URL http://www.quantum-espresso.org", 
     in publications or presentations arising from this work. More details at
     http://www.quantum-espresso.org/quote

     Parallel version (MPI), running on     8 processors
     R & G space division:  proc/nbgrp/npool/nimage =       8

     ***** This is GIPAW svn revision unknown      *****

     Parallelizing q-star over 1 images

     Reading data from directory:
     /users/majewski/paradichlorobenzene/pbe/9_constraint/scratch/pbe.ecut100.np8.dt60.pcl2phi-129368.save
     Message from routine read_xml_file:
     file /users/majewski/paradichlorobenzene/pbe/9_constraint/scratch/pbe.ecut100.np8.dt60.pcl2phi-129368.save not guaranteed to be safe for post-processing

   Info: using nr1, nr2, nr3 values from input

   Info: using nr1, nr2, nr3 values from input

     IMPORTANT: XC functional enforced from input :
     Exchange-correlation      =  SLA  PW   PBX  PBC ( 1  4  3  4 0 0)
     Any further DFT definition will be discarded
     Please, verify this is what you really want

               file C.pbe-n-kjpaw_psl.1.0.0.UPF: wavefunction(s)  2S 2P renormalized
               file Cl.pbe-n-kjpaw_psl.1.0.0.UPF: wavefunction(s)  3S 3P renormalized
               file H.pbe-kjpaw_psl.1.0.0.UPF: wavefunction(s)  1S renormalized

     Parallelization info
     --------------------
     sticks:   dense  smooth     PW     G-vecs:    dense   smooth      PW
     Min        3057    1223    332               144436    36536    5170
     Max        3059    1225    333               144437    36537    5171
     Sum       24467    9791   2657              1155489   292295   41363


     Subspace diagonalization in iterative solution of the eigenvalue problem:
     a serial algorithm will be used

     GIPAW projectors -----------------------------------------------
     atom=  C    l=0  rc=    1.2000  rs=    0.8000
     atom=  C    l=0  rc=    1.2000  rs=    0.8000
     atom=  C    l=1  rc=    1.4000  rs=    0.9333
     atom=  C    l=1  rc=    1.4000  rs=    0.9333
     projs nearly linearly dependent: l=1  n1,n2= 1, 2  s=  0.99951561

     atom=  Cl   l=0  rc=    1.6000  rs=    1.0667
     atom=  Cl   l=0  rc=    1.6000  rs=    1.0667
     atom=  Cl   l=1  rc=    1.6000  rs=    1.0667
     atom=  Cl   l=1  rc=    1.6000  rs=    1.0667
     atom=  Cl   l=2  rc=    1.6000  rs=    1.0667
     atom=  Cl   l=2  rc=    1.6000  rs=    1.0667
     projs nearly linearly dependent: l=2  n1,n2= 1, 2  s=  0.99993509

     atom=  H    l=0  rc=    1.0000  rs=    0.6667
     atom=  H    l=0  rc=    1.0000  rs=    0.6667
     projs nearly linearly dependent: l=0  n1,n2= 1, 2  s=  0.99968852
     -----------------------------------------------------------------

     GIPAW integrals: -------------------------------------------
     Atom  i/j   nmr_para   nmr_dia   epr_rmc  epr_para   epr_dia
       C   1 1   0.83E+03  0.17E-01  0.93E+01  0.24E+08  0.24E+03
       C   2 1   0.86E+03 -0.61E-01  0.94E+01  0.25E+08  0.25E+03
       C   2 2   0.90E+03 -0.15E+00  0.97E+01  0.26E+08  0.26E+03
       C   3 3   0.33E+01  0.34E+00  0.18E+01  0.55E+03  0.21E+02
       C   4 3   0.35E+01  0.37E+00  0.20E+01  0.59E+03  0.22E+02
       C   4 4   0.38E+01  0.39E+00  0.22E+01  0.63E+03  0.24E+02
       Cl  1 1   0.14E+04 -0.47E+00  0.84E+01  0.32E+09  0.42E+03
       Cl  2 1   0.21E+04 -0.37E+00  0.12E+02  0.49E+09  0.65E+03
       Cl  2 2   0.33E+04 -0.16E+00  0.21E+02  0.76E+09  0.10E+04
       Cl  3 3   0.21E+02  0.79E-01  0.89E+01  0.23E+05  0.13E+03
       Cl  4 3   0.24E+02  0.67E-01  0.99E+01  0.27E+05  0.15E+03
       Cl  4 4   0.28E+02  0.44E-01  0.11E+02  0.32E+05  0.18E+03
       Cl  5 5   0.77E+00  0.19E+00  0.18E+01  0.12E+03  0.22E+02
       Cl  6 5   0.80E+00  0.19E+00  0.19E+01  0.12E+03  0.23E+02
       Cl  6 6   0.83E+00  0.20E+00  0.19E+01  0.12E+03  0.23E+02
       H   1 1   0.39E+02  0.19E+00  0.29E+00  0.78E+05  0.13E+02
       H   2 1   0.41E+02  0.21E+00  0.32E+00  0.82E+05  0.14E+02
       H   2 2   0.43E+02  0.22E+00  0.36E+00  0.86E+05  0.15E+02
     ------------------------------------------------------------

     alpha_pv=     34.1633 eV

     Number of occupied bands for each k-point:
     k-point:     1    nbnd_occ=  42
     k-point:     2    nbnd_occ=  42
     k-point:     3    nbnd_occ=  42
     k-point:     4    nbnd_occ=  42
     k-point:     5    nbnd_occ=  42
     k-point:     6    nbnd_occ=  42
     k-point:     7    nbnd_occ=  42
     k-point:     8    nbnd_occ=  42
     k-point:     9    nbnd_occ=  42
     k-point:    10    nbnd_occ=  42
     k-point:    11    nbnd_occ=  42
     k-point:    12    nbnd_occ=  42
     k-point:    13    nbnd_occ=  42
     k-point:    14    nbnd_occ=  42
     k-point:    15    nbnd_occ=  42
     k-point:    16    nbnd_occ=  42


     q-space interpolation up to   110.00 Rydberg

     GIPAW job: efg                                                                             


     ELECTRIC FIELD GRADIENTS TENSORS IN Hartree/bohrradius^2:

     ----- bare term -----
     Cl   1        0.332421        0.103653       -0.089368
     Cl   1        0.103653        0.389359        0.097318
     Cl   1       -0.089368        0.097318       -0.721780

     C    2       -0.043864        0.355417        0.002750
     C    2        0.355417       -0.467739       -0.448531
     C    2        0.002750       -0.448531        0.511603

     C    3       -0.339656        0.366901       -0.353596
     C    3        0.366901       -0.144327       -0.247021
     C    3       -0.353596       -0.247021        0.483983

     H    4        0.041644       -0.027193       -0.192510
     H    4       -0.027193        0.377730       -0.420620
     H    4       -0.192510       -0.420620       -0.419374

     C    5       -0.382973        0.056847       -0.351672
     C    5        0.056847        0.074963       -0.265828
     C    5       -0.351672       -0.265828        0.308009

     H    6       -0.235431        0.260565       -0.068935
     H    6        0.260565       -0.143267       -0.407328
     H    6       -0.068935       -0.407328        0.378699

     H    7        0.277187        0.229277        0.065276
     H    7        0.229277       -0.498373       -0.274100
     H    7        0.065276       -0.274100        0.221186

     C    8       -0.088483       -0.021158       -0.160493
     C    8       -0.021158       -0.093672        0.277078
     C    8       -0.160493        0.277078        0.182155

     H    9       -0.210263        0.430782        0.080531
     H    9        0.430782       -0.076035       -0.182916
     H    9        0.080531       -0.182916        0.286298

     C   10       -0.258676       -0.185319        0.026287
     C   10       -0.185319       -0.038814        0.151329
     C   10        0.026287        0.151329        0.297491

     C   11       -0.052559        0.162238       -0.343090
     C   11        0.162238        0.003362        0.663070
     C   11       -0.343090        0.663070        0.049196

     Cl  12       -0.238090       -0.218210       -0.009977
     Cl  12       -0.218210        0.198644       -0.019473
     Cl  12       -0.009977       -0.019473        0.039446

     H   13       -0.094445        0.333883       -0.051265
     H   13        0.333883       -0.245649       -0.247794
     H   13       -0.051265       -0.247794        0.340094

     C   14       -0.059084       -0.325212       -0.496181
     C   14       -0.325212       -0.058351       -0.541466
     C   14       -0.496181       -0.541466        0.117435

     H   15        0.055347       -0.002861       -0.225417
     H   15       -0.002861        0.073719       -0.495983
     H   15       -0.225417       -0.495983       -0.129066

     C   16       -0.446224        0.499309       -0.280086
     C   16        0.499309        0.116194       -0.090573
     C   16       -0.280086       -0.090573        0.330029

     C   17        0.198948        0.122453       -0.093853
     C   17        0.122453       -0.522703       -0.407538
     C   17       -0.093853       -0.407538        0.323755

     Cl  18        0.171868       -0.002703       -0.238371
     Cl  18       -0.002703       -0.117259       -0.536836
     Cl  18       -0.238371       -0.536836       -0.054609

     H   19        0.425522        0.255540        0.121733
     H   19        0.255540       -0.566323        0.086371
     H   19        0.121733        0.086371        0.140802

     C   20       -0.630608       -0.311524       -0.488848
     C   20       -0.311524        0.054964        0.027843
     C   20       -0.488848        0.027843        0.575644

     H   21       -0.602178        0.138468        0.120581
     H   21        0.138468        0.430997        0.206280
     H   21        0.120581        0.206280        0.171180

     C   22       -0.011753       -0.056125       -0.238024
     C   22       -0.056125       -0.519933        0.390359
     C   22       -0.238024        0.390359        0.531686

     C   23       -0.484710       -0.251843       -0.404887
     C   23       -0.251843        0.206373        0.247919
     C   23       -0.404887        0.247919        0.278337

     Cl  24       -0.017157        0.075813       -0.018205
     Cl  24        0.075813        0.047185       -0.078748
     Cl  24       -0.018205       -0.078748       -0.030028

     ----- ionic term -----
     Cl   1        0.120337       -0.211068        0.121409
     Cl   1       -0.211068       -0.010358       -0.073204
     Cl   1        0.121409       -0.073204       -0.109979

     C    2        0.060107       -0.194216        0.411188
     C    2       -0.194216        0.136048        0.331255
     C    2        0.411188        0.331255       -0.196155

     C    3        0.066468       -0.256245        0.256707
     C    3       -0.256245        0.142342        0.335088
     C    3        0.256707        0.335088       -0.208810

     H    4        0.064482        0.300112        0.734740
     H    4        0.300112       -0.335534        0.415414
     H    4        0.734740        0.415414        0.271052

     C    5        0.192394       -0.178384        0.315023
     C    5       -0.178384        0.026172        0.295425
     C    5        0.315023        0.295425       -0.218567

     H    6       -0.473128       -0.217207       -0.126356
     H    6       -0.217207        0.622883        0.680736
     H    6       -0.126356        0.680736       -0.149756

     H    7       -0.486480       -0.248199        0.017787
     H    7       -0.248199        1.140269        0.007877
     H    7        0.017787        0.007877       -0.653789

     C    8        0.376587        0.037679        0.142412
     C    8        0.037679        0.226543       -0.153304
     C    8        0.142412       -0.153304       -0.603130

     H    9        0.709820       -0.526789        0.393696
     H    9       -0.526789       -0.245677       -0.194664
     H    9        0.393696       -0.194664       -0.464144

     C   10        0.206763        0.114720        0.106891
     C   10        0.114720        0.351993       -0.288167
     C   10        0.106891       -0.288167       -0.558756

     C   11        0.281943        0.055190        0.215870
     C   11        0.055190        0.265190       -0.277914
     C   11        0.215870       -0.277914       -0.547133

     Cl  12        0.140942        0.192248        0.008762
     Cl  12        0.192248        0.024208        0.007611
     Cl  12        0.008762        0.007611       -0.165150

     H   13       -0.507355       -0.204578       -0.062513
     H   13       -0.204578        0.777405        0.601137
     H   13       -0.062513        0.601137       -0.270050

     C   14        0.219341       -0.196610        0.391538
     C   14       -0.196610        0.028534        0.279955
     C   14        0.391538        0.279955       -0.247875

     H   15        0.304972        0.356234        0.728280
     H   15        0.356234       -0.328602        0.375898
     H   15        0.728280        0.375898        0.023630

     C   16        0.164769       -0.319334        0.249242
     C   16       -0.319334        0.128889        0.317498
     C   16        0.249242        0.317498       -0.293658

     C   17        0.179244       -0.241719        0.269342
     C   17       -0.241719        0.083482        0.389460
     C   17        0.269342        0.389460       -0.262727

     Cl  18        0.218909       -0.182472        0.055279
     Cl  18       -0.182472       -0.072741       -0.021842
     Cl  18        0.055279       -0.021842       -0.146168

     H   19       -0.525768       -0.100005        0.053991
     H   19       -0.100005        0.945151       -0.441411
     H   19        0.053991       -0.441411       -0.419383

     C   20        0.347566        0.151192        0.160623
     C   20        0.151192        0.184198       -0.258817
     C   20        0.160623       -0.258817       -0.531764

     H   21        0.740359       -0.356709        0.534546
     H   21       -0.356709       -0.375403       -0.214877
     H   21        0.534546       -0.214877       -0.364956

     C   22        0.219922        0.167316        0.128017
     C   22        0.167316        0.301240       -0.341578
     C   22        0.128017       -0.341578       -0.521162

     C   23        0.302030       -0.027761        0.176454
     C   23       -0.027761        0.253100       -0.341164
     C   23        0.176454       -0.341164       -0.555130

     Cl  24        0.148227        0.219568       -0.011010
     Cl  24        0.219568        0.005824       -0.005672
     Cl  24       -0.011010       -0.005672       -0.154052

     ----- GIPAW term -----
     Cl   1        0.224452       -0.499093        0.115644
     Cl   1       -0.499093       -0.012349       -0.085348
     Cl   1        0.115644       -0.085348       -0.212102

     C    2        0.074127       -0.037944        0.160186
     C    2       -0.037944       -0.174587       -0.049976
     C    2        0.160186       -0.049976        0.100460

     C    3       -0.064709       -0.003883       -0.165853
     C    3       -0.003883       -0.045201        0.042051
     C    3       -0.165853        0.042051        0.109910

     H    4       -0.000000        0.000000        0.000000
     H    4        0.000000        0.000000        0.000000
     H    4        0.000000        0.000000        0.000000

     C    5        0.111970        0.058750        0.134089
     C    5        0.058750       -0.100668        0.022716
     C    5        0.134089        0.022716       -0.011302

     H    6       -0.000000        0.000000        0.000000
     H    6        0.000000        0.000000        0.000000
     H    6        0.000000        0.000000        0.000000

     H    7       -0.000000        0.000000        0.000000
     H    7        0.000000        0.000000        0.000000
     H    7        0.000000        0.000000        0.000000

     C    8       -0.053236       -0.037298       -0.030322
     C    8       -0.037298        0.070539        0.138084
     C    8       -0.030322        0.138084       -0.017302

     H    9       -0.000000        0.000000        0.000000
     H    9        0.000000        0.000000        0.000000
     H    9        0.000000        0.000000        0.000000

     C   10       -0.078453       -0.022826       -0.009880
     C   10       -0.022826        0.046616        0.084285
     C   10       -0.009880        0.084285        0.031838

     C   11       -0.019297        0.167686       -0.052813
     C   11        0.167686        0.190993        0.105757
     C   11       -0.052813        0.105757       -0.171696

     Cl  12       -0.188193        1.133681       -0.118408
     Cl  12        1.133681        1.978842       -0.255902
     Cl  12       -0.118408       -0.255902       -1.790649

     H   13       -0.000000        0.000000        0.000000
     H   13        0.000000        0.000000        0.000000
     H   13        0.000000        0.000000        0.000000

     C   14        0.169351       -0.162190       -0.031515
     C   14       -0.162190       -0.068794       -0.072554
     C   14       -0.031515       -0.072554       -0.100557

     H   15       -0.000000        0.000000        0.000000
     H   15        0.000000        0.000000        0.000000
     H   15        0.000000        0.000000        0.000000

     C   16       -0.000501       -0.072358       -0.082783
     C   16       -0.072358        0.050300        0.064197
     C   16       -0.082783        0.064197       -0.049799

     C   17       -0.045037       -0.012582        0.042342
     C   17       -0.012582       -0.016809        0.154504
     C   17        0.042342        0.154504        0.061846

     Cl  18        0.279463       -0.102183        0.232826
     Cl  18       -0.102183       -0.172015       -0.021336
     Cl  18        0.232826       -0.021336       -0.107448

     H   19       -0.000000        0.000000        0.000000
     H   19        0.000000        0.000000        0.000000
     H   19        0.000000        0.000000        0.000000

     C   20       -0.114214        0.034309       -0.186495
     C   20        0.034309       -0.020565       -0.136497
     C   20       -0.186495       -0.136497        0.134778

     H   21       -0.000000        0.000000        0.000000
     H   21        0.000000        0.000000        0.000000
     H   21        0.000000        0.000000        0.000000

     C   22       -0.086739        0.052276       -0.131429
     C   22        0.052276       -0.146177       -0.084682
     C   22       -0.131429       -0.084682        0.232916

     C   23       -0.070673       -0.010303       -0.042110
     C   23       -0.010303        0.174707       -0.043271
     C   23       -0.042110       -0.043271       -0.104034

     Cl  24        1.066950        2.581266       -0.183432
     Cl  24        2.581266        0.507817       -0.636953
     Cl  24       -0.183432       -0.636953       -1.574767

     ----- total EFG -----
     Cl   1        0.677209       -0.606508        0.147685
     Cl   1       -0.606508        0.366652       -0.061234
     Cl   1        0.147685       -0.061234       -1.043861

     C    2        0.090371        0.123257        0.574123
     C    2        0.123257       -0.506279       -0.167252
     C    2        0.574123       -0.167252        0.415908

     C    3       -0.337897        0.106773       -0.262742
     C    3        0.106773       -0.047186        0.130118
     C    3       -0.262742        0.130118        0.385083

     H    4        0.106126        0.272919        0.542230
     H    4        0.272919        0.042196       -0.005205
     H    4        0.542230       -0.005205       -0.148322

     C    5       -0.078608       -0.062788        0.097441
     C    5       -0.062788        0.000467        0.052313
     C    5        0.097441        0.052313        0.078141

     H    6       -0.708559        0.043357       -0.195291
     H    6        0.043357        0.479616        0.273407
     H    6       -0.195291        0.273407        0.228943

     H    7       -0.209293       -0.018923        0.083063
     H    7       -0.018923        0.641896       -0.266223
     H    7        0.083063       -0.266223       -0.432603

     C    8        0.234867       -0.020776       -0.048402
     C    8       -0.020776        0.203410        0.261858
     C    8       -0.048402        0.261858       -0.438277

     H    9        0.499558       -0.096006        0.474228
     H    9       -0.096006       -0.321711       -0.377580
     H    9        0.474228       -0.377580       -0.177846

     C   10       -0.130367       -0.093425        0.123299
     C   10       -0.093425        0.359795       -0.052553
     C   10        0.123299       -0.052553       -0.229428

     C   11        0.210087        0.385113       -0.180032
     C   11        0.385113        0.459546        0.490913
     C   11       -0.180032        0.490913       -0.669633

     Cl  12       -0.285341        1.107719       -0.119624
     Cl  12        1.107719        2.201695       -0.267765
     Cl  12       -0.119624       -0.267765       -1.916353

     H   13       -0.601800        0.129305       -0.113778
     H   13        0.129305        0.531757        0.353343
     H   13       -0.113778        0.353343        0.070044

     C   14        0.329608       -0.684013       -0.136158
     C   14       -0.684013       -0.098611       -0.334065
     C   14       -0.136158       -0.334065       -0.230997

     H   15        0.360318        0.353373        0.502863
     H   15        0.353373       -0.254883       -0.120085
     H   15        0.502863       -0.120085       -0.105436

     C   16       -0.281955        0.107616       -0.113627
     C   16        0.107616        0.295383        0.291122
     C   16       -0.113627        0.291122       -0.013428

     C   17        0.333156       -0.131849        0.217831
     C   17       -0.131849       -0.456030        0.136425
     C   17        0.217831        0.136425        0.122874

     Cl  18        0.670239       -0.287359        0.049734
     Cl  18       -0.287359       -0.362015       -0.580013
     Cl  18        0.049734       -0.580013       -0.308225

     H   19       -0.100247        0.155535        0.175724
     H   19        0.155535        0.378828       -0.355040
     H   19        0.175724       -0.355040       -0.278581

     C   20       -0.397255       -0.126023       -0.514720
     C   20       -0.126023        0.218598       -0.367472
     C   20       -0.514720       -0.367472        0.178658

     H   21        0.138181       -0.218241        0.655127
     H   21       -0.218241        0.055594       -0.008597
     H   21        0.655127       -0.008597       -0.193775

     C   22        0.121430        0.163468       -0.241437
     C   22        0.163468       -0.364870       -0.035900
     C   22       -0.241437       -0.035900        0.243440

     C   23       -0.253353       -0.289907       -0.270543
     C   23       -0.289907        0.634180       -0.136516
     C   23       -0.270543       -0.136516       -0.380827

     Cl  24        1.198021        2.876646       -0.212647
     Cl  24        2.876646        0.560826       -0.721372
     Cl  24       -0.212647       -0.721372       -1.758847

     ----- total EFG (symmetrized) -----
     Cl   1        0.677209       -0.606508        0.147685
     Cl   1       -0.606508        0.366652       -0.061234
     Cl   1        0.147685       -0.061234       -1.043861

     C    2        0.090371        0.123257        0.574123
     C    2        0.123257       -0.506279       -0.167252
     C    2        0.574123       -0.167252        0.415908

     C    3       -0.337897        0.106773       -0.262742
     C    3        0.106773       -0.047186        0.130118
     C    3       -0.262742        0.130118        0.385083

     H    4        0.106126        0.272919        0.542230
     H    4        0.272919        0.042196       -0.005205
     H    4        0.542230       -0.005205       -0.148322

     C    5       -0.078608       -0.062788        0.097441
     C    5       -0.062788        0.000467        0.052313
     C    5        0.097441        0.052313        0.078141

     H    6       -0.708559        0.043357       -0.195291
     H    6        0.043357        0.479616        0.273407
     H    6       -0.195291        0.273407        0.228943

     H    7       -0.209293       -0.018923        0.083063
     H    7       -0.018923        0.641896       -0.266223
     H    7        0.083063       -0.266223       -0.432603

     C    8        0.234867       -0.020776       -0.048402
     C    8       -0.020776        0.203410        0.261858
     C    8       -0.048402        0.261858       -0.438277

     H    9        0.499558       -0.096006        0.474228
     H    9       -0.096006       -0.321711       -0.377580
     H    9        0.474228       -0.377580       -0.177846

     C   10       -0.130367       -0.093425        0.123299
     C   10       -0.093425        0.359795       -0.052553
     C   10        0.123299       -0.052553       -0.229428

     C   11        0.210087        0.385113       -0.180032
     C   11        0.385113        0.459546        0.490913
     C   11       -0.180032        0.490913       -0.669633

     Cl  12       -0.285341        1.107719       -0.119624
     Cl  12        1.107719        2.201695       -0.267765
     Cl  12       -0.119624       -0.267765       -1.916353

     H   13       -0.601800        0.129305       -0.113778
     H   13        0.129305        0.531757        0.353343
     H   13       -0.113778        0.353343        0.070044

     C   14        0.329608       -0.684013       -0.136158
     C   14       -0.684013       -0.098611       -0.334065
     C   14       -0.136158       -0.334065       -0.230997

     H   15        0.360318        0.353373        0.502863
     H   15        0.353373       -0.254883       -0.120085
     H   15        0.502863       -0.120085       -0.105436

     C   16       -0.281955        0.107616       -0.113627
     C   16        0.107616        0.295383        0.291122
     C   16       -0.113627        0.291122       -0.013428

     C   17        0.333156       -0.131849        0.217831
     C   17       -0.131849       -0.456030        0.136425
     C   17        0.217831        0.136425        0.122874

     Cl  18        0.670239       -0.287359        0.049734
     Cl  18       -0.287359       -0.362015       -0.580013
     Cl  18        0.049734       -0.580013       -0.308225

     H   19       -0.100247        0.155535        0.175724
     H   19        0.155535        0.378828       -0.355040
     H   19        0.175724       -0.355040       -0.278581

     C   20       -0.397255       -0.126023       -0.514720
     C   20       -0.126023        0.218598       -0.367472
     C   20       -0.514720       -0.367472        0.178658

     H   21        0.138181       -0.218241        0.655127
     H   21       -0.218241        0.055594       -0.008597
     H   21        0.655127       -0.008597       -0.193775

     C   22        0.121430        0.163468       -0.241437
     C   22        0.163468       -0.364870       -0.035900
     C   22       -0.241437       -0.035900        0.243440

     C   23       -0.253353       -0.289907       -0.270543
     C   23       -0.289907        0.634180       -0.136516
     C   23       -0.270543       -0.136516       -0.380827

     Cl  24        1.198021        2.876646       -0.212647
     Cl  24        2.876646        0.560826       -0.721372
     Cl  24       -0.212647       -0.721372       -1.758847


     NQR/NMR SPECTROSCOPIC PARAMETERS:
     Cl   1    Vxx=   -0.1023    axis=(  0.608305  0.792489  0.043874)
     Cl   1    Vyy=   -1.0565    axis=(  0.082138 -0.007875 -0.996590)
     Cl   1    Vzz=    1.1588    axis=( -0.789441  0.609835 -0.069884)
     Cl   1  Q=        -8.1650 1e-30 m^2  Cq=       -22.2311 MHz  eta= 0.82346

     C    2    Vxx=   -0.2108    axis=( -0.682054 -0.554457  0.476843)
     C    2    Vyy=   -0.6417    axis=( -0.423101  0.831020  0.361097)
     C    2    Vzz=    0.8525    axis=(  0.596479 -0.044535  0.801392)
     C    2  Q=         1.0000 1e-30 m^2  Cq=         2.0031 MHz  eta= 0.50543

     C    3    Vxx=   -0.0149    axis=(  0.360897  0.930298 -0.065561)
     C    3    Vyy=   -0.4716    axis=( -0.890089  0.322608 -0.321972)
     C    3    Vzz=    0.4866    axis=( -0.278380  0.174554  0.944476)
     C    3  Q=         1.0000 1e-30 m^2  Cq=         1.1433 MHz  eta= 0.93861

     H    4    Vxx=    0.0092    axis=( -0.116318  0.895363 -0.429877)
     H    4    Vyy=    0.6167    axis=( -0.763028 -0.357627 -0.538415)
     H    4    Vzz=   -0.6259    axis=( -0.635813  0.265381  0.724786)
     H    4  Q=         1.0000 1e-30 m^2  Cq=        -1.4706 MHz  eta= 0.97048

     C    5    Vxx=    0.0351    axis=(  0.476521 -0.879103 -0.010317)
     C    5    Vyy=    0.1287    axis=(  0.369958  0.189864  0.909441)
     C    5    Vzz=   -0.1638    axis=( -0.797533 -0.437184  0.415706)
     C    5  Q=         1.0000 1e-30 m^2  Cq=        -0.3849 MHz  eta= 0.57128

     H    6    Vxx=    0.0968    axis=( -0.224719 -0.549379  0.804788)
     H    6    Vyy=    0.6587    axis=(  0.052612 -0.831548 -0.552956)
     H    6    Vzz=   -0.7555    axis=( -0.973002  0.081918 -0.215769)
     H    6  Q=         1.0000 1e-30 m^2  Cq=        -1.7752 MHz  eta= 0.74366

     H    7    Vxx=   -0.1915    axis=(  0.968816  0.095086  0.228810)
     H    7    Vyy=   -0.5142    axis=( -0.244362  0.213795  0.945822)
     H    7    Vzz=    0.7058    axis=(  0.041016 -0.972240  0.230363)
     H    7  Q=         1.0000 1e-30 m^2  Cq=         1.6583 MHz  eta= 0.45724

     C    8    Vxx=    0.2201    axis=(  0.904888  0.414168  0.098202)
     C    8    Vyy=    0.3134    axis=( -0.422668  0.847042  0.322291)
     C    8    Vzz=   -0.5335    axis=(  0.050301 -0.333144  0.941533)
     C    8  Q=         1.0000 1e-30 m^2  Cq=        -1.2536 MHz  eta= 0.17489

     H    9    Vxx=   -0.1184    axis=(  0.497637  0.704603 -0.505858)
     H    9    Vyy=   -0.6881    axis=( -0.228330  0.669043  0.707281)
     H    9    Vzz=    0.8065    axis=(  0.836793 -0.236466  0.493823)
     H    9  Q=         1.0000 1e-30 m^2  Cq=         1.8951 MHz  eta= 0.70630

     C   10    Vxx=   -0.0734    axis=( -0.799465 -0.239288 -0.550997)
     C   10    Vyy=   -0.3129    axis=( -0.564595 -0.013940  0.825250)
     C   10    Vzz=    0.3862    axis=( -0.205153  0.970849 -0.123956)
     C   10  Q=         1.0000 1e-30 m^2  Cq=         0.9075 MHz  eta= 0.62018

     C   11    Vxx=    0.1308    axis=(  0.835462 -0.364365 -0.411390)
     C   11    Vyy=    0.8068    axis=( -0.480028 -0.848299 -0.223522)
     C   11    Vzz=   -0.9376    axis=(  0.267538 -0.384223  0.883627)
     C   11  Q=         1.0000 1e-30 m^2  Cq=        -2.2030 MHz  eta= 0.72103

     Cl  12    Vxx=   -0.7069    axis=(  0.934031 -0.356943 -0.013358)
     Cl  12    Vyy=   -1.9354    axis=( -0.035336 -0.055123 -0.997854)
     Cl  12    Vzz=    2.6423    axis=(  0.355441  0.932498 -0.064099)
     Cl  12  Q=        -8.1650 1e-30 m^2  Cq=       -50.6918 MHz  eta= 0.46490

     H   13    Vxx=   -0.0723    axis=( -0.289593 -0.436353  0.851899)
     H   13    Vyy=   -0.6534    axis=( -0.956049  0.174542 -0.235595)
     H   13    Vzz=    0.7257    axis=( -0.045890 -0.882684 -0.467721)
     H   13  Q=         1.0000 1e-30 m^2  Cq=         1.7051 MHz  eta= 0.80084

     C   14    Vxx=   -0.0269    axis=( -0.377166 -0.365955  0.850778)
     C   14    Vyy=   -0.8132    axis=(  0.483918  0.705378  0.517943)
     C   14    Vzz=    0.8401    axis=( -0.789664  0.607057 -0.088953)
     C   14  Q=         1.0000 1e-30 m^2  Cq=         1.9739 MHz  eta= 0.93587

     H   15    Vxx=   -0.0807    axis=( -0.145807 -0.744747  0.651223)
     H   15    Vyy=   -0.6598    axis=( -0.508956  0.620936  0.596156)
     H   15    Vzz=    0.7405    axis=(  0.848354  0.244520  0.469581)
     H   15  Q=         1.0000 1e-30 m^2  Cq=         1.7399 MHz  eta= 0.78206

     C   16    Vxx=   -0.0762    axis=(  0.592012  0.383797 -0.708676)
     C   16    Vyy=   -0.3959    axis=( -0.804571  0.332469 -0.492066)
     C   16    Vzz=    0.4721    axis=( -0.046759 -0.861489 -0.505618)
     C   16  Q=         1.0000 1e-30 m^2  Cq=         1.1092 MHz  eta= 0.67731

     C   17    Vxx=    0.0533    axis=( -0.472611  0.340098  0.813002)
     C   17    Vyy=    0.4717    axis=(  0.855225 -0.045630  0.516244)
     C   17    Vzz=   -0.5250    axis=(  0.212671  0.939282 -0.269295)
     C   17  Q=         1.0000 1e-30 m^2  Cq=        -1.2335 MHz  eta= 0.79689

     Cl  18    Vxx=    0.1461    axis=(  0.389760  0.588339 -0.708480)
     Cl  18    Vyy=    0.7890    axis=( -0.914251  0.339593 -0.220956)
     Cl  18    Vzz=   -0.9351    axis=(  0.110598  0.733849  0.670249)
     Cl  18  Q=        -8.1650 1e-30 m^2  Cq=        17.9388 MHz  eta= 0.68757

     H   19    Vxx=    0.0039    axis=(  0.884254  0.070360  0.461676)
     H   19    Vyy=    0.5428    axis=( -0.120968 -0.920336  0.371952)
     H   19    Vzz=   -0.5466    axis=(  0.451068 -0.384748 -0.805299)
     H   19  Q=         1.0000 1e-30 m^2  Cq=        -1.2844 MHz  eta= 0.98582

     C   20    Vxx=    0.1362    axis=(  0.524064 -0.774880 -0.353438)
     C   20    Vyy=    0.6535    axis=(  0.309394  0.559851 -0.768663)
     C   20    Vzz=   -0.7897    axis=(  0.793493  0.293477  0.533141)
     C   20  Q=         1.0000 1e-30 m^2  Cq=        -1.8555 MHz  eta= 0.65501

     H   21    Vxx=    0.0270    axis=(  0.112477  0.948287  0.296816)
     H   21    Vyy=    0.6980    axis=( -0.774542  0.270790 -0.571628)
     H   21    Vzz=   -0.7250    axis=( -0.622442 -0.165601  0.764946)
     H   21  Q=         1.0000 1e-30 m^2  Cq=        -1.7035 MHz  eta= 0.92547

     C   22    Vxx=   -0.0353    axis=(  0.707425  0.280186  0.648880)
     C   22    Vyy=   -0.4170    axis=( -0.316102  0.946557 -0.064101)
     C   22    Vzz=    0.4523    axis=( -0.632163 -0.159766  0.758186)
     C   22  Q=         1.0000 1e-30 m^2  Cq=         1.0628 MHz  eta= 0.84399

     C   23    Vxx=   -0.0630    axis=(  0.715170  0.164367 -0.679350)
     C   23    Vyy=   -0.6603    axis=(  0.644368  0.221498  0.731935)
     C   23    Vzz=    0.7233    axis=( -0.270780  0.961209 -0.052496)
     C   23  Q=         1.0000 1e-30 m^2  Cq=         1.6995 MHz  eta= 0.82583

     Cl  24    Vxx=   -1.5199    axis=(  0.484657 -0.400433  0.777664)
     Cl  24    Vyy=   -2.3271    axis=(  0.474198 -0.626793 -0.618277)
     Cl  24    Vzz=    3.8470    axis=( -0.735013 -0.668419  0.113895)
     Cl  24  Q=        -8.1650 1e-30 m^2  Cq=       -73.8025 MHz  eta= 0.20981

     Initialization:
     gipaw_setup  :      9.38s CPU     11.51s WALL (       1 calls)

     Linear response

     Apply operators

     Induced current

     Other routines
     efg          :      9.26s CPU     11.57s WALL (       1 calls)

     General routines
     calbec       :      3.29s CPU      4.22s WALL (      16 calls)
     fft          :      2.21s CPU      4.03s WALL (      15 calls)
     ffts         :      0.04s CPU      0.06s WALL (       2 calls)
     fftw         :      3.19s CPU      3.97s WALL (     672 calls)
     davcio       :      0.02s CPU      0.36s WALL (      32 calls)

     Parallel routines
     fft_scatter  :      2.85s CPU      5.25s WALL (     689 calls)

     Plugins

     GIPAW        :     64.44s CPU     79.25s WALL (       1 calls)
