
     Program QE v.6.0 (svn rev. 13079) starts on  1Jan2017 at  9:32:11 

     This program is part of the open-source Quantum ESPRESSO suite
     for quantum simulation of materials; please cite
         "P. Giannozzi et al., J. Phys.:Condens. Matter 21 395502 (2009);
          URL http://www.quantum-espresso.org", 
     in publications or presentations arising from this work. More details at
     http://www.quantum-espresso.org/quote

     Parallel version (MPI), running on     8 processors
     R & G space division:  proc/nbgrp/npool/nimage =       8

     ***** This is GIPAW svn revision unknown      *****

     Parallelizing q-star over 1 images

     Reading data from directory:
     /users/majewski/paradichlorobenzene/pbe/9_constraint/scratch/pbe.ecut100.np8.dt60.pcl2phi-129368.save
     Message from routine read_xml_file:
     file /users/majewski/paradichlorobenzene/pbe/9_constraint/scratch/pbe.ecut100.np8.dt60.pcl2phi-129368.save not guaranteed to be safe for post-processing

   Info: using nr1, nr2, nr3 values from input

   Info: using nr1, nr2, nr3 values from input

     IMPORTANT: XC functional enforced from input :
     Exchange-correlation      =  SLA  PW   PBX  PBC ( 1  4  3  4 0 0)
     Any further DFT definition will be discarded
     Please, verify this is what you really want

               file C.pbe-n-kjpaw_psl.1.0.0.UPF: wavefunction(s)  2S 2P renormalized
               file Cl.pbe-n-kjpaw_psl.1.0.0.UPF: wavefunction(s)  3S 3P renormalized
               file H.pbe-kjpaw_psl.1.0.0.UPF: wavefunction(s)  1S renormalized

     Parallelization info
     --------------------
     sticks:   dense  smooth     PW     G-vecs:    dense   smooth      PW
     Min        3057    1223    332               144436    36536    5170
     Max        3059    1225    333               144437    36537    5171
     Sum       24467    9791   2657              1155489   292295   41363


     Subspace diagonalization in iterative solution of the eigenvalue problem:
     a serial algorithm will be used

     GIPAW projectors -----------------------------------------------
     atom=  C    l=0  rc=    1.2000  rs=    0.8000
     atom=  C    l=0  rc=    1.2000  rs=    0.8000
     atom=  C    l=1  rc=    1.4000  rs=    0.9333
     atom=  C    l=1  rc=    1.4000  rs=    0.9333
     projs nearly linearly dependent: l=1  n1,n2= 1, 2  s=  0.99951561

     atom=  Cl   l=0  rc=    1.6000  rs=    1.0667
     atom=  Cl   l=0  rc=    1.6000  rs=    1.0667
     atom=  Cl   l=1  rc=    1.6000  rs=    1.0667
     atom=  Cl   l=1  rc=    1.6000  rs=    1.0667
     atom=  Cl   l=2  rc=    1.6000  rs=    1.0667
     atom=  Cl   l=2  rc=    1.6000  rs=    1.0667
     projs nearly linearly dependent: l=2  n1,n2= 1, 2  s=  0.99993509

     atom=  H    l=0  rc=    1.0000  rs=    0.6667
     atom=  H    l=0  rc=    1.0000  rs=    0.6667
     projs nearly linearly dependent: l=0  n1,n2= 1, 2  s=  0.99968852
     -----------------------------------------------------------------

     GIPAW integrals: -------------------------------------------
     Atom  i/j   nmr_para   nmr_dia   epr_rmc  epr_para   epr_dia
       C   1 1   0.83E+03  0.17E-01  0.93E+01  0.24E+08  0.24E+03
       C   2 1   0.86E+03 -0.61E-01  0.94E+01  0.25E+08  0.25E+03
       C   2 2   0.90E+03 -0.15E+00  0.97E+01  0.26E+08  0.26E+03
       C   3 3   0.33E+01  0.34E+00  0.18E+01  0.55E+03  0.21E+02
       C   4 3   0.35E+01  0.37E+00  0.20E+01  0.59E+03  0.22E+02
       C   4 4   0.38E+01  0.39E+00  0.22E+01  0.63E+03  0.24E+02
       Cl  1 1   0.14E+04 -0.47E+00  0.84E+01  0.32E+09  0.42E+03
       Cl  2 1   0.21E+04 -0.37E+00  0.12E+02  0.49E+09  0.65E+03
       Cl  2 2   0.33E+04 -0.16E+00  0.21E+02  0.76E+09  0.10E+04
       Cl  3 3   0.21E+02  0.79E-01  0.89E+01  0.23E+05  0.13E+03
       Cl  4 3   0.24E+02  0.67E-01  0.99E+01  0.27E+05  0.15E+03
       Cl  4 4   0.28E+02  0.44E-01  0.11E+02  0.32E+05  0.18E+03
       Cl  5 5   0.77E+00  0.19E+00  0.18E+01  0.12E+03  0.22E+02
       Cl  6 5   0.80E+00  0.19E+00  0.19E+01  0.12E+03  0.23E+02
       Cl  6 6   0.83E+00  0.20E+00  0.19E+01  0.12E+03  0.23E+02
       H   1 1   0.39E+02  0.19E+00  0.29E+00  0.78E+05  0.13E+02
       H   2 1   0.41E+02  0.21E+00  0.32E+00  0.82E+05  0.14E+02
       H   2 2   0.43E+02  0.22E+00  0.36E+00  0.86E+05  0.15E+02
     ------------------------------------------------------------

     alpha_pv=     34.1311 eV

     Number of occupied bands for each k-point:
     k-point:     1    nbnd_occ=  42
     k-point:     2    nbnd_occ=  42
     k-point:     3    nbnd_occ=  42
     k-point:     4    nbnd_occ=  42
     k-point:     5    nbnd_occ=  42
     k-point:     6    nbnd_occ=  42
     k-point:     7    nbnd_occ=  42
     k-point:     8    nbnd_occ=  42
     k-point:     9    nbnd_occ=  42
     k-point:    10    nbnd_occ=  42
     k-point:    11    nbnd_occ=  42
     k-point:    12    nbnd_occ=  42
     k-point:    13    nbnd_occ=  42
     k-point:    14    nbnd_occ=  42
     k-point:    15    nbnd_occ=  42
     k-point:    16    nbnd_occ=  42


     q-space interpolation up to   110.00 Rydberg

     GIPAW job: efg                                                                             


     ELECTRIC FIELD GRADIENTS TENSORS IN Hartree/bohrradius^2:

     ----- bare term -----
     Cl   1       -0.131036        0.155918       -0.013242
     Cl   1        0.155918        0.130514        0.002837
     Cl   1       -0.013242        0.002837        0.000522

     C    2       -0.090289        0.071405       -0.301096
     C    2        0.071405       -0.456046       -0.441691
     C    2       -0.301096       -0.441691        0.546335

     C    3       -0.447058        0.179683       -0.260930
     C    3        0.179683       -0.112023       -0.329195
     C    3       -0.260930       -0.329195        0.559081

     H    4       -0.341071       -0.252441       -0.558901
     H    4       -0.252441        0.335965       -0.238020
     H    4       -0.558901       -0.238020        0.005106

     C    5       -0.088928        0.180230       -0.112927
     C    5        0.180230       -0.375275       -0.257847
     C    5       -0.112927       -0.257847        0.464203

     H    6        0.486409       -0.021324        0.029197
     H    6       -0.021324       -0.018836       -0.545838
     H    6        0.029197       -0.545838       -0.467572

     H    7        0.493589        0.025129       -0.156106
     H    7        0.025129       -0.040994        0.373954
     H    7       -0.156106        0.373954       -0.452595

     C    8       -0.399562       -0.296860       -0.227463
     C    8       -0.296860       -0.080507        0.455259
     C    8       -0.227463        0.455259        0.480069

     H    9        0.103141        0.020366       -0.448161
     H    9        0.020366        0.290368       -0.230640
     H    9       -0.448161       -0.230640       -0.393509

     C   10       -0.143849       -0.201725       -0.217009
     C   10       -0.201725       -0.119661        0.491396
     C   10       -0.217009        0.491396        0.263509

     C   11       -0.214018       -0.242131       -0.280138
     C   11       -0.242131       -0.185580        0.391605
     C   11       -0.280138        0.391605        0.399597

     Cl  12        0.015273       -0.056772       -0.017880
     Cl  12       -0.056772        0.032164       -0.061629
     Cl  12       -0.017880       -0.061629       -0.047438

     H   13        0.487257       -0.187824        0.042505
     H   13       -0.187824       -0.599741       -0.059044
     H   13        0.042505       -0.059044        0.112484

     C   14       -0.606675        0.193048       -0.368905
     C   14        0.193048        0.005094       -0.083994
     C   14       -0.368905       -0.083994        0.601581

     H   15       -0.518529       -0.221147        0.241429
     H   15       -0.221147        0.367077       -0.104717
     H   15        0.241429       -0.104717        0.151452

     C   16        0.075696        0.083397       -0.031292
     C   16        0.083397       -0.468174       -0.300121
     C   16       -0.031292       -0.300121        0.392477

     C   17       -0.627647        0.160687       -0.180586
     C   17        0.160687        0.155343       -0.148605
     C   17       -0.180586       -0.148605        0.472303

     Cl  18       -0.008376        0.012649        0.046577
     Cl  18        0.012649       -0.008304       -0.018317
     Cl  18        0.046577       -0.018317        0.016680

     H   19        0.296336        0.404769        0.176642
     H   19        0.404769       -0.569708       -0.065347
     H   19        0.176642       -0.065347        0.273372

     C   20       -0.415344       -0.090668       -0.295666
     C   20       -0.090668       -0.073980        0.277321
     C   20       -0.295666        0.277321        0.489324

     H   21       -0.430704        0.439826       -0.180917
     H   21        0.439826        0.184541       -0.000197
     H   21       -0.180917       -0.000197        0.246163

     C   22       -0.257844       -0.292523       -0.164276
     C   22       -0.292523       -0.282644        0.513543
     C   22       -0.164276        0.513543        0.540488

     C   23       -0.339543        0.146759       -0.294864
     C   23        0.146759       -0.077162        0.552266
     C   23       -0.294864        0.552266        0.416704

     Cl  24       -0.060721       -0.036093        0.053200
     Cl  24       -0.036093       -0.017511       -0.099586
     Cl  24        0.053200       -0.099586        0.078232

     ----- ionic term -----
     Cl   1        0.153165       -0.202889       -0.045418
     Cl   1       -0.202889       -0.026563        0.027291
     Cl   1       -0.045418        0.027291       -0.126602

     C    2        0.296415       -0.121097        0.175407
     C    2       -0.121097        0.043394        0.443721
     C    2        0.175407        0.443721       -0.339810

     C    3        0.136111       -0.163578        0.134918
     C    3       -0.163578        0.177580        0.426883
     C    3        0.134918        0.426883       -0.313691

     H    4        0.695200        0.418373        0.572734
     H    4        0.418373       -0.400338        0.258410
     H    4        0.572734        0.258410       -0.294863

     C    5        0.283998       -0.163518        0.226516
     C    5       -0.163518        0.047582        0.309474
     C    5        0.226516        0.309474       -0.331580

     H    6       -0.515262        0.057098        0.058068
     H    6        0.057098        0.627482        0.727397
     H    6        0.058068        0.727397       -0.112220

     H    7       -0.501175       -0.145518        0.120357
     H    7       -0.145518        0.567425       -0.725490
     H    7        0.120357       -0.725490       -0.066251

     C    8        0.263399        0.166867        0.380196
     C    8        0.166867        0.041714       -0.299022
     C    8        0.380196       -0.299022       -0.305113

     H    9        0.470668       -0.162869        0.776159
     H    9       -0.162869       -0.447496       -0.220073
     H    9        0.776159       -0.220073       -0.023172

     C   10        0.084169        0.296577        0.239484
     C   10        0.296577        0.232577       -0.359630
     C   10        0.239484       -0.359630       -0.316746

     C   11        0.248538        0.217566        0.325071
     C   11        0.217566        0.113813       -0.349155
     C   11        0.325071       -0.349155       -0.362351

     Cl  12        0.153125        0.243764        0.051383
     Cl  12        0.243764       -0.000904        0.022390
     Cl  12        0.051383        0.022390       -0.152221

     H   13       -0.509968        0.081224        0.031323
     H   13        0.081224        0.691517        0.692677
     H   13        0.031323        0.692677       -0.181548

     C   14        0.339104       -0.142057        0.198012
     C   14       -0.142057        0.047516        0.310531
     C   14        0.198012        0.310531       -0.386621

     H   15        0.872434        0.305096        0.472669
     H   15        0.305096       -0.429073        0.166372
     H   15        0.472669        0.166372       -0.443361

     C   16        0.234119       -0.203231        0.119150
     C   16       -0.203231        0.161823        0.347260
     C   16        0.119150        0.347260       -0.395942

     C   17        0.230921       -0.156800        0.254364
     C   17       -0.156800        0.128881        0.354588
     C   17        0.254364        0.354588       -0.359802

     Cl  18        0.132107       -0.204073        0.008971
     Cl  18       -0.204073        0.027629        0.006847
     Cl  18        0.008971        0.006847       -0.159736

     H   19       -0.466576       -0.263147        0.136191
     H   19       -0.263147        0.707037       -0.625712
     H   19        0.136191       -0.625712       -0.240461

     C   20        0.310594        0.141270        0.339723
     C   20        0.141270        0.070606       -0.256063
     C   20        0.339723       -0.256063       -0.381201

     H   21        0.612047       -0.312377        0.673378
     H   21       -0.312377       -0.412437       -0.238423
     H   21        0.673378       -0.238423       -0.199610

     C   22        0.151693        0.189449        0.251171
     C   22        0.189449        0.213624       -0.329743
     C   22        0.251171       -0.329743       -0.365317

     C   23        0.180593        0.098685        0.378307
     C   23        0.098685        0.128144       -0.364987
     C   23        0.378307       -0.364987       -0.308738

     Cl  24        0.117327        0.177580        0.018828
     Cl  24        0.177580        0.034246        0.006132
     Cl  24        0.018828        0.006132       -0.151573

     ----- GIPAW term -----
     Cl   1        0.579753       -1.356224       -0.131475
     Cl   1       -1.356224        1.209265        0.055516
     Cl   1       -0.131475        0.055516       -1.789017

     C    2       -0.059810       -0.092679       -0.062986
     C    2       -0.092679       -0.179937       -0.049434
     C    2       -0.062986       -0.049434        0.239747

     C    3       -0.210663        0.000316       -0.031978
     C    3        0.000316       -0.103273       -0.063116
     C    3       -0.031978       -0.063116        0.313936

     H    4       -0.000000        0.000000        0.000000
     H    4        0.000000        0.000000        0.000000
     H    4        0.000000        0.000000        0.000000

     C    5       -0.096199        0.011996       -0.012609
     C    5        0.011996       -0.187064        0.037505
     C    5       -0.012609        0.037505        0.283263

     H    6       -0.000000        0.000000        0.000000
     H    6        0.000000        0.000000        0.000000
     H    6        0.000000        0.000000        0.000000

     H    7       -0.000000        0.000000        0.000000
     H    7        0.000000        0.000000        0.000000
     H    7        0.000000        0.000000        0.000000

     C    8       -0.143433       -0.054217       -0.047732
     C    8       -0.054217       -0.066925        0.204523
     C    8       -0.047732        0.204523        0.210358

     H    9       -0.000000        0.000000        0.000000
     H    9        0.000000        0.000000        0.000000
     H    9        0.000000        0.000000        0.000000

     C   10       -0.131333       -0.040601       -0.080308
     C   10       -0.040601       -0.001261        0.208637
     C   10       -0.080308        0.208637        0.132593

     C   11       -0.097025        0.008876       -0.063651
     C   11        0.008876       -0.026341        0.191176
     C   11       -0.063651        0.191176        0.123366

     Cl  12       -0.675193        1.011298       -0.505961
     Cl  12        1.011298       -0.969968        1.150556
     Cl  12       -0.505961        1.150556        1.645161

     H   13       -0.000000        0.000000        0.000000
     H   13        0.000000        0.000000        0.000000
     H   13        0.000000        0.000000        0.000000

     C   14       -0.160849        0.017525       -0.103841
     C   14        0.017525       -0.101014        0.009052
     C   14       -0.103841        0.009052        0.261863

     H   15       -0.000000        0.000000        0.000000
     H   15        0.000000        0.000000        0.000000
     H   15        0.000000        0.000000        0.000000

     C   16       -0.052353       -0.010408       -0.047736
     C   16       -0.010408       -0.117885        0.020176
     C   16       -0.047736        0.020176        0.170238

     C   17       -0.127980       -0.032592       -0.021785
     C   17       -0.032592       -0.058289        0.047630
     C   17       -0.021785        0.047630        0.186270

     Cl  18       -0.610280       -1.449840       -0.019574
     Cl  18       -1.449840       -1.005240        1.280014
     Cl  18       -0.019574        1.280014        1.615521

     H   19       -0.000000        0.000000        0.000000
     H   19        0.000000        0.000000        0.000000
     H   19        0.000000        0.000000        0.000000

     C   20       -0.135351       -0.027395       -0.074081
     C   20       -0.027395       -0.061772        0.153327
     C   20       -0.074081        0.153327        0.197123

     H   21       -0.000000        0.000000        0.000000
     H   21        0.000000        0.000000        0.000000
     H   21        0.000000        0.000000        0.000000

     C   22       -0.141944       -0.060514       -0.082914
     C   22       -0.060514       -0.072057        0.191170
     C   22       -0.082914        0.191170        0.214001

     C   23       -0.060318        0.161868        0.019897
     C   23        0.161868       -0.075917        0.143845
     C   23        0.019897        0.143845        0.136235

     Cl  24        0.825915        1.840486        0.414314
     Cl  24        1.840486       -0.030458       -0.843422
     Cl  24        0.414314       -0.843422       -0.795458

     ----- total EFG -----
     Cl   1        0.601881       -1.403195       -0.190136
     Cl   1       -1.403195        1.313216        0.085644
     Cl   1       -0.190136        0.085644       -1.915097

     C    2        0.146316       -0.142370       -0.188675
     C    2       -0.142370       -0.592588       -0.047404
     C    2       -0.188675       -0.047404        0.446272

     C    3       -0.521611        0.016420       -0.157991
     C    3        0.016420       -0.037716        0.034571
     C    3       -0.157991        0.034571        0.559326

     H    4        0.354129        0.165932        0.013834
     H    4        0.165932       -0.064372        0.020391
     H    4        0.013834        0.020391       -0.289756

     C    5        0.098870        0.028709        0.100980
     C    5        0.028709       -0.514757        0.089132
     C    5        0.100980        0.089132        0.415886

     H    6       -0.028854        0.035774        0.087265
     H    6        0.035774        0.608646        0.181559
     H    6        0.087265        0.181559       -0.579792

     H    7       -0.007585       -0.120389       -0.035749
     H    7       -0.120389        0.526431       -0.351536
     H    7       -0.035749       -0.351536       -0.518846

     C    8       -0.279596       -0.184210        0.105001
     C    8       -0.184210       -0.105718        0.360760
     C    8        0.105001        0.360760        0.385314

     H    9        0.573808       -0.142503        0.327998
     H    9       -0.142503       -0.157127       -0.450712
     H    9        0.327998       -0.450712       -0.416681

     C   10       -0.191012        0.054251       -0.057833
     C   10        0.054251        0.111655        0.340402
     C   10       -0.057833        0.340402        0.079357

     C   11       -0.062505       -0.015689       -0.018718
     C   11       -0.015689       -0.098108        0.233627
     C   11       -0.018718        0.233627        0.160613

     Cl  12       -0.506795        1.198290       -0.472458
     Cl  12        1.198290       -0.938707        1.111317
     Cl  12       -0.472458        1.111317        1.445502

     H   13       -0.022711       -0.106601        0.073828
     H   13       -0.106601        0.091776        0.633633
     H   13        0.073828        0.633633       -0.069065

     C   14       -0.428419        0.068516       -0.274734
     C   14        0.068516       -0.048404        0.235589
     C   14       -0.274734        0.235589        0.476823

     H   15        0.353905        0.083949        0.714099
     H   15        0.083949       -0.061996        0.061655
     H   15        0.714099        0.061655       -0.291909

     C   16        0.257463       -0.130241        0.040122
     C   16       -0.130241       -0.424236        0.067315
     C   16        0.040122        0.067315        0.166773

     C   17       -0.524706       -0.028705        0.051992
     C   17       -0.028705        0.225935        0.253612
     C   17        0.051992        0.253612        0.298771

     Cl  18       -0.486550       -1.641264        0.035974
     Cl  18       -1.641264       -0.985915        1.268543
     Cl  18        0.035974        1.268543        1.472465

     H   19       -0.170240        0.141622        0.312833
     H   19        0.141622        0.137329       -0.691059
     H   19        0.312833       -0.691059        0.032911

     C   20       -0.240101        0.023207       -0.030025
     C   20        0.023207       -0.065146        0.174585
     C   20       -0.030025        0.174585        0.305247

     H   21        0.181343        0.127448        0.492461
     H   21        0.127448       -0.227896       -0.238620
     H   21        0.492461       -0.238620        0.046554

     C   22       -0.248095       -0.163588        0.003981
     C   22       -0.163588       -0.141077        0.374970
     C   22        0.003981        0.374970        0.389172

     C   23       -0.219267        0.407312        0.103341
     C   23        0.407312       -0.024935        0.331124
     C   23        0.103341        0.331124        0.244202

     Cl  24        0.882521        1.981973        0.486342
     Cl  24        1.981973       -0.013722       -0.936876
     Cl  24        0.486342       -0.936876       -0.868799

     ----- total EFG (symmetrized) -----
     Cl   1        0.601881       -1.403195       -0.190136
     Cl   1       -1.403195        1.313216        0.085644
     Cl   1       -0.190136        0.085644       -1.915097

     C    2        0.146316       -0.142370       -0.188675
     C    2       -0.142370       -0.592588       -0.047404
     C    2       -0.188675       -0.047404        0.446272

     C    3       -0.521611        0.016420       -0.157991
     C    3        0.016420       -0.037716        0.034571
     C    3       -0.157991        0.034571        0.559326

     H    4        0.354129        0.165932        0.013834
     H    4        0.165932       -0.064372        0.020391
     H    4        0.013834        0.020391       -0.289756

     C    5        0.098870        0.028709        0.100980
     C    5        0.028709       -0.514757        0.089132
     C    5        0.100980        0.089132        0.415886

     H    6       -0.028854        0.035774        0.087265
     H    6        0.035774        0.608646        0.181559
     H    6        0.087265        0.181559       -0.579792

     H    7       -0.007585       -0.120389       -0.035749
     H    7       -0.120389        0.526431       -0.351536
     H    7       -0.035749       -0.351536       -0.518846

     C    8       -0.279596       -0.184210        0.105001
     C    8       -0.184210       -0.105718        0.360760
     C    8        0.105001        0.360760        0.385314

     H    9        0.573808       -0.142503        0.327998
     H    9       -0.142503       -0.157127       -0.450712
     H    9        0.327998       -0.450712       -0.416681

     C   10       -0.191012        0.054251       -0.057833
     C   10        0.054251        0.111655        0.340402
     C   10       -0.057833        0.340402        0.079357

     C   11       -0.062505       -0.015689       -0.018718
     C   11       -0.015689       -0.098108        0.233627
     C   11       -0.018718        0.233627        0.160613

     Cl  12       -0.506795        1.198290       -0.472458
     Cl  12        1.198290       -0.938707        1.111317
     Cl  12       -0.472458        1.111317        1.445502

     H   13       -0.022711       -0.106601        0.073828
     H   13       -0.106601        0.091776        0.633633
     H   13        0.073828        0.633633       -0.069065

     C   14       -0.428419        0.068516       -0.274734
     C   14        0.068516       -0.048404        0.235589
     C   14       -0.274734        0.235589        0.476823

     H   15        0.353905        0.083949        0.714099
     H   15        0.083949       -0.061996        0.061655
     H   15        0.714099        0.061655       -0.291909

     C   16        0.257463       -0.130241        0.040122
     C   16       -0.130241       -0.424236        0.067315
     C   16        0.040122        0.067315        0.166773

     C   17       -0.524706       -0.028705        0.051992
     C   17       -0.028705        0.225935        0.253612
     C   17        0.051992        0.253612        0.298771

     Cl  18       -0.486550       -1.641264        0.035974
     Cl  18       -1.641264       -0.985915        1.268543
     Cl  18        0.035974        1.268543        1.472465

     H   19       -0.170240        0.141622        0.312833
     H   19        0.141622        0.137329       -0.691059
     H   19        0.312833       -0.691059        0.032911

     C   20       -0.240101        0.023207       -0.030025
     C   20        0.023207       -0.065146        0.174585
     C   20       -0.030025        0.174585        0.305247

     H   21        0.181343        0.127448        0.492461
     H   21        0.127448       -0.227896       -0.238620
     H   21        0.492461       -0.238620        0.046554

     C   22       -0.248095       -0.163588        0.003981
     C   22       -0.163588       -0.141077        0.374970
     C   22        0.003981        0.374970        0.389172

     C   23       -0.219267        0.407312        0.103341
     C   23        0.407312       -0.024935        0.331124
     C   23        0.103341        0.331124        0.244202

     Cl  24        0.882521        1.981973        0.486342
     Cl  24        1.981973       -0.013722       -0.936876
     Cl  24        0.486342       -0.936876       -0.868799


     NQR/NMR SPECTROSCOPIC PARAMETERS:
     Cl   1    Vxx=   -0.4834    axis=(  0.784768  0.616118 -0.067366)
     Cl   1    Vyy=   -1.9295    axis=( -0.079299 -0.007987 -0.996819)
     Cl   1    Vzz=    2.4130    axis=( -0.614696  0.787613  0.042589)
     Cl   1  Q=        -8.1650 1e-30 m^2  Cq=       -46.2917 MHz  eta= 0.59930

     C    2    Vxx=    0.0878    axis=(  0.875879 -0.213432  0.432762)
     C    2    Vyy=    0.5377    axis=( -0.439433  0.017685  0.898101)
     C    2    Vzz=   -0.6254    axis=(  0.199337  0.976798  0.078299)
     C    2  Q=         1.0000 1e-30 m^2  Cq=        -1.4695 MHz  eta= 0.71928

     C    3    Vxx=   -0.0385    axis=(  0.048583  0.997811 -0.044865)
     C    3    Vyy=   -0.5451    axis=( -0.988876  0.041729 -0.142766)
     C    3    Vzz=    0.5836    axis=( -0.140581  0.051302  0.988739)
     C    3  Q=         1.0000 1e-30 m^2  Cq=         1.3712 MHz  eta= 0.86816

     H    4    Vxx=   -0.1209    axis=(  0.330776 -0.939747 -0.086384)
     H    4    Vyy=   -0.2916    axis=(  0.002007 -0.090836  0.995864)
     H    4    Vzz=    0.4125    axis=( -0.943707 -0.329582 -0.028160)
     H    4  Q=         1.0000 1e-30 m^2  Cq=         0.9692 MHz  eta= 0.41379

     C    5    Vxx=    0.0694    axis=(  0.959740  0.004314 -0.280857)
     C    5    Vyy=    0.4544    axis=(  0.279160  0.096142  0.955419)
     C    5    Vzz=   -0.5238    axis=(  0.031123 -0.995358  0.091067)
     C    5  Q=         1.0000 1e-30 m^2  Cq=        -1.2307 MHz  eta= 0.73483

     H    6    Vxx=   -0.0212    axis=(  0.987954 -0.091987  0.124442)
     H    6    Vyy=   -0.6181    axis=(  0.136646  0.141133 -0.980515)
     H    6    Vzz=    0.6393    axis=(  0.072632  0.985708  0.152003)
     H    6  Q=         1.0000 1e-30 m^2  Cq=         1.5021 MHz  eta= 0.93370

     H    7    Vxx=   -0.0166    axis=(  0.981112  0.118585 -0.152826)
     H    7    Vyy=   -0.6339    axis=( -0.111530 -0.298731 -0.947798)
     H    7    Vzz=    0.6504    axis=( -0.158049  0.946941 -0.279863)
     H    7  Q=         1.0000 1e-30 m^2  Cq=         1.5282 MHz  eta= 0.94905

     C    8    Vxx=   -0.0760    axis=(  0.721048 -0.615866  0.317488)
     C    8    Vyy=   -0.5002    axis=(  0.692836  0.635371 -0.341002)
     C    8    Vzz=    0.5762    axis=(  0.008289  0.465846  0.884827)
     C    8  Q=         1.0000 1e-30 m^2  Cq=         1.3539 MHz  eta= 0.73613

     H    9    Vxx=    0.0193    axis=(  0.461046  0.767087 -0.446109)
     H    9    Vyy=    0.7614    axis=(  0.876402 -0.314800  0.364445)
     H    9    Vzz=   -0.7807    axis=(  0.139126 -0.558997 -0.817414)
     H    9  Q=         1.0000 1e-30 m^2  Cq=        -1.8344 MHz  eta= 0.95045

     C   10    Vxx=   -0.1343    axis=(  0.813558  0.401985 -0.420157)
     C   10    Vyy=   -0.3020    axis=( -0.581483  0.561104 -0.589101)
     C   10    Vzz=    0.4363    axis=(  0.001058 -0.723582 -0.690238)
     C   10  Q=         1.0000 1e-30 m^2  Cq=         1.0251 MHz  eta= 0.38418

     C   11    Vxx=   -0.0640    axis=(  0.997526  0.013604  0.068974)
     C   11    Vyy=   -0.2359    axis=(  0.023282  0.861811 -0.506695)
     C   11    Vzz=    0.2999    axis=( -0.066336  0.507047  0.859362)
     C   11  Q=         1.0000 1e-30 m^2  Cq=         0.7047 MHz  eta= 0.57311

     Cl  12    Vxx=    0.4179    axis=(  0.812349  0.542712 -0.213431)
     Cl  12    Vyy=    1.8832    axis=(  0.000269 -0.366332 -0.930484)
     Cl  12    Vzz=   -2.3011    axis=( -0.583172  0.755820 -0.297735)
     Cl  12  Q=        -8.1650 1e-30 m^2  Cq=        44.1445 MHz  eta= 0.63679

     H   13    Vxx=    0.0010    axis=(  0.979437 -0.094403  0.178302)
     H   13    Vyy=    0.6515    axis=(  0.047050 -0.752525 -0.656881)
     H   13    Vzz=   -0.6525    axis=(  0.196188  0.651762 -0.732609)
     H   13  Q=         1.0000 1e-30 m^2  Cq=        -1.5332 MHz  eta= 0.99692

     C   14    Vxx=   -0.0780    axis=(  0.347375  0.912623 -0.215522)
     C   14    Vyy=   -0.5422    axis=( -0.910854  0.273760 -0.308870)
     C   14    Vzz=    0.6201    axis=( -0.222880  0.303603  0.926364)
     C   14  Q=         1.0000 1e-30 m^2  Cq=         1.4571 MHz  eta= 0.74857

     H   15    Vxx=   -0.0741    axis=(  0.102606 -0.993186  0.055259)
     H   15    Vyy=   -0.7528    axis=(  0.541672  0.009194 -0.840540)
     H   15    Vzz=    0.8269    axis=(  0.834304  0.116177  0.538924)
     H   15  Q=         1.0000 1e-30 m^2  Cq=         1.9428 MHz  eta= 0.82077

     C   16    Vxx=    0.1689    axis=( -0.208895  0.155437  0.965506)
     C   16    Vyy=    0.2880    axis=( -0.960380  0.153639 -0.232520)
     C   16    Vzz=   -0.4569    axis=( -0.184482 -0.975825  0.117184)
     C   16  Q=         1.0000 1e-30 m^2  Cq=        -1.0736 MHz  eta= 0.26061

     C   17    Vxx=    0.0119    axis=( -0.103163  0.754385 -0.648275)
     C   17    Vyy=    0.5190    axis=(  0.019744  0.653177  0.756948)
     C   17    Vzz=   -0.5309    axis=( -0.994468 -0.065290  0.082278)
     C   17  Q=         1.0000 1e-30 m^2  Cq=        -1.2474 MHz  eta= 0.95509

     Cl  18    Vxx=    0.4537    axis=(  0.756463 -0.422435  0.499311)
     Cl  18    Vyy=    2.1894    axis=(  0.282050 -0.478090 -0.831792)
     Cl  18    Vzz=   -2.6431    axis=(  0.590094  0.770051 -0.242510)
     Cl  18  Q=        -8.1650 1e-30 m^2  Cq=        50.7070 MHz  eta= 0.65667

     H   19    Vxx=   -0.0084    axis=(  0.872285  0.410730  0.265367)
     H   19    Vyy=   -0.7831    axis=(  0.473557 -0.574242 -0.667825)
     H   19    Vzz=    0.7915    axis=( -0.121911  0.708200 -0.695407)
     H   19  Q=         1.0000 1e-30 m^2  Cq=         1.8598 MHz  eta= 0.97881

     C   20    Vxx=   -0.1252    axis=(  0.271770  0.898267 -0.345337)
     C   20    Vyy=   -0.2499    axis=(  0.961846 -0.241778  0.128049)
     C   20    Vzz=    0.3752    axis=( -0.031527  0.366961  0.929702)
     C   20  Q=         1.0000 1e-30 m^2  Cq=         0.8815 MHz  eta= 0.33235

     H   21    Vxx=   -0.0344    axis=( -0.451818 -0.795493  0.403796)
     H   21    Vyy=   -0.5814    axis=(  0.502017 -0.600879 -0.622032)
     H   21    Vzz=    0.6158    axis=(  0.737455 -0.078333  0.670839)
     H   21  Q=         1.0000 1e-30 m^2  Cq=         1.4468 MHz  eta= 0.88832

     C   22    Vxx=   -0.1427    axis=(  0.792056 -0.501708  0.347759)
     C   22    Vyy=   -0.4469    axis=( -0.604120 -0.726030  0.328510)
     C   22    Vzz=    0.5896    axis=( -0.087668  0.470286  0.878149)
     C   22  Q=         1.0000 1e-30 m^2  Cq=         1.3853 MHz  eta= 0.51584

     C   23    Vxx=   -0.0384    axis=( -0.561287 -0.428870  0.707833)
     C   23    Vyy=   -0.5633    axis=( -0.729108  0.660924 -0.177710)
     C   23    Vzz=    0.6017    axis=( -0.391609 -0.615833 -0.683661)
     C   23  Q=         1.0000 1e-30 m^2  Cq=         1.4137 MHz  eta= 0.87246

     Cl  24    Vxx=   -0.1461    axis=(  0.411618 -0.412984  0.812413)
     Cl  24    Vyy=   -2.3339    axis=( -0.489307  0.651909  0.579305)
     Cl  24    Vzz=    2.4800    axis=( -0.768863 -0.635971  0.066261)
     Cl  24  Q=        -8.1650 1e-30 m^2  Cq=       -47.5778 MHz  eta= 0.88215

     Initialization:
     gipaw_setup  :      9.08s CPU     10.74s WALL (       1 calls)

     Linear response

     Apply operators

     Induced current

     Other routines
     efg          :      9.10s CPU     11.42s WALL (       1 calls)

     General routines
     calbec       :      3.10s CPU      3.92s WALL (      16 calls)
     fft          :      1.49s CPU      2.20s WALL (      15 calls)
     ffts         :      0.05s CPU      0.05s WALL (       2 calls)
     fftw         :      3.22s CPU      3.85s WALL (     672 calls)
     davcio       :      0.06s CPU      0.42s WALL (      32 calls)

     Parallel routines
     fft_scatter  :      2.05s CPU      3.33s WALL (     689 calls)

     Plugins

     GIPAW        :     61.00s CPU     73.97s WALL (       1 calls)
