
     Program QE v.6.0 (svn rev. 13079) starts on  7Jan2017 at 15:40:17 

     This program is part of the open-source Quantum ESPRESSO suite
     for quantum simulation of materials; please cite
         "P. Giannozzi et al., J. Phys.:Condens. Matter 21 395502 (2009);
          URL http://www.quantum-espresso.org", 
     in publications or presentations arising from this work. More details at
     http://www.quantum-espresso.org/quote

     Parallel version (MPI), running on     8 processors
     R & G space division:  proc/nbgrp/npool/nimage =       8

     ***** This is GIPAW svn revision unknown      *****

     Parallelizing q-star over 1 images

     Reading data from directory:
     /users/majewski/paradichlorobenzene/pbe/9_constraint/scratch/pbe.ecut100.np8.dt60.pcl2phi-129368.save
     Message from routine read_xml_file:
     file /users/majewski/paradichlorobenzene/pbe/9_constraint/scratch/pbe.ecut100.np8.dt60.pcl2phi-129368.save not guaranteed to be safe for post-processing

   Info: using nr1, nr2, nr3 values from input

   Info: using nr1, nr2, nr3 values from input

     IMPORTANT: XC functional enforced from input :
     Exchange-correlation      =  SLA  PW   PBX  PBC ( 1  4  3  4 0 0)
     Any further DFT definition will be discarded
     Please, verify this is what you really want

               file C.pbe-n-kjpaw_psl.1.0.0.UPF: wavefunction(s)  2S 2P renormalized
               file Cl.pbe-n-kjpaw_psl.1.0.0.UPF: wavefunction(s)  3S 3P renormalized
               file H.pbe-kjpaw_psl.1.0.0.UPF: wavefunction(s)  1S renormalized

     Parallelization info
     --------------------
     sticks:   dense  smooth     PW     G-vecs:    dense   smooth      PW
     Min        3057    1223    332               144436    36536    5170
     Max        3059    1225    333               144437    36537    5171
     Sum       24467    9791   2657              1155489   292295   41363


     Subspace diagonalization in iterative solution of the eigenvalue problem:
     a serial algorithm will be used

     GIPAW projectors -----------------------------------------------
     atom=  C    l=0  rc=    1.2000  rs=    0.8000
     atom=  C    l=0  rc=    1.2000  rs=    0.8000
     atom=  C    l=1  rc=    1.4000  rs=    0.9333
     atom=  C    l=1  rc=    1.4000  rs=    0.9333
     projs nearly linearly dependent: l=1  n1,n2= 1, 2  s=  0.99951561

     atom=  Cl   l=0  rc=    1.6000  rs=    1.0667
     atom=  Cl   l=0  rc=    1.6000  rs=    1.0667
     atom=  Cl   l=1  rc=    1.6000  rs=    1.0667
     atom=  Cl   l=1  rc=    1.6000  rs=    1.0667
     atom=  Cl   l=2  rc=    1.6000  rs=    1.0667
     atom=  Cl   l=2  rc=    1.6000  rs=    1.0667
     projs nearly linearly dependent: l=2  n1,n2= 1, 2  s=  0.99993509

     atom=  H    l=0  rc=    1.0000  rs=    0.6667
     atom=  H    l=0  rc=    1.0000  rs=    0.6667
     projs nearly linearly dependent: l=0  n1,n2= 1, 2  s=  0.99968852
     -----------------------------------------------------------------

     GIPAW integrals: -------------------------------------------
     Atom  i/j   nmr_para   nmr_dia   epr_rmc  epr_para   epr_dia
       C   1 1   0.83E+03  0.17E-01  0.93E+01  0.24E+08  0.24E+03
       C   2 1   0.86E+03 -0.61E-01  0.94E+01  0.25E+08  0.25E+03
       C   2 2   0.90E+03 -0.15E+00  0.97E+01  0.26E+08  0.26E+03
       C   3 3   0.33E+01  0.34E+00  0.18E+01  0.55E+03  0.21E+02
       C   4 3   0.35E+01  0.37E+00  0.20E+01  0.59E+03  0.22E+02
       C   4 4   0.38E+01  0.39E+00  0.22E+01  0.63E+03  0.24E+02
       Cl  1 1   0.14E+04 -0.47E+00  0.84E+01  0.32E+09  0.42E+03
       Cl  2 1   0.21E+04 -0.37E+00  0.12E+02  0.49E+09  0.65E+03
       Cl  2 2   0.33E+04 -0.16E+00  0.21E+02  0.76E+09  0.10E+04
       Cl  3 3   0.21E+02  0.79E-01  0.89E+01  0.23E+05  0.13E+03
       Cl  4 3   0.24E+02  0.67E-01  0.99E+01  0.27E+05  0.15E+03
       Cl  4 4   0.28E+02  0.44E-01  0.11E+02  0.32E+05  0.18E+03
       Cl  5 5   0.77E+00  0.19E+00  0.18E+01  0.12E+03  0.22E+02
       Cl  6 5   0.80E+00  0.19E+00  0.19E+01  0.12E+03  0.23E+02
       Cl  6 6   0.83E+00  0.20E+00  0.19E+01  0.12E+03  0.23E+02
       H   1 1   0.39E+02  0.19E+00  0.29E+00  0.78E+05  0.13E+02
       H   2 1   0.41E+02  0.21E+00  0.32E+00  0.82E+05  0.14E+02
       H   2 2   0.43E+02  0.22E+00  0.36E+00  0.86E+05  0.15E+02
     ------------------------------------------------------------

     alpha_pv=     34.5796 eV

     Number of occupied bands for each k-point:
     k-point:     1    nbnd_occ=  42
     k-point:     2    nbnd_occ=  42
     k-point:     3    nbnd_occ=  42
     k-point:     4    nbnd_occ=  42
     k-point:     5    nbnd_occ=  42
     k-point:     6    nbnd_occ=  42
     k-point:     7    nbnd_occ=  42
     k-point:     8    nbnd_occ=  42
     k-point:     9    nbnd_occ=  42
     k-point:    10    nbnd_occ=  42
     k-point:    11    nbnd_occ=  42
     k-point:    12    nbnd_occ=  42
     k-point:    13    nbnd_occ=  42
     k-point:    14    nbnd_occ=  42
     k-point:    15    nbnd_occ=  42
     k-point:    16    nbnd_occ=  42


     q-space interpolation up to   110.00 Rydberg

     GIPAW job: efg                                                                             


     ELECTRIC FIELD GRADIENTS TENSORS IN Hartree/bohrradius^2:

     ----- bare term -----
     Cl   1       -0.291071        0.292053        0.019940
     Cl   1        0.292053        0.102687       -0.125012
     Cl   1        0.019940       -0.125012        0.188383

     C    2       -0.047722       -0.268742       -0.358523
     C    2       -0.268742       -0.078596       -0.549052
     C    2       -0.358523       -0.549052        0.126318

     C    3       -0.346664        0.344903        0.123923
     C    3        0.344903       -0.047968       -0.353255
     C    3        0.123923       -0.353255        0.394633

     H    4       -0.172936       -0.410844       -0.236342
     H    4       -0.410844       -0.207966        0.110431
     H    4       -0.236342        0.110431        0.380902

     C    5       -0.214286       -0.323218       -0.338713
     C    5       -0.323218       -0.027957       -0.552231
     C    5       -0.338713       -0.552231        0.242244

     H    6        0.392472        0.137770       -0.077223
     H    6        0.137770       -0.716706       -0.190662
     H    6       -0.077223       -0.190662        0.324235

     H    7       -0.063452       -0.022491        0.364530
     H    7       -0.022491        0.183450        0.316536
     H    7        0.364530        0.316536       -0.119997

     C    8       -0.301438        0.094076       -0.290522
     C    8        0.094076        0.352626       -0.034124
     C    8       -0.290522       -0.034124       -0.051187

     H    9        0.048166        0.110319       -0.213007
     H    9        0.110319        0.501520       -0.025738
     H    9       -0.213007       -0.025738       -0.549686

     C   10        0.060966       -0.262065        0.179162
     C   10       -0.262065       -0.179142        0.000833
     C   10        0.179162        0.000833        0.118176

     C   11       -0.134086       -0.156415       -0.494054
     C   11       -0.156415       -0.037745        0.381991
     C   11       -0.494054        0.381991        0.171831

     Cl  12       -0.203555       -0.161570       -0.088816
     Cl  12       -0.161570       -0.113890       -0.041162
     Cl  12       -0.088816       -0.041162        0.317445

     H   13        0.139727        0.042848       -0.384966
     H   13        0.042848       -0.170140       -0.417415
     H   13       -0.384966       -0.417415        0.030414

     C   14       -0.484784        0.311208       -0.107445
     C   14        0.311208        0.122954       -0.276473
     C   14       -0.107445       -0.276473        0.361830

     H   15       -0.727117       -0.193096        0.064244
     H   15       -0.193096        0.431924       -0.125297
     H   15        0.064244       -0.125297        0.295193

     C   16        0.130592       -0.285171       -0.448977
     C   16       -0.285171       -0.273218       -0.572377
     C   16       -0.448977       -0.572377        0.142625

     C   17       -0.353344        0.407252       -0.191690
     C   17        0.407252       -0.061141       -0.248799
     C   17       -0.191690       -0.248799        0.414485

     Cl  18       -0.062577       -0.056698        0.261172
     Cl  18       -0.056698        0.196072        0.068630
     Cl  18        0.261172        0.068630       -0.133495

     H   19        0.195372       -0.052284        0.390775
     H   19       -0.052284        0.094819        0.392742
     H   19        0.390775        0.392742       -0.290191

     C   20       -0.192535       -0.006800       -0.356230
     C   20       -0.006800       -0.103161        0.416954
     C   20       -0.356230        0.416954        0.295696

     H   21        0.126421        0.108669       -0.335823
     H   21        0.108669        0.389416        0.332093
     H   21       -0.335823        0.332093       -0.515838

     C   22       -0.728136       -0.335712       -0.317781
     C   22       -0.335712        0.215262        0.006360
     C   22       -0.317781        0.006360        0.512874

     C   23        0.026331       -0.428795        0.100482
     C   23       -0.428795       -0.287253        0.510178
     C   23        0.100482        0.510178        0.260922

     Cl  24       -0.052506       -0.086922       -0.034870
     Cl  24       -0.086922        0.004700        0.021847
     Cl  24       -0.034870        0.021847        0.047806

     ----- ionic term -----
     Cl   1        0.143458       -0.187422        0.020121
     Cl   1       -0.187422       -0.000564       -0.003724
     Cl   1        0.020121       -0.003724       -0.142894

     C    2        0.284860       -0.046247        0.240699
     C    2       -0.046247        0.084837        0.423689
     C    2        0.240699        0.423689       -0.369697

     C    3        0.214752       -0.191218        0.144449
     C    3       -0.191218        0.136206        0.438009
     C    3        0.144449        0.438009       -0.350958

     H    4        0.655807        0.376545        0.625766
     H    4        0.376545       -0.401623        0.268110
     H    4        0.625766        0.268110       -0.254183

     C    5        0.423968       -0.128914        0.178645
     C    5       -0.128914       -0.008828        0.326082
     C    5        0.178645        0.326082       -0.415139

     H    6       -0.492089        0.128991        0.072677
     H    6        0.128991        0.628642        0.725402
     H    6        0.072677        0.725402       -0.136554

     H    7       -0.526263        0.115794       -0.044870
     H    7        0.115794        0.560722       -0.746898
     H    7       -0.044870       -0.746898       -0.034459

     C    8        0.212288        0.283266        0.348056
     C    8        0.283266       -0.067015       -0.272265
     C    8        0.348056       -0.272265       -0.145273

     H    9        0.535918       -0.321853        0.680164
     H    9       -0.321853       -0.400601       -0.290776
     H    9        0.680164       -0.290776       -0.135317

     C   10        0.214803        0.343480        0.200068
     C   10        0.343480        0.018176       -0.326731
     C   10        0.200068       -0.326731       -0.232979

     C   11        0.201068        0.313518        0.307708
     C   11        0.313518       -0.106775       -0.379587
     C   11        0.307708       -0.379587       -0.094294

     Cl  12        0.240438        0.238290        0.051099
     Cl  12        0.238290       -0.090239        0.014847
     Cl  12        0.051099        0.014847       -0.150199

     H   13       -0.506082        0.153700        0.113510
     H   13        0.153700        0.598406        0.744051
     H   13        0.113510        0.744051       -0.092324

     C   14        0.395982       -0.063396        0.188859
     C   14       -0.063396       -0.002381        0.353232
     C   14        0.188859        0.353232       -0.393601

     H   15        0.667861        0.492209        0.446784
     H   15        0.492209       -0.332931        0.271463
     H   15        0.446784        0.271463       -0.334930

     C   16        0.215044       -0.159550        0.057328
     C   16       -0.159550        0.165753        0.413298
     C   16        0.057328        0.413298       -0.380797

     C   17        0.371740       -0.105669        0.068294
     C   17       -0.105669        0.010001        0.422599
     C   17        0.068294        0.422599       -0.381741

     Cl  18        0.178568       -0.213774       -0.100213
     Cl  18       -0.213774       -0.064652        0.034669
     Cl  18       -0.100213        0.034669       -0.113916

     H   19       -0.463425        0.210694       -0.231464
     H   19        0.210694        0.128389       -0.738582
     H   19       -0.231464       -0.738582        0.335036

     C   20        0.179201        0.268109        0.321133
     C   20        0.268109       -0.177059       -0.278267
     C   20        0.321133       -0.278267       -0.002143

     H   21        0.222079       -0.217794        0.749443
     H   21       -0.217794       -0.498163       -0.280889
     H   21        0.749443       -0.280889        0.276084

     C   22        0.081585        0.327101        0.202064
     C   22        0.327101       -0.008249       -0.367212
     C   22        0.202064       -0.367212       -0.073336

     C   23        0.059417        0.326658        0.303971
     C   23        0.326658        0.014646       -0.382880
     C   23        0.303971       -0.382880       -0.074063

     Cl  24        0.100910        0.251110        0.057879
     Cl  24        0.251110        0.047410        0.045373
     Cl  24        0.057879        0.045373       -0.148319

     ----- GIPAW term -----
     Cl   1       -1.197651       -0.787496        0.042671
     Cl   1       -0.787496        1.885700       -2.032367
     Cl   1        0.042671       -2.032367       -0.688050

     C    2       -0.022567       -0.114409        0.004404
     C    2       -0.114409        0.024894       -0.134318
     C    2        0.004404       -0.134318       -0.002327

     C    3       -0.092057       -0.065749        0.100842
     C    3       -0.065749        0.082356       -0.148687
     C    3        0.100842       -0.148687        0.009701

     H    4       -0.000000        0.000000        0.000000
     H    4        0.000000        0.000000        0.000000
     H    4        0.000000        0.000000        0.000000

     C    5       -0.007554       -0.200071        0.062598
     C    5       -0.200071        0.029189       -0.208108
     C    5        0.062598       -0.208108       -0.021635

     H    6       -0.000000        0.000000        0.000000
     H    6        0.000000        0.000000        0.000000
     H    6        0.000000        0.000000        0.000000

     H    7       -0.000000        0.000000        0.000000
     H    7        0.000000        0.000000        0.000000
     H    7        0.000000        0.000000        0.000000

     C    8        0.037583       -0.004789        0.015316
     C    8       -0.004789        0.011755       -0.041320
     C    8        0.015316       -0.041320       -0.049338

     H    9       -0.000000        0.000000        0.000000
     H    9        0.000000        0.000000        0.000000
     H    9        0.000000        0.000000        0.000000

     C   10        0.024494       -0.000001        0.016044
     C   10       -0.000001       -0.020174       -0.021946
     C   10        0.016044       -0.021946       -0.004321

     C   11        0.005928       -0.061467       -0.171182
     C   11       -0.061467        0.010746        0.162084
     C   11       -0.171182        0.162084       -0.016673

     Cl  12       -0.590427        1.340463       -1.077024
     Cl  12        1.340463       -1.314454       -0.595074
     Cl  12       -1.077024       -0.595074        1.904881

     H   13       -0.000000        0.000000        0.000000
     H   13        0.000000        0.000000        0.000000
     H   13        0.000000        0.000000        0.000000

     C   14       -0.030225       -0.156126        0.054643
     C   14       -0.156126        0.120940       -0.068139
     C   14        0.054643       -0.068139       -0.090715

     H   15       -0.000000        0.000000        0.000000
     H   15        0.000000        0.000000        0.000000
     H   15        0.000000        0.000000        0.000000

     C   16        0.139142       -0.227622       -0.173327
     C   16       -0.227622       -0.048943       -0.019875
     C   16       -0.173327       -0.019875       -0.090200

     C   17        0.099176       -0.201402       -0.037423
     C   17       -0.201402        0.026613        0.002978
     C   17       -0.037423        0.002978       -0.125790

     Cl  18        0.384660       -0.591561       -1.244225
     Cl  18       -0.591561       -0.574446       -0.834671
     Cl  18       -1.244225       -0.834671        0.189785

     H   19       -0.000000        0.000000        0.000000
     H   19        0.000000        0.000000        0.000000
     H   19        0.000000        0.000000        0.000000

     C   20       -0.055345        0.069231       -0.082719
     C   20        0.069231        0.047809        0.005873
     C   20       -0.082719        0.005873        0.007536

     H   21       -0.000000        0.000000        0.000000
     H   21        0.000000        0.000000        0.000000
     H   21        0.000000        0.000000        0.000000

     C   22       -0.241523       -0.055544       -0.013554
     C   22       -0.055544        0.054209       -0.182173
     C   22       -0.013554       -0.182173        0.187314

     C   23        0.014134       -0.113931        0.073108
     C   23       -0.113931        0.060647       -0.036644
     C   23        0.073108       -0.036644       -0.074781

     Cl  24       -0.111961        0.225828        1.315022
     Cl  24        0.225828       -0.294945       -1.714020
     Cl  24        1.315022       -1.714020        0.406906

     ----- total EFG -----
     Cl   1       -1.345263       -0.682865        0.082733
     Cl   1       -0.682865        1.987823       -2.161103
     Cl   1        0.082733       -2.161103       -0.642560

     C    2        0.214572       -0.429399       -0.113421
     C    2       -0.429399        0.031134       -0.259682
     C    2       -0.113421       -0.259682       -0.245705

     C    3       -0.223969        0.087936        0.369214
     C    3        0.087936        0.170594       -0.063933
     C    3        0.369214       -0.063933        0.053375

     H    4        0.482870       -0.034300        0.389424
     H    4       -0.034300       -0.609589        0.378541
     H    4        0.389424        0.378541        0.126718

     C    5        0.202128       -0.652203       -0.097470
     C    5       -0.652203       -0.007597       -0.434257
     C    5       -0.097470       -0.434257       -0.194531

     H    6       -0.099617        0.266761       -0.004546
     H    6        0.266761       -0.088064        0.534740
     H    6       -0.004546        0.534740        0.187681

     H    7       -0.589715        0.093303        0.319660
     H    7        0.093303        0.744172       -0.430362
     H    7        0.319660       -0.430362       -0.154457

     C    8       -0.051568        0.372553        0.072850
     C    8        0.372553        0.297366       -0.347709
     C    8        0.072850       -0.347709       -0.245798

     H    9        0.584084       -0.211534        0.467157
     H    9       -0.211534        0.100919       -0.316514
     H    9        0.467157       -0.316514       -0.685003

     C   10        0.300264        0.081414        0.395273
     C   10        0.081414       -0.181140       -0.347844
     C   10        0.395273       -0.347844       -0.119123

     C   11        0.072910        0.095637       -0.357527
     C   11        0.095637       -0.133774        0.164489
     C   11       -0.357527        0.164489        0.060864

     Cl  12       -0.553544        1.417183       -1.114741
     Cl  12        1.417183       -1.518584       -0.621388
     Cl  12       -1.114741       -0.621388        2.072127

     H   13       -0.366355        0.196548       -0.271456
     H   13        0.196548        0.428265        0.326636
     H   13       -0.271456        0.326636       -0.061911

     C   14       -0.119027        0.091686        0.136057
     C   14        0.091686        0.241513        0.008620
     C   14        0.136057        0.008620       -0.122486

     H   15       -0.059256        0.299114        0.511027
     H   15        0.299114        0.098993        0.146166
     H   15        0.511027        0.146166       -0.039737

     C   16        0.484779       -0.672344       -0.564976
     C   16       -0.672344       -0.156407       -0.178953
     C   16       -0.564976       -0.178953       -0.328372

     C   17        0.117572        0.100182       -0.160818
     C   17        0.100182       -0.024527        0.176778
     C   17       -0.160818        0.176778       -0.093045

     Cl  18        0.500651       -0.862034       -1.083266
     Cl  18       -0.862034       -0.443025       -0.731372
     Cl  18       -1.083266       -0.731372       -0.057626

     H   19       -0.268053        0.158410        0.159312
     H   19        0.158410        0.223208       -0.345840
     H   19        0.159312       -0.345840        0.044845

     C   20       -0.068678        0.330539       -0.117817
     C   20        0.330539       -0.232411        0.144559
     C   20       -0.117817        0.144559        0.301089

     H   21        0.348500       -0.109125        0.413620
     H   21       -0.109125       -0.108747        0.051205
     H   21        0.413620        0.051205       -0.239753

     C   22       -0.888074       -0.064154       -0.129271
     C   22       -0.064154        0.261223       -0.543025
     C   22       -0.129271       -0.543025        0.626851

     C   23        0.099883       -0.216068        0.477562
     C   23       -0.216068       -0.211960        0.090654
     C   23        0.477562        0.090654        0.112077

     Cl  24       -0.063557        0.390016        1.338031
     Cl  24        0.390016       -0.242835       -1.646800
     Cl  24        1.338031       -1.646800        0.306392

     ----- total EFG (symmetrized) -----
     Cl   1       -1.345263       -0.682865        0.082733
     Cl   1       -0.682865        1.987823       -2.161103
     Cl   1        0.082733       -2.161103       -0.642560

     C    2        0.214572       -0.429399       -0.113421
     C    2       -0.429399        0.031134       -0.259682
     C    2       -0.113421       -0.259682       -0.245705

     C    3       -0.223969        0.087936        0.369214
     C    3        0.087936        0.170594       -0.063933
     C    3        0.369214       -0.063933        0.053375

     H    4        0.482870       -0.034300        0.389424
     H    4       -0.034300       -0.609589        0.378541
     H    4        0.389424        0.378541        0.126718

     C    5        0.202128       -0.652203       -0.097470
     C    5       -0.652203       -0.007597       -0.434257
     C    5       -0.097470       -0.434257       -0.194531

     H    6       -0.099617        0.266761       -0.004546
     H    6        0.266761       -0.088064        0.534740
     H    6       -0.004546        0.534740        0.187681

     H    7       -0.589715        0.093303        0.319660
     H    7        0.093303        0.744172       -0.430362
     H    7        0.319660       -0.430362       -0.154457

     C    8       -0.051568        0.372553        0.072850
     C    8        0.372553        0.297366       -0.347709
     C    8        0.072850       -0.347709       -0.245798

     H    9        0.584084       -0.211534        0.467157
     H    9       -0.211534        0.100919       -0.316514
     H    9        0.467157       -0.316514       -0.685003

     C   10        0.300264        0.081414        0.395273
     C   10        0.081414       -0.181140       -0.347844
     C   10        0.395273       -0.347844       -0.119123

     C   11        0.072910        0.095637       -0.357527
     C   11        0.095637       -0.133774        0.164489
     C   11       -0.357527        0.164489        0.060864

     Cl  12       -0.553544        1.417183       -1.114741
     Cl  12        1.417183       -1.518584       -0.621388
     Cl  12       -1.114741       -0.621388        2.072127

     H   13       -0.366355        0.196548       -0.271456
     H   13        0.196548        0.428265        0.326636
     H   13       -0.271456        0.326636       -0.061911

     C   14       -0.119027        0.091686        0.136057
     C   14        0.091686        0.241513        0.008620
     C   14        0.136057        0.008620       -0.122486

     H   15       -0.059256        0.299114        0.511027
     H   15        0.299114        0.098993        0.146166
     H   15        0.511027        0.146166       -0.039737

     C   16        0.484779       -0.672344       -0.564976
     C   16       -0.672344       -0.156407       -0.178953
     C   16       -0.564976       -0.178953       -0.328372

     C   17        0.117572        0.100182       -0.160818
     C   17        0.100182       -0.024527        0.176778
     C   17       -0.160818        0.176778       -0.093045

     Cl  18        0.500651       -0.862034       -1.083266
     Cl  18       -0.862034       -0.443025       -0.731372
     Cl  18       -1.083266       -0.731372       -0.057626

     H   19       -0.268053        0.158410        0.159312
     H   19        0.158410        0.223208       -0.345840
     H   19        0.159312       -0.345840        0.044845

     C   20       -0.068678        0.330539       -0.117817
     C   20        0.330539       -0.232411        0.144559
     C   20       -0.117817        0.144559        0.301089

     H   21        0.348500       -0.109125        0.413620
     H   21       -0.109125       -0.108747        0.051205
     H   21        0.413620        0.051205       -0.239753

     C   22       -0.888074       -0.064154       -0.129271
     C   22       -0.064154        0.261223       -0.543025
     C   22       -0.129271       -0.543025        0.626851

     C   23        0.099883       -0.216068        0.477562
     C   23       -0.216068       -0.211960        0.090654
     C   23        0.477562        0.090654        0.112077

     Cl  24       -0.063557        0.390016        1.338031
     Cl  24        0.390016       -0.242835       -1.646800
     Cl  24        1.338031       -1.646800        0.306392


     NQR/NMR SPECTROSCOPIC PARAMETERS:
     Cl   1    Vxx=   -1.3092    axis=(  0.894709 -0.100023 -0.435306)
     Cl   1    Vyy=   -1.9808    axis=(  0.425350  0.488179  0.762075)
     Cl   1    Vzz=    3.2899    axis=( -0.136282  0.866993 -0.479323)
     Cl   1  Q=        -8.1650 1e-30 m^2  Cq=       -63.1159 MHz  eta= 0.20413

     C    2    Vxx=   -0.0110    axis=( -0.493095 -0.454900  0.741568)
     C    2    Vyy=   -0.5587    axis=(  0.435407  0.608923  0.663049)
     C    2    Vzz=    0.5697    axis=( -0.753179  0.649830 -0.102191)
     C    2  Q=         1.0000 1e-30 m^2  Cq=         1.3385 MHz  eta= 0.96141

     C    3    Vxx=    0.1882    axis=( -0.143578 -0.986813  0.074737)
     C    3    Vyy=    0.3092    axis=(  0.566986 -0.020128  0.823481)
     C    3    Vzz=   -0.4974    axis=(  0.811118 -0.160608 -0.562399)
     C    3  Q=         1.0000 1e-30 m^2  Cq=        -1.1686 MHz  eta= 0.24311

     H    4    Vxx=    0.0402    axis=( -0.575849  0.434025  0.692835)
     H    4    Vyy=    0.7579    axis=( -0.802861 -0.140255 -0.579434)
     H    4    Vzz=   -0.7981    axis=(  0.154315  0.889916 -0.429227)
     H    4  Q=         1.0000 1e-30 m^2  Cq=        -1.8753 MHz  eta= 0.89930

     C    5    Vxx=    0.0154    axis=( -0.526801 -0.271206  0.805561)
     C    5    Vyy=    0.8063    axis=( -0.697270  0.679887 -0.227088)
     C    5    Vzz=   -0.8217    axis=( -0.486103 -0.681323 -0.547268)
     C    5  Q=         1.0000 1e-30 m^2  Cq=        -1.9308 MHz  eta= 0.96249

     H    6    Vxx=   -0.0405    axis=(  0.885335  0.188851 -0.424872)
     H    6    Vyy=   -0.5981    axis=( -0.408038  0.753665 -0.515261)
     H    6    Vzz=    0.6386    axis=(  0.222904  0.629542  0.744305)
     H    6  Q=         1.0000 1e-30 m^2  Cq=         1.5005 MHz  eta= 0.87306

     H    7    Vxx=   -0.1024    axis=(  0.561443  0.324992  0.761027)
     H    7    Vyy=   -0.8154    axis=(  0.827197 -0.194923 -0.527020)
     H    7    Vzz=    0.9178    axis=(  0.022935 -0.925411  0.378270)
     H    7  Q=         1.0000 1e-30 m^2  Cq=         2.1564 MHz  eta= 0.77682

     C    8    Vxx=   -0.0705    axis=(  0.754282 -0.162677  0.636077)
     C    8    Vyy=   -0.5453    axis=( -0.488353  0.508527  0.709162)
     C    8    Vzz=    0.6158    axis=( -0.438827 -0.845539  0.304129)
     C    8  Q=         1.0000 1e-30 m^2  Cq=         1.4468 MHz  eta= 0.77108

     H    9    Vxx=    0.0359    axis=(  0.437144  0.892797 -0.108710)
     H    9    Vyy=    0.8610    axis=( -0.860863  0.380351 -0.338005)
     H    9    Vzz=   -0.8969    axis=( -0.260422  0.241341  0.934845)
     H    9  Q=         1.0000 1e-30 m^2  Cq=        -2.1072 MHz  eta= 0.91998

     C   10    Vxx=    0.0665    axis=( -0.470309 -0.767196  0.436142)
     C   10    Vyy=    0.5576    axis=( -0.808059  0.175704 -0.562289)
     C   10    Vzz=   -0.6241    axis=(  0.354754 -0.616878 -0.702574)
     C   10  Q=         1.0000 1e-30 m^2  Cq=        -1.4664 MHz  eta= 0.78686

     C   11    Vxx=   -0.0154    axis=(  0.451799  0.827650  0.332976)
     C   11    Vyy=   -0.4134    axis=( -0.561165  0.553807 -0.615135)
     C   11    Vzz=    0.4288    axis=( -0.693521  0.091063  0.714658)
     C   11  Q=         1.0000 1e-30 m^2  Cq=         1.0075 MHz  eta= 0.92821

     Cl  12    Vxx=   -0.2337    axis=(  0.695332  0.534679  0.480242)
     Cl  12    Vyy=   -2.5382    axis=( -0.593791  0.803848 -0.035230)
     Cl  12    Vzz=    2.7719    axis=( -0.404878 -0.260667  0.876428)
     Cl  12  Q=        -8.1650 1e-30 m^2  Cq=       -53.1777 MHz  eta= 0.83137

     H   13    Vxx=    0.0403    axis=(  0.624776  0.292838 -0.723810)
     H   13    Vyy=    0.5951    axis=( -0.065565 -0.904056 -0.422356)
     H   13    Vzz=   -0.6354    axis=(  0.778047 -0.311334  0.545632)
     H   13  Q=         1.0000 1e-30 m^2  Cq=        -1.4929 MHz  eta= 0.87329

     C   14    Vxx=   -0.0043    axis=(  0.641915 -0.264668  0.719650)
     C   14    Vyy=   -0.2638    axis=( -0.718887  0.118754  0.684908)
     C   14    Vzz=    0.2681    axis=(  0.266734  0.957000  0.114036)
     C   14  Q=         1.0000 1e-30 m^2  Cq=         0.6299 MHz  eta= 0.96795

     H   15    Vxx=   -0.0636    axis=(  0.218148 -0.843061  0.491590)
     H   15    Vyy=   -0.5817    axis=( -0.739410  0.185974  0.647060)
     H   15    Vzz=    0.6453    axis=(  0.636934  0.504641  0.582798)
     H   15  Q=         1.0000 1e-30 m^2  Cq=         1.5163 MHz  eta= 0.80278

     C   16    Vxx=   -0.0731    axis=(  0.105319  0.689527 -0.716562)
     C   16    Vyy=   -0.9549    axis=(  0.517488  0.577317  0.631594)
     C   16    Vzz=    1.0280    axis=(  0.849185 -0.437331 -0.296019)
     C   16  Q=         1.0000 1e-30 m^2  Cq=         2.4153 MHz  eta= 0.85772

     C   17    Vxx=    0.1151    axis=(  0.236389  0.823113  0.516338)
     C   17    Vyy=    0.2046    axis=( -0.887492 -0.033435  0.459609)
     C   17    Vzz=   -0.3198    axis=(  0.395574 -0.566892  0.722602)
     C   17  Q=         1.0000 1e-30 m^2  Cq=        -0.7513 MHz  eta= 0.27987

     Cl  18    Vxx=    0.4238    axis=(  0.234521 -0.752484  0.615441)
     Cl  18    Vyy=    1.3824    axis=(  0.827648 -0.177520 -0.532434)
     Cl  18    Vzz=   -1.8062    axis=( -0.509901 -0.634235 -0.581160)
     Cl  18  Q=        -8.1650 1e-30 m^2  Cq=        34.6517 MHz  eta= 0.53072

     H   19    Vxx=   -0.0222    axis=( -0.669069 -0.426193 -0.608856)
     H   19    Vyy=   -0.4701    axis=( -0.742124  0.427192  0.516487)
     H   19    Vzz=    0.4923    axis=(  0.039975  0.797412 -0.602109)
     H   19  Q=         1.0000 1e-30 m^2  Cq=         1.1567 MHz  eta= 0.90992

     C   20    Vxx=    0.1899    axis=(  0.783469  0.621014  0.022776)
     C   20    Vyy=    0.3429    axis=( -0.153006  0.157250  0.975634)
     C   20    Vzz=   -0.5328    axis=(  0.602300 -0.767864  0.218219)
     C   20  Q=         1.0000 1e-30 m^2  Cq=        -1.2518 MHz  eta= 0.28712

     H   21    Vxx=   -0.0918    axis=(  0.020460 -0.961126 -0.275351)
     H   21    Vyy=   -0.4782    axis=(  0.459377  0.253653 -0.851254)
     H   21    Vzz=    0.5700    axis=(  0.888006 -0.109073  0.446708)
     H   21  Q=         1.0000 1e-30 m^2  Cq=         1.3392 MHz  eta= 0.67804

     C   22    Vxx=   -0.1082    axis=( -0.160560  0.807165  0.568071)
     C   22    Vyy=   -0.9112    axis=( -0.986382 -0.110426 -0.121889)
     C   22    Vzz=    1.0194    axis=( -0.035655 -0.579906  0.813903)
     C   22  Q=         1.0000 1e-30 m^2  Cq=         2.3952 MHz  eta= 0.78774

     C   23    Vxx=   -0.0680    axis=( -0.335771  0.808268  0.483695)
     C   23    Vyy=   -0.5257    axis=(  0.611950  0.577560 -0.540316)
     C   23    Vzz=    0.5937    axis=( -0.716083  0.114575 -0.688547)
     C   23  Q=         1.0000 1e-30 m^2  Cq=         1.3948 MHz  eta= 0.77108

     Cl  24    Vxx=    0.2469    axis=(  0.776172  0.630510 -0.003686)
     Cl  24    Vyy=    2.0415    axis=( -0.401349  0.489544 -0.774122)
     Cl  24    Vzz=   -2.2884    axis=( -0.486287  0.602332  0.633025)
     Cl  24  Q=        -8.1650 1e-30 m^2  Cq=        43.9024 MHz  eta= 0.78421

     Initialization:
     gipaw_setup  :      9.09s CPU     10.93s WALL (       1 calls)

     Linear response

     Apply operators

     Induced current

     Other routines
     efg          :      9.45s CPU     11.87s WALL (       1 calls)

     General routines
     calbec       :      3.27s CPU      4.17s WALL (      16 calls)
     fft          :      1.43s CPU      2.02s WALL (      15 calls)
     ffts         :      0.04s CPU      0.05s WALL (       2 calls)
     fftw         :      3.39s CPU      4.27s WALL (     672 calls)
     davcio       :      0.04s CPU      0.31s WALL (      32 calls)

     Parallel routines
     fft_scatter  :      2.20s CPU      3.48s WALL (     689 calls)

     Plugins

     GIPAW        :     61.42s CPU     73.48s WALL (       1 calls)
