
     Program QE v.6.0 (svn rev. 13079) starts on 19Dec2016 at 12:16:37 

     This program is part of the open-source Quantum ESPRESSO suite
     for quantum simulation of materials; please cite
         "P. Giannozzi et al., J. Phys.:Condens. Matter 21 395502 (2009);
          URL http://www.quantum-espresso.org", 
     in publications or presentations arising from this work. More details at
     http://www.quantum-espresso.org/quote

     Parallel version (MPI), running on     8 processors
     R & G space division:  proc/nbgrp/npool/nimage =       8

     ***** This is GIPAW svn revision unknown      *****

     Parallelizing q-star over 1 images

     Reading data from directory:
     /users/majewski/paradichlorobenzene/pbe/9_constraint/scratch/pbe.ecut100.np8.dt60.pcl2phi-129368.save
     Message from routine read_xml_file:
     file /users/majewski/paradichlorobenzene/pbe/9_constraint/scratch/pbe.ecut100.np8.dt60.pcl2phi-129368.save not guaranteed to be safe for post-processing

   Info: using nr1, nr2, nr3 values from input

   Info: using nr1, nr2, nr3 values from input

     IMPORTANT: XC functional enforced from input :
     Exchange-correlation      =  SLA  PW   PBX  PBC ( 1  4  3  4 0 0)
     Any further DFT definition will be discarded
     Please, verify this is what you really want

               file C.pbe-n-kjpaw_psl.1.0.0.UPF: wavefunction(s)  2S 2P renormalized
               file Cl.pbe-n-kjpaw_psl.1.0.0.UPF: wavefunction(s)  3S 3P renormalized
               file H.pbe-kjpaw_psl.1.0.0.UPF: wavefunction(s)  1S renormalized

     Parallelization info
     --------------------
     sticks:   dense  smooth     PW     G-vecs:    dense   smooth      PW
     Min        3057    1223    332               144436    36536    5170
     Max        3059    1225    333               144437    36537    5171
     Sum       24467    9791   2657              1155489   292295   41363


     Subspace diagonalization in iterative solution of the eigenvalue problem:
     a serial algorithm will be used

     GIPAW projectors -----------------------------------------------
     atom=  C    l=0  rc=    1.2000  rs=    0.8000
     atom=  C    l=0  rc=    1.2000  rs=    0.8000
     atom=  C    l=1  rc=    1.4000  rs=    0.9333
     atom=  C    l=1  rc=    1.4000  rs=    0.9333
     projs nearly linearly dependent: l=1  n1,n2= 1, 2  s=  0.99951561

     atom=  Cl   l=0  rc=    1.6000  rs=    1.0667
     atom=  Cl   l=0  rc=    1.6000  rs=    1.0667
     atom=  Cl   l=1  rc=    1.6000  rs=    1.0667
     atom=  Cl   l=1  rc=    1.6000  rs=    1.0667
     atom=  Cl   l=2  rc=    1.6000  rs=    1.0667
     atom=  Cl   l=2  rc=    1.6000  rs=    1.0667
     projs nearly linearly dependent: l=2  n1,n2= 1, 2  s=  0.99993509

     atom=  H    l=0  rc=    1.0000  rs=    0.6667
     atom=  H    l=0  rc=    1.0000  rs=    0.6667
     projs nearly linearly dependent: l=0  n1,n2= 1, 2  s=  0.99968852
     -----------------------------------------------------------------

     GIPAW integrals: -------------------------------------------
     Atom  i/j   nmr_para   nmr_dia   epr_rmc  epr_para   epr_dia
       C   1 1   0.83E+03  0.17E-01  0.93E+01  0.24E+08  0.24E+03
       C   2 1   0.86E+03 -0.61E-01  0.94E+01  0.25E+08  0.25E+03
       C   2 2   0.90E+03 -0.15E+00  0.97E+01  0.26E+08  0.26E+03
       C   3 3   0.33E+01  0.34E+00  0.18E+01  0.55E+03  0.21E+02
       C   4 3   0.35E+01  0.37E+00  0.20E+01  0.59E+03  0.22E+02
       C   4 4   0.38E+01  0.39E+00  0.22E+01  0.63E+03  0.24E+02
       Cl  1 1   0.14E+04 -0.47E+00  0.84E+01  0.32E+09  0.42E+03
       Cl  2 1   0.21E+04 -0.37E+00  0.12E+02  0.49E+09  0.65E+03
       Cl  2 2   0.33E+04 -0.16E+00  0.21E+02  0.76E+09  0.10E+04
       Cl  3 3   0.21E+02  0.79E-01  0.89E+01  0.23E+05  0.13E+03
       Cl  4 3   0.24E+02  0.67E-01  0.99E+01  0.27E+05  0.15E+03
       Cl  4 4   0.28E+02  0.44E-01  0.11E+02  0.32E+05  0.18E+03
       Cl  5 5   0.77E+00  0.19E+00  0.18E+01  0.12E+03  0.22E+02
       Cl  6 5   0.80E+00  0.19E+00  0.19E+01  0.12E+03  0.23E+02
       Cl  6 6   0.83E+00  0.20E+00  0.19E+01  0.12E+03  0.23E+02
       H   1 1   0.39E+02  0.19E+00  0.29E+00  0.78E+05  0.13E+02
       H   2 1   0.41E+02  0.21E+00  0.32E+00  0.82E+05  0.14E+02
       H   2 2   0.43E+02  0.22E+00  0.36E+00  0.86E+05  0.15E+02
     ------------------------------------------------------------

     alpha_pv=     33.3170 eV

     Number of occupied bands for each k-point:
     k-point:     1    nbnd_occ=  42
     k-point:     2    nbnd_occ=  42
     k-point:     3    nbnd_occ=  42
     k-point:     4    nbnd_occ=  42
     k-point:     5    nbnd_occ=  42
     k-point:     6    nbnd_occ=  42
     k-point:     7    nbnd_occ=  42
     k-point:     8    nbnd_occ=  42
     k-point:     9    nbnd_occ=  42
     k-point:    10    nbnd_occ=  42
     k-point:    11    nbnd_occ=  42
     k-point:    12    nbnd_occ=  42
     k-point:    13    nbnd_occ=  42
     k-point:    14    nbnd_occ=  42
     k-point:    15    nbnd_occ=  42
     k-point:    16    nbnd_occ=  42


     q-space interpolation up to   110.00 Rydberg

     GIPAW job: efg                                                                             


     ELECTRIC FIELD GRADIENTS TENSORS IN Hartree/bohrradius^2:

     ----- bare term -----
     Cl   1       -0.174234        0.154081       -0.093618
     Cl   1        0.154081       -0.109135       -0.009226
     Cl   1       -0.093618       -0.009226        0.283368

     C    2       -0.009922       -0.103287       -0.546416
     C    2       -0.103287       -0.251652       -0.527156
     C    2       -0.546416       -0.527156        0.261574

     C    3       -0.158415        0.406070       -0.332089
     C    3        0.406070       -0.247528       -0.326876
     C    3       -0.332089       -0.326876        0.405942

     H    4        0.044178       -0.129978       -0.350163
     H    4       -0.129978        0.485216        0.008275
     H    4       -0.350163        0.008275       -0.529395

     C    5       -0.198614        0.067232       -0.520949
     C    5        0.067232       -0.111753       -0.423919
     C    5       -0.520949       -0.423919        0.310367

     H    6        0.343679        0.039770        0.175125
     H    6        0.039770       -0.176643       -0.537518
     H    6        0.175125       -0.537518       -0.167036

     H    7        0.050543        0.222339       -0.225835
     H    7        0.222339       -0.267269        0.474110
     H    7       -0.225835        0.474110        0.216725

     C    8       -0.363225       -0.270442       -0.341499
     C    8       -0.270442       -0.095327        0.395511
     C    8       -0.341499        0.395511        0.458552

     H    9       -0.426225        0.452560       -0.014035
     H    9        0.452560        0.245819       -0.076046
     H    9       -0.014035       -0.076046        0.180406

     C   10       -0.163085       -0.283779       -0.190569
     C   10       -0.283779       -0.400540        0.515878
     C   10       -0.190569        0.515878        0.563624

     C   11       -0.307608        0.015133       -0.357336
     C   11        0.015133       -0.041861        0.437198
     C   11       -0.357336        0.437198        0.349469

     Cl  12       -0.146842       -0.057849        0.061090
     Cl  12       -0.057849       -0.117961       -0.024594
     Cl  12        0.061090       -0.024594        0.264802

     H   13        0.365373       -0.060171       -0.051082
     H   13       -0.060171       -0.470561       -0.521432
     H   13       -0.051082       -0.521432        0.105188

     C   14       -0.430492        0.298538       -0.345919
     C   14        0.298538       -0.043117       -0.338820
     C   14       -0.345919       -0.338820        0.473609

     H   15       -0.035157       -0.120225       -0.483191
     H   15       -0.120225        0.447521       -0.032726
     H   15       -0.483191       -0.032726       -0.412364

     C   16       -0.275314        0.241113       -0.286869
     C   16        0.241113       -0.166130       -0.485489
     C   16       -0.286869       -0.485489        0.441444

     C   17       -0.169848        0.267827       -0.142957
     C   17        0.267827       -0.265257       -0.487412
     C   17       -0.142957       -0.487412        0.435104

     Cl  18       -0.060649       -0.083427       -0.026080
     Cl  18       -0.083427        0.004539       -0.135866
     Cl  18       -0.026080       -0.135866        0.056110

     H   19        0.118706        0.447350        0.125022
     H   19        0.447350       -0.480403        0.157338
     H   19        0.125022        0.157338        0.361697

     C   20       -0.255752       -0.367714       -0.379601
     C   20       -0.367714       -0.222083        0.302863
     C   20       -0.379601        0.302863        0.477834

     H   21       -0.425372        0.400142        0.195512
     H   21        0.400142        0.222264       -0.096275
     H   21        0.195512       -0.096275        0.203107

     C   22       -0.090480       -0.105493       -0.140208
     C   22       -0.105493       -0.245957        0.320344
     C   22       -0.140208        0.320344        0.336438

     C   23       -0.448852       -0.063737       -0.342153
     C   23       -0.063737       -0.083145        0.435711
     C   23       -0.342153        0.435711        0.531997

     Cl  24       -0.061238       -0.010808       -0.030418
     Cl  24       -0.010808       -0.009088        0.057123
     Cl  24       -0.030418        0.057123        0.070326

     ----- ionic term -----
     Cl   1        0.147542       -0.214697        0.053932
     Cl   1       -0.214697       -0.002009       -0.021994
     Cl   1        0.053932       -0.021994       -0.145533

     C    2        0.172039       -0.190462        0.379379
     C    2       -0.190462        0.025650        0.396770
     C    2        0.379379        0.396770       -0.197689

     C    3        0.079956       -0.281850        0.247063
     C    3       -0.281850        0.136838        0.373784
     C    3        0.247063        0.373784       -0.216794

     H    4        0.489926        0.220523        0.751249
     H    4        0.220523       -0.455186        0.239595
     H    4        0.751249        0.239595       -0.034740

     C    5        0.159201       -0.244956        0.318036
     C    5       -0.244956        0.062595        0.257189
     C    5        0.318036        0.257189       -0.221796

     H    6       -0.520999        0.060227        0.060378
     H    6        0.060227        0.599332        0.719932
     H    6        0.060378        0.719932       -0.078332

     H    7       -0.460794       -0.262509        0.178936
     H    7       -0.262509        0.535974       -0.728744
     H    7        0.178936       -0.728744       -0.075179

     C    8        0.397533        0.072132        0.178748
     C    8        0.072132        0.040665       -0.320650
     C    8        0.178748       -0.320650       -0.438198

     H    9        0.719742       -0.473247        0.473488
     H    9       -0.473247       -0.320419       -0.240985
     H    9        0.473488       -0.240985       -0.399323

     C   10        0.183242        0.151461        0.093758
     C   10        0.151461        0.240464       -0.408471
     C   10        0.093758       -0.408471       -0.423706

     C   11        0.288702        0.080903        0.127057
     C   11        0.080903        0.156126       -0.390168
     C   11        0.127057       -0.390168       -0.444828

     Cl  12        0.126243        0.204891       -0.027654
     Cl  12        0.204891        0.011878       -0.022138
     Cl  12       -0.027654       -0.022138       -0.138121

     H   13       -0.523114        0.028015        0.032278
     H   13        0.028015        0.632172        0.722934
     H   13        0.032278        0.722934       -0.109058

     C   14        0.259258       -0.221711        0.368188
     C   14       -0.221711        0.020553        0.281789
     C   14        0.368188        0.281789       -0.279811

     H   15        0.376347        0.203907        0.766028
     H   15        0.203907       -0.463259        0.234639
     H   15        0.766028        0.234639        0.086912

     C   16        0.110211       -0.317485        0.248469
     C   16       -0.317485        0.170754        0.325634
     C   16        0.248469        0.325634       -0.280965

     C   17        0.079406       -0.265499        0.284003
     C   17       -0.265499        0.156164        0.340328
     C   17        0.284003        0.340328       -0.235570

     Cl  18        0.123964       -0.214157        0.024177
     Cl  18       -0.214157        0.029957       -0.014359
     Cl  18        0.024177       -0.014359       -0.153921

     H   19       -0.486096       -0.190640        0.101809
     H   19       -0.190640        0.684216       -0.677163
     H   19        0.101809       -0.677163       -0.198120

     C   20        0.411368        0.101814        0.117915
     C   20        0.101814        0.058771       -0.313356
     C   20        0.117915       -0.313356       -0.470139

     H   21        0.821093       -0.431072        0.394222
     H   21       -0.431072       -0.367150       -0.194702
     H   21        0.394222       -0.194702       -0.453943

     C   22        0.270111        0.146119        0.067128
     C   22        0.146119        0.190012       -0.348226
     C   22        0.067128       -0.348226       -0.460123

     C   23        0.343734        0.023169        0.171896
     C   23        0.023169        0.108868       -0.334961
     C   23        0.171896       -0.334961       -0.452602

     Cl  24        0.133040        0.173298       -0.022403
     Cl  24        0.173298        0.001780       -0.016078
     Cl  24       -0.022403       -0.016078       -0.134820

     ----- GIPAW term -----
     Cl   1       -0.530284       -1.172319       -1.304762
     Cl   1       -1.172319       -1.456098       -0.126786
     Cl   1       -1.304762       -0.126786        1.986382

     C    2        0.102303       -0.137144       -0.199457
     C    2       -0.137144       -0.103756       -0.082277
     C    2       -0.199457       -0.082277        0.001452

     C    3       -0.033478        0.086060       -0.208299
     C    3        0.086060       -0.125591       -0.086077
     C    3       -0.208299       -0.086077        0.159068

     H    4       -0.000000        0.000000        0.000000
     H    4        0.000000        0.000000        0.000000
     H    4        0.000000        0.000000        0.000000

     C    5        0.061837        0.003045       -0.198606
     C    5        0.003045       -0.120330       -0.088365
     C    5       -0.198606       -0.088365        0.058494

     H    6       -0.000000        0.000000        0.000000
     H    6        0.000000        0.000000        0.000000
     H    6        0.000000        0.000000        0.000000

     H    7       -0.000000        0.000000        0.000000
     H    7        0.000000        0.000000        0.000000
     H    7        0.000000        0.000000        0.000000

     C    8       -0.041303       -0.055196       -0.063382
     C    8       -0.055196       -0.037783        0.090536
     C    8       -0.063382        0.090536        0.079087

     H    9       -0.000000        0.000000        0.000000
     H    9        0.000000        0.000000        0.000000
     H    9        0.000000        0.000000        0.000000

     C   10       -0.092859       -0.036688       -0.061575
     C   10       -0.036688       -0.120718        0.089223
     C   10       -0.061575        0.089223        0.213577

     C   11        0.007750        0.126552       -0.016184
     C   11        0.126552       -0.029108        0.038933
     C   11       -0.016184        0.038933        0.021358

     Cl  12        0.005785        1.733183        0.544313
     Cl  12        1.733183       -1.128563       -0.255179
     Cl  12        0.544313       -0.255179        1.122778

     H   13       -0.000000        0.000000        0.000000
     H   13        0.000000        0.000000        0.000000
     H   13        0.000000        0.000000        0.000000

     C   14       -0.056681        0.043898       -0.062313
     C   14        0.043898       -0.021236       -0.055223
     C   14       -0.062313       -0.055223        0.077917

     H   15       -0.000000        0.000000        0.000000
     H   15        0.000000        0.000000        0.000000
     H   15        0.000000        0.000000        0.000000

     C   16       -0.099025        0.018876       -0.061386
     C   16        0.018876       -0.024925       -0.098423
     C   16       -0.061386       -0.098423        0.123950

     C   17        0.056441       -0.117288        0.064051
     C   17       -0.117288       -0.069400       -0.122726
     C   17        0.064051       -0.122726        0.012958

     Cl  18        0.411710       -2.565750        0.102860
     Cl  18       -2.565750        0.280607       -1.506801
     Cl  18        0.102860       -1.506801       -0.692317

     H   19       -0.000000        0.000000        0.000000
     H   19        0.000000        0.000000        0.000000
     H   19        0.000000        0.000000        0.000000

     C   20        0.009716       -0.126115       -0.196167
     C   20       -0.126115       -0.117183        0.122537
     C   20       -0.196167        0.122537        0.107466

     H   21       -0.000000        0.000000        0.000000
     H   21        0.000000        0.000000        0.000000
     H   21        0.000000        0.000000        0.000000

     C   22       -0.046348       -0.036887       -0.116561
     C   22       -0.036887       -0.073129        0.091491
     C   22       -0.116561        0.091491        0.119477

     C   23       -0.105881        0.086451       -0.111971
     C   23        0.086451       -0.105730        0.088407
     C   23       -0.111971        0.088407        0.211611

     Cl  24        0.119343        1.192586       -1.721523
     Cl  24        1.192586       -1.218311        0.976895
     Cl  24       -1.721523        0.976895        1.098968

     ----- total EFG -----
     Cl   1       -0.556976       -1.232935       -1.344448
     Cl   1       -1.232935       -1.567241       -0.158006
     Cl   1       -1.344448       -0.158006        2.124217

     C    2        0.264420       -0.430893       -0.366495
     C    2       -0.430893       -0.329758       -0.212663
     C    2       -0.366495       -0.212663        0.065337

     C    3       -0.111936        0.210280       -0.293325
     C    3        0.210280       -0.236280       -0.039169
     C    3       -0.293325       -0.039169        0.348216

     H    4        0.534104        0.090545        0.401086
     H    4        0.090545        0.030030        0.247870
     H    4        0.401086        0.247870       -0.564135

     C    5        0.022424       -0.174679       -0.401519
     C    5       -0.174679       -0.169489       -0.255095
     C    5       -0.401519       -0.255095        0.147065

     H    6       -0.177320        0.099998        0.235503
     H    6        0.099998        0.422689        0.182415
     H    6        0.235503        0.182415       -0.245369

     H    7       -0.410251       -0.040169       -0.046899
     H    7       -0.040169        0.268705       -0.254634
     H    7       -0.046899       -0.254634        0.141546

     C    8       -0.006995       -0.253506       -0.226133
     C    8       -0.253506       -0.092446        0.165397
     C    8       -0.226133        0.165397        0.099441

     H    9        0.293517       -0.020687        0.459453
     H    9       -0.020687       -0.074600       -0.317030
     H    9        0.459453       -0.317030       -0.218918

     C   10       -0.072702       -0.169005       -0.158386
     C   10       -0.169005       -0.280794        0.196629
     C   10       -0.158386        0.196629        0.353496

     C   11       -0.011155        0.222587       -0.246463
     C   11        0.222587        0.085157        0.085963
     C   11       -0.246463        0.085963       -0.074001

     Cl  12       -0.014814        1.880225        0.577748
     Cl  12        1.880225       -1.234645       -0.301911
     Cl  12        0.577748       -0.301911        1.249459

     H   13       -0.157742       -0.032156       -0.018803
     H   13       -0.032156        0.161611        0.201502
     H   13       -0.018803        0.201502       -0.003869

     C   14       -0.227915        0.120724       -0.040045
     C   14        0.120724       -0.043800       -0.112254
     C   14       -0.040045       -0.112254        0.271715

     H   15        0.341190        0.083681        0.282837
     H   15        0.083681       -0.015738        0.201913
     H   15        0.282837        0.201913       -0.325452

     C   16       -0.264127       -0.057496       -0.099786
     C   16       -0.057496       -0.020301       -0.258279
     C   16       -0.099786       -0.258279        0.284428

     C   17       -0.034001       -0.114960        0.205096
     C   17       -0.114960       -0.178493       -0.269810
     C   17        0.205096       -0.269810        0.212493

     Cl  18        0.475025       -2.863335        0.100957
     Cl  18       -2.863335        0.315103       -1.657026
     Cl  18        0.100957       -1.657026       -0.790128

     H   19       -0.367390        0.256710        0.226831
     H   19        0.256710        0.203812       -0.519824
     H   19        0.226831       -0.519824        0.163577

     C   20        0.165332       -0.392015       -0.457853
     C   20       -0.392015       -0.280494        0.112044
     C   20       -0.457853        0.112044        0.115162

     H   21        0.395721       -0.030930        0.589734
     H   21       -0.030930       -0.144886       -0.290977
     H   21        0.589734       -0.290977       -0.250835

     C   22        0.133283        0.003740       -0.189641
     C   22        0.003740       -0.129074        0.063608
     C   22       -0.189641        0.063608       -0.004209

     C   23       -0.210999        0.045883       -0.282228
     C   23        0.045883       -0.080007        0.189157
     C   23       -0.282228        0.189157        0.291006

     Cl  24        0.191146        1.355076       -1.774344
     Cl  24        1.355076       -1.225619        1.017940
     Cl  24       -1.774344        1.017940        1.034473

     ----- total EFG (symmetrized) -----
     Cl   1       -0.556976       -1.232935       -1.344448
     Cl   1       -1.232935       -1.567241       -0.158006
     Cl   1       -1.344448       -0.158006        2.124217

     C    2        0.264420       -0.430893       -0.366495
     C    2       -0.430893       -0.329758       -0.212663
     C    2       -0.366495       -0.212663        0.065337

     C    3       -0.111936        0.210280       -0.293325
     C    3        0.210280       -0.236280       -0.039169
     C    3       -0.293325       -0.039169        0.348216

     H    4        0.534104        0.090545        0.401086
     H    4        0.090545        0.030030        0.247870
     H    4        0.401086        0.247870       -0.564135

     C    5        0.022424       -0.174679       -0.401519
     C    5       -0.174679       -0.169489       -0.255095
     C    5       -0.401519       -0.255095        0.147065

     H    6       -0.177320        0.099998        0.235503
     H    6        0.099998        0.422689        0.182415
     H    6        0.235503        0.182415       -0.245369

     H    7       -0.410251       -0.040169       -0.046899
     H    7       -0.040169        0.268705       -0.254634
     H    7       -0.046899       -0.254634        0.141546

     C    8       -0.006995       -0.253506       -0.226133
     C    8       -0.253506       -0.092446        0.165397
     C    8       -0.226133        0.165397        0.099441

     H    9        0.293517       -0.020687        0.459453
     H    9       -0.020687       -0.074600       -0.317030
     H    9        0.459453       -0.317030       -0.218918

     C   10       -0.072702       -0.169005       -0.158386
     C   10       -0.169005       -0.280794        0.196629
     C   10       -0.158386        0.196629        0.353496

     C   11       -0.011155        0.222587       -0.246463
     C   11        0.222587        0.085157        0.085963
     C   11       -0.246463        0.085963       -0.074001

     Cl  12       -0.014814        1.880225        0.577748
     Cl  12        1.880225       -1.234645       -0.301911
     Cl  12        0.577748       -0.301911        1.249459

     H   13       -0.157742       -0.032156       -0.018803
     H   13       -0.032156        0.161611        0.201502
     H   13       -0.018803        0.201502       -0.003869

     C   14       -0.227915        0.120724       -0.040045
     C   14        0.120724       -0.043800       -0.112254
     C   14       -0.040045       -0.112254        0.271715

     H   15        0.341190        0.083681        0.282837
     H   15        0.083681       -0.015738        0.201913
     H   15        0.282837        0.201913       -0.325452

     C   16       -0.264127       -0.057496       -0.099786
     C   16       -0.057496       -0.020301       -0.258279
     C   16       -0.099786       -0.258279        0.284428

     C   17       -0.034001       -0.114960        0.205096
     C   17       -0.114960       -0.178493       -0.269810
     C   17        0.205096       -0.269810        0.212493

     Cl  18        0.475025       -2.863335        0.100957
     Cl  18       -2.863335        0.315103       -1.657026
     Cl  18        0.100957       -1.657026       -0.790128

     H   19       -0.367390        0.256710        0.226831
     H   19        0.256710        0.203812       -0.519824
     H   19        0.226831       -0.519824        0.163577

     C   20        0.165332       -0.392015       -0.457853
     C   20       -0.392015       -0.280494        0.112044
     C   20       -0.457853        0.112044        0.115162

     H   21        0.395721       -0.030930        0.589734
     H   21       -0.030930       -0.144886       -0.290977
     H   21        0.589734       -0.290977       -0.250835

     C   22        0.133283        0.003740       -0.189641
     C   22        0.003740       -0.129074        0.063608
     C   22       -0.189641        0.063608       -0.004209

     C   23       -0.210999        0.045883       -0.282228
     C   23        0.045883       -0.080007        0.189157
     C   23       -0.282228        0.189157        0.291006

     Cl  24        0.191146        1.355076       -1.774344
     Cl  24        1.355076       -1.225619        1.017940
     Cl  24       -1.774344        1.017940        1.034473


     NQR/NMR SPECTROSCOPIC PARAMETERS:
     Cl   1    Vxx=   -0.1360    axis=(  0.685537 -0.630685  0.363696)
     Cl   1    Vyy=   -2.5736    axis=( -0.604292 -0.771541 -0.198888)
     Cl   1    Vzz=    2.7096    axis=( -0.406042  0.083433  0.910038)
     Cl   1  Q=        -8.1650 1e-30 m^2  Cq=       -51.9823 MHz  eta= 0.89965

     C    2    Vxx=    0.1190    axis=(  0.225925 -0.585777  0.778346)
     C    2    Vyy=    0.6084    axis=( -0.842711  0.283287  0.457807)
     C    2    Vzz=   -0.7274    axis=( -0.488668 -0.759351 -0.429639)
     C    2  Q=         1.0000 1e-30 m^2  Cq=        -1.7090 MHz  eta= 0.67278

     C    3    Vxx=   -0.0874    axis=(  0.570895  0.689104  0.446334)
     C    3    Vyy=   -0.4262    axis=(  0.676139 -0.702994  0.220533)
     C    3    Vzz=    0.5137    axis=( -0.465741 -0.175883  0.867266)
     C    3  Q=         1.0000 1e-30 m^2  Cq=         1.2069 MHz  eta= 0.65955

     H    4    Vxx=    0.0454    axis=(  0.314563 -0.933413 -0.172601)
     H    4    Vyy=    0.7061    axis=(  0.909880  0.244679  0.335037)
     H    4    Vzz=   -0.7515    axis=( -0.270496 -0.262437  0.926261)
     H    4  Q=         1.0000 1e-30 m^2  Cq=        -1.7657 MHz  eta= 0.87930

     C    5    Vxx=    0.0536    axis=(  0.560392 -0.774489  0.293475)
     C    5    Vyy=    0.5024    axis=( -0.604674 -0.140443  0.783993)
     C    5    Vzz=   -0.5560    axis=( -0.565977 -0.616800 -0.547017)
     C    5  Q=         1.0000 1e-30 m^2  Cq=        -1.3064 MHz  eta= 0.80732

     H    6    Vxx=   -0.0514    axis=(  0.744443 -0.370677  0.555341)
     H    6    Vyy=   -0.4559    axis=(  0.623953  0.090154 -0.776244)
     H    6    Vzz=    0.5073    axis=(  0.237669  0.924376  0.298400)
     H    6  Q=         1.0000 1e-30 m^2  Cq=         1.1919 MHz  eta= 0.79723

     H    7    Vxx=   -0.0469    axis=( -0.167351  0.606131  0.777559)
     H    7    Vyy=   -0.4207    axis=(  0.985892  0.105451  0.129987)
     H    7    Vzz=    0.4676    axis=( -0.003205  0.788343 -0.615227)
     H    7  Q=         1.0000 1e-30 m^2  Cq=         1.0986 MHz  eta= 0.79959

     C    8    Vxx=   -0.1299    axis=(  0.430212 -0.475736  0.767198)
     C    8    Vyy=   -0.3083    axis=( -0.674929 -0.733894 -0.076613)
     C    8    Vzz=    0.4382    axis=(  0.599490 -0.484844 -0.636819)
     C    8  Q=         1.0000 1e-30 m^2  Cq=         1.0297 MHz  eta= 0.40706

     H    9    Vxx=    0.0074    axis=(  0.463330  0.850127 -0.250217)
     H    9    Vyy=    0.6142    axis=( -0.794507  0.273427 -0.542214)
     H    9    Vzz=   -0.6216    axis=( -0.392535  0.450023  0.802119)
     H    9  Q=         1.0000 1e-30 m^2  Cq=        -1.4606 MHz  eta= 0.97607

     C   10    Vxx=   -0.0930    axis=( -0.846648  0.306238 -0.435207)
     C   10    Vyy=   -0.3898    axis=(  0.404489  0.901763 -0.152354)
     C   10    Vzz=    0.4828    axis=( -0.345797  0.305027  0.887346)
     C   10  Q=         1.0000 1e-30 m^2  Cq=         1.1344 MHz  eta= 0.61481

     C   11    Vxx=    0.0935    axis=(  0.247457 -0.664463 -0.705162)
     C   11    Vyy=    0.2961    axis=(  0.713275  0.617502 -0.331558)
     C   11    Vzz=   -0.3896    axis=(  0.655747 -0.420928  0.626750)
     C   11  Q=         1.0000 1e-30 m^2  Cq=        -0.9154 MHz  eta= 0.52007

     Cl  12    Vxx=    1.0575    axis=( -0.497266 -0.501193  0.708189)
     Cl  12    Vyy=    1.6310    axis=(  0.636032  0.344574  0.690458)
     Cl  12    Vzz=   -2.6884    axis=(  0.590076 -0.793772 -0.147430)
     Cl  12  Q=        -8.1650 1e-30 m^2  Cq=        51.5765 MHz  eta= 0.21334

     H   13    Vxx=   -0.1387    axis=(  0.102523 -0.546620  0.831081)
     H   13    Vyy=   -0.1610    axis=( -0.991427 -0.124191  0.040620)
     H   13    Vzz=    0.2997    axis=(  0.081009 -0.828120 -0.554666)
     H   13  Q=         1.0000 1e-30 m^2  Cq=         0.7042 MHz  eta= 0.07433

     C   14    Vxx=   -0.0303    axis=(  0.430745  0.825796  0.364033)
     C   14    Vyy=   -0.2881    axis=( -0.891150  0.452900  0.027072)
     C   14    Vzz=    0.3184    axis=( -0.142515 -0.336069  0.930992)
     C   14  Q=         1.0000 1e-30 m^2  Cq=         0.7480 MHz  eta= 0.80957

     H   15    Vxx=   -0.0039    axis=(  0.393261 -0.893847 -0.215368)
     H   15    Vyy=   -0.4870    axis=(  0.273538  0.337378 -0.900751)
     H   15    Vzz=    0.4909    axis=(  0.877794  0.295319  0.377179)
     H   15  Q=         1.0000 1e-30 m^2  Cq=         1.1534 MHz  eta= 0.98409

     C   16    Vxx=   -0.1072    axis=( -0.519507  0.768169  0.374205)
     C   16    Vyy=   -0.3296    axis=(  0.850268  0.421384  0.315405)
     C   16    Vzz=    0.4369    axis=( -0.084600 -0.482029  0.872061)
     C   16  Q=         1.0000 1e-30 m^2  Cq=         1.0265 MHz  eta= 0.50908

     C   17    Vxx=   -0.1450    axis=( -0.902411 -0.151598  0.403327)
     C   17    Vyy=   -0.3166    axis=( -0.045813 -0.896997 -0.439655)
     C   17    Vzz=    0.4616    axis=(  0.428434 -0.415227  0.802515)
     C   17  Q=         1.0000 1e-30 m^2  Cq=         1.0845 MHz  eta= 0.37182

     Cl  18    Vxx=   -0.5396    axis=( -0.529532 -0.158258  0.833397)
     Cl  18    Vyy=   -3.0785    axis=(  0.543378  0.691148  0.476502)
     Cl  18    Vzz=    3.6181    axis=(  0.651411 -0.705173  0.279991)
     Cl  18  Q=        -8.1650 1e-30 m^2  Cq=       -69.4108 MHz  eta= 0.70171

     H   19    Vxx=   -0.0107    axis=(  0.690139  0.482077  0.539732)
     H   19    Vyy=   -0.6940    axis=(  0.723101 -0.489127 -0.487730)
     H   19    Vzz=    0.7047    axis=( -0.028875 -0.726881  0.686156)
     H   19  Q=         1.0000 1e-30 m^2  Cq=         1.6558 MHz  eta= 0.96970

     C   20    Vxx=   -0.1840    axis=(  0.352193 -0.561064  0.749111)
     C   20    Vyy=   -0.5484    axis=( -0.594977 -0.752065 -0.283549)
     C   20    Vzz=    0.7324    axis=(  0.722470 -0.345840 -0.598692)
     C   20  Q=         1.0000 1e-30 m^2  Cq=         1.7208 MHz  eta= 0.49750

     H   21    Vxx=   -0.0769    axis=(  0.368672  0.895734 -0.248479)
     H   21    Vyy=   -0.7027    axis=( -0.424760  0.400103  0.812094)
     H   21    Vzz=    0.7795    axis=(  0.826837 -0.193852  0.527979)
     H   21  Q=         1.0000 1e-30 m^2  Cq=         1.8316 MHz  eta= 0.80271

     C   22    Vxx=   -0.0805    axis=(  0.452738  0.721066  0.524492)
     C   22    Vyy=   -0.1887    axis=(  0.374435 -0.687601  0.622096)
     C   22    Vzz=    0.2691    axis=( -0.809213  0.085258  0.581296)
     C   22  Q=         1.0000 1e-30 m^2  Cq=         0.6323 MHz  eta= 0.40206

     C   23    Vxx=   -0.0741    axis=(  0.474011  0.876159 -0.087521)
     C   23    Vyy=   -0.3887    axis=( -0.806014  0.391739 -0.443713)
     C   23    Vzz=    0.4627    axis=( -0.354478  0.280868  0.891885)
     C   23  Q=         1.0000 1e-30 m^2  Cq=         1.0873 MHz  eta= 0.67983

     Cl  24    Vxx=    0.4756    axis=(  0.546760  0.705404  0.451063)
     Cl  24    Vyy=    2.4372    axis=( -0.625173 -0.014416  0.780353)
     Cl  24    Vzz=   -2.9128    axis=(  0.556967 -0.708658  0.433117)
     Cl  24  Q=        -8.1650 1e-30 m^2  Cq=        55.8802 MHz  eta= 0.67343

     Initialization:
     gipaw_setup  :      9.77s CPU     12.96s WALL (       1 calls)

     Linear response

     Apply operators

     Induced current

     Other routines
     efg          :     11.94s CPU     25.12s WALL (       1 calls)

     General routines
     calbec       :      3.36s CPU      4.36s WALL (      16 calls)
     fft          :      1.40s CPU      1.87s WALL (      15 calls)
     ffts         :      0.04s CPU      0.05s WALL (       2 calls)
     fftw         :      5.79s CPU     10.48s WALL (     672 calls)
     davcio       :      0.06s CPU      7.03s WALL (      32 calls)

     Parallel routines
     fft_scatter  :      4.54s CPU      9.48s WALL (     689 calls)

     Plugins

     GIPAW        :     66.07s CPU     91.15s WALL (       1 calls)
