
     Program QE v.6.0 (svn rev. 13079) starts on 17Jan2017 at 18:49: 7 

     This program is part of the open-source Quantum ESPRESSO suite
     for quantum simulation of materials; please cite
         "P. Giannozzi et al., J. Phys.:Condens. Matter 21 395502 (2009);
          URL http://www.quantum-espresso.org", 
     in publications or presentations arising from this work. More details at
     http://www.quantum-espresso.org/quote

     Parallel version (MPI), running on     8 processors
     R & G space division:  proc/nbgrp/npool/nimage =       8

     ***** This is GIPAW svn revision unknown      *****

     Parallelizing q-star over 1 images

     Reading data from directory:
     /users/majewski/paradichlorobenzene/pbe/9_constraint/scratch/pbe.ecut100.np8.dt60.pcl2phi-129368.save
     Message from routine read_xml_file:
     file /users/majewski/paradichlorobenzene/pbe/9_constraint/scratch/pbe.ecut100.np8.dt60.pcl2phi-129368.save not guaranteed to be safe for post-processing

   Info: using nr1, nr2, nr3 values from input

   Info: using nr1, nr2, nr3 values from input

     IMPORTANT: XC functional enforced from input :
     Exchange-correlation      =  SLA  PW   PBX  PBC ( 1  4  3  4 0 0)
     Any further DFT definition will be discarded
     Please, verify this is what you really want

               file C.pbe-n-kjpaw_psl.1.0.0.UPF: wavefunction(s)  2S 2P renormalized
               file Cl.pbe-n-kjpaw_psl.1.0.0.UPF: wavefunction(s)  3S 3P renormalized
               file H.pbe-kjpaw_psl.1.0.0.UPF: wavefunction(s)  1S renormalized

     Parallelization info
     --------------------
     sticks:   dense  smooth     PW     G-vecs:    dense   smooth      PW
     Min        3057    1223    332               144436    36536    5170
     Max        3059    1225    333               144437    36537    5171
     Sum       24467    9791   2657              1155489   292295   41363


     Subspace diagonalization in iterative solution of the eigenvalue problem:
     a serial algorithm will be used

     GIPAW projectors -----------------------------------------------
     atom=  C    l=0  rc=    1.2000  rs=    0.8000
     atom=  C    l=0  rc=    1.2000  rs=    0.8000
     atom=  C    l=1  rc=    1.4000  rs=    0.9333
     atom=  C    l=1  rc=    1.4000  rs=    0.9333
     projs nearly linearly dependent: l=1  n1,n2= 1, 2  s=  0.99951561

     atom=  Cl   l=0  rc=    1.6000  rs=    1.0667
     atom=  Cl   l=0  rc=    1.6000  rs=    1.0667
     atom=  Cl   l=1  rc=    1.6000  rs=    1.0667
     atom=  Cl   l=1  rc=    1.6000  rs=    1.0667
     atom=  Cl   l=2  rc=    1.6000  rs=    1.0667
     atom=  Cl   l=2  rc=    1.6000  rs=    1.0667
     projs nearly linearly dependent: l=2  n1,n2= 1, 2  s=  0.99993509

     atom=  H    l=0  rc=    1.0000  rs=    0.6667
     atom=  H    l=0  rc=    1.0000  rs=    0.6667
     projs nearly linearly dependent: l=0  n1,n2= 1, 2  s=  0.99968852
     -----------------------------------------------------------------

     GIPAW integrals: -------------------------------------------
     Atom  i/j   nmr_para   nmr_dia   epr_rmc  epr_para   epr_dia
       C   1 1   0.83E+03  0.17E-01  0.93E+01  0.24E+08  0.24E+03
       C   2 1   0.86E+03 -0.61E-01  0.94E+01  0.25E+08  0.25E+03
       C   2 2   0.90E+03 -0.15E+00  0.97E+01  0.26E+08  0.26E+03
       C   3 3   0.33E+01  0.34E+00  0.18E+01  0.55E+03  0.21E+02
       C   4 3   0.35E+01  0.37E+00  0.20E+01  0.59E+03  0.22E+02
       C   4 4   0.38E+01  0.39E+00  0.22E+01  0.63E+03  0.24E+02
       Cl  1 1   0.14E+04 -0.47E+00  0.84E+01  0.32E+09  0.42E+03
       Cl  2 1   0.21E+04 -0.37E+00  0.12E+02  0.49E+09  0.65E+03
       Cl  2 2   0.33E+04 -0.16E+00  0.21E+02  0.76E+09  0.10E+04
       Cl  3 3   0.21E+02  0.79E-01  0.89E+01  0.23E+05  0.13E+03
       Cl  4 3   0.24E+02  0.67E-01  0.99E+01  0.27E+05  0.15E+03
       Cl  4 4   0.28E+02  0.44E-01  0.11E+02  0.32E+05  0.18E+03
       Cl  5 5   0.77E+00  0.19E+00  0.18E+01  0.12E+03  0.22E+02
       Cl  6 5   0.80E+00  0.19E+00  0.19E+01  0.12E+03  0.23E+02
       Cl  6 6   0.83E+00  0.20E+00  0.19E+01  0.12E+03  0.23E+02
       H   1 1   0.39E+02  0.19E+00  0.29E+00  0.78E+05  0.13E+02
       H   2 1   0.41E+02  0.21E+00  0.32E+00  0.82E+05  0.14E+02
       H   2 2   0.43E+02  0.22E+00  0.36E+00  0.86E+05  0.15E+02
     ------------------------------------------------------------

     alpha_pv=     33.9784 eV

     Number of occupied bands for each k-point:
     k-point:     1    nbnd_occ=  42
     k-point:     2    nbnd_occ=  42
     k-point:     3    nbnd_occ=  42
     k-point:     4    nbnd_occ=  42
     k-point:     5    nbnd_occ=  42
     k-point:     6    nbnd_occ=  42
     k-point:     7    nbnd_occ=  42
     k-point:     8    nbnd_occ=  42
     k-point:     9    nbnd_occ=  42
     k-point:    10    nbnd_occ=  42
     k-point:    11    nbnd_occ=  42
     k-point:    12    nbnd_occ=  42
     k-point:    13    nbnd_occ=  42
     k-point:    14    nbnd_occ=  42
     k-point:    15    nbnd_occ=  42
     k-point:    16    nbnd_occ=  42


     q-space interpolation up to   110.00 Rydberg

     GIPAW job: efg                                                                             


     ELECTRIC FIELD GRADIENTS TENSORS IN Hartree/bohrradius^2:

     ----- bare term -----
     Cl   1       -0.155652        0.313024       -0.011342
     Cl   1        0.313024       -0.026320       -0.067138
     Cl   1       -0.011342       -0.067138        0.181971

     C    2        0.052451       -0.149554       -0.298601
     C    2       -0.149554       -0.232938       -0.491969
     C    2       -0.298601       -0.491969        0.180487

     C    3       -0.516800        0.472930       -0.294514
     C    3        0.472930        0.134067       -0.120087
     C    3       -0.294514       -0.120087        0.382733

     H    4        0.064270       -0.022255       -0.226737
     H    4       -0.022255        0.163081       -0.510545
     H    4       -0.226737       -0.510545       -0.227351

     C    5       -0.079586       -0.336921       -0.472136
     C    5       -0.336921       -0.064293       -0.501685
     C    5       -0.472136       -0.501685        0.143879

     H    6        0.015104        0.297517        0.184963
     H    6        0.297517       -0.179085       -0.409361
     H    6        0.184963       -0.409361        0.163980

     H    7        0.393613        0.046391       -0.057319
     H    7        0.046391       -0.513582        0.588891
     H    7       -0.057319        0.588891        0.119969

     C    8       -0.734260       -0.398206       -0.403041
     C    8       -0.398206        0.406754        0.225728
     C    8       -0.403041        0.225728        0.327506

     H    9        0.040475        0.094804       -0.431879
     H    9        0.094804        0.318626       -0.194196
     H    9       -0.431879       -0.194196       -0.359101

     C   10        0.006013       -0.288505       -0.156622
     C   10       -0.288505       -0.087861        0.624206
     C   10       -0.156622        0.624206        0.081848

     C   11       -0.432981       -0.361891       -0.410415
     C   11       -0.361891        0.195685        0.299851
     C   11       -0.410415        0.299851        0.237296

     Cl  12        0.008165       -0.014971        0.006313
     Cl  12       -0.014971       -0.036027       -0.081178
     Cl  12        0.006313       -0.081178        0.027862

     H   13        0.327784       -0.080025        0.325754
     H   13       -0.080025        0.041375       -0.255435
     H   13        0.325754       -0.255435       -0.369158

     C   14       -0.624512        0.336206       -0.364899
     C   14        0.336206        0.392924       -0.105177
     C   14       -0.364899       -0.105177        0.231588

     H   15        0.166841       -0.045180       -0.323876
     H   15       -0.045180        0.274234        0.250482
     H   15       -0.323876        0.250482       -0.441075

     C   16        0.137130        0.228666       -0.038977
     C   16        0.228666       -0.132543       -0.365921
     C   16       -0.038977       -0.365921       -0.004587

     C   17       -0.379060        0.323833       -0.140705
     C   17        0.323833       -0.036062       -0.432167
     C   17       -0.140705       -0.432167        0.415123

     Cl  18        0.162248       -0.064419        0.044013
     Cl  18       -0.064419       -0.046069        0.018499
     Cl  18        0.044013        0.018499       -0.116178

     H   19        0.354351        0.368266       -0.011276
     H   19        0.368266       -0.722238        0.204038
     H   19       -0.011276        0.204038        0.367887

     C   20       -0.126744       -0.188754       -0.186053
     C   20       -0.188754        0.010752        0.474962
     C   20       -0.186053        0.474962        0.115993

     H   21       -0.414361        0.547397       -0.073493
     H   21        0.547397        0.069844       -0.043936
     H   21       -0.073493       -0.043936        0.344517

     C   22       -0.589444       -0.384442       -0.273779
     C   22       -0.384442        0.271083        0.265297
     C   22       -0.273779        0.265297        0.318361

     C   23       -0.039961        0.015082       -0.279387
     C   23        0.015082       -0.006949        0.619948
     C   23       -0.279387        0.619948        0.046910

     Cl  24       -0.090558       -0.118014        0.076119
     Cl  24       -0.118014        0.005572       -0.136397
     Cl  24        0.076119       -0.136397        0.084986

     ----- ionic term -----
     Cl   1        0.147803       -0.200198        0.060965
     Cl   1       -0.200198       -0.013220       -0.029554
     Cl   1        0.060965       -0.029554       -0.134583

     C    2        0.104576       -0.269299        0.367302
     C    2       -0.269299        0.001959        0.340409
     C    2        0.367302        0.340409       -0.106535

     C    3        0.172768       -0.313122        0.239811
     C    3       -0.313122        0.063374        0.323197
     C    3        0.239811        0.323197       -0.236142

     H    4        0.395872        0.234766        0.806977
     H    4        0.234766       -0.464888        0.262257
     H    4        0.806977        0.262257        0.069016

     C    5        0.225530       -0.250204        0.284948
     C    5       -0.250204       -0.021665        0.313173
     C    5        0.284948        0.313173       -0.203865

     H    6       -0.494505       -0.167759       -0.106433
     H    6       -0.167759        0.555821        0.742999
     H    6       -0.106433        0.742999       -0.061316

     H    7       -0.507715       -0.127759        0.070690
     H    7       -0.127759        0.775370       -0.611723
     H    7        0.070690       -0.611723       -0.267655

     C    8        0.247403        0.150295        0.354739
     C    8        0.150295        0.109002       -0.257912
     C    8        0.354739       -0.257912       -0.356405

     H    9        0.390880       -0.288095        0.781962
     H    9       -0.288095       -0.394350       -0.302981
     H    9        0.781962       -0.302981        0.003469

     C   10        0.068363        0.248300        0.260538
     C   10        0.248300        0.220645       -0.349148
     C   10        0.260538       -0.349148       -0.289008

     C   11        0.162210        0.238714        0.329883
     C   11        0.238714        0.149659       -0.336393
     C   11        0.329883       -0.336393       -0.311869

     Cl  12        0.140843        0.246085        0.056944
     Cl  12        0.246085        0.022140        0.026616
     Cl  12        0.056944        0.026616       -0.162983

     H   13       -0.539978       -0.104776       -0.050084
     H   13       -0.104776        0.452400        0.782279
     H   13       -0.050084        0.782279        0.087579

     C   14        0.150348       -0.296592        0.362672
     C   14       -0.296592       -0.065689        0.286895
     C   14        0.362672        0.286895       -0.084659

     H   15        0.313622        0.182964        0.786802
     H   15        0.182964       -0.498292        0.247228
     H   15        0.786802        0.247228        0.184670

     C   16        0.089417       -0.402987        0.190609
     C   16       -0.402987        0.019227        0.376539
     C   16        0.190609        0.376539       -0.108644

     C   17        0.152919       -0.267571        0.197438
     C   17       -0.267571       -0.059676        0.485464
     C   17        0.197438        0.485464       -0.093243

     Cl  18        0.201604       -0.219462       -0.000333
     Cl  18       -0.219462       -0.069375       -0.002370
     Cl  18       -0.000333       -0.002370       -0.132230

     H   19       -0.495894       -0.162354        0.099220
     H   19       -0.162354        0.681557       -0.655293
     H   19        0.099220       -0.655293       -0.185663

     C   20        0.251497        0.175186        0.285921
     C   20        0.175186        0.058363       -0.291231
     C   20        0.285921       -0.291231       -0.309860

     H   21        0.786387       -0.322829        0.520660
     H   21       -0.322829       -0.436963       -0.195645
     H   21        0.520660       -0.195645       -0.349424

     C   22        0.212004        0.197938        0.173616
     C   22        0.197938        0.192605       -0.341563
     C   22        0.173616       -0.341563       -0.404609

     C   23        0.185176        0.075623        0.356248
     C   23        0.075623        0.137094       -0.350350
     C   23        0.356248       -0.350350       -0.322270

     Cl  24        0.100743        0.178264        0.034436
     Cl  24        0.178264        0.042788        0.023000
     Cl  24        0.034436        0.023000       -0.143531

     ----- GIPAW term -----
     Cl   1       -1.202745       -0.445631       -0.087225
     Cl   1       -0.445631        0.321528        2.027175
     Cl   1       -0.087225        2.027175        0.881217

     C    2       -0.075655       -0.128845       -0.046373
     C    2       -0.128845        0.127074        0.146546
     C    2       -0.046373        0.146546       -0.051419

     C    3       -0.025627       -0.075680       -0.074886
     C    3       -0.075680        0.069531        0.054812
     C    3       -0.074886        0.054812       -0.043904

     H    4       -0.000000        0.000000        0.000000
     H    4        0.000000        0.000000        0.000000
     H    4        0.000000        0.000000        0.000000

     C    5        0.024418       -0.189243       -0.103082
     C    5       -0.189243        0.040671       -0.002436
     C    5       -0.103082       -0.002436       -0.065089

     H    6       -0.000000        0.000000        0.000000
     H    6        0.000000        0.000000        0.000000
     H    6        0.000000        0.000000        0.000000

     H    7       -0.000000        0.000000        0.000000
     H    7        0.000000        0.000000        0.000000
     H    7        0.000000        0.000000        0.000000

     C    8       -0.193023       -0.134369       -0.057303
     C    8       -0.134369        0.252347        0.031758
     C    8       -0.057303        0.031758       -0.059324

     H    9       -0.000000        0.000000        0.000000
     H    9        0.000000        0.000000        0.000000
     H    9        0.000000        0.000000        0.000000

     C   10       -0.094152       -0.102937       -0.054561
     C   10       -0.102937        0.159253        0.198976
     C   10       -0.054561        0.198976       -0.065101

     C   11       -0.106162       -0.073272       -0.087853
     C   11       -0.073272        0.200160        0.142887
     C   11       -0.087853        0.142887       -0.093998

     Cl  12       -0.105175        0.139002       -1.126140
     Cl  12        0.139002        0.413622        1.816696
     Cl  12       -1.126140        1.816696       -0.308447

     H   13       -0.000000        0.000000        0.000000
     H   13        0.000000        0.000000        0.000000
     H   13        0.000000        0.000000        0.000000

     C   14       -0.109480        0.126998       -0.053632
     C   14        0.126998        0.174366       -0.042540
     C   14       -0.053632       -0.042540       -0.064886

     H   15       -0.000000        0.000000        0.000000
     H   15        0.000000        0.000000        0.000000
     H   15        0.000000        0.000000        0.000000

     C   16       -0.027579        0.065038       -0.031485
     C   16        0.065038        0.057756       -0.099151
     C   16       -0.031485       -0.099151       -0.030176

     C   17       -0.040191       -0.159537        0.057091
     C   17       -0.159537        0.091223       -0.161572
     C   17        0.057091       -0.161572       -0.051032

     Cl  18        2.940284       -2.331697        0.567314
     Cl  18       -2.331697       -0.666563        0.042709
     Cl  18        0.567314        0.042709       -2.273721

     H   19       -0.000000        0.000000        0.000000
     H   19        0.000000        0.000000        0.000000
     H   19        0.000000        0.000000        0.000000

     C   20       -0.092352       -0.105974       -0.016849
     C   20       -0.105974        0.232947        0.117954
     C   20       -0.016849        0.117954       -0.140595

     H   21       -0.000000        0.000000        0.000000
     H   21        0.000000        0.000000        0.000000
     H   21        0.000000        0.000000        0.000000

     C   22       -0.194200       -0.137948       -0.074722
     C   22       -0.137948        0.267470        0.084995
     C   22       -0.074722        0.084995       -0.073270

     C   23       -0.024752        0.075930       -0.038447
     C   23        0.075930        0.206907        0.066356
     C   23       -0.038447        0.066356       -0.182154

     Cl  24        0.643180        1.200180        0.786445
     Cl  24        1.200180        0.119123       -1.250368
     Cl  24        0.786445       -1.250368       -0.762303

     ----- total EFG -----
     Cl   1       -1.210593       -0.332805       -0.037602
     Cl   1       -0.332805        0.281988        1.930483
     Cl   1       -0.037602        1.930483        0.928605

     C    2        0.081372       -0.547698        0.022328
     C    2       -0.547698       -0.103905       -0.005014
     C    2        0.022328       -0.005014        0.022533

     C    3       -0.369658        0.084127       -0.129590
     C    3        0.084127        0.266971        0.257923
     C    3       -0.129590        0.257923        0.102687

     H    4        0.460142        0.212512        0.580240
     H    4        0.212512       -0.301807       -0.248288
     H    4        0.580240       -0.248288       -0.158335

     C    5        0.170361       -0.776368       -0.290270
     C    5       -0.776368       -0.045287       -0.190948
     C    5       -0.290270       -0.190948       -0.125074

     H    6       -0.479400        0.129758        0.078530
     H    6        0.129758        0.376736        0.333638
     H    6        0.078530        0.333638        0.102664

     H    7       -0.114102       -0.081368        0.013371
     H    7       -0.081368        0.261788       -0.022832
     H    7        0.013371       -0.022832       -0.147686

     C    8       -0.679880       -0.382280       -0.105605
     C    8       -0.382280        0.768102       -0.000426
     C    8       -0.105605       -0.000426       -0.088223

     H    9        0.431355       -0.193291        0.350083
     H    9       -0.193291       -0.075723       -0.497176
     H    9        0.350083       -0.497176       -0.355632

     C   10       -0.019777       -0.143142        0.049355
     C   10       -0.143142        0.292037        0.474034
     C   10        0.049355        0.474034       -0.272260

     C   11       -0.376934       -0.196448       -0.168385
     C   11       -0.196448        0.545505        0.106346
     C   11       -0.168385        0.106346       -0.168571

     Cl  12        0.043834        0.370117       -1.062883
     Cl  12        0.370117        0.399734        1.762135
     Cl  12       -1.062883        1.762135       -0.443568

     H   13       -0.212194       -0.184801        0.275670
     H   13       -0.184801        0.493774        0.526843
     H   13        0.275670        0.526843       -0.281580

     C   14       -0.583643        0.166613       -0.055859
     C   14        0.166613        0.501601        0.139178
     C   14       -0.055859        0.139178        0.082042

     H   15        0.480463        0.137784        0.462926
     H   15        0.137784       -0.224058        0.497710
     H   15        0.462926        0.497710       -0.256405

     C   16        0.198967       -0.109282        0.120147
     C   16       -0.109282       -0.055560       -0.088533
     C   16        0.120147       -0.088533       -0.143408

     C   17       -0.266333       -0.103274        0.113823
     C   17       -0.103274       -0.004515       -0.108275
     C   17        0.113823       -0.108275        0.270848

     Cl  18        3.304136       -2.615578        0.610995
     Cl  18       -2.615578       -0.782007        0.058839
     Cl  18        0.610995        0.058839       -2.522129

     H   19       -0.141543        0.205912        0.087944
     H   19        0.205912       -0.040681       -0.451255
     H   19        0.087944       -0.451255        0.182224

     C   20        0.032401       -0.119542        0.083019
     C   20       -0.119542        0.302061        0.301685
     C   20        0.083019        0.301685       -0.334462

     H   21        0.372026        0.224568        0.447167
     H   21        0.224568       -0.367118       -0.239581
     H   21        0.447167       -0.239581       -0.004908

     C   22       -0.571640       -0.324453       -0.174886
     C   22       -0.324453        0.731158        0.008729
     C   22       -0.174886        0.008729       -0.159518

     C   23        0.120463        0.166635        0.038414
     C   23        0.166635        0.337052        0.335955
     C   23        0.038414        0.335955       -0.457515

     Cl  24        0.653366        1.260430        0.897000
     Cl  24        1.260430        0.167483       -1.363765
     Cl  24        0.897000       -1.363765       -0.820849

     ----- total EFG (symmetrized) -----
     Cl   1       -1.210593       -0.332805       -0.037602
     Cl   1       -0.332805        0.281988        1.930483
     Cl   1       -0.037602        1.930483        0.928605

     C    2        0.081372       -0.547698        0.022328
     C    2       -0.547698       -0.103905       -0.005014
     C    2        0.022328       -0.005014        0.022533

     C    3       -0.369658        0.084127       -0.129590
     C    3        0.084127        0.266971        0.257923
     C    3       -0.129590        0.257923        0.102687

     H    4        0.460142        0.212512        0.580240
     H    4        0.212512       -0.301807       -0.248288
     H    4        0.580240       -0.248288       -0.158335

     C    5        0.170361       -0.776368       -0.290270
     C    5       -0.776368       -0.045287       -0.190948
     C    5       -0.290270       -0.190948       -0.125074

     H    6       -0.479400        0.129758        0.078530
     H    6        0.129758        0.376736        0.333638
     H    6        0.078530        0.333638        0.102664

     H    7       -0.114102       -0.081368        0.013371
     H    7       -0.081368        0.261788       -0.022832
     H    7        0.013371       -0.022832       -0.147686

     C    8       -0.679880       -0.382280       -0.105605
     C    8       -0.382280        0.768102       -0.000426
     C    8       -0.105605       -0.000426       -0.088223

     H    9        0.431355       -0.193291        0.350083
     H    9       -0.193291       -0.075723       -0.497176
     H    9        0.350083       -0.497176       -0.355632

     C   10       -0.019777       -0.143142        0.049355
     C   10       -0.143142        0.292037        0.474034
     C   10        0.049355        0.474034       -0.272260

     C   11       -0.376934       -0.196448       -0.168385
     C   11       -0.196448        0.545505        0.106346
     C   11       -0.168385        0.106346       -0.168571

     Cl  12        0.043834        0.370117       -1.062883
     Cl  12        0.370117        0.399734        1.762135
     Cl  12       -1.062883        1.762135       -0.443568

     H   13       -0.212194       -0.184801        0.275670
     H   13       -0.184801        0.493774        0.526843
     H   13        0.275670        0.526843       -0.281580

     C   14       -0.583643        0.166613       -0.055859
     C   14        0.166613        0.501601        0.139178
     C   14       -0.055859        0.139178        0.082042

     H   15        0.480463        0.137784        0.462926
     H   15        0.137784       -0.224058        0.497710
     H   15        0.462926        0.497710       -0.256405

     C   16        0.198967       -0.109282        0.120147
     C   16       -0.109282       -0.055560       -0.088533
     C   16        0.120147       -0.088533       -0.143408

     C   17       -0.266333       -0.103274        0.113823
     C   17       -0.103274       -0.004515       -0.108275
     C   17        0.113823       -0.108275        0.270848

     Cl  18        3.304136       -2.615578        0.610995
     Cl  18       -2.615578       -0.782007        0.058839
     Cl  18        0.610995        0.058839       -2.522129

     H   19       -0.141543        0.205912        0.087944
     H   19        0.205912       -0.040681       -0.451255
     H   19        0.087944       -0.451255        0.182224

     C   20        0.032401       -0.119542        0.083019
     C   20       -0.119542        0.302061        0.301685
     C   20        0.083019        0.301685       -0.334462

     H   21        0.372026        0.224568        0.447167
     H   21        0.224568       -0.367118       -0.239581
     H   21        0.447167       -0.239581       -0.004908

     C   22       -0.571640       -0.324453       -0.174886
     C   22       -0.324453        0.731158        0.008729
     C   22       -0.174886        0.008729       -0.159518

     C   23        0.120463        0.166635        0.038414
     C   23        0.166635        0.337052        0.335955
     C   23        0.038414        0.335955       -0.457515

     Cl  24        0.653366        1.260430        0.897000
     Cl  24        1.260430        0.167483       -1.363765
     Cl  24        0.897000       -1.363765       -0.820849


     NQR/NMR SPECTROSCOPIC PARAMETERS:
     Cl   1    Vxx=   -1.0515    axis=( -0.793408  0.428233 -0.432575)
     Cl   1    Vyy=   -1.5269    axis=( -0.605272 -0.630261  0.486227)
     Cl   1    Vzz=    2.5784    axis=( -0.064417  0.647602  0.759251)
     Cl   1  Q=        -8.1650 1e-30 m^2  Cq=       -49.4652 MHz  eta= 0.18440

     C    2    Vxx=    0.0219    axis=( -0.018054  0.038770  0.999085)
     C    2    Vyy=    0.5450    axis=( -0.763460  0.644688 -0.038813)
     C    2    Vzz=   -0.5669    axis=( -0.645602 -0.763462  0.017960)
     C    2  Q=         1.0000 1e-30 m^2  Cq=        -1.3321 MHz  eta= 0.92262

     C    3    Vxx=   -0.0182    axis=( -0.401738 -0.546272  0.734979)
     C    3    Vyy=   -0.4374    axis=( -0.915689  0.230028 -0.329546)
     C    3    Vzz=    0.4556    axis=(  0.010956 -0.805403 -0.592626)
     C    3  Q=         1.0000 1e-30 m^2  Cq=         1.0705 MHz  eta= 0.92019

     H    4    Vxx=   -0.0683    axis=(  0.261607  0.804686 -0.532956)
     H    4    Vyy=   -0.7430    axis=( -0.432647  0.591370  0.680513)
     H    4    Vzz=    0.8113    axis=(  0.862774  0.052555  0.502852)
     H    4  Q=         1.0000 1e-30 m^2  Cq=         1.9062 MHz  eta= 0.83169

     C    5    Vxx=    0.0162    axis=( -0.192940 -0.377005  0.905893)
     C    5    Vyy=    0.8560    axis=( -0.764287  0.636726  0.102205)
     C    5    Vzz=   -0.8722    axis=( -0.615337 -0.672642 -0.410990)
     C    5  Q=         1.0000 1e-30 m^2  Cq=        -2.0493 MHz  eta= 0.96282

     H    6    Vxx=   -0.1209    axis=( -0.017978 -0.553576  0.832605)
     H    6    Vyy=   -0.5004    axis=( -0.990494  0.123445  0.060688)
     H    6    Vzz=    0.6212    axis=( -0.136376 -0.823599 -0.550533)
     H    6  Q=         1.0000 1e-30 m^2  Cq=         1.4597 MHz  eta= 0.61091

     H    7    Vxx=   -0.1276    axis=(  0.906897  0.210874  0.364787)
     H    7    Vyy=   -0.1525    axis=( -0.368842 -0.021231  0.929250)
     H    7    Vzz=    0.2801    axis=(  0.203700 -0.977283  0.058525)
     H    7  Q=         1.0000 1e-30 m^2  Cq=         0.6582 MHz  eta= 0.08864

     C    8    Vxx=   -0.0739    axis=( -0.134233 -0.060445  0.989105)
     C    8    Vyy=   -0.7896    axis=(  0.960935  0.235861  0.144824)
     C    8    Vzz=    0.8635    axis=( -0.242046  0.969905  0.026423)
     C    8  Q=         1.0000 1e-30 m^2  Cq=         2.0289 MHz  eta= 0.82892

     H    9    Vxx=    0.0091    axis=(  0.618112  0.699030 -0.359576)
     H    9    Vyy=    0.7479    axis=( -0.771467  0.451610 -0.448205)
     H    9    Vzz=   -0.7570    axis=( -0.150921  0.554442  0.818423)
     H    9  Q=         1.0000 1e-30 m^2  Cq=        -1.7787 MHz  eta= 0.97594

     C   10    Vxx=   -0.0128    axis=(  0.963811  0.043609  0.262995)
     C   10    Vyy=   -0.5658    axis=(  0.206964  0.499415 -0.841279)
     C   10    Vzz=    0.5786    axis=( -0.168031  0.865265  0.472316)
     C   10  Q=         1.0000 1e-30 m^2  Cq=         1.3595 MHz  eta= 0.95580

     C   11    Vxx=   -0.1247    axis=(  0.391531  0.255059 -0.884109)
     C   11    Vyy=   -0.4860    axis=(  0.893189  0.125595  0.431785)
     C   11    Vzz=    0.6106    axis=(  0.221171 -0.958734 -0.178641)
     C   11  Q=         1.0000 1e-30 m^2  Cq=         1.4348 MHz  eta= 0.59164

     Cl  12    Vxx=    0.4410    axis=( -0.879436 -0.442939  0.174351)
     Cl  12    Vyy=    1.8784    axis=(  0.233227 -0.720235 -0.653350)
     Cl  12    Vzz=   -2.3193    axis=(  0.414968 -0.533916  0.736705)
     Cl  12  Q=        -8.1650 1e-30 m^2  Cq=        44.4955 MHz  eta= 0.61975

     H   13    Vxx=   -0.0119    axis=(  0.851164 -0.196175  0.486862)
     H   13    Vyy=   -0.7501    axis=(  0.522933  0.397128 -0.754208)
     H   13    Vzz=    0.7620    axis=( -0.045390  0.896551  0.440608)
     H   13  Q=         1.0000 1e-30 m^2  Cq=         1.7905 MHz  eta= 0.96872

     C   14    Vxx=    0.0552    axis=( -0.147405 -0.243850  0.958545)
     C   14    Vyy=    0.5618    axis=(  0.126319  0.956554  0.262769)
     C   14    Vzz=   -0.6171    axis=( -0.980977  0.159816 -0.110198)
     C   14  Q=         1.0000 1e-30 m^2  Cq=        -1.4498 MHz  eta= 0.82100

     H   15    Vxx=   -0.0382    axis=(  0.564552 -0.709780 -0.421300)
     H   15    Vyy=   -0.7892    axis=(  0.209623  0.616979 -0.758548)
     H   15    Vzz=    0.8274    axis=(  0.798335  0.339925  0.497103)
     H   15  Q=         1.0000 1e-30 m^2  Cq=         1.9440 MHz  eta= 0.90760

     C   16    Vxx=   -0.0824    axis=(  0.456506  0.833679 -0.310775)
     C   16    Vyy=   -0.2053    axis=( -0.153241  0.417749  0.895546)
     C   16    Vzz=    0.2877    axis=(  0.876424 -0.361199  0.318459)
     C   16  Q=         1.0000 1e-30 m^2  Cq=         0.6759 MHz  eta= 0.42713

     C   17    Vxx=   -0.0297    axis=( -0.199281  0.895434  0.398101)
     C   17    Vyy=   -0.3120    axis=(  0.952648  0.272238 -0.135460)
     C   17    Vzz=    0.3417    axis=(  0.229673 -0.352255  0.907285)
     C   17  Q=         1.0000 1e-30 m^2  Cq=         0.8029 MHz  eta= 0.82634

     Cl  18    Vxx=   -1.9025    axis=( -0.362671 -0.823738 -0.435804)
     Cl  18    Vyy=   -2.7160    axis=(  0.249513  0.364739 -0.897056)
     Cl  18    Vzz=    4.6184    axis=(  0.897894 -0.434075  0.073253)
     Cl  18  Q=        -8.1650 1e-30 m^2  Cq=       -88.6026 MHz  eta= 0.17615

     H   19    Vxx=   -0.0218    axis=(  0.861151  0.339063  0.378756)
     H   19    Vyy=   -0.5191    axis=( -0.500162  0.698307  0.512059)
     H   19    Vzz=    0.5409    axis=( -0.090868 -0.630399  0.770934)
     H   19  Q=         1.0000 1e-30 m^2  Cq=         1.2708 MHz  eta= 0.91943

     C   20    Vxx=    0.0448    axis=(  0.951608  0.102406  0.289750)
     C   20    Vyy=    0.4389    axis=( -0.201610  0.919623  0.337115)
     C   20    Vzz=   -0.4837    axis=( -0.231939 -0.379218  0.895767)
     C   20  Q=         1.0000 1e-30 m^2  Cq=        -1.1364 MHz  eta= 0.81469

     H   21    Vxx=   -0.0109    axis=(  0.366193  0.667182 -0.648668)
     H   21    Vyy=   -0.6611    axis=( -0.395394  0.742592  0.540574)
     H   21    Vzz=    0.6720    axis=( -0.842358 -0.058525 -0.535732)
     H   21  Q=         1.0000 1e-30 m^2  Cq=         1.5790 MHz  eta= 0.96748

     C   22    Vxx=   -0.1095    axis=( -0.278380 -0.117336  0.953277)
     C   22    Vyy=   -0.7004    axis=( -0.931420 -0.209278 -0.297757)
     C   22    Vzz=    0.8100    axis=(  0.234437 -0.970791 -0.051030)
     C   22  Q=         1.0000 1e-30 m^2  Cq=         1.9031 MHz  eta= 0.72957

     C   23    Vxx=    0.0508    axis=(  0.923297 -0.348823 -0.160763)
     C   23    Vyy=    0.5304    axis=(  0.382795  0.870001  0.310751)
     C   23    Vzz=   -0.5812    axis=(  0.031466 -0.348455  0.936797)
     C   23  Q=         1.0000 1e-30 m^2  Cq=        -1.3656 MHz  eta= 0.82512

     Cl  24    Vxx=    0.7591    axis=(  0.547284 -0.454331  0.702897)
     Cl  24    Vyy=    1.7146    axis=( -0.717936 -0.686501  0.115261)
     Cl  24    Vzz=   -2.4737    axis=(  0.430173 -0.567715 -0.701891)
     Cl  24  Q=        -8.1650 1e-30 m^2  Cq=        47.4560 MHz  eta= 0.38628

     Initialization:
     gipaw_setup  :      9.30s CPU     11.24s WALL (       1 calls)

     Linear response

     Apply operators

     Induced current

     Other routines
     efg          :      9.36s CPU     11.51s WALL (       1 calls)

     General routines
     calbec       :      3.24s CPU      4.07s WALL (      16 calls)
     fft          :      1.58s CPU      2.40s WALL (      15 calls)
     ffts         :      0.03s CPU      0.04s WALL (       2 calls)
     fftw         :      3.26s CPU      3.93s WALL (     672 calls)
     davcio       :      0.02s CPU      0.31s WALL (      32 calls)

     Parallel routines
     fft_scatter  :      2.24s CPU      3.54s WALL (     689 calls)

     Plugins

     GIPAW        :     63.00s CPU     73.38s WALL (       1 calls)
