
     Program QE v.6.0 (svn rev. 13079) starts on  4Jan2017 at  2:28:26 

     This program is part of the open-source Quantum ESPRESSO suite
     for quantum simulation of materials; please cite
         "P. Giannozzi et al., J. Phys.:Condens. Matter 21 395502 (2009);
          URL http://www.quantum-espresso.org", 
     in publications or presentations arising from this work. More details at
     http://www.quantum-espresso.org/quote

     Parallel version (MPI), running on     8 processors
     R & G space division:  proc/nbgrp/npool/nimage =       8

     ***** This is GIPAW svn revision unknown      *****

     Parallelizing q-star over 1 images

     Reading data from directory:
     /users/majewski/paradichlorobenzene/pbe/9_constraint/scratch/pbe.ecut100.np8.dt60.pcl2phi-129368.save
     Message from routine read_xml_file:
     file /users/majewski/paradichlorobenzene/pbe/9_constraint/scratch/pbe.ecut100.np8.dt60.pcl2phi-129368.save not guaranteed to be safe for post-processing

   Info: using nr1, nr2, nr3 values from input

   Info: using nr1, nr2, nr3 values from input

     IMPORTANT: XC functional enforced from input :
     Exchange-correlation      =  SLA  PW   PBX  PBC ( 1  4  3  4 0 0)
     Any further DFT definition will be discarded
     Please, verify this is what you really want

               file C.pbe-n-kjpaw_psl.1.0.0.UPF: wavefunction(s)  2S 2P renormalized
               file Cl.pbe-n-kjpaw_psl.1.0.0.UPF: wavefunction(s)  3S 3P renormalized
               file H.pbe-kjpaw_psl.1.0.0.UPF: wavefunction(s)  1S renormalized

     Parallelization info
     --------------------
     sticks:   dense  smooth     PW     G-vecs:    dense   smooth      PW
     Min        3057    1223    332               144436    36536    5170
     Max        3059    1225    333               144437    36537    5171
     Sum       24467    9791   2657              1155489   292295   41363


     Subspace diagonalization in iterative solution of the eigenvalue problem:
     a serial algorithm will be used

     GIPAW projectors -----------------------------------------------
     atom=  C    l=0  rc=    1.2000  rs=    0.8000
     atom=  C    l=0  rc=    1.2000  rs=    0.8000
     atom=  C    l=1  rc=    1.4000  rs=    0.9333
     atom=  C    l=1  rc=    1.4000  rs=    0.9333
     projs nearly linearly dependent: l=1  n1,n2= 1, 2  s=  0.99951561

     atom=  Cl   l=0  rc=    1.6000  rs=    1.0667
     atom=  Cl   l=0  rc=    1.6000  rs=    1.0667
     atom=  Cl   l=1  rc=    1.6000  rs=    1.0667
     atom=  Cl   l=1  rc=    1.6000  rs=    1.0667
     atom=  Cl   l=2  rc=    1.6000  rs=    1.0667
     atom=  Cl   l=2  rc=    1.6000  rs=    1.0667
     projs nearly linearly dependent: l=2  n1,n2= 1, 2  s=  0.99993509

     atom=  H    l=0  rc=    1.0000  rs=    0.6667
     atom=  H    l=0  rc=    1.0000  rs=    0.6667
     projs nearly linearly dependent: l=0  n1,n2= 1, 2  s=  0.99968852
     -----------------------------------------------------------------

     GIPAW integrals: -------------------------------------------
     Atom  i/j   nmr_para   nmr_dia   epr_rmc  epr_para   epr_dia
       C   1 1   0.83E+03  0.17E-01  0.93E+01  0.24E+08  0.24E+03
       C   2 1   0.86E+03 -0.61E-01  0.94E+01  0.25E+08  0.25E+03
       C   2 2   0.90E+03 -0.15E+00  0.97E+01  0.26E+08  0.26E+03
       C   3 3   0.33E+01  0.34E+00  0.18E+01  0.55E+03  0.21E+02
       C   4 3   0.35E+01  0.37E+00  0.20E+01  0.59E+03  0.22E+02
       C   4 4   0.38E+01  0.39E+00  0.22E+01  0.63E+03  0.24E+02
       Cl  1 1   0.14E+04 -0.47E+00  0.84E+01  0.32E+09  0.42E+03
       Cl  2 1   0.21E+04 -0.37E+00  0.12E+02  0.49E+09  0.65E+03
       Cl  2 2   0.33E+04 -0.16E+00  0.21E+02  0.76E+09  0.10E+04
       Cl  3 3   0.21E+02  0.79E-01  0.89E+01  0.23E+05  0.13E+03
       Cl  4 3   0.24E+02  0.67E-01  0.99E+01  0.27E+05  0.15E+03
       Cl  4 4   0.28E+02  0.44E-01  0.11E+02  0.32E+05  0.18E+03
       Cl  5 5   0.77E+00  0.19E+00  0.18E+01  0.12E+03  0.22E+02
       Cl  6 5   0.80E+00  0.19E+00  0.19E+01  0.12E+03  0.23E+02
       Cl  6 6   0.83E+00  0.20E+00  0.19E+01  0.12E+03  0.23E+02
       H   1 1   0.39E+02  0.19E+00  0.29E+00  0.78E+05  0.13E+02
       H   2 1   0.41E+02  0.21E+00  0.32E+00  0.82E+05  0.14E+02
       H   2 2   0.43E+02  0.22E+00  0.36E+00  0.86E+05  0.15E+02
     ------------------------------------------------------------

     alpha_pv=     34.1475 eV

     Number of occupied bands for each k-point:
     k-point:     1    nbnd_occ=  42
     k-point:     2    nbnd_occ=  42
     k-point:     3    nbnd_occ=  42
     k-point:     4    nbnd_occ=  42
     k-point:     5    nbnd_occ=  42
     k-point:     6    nbnd_occ=  42
     k-point:     7    nbnd_occ=  42
     k-point:     8    nbnd_occ=  42
     k-point:     9    nbnd_occ=  42
     k-point:    10    nbnd_occ=  42
     k-point:    11    nbnd_occ=  42
     k-point:    12    nbnd_occ=  42
     k-point:    13    nbnd_occ=  42
     k-point:    14    nbnd_occ=  42
     k-point:    15    nbnd_occ=  42
     k-point:    16    nbnd_occ=  42


     q-space interpolation up to   110.00 Rydberg

     GIPAW job: efg                                                                             


     ELECTRIC FIELD GRADIENTS TENSORS IN Hartree/bohrradius^2:

     ----- bare term -----
     Cl   1        0.102592       -0.026957       -0.016924
     Cl   1       -0.026957       -0.189550        0.013686
     Cl   1       -0.016924        0.013686        0.086958

     C    2       -0.812037        0.363591       -0.294010
     C    2        0.363591        0.262742       -0.026356
     C    2       -0.294010       -0.026356        0.549295

     C    3        0.086686        0.294986       -0.027983
     C    3        0.294986       -0.484350       -0.421967
     C    3       -0.027983       -0.421967        0.397665

     H    4       -0.364475        0.007959       -0.487691
     H    4        0.007959        0.054943       -0.280059
     H    4       -0.487691       -0.280059        0.309532

     C    5       -0.919843        0.317165       -0.416661
     C    5        0.317165        0.346091       -0.000030
     C    5       -0.416661       -0.000030        0.573751

     H    6        0.374122       -0.053807       -0.118695
     H    6       -0.053807       -0.567728       -0.688432
     H    6       -0.118695       -0.688432        0.193606

     H    7        0.312127        0.189721        0.036077
     H    7        0.189721       -0.531178       -0.273093
     H    7        0.036077       -0.273093        0.219051

     C    8        0.047278        0.136066       -0.013515
     C    8        0.136066       -0.115166       -0.205896
     C    8       -0.013515       -0.205896        0.067888

     H    9       -0.273030        0.358088        0.197433
     H    9        0.358088        0.088428       -0.150302
     H    9        0.197433       -0.150302        0.184602

     C   10        0.105407       -0.042205        0.247163
     C   10       -0.042205       -0.070148       -0.199242
     C   10        0.247163       -0.199242       -0.035259

     C   11       -0.041325        0.207983       -0.274097
     C   11        0.207983       -0.057104        0.370081
     C   11       -0.274097        0.370081        0.098429

     Cl  12        0.004506       -0.275287       -0.019389
     Cl  12       -0.275287        0.051731       -0.210174
     Cl  12       -0.019389       -0.210174       -0.056237

     H   13        0.352658        0.074652        0.173432
     H   13        0.074652       -0.074181       -0.517550
     H   13        0.173432       -0.517550       -0.278477

     C   14        0.153925       -0.043175       -0.023883
     C   14       -0.043175       -0.216136       -0.270545
     C   14       -0.023883       -0.270545        0.062211

     H   15        0.125839       -0.111158       -0.342353
     H   15       -0.111158        0.410455       -0.319605
     H   15       -0.342353       -0.319605       -0.536295

     C   16       -0.388619        0.296198       -0.237803
     C   16        0.296198        0.208916       -0.043068
     C   16       -0.237803       -0.043068        0.179703

     C   17        0.192833        0.082206       -0.108625
     C   17        0.082206       -0.538411       -0.316381
     C   17       -0.108625       -0.316381        0.345578

     Cl  18       -0.037594        0.207996       -0.025157
     Cl  18        0.207996       -0.003745       -0.135022
     Cl  18       -0.025157       -0.135022        0.041339

     H   19        0.236826        0.033601       -0.226346
     H   19        0.033601       -0.329597        0.506024
     H   19       -0.226346        0.506024        0.092771

     C   20       -0.475094       -0.321798       -0.025918
     C   20       -0.321798        0.112701        0.349195
     C   20       -0.025918        0.349195        0.362393

     H   21       -0.657235       -0.042985       -0.079466
     H   21       -0.042985        0.355206        0.254875
     H   21       -0.079466        0.254875        0.302028

     C   22       -0.007217        0.116656       -0.322413
     C   22        0.116656       -0.139382        0.602375
     C   22       -0.322413        0.602375        0.146599

     C   23       -0.527710       -0.379911       -0.300958
     C   23       -0.379911        0.195055        0.329445
     C   23       -0.300958        0.329445        0.332654

     Cl  24       -0.042078        0.059066       -0.048765
     Cl  24        0.059066        0.123543        0.112594
     Cl  24       -0.048765        0.112594       -0.081466

     ----- ionic term -----
     Cl   1        0.101564       -0.207716        0.067278
     Cl   1       -0.207716        0.055985       -0.044166
     Cl   1        0.067278       -0.044166       -0.157549

     C    2        0.041960       -0.229410        0.365224
     C    2       -0.229410        0.150079        0.334144
     C    2        0.365224        0.334144       -0.192039

     C    3        0.122706       -0.284716        0.225164
     C    3       -0.284716        0.157639        0.347500
     C    3        0.225164        0.347500       -0.280344

     H    4        0.513586        0.231945        0.735730
     H    4        0.231945       -0.428455        0.219253
     H    4        0.735730        0.219253       -0.085130

     C    5        0.247154       -0.219306        0.310752
     C    5       -0.219306       -0.001127        0.297555
     C    5        0.310752        0.297555       -0.246027

     H    6       -0.519578        0.009190       -0.003435
     H    6        0.009190        0.491137        0.774939
     H    6       -0.003435        0.774939        0.028441

     H    7       -0.512403       -0.110609        0.016004
     H    7       -0.110609        0.978629       -0.422570
     H    7        0.016004       -0.422570       -0.466226

     C    8        0.390844        0.132303        0.083199
     C    8        0.132303        0.188349       -0.234528
     C    8        0.083199       -0.234528       -0.579193

     H    9        0.898188       -0.325818        0.440488
     H    9       -0.325818       -0.399416       -0.160287
     H    9        0.440488       -0.160287       -0.498772

     C   10        0.244484        0.144280        0.103485
     C   10        0.144280        0.303667       -0.324676
     C   10        0.103485       -0.324676       -0.548152

     C   11        0.281261       -0.002362        0.189721
     C   11       -0.002362        0.251602       -0.354586
     C   11        0.189721       -0.354586       -0.532862

     Cl  12        0.141714        0.175082       -0.014536
     Cl  12        0.175082        0.017036       -0.024528
     Cl  12       -0.014536       -0.024528       -0.158750

     H   13       -0.535020       -0.036686        0.009731
     H   13       -0.036686        0.621925        0.718611
     H   13        0.009731        0.718611       -0.086906

     C   14        0.151970       -0.223517        0.303725
     C   14       -0.223517        0.039860        0.299194
     C   14        0.303725        0.299194       -0.191830

     H   15        0.501639        0.293722        0.756028
     H   15        0.293722       -0.449820        0.284743
     H   15        0.756028        0.284743       -0.051818

     C   16        0.061676       -0.264106        0.185217
     C   16       -0.264106        0.166857        0.436176
     C   16        0.185217        0.436176       -0.228533

     C   17        0.199451       -0.244865        0.281829
     C   17       -0.244865        0.042299        0.428278
     C   17        0.281829        0.428278       -0.241750

     Cl  18        0.163752       -0.215818        0.009759
     Cl  18       -0.215818       -0.017667       -0.002991
     Cl  18        0.009759       -0.002991       -0.146085

     H   19       -0.512271       -0.099316        0.045311
     H   19       -0.099316        0.793301       -0.608014
     H   19        0.045311       -0.608014       -0.281030

     C   20        0.382602        0.149413        0.128920
     C   20        0.149413        0.131310       -0.318314
     C   20        0.128920       -0.318314       -0.513912

     H   21        0.766269       -0.390850        0.478316
     H   21       -0.390850       -0.355109       -0.215795
     H   21        0.478316       -0.215795       -0.411160

     C   22        0.245385        0.211072        0.072757
     C   22        0.211072        0.261453       -0.362532
     C   22        0.072757       -0.362532       -0.506838

     C   23        0.342296        0.082988        0.122993
     C   23        0.082988        0.191870       -0.309808
     C   23        0.122993       -0.309808       -0.534166

     Cl  24        0.144852        0.229616       -0.000062
     Cl  24        0.229616        0.000771       -0.003588
     Cl  24       -0.000062       -0.003588       -0.145623

     ----- GIPAW term -----
     Cl   1        0.197313        0.200857       -0.077926
     Cl   1        0.200857        2.002418       -0.012410
     Cl   1       -0.077926       -0.012410       -2.199731

     C    2       -0.166276        0.003381       -0.006110
     C    2        0.003381        0.060639        0.173515
     C    2       -0.006110        0.173515        0.105637

     C    3       -0.102264        0.065338        0.053678
     C    3        0.065338        0.028169        0.184296
     C    3        0.053678        0.184296        0.074095

     H    4       -0.000000        0.000000        0.000000
     H    4        0.000000        0.000000        0.000000
     H    4        0.000000        0.000000        0.000000

     C    5       -0.200663        0.058951        0.008201
     C    5        0.058951        0.061590        0.175283
     C    5        0.008201        0.175283        0.139072

     H    6       -0.000000        0.000000        0.000000
     H    6        0.000000        0.000000        0.000000
     H    6        0.000000        0.000000        0.000000

     H    7       -0.000000        0.000000        0.000000
     H    7        0.000000        0.000000        0.000000
     H    7        0.000000        0.000000        0.000000

     C    8        0.020365        0.014768        0.012913
     C    8        0.014768       -0.004845       -0.028716
     C    8        0.012913       -0.028716       -0.015520

     H    9       -0.000000        0.000000        0.000000
     H    9        0.000000        0.000000        0.000000
     H    9        0.000000        0.000000        0.000000

     C   10        0.023697        0.010030        0.023398
     C   10        0.010030        0.006998       -0.037879
     C   10        0.023398       -0.037879       -0.030695

     C   11       -0.020497        0.064160       -0.008791
     C   11        0.064160       -0.004631        0.085496
     C   11       -0.008791        0.085496        0.025127

     Cl  12       -0.773707        0.373877        0.030051
     Cl  12        0.373877       -0.402171        1.234062
     Cl  12        0.030051        1.234062        1.175878

     H   13       -0.000000        0.000000        0.000000
     H   13        0.000000        0.000000        0.000000
     H   13        0.000000        0.000000        0.000000

     C   14       -0.011614       -0.035687        0.002568
     C   14       -0.035687       -0.025572        0.068045
     C   14        0.002568        0.068045        0.037186

     H   15       -0.000000        0.000000        0.000000
     H   15        0.000000        0.000000        0.000000
     H   15        0.000000        0.000000        0.000000

     C   16       -0.092848        0.002126       -0.055429
     C   16        0.002126       -0.004361        0.052934
     C   16       -0.055429        0.052934        0.097209

     C   17       -0.039652       -0.036158        0.021052
     C   17       -0.036158       -0.078165        0.120050
     C   17        0.021052        0.120050        0.117818

     Cl  18       -0.843592       -0.333224        0.467882
     Cl  18       -0.333224       -0.270321        1.609630
     Cl  18        0.467882        1.609630        1.113913

     H   19       -0.000000        0.000000        0.000000
     H   19        0.000000        0.000000        0.000000
     H   19        0.000000        0.000000        0.000000

     C   20       -0.062724        0.128740        0.103247
     C   20        0.128740        0.110006        0.138285
     C   20        0.103247        0.138285       -0.047281

     H   21       -0.000000        0.000000        0.000000
     H   21        0.000000        0.000000        0.000000
     H   21        0.000000        0.000000        0.000000

     C   22       -0.047357        0.177638       -0.082587
     C   22        0.177638        0.142028        0.046218
     C   22       -0.082587        0.046218       -0.094670

     C   23       -0.150072        0.017592       -0.033552
     C   23        0.017592        0.225878        0.158025
     C   23       -0.033552        0.158025       -0.075806

     Cl  24        0.386383        2.342505       -0.168575
     Cl  24        2.342505        1.607161        1.277123
     Cl  24       -0.168575        1.277123       -1.993544

     ----- total EFG -----
     Cl   1        0.401468       -0.033816       -0.027572
     Cl   1       -0.033816        1.868853       -0.042890
     Cl   1       -0.027572       -0.042890       -2.270322

     C    2       -0.936353        0.137563        0.065104
     C    2        0.137563        0.473460        0.481302
     C    2        0.065104        0.481302        0.462893

     C    3        0.107128        0.075608        0.250859
     C    3        0.075608       -0.298543        0.109829
     C    3        0.250859        0.109829        0.191415

     H    4        0.149111        0.239904        0.248039
     H    4        0.239904       -0.373512       -0.060805
     H    4        0.248039       -0.060805        0.224402

     C    5       -0.873351        0.156809       -0.097709
     C    5        0.156809        0.406554        0.472807
     C    5       -0.097709        0.472807        0.466797

     H    6       -0.145456       -0.044617       -0.122130
     H    6       -0.044617       -0.076592        0.086507
     H    6       -0.122130        0.086507        0.222047

     H    7       -0.200276        0.079112        0.052081
     H    7        0.079112        0.447451       -0.695663
     H    7        0.052081       -0.695663       -0.247175

     C    8        0.458487        0.283137        0.082597
     C    8        0.283137        0.068338       -0.469140
     C    8        0.082597       -0.469140       -0.526824

     H    9        0.625158        0.032269        0.637922
     H    9        0.032269       -0.310988       -0.310589
     H    9        0.637922       -0.310589       -0.314170

     C   10        0.373588        0.112105        0.374045
     C   10        0.112105        0.240517       -0.561796
     C   10        0.374045       -0.561796       -0.614105

     C   11        0.219439        0.269780       -0.093167
     C   11        0.269780        0.189867        0.100992
     C   11       -0.093167        0.100992       -0.409306

     Cl  12       -0.627486        0.273672       -0.003875
     Cl  12        0.273672       -0.333404        0.999361
     Cl  12       -0.003875        0.999361        0.960891

     H   13       -0.182362        0.037966        0.183162
     H   13        0.037966        0.547744        0.201061
     H   13        0.183162        0.201061       -0.365382

     C   14        0.294280       -0.302379        0.282410
     C   14       -0.302379       -0.201848        0.096694
     C   14        0.282410        0.096694       -0.092432

     H   15        0.627478        0.182565        0.413675
     H   15        0.182565       -0.039365       -0.034862
     H   15        0.413675       -0.034862       -0.588113

     C   16       -0.419791        0.034218       -0.108015
     C   16        0.034218        0.371412        0.446043
     C   16       -0.108015        0.446043        0.048380

     C   17        0.352631       -0.198817        0.194256
     C   17       -0.198817       -0.574277        0.231947
     C   17        0.194256        0.231947        0.221646

     Cl  18       -0.717434       -0.341046        0.452485
     Cl  18       -0.341046       -0.291733        1.471616
     Cl  18        0.452485        1.471616        1.009168

     H   19       -0.275445       -0.065714       -0.181035
     H   19       -0.065714        0.463704       -0.101990
     H   19       -0.181035       -0.101990       -0.188259

     C   20       -0.155217       -0.043645        0.206249
     C   20       -0.043645        0.354017        0.169166
     C   20        0.206249        0.169166       -0.198800

     H   21        0.109035       -0.433834        0.398850
     H   21       -0.433834        0.000097        0.039081
     H   21        0.398850        0.039081       -0.109132

     C   22        0.190811        0.505367       -0.332243
     C   22        0.505367        0.264098        0.286061
     C   22       -0.332243        0.286061       -0.454909

     C   23       -0.335485       -0.279331       -0.211517
     C   23       -0.279331        0.612803        0.177662
     C   23       -0.211517        0.177662       -0.277318

     Cl  24        0.489157        2.631187       -0.217402
     Cl  24        2.631187        1.731475        1.386129
     Cl  24       -0.217402        1.386129       -2.220632

     ----- total EFG (symmetrized) -----
     Cl   1        0.401468       -0.033816       -0.027572
     Cl   1       -0.033816        1.868853       -0.042890
     Cl   1       -0.027572       -0.042890       -2.270322

     C    2       -0.936353        0.137563        0.065104
     C    2        0.137563        0.473460        0.481302
     C    2        0.065104        0.481302        0.462893

     C    3        0.107128        0.075608        0.250859
     C    3        0.075608       -0.298543        0.109829
     C    3        0.250859        0.109829        0.191415

     H    4        0.149111        0.239904        0.248039
     H    4        0.239904       -0.373512       -0.060805
     H    4        0.248039       -0.060805        0.224402

     C    5       -0.873351        0.156809       -0.097709
     C    5        0.156809        0.406554        0.472807
     C    5       -0.097709        0.472807        0.466797

     H    6       -0.145456       -0.044617       -0.122130
     H    6       -0.044617       -0.076592        0.086507
     H    6       -0.122130        0.086507        0.222047

     H    7       -0.200276        0.079112        0.052081
     H    7        0.079112        0.447451       -0.695663
     H    7        0.052081       -0.695663       -0.247175

     C    8        0.458487        0.283137        0.082597
     C    8        0.283137        0.068338       -0.469140
     C    8        0.082597       -0.469140       -0.526824

     H    9        0.625158        0.032269        0.637922
     H    9        0.032269       -0.310988       -0.310589
     H    9        0.637922       -0.310589       -0.314170

     C   10        0.373588        0.112105        0.374045
     C   10        0.112105        0.240517       -0.561796
     C   10        0.374045       -0.561796       -0.614105

     C   11        0.219439        0.269780       -0.093167
     C   11        0.269780        0.189867        0.100992
     C   11       -0.093167        0.100992       -0.409306

     Cl  12       -0.627486        0.273672       -0.003875
     Cl  12        0.273672       -0.333404        0.999361
     Cl  12       -0.003875        0.999361        0.960891

     H   13       -0.182362        0.037966        0.183162
     H   13        0.037966        0.547744        0.201061
     H   13        0.183162        0.201061       -0.365382

     C   14        0.294280       -0.302379        0.282410
     C   14       -0.302379       -0.201848        0.096694
     C   14        0.282410        0.096694       -0.092432

     H   15        0.627478        0.182565        0.413675
     H   15        0.182565       -0.039365       -0.034862
     H   15        0.413675       -0.034862       -0.588113

     C   16       -0.419791        0.034218       -0.108015
     C   16        0.034218        0.371412        0.446043
     C   16       -0.108015        0.446043        0.048380

     C   17        0.352631       -0.198817        0.194256
     C   17       -0.198817       -0.574277        0.231947
     C   17        0.194256        0.231947        0.221646

     Cl  18       -0.717434       -0.341046        0.452485
     Cl  18       -0.341046       -0.291733        1.471616
     Cl  18        0.452485        1.471616        1.009168

     H   19       -0.275445       -0.065714       -0.181035
     H   19       -0.065714        0.463704       -0.101990
     H   19       -0.181035       -0.101990       -0.188259

     C   20       -0.155217       -0.043645        0.206249
     C   20       -0.043645        0.354017        0.169166
     C   20        0.206249        0.169166       -0.198800

     H   21        0.109035       -0.433834        0.398850
     H   21       -0.433834        0.000097        0.039081
     H   21        0.398850        0.039081       -0.109132

     C   22        0.190811        0.505367       -0.332243
     C   22        0.505367        0.264098        0.286061
     C   22       -0.332243        0.286061       -0.454909

     C   23       -0.335485       -0.279331       -0.211517
     C   23       -0.279331        0.612803        0.177662
     C   23       -0.211517        0.177662       -0.277318

     Cl  24        0.489157        2.631187       -0.217402
     Cl  24        2.631187        1.731475        1.386129
     Cl  24       -0.217402        1.386129       -2.220632


     NQR/NMR SPECTROSCOPIC PARAMETERS:
     Cl   1    Vxx=    0.4010    axis=(  0.999685  0.022718 -0.010683)
     Cl   1    Vyy=    1.8701    axis=( -0.022827  0.999687 -0.010204)
     Cl   1    Vzz=   -2.2711    axis=(  0.010448  0.010444  0.999891)
     Cl   1  Q=        -8.1650 1e-30 m^2  Cq=        43.5691 MHz  eta= 0.64687

     C    2    Vxx=   -0.0105    axis=( -0.053175 -0.696543  0.715542)
     C    2    Vyy=   -0.9499    axis=( -0.995720  0.091225  0.014806)
     C    2    Vzz=    0.9604    axis=( -0.075588 -0.711692 -0.698413)
     C    2  Q=         1.0000 1e-30 m^2  Cq=         2.2565 MHz  eta= 0.97820

     C    3    Vxx=   -0.1043    axis=(  0.771806 -0.057639 -0.633241)
     C    3    Vyy=   -0.3236    axis=( -0.070373  0.982022 -0.175158)
     C    3    Vzz=    0.4279    axis=(  0.631952  0.179751  0.753874)
     C    3  Q=         1.0000 1e-30 m^2  Cq=         1.0054 MHz  eta= 0.51230

     H    4    Vxx=    0.0451    axis=( -0.594661 -0.438693  0.673741)
     H    4    Vyy=    0.4542    axis=(  0.691469  0.148474  0.706984)
     H    4    Vzz=   -0.4993    axis=(  0.410182 -0.886287 -0.215051)
     H    4  Q=         1.0000 1e-30 m^2  Cq=        -1.1731 MHz  eta= 0.81947

     C    5    Vxx=    0.0004    axis=( -0.202741 -0.708576  0.675882)
     C    5    Vyy=    0.9112    axis=( -0.020594 -0.686979 -0.726386)
     C    5    Vzz=   -0.9116    axis=( -0.979016  0.161187 -0.124686)
     C    5  Q=         1.0000 1e-30 m^2  Cq=        -2.1419 MHz  eta= 0.99906

     H    6    Vxx=   -0.0985    axis=(  0.117986 -0.946488  0.300398)
     H    6    Vyy=   -0.1859    axis=( -0.950112 -0.195558 -0.242988)
     H    6    Vzz=    0.2844    axis=( -0.288731  0.256743  0.922344)
     H    6  Q=         1.0000 1e-30 m^2  Cq=         0.6681 MHz  eta= 0.30732

     H    7    Vxx=   -0.1867    axis=(  0.984347  0.059273  0.165976)
     H    7    Vyy=   -0.6924    axis=( -0.172295  0.521837  0.835464)
     H    7    Vzz=    0.8792    axis=( -0.037092 -0.850984  0.523881)
     H    7  Q=         1.0000 1e-30 m^2  Cq=         2.0657 MHz  eta= 0.57521

     C    8    Vxx=    0.1885    axis=( -0.548001  0.669042 -0.502073)
     C    8    Vyy=    0.6315    axis=( -0.819861 -0.548647  0.163754)
     C    8    Vzz=   -0.8199    axis=( -0.165902  0.501368  0.849180)
     C    8  Q=         1.0000 1e-30 m^2  Cq=        -1.9266 MHz  eta= 0.54025

     H    9    Vxx=   -0.1481    axis=(  0.307988  0.855333 -0.416592)
     H    9    Vyy=   -0.8098    axis=( -0.358985  0.509988  0.781692)
     H    9    Vzz=    0.9579    axis=(  0.881064 -0.091201  0.464122)
     H    9  Q=         1.0000 1e-30 m^2  Cq=         2.2506 MHz  eta= 0.69078

     C   10    Vxx=    0.4343    axis=(  0.770305  0.634345 -0.065093)
     C   10    Vyy=    0.5664    axis=( -0.577596  0.650830 -0.492751)
     C   10    Vzz=   -1.0007    axis=( -0.270210  0.417166  0.867732)
     C   10  Q=         1.0000 1e-30 m^2  Cq=        -2.3512 MHz  eta= 0.13198

     C   11    Vxx=   -0.0174    axis=( -0.649645  0.684493  0.330804)
     C   11    Vyy=   -0.4575    axis=(  0.226121 -0.241464  0.943697)
     C   11    Vzz=    0.4748    axis=( -0.725831 -0.687870 -0.002087)
     C   11  Q=         1.0000 1e-30 m^2  Cq=         1.1157 MHz  eta= 0.92683

     Cl  12    Vxx=   -0.4856    axis=(  0.848937  0.435875 -0.298864)
     Cl  12    Vyy=   -1.0264    axis=( -0.525066  0.759924 -0.383172)
     Cl  12    Vzz=    1.5120    axis=(  0.060099  0.482212  0.873991)
     Cl  12  Q=        -8.1650 1e-30 m^2  Cq=       -29.0071 MHz  eta= 0.35766

     H   13    Vxx=   -0.0962    axis=(  0.872128 -0.191943  0.450057)
     H   13    Vyy=   -0.5013    axis=(  0.479109  0.148465 -0.865108)
     H   13    Vzz=    0.5975    axis=(  0.099234  0.970111  0.221442)
     H   13  Q=         1.0000 1e-30 m^2  Cq=         1.4039 MHz  eta= 0.67801

     C   14    Vxx=   -0.0437    axis=( -0.082250  0.629601  0.772553)
     C   14    Vyy=   -0.4752    axis=(  0.471293  0.707597 -0.526488)
     C   14    Vzz=    0.5189    axis=(  0.878133 -0.320796  0.354926)
     C   14  Q=         1.0000 1e-30 m^2  Cq=         1.2192 MHz  eta= 0.83157

     H   15    Vxx=   -0.0608    axis=( -0.148966  0.972108 -0.181148)
     H   15    Vyy=   -0.7269    axis=(  0.305544 -0.128977 -0.943402)
     H   15    Vzz=    0.7877    axis=( -0.940453 -0.195883 -0.277809)
     H   15  Q=         1.0000 1e-30 m^2  Cq=         1.8508 MHz  eta= 0.84551

     C   16    Vxx=   -0.2093    axis=( -0.454533 -0.525569  0.719150)
     C   16    Vyy=   -0.4760    axis=( -0.890186  0.239832 -0.387361)
     C   16    Vzz=    0.6853    axis=(  0.031110 -0.816246 -0.576866)
     C   16  Q=         1.0000 1e-30 m^2  Cq=         1.6103 MHz  eta= 0.38913

     C   17    Vxx=    0.2012    axis=( -0.516294  0.364189  0.775117)
     C   17    Vyy=    0.4930    axis=( -0.825070  0.031089 -0.564174)
     C   17    Vzz=   -0.6942    axis=(  0.229564  0.930806 -0.284431)
     C   17  Q=         1.0000 1e-30 m^2  Cq=        -1.6311 MHz  eta= 0.42023

     Cl  18    Vxx=   -0.3996    axis=(  0.845510 -0.481304  0.231212)
     Cl  18    Vyy=   -1.5824    axis=(  0.528848  0.695068 -0.487033)
     Cl  18    Vzz=    1.9819    axis=(  0.073703  0.534067  0.842223)
     Cl  18  Q=        -8.1650 1e-30 m^2  Cq=       -38.0225 MHz  eta= 0.59680

     H   19    Vxx=   -0.0485    axis=(  0.634587 -0.071811 -0.769508)
     H   19    Vyy=   -0.4328    axis=(  0.771011  0.127495  0.623929)
     H   19    Vzz=    0.4813    axis=( -0.053304  0.989236 -0.136274)
     H   19  Q=         1.0000 1e-30 m^2  Cq=         1.1309 MHz  eta= 0.79853

     C   20    Vxx=    0.0141    axis=( -0.777782  0.197153 -0.596813)
     C   20    Vyy=    0.4021    axis=(  0.028446  0.959600  0.279925)
     C   20    Vzz=   -0.4162    axis=( -0.627890 -0.200744  0.751968)
     C   20  Q=         1.0000 1e-30 m^2  Cq=        -0.9779 MHz  eta= 0.93221

     H   21    Vxx=   -0.0190    axis=( -0.094998 -0.688785 -0.718714)
     H   21    Vyy=   -0.5909    axis=( -0.642155 -0.509279  0.572950)
     H   21    Vzz=    0.6099    axis=( -0.760666  0.515955 -0.393926)
     H   21  Q=         1.0000 1e-30 m^2  Cq=         1.4329 MHz  eta= 0.93782

     C   22    Vxx=    0.0796    axis=( -0.555324  0.538742  0.633540)
     C   22    Vyy=    0.7344    axis=( -0.686265 -0.727158  0.016812)
     C   22    Vzz=   -0.8140    axis=(  0.469741 -0.425440  0.773528)
     C   22  Q=         1.0000 1e-30 m^2  Cq=        -1.9126 MHz  eta= 0.80449

     C   23    Vxx=   -0.2111    axis=( -0.532967 -0.347078  0.771676)
     C   23    Vyy=   -0.5296    axis=( -0.796473 -0.102063 -0.595999)
     C   23    Vzz=    0.7407    axis=( -0.285618  0.932266  0.222041)
     C   23  Q=         1.0000 1e-30 m^2  Cq=         1.7403 MHz  eta= 0.42989

     Cl  24    Vxx=   -0.8939    axis=(  0.714764 -0.421813 -0.557841)
     Cl  24    Vyy=   -3.0711    axis=(  0.375762 -0.441100  0.815005)
     Cl  24    Vzz=    3.9650    axis=( -0.589843 -0.792152 -0.156781)
     Cl  24  Q=        -8.1650 1e-30 m^2  Cq=       -76.0669 MHz  eta= 0.54908

     Initialization:
     gipaw_setup  :      9.34s CPU     11.09s WALL (       1 calls)

     Linear response

     Apply operators

     Induced current

     Other routines
     efg          :      9.12s CPU     11.44s WALL (       1 calls)

     General routines
     calbec       :      3.24s CPU      4.21s WALL (      16 calls)
     fft          :      1.52s CPU      2.24s WALL (      15 calls)
     ffts         :      0.04s CPU      0.05s WALL (       2 calls)
     fftw         :      3.18s CPU      3.94s WALL (     672 calls)
     davcio       :      0.01s CPU      0.33s WALL (      32 calls)

     Parallel routines
     fft_scatter  :      2.17s CPU      3.46s WALL (     689 calls)

     Plugins

     GIPAW        :     60.94s CPU     72.94s WALL (       1 calls)
