
     Program QE v.6.0 (svn rev. 13079) starts on 17Dec2016 at 23:10:11 

     This program is part of the open-source Quantum ESPRESSO suite
     for quantum simulation of materials; please cite
         "P. Giannozzi et al., J. Phys.:Condens. Matter 21 395502 (2009);
          URL http://www.quantum-espresso.org", 
     in publications or presentations arising from this work. More details at
     http://www.quantum-espresso.org/quote

     Parallel version (MPI), running on     8 processors
     R & G space division:  proc/nbgrp/npool/nimage =       8

     ***** This is GIPAW svn revision unknown      *****

     Parallelizing q-star over 1 images

     Reading data from directory:
     /users/majewski/paradichlorobenzene/pbe/9_constraint/scratch/pbe.ecut100.np8.dt60.pcl2phi-129368.save
     Message from routine read_xml_file:
     file /users/majewski/paradichlorobenzene/pbe/9_constraint/scratch/pbe.ecut100.np8.dt60.pcl2phi-129368.save not guaranteed to be safe for post-processing

   Info: using nr1, nr2, nr3 values from input

   Info: using nr1, nr2, nr3 values from input

     IMPORTANT: XC functional enforced from input :
     Exchange-correlation      =  SLA  PW   PBX  PBC ( 1  4  3  4 0 0)
     Any further DFT definition will be discarded
     Please, verify this is what you really want

               file C.pbe-n-kjpaw_psl.1.0.0.UPF: wavefunction(s)  2S 2P renormalized
               file Cl.pbe-n-kjpaw_psl.1.0.0.UPF: wavefunction(s)  3S 3P renormalized
               file H.pbe-kjpaw_psl.1.0.0.UPF: wavefunction(s)  1S renormalized

     Parallelization info
     --------------------
     sticks:   dense  smooth     PW     G-vecs:    dense   smooth      PW
     Min        3057    1223    332               144436    36536    5170
     Max        3059    1225    333               144437    36537    5171
     Sum       24467    9791   2657              1155489   292295   41363


     Subspace diagonalization in iterative solution of the eigenvalue problem:
     a serial algorithm will be used

     GIPAW projectors -----------------------------------------------
     atom=  C    l=0  rc=    1.2000  rs=    0.8000
     atom=  C    l=0  rc=    1.2000  rs=    0.8000
     atom=  C    l=1  rc=    1.4000  rs=    0.9333
     atom=  C    l=1  rc=    1.4000  rs=    0.9333
     projs nearly linearly dependent: l=1  n1,n2= 1, 2  s=  0.99951561

     atom=  Cl   l=0  rc=    1.6000  rs=    1.0667
     atom=  Cl   l=0  rc=    1.6000  rs=    1.0667
     atom=  Cl   l=1  rc=    1.6000  rs=    1.0667
     atom=  Cl   l=1  rc=    1.6000  rs=    1.0667
     atom=  Cl   l=2  rc=    1.6000  rs=    1.0667
     atom=  Cl   l=2  rc=    1.6000  rs=    1.0667
     projs nearly linearly dependent: l=2  n1,n2= 1, 2  s=  0.99993509

     atom=  H    l=0  rc=    1.0000  rs=    0.6667
     atom=  H    l=0  rc=    1.0000  rs=    0.6667
     projs nearly linearly dependent: l=0  n1,n2= 1, 2  s=  0.99968852
     -----------------------------------------------------------------

     GIPAW integrals: -------------------------------------------
     Atom  i/j   nmr_para   nmr_dia   epr_rmc  epr_para   epr_dia
       C   1 1   0.83E+03  0.17E-01  0.93E+01  0.24E+08  0.24E+03
       C   2 1   0.86E+03 -0.61E-01  0.94E+01  0.25E+08  0.25E+03
       C   2 2   0.90E+03 -0.15E+00  0.97E+01  0.26E+08  0.26E+03
       C   3 3   0.33E+01  0.34E+00  0.18E+01  0.55E+03  0.21E+02
       C   4 3   0.35E+01  0.37E+00  0.20E+01  0.59E+03  0.22E+02
       C   4 4   0.38E+01  0.39E+00  0.22E+01  0.63E+03  0.24E+02
       Cl  1 1   0.14E+04 -0.47E+00  0.84E+01  0.32E+09  0.42E+03
       Cl  2 1   0.21E+04 -0.37E+00  0.12E+02  0.49E+09  0.65E+03
       Cl  2 2   0.33E+04 -0.16E+00  0.21E+02  0.76E+09  0.10E+04
       Cl  3 3   0.21E+02  0.79E-01  0.89E+01  0.23E+05  0.13E+03
       Cl  4 3   0.24E+02  0.67E-01  0.99E+01  0.27E+05  0.15E+03
       Cl  4 4   0.28E+02  0.44E-01  0.11E+02  0.32E+05  0.18E+03
       Cl  5 5   0.77E+00  0.19E+00  0.18E+01  0.12E+03  0.22E+02
       Cl  6 5   0.80E+00  0.19E+00  0.19E+01  0.12E+03  0.23E+02
       Cl  6 6   0.83E+00  0.20E+00  0.19E+01  0.12E+03  0.23E+02
       H   1 1   0.39E+02  0.19E+00  0.29E+00  0.78E+05  0.13E+02
       H   2 1   0.41E+02  0.21E+00  0.32E+00  0.82E+05  0.14E+02
       H   2 2   0.43E+02  0.22E+00  0.36E+00  0.86E+05  0.15E+02
     ------------------------------------------------------------

     alpha_pv=     34.0251 eV

     Number of occupied bands for each k-point:
     k-point:     1    nbnd_occ=  42
     k-point:     2    nbnd_occ=  42
     k-point:     3    nbnd_occ=  42
     k-point:     4    nbnd_occ=  42
     k-point:     5    nbnd_occ=  42
     k-point:     6    nbnd_occ=  42
     k-point:     7    nbnd_occ=  42
     k-point:     8    nbnd_occ=  42
     k-point:     9    nbnd_occ=  42
     k-point:    10    nbnd_occ=  42
     k-point:    11    nbnd_occ=  42
     k-point:    12    nbnd_occ=  42
     k-point:    13    nbnd_occ=  42
     k-point:    14    nbnd_occ=  42
     k-point:    15    nbnd_occ=  42
     k-point:    16    nbnd_occ=  42


     q-space interpolation up to   110.00 Rydberg

     GIPAW job: efg                                                                             


     ELECTRIC FIELD GRADIENTS TENSORS IN Hartree/bohrradius^2:

     ----- bare term -----
     Cl   1       -0.036928        0.040780       -0.030449
     Cl   1        0.040780        0.086474       -0.047396
     Cl   1       -0.030449       -0.047396       -0.049546

     C    2       -0.204497        0.314282       -0.136384
     C    2        0.314282       -0.192785       -0.428248
     C    2       -0.136384       -0.428248        0.397282

     C    3       -0.067278        0.231418       -0.197722
     C    3        0.231418       -0.100597       -0.594481
     C    3       -0.197722       -0.594481        0.167875

     H    4        0.068918       -0.112005       -0.384621
     H    4       -0.112005        0.439588        0.096351
     H    4       -0.384621        0.096351       -0.508505

     C    5       -0.545511        0.280462       -0.258851
     C    5        0.280462        0.329088       -0.089422
     C    5       -0.258851       -0.089422        0.216423

     H    6        0.354739       -0.069232        0.316951
     H    6       -0.069232        0.088976       -0.209911
     H    6        0.316951       -0.209911       -0.443715

     H    7        0.471194        0.168197        0.002606
     H    7        0.168197       -0.805286       -0.007978
     H    7        0.002606       -0.007978        0.334092

     C    8       -0.209931       -0.144140       -0.258781
     C    8       -0.144140        0.012602        0.532223
     C    8       -0.258781        0.532223        0.197329

     H    9       -0.161415        0.407822       -0.379482
     H    9        0.407822       -0.147434        0.272555
     H    9       -0.379482        0.272555        0.308849

     C   10       -0.642573       -0.379153       -0.255975
     C   10       -0.379153        0.290981        0.274186
     C   10       -0.255975        0.274186        0.351592

     C   11        0.036513       -0.398219       -0.104083
     C   11       -0.398219       -0.125294        0.573157
     C   11       -0.104083        0.573157        0.088781

     Cl  12       -0.057317       -0.130551        0.098780
     Cl  12       -0.130551        0.004018       -0.138472
     Cl  12        0.098780       -0.138472        0.053298

     H   13        0.051294        0.191798        0.346067
     H   13        0.191798       -0.023732       -0.483714
     H   13        0.346067       -0.483714       -0.027562

     C   14       -0.010817       -0.345321       -0.538071
     C   14       -0.345321       -0.091099       -0.494226
     C   14       -0.538071       -0.494226        0.101916

     H   15        0.034230       -0.128968       -0.314586
     H   15       -0.128968       -0.206867       -0.487578
     H   15       -0.314586       -0.487578        0.172638

     C   16       -0.652807        0.329096       -0.331357
     C   16        0.329096        0.241483       -0.058350
     C   16       -0.331357       -0.058350        0.411324

     C   17        0.073275        0.021104       -0.209602
     C   17        0.021104       -0.004081       -0.620151
     C   17       -0.209602       -0.620151       -0.069194

     Cl  18       -0.189406        0.281350       -0.002490
     Cl  18        0.281350        0.002703        0.007259
     Cl  18       -0.002490        0.007259        0.186703

     H   19        0.404624        0.048377        0.283226
     H   19        0.048377        0.100911        0.206623
     H   19        0.283226        0.206623       -0.505535

     C   20       -0.356156       -0.223080       -0.322409
     C   20       -0.223080        0.257565        0.161971
     C   20       -0.322409        0.161971        0.098591

     H   21        0.071942        0.116277       -0.322245
     H   21        0.116277        0.471657       -0.060404
     H   21       -0.322245       -0.060404       -0.543599

     C   22        0.057898       -0.268656       -0.074576
     C   22       -0.268656       -0.135275        0.262180
     C   22       -0.074576        0.262180        0.077377

     C   23       -0.339274       -0.274800       -0.457051
     C   23       -0.274800        0.081144        0.443610
     C   23       -0.457051        0.443610        0.258130

     Cl  24       -0.057301        0.040900       -0.036231
     Cl  24        0.040900       -0.024849        0.090997
     Cl  24       -0.036231        0.090997        0.082150

     ----- ionic term -----
     Cl   1        0.193614       -0.195628       -0.029537
     Cl   1       -0.195628       -0.075287        0.000797
     Cl   1       -0.029537        0.000797       -0.118328

     C    2        0.218987       -0.192384        0.185779
     C    2       -0.192384       -0.112034        0.489692
     C    2        0.185779        0.489692       -0.106953

     C    3        0.178172       -0.315063        0.143402
     C    3       -0.315063       -0.029080        0.442720
     C    3        0.143402        0.442720       -0.149092

     H    4        0.352255        0.338035        0.739559
     H    4        0.338035       -0.436239        0.343067
     H    4        0.739559        0.343067        0.083984

     C    5        0.300168       -0.264439        0.278694
     C    5       -0.264439       -0.124798        0.323532
     C    5        0.278694        0.323532       -0.175370

     H    6       -0.514686       -0.116105       -0.057877
     H    6       -0.116105        0.453113        0.776966
     H    6       -0.057877        0.776966        0.061573

     H    7       -0.502080       -0.066490        0.039283
     H    7       -0.066490        0.801476       -0.612182
     H    7        0.039283       -0.612182       -0.299396

     C    8        0.300789        0.196295        0.298825
     C    8        0.196295        0.069148       -0.274905
     C    8        0.298825       -0.274905       -0.369937

     H    9        0.539924       -0.331019        0.670024
     H    9       -0.331019       -0.421503       -0.279275
     H    9        0.670024       -0.279275       -0.118422

     C   10        0.170146        0.301555        0.200478
     C   10        0.301555        0.172645       -0.349050
     C   10        0.200478       -0.349050       -0.342791

     C   11        0.104696        0.256010        0.308061
     C   11        0.256010        0.124753       -0.318930
     C   11        0.308061       -0.318930       -0.229449

     Cl  12        0.107668        0.214304        0.049738
     Cl  12        0.214304        0.041043        0.036185
     Cl  12        0.049738        0.036185       -0.148710

     H   13       -0.501070       -0.077221       -0.056040
     H   13       -0.077221        0.401235        0.789253
     H   13       -0.056040        0.789253        0.099834

     C   14        0.313681       -0.177068        0.278363
     C   14       -0.177068       -0.134859        0.344698
     C   14        0.278363        0.344698       -0.178822

     H   15        0.449711        0.427333        0.676773
     H   15        0.427333       -0.344233        0.353724
     H   15        0.676773        0.353724       -0.105478

     C   16        0.189715       -0.231282        0.168394
     C   16       -0.231282        0.023181        0.433294
     C   16        0.168394        0.433294       -0.212896

     C   17        0.159966       -0.251374        0.321608
     C   17       -0.251374       -0.019408        0.400006
     C   17        0.321608        0.400006       -0.140558

     Cl  18        0.145235       -0.212623        0.059225
     Cl  18       -0.212623       -0.001052       -0.032257
     Cl  18        0.059225       -0.032257       -0.144183

     H   19       -0.526880       -0.004496        0.034993
     H   19       -0.004496        0.440384       -0.781851
     H   19        0.034993       -0.781851        0.086496

     C   20        0.203781        0.251073        0.310191
     C   20        0.251073       -0.031370       -0.281951
     C   20        0.310191       -0.281951       -0.172411

     H   21        0.481868       -0.373964        0.697745
     H   21       -0.373964       -0.376170       -0.324409
     H   21        0.697745       -0.324409       -0.105698

     C   22        0.150127        0.268453        0.195959
     C   22        0.268453        0.056403       -0.371652
     C   22        0.195959       -0.371652       -0.206530

     C   23        0.261651        0.184842        0.256968
     C   23        0.184842       -0.043128       -0.398544
     C   23        0.256968       -0.398544       -0.218523

     Cl  24        0.177969        0.225697        0.017922
     Cl  24        0.225697       -0.042921        0.003913
     Cl  24        0.017922        0.003913       -0.135047

     ----- GIPAW term -----
     Cl   1        2.402088       -0.069959       -1.311624
     Cl   1       -0.069959       -0.312234       -0.745021
     Cl   1       -1.311624       -0.745021       -2.089854

     C    2        0.101610       -0.157068        0.047170
     C    2       -0.157068       -0.031740       -0.096950
     C    2        0.047170       -0.096950       -0.069869

     C    3       -0.115289        0.067524       -0.073644
     C    3        0.067524        0.083017       -0.232768
     C    3       -0.073644       -0.232768        0.032272

     H    4       -0.000000        0.000000        0.000000
     H    4        0.000000        0.000000        0.000000
     H    4        0.000000        0.000000        0.000000

     C    5       -0.104322        0.074135       -0.037837
     C    5        0.074135        0.134370       -0.063508
     C    5       -0.037837       -0.063508       -0.030048

     H    6       -0.000000        0.000000        0.000000
     H    6        0.000000        0.000000        0.000000
     H    6        0.000000        0.000000        0.000000

     H    7       -0.000000        0.000000        0.000000
     H    7        0.000000        0.000000        0.000000
     H    7        0.000000        0.000000        0.000000

     C    8       -0.103963       -0.075845       -0.048079
     C    8       -0.075845        0.178181        0.215324
     C    8       -0.048079        0.215324       -0.074219

     H    9       -0.000000        0.000000        0.000000
     H    9        0.000000        0.000000        0.000000
     H    9        0.000000        0.000000        0.000000

     C   10       -0.232111       -0.079511       -0.056187
     C   10       -0.079511        0.300974        0.063772
     C   10       -0.056187        0.063772       -0.068863

     C   11        0.087514       -0.154111       -0.006464
     C   11       -0.154111        0.102016        0.070226
     C   11       -0.006464        0.070226       -0.189529

     Cl  12        0.823606        0.576013        1.341172
     Cl  12        0.576013       -0.017333       -1.538960
     Cl  12        1.341172       -1.538960       -0.806273

     H   13       -0.000000        0.000000        0.000000
     H   13        0.000000        0.000000        0.000000
     H   13        0.000000        0.000000        0.000000

     C   14        0.175967       -0.229638       -0.137192
     C   14       -0.229638       -0.066904       -0.046283
     C   14       -0.137192       -0.046283       -0.109064

     H   15       -0.000000        0.000000        0.000000
     H   15        0.000000        0.000000        0.000000
     H   15        0.000000        0.000000        0.000000

     C   16       -0.156130       -0.114510       -0.102781
     C   16       -0.114510        0.204269        0.128659
     C   16       -0.102781        0.128659       -0.048139

     C   17       -0.054355       -0.006452       -0.016845
     C   17       -0.006452        0.257409       -0.029513
     C   17       -0.016845       -0.029513       -0.203054

     Cl  18       -1.026167        0.106396        0.358630
     Cl  18        0.106396        1.753502        1.930779
     Cl  18        0.358630        1.930779       -0.727335

     H   19       -0.000000        0.000000        0.000000
     H   19        0.000000        0.000000        0.000000
     H   19        0.000000        0.000000        0.000000

     C   20       -0.034412       -0.107351       -0.094031
     C   20       -0.107351        0.054654        0.089070
     C   20       -0.094031        0.089070       -0.020242

     H   21       -0.000000        0.000000        0.000000
     H   21        0.000000        0.000000        0.000000
     H   21        0.000000        0.000000        0.000000

     C   22       -0.020485       -0.064571       -0.063535
     C   22       -0.064571       -0.006022        0.089063
     C   22       -0.063535        0.089063        0.026507

     C   23       -0.072746       -0.042448       -0.125998
     C   23       -0.042448        0.132025        0.191535
     C   23       -0.125998        0.191535       -0.059279

     Cl  24        0.777262        2.379979       -0.171864
     Cl  24        2.379979       -0.060708        0.836826
     Cl  24       -0.171864        0.836826       -0.716554

     ----- total EFG -----
     Cl   1        2.558775       -0.224807       -1.371610
     Cl   1       -0.224807       -0.301047       -0.791620
     Cl   1       -1.371610       -0.791620       -2.257728

     C    2        0.116100       -0.035170        0.096564
     C    2       -0.035170       -0.336560       -0.035506
     C    2        0.096564       -0.035506        0.220460

     C    3       -0.004395       -0.016121       -0.127965
     C    3       -0.016121       -0.046660       -0.384529
     C    3       -0.127965       -0.384529        0.051055

     H    4        0.421173        0.226030        0.354938
     H    4        0.226030        0.003348        0.439418
     H    4        0.354938        0.439418       -0.424521

     C    5       -0.349665        0.090158       -0.017994
     C    5        0.090158        0.338659        0.170602
     C    5       -0.017994        0.170602        0.011005

     H    6       -0.159947       -0.185337        0.259074
     H    6       -0.185337        0.542088        0.567055
     H    6        0.259074        0.567055       -0.382141

     H    7       -0.030886        0.101707        0.041889
     H    7        0.101707       -0.003810       -0.620159
     H    7        0.041889       -0.620159        0.034696

     C    8       -0.013104       -0.023691       -0.008035
     C    8       -0.023691        0.259932        0.472641
     C    8       -0.008035        0.472641       -0.246827

     H    9        0.378509        0.076803        0.290542
     H    9        0.076803       -0.568937       -0.006720
     H    9        0.290542       -0.006720        0.190428

     C   10       -0.704538       -0.157108       -0.111683
     C   10       -0.157108        0.764600       -0.011092
     C   10       -0.111683       -0.011092       -0.060062

     C   11        0.228723       -0.296320        0.197513
     C   11       -0.296320        0.101475        0.324453
     C   11        0.197513        0.324453       -0.330197

     Cl  12        0.873957        0.659767        1.489689
     Cl  12        0.659767        0.027728       -1.641247
     Cl  12        1.489689       -1.641247       -0.901685

     H   13       -0.449776        0.114577        0.290026
     H   13        0.114577        0.377503        0.305539
     H   13        0.290026        0.305539        0.072273

     C   14        0.478832       -0.752028       -0.396900
     C   14       -0.752028       -0.292862       -0.195811
     C   14       -0.396900       -0.195811       -0.185970

     H   15        0.483940        0.298365        0.362188
     H   15        0.298365       -0.551100       -0.133854
     H   15        0.362188       -0.133854        0.067160

     C   16       -0.619223       -0.016695       -0.265744
     C   16       -0.016695        0.468933        0.503604
     C   16       -0.265744        0.503604        0.150290

     C   17        0.178886       -0.236722        0.095160
     C   17       -0.236722        0.233920       -0.249658
     C   17        0.095160       -0.249658       -0.412806

     Cl  18       -1.070338        0.175122        0.415366
     Cl  18        0.175122        1.755153        1.905781
     Cl  18        0.415366        1.905781       -0.684815

     H   19       -0.122256        0.043880        0.318219
     H   19        0.043880        0.541295       -0.575228
     H   19        0.318219       -0.575228       -0.419039

     C   20       -0.186787       -0.079358       -0.106249
     C   20       -0.079358        0.280849       -0.030911
     C   20       -0.106249       -0.030911       -0.094062

     H   21        0.553810       -0.257688        0.375500
     H   21       -0.257688        0.095487       -0.384813
     H   21        0.375500       -0.384813       -0.649297

     C   22        0.187540       -0.064773        0.057848
     C   22       -0.064773       -0.084894       -0.020410
     C   22        0.057848       -0.020410       -0.102646

     C   23       -0.150369       -0.132407       -0.326082
     C   23       -0.132407        0.170042        0.236602
     C   23       -0.326082        0.236602       -0.019672

     Cl  24        0.897930        2.646577       -0.190173
     Cl  24        2.646577       -0.128478        0.931736
     Cl  24       -0.190173        0.931736       -0.769452

     ----- total EFG (symmetrized) -----
     Cl   1        2.558775       -0.224807       -1.371610
     Cl   1       -0.224807       -0.301047       -0.791620
     Cl   1       -1.371610       -0.791620       -2.257728

     C    2        0.116100       -0.035170        0.096564
     C    2       -0.035170       -0.336560       -0.035506
     C    2        0.096564       -0.035506        0.220460

     C    3       -0.004395       -0.016121       -0.127965
     C    3       -0.016121       -0.046660       -0.384529
     C    3       -0.127965       -0.384529        0.051055

     H    4        0.421173        0.226030        0.354938
     H    4        0.226030        0.003348        0.439418
     H    4        0.354938        0.439418       -0.424521

     C    5       -0.349665        0.090158       -0.017994
     C    5        0.090158        0.338659        0.170602
     C    5       -0.017994        0.170602        0.011005

     H    6       -0.159947       -0.185337        0.259074
     H    6       -0.185337        0.542088        0.567055
     H    6        0.259074        0.567055       -0.382141

     H    7       -0.030886        0.101707        0.041889
     H    7        0.101707       -0.003810       -0.620159
     H    7        0.041889       -0.620159        0.034696

     C    8       -0.013104       -0.023691       -0.008035
     C    8       -0.023691        0.259932        0.472641
     C    8       -0.008035        0.472641       -0.246827

     H    9        0.378509        0.076803        0.290542
     H    9        0.076803       -0.568937       -0.006720
     H    9        0.290542       -0.006720        0.190428

     C   10       -0.704538       -0.157108       -0.111683
     C   10       -0.157108        0.764600       -0.011092
     C   10       -0.111683       -0.011092       -0.060062

     C   11        0.228723       -0.296320        0.197513
     C   11       -0.296320        0.101475        0.324453
     C   11        0.197513        0.324453       -0.330197

     Cl  12        0.873957        0.659767        1.489689
     Cl  12        0.659767        0.027728       -1.641247
     Cl  12        1.489689       -1.641247       -0.901685

     H   13       -0.449776        0.114577        0.290026
     H   13        0.114577        0.377503        0.305539
     H   13        0.290026        0.305539        0.072273

     C   14        0.478832       -0.752028       -0.396900
     C   14       -0.752028       -0.292862       -0.195811
     C   14       -0.396900       -0.195811       -0.185970

     H   15        0.483940        0.298365        0.362188
     H   15        0.298365       -0.551100       -0.133854
     H   15        0.362188       -0.133854        0.067160

     C   16       -0.619223       -0.016695       -0.265744
     C   16       -0.016695        0.468933        0.503604
     C   16       -0.265744        0.503604        0.150290

     C   17        0.178886       -0.236722        0.095160
     C   17       -0.236722        0.233920       -0.249658
     C   17        0.095160       -0.249658       -0.412806

     Cl  18       -1.070338        0.175122        0.415366
     Cl  18        0.175122        1.755153        1.905781
     Cl  18        0.415366        1.905781       -0.684815

     H   19       -0.122256        0.043880        0.318219
     H   19        0.043880        0.541295       -0.575228
     H   19        0.318219       -0.575228       -0.419039

     C   20       -0.186787       -0.079358       -0.106249
     C   20       -0.079358        0.280849       -0.030911
     C   20       -0.106249       -0.030911       -0.094062

     H   21        0.553810       -0.257688        0.375500
     H   21       -0.257688        0.095487       -0.384813
     H   21        0.375500       -0.384813       -0.649297

     C   22        0.187540       -0.064773        0.057848
     C   22       -0.064773       -0.084894       -0.020410
     C   22        0.057848       -0.020410       -0.102646

     C   23       -0.150369       -0.132407       -0.326082
     C   23       -0.132407        0.170042        0.236602
     C   23       -0.326082        0.236602       -0.019672

     Cl  24        0.897930        2.646577       -0.190173
     Cl  24        2.646577       -0.128478        0.931736
     Cl  24       -0.190173        0.931736       -0.769452


     NQR/NMR SPECTROSCOPIC PARAMETERS:
     Cl   1    Vxx=   -0.0389    axis=(  0.073155 -0.952783  0.294710)
     Cl   1    Vyy=   -2.8831    axis=( -0.244640 -0.303616 -0.920852)
     Cl   1    Vzz=    2.9221    axis=(  0.966850 -0.004733 -0.255299)
     Cl   1  Q=        -8.1650 1e-30 m^2  Cq=       -56.0581 MHz  eta= 0.97336

     C    2    Vxx=    0.0589    axis=( -0.855145  0.029587  0.517543)
     C    2    Vyy=    0.2818    axis=(  0.514197 -0.078282  0.854092)
     C    2    Vzz=   -0.3407    axis=( -0.065784 -0.996492 -0.051729)
     C    2  Q=         1.0000 1e-30 m^2  Cq=        -0.8006 MHz  eta= 0.65441

     C    3    Vxx=    0.0011    axis=(  0.948817 -0.315827 -0.000591)
     C    3    Vyy=    0.4080    axis=(  0.208329  0.627272 -0.750419)
     C    3    Vzz=   -0.4091    axis=(  0.237373  0.711887  0.660962)
     C    3  Q=         1.0000 1e-30 m^2  Cq=        -0.9611 MHz  eta= 0.99486

     H    4    Vxx=   -0.0180    axis=(  0.606758 -0.745443 -0.275969)
     H    4    Vyy=   -0.7318    axis=(  0.176082  0.464602 -0.867836)
     H    4    Vzz=    0.7497    axis=(  0.775139  0.477974  0.413160)
     H    4  Q=         1.0000 1e-30 m^2  Cq=         1.7616 MHz  eta= 0.95210

     C    5    Vxx=   -0.0530    axis=( -0.165527 -0.361580  0.917530)
     C    5    Vyy=   -0.3659    axis=(  0.981227 -0.153747  0.116429)
     C    5    Vzz=    0.4189    axis=(  0.098969  0.919577  0.380241)
     C    5  Q=         1.0000 1e-30 m^2  Cq=         0.9843 MHz  eta= 0.74706

     H    6    Vxx=   -0.0104    axis=(  0.896626 -0.132762  0.422418)
     H    6    Vyy=   -0.8045    axis=(  0.438453  0.399390 -0.805138)
     H    6    Vzz=    0.8150    axis=( -0.061817  0.907118  0.416313)
     H    6  Q=         1.0000 1e-30 m^2  Cq=         1.9148 MHz  eta= 0.97435

     H    7    Vxx=   -0.0157    axis=(  0.983436  0.079661  0.162814)
     H    7    Vyy=   -0.6227    axis=( -0.170508  0.711308  0.681885)
     H    7    Vzz=    0.6384    axis=( -0.061491 -0.698352  0.713109)
     H    7  Q=         1.0000 1e-30 m^2  Cq=         1.5000 MHz  eta= 0.95078

     C    8    Vxx=   -0.0141    axis=(  0.998985  0.032390  0.031292)
     C    8    Vyy=   -0.5298    axis=( -0.010215 -0.513748  0.857880)
     C    8    Vzz=    0.5439    axis=(  0.043863 -0.857329 -0.512896)
     C    8  Q=         1.0000 1e-30 m^2  Cq=         1.2779 MHz  eta= 0.94806

     H    9    Vxx=   -0.0163    axis=( -0.578810 -0.090300  0.810447)
     H    9    Vyy=   -0.5764    axis=(  0.093415 -0.994650 -0.044107)
     H    9    Vzz=    0.5928    axis=(  0.810094  0.050178  0.584148)
     H    9  Q=         1.0000 1e-30 m^2  Cq=         1.3928 MHz  eta= 0.94492

     C   10    Vxx=   -0.0415    axis=( -0.161936 -0.017985  0.986637)
     C   10    Vyy=   -0.7397    axis=(  0.981175  0.103676  0.162930)
     C   10    Vzz=    0.7812    axis=( -0.105221  0.994449  0.000857)
     C   10  Q=         1.0000 1e-30 m^2  Cq=         1.8355 MHz  eta= 0.89368

     C   11    Vxx=    0.1515    axis=(  0.570903  0.553172  0.606688)
     C   11    Vyy=    0.4726    axis=( -0.739677  0.667226  0.087677)
     C   11    Vzz=   -0.6241    axis=( -0.356297 -0.498809  0.790090)
     C   11  Q=         1.0000 1e-30 m^2  Cq=        -1.4664 MHz  eta= 0.51451

     Cl  12    Vxx=    1.0448    axis=( -0.499478 -0.811871  0.302303)
     Cl  12    Vyy=    1.7838    axis=(  0.770218 -0.256411  0.583967)
     Cl  12    Vzz=   -2.8285    axis=( -0.396592  0.524518  0.753389)
     Cl  12  Q=        -8.1650 1e-30 m^2  Cq=        54.2639 MHz  eta= 0.26127

     H   13    Vxx=   -0.0477    axis=(  0.343590 -0.607339  0.716300)
     H   13    Vyy=   -0.5794    axis=( -0.909136 -0.023912  0.415813)
     H   13    Vzz=    0.6271    axis=(  0.235412  0.794083  0.560370)
     H   13  Q=         1.0000 1e-30 m^2  Cq=         1.4734 MHz  eta= 0.84796

     C   14    Vxx=   -0.0451    axis=( -0.060830 -0.498710  0.864632)
     C   14    Vyy=   -0.9443    axis=(  0.511905  0.728055  0.455948)
     C   14    Vzz=    0.9894    axis=( -0.856885  0.470345  0.211004)
     C   14  Q=         1.0000 1e-30 m^2  Cq=         2.3246 MHz  eta= 0.90882

     H   15    Vxx=   -0.0212    axis=( -0.357029 -0.412723  0.837968)
     H   15    Vyy=   -0.7028    axis=( -0.318901  0.897049  0.305949)
     H   15    Vzz=    0.7241    axis=( -0.877971 -0.157996 -0.451890)
     H   15  Q=         1.0000 1e-30 m^2  Cq=         1.7012 MHz  eta= 0.94136

     C   16    Vxx=   -0.1369    axis=( -0.370092 -0.599852  0.709373)
     C   16    Vyy=   -0.7211    axis=( -0.921511  0.140314 -0.362118)
     C   16    Vzz=    0.8580    axis=(  0.117682 -0.787712 -0.604699)
     C   16  Q=         1.0000 1e-30 m^2  Cq=         2.0160 MHz  eta= 0.68085

     C   17    Vxx=   -0.0150    axis=(  0.794975  0.581012 -0.174470)
     C   17    Vyy=   -0.4983    axis=(  0.022811 -0.316027 -0.948476)
     C   17    Vzz=    0.5133    axis=( -0.606213  0.750035 -0.264487)
     C   17  Q=         1.0000 1e-30 m^2  Cq=         1.2060 MHz  eta= 0.94152

     Cl  18    Vxx=   -0.9958    axis=(  0.930335 -0.246999  0.271052)
     Cl  18    Vyy=   -1.8343    axis=( -0.355361 -0.424753  0.832649)
     Cl  18    Vzz=    2.8301    axis=(  0.090534  0.870963  0.482936)
     Cl  18  Q=        -8.1650 1e-30 m^2  Cq=       -54.2937 MHz  eta= 0.29626

     H   19    Vxx=    0.0028    axis=(  0.908695  0.267927  0.320139)
     H   19    Vyy=    0.8207    axis=( -0.107360  0.891061 -0.441003)
     H   19    Vzz=   -0.8235    axis=( -0.403420  0.366367  0.838468)
     H   19  Q=         1.0000 1e-30 m^2  Cq=        -1.9349 MHz  eta= 0.99322

     C   20    Vxx=   -0.0254    axis=( -0.531126 -0.052269  0.845679)
     C   20    Vyy=   -0.2690    axis=(  0.833029  0.150160  0.532462)
     C   20    Vzz=    0.2944    axis=( -0.154819  0.987279 -0.036212)
     C   20  Q=         1.0000 1e-30 m^2  Cq=         0.6918 MHz  eta= 0.82731

     H   21    Vxx=    0.0169    axis=(  0.526414  0.830321 -0.182908)
     H   21    Vyy=    0.8424    axis=( -0.829288  0.453977 -0.325861)
     H   21    Vzz=   -0.8593    axis=( -0.187534  0.323221  0.927556)
     H   21  Q=         1.0000 1e-30 m^2  Cq=        -2.0190 MHz  eta= 0.96070

     C   22    Vxx=   -0.0967    axis=(  0.276642  0.889754 -0.363053)
     C   22    Vyy=   -0.1172    axis=( -0.088238  0.399720  0.912380)
     C   22    Vzz=    0.2139    axis=(  0.956914 -0.220367  0.189089)
     C   22  Q=         1.0000 1e-30 m^2  Cq=         0.5026 MHz  eta= 0.09574

     C   23    Vxx=   -0.0574    axis=(  0.491913  0.748726 -0.444331)
     C   23    Vyy=   -0.4222    axis=( -0.744622  0.097331 -0.660352)
     C   23    Vzz=    0.4796    axis=(  0.451176 -0.655695 -0.605397)
     C   23  Q=         1.0000 1e-30 m^2  Cq=         1.1269 MHz  eta= 0.76080

     Cl  24    Vxx=   -0.4474    axis=( -0.348024  0.241995  0.905714)
     Cl  24    Vyy=   -2.6859    axis=( -0.556427  0.724215 -0.407310)
     Cl  24    Vzz=    3.1333    axis=( -0.754499 -0.645718 -0.117391)
     Cl  24  Q=        -8.1650 1e-30 m^2  Cq=       -60.1116 MHz  eta= 0.71441

     Initialization:
     gipaw_setup  :      9.12s CPU     10.79s WALL (       1 calls)

     Linear response

     Apply operators

     Induced current

     Other routines
     efg          :      9.39s CPU     11.91s WALL (       1 calls)

     General routines
     calbec       :      3.35s CPU      4.40s WALL (      16 calls)
     fft          :      1.63s CPU      2.59s WALL (      15 calls)
     ffts         :      0.03s CPU      0.04s WALL (       2 calls)
     fftw         :      3.34s CPU      4.18s WALL (     672 calls)
     davcio       :      0.04s CPU      0.33s WALL (      32 calls)

     Parallel routines
     fft_scatter  :      2.38s CPU      3.99s WALL (     689 calls)

     Plugins

     GIPAW        :     61.06s CPU     73.79s WALL (       1 calls)
