
     Program QE v.6.0 (svn rev. 13079) starts on  6Jan2017 at 15:40: 1 

     This program is part of the open-source Quantum ESPRESSO suite
     for quantum simulation of materials; please cite
         "P. Giannozzi et al., J. Phys.:Condens. Matter 21 395502 (2009);
          URL http://www.quantum-espresso.org", 
     in publications or presentations arising from this work. More details at
     http://www.quantum-espresso.org/quote

     Parallel version (MPI), running on     8 processors
     R & G space division:  proc/nbgrp/npool/nimage =       8

     ***** This is GIPAW svn revision unknown      *****

     Parallelizing q-star over 1 images

     Reading data from directory:
     /users/majewski/paradichlorobenzene/pbe/9_constraint/scratch/pbe.ecut100.np8.dt60.pcl2phi-129368.save
     Message from routine read_xml_file:
     file /users/majewski/paradichlorobenzene/pbe/9_constraint/scratch/pbe.ecut100.np8.dt60.pcl2phi-129368.save not guaranteed to be safe for post-processing

   Info: using nr1, nr2, nr3 values from input

   Info: using nr1, nr2, nr3 values from input

     IMPORTANT: XC functional enforced from input :
     Exchange-correlation      =  SLA  PW   PBX  PBC ( 1  4  3  4 0 0)
     Any further DFT definition will be discarded
     Please, verify this is what you really want

               file C.pbe-n-kjpaw_psl.1.0.0.UPF: wavefunction(s)  2S 2P renormalized
               file Cl.pbe-n-kjpaw_psl.1.0.0.UPF: wavefunction(s)  3S 3P renormalized
               file H.pbe-kjpaw_psl.1.0.0.UPF: wavefunction(s)  1S renormalized

     Parallelization info
     --------------------
     sticks:   dense  smooth     PW     G-vecs:    dense   smooth      PW
     Min        3057    1223    332               144436    36536    5170
     Max        3059    1225    333               144437    36537    5171
     Sum       24467    9791   2657              1155489   292295   41363


     Subspace diagonalization in iterative solution of the eigenvalue problem:
     a serial algorithm will be used

     GIPAW projectors -----------------------------------------------
     atom=  C    l=0  rc=    1.2000  rs=    0.8000
     atom=  C    l=0  rc=    1.2000  rs=    0.8000
     atom=  C    l=1  rc=    1.4000  rs=    0.9333
     atom=  C    l=1  rc=    1.4000  rs=    0.9333
     projs nearly linearly dependent: l=1  n1,n2= 1, 2  s=  0.99951561

     atom=  Cl   l=0  rc=    1.6000  rs=    1.0667
     atom=  Cl   l=0  rc=    1.6000  rs=    1.0667
     atom=  Cl   l=1  rc=    1.6000  rs=    1.0667
     atom=  Cl   l=1  rc=    1.6000  rs=    1.0667
     atom=  Cl   l=2  rc=    1.6000  rs=    1.0667
     atom=  Cl   l=2  rc=    1.6000  rs=    1.0667
     projs nearly linearly dependent: l=2  n1,n2= 1, 2  s=  0.99993509

     atom=  H    l=0  rc=    1.0000  rs=    0.6667
     atom=  H    l=0  rc=    1.0000  rs=    0.6667
     projs nearly linearly dependent: l=0  n1,n2= 1, 2  s=  0.99968852
     -----------------------------------------------------------------

     GIPAW integrals: -------------------------------------------
     Atom  i/j   nmr_para   nmr_dia   epr_rmc  epr_para   epr_dia
       C   1 1   0.83E+03  0.17E-01  0.93E+01  0.24E+08  0.24E+03
       C   2 1   0.86E+03 -0.61E-01  0.94E+01  0.25E+08  0.25E+03
       C   2 2   0.90E+03 -0.15E+00  0.97E+01  0.26E+08  0.26E+03
       C   3 3   0.33E+01  0.34E+00  0.18E+01  0.55E+03  0.21E+02
       C   4 3   0.35E+01  0.37E+00  0.20E+01  0.59E+03  0.22E+02
       C   4 4   0.38E+01  0.39E+00  0.22E+01  0.63E+03  0.24E+02
       Cl  1 1   0.14E+04 -0.47E+00  0.84E+01  0.32E+09  0.42E+03
       Cl  2 1   0.21E+04 -0.37E+00  0.12E+02  0.49E+09  0.65E+03
       Cl  2 2   0.33E+04 -0.16E+00  0.21E+02  0.76E+09  0.10E+04
       Cl  3 3   0.21E+02  0.79E-01  0.89E+01  0.23E+05  0.13E+03
       Cl  4 3   0.24E+02  0.67E-01  0.99E+01  0.27E+05  0.15E+03
       Cl  4 4   0.28E+02  0.44E-01  0.11E+02  0.32E+05  0.18E+03
       Cl  5 5   0.77E+00  0.19E+00  0.18E+01  0.12E+03  0.22E+02
       Cl  6 5   0.80E+00  0.19E+00  0.19E+01  0.12E+03  0.23E+02
       Cl  6 6   0.83E+00  0.20E+00  0.19E+01  0.12E+03  0.23E+02
       H   1 1   0.39E+02  0.19E+00  0.29E+00  0.78E+05  0.13E+02
       H   2 1   0.41E+02  0.21E+00  0.32E+00  0.82E+05  0.14E+02
       H   2 2   0.43E+02  0.22E+00  0.36E+00  0.86E+05  0.15E+02
     ------------------------------------------------------------

     alpha_pv=     33.8483 eV

     Number of occupied bands for each k-point:
     k-point:     1    nbnd_occ=  42
     k-point:     2    nbnd_occ=  42
     k-point:     3    nbnd_occ=  42
     k-point:     4    nbnd_occ=  42
     k-point:     5    nbnd_occ=  42
     k-point:     6    nbnd_occ=  42
     k-point:     7    nbnd_occ=  42
     k-point:     8    nbnd_occ=  42
     k-point:     9    nbnd_occ=  42
     k-point:    10    nbnd_occ=  42
     k-point:    11    nbnd_occ=  42
     k-point:    12    nbnd_occ=  42
     k-point:    13    nbnd_occ=  42
     k-point:    14    nbnd_occ=  42
     k-point:    15    nbnd_occ=  42
     k-point:    16    nbnd_occ=  42


     q-space interpolation up to   110.00 Rydberg

     GIPAW job: efg                                                                             


     ELECTRIC FIELD GRADIENTS TENSORS IN Hartree/bohrradius^2:

     ----- bare term -----
     Cl   1       -0.060473        0.114065        0.076612
     Cl   1        0.114065       -0.068406       -0.018743
     Cl   1        0.076612       -0.018743        0.128879

     C    2       -0.157746        0.054011       -0.478146
     C    2        0.054011       -0.069349       -0.486121
     C    2       -0.478146       -0.486121        0.227096

     C    3       -0.170060        0.392266       -0.292210
     C    3        0.392266       -0.253534       -0.482029
     C    3       -0.292210       -0.482029        0.423594

     H    4       -0.240937       -0.189892       -0.492534
     H    4       -0.189892        0.371084       -0.220975
     H    4       -0.492534       -0.220975       -0.130148

     C    5       -0.423085        0.284190       -0.426248
     C    5        0.284190        0.061133       -0.418430
     C    5       -0.426248       -0.418430        0.361952

     H    6        0.451313       -0.034132        0.099436
     H    6       -0.034132       -0.138673       -0.428408
     H    6        0.099436       -0.428408       -0.312640

     H    7        0.458647       -0.057429       -0.132527
     H    7       -0.057429       -0.675788        0.012975
     H    7       -0.132527        0.012975        0.217141

     C    8       -0.493114       -0.083590       -0.342844
     C    8       -0.083590       -0.062480        0.426750
     C    8       -0.342844        0.426750        0.555594

     H    9       -0.358394        0.492416       -0.088389
     H    9        0.492416        0.103071       -0.102057
     H    9       -0.088389       -0.102057        0.255322

     C   10       -0.284819       -0.335901       -0.183098
     C   10       -0.335901       -0.232277        0.531090
     C   10       -0.183098        0.531090        0.517096

     C   11       -0.053506       -0.002799       -0.564834
     C   11       -0.002799       -0.176021        0.522285
     C   11       -0.564834        0.522285        0.229528

     Cl  12       -0.159389       -0.060097       -0.070719
     Cl  12       -0.060097       -0.124359        0.028774
     Cl  12       -0.070719        0.028774        0.283748

     H   13        0.234198       -0.443087        0.146216
     H   13       -0.443087       -0.564697       -0.033013
     H   13        0.146216       -0.033013        0.330499

     C   14       -0.194821        0.376480       -0.333038
     C   14        0.376480       -0.233595       -0.323971
     C   14       -0.333038       -0.323971        0.428415

     H   15       -0.461766       -0.442594        0.155149
     H   15       -0.442594        0.235865        0.092085
     H   15        0.155149        0.092085        0.225901

     C   16       -0.141586        0.192282       -0.350148
     C   16        0.192282       -0.237840       -0.465424
     C   16       -0.350148       -0.465424        0.379426

     C   17       -0.264356        0.058813       -0.351566
     C   17        0.058813       -0.101871       -0.568289
     C   17       -0.351566       -0.568289        0.366227

     Cl  18       -0.025687        0.018436        0.019874
     Cl  18        0.018436        0.022893        0.066186
     Cl  18        0.019874        0.066186        0.002794

     H   19        0.146277        0.391281        0.018828
     H   19        0.391281       -0.488064        0.291975
     H   19        0.018828        0.291975        0.341787

     C   20       -0.304133       -0.323987       -0.365276
     C   20       -0.323987       -0.157635        0.411951
     C   20       -0.365276        0.411951        0.461767

     H   21       -0.551833        0.405858       -0.092333
     H   21        0.405858        0.299649        0.037717
     H   21       -0.092333        0.037717        0.252184

     C   22       -0.087040       -0.128443       -0.365612
     C   22       -0.128443       -0.313181        0.512145
     C   22       -0.365612        0.512145        0.400221

     C   23       -0.226697       -0.188033       -0.321291
     C   23       -0.188033       -0.131135        0.442229
     C   23       -0.321291        0.442229        0.357832

     Cl  24        0.089411        0.145824       -0.017181
     Cl  24        0.145824        0.005719        0.006170
     Cl  24       -0.017181        0.006170       -0.095131

     ----- ionic term -----
     Cl   1        0.158136       -0.219930       -0.032902
     Cl   1       -0.219930       -0.008213        0.025503
     Cl   1       -0.032902        0.025503       -0.149924

     C    2        0.287823       -0.173623        0.149325
     C    2       -0.173623        0.073938        0.409798
     C    2        0.149325        0.409798       -0.361761

     C    3        0.198636       -0.249538        0.180500
     C    3       -0.249538        0.121634        0.387355
     C    3        0.180500        0.387355       -0.320269

     H    4        0.573170        0.354953        0.690326
     H    4        0.354953       -0.420298        0.281831
     H    4        0.690326        0.281831       -0.152872

     C    5        0.357830       -0.209653        0.319993
     C    5       -0.209653       -0.017707        0.318447
     C    5        0.319993        0.318447       -0.340122

     H    6       -0.520856        0.058285        0.077535
     H    6        0.058285        0.557563        0.763525
     H    6        0.077535        0.763525       -0.036708

     H    7       -0.487682       -0.009817        0.004928
     H    7       -0.009817        0.786608       -0.601990
     H    7        0.004928       -0.601990       -0.298926

     C    8        0.376666        0.139799        0.223865
     C    8        0.139799        0.125203       -0.244476
     C    8        0.223865       -0.244476       -0.501868

     H    9        0.705554       -0.462522        0.509071
     H    9       -0.462522       -0.283909       -0.227416
     H    9        0.509071       -0.227416       -0.421645

     C   10        0.212811        0.134797        0.194885
     C   10        0.134797        0.294627       -0.259799
     C   10        0.194885       -0.259799       -0.507438

     C   11        0.253109        0.053501        0.343312
     C   11        0.053501        0.185576       -0.277769
     C   11        0.343312       -0.277769       -0.438685

     Cl  12        0.154173        0.189442        0.049329
     Cl  12        0.189442       -0.003355        0.020360
     Cl  12        0.049329        0.020360       -0.150818

     H   13       -0.493739        0.169687        0.058701
     H   13        0.169687        0.756278        0.624116
     H   13        0.058701        0.624116       -0.262539

     C   14        0.331284       -0.144062        0.195314
     C   14       -0.144062        0.114382        0.286439
     C   14        0.195314        0.286439       -0.445666

     H   15        0.811903        0.456925        0.405503
     H   15        0.456925       -0.344693        0.192379
     H   15        0.405503        0.192379       -0.467210

     C   16        0.201303       -0.148806        0.145784
     C   16       -0.148806        0.250150        0.359362
     C   16        0.145784        0.359362       -0.451454

     C   17        0.190213       -0.108653        0.348830
     C   17       -0.108653        0.176111        0.369865
     C   17        0.348830        0.369865       -0.366324

     Cl  18        0.095384       -0.201430        0.010109
     Cl  18       -0.201430        0.065504       -0.007435
     Cl  18        0.010109       -0.007435       -0.160888

     H   19       -0.508975       -0.181543        0.120727
     H   19       -0.181543        0.611633       -0.692241
     H   19        0.120727       -0.692241       -0.102657

     C   20        0.247666        0.085818        0.319770
     C   20        0.085818        0.102729       -0.292365
     C   20        0.319770       -0.292365       -0.350394

     H   21        0.657187       -0.422323        0.551751
     H   21       -0.422323       -0.321465       -0.255651
     H   21        0.551751       -0.255651       -0.335723

     C   22        0.102879        0.159606        0.190390
     C   22        0.159606        0.294012       -0.375521
     C   22        0.190390       -0.375521       -0.396892

     C   23        0.263163        0.073783        0.222935
     C   23        0.073783        0.184919       -0.376272
     C   23        0.222935       -0.376272       -0.448082

     Cl  24        0.148526        0.190519        0.006708
     Cl  24        0.190519        0.004588        0.001596
     Cl  24        0.006708        0.001596       -0.153113

     ----- GIPAW term -----
     Cl   1        1.228437       -1.819281        0.591979
     Cl   1       -1.819281       -0.412458       -0.131901
     Cl   1        0.591979       -0.131901       -0.815979

     C    2        0.078337       -0.068532       -0.119251
     C    2       -0.068532        0.003625       -0.097892
     C    2       -0.119251       -0.097892       -0.081962

     C    3       -0.039360        0.091956       -0.133788
     C    3        0.091956       -0.065565       -0.115301
     C    3       -0.133788       -0.115301        0.104925

     H    4       -0.000000        0.000000        0.000000
     H    4        0.000000        0.000000        0.000000
     H    4        0.000000        0.000000        0.000000

     C    5       -0.074579        0.107350       -0.132683
     C    5        0.107350        0.006615       -0.156502
     C    5       -0.132683       -0.156502        0.067964

     H    6       -0.000000        0.000000        0.000000
     H    6        0.000000        0.000000        0.000000
     H    6        0.000000        0.000000        0.000000

     H    7       -0.000000        0.000000        0.000000
     H    7        0.000000        0.000000        0.000000
     H    7        0.000000        0.000000        0.000000

     C    8       -0.159345       -0.001266       -0.038083
     C    8       -0.001266       -0.057907        0.188125
     C    8       -0.038083        0.188125        0.217252

     H    9       -0.000000        0.000000        0.000000
     H    9        0.000000        0.000000        0.000000
     H    9        0.000000        0.000000        0.000000

     C   10       -0.122809       -0.053937       -0.048972
     C   10       -0.053937       -0.026117        0.166053
     C   10       -0.048972        0.166053        0.148926

     C   11        0.098664        0.058279       -0.205100
     C   11        0.058279       -0.070976        0.129420
     C   11       -0.205100        0.129420       -0.027688

     Cl  12       -0.187468        1.731324       -0.582877
     Cl  12        1.731324       -1.138610        0.348564
     Cl  12       -0.582877        0.348564        1.326078

     H   13       -0.000000        0.000000        0.000000
     H   13        0.000000        0.000000        0.000000
     H   13        0.000000        0.000000        0.000000

     C   14        0.024720        0.147989       -0.178442
     C   14        0.147989       -0.095830       -0.142860
     C   14       -0.178442       -0.142860        0.071110

     H   15       -0.000000        0.000000        0.000000
     H   15        0.000000        0.000000        0.000000
     H   15        0.000000        0.000000        0.000000

     C   16       -0.026557        0.086293       -0.212606
     C   16        0.086293       -0.080453       -0.148308
     C   16       -0.212606       -0.148308        0.107010

     C   17       -0.014985       -0.091821       -0.107821
     C   17       -0.091821       -0.039487       -0.148759
     C   17       -0.107821       -0.148759        0.054472

     Cl  18        1.143624       -2.021527        0.137049
     Cl  18       -2.021527        0.311226        0.523193
     Cl  18        0.137049        0.523193       -1.454851

     H   19       -0.000000        0.000000        0.000000
     H   19        0.000000        0.000000        0.000000
     H   19        0.000000        0.000000        0.000000

     C   20       -0.042919       -0.124707       -0.148504
     C   20       -0.124707       -0.059560        0.173430
     C   20       -0.148504        0.173430        0.102479

     H   21       -0.000000        0.000000        0.000000
     H   21        0.000000        0.000000        0.000000
     H   21        0.000000        0.000000        0.000000

     C   22       -0.002259        0.016075       -0.166495
     C   22        0.016075       -0.088616        0.063425
     C   22       -0.166495        0.063425        0.090875

     C   23        0.068011        0.112007       -0.081301
     C   23        0.112007       -0.029449        0.057136
     C   23       -0.081301        0.057136       -0.038562

     Cl  24        1.966293        3.081957       -0.091825
     Cl  24        3.081957        0.094170        0.090325
     Cl  24       -0.091825        0.090325       -2.060463

     ----- total EFG -----
     Cl   1        1.326100       -1.925146        0.635690
     Cl   1       -1.925146       -0.489077       -0.125140
     Cl   1        0.635690       -0.125140       -0.837023

     C    2        0.208413       -0.188143       -0.448072
     C    2       -0.188143        0.008214       -0.174214
     C    2       -0.448072       -0.174214       -0.216627

     C    3       -0.010784        0.234684       -0.245499
     C    3        0.234684       -0.197465       -0.209975
     C    3       -0.245499       -0.209975        0.208249

     H    4        0.332233        0.165061        0.197792
     H    4        0.165061       -0.049214        0.060856
     H    4        0.197792        0.060856       -0.283020

     C    5       -0.139835        0.181887       -0.238938
     C    5        0.181887        0.050041       -0.256485
     C    5       -0.238938       -0.256485        0.089794

     H    6       -0.069543        0.024154        0.176971
     H    6        0.024154        0.418891        0.335117
     H    6        0.176971        0.335117       -0.349348

     H    7       -0.029035       -0.067246       -0.127599
     H    7       -0.067246        0.110820       -0.589016
     H    7       -0.127599       -0.589016       -0.081785

     C    8       -0.275793        0.054942       -0.157062
     C    8        0.054942        0.004815        0.370399
     C    8       -0.157062        0.370399        0.270978

     H    9        0.347161        0.029894        0.420682
     H    9        0.029894       -0.180838       -0.329472
     H    9        0.420682       -0.329472       -0.166323

     C   10       -0.194817       -0.255042       -0.037185
     C   10       -0.255042        0.036233        0.437345
     C   10       -0.037185        0.437345        0.158584

     C   11        0.298266        0.108982       -0.426622
     C   11        0.108982       -0.061421        0.373936
     C   11       -0.426622        0.373936       -0.236845

     Cl  12       -0.192684        1.860669       -0.604268
     Cl  12        1.860669       -1.266324        0.397699
     Cl  12       -0.604268        0.397699        1.459008

     H   13       -0.259541       -0.273400        0.204917
     H   13       -0.273400        0.191582        0.591103
     H   13        0.204917        0.591103        0.067960

     C   14        0.161183        0.380407       -0.316166
     C   14        0.380407       -0.215042       -0.180392
     C   14       -0.316166       -0.180392        0.053859

     H   15        0.350137        0.014331        0.560652
     H   15        0.014331       -0.108828        0.284464
     H   15        0.560652        0.284464       -0.241309

     C   16        0.033160        0.129768       -0.416969
     C   16        0.129768       -0.068143       -0.254370
     C   16       -0.416969       -0.254370        0.034983

     C   17       -0.089129       -0.141661       -0.110556
     C   17       -0.141661        0.034753       -0.347184
     C   17       -0.110556       -0.347184        0.054375

     Cl  18        1.213321       -2.204521        0.167032
     Cl  18       -2.204521        0.399623        0.581944
     Cl  18        0.167032        0.581944       -1.612944

     H   19       -0.362698        0.209738        0.139555
     H   19        0.209738        0.123569       -0.400266
     H   19        0.139555       -0.400266        0.239130

     C   20       -0.099386       -0.362876       -0.194009
     C   20       -0.362876       -0.114467        0.293016
     C   20       -0.194009        0.293016        0.213852

     H   21        0.105354       -0.016465        0.459418
     H   21       -0.016465       -0.021815       -0.217933
     H   21        0.459418       -0.217933       -0.083539

     C   22        0.013580        0.047238       -0.341718
     C   22        0.047238       -0.107784        0.200048
     C   22       -0.341718        0.200048        0.094205

     C   23        0.104477       -0.002242       -0.179657
     C   23       -0.002242        0.024335        0.123094
     C   23       -0.179657        0.123094       -0.128812

     Cl  24        2.204230        3.418299       -0.102297
     Cl  24        3.418299        0.104477        0.098092
     Cl  24       -0.102297        0.098092       -2.308707

     ----- total EFG (symmetrized) -----
     Cl   1        1.326100       -1.925146        0.635690
     Cl   1       -1.925146       -0.489077       -0.125140
     Cl   1        0.635690       -0.125140       -0.837023

     C    2        0.208413       -0.188143       -0.448072
     C    2       -0.188143        0.008214       -0.174214
     C    2       -0.448072       -0.174214       -0.216627

     C    3       -0.010784        0.234684       -0.245499
     C    3        0.234684       -0.197465       -0.209975
     C    3       -0.245499       -0.209975        0.208249

     H    4        0.332233        0.165061        0.197792
     H    4        0.165061       -0.049214        0.060856
     H    4        0.197792        0.060856       -0.283020

     C    5       -0.139835        0.181887       -0.238938
     C    5        0.181887        0.050041       -0.256485
     C    5       -0.238938       -0.256485        0.089794

     H    6       -0.069543        0.024154        0.176971
     H    6        0.024154        0.418891        0.335117
     H    6        0.176971        0.335117       -0.349348

     H    7       -0.029035       -0.067246       -0.127599
     H    7       -0.067246        0.110820       -0.589016
     H    7       -0.127599       -0.589016       -0.081785

     C    8       -0.275793        0.054942       -0.157062
     C    8        0.054942        0.004815        0.370399
     C    8       -0.157062        0.370399        0.270978

     H    9        0.347161        0.029894        0.420682
     H    9        0.029894       -0.180838       -0.329472
     H    9        0.420682       -0.329472       -0.166323

     C   10       -0.194817       -0.255042       -0.037185
     C   10       -0.255042        0.036233        0.437345
     C   10       -0.037185        0.437345        0.158584

     C   11        0.298266        0.108982       -0.426622
     C   11        0.108982       -0.061421        0.373936
     C   11       -0.426622        0.373936       -0.236845

     Cl  12       -0.192684        1.860669       -0.604268
     Cl  12        1.860669       -1.266324        0.397699
     Cl  12       -0.604268        0.397699        1.459008

     H   13       -0.259541       -0.273400        0.204917
     H   13       -0.273400        0.191582        0.591103
     H   13        0.204917        0.591103        0.067960

     C   14        0.161183        0.380407       -0.316166
     C   14        0.380407       -0.215042       -0.180392
     C   14       -0.316166       -0.180392        0.053859

     H   15        0.350137        0.014331        0.560652
     H   15        0.014331       -0.108828        0.284464
     H   15        0.560652        0.284464       -0.241309

     C   16        0.033160        0.129768       -0.416969
     C   16        0.129768       -0.068143       -0.254370
     C   16       -0.416969       -0.254370        0.034983

     C   17       -0.089129       -0.141661       -0.110556
     C   17       -0.141661        0.034753       -0.347184
     C   17       -0.110556       -0.347184        0.054375

     Cl  18        1.213321       -2.204521        0.167032
     Cl  18       -2.204521        0.399623        0.581944
     Cl  18        0.167032        0.581944       -1.612944

     H   19       -0.362698        0.209738        0.139555
     H   19        0.209738        0.123569       -0.400266
     H   19        0.139555       -0.400266        0.239130

     C   20       -0.099386       -0.362876       -0.194009
     C   20       -0.362876       -0.114467        0.293016
     C   20       -0.194009        0.293016        0.213852

     H   21        0.105354       -0.016465        0.459418
     H   21       -0.016465       -0.021815       -0.217933
     H   21        0.459418       -0.217933       -0.083539

     C   22        0.013580        0.047238       -0.341718
     C   22        0.047238       -0.107784        0.200048
     C   22       -0.341718        0.200048        0.094205

     C   23        0.104477       -0.002242       -0.179657
     C   23       -0.002242        0.024335        0.123094
     C   23       -0.179657        0.123094       -0.128812

     Cl  24        2.204230        3.418299       -0.102297
     Cl  24        3.418299        0.104477        0.098092
     Cl  24       -0.102297        0.098092       -2.308707


     NQR/NMR SPECTROSCOPIC PARAMETERS:
     Cl   1    Vxx=   -0.8773    axis=(  0.001962  0.315575  0.948899)
     Cl   1    Vyy=   -1.7744    axis=( -0.547267 -0.793850  0.265142)
     Cl   1    Vzz=    2.6518    axis=(  0.836956 -0.519821  0.171146)
     Cl   1  Q=        -8.1650 1e-30 m^2  Cq=       -50.8729 MHz  eta= 0.33831

     C    2    Vxx=    0.0996    axis=( -0.072113  0.913242 -0.400984)
     C    2    Vyy=    0.5018    axis=( -0.854824  0.150546  0.496600)
     C    2    Vzz=   -0.6014    axis=(  0.513883  0.378582  0.769805)
     C    2  Q=         1.0000 1e-30 m^2  Cq=        -1.4131 MHz  eta= 0.66890

     C    3    Vxx=   -0.1414    axis=(  0.672828  0.322213  0.665944)
     C    3    Vyy=   -0.3602    axis=( -0.506746  0.856559  0.097544)
     C    3    Vzz=    0.5016    axis=( -0.538991 -0.403094  0.739597)
     C    3  Q=         1.0000 1e-30 m^2  Cq=         1.1786 MHz  eta= 0.43627

     H    4    Vxx=   -0.1102    axis=(  0.330800 -0.942545  0.046686)
     H    4    Vyy=   -0.3417    axis=(  0.270608  0.047348 -0.961525)
     H    4    Vzz=    0.4518    axis=(  0.904070  0.330706  0.270723)
     H    4  Q=         1.0000 1e-30 m^2  Cq=         1.0616 MHz  eta= 0.51240

     C    5    Vxx=   -0.1812    axis=( -0.207956  0.795297  0.569436)
     C    5    Vyy=   -0.2920    axis=(  0.874138 -0.110119  0.473029)
     C    5    Vzz=    0.4732    axis=(  0.438904  0.596135 -0.672300)
     C    5  Q=         1.0000 1e-30 m^2  Cq=         1.1119 MHz  eta= 0.23432

     H    6    Vxx=   -0.0269    axis=(  0.934484 -0.244872  0.258414)
     H    6    Vyy=   -0.5295    axis=(  0.327598  0.307346 -0.893430)
     H    6    Vzz=    0.5565    axis=(  0.139354  0.919552  0.367430)
     H    6  Q=         1.0000 1e-30 m^2  Cq=         1.3074 MHz  eta= 0.90319

     H    7    Vxx=    0.0032    axis=(  0.971069 -0.189377 -0.145467)
     H    7    Vyy=    0.6129    axis=(  0.050120  0.757228 -0.651224)
     H    7    Vzz=   -0.6161    axis=(  0.233478  0.625093  0.744813)
     H    7  Q=         1.0000 1e-30 m^2  Cq=        -1.4476 MHz  eta= 0.98963

     C    8    Vxx=   -0.1364    axis=(  0.658327  0.665661 -0.351428)
     C    8    Vyy=   -0.4069    axis=( -0.742984  0.499743 -0.445233)
     C    8    Vzz=    0.5433    axis=( -0.120751  0.554214  0.823569)
     C    8  Q=         1.0000 1e-30 m^2  Cq=         1.2765 MHz  eta= 0.49786

     H    9    Vxx=    0.0090    axis=(  0.447088  0.792024 -0.415705)
     H    9    Vyy=    0.6094    axis=(  0.827221 -0.189285  0.529033)
     H    9    Vzz=   -0.6183    axis=(  0.340320 -0.580404 -0.739806)
     H    9  Q=         1.0000 1e-30 m^2  Cq=        -1.4528 MHz  eta= 0.97100

     C   10    Vxx=   -0.1241    axis=( -0.773866  0.296115 -0.559864)
     C   10    Vyy=   -0.4655    axis=( -0.581670 -0.682031  0.443277)
     C   10    Vzz=    0.5897    axis=( -0.250583  0.668693  0.700042)
     C   10  Q=         1.0000 1e-30 m^2  Cq=         1.3855 MHz  eta= 0.57898

     C   11    Vxx=    0.1509    axis=(  0.411375  0.838895  0.356408)
     C   11    Vyy=    0.5499    axis=(  0.826780 -0.178844 -0.533338)
     C   11    Vzz=   -0.7008    axis=( -0.383673  0.514073 -0.767154)
     C   11  Q=         1.0000 1e-30 m^2  Cq=        -1.6466 MHz  eta= 0.56937

     Cl  12    Vxx=    1.0871    axis=(  0.666732  0.601501  0.440074)
     Cl  12    Vyy=    1.6889    axis=(  0.440417  0.158371 -0.883715)
     Cl  12    Vzz=   -2.7760    axis=( -0.601250  0.783017 -0.159320)
     Cl  12  Q=        -8.1650 1e-30 m^2  Cq=        53.2558 MHz  eta= 0.21678

     H   13    Vxx=   -0.0153    axis=(  0.799426 -0.346268  0.490933)
     H   13    Vyy=   -0.7137    axis=(  0.596245  0.557352 -0.577798)
     H   13    Vzz=    0.7290    axis=( -0.073549  0.754624  0.652022)
     H   13  Q=         1.0000 1e-30 m^2  Cq=         1.7128 MHz  eta= 0.95808

     C   14    Vxx=   -0.1762    axis=(  0.432599  0.317662  0.843771)
     C   14    Vyy=   -0.4518    axis=( -0.541233  0.839980 -0.038746)
     C   14    Vzz=    0.6280    axis=( -0.721058 -0.439915  0.535303)
     C   14  Q=         1.0000 1e-30 m^2  Cq=         1.4755 MHz  eta= 0.43899

     H   15    Vxx=   -0.0402    axis=(  0.371238 -0.898181 -0.235485)
     H   15    Vyy=   -0.6803    axis=(  0.435375  0.392378 -0.810239)
     H   15    Vzz=    0.7205    axis=(  0.820141  0.198268  0.536711)
     H   15  Q=         1.0000 1e-30 m^2  Cq=         1.6929 MHz  eta= 0.88849

     C   16    Vxx=   -0.1558    axis=( -0.507794  0.860654  0.037678)
     C   16    Vyy=   -0.4127    axis=(  0.596036  0.319415  0.736692)
     C   16    Vzz=    0.5685    axis=( -0.622002 -0.396545  0.675178)
     C   16  Q=         1.0000 1e-30 m^2  Cq=         1.3358 MHz  eta= 0.45175

     C   17    Vxx=    0.0114    axis=(  0.868459 -0.323056 -0.376050)
     C   17    Vyy=    0.3928    axis=( -0.044615  0.704525 -0.708276)
     C   17    Vzz=   -0.4042    axis=(  0.493749  0.631886  0.597438)
     C   17  Q=         1.0000 1e-30 m^2  Cq=        -0.9497 MHz  eta= 0.94340

     Cl  18    Vxx=   -0.9691    axis=(  0.519178  0.562709  0.643283)
     Cl  18    Vyy=   -2.0921    axis=( -0.384409 -0.518497  0.763800)
     Cl  18    Vzz=    3.0611    axis=( -0.763338  0.643832  0.052881)
     Cl  18  Q=        -8.1650 1e-30 m^2  Cq=       -58.7264 MHz  eta= 0.36685

     H   19    Vxx=   -0.0340    axis=(  0.603043  0.582299  0.545222)
     H   19    Vyy=   -0.5529    axis=(  0.796876 -0.470955 -0.378404)
     H   19    Vzz=    0.5869    axis=( -0.036431 -0.662668  0.748027)
     H   19  Q=         1.0000 1e-30 m^2  Cq=         1.3790 MHz  eta= 0.88414

     C   20    Vxx=   -0.1016    axis=(  0.589701 -0.377962  0.713721)
     C   20    Vyy=   -0.4800    axis=(  0.646273  0.750824 -0.136363)
     C   20    Vzz=    0.5816    axis=( -0.484338  0.541672  0.687028)
     C   20  Q=         1.0000 1e-30 m^2  Cq=         1.3666 MHz  eta= 0.65059

     H   21    Vxx=   -0.0116    axis=(  0.417942  0.905458 -0.073958)
     H   21    Vyy=   -0.5119    axis=( -0.559981  0.320868  0.763849)
     H   21    Vzz=    0.5235    axis=(  0.715364 -0.277830  0.641143)
     H   21  Q=         1.0000 1e-30 m^2  Cq=         1.2300 MHz  eta= 0.95563

     C   22    Vxx=   -0.0311    axis=(  0.546023  0.817234  0.184356)
     C   22    Vyy=   -0.3951    axis=( -0.579994  0.527543 -0.620730)
     C   22    Vzz=    0.4262    axis=( -0.604537  0.232007  0.762042)
     C   22  Q=         1.0000 1e-30 m^2  Cq=         1.0014 MHz  eta= 0.85408

     C   23    Vxx=    0.0436    axis=(  0.460610  0.875641  0.145227)
     C   23    Vyy=    0.2233    axis=(  0.789451 -0.329367 -0.517962)
     C   23    Vzz=   -0.2669    axis=( -0.405716  0.353229 -0.842985)
     C   23  Q=         1.0000 1e-30 m^2  Cq=        -0.6270 MHz  eta= 0.67345

     Cl  24    Vxx=   -2.2145    axis=( -0.330122  0.451549  0.828929)
     Cl  24    Vyy=   -2.5158    axis=(  0.494129 -0.665560  0.559344)
     Cl  24    Vzz=    4.7303    axis=( -0.804273 -0.594250  0.003407)
     Cl  24  Q=        -8.1650 1e-30 m^2  Cq=       -90.7489 MHz  eta= 0.06369

     Initialization:
     gipaw_setup  :      9.20s CPU     10.87s WALL (       1 calls)

     Linear response

     Apply operators

     Induced current

     Other routines
     efg          :      9.20s CPU     12.06s WALL (       1 calls)

     General routines
     calbec       :      3.23s CPU      4.44s WALL (      16 calls)
     fft          :      1.76s CPU      2.82s WALL (      15 calls)
     ffts         :      0.02s CPU      0.04s WALL (       2 calls)
     fftw         :      3.20s CPU      4.09s WALL (     672 calls)
     davcio       :      0.02s CPU      0.31s WALL (      32 calls)

     Parallel routines
     fft_scatter  :      2.38s CPU      4.05s WALL (     689 calls)

     Plugins

     GIPAW        :     61.10s CPU     74.11s WALL (       1 calls)
