
     Program QE v.6.0 (svn rev. 13079) starts on 22Jan2017 at  5:44:57 

     This program is part of the open-source Quantum ESPRESSO suite
     for quantum simulation of materials; please cite
         "P. Giannozzi et al., J. Phys.:Condens. Matter 21 395502 (2009);
          URL http://www.quantum-espresso.org", 
     in publications or presentations arising from this work. More details at
     http://www.quantum-espresso.org/quote

     Parallel version (MPI), running on     8 processors
     R & G space division:  proc/nbgrp/npool/nimage =       8

     ***** This is GIPAW svn revision unknown      *****

     Parallelizing q-star over 1 images

     Reading data from directory:
     /users/majewski/paradichlorobenzene/pbe/9_constraint/scratch/pbe.ecut100.np8.dt60.pcl2phi-129368.save
     Message from routine read_xml_file:
     file /users/majewski/paradichlorobenzene/pbe/9_constraint/scratch/pbe.ecut100.np8.dt60.pcl2phi-129368.save not guaranteed to be safe for post-processing

   Info: using nr1, nr2, nr3 values from input

   Info: using nr1, nr2, nr3 values from input

     IMPORTANT: XC functional enforced from input :
     Exchange-correlation      =  SLA  PW   PBX  PBC ( 1  4  3  4 0 0)
     Any further DFT definition will be discarded
     Please, verify this is what you really want

               file C.pbe-n-kjpaw_psl.1.0.0.UPF: wavefunction(s)  2S 2P renormalized
               file Cl.pbe-n-kjpaw_psl.1.0.0.UPF: wavefunction(s)  3S 3P renormalized
               file H.pbe-kjpaw_psl.1.0.0.UPF: wavefunction(s)  1S renormalized

     Parallelization info
     --------------------
     sticks:   dense  smooth     PW     G-vecs:    dense   smooth      PW
     Min        3057    1223    332               144436    36536    5170
     Max        3059    1225    333               144437    36537    5171
     Sum       24467    9791   2657              1155489   292295   41363


     Subspace diagonalization in iterative solution of the eigenvalue problem:
     a serial algorithm will be used

     GIPAW projectors -----------------------------------------------
     atom=  C    l=0  rc=    1.2000  rs=    0.8000
     atom=  C    l=0  rc=    1.2000  rs=    0.8000
     atom=  C    l=1  rc=    1.4000  rs=    0.9333
     atom=  C    l=1  rc=    1.4000  rs=    0.9333
     projs nearly linearly dependent: l=1  n1,n2= 1, 2  s=  0.99951561

     atom=  Cl   l=0  rc=    1.6000  rs=    1.0667
     atom=  Cl   l=0  rc=    1.6000  rs=    1.0667
     atom=  Cl   l=1  rc=    1.6000  rs=    1.0667
     atom=  Cl   l=1  rc=    1.6000  rs=    1.0667
     atom=  Cl   l=2  rc=    1.6000  rs=    1.0667
     atom=  Cl   l=2  rc=    1.6000  rs=    1.0667
     projs nearly linearly dependent: l=2  n1,n2= 1, 2  s=  0.99993509

     atom=  H    l=0  rc=    1.0000  rs=    0.6667
     atom=  H    l=0  rc=    1.0000  rs=    0.6667
     projs nearly linearly dependent: l=0  n1,n2= 1, 2  s=  0.99968852
     -----------------------------------------------------------------

     GIPAW integrals: -------------------------------------------
     Atom  i/j   nmr_para   nmr_dia   epr_rmc  epr_para   epr_dia
       C   1 1   0.83E+03  0.17E-01  0.93E+01  0.24E+08  0.24E+03
       C   2 1   0.86E+03 -0.61E-01  0.94E+01  0.25E+08  0.25E+03
       C   2 2   0.90E+03 -0.15E+00  0.97E+01  0.26E+08  0.26E+03
       C   3 3   0.33E+01  0.34E+00  0.18E+01  0.55E+03  0.21E+02
       C   4 3   0.35E+01  0.37E+00  0.20E+01  0.59E+03  0.22E+02
       C   4 4   0.38E+01  0.39E+00  0.22E+01  0.63E+03  0.24E+02
       Cl  1 1   0.14E+04 -0.47E+00  0.84E+01  0.32E+09  0.42E+03
       Cl  2 1   0.21E+04 -0.37E+00  0.12E+02  0.49E+09  0.65E+03
       Cl  2 2   0.33E+04 -0.16E+00  0.21E+02  0.76E+09  0.10E+04
       Cl  3 3   0.21E+02  0.79E-01  0.89E+01  0.23E+05  0.13E+03
       Cl  4 3   0.24E+02  0.67E-01  0.99E+01  0.27E+05  0.15E+03
       Cl  4 4   0.28E+02  0.44E-01  0.11E+02  0.32E+05  0.18E+03
       Cl  5 5   0.77E+00  0.19E+00  0.18E+01  0.12E+03  0.22E+02
       Cl  6 5   0.80E+00  0.19E+00  0.19E+01  0.12E+03  0.23E+02
       Cl  6 6   0.83E+00  0.20E+00  0.19E+01  0.12E+03  0.23E+02
       H   1 1   0.39E+02  0.19E+00  0.29E+00  0.78E+05  0.13E+02
       H   2 1   0.41E+02  0.21E+00  0.32E+00  0.82E+05  0.14E+02
       H   2 2   0.43E+02  0.22E+00  0.36E+00  0.86E+05  0.15E+02
     ------------------------------------------------------------

     alpha_pv=     34.2196 eV

     Number of occupied bands for each k-point:
     k-point:     1    nbnd_occ=  42
     k-point:     2    nbnd_occ=  42
     k-point:     3    nbnd_occ=  42
     k-point:     4    nbnd_occ=  42
     k-point:     5    nbnd_occ=  42
     k-point:     6    nbnd_occ=  42
     k-point:     7    nbnd_occ=  42
     k-point:     8    nbnd_occ=  42
     k-point:     9    nbnd_occ=  42
     k-point:    10    nbnd_occ=  42
     k-point:    11    nbnd_occ=  42
     k-point:    12    nbnd_occ=  42
     k-point:    13    nbnd_occ=  42
     k-point:    14    nbnd_occ=  42
     k-point:    15    nbnd_occ=  42
     k-point:    16    nbnd_occ=  42


     q-space interpolation up to   110.00 Rydberg

     GIPAW job: efg                                                                             


     ELECTRIC FIELD GRADIENTS TENSORS IN Hartree/bohrradius^2:

     ----- bare term -----
     Cl   1       -0.040529        0.004789        0.050486
     Cl   1        0.004789        0.015952        0.119699
     Cl   1        0.050486        0.119699        0.024578

     C    2       -0.554161        0.184141       -0.378958
     C    2        0.184141        0.018502       -0.214505
     C    2       -0.378958       -0.214505        0.535659

     C    3       -0.038791        0.130259       -0.233165
     C    3        0.130259       -0.359580       -0.473483
     C    3       -0.233165       -0.473483        0.398370

     H    4       -0.575935       -0.057327       -0.260514
     H    4       -0.057327        0.327222       -0.257885
     H    4       -0.260514       -0.257885        0.248713

     C    5       -0.710345        0.312284       -0.416967
     C    5        0.312284        0.208070       -0.131639
     C    5       -0.416967       -0.131639        0.502275

     H    6        0.381536       -0.060205       -0.063605
     H    6       -0.060205       -0.530603       -0.555006
     H    6       -0.063605       -0.555006        0.149067

     H    7        0.441703        0.045125       -0.050217
     H    7        0.045125       -0.201260        0.526877
     H    7       -0.050217        0.526877       -0.240444

     C    8       -0.287123       -0.224251       -0.314618
     C    8       -0.224251       -0.129247        0.431450
     C    8       -0.314618        0.431450        0.416370

     H    9        0.064722        0.038680       -0.455408
     H    9        0.038680        0.182756       -0.255021
     H    9       -0.455408       -0.255021       -0.247479

     C   10       -0.186304       -0.399984       -0.283229
     C   10       -0.399984       -0.254455        0.447721
     C   10       -0.283229        0.447721        0.440759

     C   11       -0.169919        0.223420       -0.344544
     C   11        0.223420       -0.069544        0.655826
     C   11       -0.344544        0.655826        0.239463

     Cl  12        0.047270       -0.310693        0.057592
     Cl  12       -0.310693       -0.119801       -0.003529
     Cl  12        0.057592       -0.003529        0.072530

     H   13        0.390084        0.047678        0.254207
     H   13        0.047678        0.036176       -0.482066
     H   13        0.254207       -0.482066       -0.426260

     C   14       -0.136744        0.016963       -0.350044
     C   14        0.016963       -0.284501       -0.305800
     C   14       -0.350044       -0.305800        0.421245

     H   15       -0.107574       -0.157685       -0.509254
     H   15       -0.157685        0.427408       -0.184734
     H   15       -0.509254       -0.184734       -0.319834

     C   16       -0.440757        0.336238       -0.391865
     C   16        0.336238       -0.106229       -0.164096
     C   16       -0.391865       -0.164096        0.546985

     C   17       -0.001809       -0.200367       -0.394522
     C   17       -0.200367       -0.185258       -0.506851
     C   17       -0.394522       -0.506851        0.187067

     Cl  18       -0.188170        0.271375        0.012705
     Cl  18        0.271375        0.075075        0.048423
     Cl  18        0.012705        0.048423        0.113095

     H   19        0.511260        0.032296        0.136105
     H   19        0.032296        0.036426        0.232583
     H   19        0.136105        0.232583       -0.547686

     C   20       -0.453951       -0.315046       -0.066450
     C   20       -0.315046        0.151722        0.327053
     C   20       -0.066450        0.327053        0.302228

     H   21        0.162555        0.026584       -0.334679
     H   21        0.026584        0.279820       -0.223074
     H   21       -0.334679       -0.223074       -0.442375

     C   22        0.122671       -0.120380       -0.058496
     C   22       -0.120380       -0.074887        0.200011
     C   22       -0.058496        0.200011       -0.047784

     C   23       -0.276289       -0.288819       -0.312463
     C   23       -0.288819        0.033075        0.178717
     C   23       -0.312463        0.178717        0.243214

     Cl  24        0.204873        0.254311        0.184943
     Cl  24        0.254311       -0.309866       -0.472258
     Cl  24        0.184943       -0.472258        0.104993

     ----- ionic term -----
     Cl   1        0.100647       -0.201059        0.010594
     Cl   1       -0.201059        0.032802        0.004493
     Cl   1        0.010594        0.004493       -0.133450

     C    2        0.089526       -0.187302        0.288513
     C    2       -0.187302        0.120155        0.436790
     C    2        0.288513        0.436790       -0.209680

     C    3        0.159177       -0.222518        0.172037
     C    3       -0.222518        0.141152        0.414797
     C    3        0.172037        0.414797       -0.300328

     H    4        0.663307        0.325195        0.639662
     H    4        0.325195       -0.422027        0.234948
     H    4        0.639662        0.234948       -0.241280

     C    5        0.283185       -0.138763        0.269257
     C    5       -0.138763        0.024310        0.342357
     C    5        0.269257        0.342357       -0.307495

     H    6       -0.533581        0.065334        0.030694
     H    6        0.065334        0.675729        0.726517
     H    6        0.030694        0.726517       -0.142148

     H    7       -0.556366       -0.030845        0.047496
     H    7       -0.030845        0.433154       -0.784067
     H    7        0.047496       -0.784067        0.123211

     C    8        0.107517        0.352251        0.316111
     C    8        0.352251        0.032182       -0.234361
     C    8        0.316111       -0.234361       -0.139699

     H    9        0.388786        0.067826        0.795491
     H    9        0.067826       -0.533551       -0.027389
     H    9        0.795491       -0.027389        0.144765

     C   10        0.030401        0.384011        0.239934
     C   10        0.384011        0.115846       -0.339000
     C   10        0.239934       -0.339000       -0.146247

     C   11        0.066570        0.276087        0.334991
     C   11        0.276087        0.063792       -0.400544
     C   11        0.334991       -0.400544       -0.130362

     Cl  12        0.086811        0.222963        0.019107
     Cl  12        0.222963        0.069457        0.000845
     Cl  12        0.019107        0.000845       -0.156268

     H   13       -0.518253       -0.023124        0.019325
     H   13       -0.023124        0.523932        0.762934
     H   13        0.019325        0.762934       -0.005679

     C   14        0.246808       -0.244387        0.270851
     C   14       -0.244387       -0.019494        0.326159
     C   14        0.270851        0.326159       -0.227315

     H   15        0.658418        0.234378        0.700089
     H   15        0.234378       -0.491791        0.227168
     H   15        0.700089        0.227168       -0.166627

     C   16        0.169280       -0.282381        0.170192
     C   16       -0.282381        0.053830        0.437770
     C   16        0.170192        0.437770       -0.223111

     C   17        0.271405       -0.122777        0.295986
     C   17       -0.122777       -0.062209        0.470419
     C   17        0.295986        0.470419       -0.209196

     Cl  18        0.190567       -0.186233        0.013706
     Cl  18       -0.186233       -0.059225       -0.000505
     Cl  18        0.013706       -0.000505       -0.131342

     H   19       -0.518624        0.041597       -0.008358
     H   19        0.041597        0.512728       -0.759656
     H   19       -0.008358       -0.759656        0.005895

     C   20        0.186671        0.326426        0.339988
     C   20        0.326426        0.049022       -0.250758
     C   20        0.339988       -0.250758       -0.235692

     H   21        0.396975       -0.179761        0.803192
     H   21       -0.179761       -0.452790       -0.219650
     H   21        0.803192       -0.219650        0.055816

     C   22        0.064250        0.337274        0.259233
     C   22        0.337274        0.172729       -0.309580
     C   22        0.259233       -0.309580       -0.236979

     C   23        0.016051        0.321703        0.331720
     C   23        0.321703        0.127988       -0.274542
     C   23        0.331720       -0.274542       -0.144039

     Cl  24        0.076072        0.225474        0.035551
     Cl  24        0.225474        0.063925        0.021917
     Cl  24        0.035551        0.021917       -0.139997

     ----- GIPAW term -----
     Cl   1       -0.222718       -1.557872        0.260834
     Cl   1       -1.557872        0.875790        2.126868
     Cl   1        0.260834        2.126868       -0.653072

     C    2       -0.107652       -0.104244       -0.117799
     C    2       -0.104244       -0.023155        0.090764
     C    2       -0.117799        0.090764        0.130806

     C    3       -0.077078       -0.034936       -0.073330
     C    3       -0.034936       -0.009318        0.060512
     C    3       -0.073330        0.060512        0.086397

     H    4       -0.000000        0.000000        0.000000
     H    4        0.000000        0.000000        0.000000
     H    4        0.000000        0.000000        0.000000

     C    5       -0.180241        0.032156       -0.071725
     C    5        0.032156        0.106720        0.090725
     C    5       -0.071725        0.090725        0.073521

     H    6       -0.000000        0.000000        0.000000
     H    6        0.000000        0.000000        0.000000
     H    6        0.000000        0.000000        0.000000

     H    7       -0.000000        0.000000        0.000000
     H    7        0.000000        0.000000        0.000000
     H    7        0.000000        0.000000        0.000000

     C    8       -0.030931       -0.040521       -0.046021
     C    8       -0.040521       -0.033899        0.086010
     C    8       -0.046021        0.086010        0.064830

     H    9       -0.000000        0.000000        0.000000
     H    9        0.000000        0.000000        0.000000
     H    9        0.000000        0.000000        0.000000

     C   10       -0.026414       -0.075637       -0.117575
     C   10       -0.075637       -0.065649        0.080236
     C   10       -0.117575        0.080236        0.092062

     C   11        0.017864        0.215215       -0.004574
     C   11        0.215215        0.001913        0.178252
     C   11       -0.004574        0.178252       -0.019777

     Cl  12        2.573554        0.351611        0.557374
     Cl  12        0.351611       -0.884812       -0.098329
     Cl  12        0.557374       -0.098329       -1.688742

     H   13       -0.000000        0.000000        0.000000
     H   13        0.000000        0.000000        0.000000
     H   13        0.000000        0.000000        0.000000

     C   14       -0.057170       -0.042360       -0.166347
     C   14       -0.042360       -0.182615        0.015599
     C   14       -0.166347        0.015599        0.239785

     H   15       -0.000000        0.000000        0.000000
     H   15        0.000000        0.000000        0.000000
     H   15        0.000000        0.000000        0.000000

     C   16       -0.155708        0.011080       -0.185734
     C   16        0.011080       -0.096070        0.053705
     C   16       -0.185734        0.053705        0.251778

     C   17        0.004530       -0.209557       -0.095769
     C   17       -0.209557        0.062829        0.053600
     C   17       -0.095769        0.053600       -0.067359

     Cl  18       -0.654728        0.372432        0.395301
     Cl  18        0.372432        2.213376        1.459178
     Cl  18        0.395301        1.459178       -1.558648

     H   19       -0.000000        0.000000        0.000000
     H   19        0.000000        0.000000        0.000000
     H   19        0.000000        0.000000        0.000000

     C   20       -0.149135       -0.014263        0.023185
     C   20       -0.014263        0.071630        0.190925
     C   20        0.023185        0.190925        0.077505

     H   21       -0.000000        0.000000        0.000000
     H   21        0.000000        0.000000        0.000000
     H   21        0.000000        0.000000        0.000000

     C   22       -0.025343       -0.015437       -0.020633
     C   22       -0.015437        0.020410        0.060963
     C   22       -0.020633        0.060963        0.004933

     C   23       -0.060160       -0.039344       -0.063824
     C   23       -0.039344        0.075276        0.108945
     C   23       -0.063824        0.108945       -0.015115

     Cl  24        0.262911        0.431641       -0.143536
     Cl  24        0.431641        0.185441        0.224282
     Cl  24       -0.143536        0.224282       -0.448353

     ----- total EFG -----
     Cl   1       -0.162601       -1.754142        0.321913
     Cl   1       -1.754142        0.924544        2.251060
     Cl   1        0.321913        2.251060       -0.761944

     C    2       -0.572287       -0.107405       -0.208244
     C    2       -0.107405        0.115502        0.313050
     C    2       -0.208244        0.313050        0.456785

     C    3        0.043307       -0.127195       -0.134459
     C    3       -0.127195       -0.227746        0.001827
     C    3       -0.134459        0.001827        0.184439

     H    4        0.087372        0.267868        0.379148
     H    4        0.267868       -0.094805       -0.022937
     H    4        0.379148       -0.022937        0.007433

     C    5       -0.607401        0.205677       -0.219435
     C    5        0.205677        0.339100        0.301443
     C    5       -0.219435        0.301443        0.268301

     H    6       -0.152045        0.005130       -0.032911
     H    6        0.005130        0.145126        0.171511
     H    6       -0.032911        0.171511        0.006919

     H    7       -0.114662        0.014280       -0.002721
     H    7        0.014280        0.231895       -0.257190
     H    7       -0.002721       -0.257190       -0.117232

     C    8       -0.210537        0.087479       -0.044528
     C    8        0.087479       -0.130964        0.283099
     C    8       -0.044528        0.283099        0.341501

     H    9        0.453508        0.106507        0.340082
     H    9        0.106507       -0.350794       -0.282410
     H    9        0.340082       -0.282410       -0.102714

     C   10       -0.182317       -0.091610       -0.160869
     C   10       -0.091610       -0.204258        0.188957
     C   10       -0.160869        0.188957        0.386575

     C   11       -0.085485        0.714722       -0.014128
     C   11        0.714722       -0.003838        0.433534
     C   11       -0.014128        0.433534        0.089323

     Cl  12        2.707635        0.263881        0.634073
     Cl  12        0.263881       -0.935155       -0.101013
     Cl  12        0.634073       -0.101013       -1.772480

     H   13       -0.128170        0.024554        0.273532
     H   13        0.024554        0.560108        0.280867
     H   13        0.273532        0.280867       -0.431939

     C   14        0.052895       -0.269784       -0.245539
     C   14       -0.269784       -0.486610        0.035957
     C   14       -0.245539        0.035957        0.433715

     H   15        0.550844        0.076694        0.190834
     H   15        0.076694       -0.064383        0.042434
     H   15        0.190834        0.042434       -0.486461

     C   16       -0.427184        0.064937       -0.407407
     C   16        0.064937       -0.148468        0.327378
     C   16       -0.407407        0.327378        0.575652

     C   17        0.274126       -0.532700       -0.194306
     C   17       -0.532700       -0.184638        0.017169
     C   17       -0.194306        0.017169       -0.089488

     Cl  18       -0.652331        0.457574        0.421712
     Cl  18        0.457574        2.229226        1.507096
     Cl  18        0.421712        1.507096       -1.576895

     H   19       -0.007363        0.073893        0.127747
     H   19        0.073893        0.549154       -0.527074
     H   19        0.127747       -0.527074       -0.541791

     C   20       -0.416414       -0.002883        0.296722
     C   20       -0.002883        0.272374        0.267221
     C   20        0.296722        0.267221        0.144041

     H   21        0.559529       -0.153177        0.468513
     H   21       -0.153177       -0.172970       -0.442723
     H   21        0.468513       -0.442723       -0.386559

     C   22        0.161578        0.201457        0.180104
     C   22        0.201457        0.118253       -0.048606
     C   22        0.180104       -0.048606       -0.279831

     C   23       -0.320398       -0.006461       -0.044567
     C   23       -0.006461        0.236339        0.013119
     C   23       -0.044567        0.013119        0.084059

     Cl  24        0.543856        0.911426        0.076957
     Cl  24        0.911426       -0.060500       -0.226060
     Cl  24        0.076957       -0.226060       -0.483357

     ----- total EFG (symmetrized) -----
     Cl   1       -0.162601       -1.754142        0.321913
     Cl   1       -1.754142        0.924544        2.251060
     Cl   1        0.321913        2.251060       -0.761944

     C    2       -0.572287       -0.107405       -0.208244
     C    2       -0.107405        0.115502        0.313050
     C    2       -0.208244        0.313050        0.456785

     C    3        0.043307       -0.127195       -0.134459
     C    3       -0.127195       -0.227746        0.001827
     C    3       -0.134459        0.001827        0.184439

     H    4        0.087372        0.267868        0.379148
     H    4        0.267868       -0.094805       -0.022937
     H    4        0.379148       -0.022937        0.007433

     C    5       -0.607401        0.205677       -0.219435
     C    5        0.205677        0.339100        0.301443
     C    5       -0.219435        0.301443        0.268301

     H    6       -0.152045        0.005130       -0.032911
     H    6        0.005130        0.145126        0.171511
     H    6       -0.032911        0.171511        0.006919

     H    7       -0.114662        0.014280       -0.002721
     H    7        0.014280        0.231895       -0.257190
     H    7       -0.002721       -0.257190       -0.117232

     C    8       -0.210537        0.087479       -0.044528
     C    8        0.087479       -0.130964        0.283099
     C    8       -0.044528        0.283099        0.341501

     H    9        0.453508        0.106507        0.340082
     H    9        0.106507       -0.350794       -0.282410
     H    9        0.340082       -0.282410       -0.102714

     C   10       -0.182317       -0.091610       -0.160869
     C   10       -0.091610       -0.204258        0.188957
     C   10       -0.160869        0.188957        0.386575

     C   11       -0.085485        0.714722       -0.014128
     C   11        0.714722       -0.003838        0.433534
     C   11       -0.014128        0.433534        0.089323

     Cl  12        2.707635        0.263881        0.634073
     Cl  12        0.263881       -0.935155       -0.101013
     Cl  12        0.634073       -0.101013       -1.772480

     H   13       -0.128170        0.024554        0.273532
     H   13        0.024554        0.560108        0.280867
     H   13        0.273532        0.280867       -0.431939

     C   14        0.052895       -0.269784       -0.245539
     C   14       -0.269784       -0.486610        0.035957
     C   14       -0.245539        0.035957        0.433715

     H   15        0.550844        0.076694        0.190834
     H   15        0.076694       -0.064383        0.042434
     H   15        0.190834        0.042434       -0.486461

     C   16       -0.427184        0.064937       -0.407407
     C   16        0.064937       -0.148468        0.327378
     C   16       -0.407407        0.327378        0.575652

     C   17        0.274126       -0.532700       -0.194306
     C   17       -0.532700       -0.184638        0.017169
     C   17       -0.194306        0.017169       -0.089488

     Cl  18       -0.652331        0.457574        0.421712
     Cl  18        0.457574        2.229226        1.507096
     Cl  18        0.421712        1.507096       -1.576895

     H   19       -0.007363        0.073893        0.127747
     H   19        0.073893        0.549154       -0.527074
     H   19        0.127747       -0.527074       -0.541791

     C   20       -0.416414       -0.002883        0.296722
     C   20       -0.002883        0.272374        0.267221
     C   20        0.296722        0.267221        0.144041

     H   21        0.559529       -0.153177        0.468513
     H   21       -0.153177       -0.172970       -0.442723
     H   21        0.468513       -0.442723       -0.386559

     C   22        0.161578        0.201457        0.180104
     C   22        0.201457        0.118253       -0.048606
     C   22        0.180104       -0.048606       -0.279831

     C   23       -0.320398       -0.006461       -0.044567
     C   23       -0.006461        0.236339        0.013119
     C   23       -0.044567        0.013119        0.084059

     Cl  24        0.543856        0.911426        0.076957
     Cl  24        0.911426       -0.060500       -0.226060
     Cl  24        0.076957       -0.226060       -0.483357


     NQR/NMR SPECTROSCOPIC PARAMETERS:
     Cl   1    Vxx=   -0.0719    axis=(  0.801279  0.067646  0.594455)
     Cl   1    Vyy=   -2.9599    axis=(  0.447839  0.591034 -0.670909)
     Cl   1    Vzz=    3.0318    axis=( -0.396728  0.803805  0.443288)
     Cl   1  Q=        -8.1650 1e-30 m^2  Cq=       -58.1626 MHz  eta= 0.95259

     C    2    Vxx=   -0.0701    axis=(  0.024132  0.863594 -0.503610)
     C    2    Vyy=   -0.6161    axis=( -0.982861 -0.071601 -0.169878)
     C    2    Vzz=    0.6862    axis=( -0.182764  0.499078  0.847065)
     C    2  Q=         1.0000 1e-30 m^2  Cq=         1.6122 MHz  eta= 0.79580

     C    3    Vxx=    0.0080    axis=( -0.730520  0.389830 -0.560690)
     C    3    Vyy=    0.2755    axis=( -0.553502  0.142887  0.820499)
     C    3    Vzz=   -0.2834    axis=( -0.399971 -0.909734 -0.111390)
     C    3  Q=         1.0000 1e-30 m^2  Cq=        -0.6660 MHz  eta= 0.94367

     H    4    Vxx=   -0.0374    axis=(  0.118639  0.792152 -0.598682)
     H    4    Vyy=   -0.4539    axis=( -0.647646  0.518765  0.558066)
     H    4    Vzz=    0.4912    axis=( -0.752648 -0.321526 -0.574579)
     H    4  Q=         1.0000 1e-30 m^2  Cq=         1.1542 MHz  eta= 0.84793

     C    5    Vxx=    0.1238    axis=( -0.380227 -0.610052  0.695172)
     C    5    Vyy=    0.6073    axis=( -0.007364 -0.749604 -0.661846)
     C    5    Vzz=   -0.7311    axis=( -0.924864  0.256771 -0.280528)
     C    5  Q=         1.0000 1e-30 m^2  Cq=        -1.7177 MHz  eta= 0.66134

     H    6    Vxx=   -0.0935    axis=( -0.454304 -0.513454  0.727993)
     H    6    Vyy=   -0.1679    axis=( -0.890181  0.230053 -0.393260)
     H    6    Vzz=    0.2614    axis=(  0.034444 -0.826705 -0.561580)
     H    6  Q=         1.0000 1e-30 m^2  Cq=         0.6142 MHz  eta= 0.28460

     H    7    Vxx=   -0.1149    axis=(  0.999110 -0.010934  0.040731)
     H    7    Vyy=   -0.2536    axis=( -0.030865  0.468578  0.882883)
     H    7    Vzz=    0.3686    axis=( -0.028738 -0.883355  0.467823)
     H    7  Q=         1.0000 1e-30 m^2  Cq=         0.8660 MHz  eta= 0.37634

     C    8    Vxx=   -0.1354    axis=( -0.793805 -0.552621  0.253935)
     C    8    Vyy=   -0.3386    axis=( -0.608153  0.717951 -0.338669)
     C    8    Vzz=    0.4740    axis=( -0.004843  0.423269  0.905991)
     C    8  Q=         1.0000 1e-30 m^2  Cq=         1.1137 MHz  eta= 0.42872

     H    9    Vxx=   -0.0039    axis=(  0.347534  0.653800 -0.672135)
     H    9    Vyy=   -0.6116    axis=( -0.266465  0.756125  0.597721)
     H    9    Vzz=    0.6154    axis=(  0.899009 -0.028628  0.436994)
     H    9  Q=         1.0000 1e-30 m^2  Cq=         1.4460 MHz  eta= 0.98749

     C   10    Vxx=   -0.2013    axis=( -0.786024  0.492663 -0.373430)
     C   10    Vyy=   -0.2889    axis=(  0.561076  0.822137 -0.096357)
     C   10    Vzz=    0.4902    axis=( -0.259539  0.285262  0.922640)
     C   10  Q=         1.0000 1e-30 m^2  Cq=         1.1519 MHz  eta= 0.17869

     C   11    Vxx=    0.0544    axis=(  0.521808  0.085358 -0.848781)
     C   11    Vyy=    0.8121    axis=( -0.562049 -0.714089 -0.417346)
     C   11    Vzz=   -0.8665    axis=(  0.641729 -0.694831  0.324642)
     C   11  Q=         1.0000 1e-30 m^2  Cq=        -2.0359 MHz  eta= 0.87441

     Cl  12    Vxx=   -0.9316    axis=( -0.045011  0.987272 -0.152536)
     Cl  12    Vyy=   -1.8804    axis=(  0.143621 -0.144709 -0.978996)
     Cl  12    Vzz=    2.8120    axis=( -0.988609 -0.065973 -0.135279)
     Cl  12  Q=        -8.1650 1e-30 m^2  Cq=       -53.9470 MHz  eta= 0.33743

     H   13    Vxx=   -0.0079    axis=(  0.880443 -0.240217  0.408798)
     H   13    Vyy=   -0.6384    axis=(  0.456199  0.194166 -0.868437)
     H   13    Vzz=    0.6463    axis=(  0.129238  0.951102  0.280538)
     H   13  Q=         1.0000 1e-30 m^2  Cq=         1.5185 MHz  eta= 0.97566

     C   14    Vxx=    0.0250    axis=( -0.779413  0.375751 -0.501325)
     C   14    Vyy=    0.5772    axis=( -0.482060  0.151422  0.862954)
     C   14    Vzz=   -0.6022    axis=( -0.400167 -0.914266 -0.063115)
     C   14  Q=         1.0000 1e-30 m^2  Cq=        -1.4150 MHz  eta= 0.91689

     H   15    Vxx=   -0.0730    axis=(  0.133904 -0.990194 -0.039826)
     H   15    Vyy=   -0.5222    axis=( -0.170410 -0.062597  0.983383)
     H   15    Vzz=    0.5953    axis=( -0.976233 -0.124892 -0.177120)
     H   15  Q=         1.0000 1e-30 m^2  Cq=         1.3987 MHz  eta= 0.75458

     C   16    Vxx=   -0.1687    axis=(  0.447548  0.882708 -0.143276)
     C   16    Vyy=   -0.6395    axis=( -0.847450  0.367485 -0.383123)
     C   16    Vzz=    0.8082    axis=( -0.285534  0.292885  0.912518)
     C   16  Q=         1.0000 1e-30 m^2  Cq=         1.8990 MHz  eta= 0.58258

     C   17    Vxx=   -0.1096    axis=(  0.072331 -0.295382  0.952637)
     C   17    Vyy=   -0.5547    axis=( -0.562786 -0.800645 -0.205523)
     C   17    Vzz=    0.6642    axis=(  0.823432 -0.521266 -0.224148)
     C   17  Q=         1.0000 1e-30 m^2  Cq=         1.5607 MHz  eta= 0.67011

     Cl  18    Vxx=   -0.7027    axis=(  0.971892 -0.208187  0.109924)
     Cl  18    Vyy=   -2.1445    axis=(  0.171274  0.304904 -0.936856)
     Cl  18    Vzz=    2.8471    axis=(  0.161525  0.929350  0.331991)
     Cl  18  Q=        -8.1650 1e-30 m^2  Cq=       -54.6208 MHz  eta= 0.50642

     H   19    Vxx=    0.0196    axis=(  0.982295  0.044148  0.182065)
     H   19    Vyy=    0.7628    axis=( -0.027283 -0.927764  0.372170)
     H   19    Vzz=   -0.7824    axis=(  0.185344 -0.370548 -0.910133)
     H   19  Q=         1.0000 1e-30 m^2  Cq=        -1.8383 MHz  eta= 0.94981

     C   20    Vxx=    0.0378    axis=(  0.400805 -0.686354  0.606856)
     C   20    Vyy=    0.5220    axis=( -0.209256 -0.713461 -0.668719)
     C   20    Vzz=   -0.5598    axis=(  0.891946  0.141038 -0.429582)
     C   20  Q=         1.0000 1e-30 m^2  Cq=        -1.3153 MHz  eta= 0.86499

     H   21    Vxx=   -0.0562    axis=(  0.482676  0.791131 -0.375680)
     H   21    Vyy=   -0.7982    axis=( -0.223753  0.526115  0.820449)
     H   21    Vzz=    0.8544    axis=(  0.846734 -0.311952  0.430961)
     H   21  Q=         1.0000 1e-30 m^2  Cq=         2.0075 MHz  eta= 0.86847

     C   22    Vxx=    0.0129    axis=( -0.497614  0.752667 -0.431129)
     C   22    Vyy=    0.3602    axis=(  0.773805  0.609784  0.171430)
     C   22    Vzz=   -0.3731    axis=( -0.391926  0.248304  0.885855)
     C   22  Q=         1.0000 1e-30 m^2  Cq=        -0.8767 MHz  eta= 0.93084

     C   23    Vxx=    0.0876    axis=( -0.106677 -0.091984  0.990030)
     C   23    Vyy=    0.2377    axis=( -0.018754  0.995721  0.090492)
     C   23    Vzz=   -0.3253    axis=( -0.994117 -0.008914 -0.107946)
     C   23  Q=         1.0000 1e-30 m^2  Cq=        -0.7643 MHz  eta= 0.46115

     Cl  24    Vxx=   -0.3464    axis=(  0.337102 -0.401192  0.851709)
     Cl  24    Vyy=   -0.8584    axis=( -0.484685  0.701611  0.522325)
     Cl  24    Vzz=    1.2048    axis=( -0.807120 -0.588887  0.042063)
     Cl  24  Q=        -8.1650 1e-30 m^2  Cq=       -23.1142 MHz  eta= 0.42496

     Initialization:
     gipaw_setup  :      9.27s CPU     11.46s WALL (       1 calls)

     Linear response

     Apply operators

     Induced current

     Other routines
     efg          :      9.32s CPU     12.32s WALL (       1 calls)

     General routines
     calbec       :      3.19s CPU      4.37s WALL (      16 calls)
     fft          :      1.35s CPU      1.64s WALL (      15 calls)
     ffts         :      0.03s CPU      0.05s WALL (       2 calls)
     fftw         :      3.33s CPU      4.48s WALL (     672 calls)
     davcio       :      0.01s CPU      0.32s WALL (      32 calls)

     Parallel routines
     fft_scatter  :      2.15s CPU      3.39s WALL (     689 calls)

     Plugins

     GIPAW        :     61.20s CPU     73.53s WALL (       1 calls)
