
     Program QE v.6.0 (svn rev. 13079) starts on 30Dec2016 at 10:39:43 

     This program is part of the open-source Quantum ESPRESSO suite
     for quantum simulation of materials; please cite
         "P. Giannozzi et al., J. Phys.:Condens. Matter 21 395502 (2009);
          URL http://www.quantum-espresso.org", 
     in publications or presentations arising from this work. More details at
     http://www.quantum-espresso.org/quote

     Parallel version (MPI), running on     8 processors
     R & G space division:  proc/nbgrp/npool/nimage =       8

     ***** This is GIPAW svn revision unknown      *****

     Parallelizing q-star over 1 images

     Reading data from directory:
     /users/majewski/paradichlorobenzene/pbe/9_constraint/scratch/pbe.ecut100.np8.dt60.pcl2phi-129368.save
     Message from routine read_xml_file:
     file /users/majewski/paradichlorobenzene/pbe/9_constraint/scratch/pbe.ecut100.np8.dt60.pcl2phi-129368.save not guaranteed to be safe for post-processing

   Info: using nr1, nr2, nr3 values from input

   Info: using nr1, nr2, nr3 values from input

     IMPORTANT: XC functional enforced from input :
     Exchange-correlation      =  SLA  PW   PBX  PBC ( 1  4  3  4 0 0)
     Any further DFT definition will be discarded
     Please, verify this is what you really want

               file C.pbe-n-kjpaw_psl.1.0.0.UPF: wavefunction(s)  2S 2P renormalized
               file Cl.pbe-n-kjpaw_psl.1.0.0.UPF: wavefunction(s)  3S 3P renormalized
               file H.pbe-kjpaw_psl.1.0.0.UPF: wavefunction(s)  1S renormalized

     Parallelization info
     --------------------
     sticks:   dense  smooth     PW     G-vecs:    dense   smooth      PW
     Min        3057    1223    332               144436    36536    5170
     Max        3059    1225    333               144437    36537    5171
     Sum       24467    9791   2657              1155489   292295   41363


     Subspace diagonalization in iterative solution of the eigenvalue problem:
     a serial algorithm will be used

     GIPAW projectors -----------------------------------------------
     atom=  C    l=0  rc=    1.2000  rs=    0.8000
     atom=  C    l=0  rc=    1.2000  rs=    0.8000
     atom=  C    l=1  rc=    1.4000  rs=    0.9333
     atom=  C    l=1  rc=    1.4000  rs=    0.9333
     projs nearly linearly dependent: l=1  n1,n2= 1, 2  s=  0.99951561

     atom=  Cl   l=0  rc=    1.6000  rs=    1.0667
     atom=  Cl   l=0  rc=    1.6000  rs=    1.0667
     atom=  Cl   l=1  rc=    1.6000  rs=    1.0667
     atom=  Cl   l=1  rc=    1.6000  rs=    1.0667
     atom=  Cl   l=2  rc=    1.6000  rs=    1.0667
     atom=  Cl   l=2  rc=    1.6000  rs=    1.0667
     projs nearly linearly dependent: l=2  n1,n2= 1, 2  s=  0.99993509

     atom=  H    l=0  rc=    1.0000  rs=    0.6667
     atom=  H    l=0  rc=    1.0000  rs=    0.6667
     projs nearly linearly dependent: l=0  n1,n2= 1, 2  s=  0.99968852
     -----------------------------------------------------------------

     GIPAW integrals: -------------------------------------------
     Atom  i/j   nmr_para   nmr_dia   epr_rmc  epr_para   epr_dia
       C   1 1   0.83E+03  0.17E-01  0.93E+01  0.24E+08  0.24E+03
       C   2 1   0.86E+03 -0.61E-01  0.94E+01  0.25E+08  0.25E+03
       C   2 2   0.90E+03 -0.15E+00  0.97E+01  0.26E+08  0.26E+03
       C   3 3   0.33E+01  0.34E+00  0.18E+01  0.55E+03  0.21E+02
       C   4 3   0.35E+01  0.37E+00  0.20E+01  0.59E+03  0.22E+02
       C   4 4   0.38E+01  0.39E+00  0.22E+01  0.63E+03  0.24E+02
       Cl  1 1   0.14E+04 -0.47E+00  0.84E+01  0.32E+09  0.42E+03
       Cl  2 1   0.21E+04 -0.37E+00  0.12E+02  0.49E+09  0.65E+03
       Cl  2 2   0.33E+04 -0.16E+00  0.21E+02  0.76E+09  0.10E+04
       Cl  3 3   0.21E+02  0.79E-01  0.89E+01  0.23E+05  0.13E+03
       Cl  4 3   0.24E+02  0.67E-01  0.99E+01  0.27E+05  0.15E+03
       Cl  4 4   0.28E+02  0.44E-01  0.11E+02  0.32E+05  0.18E+03
       Cl  5 5   0.77E+00  0.19E+00  0.18E+01  0.12E+03  0.22E+02
       Cl  6 5   0.80E+00  0.19E+00  0.19E+01  0.12E+03  0.23E+02
       Cl  6 6   0.83E+00  0.20E+00  0.19E+01  0.12E+03  0.23E+02
       H   1 1   0.39E+02  0.19E+00  0.29E+00  0.78E+05  0.13E+02
       H   2 1   0.41E+02  0.21E+00  0.32E+00  0.82E+05  0.14E+02
       H   2 2   0.43E+02  0.22E+00  0.36E+00  0.86E+05  0.15E+02
     ------------------------------------------------------------

     alpha_pv=     34.1920 eV

     Number of occupied bands for each k-point:
     k-point:     1    nbnd_occ=  42
     k-point:     2    nbnd_occ=  42
     k-point:     3    nbnd_occ=  42
     k-point:     4    nbnd_occ=  42
     k-point:     5    nbnd_occ=  42
     k-point:     6    nbnd_occ=  42
     k-point:     7    nbnd_occ=  42
     k-point:     8    nbnd_occ=  42
     k-point:     9    nbnd_occ=  42
     k-point:    10    nbnd_occ=  42
     k-point:    11    nbnd_occ=  42
     k-point:    12    nbnd_occ=  42
     k-point:    13    nbnd_occ=  42
     k-point:    14    nbnd_occ=  42
     k-point:    15    nbnd_occ=  42
     k-point:    16    nbnd_occ=  42


     q-space interpolation up to   110.00 Rydberg

     GIPAW job: efg                                                                             


     ELECTRIC FIELD GRADIENTS TENSORS IN Hartree/bohrradius^2:

     ----- bare term -----
     Cl   1       -0.199990        0.321421        0.023375
     Cl   1        0.321421       -0.023930        0.019150
     Cl   1        0.023375        0.019150        0.223920

     C    2       -0.049845       -0.237055       -0.346888
     C    2       -0.237055        0.050716       -0.729719
     C    2       -0.346888       -0.729719       -0.000870

     C    3       -0.593759        0.330167       -0.364132
     C    3        0.330167        0.139133       -0.086055
     C    3       -0.364132       -0.086055        0.454626

     H    4       -0.100945       -0.199252       -0.432893
     H    4       -0.199252        0.230762       -0.434312
     H    4       -0.432893       -0.434312       -0.129817

     C    5       -0.087564       -0.245404       -0.483571
     C    5       -0.245404       -0.159424       -0.368686
     C    5       -0.483571       -0.368686        0.246988

     H    6        0.327034        0.092961        0.291088
     H    6        0.092961       -0.004130       -0.519452
     H    6        0.291088       -0.519452       -0.322904

     H    7        0.405547        0.083784        0.143803
     H    7        0.083784       -0.254867        0.416545
     H    7        0.143803        0.416545       -0.150680

     C    8       -0.898466       -0.395271       -0.433655
     C    8       -0.395271        0.468492        0.043566
     C    8       -0.433655        0.043566        0.429974

     H    9        0.085197        0.108049       -0.355484
     H    9        0.108049        0.274594       -0.233595
     H    9       -0.355484       -0.233595       -0.359791

     C   10        0.231699       -0.247760        0.073323
     C   10       -0.247760       -0.256838        0.491555
     C   10        0.073323        0.491555        0.025138

     C   11       -0.504847       -0.390647       -0.426186
     C   11       -0.390647        0.203320        0.041351
     C   11       -0.426186        0.041351        0.301527

     Cl  12        0.210748        0.161265        0.037478
     Cl  12        0.161265       -0.415243       -0.247751
     Cl  12        0.037478       -0.247751        0.204495

     H   13        0.550606        0.015550       -0.004936
     H   13        0.015550       -0.067138       -0.196532
     H   13       -0.004936       -0.196532       -0.483468

     C   14       -0.603616        0.326443       -0.067546
     C   14        0.326443        0.260566       -0.100848
     C   14       -0.067546       -0.100848        0.343051

     H   15       -0.065810        0.196282       -0.500608
     H   15        0.196282       -0.035493        0.145229
     H   15       -0.500608        0.145229        0.101304

     C   16        0.186902        0.011384       -0.218597
     C   16        0.011384       -0.115135       -0.560288
     C   16       -0.218597       -0.560288       -0.071768

     C   17       -0.643095        0.390876       -0.286487
     C   17        0.390876        0.224302       -0.151570
     C   17       -0.286487       -0.151570        0.418793

     Cl  18       -0.018330       -0.101911       -0.026975
     Cl  18       -0.101911        0.152684        0.026195
     Cl  18       -0.026975        0.026195       -0.134353

     H   19        0.299075        0.360433       -0.167192
     H   19        0.360433       -0.479517        0.488869
     H   19       -0.167192        0.488869        0.180442

     C   20       -0.024048       -0.359277       -0.009766
     C   20       -0.359277       -0.221374        0.363948
     C   20       -0.009766        0.363948        0.245422

     H   21       -0.273898        0.291930       -0.555359
     H   21        0.291930        0.288823        0.296716
     H   21       -0.555359        0.296716       -0.014925

     C   22       -0.734567       -0.379121       -0.345626
     C   22       -0.379121        0.261097        0.034161
     C   22       -0.345626        0.034161        0.473470

     C   23        0.050974       -0.089486       -0.138252
     C   23       -0.089486       -0.374186        0.366010
     C   23       -0.138252        0.366010        0.323212

     Cl  24       -0.207311       -0.168701       -0.124377
     Cl  24       -0.168701       -0.113237       -0.069893
     Cl  24       -0.124377       -0.069893        0.320547

     ----- ionic term -----
     Cl   1        0.175581       -0.195247       -0.018082
     Cl   1       -0.195247       -0.034650        0.020891
     Cl   1       -0.018082        0.020891       -0.140931

     C    2        0.276229       -0.238971        0.245175
     C    2       -0.238971       -0.118236        0.408455
     C    2        0.245175        0.408455       -0.157993

     C    3        0.162880       -0.237363        0.173870
     C    3       -0.237363       -0.025758        0.398307
     C    3        0.173870        0.398307       -0.137122

     H    4        0.573895        0.246965        0.723926
     H    4        0.246965       -0.505517        0.223724
     H    4        0.723926        0.223724       -0.068378

     C    5        0.250656       -0.225928        0.266948
     C    5       -0.225928       -0.102377        0.310477
     C    5        0.266948        0.310477       -0.148279

     H    6       -0.526433       -0.003269        0.021904
     H    6       -0.003269        0.383582        0.796497
     H    6        0.021904        0.796497        0.142852

     H    7       -0.517991        0.048520       -0.009426
     H    7        0.048520        0.441145       -0.775341
     H    7       -0.009426       -0.775341        0.076846

     C    8        0.194194        0.327930        0.357482
     C    8        0.327930        0.057294       -0.247473
     C    8        0.357482       -0.247473       -0.251488

     H    9        0.265383       -0.270994        0.766822
     H    9       -0.270994       -0.375423       -0.324334
     H    9        0.766822       -0.324334        0.110039

     C   10        0.010929        0.323631        0.270046
     C   10        0.323631        0.238912       -0.368603
     C   10        0.270046       -0.368603       -0.249841

     C   11        0.096214        0.246158        0.324284
     C   11        0.246158        0.131955       -0.345552
     C   11        0.324284       -0.345552       -0.228169

     Cl  12        0.126490        0.213365        0.052604
     Cl  12        0.213365        0.015497        0.024288
     Cl  12        0.052604        0.024288       -0.141987

     H   13       -0.514040       -0.018217        0.002769
     H   13       -0.018217        0.504139        0.784354
     H   13        0.002769        0.784354        0.009901

     C   14        0.290819       -0.281279        0.234856
     C   14       -0.281279       -0.047634        0.319460
     C   14        0.234856        0.319460       -0.243184

     H   15        0.536558        0.240031        0.726715
     H   15        0.240031       -0.460559        0.258993
     H   15        0.726715        0.258993       -0.075998

     C   16        0.107469       -0.328407        0.136345
     C   16       -0.328407        0.084626        0.478191
     C   16        0.136345        0.478191       -0.192095

     C   17        0.141977       -0.310637        0.258531
     C   17       -0.310637        0.018436        0.445131
     C   17        0.258531        0.445131       -0.160413

     Cl  18        0.141034       -0.257642        0.008085
     Cl  18       -0.257642        0.005974        0.001229
     Cl  18        0.008085        0.001229       -0.147009

     H   19       -0.523669       -0.140098        0.084705
     H   19       -0.140098        0.631474       -0.703101
     H   19        0.084705       -0.703101       -0.107805

     C   20        0.173361        0.264180        0.308470
     C   20        0.264180        0.123106       -0.272411
     C   20        0.308470       -0.272411       -0.296467

     H   21        0.657201       -0.199801        0.698984
     H   21       -0.199801       -0.479759       -0.193042
     H   21        0.698984       -0.193042       -0.177442

     C   22        0.065065        0.305470        0.225177
     C   22        0.305470        0.309713       -0.394609
     C   22        0.225177       -0.394609       -0.374777

     C   23        0.044011        0.241700        0.328411
     C   23        0.241700        0.241619       -0.396520
     C   23        0.328411       -0.396520       -0.285630

     Cl  24        0.076978        0.210885        0.014785
     Cl  24        0.210885        0.081184        0.010242
     Cl  24        0.014785        0.010242       -0.158162

     ----- GIPAW term -----
     Cl   1       -1.263284       -0.201037       -0.112004
     Cl   1       -0.201037        1.783672       -1.841742
     Cl   1       -0.112004       -1.841742       -0.520388

     C    2       -0.055906       -0.161282       -0.032551
     C    2       -0.161282        0.203220       -0.181783
     C    2       -0.032551       -0.181783       -0.147315

     C    3       -0.178475       -0.059932       -0.133037
     C    3       -0.059932        0.138295        0.144467
     C    3       -0.133037        0.144467        0.040180

     H    4       -0.000000        0.000000        0.000000
     H    4        0.000000        0.000000        0.000000
     H    4        0.000000        0.000000        0.000000

     C    5        0.010501       -0.187323       -0.189657
     C    5       -0.187323       -0.044759        0.064432
     C    5       -0.189657        0.064432        0.034258

     H    6       -0.000000        0.000000        0.000000
     H    6        0.000000        0.000000        0.000000
     H    6        0.000000        0.000000        0.000000

     H    7       -0.000000        0.000000        0.000000
     H    7        0.000000        0.000000        0.000000
     H    7        0.000000        0.000000        0.000000

     C    8       -0.188861       -0.080309       -0.025497
     C    8       -0.080309        0.240148       -0.084436
     C    8       -0.025497       -0.084436       -0.051287

     H    9       -0.000000        0.000000        0.000000
     H    9        0.000000        0.000000        0.000000
     H    9        0.000000        0.000000        0.000000

     C   10       -0.020567       -0.068965        0.032946
     C   10       -0.068965        0.109702        0.013178
     C   10        0.032946        0.013178       -0.089136

     C   11       -0.049953       -0.100675       -0.031015
     C   11       -0.100675        0.139476       -0.025124
     C   11       -0.031015       -0.025124       -0.089524

     Cl  12        0.251652        0.147001       -0.358550
     Cl  12        0.147001        0.826672        0.583572
     Cl  12       -0.358550        0.583572       -1.078324

     H   13       -0.000000        0.000000        0.000000
     H   13        0.000000        0.000000        0.000000
     H   13        0.000000        0.000000        0.000000

     C   14       -0.110339       -0.046962        0.035115
     C   14       -0.046962        0.141851       -0.050062
     C   14        0.035115       -0.050062       -0.031512

     H   15       -0.000000        0.000000        0.000000
     H   15        0.000000        0.000000        0.000000
     H   15        0.000000        0.000000        0.000000

     C   16       -0.062330       -0.041146       -0.020466
     C   16       -0.041146        0.183546       -0.057451
     C   16       -0.020466       -0.057451       -0.121216

     C   17       -0.094271       -0.162325       -0.053218
     C   17       -0.162325        0.210454        0.046889
     C   17       -0.053218        0.046889       -0.116182

     Cl  18        0.600457       -2.853272       -0.196863
     Cl  18       -2.853272        1.932127        0.223576
     Cl  18       -0.196863        0.223576       -2.532584

     H   19       -0.000000        0.000000        0.000000
     H   19        0.000000        0.000000        0.000000
     H   19        0.000000        0.000000        0.000000

     C   20       -0.058093       -0.173611        0.073832
     C   20       -0.173611        0.122156       -0.066618
     C   20        0.073832       -0.066618       -0.064063

     H   21       -0.000000        0.000000        0.000000
     H   21        0.000000        0.000000        0.000000
     H   21        0.000000        0.000000        0.000000

     C   22       -0.260045       -0.071849       -0.051389
     C   22       -0.071849        0.183889       -0.181544
     C   22       -0.051389       -0.181544        0.076156

     C   23       -0.071470        0.030075        0.040022
     C   23        0.030075        0.028621       -0.193073
     C   23        0.040022       -0.193073        0.042849

     Cl  24       -0.208822        1.515414       -1.256788
     Cl  24        1.515414       -1.002513       -0.790239
     Cl  24       -1.256788       -0.790239        1.211335

     ----- total EFG -----
     Cl   1       -1.287693       -0.074863       -0.106711
     Cl   1       -0.074863        1.725092       -1.801701
     Cl   1       -0.106711       -1.801701       -0.437399

     C    2        0.170478       -0.637308       -0.134264
     C    2       -0.637308        0.135700       -0.503047
     C    2       -0.134264       -0.503047       -0.306178

     C    3       -0.609354        0.032872       -0.323299
     C    3        0.032872        0.251669        0.456719
     C    3       -0.323299        0.456719        0.357685

     H    4        0.472950        0.047713        0.291033
     H    4        0.047713       -0.274755       -0.210588
     H    4        0.291033       -0.210588       -0.198195

     C    5        0.173592       -0.658655       -0.406280
     C    5       -0.658655       -0.306560        0.006222
     C    5       -0.406280        0.006222        0.132968

     H    6       -0.199399        0.089693        0.312992
     H    6        0.089693        0.379452        0.277045
     H    6        0.312992        0.277045       -0.180053

     H    7       -0.112444        0.132304        0.134377
     H    7        0.132304        0.186278       -0.358795
     H    7        0.134377       -0.358795       -0.073834

     C    8       -0.893132       -0.147650       -0.101669
     C    8       -0.147650        0.765934       -0.288343
     C    8       -0.101669       -0.288343        0.127199

     H    9        0.350580       -0.162945        0.411338
     H    9       -0.162945       -0.100829       -0.557929
     H    9        0.411338       -0.557929       -0.249751

     C   10        0.222061        0.006906        0.376315
     C   10        0.006906        0.091777        0.136130
     C   10        0.376315        0.136130       -0.313838

     C   11       -0.458586       -0.245164       -0.132916
     C   11       -0.245164        0.474752       -0.329325
     C   11       -0.132916       -0.329325       -0.016166

     Cl  12        0.588891        0.521631       -0.268467
     Cl  12        0.521631        0.426925        0.360109
     Cl  12       -0.268467        0.360109       -1.015816

     H   13        0.036566       -0.002667       -0.002167
     H   13       -0.002667        0.437000        0.587821
     H   13       -0.002167        0.587821       -0.473566

     C   14       -0.423137       -0.001798        0.202425
     C   14       -0.001798        0.354783        0.168550
     C   14        0.202425        0.168550        0.068354

     H   15        0.470747        0.436313        0.226107
     H   15        0.436313       -0.496053        0.404222
     H   15        0.226107        0.404222        0.025305

     C   16        0.232041       -0.358169       -0.102719
     C   16       -0.358169        0.153037       -0.139547
     C   16       -0.102719       -0.139547       -0.385078

     C   17       -0.595389       -0.082086       -0.081174
     C   17       -0.082086        0.453192        0.340450
     C   17       -0.081174        0.340450        0.142198

     Cl  18        0.723161       -3.212825       -0.215753
     Cl  18       -3.212825        2.090785        0.251000
     Cl  18       -0.215753        0.251000       -2.813946

     H   19       -0.224594        0.220335       -0.082488
     H   19        0.220335        0.151957       -0.214232
     H   19       -0.082488       -0.214232        0.072637

     C   20        0.091220       -0.268708        0.372536
     C   20       -0.268708        0.023888        0.024920
     C   20        0.372536        0.024920       -0.115108

     H   21        0.383303        0.092129        0.143625
     H   21        0.092129       -0.190936        0.103674
     H   21        0.143625        0.103674       -0.192367

     C   22       -0.929547       -0.145501       -0.171838
     C   22       -0.145501        0.754699       -0.541993
     C   22       -0.171838       -0.541993        0.174848

     C   23        0.023515        0.182290        0.230182
     C   23        0.182290       -0.103946       -0.223583
     C   23        0.230182       -0.223583        0.080430

     Cl  24       -0.339155        1.557598       -1.366380
     Cl  24        1.557598       -1.034565       -0.849890
     Cl  24       -1.366380       -0.849890        1.373720

     ----- total EFG (symmetrized) -----
     Cl   1       -1.287693       -0.074863       -0.106711
     Cl   1       -0.074863        1.725092       -1.801701
     Cl   1       -0.106711       -1.801701       -0.437399

     C    2        0.170478       -0.637308       -0.134264
     C    2       -0.637308        0.135700       -0.503047
     C    2       -0.134264       -0.503047       -0.306178

     C    3       -0.609354        0.032872       -0.323299
     C    3        0.032872        0.251669        0.456719
     C    3       -0.323299        0.456719        0.357685

     H    4        0.472950        0.047713        0.291033
     H    4        0.047713       -0.274755       -0.210588
     H    4        0.291033       -0.210588       -0.198195

     C    5        0.173592       -0.658655       -0.406280
     C    5       -0.658655       -0.306560        0.006222
     C    5       -0.406280        0.006222        0.132968

     H    6       -0.199399        0.089693        0.312992
     H    6        0.089693        0.379452        0.277045
     H    6        0.312992        0.277045       -0.180053

     H    7       -0.112444        0.132304        0.134377
     H    7        0.132304        0.186278       -0.358795
     H    7        0.134377       -0.358795       -0.073834

     C    8       -0.893132       -0.147650       -0.101669
     C    8       -0.147650        0.765934       -0.288343
     C    8       -0.101669       -0.288343        0.127199

     H    9        0.350580       -0.162945        0.411338
     H    9       -0.162945       -0.100829       -0.557929
     H    9        0.411338       -0.557929       -0.249751

     C   10        0.222061        0.006906        0.376315
     C   10        0.006906        0.091777        0.136130
     C   10        0.376315        0.136130       -0.313838

     C   11       -0.458586       -0.245164       -0.132916
     C   11       -0.245164        0.474752       -0.329325
     C   11       -0.132916       -0.329325       -0.016166

     Cl  12        0.588891        0.521631       -0.268467
     Cl  12        0.521631        0.426925        0.360109
     Cl  12       -0.268467        0.360109       -1.015816

     H   13        0.036566       -0.002667       -0.002167
     H   13       -0.002667        0.437000        0.587821
     H   13       -0.002167        0.587821       -0.473566

     C   14       -0.423137       -0.001798        0.202425
     C   14       -0.001798        0.354783        0.168550
     C   14        0.202425        0.168550        0.068354

     H   15        0.470747        0.436313        0.226107
     H   15        0.436313       -0.496053        0.404222
     H   15        0.226107        0.404222        0.025305

     C   16        0.232041       -0.358169       -0.102719
     C   16       -0.358169        0.153037       -0.139547
     C   16       -0.102719       -0.139547       -0.385078

     C   17       -0.595389       -0.082086       -0.081174
     C   17       -0.082086        0.453192        0.340450
     C   17       -0.081174        0.340450        0.142198

     Cl  18        0.723161       -3.212825       -0.215753
     Cl  18       -3.212825        2.090785        0.251000
     Cl  18       -0.215753        0.251000       -2.813946

     H   19       -0.224594        0.220335       -0.082488
     H   19        0.220335        0.151957       -0.214232
     H   19       -0.082488       -0.214232        0.072637

     C   20        0.091220       -0.268708        0.372536
     C   20       -0.268708        0.023888        0.024920
     C   20        0.372536        0.024920       -0.115108

     H   21        0.383303        0.092129        0.143625
     H   21        0.092129       -0.190936        0.103674
     H   21        0.143625        0.103674       -0.192367

     C   22       -0.929547       -0.145501       -0.171838
     C   22       -0.145501        0.754699       -0.541993
     C   22       -0.171838       -0.541993        0.174848

     C   23        0.023515        0.182290        0.230182
     C   23        0.182290       -0.103946       -0.223583
     C   23        0.230182       -0.223583        0.080430

     Cl  24       -0.339155        1.557598       -1.366380
     Cl  24        1.557598       -1.034565       -0.849890
     Cl  24       -1.366380       -0.849890        1.373720


     NQR/NMR SPECTROSCOPIC PARAMETERS:
     Cl   1    Vxx=   -1.2175    axis=(  0.879554 -0.231974 -0.415420)
     Cl   1    Vyy=   -1.5276    axis=(  0.475789  0.434541  0.764721)
     Cl   1    Vzz=    2.7451    axis=( -0.003121  0.870266 -0.492573)
     Cl   1  Q=        -8.1650 1e-30 m^2  Cq=       -52.6639 MHz  eta= 0.11294

     C    2    Vxx=    0.0193    axis=(  0.624199  0.300070 -0.721342)
     C    2    Vyy=    0.8550    axis=( -0.634691  0.733156 -0.244233)
     C    2    Vzz=   -0.8743    axis=(  0.455570  0.610279  0.648087)
     C    2  Q=         1.0000 1e-30 m^2  Cq=        -2.0542 MHz  eta= 0.95593

     C    3    Vxx=   -0.0606    axis=( -0.365280 -0.756006  0.543163)
     C    3    Vyy=   -0.7396    axis=( -0.916964  0.191636 -0.349933)
     C    3    Vzz=    0.8002    axis=( -0.160462  0.625884  0.763231)
     C    3  Q=         1.0000 1e-30 m^2  Cq=         1.8801 MHz  eta= 0.84858

     H    4    Vxx=   -0.0769    axis=( -0.268216 -0.731660  0.626684)
     H    4    Vyy=   -0.5057    axis=(  0.239097 -0.680724 -0.692421)
     H    4    Vzz=    0.5826    axis=(  0.933216 -0.035880  0.357519)
     H    4  Q=         1.0000 1e-30 m^2  Cq=         1.3689 MHz  eta= 0.73605

     C    5    Vxx=    0.0162    axis=(  0.237475 -0.468231  0.851097)
     C    5    Vyy=    0.8102    axis=(  0.762875 -0.452503 -0.461804)
     C    5    Vzz=   -0.8264    axis=(  0.601355  0.758947  0.249743)
     C    5  Q=         1.0000 1e-30 m^2  Cq=        -1.9417 MHz  eta= 0.96083

     H    6    Vxx=   -0.0302    axis=(  0.692440 -0.502028  0.518165)
     H    6    Vyy=   -0.5236    axis=(  0.662724  0.158708 -0.731853)
     H    6    Vzz=    0.5538    axis=(  0.285174  0.850164  0.442602)
     H    6  Q=         1.0000 1e-30 m^2  Cq=         1.3011 MHz  eta= 0.89089

     H    7    Vxx=   -0.0063    axis=(  0.862424  0.238949  0.446238)
     H    7    Vyy=   -0.4335    axis=( -0.502453  0.510996  0.697441)
     H    7    Vzz=    0.4398    axis=( -0.061373 -0.825704  0.560756)
     H    7  Q=         1.0000 1e-30 m^2  Cq=         1.0333 MHz  eta= 0.97154

     C    8    Vxx=    0.0394    axis=( -0.154624  0.337159  0.928663)
     C    8    Vyy=    0.8827    axis=(  0.057771 -0.935274  0.349178)
     C    8    Vzz=   -0.9221    axis=(  0.986283  0.107641  0.125137)
     C    8  Q=         1.0000 1e-30 m^2  Cq=        -2.1667 MHz  eta= 0.91446

     H    9    Vxx=    0.0030    axis=(  0.686547  0.651971 -0.321848)
     H    9    Vyy=    0.7762    axis=(  0.699524 -0.471563  0.536930)
     H    9    Vzz=   -0.7792    axis=(  0.198291 -0.593769 -0.779820)
     H    9  Q=         1.0000 1e-30 m^2  Cq=        -1.8307 MHz  eta= 0.99228

     C   10    Vxx=    0.0998    axis=(  0.270220 -0.960237 -0.070183)
     C   10    Vyy=    0.4306    axis=(  0.857398  0.206836  0.471262)
     C   10    Vzz=   -0.5303    axis=( -0.438006 -0.187519  0.879197)
     C   10  Q=         1.0000 1e-30 m^2  Cq=        -1.2461 MHz  eta= 0.62371

     C   11    Vxx=   -0.0609    axis=( -0.463677  0.300283  0.833567)
     C   11    Vyy=   -0.6031    axis=(  0.873458  0.312693  0.373222)
     C   11    Vzz=    0.6640    axis=( -0.148578  0.901140 -0.407273)
     C   11  Q=         1.0000 1e-30 m^2  Cq=         1.5602 MHz  eta= 0.81667

     Cl  12    Vxx=    0.1519    axis=( -0.616791  0.701004  0.357997)
     Cl  12    Vyy=    1.0363    axis=( -0.754784 -0.655770 -0.016331)
     Cl  12    Vzz=   -1.1881    axis=(  0.223316 -0.280284  0.933580)
     Cl  12  Q=        -8.1650 1e-30 m^2  Cq=        22.7940 MHz  eta= 0.74437

     H   13    Vxx=    0.0366    axis=(  0.999988  0.004791  0.001273)
     H   13    Vyy=    0.7252    axis=(  0.004862 -0.897857 -0.440260)
     H   13    Vzz=   -0.7618    axis=( -0.000966  0.440260 -0.897870)
     H   13  Q=         1.0000 1e-30 m^2  Cq=        -1.7899 MHz  eta= 0.90404

     C   14    Vxx=    0.0584    axis=( -0.345042  0.462446 -0.816756)
     C   14    Vyy=    0.4415    axis=(  0.104925  0.883747  0.456050)
     C   14    Vzz=   -0.5000    axis=( -0.932704 -0.071659  0.353452)
     C   14  Q=         1.0000 1e-30 m^2  Cq=        -1.1748 MHz  eta= 0.76625

     H   15    Vxx=   -0.0274    axis=( -0.543470  0.197680  0.815820)
     H   15    Vyy=   -0.7854    axis=( -0.242341  0.893545 -0.377953)
     H   15    Vzz=    0.8127    axis=( -0.803686 -0.403113 -0.437709)
     H   15  Q=         1.0000 1e-30 m^2  Cq=         1.9096 MHz  eta= 0.93264

     C   16    Vxx=   -0.0727    axis=(  0.593787  0.643677 -0.482802)
     C   16    Vyy=   -0.4805    axis=(  0.311762  0.369113  0.875534)
     C   16    Vzz=    0.5532    axis=( -0.741770  0.670400 -0.018501)
     C   16  Q=         1.0000 1e-30 m^2  Cq=         1.2998 MHz  eta= 0.73715

     C   17    Vxx=   -0.0755    axis=( -0.044488 -0.545729  0.836780)
     C   17    Vyy=   -0.6064    axis=( -0.995115 -0.049680 -0.085307)
     C   17    Vzz=    0.6820    axis=(  0.088125 -0.836488 -0.540853)
     C   17  Q=         1.0000 1e-30 m^2  Cq=         1.6023 MHz  eta= 0.77852

     Cl  18    Vxx=   -1.8777    axis=(  0.776865  0.629583 -0.010238)
     Cl  18    Vyy=   -2.8286    axis=(  0.035620 -0.027707  0.998981)
     Cl  18    Vzz=    4.7063    axis=(  0.628658 -0.776439 -0.043951)
     Cl  18  Q=        -8.1650 1e-30 m^2  Cq=       -90.2883 MHz  eta= 0.20204

     H   19    Vxx=   -0.0826    axis=(  0.280839  0.489935  0.825284)
     H   19    Vyy=   -0.3268    axis=( -0.899124  0.435091  0.047671)
     H   19    Vzz=    0.4095    axis=( -0.335718 -0.755420  0.562702)
     H   19  Q=         1.0000 1e-30 m^2  Cq=         0.9621 MHz  eta= 0.59647

     C   20    Vxx=    0.0013    axis=( -0.120732 -0.818694 -0.561395)
     C   20    Vyy=    0.4712    axis=( -0.768147  0.435268 -0.469565)
     C   20    Vzz=   -0.4726    axis=( -0.628787 -0.374543  0.681428)
     C   20  Q=         1.0000 1e-30 m^2  Cq=        -1.1103 MHz  eta= 0.99429

     H   21    Vxx=   -0.1401    axis=( -0.297938  0.725474  0.620420)
     H   21    Vyy=   -0.2978    axis=( -0.067139 -0.664253  0.744487)
     H   21    Vzz=    0.4379    axis=(  0.952221  0.180157  0.246614)
     H   21  Q=         1.0000 1e-30 m^2  Cq=         1.0290 MHz  eta= 0.36013

     C   22    Vxx=   -0.0911    axis=( -0.255822  0.490003  0.833338)
     C   22    Vyy=   -0.9890    axis=(  0.966546  0.146164  0.210770)
     C   22    Vzz=    1.0801    axis=( -0.018526  0.859379 -0.511003)
     C   22  Q=         1.0000 1e-30 m^2  Cq=         2.5378 MHz  eta= 0.83133

     C   23    Vxx=    0.1369    axis=( -0.639816 -0.723886  0.258117)
     C   23    Vyy=    0.2936    axis=(  0.553383 -0.200883  0.808340)
     C   23    Vzz=   -0.4305    axis=(  0.533295 -0.660026 -0.529115)
     C   23  Q=         1.0000 1e-30 m^2  Cq=        -1.0114 MHz  eta= 0.36397

     Cl  24    Vxx=   -0.4645    axis=(  0.547550  0.526471  0.650397)
     Cl  24    Vyy=   -2.2955    axis=( -0.649461  0.757491 -0.066397)
     Cl  24    Vzz=    2.7601    axis=( -0.527626 -0.386052  0.756687)
     Cl  24  Q=        -8.1650 1e-30 m^2  Cq=       -52.9507 MHz  eta= 0.66338

     Initialization:
     gipaw_setup  :      9.13s CPU     11.06s WALL (       1 calls)

     Linear response

     Apply operators

     Induced current

     Other routines
     efg          :      9.20s CPU     11.68s WALL (       1 calls)

     General routines
     calbec       :      3.25s CPU      4.28s WALL (      16 calls)
     fft          :      1.67s CPU      2.55s WALL (      15 calls)
     ffts         :      0.06s CPU      0.09s WALL (       2 calls)
     fftw         :      3.25s CPU      4.14s WALL (     672 calls)
     davcio       :      0.02s CPU      0.32s WALL (      32 calls)

     Parallel routines
     fft_scatter  :      2.33s CPU      3.94s WALL (     689 calls)

     Plugins

     GIPAW        :     60.70s CPU     75.39s WALL (       1 calls)
