
     Program QE v.6.0 (svn rev. 13079) starts on 16Jan2017 at 12: 1: 7 

     This program is part of the open-source Quantum ESPRESSO suite
     for quantum simulation of materials; please cite
         "P. Giannozzi et al., J. Phys.:Condens. Matter 21 395502 (2009);
          URL http://www.quantum-espresso.org", 
     in publications or presentations arising from this work. More details at
     http://www.quantum-espresso.org/quote

     Parallel version (MPI), running on     8 processors
     R & G space division:  proc/nbgrp/npool/nimage =       8

     ***** This is GIPAW svn revision unknown      *****

     Parallelizing q-star over 1 images

     Reading data from directory:
     /users/majewski/paradichlorobenzene/pbe/9_constraint/scratch/pbe.ecut100.np8.dt60.pcl2phi-129368.save
     Message from routine read_xml_file:
     file /users/majewski/paradichlorobenzene/pbe/9_constraint/scratch/pbe.ecut100.np8.dt60.pcl2phi-129368.save not guaranteed to be safe for post-processing

   Info: using nr1, nr2, nr3 values from input

   Info: using nr1, nr2, nr3 values from input

     IMPORTANT: XC functional enforced from input :
     Exchange-correlation      =  SLA  PW   PBX  PBC ( 1  4  3  4 0 0)
     Any further DFT definition will be discarded
     Please, verify this is what you really want

               file C.pbe-n-kjpaw_psl.1.0.0.UPF: wavefunction(s)  2S 2P renormalized
               file Cl.pbe-n-kjpaw_psl.1.0.0.UPF: wavefunction(s)  3S 3P renormalized
               file H.pbe-kjpaw_psl.1.0.0.UPF: wavefunction(s)  1S renormalized

     Parallelization info
     --------------------
     sticks:   dense  smooth     PW     G-vecs:    dense   smooth      PW
     Min        3057    1223    332               144436    36536    5170
     Max        3059    1225    333               144437    36537    5171
     Sum       24467    9791   2657              1155489   292295   41363


     Subspace diagonalization in iterative solution of the eigenvalue problem:
     a serial algorithm will be used

     GIPAW projectors -----------------------------------------------
     atom=  C    l=0  rc=    1.2000  rs=    0.8000
     atom=  C    l=0  rc=    1.2000  rs=    0.8000
     atom=  C    l=1  rc=    1.4000  rs=    0.9333
     atom=  C    l=1  rc=    1.4000  rs=    0.9333
     projs nearly linearly dependent: l=1  n1,n2= 1, 2  s=  0.99951561

     atom=  Cl   l=0  rc=    1.6000  rs=    1.0667
     atom=  Cl   l=0  rc=    1.6000  rs=    1.0667
     atom=  Cl   l=1  rc=    1.6000  rs=    1.0667
     atom=  Cl   l=1  rc=    1.6000  rs=    1.0667
     atom=  Cl   l=2  rc=    1.6000  rs=    1.0667
     atom=  Cl   l=2  rc=    1.6000  rs=    1.0667
     projs nearly linearly dependent: l=2  n1,n2= 1, 2  s=  0.99993509

     atom=  H    l=0  rc=    1.0000  rs=    0.6667
     atom=  H    l=0  rc=    1.0000  rs=    0.6667
     projs nearly linearly dependent: l=0  n1,n2= 1, 2  s=  0.99968852
     -----------------------------------------------------------------

     GIPAW integrals: -------------------------------------------
     Atom  i/j   nmr_para   nmr_dia   epr_rmc  epr_para   epr_dia
       C   1 1   0.83E+03  0.17E-01  0.93E+01  0.24E+08  0.24E+03
       C   2 1   0.86E+03 -0.61E-01  0.94E+01  0.25E+08  0.25E+03
       C   2 2   0.90E+03 -0.15E+00  0.97E+01  0.26E+08  0.26E+03
       C   3 3   0.33E+01  0.34E+00  0.18E+01  0.55E+03  0.21E+02
       C   4 3   0.35E+01  0.37E+00  0.20E+01  0.59E+03  0.22E+02
       C   4 4   0.38E+01  0.39E+00  0.22E+01  0.63E+03  0.24E+02
       Cl  1 1   0.14E+04 -0.47E+00  0.84E+01  0.32E+09  0.42E+03
       Cl  2 1   0.21E+04 -0.37E+00  0.12E+02  0.49E+09  0.65E+03
       Cl  2 2   0.33E+04 -0.16E+00  0.21E+02  0.76E+09  0.10E+04
       Cl  3 3   0.21E+02  0.79E-01  0.89E+01  0.23E+05  0.13E+03
       Cl  4 3   0.24E+02  0.67E-01  0.99E+01  0.27E+05  0.15E+03
       Cl  4 4   0.28E+02  0.44E-01  0.11E+02  0.32E+05  0.18E+03
       Cl  5 5   0.77E+00  0.19E+00  0.18E+01  0.12E+03  0.22E+02
       Cl  6 5   0.80E+00  0.19E+00  0.19E+01  0.12E+03  0.23E+02
       Cl  6 6   0.83E+00  0.20E+00  0.19E+01  0.12E+03  0.23E+02
       H   1 1   0.39E+02  0.19E+00  0.29E+00  0.78E+05  0.13E+02
       H   2 1   0.41E+02  0.21E+00  0.32E+00  0.82E+05  0.14E+02
       H   2 2   0.43E+02  0.22E+00  0.36E+00  0.86E+05  0.15E+02
     ------------------------------------------------------------

     alpha_pv=     34.3340 eV

     Number of occupied bands for each k-point:
     k-point:     1    nbnd_occ=  42
     k-point:     2    nbnd_occ=  42
     k-point:     3    nbnd_occ=  42
     k-point:     4    nbnd_occ=  42
     k-point:     5    nbnd_occ=  42
     k-point:     6    nbnd_occ=  42
     k-point:     7    nbnd_occ=  42
     k-point:     8    nbnd_occ=  42
     k-point:     9    nbnd_occ=  42
     k-point:    10    nbnd_occ=  42
     k-point:    11    nbnd_occ=  42
     k-point:    12    nbnd_occ=  42
     k-point:    13    nbnd_occ=  42
     k-point:    14    nbnd_occ=  42
     k-point:    15    nbnd_occ=  42
     k-point:    16    nbnd_occ=  42


     q-space interpolation up to   110.00 Rydberg

     GIPAW job: efg                                                                             


     ELECTRIC FIELD GRADIENTS TENSORS IN Hartree/bohrradius^2:

     ----- bare term -----
     Cl   1        0.099625        0.157389        0.095765
     Cl   1        0.157389       -0.126269        0.390540
     Cl   1        0.095765        0.390540        0.026644

     C    2        0.120515       -0.050599       -0.242524
     C    2       -0.050599       -0.036365       -0.583894
     C    2       -0.242524       -0.583894       -0.084150

     C    3       -0.362304        0.120748       -0.024926
     C    3        0.120748        0.001159        0.023592
     C    3       -0.024926        0.023592        0.361145

     H    4       -0.333006       -0.472913        0.103320
     H    4       -0.472913        0.054580        0.142194
     H    4        0.103320        0.142194        0.278427

     C    5       -0.011230        0.138455       -0.105347
     C    5        0.138455       -0.073441       -0.401631
     C    5       -0.105347       -0.401631        0.084671

     H    6        0.451299       -0.112105       -0.011564
     H    6       -0.112105       -0.805037       -0.165447
     H    6       -0.011564       -0.165447        0.353738

     H    7        0.490299       -0.034314       -0.126272
     H    7       -0.034314       -0.449077        0.487517
     H    7       -0.126272        0.487517       -0.041222

     C    8       -0.725685       -0.327858       -0.182767
     C    8       -0.327858        0.337236        0.105567
     C    8       -0.182767        0.105567        0.388449

     H    9       -0.122174       -0.207675       -0.497865
     H    9       -0.207675       -0.074278       -0.075832
     H    9       -0.497865       -0.075832        0.196451

     C   10        0.244126       -0.080849       -0.126243
     C   10       -0.080849       -0.144075        0.464069
     C   10       -0.126243        0.464069       -0.100051

     C   11       -0.614412       -0.462437       -0.312362
     C   11       -0.462437        0.214276        0.096659
     C   11       -0.312362        0.096659        0.400136

     Cl  12       -0.028737        0.050744       -0.035828
     Cl  12        0.050744        0.164083        0.031506
     Cl  12       -0.035828        0.031506       -0.135346

     H   13        0.268636       -0.252548        0.173458
     H   13       -0.252548       -0.510728       -0.248138
     H   13        0.173458       -0.248138        0.242091

     C   14       -0.775869        0.376595       -0.459651
     C   14        0.376595        0.286055        0.004289
     C   14       -0.459651        0.004289        0.489814

     H   15       -0.463227       -0.179546        0.262006
     H   15       -0.179546        0.287333       -0.112543
     H   15        0.262006       -0.112543        0.175895

     C   16        0.230741       -0.077990        0.079916
     C   16       -0.077990       -0.423161       -0.394742
     C   16        0.079916       -0.394742        0.192420

     C   17       -0.817953        0.390711       -0.312202
     C   17        0.390711        0.288927       -0.019470
     C   17       -0.312202       -0.019470        0.529026

     Cl  18        0.066288        0.024050        0.042606
     Cl  18        0.024050       -0.072711       -0.046461
     Cl  18        0.042606       -0.046461        0.006423

     H   19        0.415499       -0.091843        0.037201
     H   19       -0.091843       -0.642315        0.444501
     H   19        0.037201        0.444501        0.226816

     C   20        0.060542        0.015870       -0.194709
     C   20        0.015870       -0.132951        0.404488
     C   20       -0.194709        0.404488        0.072409

     H   21       -0.130030        0.452198       -0.340665
     H   21        0.452198       -0.213686        0.246972
     H   21       -0.340665        0.246972        0.343716

     C   22       -0.708693       -0.303768       -0.242296
     C   22       -0.303768        0.266319        0.091565
     C   22       -0.242296        0.091565        0.442374

     C   23        0.102409        0.021436       -0.236237
     C   23        0.021436       -0.029692        0.619543
     C   23       -0.236237        0.619543       -0.072717

     Cl  24       -0.340390       -0.304909       -0.005647
     Cl  24       -0.304909        0.208096        0.002973
     Cl  24       -0.005647        0.002973        0.132294

     ----- ionic term -----
     Cl   1        0.120619       -0.159009       -0.053071
     Cl   1       -0.159009        0.003309        0.043115
     Cl   1       -0.053071        0.043115       -0.123927

     C    2        0.294507        0.007054        0.031622
     C    2        0.007054        0.162920        0.392432
     C    2        0.031622        0.392432       -0.457426

     C    3        0.278849       -0.173008        0.032396
     C    3       -0.173008        0.162627        0.387058
     C    3        0.032396        0.387058       -0.441476

     H    4        0.918775        0.270860        0.418835
     H    4        0.270860       -0.476642        0.164865
     H    4        0.418835        0.164865       -0.442133

     C    5        0.396532       -0.141926        0.068455
     C    5       -0.141926        0.075915        0.322943
     C    5        0.068455        0.322943       -0.472448

     H    6       -0.519622        0.014903        0.013534
     H    6        0.014903        0.770282        0.650007
     H    6        0.013534        0.650007       -0.250660

     H    7       -0.515922       -0.072538        0.057059
     H    7       -0.072538        0.761559       -0.646913
     H    7        0.057059       -0.646913       -0.245637

     C    8        0.245219        0.259017        0.271018
     C    8        0.259017        0.111105       -0.256234
     C    8        0.271018       -0.256234       -0.356324

     H    9        0.686254       -0.307095        0.595158
     H    9       -0.307095       -0.390244       -0.221778
     H    9        0.595158       -0.221778       -0.296010

     C   10        0.163939        0.304479        0.179875
     C   10        0.304479        0.162522       -0.360309
     C   10        0.179875       -0.360309       -0.326461

     C   11        0.220236        0.216928        0.244465
     C   11        0.216928        0.034358       -0.403650
     C   11        0.244465       -0.403650       -0.254594

     Cl  12        0.201121        0.240646        0.004435
     Cl  12        0.240646       -0.043976       -0.004038
     Cl  12        0.004435       -0.004038       -0.157145

     H   13       -0.494140        0.206204        0.037253
     H   13        0.206204        0.854151        0.533661
     H   13        0.037253        0.533661       -0.360012

     C   14        0.383869       -0.031114        0.021736
     C   14       -0.031114        0.130479        0.278611
     C   14        0.021736        0.278611       -0.514348

     H   15        0.848550        0.492490        0.321680
     H   15        0.492490       -0.296262        0.154849
     H   15        0.321680        0.154849       -0.552288

     C   16        0.230611       -0.057883        0.040795
     C   16       -0.057883        0.282980        0.346062
     C   16        0.040795        0.346062       -0.513591

     C   17        0.270101       -0.030314        0.179149
     C   17       -0.030314        0.263518        0.332635
     C   17        0.179149        0.332635       -0.533619

     Cl  18        0.136262       -0.221985        0.000024
     Cl  18       -0.221985        0.031749        0.004419
     Cl  18        0.000024        0.004419       -0.168011

     H   19       -0.518259        0.050510       -0.033952
     H   19        0.050510        0.538682       -0.756431
     H   19       -0.033952       -0.756431       -0.020423

     C   20        0.234491        0.225536        0.223100
     C   20        0.225536        0.029949       -0.313389
     C   20        0.223100       -0.313389       -0.264440

     H   21        0.651802       -0.220526        0.675110
     H   21       -0.220526       -0.469700       -0.202967
     H   21        0.675110       -0.202967       -0.182102

     C   22        0.169213        0.249937        0.185133
     C   22        0.249937        0.141863       -0.365692
     C   22        0.185133       -0.365692       -0.311076

     C   23        0.173634        0.208012        0.272581
     C   23        0.208012        0.118319       -0.364159
     C   23        0.272581       -0.364159       -0.291952

     Cl  24        0.136369        0.198841        0.017354
     Cl  24        0.198841        0.029551       -0.005030
     Cl  24        0.017354       -0.005030       -0.165919

     ----- GIPAW term -----
     Cl   1       -0.332845        0.070107       -0.383584
     Cl   1        0.070107        0.169282       -0.845979
     Cl   1       -0.383584       -0.845979        0.163563

     C    2       -0.030939       -0.018935       -0.032826
     C    2       -0.018935        0.167789       -0.081402
     C    2       -0.032826       -0.081402       -0.136850

     C    3       -0.056709        0.005476       -0.004884
     C    3        0.005476        0.058546       -0.012781
     C    3       -0.004884       -0.012781       -0.001837

     H    4       -0.000000        0.000000        0.000000
     H    4        0.000000        0.000000        0.000000
     H    4        0.000000        0.000000        0.000000

     C    5       -0.070488        0.088832        0.012348
     C    5        0.088832        0.210034       -0.035432
     C    5        0.012348       -0.035432       -0.139546

     H    6       -0.000000        0.000000        0.000000
     H    6        0.000000        0.000000        0.000000
     H    6        0.000000        0.000000        0.000000

     H    7       -0.000000        0.000000        0.000000
     H    7        0.000000        0.000000        0.000000
     H    7        0.000000        0.000000        0.000000

     C    8       -0.147602        0.033581        0.009909
     C    8        0.033581        0.193282        0.033895
     C    8        0.009909        0.033895       -0.045680

     H    9       -0.000000        0.000000        0.000000
     H    9        0.000000        0.000000        0.000000
     H    9        0.000000        0.000000        0.000000

     C   10       -0.036902       -0.002742       -0.008167
     C   10       -0.002742        0.134177        0.050153
     C   10       -0.008167        0.050153       -0.097275

     C   11       -0.114267       -0.020509       -0.025614
     C   11       -0.020509        0.188691        0.023889
     C   11       -0.025614        0.023889       -0.074424

     Cl  12        0.343412        2.331805       -0.156813
     Cl  12        2.331805        2.241355        0.440024
     Cl  12       -0.156813        0.440024       -2.584767

     H   13       -0.000000        0.000000        0.000000
     H   13        0.000000        0.000000        0.000000
     H   13        0.000000        0.000000        0.000000

     C   14       -0.126467       -0.033754       -0.105709
     C   14       -0.033754        0.070961        0.144736
     C   14       -0.105709        0.144736        0.055506

     H   15       -0.000000        0.000000        0.000000
     H   15        0.000000        0.000000        0.000000
     H   15        0.000000        0.000000        0.000000

     C   16       -0.012836       -0.038739        0.017914
     C   16       -0.038739       -0.003568        0.062669
     C   16        0.017914        0.062669        0.016404

     C   17       -0.162799        0.022781        0.004340
     C   17        0.022781        0.094260        0.176799
     C   17        0.004340        0.176799        0.068539

     Cl  18       -0.281856       -0.775329        0.564170
     Cl  18       -0.775329        0.850873        1.977281
     Cl  18        0.564170        1.977281       -0.569017

     H   19       -0.000000        0.000000        0.000000
     H   19        0.000000        0.000000        0.000000
     H   19        0.000000        0.000000        0.000000

     C   20       -0.064923        0.000970       -0.009613
     C   20        0.000970        0.183393       -0.015209
     C   20       -0.009613       -0.015209       -0.118470

     H   21       -0.000000        0.000000        0.000000
     H   21        0.000000        0.000000        0.000000
     H   21        0.000000        0.000000        0.000000

     C   22       -0.180418       -0.014312       -0.032471
     C   22       -0.014312        0.234664       -0.016759
     C   22       -0.032471       -0.016759       -0.054246

     C   23       -0.050056        0.021223       -0.023418
     C   23        0.021223        0.233484        0.032745
     C   23       -0.023418        0.032745       -0.183427

     Cl  24       -1.151431        0.920365       -0.111122
     Cl  24        0.920365        2.932446       -0.159811
     Cl  24       -0.111122       -0.159811       -1.781015

     ----- total EFG -----
     Cl   1       -0.112602        0.068487       -0.340891
     Cl   1        0.068487        0.046322       -0.412325
     Cl   1       -0.340891       -0.412325        0.066280

     C    2        0.384083       -0.062480       -0.243729
     C    2       -0.062480        0.294344       -0.272863
     C    2       -0.243729       -0.272863       -0.678427

     C    3       -0.140165       -0.046784        0.002586
     C    3       -0.046784        0.222332        0.397869
     C    3        0.002586        0.397869       -0.082167

     H    4        0.585769       -0.202054        0.522155
     H    4       -0.202054       -0.422063        0.307059
     H    4        0.522155        0.307059       -0.163707

     C    5        0.314814        0.085361       -0.024544
     C    5        0.085361        0.212509       -0.114120
     C    5       -0.024544       -0.114120       -0.527323

     H    6       -0.068323       -0.097202        0.001971
     H    6       -0.097202       -0.034755        0.484560
     H    6        0.001971        0.484560        0.103078

     H    7       -0.025623       -0.106852       -0.069213
     H    7       -0.106852        0.312482       -0.159396
     H    7       -0.069213       -0.159396       -0.286859

     C    8       -0.628068       -0.035260        0.098160
     C    8       -0.035260        0.641623       -0.116772
     C    8        0.098160       -0.116772       -0.013556

     H    9        0.564080       -0.514770        0.097293
     H    9       -0.514770       -0.464521       -0.297611
     H    9        0.097293       -0.297611       -0.099559

     C   10        0.371163        0.220888        0.045465
     C   10        0.220888        0.152624        0.153912
     C   10        0.045465        0.153912       -0.523787

     C   11       -0.508443       -0.266018       -0.093511
     C   11       -0.266018        0.437325       -0.283101
     C   11       -0.093511       -0.283101        0.071119

     Cl  12        0.515796        2.623195       -0.188205
     Cl  12        2.623195        2.361462        0.467492
     Cl  12       -0.188205        0.467492       -2.877258

     H   13       -0.225503       -0.046344        0.210711
     H   13       -0.046344        0.343424        0.285524
     H   13        0.210711        0.285524       -0.117920

     C   14       -0.518467        0.311726       -0.543625
     C   14        0.311726        0.487495        0.427636
     C   14       -0.543625        0.427636        0.030972

     H   15        0.385323        0.312944        0.583685
     H   15        0.312944       -0.008929        0.042306
     H   15        0.583685        0.042306       -0.376394

     C   16        0.448516       -0.174612        0.138624
     C   16       -0.174612       -0.143748        0.013990
     C   16        0.138624        0.013990       -0.304767

     C   17       -0.710651        0.383178       -0.128714
     C   17        0.383178        0.646705        0.489965
     C   17       -0.128714        0.489965        0.063946

     Cl  18       -0.079306       -0.973264        0.606801
     Cl  18       -0.973264        0.809912        1.935239
     Cl  18        0.606801        1.935239       -0.730605

     H   19       -0.102760       -0.041334        0.003249
     H   19       -0.041334       -0.103633       -0.311930
     H   19        0.003249       -0.311930        0.206393

     C   20        0.230110        0.242376        0.018778
     C   20        0.242376        0.080391        0.075891
     C   20        0.018778        0.075891       -0.310501

     H   21        0.521772        0.231671        0.334445
     H   21        0.231671       -0.683386        0.044005
     H   21        0.334445        0.044005        0.161614

     C   22       -0.719898       -0.068143       -0.089634
     C   22       -0.068143        0.642846       -0.290887
     C   22       -0.089634       -0.290887        0.077052

     C   23        0.225986        0.250670        0.012926
     C   23        0.250670        0.322110        0.288130
     C   23        0.012926        0.288130       -0.548096

     Cl  24       -1.355452        0.814296       -0.099415
     Cl  24        0.814296        3.170092       -0.161868
     Cl  24       -0.099415       -0.161868       -1.814640

     ----- total EFG (symmetrized) -----
     Cl   1       -0.112602        0.068487       -0.340891
     Cl   1        0.068487        0.046322       -0.412325
     Cl   1       -0.340891       -0.412325        0.066280

     C    2        0.384083       -0.062480       -0.243729
     C    2       -0.062480        0.294344       -0.272863
     C    2       -0.243729       -0.272863       -0.678427

     C    3       -0.140165       -0.046784        0.002586
     C    3       -0.046784        0.222332        0.397869
     C    3        0.002586        0.397869       -0.082167

     H    4        0.585769       -0.202054        0.522155
     H    4       -0.202054       -0.422063        0.307059
     H    4        0.522155        0.307059       -0.163707

     C    5        0.314814        0.085361       -0.024544
     C    5        0.085361        0.212509       -0.114120
     C    5       -0.024544       -0.114120       -0.527323

     H    6       -0.068323       -0.097202        0.001971
     H    6       -0.097202       -0.034755        0.484560
     H    6        0.001971        0.484560        0.103078

     H    7       -0.025623       -0.106852       -0.069213
     H    7       -0.106852        0.312482       -0.159396
     H    7       -0.069213       -0.159396       -0.286859

     C    8       -0.628068       -0.035260        0.098160
     C    8       -0.035260        0.641623       -0.116772
     C    8        0.098160       -0.116772       -0.013556

     H    9        0.564080       -0.514770        0.097293
     H    9       -0.514770       -0.464521       -0.297611
     H    9        0.097293       -0.297611       -0.099559

     C   10        0.371163        0.220888        0.045465
     C   10        0.220888        0.152624        0.153912
     C   10        0.045465        0.153912       -0.523787

     C   11       -0.508443       -0.266018       -0.093511
     C   11       -0.266018        0.437325       -0.283101
     C   11       -0.093511       -0.283101        0.071119

     Cl  12        0.515796        2.623195       -0.188205
     Cl  12        2.623195        2.361462        0.467492
     Cl  12       -0.188205        0.467492       -2.877258

     H   13       -0.225503       -0.046344        0.210711
     H   13       -0.046344        0.343424        0.285524
     H   13        0.210711        0.285524       -0.117920

     C   14       -0.518467        0.311726       -0.543625
     C   14        0.311726        0.487495        0.427636
     C   14       -0.543625        0.427636        0.030972

     H   15        0.385323        0.312944        0.583685
     H   15        0.312944       -0.008929        0.042306
     H   15        0.583685        0.042306       -0.376394

     C   16        0.448516       -0.174612        0.138624
     C   16       -0.174612       -0.143748        0.013990
     C   16        0.138624        0.013990       -0.304767

     C   17       -0.710651        0.383178       -0.128714
     C   17        0.383178        0.646705        0.489965
     C   17       -0.128714        0.489965        0.063946

     Cl  18       -0.079306       -0.973264        0.606801
     Cl  18       -0.973264        0.809912        1.935239
     Cl  18        0.606801        1.935239       -0.730605

     H   19       -0.102760       -0.041334        0.003249
     H   19       -0.041334       -0.103633       -0.311930
     H   19        0.003249       -0.311930        0.206393

     C   20        0.230110        0.242376        0.018778
     C   20        0.242376        0.080391        0.075891
     C   20        0.018778        0.075891       -0.310501

     H   21        0.521772        0.231671        0.334445
     H   21        0.231671       -0.683386        0.044005
     H   21        0.334445        0.044005        0.161614

     C   22       -0.719898       -0.068143       -0.089634
     C   22       -0.068143        0.642846       -0.290887
     C   22       -0.089634       -0.290887        0.077052

     C   23        0.225986        0.250670        0.012926
     C   23        0.250670        0.322110        0.288130
     C   23        0.012926        0.288130       -0.548096

     Cl  24       -1.355452        0.814296       -0.099415
     Cl  24        0.814296        3.170092       -0.161868
     Cl  24       -0.099415       -0.161868       -1.814640


     NQR/NMR SPECTROSCOPIC PARAMETERS:
     Cl   1    Vxx=   -0.1124    axis=( -0.734428  0.665304  0.134109)
     Cl   1    Vyy=   -0.4833    axis=( -0.549975 -0.467627 -0.691992)
     Cl   1    Vzz=    0.5957    axis=( -0.397672 -0.581975  0.709339)
     Cl   1  Q=        -8.1650 1e-30 m^2  Cq=       -11.4279 MHz  eta= 0.62263

     C    2    Vxx=    0.3656    axis=( -0.015655  0.968274 -0.249401)
     C    2    Vyy=    0.4374    axis=(  0.978144 -0.036892 -0.204628)
     C    2    Vzz=   -0.8031    axis=(  0.207337  0.247154  0.946534)
     C    2  Q=         1.0000 1e-30 m^2  Cq=        -1.8869 MHz  eta= 0.08940

     C    3    Vxx=   -0.1386    axis=(  0.989767 -0.026308  0.140247)
     C    3    Vyy=   -0.3597    axis=( -0.130345 -0.566645  0.813587)
     C    3    Vzz=    0.4982    axis=( -0.058066  0.823542  0.564276)
     C    3  Q=         1.0000 1e-30 m^2  Cq=         1.1707 MHz  eta= 0.44383

     H    4    Vxx=   -0.0623    axis=(  0.293646 -0.710586 -0.639406)
     H    4    Vyy=   -0.7928    axis=(  0.339740  0.702803 -0.625015)
     H    4    Vzz=    0.8551    axis=(  0.893503 -0.033698  0.447790)
     H    4  Q=         1.0000 1e-30 m^2  Cq=         2.0091 MHz  eta= 0.85437

     C    5    Vxx=    0.1745    axis=( -0.531104  0.839069 -0.117862)
     C    5    Vyy=    0.3702    axis=(  0.847198  0.523642 -0.089751)
     C    5    Vzz=   -0.5447    axis=(  0.013590  0.147519  0.988966)
     C    5  Q=         1.0000 1e-30 m^2  Cq=        -1.2798 MHz  eta= 0.35923

     H    6    Vxx=   -0.0608    axis=(  0.977205 -0.071571  0.199872)
     H    6    Vyy=   -0.4693    axis=(  0.184864  0.749775 -0.635345)
     H    6    Vzz=    0.5301    axis=( -0.104387  0.657811  0.745914)
     H    6  Q=         1.0000 1e-30 m^2  Cq=         1.2456 MHz  eta= 0.77062

     H    7    Vxx=   -0.0180    axis=(  0.934147  0.144676 -0.326249)
     H    7    Vyy=   -0.3539    axis=(  0.280942  0.265656  0.922225)
     H    7    Vzz=    0.3719    axis=(  0.220094 -0.953150  0.207516)
     H    7  Q=         1.0000 1e-30 m^2  Cq=         0.8737 MHz  eta= 0.90319

     C    8    Vxx=   -0.0203    axis=(  0.146699  0.179427  0.972772)
     C    8    Vyy=   -0.6436    axis=( -0.988365 -0.013350  0.151513)
     C    8    Vzz=    0.6639    axis=(  0.040172 -0.983681  0.175381)
     C    8  Q=         1.0000 1e-30 m^2  Cq=         1.5599 MHz  eta= 0.93887

     H    9    Vxx=   -0.0581    axis=( -0.338837 -0.237494  0.910377)
     H    9    Vyy=   -0.7662    axis=(  0.316104  0.882632  0.347908)
     H    9    Vzz=    0.8243    axis=( -0.886154  0.405657 -0.223996)
     H    9  Q=         1.0000 1e-30 m^2  Cq=         1.9368 MHz  eta= 0.85896

     C   10    Vxx=    0.0348    axis=(  0.556861 -0.811263 -0.178206)
     C   10    Vyy=    0.5224    axis=(  0.830601  0.544605  0.116222)
     C   10    Vzz=   -0.5572    axis=(  0.002765 -0.212737  0.977106)
     C   10  Q=         1.0000 1e-30 m^2  Cq=        -1.3091 MHz  eta= 0.87504

     C   11    Vxx=   -0.0052    axis=( -0.346256  0.348984  0.870814)
     C   11    Vyy=   -0.6196    axis=(  0.921959  0.298240  0.247071)
     C   11    Vzz=    0.6247    axis=( -0.173487  0.888405 -0.425017)
     C   11  Q=         1.0000 1e-30 m^2  Cq=         1.4678 MHz  eta= 0.98350

     Cl  12    Vxx=   -1.2338    axis=( -0.797702  0.549813  0.247746)
     Cl  12    Vyy=   -2.9961    axis=(  0.181263 -0.173220  0.968059)
     Cl  12    Vzz=    4.2299    axis=(  0.575166  0.817130  0.038518)
     Cl  12  Q=        -8.1650 1e-30 m^2  Cq=       -81.1490 MHz  eta= 0.41664

     H   13    Vxx=   -0.0318    axis=(  0.725321 -0.357898  0.588063)
     H   13    Vyy=   -0.4517    axis=(  0.684285  0.281446 -0.672712)
     H   13    Vzz=    0.4835    axis=(  0.075254  0.890335  0.449043)
     H   13  Q=         1.0000 1e-30 m^2  Cq=         1.1361 MHz  eta= 0.86847

     C   14    Vxx=    0.2713    axis=(  0.621254  0.416806 -0.663563)
     C   14    Vyy=    0.7442    axis=(  0.014316 -0.852699 -0.522206)
     C   14    Vzz=   -1.0155    axis=(  0.783479 -0.314923  0.535709)
     C   14  Q=         1.0000 1e-30 m^2  Cq=        -2.3860 MHz  eta= 0.46563

     H   15    Vxx=   -0.0971    axis=(  0.217766 -0.923691  0.315236)
     H   15    Vyy=   -0.7120    axis=(  0.500362 -0.171655 -0.848629)
     H   15    Vzz=    0.8091    axis=(  0.837983  0.342534  0.424799)
     H   15  Q=         1.0000 1e-30 m^2  Cq=         1.9011 MHz  eta= 0.75988

     C   16    Vxx=   -0.1752    axis=( -0.192701 -0.932027 -0.306906)
     C   16    Vyy=   -0.3416    axis=(  0.222824  0.263034 -0.938702)
     C   16    Vzz=    0.5168    axis=(  0.955623 -0.249275  0.156992)
     C   16  Q=         1.0000 1e-30 m^2  Cq=         1.2144 MHz  eta= 0.32186

     C   17    Vxx=   -0.0846    axis=( -0.394196 -0.359976  0.845593)
     C   17    Vyy=   -0.8860    axis=( -0.904012  0.317516 -0.286261)
     C   17    Vzz=    0.9706    axis=( -0.165442 -0.877269 -0.450586)
     C   17  Q=         1.0000 1e-30 m^2  Cq=         2.2806 MHz  eta= 0.82561

     Cl  18    Vxx=    0.2773    axis=(  0.888191 -0.040097  0.457721)
     Cl  18    Vyy=    2.2280    axis=( -0.220826  0.836339  0.501770)
     Cl  18    Vzz=   -2.5053    axis=( -0.402929 -0.546744  0.733974)
     Cl  18  Q=        -8.1650 1e-30 m^2  Cq=        48.0629 MHz  eta= 0.77860

     H   19    Vxx=   -0.0983    axis=(  0.984971 -0.115339 -0.128562)
     H   19    Vyy=   -0.3026    axis=(  0.165677  0.841295  0.514561)
     H   19    Vzz=    0.4009    axis=(  0.048810 -0.528128  0.847761)
     H   19  Q=         1.0000 1e-30 m^2  Cq=         0.9420 MHz  eta= 0.50939

     C   20    Vxx=   -0.0876    axis=(  0.600655 -0.770924 -0.211871)
     C   20    Vyy=   -0.3264    axis=(  0.062494 -0.218919  0.973740)
     C   20    Vzz=    0.4140    axis=( -0.797062 -0.598123 -0.083316)
     C   20  Q=         1.0000 1e-30 m^2  Cq=         0.9726 MHz  eta= 0.57678

     H   21    Vxx=   -0.0290    axis=( -0.480975 -0.111809  0.869575)
     H   21    Vyy=   -0.7268    axis=( -0.188136  0.981892  0.022189)
     H   21    Vzz=    0.7558    axis=( -0.856310 -0.152926 -0.493301)
     H   21  Q=         1.0000 1e-30 m^2  Cq=         1.7759 MHz  eta= 0.92318

     C   22    Vxx=   -0.0286    axis=( -0.155658  0.379322  0.912078)
     C   22    Vyy=   -0.7376    axis=(  0.987629  0.077479  0.136329)
     C   22    Vzz=    0.7662    axis=( -0.018954  0.922015 -0.386690)
     C   22  Q=         1.0000 1e-30 m^2  Cq=         1.8004 MHz  eta= 0.92528

     C   23    Vxx=    0.0606    axis=(  0.817266 -0.527368 -0.232293)
     C   23    Vyy=    0.5787    axis=(  0.571508  0.793420  0.209434)
     C   23    Vzz=   -0.6393    axis=(  0.073857 -0.303921  0.949830)
     C   23  Q=         1.0000 1e-30 m^2  Cq=        -1.5021 MHz  eta= 0.81054

     Cl  24    Vxx=   -1.4830    axis=(  0.963293 -0.175641 -0.203020)
     Cl  24    Vyy=   -1.8353    axis=( -0.205902  0.001851 -0.978571)
     Cl  24    Vzz=    3.3182    axis=(  0.172253  0.984453 -0.034382)
     Cl  24  Q=        -8.1650 1e-30 m^2  Cq=       -63.6585 MHz  eta= 0.10616

     Initialization:
     gipaw_setup  :      9.23s CPU     11.18s WALL (       1 calls)

     Linear response

     Apply operators

     Induced current

     Other routines
     efg          :      9.37s CPU     11.82s WALL (       1 calls)

     General routines
     calbec       :      3.25s CPU      4.24s WALL (      16 calls)
     fft          :      1.54s CPU      2.18s WALL (      15 calls)
     ffts         :      0.04s CPU      0.04s WALL (       2 calls)
     fftw         :      3.27s CPU      4.09s WALL (     672 calls)
     davcio       :      0.04s CPU      0.30s WALL (      32 calls)

     Parallel routines
     fft_scatter  :      2.29s CPU      3.52s WALL (     689 calls)

     Plugins

     GIPAW        :     61.40s CPU     73.70s WALL (       1 calls)
