
     Program QE v.6.0 (svn rev. 13079) starts on 22Jan2017 at  2:46:47 

     This program is part of the open-source Quantum ESPRESSO suite
     for quantum simulation of materials; please cite
         "P. Giannozzi et al., J. Phys.:Condens. Matter 21 395502 (2009);
          URL http://www.quantum-espresso.org", 
     in publications or presentations arising from this work. More details at
     http://www.quantum-espresso.org/quote

     Parallel version (MPI), running on     8 processors
     R & G space division:  proc/nbgrp/npool/nimage =       8

     ***** This is GIPAW svn revision unknown      *****

     Parallelizing q-star over 1 images

     Reading data from directory:
     /users/majewski/paradichlorobenzene/pbe/9_constraint/scratch/pbe.ecut100.np8.dt60.pcl2phi-129368.save
     Message from routine read_xml_file:
     file /users/majewski/paradichlorobenzene/pbe/9_constraint/scratch/pbe.ecut100.np8.dt60.pcl2phi-129368.save not guaranteed to be safe for post-processing

   Info: using nr1, nr2, nr3 values from input

   Info: using nr1, nr2, nr3 values from input

     IMPORTANT: XC functional enforced from input :
     Exchange-correlation      =  SLA  PW   PBX  PBC ( 1  4  3  4 0 0)
     Any further DFT definition will be discarded
     Please, verify this is what you really want

               file C.pbe-n-kjpaw_psl.1.0.0.UPF: wavefunction(s)  2S 2P renormalized
               file Cl.pbe-n-kjpaw_psl.1.0.0.UPF: wavefunction(s)  3S 3P renormalized
               file H.pbe-kjpaw_psl.1.0.0.UPF: wavefunction(s)  1S renormalized

     Parallelization info
     --------------------
     sticks:   dense  smooth     PW     G-vecs:    dense   smooth      PW
     Min        3057    1223    332               144436    36536    5170
     Max        3059    1225    333               144437    36537    5171
     Sum       24467    9791   2657              1155489   292295   41363


     Subspace diagonalization in iterative solution of the eigenvalue problem:
     a serial algorithm will be used

     GIPAW projectors -----------------------------------------------
     atom=  C    l=0  rc=    1.2000  rs=    0.8000
     atom=  C    l=0  rc=    1.2000  rs=    0.8000
     atom=  C    l=1  rc=    1.4000  rs=    0.9333
     atom=  C    l=1  rc=    1.4000  rs=    0.9333
     projs nearly linearly dependent: l=1  n1,n2= 1, 2  s=  0.99951561

     atom=  Cl   l=0  rc=    1.6000  rs=    1.0667
     atom=  Cl   l=0  rc=    1.6000  rs=    1.0667
     atom=  Cl   l=1  rc=    1.6000  rs=    1.0667
     atom=  Cl   l=1  rc=    1.6000  rs=    1.0667
     atom=  Cl   l=2  rc=    1.6000  rs=    1.0667
     atom=  Cl   l=2  rc=    1.6000  rs=    1.0667
     projs nearly linearly dependent: l=2  n1,n2= 1, 2  s=  0.99993509

     atom=  H    l=0  rc=    1.0000  rs=    0.6667
     atom=  H    l=0  rc=    1.0000  rs=    0.6667
     projs nearly linearly dependent: l=0  n1,n2= 1, 2  s=  0.99968852
     -----------------------------------------------------------------

     GIPAW integrals: -------------------------------------------
     Atom  i/j   nmr_para   nmr_dia   epr_rmc  epr_para   epr_dia
       C   1 1   0.83E+03  0.17E-01  0.93E+01  0.24E+08  0.24E+03
       C   2 1   0.86E+03 -0.61E-01  0.94E+01  0.25E+08  0.25E+03
       C   2 2   0.90E+03 -0.15E+00  0.97E+01  0.26E+08  0.26E+03
       C   3 3   0.33E+01  0.34E+00  0.18E+01  0.55E+03  0.21E+02
       C   4 3   0.35E+01  0.37E+00  0.20E+01  0.59E+03  0.22E+02
       C   4 4   0.38E+01  0.39E+00  0.22E+01  0.63E+03  0.24E+02
       Cl  1 1   0.14E+04 -0.47E+00  0.84E+01  0.32E+09  0.42E+03
       Cl  2 1   0.21E+04 -0.37E+00  0.12E+02  0.49E+09  0.65E+03
       Cl  2 2   0.33E+04 -0.16E+00  0.21E+02  0.76E+09  0.10E+04
       Cl  3 3   0.21E+02  0.79E-01  0.89E+01  0.23E+05  0.13E+03
       Cl  4 3   0.24E+02  0.67E-01  0.99E+01  0.27E+05  0.15E+03
       Cl  4 4   0.28E+02  0.44E-01  0.11E+02  0.32E+05  0.18E+03
       Cl  5 5   0.77E+00  0.19E+00  0.18E+01  0.12E+03  0.22E+02
       Cl  6 5   0.80E+00  0.19E+00  0.19E+01  0.12E+03  0.23E+02
       Cl  6 6   0.83E+00  0.20E+00  0.19E+01  0.12E+03  0.23E+02
       H   1 1   0.39E+02  0.19E+00  0.29E+00  0.78E+05  0.13E+02
       H   2 1   0.41E+02  0.21E+00  0.32E+00  0.82E+05  0.14E+02
       H   2 2   0.43E+02  0.22E+00  0.36E+00  0.86E+05  0.15E+02
     ------------------------------------------------------------

     alpha_pv=     34.1965 eV

     Number of occupied bands for each k-point:
     k-point:     1    nbnd_occ=  42
     k-point:     2    nbnd_occ=  42
     k-point:     3    nbnd_occ=  42
     k-point:     4    nbnd_occ=  42
     k-point:     5    nbnd_occ=  42
     k-point:     6    nbnd_occ=  42
     k-point:     7    nbnd_occ=  42
     k-point:     8    nbnd_occ=  42
     k-point:     9    nbnd_occ=  42
     k-point:    10    nbnd_occ=  42
     k-point:    11    nbnd_occ=  42
     k-point:    12    nbnd_occ=  42
     k-point:    13    nbnd_occ=  42
     k-point:    14    nbnd_occ=  42
     k-point:    15    nbnd_occ=  42
     k-point:    16    nbnd_occ=  42


     q-space interpolation up to   110.00 Rydberg

     GIPAW job: efg                                                                             


     ELECTRIC FIELD GRADIENTS TENSORS IN Hartree/bohrradius^2:

     ----- bare term -----
     Cl   1       -0.043488        0.033990        0.060640
     Cl   1        0.033990        0.024078        0.126943
     Cl   1        0.060640        0.126943        0.019410

     C    2       -0.737353        0.316163       -0.367241
     C    2        0.316163        0.175533       -0.030695
     C    2       -0.367241       -0.030695        0.561820

     C    3        0.029572       -0.127342       -0.366081
     C    3       -0.127342       -0.344849       -0.470503
     C    3       -0.366081       -0.470503        0.315276

     H    4       -0.575117        0.175790       -0.199832
     H    4        0.175790        0.219735       -0.267376
     H    4       -0.199832       -0.267376        0.355382

     C    5       -0.782629        0.311295       -0.464571
     C    5        0.311295        0.254500        0.003648
     C    5       -0.464571        0.003648        0.528129

     H    6        0.231714       -0.056753       -0.086935
     H    6       -0.056753       -0.473124       -0.581055
     H    6       -0.086935       -0.581055        0.241410

     H    7        0.303861       -0.093991        0.160838
     H    7       -0.093991       -0.259678        0.564146
     H    7        0.160838        0.564146       -0.044182

     C    8       -0.259489       -0.051735       -0.369427
     C    8       -0.051735       -0.072320        0.473877
     C    8       -0.369427        0.473877        0.331809

     H    9       -0.194198        0.173261       -0.450261
     H    9        0.173261        0.415996        0.197805
     H    9       -0.450261        0.197805       -0.221798

     C   10       -0.217463       -0.407119       -0.271984
     C   10       -0.407119       -0.226875        0.347796
     C   10       -0.271984        0.347796        0.444338

     C   11       -0.141922        0.187072       -0.371776
     C   11        0.187072       -0.091457        0.558284
     C   11       -0.371776        0.558284        0.233378

     Cl  12       -0.011386       -0.205525        0.114308
     Cl  12       -0.205525       -0.099838       -0.015413
     Cl  12        0.114308       -0.015413        0.111225

     H   13        0.449522        0.034550        0.134895
     H   13        0.034550       -0.078815       -0.584799
     H   13        0.134895       -0.584799       -0.370707

     C   14       -0.136732        0.007822       -0.320339
     C   14        0.007822       -0.310847       -0.281242
     C   14       -0.320339       -0.281242        0.447579

     H   15       -0.087126       -0.220789       -0.486265
     H   15       -0.220789        0.292102       -0.395603
     H   15       -0.486265       -0.395603       -0.204976

     C   16       -0.649685        0.348200       -0.361948
     C   16        0.348200        0.143869       -0.082690
     C   16       -0.361948       -0.082690        0.505816

     C   17       -0.006505       -0.087204       -0.299615
     C   17       -0.087204       -0.169079       -0.476862
     C   17       -0.299615       -0.476862        0.175584

     Cl  18       -0.170653        0.254769        0.025762
     Cl  18        0.254769        0.084347        0.076965
     Cl  18        0.025762        0.076965        0.086306

     H   19        0.456922       -0.054068       -0.259907
     H   19       -0.054068        0.022253        0.216151
     H   19       -0.259907        0.216151       -0.479175

     C   20       -0.468142       -0.320377       -0.023439
     C   20       -0.320377        0.188147        0.279680
     C   20       -0.023439        0.279680        0.279996

     H   21        0.162368       -0.049513       -0.276375
     H   21       -0.049513        0.095531       -0.220847
     H   21       -0.276375       -0.220847       -0.257899

     C   22        0.305704       -0.042068        0.003275
     C   22       -0.042068       -0.104488        0.032388
     C   22        0.003275        0.032388       -0.201216

     C   23       -0.346140       -0.321631       -0.339755
     C   23       -0.321631        0.062827        0.294758
     C   23       -0.339755        0.294758        0.283313

     Cl  24        0.227926        0.200082        0.110492
     Cl  24        0.200082       -0.358022       -0.408528
     Cl  24        0.110492       -0.408528        0.130095

     ----- ionic term -----
     Cl   1        0.118485       -0.238815        0.010323
     Cl   1       -0.238815        0.044811        0.005822
     Cl   1        0.010323        0.005822       -0.163296

     C    2        0.204558       -0.234515        0.287008
     C    2       -0.234515        0.097042        0.363918
     C    2        0.287008        0.363918       -0.301600

     C    3        0.196102       -0.216177        0.188385
     C    3       -0.216177        0.110223        0.350606
     C    3        0.188385        0.350606       -0.306325

     H    4        0.666691        0.227673        0.666741
     H    4        0.227673       -0.464065        0.188860
     H    4        0.666741        0.188860       -0.202626

     C    5        0.303399       -0.121516        0.247721
     C    5       -0.121516        0.021543        0.309506
     C    5        0.247721        0.309506       -0.324942

     H    6       -0.511414        0.152568        0.089143
     H    6        0.152568        0.602709        0.734343
     H    6        0.089143        0.734343       -0.091294

     H    7       -0.541564        0.049160       -0.009083
     H    7        0.049160        0.455236       -0.782176
     H    7       -0.009083       -0.782176        0.086327

     C    8        0.157992        0.334802        0.330496
     C    8        0.334802       -0.001558       -0.259056
     C    8        0.330496       -0.259056       -0.156434

     H    9        0.527140       -0.201671        0.745488
     H    9       -0.201671       -0.486140       -0.206111
     H    9        0.745488       -0.206111       -0.041000

     C   10        0.113066        0.312950        0.232420
     C   10        0.312950        0.117523       -0.327060
     C   10        0.232420       -0.327060       -0.230589

     C   11        0.128972        0.296542        0.316474
     C   11        0.296542        0.039564       -0.322209
     C   11        0.316474       -0.322209       -0.168536

     Cl  12        0.115488        0.210207        0.005438
     Cl  12        0.210207        0.033998       -0.006861
     Cl  12        0.005438       -0.006861       -0.149486

     H   13       -0.500675        0.033454        0.059288
     H   13        0.033454        0.539908        0.753674
     H   13        0.059288        0.753674       -0.039234

     C   14        0.329283       -0.227881        0.250028
     C   14       -0.227881       -0.050455        0.317178
     C   14        0.250028        0.317178       -0.278829

     H   15        0.555913        0.243298        0.750824
     H   15        0.243298       -0.476296        0.243222
     H   15        0.750824        0.243222       -0.079618

     C   16        0.168479       -0.247281        0.162722
     C   16       -0.247281        0.104736        0.436272
     C   16        0.162722        0.436272       -0.273215

     C   17        0.253747       -0.134063        0.250672
     C   17       -0.134063        0.039167        0.417192
     C   17        0.250672        0.417192       -0.292914

     Cl  18        0.166119       -0.182980        0.013794
     Cl  18       -0.182980       -0.028770       -0.003216
     Cl  18        0.013794       -0.003216       -0.137349

     H   19       -0.507686       -0.176761        0.143363
     H   19       -0.176761        0.497171       -0.748657
     H   19        0.143363       -0.748657        0.010515

     C   20        0.124352        0.272655        0.383321
     C   20        0.272655        0.067549       -0.220303
     C   20        0.383321       -0.220303       -0.191901

     H   21        0.395871        0.038126        0.799094
     H   21        0.038126       -0.470017       -0.071839
     H   21        0.799094       -0.071839        0.074146

     C   22       -0.034875        0.365216        0.259002
     C   22        0.365216        0.170155       -0.333148
     C   22        0.259002       -0.333148       -0.135280

     C   23       -0.008388        0.274575        0.350718
     C   23        0.274575        0.071938       -0.387363
     C   23        0.350718       -0.387363       -0.063549

     Cl  24        0.069244        0.219970        0.027137
     Cl  24        0.219970        0.060306        0.013493
     Cl  24        0.027137        0.013493       -0.129550

     ----- GIPAW term -----
     Cl   1       -0.139050       -1.138739        0.575394
     Cl   1       -1.138739        0.916446        2.114769
     Cl   1        0.575394        2.114769       -0.777396

     C    2       -0.162309       -0.084407       -0.107755
     C    2       -0.084407        0.061492        0.190517
     C    2       -0.107755        0.190517        0.100817

     C    3       -0.027503       -0.163095       -0.169591
     C    3       -0.163095       -0.012778        0.085248
     C    3       -0.169591        0.085248        0.040281

     H    4       -0.000000        0.000000        0.000000
     H    4        0.000000        0.000000        0.000000
     H    4        0.000000        0.000000        0.000000

     C    5       -0.189990       -0.042847       -0.126126
     C    5       -0.042847        0.123685        0.178881
     C    5       -0.126126        0.178881        0.066304

     H    6       -0.000000        0.000000        0.000000
     H    6        0.000000        0.000000        0.000000
     H    6        0.000000        0.000000        0.000000

     H    7       -0.000000        0.000000        0.000000
     H    7        0.000000        0.000000        0.000000
     H    7        0.000000        0.000000        0.000000

     C    8       -0.029470        0.043139       -0.062148
     C    8        0.043139        0.016695        0.102619
     C    8       -0.062148        0.102619        0.012776

     H    9       -0.000000        0.000000        0.000000
     H    9        0.000000        0.000000        0.000000
     H    9        0.000000        0.000000        0.000000

     C   10        0.008322       -0.017625       -0.111261
     C   10       -0.017625       -0.058306        0.014285
     C   10       -0.111261        0.014285        0.049984

     C   11        0.094084        0.194204        0.004883
     C   11        0.194204       -0.046858        0.102165
     C   11        0.004883        0.102165       -0.047226

     Cl  12        1.753598        1.132280        0.982740
     Cl  12        1.132280       -0.702609       -0.172838
     Cl  12        0.982740       -0.172838       -1.050990

     H   13       -0.000000        0.000000        0.000000
     H   13        0.000000        0.000000        0.000000
     H   13        0.000000        0.000000        0.000000

     C   14       -0.083098       -0.060610       -0.128762
     C   14       -0.060610       -0.143358        0.088128
     C   14       -0.128762        0.088128        0.226456

     H   15       -0.000000        0.000000        0.000000
     H   15        0.000000        0.000000        0.000000
     H   15        0.000000        0.000000        0.000000

     C   16       -0.234650        0.015638       -0.100177
     C   16        0.015638        0.116663        0.158002
     C   16       -0.100177        0.158002        0.117987

     C   17       -0.035681       -0.135335       -0.043308
     C   17       -0.135335        0.115465        0.092931
     C   17       -0.043308        0.092931       -0.079784

     Cl  18       -0.414416        0.313368        0.565849
     Cl  18        0.313368        1.878145        1.640265
     Cl  18        0.565849        1.640265       -1.463729

     H   19       -0.000000        0.000000        0.000000
     H   19        0.000000        0.000000        0.000000
     H   19        0.000000        0.000000        0.000000

     C   20       -0.136240        0.011307        0.046583
     C   20        0.011307        0.097820        0.164304
     C   20        0.046583        0.164304        0.038420

     H   21       -0.000000        0.000000        0.000000
     H   21        0.000000        0.000000        0.000000
     H   21        0.000000        0.000000        0.000000

     C   22        0.020683        0.006267        0.005767
     C   22        0.006267        0.011360       -0.016965
     C   22        0.005767       -0.016965       -0.032043

     C   23       -0.097203       -0.038735       -0.074088
     C   23       -0.038735        0.112447        0.164639
     C   23       -0.074088        0.164639       -0.015244

     Cl  24        0.257681        0.336302       -0.301877
     Cl  24        0.336302        0.353443        0.466477
     Cl  24       -0.301877        0.466477       -0.611124

     ----- total EFG -----
     Cl   1       -0.064053       -1.343565        0.646357
     Cl   1       -1.343565        0.985335        2.247534
     Cl   1        0.646357        2.247534       -0.921282

     C    2       -0.695104       -0.002760       -0.187987
     C    2       -0.002760        0.334068        0.523740
     C    2       -0.187987        0.523740        0.361036

     C    3        0.198172       -0.506614       -0.347287
     C    3       -0.506614       -0.247404       -0.034649
     C    3       -0.347287       -0.034649        0.049232

     H    4        0.091573        0.403464        0.466909
     H    4        0.403464       -0.244330       -0.078516
     H    4        0.466909       -0.078516        0.152757

     C    5       -0.669220        0.146932       -0.342976
     C    5        0.146932        0.399729        0.492035
     C    5       -0.342976        0.492035        0.269491

     H    6       -0.279700        0.095815        0.002208
     H    6        0.095815        0.129585        0.153288
     H    6        0.002208        0.153288        0.150115

     H    7       -0.237703       -0.044831        0.151755
     H    7       -0.044831        0.195558       -0.218030
     H    7        0.151755       -0.218030        0.042145

     C    8       -0.130967        0.326206       -0.101080
     C    8        0.326206       -0.057184        0.317439
     C    8       -0.101080        0.317439        0.188151

     H    9        0.332942       -0.028410        0.295227
     H    9       -0.028410       -0.070144       -0.008306
     H    9        0.295227       -0.008306       -0.262798

     C   10       -0.096074       -0.111794       -0.150826
     C   10       -0.111794       -0.167658        0.035021
     C   10       -0.150826        0.035021        0.263733

     C   11        0.081134        0.677818       -0.050419
     C   11        0.677818       -0.098751        0.338240
     C   11       -0.050419        0.338240        0.017616

     Cl  12        1.857700        1.136963        1.102486
     Cl  12        1.136963       -0.768449       -0.195111
     Cl  12        1.102486       -0.195111       -1.089251

     H   13       -0.051152        0.068004        0.194183
     H   13        0.068004        0.461093        0.168875
     H   13        0.194183        0.168875       -0.409940

     C   14        0.109454       -0.280669       -0.199073
     C   14       -0.280669       -0.504660        0.124064
     C   14       -0.199073        0.124064        0.395206

     H   15        0.468787        0.022509        0.264559
     H   15        0.022509       -0.184194       -0.152380
     H   15        0.264559       -0.152380       -0.284593

     C   16       -0.715856        0.116557       -0.299403
     C   16        0.116557        0.365268        0.511584
     C   16       -0.299403        0.511584        0.350588

     C   17        0.211561       -0.356602       -0.092251
     C   17       -0.356602       -0.014447        0.033262
     C   17       -0.092251        0.033262       -0.197114

     Cl  18       -0.418950        0.385156        0.605405
     Cl  18        0.385156        1.933723        1.714014
     Cl  18        0.605405        1.714014       -1.514772

     H   19       -0.050764       -0.230829       -0.116543
     H   19       -0.230829        0.519423       -0.532505
     H   19       -0.116543       -0.532505       -0.468660

     C   20       -0.480031       -0.036415        0.406465
     C   20       -0.036415        0.353516        0.223681
     C   20        0.406465        0.223681        0.126515

     H   21        0.558239       -0.011387        0.522720
     H   21       -0.011387       -0.374486       -0.292686
     H   21        0.522720       -0.292686       -0.183753

     C   22        0.291512        0.329415        0.268044
     C   22        0.329415        0.077027       -0.317725
     C   22        0.268044       -0.317725       -0.368539

     C   23       -0.451731       -0.085790       -0.063125
     C   23       -0.085790        0.247211        0.072033
     C   23       -0.063125        0.072033        0.204520

     Cl  24        0.554851        0.756354       -0.164247
     Cl  24        0.756354        0.055728        0.071441
     Cl  24       -0.164247        0.071441       -0.610578

     ----- total EFG (symmetrized) -----
     Cl   1       -0.064053       -1.343565        0.646357
     Cl   1       -1.343565        0.985335        2.247534
     Cl   1        0.646357        2.247534       -0.921282

     C    2       -0.695104       -0.002760       -0.187987
     C    2       -0.002760        0.334068        0.523740
     C    2       -0.187987        0.523740        0.361036

     C    3        0.198172       -0.506614       -0.347287
     C    3       -0.506614       -0.247404       -0.034649
     C    3       -0.347287       -0.034649        0.049232

     H    4        0.091573        0.403464        0.466909
     H    4        0.403464       -0.244330       -0.078516
     H    4        0.466909       -0.078516        0.152757

     C    5       -0.669220        0.146932       -0.342976
     C    5        0.146932        0.399729        0.492035
     C    5       -0.342976        0.492035        0.269491

     H    6       -0.279700        0.095815        0.002208
     H    6        0.095815        0.129585        0.153288
     H    6        0.002208        0.153288        0.150115

     H    7       -0.237703       -0.044831        0.151755
     H    7       -0.044831        0.195558       -0.218030
     H    7        0.151755       -0.218030        0.042145

     C    8       -0.130967        0.326206       -0.101080
     C    8        0.326206       -0.057184        0.317439
     C    8       -0.101080        0.317439        0.188151

     H    9        0.332942       -0.028410        0.295227
     H    9       -0.028410       -0.070144       -0.008306
     H    9        0.295227       -0.008306       -0.262798

     C   10       -0.096074       -0.111794       -0.150826
     C   10       -0.111794       -0.167658        0.035021
     C   10       -0.150826        0.035021        0.263733

     C   11        0.081134        0.677818       -0.050419
     C   11        0.677818       -0.098751        0.338240
     C   11       -0.050419        0.338240        0.017616

     Cl  12        1.857700        1.136963        1.102486
     Cl  12        1.136963       -0.768449       -0.195111
     Cl  12        1.102486       -0.195111       -1.089251

     H   13       -0.051152        0.068004        0.194183
     H   13        0.068004        0.461093        0.168875
     H   13        0.194183        0.168875       -0.409940

     C   14        0.109454       -0.280669       -0.199073
     C   14       -0.280669       -0.504660        0.124064
     C   14       -0.199073        0.124064        0.395206

     H   15        0.468787        0.022509        0.264559
     H   15        0.022509       -0.184194       -0.152380
     H   15        0.264559       -0.152380       -0.284593

     C   16       -0.715856        0.116557       -0.299403
     C   16        0.116557        0.365268        0.511584
     C   16       -0.299403        0.511584        0.350588

     C   17        0.211561       -0.356602       -0.092251
     C   17       -0.356602       -0.014447        0.033262
     C   17       -0.092251        0.033262       -0.197114

     Cl  18       -0.418950        0.385156        0.605405
     Cl  18        0.385156        1.933723        1.714014
     Cl  18        0.605405        1.714014       -1.514772

     H   19       -0.050764       -0.230829       -0.116543
     H   19       -0.230829        0.519423       -0.532505
     H   19       -0.116543       -0.532505       -0.468660

     C   20       -0.480031       -0.036415        0.406465
     C   20       -0.036415        0.353516        0.223681
     C   20        0.406465        0.223681        0.126515

     H   21        0.558239       -0.011387        0.522720
     H   21       -0.011387       -0.374486       -0.292686
     H   21        0.522720       -0.292686       -0.183753

     C   22        0.291512        0.329415        0.268044
     C   22        0.329415        0.077027       -0.317725
     C   22        0.268044       -0.317725       -0.368539

     C   23       -0.451731       -0.085790       -0.063125
     C   23       -0.085790        0.247211        0.072033
     C   23       -0.063125        0.072033        0.204520

     Cl  24        0.554851        0.756354       -0.164247
     Cl  24        0.756354        0.055728        0.071441
     Cl  24       -0.164247        0.071441       -0.610578


     NQR/NMR SPECTROSCOPIC PARAMETERS:
     Cl   1    Vxx=    0.2800    axis=( -0.861327 -0.023559 -0.507504)
     Cl   1    Vyy=    2.7108    axis=( -0.296184  0.834897  0.463921)
     Cl   1    Vzz=   -2.9909    axis=( -0.412784 -0.549902  0.726097)
     Cl   1  Q=        -8.1650 1e-30 m^2  Cq=        57.3785 MHz  eta= 0.81274

     C    2    Vxx=   -0.1469    axis=( -0.222295 -0.718708  0.658820)
     C    2    Vyy=   -0.7365    axis=( -0.971086  0.102884 -0.215422)
     C    2    Vzz=    0.8834    axis=(  0.087044 -0.687658 -0.720798)
     C    2  Q=         1.0000 1e-30 m^2  Cq=         2.0756 MHz  eta= 0.66746

     C    3    Vxx=   -0.0055    axis=(  0.183277 -0.504647  0.843647)
     C    3    Vyy=   -0.6529    axis=(  0.577896  0.749550  0.322817)
     C    3    Vzz=    0.6584    axis=( -0.795265  0.428375  0.429009)
     C    3  Q=         1.0000 1e-30 m^2  Cq=         1.5470 MHz  eta= 0.98333

     H    4    Vxx=    0.0119    axis=( -0.312653 -0.691683  0.651017)
     H    4    Vyy=    0.6517    axis=(  0.723844  0.270300  0.634813)
     H    4    Vzz=   -0.6637    axis=( -0.615059  0.669711  0.416160)
     H    4  Q=         1.0000 1e-30 m^2  Cq=        -1.5593 MHz  eta= 0.96401

     C    5    Vxx=    0.0173    axis=( -0.449641 -0.635225  0.627943)
     C    5    Vyy=    0.8406    axis=( -0.083151  0.729734  0.678656)
     C    5    Vzz=   -0.8579    axis=( -0.889331  0.252937 -0.380938)
     C    5  Q=         1.0000 1e-30 m^2  Cq=        -2.0158 MHz  eta= 0.95958

     H    6    Vxx=    0.0020    axis=( -0.224257 -0.675506  0.702425)
     H    6    Vyy=    0.3014    axis=( -0.117570 -0.696765 -0.707599)
     H    6    Vzz=   -0.3034    axis=( -0.967412  0.241268 -0.076835)
     H    6  Q=         1.0000 1e-30 m^2  Cq=        -0.7129 MHz  eta= 0.98684

     H    7    Vxx=   -0.0663    axis=(  0.421695  0.621753  0.659997)
     H    7    Vyy=   -0.3097    axis=(  0.883346 -0.117435 -0.453771)
     H    7    Vzz=    0.3760    axis=(  0.204627 -0.774359  0.598745)
     H    7  Q=         1.0000 1e-30 m^2  Cq=         0.8834 MHz  eta= 0.64739

     C    8    Vxx=    0.1105    axis=(  0.738466  0.372562 -0.562019)
     C    8    Vyy=    0.4307    axis=( -0.237514 -0.636355 -0.733921)
     C    8    Vzz=   -0.5412    axis=( -0.631075  0.675463 -0.381438)
     C    8  Q=         1.0000 1e-30 m^2  Cq=        -1.2716 MHz  eta= 0.59153

     H    9    Vxx=   -0.0718    axis=(  0.047831  0.998389  0.030509)
     H    9    Vyy=   -0.3843    axis=( -0.380929 -0.010003  0.924550)
     H    9    Vzz=    0.4561    axis=(  0.923366 -0.055844  0.379837)
     H    9  Q=         1.0000 1e-30 m^2  Cq=         1.0717 MHz  eta= 0.68534

     C   10    Vxx=   -0.0715    axis=( -0.669807  0.644545 -0.368674)
     C   10    Vyy=   -0.2576    axis=(  0.646781  0.750325  0.136704)
     C   10    Vzz=    0.3292    axis=( -0.364737  0.146886  0.919452)
     C   10  Q=         1.0000 1e-30 m^2  Cq=         0.7734 MHz  eta= 0.56547

     C   11    Vxx=    0.0696    axis=( -0.430454  0.074209  0.899557)
     C   11    Vyy=    0.7275    axis=(  0.686088  0.674490  0.272664)
     C   11    Vzz=   -0.7971    axis=( -0.586508  0.734545 -0.341251)
     C   11  Q=         1.0000 1e-30 m^2  Cq=        -1.8729 MHz  eta= 0.82525

     Cl  12    Vxx=   -0.7186    axis=( -0.073684  0.775266 -0.627323)
     Cl  12    Vyy=   -1.8254    axis=( -0.391177  0.556155  0.733261)
     Cl  12    Vzz=    2.5440    axis=(  0.917361  0.299424  0.262286)
     Cl  12  Q=        -8.1650 1e-30 m^2  Cq=       -48.8057 MHz  eta= 0.43504

     H   13    Vxx=   -0.0004    axis=(  0.910324 -0.253800  0.326949)
     H   13    Vyy=   -0.5122    axis=(  0.367842  0.133966 -0.920188)
     H   13    Vzz=    0.5125    axis=(  0.189744  0.957935  0.215311)
     H   13  Q=         1.0000 1e-30 m^2  Cq=         1.2042 MHz  eta= 0.99856

     C   14    Vxx=    0.0609    axis=( -0.782297  0.264540 -0.563942)
     C   14    Vyy=    0.5548    axis=( -0.515550  0.233141  0.824532)
     C   14    Vzz=   -0.6156    axis=( -0.349599 -0.935769  0.046002)
     C   14  Q=         1.0000 1e-30 m^2  Cq=        -1.4465 MHz  eta= 0.80229

     H   15    Vxx=   -0.0992    axis=(  0.179367  0.870097 -0.459085)
     H   15    Vyy=   -0.4541    axis=( -0.251017  0.491685  0.833808)
     H   15    Vzz=    0.5532    axis=(  0.951219 -0.034320  0.306601)
     H   15  Q=         1.0000 1e-30 m^2  Cq=         1.2999 MHz  eta= 0.64156

     C   16    Vxx=   -0.0300    axis=( -0.386038 -0.685330  0.617492)
     C   16    Vyy=   -0.8502    axis=( -0.918669  0.224804 -0.324824)
     C   16    Vzz=    0.8803    axis=( -0.083797  0.692665  0.716375)
     C   16  Q=         1.0000 1e-30 m^2  Cq=         2.0683 MHz  eta= 0.93179

     C   17    Vxx=   -0.2001    axis=( -0.096671 -0.352406  0.930841)
     C   17    Vyy=   -0.2855    axis=( -0.589148 -0.733524 -0.338889)
     C   17    Vzz=    0.4856    axis=(  0.802221 -0.581164 -0.136709)
     C   17  Q=         1.0000 1e-30 m^2  Cq=         1.1410 MHz  eta= 0.17579

     Cl  18    Vxx=   -0.4355    axis=(  0.957911 -0.253361  0.134964)
     Cl  18    Vyy=   -2.3150    axis=(  0.220362  0.347676 -0.911352)
     Cl  18    Vzz=    2.7506    axis=(  0.183977  0.902734  0.388874)
     Cl  18  Q=        -8.1650 1e-30 m^2  Cq=       -52.7683 MHz  eta= 0.68332

     H   19    Vxx=   -0.0269    axis=(  0.939832  0.071465 -0.334078)
     H   19    Vyy=   -0.7585    axis=( -0.277256 -0.411803 -0.868071)
     H   19    Vzz=    0.7854    axis=( -0.199611  0.908466 -0.367211)
     H   19  Q=         1.0000 1e-30 m^2  Cq=         1.8453 MHz  eta= 0.93153

     C   20    Vxx=    0.1674    axis=(  0.425600 -0.660320  0.618742)
     C   20    Vyy=    0.5338    axis=(  0.227301  0.739847  0.633214)
     C   20    Vzz=   -0.7012    axis=(  0.875899  0.128856 -0.464971)
     C   20  Q=         1.0000 1e-30 m^2  Cq=        -1.6474 MHz  eta= 0.52254

     H   21    Vxx=   -0.1681    axis=( -0.399285 -0.741897  0.538665)
     H   21    Vyy=   -0.6780    axis=(  0.287687 -0.659243 -0.694719)
     H   21    Vzz=    0.8461    axis=(  0.870521 -0.122424  0.476660)
     H   21  Q=         1.0000 1e-30 m^2  Cq=         1.9879 MHz  eta= 0.60261

     C   22    Vxx=    0.1610    axis=( -0.422247  0.666919 -0.613944)
     C   22    Vyy=    0.5321    axis=( -0.824224 -0.564375 -0.046203)
     C   22    Vzz=   -0.6931    axis=( -0.377308  0.486518  0.787996)
     C   22  Q=         1.0000 1e-30 m^2  Cq=        -1.6284 MHz  eta= 0.53553

     C   23    Vxx=    0.1507    axis=(  0.001100 -0.597657  0.801751)
     C   23    Vyy=    0.3158    axis=(  0.137457 -0.794051 -0.592106)
     C   23    Vzz=   -0.4665    axis=( -0.990507 -0.110857 -0.081279)
     C   23  Q=         1.0000 1e-30 m^2  Cq=        -1.0961 MHz  eta= 0.35377

     Cl  24    Vxx=   -0.3873    axis=( -0.457968  0.691746  0.558348)
     Cl  24    Vyy=   -0.7193    axis=(  0.361372 -0.428983  0.827879)
     Cl  24    Vzz=    1.1066    axis=( -0.812204 -0.580914  0.053517)
     Cl  24  Q=        -8.1650 1e-30 m^2  Cq=       -21.2303 MHz  eta= 0.29995

     Initialization:
     gipaw_setup  :      9.22s CPU     11.05s WALL (       1 calls)

     Linear response

     Apply operators

     Induced current

     Other routines
     efg          :      9.68s CPU     12.73s WALL (       1 calls)

     General routines
     calbec       :      3.48s CPU      4.72s WALL (      16 calls)
     fft          :      1.79s CPU      3.09s WALL (      15 calls)
     ffts         :      0.04s CPU      0.07s WALL (       2 calls)
     fftw         :      3.44s CPU      4.36s WALL (     672 calls)
     davcio       :      0.04s CPU      0.35s WALL (      32 calls)

     Parallel routines
     fft_scatter  :      2.53s CPU      4.65s WALL (     689 calls)

     Plugins

     GIPAW        :     61.61s CPU     74.82s WALL (       1 calls)
