
     Program QE v.6.0 (svn rev. 13079) starts on 24Dec2016 at  8:55:26 

     This program is part of the open-source Quantum ESPRESSO suite
     for quantum simulation of materials; please cite
         "P. Giannozzi et al., J. Phys.:Condens. Matter 21 395502 (2009);
          URL http://www.quantum-espresso.org", 
     in publications or presentations arising from this work. More details at
     http://www.quantum-espresso.org/quote

     Parallel version (MPI), running on     8 processors
     R & G space division:  proc/nbgrp/npool/nimage =       8

     ***** This is GIPAW svn revision unknown      *****

     Parallelizing q-star over 1 images

     Reading data from directory:
     /users/majewski/paradichlorobenzene/pbe/9_constraint/scratch/pbe.ecut100.np8.dt60.pcl2phi-129368.save
     Message from routine read_xml_file:
     file /users/majewski/paradichlorobenzene/pbe/9_constraint/scratch/pbe.ecut100.np8.dt60.pcl2phi-129368.save not guaranteed to be safe for post-processing

   Info: using nr1, nr2, nr3 values from input

   Info: using nr1, nr2, nr3 values from input

     IMPORTANT: XC functional enforced from input :
     Exchange-correlation      =  SLA  PW   PBX  PBC ( 1  4  3  4 0 0)
     Any further DFT definition will be discarded
     Please, verify this is what you really want

               file C.pbe-n-kjpaw_psl.1.0.0.UPF: wavefunction(s)  2S 2P renormalized
               file Cl.pbe-n-kjpaw_psl.1.0.0.UPF: wavefunction(s)  3S 3P renormalized
               file H.pbe-kjpaw_psl.1.0.0.UPF: wavefunction(s)  1S renormalized

     Parallelization info
     --------------------
     sticks:   dense  smooth     PW     G-vecs:    dense   smooth      PW
     Min        3057    1223    332               144436    36536    5170
     Max        3059    1225    333               144437    36537    5171
     Sum       24467    9791   2657              1155489   292295   41363


     Subspace diagonalization in iterative solution of the eigenvalue problem:
     a serial algorithm will be used

     GIPAW projectors -----------------------------------------------
     atom=  C    l=0  rc=    1.2000  rs=    0.8000
     atom=  C    l=0  rc=    1.2000  rs=    0.8000
     atom=  C    l=1  rc=    1.4000  rs=    0.9333
     atom=  C    l=1  rc=    1.4000  rs=    0.9333
     projs nearly linearly dependent: l=1  n1,n2= 1, 2  s=  0.99951561

     atom=  Cl   l=0  rc=    1.6000  rs=    1.0667
     atom=  Cl   l=0  rc=    1.6000  rs=    1.0667
     atom=  Cl   l=1  rc=    1.6000  rs=    1.0667
     atom=  Cl   l=1  rc=    1.6000  rs=    1.0667
     atom=  Cl   l=2  rc=    1.6000  rs=    1.0667
     atom=  Cl   l=2  rc=    1.6000  rs=    1.0667
     projs nearly linearly dependent: l=2  n1,n2= 1, 2  s=  0.99993509

     atom=  H    l=0  rc=    1.0000  rs=    0.6667
     atom=  H    l=0  rc=    1.0000  rs=    0.6667
     projs nearly linearly dependent: l=0  n1,n2= 1, 2  s=  0.99968852
     -----------------------------------------------------------------

     GIPAW integrals: -------------------------------------------
     Atom  i/j   nmr_para   nmr_dia   epr_rmc  epr_para   epr_dia
       C   1 1   0.83E+03  0.17E-01  0.93E+01  0.24E+08  0.24E+03
       C   2 1   0.86E+03 -0.61E-01  0.94E+01  0.25E+08  0.25E+03
       C   2 2   0.90E+03 -0.15E+00  0.97E+01  0.26E+08  0.26E+03
       C   3 3   0.33E+01  0.34E+00  0.18E+01  0.55E+03  0.21E+02
       C   4 3   0.35E+01  0.37E+00  0.20E+01  0.59E+03  0.22E+02
       C   4 4   0.38E+01  0.39E+00  0.22E+01  0.63E+03  0.24E+02
       Cl  1 1   0.14E+04 -0.47E+00  0.84E+01  0.32E+09  0.42E+03
       Cl  2 1   0.21E+04 -0.37E+00  0.12E+02  0.49E+09  0.65E+03
       Cl  2 2   0.33E+04 -0.16E+00  0.21E+02  0.76E+09  0.10E+04
       Cl  3 3   0.21E+02  0.79E-01  0.89E+01  0.23E+05  0.13E+03
       Cl  4 3   0.24E+02  0.67E-01  0.99E+01  0.27E+05  0.15E+03
       Cl  4 4   0.28E+02  0.44E-01  0.11E+02  0.32E+05  0.18E+03
       Cl  5 5   0.77E+00  0.19E+00  0.18E+01  0.12E+03  0.22E+02
       Cl  6 5   0.80E+00  0.19E+00  0.19E+01  0.12E+03  0.23E+02
       Cl  6 6   0.83E+00  0.20E+00  0.19E+01  0.12E+03  0.23E+02
       H   1 1   0.39E+02  0.19E+00  0.29E+00  0.78E+05  0.13E+02
       H   2 1   0.41E+02  0.21E+00  0.32E+00  0.82E+05  0.14E+02
       H   2 2   0.43E+02  0.22E+00  0.36E+00  0.86E+05  0.15E+02
     ------------------------------------------------------------

     alpha_pv=     33.8888 eV

     Number of occupied bands for each k-point:
     k-point:     1    nbnd_occ=  42
     k-point:     2    nbnd_occ=  42
     k-point:     3    nbnd_occ=  42
     k-point:     4    nbnd_occ=  42
     k-point:     5    nbnd_occ=  42
     k-point:     6    nbnd_occ=  42
     k-point:     7    nbnd_occ=  42
     k-point:     8    nbnd_occ=  42
     k-point:     9    nbnd_occ=  42
     k-point:    10    nbnd_occ=  42
     k-point:    11    nbnd_occ=  42
     k-point:    12    nbnd_occ=  42
     k-point:    13    nbnd_occ=  42
     k-point:    14    nbnd_occ=  42
     k-point:    15    nbnd_occ=  42
     k-point:    16    nbnd_occ=  42


     q-space interpolation up to   110.00 Rydberg

     GIPAW job: efg                                                                             


     ELECTRIC FIELD GRADIENTS TENSORS IN Hartree/bohrradius^2:

     ----- bare term -----
     Cl   1       -0.048067        0.021310        0.055977
     Cl   1        0.021310       -0.029380        0.075786
     Cl   1        0.055977        0.075786        0.077447

     C    2       -0.691782        0.139189       -0.195868
     C    2        0.139189        0.171047       -0.132305
     C    2       -0.195868       -0.132305        0.520735

     C    3        0.192804       -0.008822        0.018902
     C    3       -0.008822       -0.459687       -0.311955
     C    3        0.018902       -0.311955        0.266883

     H    4       -0.546958       -0.212245        0.177300
     H    4       -0.212245        0.420128       -0.155044
     H    4        0.177300       -0.155044        0.126830

     C    5       -0.683996        0.289476       -0.456861
     C    5        0.289476        0.094986        0.023777
     C    5       -0.456861        0.023777        0.589010

     H    6        0.067170       -0.320311        0.188175
     H    6       -0.320311       -0.414856       -0.277592
     H    6        0.188175       -0.277592        0.347686

     H    7        0.412273        0.142896       -0.035277
     H    7        0.142896       -0.686647        0.342643
     H    7       -0.035277        0.342643        0.274374

     C    8       -0.259160       -0.047220       -0.351664
     C    8       -0.047220       -0.049231        0.495620
     C    8       -0.351664        0.495620        0.308390

     H    9       -0.056078        0.170143       -0.413159
     H    9        0.170143        0.299409        0.430746
     H    9       -0.413159        0.430746       -0.243330

     C   10       -0.481536       -0.346561       -0.311122
     C   10       -0.346561        0.023532        0.278773
     C   10       -0.311122        0.278773        0.458004

     C   11       -0.055847        0.153615       -0.422140
     C   11        0.153615       -0.143352        0.573298
     C   11       -0.422140        0.573298        0.199199

     Cl  12       -0.135741       -0.093794        0.030510
     Cl  12       -0.093794       -0.014203        0.095292
     Cl  12        0.030510        0.095292        0.149944

     H   13        0.185867       -0.334594       -0.281105
     H   13       -0.334594       -0.279306       -0.525610
     H   13       -0.281105       -0.525610        0.093439

     C   14       -0.096059        0.409109        0.024697
     C   14        0.409109       -0.443664       -0.324274
     C   14        0.024697       -0.324274        0.539723

     H   15       -0.297445       -0.539059       -0.206643
     H   15       -0.539059       -0.078889       -0.030526
     H   15       -0.206643       -0.030526        0.376334

     C   16       -0.391207        0.334282       -0.329312
     C   16        0.334282        0.030219       -0.350213
     C   16       -0.329312       -0.350213        0.360988

     C   17       -0.064773        0.016510       -0.312039
     C   17        0.016510       -0.151927       -0.567110
     C   17       -0.312039       -0.567110        0.216701

     Cl  18       -0.117018        0.157939       -0.014670
     Cl  18        0.157939       -0.003230       -0.031037
     Cl  18       -0.014670       -0.031037        0.120247

     H   19        0.461619        0.044970        0.189110
     H   19        0.044970       -0.048911        0.330085
     H   19        0.189110        0.330085       -0.412709

     C   20       -0.541112       -0.340018       -0.253427
     C   20       -0.340018        0.153098        0.428545
     C   20       -0.253427        0.428545        0.388014

     H   21        0.136498        0.038517       -0.381806
     H   21        0.038517        0.281639       -0.245824
     H   21       -0.381806       -0.245824       -0.418137

     C   22       -0.023784       -0.203491       -0.177252
     C   22       -0.203491       -0.071796        0.592653
     C   22       -0.177252        0.592653        0.095581

     C   23       -0.509593       -0.306491       -0.305591
     C   23       -0.306491        0.171272        0.362475
     C   23       -0.305591        0.362475        0.338320

     Cl  24       -0.063344        0.018988       -0.076716
     Cl  24        0.018988        0.032635        0.143169
     Cl  24       -0.076716        0.143169        0.030710

     ----- ionic term -----
     Cl   1        0.111556       -0.208763        0.014626
     Cl   1       -0.208763        0.042886       -0.003556
     Cl   1        0.014626       -0.003556       -0.154442

     C    2        0.229540       -0.092518        0.252494
     C    2       -0.092518        0.192872        0.376594
     C    2        0.252494        0.376594       -0.422412

     C    3        0.145654       -0.118976        0.142136
     C    3       -0.118976        0.247127        0.438105
     C    3        0.142136        0.438105       -0.392780

     H    4        0.665998        0.377920        0.607721
     H    4        0.377920       -0.373795        0.255350
     H    4        0.607721        0.255350       -0.292203

     C    5        0.401950       -0.073560        0.133088
     C    5       -0.073560        0.041267        0.312515
     C    5        0.133088        0.312515       -0.443217

     H    6       -0.443299        0.291509        0.134576
     H    6        0.291509        0.645721        0.662716
     H    6        0.134576        0.662716       -0.202422

     H    7       -0.509645       -0.137180        0.093827
     H    7       -0.137180        0.718272       -0.668627
     H    7        0.093827       -0.668627       -0.208628

     C    8        0.273208        0.192895        0.324360
     C    8        0.192895        0.036938       -0.255896
     C    8        0.324360       -0.255896       -0.310146

     H    9        0.392594       -0.272028        0.746509
     H    9       -0.272028       -0.437688       -0.279336
     H    9        0.746509       -0.279336        0.045094

     C   10        0.105367        0.219295        0.240671
     C   10        0.219295        0.134314       -0.348140
     C   10        0.240671       -0.348140       -0.239681

     C   11        0.155058        0.206456        0.298914
     C   11        0.206456        0.040780       -0.378364
     C   11        0.298914       -0.378364       -0.195838

     Cl  12        0.150360        0.200276       -0.009184
     Cl  12        0.200276       -0.004174       -0.018432
     Cl  12       -0.009184       -0.018432       -0.146186

     H   13       -0.493680        0.216225        0.126297
     H   13        0.216225        0.747951        0.655195
     H   13        0.126297        0.655195       -0.254271

     C   14        0.372243       -0.145522        0.163425
     C   14       -0.145522        0.050846        0.322312
     C   14        0.163425        0.322312       -0.423090

     H   15        0.662392        0.494803        0.487705
     H   15        0.494803       -0.319976        0.271966
     H   15        0.487705        0.271966       -0.342415

     C   16        0.179256       -0.154499        0.065143
     C   16       -0.154499        0.182038        0.447884
     C   16        0.065143        0.447884       -0.361294

     C   17        0.332603       -0.092627        0.062700
     C   17       -0.092627        0.047133        0.424346
     C   17        0.062700        0.424346       -0.379736

     Cl  18        0.124896       -0.182304       -0.076793
     Cl  18       -0.182304       -0.013652        0.044053
     Cl  18       -0.076793        0.044053       -0.111244

     H   19       -0.515399        0.036115       -0.002916
     H   19        0.036115        0.513961       -0.761502
     H   19       -0.002916       -0.761502        0.001438

     C   20        0.181933        0.264006        0.309650
     C   20        0.264006        0.013095       -0.286835
     C   20        0.309650       -0.286835       -0.195028

     H   21        0.316002       -0.146885        0.777496
     H   21       -0.146885       -0.469719       -0.214665
     H   21        0.777496       -0.214665        0.153717

     C   22        0.041415        0.319820        0.208011
     C   22        0.319820        0.123350       -0.376966
     C   22        0.208011       -0.376966       -0.164766

     C   23        0.193306        0.255515        0.296051
     C   23        0.255515        0.031990       -0.356484
     C   23        0.296051       -0.356484       -0.225296

     Cl  24        0.138792        0.233349        0.040383
     Cl  24        0.233349        0.005242        0.018474
     Cl  24        0.040383        0.018474       -0.144035

     ----- GIPAW term -----
     Cl   1       -0.422540       -1.257600        0.575327
     Cl   1       -1.257600       -0.203645        2.025578
     Cl   1        0.575327        2.025578        0.626185

     C    2       -0.148108       -0.028462        0.026287
     C    2       -0.028462       -0.054530        0.086326
     C    2        0.026287        0.086326        0.202638

     C    3       -0.022430       -0.031586       -0.014033
     C    3       -0.031586       -0.055578        0.069306
     C    3       -0.014033        0.069306        0.078008

     H    4       -0.000000        0.000000        0.000000
     H    4        0.000000        0.000000        0.000000
     H    4        0.000000        0.000000        0.000000

     C    5       -0.147365       -0.010160       -0.154963
     C    5       -0.010160       -0.050457        0.128855
     C    5       -0.154963        0.128855        0.197823

     H    6       -0.000000        0.000000        0.000000
     H    6        0.000000        0.000000        0.000000
     H    6        0.000000        0.000000        0.000000

     H    7       -0.000000        0.000000        0.000000
     H    7        0.000000        0.000000        0.000000
     H    7        0.000000        0.000000        0.000000

     C    8       -0.049024        0.039728       -0.052096
     C    8        0.039728        0.056239        0.123104
     C    8       -0.052096        0.123104       -0.007215

     H    9       -0.000000        0.000000        0.000000
     H    9        0.000000        0.000000        0.000000
     H    9        0.000000        0.000000        0.000000

     C   10       -0.160688       -0.041482       -0.077910
     C   10       -0.041482        0.089897       -0.028493
     C   10       -0.077910       -0.028493        0.070791

     C   11        0.088025        0.204313       -0.087015
     C   11        0.204313       -0.003530        0.080820
     C   11       -0.087015        0.080820       -0.084495

     Cl  12        0.617734        1.976213        0.201780
     Cl  12        1.976213       -0.009209        0.760544
     Cl  12        0.201780        0.760544       -0.608525

     H   13       -0.000000        0.000000        0.000000
     H   13        0.000000        0.000000        0.000000
     H   13        0.000000        0.000000        0.000000

     C   14       -0.041012        0.116868        0.137973
     C   14        0.116868       -0.176695        0.050211
     C   14        0.137973        0.050211        0.217707

     H   15       -0.000000        0.000000        0.000000
     H   15        0.000000        0.000000        0.000000
     H   15        0.000000        0.000000        0.000000

     C   16       -0.092590        0.120896       -0.069720
     C   16        0.120896        0.086803       -0.027164
     C   16       -0.069720       -0.027164        0.005788

     C   17        0.050674       -0.115855       -0.049962
     C   17       -0.115855        0.035423       -0.069038
     C   17       -0.049962       -0.069038       -0.086096

     Cl  18       -0.824935       -0.595421       -0.728325
     Cl  18       -0.595421       -0.290460       -2.030668
     Cl  18       -0.728325       -2.030668        1.115394

     H   19       -0.000000        0.000000        0.000000
     H   19        0.000000        0.000000        0.000000
     H   19        0.000000        0.000000        0.000000

     C   20       -0.176342       -0.069029       -0.044707
     C   20       -0.069029        0.089146        0.220155
     C   20       -0.044707        0.220155        0.087197

     H   21       -0.000000        0.000000        0.000000
     H   21        0.000000        0.000000        0.000000
     H   21        0.000000        0.000000        0.000000

     C   22       -0.110344       -0.055583       -0.054193
     C   22       -0.055583        0.124950        0.216258
     C   22       -0.054193        0.216258       -0.014606

     C   23       -0.117876        0.096030       -0.030840
     C   23        0.096030        0.219693        0.111654
     C   23       -0.030840        0.111654       -0.101817

     Cl  24       -0.061233        1.896494       -0.334548
     Cl  24        1.896494        0.860198        2.022861
     Cl  24       -0.334548        2.022861       -0.798965

     ----- total EFG -----
     Cl   1       -0.359051       -1.445053        0.645929
     Cl   1       -1.445053       -0.190139        2.097807
     Cl   1        0.645929        2.097807        0.549190

     C    2       -0.610350        0.018209        0.082912
     C    2        0.018209        0.309389        0.330615
     C    2        0.082912        0.330615        0.300961

     C    3        0.316027       -0.159384        0.147005
     C    3       -0.159384       -0.268138        0.195456
     C    3        0.147005        0.195456       -0.047889

     H    4        0.119040        0.165675        0.785021
     H    4        0.165675        0.046334        0.100306
     H    4        0.785021        0.100306       -0.165373

     C    5       -0.429411        0.205756       -0.478736
     C    5        0.205756        0.085795        0.465147
     C    5       -0.478736        0.465147        0.343616

     H    6       -0.376129       -0.028802        0.322750
     H    6       -0.028802        0.230865        0.385125
     H    6        0.322750        0.385125        0.145263

     H    7       -0.097372        0.005717        0.058551
     H    7        0.005717        0.031626       -0.325985
     H    7        0.058551       -0.325985        0.065746

     C    8       -0.034976        0.185403       -0.079400
     C    8        0.185403        0.043947        0.362827
     C    8       -0.079400        0.362827       -0.008971

     H    9        0.336516       -0.101885        0.333350
     H    9       -0.101885       -0.138280        0.151410
     H    9        0.333350        0.151410       -0.198236

     C   10       -0.536857       -0.168748       -0.148361
     C   10       -0.168748        0.247743       -0.097861
     C   10       -0.148361       -0.097861        0.289114

     C   11        0.187236        0.564384       -0.210241
     C   11        0.564384       -0.106102        0.275754
     C   11       -0.210241        0.275754       -0.081134

     Cl  12        0.632353        2.082694        0.223106
     Cl  12        2.082694       -0.027586        0.837404
     Cl  12        0.223106        0.837404       -0.604767

     H   13       -0.307812       -0.118369       -0.154808
     H   13       -0.118369        0.468645        0.129585
     H   13       -0.154808        0.129585       -0.160832

     C   14        0.235172        0.380455        0.326095
     C   14        0.380455       -0.569513        0.048250
     C   14        0.326095        0.048250        0.334341

     H   15        0.364947       -0.044256        0.281062
     H   15       -0.044256       -0.398865        0.241441
     H   15        0.281062        0.241441        0.033918

     C   16       -0.304542        0.300679       -0.333890
     C   16        0.300679        0.299059        0.070507
     C   16       -0.333890        0.070507        0.005482

     C   17        0.318503       -0.191972       -0.299301
     C   17       -0.191972       -0.069372       -0.211802
     C   17       -0.299301       -0.211802       -0.249132

     Cl  18       -0.817056       -0.619786       -0.819789
     Cl  18       -0.619786       -0.307342       -2.017652
     Cl  18       -0.819789       -2.017652        1.124398

     H   19       -0.053780        0.081085        0.186194
     H   19        0.081085        0.465050       -0.431418
     H   19        0.186194       -0.431418       -0.411271

     C   20       -0.535521       -0.145041        0.011516
     C   20       -0.145041        0.255338        0.361864
     C   20        0.011516        0.361864        0.280183

     H   21        0.452500       -0.108368        0.395690
     H   21       -0.108368       -0.188080       -0.460489
     H   21        0.395690       -0.460489       -0.264420

     C   22       -0.092713        0.060746       -0.023434
     C   22        0.060746        0.176504        0.431945
     C   22       -0.023434        0.431945       -0.083791

     C   23       -0.434162        0.045053       -0.040380
     C   23        0.045053        0.422956        0.117645
     C   23       -0.040380        0.117645        0.011207

     Cl  24        0.014215        2.148831       -0.370882
     Cl  24        2.148831        0.898075        2.184504
     Cl  24       -0.370882        2.184504       -0.912290

     ----- total EFG (symmetrized) -----
     Cl   1       -0.359051       -1.445053        0.645929
     Cl   1       -1.445053       -0.190139        2.097807
     Cl   1        0.645929        2.097807        0.549190

     C    2       -0.610350        0.018209        0.082912
     C    2        0.018209        0.309389        0.330615
     C    2        0.082912        0.330615        0.300961

     C    3        0.316027       -0.159384        0.147005
     C    3       -0.159384       -0.268138        0.195456
     C    3        0.147005        0.195456       -0.047889

     H    4        0.119040        0.165675        0.785021
     H    4        0.165675        0.046334        0.100306
     H    4        0.785021        0.100306       -0.165373

     C    5       -0.429411        0.205756       -0.478736
     C    5        0.205756        0.085795        0.465147
     C    5       -0.478736        0.465147        0.343616

     H    6       -0.376129       -0.028802        0.322750
     H    6       -0.028802        0.230865        0.385125
     H    6        0.322750        0.385125        0.145263

     H    7       -0.097372        0.005717        0.058551
     H    7        0.005717        0.031626       -0.325985
     H    7        0.058551       -0.325985        0.065746

     C    8       -0.034976        0.185403       -0.079400
     C    8        0.185403        0.043947        0.362827
     C    8       -0.079400        0.362827       -0.008971

     H    9        0.336516       -0.101885        0.333350
     H    9       -0.101885       -0.138280        0.151410
     H    9        0.333350        0.151410       -0.198236

     C   10       -0.536857       -0.168748       -0.148361
     C   10       -0.168748        0.247743       -0.097861
     C   10       -0.148361       -0.097861        0.289114

     C   11        0.187236        0.564384       -0.210241
     C   11        0.564384       -0.106102        0.275754
     C   11       -0.210241        0.275754       -0.081134

     Cl  12        0.632353        2.082694        0.223106
     Cl  12        2.082694       -0.027586        0.837404
     Cl  12        0.223106        0.837404       -0.604767

     H   13       -0.307812       -0.118369       -0.154808
     H   13       -0.118369        0.468645        0.129585
     H   13       -0.154808        0.129585       -0.160832

     C   14        0.235172        0.380455        0.326095
     C   14        0.380455       -0.569513        0.048250
     C   14        0.326095        0.048250        0.334341

     H   15        0.364947       -0.044256        0.281062
     H   15       -0.044256       -0.398865        0.241441
     H   15        0.281062        0.241441        0.033918

     C   16       -0.304542        0.300679       -0.333890
     C   16        0.300679        0.299059        0.070507
     C   16       -0.333890        0.070507        0.005482

     C   17        0.318503       -0.191972       -0.299301
     C   17       -0.191972       -0.069372       -0.211802
     C   17       -0.299301       -0.211802       -0.249132

     Cl  18       -0.817056       -0.619786       -0.819789
     Cl  18       -0.619786       -0.307342       -2.017652
     Cl  18       -0.819789       -2.017652        1.124398

     H   19       -0.053780        0.081085        0.186194
     H   19        0.081085        0.465050       -0.431418
     H   19        0.186194       -0.431418       -0.411271

     C   20       -0.535521       -0.145041        0.011516
     C   20       -0.145041        0.255338        0.361864
     C   20        0.011516        0.361864        0.280183

     H   21        0.452500       -0.108368        0.395690
     H   21       -0.108368       -0.188080       -0.460489
     H   21        0.395690       -0.460489       -0.264420

     C   22       -0.092713        0.060746       -0.023434
     C   22        0.060746        0.176504        0.431945
     C   22       -0.023434        0.431945       -0.083791

     C   23       -0.434162        0.045053       -0.040380
     C   23        0.045053        0.422956        0.117645
     C   23       -0.040380        0.117645        0.011207

     Cl  24        0.014215        2.148831       -0.370882
     Cl  24        2.148831        0.898075        2.184504
     Cl  24       -0.370882        2.184504       -0.912290


     NQR/NMR SPECTROSCOPIC PARAMETERS:
     Cl   1    Vxx=    0.4877    axis=(  0.831465 -0.270238  0.485425)
     Cl   1    Vyy=    2.3945    axis=(  0.191458 -0.680839 -0.706967)
     Cl   1    Vzz=   -2.8823    axis=(  0.521546  0.680757 -0.514354)
     Cl   1  Q=        -8.1650 1e-30 m^2  Cq=        55.2946 MHz  eta= 0.66157

     C    2    Vxx=   -0.0219    axis=( -0.077270  0.706415 -0.703568)
     C    2    Vyy=   -0.6180    axis=( -0.995379 -0.014307  0.094954)
     C    2    Vzz=    0.6399    axis=(  0.057011  0.707654  0.704256)
     C    2  Q=         1.0000 1e-30 m^2  Cq=         1.5035 MHz  eta= 0.93160

     C    3    Vxx=    0.0603    axis=( -0.128904  0.552615  0.823408)
     C    3    Vyy=    0.3816    axis=(  0.954066 -0.157341  0.254955)
     C    3    Vzz=   -0.4419    axis=(  0.270448  0.818450 -0.506949)
     C    3  Q=         1.0000 1e-30 m^2  Cq=        -1.0382 MHz  eta= 0.72719

     H    4    Vxx=    0.0000    axis=(  0.161942 -0.970206  0.180211)
     H    4    Vyy=    0.8219    axis=(  0.747873  0.239810  0.619013)
     H    4    Vzz=   -0.8220    axis=( -0.643786  0.034531  0.764426)
     H    4  Q=         1.0000 1e-30 m^2  Cq=        -1.9313 MHz  eta= 0.99988

     C    5    Vxx=    0.0715    axis=(  0.581915  0.763214 -0.280854)
     C    5    Vyy=    0.7636    axis=( -0.248461  0.495682  0.832205)
     C    5    Vzz=   -0.8351    axis=(  0.774365 -0.414492  0.478074)
     C    5  Q=         1.0000 1e-30 m^2  Cq=        -1.9622 MHz  eta= 0.82875

     H    6    Vxx=   -0.0329    axis=(  0.532023 -0.679532  0.505162)
     H    6    Vyy=   -0.5839    axis=(  0.820847  0.267531 -0.504617)
     H    6    Vzz=    0.6168    axis=(  0.207756  0.683128  0.700124)
     H    6  Q=         1.0000 1e-30 m^2  Cq=         1.4493 MHz  eta= 0.89337

     H    7    Vxx=   -0.0900    axis=( -0.969940 -0.221922 -0.099835)
     H    7    Vyy=   -0.2882    axis=(  0.229375 -0.696772 -0.679630)
     H    7    Vzz=    0.3783    axis=(  0.081263 -0.682100  0.726730)
     H    7  Q=         1.0000 1e-30 m^2  Cq=         0.8888 MHz  eta= 0.52394

     C    8    Vxx=    0.0349    axis=( -0.880583 -0.137846  0.453400)
     C    8    Vyy=    0.3985    axis=( -0.205917 -0.750414 -0.628074)
     C    8    Vzz=   -0.4334    axis=( -0.426816  0.646434 -0.632417)
     C    8  Q=         1.0000 1e-30 m^2  Cq=        -1.0184 MHz  eta= 0.83883

     H    9    Vxx=   -0.0378    axis=(  0.173514 -0.870351 -0.460850)
     H    9    Vyy=   -0.4598    axis=(  0.389150  0.490459 -0.779751)
     H    9    Vzz=    0.4976    axis=(  0.904685 -0.044042  0.423798)
     H    9  Q=         1.0000 1e-30 m^2  Cq=         1.1692 MHz  eta= 0.84810

     C   10    Vxx=    0.2338    axis=( -0.279463  0.757428  0.590088)
     C   10    Vyy=    0.3686    axis=(  0.013728  0.617664 -0.786322)
     C   10    Vzz=   -0.6023    axis=( -0.960058 -0.211647 -0.183012)
     C   10  Q=         1.0000 1e-30 m^2  Cq=        -1.4153 MHz  eta= 0.22381

     C   11    Vxx=    0.1046    axis=( -0.292103  0.371105  0.881452)
     C   11    Vyy=    0.6237    axis=( -0.790323 -0.612677 -0.003958)
     C   11    Vzz=   -0.7283    axis=(  0.538577 -0.697788  0.472258)
     C   11  Q=         1.0000 1e-30 m^2  Cq=        -1.7113 MHz  eta= 0.71268

     Cl  12    Vxx=   -0.5781    axis=( -0.400237  0.135522  0.906335)
     Cl  12    Vyy=   -1.9960    axis=( -0.560702  0.746067 -0.359163)
     Cl  12    Vzz=    2.5740    axis=(  0.724861  0.651934  0.222616)
     Cl  12  Q=        -8.1650 1e-30 m^2  Cq=       -49.3815 MHz  eta= 0.55084

     H   13    Vxx=   -0.1139    axis=( -0.487104 -0.282773  0.826298)
     H   13    Vyy=   -0.4069    axis=( -0.854904 -0.039013 -0.517318)
     H   13    Vzz=    0.5208    axis=( -0.178520  0.958393  0.222740)
     H   13  Q=         1.0000 1e-30 m^2  Cq=         1.2237 MHz  eta= 0.56253

     C   14    Vxx=    0.0426    axis=(  0.605342  0.318752 -0.729355)
     C   14    Vyy=    0.6842    axis=(  0.694223  0.236824  0.679683)
     C   14    Vzz=   -0.7268    axis=( -0.389379  0.917775  0.077925)
     C   14  Q=         1.0000 1e-30 m^2  Cq=        -1.7078 MHz  eta= 0.88276

     H   15    Vxx=    0.0027    axis=( -0.497687  0.486553  0.718035)
     H   15    Vyy=    0.5334    axis=(  0.847178  0.095159  0.522718)
     H   15    Vzz=   -0.5361    axis=(  0.186002  0.868453 -0.459556)
     H   15  Q=         1.0000 1e-30 m^2  Cq=        -1.2596 MHz  eta= 0.98988

     C   16    Vxx=    0.1759    axis=( -0.355751  0.379775  0.853939)
     C   16    Vyy=    0.4362    axis=(  0.445279  0.872216 -0.202400)
     C   16    Vzz=   -0.6121    axis=( -0.821686  0.308237 -0.479398)
     C   16  Q=         1.0000 1e-30 m^2  Cq=        -1.4383 MHz  eta= 0.42517

     C   17    Vxx=    0.0708    axis=( -0.009819  0.837982 -0.545609)
     C   17    Vyy=    0.4663    axis=(  0.923385 -0.201799 -0.326554)
     C   17    Vzz=   -0.5371    axis=(  0.383750  0.507013  0.771799)
     C   17  Q=         1.0000 1e-30 m^2  Cq=        -1.2619 MHz  eta= 0.73642

     Cl  18    Vxx=   -0.2188    axis=(  0.835883 -0.496062 -0.234992)
     Cl  18    Vyy=   -2.3613    axis=(  0.540125  0.667048  0.513140)
     Cl  18    Vzz=    2.5801    axis=( -0.097798 -0.555850  0.825510)
     Cl  18  Q=        -8.1650 1e-30 m^2  Cq=       -49.4977 MHz  eta= 0.83042

     H   19    Vxx=    0.0146    axis=(  0.947635  0.114823  0.297998)
     H   19    Vyy=    0.6418    axis=(  0.006716  0.925755 -0.378064)
     H   19    Vzz=   -0.6564    axis=( -0.319284  0.360268  0.876507)
     H   19  Q=         1.0000 1e-30 m^2  Cq=        -1.5423 MHz  eta= 0.95553

     C   20    Vxx=   -0.0680    axis=( -0.227826  0.678901 -0.697989)
     C   20    Vyy=   -0.5692    axis=( -0.970427 -0.217057  0.105629)
     C   20    Vzz=    0.6372    axis=( -0.079792  0.701412  0.708276)
     C   20  Q=         1.0000 1e-30 m^2  Cq=         1.4973 MHz  eta= 0.78650

     H   21    Vxx=    0.0026    axis=(  0.548598  0.718926 -0.426832)
     H   21    Vyy=    0.7304    axis=(  0.811677 -0.335494  0.478147)
     H   21    Vzz=   -0.7330    axis=(  0.200552 -0.608760 -0.767587)
     H   21  Q=         1.0000 1e-30 m^2  Cq=        -1.7223 MHz  eta= 0.99285

     C   22    Vxx=   -0.0853    axis=( -0.983780 -0.053972  0.171066)
     C   22    Vyy=   -0.4142    axis=(  0.169413 -0.593003  0.787176)
     C   22    Vzz=    0.4995    axis=( -0.058957 -0.803389 -0.592529)
     C   22  Q=         1.0000 1e-30 m^2  Cq=         1.1737 MHz  eta= 0.65846

     C   23    Vxx=   -0.0140    axis=( -0.118880 -0.246700  0.961773)
     C   23    Vyy=   -0.4415    axis=(  0.992200 -0.066097  0.105687)
     C   23    Vzz=    0.4554    axis=(  0.037497  0.966835  0.252633)
     C   23  Q=         1.0000 1e-30 m^2  Cq=         1.0701 MHz  eta= 0.93862

     Cl  24    Vxx=   -0.0510    axis=(  0.735277 -0.136884 -0.663800)
     Cl  24    Vyy=   -3.1908    axis=(  0.474351 -0.595617  0.648253)
     Cl  24    Vzz=    3.2418    axis=( -0.484106 -0.791519 -0.373013)
     Cl  24  Q=        -8.1650 1e-30 m^2  Cq=       -62.1924 MHz  eta= 0.96854

     Initialization:
     gipaw_setup  :      8.91s CPU     10.79s WALL (       1 calls)

     Linear response

     Apply operators

     Induced current

     Other routines
     efg          :      9.01s CPU     11.57s WALL (       1 calls)

     General routines
     calbec       :      3.12s CPU      4.10s WALL (      16 calls)
     fft          :      1.34s CPU      1.52s WALL (      15 calls)
     ffts         :      0.02s CPU      0.03s WALL (       2 calls)
     fftw         :      3.20s CPU      4.07s WALL (     672 calls)
     davcio       :      0.02s CPU      0.33s WALL (      32 calls)

     Parallel routines
     fft_scatter  :      2.02s CPU      2.87s WALL (     689 calls)

     Plugins

     GIPAW        :     60.63s CPU     72.03s WALL (       1 calls)
