
     Program QE v.6.0 (svn rev. 13079) starts on 17Dec2016 at  8:50:43 

     This program is part of the open-source Quantum ESPRESSO suite
     for quantum simulation of materials; please cite
         "P. Giannozzi et al., J. Phys.:Condens. Matter 21 395502 (2009);
          URL http://www.quantum-espresso.org", 
     in publications or presentations arising from this work. More details at
     http://www.quantum-espresso.org/quote

     Parallel version (MPI), running on     8 processors
     R & G space division:  proc/nbgrp/npool/nimage =       8

     ***** This is GIPAW svn revision unknown      *****

     Parallelizing q-star over 1 images

     Reading data from directory:
     /users/majewski/paradichlorobenzene/pbe/9_constraint/scratch/pbe.ecut100.np8.dt60.pcl2phi-129368.save
     Message from routine read_xml_file:
     file /users/majewski/paradichlorobenzene/pbe/9_constraint/scratch/pbe.ecut100.np8.dt60.pcl2phi-129368.save not guaranteed to be safe for post-processing

   Info: using nr1, nr2, nr3 values from input

   Info: using nr1, nr2, nr3 values from input

     IMPORTANT: XC functional enforced from input :
     Exchange-correlation      =  SLA  PW   PBX  PBC ( 1  4  3  4 0 0)
     Any further DFT definition will be discarded
     Please, verify this is what you really want

               file C.pbe-n-kjpaw_psl.1.0.0.UPF: wavefunction(s)  2S 2P renormalized
               file Cl.pbe-n-kjpaw_psl.1.0.0.UPF: wavefunction(s)  3S 3P renormalized
               file H.pbe-kjpaw_psl.1.0.0.UPF: wavefunction(s)  1S renormalized

     Parallelization info
     --------------------
     sticks:   dense  smooth     PW     G-vecs:    dense   smooth      PW
     Min        3057    1223    332               144436    36536    5170
     Max        3059    1225    333               144437    36537    5171
     Sum       24467    9791   2657              1155489   292295   41363


     Subspace diagonalization in iterative solution of the eigenvalue problem:
     a serial algorithm will be used

     GIPAW projectors -----------------------------------------------
     atom=  C    l=0  rc=    1.2000  rs=    0.8000
     atom=  C    l=0  rc=    1.2000  rs=    0.8000
     atom=  C    l=1  rc=    1.4000  rs=    0.9333
     atom=  C    l=1  rc=    1.4000  rs=    0.9333
     projs nearly linearly dependent: l=1  n1,n2= 1, 2  s=  0.99951561

     atom=  Cl   l=0  rc=    1.6000  rs=    1.0667
     atom=  Cl   l=0  rc=    1.6000  rs=    1.0667
     atom=  Cl   l=1  rc=    1.6000  rs=    1.0667
     atom=  Cl   l=1  rc=    1.6000  rs=    1.0667
     atom=  Cl   l=2  rc=    1.6000  rs=    1.0667
     atom=  Cl   l=2  rc=    1.6000  rs=    1.0667
     projs nearly linearly dependent: l=2  n1,n2= 1, 2  s=  0.99993509

     atom=  H    l=0  rc=    1.0000  rs=    0.6667
     atom=  H    l=0  rc=    1.0000  rs=    0.6667
     projs nearly linearly dependent: l=0  n1,n2= 1, 2  s=  0.99968852
     -----------------------------------------------------------------

     GIPAW integrals: -------------------------------------------
     Atom  i/j   nmr_para   nmr_dia   epr_rmc  epr_para   epr_dia
       C   1 1   0.83E+03  0.17E-01  0.93E+01  0.24E+08  0.24E+03
       C   2 1   0.86E+03 -0.61E-01  0.94E+01  0.25E+08  0.25E+03
       C   2 2   0.90E+03 -0.15E+00  0.97E+01  0.26E+08  0.26E+03
       C   3 3   0.33E+01  0.34E+00  0.18E+01  0.55E+03  0.21E+02
       C   4 3   0.35E+01  0.37E+00  0.20E+01  0.59E+03  0.22E+02
       C   4 4   0.38E+01  0.39E+00  0.22E+01  0.63E+03  0.24E+02
       Cl  1 1   0.14E+04 -0.47E+00  0.84E+01  0.32E+09  0.42E+03
       Cl  2 1   0.21E+04 -0.37E+00  0.12E+02  0.49E+09  0.65E+03
       Cl  2 2   0.33E+04 -0.16E+00  0.21E+02  0.76E+09  0.10E+04
       Cl  3 3   0.21E+02  0.79E-01  0.89E+01  0.23E+05  0.13E+03
       Cl  4 3   0.24E+02  0.67E-01  0.99E+01  0.27E+05  0.15E+03
       Cl  4 4   0.28E+02  0.44E-01  0.11E+02  0.32E+05  0.18E+03
       Cl  5 5   0.77E+00  0.19E+00  0.18E+01  0.12E+03  0.22E+02
       Cl  6 5   0.80E+00  0.19E+00  0.19E+01  0.12E+03  0.23E+02
       Cl  6 6   0.83E+00  0.20E+00  0.19E+01  0.12E+03  0.23E+02
       H   1 1   0.39E+02  0.19E+00  0.29E+00  0.78E+05  0.13E+02
       H   2 1   0.41E+02  0.21E+00  0.32E+00  0.82E+05  0.14E+02
       H   2 2   0.43E+02  0.22E+00  0.36E+00  0.86E+05  0.15E+02
     ------------------------------------------------------------

     alpha_pv=     34.2966 eV

     Number of occupied bands for each k-point:
     k-point:     1    nbnd_occ=  42
     k-point:     2    nbnd_occ=  42
     k-point:     3    nbnd_occ=  42
     k-point:     4    nbnd_occ=  42
     k-point:     5    nbnd_occ=  42
     k-point:     6    nbnd_occ=  42
     k-point:     7    nbnd_occ=  42
     k-point:     8    nbnd_occ=  42
     k-point:     9    nbnd_occ=  42
     k-point:    10    nbnd_occ=  42
     k-point:    11    nbnd_occ=  42
     k-point:    12    nbnd_occ=  42
     k-point:    13    nbnd_occ=  42
     k-point:    14    nbnd_occ=  42
     k-point:    15    nbnd_occ=  42
     k-point:    16    nbnd_occ=  42


     q-space interpolation up to   110.00 Rydberg

     GIPAW job: efg                                                                             


     ELECTRIC FIELD GRADIENTS TENSORS IN Hartree/bohrradius^2:

     ----- bare term -----
     Cl   1        0.022394       -0.088024       -0.139979
     Cl   1       -0.088024       -0.071752       -0.007336
     Cl   1       -0.139979       -0.007336        0.049358

     C    2       -0.652144        0.301927       -0.374095
     C    2        0.301927        0.072896       -0.080413
     C    2       -0.374095       -0.080413        0.579248

     C    3        0.013403        0.045496       -0.205107
     C    3        0.045496       -0.535275       -0.375047
     C    3       -0.205107       -0.375047        0.521872

     H    4       -0.594693       -0.142462        0.001114
     H    4       -0.142462        0.426533       -0.239153
     H    4        0.001114       -0.239153        0.168160

     C    5       -0.891469        0.300299       -0.442698
     C    5        0.300299        0.258631        0.043427
     C    5       -0.442698        0.043427        0.632838

     H    6        0.291234       -0.128072        0.038077
     H    6       -0.128072       -0.531852       -0.542898
     H    6        0.038077       -0.542898        0.240618

     H    7        0.305055        0.368620        0.024141
     H    7        0.368620       -0.641915        0.204950
     H    7        0.024141        0.204950        0.336861

     C    8       -0.272381       -0.197212       -0.310924
     C    8       -0.197212       -0.064736        0.506345
     C    8       -0.310924        0.506345        0.337117

     H    9       -0.147160        0.254630       -0.452580
     H    9        0.254630        0.113699        0.414600
     H    9       -0.452580        0.414600        0.033461

     C   10       -0.513455       -0.349281       -0.326502
     C   10       -0.349281        0.042363        0.218660
     C   10       -0.326502        0.218660        0.471093

     C   11       -0.061150        0.105363       -0.411671
     C   11        0.105363       -0.168895        0.552982
     C   11       -0.411671        0.552982        0.230046

     Cl  12       -0.142991       -0.201116       -0.002851
     Cl  12       -0.201116        0.161131       -0.027933
     Cl  12       -0.002851       -0.027933       -0.018140

     H   13        0.369485        0.149983        0.167791
     H   13        0.149983       -0.309989       -0.621195
     H   13        0.167791       -0.621195       -0.059496

     C   14       -0.062412       -0.203866       -0.362558
     C   14       -0.203866       -0.193597       -0.322154
     C   14       -0.362558       -0.322154        0.256009

     H   15        0.008624       -0.133144       -0.336551
     H   15       -0.133144       -0.138348       -0.512204
     H   15       -0.336551       -0.512204        0.129724

     C   16       -0.585982        0.350916       -0.357041
     C   16        0.350916        0.179882       -0.036747
     C   16       -0.357041       -0.036747        0.406100

     C   17        0.064635        0.009827       -0.197298
     C   17        0.009827       -0.175992       -0.492918
     C   17       -0.197298       -0.492918        0.111358

     Cl  18       -0.139075        0.226177       -0.004231
     Cl  18        0.226177        0.004088       -0.010587
     Cl  18       -0.004231       -0.010587        0.134987

     H   19        0.444928        0.048056        0.193078
     H   19        0.048056       -0.079568        0.351167
     H   19        0.193078        0.351167       -0.365360

     C   20       -0.484560       -0.328969       -0.355977
     C   20       -0.328969        0.208834        0.361629
     C   20       -0.355977        0.361629        0.275726

     H   21        0.171919        0.024124       -0.327442
     H   21        0.024124        0.226265       -0.268380
     H   21       -0.327442       -0.268380       -0.398184

     C   22        0.035201       -0.329979       -0.124076
     C   22       -0.329979       -0.165085        0.388115
     C   22       -0.124076        0.388115        0.129884

     C   23       -0.342130       -0.288955       -0.346685
     C   23       -0.288955       -0.014125        0.441938
     C   23       -0.346685        0.441938        0.356255

     Cl  24        0.112590        0.002979       -0.004427
     Cl  24        0.002979       -0.046819       -0.204165
     Cl  24       -0.004427       -0.204165       -0.065771

     ----- ionic term -----
     Cl   1        0.179100       -0.233269        0.019268
     Cl   1       -0.233269       -0.018521       -0.005580
     Cl   1        0.019268       -0.005580       -0.160579

     C    2        0.255756       -0.170176        0.305942
     C    2       -0.170176        0.075098        0.402399
     C    2        0.305942        0.402399       -0.330854

     C    3        0.195271       -0.209729        0.157069
     C    3       -0.209729        0.168032        0.394401
     C    3        0.157069        0.394401       -0.363302

     H    4        0.634069        0.359064        0.610709
     H    4        0.359064       -0.384685        0.262717
     H    4        0.610709        0.262717       -0.249384

     C    5        0.346105       -0.060904        0.226573
     C    5       -0.060904        0.033233        0.330189
     C    5        0.226573        0.330189       -0.379338

     H    6       -0.482768        0.191739        0.113952
     H    6        0.191739        0.622867        0.710824
     H    6        0.113952        0.710824       -0.140100

     H    7       -0.498640       -0.187865        0.122362
     H    7       -0.187865        0.752887       -0.624709
     H    7        0.122362       -0.624709       -0.254247

     C    8        0.220396        0.250290        0.355568
     C    8        0.250290        0.089407       -0.222649
     C    8        0.355568       -0.222649       -0.309802

     H    9        0.544457       -0.335101        0.673759
     H    9       -0.335101       -0.412748       -0.275005
     H    9        0.673759       -0.275005       -0.131710

     C   10        0.143677        0.281589        0.250095
     C   10        0.281589        0.164267       -0.312418
     C   10        0.250095       -0.312418       -0.307944

     C   11        0.181783        0.213990        0.359417
     C   11        0.213990       -0.013697       -0.340839
     C   11        0.359417       -0.340839       -0.168086

     Cl  12        0.169854        0.198734        0.006762
     Cl  12        0.198734       -0.017126       -0.000989
     Cl  12        0.006762       -0.000989       -0.152728

     H   13       -0.521088        0.091349        0.069152
     H   13        0.091349        0.729492        0.686961
     H   13        0.069152        0.686961       -0.208404

     C   14        0.346751       -0.176917        0.257533
     C   14       -0.176917       -0.016459        0.346687
     C   14        0.257533        0.346687       -0.330292

     H   15        0.573387        0.378286        0.682111
     H   15        0.378286       -0.401260        0.293313
     H   15        0.682111        0.293313       -0.172127

     C   16        0.205560       -0.284486        0.098592
     C   16       -0.284486        0.108312        0.461035
     C   16        0.098592        0.461035       -0.313872

     C   17        0.253395       -0.132261        0.124388
     C   17       -0.132261        0.058864        0.470981
     C   17        0.124388        0.470981       -0.312260

     Cl  18        0.161452       -0.167665       -0.029110
     Cl  18       -0.167665       -0.039757        0.013756
     Cl  18       -0.029110        0.013756       -0.121695

     H   19       -0.527030       -0.044193        0.042222
     H   19       -0.044193        0.603520       -0.732578
     H   19        0.042222       -0.732578       -0.076490

     C   20        0.180983        0.288264        0.373105
     C   20        0.288264        0.014976       -0.270226
     C   20        0.373105       -0.270226       -0.195959

     H   21        0.361113       -0.032279        0.802114
     H   21       -0.032279       -0.475434       -0.130691
     H   21        0.802114       -0.130691        0.114321

     C   22        0.079188        0.400507        0.234255
     C   22        0.400507        0.160257       -0.326818
     C   22        0.234255       -0.326818       -0.239445

     C   23        0.104240        0.282085        0.305094
     C   23        0.282085        0.111588       -0.338045
     C   23        0.305094       -0.338045       -0.215827

     Cl  24        0.121167        0.230876        0.055086
     Cl  24        0.230876        0.019974        0.026242
     Cl  24        0.055086        0.026242       -0.141142

     ----- GIPAW term -----
     Cl   1        1.493955       -2.495078       -1.648726
     Cl   1       -2.495078       -0.882282        0.120333
     Cl   1       -1.648726        0.120333       -0.611673

     C    2       -0.117122       -0.095672       -0.156190
     C    2       -0.095672       -0.021592        0.146946
     C    2       -0.156190        0.146946        0.138714

     C    3       -0.092472       -0.054304       -0.107825
     C    3       -0.054304       -0.130731        0.112522
     C    3       -0.107825        0.112522        0.223203

     H    4       -0.000000        0.000000        0.000000
     H    4        0.000000        0.000000        0.000000
     H    4        0.000000        0.000000        0.000000

     C    5       -0.237940        0.025631       -0.058141
     C    5        0.025631        0.038748        0.200127
     C    5       -0.058141        0.200127        0.199192

     H    6       -0.000000        0.000000        0.000000
     H    6        0.000000        0.000000        0.000000
     H    6        0.000000        0.000000        0.000000

     H    7       -0.000000        0.000000        0.000000
     H    7        0.000000        0.000000        0.000000
     H    7        0.000000        0.000000        0.000000

     C    8       -0.066191       -0.062885       -0.055895
     C    8       -0.062885        0.061812        0.169005
     C    8       -0.055895        0.169005        0.004380

     H    9       -0.000000        0.000000        0.000000
     H    9        0.000000        0.000000        0.000000
     H    9        0.000000        0.000000        0.000000

     C   10       -0.168657       -0.008963       -0.099104
     C   10       -0.008963        0.095174       -0.066746
     C   10       -0.099104       -0.066746        0.073483

     C   11        0.076839        0.184558       -0.091571
     C   11        0.184558       -0.012938        0.068203
     C   11       -0.091571        0.068203       -0.063900

     Cl  12        0.425248        0.873608       -0.038636
     Cl  12        0.873608        1.541115       -0.290029
     Cl  12       -0.038636       -0.290029       -1.966363

     H   13       -0.000000        0.000000        0.000000
     H   13        0.000000        0.000000        0.000000
     H   13        0.000000        0.000000        0.000000

     C   14       -0.020955       -0.134594       -0.151556
     C   14       -0.134594       -0.072784        0.084094
     C   14       -0.151556        0.084094        0.093738

     H   15       -0.000000        0.000000        0.000000
     H   15        0.000000        0.000000        0.000000
     H   15        0.000000        0.000000        0.000000

     C   16       -0.107736       -0.120368       -0.128208
     C   16       -0.120368        0.137365        0.141589
     C   16       -0.128208        0.141589       -0.029629

     C   17       -0.072463       -0.043708        0.005445
     C   17       -0.043708        0.185342        0.133708
     C   17        0.005445        0.133708       -0.112880

     Cl  18       -0.476116        0.744813       -0.372960
     Cl  18        0.744813        2.348217       -0.693555
     Cl  18       -0.372960       -0.693555       -1.872101

     H   19       -0.000000        0.000000        0.000000
     H   19        0.000000        0.000000        0.000000
     H   19        0.000000        0.000000        0.000000

     C   20       -0.124648       -0.129198       -0.117611
     C   20       -0.129198        0.082508        0.191609
     C   20       -0.117611        0.191609        0.042140

     H   21       -0.000000        0.000000        0.000000
     H   21        0.000000        0.000000        0.000000
     H   21        0.000000        0.000000        0.000000

     C   22       -0.030661       -0.102463       -0.088559
     C   22       -0.102463        0.006331        0.137768
     C   22       -0.088559        0.137768        0.024329

     C   23       -0.116524       -0.004542       -0.079129
     C   23       -0.004542        0.082773        0.226872
     C   23       -0.079129        0.226872        0.033751

     Cl  24       -0.315491        0.652804       -0.694685
     Cl  24        0.652804        0.085205        1.593897
     Cl  24       -0.694685        1.593897        0.230286

     ----- total EFG -----
     Cl   1        1.695448       -2.816372       -1.769438
     Cl   1       -2.816372       -0.972555        0.107417
     Cl   1       -1.769438        0.107417       -0.722894

     C    2       -0.513509        0.036079       -0.224343
     C    2        0.036079        0.126401        0.468931
     C    2       -0.224343        0.468931        0.387108

     C    3        0.116202       -0.218538       -0.155862
     C    3       -0.218538       -0.497974        0.131876
     C    3       -0.155862        0.131876        0.381772

     H    4        0.039376        0.216603        0.611824
     H    4        0.216603        0.041848        0.023563
     H    4        0.611824        0.023563       -0.081224

     C    5       -0.783304        0.265025       -0.274266
     C    5        0.265025        0.330613        0.573743
     C    5       -0.274266        0.573743        0.452692

     H    6       -0.191534        0.063667        0.152029
     H    6        0.063667        0.091016        0.167926
     H    6        0.152029        0.167926        0.100518

     H    7       -0.193586        0.180755        0.146503
     H    7        0.180755        0.110972       -0.419759
     H    7        0.146503       -0.419759        0.082614

     C    8       -0.118177       -0.009806       -0.011251
     C    8       -0.009806        0.086482        0.452701
     C    8       -0.011251        0.452701        0.031695

     H    9        0.397297       -0.080471        0.221180
     H    9       -0.080471       -0.299049        0.139595
     H    9        0.221180        0.139595       -0.098248

     C   10       -0.538435       -0.076655       -0.175511
     C   10       -0.076655        0.301803       -0.160504
     C   10       -0.175511       -0.160504        0.236632

     C   11        0.197472        0.503911       -0.143826
     C   11        0.503911       -0.195531        0.280346
     C   11       -0.143826        0.280346       -0.001941

     Cl  12        0.452110        0.871226       -0.034726
     Cl  12        0.871226        1.685120       -0.318951
     Cl  12       -0.034726       -0.318951       -2.137230

     H   13       -0.151603        0.241332        0.236943
     H   13        0.241332        0.419503        0.065767
     H   13        0.236943        0.065767       -0.267900

     C   14        0.263384       -0.515377       -0.256581
     C   14       -0.515377       -0.282839        0.108627
     C   14       -0.256581        0.108627        0.019455

     H   15        0.582011        0.245141        0.345560
     H   15        0.245141       -0.539608       -0.218891
     H   15        0.345560       -0.218891       -0.042404

     C   16       -0.488158       -0.053938       -0.386657
     C   16       -0.053938        0.425559        0.565877
     C   16       -0.386657        0.565877        0.062599

     C   17        0.245567       -0.166142       -0.067464
     C   17       -0.166142        0.068214        0.111771
     C   17       -0.067464        0.111771       -0.313781

     Cl  18       -0.453738        0.803325       -0.406300
     Cl  18        0.803325        2.312547       -0.690386
     Cl  18       -0.406300       -0.690386       -1.858809

     H   19       -0.082101        0.003863        0.235299
     H   19        0.003863        0.523952       -0.381411
     H   19        0.235299       -0.381411       -0.441850

     C   20       -0.428225       -0.169902       -0.100483
     C   20       -0.169902        0.306318        0.283012
     C   20       -0.100483        0.283012        0.121907

     H   21        0.533032       -0.008155        0.474673
     H   21       -0.008155       -0.249169       -0.399071
     H   21        0.474673       -0.399071       -0.283863

     C   22        0.083728       -0.031935        0.021620
     C   22       -0.031935        0.001503        0.199065
     C   22        0.021620        0.199065       -0.085231

     C   23       -0.354415       -0.011411       -0.120720
     C   23       -0.011411        0.180236        0.330765
     C   23       -0.120720        0.330765        0.174179

     Cl  24       -0.081733        0.886659       -0.644025
     Cl  24        0.886659        0.058360        1.415974
     Cl  24       -0.644025        1.415974        0.023373

     ----- total EFG (symmetrized) -----
     Cl   1        1.695448       -2.816372       -1.769438
     Cl   1       -2.816372       -0.972555        0.107417
     Cl   1       -1.769438        0.107417       -0.722894

     C    2       -0.513509        0.036079       -0.224343
     C    2        0.036079        0.126401        0.468931
     C    2       -0.224343        0.468931        0.387108

     C    3        0.116202       -0.218538       -0.155862
     C    3       -0.218538       -0.497974        0.131876
     C    3       -0.155862        0.131876        0.381772

     H    4        0.039376        0.216603        0.611824
     H    4        0.216603        0.041848        0.023563
     H    4        0.611824        0.023563       -0.081224

     C    5       -0.783304        0.265025       -0.274266
     C    5        0.265025        0.330613        0.573743
     C    5       -0.274266        0.573743        0.452692

     H    6       -0.191534        0.063667        0.152029
     H    6        0.063667        0.091016        0.167926
     H    6        0.152029        0.167926        0.100518

     H    7       -0.193586        0.180755        0.146503
     H    7        0.180755        0.110972       -0.419759
     H    7        0.146503       -0.419759        0.082614

     C    8       -0.118177       -0.009806       -0.011251
     C    8       -0.009806        0.086482        0.452701
     C    8       -0.011251        0.452701        0.031695

     H    9        0.397297       -0.080471        0.221180
     H    9       -0.080471       -0.299049        0.139595
     H    9        0.221180        0.139595       -0.098248

     C   10       -0.538435       -0.076655       -0.175511
     C   10       -0.076655        0.301803       -0.160504
     C   10       -0.175511       -0.160504        0.236632

     C   11        0.197472        0.503911       -0.143826
     C   11        0.503911       -0.195531        0.280346
     C   11       -0.143826        0.280346       -0.001941

     Cl  12        0.452110        0.871226       -0.034726
     Cl  12        0.871226        1.685120       -0.318951
     Cl  12       -0.034726       -0.318951       -2.137230

     H   13       -0.151603        0.241332        0.236943
     H   13        0.241332        0.419503        0.065767
     H   13        0.236943        0.065767       -0.267900

     C   14        0.263384       -0.515377       -0.256581
     C   14       -0.515377       -0.282839        0.108627
     C   14       -0.256581        0.108627        0.019455

     H   15        0.582011        0.245141        0.345560
     H   15        0.245141       -0.539608       -0.218891
     H   15        0.345560       -0.218891       -0.042404

     C   16       -0.488158       -0.053938       -0.386657
     C   16       -0.053938        0.425559        0.565877
     C   16       -0.386657        0.565877        0.062599

     C   17        0.245567       -0.166142       -0.067464
     C   17       -0.166142        0.068214        0.111771
     C   17       -0.067464        0.111771       -0.313781

     Cl  18       -0.453738        0.803325       -0.406300
     Cl  18        0.803325        2.312547       -0.690386
     Cl  18       -0.406300       -0.690386       -1.858809

     H   19       -0.082101        0.003863        0.235299
     H   19        0.003863        0.523952       -0.381411
     H   19        0.235299       -0.381411       -0.441850

     C   20       -0.428225       -0.169902       -0.100483
     C   20       -0.169902        0.306318        0.283012
     C   20       -0.100483        0.283012        0.121907

     H   21        0.533032       -0.008155        0.474673
     H   21       -0.008155       -0.249169       -0.399071
     H   21        0.474673       -0.399071       -0.283863

     C   22        0.083728       -0.031935        0.021620
     C   22       -0.031935        0.001503        0.199065
     C   22        0.021620        0.199065       -0.085231

     C   23       -0.354415       -0.011411       -0.120720
     C   23       -0.011411        0.180236        0.330765
     C   23       -0.120720        0.330765        0.174179

     Cl  24       -0.081733        0.886659       -0.644025
     Cl  24        0.886659        0.058360        1.415974
     Cl  24       -0.644025        1.415974        0.023373


     NQR/NMR SPECTROSCOPIC PARAMETERS:
     Cl   1    Vxx=   -0.8843    axis=(  0.048635 -0.499038  0.865214)
     Cl   1    Vyy=   -3.1158    axis=( -0.567674 -0.726543 -0.387145)
     Cl   1    Vzz=    4.0002    axis=(  0.821816 -0.472331 -0.318626)
     Cl   1  Q=        -8.1650 1e-30 m^2  Cq=       -76.7410 MHz  eta= 0.55786

     C    2    Vxx=   -0.1591    axis=( -0.394809 -0.770963  0.499742)
     C    2    Vyy=   -0.6041    axis=( -0.910291  0.254542 -0.326465)
     C    2    Vzz=    0.7631    axis=( -0.124487  0.583801  0.802296)
     C    2  Q=         1.0000 1e-30 m^2  Cq=         1.7931 MHz  eta= 0.58308

     C    3    Vxx=    0.0739    axis=( -0.836195  0.201949 -0.509898)
     C    3    Vyy=    0.5006    axis=( -0.469818  0.215866  0.855963)
     C    3    Vzz=   -0.5745    axis=( -0.282930 -0.955311  0.085627)
     C    3  Q=         1.0000 1e-30 m^2  Cq=        -1.3499 MHz  eta= 0.74261

     H    4    Vxx=    0.0135    axis=(  0.087184 -0.940233  0.329183)
     H    4    Vyy=    0.6464    axis=( -0.728970 -0.285431 -0.622199)
     H    4    Vzz=   -0.6599    axis=(  0.678971 -0.185719 -0.710286)
     H    4  Q=         1.0000 1e-30 m^2  Cq=        -1.5505 MHz  eta= 0.95904

     C    5    Vxx=   -0.0006    axis=( -0.436794 -0.676880  0.592490)
     C    5    Vyy=   -0.9685    axis=( -0.899412  0.316588 -0.301381)
     C    5    Vzz=    0.9691    axis=( -0.016423  0.664534  0.747078)
     C    5  Q=         1.0000 1e-30 m^2  Cq=         2.2769 MHz  eta= 0.99881

     H    6    Vxx=   -0.0549    axis=( -0.273160  0.774935 -0.569964)
     H    6    Vyy=   -0.2565    axis=( -0.915136 -0.026720  0.402258)
     H    6    Vzz=    0.3114    axis=(  0.296495  0.631476  0.716470)
     H    6  Q=         1.0000 1e-30 m^2  Cq=         0.7318 MHz  eta= 0.64721

     H    7    Vxx=   -0.0194    axis=( -0.795334 -0.390344 -0.463763)
     H    7    Vyy=   -0.4986    axis=(  0.604620 -0.565549 -0.560882)
     H    7    Vzz=    0.5180    axis=( -0.043344 -0.726489  0.685810)
     H    7  Q=         1.0000 1e-30 m^2  Cq=         1.2171 MHz  eta= 0.92492

     C    8    Vxx=   -0.1185    axis=( -0.999709 -0.020783 -0.012244)
     C    8    Vyy=   -0.3944    axis=(  0.005329 -0.685346  0.728198)
     C    8    Vzz=    0.5130    axis=(  0.023526 -0.727921 -0.685257)
     C    8  Q=         1.0000 1e-30 m^2  Cq=         1.2053 MHz  eta= 0.53791

     H    9    Vxx=   -0.0718    axis=( -0.267783  0.571347  0.775793)
     H    9    Vyy=   -0.4107    axis=(  0.225645  0.819996 -0.526014)
     H    9    Vzz=    0.4825    axis=(  0.936684 -0.034197  0.348502)
     H    9  Q=         1.0000 1e-30 m^2  Cq=         1.1337 MHz  eta= 0.70246

     C   10    Vxx=    0.1539    axis=( -0.253814  0.647836  0.718252)
     C   10    Vyy=    0.4361    axis=( -0.059204 -0.751582  0.656977)
     C   10    Vzz=   -0.5900    axis=( -0.965439 -0.124227 -0.229117)
     C   10  Q=         1.0000 1e-30 m^2  Cq=        -1.3861 MHz  eta= 0.47831

     C   11    Vxx=    0.1383    axis=( -0.308245  0.294388  0.904611)
     C   11    Vyy=    0.5452    axis=( -0.808352 -0.582397 -0.085915)
     C   11    Vzz=   -0.6835    axis=(  0.501550 -0.757726  0.417490)
     C   11  Q=         1.0000 1e-30 m^2  Cq=        -1.6061 MHz  eta= 0.59534

     Cl  12    Vxx=    0.0074    axis=(  0.890302 -0.452293  0.052848)
     Cl  12    Vyy=    2.1568    axis=(  0.455108  0.887710 -0.069618)
     Cl  12    Vzz=   -2.1642    axis=( -0.015426  0.086032  0.996173)
     Cl  12  Q=        -8.1650 1e-30 m^2  Cq=        41.5198 MHz  eta= 0.99312

     H   13    Vxx=   -0.0693    axis=(  0.650467 -0.407424  0.641013)
     H   13    Vyy=   -0.4658    axis=( -0.656191  0.123570  0.744409)
     H   13    Vzz=    0.5351    axis=( -0.382500 -0.904840 -0.186970)
     H   13  Q=         1.0000 1e-30 m^2  Cq=         1.2573 MHz  eta= 0.74112

     C   14    Vxx=   -0.0918    axis=(  0.290091 -0.258754  0.921354)
     C   14    Vyy=   -0.5958    axis=( -0.528630 -0.845868 -0.071114)
     C   14    Vzz=    0.6876    axis=(  0.797745 -0.466426 -0.382164)
     C   14  Q=         1.0000 1e-30 m^2  Cq=         1.6157 MHz  eta= 0.73289

     H   15    Vxx=   -0.0283    axis=( -0.274248 -0.486552  0.829491)
     H   15    Vyy=   -0.7225    axis=( -0.273477  0.866408  0.417789)
     H   15    Vzz=    0.7508    axis=(  0.921954  0.112269  0.370671)
     H   15  Q=         1.0000 1e-30 m^2  Cq=         1.7641 MHz  eta= 0.92472

     C   16    Vxx=   -0.1563    axis=(  0.561838  0.602951 -0.566382)
     C   16    Vyy=   -0.7379    axis=( -0.802369  0.230544 -0.550503)
     C   16    Vzz=    0.8942    axis=(  0.201350 -0.763741 -0.613317)
     C   16  Q=         1.0000 1e-30 m^2  Cq=         2.1010 MHz  eta= 0.65051

     C   17    Vxx=   -0.0201    axis=(  0.554160  0.812303  0.181854)
     C   17    Vyy=   -0.3450    axis=( -0.041650  0.245251 -0.968564)
     C   17    Vzz=    0.3651    axis=( -0.831367  0.529166  0.169741)
     C   17  Q=         1.0000 1e-30 m^2  Cq=         0.8578 MHz  eta= 0.88985

     Cl  18    Vxx=   -0.6380    axis=(  0.944674 -0.292113 -0.149201)
     Cl  18    Vyy=   -2.0233    axis=( -0.190909 -0.119761 -0.974275)
     Cl  18    Vzz=    2.6613    axis=(  0.266730  0.948856 -0.168902)
     Cl  18  Q=        -8.1650 1e-30 m^2  Cq=       -51.0549 MHz  eta= 0.52055

     H   19    Vxx=   -0.0029    axis=(  0.926295  0.216490  0.308400)
     H   19    Vyy=   -0.6612    axis=(  0.362273 -0.286607 -0.886913)
     H   19    Vzz=    0.6641    axis=( -0.103618  0.933268 -0.343911)
     H   19  Q=         1.0000 1e-30 m^2  Cq=         1.5603 MHz  eta= 0.99139

     C   20    Vxx=   -0.0827    axis=(  0.045006 -0.574762  0.817082)
     C   20    Vyy=   -0.4685    axis=( -0.979405 -0.186537 -0.077269)
     C   20    Vzz=    0.5512    axis=(  0.196828 -0.796776 -0.571320)
     C   20  Q=         1.0000 1e-30 m^2  Cq=         1.2951 MHz  eta= 0.69991

     H   21    Vxx=   -0.0202    axis=(  0.407036  0.788638 -0.460838)
     H   21    Vyy=   -0.7630    axis=( -0.275170  0.586957  0.761422)
     H   21    Vzz=    0.7832    axis=(  0.870978 -0.183117  0.455922)
     H   21  Q=         1.0000 1e-30 m^2  Cq=         1.8403 MHz  eta= 0.94846

     C   22    Vxx=    0.0861    axis=( -0.983118 -0.045739 -0.177162)
     C   22    Vyy=    0.1635    axis=(  0.146200 -0.778566 -0.610295)
     C   22    Vzz=   -0.2497    axis=( -0.110018 -0.625893  0.772110)
     C   22  Q=         1.0000 1e-30 m^2  Cq=        -0.5866 MHz  eta= 0.31001

     C   23    Vxx=   -0.1284    axis=( -0.308162 -0.700874  0.643283)
     C   23    Vyy=   -0.3897    axis=( -0.945279  0.149413 -0.290041)
     C   23    Vzz=    0.5180    axis=(  0.107167 -0.697461 -0.708564)
     C   23  Q=         1.0000 1e-30 m^2  Cq=         1.2171 MHz  eta= 0.50439

     Cl  24    Vxx=    0.5063    axis=( -0.855785 -0.231456  0.462666)
     Cl  24    Vyy=    1.4844    axis=( -0.151978 -0.742390 -0.652503)
     Cl  24    Vzz=   -1.9907    axis=( -0.494504  0.628718 -0.600150)
     Cl  24  Q=        -8.1650 1e-30 m^2  Cq=        38.1897 MHz  eta= 0.49137

     Initialization:
     gipaw_setup  :      9.50s CPU     11.24s WALL (       1 calls)

     Linear response

     Apply operators

     Induced current

     Other routines
     efg          :      9.58s CPU     12.58s WALL (       1 calls)

     General routines
     calbec       :      3.43s CPU      4.68s WALL (      16 calls)
     fft          :      2.04s CPU      3.79s WALL (      15 calls)
     ffts         :      0.04s CPU      0.06s WALL (       2 calls)
     fftw         :      3.39s CPU      4.44s WALL (     672 calls)
     davcio       :      0.04s CPU      0.33s WALL (      32 calls)

     Parallel routines
     fft_scatter  :      2.82s CPU      5.52s WALL (     689 calls)

     Plugins

     GIPAW        :     61.88s CPU     74.32s WALL (       1 calls)
