
     Program QE v.6.0 (svn rev. 13079) starts on 21Dec2016 at  8:45:11 

     This program is part of the open-source Quantum ESPRESSO suite
     for quantum simulation of materials; please cite
         "P. Giannozzi et al., J. Phys.:Condens. Matter 21 395502 (2009);
          URL http://www.quantum-espresso.org", 
     in publications or presentations arising from this work. More details at
     http://www.quantum-espresso.org/quote

     Parallel version (MPI), running on     8 processors
     R & G space division:  proc/nbgrp/npool/nimage =       8

     ***** This is GIPAW svn revision unknown      *****

     Parallelizing q-star over 1 images

     Reading data from directory:
     /users/majewski/paradichlorobenzene/pbe/9_constraint/scratch/pbe.ecut100.np8.dt60.pcl2phi-129368.save
     Message from routine read_xml_file:
     file /users/majewski/paradichlorobenzene/pbe/9_constraint/scratch/pbe.ecut100.np8.dt60.pcl2phi-129368.save not guaranteed to be safe for post-processing

   Info: using nr1, nr2, nr3 values from input

   Info: using nr1, nr2, nr3 values from input

     IMPORTANT: XC functional enforced from input :
     Exchange-correlation      =  SLA  PW   PBX  PBC ( 1  4  3  4 0 0)
     Any further DFT definition will be discarded
     Please, verify this is what you really want

               file C.pbe-n-kjpaw_psl.1.0.0.UPF: wavefunction(s)  2S 2P renormalized
               file Cl.pbe-n-kjpaw_psl.1.0.0.UPF: wavefunction(s)  3S 3P renormalized
               file H.pbe-kjpaw_psl.1.0.0.UPF: wavefunction(s)  1S renormalized

     Parallelization info
     --------------------
     sticks:   dense  smooth     PW     G-vecs:    dense   smooth      PW
     Min        3057    1223    332               144436    36536    5170
     Max        3059    1225    333               144437    36537    5171
     Sum       24467    9791   2657              1155489   292295   41363


     Subspace diagonalization in iterative solution of the eigenvalue problem:
     a serial algorithm will be used

     GIPAW projectors -----------------------------------------------
     atom=  C    l=0  rc=    1.2000  rs=    0.8000
     atom=  C    l=0  rc=    1.2000  rs=    0.8000
     atom=  C    l=1  rc=    1.4000  rs=    0.9333
     atom=  C    l=1  rc=    1.4000  rs=    0.9333
     projs nearly linearly dependent: l=1  n1,n2= 1, 2  s=  0.99951561

     atom=  Cl   l=0  rc=    1.6000  rs=    1.0667
     atom=  Cl   l=0  rc=    1.6000  rs=    1.0667
     atom=  Cl   l=1  rc=    1.6000  rs=    1.0667
     atom=  Cl   l=1  rc=    1.6000  rs=    1.0667
     atom=  Cl   l=2  rc=    1.6000  rs=    1.0667
     atom=  Cl   l=2  rc=    1.6000  rs=    1.0667
     projs nearly linearly dependent: l=2  n1,n2= 1, 2  s=  0.99993509

     atom=  H    l=0  rc=    1.0000  rs=    0.6667
     atom=  H    l=0  rc=    1.0000  rs=    0.6667
     projs nearly linearly dependent: l=0  n1,n2= 1, 2  s=  0.99968852
     -----------------------------------------------------------------

     GIPAW integrals: -------------------------------------------
     Atom  i/j   nmr_para   nmr_dia   epr_rmc  epr_para   epr_dia
       C   1 1   0.83E+03  0.17E-01  0.93E+01  0.24E+08  0.24E+03
       C   2 1   0.86E+03 -0.61E-01  0.94E+01  0.25E+08  0.25E+03
       C   2 2   0.90E+03 -0.15E+00  0.97E+01  0.26E+08  0.26E+03
       C   3 3   0.33E+01  0.34E+00  0.18E+01  0.55E+03  0.21E+02
       C   4 3   0.35E+01  0.37E+00  0.20E+01  0.59E+03  0.22E+02
       C   4 4   0.38E+01  0.39E+00  0.22E+01  0.63E+03  0.24E+02
       Cl  1 1   0.14E+04 -0.47E+00  0.84E+01  0.32E+09  0.42E+03
       Cl  2 1   0.21E+04 -0.37E+00  0.12E+02  0.49E+09  0.65E+03
       Cl  2 2   0.33E+04 -0.16E+00  0.21E+02  0.76E+09  0.10E+04
       Cl  3 3   0.21E+02  0.79E-01  0.89E+01  0.23E+05  0.13E+03
       Cl  4 3   0.24E+02  0.67E-01  0.99E+01  0.27E+05  0.15E+03
       Cl  4 4   0.28E+02  0.44E-01  0.11E+02  0.32E+05  0.18E+03
       Cl  5 5   0.77E+00  0.19E+00  0.18E+01  0.12E+03  0.22E+02
       Cl  6 5   0.80E+00  0.19E+00  0.19E+01  0.12E+03  0.23E+02
       Cl  6 6   0.83E+00  0.20E+00  0.19E+01  0.12E+03  0.23E+02
       H   1 1   0.39E+02  0.19E+00  0.29E+00  0.78E+05  0.13E+02
       H   2 1   0.41E+02  0.21E+00  0.32E+00  0.82E+05  0.14E+02
       H   2 2   0.43E+02  0.22E+00  0.36E+00  0.86E+05  0.15E+02
     ------------------------------------------------------------

     alpha_pv=     33.8690 eV

     Number of occupied bands for each k-point:
     k-point:     1    nbnd_occ=  42
     k-point:     2    nbnd_occ=  42
     k-point:     3    nbnd_occ=  42
     k-point:     4    nbnd_occ=  42
     k-point:     5    nbnd_occ=  42
     k-point:     6    nbnd_occ=  42
     k-point:     7    nbnd_occ=  42
     k-point:     8    nbnd_occ=  42
     k-point:     9    nbnd_occ=  42
     k-point:    10    nbnd_occ=  42
     k-point:    11    nbnd_occ=  42
     k-point:    12    nbnd_occ=  42
     k-point:    13    nbnd_occ=  42
     k-point:    14    nbnd_occ=  42
     k-point:    15    nbnd_occ=  42
     k-point:    16    nbnd_occ=  42


     q-space interpolation up to   110.00 Rydberg

     GIPAW job: efg                                                                             


     ELECTRIC FIELD GRADIENTS TENSORS IN Hartree/bohrradius^2:

     ----- bare term -----
     Cl   1       -0.227393        0.180756       -0.102997
     Cl   1        0.180756       -0.007150        0.127003
     Cl   1       -0.102997        0.127003        0.234543

     C    2        0.072348       -0.318191       -0.558856
     C    2       -0.318191       -0.241332       -0.545131
     C    2       -0.558856       -0.545131        0.168984

     C    3       -0.328395        0.342443       -0.368138
     C    3        0.342443       -0.182682       -0.272164
     C    3       -0.368138       -0.272164        0.511076

     H    4        0.114524       -0.104418       -0.302257
     H    4       -0.104418        0.493699       -0.015335
     H    4       -0.302257       -0.015335       -0.608224

     C    5       -0.218341        0.095049       -0.375034
     C    5        0.095049       -0.235400       -0.386086
     C    5       -0.375034       -0.386086        0.453740

     H    6        0.467702       -0.041451       -0.026468
     H    6       -0.041451       -0.130757       -0.553001
     H    6       -0.026468       -0.553001       -0.336945

     H    7       -0.057313        0.327987        0.117628
     H    7        0.327987       -0.348833        0.319376
     H    7        0.117628        0.319376        0.406146

     C    8       -0.514609       -0.306746       -0.298795
     C    8       -0.306746        0.099415        0.183738
     C    8       -0.298795        0.183738        0.415194

     H    9       -0.552718       -0.157280       -0.333585
     H    9       -0.157280        0.219969        0.182340
     H    9       -0.333585        0.182340        0.332749

     C   10        0.014520        0.162360       -0.332655
     C   10        0.162360       -0.139932        0.602455
     C   10       -0.332655        0.602455        0.125412

     C   11       -0.478006       -0.373858       -0.378105
     C   11       -0.373858        0.208282        0.308796
     C   11       -0.378105        0.308796        0.269724

     Cl  12       -0.029870       -0.060513       -0.031011
     Cl  12       -0.060513        0.173307        0.009822
     Cl  12       -0.031011        0.009822       -0.143437

     H   13        0.424687        0.076914       -0.308513
     H   13        0.076914       -0.122914       -0.291977
     H   13       -0.308513       -0.291977       -0.301773

     C   14       -0.641318        0.318293       -0.120597
     C   14        0.318293        0.289095       -0.312982
     C   14       -0.120597       -0.312982        0.352223

     H   15        0.003547        0.129587       -0.507628
     H   15        0.129587        0.042520        0.219940
     H   15       -0.507628        0.219940       -0.046067

     C   16        0.003119        0.044787       -0.206842
     C   16        0.044787       -0.023278       -0.656977
     C   16       -0.206842       -0.656977        0.020159

     C   17       -0.555401        0.325334       -0.396796
     C   17        0.325334        0.279844       -0.256764
     C   17       -0.396796       -0.256764        0.275557

     Cl  18        0.195708       -0.161329       -0.030017
     Cl  18       -0.161329       -0.446694       -0.057702
     Cl  18       -0.030017       -0.057702        0.250986

     H   19        0.436725        0.245370        0.001557
     H   19        0.245370       -0.797859        0.131655
     H   19        0.001557        0.131655        0.361134

     C   20       -0.166760       -0.056593       -0.238692
     C   20       -0.056593        0.027179        0.497824
     C   20       -0.238692        0.497824        0.139581

     H   21       -0.344443        0.408298       -0.342058
     H   21        0.408298        0.051637        0.105513
     H   21       -0.342058        0.105513        0.292806

     C   22       -0.441163       -0.327541       -0.101413
     C   22       -0.327541        0.016636        0.442129
     C   22       -0.101413        0.442129        0.424526

     C   23       -0.113625        0.040559       -0.286116
     C   23        0.040559        0.045529        0.728497
     C   23       -0.286116        0.728497        0.068096

     Cl  24       -0.216142       -0.220481       -0.041151
     Cl  24       -0.220481        0.138567        0.157476
     Cl  24       -0.041151        0.157476        0.077576

     ----- ionic term -----
     Cl   1        0.140319       -0.204037        0.013508
     Cl   1       -0.204037       -0.002385       -0.001173
     Cl   1        0.013508       -0.001173       -0.137934

     C    2        0.127143       -0.225455        0.340450
     C    2       -0.225455        0.005023        0.402452
     C    2        0.340450        0.402452       -0.132166

     C    3        0.040338       -0.293207        0.269500
     C    3       -0.293207        0.114145        0.393546
     C    3        0.269500        0.393546       -0.154483

     H    4        0.341894        0.148296        0.822012
     H    4        0.148296       -0.520171        0.212679
     H    4        0.822012        0.212679        0.178278

     C    5        0.199489       -0.275454        0.373215
     C    5       -0.275454        0.010784        0.264778
     C    5        0.373215        0.264778       -0.210272

     H    6       -0.509840        0.092746        0.115762
     H    6        0.092746        0.533714        0.747044
     H    6        0.115762        0.747044       -0.023873

     H    7       -0.447629       -0.332829        0.103716
     H    7       -0.332829        0.869534       -0.447812
     H    7        0.103716       -0.447812       -0.421906

     C    8        0.291153        0.095180        0.194553
     C    8        0.095180        0.183481       -0.225792
     C    8        0.194553       -0.225792       -0.474634

     H    9        0.652642       -0.322649        0.639042
     H    9       -0.322649       -0.391439       -0.229664
     H    9        0.639042       -0.229664       -0.261203

     C   10        0.149365        0.160170        0.198135
     C   10        0.160170        0.285078       -0.328374
     C   10        0.198135       -0.328374       -0.434442

     C   11        0.231037        0.106745        0.281957
     C   11        0.106745        0.175326       -0.360582
     C   11        0.281957       -0.360582       -0.406364

     Cl  12        0.142589        0.221029       -0.007856
     Cl  12        0.221029        0.007843       -0.012215
     Cl  12       -0.007856       -0.012215       -0.150432

     H   13       -0.541162        0.124450        0.092709
     H   13        0.124450        0.474053        0.791802
     H   13        0.092709        0.791802        0.067109

     C   14        0.174175       -0.268593        0.317958
     C   14       -0.268593        0.013381        0.288194
     C   14        0.317958        0.288194       -0.187556

     H   15        0.533017        0.139976        0.758710
     H   15        0.139976       -0.492576        0.160224
     H   15        0.758710        0.160224       -0.040441

     C   16        0.090238       -0.298457        0.239082
     C   16       -0.298457        0.128882        0.376968
     C   16        0.239082        0.376968       -0.219120

     C   17        0.020873       -0.201385        0.340984
     C   17       -0.201385        0.104593        0.411503
     C   17        0.340984        0.411503       -0.125465

     Cl  18        0.051604       -0.192344        0.002491
     Cl  18       -0.192344        0.081156        0.004020
     Cl  18        0.002491        0.004020       -0.132760

     H   19       -0.510371       -0.121430        0.087343
     H   19       -0.121430        0.642235       -0.699155
     H   19        0.087343       -0.699155       -0.131864

     C   20        0.279122        0.160957        0.271516
     C   20        0.160957        0.068336       -0.311681
     C   20        0.271516       -0.311681       -0.347458

     H   21        0.525258       -0.203263        0.741996
     H   21       -0.203263       -0.454042       -0.227530
     H   21        0.741996       -0.227530       -0.071216

     C   22        0.100847        0.249035        0.185973
     C   22        0.249035        0.237211       -0.406168
     C   22        0.185973       -0.406168       -0.338058

     C   23        0.211751        0.147165        0.173837
     C   23        0.147165        0.192012       -0.388641
     C   23        0.173837       -0.388641       -0.403763

     Cl  24        0.148217        0.187081        0.006945
     Cl  24        0.187081        0.003603       -0.008054
     Cl  24        0.006945       -0.008054       -0.151819

     ----- GIPAW term -----
     Cl   1        0.007970       -1.796546       -0.927837
     Cl   1       -1.796546        0.158905        1.273040
     Cl   1       -0.927837        1.273040       -0.166876

     C    2        0.131535       -0.250384       -0.190525
     C    2       -0.250384       -0.067751       -0.009164
     C    2       -0.190525       -0.009164       -0.063783

     C    3       -0.118832        0.040329       -0.193121
     C    3        0.040329       -0.121120       -0.032506
     C    3       -0.193121       -0.032506        0.239952

     H    4       -0.000000        0.000000        0.000000
     H    4        0.000000        0.000000        0.000000
     H    4        0.000000        0.000000        0.000000

     C    5       -0.048697       -0.020770       -0.125834
     C    5       -0.020770       -0.129363       -0.022666
     C    5       -0.125834       -0.022666        0.178059

     H    6       -0.000000        0.000000        0.000000
     H    6        0.000000        0.000000        0.000000
     H    6        0.000000        0.000000        0.000000

     H    7       -0.000000        0.000000        0.000000
     H    7        0.000000        0.000000        0.000000
     H    7        0.000000        0.000000        0.000000

     C    8       -0.038656        0.105700       -0.058472
     C    8        0.105700        0.086551       -0.028352
     C    8       -0.058472       -0.028352       -0.047895

     H    9       -0.000000        0.000000        0.000000
     H    9        0.000000        0.000000        0.000000
     H    9        0.000000        0.000000        0.000000

     C   10       -0.044437        0.199655       -0.087576
     C   10        0.199655        0.153393        0.031022
     C   10       -0.087576        0.031022       -0.108957

     C   11       -0.128921       -0.047229       -0.071461
     C   11       -0.047229        0.219525        0.147378
     C   11       -0.071461        0.147378       -0.090605

     Cl  12        0.416675        1.108255       -0.192663
     Cl  12        1.108255        2.280888        0.184820
     Cl  12       -0.192663        0.184820       -2.697563

     H   13       -0.000000        0.000000        0.000000
     H   13        0.000000        0.000000        0.000000
     H   13        0.000000        0.000000        0.000000

     C   14       -0.164032       -0.082406        0.050704
     C   14       -0.082406        0.215776       -0.133767
     C   14        0.050704       -0.133767       -0.051744

     H   15       -0.000000        0.000000        0.000000
     H   15        0.000000        0.000000        0.000000
     H   15        0.000000        0.000000        0.000000

     C   16       -0.120168       -0.037396       -0.022429
     C   16       -0.037396        0.207080       -0.194812
     C   16       -0.022429       -0.194812       -0.086912

     C   17       -0.127410        0.002498       -0.058589
     C   17        0.002498        0.262839       -0.008036
     C   17       -0.058589       -0.008036       -0.135429

     Cl  18        0.306469        0.004398        0.076769
     Cl  18        0.004398        1.113578        0.253465
     Cl  18        0.076769        0.253465       -1.420047

     H   19       -0.000000        0.000000        0.000000
     H   19        0.000000        0.000000        0.000000
     H   19        0.000000        0.000000        0.000000

     C   20       -0.105675       -0.037868       -0.033146
     C   20       -0.037868        0.196256        0.201846
     C   20       -0.033146        0.201846       -0.090581

     H   21       -0.000000        0.000000        0.000000
     H   21        0.000000        0.000000        0.000000
     H   21        0.000000        0.000000        0.000000

     C   22       -0.186236       -0.051577       -0.028341
     C   22       -0.051577        0.120531        0.216678
     C   22       -0.028341        0.216678        0.065705

     C   23       -0.065552        0.051516       -0.065674
     C   23        0.051516        0.164636        0.238316
     C   23       -0.065674        0.238316       -0.099084

     Cl  24       -0.333101        0.718245       -0.493627
     Cl  24        0.718245        1.542786        1.620838
     Cl  24       -0.493627        1.620838       -1.209685

     ----- total EFG -----
     Cl   1       -0.079104       -1.819827       -1.017325
     Cl   1       -1.819827        0.149371        1.398870
     Cl   1       -1.017325        1.398870       -0.070267

     C    2        0.331027       -0.794030       -0.408931
     C    2       -0.794030       -0.304061       -0.151842
     C    2       -0.408931       -0.151842       -0.026966

     C    3       -0.406888        0.089565       -0.291759
     C    3        0.089565       -0.189657        0.088875
     C    3       -0.291759        0.088875        0.596545

     H    4        0.456418        0.043878        0.519755
     H    4        0.043878       -0.026472        0.197343
     H    4        0.519755        0.197343       -0.429946

     C    5       -0.067548       -0.201175       -0.127653
     C    5       -0.201175       -0.353979       -0.143975
     C    5       -0.127653       -0.143975        0.421527

     H    6       -0.042139        0.051296        0.089294
     H    6        0.051296        0.402957        0.194043
     H    6        0.089294        0.194043       -0.360818

     H    7       -0.504942       -0.004842        0.221344
     H    7       -0.004842        0.520702       -0.128437
     H    7        0.221344       -0.128437       -0.015759

     C    8       -0.262112       -0.105866       -0.162714
     C    8       -0.105866        0.369448       -0.070406
     C    8       -0.162714       -0.070406       -0.107335

     H    9        0.099924       -0.479929        0.305457
     H    9       -0.479929       -0.171469       -0.047324
     H    9        0.305457       -0.047324        0.071545

     C   10        0.119448        0.522184       -0.222096
     C   10        0.522184        0.298540        0.305103
     C   10       -0.222096        0.305103       -0.417987

     C   11       -0.375889       -0.314341       -0.167609
     C   11       -0.314341        0.603134        0.095593
     C   11       -0.167609        0.095593       -0.227244

     Cl  12        0.529394        1.268771       -0.231530
     Cl  12        1.268771        2.462039        0.182426
     Cl  12       -0.231530        0.182426       -2.991433

     H   13       -0.116475        0.201364       -0.215804
     H   13        0.201364        0.351139        0.499826
     H   13       -0.215804        0.499826       -0.234664

     C   14       -0.631174       -0.032705        0.248064
     C   14       -0.032705        0.518251       -0.158554
     C   14        0.248064       -0.158554        0.112923

     H   15        0.536564        0.269563        0.251082
     H   15        0.269563       -0.450057        0.380164
     H   15        0.251082        0.380164       -0.086507

     C   16       -0.026811       -0.291065        0.009810
     C   16       -0.291065        0.312684       -0.474821
     C   16        0.009810       -0.474821       -0.285873

     C   17       -0.661939        0.126447       -0.114401
     C   17        0.126447        0.647276        0.146702
     C   17       -0.114401        0.146702        0.014663

     Cl  18        0.553781       -0.349275        0.049243
     Cl  18       -0.349275        0.748039        0.199784
     Cl  18        0.049243        0.199784       -1.301820

     H   19       -0.073646        0.123940        0.088900
     H   19        0.123940       -0.155624       -0.567501
     H   19        0.088900       -0.567501        0.229270

     C   20        0.006687        0.066496       -0.000322
     C   20        0.066496        0.291771        0.387989
     C   20       -0.000322        0.387989       -0.298458

     H   21        0.180814        0.205035        0.399939
     H   21        0.205035       -0.402404       -0.122017
     H   21        0.399939       -0.122017        0.221590

     C   22       -0.526552       -0.130083        0.056219
     C   22       -0.130083        0.374378        0.252639
     C   22        0.056219        0.252639        0.152173

     C   23        0.032574        0.239241       -0.177953
     C   23        0.239241        0.402178        0.578172
     C   23       -0.177953        0.578172       -0.434752

     Cl  24       -0.401027        0.684844       -0.527834
     Cl  24        0.684844        1.684956        1.770259
     Cl  24       -0.527834        1.770259       -1.283929

     ----- total EFG (symmetrized) -----
     Cl   1       -0.079104       -1.819827       -1.017325
     Cl   1       -1.819827        0.149371        1.398870
     Cl   1       -1.017325        1.398870       -0.070267

     C    2        0.331027       -0.794030       -0.408931
     C    2       -0.794030       -0.304061       -0.151842
     C    2       -0.408931       -0.151842       -0.026966

     C    3       -0.406888        0.089565       -0.291759
     C    3        0.089565       -0.189657        0.088875
     C    3       -0.291759        0.088875        0.596545

     H    4        0.456418        0.043878        0.519755
     H    4        0.043878       -0.026472        0.197343
     H    4        0.519755        0.197343       -0.429946

     C    5       -0.067548       -0.201175       -0.127653
     C    5       -0.201175       -0.353979       -0.143975
     C    5       -0.127653       -0.143975        0.421527

     H    6       -0.042139        0.051296        0.089294
     H    6        0.051296        0.402957        0.194043
     H    6        0.089294        0.194043       -0.360818

     H    7       -0.504942       -0.004842        0.221344
     H    7       -0.004842        0.520702       -0.128437
     H    7        0.221344       -0.128437       -0.015759

     C    8       -0.262112       -0.105866       -0.162714
     C    8       -0.105866        0.369448       -0.070406
     C    8       -0.162714       -0.070406       -0.107335

     H    9        0.099924       -0.479929        0.305457
     H    9       -0.479929       -0.171469       -0.047324
     H    9        0.305457       -0.047324        0.071545

     C   10        0.119448        0.522184       -0.222096
     C   10        0.522184        0.298540        0.305103
     C   10       -0.222096        0.305103       -0.417987

     C   11       -0.375889       -0.314341       -0.167609
     C   11       -0.314341        0.603134        0.095593
     C   11       -0.167609        0.095593       -0.227244

     Cl  12        0.529394        1.268771       -0.231530
     Cl  12        1.268771        2.462039        0.182426
     Cl  12       -0.231530        0.182426       -2.991433

     H   13       -0.116475        0.201364       -0.215804
     H   13        0.201364        0.351139        0.499826
     H   13       -0.215804        0.499826       -0.234664

     C   14       -0.631174       -0.032705        0.248064
     C   14       -0.032705        0.518251       -0.158554
     C   14        0.248064       -0.158554        0.112923

     H   15        0.536564        0.269563        0.251082
     H   15        0.269563       -0.450057        0.380164
     H   15        0.251082        0.380164       -0.086507

     C   16       -0.026811       -0.291065        0.009810
     C   16       -0.291065        0.312684       -0.474821
     C   16        0.009810       -0.474821       -0.285873

     C   17       -0.661939        0.126447       -0.114401
     C   17        0.126447        0.647276        0.146702
     C   17       -0.114401        0.146702        0.014663

     Cl  18        0.553781       -0.349275        0.049243
     Cl  18       -0.349275        0.748039        0.199784
     Cl  18        0.049243        0.199784       -1.301820

     H   19       -0.073646        0.123940        0.088900
     H   19        0.123940       -0.155624       -0.567501
     H   19        0.088900       -0.567501        0.229270

     C   20        0.006687        0.066496       -0.000322
     C   20        0.066496        0.291771        0.387989
     C   20       -0.000322        0.387989       -0.298458

     H   21        0.180814        0.205035        0.399939
     H   21        0.205035       -0.402404       -0.122017
     H   21        0.399939       -0.122017        0.221590

     C   22       -0.526552       -0.130083        0.056219
     C   22       -0.130083        0.374378        0.252639
     C   22        0.056219        0.252639        0.152173

     C   23        0.032574        0.239241       -0.177953
     C   23        0.239241        0.402178        0.578172
     C   23       -0.177953        0.578172       -0.434752

     Cl  24       -0.401027        0.684844       -0.527834
     Cl  24        0.684844        1.684956        1.770259
     Cl  24       -0.527834        1.770259       -1.283929


     NQR/NMR SPECTROSCOPIC PARAMETERS:
     Cl   1    Vxx=   -1.0288    axis=(  0.512957 -0.199101  0.835005)
     Cl   1    Vyy=   -1.8365    axis=( -0.638988 -0.738108  0.216544)
     Cl   1    Vzz=    2.8652    axis=(  0.573210 -0.644636 -0.505841)
     Cl   1  Q=        -8.1650 1e-30 m^2  Cq=       -54.9683 MHz  eta= 0.28189

     C    2    Vxx=    0.0388    axis=(  0.023961 -0.450739  0.892334)
     C    2    Vyy=    0.9403    axis=( -0.825987  0.493907  0.271663)
     C    2    Vzz=   -0.9791    axis=( -0.563179 -0.743566 -0.360470)
     C    2  Q=         1.0000 1e-30 m^2  Cq=        -2.3004 MHz  eta= 0.92084

     C    3    Vxx=   -0.1577    axis=(  0.323856  0.946006  0.013804)
     C    3    Vyy=   -0.5221    axis=( -0.911639  0.315927 -0.262879)
     C    3    Vzz=    0.6798    axis=( -0.253046  0.072551  0.964730)
     C    3  Q=         1.0000 1e-30 m^2  Cq=         1.5972 MHz  eta= 0.53602

     H    4    Vxx=   -0.0087    axis=(  0.248852 -0.958107 -0.141790)
     H    4    Vyy=   -0.7083    axis=( -0.388964 -0.232933  0.891319)
     H    4    Vzz=    0.7170    axis=( -0.887006 -0.166655 -0.430635)
     H    4  Q=         1.0000 1e-30 m^2  Cq=         1.6847 MHz  eta= 0.97583

     C    5    Vxx=    0.0313    axis=(  0.865586 -0.490201  0.102293)
     C    5    Vyy=    0.4645    axis=(  0.186296  0.125619 -0.974430)
     C    5    Vzz=   -0.4958    axis=(  0.464816  0.862510  0.200056)
     C    5  Q=         1.0000 1e-30 m^2  Cq=        -1.1649 MHz  eta= 0.87375

     H    6    Vxx=   -0.0372    axis=(  0.970346 -0.182791  0.158164)
     H    6    Vyy=   -0.4223    axis=( -0.196122 -0.212883  0.957192)
     H    6    Vzz=    0.4595    axis=( -0.141296 -0.959827 -0.242419)
     H    6  Q=         1.0000 1e-30 m^2  Cq=         1.0797 MHz  eta= 0.83789

     H    7    Vxx=    0.0390    axis=(  0.363714  0.243401  0.899148)
     H    7    Vyy=    0.5528    axis=( -0.054707  0.969174 -0.240228)
     H    7    Vzz=   -0.5918    axis=( -0.929903  0.038185  0.365818)
     H    7  Q=         1.0000 1e-30 m^2  Cq=        -1.3905 MHz  eta= 0.86818

     C    8    Vxx=   -0.0046    axis=( -0.536192  0.007119  0.844066)
     C    8    Vyy=   -0.3863    axis=(  0.833028  0.165863  0.527782)
     C    8    Vzz=    0.3908    axis=( -0.136242  0.986123 -0.094865)
     C    8  Q=         1.0000 1e-30 m^2  Cq=         0.9183 MHz  eta= 0.97664

     H    9    Vxx=   -0.0344    axis=( -0.220560  0.479021  0.849642)
     H    9    Vyy=   -0.5721    axis=( -0.635111 -0.731652  0.247630)
     H    9    Vzz=    0.6065    axis=(  0.740262 -0.484999  0.465605)
     H    9  Q=         1.0000 1e-30 m^2  Cq=         1.4250 MHz  eta= 0.88646

     C   10    Vxx=   -0.0044    axis=( -0.627800  0.426010  0.651446)
     C   10    Vyy=   -0.7422    axis=(  0.471626 -0.457615  0.753762)
     C   10    Vzz=    0.7466    axis=( -0.619222 -0.780451 -0.086374)
     C   10  Q=         1.0000 1e-30 m^2  Cq=         1.7542 MHz  eta= 0.98813

     C   11    Vxx=   -0.1857    axis=( -0.367228 -0.254754  0.894563)
     C   11    Vyy=   -0.5305    axis=( -0.882285 -0.209084 -0.421731)
     C   11    Vzz=    0.7162    axis=( -0.294476  0.944132  0.147984)
     C   11  Q=         1.0000 1e-30 m^2  Cq=         1.6827 MHz  eta= 0.48151

     Cl  12    Vxx=   -0.0707    axis=( -0.892576  0.440065  0.098240)
     Cl  12    Vyy=   -3.0205    axis=(  0.083656 -0.052471  0.995112)
     Cl  12    Vzz=    3.0912    axis=(  0.443069  0.896432  0.010020)
     Cl  12  Q=        -8.1650 1e-30 m^2  Cq=       -59.3027 MHz  eta= 0.95428

     H   13    Vxx=    0.0268    axis=(  0.881385  0.145433 -0.449455)
     H   13    Vyy=    0.6442    axis=( -0.097244 -0.875198 -0.473890)
     H   13    Vzz=   -0.6709    axis=( -0.462281  0.461386 -0.757244)
     H   13  Q=         1.0000 1e-30 m^2  Cq=        -1.5765 MHz  eta= 0.92012

     C   14    Vxx=    0.1224    axis=(  0.274799  0.376998  0.884510)
     C   14    Vyy=    0.5841    axis=(  0.099210 -0.926133  0.363916)
     C   14    Vzz=   -0.7065    axis=(  0.956369 -0.012251 -0.291903)
     C   14  Q=         1.0000 1e-30 m^2  Cq=        -1.6599 MHz  eta= 0.65345

     H   15    Vxx=   -0.0560    axis=( -0.504898  0.395039  0.767477)
     H   15    Vyy=   -0.6978    axis=( -0.086380  0.861542 -0.500283)
     H   15    Vzz=    0.7538    axis=(  0.858846  0.318887  0.400868)
     H   15  Q=         1.0000 1e-30 m^2  Cq=         1.7712 MHz  eta= 0.85141

     C   16    Vxx=   -0.0901    axis=(  0.899601  0.182225 -0.396877)
     C   16    Vyy=   -0.5829    axis=(  0.255908  0.516442  0.817189)
     C   16    Vzz=    0.6730    axis=(  0.353877 -0.836709  0.417959)
     C   16  Q=         1.0000 1e-30 m^2  Cq=         1.5812 MHz  eta= 0.73224

     C   17    Vxx=    0.0104    axis=( -0.198180 -0.182485  0.963028)
     C   17    Vyy=    0.6870    axis=( -0.074568 -0.976862 -0.200451)
     C   17    Vzz=   -0.6974    axis=(  0.977325 -0.111536  0.179987)
     C   17  Q=         1.0000 1e-30 m^2  Cq=        -1.6387 MHz  eta= 0.97016

     Cl  18    Vxx=    0.3041    axis=(  0.803055  0.587832  0.097753)
     Cl  18    Vyy=    1.0207    axis=(  0.594183 -0.802349 -0.056419)
     Cl  18    Vzz=   -1.3249    axis=( -0.045267 -0.103391  0.993610)
     Cl  18  Q=        -8.1650 1e-30 m^2  Cq=        25.4166 MHz  eta= 0.54092

     H   19    Vxx=   -0.0300    axis=(  0.961336  0.223854  0.160381)
     H   19    Vyy=   -0.6061    axis=( -0.275378  0.781327  0.560085)
     H   19    Vzz=    0.6361    axis=(  0.000067 -0.582595  0.812763)
     H   19  Q=         1.0000 1e-30 m^2  Cq=         1.4945 MHz  eta= 0.90581

     C   20    Vxx=    0.0012    axis=(  0.990721 -0.082557 -0.107965)
     C   20    Vyy=    0.4914    axis=( -0.121921 -0.890890 -0.437551)
     C   20    Vzz=   -0.4926    axis=( -0.060062  0.446654 -0.892688)
     C   20  Q=         1.0000 1e-30 m^2  Cq=        -1.1574 MHz  eta= 0.99520

     H   21    Vxx=   -0.0482    axis=( -0.576992 -0.543923  0.609285)
     H   21    Vyy=   -0.5564    axis=(  0.421698 -0.837259 -0.348093)
     H   21    Vzz=    0.6046    axis=(  0.699464  0.056088  0.712463)
     H   21  Q=         1.0000 1e-30 m^2  Cq=         1.4206 MHz  eta= 0.84048

     C   22    Vxx=    0.0126    axis=(  0.209676 -0.508056  0.835413)
     C   22    Vyy=    0.5451    axis=( -0.074507  0.843619  0.531747)
     C   22    Vzz=   -0.5578    axis=( -0.974928 -0.173739  0.139033)
     C   22  Q=         1.0000 1e-30 m^2  Cq=        -1.3105 MHz  eta= 0.95467

     C   23    Vxx=    0.0908    axis=(  0.931096 -0.042735 -0.362263)
     C   23    Vyy=    0.7246    axis=(  0.201182  0.888576  0.412259)
     C   23    Vzz=   -0.8154    axis=(  0.304281 -0.456734  0.835947)
     C   23  Q=         1.0000 1e-30 m^2  Cq=        -1.9159 MHz  eta= 0.77722

     Cl  24    Vxx=   -0.1581    axis=(  0.921755  0.028914 -0.386694)
     Cl  24    Vyy=   -2.4083    axis=( -0.362193  0.420390 -0.831919)
     Cl  24    Vzz=    2.5664    axis=(  0.138508  0.906883  0.397968)
     Cl  24  Q=        -8.1650 1e-30 m^2  Cq=       -49.2350 MHz  eta= 0.87679

     Initialization:
     gipaw_setup  :      9.78s CPU     11.39s WALL (       1 calls)

     Linear response

     Apply operators

     Induced current

     Other routines
     efg          :      9.47s CPU     12.12s WALL (       1 calls)

     General routines
     calbec       :      3.30s CPU      4.28s WALL (      16 calls)
     fft          :      1.61s CPU      2.75s WALL (      15 calls)
     ffts         :      0.04s CPU      0.04s WALL (       2 calls)
     fftw         :      3.24s CPU      4.18s WALL (     672 calls)
     davcio       :      0.04s CPU      0.33s WALL (      32 calls)

     Parallel routines
     fft_scatter  :      2.36s CPU      3.99s WALL (     689 calls)

     Plugins

     GIPAW        :     62.18s CPU     77.12s WALL (       1 calls)
