
     Program QE v.6.0 (svn rev. 13079) starts on 16Dec2016 at 13:51:22 

     This program is part of the open-source Quantum ESPRESSO suite
     for quantum simulation of materials; please cite
         "P. Giannozzi et al., J. Phys.:Condens. Matter 21 395502 (2009);
          URL http://www.quantum-espresso.org", 
     in publications or presentations arising from this work. More details at
     http://www.quantum-espresso.org/quote

     Parallel version (MPI), running on     8 processors
     R & G space division:  proc/nbgrp/npool/nimage =       8

     ***** This is GIPAW svn revision unknown      *****

     Parallelizing q-star over 1 images

     Reading data from directory:
     /users/majewski/paradichlorobenzene/pbe/9_constraint/scratch/pbe.ecut100.np8.dt60.pcl2phi-129368.save
     Message from routine read_xml_file:
     file /users/majewski/paradichlorobenzene/pbe/9_constraint/scratch/pbe.ecut100.np8.dt60.pcl2phi-129368.save not guaranteed to be safe for post-processing

   Info: using nr1, nr2, nr3 values from input

   Info: using nr1, nr2, nr3 values from input

     IMPORTANT: XC functional enforced from input :
     Exchange-correlation      =  SLA  PW   PBX  PBC ( 1  4  3  4 0 0)
     Any further DFT definition will be discarded
     Please, verify this is what you really want

               file C.pbe-n-kjpaw_psl.1.0.0.UPF: wavefunction(s)  2S 2P renormalized
               file Cl.pbe-n-kjpaw_psl.1.0.0.UPF: wavefunction(s)  3S 3P renormalized
               file H.pbe-kjpaw_psl.1.0.0.UPF: wavefunction(s)  1S renormalized

     Parallelization info
     --------------------
     sticks:   dense  smooth     PW     G-vecs:    dense   smooth      PW
     Min        3057    1223    332               144436    36536    5170
     Max        3059    1225    333               144437    36537    5171
     Sum       24467    9791   2657              1155489   292295   41363


     Subspace diagonalization in iterative solution of the eigenvalue problem:
     a serial algorithm will be used

     GIPAW projectors -----------------------------------------------
     atom=  C    l=0  rc=    1.2000  rs=    0.8000
     atom=  C    l=0  rc=    1.2000  rs=    0.8000
     atom=  C    l=1  rc=    1.4000  rs=    0.9333
     atom=  C    l=1  rc=    1.4000  rs=    0.9333
     projs nearly linearly dependent: l=1  n1,n2= 1, 2  s=  0.99951561

     atom=  Cl   l=0  rc=    1.6000  rs=    1.0667
     atom=  Cl   l=0  rc=    1.6000  rs=    1.0667
     atom=  Cl   l=1  rc=    1.6000  rs=    1.0667
     atom=  Cl   l=1  rc=    1.6000  rs=    1.0667
     atom=  Cl   l=2  rc=    1.6000  rs=    1.0667
     atom=  Cl   l=2  rc=    1.6000  rs=    1.0667
     projs nearly linearly dependent: l=2  n1,n2= 1, 2  s=  0.99993509

     atom=  H    l=0  rc=    1.0000  rs=    0.6667
     atom=  H    l=0  rc=    1.0000  rs=    0.6667
     projs nearly linearly dependent: l=0  n1,n2= 1, 2  s=  0.99968852
     -----------------------------------------------------------------

     GIPAW integrals: -------------------------------------------
     Atom  i/j   nmr_para   nmr_dia   epr_rmc  epr_para   epr_dia
       C   1 1   0.83E+03  0.17E-01  0.93E+01  0.24E+08  0.24E+03
       C   2 1   0.86E+03 -0.61E-01  0.94E+01  0.25E+08  0.25E+03
       C   2 2   0.90E+03 -0.15E+00  0.97E+01  0.26E+08  0.26E+03
       C   3 3   0.33E+01  0.34E+00  0.18E+01  0.55E+03  0.21E+02
       C   4 3   0.35E+01  0.37E+00  0.20E+01  0.59E+03  0.22E+02
       C   4 4   0.38E+01  0.39E+00  0.22E+01  0.63E+03  0.24E+02
       Cl  1 1   0.14E+04 -0.47E+00  0.84E+01  0.32E+09  0.42E+03
       Cl  2 1   0.21E+04 -0.37E+00  0.12E+02  0.49E+09  0.65E+03
       Cl  2 2   0.33E+04 -0.16E+00  0.21E+02  0.76E+09  0.10E+04
       Cl  3 3   0.21E+02  0.79E-01  0.89E+01  0.23E+05  0.13E+03
       Cl  4 3   0.24E+02  0.67E-01  0.99E+01  0.27E+05  0.15E+03
       Cl  4 4   0.28E+02  0.44E-01  0.11E+02  0.32E+05  0.18E+03
       Cl  5 5   0.77E+00  0.19E+00  0.18E+01  0.12E+03  0.22E+02
       Cl  6 5   0.80E+00  0.19E+00  0.19E+01  0.12E+03  0.23E+02
       Cl  6 6   0.83E+00  0.20E+00  0.19E+01  0.12E+03  0.23E+02
       H   1 1   0.39E+02  0.19E+00  0.29E+00  0.78E+05  0.13E+02
       H   2 1   0.41E+02  0.21E+00  0.32E+00  0.82E+05  0.14E+02
       H   2 2   0.43E+02  0.22E+00  0.36E+00  0.86E+05  0.15E+02
     ------------------------------------------------------------

     alpha_pv=     33.6469 eV

     Number of occupied bands for each k-point:
     k-point:     1    nbnd_occ=  42
     k-point:     2    nbnd_occ=  42
     k-point:     3    nbnd_occ=  42
     k-point:     4    nbnd_occ=  42
     k-point:     5    nbnd_occ=  42
     k-point:     6    nbnd_occ=  42
     k-point:     7    nbnd_occ=  42
     k-point:     8    nbnd_occ=  42
     k-point:     9    nbnd_occ=  42
     k-point:    10    nbnd_occ=  42
     k-point:    11    nbnd_occ=  42
     k-point:    12    nbnd_occ=  42
     k-point:    13    nbnd_occ=  42
     k-point:    14    nbnd_occ=  42
     k-point:    15    nbnd_occ=  42
     k-point:    16    nbnd_occ=  42


     q-space interpolation up to   110.00 Rydberg

     GIPAW job: efg                                                                             


     ELECTRIC FIELD GRADIENTS TENSORS IN Hartree/bohrradius^2:

     ----- bare term -----
     Cl   1        0.137000        0.039347        0.089482
     Cl   1        0.039347        0.041735       -0.193387
     Cl   1        0.089482       -0.193387       -0.178735

     C    2       -0.749231        0.320602       -0.226693
     C    2        0.320602        0.244912       -0.089816
     C    2       -0.226693       -0.089816        0.504319

     C    3        0.316884       -0.017324        0.181259
     C    3       -0.017324       -0.293887       -0.158618
     C    3        0.181259       -0.158618       -0.022997

     H    4       -0.327341       -0.233156        0.270206
     H    4       -0.233156        0.195813        0.001216
     H    4        0.270206        0.001216        0.131528

     C    5       -0.439262        0.258047       -0.238781
     C    5        0.258047        0.143806        0.042454
     C    5       -0.238781        0.042454        0.295456

     H    6        0.328975       -0.342273        0.184208
     H    6       -0.342273       -0.526327        0.167873
     H    6        0.184208        0.167873        0.197352

     H    7        0.380925        0.163574       -0.055909
     H    7        0.163574       -0.603371        0.433371
     H    7       -0.055909        0.433371        0.222446

     C    8       -0.212026       -0.315520       -0.286023
     C    8       -0.315520       -0.114573        0.483628
     C    8       -0.286023        0.483628        0.326600

     H    9       -0.106828        0.132801       -0.490394
     H    9        0.132801        0.408437        0.021433
     H    9       -0.490394        0.021433       -0.301609

     C   10       -0.313760       -0.330653       -0.269071
     C   10       -0.330653       -0.128375        0.429932
     C   10       -0.269071        0.429932        0.442135

     C   11       -0.204935        0.082782       -0.339277
     C   11        0.082782       -0.059663        0.660815
     C   11       -0.339277        0.660815        0.264599

     Cl  12        0.016029       -0.190221        0.016323
     Cl  12       -0.190221        0.015375       -0.023464
     Cl  12        0.016323       -0.023464       -0.031404

     H   13        0.270901       -0.352730        0.094375
     H   13       -0.352730       -0.574517        0.126763
     H   13        0.094375        0.126763        0.303616

     C   14       -0.000836        0.165454       -0.060823
     C   14        0.165454       -0.121166       -0.347578
     C   14       -0.060823       -0.347578        0.122002

     H   15       -0.240474       -0.430105        0.095636
     H   15       -0.430105       -0.036283        0.168542
     H   15        0.095636        0.168542        0.276757

     C   16       -0.228955        0.146823       -0.007245
     C   16        0.146823       -0.042356       -0.138907
     C   16       -0.007245       -0.138907        0.271311

     C   17       -0.032455       -0.180955       -0.378330
     C   17       -0.180955       -0.094977       -0.600769
     C   17       -0.378330       -0.600769        0.127431

     Cl  18       -0.157389        0.101623        0.049892
     Cl  18        0.101623       -0.046842       -0.105461
     Cl  18        0.049892       -0.105461        0.204230

     H   19        0.394269       -0.027455       -0.294349
     H   19       -0.027455       -0.156827        0.366893
     H   19       -0.294349        0.366893       -0.237442

     C   20       -0.527179       -0.326915       -0.115549
     C   20       -0.326915        0.192806        0.366358
     C   20       -0.115549        0.366358        0.334373

     H   21        0.146012       -0.019852       -0.384470
     H   21       -0.019852        0.166404       -0.270688
     H   21       -0.384470       -0.270688       -0.312415

     C   22        0.147685       -0.147992       -0.063417
     C   22       -0.147992       -0.104582        0.323041
     C   22       -0.063417        0.323041       -0.043103

     C   23       -0.176514       -0.165636       -0.285715
     C   23       -0.165636        0.017297       -0.036403
     C   23       -0.285715       -0.036403        0.159217

     Cl  24        0.089315        0.022771       -0.003808
     Cl  24        0.022771       -0.106890       -0.156013
     Cl  24       -0.003808       -0.156013        0.017575

     ----- ionic term -----
     Cl   1        0.137139       -0.192956       -0.018639
     Cl   1       -0.192956        0.016624        0.015442
     Cl   1       -0.018639        0.015442       -0.153763

     C    2        0.260921       -0.062176        0.027923
     C    2       -0.062176        0.278278        0.263146
     C    2        0.027923        0.263146       -0.539199

     C    3        0.246318       -0.162466       -0.026980
     C    3       -0.162466        0.309146        0.293676
     C    3       -0.026980        0.293676       -0.555464

     H    4        0.942509        0.447112        0.169104
     H    4        0.447112       -0.316875        0.095907
     H    4        0.169104        0.095907       -0.625634

     C    5        0.384044       -0.110626        0.020567
     C    5       -0.110626        0.182100        0.247588
     C    5        0.020567        0.247588       -0.566144

     H    6       -0.503242        0.164697        0.043578
     H    6        0.164697        0.904882        0.469989
     H    6        0.043578        0.469989       -0.401641

     H    7       -0.540115       -0.009564        0.019221
     H    7       -0.009564        0.478627       -0.775676
     H    7        0.019221       -0.775676        0.061488

     C    8        0.179058        0.290313        0.391865
     C    8        0.290313        0.033151       -0.236573
     C    8        0.391865       -0.236573       -0.212209

     H    9        0.383383       -0.092624        0.793233
     H    9       -0.092624       -0.518069       -0.145316
     H    9        0.793233       -0.145316        0.134686

     C   10        0.015313        0.312682        0.277699
     C   10        0.312682        0.178785       -0.327566
     C   10        0.277699       -0.327566       -0.194098

     C   11        0.076461        0.222638        0.317791
     C   11        0.222638        0.129130       -0.367056
     C   11        0.317791       -0.367056       -0.205592

     Cl  12        0.086398        0.184666        0.020132
     Cl  12        0.184666        0.069451        0.006065
     Cl  12        0.020132        0.006065       -0.155849

     H   13       -0.481664        0.270177        0.045389
     H   13        0.270177        0.958403        0.344922
     H   13        0.045389        0.344922       -0.476739

     C   14        0.311146       -0.046343       -0.006107
     C   14       -0.046343        0.225349        0.212287
     C   14       -0.006107        0.212287       -0.536494

     H   15        0.737527        0.500769        0.373026
     H   15        0.500769       -0.246993        0.187502
     H   15        0.373026        0.187502       -0.490533

     C   16        0.171563       -0.058208        0.027593
     C   16       -0.058208        0.347070        0.286245
     C   16        0.027593        0.286245       -0.518632

     C   17        0.307103       -0.000332        0.061870
     C   17       -0.000332        0.260201        0.248908
     C   17        0.061870        0.248908       -0.567304

     Cl  18        0.108283       -0.168132       -0.034034
     Cl  18       -0.168132        0.031552        0.019041
     Cl  18       -0.034034        0.019041       -0.139835

     H   19       -0.490716       -0.217089        0.132972
     H   19       -0.217089        0.696993       -0.644756
     H   19        0.132972       -0.644756       -0.206276

     C   20        0.184087        0.239784        0.340915
     C   20        0.239784        0.126013       -0.238388
     C   20        0.340915       -0.238388       -0.310100

     H   21        0.476109       -0.116929        0.784636
     H   21       -0.116929       -0.469501       -0.166962
     H   21        0.784636       -0.166962       -0.006609

     C   22        0.074965        0.300251        0.265422
     C   22        0.300251        0.212156       -0.305389
     C   22        0.265422       -0.305389       -0.287121

     C   23        0.195190        0.215045        0.399278
     C   23        0.215045        0.022993       -0.305021
     C   23        0.399278       -0.305021       -0.218183

     Cl  24        0.145912        0.202712        0.017118
     Cl  24        0.202712       -0.003421        0.003329
     Cl  24        0.017118        0.003329       -0.142491

     ----- GIPAW term -----
     Cl   1       -0.384897       -1.122529        0.072457
     Cl   1       -1.122529       -0.540395        1.144561
     Cl   1        0.072457        1.144561        0.925292

     C    2       -0.130975       -0.006436       -0.006745
     C    2       -0.006436        0.002309        0.106755
     C    2       -0.006745        0.106755        0.128666

     C    3        0.025879       -0.013663        0.027932
     C    3       -0.013663        0.005964        0.039436
     C    3        0.027932        0.039436       -0.031843

     H    4       -0.000000        0.000000        0.000000
     H    4        0.000000        0.000000        0.000000
     H    4        0.000000        0.000000        0.000000

     C    5       -0.041601        0.004451       -0.064674
     C    5        0.004451       -0.016243        0.044798
     C    5       -0.064674        0.044798        0.057844

     H    6       -0.000000        0.000000        0.000000
     H    6        0.000000        0.000000        0.000000
     H    6        0.000000        0.000000        0.000000

     H    7       -0.000000        0.000000        0.000000
     H    7        0.000000        0.000000        0.000000
     H    7        0.000000        0.000000        0.000000

     C    8       -0.043376       -0.158232       -0.103239
     C    8       -0.158232        0.042140        0.211796
     C    8       -0.103239        0.211796        0.001236

     H    9       -0.000000        0.000000        0.000000
     H    9        0.000000        0.000000        0.000000
     H    9        0.000000        0.000000        0.000000

     C   10       -0.089237       -0.045350       -0.065737
     C   10       -0.045350        0.021468        0.062143
     C   10       -0.065737        0.062143        0.067769

     C   11       -0.020618        0.141889       -0.058701
     C   11        0.141889        0.024457        0.197270
     C   11       -0.058701        0.197270       -0.003839

     Cl  12        1.673882        0.793286        0.151981
     Cl  12        0.793286        0.298105       -0.193485
     Cl  12        0.151981       -0.193485       -1.971987

     H   13       -0.000000        0.000000        0.000000
     H   13        0.000000        0.000000        0.000000
     H   13        0.000000        0.000000        0.000000

     C   14       -0.033524        0.106696       -0.000709
     C   14        0.106696        0.140637       -0.086684
     C   14       -0.000709       -0.086684       -0.107114

     H   15       -0.000000        0.000000        0.000000
     H   15        0.000000        0.000000        0.000000
     H   15        0.000000        0.000000        0.000000

     C   16       -0.064581        0.033578       -0.029760
     C   16        0.033578        0.036649       -0.075266
     C   16       -0.029760       -0.075266        0.027932

     C   17        0.029898       -0.204847       -0.071405
     C   17       -0.204847        0.097732       -0.056180
     C   17       -0.071405       -0.056180       -0.127630

     Cl  18        0.385363       -1.896847        0.373150
     Cl  18       -1.896847       -0.300140       -0.884984
     Cl  18        0.373150       -0.884984       -0.085224

     H   19       -0.000000        0.000000        0.000000
     H   19        0.000000        0.000000        0.000000
     H   19        0.000000        0.000000        0.000000

     C   20       -0.174747       -0.020617        0.014004
     C   20       -0.020617        0.108762        0.211009
     C   20        0.014004        0.211009        0.065985

     H   21       -0.000000        0.000000        0.000000
     H   21        0.000000        0.000000        0.000000
     H   21        0.000000        0.000000        0.000000

     C   22       -0.032997       -0.031757       -0.022261
     C   22       -0.031757        0.056828        0.087611
     C   22       -0.022261        0.087611       -0.023831

     C   23        0.005025       -0.023970       -0.034670
     C   23       -0.023970        0.026306        0.007870
     C   23       -0.034670        0.007870       -0.031331

     Cl  24       -0.136954        0.310674       -0.831089
     Cl  24        0.310674        0.744511        1.673764
     Cl  24       -0.831089        1.673764       -0.607557

     ----- total EFG -----
     Cl   1       -0.110758       -1.276138        0.143300
     Cl   1       -1.276138       -0.482036        0.966616
     Cl   1        0.143300        0.966616        0.592794

     C    2       -0.619285        0.251990       -0.205515
     C    2        0.251990        0.525499        0.280084
     C    2       -0.205515        0.280084        0.093785

     C    3        0.589081       -0.193453        0.182211
     C    3       -0.193453        0.021223        0.174494
     C    3        0.182211        0.174494       -0.610304

     H    4        0.615168        0.213956        0.439309
     H    4        0.213956       -0.121062        0.097123
     H    4        0.439309        0.097123       -0.494106

     C    5       -0.096819        0.151871       -0.282888
     C    5        0.151871        0.309663        0.334840
     C    5       -0.282888        0.334840       -0.212845

     H    6       -0.174267       -0.177576        0.227786
     H    6       -0.177576        0.378555        0.637862
     H    6        0.227786        0.637862       -0.204289

     H    7       -0.159190        0.154010       -0.036688
     H    7        0.154010       -0.124743       -0.342305
     H    7       -0.036688       -0.342305        0.283933

     C    8       -0.076345       -0.183439        0.002602
     C    8       -0.183439       -0.039282        0.458851
     C    8        0.002602        0.458851        0.115627

     H    9        0.276555        0.040177        0.302839
     H    9        0.040177       -0.109632       -0.123883
     H    9        0.302839       -0.123883       -0.166923

     C   10       -0.387683       -0.063321       -0.057109
     C   10       -0.063321        0.071878        0.164510
     C   10       -0.057109        0.164510        0.315805

     C   11       -0.149093        0.447309       -0.080186
     C   11        0.447309        0.093924        0.491029
     C   11       -0.080186        0.491029        0.055168

     Cl  12        1.776309        0.787730        0.188437
     Cl  12        0.787730        0.382931       -0.210884
     Cl  12        0.188437       -0.210884       -2.159240

     H   13       -0.210763       -0.082553        0.139764
     H   13       -0.082553        0.383886        0.471684
     H   13        0.139764        0.471684       -0.173123

     C   14        0.276786        0.225808       -0.067638
     C   14        0.225808        0.244820       -0.221975
     C   14       -0.067638       -0.221975       -0.521606

     H   15        0.497053        0.070664        0.468662
     H   15        0.070664       -0.283277        0.356044
     H   15        0.468662        0.356044       -0.213776

     C   16       -0.121974        0.122192       -0.009411
     C   16        0.122192        0.341364        0.072072
     C   16       -0.009411        0.072072       -0.219390

     C   17        0.304546       -0.386134       -0.387865
     C   17       -0.386134        0.262956       -0.408042
     C   17       -0.387865       -0.408042       -0.567503

     Cl  18        0.336258       -1.963356        0.389008
     Cl  18       -1.963356       -0.315430       -0.971403
     Cl  18        0.389008       -0.971403       -0.020828

     H   19       -0.096447       -0.244544       -0.161377
     H   19       -0.244544        0.540165       -0.277863
     H   19       -0.161377       -0.277863       -0.443718

     C   20       -0.517840       -0.107748        0.239370
     C   20       -0.107748        0.427581        0.338978
     C   20        0.239370        0.338978        0.090259

     H   21        0.622121       -0.136781        0.400166
     H   21       -0.136781       -0.303097       -0.437649
     H   21        0.400166       -0.437649       -0.319024

     C   22        0.189653        0.120502        0.179744
     C   22        0.120502        0.164402        0.105262
     C   22        0.179744        0.105262       -0.354055

     C   23        0.023700        0.025440        0.078893
     C   23        0.025440        0.066597       -0.333555
     C   23        0.078893       -0.333555       -0.090297

     Cl  24        0.098273        0.536157       -0.817779
     Cl  24        0.536157        0.634200        1.521080
     Cl  24       -0.817779        1.521080       -0.732473

     ----- total EFG (symmetrized) -----
     Cl   1       -0.110758       -1.276138        0.143300
     Cl   1       -1.276138       -0.482036        0.966616
     Cl   1        0.143300        0.966616        0.592794

     C    2       -0.619285        0.251990       -0.205515
     C    2        0.251990        0.525499        0.280084
     C    2       -0.205515        0.280084        0.093785

     C    3        0.589081       -0.193453        0.182211
     C    3       -0.193453        0.021223        0.174494
     C    3        0.182211        0.174494       -0.610304

     H    4        0.615168        0.213956        0.439309
     H    4        0.213956       -0.121062        0.097123
     H    4        0.439309        0.097123       -0.494106

     C    5       -0.096819        0.151871       -0.282888
     C    5        0.151871        0.309663        0.334840
     C    5       -0.282888        0.334840       -0.212845

     H    6       -0.174267       -0.177576        0.227786
     H    6       -0.177576        0.378555        0.637862
     H    6        0.227786        0.637862       -0.204289

     H    7       -0.159190        0.154010       -0.036688
     H    7        0.154010       -0.124743       -0.342305
     H    7       -0.036688       -0.342305        0.283933

     C    8       -0.076345       -0.183439        0.002602
     C    8       -0.183439       -0.039282        0.458851
     C    8        0.002602        0.458851        0.115627

     H    9        0.276555        0.040177        0.302839
     H    9        0.040177       -0.109632       -0.123883
     H    9        0.302839       -0.123883       -0.166923

     C   10       -0.387683       -0.063321       -0.057109
     C   10       -0.063321        0.071878        0.164510
     C   10       -0.057109        0.164510        0.315805

     C   11       -0.149093        0.447309       -0.080186
     C   11        0.447309        0.093924        0.491029
     C   11       -0.080186        0.491029        0.055168

     Cl  12        1.776309        0.787730        0.188437
     Cl  12        0.787730        0.382931       -0.210884
     Cl  12        0.188437       -0.210884       -2.159240

     H   13       -0.210763       -0.082553        0.139764
     H   13       -0.082553        0.383886        0.471684
     H   13        0.139764        0.471684       -0.173123

     C   14        0.276786        0.225808       -0.067638
     C   14        0.225808        0.244820       -0.221975
     C   14       -0.067638       -0.221975       -0.521606

     H   15        0.497053        0.070664        0.468662
     H   15        0.070664       -0.283277        0.356044
     H   15        0.468662        0.356044       -0.213776

     C   16       -0.121974        0.122192       -0.009411
     C   16        0.122192        0.341364        0.072072
     C   16       -0.009411        0.072072       -0.219390

     C   17        0.304546       -0.386134       -0.387865
     C   17       -0.386134        0.262956       -0.408042
     C   17       -0.387865       -0.408042       -0.567503

     Cl  18        0.336258       -1.963356        0.389008
     Cl  18       -1.963356       -0.315430       -0.971403
     Cl  18        0.389008       -0.971403       -0.020828

     H   19       -0.096447       -0.244544       -0.161377
     H   19       -0.244544        0.540165       -0.277863
     H   19       -0.161377       -0.277863       -0.443718

     C   20       -0.517840       -0.107748        0.239370
     C   20       -0.107748        0.427581        0.338978
     C   20        0.239370        0.338978        0.090259

     H   21        0.622121       -0.136781        0.400166
     H   21       -0.136781       -0.303097       -0.437649
     H   21        0.400166       -0.437649       -0.319024

     C   22        0.189653        0.120502        0.179744
     C   22        0.120502        0.164402        0.105262
     C   22        0.179744        0.105262       -0.354055

     C   23        0.023700        0.025440        0.078893
     C   23        0.025440        0.066597       -0.333555
     C   23        0.078893       -0.333555       -0.090297

     Cl  24        0.098273        0.536157       -0.817779
     Cl  24        0.536157        0.634200        1.521080
     Cl  24       -0.817779        1.521080       -0.732473


     NQR/NMR SPECTROSCOPIC PARAMETERS:
     Cl   1    Vxx=    0.4362    axis=(  0.683083 -0.214372  0.698171)
     Cl   1    Vyy=    1.4368    axis=( -0.454852  0.623052  0.636330)
     Cl   1    Vzz=   -1.8730    axis=(  0.571409  0.752230 -0.328088)
     Cl   1  Q=        -8.1650 1e-30 m^2  Cq=        35.9327 MHz  eta= 0.53423

     C    2    Vxx=    0.0763    axis=(  0.375362  0.329573 -0.866306)
     C    2    Vyy=    0.6788    axis=( -0.114156 -0.911095 -0.396075)
     C    2    Vzz=   -0.7551    axis=(  0.919822 -0.247565  0.304367)
     C    2  Q=         1.0000 1e-30 m^2  Cq=        -1.7742 MHz  eta= 0.79797

     C    3    Vxx=    0.0342    axis=(  0.219666  0.924230  0.312325)
     C    3    Vyy=    0.6612    axis=(  0.959612 -0.262377  0.101505)
     C    3    Vzz=   -0.6955    axis=( -0.175761 -0.277413  0.944537)
     C    3  Q=         1.0000 1e-30 m^2  Cq=        -1.6341 MHz  eta= 0.90162

     H    4    Vxx=   -0.1780    axis=(  0.241081 -0.969797  0.037070)
     H    4    Vyy=   -0.6479    axis=(  0.321558  0.043780 -0.945877)
     H    4    Vzz=    0.8259    axis=(  0.915686  0.239954  0.322401)
     H    4  Q=         1.0000 1e-30 m^2  Cq=         1.9406 MHz  eta= 0.56905

     C    5    Vxx=    0.1131    axis=( -0.835954 -0.214562  0.505117)
     C    5    Vyy=    0.4735    axis=( -0.027566 -0.902826 -0.429121)
     C    5    Vzz=   -0.5865    axis=(  0.548106 -0.372649  0.748807)
     C    5  Q=         1.0000 1e-30 m^2  Cq=        -1.3782 MHz  eta= 0.61437

     H    6    Vxx=   -0.0328    axis=(  0.895930 -0.215521  0.388408)
     H    6    Vyy=   -0.7564    axis=(  0.443247  0.490893 -0.750037)
     H    6    Vzz=    0.7892    axis=( -0.029018  0.844142  0.535334)
     H    6  Q=         1.0000 1e-30 m^2  Cq=         1.8543 MHz  eta= 0.91688

     H    7    Vxx=   -0.1136    axis=(  0.860344  0.344286  0.375867)
     H    7    Vyy=   -0.3829    axis=(  0.481769 -0.790069 -0.379065)
     H    7    Vzz=    0.4965    axis=( -0.166454 -0.507207  0.845597)
     H    7  Q=         1.0000 1e-30 m^2  Cq=         1.1665 MHz  eta= 0.54242

     C    8    Vxx=   -0.0479    axis=(  0.918889 -0.137077  0.369936)
     C    8    Vyy=   -0.4789    axis=(  0.342346  0.743070 -0.575018)
     C    8    Vzz=    0.5268    axis=( -0.196067  0.655024  0.729727)
     C    8  Q=         1.0000 1e-30 m^2  Cq=         1.2378 MHz  eta= 0.81803

     H    9    Vxx=   -0.0494    axis=(  0.227723  0.902771 -0.364893)
     H    9    Vyy=   -0.3815    axis=( -0.399204  0.428355  0.810647)
     H    9    Vzz=    0.4309    axis=(  0.888132 -0.038936  0.457936)
     H    9  Q=         1.0000 1e-30 m^2  Cq=         1.0125 MHz  eta= 0.77062

     C   10    Vxx=   -0.0085    axis=( -0.077986  0.883514 -0.461867)
     C   10    Vyy=   -0.3981    axis=( -0.991941 -0.115166 -0.052814)
     C   10    Vzz=    0.4066    axis=( -0.099853  0.454026  0.885375)
     C   10  Q=         1.0000 1e-30 m^2  Cq=         0.9554 MHz  eta= 0.95803

     C   11    Vxx=    0.0252    axis=( -0.718725 -0.158690  0.676943)
     C   11    Vyy=    0.6687    axis=( -0.356680 -0.751588 -0.554883)
     C   11    Vzz=   -0.6939    axis=( -0.596837  0.640261 -0.483583)
     C   11  Q=         1.0000 1e-30 m^2  Cq=        -1.6304 MHz  eta= 0.92738

     Cl  12    Vxx=    0.0607    axis=( -0.403286  0.907118 -0.120404)
     Cl  12    Vyy=    2.1329    axis=(  0.912595  0.408376  0.020001)
     Cl  12    Vzz=   -2.1937    axis=( -0.067313  0.101814  0.992524)
     Cl  12  Q=        -8.1650 1e-30 m^2  Cq=        42.0841 MHz  eta= 0.94465

     H   13    Vxx=   -0.1272    axis=(  0.889048 -0.224585  0.398942)
     H   13    Vyy=   -0.5260    axis=(  0.457805  0.441571 -0.771641)
     H   13    Vzz=    0.6532    axis=( -0.002862  0.868663  0.495394)
     H   13  Q=         1.0000 1e-30 m^2  Cq=         1.5347 MHz  eta= 0.61053

     C   14    Vxx=    0.0546    axis=(  0.727470 -0.664588  0.170618)
     C   14    Vyy=    0.5267    axis=(  0.686087  0.701504 -0.192813)
     C   14    Vzz=   -0.5813    axis=(  0.008452  0.257324  0.966288)
     C   14  Q=         1.0000 1e-30 m^2  Cq=        -1.3658 MHz  eta= 0.81203

     H   15    Vxx=   -0.1023    axis=(  0.458748 -0.752029 -0.473290)
     H   15    Vyy=   -0.6769    axis=(  0.257619  0.622332 -0.739145)
     H   15    Vzz=    0.7792    axis=(  0.850402  0.217152  0.479231)
     H   15  Q=         1.0000 1e-30 m^2  Cq=         1.8308 MHz  eta= 0.73741

     C   16    Vxx=   -0.1439    axis=(  0.934936 -0.191001 -0.299020)
     C   16    Vyy=   -0.2354    axis=( -0.267301  0.175052 -0.947580)
     C   16    Vzz=    0.3793    axis=(  0.233333  0.965855  0.112607)
     C   16  Q=         1.0000 1e-30 m^2  Cq=         0.8912 MHz  eta= 0.24106

     C   17    Vxx=    0.2738    axis=(  0.570755  0.604106 -0.556143)
     C   17    Vyy=    0.6704    axis=( -0.726400  0.687272  0.001058)
     C   17    Vzz=   -0.9442    axis=(  0.382860  0.403378  0.831086)
     C   17  Q=         1.0000 1e-30 m^2  Cq=        -2.2186 MHz  eta= 0.42009

     Cl  18    Vxx=   -0.2599    axis=( -0.444021  0.042498  0.895008)
     Cl  18    Vyy=   -2.1073    axis=(  0.581499  0.773614  0.251753)
     Cl  18    Vzz=    2.3673    axis=( -0.681692  0.632230 -0.368214)
     Cl  18  Q=        -8.1650 1e-30 m^2  Cq=       -45.4150 MHz  eta= 0.78039

     H   19    Vxx=   -0.0515    axis=(  0.874856  0.144452 -0.462342)
     H   19    Vyy=   -0.6146    axis=(  0.408094  0.294369  0.864179)
     H   19    Vzz=    0.6661    axis=(  0.260932 -0.944712  0.198581)
     H   19  Q=         1.0000 1e-30 m^2  Cq=         1.5651 MHz  eta= 0.84525

     C   20    Vxx=    0.0085    axis=( -0.441803  0.492780 -0.749652)
     C   20    Vyy=    0.6387    axis=(  0.032256  0.843814  0.535666)
     C   20    Vzz=   -0.6472    axis=( -0.896532 -0.212478  0.388694)
     C   20  Q=         1.0000 1e-30 m^2  Cq=        -1.5206 MHz  eta= 0.97372

     H   21    Vxx=   -0.0661    axis=(  0.450817  0.718357 -0.529837)
     H   21    Vyy=   -0.7778    axis=( -0.150687  0.646305  0.748053)
     H   21    Vzz=    0.8439    axis=(  0.879805 -0.257396  0.399612)
     H   21  Q=         1.0000 1e-30 m^2  Cq=         1.9828 MHz  eta= 0.84325

     C   22    Vxx=    0.0589    axis=(  0.621080 -0.780489  0.071390)
     C   22    Vyy=    0.3572    axis=(  0.739194  0.613612  0.277620)
     C   22    Vzz=   -0.4161    axis=( -0.260485 -0.119653  0.958035)
     C   22  Q=         1.0000 1e-30 m^2  Cq=        -0.9776 MHz  eta= 0.71696

     C   23    Vxx=    0.0363    axis=(  0.976273  0.195898  0.092275)
     C   23    Vyy=    0.3336    axis=(  0.095993 -0.773490  0.626497)
     C   23    Vzz=   -0.3699    axis=(  0.194103 -0.602775 -0.773942)
     C   23  Q=         1.0000 1e-30 m^2  Cq=        -0.8690 MHz  eta= 0.80392

     Cl  24    Vxx=    0.5248    axis=(  0.916566  0.213061 -0.338395)
     Cl  24    Vyy=    1.6184    axis=( -0.004784 -0.840332 -0.542051)
     Cl  24    Vzz=   -2.1432    axis=( -0.399854  0.498444 -0.769201)
     Cl  24  Q=        -8.1650 1e-30 m^2  Cq=        41.1171 MHz  eta= 0.51025

     Initialization:
     gipaw_setup  :      9.11s CPU     10.81s WALL (       1 calls)

     Linear response

     Apply operators

     Induced current

     Other routines
     efg          :      9.08s CPU     11.67s WALL (       1 calls)

     General routines
     calbec       :      3.20s CPU      4.12s WALL (      16 calls)
     fft          :      1.57s CPU      2.26s WALL (      15 calls)
     ffts         :      0.03s CPU      0.04s WALL (       2 calls)
     fftw         :      3.22s CPU      4.09s WALL (     672 calls)
     davcio       :      0.01s CPU      0.34s WALL (      32 calls)

     Parallel routines
     fft_scatter  :      2.14s CPU      3.43s WALL (     689 calls)

     Plugins

     GIPAW        :     60.45s CPU     72.44s WALL (       1 calls)
