
     Program QE v.6.0 (svn rev. 13079) starts on 23Jan2017 at 22:43: 2 

     This program is part of the open-source Quantum ESPRESSO suite
     for quantum simulation of materials; please cite
         "P. Giannozzi et al., J. Phys.:Condens. Matter 21 395502 (2009);
          URL http://www.quantum-espresso.org", 
     in publications or presentations arising from this work. More details at
     http://www.quantum-espresso.org/quote

     Parallel version (MPI), running on     8 processors
     R & G space division:  proc/nbgrp/npool/nimage =       8

     ***** This is GIPAW svn revision unknown      *****

     Parallelizing q-star over 1 images

     Reading data from directory:
     /users/majewski/paradichlorobenzene/pbe/9_constraint/scratch/pbe.ecut100.np8.dt60.pcl2phi-129368.save
     Message from routine read_xml_file:
     file /users/majewski/paradichlorobenzene/pbe/9_constraint/scratch/pbe.ecut100.np8.dt60.pcl2phi-129368.save not guaranteed to be safe for post-processing

   Info: using nr1, nr2, nr3 values from input

   Info: using nr1, nr2, nr3 values from input

     IMPORTANT: XC functional enforced from input :
     Exchange-correlation      =  SLA  PW   PBX  PBC ( 1  4  3  4 0 0)
     Any further DFT definition will be discarded
     Please, verify this is what you really want

               file C.pbe-n-kjpaw_psl.1.0.0.UPF: wavefunction(s)  2S 2P renormalized
               file Cl.pbe-n-kjpaw_psl.1.0.0.UPF: wavefunction(s)  3S 3P renormalized
               file H.pbe-kjpaw_psl.1.0.0.UPF: wavefunction(s)  1S renormalized

     Parallelization info
     --------------------
     sticks:   dense  smooth     PW     G-vecs:    dense   smooth      PW
     Min        3057    1223    332               144436    36536    5170
     Max        3059    1225    333               144437    36537    5171
     Sum       24467    9791   2657              1155489   292295   41363


     Subspace diagonalization in iterative solution of the eigenvalue problem:
     a serial algorithm will be used

     GIPAW projectors -----------------------------------------------
     atom=  C    l=0  rc=    1.2000  rs=    0.8000
     atom=  C    l=0  rc=    1.2000  rs=    0.8000
     atom=  C    l=1  rc=    1.4000  rs=    0.9333
     atom=  C    l=1  rc=    1.4000  rs=    0.9333
     projs nearly linearly dependent: l=1  n1,n2= 1, 2  s=  0.99951561

     atom=  Cl   l=0  rc=    1.6000  rs=    1.0667
     atom=  Cl   l=0  rc=    1.6000  rs=    1.0667
     atom=  Cl   l=1  rc=    1.6000  rs=    1.0667
     atom=  Cl   l=1  rc=    1.6000  rs=    1.0667
     atom=  Cl   l=2  rc=    1.6000  rs=    1.0667
     atom=  Cl   l=2  rc=    1.6000  rs=    1.0667
     projs nearly linearly dependent: l=2  n1,n2= 1, 2  s=  0.99993509

     atom=  H    l=0  rc=    1.0000  rs=    0.6667
     atom=  H    l=0  rc=    1.0000  rs=    0.6667
     projs nearly linearly dependent: l=0  n1,n2= 1, 2  s=  0.99968852
     -----------------------------------------------------------------

     GIPAW integrals: -------------------------------------------
     Atom  i/j   nmr_para   nmr_dia   epr_rmc  epr_para   epr_dia
       C   1 1   0.83E+03  0.17E-01  0.93E+01  0.24E+08  0.24E+03
       C   2 1   0.86E+03 -0.61E-01  0.94E+01  0.25E+08  0.25E+03
       C   2 2   0.90E+03 -0.15E+00  0.97E+01  0.26E+08  0.26E+03
       C   3 3   0.33E+01  0.34E+00  0.18E+01  0.55E+03  0.21E+02
       C   4 3   0.35E+01  0.37E+00  0.20E+01  0.59E+03  0.22E+02
       C   4 4   0.38E+01  0.39E+00  0.22E+01  0.63E+03  0.24E+02
       Cl  1 1   0.14E+04 -0.47E+00  0.84E+01  0.32E+09  0.42E+03
       Cl  2 1   0.21E+04 -0.37E+00  0.12E+02  0.49E+09  0.65E+03
       Cl  2 2   0.33E+04 -0.16E+00  0.21E+02  0.76E+09  0.10E+04
       Cl  3 3   0.21E+02  0.79E-01  0.89E+01  0.23E+05  0.13E+03
       Cl  4 3   0.24E+02  0.67E-01  0.99E+01  0.27E+05  0.15E+03
       Cl  4 4   0.28E+02  0.44E-01  0.11E+02  0.32E+05  0.18E+03
       Cl  5 5   0.77E+00  0.19E+00  0.18E+01  0.12E+03  0.22E+02
       Cl  6 5   0.80E+00  0.19E+00  0.19E+01  0.12E+03  0.23E+02
       Cl  6 6   0.83E+00  0.20E+00  0.19E+01  0.12E+03  0.23E+02
       H   1 1   0.39E+02  0.19E+00  0.29E+00  0.78E+05  0.13E+02
       H   2 1   0.41E+02  0.21E+00  0.32E+00  0.82E+05  0.14E+02
       H   2 2   0.43E+02  0.22E+00  0.36E+00  0.86E+05  0.15E+02
     ------------------------------------------------------------

     alpha_pv=     33.7845 eV

     Number of occupied bands for each k-point:
     k-point:     1    nbnd_occ=  42
     k-point:     2    nbnd_occ=  42
     k-point:     3    nbnd_occ=  42
     k-point:     4    nbnd_occ=  42
     k-point:     5    nbnd_occ=  42
     k-point:     6    nbnd_occ=  42
     k-point:     7    nbnd_occ=  42
     k-point:     8    nbnd_occ=  42
     k-point:     9    nbnd_occ=  42
     k-point:    10    nbnd_occ=  42
     k-point:    11    nbnd_occ=  42
     k-point:    12    nbnd_occ=  42
     k-point:    13    nbnd_occ=  42
     k-point:    14    nbnd_occ=  42
     k-point:    15    nbnd_occ=  42
     k-point:    16    nbnd_occ=  42


     q-space interpolation up to   110.00 Rydberg

     GIPAW job: efg                                                                             


     ELECTRIC FIELD GRADIENTS TENSORS IN Hartree/bohrradius^2:

     ----- bare term -----
     Cl   1        0.076438        0.142648       -0.018213
     Cl   1        0.142648        0.059350       -0.001475
     Cl   1       -0.018213       -0.001475       -0.135788

     C    2       -0.037181        0.386136       -0.198545
     C    2        0.386136       -0.128220       -0.592119
     C    2       -0.198545       -0.592119        0.165401

     C    3       -0.108974       -0.006922       -0.016016
     C    3       -0.006922       -0.050021       -0.084561
     C    3       -0.016016       -0.084561        0.158994

     H    4       -0.252211       -0.416126        0.091402
     H    4       -0.416126       -0.029603        0.144090
     H    4        0.091402        0.144090        0.281814

     C    5       -0.078356        0.076009       -0.052238
     C    5        0.076009       -0.158136       -0.035419
     C    5       -0.052238       -0.035419        0.236492

     H    6        0.222374       -0.395925        0.152531
     H    6       -0.395925       -0.515346        0.170092
     H    6        0.152531        0.170092        0.292973

     H    7        0.422802       -0.048278       -0.257200
     H    7       -0.048278       -0.241392        0.376828
     H    7       -0.257200        0.376828       -0.181410

     C    8       -0.556768       -0.311191       -0.091916
     C    8       -0.311191        0.199554        0.289155
     C    8       -0.091916        0.289155        0.357214

     H    9       -0.403150       -0.220810       -0.492673
     H    9       -0.220810        0.162699        0.010573
     H    9       -0.492673        0.010573        0.240452

     C   10        0.003609        0.226533       -0.301254
     C   10        0.226533       -0.089508        0.689575
     C   10       -0.301254        0.689575        0.085899

     C   11       -0.470821       -0.322162       -0.215300
     C   11       -0.322162        0.092592        0.335559
     C   11       -0.215300        0.335559        0.378228

     Cl  12        0.021596        0.163784        0.012803
     Cl  12        0.163784        0.036161        0.078693
     Cl  12        0.012803        0.078693       -0.057757

     H   13        0.500884       -0.167776        0.022150
     H   13       -0.167776       -0.595167       -0.061422
     H   13        0.022150       -0.061422        0.094283

     C   14       -0.785116        0.253480       -0.393655
     C   14        0.253480        0.140984       -0.079943
     C   14       -0.393655       -0.079943        0.644132

     H   15       -0.376023       -0.432568        0.077245
     H   15       -0.432568        0.248509        0.113285
     H   15        0.077245        0.113285        0.127514

     C   16       -0.041760        0.337465       -0.027570
     C   16        0.337465       -0.576524       -0.430875
     C   16       -0.027570       -0.430875        0.618283

     C   17       -0.302099        0.277198       -0.501196
     C   17        0.277198        0.178234       -0.334207
     C   17       -0.501196       -0.334207        0.123866

     Cl  18       -0.049884        0.173278        0.118668
     Cl  18        0.173278       -0.022179        0.121206
     Cl  18        0.118668        0.121206        0.072062

     H   19        0.125736       -0.203259        0.324077
     H   19       -0.203259       -0.081761        0.522695
     H   19        0.324077        0.522695       -0.043974

     C   20       -0.077052        0.317668       -0.502854
     C   20        0.317668       -0.068284        0.474630
     C   20       -0.502854        0.474630        0.145336

     H   21       -0.082672        0.026136       -0.281224
     H   21        0.026136        0.191528        0.528411
     H   21       -0.281224        0.528411       -0.108856

     C   22       -0.274631       -0.363250       -0.254277
     C   22       -0.363250       -0.101563        0.179150
     C   22       -0.254277        0.179150        0.376194

     C   23       -0.011526        0.375825       -0.424541
     C   23        0.375825       -0.063565        0.682154
     C   23       -0.424541        0.682154        0.075090

     Cl  24       -0.082271       -0.236755       -0.147905
     Cl  24       -0.236755       -0.112992       -0.036413
     Cl  24       -0.147905       -0.036413        0.195263

     ----- ionic term -----
     Cl   1        0.124850       -0.191433        0.013156
     Cl   1       -0.191433        0.040890       -0.017131
     Cl   1        0.013156       -0.017131       -0.165740

     C    2        0.271512       -0.079772        0.170668
     C    2       -0.079772        0.263477        0.271249
     C    2        0.170668        0.271249       -0.534989

     C    3        0.170705       -0.095982        0.129302
     C    3       -0.095982        0.342882        0.319398
     C    3        0.129302        0.319398       -0.513588

     H    4        0.635970        0.558446        0.404571
     H    4        0.558446       -0.177449        0.259547
     H    4        0.404571        0.259547       -0.458522

     C    5        0.419849       -0.044458        0.180889
     C    5       -0.044458        0.127662        0.229017
     C    5        0.180889        0.229017       -0.547511

     H    6       -0.452144        0.252362        0.099495
     H    6        0.252362        0.853385        0.494721
     H    6        0.099495        0.494721       -0.401241

     H    7       -0.520489       -0.022361        0.039857
     H    7       -0.022361        0.573034       -0.750451
     H    7        0.039857       -0.750451       -0.052545

     C    8        0.291157        0.260262        0.266432
     C    8        0.260262        0.009421       -0.300500
     C    8        0.266432       -0.300500       -0.300579

     H    9        0.620595       -0.272414        0.643858
     H    9       -0.272414       -0.440081       -0.229788
     H    9        0.643858       -0.229788       -0.180514

     C   10        0.172489        0.273240        0.180405
     C   10        0.273240        0.155016       -0.394781
     C   10        0.180405       -0.394781       -0.327505

     C   11        0.180444        0.204661        0.321024
     C   11        0.204661        0.076690       -0.400503
     C   11        0.321024       -0.400503       -0.257134

     Cl  12        0.157013        0.237943        0.007404
     Cl  12        0.237943        0.008616        0.003737
     Cl  12        0.007404        0.003737       -0.165629

     H   13       -0.502628        0.178599        0.062662
     H   13        0.178599        0.935362        0.453143
     H   13        0.062662        0.453143       -0.432734

     C   14        0.374945       -0.130004        0.133051
     C   14       -0.130004        0.182798        0.214608
     C   14        0.133051        0.214608       -0.557743

     H   15        0.724317        0.579259        0.323878
     H   15        0.579259       -0.182499        0.184362
     H   15        0.323878        0.184362       -0.541818

     C   16        0.201944       -0.116987        0.090090
     C   16       -0.116987        0.354599        0.298559
     C   16        0.090090        0.298559       -0.556543

     C   17        0.327333       -0.054704        0.122077
     C   17       -0.054704        0.233273        0.325504
     C   17        0.122077        0.325504       -0.560605

     Cl  18        0.157782       -0.209603       -0.032002
     Cl  18       -0.209603       -0.005474        0.025566
     Cl  18       -0.032002        0.025566       -0.152308

     H   19       -0.518374        0.079547       -0.054045
     H   19        0.079547        0.398629       -0.793880
     H   19       -0.054045       -0.793880        0.119746

     C   20        0.253024        0.256159        0.280558
     C   20        0.256159       -0.024337       -0.317968
     C   20        0.280558       -0.317968       -0.228687

     H   21        0.413571       -0.295480        0.747548
     H   21       -0.295480       -0.412819       -0.303448
     H   21        0.747548       -0.303448       -0.000753

     C   22        0.119400        0.284369        0.199814
     C   22        0.284369        0.126775       -0.390363
     C   22        0.199814       -0.390363       -0.246176

     C   23        0.185575        0.252364        0.296230
     C   23        0.252364        0.069729       -0.339368
     C   23        0.296230       -0.339368       -0.255304

     Cl  24        0.123944        0.210889        0.039719
     Cl  24        0.210889        0.030988        0.016344
     Cl  24        0.039719        0.016344       -0.154932

     ----- GIPAW term -----
     Cl   1        2.174474       -0.469266       -0.157099
     Cl   1       -0.469266        0.395438       -0.026396
     Cl   1       -0.157099       -0.026396       -2.569912

     C    2        0.093423        0.132271       -0.123585
     C    2        0.132271        0.010427       -0.165863
     C    2       -0.123585       -0.165863       -0.103851

     C    3       -0.007568        0.019770       -0.038844
     C    3        0.019770        0.005152       -0.025398
     C    3       -0.038844       -0.025398        0.002416

     H    4       -0.000000        0.000000        0.000000
     H    4        0.000000        0.000000        0.000000
     H    4        0.000000        0.000000        0.000000

     C    5       -0.002142        0.034316       -0.033127
     C    5        0.034316       -0.015281       -0.044432
     C    5       -0.033127       -0.044432        0.017424

     H    6       -0.000000        0.000000        0.000000
     H    6        0.000000        0.000000        0.000000
     H    6        0.000000        0.000000        0.000000

     H    7       -0.000000        0.000000        0.000000
     H    7        0.000000        0.000000        0.000000
     H    7        0.000000        0.000000        0.000000

     C    8       -0.087281        0.141505        0.065807
     C    8        0.141505        0.167259        0.095958
     C    8        0.065807        0.095958       -0.079979

     H    9       -0.000000        0.000000        0.000000
     H    9        0.000000        0.000000        0.000000
     H    9        0.000000        0.000000        0.000000

     C   10       -0.032561        0.224275       -0.015192
     C   10        0.224275        0.134493        0.165639
     C   10       -0.015192        0.165639       -0.101932

     C   11       -0.052824        0.176186        0.003588
     C   11        0.176186        0.163557        0.083852
     C   11        0.003588        0.083852       -0.110733

     Cl  12        1.276000        3.286228        0.388553
     Cl  12        3.286228        0.494884        0.876535
     Cl  12        0.388553        0.876535       -1.770883

     H   13       -0.000000        0.000000        0.000000
     H   13        0.000000        0.000000        0.000000
     H   13        0.000000        0.000000        0.000000

     C   14       -0.217105        0.050461       -0.009504
     C   14        0.050461       -0.015012        0.123456
     C   14       -0.009504        0.123456        0.232116

     H   15       -0.000000        0.000000        0.000000
     H   15        0.000000        0.000000        0.000000
     H   15        0.000000        0.000000        0.000000

     C   16       -0.098905        0.056520        0.050410
     C   16        0.056520       -0.162611        0.061069
     C   16        0.050410        0.061069        0.261516

     C   17        0.023137        0.115062       -0.100039
     C   17        0.115062        0.151295       -0.064471
     C   17       -0.100039       -0.064471       -0.174431

     Cl  18        0.982992       -0.613392        1.192385
     Cl  18       -0.613392       -0.066142        1.227266
     Cl  18        1.192385        1.227266       -0.916850

     H   19       -0.000000        0.000000        0.000000
     H   19        0.000000        0.000000        0.000000
     H   19        0.000000        0.000000        0.000000

     C   20        0.070730        0.244051       -0.138113
     C   20        0.244051        0.018225        0.027331
     C   20       -0.138113        0.027331       -0.088955

     H   21       -0.000000        0.000000        0.000000
     H   21        0.000000        0.000000        0.000000
     H   21        0.000000        0.000000        0.000000

     C   22        0.060546        0.135886       -0.104939
     C   22        0.135886        0.008325       -0.065738
     C   22       -0.104939       -0.065738       -0.068871

     C   23        0.074951        0.294165       -0.045496
     C   23        0.294165        0.074547        0.124979
     C   23       -0.045496        0.124979       -0.149498

     Cl  24        1.545892        1.577304       -1.371350
     Cl  24        1.577304       -0.763753       -0.391389
     Cl  24       -1.371350       -0.391389       -0.782139

     ----- total EFG -----
     Cl   1        2.375762       -0.518051       -0.162155
     Cl   1       -0.518051        0.495678       -0.045002
     Cl   1       -0.162155       -0.045002       -2.871440

     C    2        0.327755        0.438635       -0.151462
     C    2        0.438635        0.145684       -0.486733
     C    2       -0.151462       -0.486733       -0.473438

     C    3        0.054163       -0.083134        0.074442
     C    3       -0.083134        0.298013        0.209438
     C    3        0.074442        0.209438       -0.352177

     H    4        0.383759        0.142320        0.495972
     H    4        0.142320       -0.207052        0.403637
     H    4        0.495972        0.403637       -0.176707

     C    5        0.339351        0.065867        0.095524
     C    5        0.065867       -0.045756        0.149167
     C    5        0.095524        0.149167       -0.293595

     H    6       -0.229770       -0.143563        0.252026
     H    6       -0.143563        0.338039        0.664813
     H    6        0.252026        0.664813       -0.108268

     H    7       -0.097686       -0.070638       -0.217342
     H    7       -0.070638        0.331642       -0.373623
     H    7       -0.217342       -0.373623       -0.233956

     C    8       -0.352891        0.090576        0.240324
     C    8        0.090576        0.376234        0.084613
     C    8        0.240324        0.084613       -0.023343

     H    9        0.217444       -0.493224        0.151185
     H    9       -0.493224       -0.277382       -0.219215
     H    9        0.151185       -0.219215        0.059938

     C   10        0.143537        0.724048       -0.136042
     C   10        0.724048        0.200001        0.460433
     C   10       -0.136042        0.460433       -0.343538

     C   11       -0.343200        0.058685        0.109311
     C   11        0.058685        0.332840        0.018908
     C   11        0.109311        0.018908        0.010361

     Cl  12        1.454609        3.687955        0.408760
     Cl  12        3.687955        0.539661        0.958965
     Cl  12        0.408760        0.958965       -1.994270

     H   13       -0.001745        0.010823        0.084812
     H   13        0.010823        0.340196        0.391721
     H   13        0.084812        0.391721       -0.338451

     C   14       -0.627276        0.173937       -0.270108
     C   14        0.173937        0.308770        0.258121
     C   14       -0.270108        0.258121        0.318506

     H   15        0.348294        0.146691        0.401123
     H   15        0.146691        0.066010        0.297646
     H   15        0.401123        0.297646       -0.414304

     C   16        0.061279        0.276999        0.112930
     C   16        0.276999       -0.384535       -0.071248
     C   16        0.112930       -0.071248        0.323256

     C   17        0.048370        0.337557       -0.479158
     C   17        0.337557        0.562801       -0.073173
     C   17       -0.479158       -0.073173       -0.611171

     Cl  18        1.090890       -0.649717        1.279051
     Cl  18       -0.649717       -0.093795        1.374038
     Cl  18        1.279051        1.374038       -0.997096

     H   19       -0.392639       -0.123712        0.270032
     H   19       -0.123712        0.316867       -0.271184
     H   19        0.270032       -0.271184        0.075772

     C   20        0.246703        0.817877       -0.360409
     C   20        0.817877       -0.074397        0.183993
     C   20       -0.360409        0.183993       -0.172306

     H   21        0.330899       -0.269344        0.466324
     H   21       -0.269344       -0.221291        0.224963
     H   21        0.466324        0.224963       -0.109608

     C   22       -0.094684        0.057005       -0.159401
     C   22        0.057005        0.033538       -0.276951
     C   22       -0.159401       -0.276951        0.061147

     C   23        0.249000        0.922353       -0.173807
     C   23        0.922353        0.080711        0.467765
     C   23       -0.173807        0.467765       -0.329712

     Cl  24        1.587565        1.551438       -1.479535
     Cl  24        1.551438       -0.845757       -0.411457
     Cl  24       -1.479535       -0.411457       -0.741808

     ----- total EFG (symmetrized) -----
     Cl   1        2.375762       -0.518051       -0.162155
     Cl   1       -0.518051        0.495678       -0.045002
     Cl   1       -0.162155       -0.045002       -2.871440

     C    2        0.327755        0.438635       -0.151462
     C    2        0.438635        0.145684       -0.486733
     C    2       -0.151462       -0.486733       -0.473438

     C    3        0.054163       -0.083134        0.074442
     C    3       -0.083134        0.298013        0.209438
     C    3        0.074442        0.209438       -0.352177

     H    4        0.383759        0.142320        0.495972
     H    4        0.142320       -0.207052        0.403637
     H    4        0.495972        0.403637       -0.176707

     C    5        0.339351        0.065867        0.095524
     C    5        0.065867       -0.045756        0.149167
     C    5        0.095524        0.149167       -0.293595

     H    6       -0.229770       -0.143563        0.252026
     H    6       -0.143563        0.338039        0.664813
     H    6        0.252026        0.664813       -0.108268

     H    7       -0.097686       -0.070638       -0.217342
     H    7       -0.070638        0.331642       -0.373623
     H    7       -0.217342       -0.373623       -0.233956

     C    8       -0.352891        0.090576        0.240324
     C    8        0.090576        0.376234        0.084613
     C    8        0.240324        0.084613       -0.023343

     H    9        0.217444       -0.493224        0.151185
     H    9       -0.493224       -0.277382       -0.219215
     H    9        0.151185       -0.219215        0.059938

     C   10        0.143537        0.724048       -0.136042
     C   10        0.724048        0.200001        0.460433
     C   10       -0.136042        0.460433       -0.343538

     C   11       -0.343200        0.058685        0.109311
     C   11        0.058685        0.332840        0.018908
     C   11        0.109311        0.018908        0.010361

     Cl  12        1.454609        3.687955        0.408760
     Cl  12        3.687955        0.539661        0.958965
     Cl  12        0.408760        0.958965       -1.994270

     H   13       -0.001745        0.010823        0.084812
     H   13        0.010823        0.340196        0.391721
     H   13        0.084812        0.391721       -0.338451

     C   14       -0.627276        0.173937       -0.270108
     C   14        0.173937        0.308770        0.258121
     C   14       -0.270108        0.258121        0.318506

     H   15        0.348294        0.146691        0.401123
     H   15        0.146691        0.066010        0.297646
     H   15        0.401123        0.297646       -0.414304

     C   16        0.061279        0.276999        0.112930
     C   16        0.276999       -0.384535       -0.071248
     C   16        0.112930       -0.071248        0.323256

     C   17        0.048370        0.337557       -0.479158
     C   17        0.337557        0.562801       -0.073173
     C   17       -0.479158       -0.073173       -0.611171

     Cl  18        1.090890       -0.649717        1.279051
     Cl  18       -0.649717       -0.093795        1.374038
     Cl  18        1.279051        1.374038       -0.997096

     H   19       -0.392639       -0.123712        0.270032
     H   19       -0.123712        0.316867       -0.271184
     H   19        0.270032       -0.271184        0.075772

     C   20        0.246703        0.817877       -0.360409
     C   20        0.817877       -0.074397        0.183993
     C   20       -0.360409        0.183993       -0.172306

     H   21        0.330899       -0.269344        0.466324
     H   21       -0.269344       -0.221291        0.224963
     H   21        0.466324        0.224963       -0.109608

     C   22       -0.094684        0.057005       -0.159401
     C   22        0.057005        0.033538       -0.276951
     C   22       -0.159401       -0.276951        0.061147

     C   23        0.249000        0.922353       -0.173807
     C   23        0.922353        0.080711        0.467765
     C   23       -0.173807        0.467765       -0.329712

     Cl  24        1.587565        1.551438       -1.479535
     Cl  24        1.551438       -0.845757       -0.411457
     Cl  24       -1.479535       -0.411457       -0.741808


     NQR/NMR SPECTROSCOPIC PARAMETERS:
     Cl   1    Vxx=    0.3646    axis=( -0.247400 -0.968568  0.025867)
     Cl   1    Vyy=    2.5130    axis=(  0.968363 -0.248071 -0.027089)
     Cl   1    Vzz=   -2.8776    axis=(  0.032655  0.018347  0.999298)
     Cl   1  Q=        -8.1650 1e-30 m^2  Cq=        55.2046 MHz  eta= 0.74662

     C    2    Vxx=   -0.0839    axis=(  0.732925 -0.549284  0.401383)
     C    2    Vyy=   -0.7476    axis=( -0.087165  0.509318  0.856153)
     C    2    Vzz=    0.8315    axis=( -0.674703 -0.662482  0.325414)
     C    2  Q=         1.0000 1e-30 m^2  Cq=         1.9537 MHz  eta= 0.79814

     C    3    Vxx=    0.0615    axis=(  0.962843  0.127758  0.237931)
     C    3    Vyy=    0.3709    axis=( -0.188887  0.948258  0.255201)
     C    3    Vzz=   -0.4325    axis=( -0.193016 -0.290661  0.937156)
     C    3  Q=         1.0000 1e-30 m^2  Cq=        -1.0161 MHz  eta= 0.71545

     H    4    Vxx=   -0.1199    axis=(  0.563951 -0.743521 -0.359355)
     H    4    Vyy=   -0.6674    axis=(  0.281195  0.582047 -0.762988)
     H    4    Vzz=    0.7873    axis=(  0.776459  0.329239  0.537321)
     H    4  Q=         1.0000 1e-30 m^2  Cq=         1.8499 MHz  eta= 0.69538

     C    5    Vxx=   -0.0042    axis=(  0.272777 -0.888867 -0.368114)
     C    5    Vyy=   -0.3686    axis=( -0.085379 -0.403480  0.910996)
     C    5    Vzz=    0.3728    axis=( -0.958281 -0.217070 -0.185951)
     C    5  Q=         1.0000 1e-30 m^2  Cq=         0.8759 MHz  eta= 0.97750

     H    6    Vxx=   -0.0698    axis=(  0.872730 -0.308967  0.377996)
     H    6    Vyy=   -0.7473    axis=(  0.487220  0.502102 -0.714500)
     H    6    Vzz=    0.8171    axis=(  0.030965  0.807733  0.588734)
     H    6  Q=         1.0000 1e-30 m^2  Cq=         1.9199 MHz  eta= 0.82918

     H    7    Vxx=    0.0171    axis=(  0.886543 -0.257464 -0.384388)
     H    7    Vyy=    0.5194    axis=( -0.059458 -0.887362  0.457223)
     H    7    Vzz=   -0.5365    axis=( -0.458810 -0.382493 -0.801993)
     H    7  Q=         1.0000 1e-30 m^2  Cq=        -1.2605 MHz  eta= 0.93639

     C    8    Vxx=    0.0603    axis=(  0.414450 -0.344425  0.842379)
     C    8    Vyy=    0.4212    axis=( -0.198409 -0.937549 -0.285720)
     C    8    Vzz=   -0.4815    axis=(  0.888181 -0.048719 -0.456904)
     C    8  Q=         1.0000 1e-30 m^2  Cq=        -1.1313 MHz  eta= 0.74953

     H    9    Vxx=   -0.0275    axis=( -0.431299  0.061685  0.900098)
     H    9    Vyy=   -0.6007    axis=( -0.484760 -0.857260 -0.173532)
     H    9    Vzz=    0.6282    axis=(  0.760913 -0.511176  0.399638)
     H    9  Q=         1.0000 1e-30 m^2  Cq=         1.4760 MHz  eta= 0.91236

     C   10    Vxx=   -0.0540    axis=(  0.584665 -0.301036 -0.753356)
     C   10    Vyy=   -0.8906    axis=( -0.500490  0.597000 -0.626978)
     C   10    Vzz=    0.9445    axis=( -0.638496 -0.743619 -0.198379)
     C   10  Q=         1.0000 1e-30 m^2  Cq=         2.2193 MHz  eta= 0.88572

     C   11    Vxx=    0.0375    axis=(  0.258102 -0.112733  0.959518)
     C   11    Vyy=    0.3404    axis=(  0.099411  0.990996  0.089690)
     C   11    Vzz=   -0.3780    axis=( -0.960990  0.072238  0.266984)
     C   11  Q=         1.0000 1e-30 m^2  Cq=        -0.8881 MHz  eta= 0.80135

     Cl  12    Vxx=   -1.8873    axis=( -0.404867  0.270049  0.873588)
     Cl  12    Vyy=   -2.9562    axis=( -0.541326  0.699187 -0.467016)
     Cl  12    Vzz=    4.8434    axis=(  0.736918  0.661976  0.136893)
     Cl  12  Q=        -8.1650 1e-30 m^2  Cq=       -92.9190 MHz  eta= 0.22069

     H   13    Vxx=    0.0044    axis=(  0.986741 -0.135694  0.089051)
     H   13    Vyy=    0.5230    axis=( -0.086420 -0.903673 -0.419412)
     H   13    Vzz=   -0.5275    axis=(  0.137384  0.406155 -0.903418)
     H   13  Q=         1.0000 1e-30 m^2  Cq=        -1.2393 MHz  eta= 0.98324

     C   14    Vxx=    0.1758    axis=(  0.357803  0.709825 -0.606733)
     C   14    Vyy=    0.5768    axis=(  0.069632 -0.668221 -0.740697)
     C   14    Vzz=   -0.7526    axis=( -0.931197  0.222776 -0.288518)
     C   14  Q=         1.0000 1e-30 m^2  Cq=        -1.7683 MHz  eta= 0.53277

     H   15    Vxx=    0.0168    axis=(  0.512010 -0.851696 -0.111623)
     H   15    Vyy=    0.6392    axis=(  0.799500  0.425000  0.424471)
     H   15    Vzz=   -0.6561    axis=( -0.314080 -0.306576  0.898535)
     H   15  Q=         1.0000 1e-30 m^2  Cq=        -1.5415 MHz  eta= 0.94868

     C   16    Vxx=    0.1653    axis=(  0.808482  0.455564 -0.372583)
     C   16    Vyy=    0.3669    axis=( -0.391141 -0.057090 -0.918558)
     C   16    Vzz=   -0.5322    axis=( -0.439733  0.888370  0.132034)
     C   16  Q=         1.0000 1e-30 m^2  Cq=        -1.2505 MHz  eta= 0.37877

     C   17    Vxx=    0.0766    axis=(  0.708099 -0.556939 -0.434067)
     C   17    Vyy=    0.7928    axis=( -0.516507 -0.827696  0.219409)
     C   17    Vzz=   -0.8694    axis=(  0.481473 -0.068835  0.873754)
     C   17  Q=         1.0000 1e-30 m^2  Cq=        -2.0428 MHz  eta= 0.82380

     Cl  18    Vxx=    0.8482    axis=( -0.227830  0.849985  0.474993)
     Cl  18    Vyy=    1.6979    axis=( -0.903024 -0.001984 -0.429585)
     Cl  18    Vzz=   -2.5461    axis=( -0.364198 -0.526803  0.768009)
     Cl  18  Q=        -8.1650 1e-30 m^2  Cq=        48.8463 MHz  eta= 0.33373

     H   19    Vxx=   -0.0459    axis=(  0.320865  0.634847  0.702862)
     H   19    Vyy=   -0.5159    axis=(  0.909716 -0.000073 -0.415230)
     H   19    Vzz=    0.5618    axis=(  0.263556 -0.772638  0.577554)
     H   19  Q=         1.0000 1e-30 m^2  Cq=         1.3200 MHz  eta= 0.83660

     C   20    Vxx=   -0.0128    axis=( -0.165214  0.441130  0.882105)
     C   20    Vyy=   -0.9320    axis=( -0.598358  0.666154 -0.445205)
     C   20    Vzz=    0.9448    axis=( -0.784011 -0.601368  0.153896)
     C   20  Q=         1.0000 1e-30 m^2  Cq=         2.2199 MHz  eta= 0.97293

     H   21    Vxx=    0.0215    axis=(  0.210262 -0.779677 -0.589825)
     H   21    Vyy=    0.6415    axis=( -0.859471  0.140119 -0.491606)
     H   21    Vzz=   -0.6631    axis=( -0.465940 -0.610303  0.640648)
     H   21  Q=         1.0000 1e-30 m^2  Cq=        -1.5580 MHz  eta= 0.93506

     C   22    Vxx=   -0.1104    axis=( -0.828846  0.547721  0.114088)
     C   22    Vyy=   -0.2659    axis=( -0.461229 -0.553516 -0.693461)
     C   22    Vzz=    0.3763    axis=( -0.316674 -0.627393  0.711404)
     C   22  Q=         1.0000 1e-30 m^2  Cq=         0.8843 MHz  eta= 0.41324

     C   23    Vxx=   -0.0565    axis=( -0.466286  0.310538  0.828338)
     C   23    Vyy=   -1.0608    axis=( -0.530544  0.651111 -0.542750)
     C   23    Vzz=    1.1173    axis=( -0.707885 -0.692546 -0.138850)
     C   23  Q=         1.0000 1e-30 m^2  Cq=         2.6252 MHz  eta= 0.89884

     Cl  24    Vxx=   -1.1962    axis=( -0.065111 -0.625012 -0.777895)
     Cl  24    Vyy=   -1.7651    axis=( -0.535660  0.679605 -0.501204)
     Cl  24    Vzz=    2.9614    axis=(  0.841920  0.384054 -0.379044)
     Cl  24  Q=        -8.1650 1e-30 m^2  Cq=       -56.8126 MHz  eta= 0.19211

     Initialization:
     gipaw_setup  :      9.10s CPU     10.69s WALL (       1 calls)

     Linear response

     Apply operators

     Induced current

     Other routines
     efg          :      9.16s CPU     11.64s WALL (       1 calls)

     General routines
     calbec       :      3.23s CPU      4.38s WALL (      16 calls)
     fft          :      1.46s CPU      2.07s WALL (      15 calls)
     ffts         :      0.04s CPU      0.06s WALL (       2 calls)
     fftw         :      3.14s CPU      3.80s WALL (     672 calls)
     davcio       :      0.04s CPU      0.33s WALL (      32 calls)

     Parallel routines
     fft_scatter  :      1.93s CPU      2.97s WALL (     689 calls)

     Plugins

     GIPAW        :     60.18s CPU     70.68s WALL (       1 calls)
