
     Program QE v.6.0 (svn rev. 13079) starts on 16Jan2017 at  8:40: 7 

     This program is part of the open-source Quantum ESPRESSO suite
     for quantum simulation of materials; please cite
         "P. Giannozzi et al., J. Phys.:Condens. Matter 21 395502 (2009);
          URL http://www.quantum-espresso.org", 
     in publications or presentations arising from this work. More details at
     http://www.quantum-espresso.org/quote

     Parallel version (MPI), running on     8 processors
     R & G space division:  proc/nbgrp/npool/nimage =       8

     ***** This is GIPAW svn revision unknown      *****

     Parallelizing q-star over 1 images

     Reading data from directory:
     /users/majewski/paradichlorobenzene/pbe/9_constraint/scratch/pbe.ecut100.np8.dt60.pcl2phi-129368.save
     Message from routine read_xml_file:
     file /users/majewski/paradichlorobenzene/pbe/9_constraint/scratch/pbe.ecut100.np8.dt60.pcl2phi-129368.save not guaranteed to be safe for post-processing

   Info: using nr1, nr2, nr3 values from input

   Info: using nr1, nr2, nr3 values from input

     IMPORTANT: XC functional enforced from input :
     Exchange-correlation      =  SLA  PW   PBX  PBC ( 1  4  3  4 0 0)
     Any further DFT definition will be discarded
     Please, verify this is what you really want

               file C.pbe-n-kjpaw_psl.1.0.0.UPF: wavefunction(s)  2S 2P renormalized
               file Cl.pbe-n-kjpaw_psl.1.0.0.UPF: wavefunction(s)  3S 3P renormalized
               file H.pbe-kjpaw_psl.1.0.0.UPF: wavefunction(s)  1S renormalized

     Parallelization info
     --------------------
     sticks:   dense  smooth     PW     G-vecs:    dense   smooth      PW
     Min        3057    1223    332               144436    36536    5170
     Max        3059    1225    333               144437    36537    5171
     Sum       24467    9791   2657              1155489   292295   41363


     Subspace diagonalization in iterative solution of the eigenvalue problem:
     a serial algorithm will be used

     GIPAW projectors -----------------------------------------------
     atom=  C    l=0  rc=    1.2000  rs=    0.8000
     atom=  C    l=0  rc=    1.2000  rs=    0.8000
     atom=  C    l=1  rc=    1.4000  rs=    0.9333
     atom=  C    l=1  rc=    1.4000  rs=    0.9333
     projs nearly linearly dependent: l=1  n1,n2= 1, 2  s=  0.99951561

     atom=  Cl   l=0  rc=    1.6000  rs=    1.0667
     atom=  Cl   l=0  rc=    1.6000  rs=    1.0667
     atom=  Cl   l=1  rc=    1.6000  rs=    1.0667
     atom=  Cl   l=1  rc=    1.6000  rs=    1.0667
     atom=  Cl   l=2  rc=    1.6000  rs=    1.0667
     atom=  Cl   l=2  rc=    1.6000  rs=    1.0667
     projs nearly linearly dependent: l=2  n1,n2= 1, 2  s=  0.99993509

     atom=  H    l=0  rc=    1.0000  rs=    0.6667
     atom=  H    l=0  rc=    1.0000  rs=    0.6667
     projs nearly linearly dependent: l=0  n1,n2= 1, 2  s=  0.99968852
     -----------------------------------------------------------------

     GIPAW integrals: -------------------------------------------
     Atom  i/j   nmr_para   nmr_dia   epr_rmc  epr_para   epr_dia
       C   1 1   0.83E+03  0.17E-01  0.93E+01  0.24E+08  0.24E+03
       C   2 1   0.86E+03 -0.61E-01  0.94E+01  0.25E+08  0.25E+03
       C   2 2   0.90E+03 -0.15E+00  0.97E+01  0.26E+08  0.26E+03
       C   3 3   0.33E+01  0.34E+00  0.18E+01  0.55E+03  0.21E+02
       C   4 3   0.35E+01  0.37E+00  0.20E+01  0.59E+03  0.22E+02
       C   4 4   0.38E+01  0.39E+00  0.22E+01  0.63E+03  0.24E+02
       Cl  1 1   0.14E+04 -0.47E+00  0.84E+01  0.32E+09  0.42E+03
       Cl  2 1   0.21E+04 -0.37E+00  0.12E+02  0.49E+09  0.65E+03
       Cl  2 2   0.33E+04 -0.16E+00  0.21E+02  0.76E+09  0.10E+04
       Cl  3 3   0.21E+02  0.79E-01  0.89E+01  0.23E+05  0.13E+03
       Cl  4 3   0.24E+02  0.67E-01  0.99E+01  0.27E+05  0.15E+03
       Cl  4 4   0.28E+02  0.44E-01  0.11E+02  0.32E+05  0.18E+03
       Cl  5 5   0.77E+00  0.19E+00  0.18E+01  0.12E+03  0.22E+02
       Cl  6 5   0.80E+00  0.19E+00  0.19E+01  0.12E+03  0.23E+02
       Cl  6 6   0.83E+00  0.20E+00  0.19E+01  0.12E+03  0.23E+02
       H   1 1   0.39E+02  0.19E+00  0.29E+00  0.78E+05  0.13E+02
       H   2 1   0.41E+02  0.21E+00  0.32E+00  0.82E+05  0.14E+02
       H   2 2   0.43E+02  0.22E+00  0.36E+00  0.86E+05  0.15E+02
     ------------------------------------------------------------

     alpha_pv=     34.4388 eV

     Number of occupied bands for each k-point:
     k-point:     1    nbnd_occ=  42
     k-point:     2    nbnd_occ=  42
     k-point:     3    nbnd_occ=  42
     k-point:     4    nbnd_occ=  42
     k-point:     5    nbnd_occ=  42
     k-point:     6    nbnd_occ=  42
     k-point:     7    nbnd_occ=  42
     k-point:     8    nbnd_occ=  42
     k-point:     9    nbnd_occ=  42
     k-point:    10    nbnd_occ=  42
     k-point:    11    nbnd_occ=  42
     k-point:    12    nbnd_occ=  42
     k-point:    13    nbnd_occ=  42
     k-point:    14    nbnd_occ=  42
     k-point:    15    nbnd_occ=  42
     k-point:    16    nbnd_occ=  42


     q-space interpolation up to   110.00 Rydberg

     GIPAW job: efg                                                                             


     ELECTRIC FIELD GRADIENTS TENSORS IN Hartree/bohrradius^2:

     ----- bare term -----
     Cl   1        0.129976        0.233183        0.058524
     Cl   1        0.233183       -0.048285        0.433219
     Cl   1        0.058524        0.433219       -0.081690

     C    2       -0.020023       -0.046267       -0.268378
     C    2       -0.046267        0.068783       -0.694532
     C    2       -0.268378       -0.694532       -0.048760

     C    3       -0.411822        0.225452       -0.159049
     C    3        0.225452        0.106910       -0.155433
     C    3       -0.159049       -0.155433        0.304911

     H    4       -0.327910       -0.448921        0.120179
     H    4       -0.448921        0.059956        0.140314
     H    4        0.120179        0.140314        0.267954

     C    5       -0.015750        0.296932       -0.046035
     C    5        0.296932       -0.135555       -0.395117
     C    5       -0.046035       -0.395117        0.151305

     H    6        0.274458       -0.405232        0.071969
     H    6       -0.405232       -0.620632        0.025531
     H    6        0.071969        0.025531        0.346174

     H    7        0.532373       -0.074251       -0.133522
     H    7       -0.074251       -0.144394        0.241220
     H    7       -0.133522        0.241220       -0.387979

     C    8       -0.694043       -0.320808       -0.168992
     C    8       -0.320808        0.287877        0.072414
     C    8       -0.168992        0.072414        0.406166

     H    9        0.002996       -0.216360       -0.436560
     H    9       -0.216360       -0.109161       -0.109500
     H    9       -0.436560       -0.109500        0.106165

     C   10        0.153174       -0.043320       -0.194654
     C   10       -0.043320       -0.133445        0.598939
     C   10       -0.194654        0.598939       -0.019729

     C   11       -0.709292       -0.457731       -0.343222
     C   11       -0.457731        0.334215        0.114445
     C   11       -0.343222        0.114445        0.375077

     Cl  12       -0.018882        0.014086       -0.035426
     Cl  12        0.014086        0.137037        0.016494
     Cl  12       -0.035426        0.016494       -0.118155

     H   13        0.283529       -0.063882       -0.024686
     H   13       -0.063882       -0.535435       -0.609065
     H   13       -0.024686       -0.609065        0.251905

     C   14       -0.908463        0.347935       -0.463206
     C   14        0.347935        0.390213        0.040626
     C   14       -0.463206        0.040626        0.518250

     H   15       -0.544354       -0.056841        0.178495
     H   15       -0.056841        0.341328       -0.275265
     H   15        0.178495       -0.275265        0.203026

     C   16        0.208585        0.014255       -0.052305
     C   16        0.014255       -0.535278       -0.435504
     C   16       -0.052305       -0.435504        0.326694

     C   17       -0.817489        0.408805       -0.304689
     C   17        0.408805        0.283148       -0.037039
     C   17       -0.304689       -0.037039        0.534340

     Cl  18        0.219819       -0.016524       -0.017909
     Cl  18       -0.016524       -0.126226       -0.327827
     Cl  18       -0.017909       -0.327827       -0.093593

     H   19        0.428241        0.149808        0.003489
     H   19        0.149808       -0.771536        0.018596
     H   19        0.003489        0.018596        0.343295

     C   20       -0.009961        0.000580       -0.196566
     C   20        0.000580       -0.034223        0.408344
     C   20       -0.196566        0.408344        0.044184

     H   21       -0.070310        0.326948       -0.359289
     H   21        0.326948       -0.274809        0.291062
     H   21       -0.359289        0.291062        0.345118

     C   22       -0.682004       -0.303156       -0.155170
     C   22       -0.303156        0.269964        0.172510
     C   22       -0.155170        0.172510        0.412040

     C   23        0.035133        0.105798       -0.298173
     C   23        0.105798        0.026243        0.651716
     C   23       -0.298173        0.651716       -0.061376

     Cl  24       -0.327116       -0.263357       -0.008981
     Cl  24       -0.263357        0.217093       -0.000539
     Cl  24       -0.008981       -0.000539        0.110023

     ----- ionic term -----
     Cl   1        0.132555       -0.178988       -0.085012
     Cl   1       -0.178988       -0.007940        0.061363
     Cl   1       -0.085012        0.061363       -0.124615

     C    2        0.322460       -0.027687        0.086267
     C    2       -0.027687        0.110771        0.440441
     C    2        0.086267        0.440441       -0.433230

     C    3        0.244233       -0.165910        0.038475
     C    3       -0.165910        0.213243        0.384014
     C    3        0.038475        0.384014       -0.457476

     H    4        0.915596        0.400596        0.303508
     H    4        0.400596       -0.406208        0.168220
     H    4        0.303508        0.168220       -0.509388

     C    5        0.376324       -0.157708        0.071921
     C    5       -0.157708        0.141667        0.260834
     C    5        0.071921        0.260834       -0.517991

     H    6       -0.496709        0.213667        0.068946
     H    6        0.213667        0.907193        0.499494
     H    6        0.068946        0.499494       -0.410484

     H    7       -0.524826       -0.073887        0.067896
     H    7       -0.073887        0.508963       -0.774051
     H    7        0.067896       -0.774051        0.015863

     C    8        0.287505        0.252712        0.244393
     C    8        0.252712       -0.016269       -0.332936
     C    8        0.244393       -0.332936       -0.271236

     H    9        0.484573       -0.019922        0.765981
     H    9       -0.019922       -0.478743       -0.110356
     H    9        0.765981       -0.110356       -0.005830

     C   10        0.145603        0.326221        0.170248
     C   10        0.326221        0.154520       -0.409137
     C   10        0.170248       -0.409137       -0.300123

     C   11        0.222721        0.162784        0.261313
     C   11        0.162784        0.106927       -0.423647
     C   11        0.261313       -0.423647       -0.329649

     Cl  12        0.174424        0.234315        0.014308
     Cl  12        0.234315       -0.019232        0.001178
     Cl  12        0.014308        0.001178       -0.155192

     H   13       -0.497477        0.209434        0.089366
     H   13        0.209434        0.667419        0.690705
     H   13        0.089366        0.690705       -0.169943

     C   14        0.374380       -0.030171        0.118348
     C   14       -0.030171        0.047282        0.340594
     C   14        0.118348        0.340594       -0.421662

     H   15        0.809039        0.384733        0.464758
     H   15        0.384733       -0.371303        0.188075
     H   15        0.464758        0.188075       -0.437737

     C   16        0.187149       -0.121104        0.060413
     C   16       -0.121104        0.231319        0.394319
     C   16        0.060413        0.394319       -0.418468

     C   17        0.233094       -0.124814        0.100256
     C   17       -0.124814        0.233153        0.359475
     C   17        0.100256        0.359475       -0.466247

     Cl  18        0.114261       -0.217372       -0.020499
     Cl  18       -0.217372        0.037518        0.022987
     Cl  18       -0.020499        0.022987       -0.151779

     H   19       -0.511243       -0.117387        0.048906
     H   19       -0.117387        0.842640       -0.581665
     H   19        0.048906       -0.581665       -0.331397

     C   20        0.294369        0.203550        0.247660
     C   20        0.203550        0.134409       -0.278567
     C   20        0.247660       -0.278567       -0.428778

     H   21        0.579621       -0.248305        0.713158
     H   21       -0.248305       -0.441252       -0.237680
     H   21        0.713158       -0.237680       -0.138368

     C   22        0.145779        0.294264        0.201556
     C   22        0.294264        0.212346       -0.380692
     C   22        0.201556       -0.380692       -0.358125

     C   23        0.176353        0.226340        0.295028
     C   23        0.226340        0.122496       -0.364995
     C   23        0.295028       -0.364995       -0.298848

     Cl  24        0.136027        0.194514        0.018718
     Cl  24        0.194514        0.023898       -0.000922
     Cl  24        0.018718       -0.000922       -0.159925

     ----- GIPAW term -----
     Cl   1       -0.318093       -0.001160       -0.228255
     Cl   1       -0.001160       -0.027979       -0.628613
     Cl   1       -0.228255       -0.628613        0.346072

     C    2       -0.062479       -0.043511       -0.044776
     C    2       -0.043511        0.240025       -0.158575
     C    2       -0.044776       -0.158575       -0.177546

     C    3       -0.101294        0.082938       -0.057322
     C    3        0.082938        0.127473       -0.081410
     C    3       -0.057322       -0.081410       -0.026179

     H    4       -0.000000        0.000000        0.000000
     H    4        0.000000        0.000000        0.000000
     H    4        0.000000        0.000000        0.000000

     C    5       -0.023643        0.172394        0.013649
     C    5        0.172394        0.148323       -0.070729
     C    5        0.013649       -0.070729       -0.124680

     H    6       -0.000000        0.000000        0.000000
     H    6        0.000000        0.000000        0.000000
     H    6        0.000000        0.000000        0.000000

     H    7       -0.000000        0.000000        0.000000
     H    7        0.000000        0.000000        0.000000
     H    7        0.000000        0.000000        0.000000

     C    8       -0.122708        0.033762        0.011074
     C    8        0.033762        0.154331        0.021104
     C    8        0.011074        0.021104       -0.031624

     H    9       -0.000000        0.000000        0.000000
     H    9        0.000000        0.000000        0.000000
     H    9        0.000000        0.000000        0.000000

     C   10       -0.087152        0.034640       -0.018075
     C   10        0.034640        0.231764        0.009898
     C   10       -0.018075        0.009898       -0.144612

     C   11       -0.160980       -0.001547       -0.033227
     C   11       -0.001547        0.275036       -0.018163
     C   11       -0.033227       -0.018163       -0.114056

     Cl  12        0.127207        2.070466       -0.153911
     Cl  12        2.070466        2.504316        0.336042
     Cl  12       -0.153911        0.336042       -2.631523

     H   13       -0.000000        0.000000        0.000000
     H   13        0.000000        0.000000        0.000000
     H   13        0.000000        0.000000        0.000000

     C   14       -0.238664       -0.010637       -0.086700
     C   14       -0.010637        0.196767        0.204345
     C   14       -0.086700        0.204345        0.041897

     H   15       -0.000000        0.000000        0.000000
     H   15        0.000000        0.000000        0.000000
     H   15        0.000000        0.000000        0.000000

     C   16       -0.049937       -0.040984       -0.012521
     C   16       -0.040984       -0.023044        0.124216
     C   16       -0.012521        0.124216        0.072982

     C   17       -0.150318        0.016544       -0.003248
     C   17        0.016544        0.079802        0.155827
     C   17       -0.003248        0.155827        0.070515

     Cl  18       -0.064268       -0.581078        0.456591
     Cl  18       -0.581078        0.190802        1.170320
     Cl  18        0.456591        1.170320       -0.126534

     H   19       -0.000000        0.000000        0.000000
     H   19        0.000000        0.000000        0.000000
     H   19        0.000000        0.000000        0.000000

     C   20       -0.076078       -0.011616       -0.010661
     C   20       -0.011616        0.218828        0.055947
     C   20       -0.010661        0.055947       -0.142750

     H   21       -0.000000        0.000000        0.000000
     H   21        0.000000        0.000000        0.000000
     H   21        0.000000        0.000000        0.000000

     C   22       -0.192378        0.046933       -0.009455
     C   22        0.046933        0.266233        0.033473
     C   22       -0.009455        0.033473       -0.073855

     C   23       -0.064015        0.079712       -0.036040
     C   23        0.079712        0.260293        0.059304
     C   23       -0.036040        0.059304       -0.196278

     Cl  24       -0.824059        1.295822       -0.131013
     Cl  24        1.295822        2.545067       -0.150609
     Cl  24       -0.131013       -0.150609       -1.721008

     ----- total EFG -----
     Cl   1       -0.055563        0.053036       -0.254743
     Cl   1        0.053036       -0.084204       -0.134032
     Cl   1       -0.254743       -0.134032        0.139767

     C    2        0.239957       -0.117465       -0.226887
     C    2       -0.117465        0.419579       -0.412666
     C    2       -0.226887       -0.412666       -0.659536

     C    3       -0.268882        0.142480       -0.177897
     C    3        0.142480        0.447626        0.147171
     C    3       -0.177897        0.147171       -0.178744

     H    4        0.587686       -0.048324        0.423688
     H    4       -0.048324       -0.346252        0.308533
     H    4        0.423688        0.308533       -0.241434

     C    5        0.336932        0.311618        0.039534
     C    5        0.311618        0.154434       -0.205012
     C    5        0.039534       -0.205012       -0.491366

     H    6       -0.222251       -0.191566        0.140915
     H    6       -0.191566        0.286560        0.525025
     H    6        0.140915        0.525025       -0.064310

     H    7        0.007546       -0.148139       -0.065626
     H    7       -0.148139        0.364569       -0.532831
     H    7       -0.065626       -0.532831       -0.372115

     C    8       -0.529245       -0.034335        0.086475
     C    8       -0.034335        0.425939       -0.239418
     C    8        0.086475       -0.239418        0.103307

     H    9        0.487568       -0.236282        0.329421
     H    9       -0.236282       -0.587903       -0.219855
     H    9        0.329421       -0.219855        0.100335

     C   10        0.211625        0.317541       -0.042482
     C   10        0.317541        0.252839        0.199700
     C   10       -0.042482        0.199700       -0.464464

     C   11       -0.647551       -0.296494       -0.115137
     C   11       -0.296494        0.716178       -0.327365
     C   11       -0.115137       -0.327365       -0.068627

     Cl  12        0.282750        2.318868       -0.175029
     Cl  12        2.318868        2.622120        0.353714
     Cl  12       -0.175029        0.353714       -2.904870

     H   13       -0.213947        0.145552        0.064679
     H   13        0.145552        0.131985        0.081640
     H   13        0.064679        0.081640        0.081963

     C   14       -0.772747        0.307127       -0.431559
     C   14        0.307127        0.634262        0.585565
     C   14       -0.431559        0.585565        0.138485

     H   15        0.264686        0.327892        0.643253
     H   15        0.327892       -0.029975       -0.087190
     H   15        0.643253       -0.087190       -0.234711

     C   16        0.345797       -0.147833       -0.004413
     C   16       -0.147833       -0.327004        0.083031
     C   16       -0.004413        0.083031       -0.018793

     C   17       -0.734713        0.300536       -0.207680
     C   17        0.300536        0.596104        0.478264
     C   17       -0.207680        0.478264        0.138609

     Cl  18        0.269812       -0.814974        0.418182
     Cl  18       -0.814974        0.102095        0.865480
     Cl  18        0.418182        0.865480       -0.371907

     H   19       -0.083002        0.032421        0.052395
     H   19        0.032421        0.071104       -0.563069
     H   19        0.052395       -0.563069        0.011898

     C   20        0.208330        0.192513        0.040432
     C   20        0.192513        0.319015        0.185723
     C   20        0.040432        0.185723       -0.527344

     H   21        0.509311        0.078643        0.353869
     H   21        0.078643       -0.716061        0.053382
     H   21        0.353869        0.053382        0.206750

     C   22       -0.728603        0.038041        0.036931
     C   22        0.038041        0.748543       -0.174708
     C   22        0.036931       -0.174708       -0.019940

     C   23        0.147471        0.411851       -0.039185
     C   23        0.411851        0.409032        0.346025
     C   23       -0.039185        0.346025       -0.556503

     Cl  24       -1.015148        1.226979       -0.121276
     Cl  24        1.226979        2.786058       -0.152071
     Cl  24       -0.121276       -0.152071       -1.770910

     ----- total EFG (symmetrized) -----
     Cl   1       -0.055563        0.053036       -0.254743
     Cl   1        0.053036       -0.084204       -0.134032
     Cl   1       -0.254743       -0.134032        0.139767

     C    2        0.239957       -0.117465       -0.226887
     C    2       -0.117465        0.419579       -0.412666
     C    2       -0.226887       -0.412666       -0.659536

     C    3       -0.268882        0.142480       -0.177897
     C    3        0.142480        0.447626        0.147171
     C    3       -0.177897        0.147171       -0.178744

     H    4        0.587686       -0.048324        0.423688
     H    4       -0.048324       -0.346252        0.308533
     H    4        0.423688        0.308533       -0.241434

     C    5        0.336932        0.311618        0.039534
     C    5        0.311618        0.154434       -0.205012
     C    5        0.039534       -0.205012       -0.491366

     H    6       -0.222251       -0.191566        0.140915
     H    6       -0.191566        0.286560        0.525025
     H    6        0.140915        0.525025       -0.064310

     H    7        0.007546       -0.148139       -0.065626
     H    7       -0.148139        0.364569       -0.532831
     H    7       -0.065626       -0.532831       -0.372115

     C    8       -0.529245       -0.034335        0.086475
     C    8       -0.034335        0.425939       -0.239418
     C    8        0.086475       -0.239418        0.103307

     H    9        0.487568       -0.236282        0.329421
     H    9       -0.236282       -0.587903       -0.219855
     H    9        0.329421       -0.219855        0.100335

     C   10        0.211625        0.317541       -0.042482
     C   10        0.317541        0.252839        0.199700
     C   10       -0.042482        0.199700       -0.464464

     C   11       -0.647551       -0.296494       -0.115137
     C   11       -0.296494        0.716178       -0.327365
     C   11       -0.115137       -0.327365       -0.068627

     Cl  12        0.282750        2.318868       -0.175029
     Cl  12        2.318868        2.622120        0.353714
     Cl  12       -0.175029        0.353714       -2.904870

     H   13       -0.213947        0.145552        0.064679
     H   13        0.145552        0.131985        0.081640
     H   13        0.064679        0.081640        0.081963

     C   14       -0.772747        0.307127       -0.431559
     C   14        0.307127        0.634262        0.585565
     C   14       -0.431559        0.585565        0.138485

     H   15        0.264686        0.327892        0.643253
     H   15        0.327892       -0.029975       -0.087190
     H   15        0.643253       -0.087190       -0.234711

     C   16        0.345797       -0.147833       -0.004413
     C   16       -0.147833       -0.327004        0.083031
     C   16       -0.004413        0.083031       -0.018793

     C   17       -0.734713        0.300536       -0.207680
     C   17        0.300536        0.596104        0.478264
     C   17       -0.207680        0.478264        0.138609

     Cl  18        0.269812       -0.814974        0.418182
     Cl  18       -0.814974        0.102095        0.865480
     Cl  18        0.418182        0.865480       -0.371907

     H   19       -0.083002        0.032421        0.052395
     H   19        0.032421        0.071104       -0.563069
     H   19        0.052395       -0.563069        0.011898

     C   20        0.208330        0.192513        0.040432
     C   20        0.192513        0.319015        0.185723
     C   20        0.040432        0.185723       -0.527344

     H   21        0.509311        0.078643        0.353869
     H   21        0.078643       -0.716061        0.053382
     H   21        0.353869        0.053382        0.206750

     C   22       -0.728603        0.038041        0.036931
     C   22        0.038041        0.748543       -0.174708
     C   22        0.036931       -0.174708       -0.019940

     C   23        0.147471        0.411851       -0.039185
     C   23        0.411851        0.409032        0.346025
     C   23       -0.039185        0.346025       -0.556503

     Cl  24       -1.015148        1.226979       -0.121276
     Cl  24        1.226979        2.786058       -0.152071
     Cl  24       -0.121276       -0.152071       -1.770910


     NQR/NMR SPECTROSCOPIC PARAMETERS:
     Cl   1    Vxx=   -0.1202    axis=(  0.388091 -0.916969 -0.092482)
     Cl   1    Vyy=   -0.2394    axis=(  0.756597  0.259692  0.600101)
     Cl   1    Vzz=    0.3596    axis=( -0.526257 -0.302866  0.794560)
     Cl   1  Q=        -8.1650 1e-30 m^2  Cq=        -6.8983 MHz  eta= 0.33162

     C    2    Vxx=    0.2928    axis=(  0.964772  0.060463 -0.256047)
     C    2    Vyy=    0.5646    axis=(  0.137183 -0.946067  0.293493)
     C    2    Vzz=   -0.8574    axis=(  0.224492  0.318279  0.921033)
     C    2  Q=         1.0000 1e-30 m^2  Cq=        -2.0146 MHz  eta= 0.31701

     C    3    Vxx=   -0.0417    axis=(  0.634064  0.047516 -0.771820)
     C    3    Vyy=   -0.4531    axis=( -0.760344  0.220119 -0.611085)
     C    3    Vzz=    0.4948    axis=( -0.140856 -0.974315 -0.175698)
     C    3  Q=         1.0000 1e-30 m^2  Cq=         1.1625 MHz  eta= 0.83160

     H    4    Vxx=   -0.0813    axis=(  0.318863 -0.743169 -0.588239)
     H    4    Vyy=   -0.6900    axis=(  0.257554  0.665222 -0.700818)
     H    4    Vzz=    0.7713    axis=(  0.912136  0.071962  0.403521)
     H    4  Q=         1.0000 1e-30 m^2  Cq=         1.8123 MHz  eta= 0.78918

     C    5    Vxx=   -0.0082    axis=( -0.604605  0.714273 -0.352514)
     C    5    Vyy=   -0.5704    axis=( -0.153773  0.329571  0.931524)
     C    5    Vzz=    0.5786    axis=(  0.781541  0.617411 -0.089424)
     C    5  Q=         1.0000 1e-30 m^2  Cq=         1.3594 MHz  eta= 0.97180

     H    6    Vxx=   -0.0858    axis=(  0.841529 -0.245542  0.481184)
     H    6    Vyy=   -0.5852    axis=( -0.533332 -0.519332  0.667721)
     H    6    Vzz=    0.6710    axis=( -0.085941  0.818538  0.567988)
     H    6  Q=         1.0000 1e-30 m^2  Cq=         1.5766 MHz  eta= 0.74432

     H    7    Vxx=    0.0156    axis=(  0.970424  0.051995 -0.235741)
     H    7    Vyy=    0.6598    axis=( -0.155440  0.881741 -0.445390)
     H    7    Vzz=   -0.6754    axis=(  0.184705  0.468860  0.863744)
     H    7  Q=         1.0000 1e-30 m^2  Cq=        -1.5869 MHz  eta= 0.95395

     C    8    Vxx=   -0.0171    axis=(  0.114812  0.479140  0.870197)
     C    8    Vyy=   -0.5409    axis=( -0.991227 -0.002478  0.132145)
     C    8    Vzz=    0.5580    axis=(  0.065472 -0.877735  0.474653)
     C    8  Q=         1.0000 1e-30 m^2  Cq=         1.3110 MHz  eta= 0.93867

     H    9    Vxx=   -0.0797    axis=( -0.534019 -0.114131  0.837734)
     H    9    Vyy=   -0.6705    axis=(  0.135227  0.966561  0.217884)
     H    9    Vzz=    0.7502    axis=( -0.834588  0.229639 -0.500728)
     H    9  Q=         1.0000 1e-30 m^2  Cq=         1.7627 MHz  eta= 0.78752

     C   10    Vxx=   -0.0253    axis=( -0.731493  0.591247  0.339625)
     C   10    Vyy=   -0.5389    axis=(  0.183536 -0.308974  0.933193)
     C   10    Vzz=    0.5643    axis=(  0.656683  0.744957  0.117497)
     C   10  Q=         1.0000 1e-30 m^2  Cq=         1.3258 MHz  eta= 0.91028

     C   11    Vxx=   -0.1136    axis=( -0.330881  0.241658  0.912206)
     C   11    Vyy=   -0.7600    axis=(  0.930060  0.247104  0.271896)
     C   11    Vzz=    0.8736    axis=( -0.159704  0.938371 -0.306519)
     C   11  Q=         1.0000 1e-30 m^2  Cq=         2.0525 MHz  eta= 0.73995

     Cl  12    Vxx=   -1.0836    axis=( -0.841521  0.509422  0.179809)
     Cl  12    Vyy=   -2.9723    axis=(  0.137864 -0.119310  0.983239)
     Cl  12    Vzz=    4.0559    axis=(  0.522337  0.852205  0.030171)
     Cl  12  Q=        -8.1650 1e-30 m^2  Cq=       -77.8110 MHz  eta= 0.46567

     H   13    Vxx=    0.0247    axis=( -0.089542 -0.523373  0.847386)
     H   13    Vyy=    0.2456    axis=(  0.323469  0.789402  0.521740)
     H   13    Vzz=   -0.2703    axis=( -0.941992  0.320821  0.098610)
     H   13  Q=         1.0000 1e-30 m^2  Cq=        -0.6351 MHz  eta= 0.81720

     C   14    Vxx=    0.0793    axis=( -0.527577 -0.460949  0.713574)
     C   14    Vyy=    1.0224    axis=( -0.011213 -0.836135 -0.548409)
     C   14    Vzz=   -1.1017    axis=( -0.849433  0.297329 -0.435957)
     C   14  Q=         1.0000 1e-30 m^2  Cq=        -2.5887 MHz  eta= 0.85605

     H   15    Vxx=   -0.0012    axis=( -0.038594  0.896630 -0.441096)
     H   15    Vyy=   -0.7688    axis=( -0.572385  0.341994  0.745262)
     H   15    Vzz=    0.7700    axis=(  0.819076  0.281239  0.500019)
     H   15  Q=         1.0000 1e-30 m^2  Cq=         1.8091 MHz  eta= 0.99689

     C   16    Vxx=   -0.0019    axis=(  0.098991  0.203731  0.974010)
     C   16    Vyy=   -0.3762    axis=(  0.194416  0.955994 -0.219721)
     C   16    Vzz=    0.3780    axis=( -0.975912  0.211113  0.055027)
     C   16  Q=         1.0000 1e-30 m^2  Cq=         0.8882 MHz  eta= 0.99008

     C   17    Vxx=   -0.0115    axis=( -0.409797 -0.430371  0.804268)
     C   17    Vyy=   -0.8994    axis=( -0.907451  0.281976 -0.311484)
     C   17    Vzz=    0.9109    axis=( -0.092731 -0.857479 -0.506094)
     C   17  Q=         1.0000 1e-30 m^2  Cq=         2.1402 MHz  eta= 0.97476

     Cl  18    Vxx=    0.3663    axis=(  0.653733  0.282788  0.701901)
     Cl  18    Vyy=    1.0811    axis=(  0.610405 -0.745283 -0.268250)
     Cl  18    Vzz=   -1.4474    axis=(  0.447257  0.603808 -0.659831)
     Cl  18  Q=        -8.1650 1e-30 m^2  Cq=        27.7669 MHz  eta= 0.49388

     H   19    Vxx=   -0.0751    axis=( -0.990861 -0.105239 -0.084378)
     H   19    Vyy=   -0.5305    axis=( -0.133642  0.681049  0.719939)
     H   19    Vzz=    0.6056    axis=(  0.018300 -0.724636  0.688889)
     H   19  Q=         1.0000 1e-30 m^2  Cq=         1.4229 MHz  eta= 0.75198

     C   20    Vxx=    0.0727    axis=(  0.823261 -0.555583 -0.116490)
     C   20    Vyy=    0.4936    axis=(  0.567664  0.805717  0.169049)
     C   20    Vzz=   -0.5663    axis=( -0.000063 -0.205299  0.978699)
     C   20  Q=         1.0000 1e-30 m^2  Cq=        -1.3306 MHz  eta= 0.74328

     H   21    Vxx=   -0.0268    axis=( -0.551048  0.001755  0.834472)
     H   21    Vyy=   -0.7222    axis=( -0.053054  0.997901 -0.037133)
     H   21    Vzz=    0.7490    axis=( -0.832786 -0.064734 -0.549798)
     H   21  Q=         1.0000 1e-30 m^2  Cq=         1.7600 MHz  eta= 0.92840

     C   22    Vxx=   -0.0549    axis=(  0.065292  0.209077  0.975717)
     C   22    Vyy=   -0.7321    axis=( -0.997678  0.032684  0.059758)
     C   22    Vzz=    0.7870    axis=( -0.019397 -0.977353  0.210725)
     C   22  Q=         1.0000 1e-30 m^2  Cq=         1.8491 MHz  eta= 0.86046

     C   23    Vxx=   -0.0584    axis=(  0.815591 -0.443161 -0.372047)
     C   23    Vyy=   -0.7041    axis=(  0.216830 -0.362056  0.906587)
     C   23    Vzz=    0.7625    axis=( -0.536466 -0.820076 -0.199200)
     C   23  Q=         1.0000 1e-30 m^2  Cq=         1.7916 MHz  eta= 0.84672

     Cl  24    Vxx=   -1.3638    axis=(  0.942529 -0.285062 -0.174298)
     Cl  24    Vyy=   -1.7905    axis=( -0.177468  0.014883 -0.984014)
     Cl  24    Vzz=    3.1543    axis=(  0.283099  0.958394 -0.036562)
     Cl  24  Q=        -8.1650 1e-30 m^2  Cq=       -60.5136 MHz  eta= 0.13527

     Initialization:
     gipaw_setup  :      9.33s CPU     11.16s WALL (       1 calls)

     Linear response

     Apply operators

     Induced current

     Other routines
     efg          :      9.24s CPU     11.70s WALL (       1 calls)

     General routines
     calbec       :      3.19s CPU      4.19s WALL (      16 calls)
     fft          :      1.34s CPU      1.55s WALL (      15 calls)
     ffts         :      0.04s CPU      0.06s WALL (       2 calls)
     fftw         :      3.33s CPU      4.14s WALL (     672 calls)
     davcio       :      0.04s CPU      0.33s WALL (      32 calls)

     Parallel routines
     fft_scatter  :      2.09s CPU      2.90s WALL (     689 calls)

     Plugins

     GIPAW        :     62.05s CPU     74.34s WALL (       1 calls)
