
     Program QE v.6.0 (svn rev. 13079) starts on 27Dec2016 at  1:18:17 

     This program is part of the open-source Quantum ESPRESSO suite
     for quantum simulation of materials; please cite
         "P. Giannozzi et al., J. Phys.:Condens. Matter 21 395502 (2009);
          URL http://www.quantum-espresso.org", 
     in publications or presentations arising from this work. More details at
     http://www.quantum-espresso.org/quote

     Parallel version (MPI), running on     8 processors
     R & G space division:  proc/nbgrp/npool/nimage =       8

     ***** This is GIPAW svn revision unknown      *****

     Parallelizing q-star over 1 images

     Reading data from directory:
     /users/majewski/paradichlorobenzene/pbe/9_constraint/scratch/pbe.ecut100.np8.dt60.pcl2phi-129368.save
     Message from routine read_xml_file:
     file /users/majewski/paradichlorobenzene/pbe/9_constraint/scratch/pbe.ecut100.np8.dt60.pcl2phi-129368.save not guaranteed to be safe for post-processing

   Info: using nr1, nr2, nr3 values from input

   Info: using nr1, nr2, nr3 values from input

     IMPORTANT: XC functional enforced from input :
     Exchange-correlation      =  SLA  PW   PBX  PBC ( 1  4  3  4 0 0)
     Any further DFT definition will be discarded
     Please, verify this is what you really want

               file C.pbe-n-kjpaw_psl.1.0.0.UPF: wavefunction(s)  2S 2P renormalized
               file Cl.pbe-n-kjpaw_psl.1.0.0.UPF: wavefunction(s)  3S 3P renormalized
               file H.pbe-kjpaw_psl.1.0.0.UPF: wavefunction(s)  1S renormalized

     Parallelization info
     --------------------
     sticks:   dense  smooth     PW     G-vecs:    dense   smooth      PW
     Min        3057    1223    332               144436    36536    5170
     Max        3059    1225    333               144437    36537    5171
     Sum       24467    9791   2657              1155489   292295   41363


     Subspace diagonalization in iterative solution of the eigenvalue problem:
     a serial algorithm will be used

     GIPAW projectors -----------------------------------------------
     atom=  C    l=0  rc=    1.2000  rs=    0.8000
     atom=  C    l=0  rc=    1.2000  rs=    0.8000
     atom=  C    l=1  rc=    1.4000  rs=    0.9333
     atom=  C    l=1  rc=    1.4000  rs=    0.9333
     projs nearly linearly dependent: l=1  n1,n2= 1, 2  s=  0.99951561

     atom=  Cl   l=0  rc=    1.6000  rs=    1.0667
     atom=  Cl   l=0  rc=    1.6000  rs=    1.0667
     atom=  Cl   l=1  rc=    1.6000  rs=    1.0667
     atom=  Cl   l=1  rc=    1.6000  rs=    1.0667
     atom=  Cl   l=2  rc=    1.6000  rs=    1.0667
     atom=  Cl   l=2  rc=    1.6000  rs=    1.0667
     projs nearly linearly dependent: l=2  n1,n2= 1, 2  s=  0.99993509

     atom=  H    l=0  rc=    1.0000  rs=    0.6667
     atom=  H    l=0  rc=    1.0000  rs=    0.6667
     projs nearly linearly dependent: l=0  n1,n2= 1, 2  s=  0.99968852
     -----------------------------------------------------------------

     GIPAW integrals: -------------------------------------------
     Atom  i/j   nmr_para   nmr_dia   epr_rmc  epr_para   epr_dia
       C   1 1   0.83E+03  0.17E-01  0.93E+01  0.24E+08  0.24E+03
       C   2 1   0.86E+03 -0.61E-01  0.94E+01  0.25E+08  0.25E+03
       C   2 2   0.90E+03 -0.15E+00  0.97E+01  0.26E+08  0.26E+03
       C   3 3   0.33E+01  0.34E+00  0.18E+01  0.55E+03  0.21E+02
       C   4 3   0.35E+01  0.37E+00  0.20E+01  0.59E+03  0.22E+02
       C   4 4   0.38E+01  0.39E+00  0.22E+01  0.63E+03  0.24E+02
       Cl  1 1   0.14E+04 -0.47E+00  0.84E+01  0.32E+09  0.42E+03
       Cl  2 1   0.21E+04 -0.37E+00  0.12E+02  0.49E+09  0.65E+03
       Cl  2 2   0.33E+04 -0.16E+00  0.21E+02  0.76E+09  0.10E+04
       Cl  3 3   0.21E+02  0.79E-01  0.89E+01  0.23E+05  0.13E+03
       Cl  4 3   0.24E+02  0.67E-01  0.99E+01  0.27E+05  0.15E+03
       Cl  4 4   0.28E+02  0.44E-01  0.11E+02  0.32E+05  0.18E+03
       Cl  5 5   0.77E+00  0.19E+00  0.18E+01  0.12E+03  0.22E+02
       Cl  6 5   0.80E+00  0.19E+00  0.19E+01  0.12E+03  0.23E+02
       Cl  6 6   0.83E+00  0.20E+00  0.19E+01  0.12E+03  0.23E+02
       H   1 1   0.39E+02  0.19E+00  0.29E+00  0.78E+05  0.13E+02
       H   2 1   0.41E+02  0.21E+00  0.32E+00  0.82E+05  0.14E+02
       H   2 2   0.43E+02  0.22E+00  0.36E+00  0.86E+05  0.15E+02
     ------------------------------------------------------------

     alpha_pv=     34.2124 eV

     Number of occupied bands for each k-point:
     k-point:     1    nbnd_occ=  42
     k-point:     2    nbnd_occ=  42
     k-point:     3    nbnd_occ=  42
     k-point:     4    nbnd_occ=  42
     k-point:     5    nbnd_occ=  42
     k-point:     6    nbnd_occ=  42
     k-point:     7    nbnd_occ=  42
     k-point:     8    nbnd_occ=  42
     k-point:     9    nbnd_occ=  42
     k-point:    10    nbnd_occ=  42
     k-point:    11    nbnd_occ=  42
     k-point:    12    nbnd_occ=  42
     k-point:    13    nbnd_occ=  42
     k-point:    14    nbnd_occ=  42
     k-point:    15    nbnd_occ=  42
     k-point:    16    nbnd_occ=  42


     q-space interpolation up to   110.00 Rydberg

     GIPAW job: efg                                                                             


     ELECTRIC FIELD GRADIENTS TENSORS IN Hartree/bohrradius^2:

     ----- bare term -----
     Cl   1       -0.029462        0.068457        0.024261
     Cl   1        0.068457        0.012345        0.056329
     Cl   1        0.024261        0.056329        0.017117

     C    2       -0.281474        0.257450       -0.406438
     C    2        0.257450        0.117815       -0.096218
     C    2       -0.406438       -0.096218        0.163659

     C    3        0.104714        0.553409       -0.055717
     C    3        0.553409       -0.258043       -0.579301
     C    3       -0.055717       -0.579301        0.153329

     H    4       -0.253998       -0.076166       -0.556673
     H    4       -0.076166        0.085700       -0.052441
     H    4       -0.556673       -0.052441        0.168298

     C    5       -0.813829        0.414797       -0.435876
     C    5        0.414797        0.450145       -0.063777
     C    5       -0.435876       -0.063777        0.363683

     H    6        0.232978        0.099152       -0.281568
     H    6        0.099152       -0.463565       -0.423450
     H    6       -0.281568       -0.423450        0.230587

     H    7        0.403276       -0.077558        0.088922
     H    7       -0.077558       -0.380469        0.617270
     H    7        0.088922        0.617270       -0.022807

     C    8       -0.144873        0.211472       -0.432740
     C    8        0.211472       -0.037583        0.454903
     C    8       -0.432740        0.454903        0.182456

     H    9       -0.409842        0.354578       -0.369492
     H    9        0.354578        0.181325        0.090525
     H    9       -0.369492        0.090525        0.228517

     C   10       -0.360096       -0.337319       -0.062414
     C   10       -0.337319       -0.038141        0.379913
     C   10       -0.062414        0.379913        0.398237

     C   11       -0.038735        0.371119       -0.394310
     C   11        0.371119       -0.035721        0.721504
     C   11       -0.394310        0.721504        0.074456

     Cl  12       -0.349537       -0.300810        0.039543
     Cl  12       -0.300810        0.156062        0.099625
     Cl  12        0.039543        0.099625        0.193475

     H   13        0.356972       -0.325437        0.066447
     H   13       -0.325437       -0.685635        0.084825
     H   13        0.066447        0.084825        0.328664

     C   14        0.017657        0.115882        0.006165
     C   14        0.115882       -0.214630       -0.192248
     C   14        0.006165       -0.192248        0.196973

     H   15       -0.493937       -0.534942       -0.254800
     H   15       -0.534942        0.141697       -0.131766
     H   15       -0.254800       -0.131766        0.352240

     C   16       -0.356810        0.226125       -0.297355
     C   16        0.226125        0.132511       -0.098093
     C   16       -0.297355       -0.098093        0.224299

     C   17        0.064253        0.411271       -0.020746
     C   17        0.411271       -0.173025       -0.510282
     C   17       -0.020746       -0.510282        0.108772

     Cl  18       -0.118913        0.036830        0.020964
     Cl  18        0.036830       -0.082907        0.064175
     Cl  18        0.020964        0.064175        0.201819

     H   19        0.374596        0.065925       -0.058574
     H   19        0.065925       -0.544699        0.585741
     H   19       -0.058574        0.585741        0.170103

     C   20       -0.451234       -0.318682       -0.282623
     C   20       -0.318682        0.057002        0.125170
     C   20       -0.282623        0.125170        0.394232

     H   21       -0.624447        0.274756        0.180900
     H   21        0.274756        0.395453        0.058275
     H   21        0.180900        0.058275        0.228994

     C   22        0.097604        0.183012       -0.457936
     C   22        0.183012       -0.338817        0.501327
     C   22       -0.457936        0.501327        0.241214

     C   23       -0.573975       -0.307405       -0.378635
     C   23       -0.307405        0.095963        0.117715
     C   23       -0.378635        0.117715        0.478013

     Cl  24       -0.052673        0.037558        0.012185
     Cl  24        0.037558       -0.042621       -0.019616
     Cl  24        0.012185       -0.019616        0.095294

     ----- ionic term -----
     Cl   1        0.202255       -0.234214        0.073645
     Cl   1       -0.234214       -0.030399       -0.027751
     Cl   1        0.073645       -0.027751       -0.171856

     C    2        0.308788       -0.174480        0.344038
     C    2       -0.174480        0.115903        0.266952
     C    2        0.344038        0.266952       -0.424691

     C    3        0.202725       -0.294625        0.241583
     C    3       -0.294625        0.251995        0.257943
     C    3        0.241583        0.257943       -0.454720

     H    4        0.659938        0.272347        0.654781
     H    4        0.272347       -0.373754        0.215280
     H    4        0.654781        0.215280       -0.286183

     C    5        0.294585       -0.273403        0.290413
     C    5       -0.273403        0.175181        0.186795
     C    5        0.290413        0.186795       -0.469766

     H    6       -0.488776       -0.027148        0.027476
     H    6       -0.027148        0.919035        0.458167
     H    6        0.027476        0.458167       -0.430259

     H    7       -0.516688       -0.080268        0.064799
     H    7       -0.080268        0.529785       -0.770370
     H    7        0.064799       -0.770370       -0.013097

     C    8        0.321639        0.185876        0.200707
     C    8        0.185876        0.023669       -0.348990
     C    8        0.200707       -0.348990       -0.345308

     H    9        0.769210       -0.244468        0.610106
     H    9       -0.244468       -0.476510       -0.207423
     H    9        0.610106       -0.207423       -0.292700

     C   10        0.186162        0.258509        0.130928
     C   10        0.258509        0.134665       -0.459645
     C   10        0.130928       -0.459645       -0.320827

     C   11        0.282421        0.090166        0.232222
     C   11        0.090166        0.060974       -0.457519
     C   11        0.232222       -0.457519       -0.343395

     Cl  12        0.155194        0.202636        0.007766
     Cl  12        0.202636       -0.003853       -0.008455
     Cl  12        0.007766       -0.008455       -0.151341

     H   13       -0.510225        0.062553        0.023056
     H   13        0.062553        0.780089        0.592038
     H   13        0.023056        0.592038       -0.269864

     C   14        0.278538       -0.153344        0.301273
     C   14       -0.153344        0.118961        0.232953
     C   14        0.301273        0.232953       -0.397498

     H   15        0.611982        0.223005        0.683255
     H   15        0.223005       -0.461894        0.190307
     H   15        0.683255        0.190307       -0.150088

     C   16        0.149745       -0.187098        0.258115
     C   16       -0.187098        0.237441        0.279368
     C   16        0.258115        0.279368       -0.387186

     C   17        0.147673       -0.127975        0.302530
     C   17       -0.127975        0.257697        0.302817
     C   17        0.302530        0.302817       -0.405371

     Cl  18        0.092547       -0.188465        0.026808
     Cl  18       -0.188465        0.073750       -0.020210
     Cl  18        0.026808       -0.020210       -0.166296

     H   19       -0.500680        0.074469       -0.036034
     H   19        0.074469        0.735475       -0.678335
     H   19       -0.036034       -0.678335       -0.234795

     C   20        0.420044        0.178903        0.148516
     C   20        0.178903        0.031233       -0.331526
     C   20        0.148516       -0.331526       -0.451276

     H   21        0.776005       -0.487121        0.383052
     H   21       -0.487121       -0.339427       -0.201121
     H   21        0.383052       -0.201121       -0.436578

     C   22        0.296332        0.173233        0.079782
     C   22        0.173233        0.129815       -0.360279
     C   22        0.079782       -0.360279       -0.426147

     C   23        0.269241        0.129180        0.207251
     C   23        0.129180        0.087742       -0.383646
     C   23        0.207251       -0.383646       -0.356983

     Cl  24        0.141071        0.211556       -0.036400
     Cl  24        0.211556        0.004985       -0.021957
     Cl  24       -0.036400       -0.021957       -0.146055

     ----- GIPAW term -----
     Cl   1       -0.348840       -0.410613       -1.227235
     Cl   1       -0.410613       -0.506827       -1.578717
     Cl   1       -1.227235       -1.578717        0.855667

     C    2       -0.011853        0.080791       -0.068383
     C    2        0.080791        0.090828       -0.046114
     C    2       -0.068383       -0.046114       -0.078975

     C    3        0.022183        0.240016       -0.013899
     C    3        0.240016        0.091259       -0.095760
     C    3       -0.013899       -0.095760       -0.113442

     H    4       -0.000000        0.000000        0.000000
     H    4        0.000000        0.000000        0.000000
     H    4        0.000000        0.000000        0.000000

     C    5       -0.181552        0.176771       -0.007620
     C    5        0.176771        0.229079        0.118306
     C    5       -0.007620        0.118306       -0.047526

     H    6       -0.000000        0.000000        0.000000
     H    6        0.000000        0.000000        0.000000
     H    6        0.000000        0.000000        0.000000

     H    7       -0.000000        0.000000        0.000000
     H    7        0.000000        0.000000        0.000000
     H    7        0.000000        0.000000        0.000000

     C    8       -0.023052        0.189566       -0.109624
     C    8        0.189566        0.096468        0.017403
     C    8       -0.109624        0.017403       -0.073416

     H    9       -0.000000        0.000000        0.000000
     H    9        0.000000        0.000000        0.000000
     H    9        0.000000        0.000000        0.000000

     C   10       -0.049729        0.117958        0.046755
     C   10        0.117958        0.105011        0.089439
     C   10        0.046755        0.089439       -0.055282

     C   11       -0.001581        0.225001        0.003733
     C   11        0.225001        0.098858        0.174340
     C   11        0.003733        0.174340       -0.097278

     Cl  12       -0.950939        1.557506        0.297566
     Cl  12        1.557506        2.279439        1.133769
     Cl  12        0.297566        1.133769       -1.328500

     H   13       -0.000000        0.000000        0.000000
     H   13        0.000000        0.000000        0.000000
     H   13        0.000000        0.000000        0.000000

     C   14        0.003413        0.071538       -0.006161
     C   14        0.071538        0.042207       -0.063755
     C   14       -0.006161       -0.063755       -0.045620

     H   15       -0.000000        0.000000        0.000000
     H   15        0.000000        0.000000        0.000000
     H   15        0.000000        0.000000        0.000000

     C   16       -0.013539        0.149255       -0.065086
     C   16        0.149255        0.096833       -0.005777
     C   16       -0.065086       -0.005777       -0.083294

     C   17        0.056752        0.159036        0.063003
     C   17        0.159036        0.117203        0.025128
     C   17        0.063003        0.025128       -0.173955

     Cl  18        0.389174       -1.955714        0.276368
     Cl  18       -1.955714       -0.622285        0.533129
     Cl  18        0.276368        0.533129        0.233110

     H   19       -0.000000        0.000000        0.000000
     H   19        0.000000        0.000000        0.000000
     H   19        0.000000        0.000000        0.000000

     C   20        0.035763        0.161024       -0.070091
     C   20        0.161024        0.057401       -0.059743
     C   20       -0.070091       -0.059743       -0.093164

     H   21       -0.000000        0.000000        0.000000
     H   21        0.000000        0.000000        0.000000
     H   21        0.000000        0.000000        0.000000

     C   22        0.110558        0.152899       -0.234301
     C   22        0.152899       -0.108292       -0.003897
     C   22       -0.234301       -0.003897       -0.002266

     C   23       -0.059506        0.156815       -0.146554
     C   23        0.156815        0.067694       -0.127565
     C   23       -0.146554       -0.127565       -0.008188

     Cl  24        0.017020        2.262732       -1.072173
     Cl  24        2.262732       -0.767535       -1.264000
     Cl  24       -1.072173       -1.264000        0.750514

     ----- total EFG -----
     Cl   1       -0.176047       -0.576369       -1.129328
     Cl   1       -0.576369       -0.524880       -1.550139
     Cl   1       -1.129328       -1.550139        0.700928

     C    2        0.015461        0.163760       -0.130783
     C    2        0.163760        0.324546        0.124621
     C    2       -0.130783        0.124621       -0.340007

     C    3        0.329622        0.498800        0.171966
     C    3        0.498800        0.085210       -0.417119
     C    3        0.171966       -0.417119       -0.414833

     H    4        0.405940        0.196180        0.098107
     H    4        0.196180       -0.288055        0.162839
     H    4        0.098107        0.162839       -0.117885

     C    5       -0.700796        0.318166       -0.153083
     C    5        0.318166        0.854405        0.241325
     C    5       -0.153083        0.241325       -0.153609

     H    6       -0.255798        0.072004       -0.254093
     H    6        0.072004        0.455470        0.034717
     H    6       -0.254093        0.034717       -0.199672

     H    7       -0.113411       -0.157826        0.153722
     H    7       -0.157826        0.149316       -0.153100
     H    7        0.153722       -0.153100       -0.035904

     C    8        0.153714        0.586914       -0.341656
     C    8        0.586914        0.082554        0.123317
     C    8       -0.341656        0.123317       -0.236267

     H    9        0.359368        0.110110        0.240614
     H    9        0.110110       -0.295185       -0.116898
     H    9        0.240614       -0.116898       -0.064183

     C   10       -0.223664        0.039148        0.115269
     C   10        0.039148        0.201535        0.009708
     C   10        0.115269        0.009708        0.022129

     C   11        0.242105        0.686286       -0.158355
     C   11        0.686286        0.124111        0.438325
     C   11       -0.158355        0.438325       -0.366216

     Cl  12       -1.145282        1.459332        0.344875
     Cl  12        1.459332        2.431647        1.224939
     Cl  12        0.344875        1.224939       -1.286365

     H   13       -0.153253       -0.262883        0.089503
     H   13       -0.262883        0.094454        0.676863
     H   13        0.089503        0.676863        0.058799

     C   14        0.299608        0.034075        0.301277
     C   14        0.034075       -0.053462       -0.023050
     C   14        0.301277       -0.023050       -0.246146

     H   15        0.118045       -0.311937        0.428454
     H   15       -0.311937       -0.320197        0.058541
     H   15        0.428454        0.058541        0.202152

     C   16       -0.220604        0.188282       -0.104326
     C   16        0.188282        0.466786        0.175498
     C   16       -0.104326        0.175498       -0.246181

     C   17        0.268679        0.442332        0.344787
     C   17        0.442332        0.201875       -0.182337
     C   17        0.344787       -0.182337       -0.470554

     Cl  18        0.362808       -2.107349        0.324140
     Cl  18       -2.107349       -0.631442        0.577094
     Cl  18        0.324140        0.577094        0.268633

     H   19       -0.126084        0.140394       -0.094608
     H   19        0.140394        0.190776       -0.092594
     H   19       -0.094608       -0.092594       -0.064693

     C   20        0.004572        0.021246       -0.204198
     C   20        0.021246        0.145636       -0.266098
     C   20       -0.204198       -0.266098       -0.150209

     H   21        0.151557       -0.212366        0.563952
     H   21       -0.212366        0.056027       -0.142846
     H   21        0.563952       -0.142846       -0.207584

     C   22        0.504493        0.509144       -0.612455
     C   22        0.509144       -0.317293        0.137151
     C   22       -0.612455        0.137151       -0.187200

     C   23       -0.364240       -0.021410       -0.317938
     C   23       -0.021410        0.251399       -0.393496
     C   23       -0.317938       -0.393496        0.112842

     Cl  24        0.105418        2.511846       -1.096388
     Cl  24        2.511846       -0.805171       -1.305573
     Cl  24       -1.096388       -1.305573        0.699753

     ----- total EFG (symmetrized) -----
     Cl   1       -0.176047       -0.576369       -1.129328
     Cl   1       -0.576369       -0.524880       -1.550139
     Cl   1       -1.129328       -1.550139        0.700928

     C    2        0.015461        0.163760       -0.130783
     C    2        0.163760        0.324546        0.124621
     C    2       -0.130783        0.124621       -0.340007

     C    3        0.329622        0.498800        0.171966
     C    3        0.498800        0.085210       -0.417119
     C    3        0.171966       -0.417119       -0.414833

     H    4        0.405940        0.196180        0.098107
     H    4        0.196180       -0.288055        0.162839
     H    4        0.098107        0.162839       -0.117885

     C    5       -0.700796        0.318166       -0.153083
     C    5        0.318166        0.854405        0.241325
     C    5       -0.153083        0.241325       -0.153609

     H    6       -0.255798        0.072004       -0.254093
     H    6        0.072004        0.455470        0.034717
     H    6       -0.254093        0.034717       -0.199672

     H    7       -0.113411       -0.157826        0.153722
     H    7       -0.157826        0.149316       -0.153100
     H    7        0.153722       -0.153100       -0.035904

     C    8        0.153714        0.586914       -0.341656
     C    8        0.586914        0.082554        0.123317
     C    8       -0.341656        0.123317       -0.236267

     H    9        0.359368        0.110110        0.240614
     H    9        0.110110       -0.295185       -0.116898
     H    9        0.240614       -0.116898       -0.064183

     C   10       -0.223664        0.039148        0.115269
     C   10        0.039148        0.201535        0.009708
     C   10        0.115269        0.009708        0.022129

     C   11        0.242105        0.686286       -0.158355
     C   11        0.686286        0.124111        0.438325
     C   11       -0.158355        0.438325       -0.366216

     Cl  12       -1.145282        1.459332        0.344875
     Cl  12        1.459332        2.431647        1.224939
     Cl  12        0.344875        1.224939       -1.286365

     H   13       -0.153253       -0.262883        0.089503
     H   13       -0.262883        0.094454        0.676863
     H   13        0.089503        0.676863        0.058799

     C   14        0.299608        0.034075        0.301277
     C   14        0.034075       -0.053462       -0.023050
     C   14        0.301277       -0.023050       -0.246146

     H   15        0.118045       -0.311937        0.428454
     H   15       -0.311937       -0.320197        0.058541
     H   15        0.428454        0.058541        0.202152

     C   16       -0.220604        0.188282       -0.104326
     C   16        0.188282        0.466786        0.175498
     C   16       -0.104326        0.175498       -0.246181

     C   17        0.268679        0.442332        0.344787
     C   17        0.442332        0.201875       -0.182337
     C   17        0.344787       -0.182337       -0.470554

     Cl  18        0.362808       -2.107349        0.324140
     Cl  18       -2.107349       -0.631442        0.577094
     Cl  18        0.324140        0.577094        0.268633

     H   19       -0.126084        0.140394       -0.094608
     H   19        0.140394        0.190776       -0.092594
     H   19       -0.094608       -0.092594       -0.064693

     C   20        0.004572        0.021246       -0.204198
     C   20        0.021246        0.145636       -0.266098
     C   20       -0.204198       -0.266098       -0.150209

     H   21        0.151557       -0.212366        0.563952
     H   21       -0.212366        0.056027       -0.142846
     H   21        0.563952       -0.142846       -0.207584

     C   22        0.504493        0.509144       -0.612455
     C   22        0.509144       -0.317293        0.137151
     C   22       -0.612455        0.137151       -0.187200

     C   23       -0.364240       -0.021410       -0.317938
     C   23       -0.021410        0.251399       -0.393496
     C   23       -0.317938       -0.393496        0.112842

     Cl  24        0.105418        2.511846       -1.096388
     Cl  24        2.511846       -0.805171       -1.305573
     Cl  24       -1.096388       -1.305573        0.699753


     NQR/NMR SPECTROSCOPIC PARAMETERS:
     Cl   1    Vxx=    0.2516    axis=(  0.807573 -0.589748 -0.004845)
     Cl   1    Vyy=    1.9627    axis=(  0.320866  0.446243 -0.835411)
     Cl   1    Vzz=   -2.2143    axis=(  0.494845  0.673101  0.549604)
     Cl   1  Q=        -8.1650 1e-30 m^2  Cq=        42.4810 MHz  eta= 0.77272

     C    2    Vxx=    0.0219    axis=( -0.861255  0.295936  0.413112)
     C    2    Vyy=    0.4010    axis=( -0.362745 -0.927342 -0.091941)
     C    2    Vzz=   -0.4229    axis=(  0.355887 -0.229039  0.906027)
     C    2  Q=         1.0000 1e-30 m^2  Cq=        -0.9936 MHz  eta= 0.89631

     C    3    Vxx=    0.0674    axis=( -0.559760  0.517448 -0.647237)
     C    3    Vyy=    0.7364    axis=( -0.747447 -0.652499  0.124771)
     C    3    Vzz=   -0.8037    axis=( -0.357759  0.553617  0.752008)
     C    3  Q=         1.0000 1e-30 m^2  Cq=        -1.8884 MHz  eta= 0.83236

     H    4    Vxx=   -0.0836    axis=( -0.325249  0.378252  0.866682)
     H    4    Vyy=   -0.4056    axis=( -0.159345  0.881486 -0.444512)
     H    4    Vzz=    0.4893    axis=(  0.932106  0.282679  0.226430)
     H    4  Q=         1.0000 1e-30 m^2  Cq=         1.1496 MHz  eta= 0.65813

     C    5    Vxx=   -0.1331    axis=( -0.323083 -0.125149  0.938059)
     C    5    Vyy=   -0.8234    axis=( -0.931248  0.218535 -0.291581)
     C    5    Vzz=    0.9565    axis=(  0.168507  0.967771  0.187150)
     C    5  Q=         1.0000 1e-30 m^2  Cq=         2.2473 MHz  eta= 0.72173

     H    6    Vxx=    0.0268    axis=( -0.660661  0.050310  0.748997)
     H    6    Vyy=    0.4628    axis=( -0.094049 -0.995437 -0.016093)
     H    6    Vzz=   -0.4896    axis=(  0.744770 -0.081074  0.662378)
     H    6  Q=         1.0000 1e-30 m^2  Cq=        -1.1504 MHz  eta= 0.89059

     H    7    Vxx=   -0.1007    axis=(  0.348110  0.639531  0.685434)
     H    7    Vyy=   -0.2371    axis=(  0.832139  0.125902 -0.540087)
     H    7    Vzz=    0.3377    axis=(  0.431700 -0.758386  0.488350)
     H    7  Q=         1.0000 1e-30 m^2  Cq=         0.7936 MHz  eta= 0.40380

     C    8    Vxx=   -0.0327    axis=( -0.273667  0.547331  0.790907)
     C    8    Vyy=   -0.7039    axis=(  0.603858 -0.542267  0.584210)
     C    8    Vzz=    0.7366    axis=( -0.748640 -0.637475  0.182110)
     C    8  Q=         1.0000 1e-30 m^2  Cq=         1.7307 MHz  eta= 0.91119

     H    9    Vxx=   -0.0719    axis=(  0.293755  0.553068 -0.779631)
     H    9    Vyy=   -0.3999    axis=(  0.274235 -0.830091 -0.485536)
     H    9    Vzz=    0.4719    axis=( -0.915698 -0.071173 -0.395513)
     H    9  Q=         1.0000 1e-30 m^2  Cq=         1.1087 MHz  eta= 0.69518

     C   10    Vxx=    0.0638    axis=(  0.347794 -0.163954  0.923124)
     C   10    Vyy=    0.2077    axis=( -0.123561 -0.984019 -0.128217)
     C   10    Vzz=   -0.2715    axis=(  0.929393 -0.069469 -0.362494)
     C   10  Q=         1.0000 1e-30 m^2  Cq=        -0.6380 MHz  eta= 0.52986

     C   11    Vxx=   -0.0209    axis=(  0.553381 -0.382797 -0.739754)
     C   11    Vyy=   -0.8794    axis=( -0.459711  0.600247 -0.654499)
     C   11    Vzz=    0.9004    axis=( -0.694575 -0.702260 -0.156190)
     C   11  Q=         1.0000 1e-30 m^2  Cq=         2.1155 MHz  eta= 0.95349

     Cl  12    Vxx=   -1.5672    axis=(  0.678313 -0.022570 -0.734426)
     Cl  12    Vyy=   -1.7356    axis=(  0.661893 -0.415234  0.624083)
     Cl  12    Vzz=    3.3029    axis=( -0.319044 -0.909435 -0.266719)
     Cl  12  Q=        -8.1650 1e-30 m^2  Cq=       -63.3636 MHz  eta= 0.05098

     H   13    Vxx=   -0.0595    axis=( -0.900456  0.187633 -0.392393)
     H   13    Vyy=   -0.7122    axis=( -0.411288 -0.660810  0.627832)
     H   13    Vzz=    0.7717    axis=( -0.141495  0.726722  0.672201)
     H   13  Q=         1.0000 1e-30 m^2  Cq=         1.8132 MHz  eta= 0.84587

     C   14    Vxx=   -0.0507    axis=(  0.001785  0.993429 -0.114436)
     C   14    Vyy=   -0.3834    axis=( -0.405710  0.105314  0.907914)
     C   14    Vzz=    0.4342    axis=(  0.914000  0.044807  0.403232)
     C   14  Q=         1.0000 1e-30 m^2  Cq=         1.0202 MHz  eta= 0.76625

     H   15    Vxx=   -0.0427    axis=( -0.446812  0.635147  0.630037)
     H   15    Vyy=   -0.5800    axis=(  0.556007  0.748867 -0.360629)
     H   15    Vzz=    0.6227    axis=( -0.700867  0.189172 -0.687750)
     H   15  Q=         1.0000 1e-30 m^2  Cq=         1.4630 MHz  eta= 0.86290

     C   16    Vxx=   -0.1290    axis=(  0.726204 -0.027149 -0.686943)
     C   16    Vyy=   -0.4133    axis=(  0.654150 -0.280063  0.702604)
     C   16    Vzz=    0.5422    axis=( -0.211462 -0.959598 -0.185623)
     C   16  Q=         1.0000 1e-30 m^2  Cq=         1.2740 MHz  eta= 0.52434

     C   17    Vxx=    0.0429    axis=( -0.474867  0.678905 -0.559990)
     C   17    Vyy=    0.6952    axis=( -0.761278 -0.636133 -0.125659)
     C   17    Vzz=   -0.7381    axis=( -0.441538  0.366637  0.818915)
     C   17  Q=         1.0000 1e-30 m^2  Cq=        -1.7342 MHz  eta= 0.88381

     Cl  18    Vxx=    0.4191    axis=(  0.193912  0.144079  0.970381)
     Cl  18    Vyy=    2.0374    axis=( -0.776727  0.626764  0.062154)
     Cl  18    Vzz=   -2.4564    axis=( -0.599244 -0.765773  0.233447)
     Cl  18  Q=        -8.1650 1e-30 m^2  Cq=        47.1256 MHz  eta= 0.65878

     H   19    Vxx=   -0.0787    axis=(  0.320067 -0.452741 -0.832216)
     H   19    Vyy=   -0.2073    axis=( -0.871564  0.203646 -0.445987)
     H   19    Vzz=    0.2860    axis=(  0.371394  0.868075 -0.329412)
     H   19  Q=         1.0000 1e-30 m^2  Cq=         0.6719 MHz  eta= 0.44975

     C   20    Vxx=    0.0308    axis=(  0.832973 -0.529099 -0.161898)
     C   20    Vyy=    0.3509    axis=( -0.369605 -0.749805  0.548802)
     C   20    Vzz=   -0.3816    axis=( -0.411763 -0.397299 -0.820125)
     C   20  Q=         1.0000 1e-30 m^2  Cq=        -0.8967 MHz  eta= 0.83877

     H   21    Vxx=   -0.0503    axis=(  0.300722  0.923034  0.239948)
     H   21    Vyy=   -0.6200    axis=( -0.592900 -0.016129  0.805115)
     H   21    Vzz=    0.6703    axis=(  0.747018 -0.384381  0.542416)
     H   21  Q=         1.0000 1e-30 m^2  Cq=         1.5750 MHz  eta= 0.84994

     C   22    Vxx=   -0.1230    axis=(  0.088866  0.719288  0.689005)
     C   22    Vyy=   -0.8533    axis=(  0.503130 -0.629420  0.592192)
     C   22    Vzz=    0.9763    axis=( -0.859630 -0.294034  0.417829)
     C   22  Q=         1.0000 1e-30 m^2  Cq=         2.2940 MHz  eta= 0.74801

     C   23    Vxx=   -0.0425    axis=( -0.554395  0.652072  0.517154)
     C   23    Vyy=   -0.5782    axis=( -0.807168 -0.269862 -0.525029)
     C   23    Vzz=    0.6207    axis=( -0.202796 -0.708503  0.675941)
     C   23  Q=         1.0000 1e-30 m^2  Cq=         1.4584 MHz  eta= 0.86313

     Cl  24    Vxx=   -0.3629    axis=(  0.481086  0.273825  0.832812)
     Cl  24    Vyy=   -2.9317    axis=( -0.613395  0.783844  0.096613)
     Cl  24    Vzz=    3.2946    axis=( -0.626340 -0.557322  0.545059)
     Cl  24  Q=        -8.1650 1e-30 m^2  Cq=       -63.2049 MHz  eta= 0.77973

     Initialization:
     gipaw_setup  :      8.96s CPU     11.02s WALL (       1 calls)

     Linear response

     Apply operators

     Induced current

     Other routines
     efg          :      9.40s CPU     11.62s WALL (       1 calls)

     General routines
     calbec       :      3.28s CPU      4.20s WALL (      16 calls)
     fft          :      1.61s CPU      2.49s WALL (      15 calls)
     ffts         :      0.03s CPU      0.04s WALL (       2 calls)
     fftw         :      3.36s CPU      3.88s WALL (     672 calls)
     davcio       :      0.02s CPU      0.32s WALL (      32 calls)

     Parallel routines
     fft_scatter  :      2.20s CPU      3.55s WALL (     689 calls)

     Plugins

     GIPAW        :     60.57s CPU     72.42s WALL (       1 calls)
