
     Program QE v.6.0 (svn rev. 13079) starts on 10Jan2017 at 17:21: 8 

     This program is part of the open-source Quantum ESPRESSO suite
     for quantum simulation of materials; please cite
         "P. Giannozzi et al., J. Phys.:Condens. Matter 21 395502 (2009);
          URL http://www.quantum-espresso.org", 
     in publications or presentations arising from this work. More details at
     http://www.quantum-espresso.org/quote

     Parallel version (MPI), running on     8 processors
     R & G space division:  proc/nbgrp/npool/nimage =       8

     ***** This is GIPAW svn revision unknown      *****

     Parallelizing q-star over 1 images

     Reading data from directory:
     /users/majewski/paradichlorobenzene/pbe/9_constraint/scratch/pbe.ecut100.np8.dt60.pcl2phi-129368.save
     Message from routine read_xml_file:
     file /users/majewski/paradichlorobenzene/pbe/9_constraint/scratch/pbe.ecut100.np8.dt60.pcl2phi-129368.save not guaranteed to be safe for post-processing

   Info: using nr1, nr2, nr3 values from input

   Info: using nr1, nr2, nr3 values from input

     IMPORTANT: XC functional enforced from input :
     Exchange-correlation      =  SLA  PW   PBX  PBC ( 1  4  3  4 0 0)
     Any further DFT definition will be discarded
     Please, verify this is what you really want

               file C.pbe-n-kjpaw_psl.1.0.0.UPF: wavefunction(s)  2S 2P renormalized
               file Cl.pbe-n-kjpaw_psl.1.0.0.UPF: wavefunction(s)  3S 3P renormalized
               file H.pbe-kjpaw_psl.1.0.0.UPF: wavefunction(s)  1S renormalized

     Parallelization info
     --------------------
     sticks:   dense  smooth     PW     G-vecs:    dense   smooth      PW
     Min        3057    1223    332               144436    36536    5170
     Max        3059    1225    333               144437    36537    5171
     Sum       24467    9791   2657              1155489   292295   41363


     Subspace diagonalization in iterative solution of the eigenvalue problem:
     a serial algorithm will be used

     GIPAW projectors -----------------------------------------------
     atom=  C    l=0  rc=    1.2000  rs=    0.8000
     atom=  C    l=0  rc=    1.2000  rs=    0.8000
     atom=  C    l=1  rc=    1.4000  rs=    0.9333
     atom=  C    l=1  rc=    1.4000  rs=    0.9333
     projs nearly linearly dependent: l=1  n1,n2= 1, 2  s=  0.99951561

     atom=  Cl   l=0  rc=    1.6000  rs=    1.0667
     atom=  Cl   l=0  rc=    1.6000  rs=    1.0667
     atom=  Cl   l=1  rc=    1.6000  rs=    1.0667
     atom=  Cl   l=1  rc=    1.6000  rs=    1.0667
     atom=  Cl   l=2  rc=    1.6000  rs=    1.0667
     atom=  Cl   l=2  rc=    1.6000  rs=    1.0667
     projs nearly linearly dependent: l=2  n1,n2= 1, 2  s=  0.99993509

     atom=  H    l=0  rc=    1.0000  rs=    0.6667
     atom=  H    l=0  rc=    1.0000  rs=    0.6667
     projs nearly linearly dependent: l=0  n1,n2= 1, 2  s=  0.99968852
     -----------------------------------------------------------------

     GIPAW integrals: -------------------------------------------
     Atom  i/j   nmr_para   nmr_dia   epr_rmc  epr_para   epr_dia
       C   1 1   0.83E+03  0.17E-01  0.93E+01  0.24E+08  0.24E+03
       C   2 1   0.86E+03 -0.61E-01  0.94E+01  0.25E+08  0.25E+03
       C   2 2   0.90E+03 -0.15E+00  0.97E+01  0.26E+08  0.26E+03
       C   3 3   0.33E+01  0.34E+00  0.18E+01  0.55E+03  0.21E+02
       C   4 3   0.35E+01  0.37E+00  0.20E+01  0.59E+03  0.22E+02
       C   4 4   0.38E+01  0.39E+00  0.22E+01  0.63E+03  0.24E+02
       Cl  1 1   0.14E+04 -0.47E+00  0.84E+01  0.32E+09  0.42E+03
       Cl  2 1   0.21E+04 -0.37E+00  0.12E+02  0.49E+09  0.65E+03
       Cl  2 2   0.33E+04 -0.16E+00  0.21E+02  0.76E+09  0.10E+04
       Cl  3 3   0.21E+02  0.79E-01  0.89E+01  0.23E+05  0.13E+03
       Cl  4 3   0.24E+02  0.67E-01  0.99E+01  0.27E+05  0.15E+03
       Cl  4 4   0.28E+02  0.44E-01  0.11E+02  0.32E+05  0.18E+03
       Cl  5 5   0.77E+00  0.19E+00  0.18E+01  0.12E+03  0.22E+02
       Cl  6 5   0.80E+00  0.19E+00  0.19E+01  0.12E+03  0.23E+02
       Cl  6 6   0.83E+00  0.20E+00  0.19E+01  0.12E+03  0.23E+02
       H   1 1   0.39E+02  0.19E+00  0.29E+00  0.78E+05  0.13E+02
       H   2 1   0.41E+02  0.21E+00  0.32E+00  0.82E+05  0.14E+02
       H   2 2   0.43E+02  0.22E+00  0.36E+00  0.86E+05  0.15E+02
     ------------------------------------------------------------

     alpha_pv=     34.1243 eV

     Number of occupied bands for each k-point:
     k-point:     1    nbnd_occ=  42
     k-point:     2    nbnd_occ=  42
     k-point:     3    nbnd_occ=  42
     k-point:     4    nbnd_occ=  42
     k-point:     5    nbnd_occ=  42
     k-point:     6    nbnd_occ=  42
     k-point:     7    nbnd_occ=  42
     k-point:     8    nbnd_occ=  42
     k-point:     9    nbnd_occ=  42
     k-point:    10    nbnd_occ=  42
     k-point:    11    nbnd_occ=  42
     k-point:    12    nbnd_occ=  42
     k-point:    13    nbnd_occ=  42
     k-point:    14    nbnd_occ=  42
     k-point:    15    nbnd_occ=  42
     k-point:    16    nbnd_occ=  42


     q-space interpolation up to   110.00 Rydberg

     GIPAW job: efg                                                                             


     ELECTRIC FIELD GRADIENTS TENSORS IN Hartree/bohrradius^2:

     ----- bare term -----
     Cl   1       -0.028040        0.187128        0.071979
     Cl   1        0.187128        0.059400        0.105437
     Cl   1        0.071979        0.105437       -0.031360

     C    2       -0.169345        0.193799       -0.515269
     C    2        0.193799        0.117444       -0.334666
     C    2       -0.515269       -0.334666        0.051901

     C    3        0.144867        0.262414       -0.021129
     C    3        0.262414       -0.150395       -0.393345
     C    3       -0.021129       -0.393345        0.005528

     H    4        0.184431        0.001496       -0.323983
     H    4        0.001496        0.158956        0.278624
     H    4       -0.323983        0.278624       -0.343387

     C    5       -0.576145        0.365850       -0.383843
     C    5        0.365850        0.314025       -0.327726
     C    5       -0.383843       -0.327726        0.262121

     H    6        0.411275       -0.066572        0.277097
     H    6       -0.066572        0.026709       -0.256657
     H    6        0.277097       -0.256657       -0.437984

     H    7        0.389836        0.191655       -0.018246
     H    7        0.191655       -0.655918        0.291404
     H    7       -0.018246        0.291404        0.266082

     C    8       -0.322262       -0.273381       -0.350665
     C    8       -0.273381       -0.118249        0.459864
     C    8       -0.350665        0.459864        0.440510

     H    9       -0.541138        0.382359        0.130890
     H    9        0.382359        0.358313       -0.009989
     H    9        0.130890       -0.009989        0.182825

     C   10       -0.228650       -0.276880       -0.314704
     C   10       -0.276880       -0.212590        0.511849
     C   10       -0.314704        0.511849        0.441240

     C   11       -0.332124        0.043282       -0.336081
     C   11        0.043282       -0.079829        0.536359
     C   11       -0.336081        0.536359        0.411953

     Cl  12       -0.148660       -0.122736        0.117575
     Cl  12       -0.122736       -0.125568       -0.013314
     Cl  12        0.117575       -0.013314        0.274228

     H   13        0.419402       -0.088619       -0.166912
     H   13       -0.088619       -0.172687       -0.534523
     H   13       -0.166912       -0.534523       -0.246715

     C   14       -0.124295        0.438527        0.071328
     C   14        0.438527       -0.390258       -0.426051
     C   14        0.071328       -0.426051        0.514554

     H   15        0.036229        0.090405       -0.506049
     H   15        0.090405        0.161500        0.236421
     H   15       -0.506049        0.236421       -0.197729

     C   16       -0.326095        0.098245       -0.227451
     C   16        0.098245       -0.129853       -0.482253
     C   16       -0.227451       -0.482253        0.455948

     C   17       -0.215957        0.168099       -0.316557
     C   17        0.168099       -0.220769       -0.523145
     C   17       -0.316557       -0.523145        0.436726

     Cl  18       -0.039424        0.053311       -0.007508
     Cl  18        0.053311       -0.024850        0.025002
     Cl  18       -0.007508        0.025002        0.064274

     H   19        0.471099        0.037652       -0.069314
     H   19        0.037652       -0.127464        0.466013
     H   19       -0.069314        0.466013       -0.343635

     C   20       -0.292916       -0.362104       -0.084630
     C   20       -0.362104       -0.218323        0.439092
     C   20       -0.084630        0.439092        0.511240

     H   21       -0.611678        0.258345       -0.261388
     H   21        0.258345        0.349887        0.145306
     H   21       -0.261388        0.145306        0.261791

     C   22       -0.198478       -0.179120       -0.294055
     C   22       -0.179120       -0.178393        0.521577
     C   22       -0.294055        0.521577        0.376871

     C   23       -0.266340       -0.128383       -0.358471
     C   23       -0.128383       -0.067716        0.445005
     C   23       -0.358471        0.445005        0.334056

     Cl  24        0.004919        0.012010       -0.041284
     Cl  24        0.012010        0.002226        0.021979
     Cl  24       -0.041284        0.021979       -0.007145

     ----- ionic term -----
     Cl   1        0.122062       -0.195565       -0.010045
     Cl   1       -0.195565       -0.000635        0.015302
     Cl   1       -0.010045        0.015302       -0.121428

     C    2        0.081354       -0.219376        0.298821
     C    2       -0.219376       -0.026010        0.441340
     C    2        0.298821        0.441340       -0.055344

     C    3       -0.007422       -0.317386        0.260888
     C    3       -0.317386        0.075805        0.360867
     C    3        0.260888        0.360867       -0.068383

     H    4        0.358600        0.037513        0.800756
     H    4        0.037513       -0.532216        0.092438
     H    4        0.800756        0.092438        0.173616

     C    5        0.087580       -0.356201        0.320805
     C    5       -0.356201        0.017298        0.222511
     C    5        0.320805        0.222511       -0.104878

     H    6       -0.549252       -0.055184       -0.002716
     H    6       -0.055184        0.393792        0.786909
     H    6       -0.002716        0.786909        0.155460

     H    7       -0.521348       -0.069379        0.034022
     H    7       -0.069379        0.645332       -0.721424
     H    7        0.034022       -0.721424       -0.123984

     C    8        0.300469        0.150124        0.207933
     C    8        0.150124        0.090300       -0.287522
     C    8        0.207933       -0.287522       -0.390768

     H    9        0.875201       -0.389045        0.396878
     H    9       -0.389045       -0.394976       -0.171799
     H    9        0.396878       -0.171799       -0.480226

     C   10        0.211551        0.183611        0.140937
     C   10        0.183611        0.167201       -0.342319
     C   10        0.140937       -0.342319       -0.378752

     C   11        0.209771        0.182133        0.224662
     C   11        0.182133        0.124979       -0.392136
     C   11        0.224662       -0.392136       -0.334750

     Cl  12        0.118344        0.218479       -0.007472
     Cl  12        0.218479        0.037792       -0.020125
     Cl  12       -0.007472       -0.020125       -0.156136

     H   13       -0.524895        0.007314        0.002354
     H   13        0.007314        0.600293        0.728935
     H   13        0.002354        0.728935       -0.075399

     C   14        0.164244       -0.312434        0.315960
     C   14       -0.312434        0.076950        0.249282
     C   14        0.315960        0.249282       -0.241193

     H   15        0.524793       -0.011018        0.773204
     H   15       -0.011018       -0.499857        0.078402
     H   15        0.773204        0.078402       -0.024936

     C   16        0.078716       -0.363249        0.253407
     C   16       -0.363249        0.172934        0.297057
     C   16        0.253407        0.297057       -0.251651

     C   17       -0.025777       -0.317143        0.341109
     C   17       -0.317143        0.164659        0.301809
     C   17        0.341109        0.301809       -0.138882

     Cl  18        0.042105       -0.217363        0.022382
     Cl  18       -0.217363        0.108163       -0.016906
     Cl  18        0.022382       -0.016906       -0.150268

     H   19       -0.509460        0.006976        0.013073
     H   19        0.006976        0.535374       -0.764291
     H   19        0.013073       -0.764291       -0.025915

     C   20        0.318296        0.253820        0.185737
     C   20        0.253820        0.026148       -0.324433
     C   20        0.185737       -0.324433       -0.344444

     H   21        0.740623       -0.365412        0.543160
     H   21       -0.365412       -0.396563       -0.225858
     H   21        0.543160       -0.225858       -0.344060

     C   22        0.222923        0.249054        0.115728
     C   22        0.249054        0.151218       -0.392618
     C   22        0.115728       -0.392618       -0.374141

     C   23        0.284215        0.142039        0.197119
     C   23        0.142039        0.077598       -0.382405
     C   23        0.197119       -0.382405       -0.361813

     Cl  24        0.155524        0.207891       -0.002822
     Cl  24        0.207891       -0.012607       -0.009514
     Cl  24       -0.002822       -0.009514       -0.142916

     ----- GIPAW term -----
     Cl   1        0.973680       -0.007129        0.847827
     Cl   1       -0.007129        0.932397        1.198367
     Cl   1        0.847827        1.198367       -1.906077

     C    2        0.137034        0.119392       -0.077863
     C    2        0.119392        0.063474       -0.033191
     C    2       -0.077863       -0.033191       -0.200507

     C    3       -0.021102        0.081818       -0.029373
     C    3        0.081818        0.064641       -0.097849
     C    3       -0.029373       -0.097849       -0.043539

     H    4       -0.000000        0.000000        0.000000
     H    4        0.000000        0.000000        0.000000
     H    4        0.000000        0.000000        0.000000

     C    5       -0.144845        0.149625       -0.100970
     C    5        0.149625        0.164198       -0.160607
     C    5       -0.100970       -0.160607       -0.019353

     H    6       -0.000000        0.000000        0.000000
     H    6        0.000000        0.000000        0.000000
     H    6        0.000000        0.000000        0.000000

     H    7       -0.000000        0.000000        0.000000
     H    7        0.000000        0.000000        0.000000
     H    7        0.000000        0.000000        0.000000

     C    8       -0.067470       -0.103717       -0.112991
     C    8       -0.103717       -0.021137        0.189957
     C    8       -0.112991        0.189957        0.088607

     H    9       -0.000000        0.000000        0.000000
     H    9        0.000000        0.000000        0.000000
     H    9        0.000000        0.000000        0.000000

     C   10       -0.067180       -0.068980       -0.133166
     C   10       -0.068980       -0.033632        0.132649
     C   10       -0.133166        0.132649        0.100811

     C   11       -0.050205        0.135744       -0.047352
     C   11        0.135744       -0.057592        0.127568
     C   11       -0.047352        0.127568        0.107797

     Cl  12        0.165359        1.435211        1.194090
     Cl  12        1.435211       -1.235408       -0.150641
     Cl  12        1.194090       -0.150641        1.070049

     H   13       -0.000000        0.000000        0.000000
     H   13        0.000000        0.000000        0.000000
     H   13        0.000000        0.000000        0.000000

     C   14        0.047287        0.060081        0.183547
     C   14        0.060081       -0.192839       -0.092829
     C   14        0.183547       -0.092829        0.145552

     H   15       -0.000000        0.000000        0.000000
     H   15        0.000000        0.000000        0.000000
     H   15        0.000000        0.000000        0.000000

     C   16       -0.184202       -0.029984       -0.006224
     C   16       -0.029984       -0.068614       -0.178230
     C   16       -0.006224       -0.178230        0.252816

     C   17       -0.035560       -0.088021       -0.048586
     C   17       -0.088021       -0.046327       -0.168159
     C   17       -0.048586       -0.168159        0.081887

     Cl  18        0.339246        0.430930       -1.205839
     Cl  18        0.430930        0.778614       -1.608456
     Cl  18       -1.205839       -1.608456       -1.117860

     H   19       -0.000000        0.000000        0.000000
     H   19        0.000000        0.000000        0.000000
     H   19        0.000000        0.000000        0.000000

     C   20       -0.036799       -0.030120        0.087714
     C   20       -0.030120       -0.109661        0.134192
     C   20        0.087714        0.134192        0.146459

     H   21       -0.000000        0.000000        0.000000
     H   21        0.000000        0.000000        0.000000
     H   21        0.000000        0.000000        0.000000

     C   22       -0.049869        0.008077       -0.058723
     C   22        0.008077       -0.011624        0.099142
     C   22       -0.058723        0.099142        0.061492

     C   23        0.023793        0.119117       -0.067526
     C   23        0.119117        0.020135        0.064577
     C   23       -0.067526        0.064577       -0.043928

     Cl  24        1.471230        2.330811       -0.335534
     Cl  24        2.330811        0.087724        0.172226
     Cl  24       -0.335534        0.172226       -1.558954

     ----- total EFG -----
     Cl   1        1.067702       -0.015567        0.909761
     Cl   1       -0.015567        0.991162        1.319106
     Cl   1        0.909761        1.319106       -2.058865

     C    2        0.049043        0.093815       -0.294311
     C    2        0.093815        0.154908        0.073482
     C    2       -0.294311        0.073482       -0.203951

     C    3        0.116343        0.026846        0.210386
     C    3        0.026846       -0.009949       -0.130326
     C    3        0.210386       -0.130326       -0.106394

     H    4        0.543031        0.039009        0.476773
     H    4        0.039009       -0.373260        0.371062
     H    4        0.476773        0.371062       -0.169771

     C    5       -0.633411        0.159274       -0.164008
     C    5        0.159274        0.495521       -0.265821
     C    5       -0.164008       -0.265821        0.137889

     H    6       -0.137977       -0.121756        0.274381
     H    6       -0.121756        0.420501        0.530252
     H    6        0.274381        0.530252       -0.282524

     H    7       -0.131512        0.122275        0.015776
     H    7        0.122275       -0.010586       -0.430020
     H    7        0.015776       -0.430020        0.142098

     C    8       -0.089263       -0.226974       -0.255723
     C    8       -0.226974       -0.049086        0.362299
     C    8       -0.255723        0.362299        0.138350

     H    9        0.334063       -0.006687        0.527769
     H    9       -0.006687       -0.036662       -0.181788
     H    9        0.527769       -0.181788       -0.297401

     C   10       -0.084278       -0.162249       -0.306933
     C   10       -0.162249       -0.079022        0.302179
     C   10       -0.306933        0.302179        0.163300

     C   11       -0.172558        0.361160       -0.158771
     C   11        0.361160       -0.012442        0.271791
     C   11       -0.158771        0.271791        0.185000

     Cl  12        0.135043        1.530954        1.304193
     Cl  12        1.530954       -1.323184       -0.184080
     Cl  12        1.304193       -0.184080        1.188141

     H   13       -0.105492       -0.081305       -0.164559
     H   13       -0.081305        0.427606        0.194412
     H   13       -0.164559        0.194412       -0.322114

     C   14        0.087236        0.186174        0.570835
     C   14        0.186174       -0.506147       -0.269598
     C   14        0.570835       -0.269598        0.418912

     H   15        0.561023        0.079387        0.267155
     H   15        0.079387       -0.338357        0.314824
     H   15        0.267155        0.314824       -0.222666

     C   16       -0.431581       -0.294988        0.019732
     C   16       -0.294988       -0.025532       -0.363425
     C   16        0.019732       -0.363425        0.457113

     C   17       -0.277294       -0.237065       -0.024034
     C   17       -0.237065       -0.102437       -0.389495
     C   17       -0.024034       -0.389495        0.379730

     Cl  18        0.341927        0.266878       -1.190965
     Cl  18        0.266878        0.861928       -1.600360
     Cl  18       -1.190965       -1.600360       -1.203855

     H   19       -0.038360        0.044628       -0.056241
     H   19        0.044628        0.407910       -0.298277
     H   19       -0.056241       -0.298277       -0.369550

     C   20       -0.011419       -0.138404        0.188821
     C   20       -0.138404       -0.301836        0.248851
     C   20        0.188821        0.248851        0.313255

     H   21        0.128945       -0.107067        0.281772
     H   21       -0.107067       -0.046676       -0.080552
     H   21        0.281772       -0.080552       -0.082269

     C   22       -0.025424        0.078011       -0.237050
     C   22        0.078011       -0.038799        0.228100
     C   22       -0.237050        0.228100        0.064222

     C   23        0.041668        0.132773       -0.228879
     C   23        0.132773        0.030017        0.127177
     C   23       -0.228879        0.127177       -0.071685

     Cl  24        1.631673        2.550712       -0.379640
     Cl  24        2.550712        0.077342        0.184691
     Cl  24       -0.379640        0.184691       -1.709015

     ----- total EFG (symmetrized) -----
     Cl   1        1.067702       -0.015567        0.909761
     Cl   1       -0.015567        0.991162        1.319106
     Cl   1        0.909761        1.319106       -2.058865

     C    2        0.049043        0.093815       -0.294311
     C    2        0.093815        0.154908        0.073482
     C    2       -0.294311        0.073482       -0.203951

     C    3        0.116343        0.026846        0.210386
     C    3        0.026846       -0.009949       -0.130326
     C    3        0.210386       -0.130326       -0.106394

     H    4        0.543031        0.039009        0.476773
     H    4        0.039009       -0.373260        0.371062
     H    4        0.476773        0.371062       -0.169771

     C    5       -0.633411        0.159274       -0.164008
     C    5        0.159274        0.495521       -0.265821
     C    5       -0.164008       -0.265821        0.137889

     H    6       -0.137977       -0.121756        0.274381
     H    6       -0.121756        0.420501        0.530252
     H    6        0.274381        0.530252       -0.282524

     H    7       -0.131512        0.122275        0.015776
     H    7        0.122275       -0.010586       -0.430020
     H    7        0.015776       -0.430020        0.142098

     C    8       -0.089263       -0.226974       -0.255723
     C    8       -0.226974       -0.049086        0.362299
     C    8       -0.255723        0.362299        0.138350

     H    9        0.334063       -0.006687        0.527769
     H    9       -0.006687       -0.036662       -0.181788
     H    9        0.527769       -0.181788       -0.297401

     C   10       -0.084278       -0.162249       -0.306933
     C   10       -0.162249       -0.079022        0.302179
     C   10       -0.306933        0.302179        0.163300

     C   11       -0.172558        0.361160       -0.158771
     C   11        0.361160       -0.012442        0.271791
     C   11       -0.158771        0.271791        0.185000

     Cl  12        0.135043        1.530954        1.304193
     Cl  12        1.530954       -1.323184       -0.184080
     Cl  12        1.304193       -0.184080        1.188141

     H   13       -0.105492       -0.081305       -0.164559
     H   13       -0.081305        0.427606        0.194412
     H   13       -0.164559        0.194412       -0.322114

     C   14        0.087236        0.186174        0.570835
     C   14        0.186174       -0.506147       -0.269598
     C   14        0.570835       -0.269598        0.418912

     H   15        0.561023        0.079387        0.267155
     H   15        0.079387       -0.338357        0.314824
     H   15        0.267155        0.314824       -0.222666

     C   16       -0.431581       -0.294988        0.019732
     C   16       -0.294988       -0.025532       -0.363425
     C   16        0.019732       -0.363425        0.457113

     C   17       -0.277294       -0.237065       -0.024034
     C   17       -0.237065       -0.102437       -0.389495
     C   17       -0.024034       -0.389495        0.379730

     Cl  18        0.341927        0.266878       -1.190965
     Cl  18        0.266878        0.861928       -1.600360
     Cl  18       -1.190965       -1.600360       -1.203855

     H   19       -0.038360        0.044628       -0.056241
     H   19        0.044628        0.407910       -0.298277
     H   19       -0.056241       -0.298277       -0.369550

     C   20       -0.011419       -0.138404        0.188821
     C   20       -0.138404       -0.301836        0.248851
     C   20        0.188821        0.248851        0.313255

     H   21        0.128945       -0.107067        0.281772
     H   21       -0.107067       -0.046676       -0.080552
     H   21        0.281772       -0.080552       -0.082269

     C   22       -0.025424        0.078011       -0.237050
     C   22        0.078011       -0.038799        0.228100
     C   22       -0.237050        0.228100        0.064222

     C   23        0.041668        0.132773       -0.228879
     C   23        0.132773        0.030017        0.127177
     C   23       -0.228879        0.127177       -0.071685

     Cl  24        1.631673        2.550712       -0.379640
     Cl  24        2.550712        0.077342        0.184691
     Cl  24       -0.379640        0.184691       -1.709015


     NQR/NMR SPECTROSCOPIC PARAMETERS:
     Cl   1    Vxx=    1.0564    axis=(  0.800098 -0.599529 -0.020205)
     Cl   1    Vyy=    1.6880    axis=(  0.557778  0.731141  0.392832)
     Cl   1    Vzz=   -2.7444    axis=( -0.220741 -0.325574  0.919388)
     Cl   1  Q=        -8.1650 1e-30 m^2  Cq=        52.6502 MHz  eta= 0.23015

     C    2    Vxx=    0.1603    axis=( -0.243436  0.893678  0.376933)
     C    2    Vyy=    0.2597    axis=( -0.799675 -0.404851  0.443414)
     C    2    Vzz=   -0.4201    axis=(  0.548871 -0.193481  0.813207)
     C    2  Q=         1.0000 1e-30 m^2  Cq=        -0.9870 MHz  eta= 0.23659

     C    3    Vxx=    0.0385    axis=(  0.377351  0.890753 -0.253308)
     C    3    Vyy=    0.2516    axis=( -0.814841  0.189391 -0.547873)
     C    3    Vzz=   -0.2900    axis=( -0.440045  0.413146  0.797289)
     C    3  Q=         1.0000 1e-30 m^2  Cq=        -0.6815 MHz  eta= 0.73462

     H    4    Vxx=   -0.0996    axis=(  0.456574 -0.692373 -0.558713)
     H    4    Vyy=   -0.7187    axis=(  0.233665  0.699263 -0.675598)
     H    4    Vzz=    0.8183    axis=(  0.858452  0.177909  0.481049)
     H    4  Q=         1.0000 1e-30 m^2  Cq=         1.9226 MHz  eta= 0.75668

     C    5    Vxx=    0.0032    axis=( -0.097736  0.497131  0.862154)
     C    5    Vyy=    0.6735    axis=(  0.165151  0.862391 -0.478546)
     C    5    Vzz=   -0.6767    axis=( -0.981414  0.095615 -0.166388)
     C    5  Q=         1.0000 1e-30 m^2  Cq=        -1.5901 MHz  eta= 0.99053

     H    6    Vxx=    0.0152    axis=(  0.889011 -0.241699  0.388898)
     H    6    Vyy=    0.7058    axis=( -0.029091 -0.877431 -0.478820)
     H    6    Vzz=   -0.7210    axis=(  0.456962  0.414363 -0.787077)
     H    6  Q=         1.0000 1e-30 m^2  Cq=        -1.6940 MHz  eta= 0.95796

     H    7    Vxx=   -0.0992    axis=(  0.929212  0.206168  0.306693)
     H    7    Vyy=   -0.4103    axis=( -0.354291  0.733000  0.580680)
     H    7    Vzz=    0.5095    axis=( -0.105089 -0.648233  0.754156)
     H    7  Q=         1.0000 1e-30 m^2  Cq=         1.1972 MHz  eta= 0.61071

     C    8    Vxx=   -0.2550    axis=(  0.860463  0.057798  0.506224)
     C    8    Vyy=   -0.3353    axis=( -0.240939 -0.829281  0.504223)
     C    8    Vzz=    0.5903    axis=( -0.448945  0.555835  0.699640)
     C    8  Q=         1.0000 1e-30 m^2  Cq=         1.3869 MHz  eta= 0.13615

     H    9    Vxx=   -0.0100    axis=(  0.248166  0.957089 -0.149646)
     H    9    Vyy=   -0.6371    axis=( -0.460680  0.252493  0.850894)
     H    9    Vzz=    0.6471    axis=(  0.852166 -0.142224  0.503572)
     H    9  Q=         1.0000 1e-30 m^2  Cq=         1.5203 MHz  eta= 0.96918

     C   10    Vxx=   -0.2436    axis=( -0.672555 -0.738888  0.041400)
     C   10    Vyy=   -0.3110    axis=(  0.566530 -0.478064  0.671192)
     C   10    Vzz=    0.5546    axis=( -0.476144  0.474868  0.740126)
     C   10  Q=         1.0000 1e-30 m^2  Cq=         1.3032 MHz  eta= 0.12146

     C   11    Vxx=    0.1836    axis=(  0.679780  0.400222 -0.614591)
     C   11    Vyy=    0.3943    axis=( -0.234483 -0.675402 -0.699177)
     C   11    Vzz=   -0.5779    axis=( -0.694922  0.619398 -0.365280)
     C   11  Q=         1.0000 1e-30 m^2  Cq=        -1.3579 MHz  eta= 0.36455

     Cl  12    Vxx=    0.2655    axis=( -0.524206 -0.577675  0.625700)
     Cl  12    Vyy=    2.2371    axis=(  0.629297  0.232256  0.741649)
     Cl  12    Vzz=   -2.5026    axis=( -0.573754  0.782527  0.241779)
     Cl  12  Q=        -8.1650 1e-30 m^2  Cq=        48.0105 MHz  eta= 0.78786

     H   13    Vxx=   -0.0661    axis=(  0.890083  0.286269 -0.354687)
     H   13    Vyy=   -0.4329    axis=( -0.410219  0.163930 -0.897133)
     H   13    Vzz=    0.4990    axis=( -0.198677  0.944022  0.263345)
     H   13  Q=         1.0000 1e-30 m^2  Cq=         1.1723 MHz  eta= 0.73518

     C   14    Vxx=   -0.1064    axis=( -0.675842 -0.601787  0.425547)
     C   14    Vyy=   -0.7495    axis=( -0.452778  0.794566  0.404545)
     C   14    Vzz=    0.8559    axis=(  0.581575 -0.080730  0.809477)
     C   14  Q=         1.0000 1e-30 m^2  Cq=         2.0111 MHz  eta= 0.75133

     H   15    Vxx=   -0.0620    axis=( -0.367717  0.650946  0.664119)
     H   15    Vyy=   -0.6119    axis=(  0.101962  0.738071 -0.666975)
     H   15    Vzz=    0.6739    axis=(  0.924331  0.177543  0.337773)
     H   15  Q=         1.0000 1e-30 m^2  Cq=         1.5834 MHz  eta= 0.81597

     C   16    Vxx=   -0.0641    axis=( -0.525732  0.688319  0.499823)
     C   16    Vyy=   -0.6116    axis=( -0.837435 -0.521965 -0.162033)
     C   16    Vzz=    0.6758    axis=(  0.149360 -0.503755  0.850836)
     C   16  Q=         1.0000 1e-30 m^2  Cq=         1.5877 MHz  eta= 0.81021

     C   17    Vxx=   -0.0856    axis=( -0.726475  0.544967  0.418623)
     C   17    Vyy=   -0.5218    axis=(  0.677917  0.668097  0.306716)
     C   17    Vzz=    0.6074    axis=(  0.112530 -0.506613  0.854798)
     C   17  Q=         1.0000 1e-30 m^2  Cq=         1.4272 MHz  eta= 0.71812

     Cl  18    Vxx=    0.2628    axis=(  0.829598 -0.554073 -0.069070)
     Cl  18    Vyy=    2.1387    axis=( -0.447633 -0.733913  0.510877)
     Cl  18    Vzz=   -2.4016    axis=( -0.333755 -0.392904 -0.856875)
     Cl  18  Q=        -8.1650 1e-30 m^2  Cq=        46.0726 MHz  eta= 0.78111

     H   19    Vxx=   -0.0414    axis=(  0.990040 -0.131576 -0.050091)
     H   19    Vyy=   -0.4743    axis=( -0.089659 -0.314927 -0.944872)
     H   19    Vzz=    0.5157    axis=(  0.108548  0.939951 -0.323587)
     H   19  Q=         1.0000 1e-30 m^2  Cq=         1.2118 MHz  eta= 0.83928

     C   20    Vxx=    0.0307    axis=(  0.864481 -0.477455 -0.157192)
     C   20    Vyy=    0.4437    axis=( -0.305190 -0.250056 -0.918875)
     C   20    Vzz=   -0.4744    axis=(  0.399415  0.842323 -0.361883)
     C   20  Q=         1.0000 1e-30 m^2  Cq=        -1.1146 MHz  eta= 0.87062

     H   21    Vxx=   -0.0898    axis=( -0.267803 -0.951167 -0.153502)
     H   21    Vyy=   -0.2777    axis=( -0.564737  0.025884  0.824865)
     H   21    Vzz=    0.3675    axis=(  0.780611 -0.307590  0.544091)
     H   21  Q=         1.0000 1e-30 m^2  Cq=         0.8635 MHz  eta= 0.51122

     C   22    Vxx=    0.0456    axis=(  0.694256  0.719157  0.028657)
     C   22    Vyy=    0.3176    axis=(  0.454673 -0.407369 -0.792037)
     C   22    Vzz=   -0.3632    axis=( -0.557925  0.562906 -0.609800)
     C   22  Q=         1.0000 1e-30 m^2  Cq=        -0.8534 MHz  eta= 0.74891

     C   23    Vxx=    0.1143    axis=(  0.099274  0.874070  0.475549)
     C   23    Vyy=    0.2262    axis=( -0.816372 -0.201704  0.541158)
     C   23    Vzz=   -0.3405    axis=( -0.568930  0.441948 -0.693542)
     C   23  Q=         1.0000 1e-30 m^2  Cq=        -0.8000 MHz  eta= 0.32866

     Cl  24    Vxx=   -1.3870    axis=( -0.369300  0.548684  0.750042)
     Cl  24    Vyy=   -2.1413    axis=(  0.465067 -0.589641  0.660331)
     Cl  24    Vzz=    3.5283    axis=( -0.804568 -0.592680  0.037421)
     Cl  24  Q=        -8.1650 1e-30 m^2  Cq=       -67.6886 MHz  eta= 0.21379

     Initialization:
     gipaw_setup  :      9.27s CPU     10.71s WALL (       1 calls)

     Linear response

     Apply operators

     Induced current

     Other routines
     efg          :      9.49s CPU     12.09s WALL (       1 calls)

     General routines
     calbec       :      3.38s CPU      4.57s WALL (      16 calls)
     fft          :      1.50s CPU      2.29s WALL (      15 calls)
     ffts         :      0.06s CPU      0.09s WALL (       2 calls)
     fftw         :      3.32s CPU      3.91s WALL (     672 calls)
     davcio       :      0.00s CPU      0.31s WALL (      32 calls)

     Parallel routines
     fft_scatter  :      2.15s CPU      3.49s WALL (     689 calls)

     Plugins

     GIPAW        :     60.76s CPU     71.15s WALL (       1 calls)
