
     Program QE v.6.0 (svn rev. 13079) starts on  2Jan2017 at 11:40:27 

     This program is part of the open-source Quantum ESPRESSO suite
     for quantum simulation of materials; please cite
         "P. Giannozzi et al., J. Phys.:Condens. Matter 21 395502 (2009);
          URL http://www.quantum-espresso.org", 
     in publications or presentations arising from this work. More details at
     http://www.quantum-espresso.org/quote

     Parallel version (MPI), running on     8 processors
     R & G space division:  proc/nbgrp/npool/nimage =       8

     ***** This is GIPAW svn revision unknown      *****

     Parallelizing q-star over 1 images

     Reading data from directory:
     /users/majewski/paradichlorobenzene/pbe/9_constraint/scratch/pbe.ecut100.np8.dt60.pcl2phi-129368.save
     Message from routine read_xml_file:
     file /users/majewski/paradichlorobenzene/pbe/9_constraint/scratch/pbe.ecut100.np8.dt60.pcl2phi-129368.save not guaranteed to be safe for post-processing

   Info: using nr1, nr2, nr3 values from input

   Info: using nr1, nr2, nr3 values from input

     IMPORTANT: XC functional enforced from input :
     Exchange-correlation      =  SLA  PW   PBX  PBC ( 1  4  3  4 0 0)
     Any further DFT definition will be discarded
     Please, verify this is what you really want

               file C.pbe-n-kjpaw_psl.1.0.0.UPF: wavefunction(s)  2S 2P renormalized
               file Cl.pbe-n-kjpaw_psl.1.0.0.UPF: wavefunction(s)  3S 3P renormalized
               file H.pbe-kjpaw_psl.1.0.0.UPF: wavefunction(s)  1S renormalized

     Parallelization info
     --------------------
     sticks:   dense  smooth     PW     G-vecs:    dense   smooth      PW
     Min        3057    1223    332               144436    36536    5170
     Max        3059    1225    333               144437    36537    5171
     Sum       24467    9791   2657              1155489   292295   41363


     Subspace diagonalization in iterative solution of the eigenvalue problem:
     a serial algorithm will be used

     GIPAW projectors -----------------------------------------------
     atom=  C    l=0  rc=    1.2000  rs=    0.8000
     atom=  C    l=0  rc=    1.2000  rs=    0.8000
     atom=  C    l=1  rc=    1.4000  rs=    0.9333
     atom=  C    l=1  rc=    1.4000  rs=    0.9333
     projs nearly linearly dependent: l=1  n1,n2= 1, 2  s=  0.99951561

     atom=  Cl   l=0  rc=    1.6000  rs=    1.0667
     atom=  Cl   l=0  rc=    1.6000  rs=    1.0667
     atom=  Cl   l=1  rc=    1.6000  rs=    1.0667
     atom=  Cl   l=1  rc=    1.6000  rs=    1.0667
     atom=  Cl   l=2  rc=    1.6000  rs=    1.0667
     atom=  Cl   l=2  rc=    1.6000  rs=    1.0667
     projs nearly linearly dependent: l=2  n1,n2= 1, 2  s=  0.99993509

     atom=  H    l=0  rc=    1.0000  rs=    0.6667
     atom=  H    l=0  rc=    1.0000  rs=    0.6667
     projs nearly linearly dependent: l=0  n1,n2= 1, 2  s=  0.99968852
     -----------------------------------------------------------------

     GIPAW integrals: -------------------------------------------
     Atom  i/j   nmr_para   nmr_dia   epr_rmc  epr_para   epr_dia
       C   1 1   0.83E+03  0.17E-01  0.93E+01  0.24E+08  0.24E+03
       C   2 1   0.86E+03 -0.61E-01  0.94E+01  0.25E+08  0.25E+03
       C   2 2   0.90E+03 -0.15E+00  0.97E+01  0.26E+08  0.26E+03
       C   3 3   0.33E+01  0.34E+00  0.18E+01  0.55E+03  0.21E+02
       C   4 3   0.35E+01  0.37E+00  0.20E+01  0.59E+03  0.22E+02
       C   4 4   0.38E+01  0.39E+00  0.22E+01  0.63E+03  0.24E+02
       Cl  1 1   0.14E+04 -0.47E+00  0.84E+01  0.32E+09  0.42E+03
       Cl  2 1   0.21E+04 -0.37E+00  0.12E+02  0.49E+09  0.65E+03
       Cl  2 2   0.33E+04 -0.16E+00  0.21E+02  0.76E+09  0.10E+04
       Cl  3 3   0.21E+02  0.79E-01  0.89E+01  0.23E+05  0.13E+03
       Cl  4 3   0.24E+02  0.67E-01  0.99E+01  0.27E+05  0.15E+03
       Cl  4 4   0.28E+02  0.44E-01  0.11E+02  0.32E+05  0.18E+03
       Cl  5 5   0.77E+00  0.19E+00  0.18E+01  0.12E+03  0.22E+02
       Cl  6 5   0.80E+00  0.19E+00  0.19E+01  0.12E+03  0.23E+02
       Cl  6 6   0.83E+00  0.20E+00  0.19E+01  0.12E+03  0.23E+02
       H   1 1   0.39E+02  0.19E+00  0.29E+00  0.78E+05  0.13E+02
       H   2 1   0.41E+02  0.21E+00  0.32E+00  0.82E+05  0.14E+02
       H   2 2   0.43E+02  0.22E+00  0.36E+00  0.86E+05  0.15E+02
     ------------------------------------------------------------

     alpha_pv=     34.1544 eV

     Number of occupied bands for each k-point:
     k-point:     1    nbnd_occ=  42
     k-point:     2    nbnd_occ=  42
     k-point:     3    nbnd_occ=  42
     k-point:     4    nbnd_occ=  42
     k-point:     5    nbnd_occ=  42
     k-point:     6    nbnd_occ=  42
     k-point:     7    nbnd_occ=  42
     k-point:     8    nbnd_occ=  42
     k-point:     9    nbnd_occ=  42
     k-point:    10    nbnd_occ=  42
     k-point:    11    nbnd_occ=  42
     k-point:    12    nbnd_occ=  42
     k-point:    13    nbnd_occ=  42
     k-point:    14    nbnd_occ=  42
     k-point:    15    nbnd_occ=  42
     k-point:    16    nbnd_occ=  42


     q-space interpolation up to   110.00 Rydberg

     GIPAW job: efg                                                                             


     ELECTRIC FIELD GRADIENTS TENSORS IN Hartree/bohrradius^2:

     ----- bare term -----
     Cl   1        0.104671       -0.026728       -0.121599
     Cl   1       -0.026728       -0.036535       -0.044552
     Cl   1       -0.121599       -0.044552       -0.068136

     C    2       -0.127962        0.262240       -0.223698
     C    2        0.262240       -0.225795       -0.462053
     C    2       -0.223698       -0.462053        0.353758

     C    3       -0.133420        0.174024       -0.372236
     C    3        0.174024       -0.225549       -0.510671
     C    3       -0.372236       -0.510671        0.358969

     H    4       -0.351340       -0.499309       -0.240141
     H    4       -0.499309        0.014156       -0.050159
     H    4       -0.240141       -0.050159        0.337184

     C    5       -0.511244        0.317941       -0.301729
     C    5        0.317941        0.071142       -0.281778
     C    5       -0.301729       -0.281778        0.440102

     H    6        0.400504       -0.055408       -0.068004
     H    6       -0.055408       -0.575403       -0.408018
     H    6       -0.068004       -0.408018        0.174899

     H    7        0.452270        0.001554        0.065604
     H    7        0.001554       -0.142296        0.567735
     H    7        0.065604        0.567735       -0.309973

     C    8       -0.143154       -0.395753       -0.049524
     C    8       -0.395753       -0.367363        0.376374
     C    8       -0.049524        0.376374        0.510517

     H    9       -0.626138        0.352239       -0.208038
     H    9        0.352239        0.329755        0.114308
     H    9       -0.208038        0.114308        0.296383

     C   10       -0.332112       -0.308747       -0.335088
     C   10       -0.308747       -0.029959        0.400221
     C   10       -0.335088        0.400221        0.362071

     C   11       -0.215705       -0.043369       -0.317870
     C   11       -0.043369       -0.046007        0.679998
     C   11       -0.317870        0.679998        0.261712

     Cl  12       -0.109207       -0.152908       -0.103336
     Cl  12       -0.152908        0.043059        0.156869
     Cl  12       -0.103336        0.156869        0.066148

     H   13        0.406135       -0.067509       -0.035907
     H   13       -0.067509       -0.584610       -0.489645
     H   13       -0.035907       -0.489645        0.178475

     C   14       -0.229619       -0.138933       -0.374472
     C   14       -0.138933        0.005418       -0.545770
     C   14       -0.374472       -0.545770        0.224201

     H   15       -0.220754       -0.461018       -0.246065
     H   15       -0.461018       -0.146651        0.026690
     H   15       -0.246065        0.026690        0.367405

     C   16       -0.471909        0.330529       -0.057031
     C   16        0.330529        0.045957       -0.444269
     C   16       -0.057031       -0.444269        0.425952

     C   17       -0.171475       -0.098979       -0.282391
     C   17       -0.098979        0.008552       -0.700203
     C   17       -0.282391       -0.700203        0.162923

     Cl  18       -0.202894        0.220468       -0.016648
     Cl  18        0.220468        0.032569       -0.116237
     Cl  18       -0.016648       -0.116237        0.170325

     H   19        0.362554        0.039197       -0.219324
     H   19        0.039197       -0.246887        0.470063
     H   19       -0.219324        0.470063       -0.115667

     C   20       -0.414012       -0.339175       -0.251768
     C   20       -0.339175       -0.034079        0.331487
     C   20       -0.251768        0.331487        0.448091

     H   21       -0.595365        0.164909        0.074102
     H   21        0.164909        0.437744        0.199104
     H   21        0.074102        0.199104        0.157621

     C   22       -0.043687       -0.129050       -0.235792
     C   22       -0.129050       -0.427263        0.439622
     C   22       -0.235792        0.439622        0.470950

     C   23       -0.474596       -0.084613       -0.342396
     C   23       -0.084613        0.030772        0.290851
     C   23       -0.342396        0.290851        0.443824

     Cl  24       -0.081093       -0.089863        0.027269
     Cl  24       -0.089863       -0.025756       -0.032527
     Cl  24        0.027269       -0.032527        0.106849

     ----- ionic term -----
     Cl   1        0.157997       -0.213712       -0.012010
     Cl   1       -0.213712       -0.014345        0.007759
     Cl   1       -0.012010        0.007759       -0.143652

     C    2        0.199930       -0.129632        0.181781
     C    2       -0.129632        0.161556        0.408776
     C    2        0.181781        0.408776       -0.361486

     C    3        0.227288       -0.188814        0.112008
     C    3       -0.188814        0.196006        0.407047
     C    3        0.112008        0.407047       -0.423294

     H    4        0.562079        0.515805        0.542780
     H    4        0.515805       -0.264251        0.322651
     H    4        0.542780        0.322651       -0.297828

     C    5        0.435426       -0.169702        0.142759
     C    5       -0.169702        0.061932        0.285774
     C    5        0.142759        0.285774       -0.497358

     H    6       -0.491530       -0.008497       -0.000633
     H    6       -0.008497        0.858453        0.567114
     H    6       -0.000633        0.567114       -0.366923

     H    7       -0.490640        0.072775       -0.025717
     H    7        0.072775        0.504788       -0.770735
     H    7       -0.025717       -0.770735       -0.014148

     C    8        0.311787        0.248720        0.155194
     C    8        0.248720       -0.011170       -0.344587
     C    8        0.155194       -0.344587       -0.300617

     H    9        0.765813       -0.309480        0.535777
     H    9       -0.309480       -0.470467       -0.212476
     H    9        0.535777       -0.212476       -0.295345

     C   10        0.234639        0.241406        0.098832
     C   10        0.241406        0.049248       -0.415865
     C   10        0.098832       -0.415865       -0.283886

     C   11        0.262533        0.134016        0.164631
     C   11        0.134016        0.016786       -0.395272
     C   11        0.164631       -0.395272       -0.279319

     Cl  12        0.138191        0.199951       -0.010592
     Cl  12        0.199951        0.004396       -0.012168
     Cl  12       -0.010592       -0.012168       -0.142587

     H   13       -0.512060        0.131806        0.088181
     H   13        0.131806        0.568298        0.745911
     H   13        0.088181        0.745911       -0.056238

     C   14        0.302595       -0.112410        0.175937
     C   14       -0.112410        0.017222        0.347799
     C   14        0.175937        0.347799       -0.319817

     H   15        0.621168        0.351786        0.631917
     H   15        0.351786       -0.398336        0.273262
     H   15        0.631917        0.273262       -0.222832

     C   16        0.201337       -0.193965        0.112021
     C   16       -0.193965        0.121012        0.423209
     C   16        0.112021        0.423209       -0.322349

     C   17        0.298485       -0.123172        0.156758
     C   17       -0.123172        0.092159        0.404367
     C   17        0.156758        0.404367       -0.390643

     Cl  18        0.171875       -0.210893       -0.003423
     Cl  18       -0.210893       -0.014628        0.016561
     Cl  18       -0.003423        0.016561       -0.157247

     H   19       -0.536914       -0.093913        0.053215
     H   19       -0.093913        0.527626       -0.791445
     H   19        0.053215       -0.791445        0.009288

     C   20        0.275558        0.162141        0.110145
     C   20        0.162141        0.059179       -0.354388
     C   20        0.110145       -0.354388       -0.334738

     H   21        0.830063       -0.397013        0.460035
     H   21       -0.397013       -0.395559       -0.202249
     H   21        0.460035       -0.202249       -0.434504

     C   22        0.157267        0.170335        0.081788
     C   22        0.170335        0.217418       -0.461770
     C   22        0.081788       -0.461770       -0.374684

     C   23        0.143415        0.153866        0.195284
     C   23        0.153866        0.167622       -0.476635
     C   23        0.195284       -0.476635       -0.311037

     Cl  24        0.115939        0.226388       -0.032854
     Cl  24        0.226388        0.027772       -0.037852
     Cl  24       -0.032854       -0.037852       -0.143711

     ----- GIPAW term -----
     Cl   1        2.252804       -2.024082       -1.138149
     Cl   1       -2.024082       -0.460977       -0.338496
     Cl   1       -1.138149       -0.338496       -1.791827

     C    2        0.127139       -0.095141       -0.018393
     C    2       -0.095141       -0.066692       -0.070571
     C    2       -0.018393       -0.070571       -0.060447

     C    3        0.011793        0.028040       -0.149229
     C    3        0.028040       -0.055036       -0.094727
     C    3       -0.149229       -0.094727        0.043243

     H    4       -0.000000        0.000000        0.000000
     H    4        0.000000        0.000000        0.000000
     H    4        0.000000        0.000000        0.000000

     C    5       -0.080431       -0.015434       -0.039090
     C    5       -0.015434        0.064534       -0.033390
     C    5       -0.039090       -0.033390        0.015897

     H    6       -0.000000        0.000000        0.000000
     H    6        0.000000        0.000000        0.000000
     H    6        0.000000        0.000000        0.000000

     H    7       -0.000000        0.000000        0.000000
     H    7        0.000000        0.000000        0.000000
     H    7        0.000000        0.000000        0.000000

     C    8       -0.010615       -0.112841        0.104750
     C    8       -0.112841       -0.150372        0.009316
     C    8        0.104750        0.009316        0.160987

     H    9       -0.000000        0.000000        0.000000
     H    9        0.000000        0.000000        0.000000
     H    9        0.000000        0.000000        0.000000

     C   10       -0.066664       -0.104190       -0.085571
     C   10       -0.104190        0.054474        0.057713
     C   10       -0.085571        0.057713        0.012191

     C   11       -0.049223        0.044068       -0.108705
     C   11        0.044068        0.029945        0.240532
     C   11       -0.108705        0.240532        0.019279

     Cl  12        0.295433        0.531171       -1.276749
     Cl  12        0.531171        0.418938        1.804631
     Cl  12       -1.276749        1.804631       -0.714370

     H   13       -0.000000        0.000000        0.000000
     H   13        0.000000        0.000000        0.000000
     H   13        0.000000        0.000000        0.000000

     C   14       -0.036394       -0.143697       -0.034220
     C   14       -0.143697        0.095791       -0.159883
     C   14       -0.034220       -0.159883       -0.059396

     H   15       -0.000000        0.000000        0.000000
     H   15        0.000000        0.000000        0.000000
     H   15        0.000000        0.000000        0.000000

     C   16       -0.192985        0.013185        0.010877
     C   16        0.013185        0.151306       -0.212538
     C   16        0.010877       -0.212538        0.041679

     C   17       -0.084963       -0.075512       -0.057096
     C   17       -0.075512        0.080747       -0.258081
     C   17       -0.057096       -0.258081        0.004215

     Cl  18       -0.948147       -0.563502       -0.472512
     Cl  18       -0.563502        0.700334       -2.333581
     Cl  18       -0.472512       -2.333581        0.247813

     H   19       -0.000000        0.000000        0.000000
     H   19        0.000000        0.000000        0.000000
     H   19        0.000000        0.000000        0.000000

     C   20       -0.031316        0.001409       -0.014540
     C   20        0.001409        0.001029        0.064969
     C   20       -0.014540        0.064969        0.030286

     H   21       -0.000000        0.000000        0.000000
     H   21        0.000000        0.000000        0.000000
     H   21        0.000000        0.000000        0.000000

     C   22       -0.086136        0.036603       -0.089990
     C   22        0.036603       -0.068544       -0.080111
     C   22       -0.089990       -0.080111        0.154680

     C   23       -0.073005        0.084944       -0.013583
     C   23        0.084944       -0.008249       -0.053500
     C   23       -0.013583       -0.053500        0.081254

     Cl  24       -0.461387        0.858535        1.122078
     Cl  24        0.858535       -1.142267       -1.242898
     Cl  24        1.122078       -1.242898        1.603655

     ----- total EFG -----
     Cl   1        2.515472       -2.264521       -1.271758
     Cl   1       -2.264521       -0.511857       -0.375289
     Cl   1       -1.271758       -0.375289       -2.003615

     C    2        0.199107        0.037467       -0.060309
     C    2        0.037467       -0.130932       -0.123848
     C    2       -0.060309       -0.123848       -0.068175

     C    3        0.105661        0.013250       -0.409457
     C    3        0.013250       -0.084580       -0.198351
     C    3       -0.409457       -0.198351       -0.021082

     H    4        0.210739        0.016496        0.302639
     H    4        0.016496       -0.250095        0.272492
     H    4        0.302639        0.272492        0.039356

     C    5       -0.156249        0.132805       -0.198059
     C    5        0.132805        0.197608       -0.029394
     C    5       -0.198059       -0.029394       -0.041359

     H    6       -0.091026       -0.063905       -0.068636
     H    6       -0.063905        0.283050        0.159096
     H    6       -0.068636        0.159096       -0.192024

     H    7       -0.038370        0.074329        0.039887
     H    7        0.074329        0.362492       -0.203001
     H    7        0.039887       -0.203001       -0.324122

     C    8        0.158018       -0.259874        0.210420
     C    8       -0.259874       -0.528904        0.041103
     C    8        0.210420        0.041103        0.370887

     H    9        0.139675        0.042759        0.327738
     H    9        0.042759       -0.140712       -0.098168
     H    9        0.327738       -0.098168        0.001038

     C   10       -0.164138       -0.171532       -0.321827
     C   10       -0.171532        0.073763        0.042069
     C   10       -0.321827        0.042069        0.090375

     C   11       -0.002396        0.134716       -0.261944
     C   11        0.134716        0.000724        0.525259
     C   11       -0.261944        0.525259        0.001672

     Cl  12        0.324417        0.578214       -1.390677
     Cl  12        0.578214        0.466392        1.949332
     Cl  12       -1.390677        1.949332       -0.790809

     H   13       -0.105925        0.064297        0.052275
     H   13        0.064297       -0.016312        0.256266
     H   13        0.052275        0.256266        0.122237

     C   14        0.036581       -0.395040       -0.232755
     C   14       -0.395040        0.118430       -0.357855
     C   14       -0.232755       -0.357855       -0.155012

     H   15        0.400414       -0.109232        0.385852
     H   15       -0.109232       -0.544987        0.299951
     H   15        0.385852        0.299951        0.144573

     C   16       -0.463557        0.149749        0.065866
     C   16        0.149749        0.318275       -0.233598
     C   16        0.065866       -0.233598        0.145281

     C   17        0.042047       -0.297663       -0.182729
     C   17       -0.297663        0.181458       -0.553916
     C   17       -0.182729       -0.553916       -0.223505

     Cl  18       -0.979165       -0.553926       -0.492584
     Cl  18       -0.553926        0.718275       -2.433257
     Cl  18       -0.492584       -2.433257        0.260891

     H   19       -0.174360       -0.054716       -0.166108
     H   19       -0.054716        0.280739       -0.321381
     H   19       -0.166108       -0.321381       -0.106379

     C   20       -0.169769       -0.175625       -0.156163
     C   20       -0.175625        0.026129        0.042068
     C   20       -0.156163        0.042068        0.143640

     H   21        0.234698       -0.232104        0.534137
     H   21       -0.232104        0.042185       -0.003145
     H   21        0.534137       -0.003145       -0.276883

     C   22        0.027444        0.077887       -0.243995
     C   22        0.077887       -0.278389       -0.102260
     C   22       -0.243995       -0.102260        0.250945

     C   23       -0.404186        0.154196       -0.160695
     C   23        0.154196        0.190145       -0.239285
     C   23       -0.160695       -0.239285        0.214041

     Cl  24       -0.426541        0.995060        1.116493
     Cl  24        0.995060       -1.140251       -1.313277
     Cl  24        1.116493       -1.313277        1.566792

     ----- total EFG (symmetrized) -----
     Cl   1        2.515472       -2.264521       -1.271758
     Cl   1       -2.264521       -0.511857       -0.375289
     Cl   1       -1.271758       -0.375289       -2.003615

     C    2        0.199107        0.037467       -0.060309
     C    2        0.037467       -0.130932       -0.123848
     C    2       -0.060309       -0.123848       -0.068175

     C    3        0.105661        0.013250       -0.409457
     C    3        0.013250       -0.084580       -0.198351
     C    3       -0.409457       -0.198351       -0.021082

     H    4        0.210739        0.016496        0.302639
     H    4        0.016496       -0.250095        0.272492
     H    4        0.302639        0.272492        0.039356

     C    5       -0.156249        0.132805       -0.198059
     C    5        0.132805        0.197608       -0.029394
     C    5       -0.198059       -0.029394       -0.041359

     H    6       -0.091026       -0.063905       -0.068636
     H    6       -0.063905        0.283050        0.159096
     H    6       -0.068636        0.159096       -0.192024

     H    7       -0.038370        0.074329        0.039887
     H    7        0.074329        0.362492       -0.203001
     H    7        0.039887       -0.203001       -0.324122

     C    8        0.158018       -0.259874        0.210420
     C    8       -0.259874       -0.528904        0.041103
     C    8        0.210420        0.041103        0.370887

     H    9        0.139675        0.042759        0.327738
     H    9        0.042759       -0.140712       -0.098168
     H    9        0.327738       -0.098168        0.001038

     C   10       -0.164138       -0.171532       -0.321827
     C   10       -0.171532        0.073763        0.042069
     C   10       -0.321827        0.042069        0.090375

     C   11       -0.002396        0.134716       -0.261944
     C   11        0.134716        0.000724        0.525259
     C   11       -0.261944        0.525259        0.001672

     Cl  12        0.324417        0.578214       -1.390677
     Cl  12        0.578214        0.466392        1.949332
     Cl  12       -1.390677        1.949332       -0.790809

     H   13       -0.105925        0.064297        0.052275
     H   13        0.064297       -0.016312        0.256266
     H   13        0.052275        0.256266        0.122237

     C   14        0.036581       -0.395040       -0.232755
     C   14       -0.395040        0.118430       -0.357855
     C   14       -0.232755       -0.357855       -0.155012

     H   15        0.400414       -0.109232        0.385852
     H   15       -0.109232       -0.544987        0.299951
     H   15        0.385852        0.299951        0.144573

     C   16       -0.463557        0.149749        0.065866
     C   16        0.149749        0.318275       -0.233598
     C   16        0.065866       -0.233598        0.145281

     C   17        0.042047       -0.297663       -0.182729
     C   17       -0.297663        0.181458       -0.553916
     C   17       -0.182729       -0.553916       -0.223505

     Cl  18       -0.979165       -0.553926       -0.492584
     Cl  18       -0.553926        0.718275       -2.433257
     Cl  18       -0.492584       -2.433257        0.260891

     H   19       -0.174360       -0.054716       -0.166108
     H   19       -0.054716        0.280739       -0.321381
     H   19       -0.166108       -0.321381       -0.106379

     C   20       -0.169769       -0.175625       -0.156163
     C   20       -0.175625        0.026129        0.042068
     C   20       -0.156163        0.042068        0.143640

     H   21        0.234698       -0.232104        0.534137
     H   21       -0.232104        0.042185       -0.003145
     H   21        0.534137       -0.003145       -0.276883

     C   22        0.027444        0.077887       -0.243995
     C   22        0.077887       -0.278389       -0.102260
     C   22       -0.243995       -0.102260        0.250945

     C   23       -0.404186        0.154196       -0.160695
     C   23        0.154196        0.190145       -0.239285
     C   23       -0.160695       -0.239285        0.214041

     Cl  24       -0.426541        0.995060        1.116493
     Cl  24        0.995060       -1.140251       -1.313277
     Cl  24        1.116493       -1.313277        1.566792


     NQR/NMR SPECTROSCOPIC PARAMETERS:
     Cl   1    Vxx=   -0.9976    axis=(  0.261546  0.748192 -0.609756)
     Cl   1    Vyy=   -2.8838    axis=( -0.390603 -0.495654 -0.775730)
     Cl   1    Vzz=    3.8814    axis=( -0.882623  0.441061  0.162609)
     Cl   1  Q=        -8.1650 1e-30 m^2  Cq=       -74.4626 MHz  eta= 0.48595

     C    2    Vxx=    0.0028    axis=(  0.338114 -0.586617  0.735908)
     C    2    Vyy=    0.2246    axis=( -0.940926 -0.195467  0.276497)
     C    2    Vzz=   -0.2275    axis=( -0.018352 -0.785922 -0.618053)
     C    2  Q=         1.0000 1e-30 m^2  Cq=        -0.5344 MHz  eta= 0.97503

     C    3    Vxx=   -0.0580    axis=( -0.441944  0.884745 -0.148028)
     C    3    Vyy=   -0.4336    axis=(  0.548751  0.397185  0.735606)
     C    3    Vzz=    0.4916    axis=( -0.709618 -0.243866  0.661038)
     C    3  Q=         1.0000 1e-30 m^2  Cq=         1.1552 MHz  eta= 0.76401

     H    4    Vxx=   -0.0360    axis=( -0.646188  0.580655  0.495258)
     H    4    Vyy=   -0.4504    axis=(  0.247794  0.773414 -0.583463)
     H    4    Vzz=    0.4864    axis=( -0.721830 -0.254305 -0.643654)
     H    4  Q=         1.0000 1e-30 m^2  Cq=         1.1429 MHz  eta= 0.85183

     C    5    Vxx=    0.0461    axis=( -0.410034  0.506507  0.758501)
     C    5    Vyy=    0.2748    axis=(  0.415719  0.844004 -0.338873)
     C    5    Vzz=   -0.3209    axis=( -0.811819  0.176374 -0.556634)
     C    5  Q=         1.0000 1e-30 m^2  Cq=        -0.7540 MHz  eta= 0.71281

     H    6    Vxx=   -0.0917    axis=(  0.937822  0.258361 -0.231816)
     H    6    Vyy=   -0.2549    axis=( -0.294493  0.238687 -0.925366)
     H    6    Vzz=    0.3466    axis=( -0.183748  0.936097  0.299931)
     H    6  Q=         1.0000 1e-30 m^2  Cq=         0.8143 MHz  eta= 0.47101

     H    7    Vxx=   -0.0368    axis=(  0.977396 -0.083125  0.194388)
     H    7    Vyy=   -0.3894    axis=(  0.165367 -0.272272 -0.947904)
     H    7    Vzz=    0.4261    axis=(  0.131721  0.958623 -0.252372)
     H    7  Q=         1.0000 1e-30 m^2  Cq=         1.0013 MHz  eta= 0.82748

     C    8    Vxx=    0.1165    axis=(  0.751231 -0.338594 -0.566574)
     C    8    Vyy=    0.5114    axis=(  0.566666 -0.109291  0.816667)
     C    8    Vzz=   -0.6278    axis=(  0.338439  0.934564 -0.109767)
     C    8  Q=         1.0000 1e-30 m^2  Cq=        -1.4752 MHz  eta= 0.62905

     H    9    Vxx=   -0.0836    axis=(  0.350828  0.867689 -0.352186)
     H    9    Vyy=   -0.3233    axis=( -0.532234  0.494197  0.687384)
     H    9    Vzz=    0.4069    axis=( -0.770485  0.053708 -0.635192)
     H    9  Q=         1.0000 1e-30 m^2  Cq=         0.9560 MHz  eta= 0.58918

     C   10    Vxx=    0.0421    axis=(  0.040380  0.870784 -0.490004)
     C   10    Vyy=    0.3710    axis=( -0.562666  0.425073  0.709027)
     C   10    Vzz=   -0.4131    axis=(  0.825698  0.247078  0.507125)
     C   10  Q=         1.0000 1e-30 m^2  Cq=        -0.9707 MHz  eta= 0.79601

     C   11    Vxx=    0.1037    axis=(  0.896227  0.418223 -0.147876)
     C   11    Vyy=    0.5436    axis=( -0.187115  0.658667  0.728798)
     C   11    Vzz=   -0.6473    axis=( -0.402201  0.625498 -0.668570)
     C   11  Q=         1.0000 1e-30 m^2  Cq=        -1.5210 MHz  eta= 0.67964

     Cl  12    Vxx=    0.8918    axis=( -0.861393 -0.485413  0.149587)
     Cl  12    Vyy=    1.9925    axis=(  0.288848 -0.710367 -0.641830)
     Cl  12    Vzz=   -2.8843    axis=(  0.417814 -0.509660  0.752116)
     Cl  12  Q=        -8.1650 1e-30 m^2  Cq=        55.3337 MHz  eta= 0.38165

     H   13    Vxx=   -0.1170    axis=( -0.964499 -0.045980  0.260051)
     H   13    Vyy=   -0.2163    axis=(  0.192520 -0.796471  0.573211)
     H   13    Vzz=    0.3332    axis=(  0.180767  0.602926  0.777048)
     H   13  Q=         1.0000 1e-30 m^2  Cq=         0.7830 MHz  eta= 0.29808

     C   14    Vxx=    0.1607    axis=( -0.639492 -0.231046  0.733258)
     C   14    Vyy=    0.5015    axis=(  0.557936 -0.795656  0.235881)
     C   14    Vzz=   -0.6623    axis=(  0.528921  0.559955  0.637724)
     C   14  Q=         1.0000 1e-30 m^2  Cq=        -1.5561 MHz  eta= 0.51459

     H   15    Vxx=    0.0275    axis=( -0.567414  0.464508  0.679907)
     H   15    Vyy=    0.6858    axis=(  0.790923  0.077727  0.606959)
     H   15    Vzz=   -0.7133    axis=(  0.229090  0.882151 -0.411493)
     H   15  Q=         1.0000 1e-30 m^2  Cq=        -1.6759 MHz  eta= 0.92293

     C   16    Vxx=    0.0216    axis=(  0.268114  0.508786  0.818078)
     C   16    Vyy=    0.4888    axis=(  0.092879  0.831561 -0.547612)
     C   16    Vzz=   -0.5104    axis=( -0.958900  0.222805  0.175698)
     C   16  Q=         1.0000 1e-30 m^2  Cq=        -1.1993 MHz  eta= 0.91542

     C   17    Vxx=    0.1349    axis=(  0.881293  0.014927 -0.472334)
     C   17    Vyy=    0.6089    axis=( -0.276418  0.826965 -0.489614)
     C   17    Vzz=   -0.7438    axis=(  0.383295  0.562055  0.732925)
     C   17  Q=         1.0000 1e-30 m^2  Cq=        -1.7477 MHz  eta= 0.63718

     Cl  18    Vxx=   -0.5843    axis=(  0.880464 -0.304474 -0.363426)
     Cl  18    Vyy=   -2.3509    axis=(  0.473669  0.598049  0.646510)
     Cl  18    Vzz=    2.9352    axis=( -0.020502  0.741372 -0.670781)
     Cl  18  Q=        -8.1650 1e-30 m^2  Cq=       -56.3096 MHz  eta= 0.60187

     H   19    Vxx=   -0.0520    axis=(  0.807779 -0.335420 -0.484755)
     H   19    Vyy=   -0.4123    axis=(  0.586747  0.378319  0.715962)
     H   19    Vzz=    0.4643    axis=( -0.056756 -0.862768  0.502405)
     H   19  Q=         1.0000 1e-30 m^2  Cq=         1.0909 MHz  eta= 0.77619

     C   20    Vxx=    0.0384    axis=(  0.198642 -0.772168  0.603572)
     C   20    Vyy=    0.2653    axis=( -0.460120  0.470282  0.753076)
     C   20    Vzz=   -0.3038    axis=( -0.865350 -0.427308 -0.261873)
     C   20  Q=         1.0000 1e-30 m^2  Cq=        -0.7137 MHz  eta= 0.74699

     H   21    Vxx=   -0.0023    axis=(  0.173470  0.929053  0.326755)
     H   21    Vyy=   -0.6360    axis=(  0.549162  0.184164 -0.815172)
     H   21    Vzz=    0.6383    axis=( -0.817514  0.320849 -0.478253)
     H   21  Q=         1.0000 1e-30 m^2  Cq=         1.4997 MHz  eta= 0.99292

     C   22    Vxx=   -0.1286    axis=(  0.832738  0.057029  0.550722)
     C   22    Vyy=   -0.3021    axis=( -0.145076  0.982402  0.117636)
     C   22    Vzz=    0.4307    axis=( -0.534322 -0.177857  0.826358)
     C   22  Q=         1.0000 1e-30 m^2  Cq=         1.0120 MHz  eta= 0.40293

     C   23    Vxx=   -0.0375    axis=(  0.002042  0.723868  0.689936)
     C   23    Vyy=   -0.4592    axis=( -0.970776  0.167005 -0.172345)
     C   23    Vzz=    0.4967    axis=( -0.239978 -0.669421  0.703055)
     C   23  Q=         1.0000 1e-30 m^2  Cq=         1.1671 MHz  eta= 0.84906

     Cl  24    Vxx=    0.2646    axis=(  0.788261  0.612598 -0.058038)
     Cl  24    Vyy=    2.2920    axis=(  0.278886 -0.271590  0.921120)
     Cl  24    Vzz=   -2.5566    axis=(  0.548513 -0.742269 -0.384929)
     Cl  24  Q=        -8.1650 1e-30 m^2  Cq=        49.0473 MHz  eta= 0.79303

     Initialization:
     gipaw_setup  :      9.14s CPU     10.80s WALL (       1 calls)

     Linear response

     Apply operators

     Induced current

     Other routines
     efg          :      9.34s CPU     11.76s WALL (       1 calls)

     General routines
     calbec       :      3.31s CPU      4.36s WALL (      16 calls)
     fft          :      1.64s CPU      2.45s WALL (      15 calls)
     ffts         :      0.04s CPU      0.07s WALL (       2 calls)
     fftw         :      3.32s CPU      4.07s WALL (     672 calls)
     davcio       :      0.03s CPU      0.32s WALL (      32 calls)

     Parallel routines
     fft_scatter  :      2.36s CPU      3.78s WALL (     689 calls)

     Plugins

     GIPAW        :     63.30s CPU     75.22s WALL (       1 calls)
