
     Program QE v.6.0 (svn rev. 13079) starts on 17Jan2017 at 17:54: 5 

     This program is part of the open-source Quantum ESPRESSO suite
     for quantum simulation of materials; please cite
         "P. Giannozzi et al., J. Phys.:Condens. Matter 21 395502 (2009);
          URL http://www.quantum-espresso.org", 
     in publications or presentations arising from this work. More details at
     http://www.quantum-espresso.org/quote

     Parallel version (MPI), running on     8 processors
     R & G space division:  proc/nbgrp/npool/nimage =       8

     ***** This is GIPAW svn revision unknown      *****

     Parallelizing q-star over 1 images

     Reading data from directory:
     /users/majewski/paradichlorobenzene/pbe/9_constraint/scratch/pbe.ecut100.np8.dt60.pcl2phi-129368.save
     Message from routine read_xml_file:
     file /users/majewski/paradichlorobenzene/pbe/9_constraint/scratch/pbe.ecut100.np8.dt60.pcl2phi-129368.save not guaranteed to be safe for post-processing

   Info: using nr1, nr2, nr3 values from input

   Info: using nr1, nr2, nr3 values from input

     IMPORTANT: XC functional enforced from input :
     Exchange-correlation      =  SLA  PW   PBX  PBC ( 1  4  3  4 0 0)
     Any further DFT definition will be discarded
     Please, verify this is what you really want

               file C.pbe-n-kjpaw_psl.1.0.0.UPF: wavefunction(s)  2S 2P renormalized
               file Cl.pbe-n-kjpaw_psl.1.0.0.UPF: wavefunction(s)  3S 3P renormalized
               file H.pbe-kjpaw_psl.1.0.0.UPF: wavefunction(s)  1S renormalized

     Parallelization info
     --------------------
     sticks:   dense  smooth     PW     G-vecs:    dense   smooth      PW
     Min        3057    1223    332               144436    36536    5170
     Max        3059    1225    333               144437    36537    5171
     Sum       24467    9791   2657              1155489   292295   41363


     Subspace diagonalization in iterative solution of the eigenvalue problem:
     a serial algorithm will be used

     GIPAW projectors -----------------------------------------------
     atom=  C    l=0  rc=    1.2000  rs=    0.8000
     atom=  C    l=0  rc=    1.2000  rs=    0.8000
     atom=  C    l=1  rc=    1.4000  rs=    0.9333
     atom=  C    l=1  rc=    1.4000  rs=    0.9333
     projs nearly linearly dependent: l=1  n1,n2= 1, 2  s=  0.99951561

     atom=  Cl   l=0  rc=    1.6000  rs=    1.0667
     atom=  Cl   l=0  rc=    1.6000  rs=    1.0667
     atom=  Cl   l=1  rc=    1.6000  rs=    1.0667
     atom=  Cl   l=1  rc=    1.6000  rs=    1.0667
     atom=  Cl   l=2  rc=    1.6000  rs=    1.0667
     atom=  Cl   l=2  rc=    1.6000  rs=    1.0667
     projs nearly linearly dependent: l=2  n1,n2= 1, 2  s=  0.99993509

     atom=  H    l=0  rc=    1.0000  rs=    0.6667
     atom=  H    l=0  rc=    1.0000  rs=    0.6667
     projs nearly linearly dependent: l=0  n1,n2= 1, 2  s=  0.99968852
     -----------------------------------------------------------------

     GIPAW integrals: -------------------------------------------
     Atom  i/j   nmr_para   nmr_dia   epr_rmc  epr_para   epr_dia
       C   1 1   0.83E+03  0.17E-01  0.93E+01  0.24E+08  0.24E+03
       C   2 1   0.86E+03 -0.61E-01  0.94E+01  0.25E+08  0.25E+03
       C   2 2   0.90E+03 -0.15E+00  0.97E+01  0.26E+08  0.26E+03
       C   3 3   0.33E+01  0.34E+00  0.18E+01  0.55E+03  0.21E+02
       C   4 3   0.35E+01  0.37E+00  0.20E+01  0.59E+03  0.22E+02
       C   4 4   0.38E+01  0.39E+00  0.22E+01  0.63E+03  0.24E+02
       Cl  1 1   0.14E+04 -0.47E+00  0.84E+01  0.32E+09  0.42E+03
       Cl  2 1   0.21E+04 -0.37E+00  0.12E+02  0.49E+09  0.65E+03
       Cl  2 2   0.33E+04 -0.16E+00  0.21E+02  0.76E+09  0.10E+04
       Cl  3 3   0.21E+02  0.79E-01  0.89E+01  0.23E+05  0.13E+03
       Cl  4 3   0.24E+02  0.67E-01  0.99E+01  0.27E+05  0.15E+03
       Cl  4 4   0.28E+02  0.44E-01  0.11E+02  0.32E+05  0.18E+03
       Cl  5 5   0.77E+00  0.19E+00  0.18E+01  0.12E+03  0.22E+02
       Cl  6 5   0.80E+00  0.19E+00  0.19E+01  0.12E+03  0.23E+02
       Cl  6 6   0.83E+00  0.20E+00  0.19E+01  0.12E+03  0.23E+02
       H   1 1   0.39E+02  0.19E+00  0.29E+00  0.78E+05  0.13E+02
       H   2 1   0.41E+02  0.21E+00  0.32E+00  0.82E+05  0.14E+02
       H   2 2   0.43E+02  0.22E+00  0.36E+00  0.86E+05  0.15E+02
     ------------------------------------------------------------

     alpha_pv=     33.7397 eV

     Number of occupied bands for each k-point:
     k-point:     1    nbnd_occ=  42
     k-point:     2    nbnd_occ=  42
     k-point:     3    nbnd_occ=  42
     k-point:     4    nbnd_occ=  42
     k-point:     5    nbnd_occ=  42
     k-point:     6    nbnd_occ=  42
     k-point:     7    nbnd_occ=  42
     k-point:     8    nbnd_occ=  42
     k-point:     9    nbnd_occ=  42
     k-point:    10    nbnd_occ=  42
     k-point:    11    nbnd_occ=  42
     k-point:    12    nbnd_occ=  42
     k-point:    13    nbnd_occ=  42
     k-point:    14    nbnd_occ=  42
     k-point:    15    nbnd_occ=  42
     k-point:    16    nbnd_occ=  42


     q-space interpolation up to   110.00 Rydberg

     GIPAW job: efg                                                                             


     ELECTRIC FIELD GRADIENTS TENSORS IN Hartree/bohrradius^2:

     ----- bare term -----
     Cl   1       -0.140436        0.331898       -0.013018
     Cl   1        0.331898       -0.041421       -0.111599
     Cl   1       -0.013018       -0.111599        0.181857

     C    2        0.060769       -0.121179       -0.283848
     C    2       -0.121179       -0.200699       -0.513001
     C    2       -0.283848       -0.513001        0.139930

     C    3       -0.571738        0.412559       -0.328224
     C    3        0.412559        0.171675       -0.083062
     C    3       -0.328224       -0.083062        0.400063

     H    4        0.064482       -0.040412       -0.237900
     H    4       -0.040412        0.216277       -0.513036
     H    4       -0.237900       -0.513036       -0.280759

     C    5       -0.073842       -0.349971       -0.492221
     C    5       -0.349971       -0.059882       -0.527497
     C    5       -0.492221       -0.527497        0.133723

     H    6       -0.031268        0.286831        0.196000
     H    6        0.286831       -0.126582       -0.402310
     H    6        0.196000       -0.402310        0.157850

     H    7        0.310013        0.056559        0.047886
     H    7        0.056559       -0.397785        0.568908
     H    7        0.047886        0.568908        0.087772

     C    8       -0.770443       -0.410550       -0.418649
     C    8       -0.410550        0.441272        0.171034
     C    8       -0.418649        0.171034        0.329171

     H    9       -0.252703        0.165912       -0.515946
     H    9        0.165912        0.337733        0.064500
     H    9       -0.515946        0.064500       -0.085030

     C   10        0.067061       -0.255465       -0.117845
     C   10       -0.255465       -0.086358        0.576110
     C   10       -0.117845        0.576110        0.019297

     C   11       -0.423874       -0.364124       -0.421024
     C   11       -0.364124        0.203987        0.266824
     C   11       -0.421024        0.266824        0.219887

     Cl  12        0.018862       -0.013874       -0.005994
     Cl  12       -0.013874       -0.040542       -0.079492
     Cl  12       -0.005994       -0.079492        0.021680

     H   13        0.048276       -0.051162        0.375819
     H   13       -0.051162        0.092604       -0.355228
     H   13        0.375819       -0.355228       -0.140880

     C   14       -0.632764        0.347203       -0.355510
     C   14        0.347203        0.401188       -0.134878
     C   14       -0.355510       -0.134878        0.231576

     H   15        0.152583       -0.073899       -0.307789
     H   15       -0.073899        0.350434        0.206829
     H   15       -0.307789        0.206829       -0.503017

     C   16        0.141088        0.215566       -0.046626
     C   16        0.215566       -0.125475       -0.384349
     C   16       -0.046626       -0.384349       -0.015614

     C   17       -0.391949        0.316215       -0.160923
     C   17        0.316215       -0.021430       -0.442057
     C   17       -0.160923       -0.442057        0.413379

     Cl  18        0.171454       -0.080384        0.014808
     Cl  18       -0.080384       -0.041994        0.009032
     Cl  18        0.014808        0.009032       -0.129460

     H   19        0.408076        0.251554       -0.067715
     H   19        0.251554       -0.685381        0.421012
     H   19       -0.067715        0.421012        0.277305

     C   20       -0.129649       -0.110016       -0.210467
     C   20       -0.110016        0.037215        0.480131
     C   20       -0.210467        0.480131        0.092434

     H   21       -0.395554        0.548324       -0.064062
     H   21        0.548324        0.053292       -0.058876
     H   21       -0.064062       -0.058876        0.342262

     C   22       -0.599513       -0.396372       -0.285830
     C   22       -0.396372        0.276896        0.270339
     C   22       -0.285830        0.270339        0.322617

     C   23       -0.021993       -0.053146       -0.238122
     C   23       -0.053146        0.009329        0.616930
     C   23       -0.238122        0.616930        0.012663

     Cl  24       -0.084593       -0.131255        0.078348
     Cl  24       -0.131255        0.019680       -0.137643
     Cl  24        0.078348       -0.137643        0.064913

     ----- ionic term -----
     Cl   1        0.151918       -0.205267        0.063617
     Cl   1       -0.205267       -0.013623       -0.028507
     Cl   1        0.063617       -0.028507       -0.138295

     C    2        0.103733       -0.263397        0.361756
     C    2       -0.263397        0.024661        0.366357
     C    2        0.361756        0.366357       -0.128394

     C    3        0.135698       -0.277444        0.250587
     C    3       -0.277444        0.066903        0.337358
     C    3        0.250587        0.337358       -0.202601

     H    4        0.385142        0.206638        0.817112
     H    4        0.206638       -0.484006        0.246762
     H    4        0.817112        0.246762        0.098864

     C    5        0.219463       -0.190274        0.314652
     C    5       -0.190274       -0.057498        0.337205
     C    5        0.314652        0.337205       -0.161965

     H    6       -0.486460       -0.177225       -0.129864
     H    6       -0.177225        0.455903        0.768255
     H    6       -0.129864        0.768255        0.030557

     H    7       -0.512632       -0.009730        0.015416
     H    7       -0.009730        0.679190       -0.684813
     H    7        0.015416       -0.684813       -0.166558

     C    8        0.238925        0.152380        0.340014
     C    8        0.152380        0.100502       -0.268013
     C    8        0.340014       -0.268013       -0.339427

     H    9        0.507002       -0.495726        0.615493
     H    9       -0.495726       -0.235245       -0.334314
     H    9        0.615493       -0.334314       -0.271757

     C   10        0.063183        0.180730        0.233903
     C   10        0.180730        0.256752       -0.370661
     C   10        0.233903       -0.370661       -0.319935

     C   11        0.164604        0.210768        0.357184
     C   11        0.210768        0.123994       -0.365455
     C   11        0.357184       -0.365455       -0.288598

     Cl  12        0.145695        0.243400        0.059172
     Cl  12        0.243400        0.011576        0.026871
     Cl  12        0.059172        0.026871       -0.157271

     H   13       -0.482395       -0.255926       -0.142080
     H   13       -0.255926        0.514738        0.730605
     H   13       -0.142080        0.730605       -0.032342

     C   14        0.162884       -0.324083        0.316252
     C   14       -0.324083       -0.025362        0.281123
     C   14        0.316252        0.281123       -0.137522

     H   15        0.271670        0.263067        0.775188
     H   15        0.263067       -0.452414        0.316083
     H   15        0.775188        0.316083        0.180743

     C   16        0.052377       -0.365791        0.187544
     C   16       -0.365791        0.051061        0.417163
     C   16        0.187544        0.417163       -0.103438

     C   17        0.139280       -0.221918        0.226414
     C   17       -0.221918       -0.053055        0.523774
     C   17        0.226414        0.523774       -0.086225

     Cl  18        0.196587       -0.212007       -0.004140
     Cl  18       -0.212007       -0.068592       -0.001434
     Cl  18       -0.004140       -0.001434       -0.127995

     H   19       -0.513683       -0.102035        0.082233
     H   19       -0.102035        0.530819       -0.740927
     H   19        0.082233       -0.740927       -0.017136

     C   20        0.236154        0.157883        0.313664
     C   20        0.157883        0.017531       -0.315538
     C   20        0.313664       -0.315538       -0.253685

     H   21        0.798105       -0.361262        0.484459
     H   21       -0.361262       -0.418219       -0.202960
     H   21        0.484459       -0.202960       -0.379886

     C   22        0.178046        0.180766        0.172030
     C   22        0.180766        0.205214       -0.369087
     C   22        0.172030       -0.369087       -0.383260

     C   23        0.170363        0.076910        0.342482
     C   23        0.076910        0.152505       -0.384564
     C   23        0.342482       -0.384564       -0.322868

     Cl  24        0.098438        0.179633        0.034596
     Cl  24        0.179633        0.044861        0.021409
     Cl  24        0.034596        0.021409       -0.143299

     ----- GIPAW term -----
     Cl   1       -1.183482       -0.338949       -0.072073
     Cl   1       -0.338949        0.499196        1.943432
     Cl   1       -0.072073        1.943432        0.684286

     C    2       -0.076665       -0.110624       -0.035226
     C    2       -0.110624        0.158869        0.134186
     C    2       -0.035226        0.134186       -0.082204

     C    3       -0.066323       -0.092090       -0.093459
     C    3       -0.092090        0.102675        0.088820
     C    3       -0.093459        0.088820       -0.036352

     H    4       -0.000000        0.000000        0.000000
     H    4        0.000000        0.000000        0.000000
     H    4        0.000000        0.000000        0.000000

     C    5        0.050377       -0.194012       -0.081583
     C    5       -0.194012        0.035011       -0.036252
     C    5       -0.081583       -0.036252       -0.085388

     H    6       -0.000000        0.000000        0.000000
     H    6        0.000000        0.000000        0.000000
     H    6        0.000000        0.000000        0.000000

     H    7       -0.000000        0.000000        0.000000
     H    7        0.000000        0.000000        0.000000
     H    7        0.000000        0.000000        0.000000

     C    8       -0.196229       -0.149430       -0.048375
     C    8       -0.149430        0.264368       -0.015651
     C    8       -0.048375       -0.015651       -0.068138

     H    9       -0.000000        0.000000        0.000000
     H    9        0.000000        0.000000        0.000000
     H    9        0.000000        0.000000        0.000000

     C   10       -0.079718       -0.088241       -0.037724
     C   10       -0.088241        0.160977        0.163957
     C   10       -0.037724        0.163957       -0.081259

     C   11       -0.093556       -0.087198       -0.088361
     C   11       -0.087198        0.196257        0.123824
     C   11       -0.088361        0.123824       -0.102701

     Cl  12       -0.160743        0.243579       -1.079284
     Cl  12        0.243579        0.438220        1.863987
     Cl  12       -1.079284        1.863987       -0.277477

     H   13       -0.000000        0.000000        0.000000
     H   13        0.000000        0.000000        0.000000
     H   13        0.000000        0.000000        0.000000

     C   14       -0.124373        0.128410       -0.057523
     C   14        0.128410        0.188340       -0.061250
     C   14       -0.057523       -0.061250       -0.063967

     H   15       -0.000000        0.000000        0.000000
     H   15        0.000000        0.000000        0.000000
     H   15        0.000000        0.000000        0.000000

     C   16       -0.032742        0.061484       -0.028738
     C   16        0.061484        0.069417       -0.102576
     C   16       -0.028738       -0.102576       -0.036675

     C   17       -0.061042       -0.146043        0.047401
     C   17       -0.146043        0.102250       -0.173692
     C   17        0.047401       -0.173692       -0.041208

     Cl  18        3.077985       -2.498920        0.264436
     Cl  18       -2.498920       -0.660507       -0.014230
     Cl  18        0.264436       -0.014230       -2.417478

     H   19       -0.000000        0.000000        0.000000
     H   19        0.000000        0.000000        0.000000
     H   19        0.000000        0.000000        0.000000

     C   20       -0.104747       -0.060141       -0.019327
     C   20       -0.060141        0.251328        0.118138
     C   20       -0.019327        0.118138       -0.146581

     H   21       -0.000000        0.000000        0.000000
     H   21        0.000000        0.000000        0.000000
     H   21        0.000000        0.000000        0.000000

     C   22       -0.202223       -0.138403       -0.074258
     C   22       -0.138403        0.275537        0.071523
     C   22       -0.074258        0.071523       -0.073314

     C   23       -0.033221        0.021561       -0.026904
     C   23        0.021561        0.234070        0.058747
     C   23       -0.026904        0.058747       -0.200850

     Cl  24        0.693133        1.056282        0.816119
     Cl  24        1.056282        0.244631       -1.281220
     Cl  24        0.816119       -1.281220       -0.937764

     ----- total EFG -----
     Cl   1       -1.172000       -0.212319       -0.021475
     Cl   1       -0.212319        0.444153        1.803327
     Cl   1       -0.021475        1.803327        0.727848

     C    2        0.087837       -0.495200        0.042683
     C    2       -0.495200       -0.017169       -0.012458
     C    2        0.042683       -0.012458       -0.070668

     C    3       -0.502364        0.043025       -0.171097
     C    3        0.043025        0.341253        0.343116
     C    3       -0.171097        0.343116        0.161110

     H    4        0.449624        0.166226        0.579212
     H    4        0.166226       -0.267729       -0.266274
     H    4        0.579212       -0.266274       -0.181894

     C    5        0.195999       -0.734258       -0.259153
     C    5       -0.734258       -0.082369       -0.226544
     C    5       -0.259153       -0.226544       -0.113630

     H    6       -0.517728        0.109607        0.066136
     H    6        0.109607        0.329321        0.365944
     H    6        0.066136        0.365944        0.188408

     H    7       -0.202619        0.046829        0.063302
     H    7        0.046829        0.281404       -0.115905
     H    7        0.063302       -0.115905       -0.078785

     C    8       -0.727747       -0.407600       -0.127010
     C    8       -0.407600        0.806141       -0.112630
     C    8       -0.127010       -0.112630       -0.078394

     H    9        0.254300       -0.329814        0.099547
     H    9       -0.329814        0.102488       -0.269814
     H    9        0.099547       -0.269814       -0.356788

     C   10        0.050526       -0.162976        0.078335
     C   10       -0.162976        0.331371        0.369406
     C   10        0.078335        0.369406       -0.381897

     C   11       -0.352826       -0.240554       -0.152201
     C   11       -0.240554        0.524238        0.025193
     C   11       -0.152201        0.025193       -0.171413

     Cl  12        0.003814        0.473104       -1.026106
     Cl  12        0.473104        0.409254        1.811366
     Cl  12       -1.026106        1.811366       -0.413068

     H   13       -0.434119       -0.307088        0.233739
     H   13       -0.307088        0.607342        0.375377
     H   13        0.233739        0.375377       -0.173223

     C   14       -0.594253        0.151530       -0.096780
     C   14        0.151530        0.564166        0.084996
     C   14       -0.096780        0.084996        0.030087

     H   15        0.424254        0.189168        0.467398
     H   15        0.189168       -0.101980        0.522911
     H   15        0.467398        0.522911       -0.322273

     C   16        0.160723       -0.088741        0.112179
     C   16       -0.088741       -0.004997       -0.069761
     C   16        0.112179       -0.069761       -0.155726

     C   17       -0.313711       -0.051746        0.112891
     C   17       -0.051746        0.027765       -0.091974
     C   17        0.112891       -0.091974        0.285946

     Cl  18        3.446026       -2.791311        0.275104
     Cl  18       -2.791311       -0.771093       -0.006632
     Cl  18        0.275104       -0.006632       -2.674933

     H   19       -0.105607        0.149519        0.014518
     H   19        0.149519       -0.154562       -0.319915
     H   19        0.014518       -0.319915        0.260170

     C   20        0.001759       -0.012273        0.083870
     C   20       -0.012273        0.306073        0.282731
     C   20        0.083870        0.282731       -0.307832

     H   21        0.402551        0.187062        0.420397
     H   21        0.187062       -0.364928       -0.261836
     H   21        0.420397       -0.261836       -0.037624

     C   22       -0.623689       -0.354010       -0.188058
     C   22       -0.354010        0.757646       -0.027224
     C   22       -0.188058       -0.027224       -0.133957

     C   23        0.115150        0.045325        0.077456
     C   23        0.045325        0.395905        0.291112
     C   23        0.077456        0.291112       -0.511055

     Cl  24        0.706978        1.104660        0.929063
     Cl  24        1.104660        0.309172       -1.397454
     Cl  24        0.929063       -1.397454       -1.016150

     ----- total EFG (symmetrized) -----
     Cl   1       -1.172000       -0.212319       -0.021475
     Cl   1       -0.212319        0.444153        1.803327
     Cl   1       -0.021475        1.803327        0.727848

     C    2        0.087837       -0.495200        0.042683
     C    2       -0.495200       -0.017169       -0.012458
     C    2        0.042683       -0.012458       -0.070668

     C    3       -0.502364        0.043025       -0.171097
     C    3        0.043025        0.341253        0.343116
     C    3       -0.171097        0.343116        0.161110

     H    4        0.449624        0.166226        0.579212
     H    4        0.166226       -0.267729       -0.266274
     H    4        0.579212       -0.266274       -0.181894

     C    5        0.195999       -0.734258       -0.259153
     C    5       -0.734258       -0.082369       -0.226544
     C    5       -0.259153       -0.226544       -0.113630

     H    6       -0.517728        0.109607        0.066136
     H    6        0.109607        0.329321        0.365944
     H    6        0.066136        0.365944        0.188408

     H    7       -0.202619        0.046829        0.063302
     H    7        0.046829        0.281404       -0.115905
     H    7        0.063302       -0.115905       -0.078785

     C    8       -0.727747       -0.407600       -0.127010
     C    8       -0.407600        0.806141       -0.112630
     C    8       -0.127010       -0.112630       -0.078394

     H    9        0.254300       -0.329814        0.099547
     H    9       -0.329814        0.102488       -0.269814
     H    9        0.099547       -0.269814       -0.356788

     C   10        0.050526       -0.162976        0.078335
     C   10       -0.162976        0.331371        0.369406
     C   10        0.078335        0.369406       -0.381897

     C   11       -0.352826       -0.240554       -0.152201
     C   11       -0.240554        0.524238        0.025193
     C   11       -0.152201        0.025193       -0.171413

     Cl  12        0.003814        0.473104       -1.026106
     Cl  12        0.473104        0.409254        1.811366
     Cl  12       -1.026106        1.811366       -0.413068

     H   13       -0.434119       -0.307088        0.233739
     H   13       -0.307088        0.607342        0.375377
     H   13        0.233739        0.375377       -0.173223

     C   14       -0.594253        0.151530       -0.096780
     C   14        0.151530        0.564166        0.084996
     C   14       -0.096780        0.084996        0.030087

     H   15        0.424254        0.189168        0.467398
     H   15        0.189168       -0.101980        0.522911
     H   15        0.467398        0.522911       -0.322273

     C   16        0.160723       -0.088741        0.112179
     C   16       -0.088741       -0.004997       -0.069761
     C   16        0.112179       -0.069761       -0.155726

     C   17       -0.313711       -0.051746        0.112891
     C   17       -0.051746        0.027765       -0.091974
     C   17        0.112891       -0.091974        0.285946

     Cl  18        3.446026       -2.791311        0.275104
     Cl  18       -2.791311       -0.771093       -0.006632
     Cl  18        0.275104       -0.006632       -2.674933

     H   19       -0.105607        0.149519        0.014518
     H   19        0.149519       -0.154562       -0.319915
     H   19        0.014518       -0.319915        0.260170

     C   20        0.001759       -0.012273        0.083870
     C   20       -0.012273        0.306073        0.282731
     C   20        0.083870        0.282731       -0.307832

     H   21        0.402551        0.187062        0.420397
     H   21        0.187062       -0.364928       -0.261836
     H   21        0.420397       -0.261836       -0.037624

     C   22       -0.623689       -0.354010       -0.188058
     C   22       -0.354010        0.757646       -0.027224
     C   22       -0.188058       -0.027224       -0.133957

     C   23        0.115150        0.045325        0.077456
     C   23        0.045325        0.395905        0.291112
     C   23        0.077456        0.291112       -0.511055

     Cl  24        0.706978        1.104660        0.929063
     Cl  24        1.104660        0.309172       -1.397454
     Cl  24        0.929063       -1.397454       -1.016150


     NQR/NMR SPECTROSCOPIC PARAMETERS:
     Cl   1    Vxx=   -1.0582    axis=( -0.758505  0.453987 -0.467511)
     Cl   1    Vyy=   -1.3439    axis=( -0.650129 -0.576445  0.495019)
     Cl   1    Vzz=    2.4021    axis=( -0.044762  0.679416  0.732386)
     Cl   1  Q=        -8.1650 1e-30 m^2  Cq=       -46.0823 MHz  eta= 0.11896

     C    2    Vxx=   -0.0724    axis=( -0.016077  0.080700  0.996609)
     C    2    Vyy=   -0.4636    axis=( -0.669451 -0.741224  0.049221)
     C    2    Vzz=    0.5360    axis=(  0.742682 -0.666390  0.065941)
     C    2  Q=         1.0000 1e-30 m^2  Cq=         1.2593 MHz  eta= 0.72996

     C    3    Vxx=   -0.0470    axis=( -0.329653 -0.604381  0.725295)
     C    3    Vyy=   -0.5635    axis=( -0.941841  0.157393 -0.296921)
     C    3    Vzz=    0.6105    axis=(  0.065297 -0.780994 -0.621116)
     C    3  Q=         1.0000 1e-30 m^2  Cq=         1.4345 MHz  eta= 0.84591

     H    4    Vxx=   -0.0575    axis=(  0.278352  0.830716 -0.482111)
     H    4    Vyy=   -0.7361    axis=( -0.426331  0.556652  0.713009)
     H    4    Vzz=    0.7936    axis=(  0.860675  0.007071  0.509105)
     H    4  Q=         1.0000 1e-30 m^2  Cq=         1.8647 MHz  eta= 0.85510

     C    5    Vxx=    0.0404    axis=( -0.218076 -0.365594  0.904867)
     C    5    Vyy=    0.8077    axis=( -0.777841  0.625081  0.065089)
     C    5    Vzz=   -0.8481    axis=( -0.589411 -0.689649 -0.420689)
     C    5  Q=         1.0000 1e-30 m^2  Cq=        -1.9927 MHz  eta= 0.90483

     H    6    Vxx=   -0.1130    axis=( -0.044056 -0.630351  0.775059)
     H    6    Vyy=   -0.5323    axis=( -0.993144  0.111718  0.034408)
     H    6    Vzz=    0.6453    axis=( -0.108277 -0.768229 -0.630951)
     H    6  Q=         1.0000 1e-30 m^2  Cq=         1.5162 MHz  eta= 0.64987

     H    7    Vxx=   -0.0717    axis=(  0.486130  0.213673  0.847362)
     H    7    Vyy=   -0.2452    axis=(  0.872257 -0.177828 -0.455571)
     H    7    Vzz=    0.3169    axis=( -0.053341 -0.960584  0.272825)
     H    7  Q=         1.0000 1e-30 m^2  Cq=         0.7446 MHz  eta= 0.54755

     C    8    Vxx=   -0.0555    axis=( -0.203936  0.031429  0.978480)
     C    8    Vyy=   -0.8585    axis=(  0.950521  0.245614  0.190219)
     C    8    Vzz=    0.9140    axis=( -0.234350  0.968858 -0.079963)
     C    8  Q=         1.0000 1e-30 m^2  Cq=         2.1476 MHz  eta= 0.87847

     H    9    Vxx=   -0.0978    axis=(  0.687190  0.618810 -0.380584)
     H    9    Vyy=   -0.4854    axis=(  0.082871  0.453685  0.887301)
     H    9    Vzz=    0.5833    axis=(  0.721736 -0.641283  0.260487)
     H    9  Q=         1.0000 1e-30 m^2  Cq=         1.3705 MHz  eta= 0.66456

     C   10    Vxx=    0.0494    axis=(  0.941824  0.150911  0.300322)
     C   10    Vyy=    0.5198    axis=(  0.255366 -0.902251 -0.347464)
     C   10    Vzz=   -0.5692    axis=(  0.218529  0.403942 -0.888299)
     C   10  Q=         1.0000 1e-30 m^2  Cq=        -1.3373 MHz  eta= 0.82644

     C   11    Vxx=   -0.1112    axis=( -0.387523 -0.182519  0.903611)
     C   11    Vyy=   -0.4799    axis=( -0.884815 -0.201435 -0.420150)
     C   11    Vzz=    0.5911    axis=(  0.258705 -0.962346 -0.083435)
     C   11  Q=         1.0000 1e-30 m^2  Cq=         1.3888 MHz  eta= 0.62365

     Cl  12    Vxx=    0.4682    axis=( -0.890804 -0.397725  0.219733)
     Cl  12    Vyy=    1.9019    axis=(  0.168758 -0.738578 -0.652704)
     Cl  12    Vzz=   -2.3701    axis=(  0.421887 -0.544350  0.725048)
     Cl  12  Q=        -8.1650 1e-30 m^2  Cq=        45.4685 MHz  eta= 0.60495

     H   13    Vxx=   -0.0623    axis=( -0.613425  0.153011 -0.774788)
     H   13    Vyy=   -0.7308    axis=( -0.770770 -0.329793  0.545114)
     H   13    Vzz=    0.7931    axis=( -0.172112  0.931571  0.320240)
     H   13  Q=         1.0000 1e-30 m^2  Cq=         1.8635 MHz  eta= 0.84291

     C   14    Vxx=    0.0381    axis=( -0.175539 -0.107547  0.978580)
     C   14    Vyy=    0.5930    axis=(  0.115199  0.984942  0.128911)
     C   14    Vzz=   -0.6311    axis=( -0.977709  0.135360 -0.160507)
     C   14  Q=         1.0000 1e-30 m^2  Cq=        -1.4829 MHz  eta= 0.87924

     H   15    Vxx=   -0.0360    axis=(  0.615932 -0.722498 -0.314045)
     H   15    Vyy=   -0.8029    axis=(  0.224469  0.543063 -0.809133)
     H   15    Vzz=    0.8389    axis=(  0.755143  0.427878  0.496668)
     H   15  Q=         1.0000 1e-30 m^2  Cq=         1.9710 MHz  eta= 0.91428

     C   16    Vxx=   -0.0415    axis=(  0.447180  0.888440 -0.103464)
     C   16    Vyy=   -0.2008    axis=( -0.236745  0.229115  0.944171)
     C   16    Vzz=    0.2423    axis=(  0.862544 -0.397720  0.312789)
     C   16  Q=         1.0000 1e-30 m^2  Cq=         0.5694 MHz  eta= 0.65716

     C   17    Vxx=   -0.0010    axis=( -0.041265  0.946646  0.319624)
     C   17    Vyy=   -0.3376    axis=(  0.981708  0.097923 -0.163279)
     C   17    Vzz=    0.3387    axis=(  0.185866 -0.307039  0.933371)
     C   17  Q=         1.0000 1e-30 m^2  Cq=         0.7958 MHz  eta= 0.99390

     Cl  18    Vxx=   -2.1359    axis=(  0.429223  0.878863  0.208247)
     Cl  18    Vyy=   -2.7080    axis=(  0.121779  0.172147 -0.977515)
     Cl  18    Vzz=    4.8439    axis=( -0.894951  0.444932 -0.033137)
     Cl  18  Q=        -8.1650 1e-30 m^2  Cq=       -92.9285 MHz  eta= 0.11811

     H   19    Vxx=   -0.0452    axis=(  0.893190  0.331059  0.304322)
     H   19    Vyy=   -0.3954    axis=( -0.435572  0.805130  0.402545)
     H   19    Vzz=    0.4406    axis=( -0.111753 -0.492103  0.863334)
     H   19  Q=         1.0000 1e-30 m^2  Cq=         1.0353 MHz  eta= 0.79465

     C   20    Vxx=    0.0165    axis=(  0.981353 -0.111379  0.156658)
     C   20    Vyy=    0.4173    axis=(  0.046745  0.928831  0.367543)
     C   20    Vzz=   -0.4339    axis=( -0.186445 -0.353366  0.916717)
     C   20  Q=         1.0000 1e-30 m^2  Cq=        -1.0194 MHz  eta= 0.92375

     H   21    Vxx=   -0.0060    axis=( -0.365351 -0.665305  0.651067)
     H   21    Vyy=   -0.6517    axis=( -0.356615  0.746093  0.562292)
     H   21    Vzz=    0.6576    axis=(  0.859852  0.026746  0.509843)
     H   21  Q=         1.0000 1e-30 m^2  Cq=         1.5452 MHz  eta= 0.98184

     C   22    Vxx=   -0.0776    axis=( -0.274621 -0.085176  0.957773)
     C   22    Vyy=   -0.7658    axis=(  0.931947  0.221688  0.286931)
     C   22    Vzz=    0.8434    axis=( -0.236766  0.971391  0.018499)
     C   22  Q=         1.0000 1e-30 m^2  Cq=         1.9817 MHz  eta= 0.81595

     C   23    Vxx=    0.1091    axis=(  0.981343 -0.189285  0.033716)
     C   23    Vyy=    0.4927    axis=(  0.171944  0.942491  0.286612)
     C   23    Vzz=   -0.6018    axis=( -0.086028 -0.275468  0.957453)
     C   23  Q=         1.0000 1e-30 m^2  Cq=        -1.4139 MHz  eta= 0.63751

     Cl  24    Vxx=    0.8461    axis=( -0.593817  0.472783 -0.651043)
     Cl  24    Vyy=    1.6538    axis=( -0.698570 -0.704429  0.125615)
     Cl  24    Vzz=   -2.4999    axis=( -0.399225  0.529392  0.748574)
     Cl  24  Q=        -8.1650 1e-30 m^2  Cq=        47.9595 MHz  eta= 0.32312

     Initialization:
     gipaw_setup  :      9.14s CPU     11.26s WALL (       1 calls)

     Linear response

     Apply operators

     Induced current

     Other routines
     efg          :      9.35s CPU     11.73s WALL (       1 calls)

     General routines
     calbec       :      3.26s CPU      4.38s WALL (      16 calls)
     fft          :      1.50s CPU      1.98s WALL (      15 calls)
     ffts         :      0.02s CPU      0.05s WALL (       2 calls)
     fftw         :      3.32s CPU      3.97s WALL (     672 calls)
     davcio       :      0.03s CPU      0.33s WALL (      32 calls)

     Parallel routines
     fft_scatter  :      2.15s CPU      3.08s WALL (     689 calls)

     Plugins

     GIPAW        :     61.32s CPU     72.65s WALL (       1 calls)
