
     Program QE v.6.0 (svn rev. 13079) starts on 15Dec2016 at 23:33:18 

     This program is part of the open-source Quantum ESPRESSO suite
     for quantum simulation of materials; please cite
         "P. Giannozzi et al., J. Phys.:Condens. Matter 21 395502 (2009);
          URL http://www.quantum-espresso.org", 
     in publications or presentations arising from this work. More details at
     http://www.quantum-espresso.org/quote

     Parallel version (MPI), running on     8 processors
     R & G space division:  proc/nbgrp/npool/nimage =       8

     ***** This is GIPAW svn revision unknown      *****

     Parallelizing q-star over 1 images

     Reading data from directory:
     /users/majewski/paradichlorobenzene/pbe/9_constraint/scratch/pbe.ecut100.np8.dt60.pcl2phi-129368.save
     Message from routine read_xml_file:
     file /users/majewski/paradichlorobenzene/pbe/9_constraint/scratch/pbe.ecut100.np8.dt60.pcl2phi-129368.save not guaranteed to be safe for post-processing

   Info: using nr1, nr2, nr3 values from input

   Info: using nr1, nr2, nr3 values from input

     IMPORTANT: XC functional enforced from input :
     Exchange-correlation      =  SLA  PW   PBX  PBC ( 1  4  3  4 0 0)
     Any further DFT definition will be discarded
     Please, verify this is what you really want

               file C.pbe-n-kjpaw_psl.1.0.0.UPF: wavefunction(s)  2S 2P renormalized
               file Cl.pbe-n-kjpaw_psl.1.0.0.UPF: wavefunction(s)  3S 3P renormalized
               file H.pbe-kjpaw_psl.1.0.0.UPF: wavefunction(s)  1S renormalized

     Parallelization info
     --------------------
     sticks:   dense  smooth     PW     G-vecs:    dense   smooth      PW
     Min        3057    1223    332               144436    36536    5170
     Max        3059    1225    333               144437    36537    5171
     Sum       24467    9791   2657              1155489   292295   41363


     Subspace diagonalization in iterative solution of the eigenvalue problem:
     a serial algorithm will be used

     GIPAW projectors -----------------------------------------------
     atom=  C    l=0  rc=    1.2000  rs=    0.8000
     atom=  C    l=0  rc=    1.2000  rs=    0.8000
     atom=  C    l=1  rc=    1.4000  rs=    0.9333
     atom=  C    l=1  rc=    1.4000  rs=    0.9333
     projs nearly linearly dependent: l=1  n1,n2= 1, 2  s=  0.99951561

     atom=  Cl   l=0  rc=    1.6000  rs=    1.0667
     atom=  Cl   l=0  rc=    1.6000  rs=    1.0667
     atom=  Cl   l=1  rc=    1.6000  rs=    1.0667
     atom=  Cl   l=1  rc=    1.6000  rs=    1.0667
     atom=  Cl   l=2  rc=    1.6000  rs=    1.0667
     atom=  Cl   l=2  rc=    1.6000  rs=    1.0667
     projs nearly linearly dependent: l=2  n1,n2= 1, 2  s=  0.99993509

     atom=  H    l=0  rc=    1.0000  rs=    0.6667
     atom=  H    l=0  rc=    1.0000  rs=    0.6667
     projs nearly linearly dependent: l=0  n1,n2= 1, 2  s=  0.99968852
     -----------------------------------------------------------------

     GIPAW integrals: -------------------------------------------
     Atom  i/j   nmr_para   nmr_dia   epr_rmc  epr_para   epr_dia
       C   1 1   0.83E+03  0.17E-01  0.93E+01  0.24E+08  0.24E+03
       C   2 1   0.86E+03 -0.61E-01  0.94E+01  0.25E+08  0.25E+03
       C   2 2   0.90E+03 -0.15E+00  0.97E+01  0.26E+08  0.26E+03
       C   3 3   0.33E+01  0.34E+00  0.18E+01  0.55E+03  0.21E+02
       C   4 3   0.35E+01  0.37E+00  0.20E+01  0.59E+03  0.22E+02
       C   4 4   0.38E+01  0.39E+00  0.22E+01  0.63E+03  0.24E+02
       Cl  1 1   0.14E+04 -0.47E+00  0.84E+01  0.32E+09  0.42E+03
       Cl  2 1   0.21E+04 -0.37E+00  0.12E+02  0.49E+09  0.65E+03
       Cl  2 2   0.33E+04 -0.16E+00  0.21E+02  0.76E+09  0.10E+04
       Cl  3 3   0.21E+02  0.79E-01  0.89E+01  0.23E+05  0.13E+03
       Cl  4 3   0.24E+02  0.67E-01  0.99E+01  0.27E+05  0.15E+03
       Cl  4 4   0.28E+02  0.44E-01  0.11E+02  0.32E+05  0.18E+03
       Cl  5 5   0.77E+00  0.19E+00  0.18E+01  0.12E+03  0.22E+02
       Cl  6 5   0.80E+00  0.19E+00  0.19E+01  0.12E+03  0.23E+02
       Cl  6 6   0.83E+00  0.20E+00  0.19E+01  0.12E+03  0.23E+02
       H   1 1   0.39E+02  0.19E+00  0.29E+00  0.78E+05  0.13E+02
       H   2 1   0.41E+02  0.21E+00  0.32E+00  0.82E+05  0.14E+02
       H   2 2   0.43E+02  0.22E+00  0.36E+00  0.86E+05  0.15E+02
     ------------------------------------------------------------

     alpha_pv=     34.4008 eV

     Number of occupied bands for each k-point:
     k-point:     1    nbnd_occ=  42
     k-point:     2    nbnd_occ=  42
     k-point:     3    nbnd_occ=  42
     k-point:     4    nbnd_occ=  42
     k-point:     5    nbnd_occ=  42
     k-point:     6    nbnd_occ=  42
     k-point:     7    nbnd_occ=  42
     k-point:     8    nbnd_occ=  42
     k-point:     9    nbnd_occ=  42
     k-point:    10    nbnd_occ=  42
     k-point:    11    nbnd_occ=  42
     k-point:    12    nbnd_occ=  42
     k-point:    13    nbnd_occ=  42
     k-point:    14    nbnd_occ=  42
     k-point:    15    nbnd_occ=  42
     k-point:    16    nbnd_occ=  42


     q-space interpolation up to   110.00 Rydberg

     GIPAW job: efg                                                                             


     ELECTRIC FIELD GRADIENTS TENSORS IN Hartree/bohrradius^2:

     ----- bare term -----
     Cl   1        0.354035        0.038696       -0.195358
     Cl   1        0.038696        0.374170       -0.291147
     Cl   1       -0.195358       -0.291147       -0.728205

     C    2       -0.750703        0.224214       -0.238060
     C    2        0.224214        0.234015       -0.081896
     C    2       -0.238060       -0.081896        0.516687

     C    3        0.069802       -0.187501       -0.284394
     C    3       -0.187501       -0.358149       -0.492701
     C    3       -0.284394       -0.492701        0.288348

     H    4       -0.622033        0.038921        0.093041
     H    4        0.038921        0.344419       -0.283496
     H    4        0.093041       -0.283496        0.277614

     C    5       -0.416981        0.335960       -0.159669
     C    5        0.335960        0.044461       -0.193230
     C    5       -0.159669       -0.193230        0.372520

     H    6       -0.146403       -0.080862       -0.250228
     H    6       -0.080862       -0.189767       -0.456956
     H    6       -0.250228       -0.456956        0.336170

     H    7        0.326277        0.143407       -0.121407
     H    7        0.143407       -0.412070        0.523851
     H    7       -0.121407        0.523851        0.085793

     C    8       -0.298765       -0.325478       -0.326678
     C    8       -0.325478       -0.148277        0.408064
     C    8       -0.326678        0.408064        0.447042

     H    9       -0.225485        0.026333       -0.553832
     H    9        0.026333        0.164721       -0.026346
     H    9       -0.553832       -0.026346        0.060764

     C   10       -0.101459       -0.323342       -0.192295
     C   10       -0.323342       -0.301733        0.529458
     C   10       -0.192295        0.529458        0.403192

     C   11       -0.401767        0.061238       -0.263397
     C   11        0.061238       -0.022654        0.345516
     C   11       -0.263397        0.345516        0.424421

     Cl  12        0.044173       -0.256016       -0.001166
     Cl  12       -0.256016       -0.061097        0.003539
     Cl  12       -0.001166        0.003539        0.016923

     H   13        0.293937       -0.213920       -0.301299
     H   13       -0.213920       -0.177701       -0.556302
     H   13       -0.301299       -0.556302       -0.116236

     C   14        0.053017        0.582759        0.033874
     C   14        0.582759       -0.416338       -0.383015
     C   14        0.033874       -0.383015        0.363321

     H   15       -0.647897       -0.269491        0.127848
     H   15       -0.269491        0.420914       -0.085400
     H   15        0.127848       -0.085400        0.226983

     C   16       -0.200074        0.258821       -0.371658
     C   16        0.258821       -0.180475       -0.497392
     C   16       -0.371658       -0.497392        0.380549

     C   17       -0.197572       -0.260927       -0.314813
     C   17       -0.260927       -0.056597       -0.694158
     C   17       -0.314813       -0.694158        0.254170

     Cl  18       -0.148544        0.133208        0.124768
     Cl  18        0.133208       -0.127043        0.008222
     Cl  18        0.124768        0.008222        0.275587

     H   19        0.435776        0.010745        0.065827
     H   19        0.010745        0.149952        0.134869
     H   19        0.065827        0.134869       -0.585728

     C   20       -0.215677       -0.281324        0.009003
     C   20       -0.281324        0.017572        0.235417
     C   20        0.009003        0.235417        0.198105

     H   21        0.151276       -0.004773       -0.351258
     H   21       -0.004773        0.223022       -0.229612
     H   21       -0.351258       -0.229612       -0.374298

     C   22        0.153519       -0.074009       -0.054933
     C   22       -0.074009       -0.052076        0.119144
     C   22       -0.054933        0.119144       -0.101443

     C   23       -0.286566       -0.253317       -0.438758
     C   23       -0.253317       -0.005747        0.447000
     C   23       -0.438758        0.447000        0.292313

     Cl  24        0.002699       -0.067875       -0.058360
     Cl  24       -0.067875        0.005208        0.027683
     Cl  24       -0.058360        0.027683       -0.007907

     ----- ionic term -----
     Cl   1        0.086950       -0.199625       -0.079669
     Cl   1       -0.199625        0.018440        0.063797
     Cl   1       -0.079669        0.063797       -0.105389

     C    2        0.298871       -0.086749        0.113076
     C    2       -0.086749        0.016817        0.442813
     C    2        0.113076        0.442813       -0.315688

     C    3        0.189050       -0.127488        0.100816
     C    3       -0.127488        0.112064        0.435358
     C    3        0.100816        0.435358       -0.301114

     H    4        0.799605        0.369067        0.508456
     H    4        0.369067       -0.436745        0.206626
     H    4        0.508456        0.206626       -0.362860

     C    5        0.300506       -0.161573        0.129461
     C    5       -0.161573        0.070700        0.332238
     C    5        0.129461        0.332238       -0.371206

     H    6       -0.506025        0.230548        0.132116
     H    6        0.230548        0.695053        0.711429
     H    6        0.132116        0.711429       -0.189028

     H    7       -0.526028       -0.073423        0.059536
     H    7       -0.073423        0.517635       -0.761713
     H    7        0.059536       -0.761713        0.008393

     C    8        0.174821        0.267321        0.298567
     C    8        0.267321        0.060768       -0.275219
     C    8        0.298567       -0.275219       -0.235589

     H    9        0.537476       -0.099400        0.757793
     H    9       -0.099400       -0.493298       -0.147076
     H    9        0.757793       -0.147076       -0.044178

     C   10        0.082811        0.304767        0.241816
     C   10        0.304767        0.147782       -0.336628
     C   10        0.241816       -0.336628       -0.230593

     C   11        0.123965        0.274120        0.408930
     C   11        0.274120        0.018494       -0.300428
     C   11        0.408930       -0.300428       -0.142459

     Cl  12        0.117503        0.221793        0.040826
     Cl  12        0.221793        0.037109        0.016516
     Cl  12        0.040826        0.016516       -0.154612

     H   13       -0.500799        0.069057        0.038336
     H   13        0.069057        0.452779        0.809599
     H   13        0.038336        0.809599        0.048020

     C   14        0.367086       -0.208601        0.079734
     C   14       -0.208601        0.010293        0.360401
     C   14        0.079734        0.360401       -0.377379

     H   15        0.874351        0.245504        0.493936
     H   15        0.245504       -0.480715        0.160182
     H   15        0.493936        0.160182       -0.393636

     C   16        0.208824       -0.192586        0.094175
     C   16       -0.192586        0.163666        0.433672
     C   16        0.094175        0.433672       -0.372490

     C   17        0.205463       -0.100542        0.208377
     C   17       -0.100542        0.137331        0.393031
     C   17        0.208377        0.393031       -0.342794

     Cl  18        0.071371       -0.181618       -0.013332
     Cl  18       -0.181618        0.060181        0.022928
     Cl  18       -0.013332        0.022928       -0.131552

     H   19       -0.554619        0.016760       -0.000295
     H   19        0.016760        0.246137       -0.811037
     H   19       -0.000295       -0.811037        0.308482

     C   20        0.138628        0.312782        0.336544
     C   20        0.312782       -0.042816       -0.265313
     C   20        0.336544       -0.265313       -0.095811

     H   21        0.478477       -0.108371        0.778784
     H   21       -0.108371       -0.504589       -0.157768
     H   21        0.778784       -0.157768        0.026113

     C   22        0.042615        0.320619        0.225586
     C   22        0.320619        0.098964       -0.366903
     C   22        0.225586       -0.366903       -0.141578

     C   23        0.097681        0.243940        0.288734
     C   23        0.243940        0.026377       -0.393973
     C   23        0.288734       -0.393973       -0.124058

     Cl  24        0.096022        0.205485        0.004109
     Cl  24        0.205485        0.034714       -0.008388
     Cl  24        0.004109       -0.008388       -0.130736

     ----- GIPAW term -----
     Cl   1        0.371448       -0.394110       -0.259410
     Cl   1       -0.394110        0.252432       -0.010969
     Cl   1       -0.259410       -0.010969       -0.623880

     C    2       -0.140506        0.016636        0.068542
     C    2        0.016636       -0.000215        0.147497
     C    2        0.068542        0.147497        0.140720

     C    3       -0.050737       -0.151428       -0.116649
     C    3       -0.151428        0.026433        0.114543
     C    3       -0.116649        0.114543        0.024304

     H    4       -0.000000        0.000000        0.000000
     H    4        0.000000        0.000000        0.000000
     H    4        0.000000        0.000000        0.000000

     C    5        0.049829       -0.178410        0.005901
     C    5       -0.178410        0.067518        0.002443
     C    5        0.005901        0.002443       -0.117347

     H    6       -0.000000        0.000000        0.000000
     H    6        0.000000        0.000000        0.000000
     H    6        0.000000        0.000000        0.000000

     H    7       -0.000000        0.000000        0.000000
     H    7        0.000000        0.000000        0.000000
     H    7        0.000000        0.000000        0.000000

     C    8       -0.011124       -0.093658       -0.082267
     C    8       -0.093658       -0.052513        0.110391
     C    8       -0.082267        0.110391        0.063637

     H    9       -0.000000        0.000000        0.000000
     H    9        0.000000        0.000000        0.000000
     H    9        0.000000        0.000000        0.000000

     C   10       -0.035371       -0.058385       -0.031114
     C   10       -0.058385       -0.021516        0.062725
     C   10       -0.031114        0.062725        0.056887

     C   11       -0.020414        0.092753        0.108428
     C   11        0.092753       -0.091759       -0.018259
     C   11        0.108428       -0.018259        0.112173

     Cl  12        2.186150        0.575909       -0.005052
     Cl  12        0.575909       -0.334713        0.014372
     Cl  12       -0.005052        0.014372       -1.851437

     H   13       -0.000000        0.000000        0.000000
     H   13        0.000000        0.000000        0.000000
     H   13        0.000000        0.000000        0.000000

     C   14        0.148176        0.242378        0.117281
     C   14        0.242378       -0.111859       -0.015898
     C   14        0.117281       -0.015898       -0.036318

     H   15       -0.000000        0.000000        0.000000
     H   15        0.000000        0.000000        0.000000
     H   15        0.000000        0.000000        0.000000

     C   16       -0.035896        0.105131       -0.192340
     C   16        0.105131       -0.036430       -0.154495
     C   16       -0.192340       -0.154495        0.072326

     C   17       -0.026358       -0.210664        0.017313
     C   17       -0.210664        0.005011       -0.221186
     C   17        0.017313       -0.221186        0.021346

     Cl  18        0.196341       -1.400578        1.276575
     Cl  18       -1.400578       -1.247227        0.103523
     Cl  18        1.276575        0.103523        1.050886

     H   19       -0.000000        0.000000        0.000000
     H   19        0.000000        0.000000        0.000000
     H   19        0.000000        0.000000        0.000000

     C   20       -0.080055       -0.013002        0.025691
     C   20       -0.013002       -0.022854        0.118117
     C   20        0.025691        0.118117        0.102908

     H   21       -0.000000        0.000000        0.000000
     H   21        0.000000        0.000000        0.000000
     H   21        0.000000        0.000000        0.000000

     C   22       -0.012463        0.000034       -0.009210
     C   22        0.000034        0.014366        0.031523
     C   22       -0.009210        0.031523       -0.001904

     C   23       -0.077929       -0.038275       -0.133139
     C   23       -0.038275        0.071119        0.215219
     C   23       -0.133139        0.215219        0.006811

     Cl  24        0.199020       -0.094893       -0.850013
     Cl  24       -0.094893        1.703424        1.502342
     Cl  24       -0.850013        1.502342       -1.902444

     ----- total EFG -----
     Cl   1        0.812432       -0.555040       -0.534437
     Cl   1       -0.555040        0.645042       -0.238319
     Cl   1       -0.534437       -0.238319       -1.457474

     C    2       -0.592337        0.154100       -0.056441
     C    2        0.154100        0.250617        0.508414
     C    2       -0.056441        0.508414        0.341719

     C    3        0.208115       -0.466417       -0.300227
     C    3       -0.466417       -0.219652        0.057200
     C    3       -0.300227        0.057200        0.011538

     H    4        0.177572        0.407987        0.601498
     H    4        0.407987       -0.092326       -0.076870
     H    4        0.601498       -0.076870       -0.085245

     C    5       -0.066645       -0.004023       -0.024307
     C    5       -0.004023        0.182679        0.141452
     C    5       -0.024307        0.141452       -0.116033

     H    6       -0.652428        0.149686       -0.118112
     H    6        0.149686        0.505286        0.254473
     H    6       -0.118112        0.254473        0.147142

     H    7       -0.199751        0.069984       -0.061871
     H    7        0.069984        0.105565       -0.237862
     H    7       -0.061871       -0.237862        0.094186

     C    8       -0.135068       -0.151815       -0.110378
     C    8       -0.151815       -0.140023        0.243236
     C    8       -0.110378        0.243236        0.275091

     H    9        0.311990       -0.073067        0.203962
     H    9       -0.073067       -0.328576       -0.173422
     H    9        0.203962       -0.173422        0.016586

     C   10       -0.054019       -0.076960        0.018407
     C   10       -0.076960       -0.175467        0.255555
     C   10        0.018407        0.255555        0.229486

     C   11       -0.298216        0.428111        0.253961
     C   11        0.428111       -0.095919        0.026830
     C   11        0.253961        0.026830        0.394135

     Cl  12        2.347827        0.541687        0.034609
     Cl  12        0.541687       -0.358701        0.034427
     Cl  12        0.034609        0.034427       -1.989125

     H   13       -0.206861       -0.144863       -0.262963
     H   13       -0.144863        0.275078        0.253296
     H   13       -0.262963        0.253296       -0.068216

     C   14        0.568280        0.616536        0.230889
     C   14        0.616536       -0.517904       -0.038512
     C   14        0.230889       -0.038512       -0.050376

     H   15        0.226454       -0.023987        0.621785
     H   15       -0.023987       -0.059801        0.074783
     H   15        0.621785        0.074783       -0.166653

     C   16       -0.027146        0.171365       -0.469823
     C   16        0.171365       -0.053239       -0.218215
     C   16       -0.469823       -0.218215        0.080385

     C   17       -0.018468       -0.572133       -0.089122
     C   17       -0.572133        0.085745       -0.522313
     C   17       -0.089122       -0.522313       -0.067278

     Cl  18        0.119168       -1.448988        1.388011
     Cl  18       -1.448988       -1.314089        0.134674
     Cl  18        1.388011        0.134674        1.194921

     H   19       -0.118843        0.027504        0.065532
     H   19        0.027504        0.396089       -0.676168
     H   19        0.065532       -0.676168       -0.277245

     C   20       -0.157104        0.018456        0.371238
     C   20        0.018456       -0.048098        0.088221
     C   20        0.371238        0.088221        0.205202

     H   21        0.629753       -0.113143        0.427526
     H   21       -0.113143       -0.281567       -0.387381
     H   21        0.427526       -0.387381       -0.348185

     C   22        0.183671        0.246644        0.161443
     C   22        0.246644        0.061254       -0.216236
     C   22        0.161443       -0.216236       -0.244925

     C   23       -0.266814       -0.047652       -0.283163
     C   23       -0.047652        0.091748        0.268246
     C   23       -0.283163        0.268246        0.175066

     Cl  24        0.297742        0.042717       -0.904264
     Cl  24        0.042717        1.743346        1.521636
     Cl  24       -0.904264        1.521636       -2.041087

     ----- total EFG (symmetrized) -----
     Cl   1        0.812432       -0.555040       -0.534437
     Cl   1       -0.555040        0.645042       -0.238319
     Cl   1       -0.534437       -0.238319       -1.457474

     C    2       -0.592337        0.154100       -0.056441
     C    2        0.154100        0.250617        0.508414
     C    2       -0.056441        0.508414        0.341719

     C    3        0.208115       -0.466417       -0.300227
     C    3       -0.466417       -0.219652        0.057200
     C    3       -0.300227        0.057200        0.011538

     H    4        0.177572        0.407987        0.601498
     H    4        0.407987       -0.092326       -0.076870
     H    4        0.601498       -0.076870       -0.085245

     C    5       -0.066645       -0.004023       -0.024307
     C    5       -0.004023        0.182679        0.141452
     C    5       -0.024307        0.141452       -0.116033

     H    6       -0.652428        0.149686       -0.118112
     H    6        0.149686        0.505286        0.254473
     H    6       -0.118112        0.254473        0.147142

     H    7       -0.199751        0.069984       -0.061871
     H    7        0.069984        0.105565       -0.237862
     H    7       -0.061871       -0.237862        0.094186

     C    8       -0.135068       -0.151815       -0.110378
     C    8       -0.151815       -0.140023        0.243236
     C    8       -0.110378        0.243236        0.275091

     H    9        0.311990       -0.073067        0.203962
     H    9       -0.073067       -0.328576       -0.173422
     H    9        0.203962       -0.173422        0.016586

     C   10       -0.054019       -0.076960        0.018407
     C   10       -0.076960       -0.175467        0.255555
     C   10        0.018407        0.255555        0.229486

     C   11       -0.298216        0.428111        0.253961
     C   11        0.428111       -0.095919        0.026830
     C   11        0.253961        0.026830        0.394135

     Cl  12        2.347827        0.541687        0.034609
     Cl  12        0.541687       -0.358701        0.034427
     Cl  12        0.034609        0.034427       -1.989125

     H   13       -0.206861       -0.144863       -0.262963
     H   13       -0.144863        0.275078        0.253296
     H   13       -0.262963        0.253296       -0.068216

     C   14        0.568280        0.616536        0.230889
     C   14        0.616536       -0.517904       -0.038512
     C   14        0.230889       -0.038512       -0.050376

     H   15        0.226454       -0.023987        0.621785
     H   15       -0.023987       -0.059801        0.074783
     H   15        0.621785        0.074783       -0.166653

     C   16       -0.027146        0.171365       -0.469823
     C   16        0.171365       -0.053239       -0.218215
     C   16       -0.469823       -0.218215        0.080385

     C   17       -0.018468       -0.572133       -0.089122
     C   17       -0.572133        0.085745       -0.522313
     C   17       -0.089122       -0.522313       -0.067278

     Cl  18        0.119168       -1.448988        1.388011
     Cl  18       -1.448988       -1.314089        0.134674
     Cl  18        1.388011        0.134674        1.194921

     H   19       -0.118843        0.027504        0.065532
     H   19        0.027504        0.396089       -0.676168
     H   19        0.065532       -0.676168       -0.277245

     C   20       -0.157104        0.018456        0.371238
     C   20        0.018456       -0.048098        0.088221
     C   20        0.371238        0.088221        0.205202

     H   21        0.629753       -0.113143        0.427526
     H   21       -0.113143       -0.281567       -0.387381
     H   21        0.427526       -0.387381       -0.348185

     C   22        0.183671        0.246644        0.161443
     C   22        0.246644        0.061254       -0.216236
     C   22        0.161443       -0.216236       -0.244925

     C   23       -0.266814       -0.047652       -0.283163
     C   23       -0.047652        0.091748        0.268246
     C   23       -0.283163        0.268246        0.175066

     Cl  24        0.297742        0.042717       -0.904264
     Cl  24        0.042717        1.743346        1.521636
     Cl  24       -0.904264        1.521636       -2.041087


     NQR/NMR SPECTROSCOPIC PARAMETERS:
     Cl   1    Vxx=    0.3195    axis=(  0.571575  0.772898 -0.275555)
     Cl   1    Vyy=    1.3147    axis=(  0.783089 -0.614112 -0.098174)
     Cl   1    Vzz=   -1.6342    axis=(  0.245101  0.159670  0.956259)
     Cl   1  Q=        -8.1650 1e-30 m^2  Cq=        31.3523 MHz  eta= 0.60894

     C    2    Vxx=   -0.1613    axis=(  0.329397  0.682305 -0.652654)
     C    2    Vyy=   -0.6481    axis=( -0.943111  0.270815 -0.192874)
     C    2    Vzz=    0.8094    axis=(  0.045149  0.679057  0.732695)
     C    2  Q=         1.0000 1e-30 m^2  Cq=         1.9019 MHz  eta= 0.60143

     C    3    Vxx=   -0.0922    axis=(  0.223111 -0.421985  0.878721)
     C    3    Vyy=   -0.5459    axis=( -0.576575 -0.783977 -0.230092)
     C    3    Vzz=    0.6381    axis=(  0.785992 -0.455312 -0.418219)
     C    3  Q=         1.0000 1e-30 m^2  Cq=         1.4992 MHz  eta= 0.71112

     H    4    Vxx=   -0.0183    axis=( -0.041437 -0.820554  0.570065)
     H    4    Vyy=   -0.7375    axis=(  0.621563 -0.467881 -0.628289)
     H    4    Vzz=    0.7559    axis=(  0.782268  0.328297  0.529413)
     H    4  Q=         1.0000 1e-30 m^2  Cq=         1.7760 MHz  eta= 0.95153

     C    5    Vxx=   -0.0631    axis=(  0.981037  0.108490 -0.160615)
     C    5    Vyy=   -0.1765    axis=( -0.189285  0.358010 -0.914330)
     C    5    Vzz=    0.2396    axis=( -0.041694  0.927393  0.371757)
     C    5  Q=         1.0000 1e-30 m^2  Cq=         0.5629 MHz  eta= 0.47312

     H    6    Vxx=    0.0570    axis=( -0.234513 -0.419495  0.876942)
     H    6    Vyy=    0.6423    axis=( -0.062788 -0.893679 -0.444293)
     H    6    Vzz=   -0.6993    axis=(  0.970083 -0.159254  0.183240)
     H    6  Q=         1.0000 1e-30 m^2  Cq=        -1.6431 MHz  eta= 0.83699

     H    7    Vxx=   -0.1378    axis=(  0.057481  0.689334  0.722160)
     H    7    Vyy=   -0.2158    axis=(  0.984400 -0.159619  0.074010)
     H    7    Vzz=    0.3535    axis=(  0.166288  0.706640 -0.687755)
     H    7  Q=         1.0000 1e-30 m^2  Cq=         0.8307 MHz  eta= 0.22052

     C    8    Vxx=   -0.1228    axis=( -0.789486  0.401357 -0.464353)
     C    8    Vyy=   -0.3126    axis=(  0.545464  0.805666 -0.231023)
     C    8    Vzz=    0.4354    axis=( -0.281391  0.435677  0.854988)
     C    8  Q=         1.0000 1e-30 m^2  Cq=         1.0229 MHz  eta= 0.43583

     H    9    Vxx=   -0.0431    axis=(  0.519981  0.342299 -0.782592)
     H    9    Vyy=   -0.4008    axis=(  0.017512 -0.920273 -0.390884)
     H    9    Vzz=    0.4439    axis=( -0.853998  0.189547 -0.484519)
     H    9  Q=         1.0000 1e-30 m^2  Cq=         1.0430 MHz  eta= 0.80592

     C   10    Vxx=   -0.0324    axis=(  0.959612 -0.232062  0.159032)
     C   10    Vyy=   -0.3214    axis=(  0.278107  0.867780 -0.411842)
     C   10    Vzz=    0.3538    axis=( -0.042431  0.439437  0.897271)
     C   10  Q=         1.0000 1e-30 m^2  Cq=         0.8312 MHz  eta= 0.81707

     C   11    Vxx=    0.1367    axis=( -0.435726 -0.743525  0.507260)
     C   11    Vyy=    0.5327    axis=( -0.425967 -0.326122 -0.843917)
     C   11    Vzz=   -0.6694    axis=(  0.792903 -0.583793 -0.174617)
     C   11  Q=         1.0000 1e-30 m^2  Cq=        -1.5727 MHz  eta= 0.59166

     Cl  12    Vxx=   -0.4626    axis=(  0.189440 -0.981730 -0.017846)
     Cl  12    Vyy=   -1.9900    axis=(  0.005573  0.019250 -0.999799)
     Cl  12    Vzz=    2.4526    axis=(  0.981876  0.189303  0.009118)
     Cl  12  Q=        -8.1650 1e-30 m^2  Cq=       -47.0516 MHz  eta= 0.62276

     H   13    Vxx=   -0.0909    axis=(  0.540742  0.612882 -0.576172)
     H   13    Vyy=   -0.4125    axis=( -0.765362  0.074265 -0.639301)
     H   13    Vzz=    0.5033    axis=(  0.349027 -0.786676 -0.509235)
     H   13  Q=         1.0000 1e-30 m^2  Cq=         1.1826 MHz  eta= 0.63896

     C   14    Vxx=   -0.0685    axis=( -0.115726 -0.241314  0.963522)
     C   14    Vyy=   -0.8191    axis=( -0.423785  0.889315  0.171830)
     C   14    Vzz=    0.8876    axis=( -0.898340 -0.388441 -0.205182)
     C   14  Q=         1.0000 1e-30 m^2  Cq=         2.0855 MHz  eta= 0.84574

     H   15    Vxx=   -0.0509    axis=(  0.103486 -0.991044 -0.084398)
     H   15    Vyy=   -0.6319    axis=(  0.584082  0.129233 -0.801341)
     H   15    Vzz=    0.6828    axis=(  0.805071  0.033632  0.592225)
     H   15  Q=         1.0000 1e-30 m^2  Cq=         1.6044 MHz  eta= 0.85084

     C   16    Vxx=   -0.1672    axis=(  0.297796 -0.921980 -0.247530)
     C   16    Vyy=   -0.4472    axis=(  0.734177  0.055461  0.676690)
     C   16    Vzz=    0.6144    axis=(  0.610166  0.383246 -0.693412)
     C   16  Q=         1.0000 1e-30 m^2  Cq=         1.4436 MHz  eta= 0.45582

     C   17    Vxx=    0.0437    axis=(  0.675297  0.041288 -0.736389)
     C   17    Vyy=    0.7609    axis=(  0.505024 -0.753534  0.420877)
     C   17    Vzz=   -0.8047    axis=(  0.537516  0.656111  0.529711)
     C   17  Q=         1.0000 1e-30 m^2  Cq=        -1.8906 MHz  eta= 0.89129

     Cl  18    Vxx=    0.1262    axis=( -0.528261  0.588680  0.611880)
     Cl  18    Vyy=    2.3069    axis=(  0.622719 -0.221277  0.750505)
     Cl  18    Vzz=   -2.4331    axis=(  0.577202  0.777491 -0.249690)
     Cl  18  Q=        -8.1650 1e-30 m^2  Cq=        46.6769 MHz  eta= 0.89629

     H   19    Vxx=   -0.1106    axis=(  0.992816  0.072816  0.094945)
     H   19    Vyy=   -0.7043    axis=( -0.119054  0.521960  0.844621)
     H   19    Vzz=    0.8149    axis=(  0.011944 -0.849857  0.526879)
     H   19  Q=         1.0000 1e-30 m^2  Cq=         1.9147 MHz  eta= 0.72866

     C   20    Vxx=   -0.0596    axis=(  0.167137 -0.981565  0.092710)
     C   20    Vyy=   -0.3919    axis=(  0.839443  0.092355 -0.535543)
     C   20    Vzz=    0.4515    axis=(  0.517108  0.167334  0.839404)
     C   20  Q=         1.0000 1e-30 m^2  Cq=         1.0608 MHz  eta= 0.73610

     H   21    Vxx=   -0.0955    axis=(  0.408702  0.770339 -0.489429)
     H   21    Vyy=   -0.7506    axis=( -0.192319  0.596913  0.778915)
     H   21    Vzz=    0.8461    axis=(  0.892175 -0.224218  0.392110)
     H   21  Q=         1.0000 1e-30 m^2  Cq=         1.9880 MHz  eta= 0.77431

     C   22    Vxx=    0.0873    axis=( -0.488698  0.603383 -0.630162)
     C   22    Vyy=    0.3767    axis=( -0.783453 -0.621321  0.012659)
     C   22    Vzz=   -0.4640    axis=( -0.383895  0.499889  0.776361)
     C   22  Q=         1.0000 1e-30 m^2  Cq=        -1.0902 MHz  eta= 0.62360

     C   23    Vxx=   -0.0704    axis=(  0.406462  0.812116 -0.418635)
     C   23    Vyy=   -0.4185    axis=( -0.854993  0.176535 -0.487670)
     C   23    Vzz=    0.4889    axis=( -0.322141  0.556150  0.766109)
     C   23  Q=         1.0000 1e-30 m^2  Cq=         1.1486 MHz  eta= 0.71207

     Cl  24    Vxx=    0.5037    axis=(  0.953168  0.220823 -0.206659)
     Cl  24    Vyy=    2.3156    axis=( -0.138150  0.925746  0.352008)
     Cl  24    Vzz=   -2.8193    axis=(  0.269045 -0.306972  0.912898)
     Cl  24  Q=        -8.1650 1e-30 m^2  Cq=        54.0860 MHz  eta= 0.64268

     Initialization:
     gipaw_setup  :      8.95s CPU     10.77s WALL (       1 calls)

     Linear response

     Apply operators

     Induced current

     Other routines
     efg          :      9.29s CPU     11.62s WALL (       1 calls)

     General routines
     calbec       :      3.33s CPU      4.46s WALL (      16 calls)
     fft          :      1.70s CPU      2.61s WALL (      15 calls)
     ffts         :      0.02s CPU      0.04s WALL (       2 calls)
     fftw         :      3.24s CPU      3.81s WALL (     672 calls)
     davcio       :      0.07s CPU      0.32s WALL (      32 calls)

     Parallel routines
     fft_scatter  :      2.31s CPU      3.64s WALL (     689 calls)

     Plugins

     GIPAW        :     60.44s CPU     70.99s WALL (       1 calls)
