
     Program QE v.6.0 (svn rev. 13079) starts on 12Jan2017 at  5:13:12 

     This program is part of the open-source Quantum ESPRESSO suite
     for quantum simulation of materials; please cite
         "P. Giannozzi et al., J. Phys.:Condens. Matter 21 395502 (2009);
          URL http://www.quantum-espresso.org", 
     in publications or presentations arising from this work. More details at
     http://www.quantum-espresso.org/quote

     Parallel version (MPI), running on     8 processors
     R & G space division:  proc/nbgrp/npool/nimage =       8

     ***** This is GIPAW svn revision unknown      *****

     Parallelizing q-star over 1 images

     Reading data from directory:
     /users/majewski/paradichlorobenzene/pbe/9_constraint/scratch/pbe.ecut100.np8.dt60.pcl2phi-129368.save
     Message from routine read_xml_file:
     file /users/majewski/paradichlorobenzene/pbe/9_constraint/scratch/pbe.ecut100.np8.dt60.pcl2phi-129368.save not guaranteed to be safe for post-processing

   Info: using nr1, nr2, nr3 values from input

   Info: using nr1, nr2, nr3 values from input

     IMPORTANT: XC functional enforced from input :
     Exchange-correlation      =  SLA  PW   PBX  PBC ( 1  4  3  4 0 0)
     Any further DFT definition will be discarded
     Please, verify this is what you really want

               file C.pbe-n-kjpaw_psl.1.0.0.UPF: wavefunction(s)  2S 2P renormalized
               file Cl.pbe-n-kjpaw_psl.1.0.0.UPF: wavefunction(s)  3S 3P renormalized
               file H.pbe-kjpaw_psl.1.0.0.UPF: wavefunction(s)  1S renormalized

     Parallelization info
     --------------------
     sticks:   dense  smooth     PW     G-vecs:    dense   smooth      PW
     Min        3057    1223    332               144436    36536    5170
     Max        3059    1225    333               144437    36537    5171
     Sum       24467    9791   2657              1155489   292295   41363


     Subspace diagonalization in iterative solution of the eigenvalue problem:
     a serial algorithm will be used

     GIPAW projectors -----------------------------------------------
     atom=  C    l=0  rc=    1.2000  rs=    0.8000
     atom=  C    l=0  rc=    1.2000  rs=    0.8000
     atom=  C    l=1  rc=    1.4000  rs=    0.9333
     atom=  C    l=1  rc=    1.4000  rs=    0.9333
     projs nearly linearly dependent: l=1  n1,n2= 1, 2  s=  0.99951561

     atom=  Cl   l=0  rc=    1.6000  rs=    1.0667
     atom=  Cl   l=0  rc=    1.6000  rs=    1.0667
     atom=  Cl   l=1  rc=    1.6000  rs=    1.0667
     atom=  Cl   l=1  rc=    1.6000  rs=    1.0667
     atom=  Cl   l=2  rc=    1.6000  rs=    1.0667
     atom=  Cl   l=2  rc=    1.6000  rs=    1.0667
     projs nearly linearly dependent: l=2  n1,n2= 1, 2  s=  0.99993509

     atom=  H    l=0  rc=    1.0000  rs=    0.6667
     atom=  H    l=0  rc=    1.0000  rs=    0.6667
     projs nearly linearly dependent: l=0  n1,n2= 1, 2  s=  0.99968852
     -----------------------------------------------------------------

     GIPAW integrals: -------------------------------------------
     Atom  i/j   nmr_para   nmr_dia   epr_rmc  epr_para   epr_dia
       C   1 1   0.83E+03  0.17E-01  0.93E+01  0.24E+08  0.24E+03
       C   2 1   0.86E+03 -0.61E-01  0.94E+01  0.25E+08  0.25E+03
       C   2 2   0.90E+03 -0.15E+00  0.97E+01  0.26E+08  0.26E+03
       C   3 3   0.33E+01  0.34E+00  0.18E+01  0.55E+03  0.21E+02
       C   4 3   0.35E+01  0.37E+00  0.20E+01  0.59E+03  0.22E+02
       C   4 4   0.38E+01  0.39E+00  0.22E+01  0.63E+03  0.24E+02
       Cl  1 1   0.14E+04 -0.47E+00  0.84E+01  0.32E+09  0.42E+03
       Cl  2 1   0.21E+04 -0.37E+00  0.12E+02  0.49E+09  0.65E+03
       Cl  2 2   0.33E+04 -0.16E+00  0.21E+02  0.76E+09  0.10E+04
       Cl  3 3   0.21E+02  0.79E-01  0.89E+01  0.23E+05  0.13E+03
       Cl  4 3   0.24E+02  0.67E-01  0.99E+01  0.27E+05  0.15E+03
       Cl  4 4   0.28E+02  0.44E-01  0.11E+02  0.32E+05  0.18E+03
       Cl  5 5   0.77E+00  0.19E+00  0.18E+01  0.12E+03  0.22E+02
       Cl  6 5   0.80E+00  0.19E+00  0.19E+01  0.12E+03  0.23E+02
       Cl  6 6   0.83E+00  0.20E+00  0.19E+01  0.12E+03  0.23E+02
       H   1 1   0.39E+02  0.19E+00  0.29E+00  0.78E+05  0.13E+02
       H   2 1   0.41E+02  0.21E+00  0.32E+00  0.82E+05  0.14E+02
       H   2 2   0.43E+02  0.22E+00  0.36E+00  0.86E+05  0.15E+02
     ------------------------------------------------------------

     alpha_pv=     35.2713 eV

     Number of occupied bands for each k-point:
     k-point:     1    nbnd_occ=  42
     k-point:     2    nbnd_occ=  42
     k-point:     3    nbnd_occ=  42
     k-point:     4    nbnd_occ=  42
     k-point:     5    nbnd_occ=  42
     k-point:     6    nbnd_occ=  42
     k-point:     7    nbnd_occ=  42
     k-point:     8    nbnd_occ=  42
     k-point:     9    nbnd_occ=  42
     k-point:    10    nbnd_occ=  42
     k-point:    11    nbnd_occ=  42
     k-point:    12    nbnd_occ=  42
     k-point:    13    nbnd_occ=  42
     k-point:    14    nbnd_occ=  42
     k-point:    15    nbnd_occ=  42
     k-point:    16    nbnd_occ=  42


     q-space interpolation up to   110.00 Rydberg

     GIPAW job: efg                                                                             


     ELECTRIC FIELD GRADIENTS TENSORS IN Hartree/bohrradius^2:

     ----- bare term -----
     Cl   1       -0.026498        0.014496       -0.075769
     Cl   1        0.014496       -0.013584        0.047061
     Cl   1       -0.075769        0.047061        0.040083

     C    2       -0.227453        0.294463       -0.196429
     C    2        0.294463       -0.197976       -0.366962
     C    2       -0.196429       -0.366962        0.425429

     C    3        0.000430        0.399322       -0.180965
     C    3        0.399322       -0.226222       -0.313043
     C    3       -0.180965       -0.313043        0.225793

     H    4        0.069488       -0.102528       -0.224270
     H    4       -0.102528        0.520114       -0.096095
     H    4       -0.224270       -0.096095       -0.589601

     C    5       -0.565108        0.358492       -0.474099
     C    5        0.358492        0.354107       -0.119737
     C    5       -0.474099       -0.119737        0.211001

     H    6        0.132481       -0.040031        0.057889
     H    6       -0.040031       -0.314404       -0.578063
     H    6        0.057889       -0.578063        0.181922

     H    7        0.265151        0.208299       -0.347357
     H    7        0.208299       -0.112055        0.531995
     H    7       -0.347357        0.531995       -0.153096

     C    8       -0.129386       -0.346138       -0.134628
     C    8       -0.346138       -0.196606        0.387071
     C    8       -0.134628        0.387071        0.325992

     H    9       -0.286950        0.411368        0.173046
     H    9        0.411368        0.084365       -0.172531
     H    9        0.173046       -0.172531        0.202585

     C   10       -0.343970       -0.288867       -0.038307
     C   10       -0.288867       -0.074487        0.394101
     C   10       -0.038307        0.394101        0.418457

     C   11       -0.225932        0.189294       -0.241127
     C   11        0.189294       -0.025046        0.512574
     C   11       -0.241127        0.512574        0.250978

     Cl  12        0.293138       -0.109093        0.153350
     Cl  12       -0.109093        0.043234       -0.605537
     Cl  12        0.153350       -0.605537       -0.336372

     H   13        0.321666        0.183042       -0.153223
     H   13        0.183042       -0.629984        0.078814
     H   13       -0.153223        0.078814        0.308318

     C   14       -0.224522       -0.231747       -0.308747
     C   14       -0.231747       -0.009622       -0.504863
     C   14       -0.308747       -0.504863        0.234145

     H   15        0.056230       -0.119428       -0.270242
     H   15       -0.119428       -0.228381       -0.421712
     H   15       -0.270242       -0.421712        0.172151

     C   16       -0.713101        0.336717       -0.291255
     C   16        0.336717        0.244728       -0.091208
     C   16       -0.291255       -0.091208        0.468374

     C   17        0.138383        0.152393       -0.081353
     C   17        0.152393       -0.398753       -0.446694
     C   17       -0.081353       -0.446694        0.260370

     Cl  18        0.226399        0.186795       -0.083172
     Cl  18        0.186795        0.158613       -0.397944
     Cl  18       -0.083172       -0.397944       -0.385012

     H   19        0.226062       -0.076397       -0.374159
     H   19       -0.076397       -0.188346        0.398967
     H   19       -0.374159        0.398967       -0.037716

     C   20       -0.585742       -0.303076       -0.155901
     C   20       -0.303076        0.223054        0.247998
     C   20       -0.155901        0.247998        0.362688

     H   21       -0.579143        0.114703        0.207381
     H   21        0.114703        0.371381        0.181379
     H   21        0.207381        0.181379        0.207762

     C   22        0.038744        0.137383       -0.359113
     C   22        0.137383       -0.389640        0.441558
     C   22       -0.359113        0.441558        0.350896

     C   23       -0.676478       -0.236103       -0.305427
     C   23       -0.236103        0.075293        0.118479
     C   23       -0.305427        0.118479        0.601185

     Cl  24        0.196970       -0.064242       -0.005094
     Cl  24       -0.064242        0.234992        0.094672
     Cl  24       -0.005094        0.094672       -0.431962

     ----- ionic term -----
     Cl   1        0.213426       -0.227214        0.051280
     Cl   1       -0.227214       -0.061489       -0.020413
     Cl   1        0.051280       -0.020413       -0.151937

     C    2        0.220276       -0.232461        0.314058
     C    2       -0.232461        0.061857        0.363190
     C    2        0.314058        0.363190       -0.282133

     C    3        0.102892       -0.302452        0.290602
     C    3       -0.302452        0.161717        0.295717
     C    3        0.290602        0.295717       -0.264609

     H    4        0.325557        0.339532        0.721429
     H    4        0.339532       -0.336015        0.342350
     H    4        0.721429        0.342350        0.010458

     C    5        0.175921       -0.187720        0.432174
     C    5       -0.187720        0.048993        0.248099
     C    5        0.432174        0.248099       -0.224914

     H    6       -0.535287        0.025175        0.045125
     H    6        0.025175        0.694734        0.677218
     H    6        0.045125        0.677218       -0.159448

     H    7       -0.489047       -0.181314        0.149408
     H    7       -0.181314        0.398142       -0.790331
     H    7        0.149408       -0.790331        0.090905

     C    8        0.353647        0.141109        0.028142
     C    8        0.141109       -0.048632       -0.383400
     C    8        0.028142       -0.383400       -0.305015

     H    9        0.881075       -0.490603        0.139589
     H    9       -0.490603       -0.365482       -0.145598
     H    9        0.139589       -0.145598       -0.515593

     C   10        0.252494        0.156292       -0.088254
     C   10        0.156292        0.084638       -0.440851
     C   10       -0.088254       -0.440851       -0.337132

     C   11        0.410995        0.073179        0.076262
     C   11        0.073179       -0.053100       -0.402277
     C   11        0.076262       -0.402277       -0.357896

     Cl  12        0.153237        0.174083       -0.073127
     Cl  12        0.174083       -0.029198       -0.040231
     Cl  12       -0.073127       -0.040231       -0.124040

     H   13       -0.494129       -0.087914       -0.003959
     H   13       -0.087914        0.854715        0.552473
     H   13       -0.003959        0.552473       -0.360586

     C   14        0.298692       -0.239929        0.424671
     C   14       -0.239929        0.049879        0.211315
     C   14        0.424671        0.211315       -0.348571

     H   15        0.309039        0.433189        0.685670
     H   15        0.433189       -0.230623        0.398586
     H   15        0.685670        0.398586       -0.078415

     C   16        0.136688       -0.283731        0.308443
     C   16       -0.283731        0.228600        0.290997
     C   16        0.308443        0.290997       -0.365288

     C   17        0.090253       -0.235944        0.390487
     C   17       -0.235944        0.183106        0.304672
     C   17        0.390487        0.304672       -0.273359

     Cl  18        0.146512       -0.206192        0.099095
     Cl  18       -0.206192       -0.000605       -0.057125
     Cl  18        0.099095       -0.057125       -0.145907

     H   19       -0.506867       -0.171997        0.106524
     H   19       -0.171997        0.554342       -0.787712
     H   19        0.106524       -0.787712       -0.047476

     C   20        0.437792        0.114741        0.083036
     C   20        0.114741       -0.055737       -0.364417
     C   20        0.083036       -0.364417       -0.382056

     H   21        0.867128       -0.412831        0.309648
     H   21       -0.412831       -0.416609       -0.180571
     H   21        0.309648       -0.180571       -0.450519

     C   22        0.257579        0.176292       -0.012410
     C   22        0.176292        0.062422       -0.449008
     C   22       -0.012410       -0.449008       -0.320001

     C   23        0.243563        0.171871        0.051959
     C   23        0.171871        0.074852       -0.449525
     C   23        0.051959       -0.449525       -0.318416

     Cl  24        0.109475        0.246846       -0.068125
     Cl  24        0.246846        0.033687       -0.048604
     Cl  24       -0.068125       -0.048604       -0.143162

     ----- GIPAW term -----
     Cl   1       -0.445244       -1.644600        0.675629
     Cl   1       -1.644600       -1.258360       -0.711400
     Cl   1        0.675629       -0.711400        1.703603

     C    2       -0.099255       -0.022337       -0.015467
     C    2       -0.022337       -0.022649       -0.180525
     C    2       -0.015467       -0.180525        0.121904

     C    3        0.006950        0.106491       -0.139612
     C    3        0.106491       -0.069928       -0.103215
     C    3       -0.139612       -0.103215        0.062978

     H    4       -0.000000        0.000000        0.000000
     H    4        0.000000        0.000000        0.000000
     H    4        0.000000        0.000000        0.000000

     C    5        0.004787        0.228599        0.001655
     C    5        0.228599        0.105251        0.065690
     C    5        0.001655        0.065690       -0.110039

     H    6       -0.000000        0.000000        0.000000
     H    6        0.000000        0.000000        0.000000
     H    6        0.000000        0.000000        0.000000

     H    7       -0.000000        0.000000        0.000000
     H    7        0.000000        0.000000        0.000000
     H    7        0.000000        0.000000        0.000000

     C    8       -0.039081       -0.148414        0.037648
     C    8       -0.148414        0.045648       -0.010359
     C    8        0.037648       -0.010359       -0.006566

     H    9       -0.000000        0.000000        0.000000
     H    9        0.000000        0.000000        0.000000
     H    9        0.000000        0.000000        0.000000

     C   10       -0.151600       -0.040423       -0.018408
     C   10       -0.040423        0.053760        0.193689
     C   10       -0.018408        0.193689        0.097840

     C   11       -0.083052        0.094555       -0.006420
     C   11        0.094555       -0.022481        0.175873
     C   11       -0.006420        0.175873        0.105533

     Cl  12        0.379466        0.040690       -0.156367
     Cl  12        0.040690       -0.160216       -0.430578
     Cl  12       -0.156367       -0.430578       -0.219249

     H   13       -0.000000        0.000000        0.000000
     H   13        0.000000        0.000000        0.000000
     H   13        0.000000        0.000000        0.000000

     C   14       -0.076052       -0.129297        0.030399
     C   14       -0.129297        0.081810       -0.219691
     C   14        0.030399       -0.219691       -0.005759

     H   15       -0.000000        0.000000        0.000000
     H   15        0.000000        0.000000        0.000000
     H   15        0.000000        0.000000        0.000000

     C   16       -0.149803       -0.074258       -0.055592
     C   16       -0.074258        0.196099        0.068731
     C   16       -0.055592        0.068731       -0.046296

     C   17       -0.055794        0.014246        0.058359
     C   17        0.014246        0.066497        0.170941
     C   17        0.058359        0.170941       -0.010703

     Cl  18       -0.016015       -0.171465        0.290237
     Cl  18       -0.171465       -0.201229        0.099493
     Cl  18        0.290237        0.099493        0.217244

     H   19       -0.000000        0.000000        0.000000
     H   19        0.000000        0.000000        0.000000
     H   19        0.000000        0.000000        0.000000

     C   20       -0.088262        0.146736        0.033198
     C   20        0.146736        0.180796        0.055267
     C   20        0.033198        0.055267       -0.092534

     H   21       -0.000000        0.000000        0.000000
     H   21        0.000000        0.000000        0.000000
     H   21        0.000000        0.000000        0.000000

     C   22       -0.027079        0.153517       -0.182701
     C   22        0.153517       -0.051719       -0.100917
     C   22       -0.182701       -0.100917        0.078798

     C   23       -0.151549        0.058407       -0.105426
     C   23        0.058407       -0.068658       -0.103360
     C   23       -0.105426       -0.103360        0.220207

     Cl  24       -0.297624        0.785282        0.009062
     Cl  24        0.785282       -0.691269       -0.387598
     Cl  24        0.009062       -0.387598        0.988893

     ----- total EFG -----
     Cl   1       -0.258316       -1.857318        0.651140
     Cl   1       -1.857318       -1.333433       -0.684752
     Cl   1        0.651140       -0.684752        1.591749

     C    2       -0.106432        0.039665        0.102162
     C    2        0.039665       -0.158768       -0.184296
     C    2        0.102162       -0.184296        0.265200

     C    3        0.110271        0.203361       -0.029975
     C    3        0.203361       -0.134433       -0.120541
     C    3       -0.029975       -0.120541        0.024162

     H    4        0.395045        0.237004        0.497159
     H    4        0.237004        0.184099        0.246255
     H    4        0.497159        0.246255       -0.579144

     C    5       -0.384399        0.399371       -0.040270
     C    5        0.399371        0.508351        0.194052
     C    5       -0.040270        0.194052       -0.123952

     H    6       -0.402805       -0.014856        0.103013
     H    6       -0.014856        0.380331        0.099155
     H    6        0.103013        0.099155        0.022474

     H    7       -0.223897        0.026985       -0.197949
     H    7        0.026985        0.286087       -0.258336
     H    7       -0.197949       -0.258336       -0.062190

     C    8        0.185180       -0.353443       -0.068838
     C    8       -0.353443       -0.199590       -0.006688
     C    8       -0.068838       -0.006688        0.014410

     H    9        0.594125       -0.079235        0.312635
     H    9       -0.079235       -0.281117       -0.318129
     H    9        0.312635       -0.318129       -0.313008

     C   10       -0.243076       -0.172999       -0.144969
     C   10       -0.172999        0.063911        0.146939
     C   10       -0.144969        0.146939        0.179165

     C   11        0.102011        0.357028       -0.171285
     C   11        0.357028       -0.100627        0.286171
     C   11       -0.171285        0.286171       -0.001384

     Cl  12        0.825841        0.105680       -0.076144
     Cl  12        0.105680       -0.146180       -1.076345
     Cl  12       -0.076144       -1.076345       -0.679661

     H   13       -0.172464        0.095128       -0.157183
     H   13        0.095128        0.224731        0.631286
     H   13       -0.157183        0.631286       -0.052268

     C   14       -0.001882       -0.600973        0.146322
     C   14       -0.600973        0.122067       -0.513239
     C   14        0.146322       -0.513239       -0.120185

     H   15        0.365269        0.313762        0.415428
     H   15        0.313762       -0.459005       -0.023126
     H   15        0.415428       -0.023126        0.093736

     C   16       -0.726216       -0.021273       -0.038405
     C   16       -0.021273        0.669426        0.268519
     C   16       -0.038405        0.268519        0.056790

     C   17        0.172843       -0.069305        0.367493
     C   17       -0.069305       -0.149151        0.028919
     C   17        0.367493        0.028919       -0.023692

     Cl  18        0.356896       -0.190862        0.306160
     Cl  18       -0.190862       -0.043221       -0.355577
     Cl  18        0.306160       -0.355577       -0.313675

     H   19       -0.280804       -0.248394       -0.267635
     H   19       -0.248394        0.365996       -0.388745
     H   19       -0.267635       -0.388745       -0.085192

     C   20       -0.236211       -0.041599       -0.039667
     C   20       -0.041599        0.348112       -0.061152
     C   20       -0.039667       -0.061152       -0.111901

     H   21        0.287985       -0.298129        0.517029
     H   21       -0.298129       -0.045228        0.000808
     H   21        0.517029        0.000808       -0.242757

     C   22        0.269244        0.467192       -0.554224
     C   22        0.467192       -0.378938       -0.108367
     C   22       -0.554224       -0.108367        0.109693

     C   23       -0.584463       -0.005825       -0.358893
     C   23       -0.005825        0.081487       -0.434406
     C   23       -0.358893       -0.434406        0.502976

     Cl  24        0.008820        0.967886       -0.064158
     Cl  24        0.967886       -0.422590       -0.341530
     Cl  24       -0.064158       -0.341530        0.413770

     ----- total EFG (symmetrized) -----
     Cl   1       -0.258316       -1.857318        0.651140
     Cl   1       -1.857318       -1.333433       -0.684752
     Cl   1        0.651140       -0.684752        1.591749

     C    2       -0.106432        0.039665        0.102162
     C    2        0.039665       -0.158768       -0.184296
     C    2        0.102162       -0.184296        0.265200

     C    3        0.110271        0.203361       -0.029975
     C    3        0.203361       -0.134433       -0.120541
     C    3       -0.029975       -0.120541        0.024162

     H    4        0.395045        0.237004        0.497159
     H    4        0.237004        0.184099        0.246255
     H    4        0.497159        0.246255       -0.579144

     C    5       -0.384399        0.399371       -0.040270
     C    5        0.399371        0.508351        0.194052
     C    5       -0.040270        0.194052       -0.123952

     H    6       -0.402805       -0.014856        0.103013
     H    6       -0.014856        0.380331        0.099155
     H    6        0.103013        0.099155        0.022474

     H    7       -0.223897        0.026985       -0.197949
     H    7        0.026985        0.286087       -0.258336
     H    7       -0.197949       -0.258336       -0.062190

     C    8        0.185180       -0.353443       -0.068838
     C    8       -0.353443       -0.199590       -0.006688
     C    8       -0.068838       -0.006688        0.014410

     H    9        0.594125       -0.079235        0.312635
     H    9       -0.079235       -0.281117       -0.318129
     H    9        0.312635       -0.318129       -0.313008

     C   10       -0.243076       -0.172999       -0.144969
     C   10       -0.172999        0.063911        0.146939
     C   10       -0.144969        0.146939        0.179165

     C   11        0.102011        0.357028       -0.171285
     C   11        0.357028       -0.100627        0.286171
     C   11       -0.171285        0.286171       -0.001384

     Cl  12        0.825841        0.105680       -0.076144
     Cl  12        0.105680       -0.146180       -1.076345
     Cl  12       -0.076144       -1.076345       -0.679661

     H   13       -0.172464        0.095128       -0.157183
     H   13        0.095128        0.224731        0.631286
     H   13       -0.157183        0.631286       -0.052268

     C   14       -0.001882       -0.600973        0.146322
     C   14       -0.600973        0.122067       -0.513239
     C   14        0.146322       -0.513239       -0.120185

     H   15        0.365269        0.313762        0.415428
     H   15        0.313762       -0.459005       -0.023126
     H   15        0.415428       -0.023126        0.093736

     C   16       -0.726216       -0.021273       -0.038405
     C   16       -0.021273        0.669426        0.268519
     C   16       -0.038405        0.268519        0.056790

     C   17        0.172843       -0.069305        0.367493
     C   17       -0.069305       -0.149151        0.028919
     C   17        0.367493        0.028919       -0.023692

     Cl  18        0.356896       -0.190862        0.306160
     Cl  18       -0.190862       -0.043221       -0.355577
     Cl  18        0.306160       -0.355577       -0.313675

     H   19       -0.280804       -0.248394       -0.267635
     H   19       -0.248394        0.365996       -0.388745
     H   19       -0.267635       -0.388745       -0.085192

     C   20       -0.236211       -0.041599       -0.039667
     C   20       -0.041599        0.348112       -0.061152
     C   20       -0.039667       -0.061152       -0.111901

     H   21        0.287985       -0.298129        0.517029
     H   21       -0.298129       -0.045228        0.000808
     H   21        0.517029        0.000808       -0.242757

     C   22        0.269244        0.467192       -0.554224
     C   22        0.467192       -0.378938       -0.108367
     C   22       -0.554224       -0.108367        0.109693

     C   23       -0.584463       -0.005825       -0.358893
     C   23       -0.005825        0.081487       -0.434406
     C   23       -0.358893       -0.434406        0.502976

     Cl  24        0.008820        0.967886       -0.064158
     Cl  24        0.967886       -0.422590       -0.341530
     Cl  24       -0.064158       -0.341530        0.413770


     NQR/NMR SPECTROSCOPIC PARAMETERS:
     Cl   1    Vxx=    0.4085    axis=( -0.647685  0.448465  0.615941)
     Cl   1    Vyy=    2.3269    axis=(  0.478325 -0.389917  0.786873)
     Cl   1    Vzz=   -2.7354    axis=( -0.593051 -0.804266 -0.038031)
     Cl   1  Q=        -8.1650 1e-30 m^2  Cq=        52.4766 MHz  eta= 0.70133

     C    2    Vxx=   -0.0851    axis=(  0.877160  0.480187 -0.003186)
     C    2    Vyy=   -0.2640    axis=( -0.445092  0.815507  0.369920)
     C    2    Vzz=    0.3491    axis=(  0.180229 -0.323061  0.929058)
     C    2  Q=         1.0000 1e-30 m^2  Cq=         0.8203 MHz  eta= 0.51253

     C    3    Vxx=    0.0191    axis=( -0.464072  0.078080 -0.882349)
     C    3    Vyy=    0.2586    axis=(  0.777303  0.513573 -0.363377)
     C    3    Vzz=   -0.2777    axis=( -0.424778  0.854486  0.299027)
     C    3  Q=         1.0000 1e-30 m^2  Cq=        -0.6525 MHz  eta= 0.86271

     H    4    Vxx=    0.0336    axis=(  0.495231 -0.867123  0.053326)
     H    4    Vyy=    0.7743    axis=(  0.793640  0.476523  0.378233)
     H    4    Vzz=   -0.8079    axis=( -0.353386 -0.144991  0.924173)
     H    4  Q=         1.0000 1e-30 m^2  Cq=        -1.8982 MHz  eta= 0.91683

     C    5    Vxx=   -0.1310    axis=( -0.304290 -0.097528  0.947574)
     C    5    Vyy=   -0.5643    axis=( -0.892424  0.377082 -0.247769)
     C    5    Vzz=    0.6953    axis=( -0.333148 -0.921031 -0.201779)
     C    5  Q=         1.0000 1e-30 m^2  Cq=         1.6337 MHz  eta= 0.62322

     H    6    Vxx=    0.0220    axis=( -0.236425  0.250020 -0.938932)
     H    6    Vyy=    0.4061    axis=(  0.014566  0.967131  0.253861)
     H    6    Vzz=   -0.4281    axis=( -0.971541 -0.046342  0.232296)
     H    6  Q=         1.0000 1e-30 m^2  Cq=        -1.0060 MHz  eta= 0.89718

     H    7    Vxx=   -0.0616    axis=( -0.640478  0.489428  0.591818)
     H    7    Vyy=   -0.3836    axis=( -0.745969 -0.213315 -0.630894)
     H    7    Vzz=    0.4452    axis=( -0.182534 -0.845551  0.501721)
     H    7  Q=         1.0000 1e-30 m^2  Cq=         1.0460 MHz  eta= 0.72324

     C    8    Vxx=    0.0103    axis=(  0.073662 -0.155419  0.985098)
     C    8    Vyy=    0.4032    axis=(  0.854524 -0.499427 -0.142692)
     C    8    Vzz=   -0.4136    axis=(  0.514161  0.852302  0.096021)
     C    8  Q=         1.0000 1e-30 m^2  Cq=        -0.9717 MHz  eta= 0.95010

     H    9    Vxx=   -0.0805    axis=(  0.347978  0.751517 -0.560477)
     H    9    Vyy=   -0.6419    axis=( -0.150938  0.634951  0.757664)
     H    9    Vzz=    0.7224    axis=(  0.925272 -0.179053  0.334381)
     H    9  Q=         1.0000 1e-30 m^2  Cq=         1.6974 MHz  eta= 0.77701

     C   10    Vxx=   -0.0262    axis=( -0.161666  0.744995 -0.647183)
     C   10    Vyy=   -0.3328    axis=( -0.925058 -0.342813 -0.163545)
     C   10    Vzz=    0.3590    axis=( -0.343703  0.572242  0.744585)
     C   10  Q=         1.0000 1e-30 m^2  Cq=         0.8435 MHz  eta= 0.85407

     C   11    Vxx=    0.1884    axis=( -0.435738  0.301489  0.848078)
     C   11    Vyy=    0.3774    axis=( -0.745796 -0.648446 -0.152665)
     C   11    Vzz=   -0.5657    axis=(  0.503906 -0.699015  0.507402)
     C   11  Q=         1.0000 1e-30 m^2  Cq=        -1.3292 MHz  eta= 0.33412

     Cl  12    Vxx=    0.6155    axis=( -0.526100  0.668988 -0.525046)
     Cl  12    Vyy=    0.9064    axis=( -0.850420 -0.415456  0.322773)
     Cl  12    Vzz=   -1.5218    axis=( -0.002202  0.616321  0.787492)
     Cl  12  Q=        -8.1650 1e-30 m^2  Cq=        29.1957 MHz  eta= 0.19115

     H   13    Vxx=   -0.1010    axis=( -0.929209 -0.252193  0.270129)
     H   13    Vyy=   -0.6323    axis=(  0.368515 -0.577520  0.728469)
     H   13    Vzz=    0.7332    axis=(  0.027710 -0.776446 -0.629574)
     H   13  Q=         1.0000 1e-30 m^2  Cq=         1.7227 MHz  eta= 0.72463

     C   14    Vxx=   -0.2140    axis=(  0.665688  0.053739 -0.744293)
     C   14    Vyy=   -0.6844    axis=(  0.507297  0.698892  0.504182)
     C   14    Vzz=    0.8984    axis=( -0.547275  0.713205 -0.437982)
     C   14  Q=         1.0000 1e-30 m^2  Cq=         2.1109 MHz  eta= 0.52361

     H   15    Vxx=   -0.1102    axis=( -0.417319 -0.428569  0.801357)
     H   15    Vyy=   -0.6074    axis=( -0.396370  0.879355  0.263867)
     H   15    Vzz=    0.7176    axis=( -0.817763 -0.207517 -0.536843)
     H   15  Q=         1.0000 1e-30 m^2  Cq=         1.6861 MHz  eta= 0.69277

     C   16    Vxx=   -0.0431    axis=( -0.041530 -0.353444  0.934533)
     C   16    Vyy=   -0.7281    axis=( -0.998888 -0.006223 -0.046744)
     C   16    Vzz=    0.7712    axis=(  0.022337 -0.935435 -0.352793)
     C   16  Q=         1.0000 1e-30 m^2  Cq=         1.8120 MHz  eta= 0.88834

     C   17    Vxx=   -0.1277    axis=( -0.161119  0.937457  0.308569)
     C   17    Vyy=   -0.3296    axis=( -0.584980 -0.342524  0.735170)
     C   17    Vzz=    0.4573    axis=( -0.794883  0.062057 -0.603581)
     C   17  Q=         1.0000 1e-30 m^2  Cq=         1.0745 MHz  eta= 0.44142

     Cl  18    Vxx=   -0.0455    axis=(  0.590594  0.744085 -0.312309)
     Cl  18    Vyy=   -0.5846    axis=( -0.175821  0.496367  0.850122)
     Cl  18    Vzz=    0.6301    axis=(  0.787582 -0.447167  0.423977)
     Cl  18  Q=        -8.1650 1e-30 m^2  Cq=       -12.0877 MHz  eta= 0.85567

     H   19    Vxx=    0.0548    axis=(  0.710680 -0.252850 -0.656506)
     H   19    Vyy=    0.5989    axis=( -0.109601  0.881993 -0.458340)
     H   19    Vzz=   -0.6537    axis=(  0.694925  0.397687  0.599102)
     H   19  Q=         1.0000 1e-30 m^2  Cq=        -1.5359 MHz  eta= 0.83232

     C   20    Vxx=   -0.1050    axis=( -0.316343  0.098302  0.943538)
     C   20    Vyy=   -0.2533    axis=(  0.946678  0.096723  0.307318)
     C   20    Vzz=    0.3583    axis=(  0.061052 -0.990445  0.123658)
     C   20  Q=         1.0000 1e-30 m^2  Cq=         0.8419 MHz  eta= 0.41407

     H   21    Vxx=   -0.0870    axis=( -0.126649 -0.896301 -0.424976)
     H   21    Vyy=   -0.6065    axis=(  0.549809  0.293165 -0.782154)
     H   21    Vzz=    0.6935    axis=(  0.825633 -0.332715  0.455665)
     H   21  Q=         1.0000 1e-30 m^2  Cq=         1.6294 MHz  eta= 0.74917

     C   22    Vxx=   -0.2232    axis=(  0.355983  0.534303  0.766679)
     C   22    Vyy=   -0.6719    axis=(  0.555836 -0.780579  0.285905)
     C   22    Vzz=    0.8951    axis=(  0.751214  0.324370 -0.574858)
     C   22  Q=         1.0000 1e-30 m^2  Cq=         2.1031 MHz  eta= 0.50136

     C   23    Vxx=   -0.1227    axis=( -0.326127  0.853828  0.405733)
     C   23    Vyy=   -0.7177    axis=(  0.921285  0.190891  0.338813)
     C   23    Vzz=    0.8404    axis=( -0.211838 -0.484292  0.848873)
     C   23  Q=         1.0000 1e-30 m^2  Cq=         1.9745 MHz  eta= 0.70795

     Cl  24    Vxx=    0.3034    axis=(  0.453593  0.195698  0.869457)
     Cl  24    Vyy=    0.9269    axis=( -0.654319 -0.589242  0.473983)
     Cl  24    Vzz=   -1.2303    axis=(  0.605078 -0.783898 -0.139227)
     Cl  24  Q=        -8.1650 1e-30 m^2  Cq=        23.6035 MHz  eta= 0.50676

     Initialization:
     gipaw_setup  :      9.41s CPU     11.45s WALL (       1 calls)

     Linear response

     Apply operators

     Induced current

     Other routines
     efg          :      9.38s CPU     12.09s WALL (       1 calls)

     General routines
     calbec       :      3.49s CPU      4.88s WALL (      16 calls)
     fft          :      2.40s CPU      5.02s WALL (      15 calls)
     ffts         :      0.03s CPU      0.04s WALL (       2 calls)
     fftw         :      3.17s CPU      3.84s WALL (     672 calls)
     davcio       :      0.03s CPU      0.32s WALL (      32 calls)

     Parallel routines
     fft_scatter  :      2.95s CPU      6.09s WALL (     689 calls)

     Plugins

     GIPAW        :     62.04s CPU     76.42s WALL (       1 calls)
