
     Program QE v.6.0 (svn rev. 13079) starts on 31Dec2016 at 23:26:55 

     This program is part of the open-source Quantum ESPRESSO suite
     for quantum simulation of materials; please cite
         "P. Giannozzi et al., J. Phys.:Condens. Matter 21 395502 (2009);
          URL http://www.quantum-espresso.org", 
     in publications or presentations arising from this work. More details at
     http://www.quantum-espresso.org/quote

     Parallel version (MPI), running on     8 processors
     R & G space division:  proc/nbgrp/npool/nimage =       8

     ***** This is GIPAW svn revision unknown      *****

     Parallelizing q-star over 1 images

     Reading data from directory:
     /users/majewski/paradichlorobenzene/pbe/9_constraint/scratch/pbe.ecut100.np8.dt60.pcl2phi-129368.save
     Message from routine read_xml_file:
     file /users/majewski/paradichlorobenzene/pbe/9_constraint/scratch/pbe.ecut100.np8.dt60.pcl2phi-129368.save not guaranteed to be safe for post-processing

   Info: using nr1, nr2, nr3 values from input

   Info: using nr1, nr2, nr3 values from input

     IMPORTANT: XC functional enforced from input :
     Exchange-correlation      =  SLA  PW   PBX  PBC ( 1  4  3  4 0 0)
     Any further DFT definition will be discarded
     Please, verify this is what you really want

               file C.pbe-n-kjpaw_psl.1.0.0.UPF: wavefunction(s)  2S 2P renormalized
               file Cl.pbe-n-kjpaw_psl.1.0.0.UPF: wavefunction(s)  3S 3P renormalized
               file H.pbe-kjpaw_psl.1.0.0.UPF: wavefunction(s)  1S renormalized

     Parallelization info
     --------------------
     sticks:   dense  smooth     PW     G-vecs:    dense   smooth      PW
     Min        3057    1223    332               144436    36536    5170
     Max        3059    1225    333               144437    36537    5171
     Sum       24467    9791   2657              1155489   292295   41363


     Subspace diagonalization in iterative solution of the eigenvalue problem:
     a serial algorithm will be used

     GIPAW projectors -----------------------------------------------
     atom=  C    l=0  rc=    1.2000  rs=    0.8000
     atom=  C    l=0  rc=    1.2000  rs=    0.8000
     atom=  C    l=1  rc=    1.4000  rs=    0.9333
     atom=  C    l=1  rc=    1.4000  rs=    0.9333
     projs nearly linearly dependent: l=1  n1,n2= 1, 2  s=  0.99951561

     atom=  Cl   l=0  rc=    1.6000  rs=    1.0667
     atom=  Cl   l=0  rc=    1.6000  rs=    1.0667
     atom=  Cl   l=1  rc=    1.6000  rs=    1.0667
     atom=  Cl   l=1  rc=    1.6000  rs=    1.0667
     atom=  Cl   l=2  rc=    1.6000  rs=    1.0667
     atom=  Cl   l=2  rc=    1.6000  rs=    1.0667
     projs nearly linearly dependent: l=2  n1,n2= 1, 2  s=  0.99993509

     atom=  H    l=0  rc=    1.0000  rs=    0.6667
     atom=  H    l=0  rc=    1.0000  rs=    0.6667
     projs nearly linearly dependent: l=0  n1,n2= 1, 2  s=  0.99968852
     -----------------------------------------------------------------

     GIPAW integrals: -------------------------------------------
     Atom  i/j   nmr_para   nmr_dia   epr_rmc  epr_para   epr_dia
       C   1 1   0.83E+03  0.17E-01  0.93E+01  0.24E+08  0.24E+03
       C   2 1   0.86E+03 -0.61E-01  0.94E+01  0.25E+08  0.25E+03
       C   2 2   0.90E+03 -0.15E+00  0.97E+01  0.26E+08  0.26E+03
       C   3 3   0.33E+01  0.34E+00  0.18E+01  0.55E+03  0.21E+02
       C   4 3   0.35E+01  0.37E+00  0.20E+01  0.59E+03  0.22E+02
       C   4 4   0.38E+01  0.39E+00  0.22E+01  0.63E+03  0.24E+02
       Cl  1 1   0.14E+04 -0.47E+00  0.84E+01  0.32E+09  0.42E+03
       Cl  2 1   0.21E+04 -0.37E+00  0.12E+02  0.49E+09  0.65E+03
       Cl  2 2   0.33E+04 -0.16E+00  0.21E+02  0.76E+09  0.10E+04
       Cl  3 3   0.21E+02  0.79E-01  0.89E+01  0.23E+05  0.13E+03
       Cl  4 3   0.24E+02  0.67E-01  0.99E+01  0.27E+05  0.15E+03
       Cl  4 4   0.28E+02  0.44E-01  0.11E+02  0.32E+05  0.18E+03
       Cl  5 5   0.77E+00  0.19E+00  0.18E+01  0.12E+03  0.22E+02
       Cl  6 5   0.80E+00  0.19E+00  0.19E+01  0.12E+03  0.23E+02
       Cl  6 6   0.83E+00  0.20E+00  0.19E+01  0.12E+03  0.23E+02
       H   1 1   0.39E+02  0.19E+00  0.29E+00  0.78E+05  0.13E+02
       H   2 1   0.41E+02  0.21E+00  0.32E+00  0.82E+05  0.14E+02
       H   2 2   0.43E+02  0.22E+00  0.36E+00  0.86E+05  0.15E+02
     ------------------------------------------------------------

     alpha_pv=     34.3543 eV

     Number of occupied bands for each k-point:
     k-point:     1    nbnd_occ=  42
     k-point:     2    nbnd_occ=  42
     k-point:     3    nbnd_occ=  42
     k-point:     4    nbnd_occ=  42
     k-point:     5    nbnd_occ=  42
     k-point:     6    nbnd_occ=  42
     k-point:     7    nbnd_occ=  42
     k-point:     8    nbnd_occ=  42
     k-point:     9    nbnd_occ=  42
     k-point:    10    nbnd_occ=  42
     k-point:    11    nbnd_occ=  42
     k-point:    12    nbnd_occ=  42
     k-point:    13    nbnd_occ=  42
     k-point:    14    nbnd_occ=  42
     k-point:    15    nbnd_occ=  42
     k-point:    16    nbnd_occ=  42


     q-space interpolation up to   110.00 Rydberg

     GIPAW job: efg                                                                             


     ELECTRIC FIELD GRADIENTS TENSORS IN Hartree/bohrradius^2:

     ----- bare term -----
     Cl   1       -0.096957        0.224248        0.038317
     Cl   1        0.224248       -0.058471       -0.044418
     Cl   1        0.038317       -0.044418        0.155428

     C    2        0.023499       -0.200476       -0.503144
     C    2       -0.200476       -0.382547       -0.451873
     C    2       -0.503144       -0.451873        0.359048

     C    3       -0.585650        0.355929       -0.281682
     C    3        0.355929        0.185402       -0.253177
     C    3       -0.281682       -0.253177        0.400249

     H    4       -0.471103       -0.470092       -0.043593
     H    4       -0.470092        0.227779        0.038186
     H    4       -0.043593        0.038186        0.243324

     C    5       -0.124916        0.115560       -0.199093
     C    5        0.115560       -0.219240       -0.290853
     C    5       -0.199093       -0.290853        0.344156

     H    6        0.429311       -0.241719       -0.031055
     H    6       -0.241719       -0.772405       -0.282300
     H    6       -0.031055       -0.282300        0.343094

     H    7        0.294056        0.013460        0.327464
     H    7        0.013460        0.158957        0.235624
     H    7        0.327464        0.235624       -0.453013

     C    8       -0.139419       -0.083415       -0.150219
     C    8       -0.083415        0.127353        0.134428
     C    8       -0.150219        0.134428        0.012066

     H    9        0.153875        0.076563       -0.299713
     H    9        0.076563        0.422628       -0.096114
     H    9       -0.299713       -0.096114       -0.576503

     C   10        0.070806       -0.171263       -0.000777
     C   10       -0.171263       -0.000704        0.015078
     C   10       -0.000777        0.015078       -0.070101

     C   11       -0.125397       -0.136969       -0.373134
     C   11       -0.136969       -0.231047        0.400887
     C   11       -0.373134        0.400887        0.356443

     Cl  12       -0.043872       -0.032058        0.069727
     Cl  12       -0.032058       -0.002419       -0.098829
     Cl  12        0.069727       -0.098829        0.046291

     H   13        0.220158       -0.374089        0.237889
     H   13       -0.374089       -0.486170        0.030702
     H   13        0.237889        0.030702        0.266013

     C   14       -0.290315        0.254624       -0.068622
     C   14        0.254624        0.231519        0.082829
     C   14       -0.068622        0.082829        0.058796

     H   15       -0.481976       -0.168218        0.243541
     H   15       -0.168218        0.281205       -0.106649
     H   15        0.243541       -0.106649        0.200771

     C   16        0.196769       -0.144639        0.300142
     C   16       -0.144639       -0.165335       -0.151872
     C   16        0.300142       -0.151872       -0.031434

     C   17       -0.606980        0.324941       -0.130240
     C   17        0.324941        0.253287       -0.122480
     C   17       -0.130240       -0.122480        0.353693

     Cl  18       -0.057255       -0.035416        0.027124
     Cl  18       -0.035416        0.003288        0.127984
     Cl  18        0.027124        0.127984        0.053968

     H   19        0.439377        0.030265       -0.076078
     H   19        0.030265       -0.630354        0.231160
     H   19       -0.076078        0.231160        0.190976

     C   20       -0.525163       -0.088790       -0.327836
     C   20       -0.088790       -0.061898        0.299548
     C   20       -0.327836        0.299548        0.587060

     H   21       -0.491831        0.377466       -0.281021
     H   21        0.377466        0.238943        0.104784
     H   21       -0.281021        0.104784        0.252888

     C   22       -0.281790       -0.322389       -0.250115
     C   22       -0.322389       -0.188232        0.508617
     C   22       -0.250115        0.508617        0.470022

     C   23       -0.230408       -0.021275       -0.328628
     C   23       -0.021275       -0.057037        0.664537
     C   23       -0.328628        0.664537        0.287445

     Cl  24        0.032780        0.000475       -0.012451
     Cl  24        0.000475        0.010131       -0.003481
     Cl  24       -0.012451       -0.003481       -0.042911

     ----- ionic term -----
     Cl   1        0.135829       -0.215079       -0.052544
     Cl   1       -0.215079        0.010822        0.040983
     Cl   1       -0.052544        0.040983       -0.146652

     C    2        0.356398       -0.096453        0.096304
     C    2       -0.096453        0.179924        0.351246
     C    2        0.096304        0.351246       -0.536323

     C    3        0.221531       -0.158238        0.065322
     C    3       -0.158238        0.274963        0.332537
     C    3        0.065322        0.332537       -0.496495

     H    4        0.884197        0.338606        0.397302
     H    4        0.338606       -0.404217        0.154115
     H    4        0.397302        0.154115       -0.479981

     C    5        0.336931       -0.112912        0.118085
     C    5       -0.112912        0.171957        0.254835
     C    5        0.118085        0.254835       -0.508888

     H    6       -0.507302        0.203909        0.065161
     H    6        0.203909        0.916288        0.470091
     H    6        0.065161        0.470091       -0.408986

     H    7       -0.540916        0.066508       -0.040517
     H    7        0.066508        0.463819       -0.782732
     H    7       -0.040517       -0.782732        0.077096

     C    8        0.152184        0.236500        0.339908
     C    8        0.236500       -0.031460       -0.312293
     C    8        0.339908       -0.312293       -0.120724

     H    9        0.500247       -0.283479        0.749821
     H    9       -0.283479       -0.435381       -0.266628
     H    9        0.749821       -0.266628       -0.064866

     C   10        0.103697        0.264618        0.220469
     C   10        0.264618        0.087785       -0.379474
     C   10        0.220469       -0.379474       -0.191482

     C   11        0.191089        0.241369        0.332855
     C   11        0.241369        0.041850       -0.405858
     C   11        0.332855       -0.405858       -0.232939

     Cl  12        0.117222        0.239955        0.030330
     Cl  12        0.239955        0.033529        0.007113
     Cl  12        0.030330        0.007113       -0.150751

     H   13       -0.472041        0.160829        0.064550
     H   13        0.160829        0.670200        0.661149
     H   13        0.064550        0.661149       -0.198158

     C   14        0.427585       -0.100443        0.131066
     C   14       -0.100443        0.068703        0.281060
     C   14        0.131066        0.281060       -0.496288

     H   15        0.810600        0.320547        0.544638
     H   15        0.320547       -0.409513        0.177278
     H   15        0.544638        0.177278       -0.401086

     C   16        0.217141       -0.138615        0.136627
     C   16       -0.138615        0.265645        0.321333
     C   16        0.136627        0.321333       -0.482786

     C   17        0.256984       -0.080779        0.225256
     C   17       -0.080779        0.263413        0.267623
     C   17        0.225256        0.267623       -0.520397

     Cl  18        0.122196       -0.217469        0.035768
     Cl  18       -0.217469        0.060182       -0.025755
     Cl  18        0.035768       -0.025755       -0.182379

     H   19       -0.507318        0.010870        0.027824
     H   19        0.010870        0.531265       -0.762859
     H   19        0.027824       -0.762859       -0.023947

     C   20        0.304186        0.210433        0.395099
     C   20        0.210433       -0.021726       -0.277676
     C   20        0.395099       -0.277676       -0.282460

     H   21        0.640909       -0.313789        0.641709
     H   21       -0.313789       -0.425232       -0.239871
     H   21        0.641709       -0.239871       -0.215677

     C   22        0.129849        0.241173        0.256057
     C   22        0.241173        0.149096       -0.357841
     C   22        0.256057       -0.357841       -0.278945

     C   23        0.052374        0.183787        0.386161
     C   23        0.183787        0.077062       -0.414518
     C   23        0.386161       -0.414518       -0.129436

     Cl  24        0.136678        0.190535        0.037909
     Cl  24        0.190535        0.017293        0.015491
     Cl  24        0.037909        0.015491       -0.153971

     ----- GIPAW term -----
     Cl   1        1.607314       -1.978956        0.307539
     Cl   1       -1.978956       -0.254891       -0.287459
     Cl   1        0.307539       -0.287459       -1.352424

     C    2        0.020413       -0.167866       -0.204839
     C    2       -0.167866       -0.144082        0.021047
     C    2       -0.204839        0.021047        0.123669

     C    3       -0.206449        0.020836       -0.064744
     C    3        0.020836        0.226217        0.012686
     C    3       -0.064744        0.012686       -0.019768

     H    4       -0.000000        0.000000        0.000000
     H    4        0.000000        0.000000        0.000000
     H    4        0.000000        0.000000        0.000000

     C    5       -0.117635        0.012769       -0.013534
     C    5        0.012769        0.044566        0.142491
     C    5       -0.013534        0.142491        0.073069

     H    6       -0.000000        0.000000        0.000000
     H    6        0.000000        0.000000        0.000000
     H    6        0.000000        0.000000        0.000000

     H    7       -0.000000        0.000000        0.000000
     H    7        0.000000        0.000000        0.000000
     H    7        0.000000        0.000000        0.000000

     C    8       -0.011261       -0.029789       -0.063089
     C    8       -0.029789       -0.022660        0.054439
     C    8       -0.063089        0.054439        0.033921

     H    9       -0.000000        0.000000        0.000000
     H    9        0.000000        0.000000        0.000000
     H    9        0.000000        0.000000        0.000000

     C   10       -0.003788       -0.010274       -0.017575
     C   10       -0.010274       -0.005461        0.006800
     C   10       -0.017575        0.006800        0.009249

     C   11       -0.061088        0.004919       -0.128051
     C   11        0.004919       -0.071504        0.166043
     C   11       -0.128051        0.166043        0.132592

     Cl  12        0.033269       -0.101279       -1.262182
     Cl  12       -0.101279        0.053258        1.570607
     Cl  12       -1.262182        1.570607       -0.086527

     H   13       -0.000000        0.000000        0.000000
     H   13        0.000000        0.000000        0.000000
     H   13        0.000000        0.000000        0.000000

     C   14        0.006315        0.003500        0.001274
     C   14        0.003500        0.029537        0.024615
     C   14        0.001274        0.024615       -0.035852

     H   15       -0.000000        0.000000        0.000000
     H   15        0.000000        0.000000        0.000000
     H   15        0.000000        0.000000        0.000000

     C   16        0.009051       -0.019753        0.044571
     C   16       -0.019753        0.022126        0.024529
     C   16        0.044571        0.024529       -0.031177

     C   17       -0.071962       -0.007099       -0.016756
     C   17       -0.007099       -0.006395        0.036827
     C   17       -0.016756        0.036827        0.078358

     Cl  18       -0.130802       -2.094710       -0.158506
     Cl  18       -2.094710        0.466539        2.001310
     Cl  18       -0.158506        2.001310       -0.335737

     H   19       -0.000000        0.000000        0.000000
     H   19        0.000000        0.000000        0.000000
     H   19        0.000000        0.000000        0.000000

     C   20       -0.173261       -0.011638       -0.055857
     C   20       -0.011638       -0.089695        0.140854
     C   20       -0.055857        0.140854        0.262957

     H   21       -0.000000        0.000000        0.000000
     H   21        0.000000        0.000000        0.000000
     H   21        0.000000        0.000000        0.000000

     C   22       -0.102580       -0.064876       -0.084188
     C   22       -0.064876       -0.008008        0.140262
     C   22       -0.084188        0.140262        0.110588

     C   23       -0.044584        0.068177       -0.101680
     C   23        0.068177        0.016189        0.225811
     C   23       -0.101680        0.225811        0.028395

     Cl  24        1.668121        2.191843       -0.089939
     Cl  24        2.191843        0.136347       -0.012914
     Cl  24       -0.089939       -0.012914       -1.804468

     ----- total EFG -----
     Cl   1        1.646186       -1.969787        0.293312
     Cl   1       -1.969787       -0.302539       -0.290894
     Cl   1        0.293312       -0.290894       -1.343647

     C    2        0.400310       -0.464795       -0.611679
     C    2       -0.464795       -0.346704       -0.079580
     C    2       -0.611679       -0.079580       -0.053605

     C    3       -0.570568        0.218527       -0.281104
     C    3        0.218527        0.686582        0.092046
     C    3       -0.281104        0.092046       -0.116014

     H    4        0.413094       -0.131486        0.353709
     H    4       -0.131486       -0.176437        0.192302
     H    4        0.353709        0.192302       -0.236657

     C    5        0.094380        0.015418       -0.094543
     C    5        0.015418       -0.002717        0.106473
     C    5       -0.094543        0.106473       -0.091663

     H    6       -0.077991       -0.037810        0.034106
     H    6       -0.037810        0.143883        0.187790
     H    6        0.034106        0.187790       -0.065892

     H    7       -0.246860        0.079967        0.286947
     H    7        0.079967        0.622776       -0.547108
     H    7        0.286947       -0.547108       -0.375916

     C    8        0.001504        0.123296        0.126600
     C    8        0.123296        0.073232       -0.123426
     C    8        0.126600       -0.123426       -0.074737

     H    9        0.654122       -0.206915        0.450108
     H    9       -0.206915       -0.012753       -0.362742
     H    9        0.450108       -0.362742       -0.641369

     C   10        0.170715        0.083081        0.202117
     C   10        0.083081        0.081620       -0.357596
     C   10        0.202117       -0.357596       -0.252335

     C   11        0.004604        0.109319       -0.168330
     C   11        0.109319       -0.260701        0.161072
     C   11       -0.168330        0.161072        0.256097

     Cl  12        0.106619        0.106618       -1.162125
     Cl  12        0.106618        0.084368        1.478892
     Cl  12       -1.162125        1.478892       -0.190987

     H   13       -0.251884       -0.213259        0.302439
     H   13       -0.213259        0.184030        0.691851
     H   13        0.302439        0.691851        0.067854

     C   14        0.143586        0.157681        0.063719
     C   14        0.157681        0.329759        0.388504
     C   14        0.063719        0.388504       -0.473345

     H   15        0.328624        0.152329        0.788179
     H   15        0.152329       -0.128308        0.070629
     H   15        0.788179        0.070629       -0.200316

     C   16        0.422961       -0.303007        0.481340
     C   16       -0.303007        0.122437        0.193990
     C   16        0.481340        0.193990       -0.545397

     C   17       -0.421958        0.237062        0.078259
     C   17        0.237062        0.510305        0.181970
     C   17        0.078259        0.181970       -0.088347

     Cl  18       -0.065861       -2.347595       -0.095614
     Cl  18       -2.347595        0.530009        2.103539
     Cl  18       -0.095614        2.103539       -0.464148

     H   19       -0.067941        0.041135       -0.048255
     H   19        0.041135       -0.099088       -0.531699
     H   19       -0.048255       -0.531699        0.167029

     C   20       -0.394238        0.110005        0.011406
     C   20        0.110005       -0.173319        0.162726
     C   20        0.011406        0.162726        0.567557

     H   21        0.149078        0.063677        0.360688
     H   21        0.063677       -0.186289       -0.135087
     H   21        0.360688       -0.135087        0.037212

     C   22       -0.254522       -0.146093       -0.078246
     C   22       -0.146093       -0.047143        0.291038
     C   22       -0.078246        0.291038        0.301665

     C   23       -0.222618        0.230688       -0.044147
     C   23        0.230688        0.036214        0.475830
     C   23       -0.044147        0.475830        0.186404

     Cl  24        1.837579        2.382854       -0.064480
     Cl  24        2.382854        0.163771       -0.000904
     Cl  24       -0.064480       -0.000904       -2.001350

     ----- total EFG (symmetrized) -----
     Cl   1        1.646186       -1.969787        0.293312
     Cl   1       -1.969787       -0.302539       -0.290894
     Cl   1        0.293312       -0.290894       -1.343647

     C    2        0.400310       -0.464795       -0.611679
     C    2       -0.464795       -0.346704       -0.079580
     C    2       -0.611679       -0.079580       -0.053605

     C    3       -0.570568        0.218527       -0.281104
     C    3        0.218527        0.686582        0.092046
     C    3       -0.281104        0.092046       -0.116014

     H    4        0.413094       -0.131486        0.353709
     H    4       -0.131486       -0.176437        0.192302
     H    4        0.353709        0.192302       -0.236657

     C    5        0.094380        0.015418       -0.094543
     C    5        0.015418       -0.002717        0.106473
     C    5       -0.094543        0.106473       -0.091663

     H    6       -0.077991       -0.037810        0.034106
     H    6       -0.037810        0.143883        0.187790
     H    6        0.034106        0.187790       -0.065892

     H    7       -0.246860        0.079967        0.286947
     H    7        0.079967        0.622776       -0.547108
     H    7        0.286947       -0.547108       -0.375916

     C    8        0.001504        0.123296        0.126600
     C    8        0.123296        0.073232       -0.123426
     C    8        0.126600       -0.123426       -0.074737

     H    9        0.654122       -0.206915        0.450108
     H    9       -0.206915       -0.012753       -0.362742
     H    9        0.450108       -0.362742       -0.641369

     C   10        0.170715        0.083081        0.202117
     C   10        0.083081        0.081620       -0.357596
     C   10        0.202117       -0.357596       -0.252335

     C   11        0.004604        0.109319       -0.168330
     C   11        0.109319       -0.260701        0.161072
     C   11       -0.168330        0.161072        0.256097

     Cl  12        0.106619        0.106618       -1.162125
     Cl  12        0.106618        0.084368        1.478892
     Cl  12       -1.162125        1.478892       -0.190987

     H   13       -0.251884       -0.213259        0.302439
     H   13       -0.213259        0.184030        0.691851
     H   13        0.302439        0.691851        0.067854

     C   14        0.143586        0.157681        0.063719
     C   14        0.157681        0.329759        0.388504
     C   14        0.063719        0.388504       -0.473345

     H   15        0.328624        0.152329        0.788179
     H   15        0.152329       -0.128308        0.070629
     H   15        0.788179        0.070629       -0.200316

     C   16        0.422961       -0.303007        0.481340
     C   16       -0.303007        0.122437        0.193990
     C   16        0.481340        0.193990       -0.545397

     C   17       -0.421958        0.237062        0.078259
     C   17        0.237062        0.510305        0.181970
     C   17        0.078259        0.181970       -0.088347

     Cl  18       -0.065861       -2.347595       -0.095614
     Cl  18       -2.347595        0.530009        2.103539
     Cl  18       -0.095614        2.103539       -0.464148

     H   19       -0.067941        0.041135       -0.048255
     H   19        0.041135       -0.099088       -0.531699
     H   19       -0.048255       -0.531699        0.167029

     C   20       -0.394238        0.110005        0.011406
     C   20        0.110005       -0.173319        0.162726
     C   20        0.011406        0.162726        0.567557

     H   21        0.149078        0.063677        0.360688
     H   21        0.063677       -0.186289       -0.135087
     H   21        0.360688       -0.135087        0.037212

     C   22       -0.254522       -0.146093       -0.078246
     C   22       -0.146093       -0.047143        0.291038
     C   22       -0.078246        0.291038        0.301665

     C   23       -0.222618        0.230688       -0.044147
     C   23        0.230688        0.036214        0.475830
     C   23       -0.044147        0.475830        0.186404

     Cl  24        1.837579        2.382854       -0.064480
     Cl  24        2.382854        0.163771       -0.000904
     Cl  24       -0.064480       -0.000904       -2.001350


     NQR/NMR SPECTROSCOPIC PARAMETERS:
     Cl   1    Vxx=   -1.3370    axis=( -0.303795 -0.326827  0.894926)
     Cl   1    Vyy=   -1.5706    axis=(  0.440679  0.784597  0.436130)
     Cl   1    Vzz=    2.9076    axis=(  0.844695 -0.526869  0.094331)
     Cl   1  Q=        -8.1650 1e-30 m^2  Cq=       -55.7804 MHz  eta= 0.08035

     C    2    Vxx=   -0.1405    axis=(  0.189004 -0.694150  0.694574)
     C    2    Vyy=   -0.7803    axis=( -0.532619 -0.666705 -0.521365)
     C    2    Vzz=    0.9208    axis=( -0.824982  0.271403  0.495727)
     C    2  Q=         1.0000 1e-30 m^2  Cq=         2.1634 MHz  eta= 0.69478

     C    3    Vxx=    0.0180    axis=( -0.426410  0.014861  0.904408)
     C    3    Vyy=    0.7260    axis=( -0.154033 -0.986454 -0.056414)
     C    3    Vzz=   -0.7440    axis=(  0.891318 -0.163364  0.422923)
     C    3  Q=         1.0000 1e-30 m^2  Cq=        -1.7481 MHz  eta= 0.95152

     H    4    Vxx=   -0.0334    axis=(  0.160935 -0.841388 -0.515913)
     H    4    Vyy=   -0.5378    axis=(  0.358350  0.536868 -0.763779)
     H    4    Vzz=    0.5712    axis=(  0.919611 -0.061958  0.387912)
     H    4  Q=         1.0000 1e-30 m^2  Cq=         1.3420 MHz  eta= 0.88313

     C    5    Vxx=    0.0490    axis=(  0.430321  0.835001  0.342924)
     C    5    Vyy=    0.1410    axis=( -0.851771  0.249839  0.460507)
     C    5    Vzz=   -0.1899    axis=(  0.298848 -0.490259  0.818741)
     C    5  Q=         1.0000 1e-30 m^2  Cq=        -0.4463 MHz  eta= 0.48448

     H    6    Vxx=   -0.0587    axis=(  0.923180 -0.154125  0.352115)
     H    6    Vyy=   -0.1961    axis=(  0.381506  0.479035 -0.790556)
     H    6    Vzz=    0.2548    axis=( -0.046831  0.864159  0.501035)
     H    6  Q=         1.0000 1e-30 m^2  Cq=         0.5987 MHz  eta= 0.53951

     H    7    Vxx=   -0.0854    axis=(  0.873970  0.231452  0.427326)
     H    7    Vyy=   -0.7805    axis=( -0.484295  0.341626  0.805450)
     H    7    Vzz=    0.8659    axis=(  0.040438 -0.910891  0.410662)
     H    7  Q=         1.0000 1e-30 m^2  Cq=         2.0345 MHz  eta= 0.80279

     C    8    Vxx=    0.0892    axis=(  0.670357 -0.243265  0.701030)
     C    8    Vyy=    0.1698    axis=( -0.492575 -0.852449  0.175214)
     C    8    Vzz=   -0.2590    axis=(  0.554969 -0.462766 -0.691272)
     C    8  Q=         1.0000 1e-30 m^2  Cq=        -0.6085 MHz  eta= 0.31155

     H    9    Vxx=   -0.0212    axis=(  0.414774  0.883920 -0.215981)
     H    9    Vyy=   -0.8818    axis=(  0.224399 -0.329396 -0.917139)
     H    9    Vzz=    0.9030    axis=( -0.881821  0.331939 -0.334975)
     H    9  Q=         1.0000 1e-30 m^2  Cq=         2.1217 MHz  eta= 0.95302

     C   10    Vxx=    0.2202    axis=(  0.883620  0.467583  0.024101)
     C   10    Vyy=    0.3247    axis=( -0.368750  0.726721 -0.579569)
     C   10    Vzz=   -0.5448    axis=( -0.288512  0.503232  0.814567)
     C   10  Q=         1.0000 1e-30 m^2  Cq=        -1.2802 MHz  eta= 0.19172

     C   11    Vxx=    0.0153    axis=(  0.835685  0.483291  0.260883)
     C   11    Vyy=    0.3568    axis=(  0.381650 -0.169440 -0.908644)
     C   11    Vzz=   -0.3721    axis=( -0.394935  0.858906 -0.326047)
     C   11  Q=         1.0000 1e-30 m^2  Cq=        -0.8743 MHz  eta= 0.91789

     Cl  12    Vxx=    0.2017    axis=( -0.787269 -0.616560  0.007842)
     Cl  12    Vyy=    1.7822    axis=(  0.442043 -0.573209 -0.689949)
     Cl  12    Vzz=   -1.9839    axis=(  0.429890 -0.539709  0.723815)
     Cl  12  Q=        -8.1650 1e-30 m^2  Cq=        38.0607 MHz  eta= 0.79667

     H   13    Vxx=   -0.0124    axis=(  0.833625 -0.407641  0.372691)
     H   13    Vyy=   -0.8102    axis=(  0.550173  0.553267 -0.625464)
     H   13    Vzz=    0.8226    axis=(  0.048767  0.726447  0.685490)
     H   13  Q=         1.0000 1e-30 m^2  Cq=         1.9327 MHz  eta= 0.96988

     C   14    Vxx=    0.0736    axis=(  0.924776 -0.352702 -0.142792)
     C   14    Vyy=    0.5569    axis=(  0.380511  0.857283  0.346810)
     C   14    Vzz=   -0.6305    axis=(  0.000093 -0.375055  0.927002)
     C   14  Q=         1.0000 1e-30 m^2  Cq=        -1.4815 MHz  eta= 0.76652

     H   15    Vxx=   -0.1526    axis=(  0.096383 -0.986576  0.131822)
     H   15    Vyy=   -0.7688    axis=(  0.587217 -0.050574 -0.807848)
     H   15    Vzz=    0.9214    axis=(  0.803671  0.155271  0.574460)
     H   15  Q=         1.0000 1e-30 m^2  Cq=         2.1650 MHz  eta= 0.66872

     C   16    Vxx=    0.1342    axis=( -0.231444 -0.879865 -0.415056)
     C   16    Vyy=    0.7031    axis=( -0.885633  0.367117 -0.284393)
     C   16    Vzz=   -0.8374    axis=( -0.402602 -0.301766  0.864204)
     C   16  Q=         1.0000 1e-30 m^2  Cq=        -1.9675 MHz  eta= 0.67937

     C   17    Vxx=   -0.1390    axis=(  0.030685 -0.280114  0.959476)
     C   17    Vyy=   -0.4820    axis=( -0.972086  0.215029  0.093865)
     C   17    Vzz=    0.6209    axis=( -0.232608 -0.935574 -0.265696)
     C   17  Q=         1.0000 1e-30 m^2  Cq=         1.4589 MHz  eta= 0.55238

     Cl  18    Vxx=   -0.3785    axis=(  0.679021  0.060640  0.731610)
     Cl  18    Vyy=   -2.9869    axis=( -0.518089 -0.666478  0.536089)
     Cl  18    Vzz=    3.3654    axis=( -0.520111  0.743055  0.421135)
     Cl  18  Q=        -8.1650 1e-30 m^2  Cq=       -64.5643 MHz  eta= 0.77505

     H   19    Vxx=   -0.0740    axis=(  0.995352 -0.054261  0.079562)
     H   19    Vyy=   -0.5141    axis=( -0.006178  0.788483  0.615026)
     H   19    Vzz=    0.5882    axis=( -0.096105 -0.612658  0.784483)
     H   19  Q=         1.0000 1e-30 m^2  Cq=         1.3820 MHz  eta= 0.74824

     C   20    Vxx=   -0.1604    axis=(  0.408352  0.889453 -0.205236)
     C   20    Vyy=   -0.4425    axis=(  0.912179 -0.406068  0.055118)
     C   20    Vzz=    0.6029    axis=(  0.034314  0.209719  0.977159)
     C   20  Q=         1.0000 1e-30 m^2  Cq=         1.4165 MHz  eta= 0.46801

     H   21    Vxx=   -0.0807    axis=(  0.435288  0.797338 -0.418063)
     H   21    Vyy=   -0.3800    axis=( -0.498637  0.600154  0.625441)
     H   21    Vzz=    0.4607    axis=( -0.749590  0.063785 -0.658822)
     H   21  Q=         1.0000 1e-30 m^2  Cq=         1.0824 MHz  eta= 0.64966

     C   22    Vxx=   -0.1531    axis=( -0.549650  0.657507 -0.515334)
     C   22    Vyy=   -0.3401    axis=( -0.814245 -0.559584  0.154500)
     C   22    Vzz=    0.4932    axis=( -0.186788  0.504529  0.842947)
     C   22  Q=         1.0000 1e-30 m^2  Cq=         1.1588 MHz  eta= 0.37906

     C   23    Vxx=   -0.0925    axis=( -0.798605 -0.357781  0.483966)
     C   23    Vyy=   -0.5176    axis=( -0.583995  0.655096 -0.479374)
     C   23    Vzz=    0.6101    axis=(  0.145533  0.665464  0.732105)
     C   23  Q=         1.0000 1e-30 m^2  Cq=         1.4336 MHz  eta= 0.69675

     Cl  24    Vxx=   -1.5221    axis=(  0.575876 -0.814002 -0.075944)
     Cl  24    Vyy=   -2.0046    axis=( -0.051728  0.056427 -0.997066)
     Cl  24    Vzz=    3.5267    axis=(  0.815899  0.578114 -0.009611)
     Cl  24  Q=        -8.1650 1e-30 m^2  Cq=       -67.6586 MHz  eta= 0.13683

     Initialization:
     gipaw_setup  :      9.02s CPU     10.71s WALL (       1 calls)

     Linear response

     Apply operators

     Induced current

     Other routines
     efg          :      9.22s CPU     11.93s WALL (       1 calls)

     General routines
     calbec       :      3.16s CPU      4.42s WALL (      16 calls)
     fft          :      1.46s CPU      2.07s WALL (      15 calls)
     ffts         :      0.04s CPU      0.05s WALL (       2 calls)
     fftw         :      3.28s CPU      3.93s WALL (     672 calls)
     davcio       :      0.02s CPU      0.31s WALL (      32 calls)

     Parallel routines
     fft_scatter  :      2.12s CPU      3.22s WALL (     689 calls)

     Plugins

     GIPAW        :     60.58s CPU     77.55s WALL (       1 calls)
