
     Program QE v.6.0 (svn rev. 13079) starts on 23Dec2016 at 10:38: 4 

     This program is part of the open-source Quantum ESPRESSO suite
     for quantum simulation of materials; please cite
         "P. Giannozzi et al., J. Phys.:Condens. Matter 21 395502 (2009);
          URL http://www.quantum-espresso.org", 
     in publications or presentations arising from this work. More details at
     http://www.quantum-espresso.org/quote

     Parallel version (MPI), running on     8 processors
     R & G space division:  proc/nbgrp/npool/nimage =       8

     ***** This is GIPAW svn revision unknown      *****

     Parallelizing q-star over 1 images

     Reading data from directory:
     /users/majewski/paradichlorobenzene/pbe/9_constraint/scratch/pbe.ecut100.np8.dt60.pcl2phi-129368.save
     Message from routine read_xml_file:
     file /users/majewski/paradichlorobenzene/pbe/9_constraint/scratch/pbe.ecut100.np8.dt60.pcl2phi-129368.save not guaranteed to be safe for post-processing

   Info: using nr1, nr2, nr3 values from input

   Info: using nr1, nr2, nr3 values from input

     IMPORTANT: XC functional enforced from input :
     Exchange-correlation      =  SLA  PW   PBX  PBC ( 1  4  3  4 0 0)
     Any further DFT definition will be discarded
     Please, verify this is what you really want

               file C.pbe-n-kjpaw_psl.1.0.0.UPF: wavefunction(s)  2S 2P renormalized
               file Cl.pbe-n-kjpaw_psl.1.0.0.UPF: wavefunction(s)  3S 3P renormalized
               file H.pbe-kjpaw_psl.1.0.0.UPF: wavefunction(s)  1S renormalized

     Parallelization info
     --------------------
     sticks:   dense  smooth     PW     G-vecs:    dense   smooth      PW
     Min        3057    1223    332               144436    36536    5170
     Max        3059    1225    333               144437    36537    5171
     Sum       24467    9791   2657              1155489   292295   41363


     Subspace diagonalization in iterative solution of the eigenvalue problem:
     a serial algorithm will be used

     GIPAW projectors -----------------------------------------------
     atom=  C    l=0  rc=    1.2000  rs=    0.8000
     atom=  C    l=0  rc=    1.2000  rs=    0.8000
     atom=  C    l=1  rc=    1.4000  rs=    0.9333
     atom=  C    l=1  rc=    1.4000  rs=    0.9333
     projs nearly linearly dependent: l=1  n1,n2= 1, 2  s=  0.99951561

     atom=  Cl   l=0  rc=    1.6000  rs=    1.0667
     atom=  Cl   l=0  rc=    1.6000  rs=    1.0667
     atom=  Cl   l=1  rc=    1.6000  rs=    1.0667
     atom=  Cl   l=1  rc=    1.6000  rs=    1.0667
     atom=  Cl   l=2  rc=    1.6000  rs=    1.0667
     atom=  Cl   l=2  rc=    1.6000  rs=    1.0667
     projs nearly linearly dependent: l=2  n1,n2= 1, 2  s=  0.99993509

     atom=  H    l=0  rc=    1.0000  rs=    0.6667
     atom=  H    l=0  rc=    1.0000  rs=    0.6667
     projs nearly linearly dependent: l=0  n1,n2= 1, 2  s=  0.99968852
     -----------------------------------------------------------------

     GIPAW integrals: -------------------------------------------
     Atom  i/j   nmr_para   nmr_dia   epr_rmc  epr_para   epr_dia
       C   1 1   0.83E+03  0.17E-01  0.93E+01  0.24E+08  0.24E+03
       C   2 1   0.86E+03 -0.61E-01  0.94E+01  0.25E+08  0.25E+03
       C   2 2   0.90E+03 -0.15E+00  0.97E+01  0.26E+08  0.26E+03
       C   3 3   0.33E+01  0.34E+00  0.18E+01  0.55E+03  0.21E+02
       C   4 3   0.35E+01  0.37E+00  0.20E+01  0.59E+03  0.22E+02
       C   4 4   0.38E+01  0.39E+00  0.22E+01  0.63E+03  0.24E+02
       Cl  1 1   0.14E+04 -0.47E+00  0.84E+01  0.32E+09  0.42E+03
       Cl  2 1   0.21E+04 -0.37E+00  0.12E+02  0.49E+09  0.65E+03
       Cl  2 2   0.33E+04 -0.16E+00  0.21E+02  0.76E+09  0.10E+04
       Cl  3 3   0.21E+02  0.79E-01  0.89E+01  0.23E+05  0.13E+03
       Cl  4 3   0.24E+02  0.67E-01  0.99E+01  0.27E+05  0.15E+03
       Cl  4 4   0.28E+02  0.44E-01  0.11E+02  0.32E+05  0.18E+03
       Cl  5 5   0.77E+00  0.19E+00  0.18E+01  0.12E+03  0.22E+02
       Cl  6 5   0.80E+00  0.19E+00  0.19E+01  0.12E+03  0.23E+02
       Cl  6 6   0.83E+00  0.20E+00  0.19E+01  0.12E+03  0.23E+02
       H   1 1   0.39E+02  0.19E+00  0.29E+00  0.78E+05  0.13E+02
       H   2 1   0.41E+02  0.21E+00  0.32E+00  0.82E+05  0.14E+02
       H   2 2   0.43E+02  0.22E+00  0.36E+00  0.86E+05  0.15E+02
     ------------------------------------------------------------

     alpha_pv=     34.8193 eV

     Number of occupied bands for each k-point:
     k-point:     1    nbnd_occ=  42
     k-point:     2    nbnd_occ=  42
     k-point:     3    nbnd_occ=  42
     k-point:     4    nbnd_occ=  42
     k-point:     5    nbnd_occ=  42
     k-point:     6    nbnd_occ=  42
     k-point:     7    nbnd_occ=  42
     k-point:     8    nbnd_occ=  42
     k-point:     9    nbnd_occ=  42
     k-point:    10    nbnd_occ=  42
     k-point:    11    nbnd_occ=  42
     k-point:    12    nbnd_occ=  42
     k-point:    13    nbnd_occ=  42
     k-point:    14    nbnd_occ=  42
     k-point:    15    nbnd_occ=  42
     k-point:    16    nbnd_occ=  42


     q-space interpolation up to   110.00 Rydberg

     GIPAW job: efg                                                                             


     ELECTRIC FIELD GRADIENTS TENSORS IN Hartree/bohrradius^2:

     ----- bare term -----
     Cl   1        0.245123        0.023697        0.212843
     Cl   1        0.023697        0.099431        0.501078
     Cl   1        0.212843        0.501078       -0.344554

     C    2       -0.444882       -0.071119       -0.235252
     C    2       -0.071119       -0.032743       -0.425568
     C    2       -0.235252       -0.425568        0.477625

     C    3       -0.107080        0.402564        0.100637
     C    3        0.402564       -0.534528       -0.514554
     C    3        0.100637       -0.514554        0.641608

     H    4       -0.401524       -0.401595       -0.191772
     H    4       -0.401595        0.260049        0.023273
     H    4       -0.191772        0.023273        0.141476

     C    5       -0.450729        0.215034       -0.416196
     C    5        0.215034        0.136149       -0.259699
     C    5       -0.416196       -0.259699        0.314580

     H    6        0.092020       -0.008407        0.239999
     H    6       -0.008407       -0.142876       -0.494421
     H    6        0.239999       -0.494421        0.050857

     H    7        0.421001       -0.102396       -0.182782
     H    7       -0.102396       -0.620744        0.070189
     H    7       -0.182782        0.070189        0.199743

     C    8       -0.563233       -0.148997       -0.373546
     C    8       -0.148997       -0.061287        0.332365
     C    8       -0.373546        0.332365        0.624520

     H    9       -0.461756        0.198728       -0.485950
     H    9        0.198728        0.309224        0.194048
     H    9       -0.485950        0.194048        0.152531

     C   10       -0.152492       -0.273796       -0.205141
     C   10       -0.273796       -0.394224        0.512988
     C   10       -0.205141        0.512988        0.546716

     C   11       -0.373491        0.007812       -0.319706
     C   11        0.007812       -0.010793        0.361226
     C   11       -0.319706        0.361226        0.384284

     Cl  12        0.019135       -0.287042       -0.079324
     Cl  12       -0.287042       -0.015876        0.052856
     Cl  12       -0.079324        0.052856       -0.003259

     H   13        0.407611        0.052108        0.015523
     H   13        0.052108       -0.589555       -0.512225
     H   13        0.015523       -0.512225        0.181944

     C   14       -0.180576        0.223623       -0.205682
     C   14        0.223623       -0.247040       -0.354980
     C   14       -0.205682       -0.354980        0.427616

     H   15       -0.297351       -0.547452       -0.049542
     H   15       -0.547452       -0.064202        0.087911
     H   15       -0.049542        0.087911        0.361553

     C   16       -0.480274        0.405291       -0.341944
     C   16        0.405291        0.192435       -0.288489
     C   16       -0.341944       -0.288489        0.287840

     C   17        0.060984        0.486420       -0.113668
     C   17        0.486420       -0.256356       -0.533530
     C   17       -0.113668       -0.533530        0.195373

     Cl  18       -0.067774        0.184186       -0.076832
     Cl  18        0.184186        0.108731       -0.103043
     Cl  18       -0.076832       -0.103043       -0.040956

     H   19        0.423177        0.100558       -0.119619
     H   19        0.100558       -0.249398        0.589808
     H   19       -0.119619        0.589808       -0.173779

     C   20       -0.218179       -0.318221       -0.083863
     C   20       -0.318221       -0.367863        0.383594
     C   20       -0.083863        0.383594        0.586041

     H   21        0.063183        0.047875       -0.482687
     H   21        0.047875        0.381693       -0.147749
     H   21       -0.482687       -0.147749       -0.444876

     C   22       -0.241666       -0.176143       -0.246004
     C   22       -0.176143       -0.127491        0.512670
     C   22       -0.246004        0.512670        0.369156

     C   23       -0.110047       -0.091698       -0.325789
     C   23       -0.091698       -0.425463        0.448598
     C   23       -0.325789        0.448598        0.535510

     Cl  24       -0.130356       -0.080789       -0.042908
     Cl  24       -0.080789       -0.081655        0.011843
     Cl  24       -0.042908        0.011843        0.212010

     ----- ionic term -----
     Cl   1        0.216891       -0.179797       -0.048591
     Cl   1       -0.179797       -0.089912        0.027967
     Cl   1       -0.048591        0.027967       -0.126979

     C    2        0.319334       -0.062588        0.075102
     C    2       -0.062588       -0.001345        0.477450
     C    2        0.075102        0.477450       -0.317989

     C    3        0.224221       -0.214756        0.045437
     C    3       -0.214756        0.058779        0.455244
     C    3        0.045437        0.455244       -0.283000

     H    4        0.666327        0.391972        0.567213
     H    4        0.391972       -0.398285        0.270632
     H    4        0.567213        0.270632       -0.268042

     C    5        0.378987       -0.182191        0.132344
     C    5       -0.182191       -0.077603        0.352762
     C    5        0.132344        0.352762       -0.301384

     H    6       -0.512002       -0.052097       -0.030160
     H    6       -0.052097        0.454256        0.787753
     H    6       -0.030160        0.787753        0.057746

     H    7       -0.503078        0.045965       -0.023091
     H    7        0.045965        0.751272       -0.625978
     H    7       -0.023091       -0.625978       -0.248195

     C    8        0.241217        0.196131        0.295808
     C    8        0.196131        0.093565       -0.275990
     C    8        0.295808       -0.275990       -0.334782

     H    9        0.501887       -0.257070        0.738743
     H    9       -0.257070       -0.431560       -0.228944
     H    9        0.738743       -0.228944       -0.070328

     C   10        0.122919        0.200199        0.257897
     C   10        0.200199        0.192878       -0.331248
     C   10        0.257897       -0.331248       -0.315797

     C   11        0.144396        0.188259        0.374093
     C   11        0.188259        0.168763       -0.322087
     C   11        0.374093       -0.322087       -0.313159

     Cl  12        0.116316        0.232862        0.054099
     Cl  12        0.232862        0.056957        0.031143
     Cl  12        0.054099        0.031143       -0.173273

     H   13       -0.517340        0.006545       -0.021990
     H   13        0.006545        0.782133        0.653035
     H   13       -0.021990        0.653035       -0.264792

     C   14        0.353673       -0.058579        0.112768
     C   14       -0.058579        0.055595        0.334789
     C   14        0.112768        0.334789       -0.409268

     H   15        0.690888        0.528696        0.411520
     H   15        0.528696       -0.286835        0.236946
     H   15        0.411520        0.236946       -0.404054

     C   16        0.239493       -0.150158        0.047576
     C   16       -0.150158        0.128782        0.386583
     C   16        0.047576        0.386583       -0.368276

     C   17        0.297254       -0.224713        0.181323
     C   17       -0.224713        0.084139        0.376126
     C   17        0.181323        0.376126       -0.381392

     Cl  18        0.153442       -0.246559       -0.010315
     Cl  18       -0.246559        0.011896        0.008670
     Cl  18       -0.010315        0.008670       -0.165338

     H   19       -0.523332       -0.086588        0.065495
     H   19       -0.086588        0.712304       -0.657961
     H   19        0.065495       -0.657961       -0.188972

     C   20        0.173843        0.198832        0.320284
     C   20        0.198832        0.128869       -0.275162
     C   20        0.320284       -0.275162       -0.302712

     H   21        0.464460       -0.215003        0.758687
     H   21       -0.215003       -0.440195       -0.251843
     H   21        0.758687       -0.251843       -0.024266

     C   22       -0.007387        0.252656        0.238682
     C   22        0.252656        0.283777       -0.450865
     C   22        0.238682       -0.450865       -0.276390

     C   23        0.127782        0.163565        0.333692
     C   23        0.163565        0.162636       -0.465625
     C   23        0.333692       -0.465625       -0.290418

     Cl  24        0.143439        0.231190        0.028432
     Cl  24        0.231190        0.006919        0.009600
     Cl  24        0.028432        0.009600       -0.150358

     ----- GIPAW term -----
     Cl   1        0.237356       -0.212032       -0.291958
     Cl   1       -0.212032       -0.177746        0.000440
     Cl   1       -0.291958        0.000440       -0.059610

     C    2       -0.135454       -0.086288       -0.021586
     C    2       -0.086288       -0.103749       -0.120183
     C    2       -0.021586       -0.120183        0.239203

     C    3       -0.087110        0.036696        0.131520
     C    3        0.036696       -0.181602       -0.105594
     C    3        0.131520       -0.105594        0.268712

     H    4       -0.000000        0.000000        0.000000
     H    4        0.000000        0.000000        0.000000
     H    4        0.000000        0.000000        0.000000

     C    5        0.030536        0.120273        0.017744
     C    5        0.120273       -0.008590        0.014078
     C    5        0.017744        0.014078       -0.021946

     H    6       -0.000000        0.000000        0.000000
     H    6        0.000000        0.000000        0.000000
     H    6        0.000000        0.000000        0.000000

     H    7       -0.000000        0.000000        0.000000
     H    7        0.000000        0.000000        0.000000
     H    7        0.000000        0.000000        0.000000

     C    8       -0.170630       -0.018990       -0.060788
     C    8       -0.018990       -0.090887        0.111055
     C    8       -0.060788        0.111055        0.261517

     H    9       -0.000000        0.000000        0.000000
     H    9        0.000000        0.000000        0.000000
     H    9        0.000000        0.000000        0.000000

     C   10       -0.083895       -0.033060       -0.067793
     C   10       -0.033060       -0.114427        0.077765
     C   10       -0.067793        0.077765        0.198322

     C   11       -0.011412        0.094883        0.042137
     C   11        0.094883       -0.046068       -0.012259
     C   11        0.042137       -0.012259        0.057479

     Cl  12        1.944857       -0.185295       -0.765072
     Cl  12       -0.185295        0.075127        0.550031
     Cl  12       -0.765072        0.550031       -2.019984

     H   13       -0.000000        0.000000        0.000000
     H   13        0.000000        0.000000        0.000000
     H   13        0.000000        0.000000        0.000000

     C   14       -0.070520        0.050064       -0.003815
     C   14        0.050064       -0.044676        0.040274
     C   14       -0.003815        0.040274        0.115195

     H   15       -0.000000        0.000000        0.000000
     H   15        0.000000        0.000000        0.000000
     H   15        0.000000        0.000000        0.000000

     C   16       -0.123637        0.195175       -0.089897
     C   16        0.195175        0.197770       -0.044153
     C   16       -0.089897       -0.044153       -0.074133

     C   17        0.195683        0.142969       -0.023442
     C   17        0.142969       -0.039273       -0.077583
     C   17       -0.023442       -0.077583       -0.156411

     Cl  18        0.879422       -0.534813       -0.770726
     Cl  18       -0.534813        1.031171       -0.961356
     Cl  18       -0.770726       -0.961356       -1.910594

     H   19       -0.000000        0.000000        0.000000
     H   19        0.000000        0.000000        0.000000
     H   19        0.000000        0.000000        0.000000

     C   20       -0.090512       -0.052992        0.060364
     C   20       -0.052992       -0.197967        0.051474
     C   20        0.060364        0.051474        0.288479

     H   21       -0.000000        0.000000        0.000000
     H   21        0.000000        0.000000        0.000000
     H   21        0.000000        0.000000        0.000000

     C   22       -0.164903       -0.016430       -0.069063
     C   22       -0.016430       -0.028126        0.213640
     C   22       -0.069063        0.213640        0.193028

     C   23       -0.076424        0.070021       -0.088364
     C   23        0.070021       -0.171305        0.105155
     C   23       -0.088364        0.105155        0.247729

     Cl  24       -0.777745        1.359439       -0.444798
     Cl  24        1.359439       -1.470413        0.384005
     Cl  24       -0.444798        0.384005        2.248158

     ----- total EFG -----
     Cl   1        0.699370       -0.368133       -0.127706
     Cl   1       -0.368133       -0.168227        0.529485
     Cl   1       -0.127706        0.529485       -0.531142

     C    2       -0.261002       -0.219995       -0.181736
     C    2       -0.219995       -0.137837       -0.068301
     C    2       -0.181736       -0.068301        0.398839

     C    3        0.030031        0.224503        0.277594
     C    3        0.224503       -0.657351       -0.164904
     C    3        0.277594       -0.164904        0.627320

     H    4        0.264803       -0.009623        0.375441
     H    4       -0.009623       -0.138236        0.293905
     H    4        0.375441        0.293905       -0.126567

     C    5       -0.041206        0.153116       -0.266109
     C    5        0.153116        0.049956        0.107142
     C    5       -0.266109        0.107142       -0.008750

     H    6       -0.419982       -0.060503        0.209840
     H    6       -0.060503        0.311380        0.293333
     H    6        0.209840        0.293333        0.108603

     H    7       -0.082077       -0.056431       -0.205873
     H    7       -0.056431        0.130528       -0.555789
     H    7       -0.205873       -0.555789       -0.048452

     C    8       -0.492646        0.028144       -0.138525
     C    8        0.028144       -0.058609        0.167430
     C    8       -0.138525        0.167430        0.551255

     H    9        0.040132       -0.058342        0.252792
     H    9       -0.058342       -0.122335       -0.034895
     H    9        0.252792       -0.034895        0.082204

     C   10       -0.113467       -0.106657       -0.015037
     C   10       -0.106657       -0.315773        0.259504
     C   10       -0.015037        0.259504        0.429240

     C   11       -0.240507        0.290955        0.096524
     C   11        0.290955        0.111902        0.026880
     C   11        0.096524        0.026880        0.128604

     Cl  12        2.080307       -0.239475       -0.790296
     Cl  12       -0.239475        0.116208        0.634031
     Cl  12       -0.790296        0.634031       -2.196516

     H   13       -0.109730        0.058653       -0.006468
     H   13        0.058653        0.192578        0.140810
     H   13       -0.006468        0.140810       -0.082848

     C   14        0.102578        0.215107       -0.096729
     C   14        0.215107       -0.236120        0.020083
     C   14       -0.096729        0.020083        0.133542

     H   15        0.393537       -0.018755        0.361978
     H   15       -0.018755       -0.351036        0.324857
     H   15        0.361978        0.324857       -0.042501

     C   16       -0.364419        0.450307       -0.384265
     C   16        0.450307        0.518987        0.053942
     C   16       -0.384265        0.053942       -0.154569

     C   17        0.553921        0.404676        0.044213
     C   17        0.404676       -0.211491       -0.234988
     C   17        0.044213       -0.234988       -0.342430

     Cl  18        0.965090       -0.597186       -0.857873
     Cl  18       -0.597186        1.151798       -1.055729
     Cl  18       -0.857873       -1.055729       -2.116888

     H   19       -0.100155        0.013970       -0.054124
     H   19        0.013970        0.462905       -0.068152
     H   19       -0.054124       -0.068152       -0.362750

     C   20       -0.134847       -0.172381        0.296784
     C   20       -0.172381       -0.436961        0.159906
     C   20        0.296784        0.159906        0.571809

     H   21        0.527643       -0.167128        0.276000
     H   21       -0.167128       -0.058502       -0.399592
     H   21        0.276000       -0.399592       -0.469142

     C   22       -0.413955        0.060084       -0.076385
     C   22        0.060084        0.128161        0.275445
     C   22       -0.076385        0.275445        0.285794

     C   23       -0.058689        0.141888       -0.080461
     C   23        0.141888       -0.434132        0.088128
     C   23       -0.080461        0.088128        0.492821

     Cl  24       -0.764662        1.509839       -0.459274
     Cl  24        1.509839       -1.545149        0.405448
     Cl  24       -0.459274        0.405448        2.309810

     ----- total EFG (symmetrized) -----
     Cl   1        0.699370       -0.368133       -0.127706
     Cl   1       -0.368133       -0.168227        0.529485
     Cl   1       -0.127706        0.529485       -0.531142

     C    2       -0.261002       -0.219995       -0.181736
     C    2       -0.219995       -0.137837       -0.068301
     C    2       -0.181736       -0.068301        0.398839

     C    3        0.030031        0.224503        0.277594
     C    3        0.224503       -0.657351       -0.164904
     C    3        0.277594       -0.164904        0.627320

     H    4        0.264803       -0.009623        0.375441
     H    4       -0.009623       -0.138236        0.293905
     H    4        0.375441        0.293905       -0.126567

     C    5       -0.041206        0.153116       -0.266109
     C    5        0.153116        0.049956        0.107142
     C    5       -0.266109        0.107142       -0.008750

     H    6       -0.419982       -0.060503        0.209840
     H    6       -0.060503        0.311380        0.293333
     H    6        0.209840        0.293333        0.108603

     H    7       -0.082077       -0.056431       -0.205873
     H    7       -0.056431        0.130528       -0.555789
     H    7       -0.205873       -0.555789       -0.048452

     C    8       -0.492646        0.028144       -0.138525
     C    8        0.028144       -0.058609        0.167430
     C    8       -0.138525        0.167430        0.551255

     H    9        0.040132       -0.058342        0.252792
     H    9       -0.058342       -0.122335       -0.034895
     H    9        0.252792       -0.034895        0.082204

     C   10       -0.113467       -0.106657       -0.015037
     C   10       -0.106657       -0.315773        0.259504
     C   10       -0.015037        0.259504        0.429240

     C   11       -0.240507        0.290955        0.096524
     C   11        0.290955        0.111902        0.026880
     C   11        0.096524        0.026880        0.128604

     Cl  12        2.080307       -0.239475       -0.790296
     Cl  12       -0.239475        0.116208        0.634031
     Cl  12       -0.790296        0.634031       -2.196516

     H   13       -0.109730        0.058653       -0.006468
     H   13        0.058653        0.192578        0.140810
     H   13       -0.006468        0.140810       -0.082848

     C   14        0.102578        0.215107       -0.096729
     C   14        0.215107       -0.236120        0.020083
     C   14       -0.096729        0.020083        0.133542

     H   15        0.393537       -0.018755        0.361978
     H   15       -0.018755       -0.351036        0.324857
     H   15        0.361978        0.324857       -0.042501

     C   16       -0.364419        0.450307       -0.384265
     C   16        0.450307        0.518987        0.053942
     C   16       -0.384265        0.053942       -0.154569

     C   17        0.553921        0.404676        0.044213
     C   17        0.404676       -0.211491       -0.234988
     C   17        0.044213       -0.234988       -0.342430

     Cl  18        0.965090       -0.597186       -0.857873
     Cl  18       -0.597186        1.151798       -1.055729
     Cl  18       -0.857873       -1.055729       -2.116888

     H   19       -0.100155        0.013970       -0.054124
     H   19        0.013970        0.462905       -0.068152
     H   19       -0.054124       -0.068152       -0.362750

     C   20       -0.134847       -0.172381        0.296784
     C   20       -0.172381       -0.436961        0.159906
     C   20        0.296784        0.159906        0.571809

     H   21        0.527643       -0.167128        0.276000
     H   21       -0.167128       -0.058502       -0.399592
     H   21        0.276000       -0.399592       -0.469142

     C   22       -0.413955        0.060084       -0.076385
     C   22        0.060084        0.128161        0.275445
     C   22       -0.076385        0.275445        0.285794

     C   23       -0.058689        0.141888       -0.080461
     C   23        0.141888       -0.434132        0.088128
     C   23       -0.080461        0.088128        0.492821

     Cl  24       -0.764662        1.509839       -0.459274
     Cl  24        1.509839       -1.545149        0.405448
     Cl  24       -0.459274        0.405448        2.309810


     NQR/NMR SPECTROSCOPIC PARAMETERS:
     Cl   1    Vxx=    0.0109    axis=(  0.469433  0.684372  0.557913)
     Cl   1    Vyy=    0.9066    axis=(  0.879903 -0.415190 -0.231059)
     Cl   1    Vzz=   -0.9175    axis=( -0.073510 -0.599376  0.797085)
     Cl   1  Q=        -8.1650 1e-30 m^2  Cq=        17.6021 MHz  eta= 0.97623

     C    2    Vxx=    0.0223    axis=(  0.559224 -0.820119  0.121133)
     C    2    Vyy=    0.4458    axis=(  0.242496  0.022098 -0.969901)
     C    2    Vzz=   -0.4681    axis=(  0.792758  0.571766  0.211233)
     C    2  Q=         1.0000 1e-30 m^2  Cq=        -1.0998 MHz  eta= 0.90488

     C    3    Vxx=    0.0259    axis=(  0.879873  0.363081 -0.306589)
     C    3    Vyy=    0.7403    axis=( -0.348507  0.054422 -0.935725)
     C    3    Vzz=   -0.7662    axis=( -0.323058  0.930167  0.174421)
     C    3  Q=         1.0000 1e-30 m^2  Cq=        -1.8004 MHz  eta= 0.93228

     H    4    Vxx=    0.0031    axis=(  0.492980 -0.790286 -0.363894)
     H    4    Vyy=    0.5276    axis=( -0.793143 -0.236295 -0.561327)
     H    4    Vzz=   -0.5307    axis=(  0.357623  0.565343 -0.743299)
     H    4  Q=         1.0000 1e-30 m^2  Cq=        -1.2470 MHz  eta= 0.98833

     C    5    Vxx=    0.1257    axis=(  0.146551  0.894348  0.422688)
     C    5    Vyy=    0.2470    axis=( -0.719470 -0.196886  0.666032)
     C    5    Vzz=   -0.3727    axis=( -0.678885  0.401719 -0.614603)
     C    5  Q=         1.0000 1e-30 m^2  Cq=        -0.8757 MHz  eta= 0.32559

     H    6    Vxx=   -0.0014    axis=( -0.432364  0.570945 -0.697913)
     H    6    Vyy=   -0.5250    axis=( -0.897946 -0.202084  0.390966)
     H    6    Vzz=    0.5263    axis=(  0.082183  0.795729  0.600052)
     H    6  Q=         1.0000 1e-30 m^2  Cq=         1.2367 MHz  eta= 0.99480

     H    7    Vxx=   -0.0207    axis=(  0.924603 -0.333257 -0.184526)
     H    7    Vyy=   -0.5957    axis=(  0.356296  0.585193  0.728425)
     H    7    Vzz=    0.6163    axis=( -0.134769 -0.739249  0.659809)
     H    7  Q=         1.0000 1e-30 m^2  Cq=         1.4481 MHz  eta= 0.93299

     C    8    Vxx=   -0.0926    axis=( -0.144020 -0.964828  0.219920)
     C    8    Vyy=   -0.5164    axis=( -0.982841  0.113582 -0.145335)
     C    8    Vzz=    0.6090    axis=( -0.115245  0.237078  0.964631)
     C    8  Q=         1.0000 1e-30 m^2  Cq=         1.4308 MHz  eta= 0.69597

     H    9    Vxx=   -0.1263    axis=(  0.108933 -0.950473 -0.291094)
     H    9    Vyy=   -0.1980    axis=(  0.730657  0.275112 -0.624863)
     H    9    Vzz=    0.3244    axis=(  0.673998 -0.144622  0.724438)
     H    9  Q=         1.0000 1e-30 m^2  Cq=         0.7621 MHz  eta= 0.22102

     C   10    Vxx=   -0.0866    axis=(  0.951724 -0.262179  0.159634)
     C   10    Vyy=   -0.4276    axis=(  0.297704  0.915110 -0.271932)
     C   10    Vzz=    0.5142    axis=( -0.074788  0.306328  0.948984)
     C   10  Q=         1.0000 1e-30 m^2  Cq=         1.2081 MHz  eta= 0.66313

     C   11    Vxx=    0.1085    axis=(  0.079684  0.398667 -0.913627)
     C   11    Vyy=    0.3054    axis=(  0.486203  0.784579  0.384762)
     C   11    Vzz=   -0.4138    axis=( -0.870205  0.474868  0.131314)
     C   11  Q=         1.0000 1e-30 m^2  Cq=        -0.9724 MHz  eta= 0.47586

     Cl  12    Vxx=    0.1907    axis=(  0.200801  0.961261  0.188827)
     Cl  12    Vyy=    2.2794    axis=( -0.967208  0.163934  0.193998)
     Cl  12    Vzz=   -2.4701    axis=(  0.155527 -0.221590  0.962657)
     Cl  12  Q=        -8.1650 1e-30 m^2  Cq=        47.3884 MHz  eta= 0.84557

     H   13    Vxx=   -0.0984    axis=(  0.829274  0.098987 -0.550006)
     H   13    Vyy=   -0.1606    axis=( -0.541230  0.387401 -0.746318)
     H   13    Vzz=    0.2591    axis=( -0.139197 -0.916582 -0.374836)
     H   13  Q=         1.0000 1e-30 m^2  Cq=         0.6087 MHz  eta= 0.24006

     C   14    Vxx=    0.0898    axis=( -0.445499 -0.344971 -0.826151)
     C   14    Vyy=    0.2585    axis=(  0.774436  0.314509 -0.548939)
     C   14    Vzz=   -0.3483    axis=(  0.449200 -0.884353  0.127044)
     C   14  Q=         1.0000 1e-30 m^2  Cq=        -0.8183 MHz  eta= 0.48449

     H   15    Vxx=   -0.0158    axis=(  0.506713 -0.614375 -0.604802)
     H   15    Vyy=   -0.6059    axis=(  0.229111  0.772271 -0.592542)
     H   15    Vzz=    0.6216    axis=(  0.831114  0.161682  0.532080)
     H   15  Q=         1.0000 1e-30 m^2  Cq=         1.4606 MHz  eta= 0.94925

     C   16    Vxx=    0.0598    axis=( -0.427088  0.319472  0.845892)
     C   16    Vyy=    0.7209    axis=( -0.418481 -0.899120  0.128286)
     C   16    Vzz=   -0.7807    axis=(  0.801542 -0.299200  0.517696)
     C   16  Q=         1.0000 1e-30 m^2  Cq=        -1.8343 MHz  eta= 0.84676

     C   17    Vxx=   -0.1315    axis=(  0.308314 -0.602637  0.736051)
     C   17    Vyy=   -0.5994    axis=(  0.267199 -0.687734 -0.675001)
     C   17    Vzz=    0.7309    axis=( -0.912988 -0.404784  0.051014)
     C   17  Q=         1.0000 1e-30 m^2  Cq=         1.7172 MHz  eta= 0.64011

     Cl  18    Vxx=    1.0104    axis=(  0.786905  0.486193 -0.379997)
     Cl  18    Vyy=    1.6882    axis=(  0.558228 -0.823322  0.102576)
     Cl  18    Vzz=   -2.6986    axis=(  0.262988  0.292843  0.919283)
     Cl  18  Q=        -8.1650 1e-30 m^2  Cq=        51.7716 MHz  eta= 0.25118

     H   19    Vxx=   -0.0907    axis=(  0.981880 -0.047364 -0.183488)
     H   19    Vyy=   -0.3784    axis=(  0.186712  0.076245  0.979451)
     H   19    Vzz=    0.4691    axis=( -0.032400 -0.995963  0.083707)
     H   19  Q=         1.0000 1e-30 m^2  Cq=         1.1022 MHz  eta= 0.61323

     C   20    Vxx=   -0.1056    axis=(  0.813363 -0.534264 -0.230224)
     C   20    Vyy=   -0.5820    axis=(  0.484219  0.841071 -0.241106)
     C   20    Vzz=    0.6877    axis=(  0.322449  0.084628  0.942796)
     C   20  Q=         1.0000 1e-30 m^2  Cq=         1.6157 MHz  eta= 0.69281

     H   21    Vxx=    0.0299    axis=(  0.475092  0.796142 -0.374760)
     H   21    Vyy=    0.7021    axis=( -0.870898  0.364548 -0.329609)
     H   21    Vzz=   -0.7319    axis=( -0.125798  0.482972  0.866552)
     H   21  Q=         1.0000 1e-30 m^2  Cq=        -1.7197 MHz  eta= 0.91840

     C   22    Vxx=   -0.0550    axis=(  0.252477  0.779424 -0.573370)
     C   22    Vyy=   -0.4392    axis=( -0.967204  0.186273 -0.172683)
     C   22    Vzz=    0.4942    axis=( -0.027789  0.598164  0.800891)
     C   22  Q=         1.0000 1e-30 m^2  Cq=         1.1611 MHz  eta= 0.77739

     C   23    Vxx=   -0.0155    axis=(  0.937331  0.336611  0.090017)
     C   23    Vyy=   -0.4939    axis=( -0.326500  0.938719 -0.110471)
     C   23    Vzz=    0.5093    axis=( -0.121686  0.074157  0.989795)
     C   23  Q=         1.0000 1e-30 m^2  Cq=         1.1967 MHz  eta= 0.93928

     Cl  24    Vxx=    0.3980    axis=(  0.782640  0.619901  0.056549)
     Cl  24    Vyy=    2.3874    axis=(  0.117018 -0.057294 -0.991476)
     Cl  24    Vzz=   -2.7855    axis=( -0.611377  0.782585 -0.117380)
     Cl  24  Q=        -8.1650 1e-30 m^2  Cq=        53.4382 MHz  eta= 0.71420

     Initialization:
     gipaw_setup  :      9.10s CPU     10.79s WALL (       1 calls)

     Linear response

     Apply operators

     Induced current

     Other routines
     efg          :      9.36s CPU     11.70s WALL (       1 calls)

     General routines
     calbec       :      3.41s CPU      4.55s WALL (      16 calls)
     fft          :      1.68s CPU      2.27s WALL (      15 calls)
     ffts         :      0.04s CPU      0.05s WALL (       2 calls)
     fftw         :      3.24s CPU      3.77s WALL (     672 calls)
     davcio       :      0.01s CPU      0.31s WALL (      32 calls)

     Parallel routines
     fft_scatter  :      2.20s CPU      3.27s WALL (     689 calls)

     Plugins

     GIPAW        :     60.86s CPU     73.43s WALL (       1 calls)
