
     Program QE v.6.0 (svn rev. 13079) starts on  2Jan2017 at  8:15:26 

     This program is part of the open-source Quantum ESPRESSO suite
     for quantum simulation of materials; please cite
         "P. Giannozzi et al., J. Phys.:Condens. Matter 21 395502 (2009);
          URL http://www.quantum-espresso.org", 
     in publications or presentations arising from this work. More details at
     http://www.quantum-espresso.org/quote

     Parallel version (MPI), running on     8 processors
     R & G space division:  proc/nbgrp/npool/nimage =       8

     ***** This is GIPAW svn revision unknown      *****

     Parallelizing q-star over 1 images

     Reading data from directory:
     /users/majewski/paradichlorobenzene/pbe/9_constraint/scratch/pbe.ecut100.np8.dt60.pcl2phi-129368.save
     Message from routine read_xml_file:
     file /users/majewski/paradichlorobenzene/pbe/9_constraint/scratch/pbe.ecut100.np8.dt60.pcl2phi-129368.save not guaranteed to be safe for post-processing

   Info: using nr1, nr2, nr3 values from input

   Info: using nr1, nr2, nr3 values from input

     IMPORTANT: XC functional enforced from input :
     Exchange-correlation      =  SLA  PW   PBX  PBC ( 1  4  3  4 0 0)
     Any further DFT definition will be discarded
     Please, verify this is what you really want

               file C.pbe-n-kjpaw_psl.1.0.0.UPF: wavefunction(s)  2S 2P renormalized
               file Cl.pbe-n-kjpaw_psl.1.0.0.UPF: wavefunction(s)  3S 3P renormalized
               file H.pbe-kjpaw_psl.1.0.0.UPF: wavefunction(s)  1S renormalized

     Parallelization info
     --------------------
     sticks:   dense  smooth     PW     G-vecs:    dense   smooth      PW
     Min        3057    1223    332               144436    36536    5170
     Max        3059    1225    333               144437    36537    5171
     Sum       24467    9791   2657              1155489   292295   41363


     Subspace diagonalization in iterative solution of the eigenvalue problem:
     a serial algorithm will be used

     GIPAW projectors -----------------------------------------------
     atom=  C    l=0  rc=    1.2000  rs=    0.8000
     atom=  C    l=0  rc=    1.2000  rs=    0.8000
     atom=  C    l=1  rc=    1.4000  rs=    0.9333
     atom=  C    l=1  rc=    1.4000  rs=    0.9333
     projs nearly linearly dependent: l=1  n1,n2= 1, 2  s=  0.99951561

     atom=  Cl   l=0  rc=    1.6000  rs=    1.0667
     atom=  Cl   l=0  rc=    1.6000  rs=    1.0667
     atom=  Cl   l=1  rc=    1.6000  rs=    1.0667
     atom=  Cl   l=1  rc=    1.6000  rs=    1.0667
     atom=  Cl   l=2  rc=    1.6000  rs=    1.0667
     atom=  Cl   l=2  rc=    1.6000  rs=    1.0667
     projs nearly linearly dependent: l=2  n1,n2= 1, 2  s=  0.99993509

     atom=  H    l=0  rc=    1.0000  rs=    0.6667
     atom=  H    l=0  rc=    1.0000  rs=    0.6667
     projs nearly linearly dependent: l=0  n1,n2= 1, 2  s=  0.99968852
     -----------------------------------------------------------------

     GIPAW integrals: -------------------------------------------
     Atom  i/j   nmr_para   nmr_dia   epr_rmc  epr_para   epr_dia
       C   1 1   0.83E+03  0.17E-01  0.93E+01  0.24E+08  0.24E+03
       C   2 1   0.86E+03 -0.61E-01  0.94E+01  0.25E+08  0.25E+03
       C   2 2   0.90E+03 -0.15E+00  0.97E+01  0.26E+08  0.26E+03
       C   3 3   0.33E+01  0.34E+00  0.18E+01  0.55E+03  0.21E+02
       C   4 3   0.35E+01  0.37E+00  0.20E+01  0.59E+03  0.22E+02
       C   4 4   0.38E+01  0.39E+00  0.22E+01  0.63E+03  0.24E+02
       Cl  1 1   0.14E+04 -0.47E+00  0.84E+01  0.32E+09  0.42E+03
       Cl  2 1   0.21E+04 -0.37E+00  0.12E+02  0.49E+09  0.65E+03
       Cl  2 2   0.33E+04 -0.16E+00  0.21E+02  0.76E+09  0.10E+04
       Cl  3 3   0.21E+02  0.79E-01  0.89E+01  0.23E+05  0.13E+03
       Cl  4 3   0.24E+02  0.67E-01  0.99E+01  0.27E+05  0.15E+03
       Cl  4 4   0.28E+02  0.44E-01  0.11E+02  0.32E+05  0.18E+03
       Cl  5 5   0.77E+00  0.19E+00  0.18E+01  0.12E+03  0.22E+02
       Cl  6 5   0.80E+00  0.19E+00  0.19E+01  0.12E+03  0.23E+02
       Cl  6 6   0.83E+00  0.20E+00  0.19E+01  0.12E+03  0.23E+02
       H   1 1   0.39E+02  0.19E+00  0.29E+00  0.78E+05  0.13E+02
       H   2 1   0.41E+02  0.21E+00  0.32E+00  0.82E+05  0.14E+02
       H   2 2   0.43E+02  0.22E+00  0.36E+00  0.86E+05  0.15E+02
     ------------------------------------------------------------

     alpha_pv=     34.2892 eV

     Number of occupied bands for each k-point:
     k-point:     1    nbnd_occ=  42
     k-point:     2    nbnd_occ=  42
     k-point:     3    nbnd_occ=  42
     k-point:     4    nbnd_occ=  42
     k-point:     5    nbnd_occ=  42
     k-point:     6    nbnd_occ=  42
     k-point:     7    nbnd_occ=  42
     k-point:     8    nbnd_occ=  42
     k-point:     9    nbnd_occ=  42
     k-point:    10    nbnd_occ=  42
     k-point:    11    nbnd_occ=  42
     k-point:    12    nbnd_occ=  42
     k-point:    13    nbnd_occ=  42
     k-point:    14    nbnd_occ=  42
     k-point:    15    nbnd_occ=  42
     k-point:    16    nbnd_occ=  42


     q-space interpolation up to   110.00 Rydberg

     GIPAW job: efg                                                                             


     ELECTRIC FIELD GRADIENTS TENSORS IN Hartree/bohrradius^2:

     ----- bare term -----
     Cl   1        0.125543       -0.033344       -0.062579
     Cl   1       -0.033344       -0.020328       -0.017638
     Cl   1       -0.062579       -0.017638       -0.105215

     C    2       -0.082705        0.301334       -0.248830
     C    2        0.301334       -0.234919       -0.483855
     C    2       -0.248830       -0.483855        0.317623

     C    3       -0.084869        0.108341       -0.384639
     C    3        0.108341       -0.230230       -0.518575
     C    3       -0.384639       -0.518575        0.315100

     H    4       -0.707309       -0.169056       -0.148928
     H    4       -0.169056        0.406238       -0.158798
     H    4       -0.148928       -0.158798        0.301072

     C    5       -0.236744        0.376847       -0.097949
     C    5        0.376847       -0.224098       -0.405719
     C    5       -0.097949       -0.405719        0.460842

     H    6        0.373550       -0.005469        0.091773
     H    6       -0.005469       -0.246661       -0.522623
     H    6        0.091773       -0.522623       -0.126889

     H    7        0.319508        0.178280       -0.228002
     H    7        0.178280       -0.262766        0.553256
     H    7       -0.228002        0.553256       -0.056742

     C    8       -0.151798       -0.416857       -0.013405
     C    8       -0.416857       -0.367888        0.407994
     C    8       -0.013405        0.407994        0.519686

     H    9       -0.461773        0.180231       -0.518294
     H    9        0.180231        0.345880        0.167210
     H    9       -0.518294        0.167210        0.115893

     C   10       -0.256000       -0.261289       -0.335506
     C   10       -0.261289       -0.115016        0.454190
     C   10       -0.335506        0.454190        0.371016

     C   11       -0.098569       -0.240334       -0.284121
     C   11       -0.240334       -0.177626        0.550740
     C   11       -0.284121        0.550740        0.276196

     Cl  12       -0.054051       -0.119448       -0.089324
     Cl  12       -0.119448        0.055580        0.112675
     Cl  12       -0.089324        0.112675       -0.001529

     H   13        0.293312        0.115072       -0.054736
     H   13        0.115072       -0.529003       -0.410677
     H   13       -0.054736       -0.410677        0.235690

     C   14       -0.310805        0.013658       -0.399968
     C   14        0.013658       -0.020161       -0.417729
     C   14       -0.399968       -0.417729        0.330966

     H   15       -0.439511       -0.417389       -0.151731
     H   15       -0.417389        0.249005        0.006331
     H   15       -0.151731        0.006331        0.190506

     C   16       -0.276653        0.368273       -0.069750
     C   16        0.368273       -0.252327       -0.536071
     C   16       -0.069750       -0.536071        0.528980

     C   17       -0.202923       -0.229106       -0.321004
     C   17       -0.229106       -0.057361       -0.686518
     C   17       -0.321004       -0.686518        0.260284

     Cl  18       -0.037258        0.173220        0.027004
     Cl  18        0.173220       -0.013274        0.125047
     Cl  18        0.027004        0.125047        0.050531

     H   19        0.210500       -0.175386       -0.211105
     H   19       -0.175386       -0.471041        0.331972
     H   19       -0.211105        0.331972        0.260541

     C   20       -0.583029       -0.291373       -0.406542
     C   20       -0.291373        0.153732        0.256994
     C   20       -0.406542        0.256994        0.429297

     H   21       -0.470756        0.349904       -0.296061
     H   21        0.349904        0.262897        0.095375
     H   21       -0.296061        0.095375        0.207859

     C   22       -0.112335       -0.233308       -0.188997
     C   22       -0.233308       -0.482816        0.473295
     C   22       -0.188997        0.473295        0.595152

     C   23       -0.486454       -0.058561       -0.341047
     C   23       -0.058561       -0.053823        0.367240
     C   23       -0.341047        0.367240        0.540277

     Cl  24       -0.034694       -0.050029        0.021968
     Cl  24       -0.050029       -0.011663       -0.011542
     Cl  24        0.021968       -0.011542        0.046356

     ----- ionic term -----
     Cl   1        0.140734       -0.223753        0.003354
     Cl   1       -0.223753        0.008495        0.001519
     Cl   1        0.003354        0.001519       -0.149229

     C    2        0.238228       -0.130459        0.250958
     C    2       -0.130459        0.115071        0.433540
     C    2        0.250958        0.433540       -0.353300

     C    3        0.208815       -0.233188        0.109547
     C    3       -0.233188        0.162353        0.437621
     C    3        0.109547        0.437621       -0.371168

     H    4        0.738507        0.322888        0.562946
     H    4        0.322888       -0.431254        0.223792
     H    4        0.562946        0.223792       -0.307253

     C    5        0.330402       -0.210001        0.130273
     C    5       -0.210001        0.023838        0.350390
     C    5        0.130273        0.350390       -0.354240

     H    6       -0.486995       -0.112431       -0.081429
     H    6       -0.112431        0.575316        0.741601
     H    6       -0.081429        0.741601       -0.088321

     H    7       -0.503339       -0.081164        0.062486
     H    7       -0.081164        0.658895       -0.708880
     H    7        0.062486       -0.708880       -0.155556

     C    8        0.312802        0.234199        0.138537
     C    8        0.234199        0.054534       -0.326585
     C    8        0.138537       -0.326585       -0.367336

     H    9        0.565224       -0.227795        0.694603
     H    9       -0.227795       -0.483904       -0.232335
     H    9        0.694603       -0.232335       -0.081320

     C   10        0.166935        0.283044        0.111793
     C   10        0.283044        0.137688       -0.442785
     C   10        0.111793       -0.442785       -0.304623

     C   11        0.281312        0.178550        0.210295
     C   11        0.178550        0.064872       -0.418050
     C   11        0.210295       -0.418050       -0.346184

     Cl  12        0.154940        0.228637       -0.014878
     Cl  12        0.228637        0.004289       -0.013229
     Cl  12       -0.014878       -0.013229       -0.159230

     H   13       -0.515319        0.069965        0.052988
     H   13        0.069965        0.713740        0.696547
     H   13        0.052988        0.696547       -0.198421

     C   14        0.365381       -0.132769        0.227991
     C   14       -0.132769        0.004632        0.327566
     C   14        0.227991        0.327566       -0.370013

     H   15        0.763678        0.358028        0.538946
     H   15        0.358028       -0.419025        0.231701
     H   15        0.538946        0.231701       -0.344653

     C   16        0.228019       -0.188144        0.123578
     C   16       -0.188144        0.110702        0.421151
     C   16        0.123578        0.421151       -0.338721

     C   17        0.269169       -0.100715        0.163655
     C   17       -0.100715        0.042488        0.467106
     C   17        0.163655        0.467106       -0.311657

     Cl  18        0.190695       -0.186073       -0.033015
     Cl  18       -0.186073       -0.061240        0.031325
     Cl  18       -0.033015        0.031325       -0.129455

     H   19       -0.484616        0.061831       -0.009606
     H   19        0.061831        0.825802       -0.585540
     H   19       -0.009606       -0.585540       -0.341186

     C   20        0.372768        0.177368        0.169407
     C   20        0.177368        0.020196       -0.299509
     C   20        0.169407       -0.299509       -0.392964

     H   21        0.560137       -0.401503        0.646769
     H   21       -0.401503       -0.375814       -0.293931
     H   21        0.646769       -0.293931       -0.184323

     C   22        0.159599        0.146332        0.127568
     C   22        0.146332        0.149803       -0.438606
     C   22        0.127568       -0.438606       -0.309402

     C   23        0.130890        0.173956        0.161287
     C   23        0.173956        0.189170       -0.424121
     C   23        0.161287       -0.424121       -0.320060

     Cl  24        0.098835        0.212722       -0.014603
     Cl  24        0.212722        0.041559       -0.021154
     Cl  24       -0.014603       -0.021154       -0.140394

     ----- GIPAW term -----
     Cl   1        2.376756       -2.167858       -0.530852
     Cl   1       -2.167858       -0.239336       -0.145171
     Cl   1       -0.530852       -0.145171       -2.137421

     C    2        0.159275       -0.037031       -0.069114
     C    2       -0.037031       -0.082192       -0.075443
     C    2       -0.069114       -0.075443       -0.077083

     C    3        0.051070       -0.007427       -0.142700
     C    3       -0.007427       -0.063532       -0.085176
     C    3       -0.142700       -0.085176        0.012462

     H    4       -0.000000        0.000000        0.000000
     H    4        0.000000        0.000000        0.000000
     H    4        0.000000        0.000000        0.000000

     C    5        0.043703        0.021487        0.079858
     C    5        0.021487       -0.103975       -0.104109
     C    5        0.079858       -0.104109        0.060272

     H    6       -0.000000        0.000000        0.000000
     H    6        0.000000        0.000000        0.000000
     H    6        0.000000        0.000000        0.000000

     H    7       -0.000000        0.000000        0.000000
     H    7        0.000000        0.000000        0.000000
     H    7        0.000000        0.000000        0.000000

     C    8        0.019968       -0.089205        0.132516
     C    8       -0.089205       -0.173996        0.063082
     C    8        0.132516        0.063082        0.154028

     H    9       -0.000000        0.000000        0.000000
     H    9        0.000000        0.000000        0.000000
     H    9        0.000000        0.000000        0.000000

     C   10       -0.038135       -0.068138       -0.096194
     C   10       -0.068138        0.007367        0.078441
     C   10       -0.096194        0.078441        0.030768

     C   11        0.106482        0.014910       -0.092463
     C   11        0.014910       -0.034283        0.113526
     C   11       -0.092463        0.113526       -0.072200

     Cl  12        1.004389        1.187329       -0.827469
     Cl  12        1.187329        0.488355        0.967849
     Cl  12       -0.827469        0.967849       -1.492745

     H   13       -0.000000        0.000000        0.000000
     H   13        0.000000        0.000000        0.000000
     H   13        0.000000        0.000000        0.000000

     C   14        0.057276       -0.036894        0.000279
     C   14       -0.036894       -0.067572       -0.086722
     C   14        0.000279       -0.086722        0.010296

     H   15       -0.000000        0.000000        0.000000
     H   15        0.000000        0.000000        0.000000
     H   15        0.000000        0.000000        0.000000

     C   16       -0.109818        0.021931        0.036071
     C   16        0.021931       -0.027760       -0.169415
     C   16        0.036071       -0.169415        0.137578

     C   17       -0.025416       -0.201543        0.003005
     C   17       -0.201543        0.006654       -0.215183
     C   17        0.003005       -0.215183        0.018762

     Cl  18       -0.750030       -0.198307       -0.655667
     Cl  18       -0.198307        0.108294       -1.812669
     Cl  18       -0.655667       -1.812669        0.641736

     H   19       -0.000000        0.000000        0.000000
     H   19        0.000000        0.000000        0.000000
     H   19        0.000000        0.000000        0.000000

     C   20       -0.108003       -0.086596       -0.041354
     C   20       -0.086596        0.062724       -0.002627
     C   20       -0.041354       -0.002627        0.045279

     H   21       -0.000000        0.000000        0.000000
     H   21        0.000000        0.000000        0.000000
     H   21        0.000000        0.000000        0.000000

     C   22       -0.101558       -0.016934       -0.075486
     C   22       -0.016934       -0.159680        0.025850
     C   22       -0.075486        0.025850        0.261238

     C   23       -0.108054        0.103673       -0.074516
     C   23        0.103673       -0.087998        0.021731
     C   23       -0.074516        0.021731        0.196052

     Cl  24       -0.469609        0.867430        0.913605
     Cl  24        0.867430       -0.709672       -1.659469
     Cl  24        0.913605       -1.659469        1.179282

     ----- total EFG -----
     Cl   1        2.643033       -2.424956       -0.590077
     Cl   1       -2.424956       -0.251168       -0.161289
     Cl   1       -0.590077       -0.161289       -2.391865

     C    2        0.314799        0.133844       -0.066987
     C    2        0.133844       -0.202039       -0.125757
     C    2       -0.066987       -0.125757       -0.112759

     C    3        0.175016       -0.132274       -0.417792
     C    3       -0.132274       -0.131409       -0.166131
     C    3       -0.417792       -0.166131       -0.043606

     H    4        0.031198        0.153832        0.414018
     H    4        0.153832       -0.025016        0.064993
     H    4        0.414018        0.064993       -0.006181

     C    5        0.137361        0.188333        0.112182
     C    5        0.188333       -0.304235       -0.159437
     C    5        0.112182       -0.159437        0.166874

     H    6       -0.113445       -0.117899        0.010344
     H    6       -0.117899        0.328655        0.218978
     H    6        0.010344        0.218978       -0.215210

     H    7       -0.183831        0.097116       -0.165516
     H    7        0.097116        0.396129       -0.155624
     H    7       -0.165516       -0.155624       -0.212297

     C    8        0.180972       -0.271863        0.257648
     C    8       -0.271863       -0.487350        0.144492
     C    8        0.257648        0.144492        0.306378

     H    9        0.103451       -0.047564        0.176309
     H    9       -0.047564       -0.138024       -0.065125
     H    9        0.176309       -0.065125        0.034573

     C   10       -0.127200       -0.046384       -0.319907
     C   10       -0.046384        0.030039        0.089845
     C   10       -0.319907        0.089845        0.097161

     C   11        0.289225       -0.046874       -0.166289
     C   11       -0.046874       -0.147037        0.246216
     C   11       -0.166289        0.246216       -0.142188

     Cl  12        1.105279        1.296517       -0.931670
     Cl  12        1.296517        0.548225        1.067295
     Cl  12       -0.931670        1.067295       -1.653503

     H   13       -0.222006        0.185037       -0.001748
     H   13        0.185037        0.184737        0.285870
     H   13       -0.001748        0.285870        0.037269

     C   14        0.111852       -0.156006       -0.171698
     C   14       -0.156006       -0.083100       -0.176884
     C   14       -0.171698       -0.176884       -0.028751

     H   15        0.324167       -0.059361        0.387215
     H   15       -0.059361       -0.170019        0.238031
     H   15        0.387215        0.238031       -0.154148

     C   16       -0.158453        0.202059        0.089900
     C   16        0.202059       -0.169384       -0.284334
     C   16        0.089900       -0.284334        0.327837

     C   17        0.040830       -0.531364       -0.154345
     C   17       -0.531364       -0.008220       -0.434595
     C   17       -0.154345       -0.434595       -0.032610

     Cl  18       -0.596592       -0.211161       -0.661677
     Cl  18       -0.211161        0.033780       -1.656297
     Cl  18       -0.661677       -1.656297        0.562812

     H   19       -0.274116       -0.113556       -0.220711
     H   19       -0.113556        0.354761       -0.253567
     H   19       -0.220711       -0.253567       -0.080645

     C   20       -0.318264       -0.200602       -0.278489
     C   20       -0.200602        0.236652       -0.045142
     C   20       -0.278489       -0.045142        0.081612

     H   21        0.089381       -0.051599        0.350708
     H   21       -0.051599       -0.112917       -0.198556
     H   21        0.350708       -0.198556        0.023536

     C   22       -0.054295       -0.103910       -0.136915
     C   22       -0.103910       -0.492693        0.060539
     C   22       -0.136915        0.060539        0.546988

     C   23       -0.463619        0.219068       -0.254276
     C   23        0.219068        0.047349       -0.035149
     C   23       -0.254276       -0.035149        0.416270

     Cl  24       -0.405468        1.030123        0.920970
     Cl  24        1.030123       -0.679776       -1.692165
     Cl  24        0.920970       -1.692165        1.085244

     ----- total EFG (symmetrized) -----
     Cl   1        2.643033       -2.424956       -0.590077
     Cl   1       -2.424956       -0.251168       -0.161289
     Cl   1       -0.590077       -0.161289       -2.391865

     C    2        0.314799        0.133844       -0.066987
     C    2        0.133844       -0.202039       -0.125757
     C    2       -0.066987       -0.125757       -0.112759

     C    3        0.175016       -0.132274       -0.417792
     C    3       -0.132274       -0.131409       -0.166131
     C    3       -0.417792       -0.166131       -0.043606

     H    4        0.031198        0.153832        0.414018
     H    4        0.153832       -0.025016        0.064993
     H    4        0.414018        0.064993       -0.006181

     C    5        0.137361        0.188333        0.112182
     C    5        0.188333       -0.304235       -0.159437
     C    5        0.112182       -0.159437        0.166874

     H    6       -0.113445       -0.117899        0.010344
     H    6       -0.117899        0.328655        0.218978
     H    6        0.010344        0.218978       -0.215210

     H    7       -0.183831        0.097116       -0.165516
     H    7        0.097116        0.396129       -0.155624
     H    7       -0.165516       -0.155624       -0.212297

     C    8        0.180972       -0.271863        0.257648
     C    8       -0.271863       -0.487350        0.144492
     C    8        0.257648        0.144492        0.306378

     H    9        0.103451       -0.047564        0.176309
     H    9       -0.047564       -0.138024       -0.065125
     H    9        0.176309       -0.065125        0.034573

     C   10       -0.127200       -0.046384       -0.319907
     C   10       -0.046384        0.030039        0.089845
     C   10       -0.319907        0.089845        0.097161

     C   11        0.289225       -0.046874       -0.166289
     C   11       -0.046874       -0.147037        0.246216
     C   11       -0.166289        0.246216       -0.142188

     Cl  12        1.105279        1.296517       -0.931670
     Cl  12        1.296517        0.548225        1.067295
     Cl  12       -0.931670        1.067295       -1.653503

     H   13       -0.222006        0.185037       -0.001748
     H   13        0.185037        0.184737        0.285870
     H   13       -0.001748        0.285870        0.037269

     C   14        0.111852       -0.156006       -0.171698
     C   14       -0.156006       -0.083100       -0.176884
     C   14       -0.171698       -0.176884       -0.028751

     H   15        0.324167       -0.059361        0.387215
     H   15       -0.059361       -0.170019        0.238031
     H   15        0.387215        0.238031       -0.154148

     C   16       -0.158453        0.202059        0.089900
     C   16        0.202059       -0.169384       -0.284334
     C   16        0.089900       -0.284334        0.327837

     C   17        0.040830       -0.531364       -0.154345
     C   17       -0.531364       -0.008220       -0.434595
     C   17       -0.154345       -0.434595       -0.032610

     Cl  18       -0.596592       -0.211161       -0.661677
     Cl  18       -0.211161        0.033780       -1.656297
     Cl  18       -0.661677       -1.656297        0.562812

     H   19       -0.274116       -0.113556       -0.220711
     H   19       -0.113556        0.354761       -0.253567
     H   19       -0.220711       -0.253567       -0.080645

     C   20       -0.318264       -0.200602       -0.278489
     C   20       -0.200602        0.236652       -0.045142
     C   20       -0.278489       -0.045142        0.081612

     H   21        0.089381       -0.051599        0.350708
     H   21       -0.051599       -0.112917       -0.198556
     H   21        0.350708       -0.198556        0.023536

     C   22       -0.054295       -0.103910       -0.136915
     C   22       -0.103910       -0.492693        0.060539
     C   22       -0.136915        0.060539        0.546988

     C   23       -0.463619        0.219068       -0.254276
     C   23        0.219068        0.047349       -0.035149
     C   23       -0.254276       -0.035149        0.416270

     Cl  24       -0.405468        1.030123        0.920970
     Cl  24        1.030123       -0.679776       -1.692165
     Cl  24        0.920970       -1.692165        1.085244


     NQR/NMR SPECTROSCOPIC PARAMETERS:
     Cl   1    Vxx=   -1.4393    axis=(  0.424499  0.812064 -0.400442)
     Cl   1    Vyy=   -2.6099    axis=(  0.250282  0.319794  0.913833)
     Cl   1    Vzz=    4.0492    axis=(  0.870149 -0.488144 -0.067493)
     Cl   1  Q=        -8.1650 1e-30 m^2  Cq=       -77.6814 MHz  eta= 0.28911

     C    2    Vxx=   -0.0670    axis=( -0.308836  0.466068 -0.829096)
     C    2    Vyy=   -0.2999    axis=( -0.126876  0.843731  0.521556)
     C    2    Vzz=    0.3669    axis=(  0.942615  0.266268 -0.201441)
     C    2  Q=         1.0000 1e-30 m^2  Cq=         0.8621 MHz  eta= 0.63470

     C    3    Vxx=   -0.0062    axis=(  0.306168 -0.861307  0.405478)
     C    3    Vyy=   -0.4914    axis=(  0.527646  0.508056  0.680786)
     C    3    Vzz=    0.4976    axis=( -0.792371  0.005513  0.610015)
     C    3  Q=         1.0000 1e-30 m^2  Cq=         1.1691 MHz  eta= 0.97516

     H    4    Vxx=   -0.0642    axis=(  0.101890 -0.939945  0.325763)
     H    4    Vyy=   -0.4118    axis=( -0.703355  0.163510  0.691777)
     H    4    Vzz=    0.4760    axis=(  0.703498  0.299613  0.644455)
     H    4  Q=         1.0000 1e-30 m^2  Cq=         1.1184 MHz  eta= 0.73017

     C    5    Vxx=    0.1679    axis=(  0.652682  0.462929 -0.599752)
     C    5    Vyy=    0.2653    axis=(  0.671007  0.014362  0.741312)
     C    5    Vzz=   -0.4332    axis=( -0.351788  0.886279  0.301255)
     C    5  Q=         1.0000 1e-30 m^2  Cq=        -1.0178 MHz  eta= 0.22502

     H    6    Vxx=   -0.1214    axis=(  0.943331  0.091972  0.318854)
     H    6    Vyy=   -0.3060    axis=(  0.267413  0.358298 -0.894491)
     H    6    Vzz=    0.4275    axis=( -0.196512  0.929066  0.313399)
     H    6  Q=         1.0000 1e-30 m^2  Cq=         1.0044 MHz  eta= 0.43179

     H    7    Vxx=   -0.0945    axis=( -0.734197  0.333002  0.591662)
     H    7    Vyy=   -0.3678    axis=( -0.645618 -0.072788 -0.760184)
     H    7    Vzz=    0.4623    axis=( -0.210076 -0.940113  0.268433)
     H    7  Q=         1.0000 1e-30 m^2  Cq=         1.0861 MHz  eta= 0.59116

     C    8    Vxx=    0.1263    axis=(  0.666930 -0.437493 -0.603162)
     C    8    Vyy=    0.5124    axis=(  0.645347 -0.065492  0.761077)
     C    8    Vzz=   -0.6387    axis=( -0.372468 -0.896834  0.238656)
     C    8  Q=         1.0000 1e-30 m^2  Cq=        -1.5007 MHz  eta= 0.60453

     H    9    Vxx=   -0.1030    axis=(  0.652999  0.355944 -0.668503)
     H    9    Vyy=   -0.1609    axis=(  0.097032 -0.914722 -0.392261)
     H    9    Vzz=    0.2639    axis=( -0.751117  0.191280 -0.631851)
     H    9  Q=         1.0000 1e-30 m^2  Cq=         0.6200 MHz  eta= 0.21955

     C   10    Vxx=   -0.0003    axis=(  0.201611  0.954804 -0.218408)
     C   10    Vyy=   -0.3546    axis=( -0.811889  0.038175 -0.582562)
     C   10    Vzz=    0.3549    axis=( -0.547895  0.294774  0.782891)
     C   10  Q=         1.0000 1e-30 m^2  Cq=         0.8338 MHz  eta= 0.99827

     C   11    Vxx=    0.0214    axis=( -0.466652 -0.686048 -0.558188)
     C   11    Vyy=    0.3803    axis=( -0.875059  0.266452  0.404073)
     C   11    Vzz=   -0.4017    axis=(  0.128483 -0.677009  0.724673)
     C   11  Q=         1.0000 1e-30 m^2  Cq=        -0.9438 MHz  eta= 0.89342

     Cl  12    Vxx=    0.4518    axis=( -0.507836  0.656639  0.557609)
     Cl  12    Vyy=    2.1538    axis=( -0.783596 -0.621020  0.017661)
     Cl  12    Vzz=   -2.6056    axis=(  0.357883 -0.427971  0.829916)
     Cl  12  Q=        -8.1650 1e-30 m^2  Cq=        49.9881 MHz  eta= 0.65318

     H   13    Vxx=   -0.1025    axis=( -0.572535 -0.362898  0.735193)
     H   13    Vyy=   -0.3367    axis=( -0.789520  0.485794 -0.375051)
     H   13    Vzz=    0.4392    axis=( -0.221047 -0.795179 -0.564649)
     H   13  Q=         1.0000 1e-30 m^2  Cq=         1.0319 MHz  eta= 0.53331

     C   14    Vxx=    0.1173    axis=(  0.192729 -0.729306  0.656482)
     C   14    Vyy=    0.2327    axis=( -0.873402  0.177433  0.453527)
     C   14    Vzz=   -0.3500    axis=( -0.447242 -0.660780 -0.602780)
     C   14  Q=         1.0000 1e-30 m^2  Cq=        -0.8225 MHz  eta= 0.32953

     H   15    Vxx=   -0.0181    axis=(  0.353483 -0.825996 -0.439066)
     H   15    Vyy=   -0.5283    axis=(  0.375703  0.555208 -0.742018)
     H   15    Vzz=    0.5464    axis=(  0.856678  0.097332  0.506586)
     H   15  Q=         1.0000 1e-30 m^2  Cq=         1.2838 MHz  eta= 0.93379

     C   16    Vxx=    0.0035    axis=(  0.806776  0.536776  0.246949)
     C   16    Vyy=    0.4569    axis=(  0.003030  0.414187 -0.910187)
     C   16    Vzz=   -0.4604    axis=( -0.590849  0.735066  0.332529)
     C   16  Q=         1.0000 1e-30 m^2  Cq=        -1.0818 MHz  eta= 0.98479

     C   17    Vxx=    0.1465    axis=( -0.610746 -0.106462  0.784637)
     C   17    Vyy=    0.6198    axis=( -0.580225  0.734472 -0.351980)
     C   17    Vzz=   -0.7663    axis=( -0.538822 -0.670236 -0.510347)
     C   17  Q=         1.0000 1e-30 m^2  Cq=        -1.8005 MHz  eta= 0.61766

     Cl  18    Vxx=   -0.3247    axis=(  0.864318 -0.457380 -0.209187)
     Cl  18    Vyy=   -1.7041    axis=(  0.481994  0.634468  0.604261)
     Cl  18    Vzz=    2.0288    axis=( -0.143655 -0.623100  0.768836)
     Cl  18  Q=        -8.1650 1e-30 m^2  Cq=       -38.9212 MHz  eta= 0.67990

     H   19    Vxx=    0.0152    axis=(  0.650345 -0.302762 -0.696697)
     H   19    Vyy=    0.4714    axis=( -0.016892  0.911151 -0.411725)
     H   19    Vzz=   -0.4866    axis=(  0.759451  0.279532  0.587449)
     H   19  Q=         1.0000 1e-30 m^2  Cq=        -1.1434 MHz  eta= 0.93757

     C   20    Vxx=    0.1978    axis=( -0.278558 -0.456478  0.845005)
     C   20    Vyy=    0.3164    axis=(  0.411556 -0.851689 -0.324418)
     C   20    Vzz=   -0.5142    axis=(  0.867771  0.257398  0.425111)
     C   20  Q=         1.0000 1e-30 m^2  Cq=        -1.2082 MHz  eta= 0.23063

     H   21    Vxx=   -0.1047    axis=(  0.532328  0.828745 -0.172651)
     H   21    Vyy=   -0.3569    axis=( -0.508631  0.476151  0.717339)
     H   21    Vzz=    0.4616    axis=( -0.676699  0.294044 -0.674994)
     H   21  Q=         1.0000 1e-30 m^2  Cq=         1.0846 MHz  eta= 0.54640

     C   22    Vxx=   -0.0660    axis=( -0.952091  0.198895 -0.232302)
     C   22    Vyy=   -0.5169    axis=(  0.211050  0.977061 -0.028438)
     C   22    Vzz=    0.5829    axis=( -0.221317  0.076103  0.972228)
     C   22  Q=         1.0000 1e-30 m^2  Cq=         1.3696 MHz  eta= 0.77357

     C   23    Vxx=    0.0921    axis=( -0.235572 -0.928974 -0.285507)
     C   23    Vyy=    0.5042    axis=(  0.292979  0.212225 -0.932268)
     C   23    Vzz=   -0.5963    axis=(  0.926644 -0.303263  0.222175)
     C   23  Q=         1.0000 1e-30 m^2  Cq=        -1.4010 MHz  eta= 0.69109

     Cl  24    Vxx=    0.4232    axis=(  0.836343  0.521416  0.169277)
     Cl  24    Vyy=    2.1423    axis=(  0.121527 -0.477443  0.870218)
     Cl  24    Vzz=   -2.5654    axis=(  0.534566 -0.707229 -0.462673)
     Cl  24  Q=        -8.1650 1e-30 m^2  Cq=        49.2164 MHz  eta= 0.67010

     Initialization:
     gipaw_setup  :      9.17s CPU     10.67s WALL (       1 calls)

     Linear response

     Apply operators

     Induced current

     Other routines
     efg          :      9.36s CPU     11.94s WALL (       1 calls)

     General routines
     calbec       :      3.48s CPU      4.79s WALL (      16 calls)
     fft          :      1.46s CPU      1.85s WALL (      15 calls)
     ffts         :      0.04s CPU      0.05s WALL (       2 calls)
     fftw         :      3.04s CPU      3.73s WALL (     672 calls)
     davcio       :      0.02s CPU      0.33s WALL (      32 calls)

     Parallel routines
     fft_scatter  :      1.82s CPU      2.72s WALL (     689 calls)

     Plugins

     GIPAW        :     60.88s CPU     73.04s WALL (       1 calls)
