
     Program QE v.6.0 (svn rev. 13079) starts on 24Dec2016 at 23:11: 0 

     This program is part of the open-source Quantum ESPRESSO suite
     for quantum simulation of materials; please cite
         "P. Giannozzi et al., J. Phys.:Condens. Matter 21 395502 (2009);
          URL http://www.quantum-espresso.org", 
     in publications or presentations arising from this work. More details at
     http://www.quantum-espresso.org/quote

     Parallel version (MPI), running on     8 processors
     R & G space division:  proc/nbgrp/npool/nimage =       8

     ***** This is GIPAW svn revision unknown      *****

     Parallelizing q-star over 1 images

     Reading data from directory:
     /users/majewski/paradichlorobenzene/pbe/9_constraint/scratch/pbe.ecut100.np8.dt60.pcl2phi-129368.save
     Message from routine read_xml_file:
     file /users/majewski/paradichlorobenzene/pbe/9_constraint/scratch/pbe.ecut100.np8.dt60.pcl2phi-129368.save not guaranteed to be safe for post-processing

   Info: using nr1, nr2, nr3 values from input

   Info: using nr1, nr2, nr3 values from input

     IMPORTANT: XC functional enforced from input :
     Exchange-correlation      =  SLA  PW   PBX  PBC ( 1  4  3  4 0 0)
     Any further DFT definition will be discarded
     Please, verify this is what you really want

               file C.pbe-n-kjpaw_psl.1.0.0.UPF: wavefunction(s)  2S 2P renormalized
               file Cl.pbe-n-kjpaw_psl.1.0.0.UPF: wavefunction(s)  3S 3P renormalized
               file H.pbe-kjpaw_psl.1.0.0.UPF: wavefunction(s)  1S renormalized

     Parallelization info
     --------------------
     sticks:   dense  smooth     PW     G-vecs:    dense   smooth      PW
     Min        3057    1223    332               144436    36536    5170
     Max        3059    1225    333               144437    36537    5171
     Sum       24467    9791   2657              1155489   292295   41363


     Subspace diagonalization in iterative solution of the eigenvalue problem:
     a serial algorithm will be used

     GIPAW projectors -----------------------------------------------
     atom=  C    l=0  rc=    1.2000  rs=    0.8000
     atom=  C    l=0  rc=    1.2000  rs=    0.8000
     atom=  C    l=1  rc=    1.4000  rs=    0.9333
     atom=  C    l=1  rc=    1.4000  rs=    0.9333
     projs nearly linearly dependent: l=1  n1,n2= 1, 2  s=  0.99951561

     atom=  Cl   l=0  rc=    1.6000  rs=    1.0667
     atom=  Cl   l=0  rc=    1.6000  rs=    1.0667
     atom=  Cl   l=1  rc=    1.6000  rs=    1.0667
     atom=  Cl   l=1  rc=    1.6000  rs=    1.0667
     atom=  Cl   l=2  rc=    1.6000  rs=    1.0667
     atom=  Cl   l=2  rc=    1.6000  rs=    1.0667
     projs nearly linearly dependent: l=2  n1,n2= 1, 2  s=  0.99993509

     atom=  H    l=0  rc=    1.0000  rs=    0.6667
     atom=  H    l=0  rc=    1.0000  rs=    0.6667
     projs nearly linearly dependent: l=0  n1,n2= 1, 2  s=  0.99968852
     -----------------------------------------------------------------

     GIPAW integrals: -------------------------------------------
     Atom  i/j   nmr_para   nmr_dia   epr_rmc  epr_para   epr_dia
       C   1 1   0.83E+03  0.17E-01  0.93E+01  0.24E+08  0.24E+03
       C   2 1   0.86E+03 -0.61E-01  0.94E+01  0.25E+08  0.25E+03
       C   2 2   0.90E+03 -0.15E+00  0.97E+01  0.26E+08  0.26E+03
       C   3 3   0.33E+01  0.34E+00  0.18E+01  0.55E+03  0.21E+02
       C   4 3   0.35E+01  0.37E+00  0.20E+01  0.59E+03  0.22E+02
       C   4 4   0.38E+01  0.39E+00  0.22E+01  0.63E+03  0.24E+02
       Cl  1 1   0.14E+04 -0.47E+00  0.84E+01  0.32E+09  0.42E+03
       Cl  2 1   0.21E+04 -0.37E+00  0.12E+02  0.49E+09  0.65E+03
       Cl  2 2   0.33E+04 -0.16E+00  0.21E+02  0.76E+09  0.10E+04
       Cl  3 3   0.21E+02  0.79E-01  0.89E+01  0.23E+05  0.13E+03
       Cl  4 3   0.24E+02  0.67E-01  0.99E+01  0.27E+05  0.15E+03
       Cl  4 4   0.28E+02  0.44E-01  0.11E+02  0.32E+05  0.18E+03
       Cl  5 5   0.77E+00  0.19E+00  0.18E+01  0.12E+03  0.22E+02
       Cl  6 5   0.80E+00  0.19E+00  0.19E+01  0.12E+03  0.23E+02
       Cl  6 6   0.83E+00  0.20E+00  0.19E+01  0.12E+03  0.23E+02
       H   1 1   0.39E+02  0.19E+00  0.29E+00  0.78E+05  0.13E+02
       H   2 1   0.41E+02  0.21E+00  0.32E+00  0.82E+05  0.14E+02
       H   2 2   0.43E+02  0.22E+00  0.36E+00  0.86E+05  0.15E+02
     ------------------------------------------------------------

     alpha_pv=     34.0612 eV

     Number of occupied bands for each k-point:
     k-point:     1    nbnd_occ=  42
     k-point:     2    nbnd_occ=  42
     k-point:     3    nbnd_occ=  42
     k-point:     4    nbnd_occ=  42
     k-point:     5    nbnd_occ=  42
     k-point:     6    nbnd_occ=  42
     k-point:     7    nbnd_occ=  42
     k-point:     8    nbnd_occ=  42
     k-point:     9    nbnd_occ=  42
     k-point:    10    nbnd_occ=  42
     k-point:    11    nbnd_occ=  42
     k-point:    12    nbnd_occ=  42
     k-point:    13    nbnd_occ=  42
     k-point:    14    nbnd_occ=  42
     k-point:    15    nbnd_occ=  42
     k-point:    16    nbnd_occ=  42


     q-space interpolation up to   110.00 Rydberg

     GIPAW job: efg                                                                             


     ELECTRIC FIELD GRADIENTS TENSORS IN Hartree/bohrradius^2:

     ----- bare term -----
     Cl   1        0.022875        0.054639        0.019566
     Cl   1        0.054639        0.035012        0.050686
     Cl   1        0.019566        0.050686       -0.057887

     C    2       -0.787524        0.469814       -0.362655
     C    2        0.469814        0.345038       -0.028835
     C    2       -0.362655       -0.028835        0.442486

     C    3        0.118543       -0.117682       -0.136489
     C    3       -0.117682       -0.440998       -0.472196
     C    3       -0.136489       -0.472196        0.322454

     H    4       -0.567940        0.003089        0.154927
     H    4        0.003089        0.313623       -0.276912
     H    4        0.154927       -0.276912        0.254317

     C    5       -0.441689        0.377915       -0.389134
     C    5        0.377915        0.005936        0.036447
     C    5       -0.389134        0.036447        0.435752

     H    6       -0.219220       -0.324051        0.084138
     H    6       -0.324051       -0.277481       -0.261683
     H    6        0.084138       -0.261683        0.496701

     H    7        0.465308        0.056752       -0.043317
     H    7        0.056752       -0.214935        0.625601
     H    7       -0.043317        0.625601       -0.250373

     C    8       -0.147067       -0.279104       -0.151413
     C    8       -0.279104       -0.225512        0.349424
     C    8       -0.151413        0.349424        0.372579

     H    9       -0.311376        0.273538       -0.515991
     H    9        0.273538        0.270210        0.274384
     H    9       -0.515991        0.274384        0.041166

     C   10       -0.507651       -0.364949       -0.300171
     C   10       -0.364949        0.095928        0.302402
     C   10       -0.300171        0.302402        0.411723

     C   11       -0.097411       -0.074991       -0.280396
     C   11       -0.074991        0.003556        0.700689
     C   11       -0.280396        0.700689        0.093854

     Cl  12       -0.242999       -0.266973       -0.018000
     Cl  12       -0.266973        0.213195        0.061284
     Cl  12       -0.018000        0.061284        0.029804

     H   13        0.278042       -0.353088        0.102595
     H   13       -0.353088       -0.577535        0.146054
     H   13        0.102595        0.146054        0.299492

     C   14       -0.001914        0.003418       -0.109693
     C   14        0.003418       -0.129147       -0.220651
     C   14       -0.109693       -0.220651        0.131060

     H   15       -0.205061       -0.415987        0.102726
     H   15       -0.415987       -0.061875        0.193016
     H   15        0.102726        0.193016        0.266936

     C   16       -0.257365        0.219844        0.035057
     C   16        0.219844       -0.066822       -0.219797
     C   16        0.035057       -0.219797        0.324187

     C   17       -0.014527       -0.332955       -0.413932
     C   17       -0.332955       -0.039640       -0.672248
     C   17       -0.413932       -0.672248        0.054168

     Cl  18       -0.096145        0.157415        0.120490
     Cl  18        0.157415       -0.090719       -0.057345
     Cl  18        0.120490       -0.057345        0.186865

     H   19        0.470469       -0.044884       -0.223377
     H   19       -0.044884       -0.204515        0.338567
     H   19       -0.223377        0.338567       -0.265954

     C   20       -0.685808       -0.362092       -0.265742
     C   20       -0.362092        0.364424        0.325515
     C   20       -0.265742        0.325515        0.321384

     H   21       -0.279787       -0.154643       -0.518138
     H   21       -0.154643        0.068382        0.000344
     H   21       -0.518138        0.000344        0.211405

     C   22       -0.055687       -0.113886       -0.216367
     C   22       -0.113886       -0.037973        0.680103
     C   22       -0.216367        0.680103        0.093660

     C   23       -0.509034       -0.327221       -0.417712
     C   23       -0.327221        0.282304        0.180584
     C   23       -0.417712        0.180584        0.226730

     Cl  24       -0.019001       -0.104704        0.010464
     Cl  24       -0.104704        0.132154       -0.056971
     Cl  24        0.010464       -0.056971       -0.113154

     ----- ionic term -----
     Cl   1        0.140292       -0.230463       -0.002813
     Cl   1       -0.230463        0.034811       -0.000559
     Cl   1       -0.002813       -0.000559       -0.175104

     C    2        0.332695       -0.073558        0.167533
     C    2       -0.073558        0.243940        0.284153
     C    2        0.167533        0.284153       -0.576635

     C    3        0.156374       -0.147068        0.127134
     C    3       -0.147068        0.365987        0.312084
     C    3        0.127134        0.312084       -0.522361

     H    4        0.813664        0.360152        0.471957
     H    4        0.360152       -0.349198        0.173746
     H    4        0.471957        0.173746       -0.464466

     C    5        0.322552       -0.071689        0.170432
     C    5       -0.071689        0.173708        0.253638
     C    5        0.170432        0.253638       -0.496260

     H    6       -0.408043        0.366289        0.183261
     H    6        0.366289        0.638728        0.593035
     H    6        0.183261        0.593035       -0.230686

     H    7       -0.529022       -0.011587        0.030220
     H    7       -0.011587        0.479083       -0.786568
     H    7        0.030220       -0.786568        0.049939

     C    8        0.266749        0.240391        0.262751
     C    8        0.240391       -0.020960       -0.341951
     C    8        0.262751       -0.341951       -0.245789

     H    9        0.572202       -0.206149        0.712654
     H    9       -0.206149       -0.491147       -0.227551
     H    9        0.712654       -0.227551       -0.081055

     C   10        0.145016        0.310544        0.152872
     C   10        0.310544        0.104096       -0.429796
     C   10        0.152872       -0.429796       -0.249112

     C   11        0.248327        0.245521        0.260880
     C   11        0.245521        0.015624       -0.399321
     C   11        0.260880       -0.399321       -0.263952

     Cl  12        0.170511        0.222046        0.007924
     Cl  12        0.222046       -0.000334       -0.007641
     Cl  12        0.007924       -0.007641       -0.170176

     H   13       -0.440934        0.318801        0.098452
     H   13        0.318801        0.840252        0.480504
     H   13        0.098452        0.480504       -0.399318

     C   14        0.392859       -0.064180        0.140074
     C   14       -0.064180        0.169302        0.235909
     C   14        0.140074        0.235909       -0.562161

     H   15        0.771471        0.540916        0.295711
     H   15        0.540916       -0.199921        0.158903
     H   15        0.295711        0.158903       -0.571550

     C   16        0.157446       -0.077692        0.074083
     C   16       -0.077692        0.412365        0.290034
     C   16        0.074083        0.290034       -0.569811

     C   17        0.227533       -0.040527        0.144077
     C   17       -0.040527        0.319613        0.279767
     C   17        0.144077        0.279767       -0.547146

     Cl  18        0.102122       -0.168234       -0.018207
     Cl  18       -0.168234        0.046414        0.012140
     Cl  18       -0.018207        0.012140       -0.148536

     H   19       -0.500049       -0.177037        0.124268
     H   19       -0.177037        0.568884       -0.747522
     H   19        0.124268       -0.747522       -0.068834

     C   20        0.295561        0.171773        0.268845
     C   20        0.171773       -0.008685       -0.310949
     C   20        0.268845       -0.310949       -0.286876

     H   21        0.695386       -0.252558        0.643465
     H   21       -0.252558       -0.461729       -0.195629
     H   21        0.643465       -0.195629       -0.233657

     C   22        0.203555        0.218506        0.187783
     C   22        0.218506        0.072016       -0.372524
     C   22        0.187783       -0.372524       -0.275571

     C   23        0.188636        0.152333        0.330527
     C   23        0.152333        0.019722       -0.393956
     C   23        0.330527       -0.393956       -0.208359

     Cl  24        0.120882        0.200908        0.009496
     Cl  24        0.200908        0.020810       -0.004804
     Cl  24        0.009496       -0.004804       -0.141691

     ----- GIPAW term -----
     Cl   1       -0.056551       -0.753797        0.231761
     Cl   1       -0.753797        2.358502        1.168892
     Cl   1        0.231761        1.168892       -2.301951

     C    2       -0.165574        0.017493       -0.027929
     C    2        0.017493        0.231469        0.121442
     C    2       -0.027929        0.121442       -0.065894

     C    3       -0.056068       -0.089152       -0.055659
     C    3       -0.089152       -0.004376        0.110605
     C    3       -0.055659        0.110605        0.060445

     H    4       -0.000000        0.000000        0.000000
     H    4        0.000000        0.000000        0.000000
     H    4        0.000000        0.000000        0.000000

     C    5        0.014833       -0.051800       -0.166689
     C    5       -0.051800       -0.043771        0.110783
     C    5       -0.166689        0.110783        0.028938

     H    6       -0.000000        0.000000        0.000000
     H    6        0.000000        0.000000        0.000000
     H    6        0.000000        0.000000        0.000000

     H    7       -0.000000        0.000000        0.000000
     H    7        0.000000        0.000000        0.000000
     H    7        0.000000        0.000000        0.000000

     C    8       -0.069639       -0.098432        0.029928
     C    8       -0.098432        0.015292       -0.058171
     C    8        0.029928       -0.058171        0.054347

     H    9       -0.000000        0.000000        0.000000
     H    9        0.000000        0.000000        0.000000
     H    9        0.000000        0.000000        0.000000

     C   10       -0.172325       -0.070420       -0.068840
     C   10       -0.070420        0.155945        0.005562
     C   10       -0.068840        0.005562        0.016380

     C   11       -0.020632        0.013341       -0.076874
     C   11        0.013341        0.149596        0.201110
     C   11       -0.076874        0.201110       -0.128964

     Cl  12       -0.472711        0.449287       -0.243533
     Cl  12        0.449287        2.444932        0.584455
     Cl  12       -0.243533        0.584455       -1.972220

     H   13       -0.000000        0.000000        0.000000
     H   13        0.000000        0.000000        0.000000
     H   13        0.000000        0.000000        0.000000

     C   14       -0.028198        0.032444       -0.013908
     C   14        0.032444        0.074270       -0.091763
     C   14       -0.013908       -0.091763       -0.046072

     H   15       -0.000000        0.000000        0.000000
     H   15        0.000000        0.000000        0.000000
     H   15        0.000000        0.000000        0.000000

     C   16       -0.093759        0.022269       -0.003546
     C   16        0.022269        0.040567       -0.111232
     C   16       -0.003546       -0.111232        0.053192

     C   17        0.033223       -0.271087       -0.061197
     C   17       -0.271087        0.130978       -0.099796
     C   17       -0.061197       -0.099796       -0.164201

     Cl  18        1.097029       -1.729474        0.998902
     Cl  18       -1.729474       -0.630403       -0.444966
     Cl  18        0.998902       -0.444966       -0.466626

     H   19       -0.000000        0.000000        0.000000
     H   19        0.000000        0.000000        0.000000
     H   19        0.000000        0.000000        0.000000

     C   20       -0.211523       -0.062054       -0.030398
     C   20       -0.062054        0.233442        0.163813
     C   20       -0.030398        0.163813       -0.021919

     H   21       -0.000000        0.000000        0.000000
     H   21        0.000000        0.000000        0.000000
     H   21        0.000000        0.000000        0.000000

     C   22       -0.127290        0.013965       -0.033997
     C   22        0.013965        0.218094        0.187239
     C   22       -0.033997        0.187239       -0.090803

     C   23       -0.066475       -0.095884       -0.022428
     C   23       -0.095884        0.208763       -0.068646
     C   23       -0.022428       -0.068646       -0.142288

     Cl  24        0.399081        0.412725        0.190121
     Cl  24        0.412725        2.221117       -0.672708
     Cl  24        0.190121       -0.672708       -2.620198

     ----- total EFG -----
     Cl   1        0.106617       -0.929621        0.248513
     Cl   1       -0.929621        2.428326        1.219019
     Cl   1        0.248513        1.219019       -2.534943

     C    2       -0.620403        0.413749       -0.223050
     C    2        0.413749        0.820447        0.376760
     C    2       -0.223050        0.376760       -0.200044

     C    3        0.218849       -0.353901       -0.065014
     C    3       -0.353901       -0.079387       -0.049507
     C    3       -0.065014       -0.049507       -0.139462

     H    4        0.245724        0.363240        0.626884
     H    4        0.363240       -0.035575       -0.103167
     H    4        0.626884       -0.103167       -0.210148

     C    5       -0.104303        0.254427       -0.385391
     C    5        0.254427        0.135873        0.400869
     C    5       -0.385391        0.400869       -0.031570

     H    6       -0.627263        0.042237        0.267399
     H    6        0.042237        0.361247        0.331352
     H    6        0.267399        0.331352        0.266015

     H    7       -0.063714        0.045165       -0.013097
     H    7        0.045165        0.264148       -0.160966
     H    7       -0.013097       -0.160966       -0.200434

     C    8        0.050043       -0.137145        0.141266
     C    8       -0.137145       -0.231180       -0.050699
     C    8        0.141266       -0.050699        0.181137

     H    9        0.260827        0.067389        0.196663
     H    9        0.067389       -0.220938        0.046833
     H    9        0.196663        0.046833       -0.039889

     C   10       -0.534960       -0.124825       -0.216139
     C   10       -0.124825        0.355970       -0.121832
     C   10       -0.216139       -0.121832        0.178990

     C   11        0.130284        0.183871       -0.096391
     C   11        0.183871        0.168777        0.502478
     C   11       -0.096391        0.502478       -0.299061

     Cl  12       -0.545200        0.404360       -0.253609
     Cl  12        0.404360        2.657793        0.638097
     Cl  12       -0.253609        0.638097       -2.112593

     H   13       -0.162892       -0.034287        0.201046
     H   13       -0.034287        0.262718        0.626558
     H   13        0.201046        0.626558       -0.099826

     C   14        0.362747       -0.028318        0.016474
     C   14       -0.028318        0.114426       -0.076504
     C   14        0.016474       -0.076504       -0.477173

     H   15        0.566410        0.124929        0.398437
     H   15        0.124929       -0.261796        0.351919
     H   15        0.398437        0.351919       -0.304614

     C   16       -0.193678        0.164421        0.105594
     C   16        0.164421        0.386110       -0.040995
     C   16        0.105594       -0.040995       -0.192432

     C   17        0.246229       -0.644569       -0.331052
     C   17       -0.644569        0.410951       -0.492278
     C   17       -0.331052       -0.492278       -0.657179

     Cl  18        1.103006       -1.740293        1.101185
     Cl  18       -1.740293       -0.674709       -0.490171
     Cl  18        1.101185       -0.490171       -0.428298

     H   19       -0.029580       -0.221921       -0.099109
     H   19       -0.221921        0.364368       -0.408955
     H   19       -0.099109       -0.408955       -0.334788

     C   20       -0.601770       -0.252374       -0.027295
     C   20       -0.252374        0.589180        0.178379
     C   20       -0.027295        0.178379        0.012589

     H   21        0.415599       -0.407201        0.125327
     H   21       -0.407201       -0.393347       -0.195286
     H   21        0.125327       -0.195286       -0.022252

     C   22        0.020578        0.118585       -0.062581
     C   22        0.118585        0.252136        0.494818
     C   22       -0.062581        0.494818       -0.272714

     C   23       -0.386872       -0.270771       -0.109613
     C   23       -0.270771        0.510790       -0.282018
     C   23       -0.109613       -0.282018       -0.123917

     Cl  24        0.500962        0.508929        0.210080
     Cl  24        0.508929        2.374081       -0.734483
     Cl  24        0.210080       -0.734483       -2.875043

     ----- total EFG (symmetrized) -----
     Cl   1        0.106617       -0.929621        0.248513
     Cl   1       -0.929621        2.428326        1.219019
     Cl   1        0.248513        1.219019       -2.534943

     C    2       -0.620403        0.413749       -0.223050
     C    2        0.413749        0.820447        0.376760
     C    2       -0.223050        0.376760       -0.200044

     C    3        0.218849       -0.353901       -0.065014
     C    3       -0.353901       -0.079387       -0.049507
     C    3       -0.065014       -0.049507       -0.139462

     H    4        0.245724        0.363240        0.626884
     H    4        0.363240       -0.035575       -0.103167
     H    4        0.626884       -0.103167       -0.210148

     C    5       -0.104303        0.254427       -0.385391
     C    5        0.254427        0.135873        0.400869
     C    5       -0.385391        0.400869       -0.031570

     H    6       -0.627263        0.042237        0.267399
     H    6        0.042237        0.361247        0.331352
     H    6        0.267399        0.331352        0.266015

     H    7       -0.063714        0.045165       -0.013097
     H    7        0.045165        0.264148       -0.160966
     H    7       -0.013097       -0.160966       -0.200434

     C    8        0.050043       -0.137145        0.141266
     C    8       -0.137145       -0.231180       -0.050699
     C    8        0.141266       -0.050699        0.181137

     H    9        0.260827        0.067389        0.196663
     H    9        0.067389       -0.220938        0.046833
     H    9        0.196663        0.046833       -0.039889

     C   10       -0.534960       -0.124825       -0.216139
     C   10       -0.124825        0.355970       -0.121832
     C   10       -0.216139       -0.121832        0.178990

     C   11        0.130284        0.183871       -0.096391
     C   11        0.183871        0.168777        0.502478
     C   11       -0.096391        0.502478       -0.299061

     Cl  12       -0.545200        0.404360       -0.253609
     Cl  12        0.404360        2.657793        0.638097
     Cl  12       -0.253609        0.638097       -2.112593

     H   13       -0.162892       -0.034287        0.201046
     H   13       -0.034287        0.262718        0.626558
     H   13        0.201046        0.626558       -0.099826

     C   14        0.362747       -0.028318        0.016474
     C   14       -0.028318        0.114426       -0.076504
     C   14        0.016474       -0.076504       -0.477173

     H   15        0.566410        0.124929        0.398437
     H   15        0.124929       -0.261796        0.351919
     H   15        0.398437        0.351919       -0.304614

     C   16       -0.193678        0.164421        0.105594
     C   16        0.164421        0.386110       -0.040995
     C   16        0.105594       -0.040995       -0.192432

     C   17        0.246229       -0.644569       -0.331052
     C   17       -0.644569        0.410951       -0.492278
     C   17       -0.331052       -0.492278       -0.657179

     Cl  18        1.103006       -1.740293        1.101185
     Cl  18       -1.740293       -0.674709       -0.490171
     Cl  18        1.101185       -0.490171       -0.428298

     H   19       -0.029580       -0.221921       -0.099109
     H   19       -0.221921        0.364368       -0.408955
     H   19       -0.099109       -0.408955       -0.334788

     C   20       -0.601770       -0.252374       -0.027295
     C   20       -0.252374        0.589180        0.178379
     C   20       -0.027295        0.178379        0.012589

     H   21        0.415599       -0.407201        0.125327
     H   21       -0.407201       -0.393347       -0.195286
     H   21        0.125327       -0.195286       -0.022252

     C   22        0.020578        0.118585       -0.062581
     C   22        0.118585        0.252136        0.494818
     C   22       -0.062581        0.494818       -0.272714

     C   23       -0.386872       -0.270771       -0.109613
     C   23       -0.270771        0.510790       -0.282018
     C   23       -0.109613       -0.282018       -0.123917

     Cl  24        0.500962        0.508929        0.210080
     Cl  24        0.508929        2.374081       -0.734483
     Cl  24        0.210080       -0.734483       -2.875043


     NQR/NMR SPECTROSCOPIC PARAMETERS:
     Cl   1    Vxx=   -0.0773    axis=(  0.944919  0.244975  0.217060)
     Cl   1    Vyy=   -2.8896    axis=(  0.155820  0.246504 -0.956533)
     Cl   1    Vzz=    2.9669    axis=( -0.287833  0.937669  0.194755)
     Cl   1  Q=        -8.1650 1e-30 m^2  Cq=       -56.9181 MHz  eta= 0.94789

     C    2    Vxx=   -0.1270    axis=(  0.494484  0.126043 -0.859999)
     C    2    Vyy=   -0.8851    axis=(  0.844794 -0.302452  0.441413)
     C    2    Vzz=    1.0121    axis=( -0.204471 -0.944794 -0.256038)
     C    2  Q=         1.0000 1e-30 m^2  Cq=         2.3780 MHz  eta= 0.74901

     C    3    Vxx=   -0.1114    axis=( -0.159569 -0.320422  0.933739)
     C    3    Vyy=   -0.3436    axis=(  0.526905  0.772217  0.355038)
     C    3    Vzz=    0.4550    axis=( -0.834810  0.548645  0.045610)
     C    3  Q=         1.0000 1e-30 m^2  Cq=         1.0690 MHz  eta= 0.51048

     H    4    Vxx=    0.0103    axis=( -0.030103  0.869713 -0.492639)
     H    4    Vyy=    0.7619    axis=( -0.814286 -0.307171 -0.492528)
     H    4    Vzz=   -0.7722    axis=( -0.579683  0.386323  0.717442)
     H    4  Q=         1.0000 1e-30 m^2  Cq=        -1.8144 MHz  eta= 0.97335

     C    5    Vxx=    0.2399    axis=( -0.782224 -0.504464  0.365570)
     C    5    Vyy=    0.4682    axis=(  0.142112 -0.715807 -0.683685)
     C    5    Vzz=   -0.7081    axis=( -0.606572  0.482843 -0.631612)
     C    5  Q=         1.0000 1e-30 m^2  Cq=        -1.6638 MHz  eta= 0.32247

     H    6    Vxx=    0.0213    axis=( -0.235675  0.693202 -0.681123)
     H    6    Vyy=    0.6822    axis=(  0.161232  0.719041  0.676006)
     H    6    Vzz=   -0.7035    axis=( -0.958364 -0.049499  0.281227)
     H    6  Q=         1.0000 1e-30 m^2  Cq=        -1.6531 MHz  eta= 0.93942

     H    7    Vxx=   -0.0695    axis=(  0.992571 -0.114417  0.041365)
     H    7    Vyy=   -0.2508    axis=( -0.005328  0.298794  0.954303)
     H    7    Vzz=    0.3202    axis=( -0.121548 -0.947434  0.295965)
     H    7  Q=         1.0000 1e-30 m^2  Cq=         0.7524 MHz  eta= 0.56614

     C    8    Vxx=   -0.0111    axis=( -0.725129  0.310189  0.614793)
     C    8    Vyy=   -0.2871    axis=( -0.382265 -0.923926  0.015290)
     C    8    Vzz=    0.2981    axis=(  0.572766 -0.223927  0.788540)
     C    8  Q=         1.0000 1e-30 m^2  Cq=         0.7005 MHz  eta= 0.92580

     H    9    Vxx=   -0.1356    axis=( -0.457653  0.121936  0.880730)
     H    9    Vyy=   -0.2336    axis=(  0.066180 -0.983132  0.170503)
     H    9    Vzz=    0.3692    axis=(  0.886665  0.136318  0.441863)
     H    9  Q=         1.0000 1e-30 m^2  Cq=         0.8675 MHz  eta= 0.26544

     C   10    Vxx=    0.2012    axis=( -0.320330  0.412828  0.852621)
     C   10    Vyy=    0.4183    axis=(  0.017499 -0.897316  0.441043)
     C   10    Vzz=   -0.6195    axis=(  0.947144  0.156199  0.280213)
     C   10  Q=         1.0000 1e-30 m^2  Cq=        -1.4556 MHz  eta= 0.35042

     C   11    Vxx=    0.1422    axis=(  0.934757 -0.115670 -0.335930)
     C   11    Vyy=    0.5187    axis=(  0.275422  0.833205  0.479491)
     C   11    Vzz=   -0.6609    axis=(  0.224436 -0.540730  0.810703)
     C   11  Q=         1.0000 1e-30 m^2  Cq=        -1.5528 MHz  eta= 0.56976

     Cl  12    Vxx=   -0.5310    axis=(  0.977772 -0.085695 -0.191360)
     Cl  12    Vyy=   -2.2516    axis=(  0.178204 -0.141249  0.973803)
     Cl  12    Vzz=    2.7826    axis=( -0.110480 -0.986258 -0.122838)
     Cl  12  Q=        -8.1650 1e-30 m^2  Cq=       -53.3821 MHz  eta= 0.61833

     H   13    Vxx=   -0.1030    axis=(  0.927400 -0.298734  0.225139)
     H   13    Vyy=   -0.6406    axis=( -0.358930 -0.541139  0.760486)
     H   13    Vzz=    0.7436    axis=(  0.105352  0.786083  0.609076)
     H   13  Q=         1.0000 1e-30 m^2  Cq=         1.7471 MHz  eta= 0.72286

     C   14    Vxx=    0.1204    axis=(  0.123408  0.984745 -0.122668)
     C   14    Vyy=    0.3667    axis=(  0.992242 -0.120573  0.030301)
     C   14    Vzz=   -0.4871    axis=( -0.015049  0.125456  0.991985)
     C   14  Q=         1.0000 1e-30 m^2  Cq=        -1.1445 MHz  eta= 0.50562

     H   15    Vxx=   -0.1068    axis=(  0.429527 -0.760262 -0.487349)
     H   15    Vyy=   -0.6751    axis=(  0.188071  0.603144 -0.775143)
     H   15    Vzz=    0.7819    axis=(  0.883253  0.241288  0.402050)
     H   15  Q=         1.0000 1e-30 m^2  Cq=         1.8372 MHz  eta= 0.72685

     C   16    Vxx=   -0.1002    axis=(  0.618745 -0.144104  0.772262)
     C   16    Vyy=   -0.3296    axis=( -0.744205  0.207342  0.634955)
     C   16    Vzz=    0.4298    axis=( -0.251622 -0.967597  0.021049)
     C   16  Q=         1.0000 1e-30 m^2  Cq=         1.0098 MHz  eta= 0.53379

     C   17    Vxx=    0.0995    axis=(  0.668884  0.454428 -0.588293)
     C   17    Vyy=    0.9946    axis=( -0.621315  0.776246 -0.106818)
     C   17    Vzz=   -1.0941    axis=(  0.408119  0.436964  0.801562)
     C   17  Q=         1.0000 1e-30 m^2  Cq=        -2.5707 MHz  eta= 0.81814

     Cl  18    Vxx=   -0.8701    axis=( -0.221494  0.329602  0.917770)
     Cl  18    Vyy=   -1.7653    axis=(  0.555996  0.815870 -0.158822)
     Cl  18    Vzz=    2.6354    axis=( -0.801129  0.475099 -0.363968)
     Cl  18  Q=        -8.1650 1e-30 m^2  Cq=       -50.5579 MHz  eta= 0.33968

     H   19    Vxx=   -0.0100    axis=(  0.909889  0.099407 -0.402766)
     H   19    Vyy=   -0.5859    axis=( -0.323781 -0.436810 -0.839263)
     H   19    Vzz=    0.5958    axis=( -0.259361  0.894044 -0.365263)
     H   19  Q=         1.0000 1e-30 m^2  Cq=         1.4000 MHz  eta= 0.96659

     C   20    Vxx=   -0.0354    axis=(  0.064739 -0.249785  0.966135)
     C   20    Vyy=   -0.6532    axis=( -0.979507 -0.200945  0.013682)
     C   20    Vzz=    0.6885    axis=(  0.190722 -0.947222 -0.257675)
     C   20  Q=         1.0000 1e-30 m^2  Cq=         1.6177 MHz  eta= 0.89729

     H   21    Vxx=   -0.0461    axis=( -0.350777 -0.111558  0.929790)
     H   21    Vyy=   -0.5950    axis=(  0.337704  0.911003  0.236708)
     H   21    Vzz=    0.6411    axis=( -0.873448  0.397025 -0.281885)
     H   21  Q=         1.0000 1e-30 m^2  Cq=         1.5064 MHz  eta= 0.85618

     C   22    Vxx=    0.0331    axis=(  0.973966 -0.016546 -0.226090)
     C   22    Vyy=    0.5589    axis=( -0.130538 -0.856323 -0.499671)
     C   22    Vzz=   -0.5920    axis=( -0.185338  0.516176 -0.836189)
     C   22  Q=         1.0000 1e-30 m^2  Cq=        -1.3910 MHz  eta= 0.88821

     C   23    Vxx=   -0.1136    axis=( -0.503483  0.164739  0.848154)
     C   23    Vyy=   -0.5499    axis=(  0.838613  0.329416  0.433836)
     C   23    Vzz=    0.6636    axis=(  0.207926 -0.929702  0.304008)
     C   23  Q=         1.0000 1e-30 m^2  Cq=         1.5591 MHz  eta= 0.65753

     Cl  24    Vxx=    0.4139    axis=(  0.971309 -0.211259  0.109220)
     Cl  24    Vyy=    2.5842    axis=(  0.223980  0.966993 -0.121479)
     Cl  24    Vzz=   -2.9981    axis=( -0.079952  0.142457  0.986567)
     Cl  24  Q=        -8.1650 1e-30 m^2  Cq=        57.5175 MHz  eta= 0.72390

     Initialization:
     gipaw_setup  :      8.87s CPU     10.90s WALL (       1 calls)

     Linear response

     Apply operators

     Induced current

     Other routines
     efg          :      9.37s CPU     12.43s WALL (       1 calls)

     General routines
     calbec       :      3.33s CPU      4.76s WALL (      16 calls)
     fft          :      1.38s CPU      1.96s WALL (      15 calls)
     ffts         :      0.04s CPU      0.04s WALL (       2 calls)
     fftw         :      3.28s CPU      4.09s WALL (     672 calls)
     davcio       :      0.02s CPU      0.31s WALL (      32 calls)

     Parallel routines
     fft_scatter  :      2.14s CPU      3.29s WALL (     689 calls)

     Plugins

     GIPAW        :     60.87s CPU     75.64s WALL (       1 calls)
