
     Program QE v.6.0 (svn rev. 13079) starts on 22Dec2016 at 13:53:51 

     This program is part of the open-source Quantum ESPRESSO suite
     for quantum simulation of materials; please cite
         "P. Giannozzi et al., J. Phys.:Condens. Matter 21 395502 (2009);
          URL http://www.quantum-espresso.org", 
     in publications or presentations arising from this work. More details at
     http://www.quantum-espresso.org/quote

     Parallel version (MPI), running on     8 processors
     R & G space division:  proc/nbgrp/npool/nimage =       8

     ***** This is GIPAW svn revision unknown      *****

     Parallelizing q-star over 1 images

     Reading data from directory:
     /users/majewski/paradichlorobenzene/pbe/9_constraint/scratch/pbe.ecut100.np8.dt60.pcl2phi-129368.save
     Message from routine read_xml_file:
     file /users/majewski/paradichlorobenzene/pbe/9_constraint/scratch/pbe.ecut100.np8.dt60.pcl2phi-129368.save not guaranteed to be safe for post-processing

   Info: using nr1, nr2, nr3 values from input

   Info: using nr1, nr2, nr3 values from input

     IMPORTANT: XC functional enforced from input :
     Exchange-correlation      =  SLA  PW   PBX  PBC ( 1  4  3  4 0 0)
     Any further DFT definition will be discarded
     Please, verify this is what you really want

               file C.pbe-n-kjpaw_psl.1.0.0.UPF: wavefunction(s)  2S 2P renormalized
               file Cl.pbe-n-kjpaw_psl.1.0.0.UPF: wavefunction(s)  3S 3P renormalized
               file H.pbe-kjpaw_psl.1.0.0.UPF: wavefunction(s)  1S renormalized

     Parallelization info
     --------------------
     sticks:   dense  smooth     PW     G-vecs:    dense   smooth      PW
     Min        3057    1223    332               144436    36536    5170
     Max        3059    1225    333               144437    36537    5171
     Sum       24467    9791   2657              1155489   292295   41363


     Subspace diagonalization in iterative solution of the eigenvalue problem:
     a serial algorithm will be used

     GIPAW projectors -----------------------------------------------
     atom=  C    l=0  rc=    1.2000  rs=    0.8000
     atom=  C    l=0  rc=    1.2000  rs=    0.8000
     atom=  C    l=1  rc=    1.4000  rs=    0.9333
     atom=  C    l=1  rc=    1.4000  rs=    0.9333
     projs nearly linearly dependent: l=1  n1,n2= 1, 2  s=  0.99951561

     atom=  Cl   l=0  rc=    1.6000  rs=    1.0667
     atom=  Cl   l=0  rc=    1.6000  rs=    1.0667
     atom=  Cl   l=1  rc=    1.6000  rs=    1.0667
     atom=  Cl   l=1  rc=    1.6000  rs=    1.0667
     atom=  Cl   l=2  rc=    1.6000  rs=    1.0667
     atom=  Cl   l=2  rc=    1.6000  rs=    1.0667
     projs nearly linearly dependent: l=2  n1,n2= 1, 2  s=  0.99993509

     atom=  H    l=0  rc=    1.0000  rs=    0.6667
     atom=  H    l=0  rc=    1.0000  rs=    0.6667
     projs nearly linearly dependent: l=0  n1,n2= 1, 2  s=  0.99968852
     -----------------------------------------------------------------

     GIPAW integrals: -------------------------------------------
     Atom  i/j   nmr_para   nmr_dia   epr_rmc  epr_para   epr_dia
       C   1 1   0.83E+03  0.17E-01  0.93E+01  0.24E+08  0.24E+03
       C   2 1   0.86E+03 -0.61E-01  0.94E+01  0.25E+08  0.25E+03
       C   2 2   0.90E+03 -0.15E+00  0.97E+01  0.26E+08  0.26E+03
       C   3 3   0.33E+01  0.34E+00  0.18E+01  0.55E+03  0.21E+02
       C   4 3   0.35E+01  0.37E+00  0.20E+01  0.59E+03  0.22E+02
       C   4 4   0.38E+01  0.39E+00  0.22E+01  0.63E+03  0.24E+02
       Cl  1 1   0.14E+04 -0.47E+00  0.84E+01  0.32E+09  0.42E+03
       Cl  2 1   0.21E+04 -0.37E+00  0.12E+02  0.49E+09  0.65E+03
       Cl  2 2   0.33E+04 -0.16E+00  0.21E+02  0.76E+09  0.10E+04
       Cl  3 3   0.21E+02  0.79E-01  0.89E+01  0.23E+05  0.13E+03
       Cl  4 3   0.24E+02  0.67E-01  0.99E+01  0.27E+05  0.15E+03
       Cl  4 4   0.28E+02  0.44E-01  0.11E+02  0.32E+05  0.18E+03
       Cl  5 5   0.77E+00  0.19E+00  0.18E+01  0.12E+03  0.22E+02
       Cl  6 5   0.80E+00  0.19E+00  0.19E+01  0.12E+03  0.23E+02
       Cl  6 6   0.83E+00  0.20E+00  0.19E+01  0.12E+03  0.23E+02
       H   1 1   0.39E+02  0.19E+00  0.29E+00  0.78E+05  0.13E+02
       H   2 1   0.41E+02  0.21E+00  0.32E+00  0.82E+05  0.14E+02
       H   2 2   0.43E+02  0.22E+00  0.36E+00  0.86E+05  0.15E+02
     ------------------------------------------------------------

     alpha_pv=     34.3314 eV

     Number of occupied bands for each k-point:
     k-point:     1    nbnd_occ=  42
     k-point:     2    nbnd_occ=  42
     k-point:     3    nbnd_occ=  42
     k-point:     4    nbnd_occ=  42
     k-point:     5    nbnd_occ=  42
     k-point:     6    nbnd_occ=  42
     k-point:     7    nbnd_occ=  42
     k-point:     8    nbnd_occ=  42
     k-point:     9    nbnd_occ=  42
     k-point:    10    nbnd_occ=  42
     k-point:    11    nbnd_occ=  42
     k-point:    12    nbnd_occ=  42
     k-point:    13    nbnd_occ=  42
     k-point:    14    nbnd_occ=  42
     k-point:    15    nbnd_occ=  42
     k-point:    16    nbnd_occ=  42


     q-space interpolation up to   110.00 Rydberg

     GIPAW job: efg                                                                             


     ELECTRIC FIELD GRADIENTS TENSORS IN Hartree/bohrradius^2:

     ----- bare term -----
     Cl   1       -0.106921        0.202874       -0.005796
     Cl   1        0.202874        0.043900       -0.004566
     Cl   1       -0.005796       -0.004566        0.063020

     C    2       -0.029696        0.108302       -0.129533
     C    2        0.108302       -0.004752       -0.539762
     C    2       -0.129533       -0.539762        0.034448

     C    3       -0.015608        0.046048        0.209980
     C    3        0.046048       -0.083736        0.191388
     C    3        0.209980        0.191388        0.099344

     H    4       -0.186183       -0.422203        0.070721
     H    4       -0.422203       -0.107161        0.185743
     H    4        0.070721        0.185743        0.293345

     C    5       -0.091283       -0.112939       -0.120724
     C    5       -0.112939       -0.067290        0.044399
     C    5       -0.120724        0.044399        0.158574

     H    6        0.373584       -0.226763        0.056679
     H    6       -0.226763       -0.596934        0.258816
     H    6        0.056679        0.258816        0.223350

     H    7        0.313379        0.071244        0.339230
     H    7        0.071244        0.022908        0.301939
     H    7        0.339230        0.301939       -0.336288

     C    8       -0.623240       -0.370099       -0.333042
     C    8       -0.370099        0.332052        0.332643
     C    8       -0.333042        0.332643        0.291189

     H    9        0.139670        0.064329       -0.357662
     H    9        0.064329        0.344259       -0.207724
     H    9       -0.357662       -0.207724       -0.483929

     C   10       -0.032111       -0.164012       -0.185062
     C   10       -0.164012       -0.062646        0.616999
     C   10       -0.185062        0.616999        0.094757

     C   11       -0.428717       -0.235332       -0.336943
     C   11       -0.235332        0.057863        0.313588
     C   11       -0.336943        0.313588        0.370855

     Cl  12       -0.022173        0.037548       -0.035945
     Cl  12        0.037548        0.136448        0.036615
     Cl  12       -0.035945        0.036615       -0.114276

     H   13        0.386202        0.112130       -0.175759
     H   13        0.112130       -0.599708       -0.166616
     H   13       -0.175759       -0.166616        0.213506

     C   14       -0.382558        0.225830       -0.443659
     C   14        0.225830        0.029178       -0.389857
     C   14       -0.443659       -0.389857        0.353380

     H   15       -0.196691       -0.488410       -0.112961
     H   15       -0.488410       -0.157563        0.148789
     H   15       -0.112961        0.148789        0.354254

     C   16       -0.261313        0.309869       -0.266148
     C   16        0.309869       -0.181385       -0.491242
     C   16       -0.266148       -0.491242        0.442697

     C   17       -0.269673        0.218882       -0.261430
     C   17        0.218882       -0.152968       -0.507666
     C   17       -0.261430       -0.507666        0.422641

     Cl  18       -0.060052        0.019027       -0.093325
     Cl  18        0.019027       -0.043724       -0.084345
     Cl  18       -0.093325       -0.084345        0.103776

     H   19        0.236235       -0.206338        0.180669
     H   19       -0.206338       -0.316141        0.559082
     H   19        0.180669        0.559082        0.079906

     C   20       -0.094170        0.210040       -0.515403
     C   20        0.210040       -0.116433        0.445884
     C   20       -0.515403        0.445884        0.210602

     H   21       -0.051213        0.148666       -0.380419
     H   21        0.148666        0.189299        0.489840
     H   21       -0.380419        0.489840       -0.138086

     C   22       -0.546914       -0.337451       -0.374954
     C   22       -0.337451        0.095793        0.077967
     C   22       -0.374954        0.077967        0.451121

     C   23        0.013386        0.230551       -0.383315
     C   23        0.230551       -0.215213        0.467232
     C   23       -0.383315        0.467232        0.201827

     Cl  24       -0.237635       -0.227604       -0.099476
     Cl  24       -0.227604       -0.080872       -0.089460
     Cl  24       -0.099476       -0.089460        0.318506

     ----- ionic term -----
     Cl   1        0.171746       -0.190631        0.056750
     Cl   1       -0.190631        0.002411       -0.028790
     Cl   1        0.056750       -0.028790       -0.174157

     C    2        0.247075       -0.099006        0.220286
     C    2       -0.099006        0.268255        0.274577
     C    2        0.220286        0.274577       -0.515330

     C    3        0.265478       -0.217104        0.115195
     C    3       -0.217104        0.267908        0.304942
     C    3        0.115195        0.304942       -0.533386

     H    4        0.668568        0.427754        0.550209
     H    4        0.427754       -0.294854        0.264601
     H    4        0.550209        0.264601       -0.373713

     C    5        0.447389       -0.081161        0.113004
     C    5       -0.081161        0.111175        0.244099
     C    5        0.113004        0.244099       -0.558564

     H    6       -0.493125        0.162545        0.050557
     H    6        0.162545        0.872977        0.514536
     H    6        0.050557        0.514536       -0.379852

     H    7       -0.523640        0.138780       -0.086893
     H    7        0.138780        0.454155       -0.767449
     H    7       -0.086893       -0.767449        0.069485

     C    8        0.123902        0.261190        0.275349
     C    8        0.261190       -0.015051       -0.311390
     C    8        0.275349       -0.311390       -0.108852

     H    9        0.232193       -0.207690        0.776506
     H    9       -0.207690       -0.471746       -0.272714
     H    9        0.776506       -0.272714        0.239553

     C   10        0.033235        0.283203        0.204486
     C   10        0.283203        0.037891       -0.412023
     C   10        0.204486       -0.412023       -0.071126

     C   11        0.181076        0.234507        0.307050
     C   11        0.234507       -0.020141       -0.436835
     C   11        0.307050       -0.436835       -0.160935

     Cl  12        0.144879        0.252950        0.016214
     Cl  12        0.252950        0.018335        0.008737
     Cl  12        0.016214        0.008737       -0.163213

     H   13       -0.537875        0.043177        0.018990
     H   13        0.043177        1.010424        0.367163
     H   13        0.018990        0.367163       -0.472549

     C   14        0.329213       -0.070644        0.134840
     C   14       -0.070644        0.159540        0.241188
     C   14        0.134840        0.241188       -0.488753

     H   15        0.563765        0.642176        0.345621
     H   15        0.642176       -0.088882        0.240876
     H   15        0.345621        0.240876       -0.474883

     C   16        0.214754       -0.090434        0.051855
     C   16       -0.090434        0.253533        0.321401
     C   16        0.051855        0.321401       -0.468287

     C   17        0.350366       -0.072269        0.043095
     C   17       -0.072269        0.148656        0.336017
     C   17        0.043095        0.336017       -0.499023

     Cl  18        0.181313       -0.206908       -0.053085
     Cl  18       -0.206908       -0.046631        0.028359
     Cl  18       -0.053085        0.028359       -0.134682

     H   19       -0.509987       -0.011785        0.029002
     H   19       -0.011785        0.613202       -0.739241
     H   19        0.029002       -0.739241       -0.103215

     C   20        0.318370        0.205812        0.336505
     C   20        0.205812       -0.039180       -0.316467
     C   20        0.336505       -0.316467       -0.279190

     H   21        0.519035       -0.306261        0.724494
     H   21       -0.306261       -0.430654       -0.276617
     H   21        0.724494       -0.276617       -0.088380

     C   22        0.136768        0.245546        0.222384
     C   22        0.245546        0.165029       -0.419750
     C   22        0.222384       -0.419750       -0.301797

     C   23        0.002475        0.223081        0.334827
     C   23        0.223081        0.164479       -0.428744
     C   23        0.334827       -0.428744       -0.166954

     Cl  24        0.114341        0.212232        0.045533
     Cl  24        0.212232        0.030768        0.020798
     Cl  24        0.045533        0.020798       -0.145109

     ----- GIPAW term -----
     Cl   1        0.116337        0.950232       -0.097566
     Cl   1        0.950232        2.136198        0.010792
     Cl   1       -0.097566        0.010792       -2.252535

     C    2       -0.019278        0.045003       -0.067095
     C    2        0.045003        0.082526       -0.158539
     C    2       -0.067095       -0.158539       -0.063248

     C    3        0.014453       -0.014653        0.025372
     C    3       -0.014653        0.003357        0.037166
     C    3        0.025372        0.037166       -0.017811

     H    4       -0.000000        0.000000        0.000000
     H    4        0.000000        0.000000        0.000000
     H    4        0.000000        0.000000        0.000000

     C    5       -0.011666       -0.013966        0.003139
     C    5       -0.013966       -0.006687       -0.016401
     C    5        0.003139       -0.016401        0.018354

     H    6       -0.000000        0.000000        0.000000
     H    6        0.000000        0.000000        0.000000
     H    6        0.000000        0.000000        0.000000

     H    7       -0.000000        0.000000        0.000000
     H    7        0.000000        0.000000        0.000000
     H    7        0.000000        0.000000        0.000000

     C    8       -0.178432       -0.120427       -0.075250
     C    8       -0.120427        0.189569        0.170921
     C    8       -0.075250        0.170921       -0.011136

     H    9       -0.000000        0.000000        0.000000
     H    9        0.000000        0.000000        0.000000
     H    9        0.000000        0.000000        0.000000

     C   10       -0.119841       -0.033201       -0.045940
     C   10       -0.033201        0.138055        0.224773
     C   10       -0.045940        0.224773       -0.018215

     C   11       -0.033681        0.140571       -0.071665
     C   11        0.140571        0.105284        0.003392
     C   11       -0.071665        0.003392       -0.071603

     Cl  12        0.895323        2.223108       -0.220695
     Cl  12        2.223108        1.370449        0.366545
     Cl  12       -0.220695        0.366545       -2.265772

     H   13       -0.000000        0.000000        0.000000
     H   13        0.000000        0.000000        0.000000
     H   13        0.000000        0.000000        0.000000

     C   14       -0.012837        0.075775       -0.104974
     C   14        0.075775       -0.016396       -0.092513
     C   14       -0.104974       -0.092513        0.029233

     H   15       -0.000000        0.000000        0.000000
     H   15        0.000000        0.000000        0.000000
     H   15        0.000000        0.000000        0.000000

     C   16       -0.078514        0.055142       -0.078023
     C   16        0.055142       -0.003024       -0.103968
     C   16       -0.078023       -0.103968        0.081538

     C   17       -0.036384       -0.103999       -0.007992
     C   17       -0.103999        0.004146       -0.172205
     C   17       -0.007992       -0.172205        0.032238

     Cl  18        0.881076       -1.951797       -0.866147
     Cl  18       -1.951797       -0.366761       -0.694705
     Cl  18       -0.866147       -0.694705       -0.514316

     H   19       -0.000000        0.000000        0.000000
     H   19        0.000000        0.000000        0.000000
     H   19        0.000000        0.000000        0.000000

     C   20        0.087195        0.184847       -0.167409
     C   20        0.184847       -0.052677        0.027025
     C   20       -0.167409        0.027025       -0.034518

     H   21       -0.000000        0.000000        0.000000
     H   21        0.000000        0.000000        0.000000
     H   21        0.000000        0.000000        0.000000

     C   22       -0.141433        0.076975       -0.150809
     C   22        0.076975        0.102031       -0.144303
     C   22       -0.150809       -0.144303        0.039403

     C   23       -0.043729        0.198283       -0.095223
     C   23        0.198283        0.082209       -0.126741
     C   23       -0.095223       -0.126741       -0.038480

     Cl  24       -0.651059        1.320866       -1.264829
     Cl  24        1.320866       -0.873806       -1.368396
     Cl  24       -1.264829       -1.368396        1.524865

     ----- total EFG -----
     Cl   1        0.181162        0.962475       -0.046612
     Cl   1        0.962475        2.182509       -0.022564
     Cl   1       -0.046612       -0.022564       -2.363671

     C    2        0.198101        0.054300        0.023658
     C    2        0.054300        0.346028       -0.423724
     C    2        0.023658       -0.423724       -0.544130

     C    3        0.264323       -0.185710        0.350547
     C    3       -0.185710        0.187530        0.533496
     C    3        0.350547        0.533496       -0.451852

     H    4        0.482384        0.005551        0.620929
     H    4        0.005551       -0.402015        0.450344
     H    4        0.620929        0.450344       -0.080369

     C    5        0.344440       -0.208066       -0.004581
     C    5       -0.208066        0.037198        0.272097
     C    5       -0.004581        0.272097       -0.381637

     H    6       -0.119541       -0.064218        0.107236
     H    6       -0.064218        0.276043        0.773352
     H    6        0.107236        0.773352       -0.156502

     H    7       -0.210261        0.210024        0.252337
     H    7        0.210024        0.477063       -0.465510
     H    7        0.252337       -0.465510       -0.266802

     C    8       -0.677770       -0.229336       -0.132943
     C    8       -0.229336        0.506569        0.192173
     C    8       -0.132943        0.192173        0.171201

     H    9        0.371863       -0.143362        0.418844
     H    9       -0.143362       -0.127487       -0.480438
     H    9        0.418844       -0.480438       -0.244376

     C   10       -0.118717        0.085990       -0.026516
     C   10        0.085990        0.113301        0.429749
     C   10       -0.026516        0.429749        0.005416

     C   11       -0.281322        0.139747       -0.101558
     C   11        0.139747        0.143005       -0.119855
     C   11       -0.101558       -0.119855        0.138317

     Cl  12        1.018029        2.513607       -0.240426
     Cl  12        2.513607        1.525232        0.411896
     Cl  12       -0.240426        0.411896       -2.543261

     H   13       -0.151673        0.155308       -0.156768
     H   13        0.155308        0.410716        0.200546
     H   13       -0.156768        0.200546       -0.259043

     C   14       -0.066182        0.230961       -0.413793
     C   14        0.230961        0.172323       -0.241182
     C   14       -0.413793       -0.241182       -0.106141

     H   15        0.367073        0.153765        0.232660
     H   15        0.153765       -0.246444        0.389665
     H   15        0.232660        0.389665       -0.120629

     C   16       -0.125072        0.274577       -0.292316
     C   16        0.274577        0.069124       -0.273809
     C   16       -0.292316       -0.273809        0.055948

     C   17        0.044309        0.042614       -0.226328
     C   17        0.042614       -0.000165       -0.343854
     C   17       -0.226328       -0.343854       -0.044144

     Cl  18        1.002337       -2.139677       -1.012557
     Cl  18       -2.139677       -0.457116       -0.750691
     Cl  18       -1.012557       -0.750691       -0.545221

     H   19       -0.273752       -0.218123        0.209671
     H   19       -0.218123        0.297062       -0.180159
     H   19        0.209671       -0.180159       -0.023310

     C   20        0.311395        0.600699       -0.346308
     C   20        0.600699       -0.208289        0.156441
     C   20       -0.346308        0.156441       -0.103105

     H   21        0.467822       -0.157595        0.344075
     H   21       -0.157595       -0.241356        0.213223
     H   21        0.344075        0.213223       -0.226466

     C   22       -0.551580       -0.014931       -0.303378
     C   22       -0.014931        0.362853       -0.486086
     C   22       -0.303378       -0.486086        0.188727

     C   23       -0.027868        0.651915       -0.143711
     C   23        0.651915        0.031475       -0.088253
     C   23       -0.143711       -0.088253       -0.003608

     Cl  24       -0.774353        1.305494       -1.318773
     Cl  24        1.305494       -0.923910       -1.437058
     Cl  24       -1.318773       -1.437058        1.698262

     ----- total EFG (symmetrized) -----
     Cl   1        0.181162        0.962475       -0.046612
     Cl   1        0.962475        2.182509       -0.022564
     Cl   1       -0.046612       -0.022564       -2.363671

     C    2        0.198101        0.054300        0.023658
     C    2        0.054300        0.346028       -0.423724
     C    2        0.023658       -0.423724       -0.544130

     C    3        0.264323       -0.185710        0.350547
     C    3       -0.185710        0.187530        0.533496
     C    3        0.350547        0.533496       -0.451852

     H    4        0.482384        0.005551        0.620929
     H    4        0.005551       -0.402015        0.450344
     H    4        0.620929        0.450344       -0.080369

     C    5        0.344440       -0.208066       -0.004581
     C    5       -0.208066        0.037198        0.272097
     C    5       -0.004581        0.272097       -0.381637

     H    6       -0.119541       -0.064218        0.107236
     H    6       -0.064218        0.276043        0.773352
     H    6        0.107236        0.773352       -0.156502

     H    7       -0.210261        0.210024        0.252337
     H    7        0.210024        0.477063       -0.465510
     H    7        0.252337       -0.465510       -0.266802

     C    8       -0.677770       -0.229336       -0.132943
     C    8       -0.229336        0.506569        0.192173
     C    8       -0.132943        0.192173        0.171201

     H    9        0.371863       -0.143362        0.418844
     H    9       -0.143362       -0.127487       -0.480438
     H    9        0.418844       -0.480438       -0.244376

     C   10       -0.118717        0.085990       -0.026516
     C   10        0.085990        0.113301        0.429749
     C   10       -0.026516        0.429749        0.005416

     C   11       -0.281322        0.139747       -0.101558
     C   11        0.139747        0.143005       -0.119855
     C   11       -0.101558       -0.119855        0.138317

     Cl  12        1.018029        2.513607       -0.240426
     Cl  12        2.513607        1.525232        0.411896
     Cl  12       -0.240426        0.411896       -2.543261

     H   13       -0.151673        0.155308       -0.156768
     H   13        0.155308        0.410716        0.200546
     H   13       -0.156768        0.200546       -0.259043

     C   14       -0.066182        0.230961       -0.413793
     C   14        0.230961        0.172323       -0.241182
     C   14       -0.413793       -0.241182       -0.106141

     H   15        0.367073        0.153765        0.232660
     H   15        0.153765       -0.246444        0.389665
     H   15        0.232660        0.389665       -0.120629

     C   16       -0.125072        0.274577       -0.292316
     C   16        0.274577        0.069124       -0.273809
     C   16       -0.292316       -0.273809        0.055948

     C   17        0.044309        0.042614       -0.226328
     C   17        0.042614       -0.000165       -0.343854
     C   17       -0.226328       -0.343854       -0.044144

     Cl  18        1.002337       -2.139677       -1.012557
     Cl  18       -2.139677       -0.457116       -0.750691
     Cl  18       -1.012557       -0.750691       -0.545221

     H   19       -0.273752       -0.218123        0.209671
     H   19       -0.218123        0.297062       -0.180159
     H   19        0.209671       -0.180159       -0.023310

     C   20        0.311395        0.600699       -0.346308
     C   20        0.600699       -0.208289        0.156441
     C   20       -0.346308        0.156441       -0.103105

     H   21        0.467822       -0.157595        0.344075
     H   21       -0.157595       -0.241356        0.213223
     H   21        0.344075        0.213223       -0.226466

     C   22       -0.551580       -0.014931       -0.303378
     C   22       -0.014931        0.362853       -0.486086
     C   22       -0.303378       -0.486086        0.188727

     C   23       -0.027868        0.651915       -0.143711
     C   23        0.651915        0.031475       -0.088253
     C   23       -0.143711       -0.088253       -0.003608

     Cl  24       -0.774353        1.305494       -1.318773
     Cl  24        1.305494       -0.923910       -1.437058
     Cl  24       -1.318773       -1.437058        1.698262


     NQR/NMR SPECTROSCOPIC PARAMETERS:
     Cl   1    Vxx=   -0.2060    axis=(  0.927355 -0.373836 -0.016124)
     Cl   1    Vyy=   -2.3645    axis=( -0.017861 -0.001181 -0.999840)
     Cl   1    Vzz=    2.5706    axis=(  0.373757  0.927494 -0.007772)
     Cl   1  Q=        -8.1650 1e-30 m^2  Cq=       -49.3147 MHz  eta= 0.83971

     C    2    Vxx=    0.1947    axis=(  0.990637 -0.102307  0.090400)
     C    2    Vyy=    0.5209    axis=(  0.128493  0.922434 -0.364150)
     C    2    Vzz=   -0.7155    axis=( -0.046133  0.372356  0.926943)
     C    2  Q=         1.0000 1e-30 m^2  Cq=        -1.6812 MHz  eta= 0.45591

     C    3    Vxx=    0.3993    axis=(  0.939238 -0.260476  0.223570)
     C    3    Vyy=    0.4910    axis=(  0.110962  0.846723  0.520335)
     C    3    Vzz=   -0.8903    axis=( -0.324836 -0.463911  0.824177)
     C    3  Q=         1.0000 1e-30 m^2  Cq=        -2.0919 MHz  eta= 0.10308

     H    4    Vxx=   -0.0973    axis=(  0.523003 -0.702944 -0.482013)
     H    4    Vyy=   -0.8355    axis=(  0.308817  0.683381 -0.661530)
     H    4    Vzz=    0.9328    axis=( -0.794418 -0.197129 -0.574492)
     H    4  Q=         1.0000 1e-30 m^2  Cq=         2.1917 MHz  eta= 0.79129

     C    5    Vxx=    0.0540    axis=(  0.525682  0.723978  0.446671)
     C    5    Vyy=    0.4710    axis=(  0.843973 -0.509666 -0.167182)
     C    5    Vzz=   -0.5250    axis=( -0.106617 -0.464862  0.878940)
     C    5  Q=         1.0000 1e-30 m^2  Cq=        -1.2335 MHz  eta= 0.79430

     H    6    Vxx=   -0.0959    axis=(  0.981980 -0.125060  0.141688)
     H    6    Vyy=   -0.7671    axis=(  0.188464  0.592342 -0.783334)
     H    6    Vzz=    0.8630    axis=(  0.014036  0.795921  0.605237)
     H    6  Q=         1.0000 1e-30 m^2  Cq=         2.0277 MHz  eta= 0.77777

     H    7    Vxx=   -0.0088    axis=(  0.830645  0.153682  0.535173)
     H    7    Vyy=   -0.6998    axis=( -0.548589  0.390361  0.739371)
     H    7    Vzz=    0.7086    axis=( -0.095282 -0.907745  0.408560)
     H    7  Q=         1.0000 1e-30 m^2  Cq=         1.6650 MHz  eta= 0.97509

     C    8    Vxx=    0.0846    axis=( -0.029034 -0.427311  0.903638)
     C    8    Vyy=    0.6465    axis=( -0.195521  0.888984  0.414100)
     C    8    Vzz=   -0.7311    axis=( -0.980270 -0.164657 -0.109359)
     C    8  Q=         1.0000 1e-30 m^2  Cq=        -1.7178 MHz  eta= 0.76858

     H    9    Vxx=   -0.0203    axis=(  0.623079  0.703055 -0.342764)
     H    9    Vyy=   -0.7203    axis=( -0.224082  0.580312  0.782959)
     H    9    Vzz=    0.7406    axis=(  0.749373 -0.411038  0.519122)
     H    9  Q=         1.0000 1e-30 m^2  Cq=         1.7402 MHz  eta= 0.94515

     C   10    Vxx=   -0.1008    axis=(  0.959860  0.121701 -0.252702)
     C   10    Vyy=   -0.3953    axis=( -0.269716  0.647714 -0.712545)
     C   10    Vzz=    0.4961    axis=( -0.076961 -0.752100 -0.654539)
     C   10  Q=         1.0000 1e-30 m^2  Cq=         1.1656 MHz  eta= 0.59350

     C   11    Vxx=    0.0223    axis=(  0.059286  0.667933  0.741856)
     C   11    Vyy=    0.3101    axis=( -0.278465 -0.702597  0.654840)
     C   11    Vzz=   -0.3324    axis=( -0.958615  0.245403 -0.144342)
     C   11  Q=         1.0000 1e-30 m^2  Cq=        -0.7810 MHz  eta= 0.86588

     Cl  12    Vxx=   -1.1109    axis=( -0.713107  0.632828  0.301674)
     Cl  12    Vyy=   -2.6904    axis=(  0.209644 -0.218129  0.953136)
     Cl  12    Vzz=    3.8013    axis=( -0.668975 -0.742933 -0.022881)
     Cl  12  Q=        -8.1650 1e-30 m^2  Cq=       -72.9260 MHz  eta= 0.41552

     H   13    Vxx=   -0.0398    axis=(  0.806738 -0.015153 -0.590716)
     H   13    Vyy=   -0.4461    axis=(  0.563027 -0.283744  0.776202)
     H   13    Vzz=    0.4859    axis=( -0.179373 -0.958780 -0.220376)
     H   13  Q=         1.0000 1e-30 m^2  Cq=         1.1416 MHz  eta= 0.83617

     C   14    Vxx=   -0.0920    axis=(  0.470200 -0.782800 -0.407599)
     C   14    Vyy=   -0.5009    axis=(  0.681269  0.028335  0.731485)
     C   14    Vzz=    0.5929    axis=( -0.561057 -0.621628  0.546620)
     C   14  Q=         1.0000 1e-30 m^2  Cq=         1.3930 MHz  eta= 0.68968

     H   15    Vxx=    0.0022    axis=(  0.602042 -0.543819 -0.584642)
     H   15    Vyy=    0.5773    axis=( -0.797477 -0.373128 -0.474138)
     H   15    Vzz=   -0.5796    axis=( -0.039699 -0.751689  0.658322)
     H   15  Q=         1.0000 1e-30 m^2  Cq=        -1.3618 MHz  eta= 0.99226

     C   16    Vxx=   -0.2099    axis=(  0.082640 -0.738241 -0.669456)
     C   16    Vyy=   -0.3582    axis=( -0.861727  0.284498 -0.420104)
     C   16    Vzz=    0.5681    axis=(  0.500597  0.611606 -0.612651)
     C   16  Q=         1.0000 1e-30 m^2  Cq=         1.3349 MHz  eta= 0.26107

     C   17    Vxx=   -0.0086    axis=(  0.827721 -0.554029  0.089049)
     C   17    Vyy=   -0.4119    axis=(  0.314280  0.589179  0.744376)
     C   17    Vzz=    0.4204    axis=( -0.464872 -0.588150  0.661796)
     C   17  Q=         1.0000 1e-30 m^2  Cq=         0.9878 MHz  eta= 0.95926

     Cl  18    Vxx=    0.0872    axis=( -0.178276 -0.482161  0.857752)
     Cl  18    Vyy=    2.5864    axis=( -0.825935  0.547141  0.135896)
     Cl  18    Vzz=   -2.6736    axis=( -0.534836 -0.684220 -0.495776)
     Cl  18  Q=        -8.1650 1e-30 m^2  Cq=        51.2913 MHz  eta= 0.93476

     H   19    Vxx=   -0.0765    axis=(  0.258361  0.537816  0.802498)
     H   19    Vyy=   -0.4106    axis=( -0.897591 -0.173500  0.405252)
     H   19    Vzz=    0.4871    axis=(  0.357184 -0.825016  0.437913)
     H   19  Q=         1.0000 1e-30 m^2  Cq=         1.1445 MHz  eta= 0.68573

     C   20    Vxx=    0.0066    axis=( -0.039302  0.513959  0.856914)
     C   20    Vyy=    0.7587    axis=(  0.840061  0.481360 -0.250180)
     C   20    Vzz=   -0.7653    axis=( -0.541066  0.710028 -0.450675)
     C   20  Q=         1.0000 1e-30 m^2  Cq=        -1.7982 MHz  eta= 0.98273

     H   21    Vxx=   -0.0438    axis=(  0.164392 -0.781195 -0.602254)
     H   21    Vyy=   -0.5709    axis=(  0.329997  0.618935 -0.712756)
     H   21    Vzz=    0.6147    axis=(  0.929558 -0.081570  0.359540)
     H   21  Q=         1.0000 1e-30 m^2  Cq=         1.4444 MHz  eta= 0.85747

     C   22    Vxx=   -0.0987    axis=( -0.440111  0.644400  0.625340)
     C   22    Vyy=   -0.6970    axis=( -0.886863 -0.202878 -0.415108)
     C   22    Vzz=    0.7957    axis=( -0.140628 -0.737285  0.660783)
     C   22  Q=         1.0000 1e-30 m^2  Cq=         1.8695 MHz  eta= 0.75201

     C   23    Vxx=   -0.0390    axis=(  0.108541  0.212242  0.971170)
     C   23    Vyy=   -0.6537    axis=( -0.727161  0.683089 -0.068014)
     C   23    Vzz=    0.6927    axis=( -0.677831 -0.698815  0.228478)
     C   23  Q=         1.0000 1e-30 m^2  Cq=         1.6275 MHz  eta= 0.88752

     Cl  24    Vxx=   -0.9578    axis=(  0.633266  0.504161  0.587193)
     Cl  24    Vyy=   -2.1648    axis=( -0.653869  0.754425  0.057428)
     Cl  24    Vzz=    3.1226    axis=( -0.414040 -0.420315  0.807407)
     Cl  24  Q=        -8.1650 1e-30 m^2  Cq=       -59.9060 MHz  eta= 0.38652

     Initialization:
     gipaw_setup  :      9.16s CPU     10.88s WALL (       1 calls)

     Linear response

     Apply operators

     Induced current

     Other routines
     efg          :      9.57s CPU     11.98s WALL (       1 calls)

     General routines
     calbec       :      3.29s CPU      4.02s WALL (      16 calls)
     fft          :      1.63s CPU      2.59s WALL (      15 calls)
     ffts         :      0.04s CPU      0.05s WALL (       2 calls)
     fftw         :      3.52s CPU      4.66s WALL (     672 calls)
     davcio       :      0.03s CPU      0.33s WALL (      32 calls)

     Parallel routines
     fft_scatter  :      2.61s CPU      4.43s WALL (     689 calls)

     Plugins

     GIPAW        :     60.73s CPU     75.83s WALL (       1 calls)
