
     Program QE v.6.0 (svn rev. 13079) starts on 28Dec2016 at  4:39: 6 

     This program is part of the open-source Quantum ESPRESSO suite
     for quantum simulation of materials; please cite
         "P. Giannozzi et al., J. Phys.:Condens. Matter 21 395502 (2009);
          URL http://www.quantum-espresso.org", 
     in publications or presentations arising from this work. More details at
     http://www.quantum-espresso.org/quote

     Parallel version (MPI), running on     8 processors
     R & G space division:  proc/nbgrp/npool/nimage =       8

     ***** This is GIPAW svn revision unknown      *****

     Parallelizing q-star over 1 images

     Reading data from directory:
     /users/majewski/paradichlorobenzene/pbe/9_constraint/scratch/pbe.ecut100.np8.dt60.pcl2phi-129368.save
     Message from routine read_xml_file:
     file /users/majewski/paradichlorobenzene/pbe/9_constraint/scratch/pbe.ecut100.np8.dt60.pcl2phi-129368.save not guaranteed to be safe for post-processing

   Info: using nr1, nr2, nr3 values from input

   Info: using nr1, nr2, nr3 values from input

     IMPORTANT: XC functional enforced from input :
     Exchange-correlation      =  SLA  PW   PBX  PBC ( 1  4  3  4 0 0)
     Any further DFT definition will be discarded
     Please, verify this is what you really want

               file C.pbe-n-kjpaw_psl.1.0.0.UPF: wavefunction(s)  2S 2P renormalized
               file Cl.pbe-n-kjpaw_psl.1.0.0.UPF: wavefunction(s)  3S 3P renormalized
               file H.pbe-kjpaw_psl.1.0.0.UPF: wavefunction(s)  1S renormalized

     Parallelization info
     --------------------
     sticks:   dense  smooth     PW     G-vecs:    dense   smooth      PW
     Min        3057    1223    332               144436    36536    5170
     Max        3059    1225    333               144437    36537    5171
     Sum       24467    9791   2657              1155489   292295   41363


     Subspace diagonalization in iterative solution of the eigenvalue problem:
     a serial algorithm will be used

     GIPAW projectors -----------------------------------------------
     atom=  C    l=0  rc=    1.2000  rs=    0.8000
     atom=  C    l=0  rc=    1.2000  rs=    0.8000
     atom=  C    l=1  rc=    1.4000  rs=    0.9333
     atom=  C    l=1  rc=    1.4000  rs=    0.9333
     projs nearly linearly dependent: l=1  n1,n2= 1, 2  s=  0.99951561

     atom=  Cl   l=0  rc=    1.6000  rs=    1.0667
     atom=  Cl   l=0  rc=    1.6000  rs=    1.0667
     atom=  Cl   l=1  rc=    1.6000  rs=    1.0667
     atom=  Cl   l=1  rc=    1.6000  rs=    1.0667
     atom=  Cl   l=2  rc=    1.6000  rs=    1.0667
     atom=  Cl   l=2  rc=    1.6000  rs=    1.0667
     projs nearly linearly dependent: l=2  n1,n2= 1, 2  s=  0.99993509

     atom=  H    l=0  rc=    1.0000  rs=    0.6667
     atom=  H    l=0  rc=    1.0000  rs=    0.6667
     projs nearly linearly dependent: l=0  n1,n2= 1, 2  s=  0.99968852
     -----------------------------------------------------------------

     GIPAW integrals: -------------------------------------------
     Atom  i/j   nmr_para   nmr_dia   epr_rmc  epr_para   epr_dia
       C   1 1   0.83E+03  0.17E-01  0.93E+01  0.24E+08  0.24E+03
       C   2 1   0.86E+03 -0.61E-01  0.94E+01  0.25E+08  0.25E+03
       C   2 2   0.90E+03 -0.15E+00  0.97E+01  0.26E+08  0.26E+03
       C   3 3   0.33E+01  0.34E+00  0.18E+01  0.55E+03  0.21E+02
       C   4 3   0.35E+01  0.37E+00  0.20E+01  0.59E+03  0.22E+02
       C   4 4   0.38E+01  0.39E+00  0.22E+01  0.63E+03  0.24E+02
       Cl  1 1   0.14E+04 -0.47E+00  0.84E+01  0.32E+09  0.42E+03
       Cl  2 1   0.21E+04 -0.37E+00  0.12E+02  0.49E+09  0.65E+03
       Cl  2 2   0.33E+04 -0.16E+00  0.21E+02  0.76E+09  0.10E+04
       Cl  3 3   0.21E+02  0.79E-01  0.89E+01  0.23E+05  0.13E+03
       Cl  4 3   0.24E+02  0.67E-01  0.99E+01  0.27E+05  0.15E+03
       Cl  4 4   0.28E+02  0.44E-01  0.11E+02  0.32E+05  0.18E+03
       Cl  5 5   0.77E+00  0.19E+00  0.18E+01  0.12E+03  0.22E+02
       Cl  6 5   0.80E+00  0.19E+00  0.19E+01  0.12E+03  0.23E+02
       Cl  6 6   0.83E+00  0.20E+00  0.19E+01  0.12E+03  0.23E+02
       H   1 1   0.39E+02  0.19E+00  0.29E+00  0.78E+05  0.13E+02
       H   2 1   0.41E+02  0.21E+00  0.32E+00  0.82E+05  0.14E+02
       H   2 2   0.43E+02  0.22E+00  0.36E+00  0.86E+05  0.15E+02
     ------------------------------------------------------------

     alpha_pv=     33.9899 eV

     Number of occupied bands for each k-point:
     k-point:     1    nbnd_occ=  42
     k-point:     2    nbnd_occ=  42
     k-point:     3    nbnd_occ=  42
     k-point:     4    nbnd_occ=  42
     k-point:     5    nbnd_occ=  42
     k-point:     6    nbnd_occ=  42
     k-point:     7    nbnd_occ=  42
     k-point:     8    nbnd_occ=  42
     k-point:     9    nbnd_occ=  42
     k-point:    10    nbnd_occ=  42
     k-point:    11    nbnd_occ=  42
     k-point:    12    nbnd_occ=  42
     k-point:    13    nbnd_occ=  42
     k-point:    14    nbnd_occ=  42
     k-point:    15    nbnd_occ=  42
     k-point:    16    nbnd_occ=  42


     q-space interpolation up to   110.00 Rydberg

     GIPAW job: efg                                                                             


     ELECTRIC FIELD GRADIENTS TENSORS IN Hartree/bohrradius^2:

     ----- bare term -----
     Cl   1       -0.066625        0.010406       -0.038069
     Cl   1        0.010406       -0.050007       -0.014730
     Cl   1       -0.038069       -0.014730        0.116631

     C    2       -0.197931        0.022175       -0.426308
     C    2        0.022175       -0.047884       -0.462576
     C    2       -0.426308       -0.462576        0.245814

     C    3        0.105765        0.553792       -0.147504
     C    3        0.553792       -0.333882       -0.473127
     C    3       -0.147504       -0.473127        0.228118

     H    4        0.028333       -0.146281       -0.344653
     H    4       -0.146281        0.392253        0.146347
     H    4       -0.344653        0.146347       -0.420586

     C    5       -0.479148        0.362971       -0.495550
     C    5        0.362971        0.307829       -0.243488
     C    5       -0.495550       -0.243488        0.171319

     H    6        0.099276       -0.047082        0.377745
     H    6       -0.047082        0.044215       -0.375620
     H    6        0.377745       -0.375620       -0.143492

     H    7        0.468431        0.111475       -0.028432
     H    7        0.111475       -0.644851        0.145453
     H    7       -0.028432        0.145453        0.176420

     C    8       -0.561662       -0.101473       -0.346500
     C    8       -0.101473       -0.017764        0.337092
     C    8       -0.346500        0.337092        0.579426

     H    9       -0.514431        0.316359       -0.004247
     H    9        0.316359        0.411384        0.087082
     H    9       -0.004247        0.087082        0.103047

     C   10       -0.099025       -0.321936       -0.067001
     C   10       -0.321936       -0.536194        0.473001
     C   10       -0.067001        0.473001        0.635220

     C   11       -0.504395       -0.123589       -0.341545
     C   11       -0.123589        0.074398        0.242498
     C   11       -0.341545        0.242498        0.429997

     Cl  12       -0.046643       -0.015002       -0.139400
     Cl  12       -0.015002       -0.064513        0.098911
     Cl  12       -0.139400        0.098911        0.111156

     H   13        0.420597       -0.023896        0.186696
     H   13       -0.023896        0.152242       -0.168262
     H   13        0.186696       -0.168262       -0.572840

     C   14       -0.303690        0.245878       -0.185725
     C   14        0.245878       -0.022655       -0.344028
     C   14       -0.185725       -0.344028        0.326345

     H   15        0.161637       -0.063695       -0.268392
     H   15       -0.063695        0.371815        0.100226
     H   15       -0.268392        0.100226       -0.533452

     C   16       -0.117780        0.165671       -0.146916
     C   16        0.165671       -0.021198       -0.173140
     C   16       -0.146916       -0.173140        0.138978

     C   17       -0.074367        0.269303       -0.081489
     C   17        0.269303       -0.439417       -0.459388
     C   17       -0.081489       -0.459388        0.513784

     Cl  18       -0.049102        0.070532       -0.098515
     Cl  18        0.070532        0.029331       -0.118112
     Cl  18       -0.098515       -0.118112        0.019771

     H   19        0.381465        0.293022        0.015911
     H   19        0.293022       -0.704104        0.179366
     H   19        0.015911        0.179366        0.322638

     C   20       -0.181122       -0.376568       -0.242312
     C   20       -0.376568       -0.168814        0.453496
     C   20       -0.242312        0.453496        0.349936

     H   21       -0.538497        0.496986       -0.004992
     H   21        0.496986        0.222114       -0.024671
     H   21       -0.004992       -0.024671        0.316382

     C   22       -0.111916       -0.210539       -0.430317
     C   22       -0.210539       -0.156225        0.461126
     C   22       -0.430317        0.461126        0.268141

     C   23       -0.119666       -0.211791       -0.288919
     C   23       -0.211791       -0.182401        0.520815
     C   23       -0.288919        0.520815        0.302068

     Cl  24       -0.021462       -0.001586       -0.055689
     Cl  24       -0.001586       -0.010647        0.043604
     Cl  24       -0.055689        0.043604        0.032109

     ----- ionic term -----
     Cl   1        0.146995       -0.219324        0.036168
     Cl   1       -0.219324       -0.007888       -0.017916
     Cl   1        0.036168       -0.017916       -0.139107

     C    2        0.072569       -0.318121        0.307236
     C    2       -0.318121       -0.038425        0.382426
     C    2        0.307236        0.382426       -0.034144

     C    3        0.114291       -0.384268        0.206974
     C    3       -0.384268        0.043955        0.388289
     C    3        0.206974        0.388289       -0.158245

     H    4        0.438722        0.194928        0.761378
     H    4        0.194928       -0.497356        0.237077
     H    4        0.761378        0.237077        0.058634

     C    5        0.234395       -0.381627        0.315404
     C    5       -0.381627       -0.075387        0.250575
     C    5        0.315404        0.250575       -0.159008

     H    6       -0.498656       -0.137957       -0.062778
     H    6       -0.137957        0.398750        0.769680
     H    6       -0.062778        0.769680        0.099906

     H    7       -0.493463       -0.154716        0.085031
     H    7       -0.154716        0.768098       -0.617137
     H    7        0.085031       -0.617137       -0.274635

     C    8        0.365741        0.087704        0.218816
     C    8        0.087704        0.089662       -0.281638
     C    8        0.218816       -0.281638       -0.455404

     H    9        0.755406       -0.380123        0.507826
     H    9       -0.380123       -0.378444       -0.223281
     H    9        0.507826       -0.223281       -0.376962

     C   10        0.197245        0.180919        0.135578
     C   10        0.180919        0.209999       -0.352336
     C   10        0.135578       -0.352336       -0.407244

     C   11        0.330863        0.058849        0.216492
     C   11        0.058849        0.075961       -0.365422
     C   11        0.216492       -0.365422       -0.406824

     Cl  12        0.169032        0.180377       -0.005492
     Cl  12        0.180377       -0.033433       -0.008622
     Cl  12       -0.005492       -0.008622       -0.135599

     H   13       -0.543699       -0.061300       -0.053324
     H   13       -0.061300        0.249086        0.794075
     H   13       -0.053324        0.794075        0.294614

     C   14        0.151787       -0.328201        0.314487
     C   14       -0.328201       -0.112336        0.258229
     C   14        0.314487        0.258229       -0.039451

     H   15        0.252792        0.135044        0.810868
     H   15        0.135044       -0.533400        0.197307
     H   15        0.810868        0.197307        0.280608

     C   16        0.055917       -0.369000        0.202114
     C   16       -0.369000       -0.008091        0.362633
     C   16        0.202114        0.362633       -0.047826

     C   17        0.070050       -0.358732        0.255230
     C   17       -0.358732       -0.013091        0.394201
     C   17        0.255230        0.394201       -0.056959

     Cl  18        0.091736       -0.244089        0.002534
     Cl  18       -0.244089        0.052276        0.000507
     Cl  18        0.002534        0.000507       -0.144011

     H   19       -0.514565       -0.119622        0.045012
     H   19       -0.119622        0.803756       -0.596539
     H   19        0.045012       -0.596539       -0.289191

     C   20        0.344885        0.074503        0.205748
     C   20        0.074503        0.073198       -0.290719
     C   20        0.205748       -0.290719       -0.418083

     H   21        0.671903       -0.425135        0.546357
     H   21       -0.425135       -0.352698       -0.251583
     H   21        0.546357       -0.251583       -0.319205

     C   22        0.168525        0.107112        0.140643
     C   22        0.107112        0.219773       -0.375477
     C   22        0.140643       -0.375477       -0.388299

     C   23        0.302526        0.091065        0.217481
     C   23        0.091065        0.161048       -0.371648
     C   23        0.217481       -0.371648       -0.463573

     Cl  24        0.137195        0.221603       -0.000542
     Cl  24        0.221603        0.021232       -0.006727
     Cl  24       -0.000542       -0.006727       -0.158427

     ----- GIPAW term -----
     Cl   1        0.912492       -2.233467       -0.257567
     Cl   1       -2.233467       -0.262429       -0.140005
     Cl   1       -0.257567       -0.140005       -0.650062

     C    2        0.071709       -0.100792       -0.069404
     C    2       -0.100792        0.005182       -0.061519
     C    2       -0.069404       -0.061519       -0.076891

     C    3        0.087144        0.202665       -0.118116
     C    3        0.202665       -0.055117       -0.126018
     C    3       -0.118116       -0.126018       -0.032026

     H    4       -0.000000        0.000000        0.000000
     H    4        0.000000        0.000000        0.000000
     H    4        0.000000        0.000000        0.000000

     C    5       -0.003430        0.223456       -0.094435
     C    5        0.223456        0.111490       -0.046304
     C    5       -0.094435       -0.046304       -0.108061

     H    6       -0.000000        0.000000        0.000000
     H    6        0.000000        0.000000        0.000000
     H    6        0.000000        0.000000        0.000000

     H    7       -0.000000        0.000000        0.000000
     H    7        0.000000        0.000000        0.000000
     H    7        0.000000        0.000000        0.000000

     C    8       -0.138406        0.002532        0.015624
     C    8        0.002532       -0.076542        0.078662
     C    8        0.015624        0.078662        0.214948

     H    9       -0.000000        0.000000        0.000000
     H    9        0.000000        0.000000        0.000000
     H    9        0.000000        0.000000        0.000000

     C   10       -0.103755       -0.043610        0.019686
     C   10       -0.043610       -0.173938        0.017825
     C   10        0.019686        0.017825        0.277693

     C   11       -0.081179        0.059399       -0.001108
     C   11        0.059399        0.020964       -0.087022
     C   11       -0.001108       -0.087022        0.060215

     Cl  12        0.840807        1.620402       -1.589164
     Cl  12        1.620402       -0.820122        0.912157
     Cl  12       -1.589164        0.912157       -0.020685

     H   13       -0.000000        0.000000        0.000000
     H   13        0.000000        0.000000        0.000000
     H   13        0.000000        0.000000        0.000000

     C   14       -0.113707        0.051693       -0.069359
     C   14        0.051693       -0.059975       -0.168145
     C   14       -0.069359       -0.168145        0.173682

     H   15       -0.000000        0.000000        0.000000
     H   15        0.000000        0.000000        0.000000
     H   15        0.000000        0.000000        0.000000

     C   16       -0.079481        0.012025       -0.050453
     C   16        0.012025       -0.036654       -0.065170
     C   16       -0.050453       -0.065170        0.116135

     C   17        0.031025       -0.058565        0.107685
     C   17       -0.058565       -0.159232       -0.051671
     C   17        0.107685       -0.051671        0.128207

     Cl  18        0.859648       -1.513489       -0.756784
     Cl  18       -1.513489        0.446361       -1.080770
     Cl  18       -0.756784       -1.080770       -1.306009

     H   19       -0.000000        0.000000        0.000000
     H   19        0.000000        0.000000        0.000000
     H   19        0.000000        0.000000        0.000000

     C   20        0.010676       -0.157040       -0.042720
     C   20       -0.157040        0.001115        0.120755
     C   20       -0.042720        0.120755       -0.011791

     H   21       -0.000000        0.000000        0.000000
     H   21        0.000000        0.000000        0.000000
     H   21        0.000000        0.000000        0.000000

     C   22        0.059683       -0.114270       -0.216754
     C   22       -0.114270       -0.052528        0.123918
     C   22       -0.216754        0.123918       -0.007154

     C   23        0.104347        0.052197       -0.077919
     C   23        0.052197       -0.042584        0.093105
     C   23       -0.077919        0.093105       -0.061762

     Cl  24        1.267016        2.219523       -0.469994
     Cl  24        2.219523       -0.024725        0.338824
     Cl  24       -0.469994        0.338824       -1.242291

     ----- total EFG -----
     Cl   1        0.992862       -2.442385       -0.259468
     Cl   1       -2.442385       -0.320324       -0.172650
     Cl   1       -0.259468       -0.172650       -0.672538

     C    2       -0.053653       -0.396738       -0.188476
     C    2       -0.396738       -0.081126       -0.141668
     C    2       -0.188476       -0.141668        0.134779

     C    3        0.307199        0.372189       -0.058646
     C    3        0.372189       -0.345045       -0.210856
     C    3       -0.058646       -0.210856        0.037846

     H    4        0.467056        0.048647        0.416725
     H    4        0.048647       -0.105103        0.383423
     H    4        0.416725        0.383423       -0.361952

     C    5       -0.248183        0.204800       -0.274580
     C    5        0.204800        0.343932       -0.039217
     C    5       -0.274580       -0.039217       -0.095749

     H    6       -0.399379       -0.185039        0.314967
     H    6       -0.185039        0.442966        0.394060
     H    6        0.314967        0.394060       -0.043586

     H    7       -0.025031       -0.043241        0.056600
     H    7       -0.043241        0.123246       -0.471684
     H    7        0.056600       -0.471684       -0.098215

     C    8       -0.334326       -0.011236       -0.112060
     C    8       -0.011236       -0.004644        0.134115
     C    8       -0.112060        0.134115        0.338970

     H    9        0.240975       -0.063764        0.503579
     H    9       -0.063764        0.032940       -0.136199
     H    9        0.503579       -0.136199       -0.273915

     C   10       -0.005536       -0.184627        0.088263
     C   10       -0.184627       -0.500133        0.138491
     C   10        0.088263        0.138491        0.505669

     C   11       -0.254711       -0.005341       -0.126161
     C   11       -0.005341        0.171322       -0.209945
     C   11       -0.126161       -0.209945        0.083388

     Cl  12        0.963196        1.785777       -1.734056
     Cl  12        1.785777       -0.918067        1.002446
     Cl  12       -1.734056        1.002446       -0.045129

     H   13       -0.123102       -0.085196        0.133372
     H   13       -0.085196        0.401328        0.625814
     H   13        0.133372        0.625814       -0.278226

     C   14       -0.265609       -0.030630        0.059403
     C   14       -0.030630       -0.194967       -0.253943
     C   14        0.059403       -0.253943        0.460576

     H   15        0.414429        0.071349        0.542476
     H   15        0.071349       -0.161585        0.297534
     H   15        0.542476        0.297534       -0.252844

     C   16       -0.141344       -0.191304        0.004745
     C   16       -0.191304       -0.065943        0.124324
     C   16        0.004745        0.124324        0.207287

     C   17        0.026708       -0.147994        0.281426
     C   17       -0.147994       -0.611740       -0.116857
     C   17        0.281426       -0.116857        0.585032

     Cl  18        0.902282       -1.687047       -0.852765
     Cl  18       -1.687047        0.527968       -1.198375
     Cl  18       -0.852765       -1.198375       -1.430250

     H   19       -0.133099        0.173400        0.060923
     H   19        0.173400        0.099652       -0.417173
     H   19        0.060923       -0.417173        0.033447

     C   20        0.174439       -0.459105       -0.079284
     C   20       -0.459105       -0.094501        0.283533
     C   20       -0.079284        0.283533       -0.079938

     H   21        0.133407        0.071851        0.541365
     H   21        0.071851       -0.130584       -0.276254
     H   21        0.541365       -0.276254       -0.002823

     C   22        0.116292       -0.217696       -0.506428
     C   22       -0.217696        0.011020        0.209567
     C   22       -0.506428        0.209567       -0.127312

     C   23        0.287206       -0.068529       -0.149358
     C   23       -0.068529       -0.063938        0.242272
     C   23       -0.149358        0.242272       -0.223268

     Cl  24        1.382749        2.439540       -0.526226
     Cl  24        2.439540       -0.014140        0.375700
     Cl  24       -0.526226        0.375700       -1.368609

     ----- total EFG (symmetrized) -----
     Cl   1        0.992862       -2.442385       -0.259468
     Cl   1       -2.442385       -0.320324       -0.172650
     Cl   1       -0.259468       -0.172650       -0.672538

     C    2       -0.053653       -0.396738       -0.188476
     C    2       -0.396738       -0.081126       -0.141668
     C    2       -0.188476       -0.141668        0.134779

     C    3        0.307199        0.372189       -0.058646
     C    3        0.372189       -0.345045       -0.210856
     C    3       -0.058646       -0.210856        0.037846

     H    4        0.467056        0.048647        0.416725
     H    4        0.048647       -0.105103        0.383423
     H    4        0.416725        0.383423       -0.361952

     C    5       -0.248183        0.204800       -0.274580
     C    5        0.204800        0.343932       -0.039217
     C    5       -0.274580       -0.039217       -0.095749

     H    6       -0.399379       -0.185039        0.314967
     H    6       -0.185039        0.442966        0.394060
     H    6        0.314967        0.394060       -0.043586

     H    7       -0.025031       -0.043241        0.056600
     H    7       -0.043241        0.123246       -0.471684
     H    7        0.056600       -0.471684       -0.098215

     C    8       -0.334326       -0.011236       -0.112060
     C    8       -0.011236       -0.004644        0.134115
     C    8       -0.112060        0.134115        0.338970

     H    9        0.240975       -0.063764        0.503579
     H    9       -0.063764        0.032940       -0.136199
     H    9        0.503579       -0.136199       -0.273915

     C   10       -0.005536       -0.184627        0.088263
     C   10       -0.184627       -0.500133        0.138491
     C   10        0.088263        0.138491        0.505669

     C   11       -0.254711       -0.005341       -0.126161
     C   11       -0.005341        0.171322       -0.209945
     C   11       -0.126161       -0.209945        0.083388

     Cl  12        0.963196        1.785777       -1.734056
     Cl  12        1.785777       -0.918067        1.002446
     Cl  12       -1.734056        1.002446       -0.045129

     H   13       -0.123102       -0.085196        0.133372
     H   13       -0.085196        0.401328        0.625814
     H   13        0.133372        0.625814       -0.278226

     C   14       -0.265609       -0.030630        0.059403
     C   14       -0.030630       -0.194967       -0.253943
     C   14        0.059403       -0.253943        0.460576

     H   15        0.414429        0.071349        0.542476
     H   15        0.071349       -0.161585        0.297534
     H   15        0.542476        0.297534       -0.252844

     C   16       -0.141344       -0.191304        0.004745
     C   16       -0.191304       -0.065943        0.124324
     C   16        0.004745        0.124324        0.207287

     C   17        0.026708       -0.147994        0.281426
     C   17       -0.147994       -0.611740       -0.116857
     C   17        0.281426       -0.116857        0.585032

     Cl  18        0.902282       -1.687047       -0.852765
     Cl  18       -1.687047        0.527968       -1.198375
     Cl  18       -0.852765       -1.198375       -1.430250

     H   19       -0.133099        0.173400        0.060923
     H   19        0.173400        0.099652       -0.417173
     H   19        0.060923       -0.417173        0.033447

     C   20        0.174439       -0.459105       -0.079284
     C   20       -0.459105       -0.094501        0.283533
     C   20       -0.079284        0.283533       -0.079938

     H   21        0.133407        0.071851        0.541365
     H   21        0.071851       -0.130584       -0.276254
     H   21        0.541365       -0.276254       -0.002823

     C   22        0.116292       -0.217696       -0.506428
     C   22       -0.217696        0.011020        0.209567
     C   22       -0.506428        0.209567       -0.127312

     C   23        0.287206       -0.068529       -0.149358
     C   23       -0.068529       -0.063938        0.242272
     C   23       -0.149358        0.242272       -0.223268

     Cl  24        1.382749        2.439540       -0.526226
     Cl  24        2.439540       -0.014140        0.375700
     Cl  24       -0.526226        0.375700       -1.368609


     NQR/NMR SPECTROSCOPIC PARAMETERS:
     Cl   1    Vxx=   -0.6202    axis=( -0.089522 -0.163497  0.982474)
     Cl   1    Vyy=   -2.2481    axis=(  0.600904  0.777810  0.184192)
     Cl   1    Vzz=    2.8683    axis=( -0.794292  0.606861  0.028615)
     Cl   1  Q=        -8.1650 1e-30 m^2  Cq=       -55.0261 MHz  eta= 0.56757

     C    2    Vxx=    0.2048    axis=( -0.025290 -0.415480  0.909251)
     C    2    Vyy=    0.3396    axis=(  0.744699 -0.614616 -0.260135)
     C    2    Vzz=   -0.5444    axis=(  0.666921  0.670540  0.324951)
     C    2  Q=         1.0000 1e-30 m^2  Cq=        -1.2791 MHz  eta= 0.24774

     C    3    Vxx=    0.0429    axis=(  0.383961 -0.128609  0.914349)
     C    3    Vyy=    0.5194    axis=(  0.849329  0.437675 -0.295096)
     C    3    Vzz=   -0.5622    axis=( -0.362235  0.889888  0.277281)
     C    3  Q=         1.0000 1e-30 m^2  Cq=        -1.3211 MHz  eta= 0.84748

     H    4    Vxx=    0.0323    axis=(  0.430853 -0.830741 -0.352469)
     H    4    Vyy=    0.6926    axis=(  0.861233  0.261872  0.435547)
     H    4    Vzz=   -0.7249    axis=( -0.269525 -0.491215  0.828290)
     H    4  Q=         1.0000 1e-30 m^2  Cq=        -1.7033 MHz  eta= 0.91076

     C    5    Vxx=    0.0423    axis=( -0.455570  0.411910  0.789168)
     C    5    Vyy=    0.4394    axis=( -0.367996 -0.894355  0.254377)
     C    5    Vzz=   -0.4816    axis=(  0.810577 -0.174525  0.559022)
     C    5  Q=         1.0000 1e-30 m^2  Cq=        -1.1317 MHz  eta= 0.82439

     H    6    Vxx=    0.0400    axis=(  0.639062 -0.367389  0.675740)
     H    6    Vyy=    0.6629    axis=( -0.008876  0.874968  0.484100)
     H    6    Vzz=   -0.7029    axis=(  0.769104  0.315368 -0.555898)
     H    6  Q=         1.0000 1e-30 m^2  Cq=        -1.6516 MHz  eta= 0.88607

     H    7    Vxx=   -0.0333    axis=(  0.990857  0.125657 -0.049126)
     H    7    Vyy=   -0.4727    axis=( -0.039506  0.618379  0.784887)
     H    7    Vzz=    0.5060    axis=(  0.129004 -0.775770  0.617689)
     H    7  Q=         1.0000 1e-30 m^2  Cq=         1.1889 MHz  eta= 0.86830

     C    8    Vxx=   -0.0487    axis=( -0.082152 -0.948940  0.304571)
     C    8    Vyy=   -0.3528    axis=( -0.985624  0.032088 -0.165878)
     C    8    Vzz=    0.4015    axis=( -0.147636  0.313819  0.937935)
     C    8  Q=         1.0000 1e-30 m^2  Cq=         0.9433 MHz  eta= 0.75759

     H    9    Vxx=    0.0150    axis=(  0.263228  0.964725  0.004021)
     H    9    Vyy=    0.5783    axis=( -0.822257  0.226531 -0.522089)
     H    9    Vzz=   -0.5933    axis=( -0.504583  0.134122  0.852882)
     H    9  Q=         1.0000 1e-30 m^2  Cq=        -1.3939 MHz  eta= 0.94952

     C   10    Vxx=    0.0525    axis=(  0.939105 -0.333985 -0.080845)
     C   10    Vyy=    0.5322    axis=( -0.124053 -0.110105 -0.986148)
     C   10    Vzz=   -0.5848    axis=(  0.320458  0.936125 -0.144832)
     C   10  Q=         1.0000 1e-30 m^2  Cq=        -1.3740 MHz  eta= 0.82035

     C   11    Vxx=   -0.0420    axis=( -0.405490  0.635950  0.656616)
     C   11    Vyy=   -0.3096    axis=( -0.905063 -0.178561 -0.385976)
     C   11    Vzz=    0.3516    axis=( -0.128216 -0.750788  0.647979)
     C   11  Q=         1.0000 1e-30 m^2  Cq=         0.8261 MHz  eta= 0.76087

     Cl  12    Vxx=    0.5431    axis=(  0.142085  0.672167  0.726638)
     Cl  12    Vyy=    2.5331    axis=( -0.840892 -0.305318  0.446857)
     Cl  12    Vzz=   -3.0762    axis=( -0.522218  0.674516 -0.521839)
     Cl  12  Q=        -8.1650 1e-30 m^2  Cq=        59.0149 MHz  eta= 0.64690

     H   13    Vxx=   -0.0793    axis=(  0.963716 -0.131571  0.232250)
     H   13    Vyy=   -0.6944    axis=(  0.266868  0.493541 -0.827767)
     H   13    Vzz=    0.7737    axis=( -0.005714  0.859713  0.510746)
     H   13  Q=         1.0000 1e-30 m^2  Cq=         1.8178 MHz  eta= 0.79493

     C   14    Vxx=   -0.2652    axis=( -0.859762  0.456016  0.229911)
     C   14    Vyy=   -0.2875    axis=(  0.504305  0.829100  0.241391)
     C   14    Vzz=    0.5528    axis=(  0.080541 -0.323484  0.942800)
     C   14  Q=         1.0000 1e-30 m^2  Cq=         1.2988 MHz  eta= 0.04031

     H   15    Vxx=   -0.1025    axis=(  0.404310 -0.873746 -0.270374)
     H   15    Vyy=   -0.6635    axis=(  0.382938  0.430168 -0.817505)
     H   15    Vzz=    0.7660    axis=(  0.830598  0.226989  0.508511)
     H   15  Q=         1.0000 1e-30 m^2  Cq=         1.7999 MHz  eta= 0.73231

     C   16    Vxx=    0.0441    axis=(  0.646708 -0.615687  0.450221)
     C   16    Vyy=    0.2682    axis=( -0.194314  0.437803  0.877822)
     C   16    Vzz=   -0.3123    axis=( -0.737571 -0.655178  0.163494)
     C   16  Q=         1.0000 1e-30 m^2  Cq=        -0.7338 MHz  eta= 0.71768

     C   17    Vxx=   -0.0758    axis=( -0.898005  0.158481  0.410452)
     C   17    Vyy=   -0.6470    axis=( -0.194994 -0.979611 -0.048375)
     C   17    Vzz=    0.7228    axis=(  0.394416 -0.123477  0.910598)
     C   17  Q=         1.0000 1e-30 m^2  Cq=         1.6982 MHz  eta= 0.79024

     Cl  18    Vxx=    0.2672    axis=(  0.543321  0.532583 -0.648966)
     Cl  18    Vyy=    2.4209    axis=( -0.729385  0.682216 -0.050779)
     Cl  18    Vzz=   -2.6880    axis=(  0.415691  0.500936  0.759121)
     Cl  18  Q=        -8.1650 1e-30 m^2  Cq=        51.5682 MHz  eta= 0.80122

     H   19    Vxx=   -0.0572    axis=(  0.867468  0.223320  0.444553)
     H   19    Vyy=   -0.4401    axis=(  0.476794 -0.628276 -0.614766)
     H   19    Vzz=    0.4974    axis=( -0.142012 -0.745250  0.651487)
     H   19  Q=         1.0000 1e-30 m^2  Cq=         1.1686 MHz  eta= 0.76984

     C   20    Vxx=   -0.0809    axis=( -0.517092 -0.141794 -0.844103)
     C   20    Vyy=   -0.5212    axis=( -0.467047 -0.779685  0.417083)
     C   20    Vzz=    0.6021    axis=( -0.717275  0.609906  0.336944)
     C   20  Q=         1.0000 1e-30 m^2  Cq=         1.4146 MHz  eta= 0.73133

     H   21    Vxx=   -0.0170    axis=(  0.446368  0.862483 -0.238491)
     H   21    Vyy=   -0.6174    axis=( -0.544556  0.473295  0.692424)
     H   21    Vzz=    0.6344    axis=( -0.710081  0.179204 -0.680934)
     H   21  Q=         1.0000 1e-30 m^2  Cq=         1.4906 MHz  eta= 0.94638

     C   22    Vxx=   -0.1274    axis=( -0.373928 -0.903710  0.208532)
     C   22    Vyy=   -0.5283    axis=(  0.602588 -0.065808  0.795335)
     C   22    Vzz=    0.6558    axis=(  0.705029 -0.423056 -0.569173)
     C   22  Q=         1.0000 1e-30 m^2  Cq=         1.5408 MHz  eta= 0.61140

     C   23    Vxx=    0.0349    axis=( -0.469988 -0.762850 -0.444040)
     C   23    Vyy=    0.3737    axis=( -0.874186  0.332687  0.353721)
     C   23    Vzz=   -0.4086    axis=(  0.122110 -0.554418  0.823231)
     C   23  Q=         1.0000 1e-30 m^2  Cq=        -0.9600 MHz  eta= 0.82934

     Cl  24    Vxx=   -0.9544    axis=( -0.309777  0.474506  0.823943)
     Cl  24    Vyy=   -2.2758    axis=( -0.512446  0.646620 -0.565050)
     Cl  24    Vzz=    3.2302    axis=( -0.800898 -0.597266  0.042850)
     Cl  24  Q=        -8.1650 1e-30 m^2  Cq=       -61.9694 MHz  eta= 0.40907

     Initialization:
     gipaw_setup  :      9.30s CPU     11.16s WALL (       1 calls)

     Linear response

     Apply operators

     Induced current

     Other routines
     efg          :      9.30s CPU     11.73s WALL (       1 calls)

     General routines
     calbec       :      3.20s CPU      4.46s WALL (      16 calls)
     fft          :      1.52s CPU      2.10s WALL (      15 calls)
     ffts         :      0.04s CPU      0.04s WALL (       2 calls)
     fftw         :      3.28s CPU      3.92s WALL (     672 calls)
     davcio       :      0.01s CPU      0.32s WALL (      32 calls)

     Parallel routines
     fft_scatter  :      2.20s CPU      3.24s WALL (     689 calls)

     Plugins

     GIPAW        :     61.08s CPU     74.85s WALL (       1 calls)
