
     Program QE v.6.0 (svn rev. 13079) starts on 12Jan2017 at  8:24:38 

     This program is part of the open-source Quantum ESPRESSO suite
     for quantum simulation of materials; please cite
         "P. Giannozzi et al., J. Phys.:Condens. Matter 21 395502 (2009);
          URL http://www.quantum-espresso.org", 
     in publications or presentations arising from this work. More details at
     http://www.quantum-espresso.org/quote

     Parallel version (MPI), running on     8 processors
     R & G space division:  proc/nbgrp/npool/nimage =       8

     ***** This is GIPAW svn revision unknown      *****

     Parallelizing q-star over 1 images

     Reading data from directory:
     /users/majewski/paradichlorobenzene/pbe/9_constraint/scratch/pbe.ecut100.np8.dt60.pcl2phi-129368.save
     Message from routine read_xml_file:
     file /users/majewski/paradichlorobenzene/pbe/9_constraint/scratch/pbe.ecut100.np8.dt60.pcl2phi-129368.save not guaranteed to be safe for post-processing

   Info: using nr1, nr2, nr3 values from input

   Info: using nr1, nr2, nr3 values from input

     IMPORTANT: XC functional enforced from input :
     Exchange-correlation      =  SLA  PW   PBX  PBC ( 1  4  3  4 0 0)
     Any further DFT definition will be discarded
     Please, verify this is what you really want

               file C.pbe-n-kjpaw_psl.1.0.0.UPF: wavefunction(s)  2S 2P renormalized
               file Cl.pbe-n-kjpaw_psl.1.0.0.UPF: wavefunction(s)  3S 3P renormalized
               file H.pbe-kjpaw_psl.1.0.0.UPF: wavefunction(s)  1S renormalized

     Parallelization info
     --------------------
     sticks:   dense  smooth     PW     G-vecs:    dense   smooth      PW
     Min        3057    1223    332               144436    36536    5170
     Max        3059    1225    333               144437    36537    5171
     Sum       24467    9791   2657              1155489   292295   41363


     Subspace diagonalization in iterative solution of the eigenvalue problem:
     a serial algorithm will be used

     GIPAW projectors -----------------------------------------------
     atom=  C    l=0  rc=    1.2000  rs=    0.8000
     atom=  C    l=0  rc=    1.2000  rs=    0.8000
     atom=  C    l=1  rc=    1.4000  rs=    0.9333
     atom=  C    l=1  rc=    1.4000  rs=    0.9333
     projs nearly linearly dependent: l=1  n1,n2= 1, 2  s=  0.99951561

     atom=  Cl   l=0  rc=    1.6000  rs=    1.0667
     atom=  Cl   l=0  rc=    1.6000  rs=    1.0667
     atom=  Cl   l=1  rc=    1.6000  rs=    1.0667
     atom=  Cl   l=1  rc=    1.6000  rs=    1.0667
     atom=  Cl   l=2  rc=    1.6000  rs=    1.0667
     atom=  Cl   l=2  rc=    1.6000  rs=    1.0667
     projs nearly linearly dependent: l=2  n1,n2= 1, 2  s=  0.99993509

     atom=  H    l=0  rc=    1.0000  rs=    0.6667
     atom=  H    l=0  rc=    1.0000  rs=    0.6667
     projs nearly linearly dependent: l=0  n1,n2= 1, 2  s=  0.99968852
     -----------------------------------------------------------------

     GIPAW integrals: -------------------------------------------
     Atom  i/j   nmr_para   nmr_dia   epr_rmc  epr_para   epr_dia
       C   1 1   0.83E+03  0.17E-01  0.93E+01  0.24E+08  0.24E+03
       C   2 1   0.86E+03 -0.61E-01  0.94E+01  0.25E+08  0.25E+03
       C   2 2   0.90E+03 -0.15E+00  0.97E+01  0.26E+08  0.26E+03
       C   3 3   0.33E+01  0.34E+00  0.18E+01  0.55E+03  0.21E+02
       C   4 3   0.35E+01  0.37E+00  0.20E+01  0.59E+03  0.22E+02
       C   4 4   0.38E+01  0.39E+00  0.22E+01  0.63E+03  0.24E+02
       Cl  1 1   0.14E+04 -0.47E+00  0.84E+01  0.32E+09  0.42E+03
       Cl  2 1   0.21E+04 -0.37E+00  0.12E+02  0.49E+09  0.65E+03
       Cl  2 2   0.33E+04 -0.16E+00  0.21E+02  0.76E+09  0.10E+04
       Cl  3 3   0.21E+02  0.79E-01  0.89E+01  0.23E+05  0.13E+03
       Cl  4 3   0.24E+02  0.67E-01  0.99E+01  0.27E+05  0.15E+03
       Cl  4 4   0.28E+02  0.44E-01  0.11E+02  0.32E+05  0.18E+03
       Cl  5 5   0.77E+00  0.19E+00  0.18E+01  0.12E+03  0.22E+02
       Cl  6 5   0.80E+00  0.19E+00  0.19E+01  0.12E+03  0.23E+02
       Cl  6 6   0.83E+00  0.20E+00  0.19E+01  0.12E+03  0.23E+02
       H   1 1   0.39E+02  0.19E+00  0.29E+00  0.78E+05  0.13E+02
       H   2 1   0.41E+02  0.21E+00  0.32E+00  0.82E+05  0.14E+02
       H   2 2   0.43E+02  0.22E+00  0.36E+00  0.86E+05  0.15E+02
     ------------------------------------------------------------

     alpha_pv=     34.3392 eV

     Number of occupied bands for each k-point:
     k-point:     1    nbnd_occ=  42
     k-point:     2    nbnd_occ=  42
     k-point:     3    nbnd_occ=  42
     k-point:     4    nbnd_occ=  42
     k-point:     5    nbnd_occ=  42
     k-point:     6    nbnd_occ=  42
     k-point:     7    nbnd_occ=  42
     k-point:     8    nbnd_occ=  42
     k-point:     9    nbnd_occ=  42
     k-point:    10    nbnd_occ=  42
     k-point:    11    nbnd_occ=  42
     k-point:    12    nbnd_occ=  42
     k-point:    13    nbnd_occ=  42
     k-point:    14    nbnd_occ=  42
     k-point:    15    nbnd_occ=  42
     k-point:    16    nbnd_occ=  42


     q-space interpolation up to   110.00 Rydberg

     GIPAW job: efg                                                                             


     ELECTRIC FIELD GRADIENTS TENSORS IN Hartree/bohrradius^2:

     ----- bare term -----
     Cl   1       -0.048557        0.015134       -0.048032
     Cl   1        0.015134       -0.025035        0.038171
     Cl   1       -0.048032        0.038171        0.073592

     C    2       -0.072766        0.292213       -0.128698
     C    2        0.292213       -0.227550       -0.180615
     C    2       -0.128698       -0.180615        0.300317

     C    3       -0.102192        0.306269       -0.201161
     C    3        0.306269       -0.133411       -0.229533
     C    3       -0.201161       -0.229533        0.235603

     H    4        0.097842       -0.111375       -0.312386
     H    4       -0.111375        0.500476       -0.027101
     H    4       -0.312386       -0.027101       -0.598318

     C    5       -0.634348        0.405360       -0.471695
     C    5        0.405360        0.419226       -0.131005
     C    5       -0.471695       -0.131005        0.215122

     H    6       -0.064648        0.161888       -0.218178
     H    6        0.161888       -0.287349       -0.473064
     H    6       -0.218178       -0.473064        0.351997

     H    7        0.403556        0.149406       -0.132477
     H    7        0.149406       -0.353076        0.601414
     H    7       -0.132477        0.601414       -0.050480

     C    8       -0.129169       -0.383978       -0.096011
     C    8       -0.383978       -0.298819        0.371290
     C    8       -0.096011        0.371290        0.427988

     H    9       -0.588382        0.339741       -0.118776
     H    9        0.339741        0.350734        0.090750
     H    9       -0.118776        0.090750        0.237649

     C   10       -0.345021       -0.269912       -0.134189
     C   10       -0.269912       -0.021990        0.356617
     C   10       -0.134189        0.356617        0.367011

     C   11       -0.001835        0.140917       -0.172962
     C   11        0.140917       -0.022496        0.284537
     C   11       -0.172962        0.284537        0.024331

     Cl  12        0.283174       -0.072512        0.179656
     Cl  12       -0.072512        0.041676       -0.590807
     Cl  12        0.179656       -0.590807       -0.324850

     H   13        0.162250        0.295344       -0.122393
     H   13        0.295344       -0.514988       -0.073673
     H   13       -0.122393       -0.073673        0.352738

     C   14       -0.066267       -0.233169       -0.349803
     C   14       -0.233169       -0.103047       -0.334494
     C   14       -0.349803       -0.334494        0.169314

     H   15        0.046661       -0.104407       -0.305655
     H   15       -0.104407       -0.108354       -0.531415
     H   15       -0.305655       -0.531415        0.061693

     C   16       -0.698953        0.317093       -0.222417
     C   16        0.317093        0.226636       -0.110543
     C   16       -0.222417       -0.110543        0.472317

     C   17        0.134491        0.111480       -0.110282
     C   17        0.111480       -0.262900       -0.517865
     C   17       -0.110282       -0.517865        0.128409

     Cl  18        0.298152        0.160595       -0.132609
     Cl  18        0.160595        0.198786       -0.471514
     Cl  18       -0.132609       -0.471514       -0.496938

     H   19        0.246469       -0.005573       -0.262589
     H   19       -0.005573       -0.306604        0.485239
     H   19       -0.262589        0.485239        0.060135

     C   20       -0.544719       -0.307281       -0.108708
     C   20       -0.307281        0.181835        0.300885
     C   20       -0.108708        0.300885        0.362884

     H   21       -0.598068       -0.003587        0.094052
     H   21       -0.003587        0.365859        0.296834
     H   21        0.094052        0.296834        0.232209

     C   22        0.010493       -0.018796       -0.238127
     C   22       -0.018796       -0.503417        0.383166
     C   22       -0.238127        0.383166        0.492924

     C   23       -0.756087       -0.226822       -0.284576
     C   23       -0.226822        0.149342        0.070168
     C   23       -0.284576        0.070168        0.606744

     Cl  24        0.226863       -0.054691        0.103916
     Cl  24       -0.054691        0.234641        0.164650
     Cl  24        0.103916        0.164650       -0.461504

     ----- ionic term -----
     Cl   1        0.226358       -0.232711        0.036512
     Cl   1       -0.232711       -0.076926       -0.009886
     Cl   1        0.036512       -0.009886       -0.149432

     C    2        0.199093       -0.223678        0.273299
     C    2       -0.223678        0.080330        0.372478
     C    2        0.273299        0.372478       -0.279423

     C    3        0.183236       -0.299161        0.312149
     C    3       -0.299161        0.128890        0.241961
     C    3        0.312149        0.241961       -0.312126

     H    4        0.459633        0.328622        0.702740
     H    4        0.328622       -0.364466        0.286820
     H    4        0.702740        0.286820       -0.095167

     C    5        0.225939       -0.235192        0.424698
     C    5       -0.235192        0.085275        0.185254
     C    5        0.424698        0.185254       -0.311214

     H    6       -0.521369       -0.131997       -0.005324
     H    6       -0.131997        0.934610        0.454290
     H    6       -0.005324        0.454290       -0.413240

     H    7       -0.511117       -0.063173        0.043462
     H    7       -0.063173        0.613637       -0.755816
     H    7        0.043462       -0.755816       -0.102520

     C    8        0.398968        0.163846        0.049306
     C    8        0.163846       -0.071756       -0.372527
     C    8        0.049306       -0.372527       -0.327212

     H    9        0.624929       -0.108977        0.704155
     H    9       -0.108977       -0.586465       -0.150910
     H    9        0.704155       -0.150910       -0.038463

     C   10        0.217365        0.217324        0.043564
     C   10        0.217324       -0.029086       -0.464770
     C   10        0.043564       -0.464770       -0.188280

     C   11        0.306646        0.048839        0.066787
     C   11        0.048839       -0.022465       -0.440628
     C   11        0.066787       -0.440628       -0.284180

     Cl  12        0.128243        0.177704       -0.055038
     Cl  12        0.177704       -0.006674       -0.032117
     Cl  12       -0.055038       -0.032117       -0.121569

     H   13       -0.472432       -0.179723       -0.096122
     H   13       -0.179723        0.629031        0.671901
     H   13       -0.096122        0.671901       -0.156599

     C   14        0.204018       -0.213359        0.340884
     C   14       -0.213359        0.053066        0.263729
     C   14        0.340884        0.263729       -0.257084

     H   15        0.334593        0.250608        0.762798
     H   15        0.250608       -0.391931        0.294787
     H   15        0.762798        0.294787        0.057338

     C   16        0.089882       -0.278791        0.297044
     C   16       -0.278791        0.214251        0.300867
     C   16        0.297044        0.300867       -0.304133

     C   17        0.071515       -0.171482        0.409191
     C   17       -0.171482        0.175852        0.320937
     C   17        0.409191        0.320937       -0.247367

     Cl  18        0.129277       -0.177799        0.114457
     Cl  18       -0.177799       -0.003943       -0.064111
     Cl  18        0.114457       -0.064111       -0.125334

     H   19       -0.523061       -0.129214        0.052155
     H   19       -0.129214        0.712049       -0.724684
     H   19        0.052155       -0.724684       -0.188987

     C   20        0.367279        0.116659       -0.013144
     C   20        0.116659        0.026926       -0.382509
     C   20       -0.013144       -0.382509       -0.394205

     H   21        0.787120       -0.272961        0.530930
     H   21       -0.272961       -0.473647       -0.200723
     H   21        0.530930       -0.200723       -0.313472

     C   22        0.245917        0.202084       -0.005154
     C   22        0.202084        0.075595       -0.456478
     C   22       -0.005154       -0.456478       -0.321512

     C   23        0.282029        0.111799        0.124741
     C   23        0.111799        0.037764       -0.411085
     C   23        0.124741       -0.411085       -0.319793

     Cl  24        0.111440        0.211664       -0.053685
     Cl  24        0.211664        0.010852       -0.033487
     Cl  24       -0.053685       -0.033487       -0.122292

     ----- GIPAW term -----
     Cl   1       -0.397678       -1.595309        0.904833
     Cl   1       -1.595309       -1.411608       -0.256132
     Cl   1        0.904833       -0.256132        1.809286

     C    2       -0.042209       -0.009234       -0.006708
     C    2       -0.009234       -0.038009       -0.075876
     C    2       -0.006708       -0.075876        0.080218

     C    3       -0.050969        0.056952       -0.125032
     C    3        0.056952       -0.071118       -0.079190
     C    3       -0.125032       -0.079190        0.122088

     H    4       -0.000000        0.000000        0.000000
     H    4        0.000000        0.000000        0.000000
     H    4        0.000000        0.000000        0.000000

     C    5       -0.071462        0.224097       -0.044880
     C    5        0.224097        0.183580        0.021846
     C    5       -0.044880        0.021846       -0.112118

     H    6       -0.000000        0.000000        0.000000
     H    6        0.000000        0.000000        0.000000
     H    6        0.000000        0.000000        0.000000

     H    7       -0.000000        0.000000        0.000000
     H    7        0.000000        0.000000        0.000000
     H    7        0.000000        0.000000        0.000000

     C    8       -0.013101       -0.139969        0.070363
     C    8       -0.139969       -0.066909       -0.013721
     C    8        0.070363       -0.013721        0.080010

     H    9       -0.000000        0.000000        0.000000
     H    9        0.000000        0.000000        0.000000
     H    9        0.000000        0.000000        0.000000

     C   10       -0.132957       -0.080197       -0.075461
     C   10       -0.080197        0.070973        0.177260
     C   10       -0.075461        0.177260        0.061983

     C   11       -0.010525        0.036926       -0.019575
     C   11        0.036926        0.003973        0.060931
     C   11       -0.019575        0.060931        0.006552

     Cl  12        0.359091        0.091739       -0.172613
     Cl  12        0.091739       -0.168218       -0.341874
     Cl  12       -0.172613       -0.341874       -0.190873

     H   13       -0.000000        0.000000        0.000000
     H   13        0.000000        0.000000        0.000000
     H   13        0.000000        0.000000        0.000000

     C   14       -0.018473       -0.088390        0.004101
     C   14       -0.088390        0.052418       -0.107108
     C   14        0.004101       -0.107108       -0.033945

     H   15       -0.000000        0.000000        0.000000
     H   15        0.000000        0.000000        0.000000
     H   15        0.000000        0.000000        0.000000

     C   16       -0.149920       -0.078780       -0.031280
     C   16       -0.078780        0.208297        0.033072
     C   16       -0.031280        0.033072       -0.058378

     C   17       -0.055624        0.015170        0.038762
     C   17        0.015170        0.155907        0.131459
     C   17        0.038762        0.131459       -0.100283

     Cl  18        0.345190       -0.120399        0.198817
     Cl  18       -0.120399       -0.011909       -0.363887
     Cl  18        0.198817       -0.363887       -0.333281

     H   19       -0.000000        0.000000        0.000000
     H   19        0.000000        0.000000        0.000000
     H   19        0.000000        0.000000        0.000000

     C   20       -0.083523        0.134605        0.061221
     C   20        0.134605        0.156000        0.097539
     C   20        0.061221        0.097539       -0.072477

     H   21       -0.000000        0.000000        0.000000
     H   21        0.000000        0.000000        0.000000
     H   21        0.000000        0.000000        0.000000

     C   22       -0.086689        0.071955       -0.124167
     C   22        0.071955       -0.110481       -0.121008
     C   22       -0.124167       -0.121008        0.197171

     C   23       -0.185731        0.039169       -0.027764
     C   23        0.039169       -0.023085       -0.159479
     C   23       -0.027764       -0.159479        0.208817

     Cl  24       -0.174192        0.868885       -0.080057
     Cl  24        0.868885       -0.580187       -0.358512
     Cl  24       -0.080057       -0.358512        0.754378

     ----- total EFG -----
     Cl   1       -0.219877       -1.812887        0.893313
     Cl   1       -1.812887       -1.513569       -0.227848
     Cl   1        0.893313       -0.227848        1.733446

     C    2        0.084117        0.059302        0.137893
     C    2        0.059302       -0.185229        0.115987
     C    2        0.137893        0.115987        0.101112

     C    3        0.030074        0.064060       -0.014044
     C    3        0.064060       -0.075639       -0.066762
     C    3       -0.014044       -0.066762        0.045565

     H    4        0.557476        0.217247        0.390354
     H    4        0.217247        0.136009        0.259719
     H    4        0.390354        0.259719       -0.693485

     C    5       -0.479871        0.394265       -0.091877
     C    5        0.394265        0.688081        0.076095
     C    5       -0.091877        0.076095       -0.208210

     H    6       -0.586018        0.029891       -0.223502
     H    6        0.029891        0.647261       -0.018774
     H    6       -0.223502       -0.018774       -0.061243

     H    7       -0.107562        0.086233       -0.089015
     H    7        0.086233        0.260561       -0.154402
     H    7       -0.089015       -0.154402       -0.153000

     C    8        0.256698       -0.360102        0.023657
     C    8       -0.360102       -0.437484       -0.014959
     C    8        0.023657       -0.014959        0.180786

     H    9        0.036547        0.230764        0.585379
     H    9        0.230764       -0.235732       -0.060160
     H    9        0.585379       -0.060160        0.199185

     C   10       -0.260612       -0.132784       -0.166086
     C   10       -0.132784        0.019897        0.069107
     C   10       -0.166086        0.069107        0.240715

     C   11        0.294286        0.226682       -0.125749
     C   11        0.226682       -0.040989       -0.095159
     C   11       -0.125749       -0.095159       -0.253297

     Cl  12        0.770507        0.196931       -0.047995
     Cl  12        0.196931       -0.133216       -0.964798
     Cl  12       -0.047995       -0.964798       -0.637291

     H   13       -0.310182        0.115621       -0.218515
     H   13        0.115621        0.114043        0.598228
     H   13       -0.218515        0.598228        0.196139

     C   14        0.119278       -0.534918       -0.004819
     C   14       -0.534918        0.002437       -0.177873
     C   14       -0.004819       -0.177873       -0.121714

     H   15        0.381253        0.146201        0.457143
     H   15        0.146201       -0.500284       -0.236628
     H   15        0.457143       -0.236628        0.119031

     C   16       -0.758990       -0.040479        0.043347
     C   16       -0.040479        0.649185        0.223396
     C   16        0.043347        0.223396        0.109806

     C   17        0.150382       -0.044832        0.337672
     C   17       -0.044832        0.068859       -0.065469
     C   17        0.337672       -0.065469       -0.219241

     Cl  18        0.772618       -0.137603        0.180665
     Cl  18       -0.137603        0.182935       -0.899512
     Cl  18        0.180665       -0.899512       -0.955553

     H   19       -0.276592       -0.134787       -0.210434
     H   19       -0.134787        0.405444       -0.239445
     H   19       -0.210434       -0.239445       -0.128852

     C   20       -0.260963       -0.056016       -0.060631
     C   20       -0.056016        0.364761        0.015915
     C   20       -0.060631        0.015915       -0.103797

     H   21        0.189052       -0.276548        0.624982
     H   21       -0.276548       -0.107789        0.096111
     H   21        0.624982        0.096111       -0.081263

     C   22        0.169720        0.255244       -0.367448
     C   22        0.255244       -0.538303       -0.194320
     C   22       -0.367448       -0.194320        0.368583

     C   23       -0.659789       -0.075853       -0.187599
     C   23       -0.075853        0.164021       -0.500396
     C   23       -0.187599       -0.500396        0.495768

     Cl  24        0.164111        1.025858       -0.029826
     Cl  24        1.025858       -0.334693       -0.227349
     Cl  24       -0.029826       -0.227349        0.170582

     ----- total EFG (symmetrized) -----
     Cl   1       -0.219877       -1.812887        0.893313
     Cl   1       -1.812887       -1.513569       -0.227848
     Cl   1        0.893313       -0.227848        1.733446

     C    2        0.084117        0.059302        0.137893
     C    2        0.059302       -0.185229        0.115987
     C    2        0.137893        0.115987        0.101112

     C    3        0.030074        0.064060       -0.014044
     C    3        0.064060       -0.075639       -0.066762
     C    3       -0.014044       -0.066762        0.045565

     H    4        0.557476        0.217247        0.390354
     H    4        0.217247        0.136009        0.259719
     H    4        0.390354        0.259719       -0.693485

     C    5       -0.479871        0.394265       -0.091877
     C    5        0.394265        0.688081        0.076095
     C    5       -0.091877        0.076095       -0.208210

     H    6       -0.586018        0.029891       -0.223502
     H    6        0.029891        0.647261       -0.018774
     H    6       -0.223502       -0.018774       -0.061243

     H    7       -0.107562        0.086233       -0.089015
     H    7        0.086233        0.260561       -0.154402
     H    7       -0.089015       -0.154402       -0.153000

     C    8        0.256698       -0.360102        0.023657
     C    8       -0.360102       -0.437484       -0.014959
     C    8        0.023657       -0.014959        0.180786

     H    9        0.036547        0.230764        0.585379
     H    9        0.230764       -0.235732       -0.060160
     H    9        0.585379       -0.060160        0.199185

     C   10       -0.260612       -0.132784       -0.166086
     C   10       -0.132784        0.019897        0.069107
     C   10       -0.166086        0.069107        0.240715

     C   11        0.294286        0.226682       -0.125749
     C   11        0.226682       -0.040989       -0.095159
     C   11       -0.125749       -0.095159       -0.253297

     Cl  12        0.770507        0.196931       -0.047995
     Cl  12        0.196931       -0.133216       -0.964798
     Cl  12       -0.047995       -0.964798       -0.637291

     H   13       -0.310182        0.115621       -0.218515
     H   13        0.115621        0.114043        0.598228
     H   13       -0.218515        0.598228        0.196139

     C   14        0.119278       -0.534918       -0.004819
     C   14       -0.534918        0.002437       -0.177873
     C   14       -0.004819       -0.177873       -0.121714

     H   15        0.381253        0.146201        0.457143
     H   15        0.146201       -0.500284       -0.236628
     H   15        0.457143       -0.236628        0.119031

     C   16       -0.758990       -0.040479        0.043347
     C   16       -0.040479        0.649185        0.223396
     C   16        0.043347        0.223396        0.109806

     C   17        0.150382       -0.044832        0.337672
     C   17       -0.044832        0.068859       -0.065469
     C   17        0.337672       -0.065469       -0.219241

     Cl  18        0.772618       -0.137603        0.180665
     Cl  18       -0.137603        0.182935       -0.899512
     Cl  18        0.180665       -0.899512       -0.955553

     H   19       -0.276592       -0.134787       -0.210434
     H   19       -0.134787        0.405444       -0.239445
     H   19       -0.210434       -0.239445       -0.128852

     C   20       -0.260963       -0.056016       -0.060631
     C   20       -0.056016        0.364761        0.015915
     C   20       -0.060631        0.015915       -0.103797

     H   21        0.189052       -0.276548        0.624982
     H   21       -0.276548       -0.107789        0.096111
     H   21        0.624982        0.096111       -0.081263

     C   22        0.169720        0.255244       -0.367448
     C   22        0.255244       -0.538303       -0.194320
     C   22       -0.367448       -0.194320        0.368583

     C   23       -0.659789       -0.075853       -0.187599
     C   23       -0.075853        0.164021       -0.500396
     C   23       -0.187599       -0.500396        0.495768

     Cl  24        0.164111        1.025858       -0.029826
     Cl  24        1.025858       -0.334693       -0.227349
     Cl  24       -0.029826       -0.227349        0.170582


     NQR/NMR SPECTROSCOPIC PARAMETERS:
     Cl   1    Vxx=    0.4809    axis=( -0.645785  0.523500  0.555797)
     Cl   1    Vyy=    2.3354    axis=(  0.486909 -0.278346  0.827915)
     Cl   1    Vzz=   -2.8163    axis=( -0.588117 -0.805278  0.075145)
     Cl   1  Q=        -8.1650 1e-30 m^2  Cq=        54.0295 MHz  eta= 0.65850

     C    2    Vxx=   -0.0391    axis=( -0.770308  0.174268  0.613397)
     C    2    Vyy=   -0.2267    axis=( -0.039383  0.947094 -0.318531)
     C    2    Vzz=    0.2658    axis=( -0.636455 -0.269525 -0.722691)
     C    2  Q=         1.0000 1e-30 m^2  Cq=         0.6245 MHz  eta= 0.70578

     C    3    Vxx=    0.0230    axis=(  0.761594  0.057711  0.645480)
     C    3    Vyy=    0.1012    axis=(  0.552788  0.461992 -0.693534)
     C    3    Vzz=   -0.1243    axis=(  0.338231 -0.885005 -0.319948)
     C    3  Q=         1.0000 1e-30 m^2  Cq=        -0.2920 MHz  eta= 0.62939

     H    4    Vxx=    0.0510    axis=(  0.443652 -0.892727 -0.078818)
     H    4    Vyy=    0.7932    axis=(  0.865130  0.403655  0.297680)
     H    4    Vzz=   -0.8441    axis=( -0.233932 -0.200255  0.951406)
     H    4  Q=         1.0000 1e-30 m^2  Cq=        -1.9834 MHz  eta= 0.87922

     C    5    Vxx=   -0.1814    axis=( -0.255863  0.031461  0.966201)
     C    5    Vyy=   -0.6294    axis=( -0.922538  0.290734 -0.253767)
     C    5    Vzz=    0.8108    axis=( -0.288891 -0.956287 -0.045364)
     C    5  Q=         1.0000 1e-30 m^2  Cq=         1.9051 MHz  eta= 0.55254

     H    6    Vxx=    0.0198    axis=( -0.343849  0.044445  0.937972)
     H    6    Vyy=    0.6489    axis=(  0.030708  0.998877 -0.036073)
     H    6    Vzz=   -0.6687    axis=( -0.938523  0.016399 -0.344828)
     H    6  Q=         1.0000 1e-30 m^2  Cq=        -1.5711 MHz  eta= 0.94077

     H    7    Vxx=   -0.1039    axis=(  0.846465 -0.364638 -0.387989)
     H    7    Vyy=   -0.2353    axis=(  0.474351  0.185461  0.860579)
     H    7    Vzz=    0.3392    axis=( -0.241843 -0.912493  0.329952)
     H    7  Q=         1.0000 1e-30 m^2  Cq=         0.7971 MHz  eta= 0.38742

     C    8    Vxx=    0.1775    axis=( -0.110987  0.040833  0.992983)
     C    8    Vyy=    0.4130    axis=( -0.913670  0.388916 -0.118115)
     C    8    Vzz=   -0.5906    axis=( -0.391010 -0.920368 -0.005857)
     C    8  Q=         1.0000 1e-30 m^2  Cq=        -1.3876 MHz  eta= 0.39879

     H    9    Vxx=   -0.1201    axis=( -0.316530 -0.850527  0.420015)
     H    9    Vyy=   -0.6010    axis=(  0.673825 -0.513256 -0.531533)
     H    9    Vzz=    0.7211    axis=(  0.667659  0.114771  0.735568)
     H    9  Q=         1.0000 1e-30 m^2  Cq=         1.6944 MHz  eta= 0.66680

     C   10    Vxx=    0.0155    axis=( -0.183460  0.893674 -0.409500)
     C   10    Vyy=    0.3283    axis=(  0.325258 -0.337922 -0.883185)
     C   10    Vzz=   -0.3438    axis=( -0.927658 -0.295222 -0.228679)
     C   10  Q=         1.0000 1e-30 m^2  Cq=        -0.8078 MHz  eta= 0.90989

     C   11    Vxx=   -0.1498    axis=(  0.488460 -0.851731  0.189637)
     C   11    Vyy=   -0.2934    axis=(  0.100423  0.270754  0.957396)
     C   11    Vzz=    0.4432    axis=( -0.866789 -0.448606  0.217786)
     C   11  Q=         1.0000 1e-30 m^2  Cq=         1.0413 MHz  eta= 0.32400

     Cl  12    Vxx=    0.4908    axis=( -0.547036  0.647541 -0.530511)
     Cl  12    Vyy=    0.8948    axis=( -0.836224 -0.451848  0.310746)
     Cl  12    Vzz=   -1.3856    axis=( -0.038490  0.613616  0.788666)
     Cl  12  Q=        -8.1650 1e-30 m^2  Cq=        26.5821 MHz  eta= 0.29150

     H   13    Vxx=   -0.1389    axis=(  0.792431  0.491642 -0.361027)
     H   13    Vyy=   -0.6222    axis=( -0.604888  0.557225 -0.568868)
     H   13    Vzz=    0.7611    axis=( -0.078506  0.669170  0.738951)
     H   13  Q=         1.0000 1e-30 m^2  Cq=         1.7883 MHz  eta= 0.63501

     C   14    Vxx=   -0.0930    axis=( -0.334981 -0.141324  0.931566)
     C   14    Vyy=   -0.5243    axis=(  0.605337  0.725375  0.327717)
     C   14    Vzz=    0.6173    axis=( -0.722049  0.673691 -0.157438)
     C   14  Q=         1.0000 1e-30 m^2  Cq=         1.4505 MHz  eta= 0.69871

     H   15    Vxx=   -0.0539    axis=( -0.525374 -0.526433  0.668469)
     H   15    Vyy=   -0.6724    axis=(  0.304503 -0.849923 -0.430011)
     H   15    Vzz=    0.7263    axis=(  0.794519 -0.022366  0.606828)
     H   15  Q=         1.0000 1e-30 m^2  Cq=         1.7065 MHz  eta= 0.85156

     C   16    Vxx=    0.0330    axis=(  0.068584 -0.336073  0.939336)
     C   16    Vyy=    0.7301    axis=( -0.015747  0.941071  0.337843)
     C   16    Vzz=   -0.7631    axis=( -0.997521 -0.037963  0.059250)
     C   16  Q=         1.0000 1e-30 m^2  Cq=        -1.7930 MHz  eta= 0.91339

     C   17    Vxx=    0.0538    axis=(  0.237196  0.969553  0.060868)
     C   17    Vyy=    0.3679    axis=(  0.831044 -0.234960  0.504142)
     C   17    Vzz=   -0.4217    axis=(  0.503094 -0.068996 -0.861473)
     C   17  Q=         1.0000 1e-30 m^2  Cq=        -0.9908 MHz  eta= 0.74492

     Cl  18    Vxx=    0.5141    axis=(  0.619721  0.701014 -0.352881)
     Cl  18    Vyy=    0.9405    axis=(  0.783719 -0.528932  0.325601)
     Cl  18    Vzz=   -1.4546    axis=( -0.041601  0.478341  0.877188)
     Cl  18  Q=        -8.1650 1e-30 m^2  Cq=        27.9065 MHz  eta= 0.29317

     H   19    Vxx=   -0.0045    axis=(  0.660261 -0.204949 -0.722531)
     H   19    Vyy=   -0.4963    axis=(  0.747499  0.272588  0.605757)
     H   19    Vzz=    0.5007    axis=( -0.072804  0.940049 -0.333178)
     H   19  Q=         1.0000 1e-30 m^2  Cq=         1.1766 MHz  eta= 0.98213

     C   20    Vxx=   -0.0855    axis=( -0.305287 -0.071544  0.949569)
     C   20    Vyy=   -0.2852    axis=( -0.947752 -0.074084 -0.310285)
     C   20    Vzz=    0.3707    axis=(  0.092547 -0.994682 -0.045189)
     C   20  Q=         1.0000 1e-30 m^2  Cq=         0.8710 MHz  eta= 0.53869

     H   21    Vxx=   -0.0299    axis=(  0.102231 -0.895939 -0.432252)
     H   21    Vyy=   -0.6940    axis=(  0.609627  0.399796 -0.684484)
     H   21    Vzz=    0.7239    axis=(  0.786068 -0.193537  0.587061)
     H   21  Q=         1.0000 1e-30 m^2  Cq=         1.7009 MHz  eta= 0.91749

     C   22    Vxx=   -0.0989    axis=(  0.746991  0.147201  0.648333)
     C   22    Vyy=   -0.6272    axis=( -0.266373  0.959752  0.089000)
     C   22    Vzz=    0.7261    axis=( -0.609138 -0.239180  0.756137)
     C   22  Q=         1.0000 1e-30 m^2  Cq=         1.7060 MHz  eta= 0.72757

     C   23    Vxx=   -0.1419    axis=( -0.307638  0.790383  0.529768)
     C   23    Vyy=   -0.7230    axis=( -0.948794 -0.212833 -0.233435)
     C   23    Vzz=    0.8648    axis=( -0.071751 -0.574454  0.815386)
     C   23  Q=         1.0000 1e-30 m^2  Cq=         2.0320 MHz  eta= 0.67194

     Cl  24    Vxx=    0.1573    axis=( -0.228517 -0.026782 -0.973171)
     Cl  24    Vyy=    1.0032    axis=(  0.761837  0.617441 -0.195884)
     Cl  24    Vzz=   -1.1605    axis=(  0.606122 -0.786161 -0.120693)
     Cl  24  Q=        -8.1650 1e-30 m^2  Cq=        22.2640 MHz  eta= 0.72888

     Initialization:
     gipaw_setup  :      9.15s CPU     11.12s WALL (       1 calls)

     Linear response

     Apply operators

     Induced current

     Other routines
     efg          :      9.68s CPU     13.51s WALL (       1 calls)

     General routines
     calbec       :      3.28s CPU      4.38s WALL (      16 calls)
     fft          :      1.33s CPU      1.69s WALL (      15 calls)
     ffts         :      0.06s CPU      0.11s WALL (       2 calls)
     fftw         :      3.60s CPU      5.33s WALL (     672 calls)
     davcio       :      0.06s CPU      0.36s WALL (      32 calls)

     Parallel routines
     fft_scatter  :      2.40s CPU      4.14s WALL (     689 calls)

     Plugins

     GIPAW        :     62.62s CPU     78.54s WALL (       1 calls)
