
     Program QE v.6.0 (svn rev. 13079) starts on  2Jan2017 at 14: 8:56 

     This program is part of the open-source Quantum ESPRESSO suite
     for quantum simulation of materials; please cite
         "P. Giannozzi et al., J. Phys.:Condens. Matter 21 395502 (2009);
          URL http://www.quantum-espresso.org", 
     in publications or presentations arising from this work. More details at
     http://www.quantum-espresso.org/quote

     Parallel version (MPI), running on     8 processors
     R & G space division:  proc/nbgrp/npool/nimage =       8

     ***** This is GIPAW svn revision unknown      *****

     Parallelizing q-star over 1 images

     Reading data from directory:
     /users/majewski/paradichlorobenzene/pbe/9_constraint/scratch/pbe.ecut100.np8.dt60.pcl2phi-129368.save
     Message from routine read_xml_file:
     file /users/majewski/paradichlorobenzene/pbe/9_constraint/scratch/pbe.ecut100.np8.dt60.pcl2phi-129368.save not guaranteed to be safe for post-processing

   Info: using nr1, nr2, nr3 values from input

   Info: using nr1, nr2, nr3 values from input

     IMPORTANT: XC functional enforced from input :
     Exchange-correlation      =  SLA  PW   PBX  PBC ( 1  4  3  4 0 0)
     Any further DFT definition will be discarded
     Please, verify this is what you really want

               file C.pbe-n-kjpaw_psl.1.0.0.UPF: wavefunction(s)  2S 2P renormalized
               file Cl.pbe-n-kjpaw_psl.1.0.0.UPF: wavefunction(s)  3S 3P renormalized
               file H.pbe-kjpaw_psl.1.0.0.UPF: wavefunction(s)  1S renormalized

     Parallelization info
     --------------------
     sticks:   dense  smooth     PW     G-vecs:    dense   smooth      PW
     Min        3057    1223    332               144436    36536    5170
     Max        3059    1225    333               144437    36537    5171
     Sum       24467    9791   2657              1155489   292295   41363


     Subspace diagonalization in iterative solution of the eigenvalue problem:
     a serial algorithm will be used

     GIPAW projectors -----------------------------------------------
     atom=  C    l=0  rc=    1.2000  rs=    0.8000
     atom=  C    l=0  rc=    1.2000  rs=    0.8000
     atom=  C    l=1  rc=    1.4000  rs=    0.9333
     atom=  C    l=1  rc=    1.4000  rs=    0.9333
     projs nearly linearly dependent: l=1  n1,n2= 1, 2  s=  0.99951561

     atom=  Cl   l=0  rc=    1.6000  rs=    1.0667
     atom=  Cl   l=0  rc=    1.6000  rs=    1.0667
     atom=  Cl   l=1  rc=    1.6000  rs=    1.0667
     atom=  Cl   l=1  rc=    1.6000  rs=    1.0667
     atom=  Cl   l=2  rc=    1.6000  rs=    1.0667
     atom=  Cl   l=2  rc=    1.6000  rs=    1.0667
     projs nearly linearly dependent: l=2  n1,n2= 1, 2  s=  0.99993509

     atom=  H    l=0  rc=    1.0000  rs=    0.6667
     atom=  H    l=0  rc=    1.0000  rs=    0.6667
     projs nearly linearly dependent: l=0  n1,n2= 1, 2  s=  0.99968852
     -----------------------------------------------------------------

     GIPAW integrals: -------------------------------------------
     Atom  i/j   nmr_para   nmr_dia   epr_rmc  epr_para   epr_dia
       C   1 1   0.83E+03  0.17E-01  0.93E+01  0.24E+08  0.24E+03
       C   2 1   0.86E+03 -0.61E-01  0.94E+01  0.25E+08  0.25E+03
       C   2 2   0.90E+03 -0.15E+00  0.97E+01  0.26E+08  0.26E+03
       C   3 3   0.33E+01  0.34E+00  0.18E+01  0.55E+03  0.21E+02
       C   4 3   0.35E+01  0.37E+00  0.20E+01  0.59E+03  0.22E+02
       C   4 4   0.38E+01  0.39E+00  0.22E+01  0.63E+03  0.24E+02
       Cl  1 1   0.14E+04 -0.47E+00  0.84E+01  0.32E+09  0.42E+03
       Cl  2 1   0.21E+04 -0.37E+00  0.12E+02  0.49E+09  0.65E+03
       Cl  2 2   0.33E+04 -0.16E+00  0.21E+02  0.76E+09  0.10E+04
       Cl  3 3   0.21E+02  0.79E-01  0.89E+01  0.23E+05  0.13E+03
       Cl  4 3   0.24E+02  0.67E-01  0.99E+01  0.27E+05  0.15E+03
       Cl  4 4   0.28E+02  0.44E-01  0.11E+02  0.32E+05  0.18E+03
       Cl  5 5   0.77E+00  0.19E+00  0.18E+01  0.12E+03  0.22E+02
       Cl  6 5   0.80E+00  0.19E+00  0.19E+01  0.12E+03  0.23E+02
       Cl  6 6   0.83E+00  0.20E+00  0.19E+01  0.12E+03  0.23E+02
       H   1 1   0.39E+02  0.19E+00  0.29E+00  0.78E+05  0.13E+02
       H   2 1   0.41E+02  0.21E+00  0.32E+00  0.82E+05  0.14E+02
       H   2 2   0.43E+02  0.22E+00  0.36E+00  0.86E+05  0.15E+02
     ------------------------------------------------------------

     alpha_pv=     34.5429 eV

     Number of occupied bands for each k-point:
     k-point:     1    nbnd_occ=  42
     k-point:     2    nbnd_occ=  42
     k-point:     3    nbnd_occ=  42
     k-point:     4    nbnd_occ=  42
     k-point:     5    nbnd_occ=  42
     k-point:     6    nbnd_occ=  42
     k-point:     7    nbnd_occ=  42
     k-point:     8    nbnd_occ=  42
     k-point:     9    nbnd_occ=  42
     k-point:    10    nbnd_occ=  42
     k-point:    11    nbnd_occ=  42
     k-point:    12    nbnd_occ=  42
     k-point:    13    nbnd_occ=  42
     k-point:    14    nbnd_occ=  42
     k-point:    15    nbnd_occ=  42
     k-point:    16    nbnd_occ=  42


     q-space interpolation up to   110.00 Rydberg

     GIPAW job: efg                                                                             


     ELECTRIC FIELD GRADIENTS TENSORS IN Hartree/bohrradius^2:

     ----- bare term -----
     Cl   1        0.057199       -0.007529       -0.143105
     Cl   1       -0.007529       -0.042809       -0.068402
     Cl   1       -0.143105       -0.068402       -0.014391

     C    2       -0.331393        0.268970       -0.307156
     C    2        0.268970       -0.059776       -0.313661
     C    2       -0.307156       -0.313661        0.391168

     C    3       -0.074856        0.145202       -0.282787
     C    3        0.145202       -0.359047       -0.504841
     C    3       -0.282787       -0.504841        0.433903

     H    4       -0.615335       -0.223362       -0.002456
     H    4       -0.223362        0.426599       -0.159689
     H    4       -0.002456       -0.159689        0.188737

     C    5       -0.624833        0.317468       -0.386241
     C    5        0.317468        0.188166       -0.243142
     C    5       -0.386241       -0.243142        0.436666

     H    6        0.373777       -0.084107       -0.055255
     H    6       -0.084107       -0.538876       -0.501191
     H    6       -0.055255       -0.501191        0.165099

     H    7        0.039180        0.275531       -0.376680
     H    7        0.275531       -0.113620        0.469080
     H    7       -0.376680        0.469080        0.074440

     C    8       -0.100862       -0.437225       -0.044060
     C    8       -0.437225       -0.351367        0.374875
     C    8       -0.044060        0.374875        0.452229

     H    9       -0.552359        0.246023       -0.370840
     H    9        0.246023        0.326521        0.170842
     H    9       -0.370840        0.170842        0.225838

     C   10       -0.205130       -0.258742       -0.326016
     C   10       -0.258742       -0.239026        0.515469
     C   10       -0.326016        0.515469        0.444157

     C   11       -0.169745        0.016969       -0.331705
     C   11        0.016969       -0.053318        0.671535
     C   11       -0.331705        0.671535        0.223062

     Cl  12       -0.136076       -0.158043       -0.052611
     Cl  12       -0.158043        0.017779        0.106216
     Cl  12       -0.052611        0.106216        0.118296

     H   13        0.287138        0.267935       -0.154099
     H   13        0.267935       -0.632598       -0.052828
     H   13       -0.154099       -0.052828        0.345460

     C   14       -0.260645       -0.212591       -0.333469
     C   14       -0.212591        0.017314       -0.580351
     C   14       -0.333469       -0.580351        0.243331

     H   15       -0.155734       -0.467925       -0.091650
     H   15       -0.467925       -0.219645        0.154361
     H   15       -0.091650        0.154361        0.375379

     C   16       -0.448239        0.293044        0.046553
     C   16        0.293044        0.061974       -0.268807
     C   16        0.046553       -0.268807        0.386264

     C   17       -0.084368       -0.038175       -0.265032
     C   17       -0.038175        0.044858       -0.707566
     C   17       -0.265032       -0.707566        0.039510

     Cl  18       -0.227278        0.201852       -0.032144
     Cl  18        0.201852        0.085107       -0.181760
     Cl  18       -0.032144       -0.181760        0.142171

     H   19        0.235507        0.066184       -0.147917
     H   19        0.066184       -0.405549        0.538088
     H   19       -0.147917        0.538088        0.170042

     C   20       -0.678176       -0.346301       -0.306471
     C   20       -0.346301        0.295504        0.293232
     C   20       -0.306471        0.293232        0.382672

     H   21       -0.458589       -0.107060       -0.393224
     H   21       -0.107060        0.156811        0.206721
     H   21       -0.393224        0.206721        0.301779

     C   22       -0.025607       -0.074498       -0.252069
     C   22       -0.074498       -0.315368        0.469724
     C   22       -0.252069        0.469724        0.340974

     C   23       -0.648679       -0.150335       -0.277702
     C   23       -0.150335        0.124259        0.124361
     C   23       -0.277702        0.124361        0.524420

     Cl  24       -0.113997       -0.082932        0.049199
     Cl  24       -0.082932       -0.065947       -0.045870
     Cl  24        0.049199       -0.045870        0.179945

     ----- ionic term -----
     Cl   1        0.197905       -0.235413       -0.013444
     Cl   1       -0.235413       -0.036341        0.012090
     Cl   1       -0.013444        0.012090       -0.161564

     C    2        0.338656       -0.139085        0.171734
     C    2       -0.139085        0.100311        0.406511
     C    2        0.171734        0.406511       -0.438967

     C    3        0.228677       -0.211765        0.085640
     C    3       -0.211765        0.188472        0.387956
     C    3        0.085640        0.387956       -0.417149

     H    4        0.770655        0.407515        0.476781
     H    4        0.407515       -0.357916        0.228285
     H    4        0.476781        0.228285       -0.412739

     C    5        0.358124       -0.082476        0.172318
     C    5       -0.082476        0.090042        0.312513
     C    5        0.172318        0.312513       -0.448167

     H    6       -0.511889        0.108733        0.050476
     H    6        0.108733        0.779717        0.631646
     H    6        0.050476        0.631646       -0.267827

     H    7       -0.451018       -0.276703        0.200666
     H    7       -0.276703        0.525599       -0.735735
     H    7        0.200666       -0.735735       -0.074581

     C    8        0.346058        0.120002        0.211859
     C    8        0.120002       -0.015056       -0.358420
     C    8        0.211859       -0.358420       -0.331003

     H    9        0.594148       -0.245844        0.677398
     H    9       -0.245844       -0.485843       -0.243239
     H    9        0.677398       -0.243239       -0.108305

     C   10        0.101375        0.209876        0.120634
     C   10        0.209876        0.186114       -0.505643
     C   10        0.120634       -0.505643       -0.287489

     C   11        0.250653        0.124607        0.222139
     C   11        0.124607        0.070300       -0.471321
     C   11        0.222139       -0.471321       -0.320953

     Cl  12        0.147011        0.207327       -0.038736
     Cl  12        0.207327       -0.004131       -0.028149
     Cl  12       -0.038736       -0.028149       -0.142880

     H   13       -0.496107       -0.056216       -0.031643
     H   13       -0.056216        0.792004        0.622806
     H   13       -0.031643        0.622806       -0.295897

     C   14        0.442661       -0.161509        0.152482
     C   14       -0.161509        0.028474        0.314052
     C   14        0.152482        0.314052       -0.471135

     H   15        0.717310        0.450625        0.515779
     H   15        0.450625       -0.324858        0.251118
     H   15        0.515779        0.251118       -0.392452

     C   16        0.279662       -0.211560        0.083734
     C   16       -0.211560        0.155473        0.384876
     C   16        0.083734        0.384876       -0.435135

     C   17        0.254620       -0.113507        0.176930
     C   17       -0.113507        0.172114        0.387285
     C   17        0.176930        0.387285       -0.426734

     Cl  18        0.151883       -0.203521        0.011344
     Cl  18       -0.203521        0.004500        0.004275
     Cl  18        0.011344        0.004275       -0.156383

     H   19       -0.496434       -0.216385        0.112422
     H   19       -0.216385        0.734532       -0.666038
     H   19        0.112422       -0.666038       -0.238098

     C   20        0.344815        0.131499        0.217835
     C   20        0.131499        0.008454       -0.327820
     C   20        0.217835       -0.327820       -0.353269

     H   21        0.622888       -0.226137        0.685279
     H   21       -0.226137       -0.482551       -0.202683
     H   21        0.685279       -0.202683       -0.140338

     C   22        0.186436        0.203491        0.148645
     C   22        0.203491        0.078573       -0.419003
     C   22        0.148645       -0.419003       -0.265010

     C   23        0.308446        0.157390        0.220279
     C   23        0.157390        0.012737       -0.420215
     C   23        0.220279       -0.420215       -0.321183

     Cl  24        0.146822        0.232285       -0.027883
     Cl  24        0.232285        0.004582       -0.026395
     Cl  24       -0.027883       -0.026395       -0.151404

     ----- GIPAW term -----
     Cl   1        1.845381       -1.849578       -1.399816
     Cl   1       -1.849578       -0.532111       -0.545772
     Cl   1       -1.399816       -0.545772       -1.313269

     C    2        0.055929       -0.161944       -0.091501
     C    2       -0.161944        0.013893        0.003165
     C    2       -0.091501        0.003165       -0.069822

     C    3       -0.046158       -0.025577       -0.108045
     C    3       -0.025577       -0.067647       -0.015370
     C    3       -0.108045       -0.015370        0.113805

     H    4       -0.000000        0.000000        0.000000
     H    4        0.000000        0.000000        0.000000
     H    4        0.000000        0.000000        0.000000

     C    5       -0.145090        0.057190       -0.055180
     C    5        0.057190        0.113240        0.001855
     C    5       -0.055180        0.001855        0.031850

     H    6       -0.000000        0.000000        0.000000
     H    6        0.000000        0.000000        0.000000
     H    6        0.000000        0.000000        0.000000

     H    7       -0.000000        0.000000        0.000000
     H    7        0.000000        0.000000        0.000000
     H    7        0.000000        0.000000        0.000000

     C    8        0.022182       -0.154412        0.105006
     C    8       -0.154412       -0.112480       -0.001424
     C    8        0.105006       -0.001424        0.090298

     H    9       -0.000000        0.000000        0.000000
     H    9        0.000000        0.000000        0.000000
     H    9        0.000000        0.000000        0.000000

     C   10       -0.058408       -0.064022       -0.147281
     C   10       -0.064022       -0.052414        0.130995
     C   10       -0.147281        0.130995        0.110822

     C   11       -0.011606        0.101791       -0.077390
     C   11        0.101791        0.054981        0.198447
     C   11       -0.077390        0.198447       -0.043375

     Cl  12       -0.459658        0.389846       -1.108832
     Cl  12        0.389846        0.266758        2.176064
     Cl  12       -1.108832        2.176064        0.192900

     H   13       -0.000000        0.000000        0.000000
     H   13        0.000000        0.000000        0.000000
     H   13        0.000000        0.000000        0.000000

     C   14       -0.064907       -0.160396        0.022211
     C   14       -0.160396        0.091048       -0.233277
     C   14        0.022211       -0.233277       -0.026141

     H   15       -0.000000        0.000000        0.000000
     H   15        0.000000        0.000000        0.000000
     H   15        0.000000        0.000000        0.000000

     C   16       -0.136267       -0.031724        0.045375
     C   16       -0.031724        0.137687       -0.131988
     C   16        0.045375       -0.131988       -0.001420

     C   17       -0.067502       -0.034800       -0.062094
     C   17       -0.034800        0.159777       -0.229934
     C   17       -0.062094       -0.229934       -0.092276

     Cl  18       -0.525398       -0.902642       -0.444581
     Cl  18       -0.902642        1.013187       -1.991474
     Cl  18       -0.444581       -1.991474       -0.487788

     H   19       -0.000000        0.000000        0.000000
     H   19        0.000000        0.000000        0.000000
     H   19        0.000000        0.000000        0.000000

     C   20       -0.188068       -0.022473       -0.028489
     C   20       -0.022473        0.211459        0.079336
     C   20       -0.028489        0.079336       -0.023392

     H   21       -0.000000        0.000000        0.000000
     H   21        0.000000        0.000000        0.000000
     H   21        0.000000        0.000000        0.000000

     C   22       -0.085322        0.066635       -0.082632
     C   22        0.066635        0.040902       -0.083529
     C   22       -0.082632       -0.083529        0.044420

     C   23       -0.140625        0.018930        0.059280
     C   23        0.018930       -0.007475       -0.158375
     C   23        0.059280       -0.158375        0.148100

     Cl  24       -0.530508        1.160757        0.916127
     Cl  24        1.160757       -1.356265       -0.913037
     Cl  24        0.916127       -0.913037        1.886772

     ----- total EFG -----
     Cl   1        2.100485       -2.092520       -1.556365
     Cl   1       -2.092520       -0.611261       -0.602084
     Cl   1       -1.556365       -0.602084       -1.489224

     C    2        0.063193       -0.032059       -0.226923
     C    2       -0.032059        0.054428        0.096015
     C    2       -0.226923        0.096015       -0.117621

     C    3        0.107663       -0.092141       -0.305192
     C    3       -0.092141       -0.238223       -0.132255
     C    3       -0.305192       -0.132255        0.130560

     H    4        0.155320        0.184153        0.474325
     H    4        0.184153        0.068682        0.068596
     H    4        0.474325        0.068596       -0.224002

     C    5       -0.411799        0.292183       -0.269103
     C    5        0.292183        0.391449        0.071226
     C    5       -0.269103        0.071226        0.020350

     H    6       -0.138113        0.024626       -0.004779
     H    6        0.024626        0.240841        0.130455
     H    6       -0.004779        0.130455       -0.102728

     H    7       -0.411838       -0.001171       -0.176014
     H    7       -0.001171        0.411979       -0.266655
     H    7       -0.176014       -0.266655       -0.000142

     C    8        0.267379       -0.471635        0.272805
     C    8       -0.471635       -0.478903        0.015032
     C    8        0.272805        0.015032        0.211524

     H    9        0.041789        0.000179        0.306558
     H    9        0.000179       -0.159322       -0.072397
     H    9        0.306558       -0.072397        0.117533

     C   10       -0.162164       -0.112887       -0.352663
     C   10       -0.112887       -0.105326        0.140821
     C   10       -0.352663        0.140821        0.267489

     C   11        0.069302        0.243367       -0.186956
     C   11        0.243367        0.071964        0.398661
     C   11       -0.186956        0.398661       -0.141266

     Cl  12       -0.448722        0.439130       -1.200179
     Cl  12        0.439130        0.280406        2.254131
     Cl  12       -1.200179        2.254131        0.168316

     H   13       -0.208969        0.211719       -0.185742
     H   13        0.211719        0.159406        0.569978
     H   13       -0.185742        0.569978        0.049563

     C   14        0.117110       -0.534496       -0.158776
     C   14       -0.534496        0.136836       -0.499576
     C   14       -0.158776       -0.499576       -0.253946

     H   15        0.561577       -0.017300        0.424129
     H   15       -0.017300       -0.544504        0.405479
     H   15        0.424129        0.405479       -0.017073

     C   16       -0.304843        0.049761        0.175662
     C   16        0.049761        0.355134       -0.015919
     C   16        0.175662       -0.015919       -0.050291

     C   17        0.102750       -0.186483       -0.150195
     C   17       -0.186483        0.376749       -0.550215
     C   17       -0.150195       -0.550215       -0.479500

     Cl  18       -0.600794       -0.904311       -0.465381
     Cl  18       -0.904311        1.102794       -2.168958
     Cl  18       -0.465381       -2.168958       -0.502000

     H   19       -0.260927       -0.150200       -0.035495
     H   19       -0.150200        0.328983       -0.127950
     H   19       -0.035495       -0.127950       -0.068056

     C   20       -0.521428       -0.237275       -0.117125
     C   20       -0.237275        0.515417        0.044748
     C   20       -0.117125        0.044748        0.006011

     H   21        0.164299       -0.333197        0.292054
     H   21       -0.333197       -0.325740        0.004038
     H   21        0.292054        0.004038        0.161441

     C   22        0.075508        0.195629       -0.186056
     C   22        0.195629       -0.195892       -0.032808
     C   22       -0.186056       -0.032808        0.120385

     C   23       -0.480857        0.025984        0.001857
     C   23        0.025984        0.129520       -0.454229
     C   23        0.001857       -0.454229        0.351337

     Cl  24       -0.497683        1.310109        0.937443
     Cl  24        1.310109       -1.417630       -0.985302
     Cl  24        0.937443       -0.985302        1.915313

     ----- total EFG (symmetrized) -----
     Cl   1        2.100485       -2.092520       -1.556365
     Cl   1       -2.092520       -0.611261       -0.602084
     Cl   1       -1.556365       -0.602084       -1.489224

     C    2        0.063193       -0.032059       -0.226923
     C    2       -0.032059        0.054428        0.096015
     C    2       -0.226923        0.096015       -0.117621

     C    3        0.107663       -0.092141       -0.305192
     C    3       -0.092141       -0.238223       -0.132255
     C    3       -0.305192       -0.132255        0.130560

     H    4        0.155320        0.184153        0.474325
     H    4        0.184153        0.068682        0.068596
     H    4        0.474325        0.068596       -0.224002

     C    5       -0.411799        0.292183       -0.269103
     C    5        0.292183        0.391449        0.071226
     C    5       -0.269103        0.071226        0.020350

     H    6       -0.138113        0.024626       -0.004779
     H    6        0.024626        0.240841        0.130455
     H    6       -0.004779        0.130455       -0.102728

     H    7       -0.411838       -0.001171       -0.176014
     H    7       -0.001171        0.411979       -0.266655
     H    7       -0.176014       -0.266655       -0.000142

     C    8        0.267379       -0.471635        0.272805
     C    8       -0.471635       -0.478903        0.015032
     C    8        0.272805        0.015032        0.211524

     H    9        0.041789        0.000179        0.306558
     H    9        0.000179       -0.159322       -0.072397
     H    9        0.306558       -0.072397        0.117533

     C   10       -0.162164       -0.112887       -0.352663
     C   10       -0.112887       -0.105326        0.140821
     C   10       -0.352663        0.140821        0.267489

     C   11        0.069302        0.243367       -0.186956
     C   11        0.243367        0.071964        0.398661
     C   11       -0.186956        0.398661       -0.141266

     Cl  12       -0.448722        0.439130       -1.200179
     Cl  12        0.439130        0.280406        2.254131
     Cl  12       -1.200179        2.254131        0.168316

     H   13       -0.208969        0.211719       -0.185742
     H   13        0.211719        0.159406        0.569978
     H   13       -0.185742        0.569978        0.049563

     C   14        0.117110       -0.534496       -0.158776
     C   14       -0.534496        0.136836       -0.499576
     C   14       -0.158776       -0.499576       -0.253946

     H   15        0.561577       -0.017300        0.424129
     H   15       -0.017300       -0.544504        0.405479
     H   15        0.424129        0.405479       -0.017073

     C   16       -0.304843        0.049761        0.175662
     C   16        0.049761        0.355134       -0.015919
     C   16        0.175662       -0.015919       -0.050291

     C   17        0.102750       -0.186483       -0.150195
     C   17       -0.186483        0.376749       -0.550215
     C   17       -0.150195       -0.550215       -0.479500

     Cl  18       -0.600794       -0.904311       -0.465381
     Cl  18       -0.904311        1.102794       -2.168958
     Cl  18       -0.465381       -2.168958       -0.502000

     H   19       -0.260927       -0.150200       -0.035495
     H   19       -0.150200        0.328983       -0.127950
     H   19       -0.035495       -0.127950       -0.068056

     C   20       -0.521428       -0.237275       -0.117125
     C   20       -0.237275        0.515417        0.044748
     C   20       -0.117125        0.044748        0.006011

     H   21        0.164299       -0.333197        0.292054
     H   21       -0.333197       -0.325740        0.004038
     H   21        0.292054        0.004038        0.161441

     C   22        0.075508        0.195629       -0.186056
     C   22        0.195629       -0.195892       -0.032808
     C   22       -0.186056       -0.032808        0.120385

     C   23       -0.480857        0.025984        0.001857
     C   23        0.025984        0.129520       -0.454229
     C   23        0.001857       -0.454229        0.351337

     Cl  24       -0.497683        1.310109        0.937443
     Cl  24        1.310109       -1.417630       -0.985302
     Cl  24        0.937443       -0.985302        1.915313


     NQR/NMR SPECTROSCOPIC PARAMETERS:
     Cl   1    Vxx=   -0.5023    axis=(  0.160417  0.709736 -0.685960)
     Cl   1    Vyy=   -2.9855    axis=(  0.445479  0.568096  0.691965)
     Cl   1    Vzz=    3.4878    axis=(  0.880803 -0.416584 -0.225041)
     Cl   1  Q=        -8.1650 1e-30 m^2  Cq=       -66.9118 MHz  eta= 0.71197

     C    2    Vxx=    0.0319    axis=(  0.426782  0.901747 -0.068632)
     C    2    Vyy=    0.2512    axis=(  0.735364 -0.390205 -0.554058)
     C    2    Vzz=   -0.2831    axis=( -0.526401  0.185993 -0.829644)
     C    2  Q=         1.0000 1e-30 m^2  Cq=        -0.6652 MHz  eta= 0.77433

     C    3    Vxx=   -0.0529    axis=(  0.579315 -0.644295  0.499277)
     C    3    Vyy=   -0.3732    axis=( -0.444156 -0.763128 -0.469426)
     C    3    Vzz=    0.4261    axis=( -0.683461 -0.050189  0.728259)
     C    3  Q=         1.0000 1e-30 m^2  Cq=         1.0011 MHz  eta= 0.75175

     H    4    Vxx=   -0.0033    axis=(  0.260680 -0.926198  0.272403)
     H    4    Vyy=   -0.5489    axis=(  0.571109 -0.079551 -0.817011)
     H    4    Vzz=    0.5522    axis=(  0.778384  0.368550  0.508222)
     H    4  Q=         1.0000 1e-30 m^2  Cq=         1.2975 MHz  eta= 0.98797

     C    5    Vxx=    0.1392    axis=( -0.362813  0.161103  0.917830)
     C    5    Vyy=    0.4871    axis=( -0.319640 -0.946702  0.039819)
     C    5    Vzz=   -0.6263    axis=(  0.875327 -0.278928  0.394971)
     C    5  Q=         1.0000 1e-30 m^2  Cq=        -1.4716 MHz  eta= 0.55542

     H    6    Vxx=   -0.1300    axis=(  0.801093  0.150575 -0.579290)
     H    6    Vyy=   -0.1559    axis=( -0.596327  0.283937 -0.750849)
     H    6    Vzz=    0.2859    axis=( -0.051423 -0.946946 -0.317252)
     H    6  Q=         1.0000 1e-30 m^2  Cq=         0.6717 MHz  eta= 0.09034

     H    7    Vxx=   -0.0613    axis=(  0.402258 -0.448633 -0.798071)
     H    7    Vyy=   -0.4879    axis=( -0.911801 -0.117753 -0.393388)
     H    7    Vzz=    0.5493    axis=(  0.082511  0.885925 -0.456431)
     H    7  Q=         1.0000 1e-30 m^2  Cq=         1.2905 MHz  eta= 0.77670

     C    8    Vxx=    0.0919    axis=( -0.392524  0.346738  0.851879)
     C    8    Vyy=    0.6349    axis=( -0.798422  0.331313 -0.502746)
     C    8    Vzz=   -0.7268    axis=( -0.456560 -0.877499  0.146795)
     C    8  Q=         1.0000 1e-30 m^2  Cq=        -1.7077 MHz  eta= 0.74700

     H    9    Vxx=   -0.1392    axis=( -0.411183 -0.878495  0.243259)
     H    9    Vyy=   -0.2547    axis=(  0.635540 -0.467588 -0.614369)
     H    9    Vzz=    0.3939    axis=(  0.653466 -0.098017  0.750583)
     H    9  Q=         1.0000 1e-30 m^2  Cq=         0.9255 MHz  eta= 0.29323

     C   10    Vxx=   -0.1525    axis=(  0.016724  0.952129 -0.305238)
     C   10    Vyy=   -0.3642    axis=( -0.877734 -0.132225 -0.460542)
     C   10    Vzz=    0.5167    axis=( -0.478856  0.275619  0.833505)
     C   10  Q=         1.0000 1e-30 m^2  Cq=         1.2140 MHz  eta= 0.40985

     C   11    Vxx=    0.1784    axis=(  0.850672 -0.022201 -0.525228)
     C   11    Vyy=    0.4050    axis=( -0.320361 -0.814047 -0.484454)
     C   11    Vzz=   -0.5834    axis=( -0.416805  0.580374 -0.699599)
     C   11  Q=         1.0000 1e-30 m^2  Cq=        -1.3707 MHz  eta= 0.38844

     Cl  12    Vxx=    0.0807    axis=(  0.859837  0.465926 -0.208791)
     Cl  12    Vyy=    2.5795    axis=( -0.187953  0.669071  0.719039)
     Cl  12    Vzz=   -2.6602    axis=(  0.474715 -0.579013  0.662864)
     Cl  12  Q=        -8.1650 1e-30 m^2  Cq=        51.0344 MHz  eta= 0.93935

     H   13    Vxx=   -0.0312    axis=(  0.841501  0.334342 -0.424372)
     H   13    Vyy=   -0.6472    axis=( -0.538857  0.575903 -0.614792)
     H   13    Vzz=    0.6783    axis=(  0.038846  0.746024  0.664785)
     H   13  Q=         1.0000 1e-30 m^2  Cq=         1.5938 MHz  eta= 0.90807

     C   14    Vxx=    0.0813    axis=(  0.674724  0.251306 -0.693969)
     C   14    Vyy=    0.7365    axis=( -0.581505  0.760044 -0.290146)
     C   14    Vzz=   -0.8178    axis=(  0.454531  0.599315  0.658956)
     C   14  Q=         1.0000 1e-30 m^2  Cq=        -1.9216 MHz  eta= 0.80109

     H   15    Vxx=   -0.0075    axis=( -0.494837  0.533752  0.685744)
     H   15    Vyy=   -0.8029    axis=(  0.173436  0.833917 -0.523931)
     H   15    Vzz=    0.8104    axis=(  0.851502  0.140328  0.505224)
     H   15  Q=         1.0000 1e-30 m^2  Cq=         1.9041 MHz  eta= 0.98144

     C   16    Vxx=    0.0391    axis=(  0.451638 -0.026194  0.891816)
     C   16    Vyy=    0.3589    axis=( -0.072770 -0.997320  0.007560)
     C   16    Vzz=   -0.3980    axis=(  0.889228 -0.068312 -0.452334)
     C   16  Q=         1.0000 1e-30 m^2  Cq=        -0.9352 MHz  eta= 0.80335

     C   17    Vxx=    0.1357    axis=(  0.953559  0.067836 -0.293469)
     C   17    Vyy=    0.6653    axis=(  0.188363 -0.894587  0.405256)
     C   17    Vzz=   -0.8010    axis=( -0.235043 -0.441714 -0.865819)
     C   17  Q=         1.0000 1e-30 m^2  Cq=        -1.8820 MHz  eta= 0.66114

     Cl  18    Vxx=   -0.2280    axis=(  0.883271 -0.132708 -0.449690)
     Cl  18    Vyy=   -2.4578    axis=(  0.443858  0.545699  0.710776)
     Cl  18    Vzz=    2.6858    axis=(  0.151069 -0.827407  0.540903)
     Cl  18  Q=        -8.1650 1e-30 m^2  Cq=       -51.5262 MHz  eta= 0.83023

     H   19    Vxx=   -0.0794    axis=( -0.324281  0.172175  0.930160)
     H   19    Vyy=   -0.3152    axis=(  0.923754  0.269448  0.272172)
     H   19    Vzz=    0.3946    axis=( -0.203768  0.947499 -0.246424)
     H   19  Q=         1.0000 1e-30 m^2  Cq=         0.9271 MHz  eta= 0.59770

     C   20    Vxx=    0.0161    axis=( -0.144042 -0.156032  0.977193)
     C   20    Vyy=    0.5756    axis=( -0.222234  0.967368  0.121705)
     C   20    Vzz=   -0.5917    axis=( -0.964295 -0.199634 -0.174017)
     C   20  Q=         1.0000 1e-30 m^2  Cq=        -1.3902 MHz  eta= 0.94548

     H   21    Vxx=   -0.0016    axis=( -0.437702  0.459512  0.772829)
     H   21    Vyy=   -0.5245    axis=(  0.498128  0.839503 -0.217033)
     H   21    Vzz=    0.5261    axis=( -0.748522  0.289972 -0.596348)
     H   21  Q=         1.0000 1e-30 m^2  Cq=         1.2360 MHz  eta= 0.99404

     C   22    Vxx=   -0.0263    axis=(  0.506499  0.441004  0.740928)
     C   22    Vyy=   -0.3073    axis=( -0.508595  0.846703 -0.156286)
     C   22    Vzz=    0.3337    axis=( -0.696269 -0.297674  0.653146)
     C   22  Q=         1.0000 1e-30 m^2  Cq=         0.7840 MHz  eta= 0.84218

     C   23    Vxx=   -0.2253    axis=(  0.084091  0.782913  0.616422)
     C   23    Vyy=   -0.4829    axis=( -0.996383  0.073683  0.042339)
     C   23    Vzz=    0.7082    axis=( -0.012272 -0.617752  0.786277)
     C   23  Q=         1.0000 1e-30 m^2  Cq=         1.6639 MHz  eta= 0.36366

     Cl  24    Vxx=    0.4132    axis=(  0.786409  0.611126 -0.089922)
     Cl  24    Vyy=    2.3234    axis=(  0.239789 -0.167869  0.956202)
     Cl  24    Vzz=   -2.7366    axis=(  0.569264 -0.773528 -0.278555)
     Cl  24  Q=        -8.1650 1e-30 m^2  Cq=        52.5003 MHz  eta= 0.69800

     Initialization:
     gipaw_setup  :      9.08s CPU     10.92s WALL (       1 calls)

     Linear response

     Apply operators

     Induced current

     Other routines
     efg          :      9.96s CPU     13.57s WALL (       1 calls)

     General routines
     calbec       :      3.54s CPU      4.92s WALL (      16 calls)
     fft          :      1.49s CPU      1.94s WALL (      15 calls)
     ffts         :      0.04s CPU      0.05s WALL (       2 calls)
     fftw         :      3.58s CPU      5.01s WALL (     672 calls)
     davcio       :      0.04s CPU      0.30s WALL (      32 calls)

     Parallel routines
     fft_scatter  :      2.46s CPU      4.23s WALL (     689 calls)

     Plugins

     GIPAW        :     61.60s CPU     77.56s WALL (       1 calls)
