
     Program QE v.6.0 (svn rev. 13079) starts on 18Jan2017 at 10:36:48 

     This program is part of the open-source Quantum ESPRESSO suite
     for quantum simulation of materials; please cite
         "P. Giannozzi et al., J. Phys.:Condens. Matter 21 395502 (2009);
          URL http://www.quantum-espresso.org", 
     in publications or presentations arising from this work. More details at
     http://www.quantum-espresso.org/quote

     Parallel version (MPI), running on     8 processors
     R & G space division:  proc/nbgrp/npool/nimage =       8

     ***** This is GIPAW svn revision unknown      *****

     Parallelizing q-star over 1 images

     Reading data from directory:
     /users/majewski/paradichlorobenzene/pbe/9_constraint/scratch/pbe.ecut100.np8.dt60.pcl2phi-129368.save
     Message from routine read_xml_file:
     file /users/majewski/paradichlorobenzene/pbe/9_constraint/scratch/pbe.ecut100.np8.dt60.pcl2phi-129368.save not guaranteed to be safe for post-processing

   Info: using nr1, nr2, nr3 values from input

   Info: using nr1, nr2, nr3 values from input

     IMPORTANT: XC functional enforced from input :
     Exchange-correlation      =  SLA  PW   PBX  PBC ( 1  4  3  4 0 0)
     Any further DFT definition will be discarded
     Please, verify this is what you really want

               file C.pbe-n-kjpaw_psl.1.0.0.UPF: wavefunction(s)  2S 2P renormalized
               file Cl.pbe-n-kjpaw_psl.1.0.0.UPF: wavefunction(s)  3S 3P renormalized
               file H.pbe-kjpaw_psl.1.0.0.UPF: wavefunction(s)  1S renormalized

     Parallelization info
     --------------------
     sticks:   dense  smooth     PW     G-vecs:    dense   smooth      PW
     Min        3057    1223    332               144436    36536    5170
     Max        3059    1225    333               144437    36537    5171
     Sum       24467    9791   2657              1155489   292295   41363


     Subspace diagonalization in iterative solution of the eigenvalue problem:
     a serial algorithm will be used

     GIPAW projectors -----------------------------------------------
     atom=  C    l=0  rc=    1.2000  rs=    0.8000
     atom=  C    l=0  rc=    1.2000  rs=    0.8000
     atom=  C    l=1  rc=    1.4000  rs=    0.9333
     atom=  C    l=1  rc=    1.4000  rs=    0.9333
     projs nearly linearly dependent: l=1  n1,n2= 1, 2  s=  0.99951561

     atom=  Cl   l=0  rc=    1.6000  rs=    1.0667
     atom=  Cl   l=0  rc=    1.6000  rs=    1.0667
     atom=  Cl   l=1  rc=    1.6000  rs=    1.0667
     atom=  Cl   l=1  rc=    1.6000  rs=    1.0667
     atom=  Cl   l=2  rc=    1.6000  rs=    1.0667
     atom=  Cl   l=2  rc=    1.6000  rs=    1.0667
     projs nearly linearly dependent: l=2  n1,n2= 1, 2  s=  0.99993509

     atom=  H    l=0  rc=    1.0000  rs=    0.6667
     atom=  H    l=0  rc=    1.0000  rs=    0.6667
     projs nearly linearly dependent: l=0  n1,n2= 1, 2  s=  0.99968852
     -----------------------------------------------------------------

     GIPAW integrals: -------------------------------------------
     Atom  i/j   nmr_para   nmr_dia   epr_rmc  epr_para   epr_dia
       C   1 1   0.83E+03  0.17E-01  0.93E+01  0.24E+08  0.24E+03
       C   2 1   0.86E+03 -0.61E-01  0.94E+01  0.25E+08  0.25E+03
       C   2 2   0.90E+03 -0.15E+00  0.97E+01  0.26E+08  0.26E+03
       C   3 3   0.33E+01  0.34E+00  0.18E+01  0.55E+03  0.21E+02
       C   4 3   0.35E+01  0.37E+00  0.20E+01  0.59E+03  0.22E+02
       C   4 4   0.38E+01  0.39E+00  0.22E+01  0.63E+03  0.24E+02
       Cl  1 1   0.14E+04 -0.47E+00  0.84E+01  0.32E+09  0.42E+03
       Cl  2 1   0.21E+04 -0.37E+00  0.12E+02  0.49E+09  0.65E+03
       Cl  2 2   0.33E+04 -0.16E+00  0.21E+02  0.76E+09  0.10E+04
       Cl  3 3   0.21E+02  0.79E-01  0.89E+01  0.23E+05  0.13E+03
       Cl  4 3   0.24E+02  0.67E-01  0.99E+01  0.27E+05  0.15E+03
       Cl  4 4   0.28E+02  0.44E-01  0.11E+02  0.32E+05  0.18E+03
       Cl  5 5   0.77E+00  0.19E+00  0.18E+01  0.12E+03  0.22E+02
       Cl  6 5   0.80E+00  0.19E+00  0.19E+01  0.12E+03  0.23E+02
       Cl  6 6   0.83E+00  0.20E+00  0.19E+01  0.12E+03  0.23E+02
       H   1 1   0.39E+02  0.19E+00  0.29E+00  0.78E+05  0.13E+02
       H   2 1   0.41E+02  0.21E+00  0.32E+00  0.82E+05  0.14E+02
       H   2 2   0.43E+02  0.22E+00  0.36E+00  0.86E+05  0.15E+02
     ------------------------------------------------------------

     alpha_pv=     33.8895 eV

     Number of occupied bands for each k-point:
     k-point:     1    nbnd_occ=  42
     k-point:     2    nbnd_occ=  42
     k-point:     3    nbnd_occ=  42
     k-point:     4    nbnd_occ=  42
     k-point:     5    nbnd_occ=  42
     k-point:     6    nbnd_occ=  42
     k-point:     7    nbnd_occ=  42
     k-point:     8    nbnd_occ=  42
     k-point:     9    nbnd_occ=  42
     k-point:    10    nbnd_occ=  42
     k-point:    11    nbnd_occ=  42
     k-point:    12    nbnd_occ=  42
     k-point:    13    nbnd_occ=  42
     k-point:    14    nbnd_occ=  42
     k-point:    15    nbnd_occ=  42
     k-point:    16    nbnd_occ=  42


     q-space interpolation up to   110.00 Rydberg

     GIPAW job: efg                                                                             


     ELECTRIC FIELD GRADIENTS TENSORS IN Hartree/bohrradius^2:

     ----- bare term -----
     Cl   1       -0.126203        0.196904       -0.006451
     Cl   1        0.196904       -0.019167       -0.004950
     Cl   1       -0.006451       -0.004950        0.145370

     C    2       -0.002778       -0.093762       -0.457187
     C    2       -0.093762       -0.395781       -0.432435
     C    2       -0.457187       -0.432435        0.398560

     C    3       -0.124931        0.380125       -0.225205
     C    3        0.380125       -0.115438       -0.078318
     C    3       -0.225205       -0.078318        0.240368

     H    4        0.062923       -0.016467       -0.182077
     H    4       -0.016467        0.357598       -0.405690
     H    4       -0.182077       -0.405690       -0.420521

     C    5       -0.060771       -0.030866       -0.575986
     C    5       -0.030866       -0.069161       -0.405976
     C    5       -0.575986       -0.405976        0.129933

     H    6       -0.051364        0.241923        0.219215
     H    6        0.241923       -0.138985       -0.484167
     H    6        0.219215       -0.484167        0.190349

     H    7        0.335120       -0.008219        0.246103
     H    7       -0.008219       -0.087270        0.467975
     H    7        0.246103        0.467975       -0.247850

     C    8       -0.347945       -0.230263       -0.359090
     C    8       -0.230263       -0.090104        0.419370
     C    8       -0.359090        0.419370        0.438049

     H    9       -0.225476        0.174668       -0.485036
     H    9        0.174668        0.394693        0.136919
     H    9       -0.485036        0.136919       -0.169218

     C   10       -0.070265       -0.446591       -0.264243
     C   10       -0.446591       -0.254179        0.528131
     C   10       -0.264243        0.528131        0.324444

     C   11       -0.199929       -0.203408       -0.540485
     C   11       -0.203408        0.023197        0.452031
     C   11       -0.540485        0.452031        0.176733

     Cl  12       -0.054703       -0.118966       -0.111935
     Cl  12       -0.118966        0.038633        0.126650
     Cl  12       -0.111935        0.126650        0.016069

     H   13        0.401359       -0.139133       -0.021306
     H   13       -0.139133       -0.622061       -0.303500
     H   13       -0.021306       -0.303500        0.220703

     C   14       -0.469398        0.227451       -0.386347
     C   14        0.227451       -0.070901       -0.364625
     C   14       -0.386347       -0.364625        0.540299

     H   15       -0.087066       -0.193037       -0.457525
     H   15       -0.193037        0.317441       -0.385160
     H   15       -0.457525       -0.385160       -0.230375

     C   16       -0.359847        0.277927       -0.300568
     C   16        0.277927       -0.111224       -0.391754
     C   16       -0.300568       -0.391754        0.471071

     C   17       -0.059511        0.301673       -0.076886
     C   17        0.301673       -0.390172       -0.473054
     C   17       -0.076886       -0.473054        0.449683

     Cl  18       -0.095914       -0.018040       -0.064025
     Cl  18       -0.018040       -0.049384       -0.124325
     Cl  18       -0.064025       -0.124325        0.145298

     H   19       -0.078277        0.375444       -0.139359
     H   19        0.375444       -0.275041        0.387391
     H   19       -0.139359        0.387391        0.353318

     C   20       -0.007444       -0.487844       -0.242040
     C   20       -0.487844       -0.376585        0.278831
     C   20       -0.242040        0.278831        0.384029

     H   21       -0.701991        0.185016        0.078533
     H   21        0.185016        0.432733        0.134013
     H   21        0.078533        0.134013        0.269258

     C   22        0.017524       -0.006282       -0.450439
     C   22       -0.006282       -0.345835        0.487421
     C   22       -0.450439        0.487421        0.328312

     C   23       -0.282915       -0.113964       -0.360816
     C   23       -0.113964       -0.088781        0.448091
     C   23       -0.360816        0.448091        0.371697

     Cl  24       -0.014180       -0.047208       -0.049171
     Cl  24       -0.047208        0.068103        0.047246
     Cl  24       -0.049171        0.047246       -0.053923

     ----- ionic term -----
     Cl   1        0.180074       -0.205979        0.054600
     Cl   1       -0.205979       -0.039237       -0.019788
     Cl   1        0.054600       -0.019788       -0.140837

     C    2        0.173349       -0.207280        0.336481
     C    2       -0.207280        0.035367        0.401637
     C    2        0.336481        0.401637       -0.208716

     C    3        0.051542       -0.256367        0.248770
     C    3       -0.256367        0.174900        0.384637
     C    3        0.248770        0.384637       -0.226442

     H    4        0.295220        0.418739        0.717470
     H    4        0.418739       -0.266478        0.408797
     H    4        0.717470        0.408797       -0.028741

     C    5        0.151511       -0.272091        0.357695
     C    5       -0.272091        0.067848        0.232733
     C    5        0.357695        0.232733       -0.219359

     H    6       -0.519354       -0.064015        0.008363
     H    6       -0.064015        0.742900        0.633568
     H    6        0.008363        0.633568       -0.223546

     H    7       -0.506825        0.061903       -0.022748
     H    7        0.061903        0.445096       -0.774686
     H    7       -0.022748       -0.774686        0.061729

     C    8        0.251780        0.233134        0.303717
     C    8        0.233134        0.068861       -0.275324
     C    8        0.303717       -0.275324       -0.320640

     H    9        0.596289       -0.374493        0.684620
     H    9       -0.374493       -0.380700       -0.276891
     H    9        0.684620       -0.276891       -0.215588

     C   10        0.107372        0.240446        0.228782
     C   10        0.240446        0.231878       -0.339981
     C   10        0.228782       -0.339981       -0.339250

     C   11        0.173799        0.198415        0.243175
     C   11        0.198415        0.136725       -0.330413
     C   11        0.243175       -0.330413       -0.310523

     Cl  12        0.114143        0.197852        0.025151
     Cl  12        0.197852        0.021251        0.007276
     Cl  12        0.025151        0.007276       -0.135395

     H   13       -0.521008        0.073296        0.042839
     H   13        0.073296        0.702984        0.675507
     H   13        0.042839        0.675507       -0.181976

     C   14        0.197760       -0.182463        0.385601
     C   14       -0.182463        0.062801        0.262034
     C   14        0.385601        0.262034       -0.260561

     H   15        0.373978        0.338223        0.746913
     H   15        0.338223       -0.372184        0.318135
     H   15        0.746913        0.318135       -0.001794

     C   16        0.066147       -0.264733        0.271253
     C   16       -0.264733        0.216680        0.335431
     C   16        0.271253        0.335431       -0.282827

     C   17        0.006596       -0.253640        0.321222
     C   17       -0.253640        0.198670        0.360229
     C   17        0.321222        0.360229       -0.205266

     Cl  18        0.104239       -0.206406        0.040486
     Cl  18       -0.206406        0.039113       -0.026170
     Cl  18        0.040486       -0.026170       -0.143353

     H   19       -0.512496       -0.129744        0.083283
     H   19       -0.129744        0.510099       -0.739588
     H   19        0.083283       -0.739588        0.002397

     C   20        0.217759        0.211775        0.223967
     C   20        0.211775        0.106979       -0.292657
     C   20        0.223967       -0.292657       -0.324738

     H   21        0.743499       -0.301604        0.570414
     H   21       -0.301604       -0.425237       -0.197965
     H   21        0.570414       -0.197965       -0.318262

     C   22        0.121405        0.182459        0.189677
     C   22        0.182459        0.296265       -0.381402
     C   22        0.189677       -0.381402       -0.417670

     C   23        0.159957        0.117454        0.349159
     C   23        0.117454        0.215363       -0.364599
     C   23        0.349159       -0.364599       -0.375320

     Cl  24        0.093218        0.209082        0.024618
     Cl  24        0.209082        0.066611        0.012977
     Cl  24        0.024618        0.012977       -0.159829

     ----- GIPAW term -----
     Cl   1       -1.024772       -0.927668       -0.431772
     Cl   1       -0.927668       -1.221420        0.930712
     Cl   1       -0.431772        0.930712        2.246192

     C    2       -0.011894       -0.097297       -0.189883
     C    2       -0.097297       -0.166988       -0.045045
     C    2       -0.189883       -0.045045        0.178882

     C    3        0.006173        0.026620       -0.145888
     C    3        0.026620       -0.087764        0.012984
     C    3       -0.145888        0.012984        0.081591

     H    4       -0.000000        0.000000        0.000000
     H    4        0.000000        0.000000        0.000000
     H    4        0.000000        0.000000        0.000000

     C    5        0.178200       -0.004266       -0.227845
     C    5       -0.004266       -0.145829       -0.073055
     C    5       -0.227845       -0.073055       -0.032372

     H    6       -0.000000        0.000000        0.000000
     H    6        0.000000        0.000000        0.000000
     H    6        0.000000        0.000000        0.000000

     H    7       -0.000000        0.000000        0.000000
     H    7        0.000000        0.000000        0.000000
     H    7        0.000000        0.000000        0.000000

     C    8       -0.046599       -0.040999       -0.076440
     C    8       -0.040999       -0.053857        0.098785
     C    8       -0.076440        0.098785        0.100456

     H    9       -0.000000        0.000000        0.000000
     H    9        0.000000        0.000000        0.000000
     H    9        0.000000        0.000000        0.000000

     C   10       -0.025141       -0.151406       -0.151824
     C   10       -0.151406       -0.040095        0.177404
     C   10       -0.151824        0.177404        0.065236

     C   11        0.024369       -0.067033       -0.174046
     C   11       -0.067033        0.062080        0.165356
     C   11       -0.174046        0.165356       -0.086448

     Cl  12        0.330598        0.379400       -1.188838
     Cl  12        0.379400        0.892827        1.856226
     Cl  12       -1.188838        1.856226       -1.223425

     H   13       -0.000000        0.000000        0.000000
     H   13        0.000000        0.000000        0.000000
     H   13        0.000000        0.000000        0.000000

     C   14       -0.106028        0.043179       -0.086991
     C   14        0.043179       -0.059237       -0.102116
     C   14       -0.086991       -0.102116        0.165265

     H   15       -0.000000        0.000000        0.000000
     H   15        0.000000        0.000000        0.000000
     H   15        0.000000        0.000000        0.000000

     C   16       -0.119762        0.034589       -0.062330
     C   16        0.034589       -0.011682       -0.036950
     C   16       -0.062330       -0.036950        0.131445

     C   17        0.090822       -0.058189        0.106746
     C   17       -0.058189       -0.136491       -0.063103
     C   17        0.106746       -0.063103        0.045669

     Cl  18       -0.211342       -1.944922       -0.241367
     Cl  18       -1.944922       -0.307696       -1.787947
     Cl  18       -0.241367       -1.787947        0.519038

     H   19       -0.000000        0.000000        0.000000
     H   19        0.000000        0.000000        0.000000
     H   19        0.000000        0.000000        0.000000

     C   20        0.188582       -0.160118       -0.138999
     C   20       -0.160118       -0.157037        0.077034
     C   20       -0.138999        0.077034       -0.031545

     H   21       -0.000000        0.000000        0.000000
     H   21        0.000000        0.000000        0.000000
     H   21        0.000000        0.000000        0.000000

     C   22        0.076360        0.037768       -0.253378
     C   22        0.037768       -0.141595        0.053242
     C   22       -0.253378        0.053242        0.065235

     C   23        0.020426        0.116754       -0.093504
     C   23        0.116754       -0.023538        0.056496
     C   23       -0.093504        0.056496        0.003111

     Cl  24        1.197613        1.763645       -0.349327
     Cl  24        1.763645        0.720625        0.421044
     Cl  24       -0.349327        0.421044       -1.918238

     ----- total EFG -----
     Cl   1       -0.970902       -0.936744       -0.383623
     Cl   1       -0.936744       -1.279823        0.905974
     Cl   1       -0.383623        0.905974        2.250725

     C    2        0.158676       -0.398340       -0.310589
     C    2       -0.398340       -0.527402       -0.075843
     C    2       -0.310589       -0.075843        0.368726

     C    3       -0.067216        0.150377       -0.122323
     C    3        0.150377       -0.028301        0.319303
     C    3       -0.122323        0.319303        0.095517

     H    4        0.358143        0.402272        0.535393
     H    4        0.402272        0.091120        0.003107
     H    4        0.535393        0.003107       -0.449262

     C    5        0.268940       -0.307223       -0.446136
     C    5       -0.307223       -0.147142       -0.246297
     C    5       -0.446136       -0.246297       -0.121798

     H    6       -0.570717        0.177909        0.227579
     H    6        0.177909        0.603915        0.149402
     H    6        0.227579        0.149402       -0.033198

     H    7       -0.171705        0.053684        0.223356
     H    7        0.053684        0.357826       -0.306712
     H    7        0.223356       -0.306712       -0.186121

     C    8       -0.142765       -0.038128       -0.131813
     C    8       -0.038128       -0.075101        0.242831
     C    8       -0.131813        0.242831        0.217865

     H    9        0.370813       -0.199824        0.199584
     H    9       -0.199824        0.013993       -0.139971
     H    9        0.199584       -0.139971       -0.384806

     C   10        0.011966       -0.357551       -0.187285
     C   10       -0.357551       -0.062396        0.365554
     C   10       -0.187285        0.365554        0.050430

     C   11       -0.001762       -0.072026       -0.471356
     C   11       -0.072026        0.222001        0.286974
     C   11       -0.471356        0.286974       -0.220239

     Cl  12        0.390039        0.458286       -1.275621
     Cl  12        0.458286        0.952712        1.990152
     Cl  12       -1.275621        1.990152       -1.342751

     H   13       -0.119649       -0.065837        0.021533
     H   13       -0.065837        0.080922        0.372006
     H   13        0.021533        0.372006        0.038727

     C   14       -0.377667        0.088168       -0.087738
     C   14        0.088168       -0.067337       -0.204708
     C   14       -0.087738       -0.204708        0.445004

     H   15        0.286913        0.145186        0.289388
     H   15        0.145186       -0.054743       -0.067025
     H   15        0.289388       -0.067025       -0.232169

     C   16       -0.413462        0.047782       -0.091645
     C   16        0.047782        0.093774       -0.093273
     C   16       -0.091645       -0.093273        0.319689

     C   17        0.037908       -0.010156        0.351082
     C   17       -0.010156       -0.327993       -0.175928
     C   17        0.351082       -0.175928        0.290085

     Cl  18       -0.203017       -2.169367       -0.264906
     Cl  18       -2.169367       -0.317967       -1.938441
     Cl  18       -0.264906       -1.938441        0.520984

     H   19       -0.590773        0.245700       -0.056076
     H   19        0.245700        0.235058       -0.352197
     H   19       -0.056076       -0.352197        0.355715

     C   20        0.398897       -0.436187       -0.157073
     C   20       -0.436187       -0.426644        0.063207
     C   20       -0.157073        0.063207        0.027747

     H   21        0.041508       -0.116588        0.648947
     H   21       -0.116588        0.007496       -0.063951
     H   21        0.648947       -0.063951       -0.049004

     C   22        0.215289        0.213945       -0.514140
     C   22        0.213945       -0.191165        0.159262
     C   22       -0.514140        0.159262       -0.024124

     C   23       -0.102532        0.120244       -0.105161
     C   23        0.120244        0.103044        0.139988
     C   23       -0.105161        0.139988       -0.000511

     Cl  24        1.276650        1.925519       -0.373880
     Cl  24        1.925519        0.855340        0.481267
     Cl  24       -0.373880        0.481267       -2.131990

     ----- total EFG (symmetrized) -----
     Cl   1       -0.970902       -0.936744       -0.383623
     Cl   1       -0.936744       -1.279823        0.905974
     Cl   1       -0.383623        0.905974        2.250725

     C    2        0.158676       -0.398340       -0.310589
     C    2       -0.398340       -0.527402       -0.075843
     C    2       -0.310589       -0.075843        0.368726

     C    3       -0.067216        0.150377       -0.122323
     C    3        0.150377       -0.028301        0.319303
     C    3       -0.122323        0.319303        0.095517

     H    4        0.358143        0.402272        0.535393
     H    4        0.402272        0.091120        0.003107
     H    4        0.535393        0.003107       -0.449262

     C    5        0.268940       -0.307223       -0.446136
     C    5       -0.307223       -0.147142       -0.246297
     C    5       -0.446136       -0.246297       -0.121798

     H    6       -0.570717        0.177909        0.227579
     H    6        0.177909        0.603915        0.149402
     H    6        0.227579        0.149402       -0.033198

     H    7       -0.171705        0.053684        0.223356
     H    7        0.053684        0.357826       -0.306712
     H    7        0.223356       -0.306712       -0.186121

     C    8       -0.142765       -0.038128       -0.131813
     C    8       -0.038128       -0.075101        0.242831
     C    8       -0.131813        0.242831        0.217865

     H    9        0.370813       -0.199824        0.199584
     H    9       -0.199824        0.013993       -0.139971
     H    9        0.199584       -0.139971       -0.384806

     C   10        0.011966       -0.357551       -0.187285
     C   10       -0.357551       -0.062396        0.365554
     C   10       -0.187285        0.365554        0.050430

     C   11       -0.001762       -0.072026       -0.471356
     C   11       -0.072026        0.222001        0.286974
     C   11       -0.471356        0.286974       -0.220239

     Cl  12        0.390039        0.458286       -1.275621
     Cl  12        0.458286        0.952712        1.990152
     Cl  12       -1.275621        1.990152       -1.342751

     H   13       -0.119649       -0.065837        0.021533
     H   13       -0.065837        0.080922        0.372006
     H   13        0.021533        0.372006        0.038727

     C   14       -0.377667        0.088168       -0.087738
     C   14        0.088168       -0.067337       -0.204708
     C   14       -0.087738       -0.204708        0.445004

     H   15        0.286913        0.145186        0.289388
     H   15        0.145186       -0.054743       -0.067025
     H   15        0.289388       -0.067025       -0.232169

     C   16       -0.413462        0.047782       -0.091645
     C   16        0.047782        0.093774       -0.093273
     C   16       -0.091645       -0.093273        0.319689

     C   17        0.037908       -0.010156        0.351082
     C   17       -0.010156       -0.327993       -0.175928
     C   17        0.351082       -0.175928        0.290085

     Cl  18       -0.203017       -2.169367       -0.264906
     Cl  18       -2.169367       -0.317967       -1.938441
     Cl  18       -0.264906       -1.938441        0.520984

     H   19       -0.590773        0.245700       -0.056076
     H   19        0.245700        0.235058       -0.352197
     H   19       -0.056076       -0.352197        0.355715

     C   20        0.398897       -0.436187       -0.157073
     C   20       -0.436187       -0.426644        0.063207
     C   20       -0.157073        0.063207        0.027747

     H   21        0.041508       -0.116588        0.648947
     H   21       -0.116588        0.007496       -0.063951
     H   21        0.648947       -0.063951       -0.049004

     C   22        0.215289        0.213945       -0.514140
     C   22        0.213945       -0.191165        0.159262
     C   22       -0.514140        0.159262       -0.024124

     C   23       -0.102532        0.120244       -0.105161
     C   23        0.120244        0.103044        0.139988
     C   23       -0.105161        0.139988       -0.000511

     Cl  24        1.276650        1.925519       -0.373880
     Cl  24        1.925519        0.855340        0.481267
     Cl  24       -0.373880        0.481267       -2.131990


     NQR/NMR SPECTROSCOPIC PARAMETERS:
     Cl   1    Vxx=   -0.4497    axis=( -0.777819  0.554192 -0.296427)
     Cl   1    Vyy=   -2.1240    axis=(  0.604293  0.789074 -0.110421)
     Cl   1    Vzz=    2.5737    axis=( -0.172709  0.265016  0.948651)
     Cl   1  Q=        -8.1650 1e-30 m^2  Cq=       -49.3744 MHz  eta= 0.65056

     C    2    Vxx=    0.1251    axis=(  0.616353 -0.451265  0.645344)
     C    2    Vyy=    0.6221    axis=( -0.647726  0.175539  0.741375)
     C    2    Vzz=   -0.7472    axis=( -0.447840 -0.874955 -0.184102)
     C    2  Q=         1.0000 1e-30 m^2  Cq=        -1.7557 MHz  eta= 0.66511

     C    3    Vxx=    0.0445    axis=(  0.866305  0.383054 -0.320600)
     C    3    Vyy=    0.3589    axis=( -0.003558 -0.637075 -0.770794)
     C    3    Vzz=   -0.4034    axis=( -0.499502  0.668883 -0.550539)
     C    3  Q=         1.0000 1e-30 m^2  Cq=        -0.9478 MHz  eta= 0.77916

     H    4    Vxx=   -0.0541    axis=(  0.307015 -0.859240  0.409204)
     H    4    Vyy=   -0.7575    axis=(  0.486807 -0.227679 -0.843315)
     H    4    Vzz=    0.8116    axis=(  0.817778  0.458114  0.348384)
     H    4  Q=         1.0000 1e-30 m^2  Cq=         1.9069 MHz  eta= 0.86669

     C    5    Vxx=    0.0957    axis=(  0.143357 -0.788227  0.598454)
     C    5    Vyy=    0.5859    axis=( -0.858690  0.201574  0.471190)
     C    5    Vzz=   -0.6816    axis=( -0.492038 -0.581434 -0.647945)
     C    5  Q=         1.0000 1e-30 m^2  Cq=        -1.6015 MHz  eta= 0.71910

     H    6    Vxx=   -0.0134    axis=(  0.276733 -0.300641  0.912707)
     H    6    Vyy=   -0.6652    axis=( -0.943547  0.094914  0.317348)
     H    6    Vzz=    0.6786    axis=( -0.182037 -0.949003 -0.257404)
     H    6  Q=         1.0000 1e-30 m^2  Cq=         1.5944 MHz  eta= 0.96048

     H    7    Vxx=   -0.0120    axis=(  0.808382  0.301795  0.505408)
     H    7    Vyy=   -0.4868    axis=( -0.584491  0.309532  0.750041)
     H    7    Vzz=    0.4988    axis=(  0.069919 -0.901726  0.426616)
     H    7  Q=         1.0000 1e-30 m^2  Cq=         1.1719 MHz  eta= 0.95181

     C    8    Vxx=   -0.1588    axis=(  0.839946  0.539959 -0.054172)
     C    8    Vyy=   -0.2299    axis=( -0.484520  0.701239 -0.522976)
     C    8    Vzz=    0.3886    axis=( -0.244398  0.465519  0.850624)
     C    8  Q=         1.0000 1e-30 m^2  Cq=         0.9131 MHz  eta= 0.18291

     H    9    Vxx=   -0.0704    axis=(  0.450442  0.886177 -0.108589)
     H    9    Vyy=   -0.4532    axis=(  0.181736 -0.210090 -0.960643)
     H    9    Vzz=    0.5236    axis=( -0.874113  0.412979 -0.255684)
     H    9  Q=         1.0000 1e-30 m^2  Cq=         1.2303 MHz  eta= 0.73099

     C   10    Vxx=   -0.1564    axis=( -0.710081  0.034074 -0.703295)
     C   10    Vyy=   -0.4524    axis=( -0.445919 -0.794762  0.411716)
     C   10    Vzz=    0.6088    axis=( -0.544924  0.605964  0.579539)
     C   10  Q=         1.0000 1e-30 m^2  Cq=         1.4303 MHz  eta= 0.48625

     C   11    Vxx=    0.0808    axis=(  0.606871  0.762895 -0.222933)
     C   11    Vyy=    0.5543    axis=( -0.557502  0.608507  0.564722)
     C   11    Vzz=   -0.6352    axis=(  0.566480 -0.218428  0.794600)
     C   11  Q=         1.0000 1e-30 m^2  Cq=        -1.4924 MHz  eta= 0.74543

     Cl  12    Vxx=    0.8716    axis=(  0.914539  0.336603 -0.224316)
     Cl  12    Vyy=    2.1448    axis=( -0.173070  0.826847  0.535136)
     Cl  12    Vzz=   -3.0164    axis=(  0.365604 -0.450580  0.814439)
     Cl  12  Q=        -8.1650 1e-30 m^2  Cq=        57.8683 MHz  eta= 0.42210

     H   13    Vxx=   -0.1039    axis=(  0.958374 -0.148905  0.243611)
     H   13    Vyy=   -0.3305    axis=( -0.279117 -0.668241  0.689599)
     H   13    Vzz=    0.4344    axis=( -0.060106  0.728890  0.681987)
     H   13  Q=         1.0000 1e-30 m^2  Cq=         1.0207 MHz  eta= 0.52145

     C   14    Vxx=   -0.1282    axis=(  0.197396  0.913250  0.356384)
     C   14    Vyy=   -0.4025    axis=(  0.972587 -0.228022  0.045613)
     C   14    Vzz=    0.5306    axis=( -0.122919 -0.337611  0.933225)
     C   14  Q=         1.0000 1e-30 m^2  Cq=         1.2467 MHz  eta= 0.51692

     H   15    Vxx=   -0.0349    axis=( -0.057539  0.916520 -0.395830)
     H   15    Vyy=   -0.4045    axis=( -0.422862  0.336790  0.841285)
     H   15    Vzz=    0.4394    axis=(  0.904366  0.215788  0.368183)
     H   15  Q=         1.0000 1e-30 m^2  Cq=         1.0323 MHz  eta= 0.84109

     C   16    Vxx=    0.0606    axis=(  0.027365  0.937399  0.347180)
     C   16    Vyy=    0.3667    axis=( -0.130253 -0.341006  0.930994)
     C   16    Vzz=   -0.4273    axis=(  0.991103 -0.070698  0.112768)
     C   16  Q=         1.0000 1e-30 m^2  Cq=        -1.0040 MHz  eta= 0.71625

     C   17    Vxx=   -0.1648    axis=( -0.787952 -0.428088  0.442575)
     C   17    Vyy=   -0.3977    axis=( -0.275803  0.888016  0.367915)
     C   17    Vzz=    0.5625    axis=(  0.550513 -0.167836  0.817782)
     C   17  Q=         1.0000 1e-30 m^2  Cq=         1.3217 MHz  eta= 0.41406

     Cl  18    Vxx=    0.4523    axis=( -0.684736  0.119048  0.719002)
     Cl  18    Vyy=    2.7043    axis=(  0.463939 -0.689643  0.556015)
     Cl  18    Vzz=   -3.1566    axis=( -0.562047 -0.714297 -0.416993)
     Cl  18  Q=        -8.1650 1e-30 m^2  Cq=        60.5572 MHz  eta= 0.71342

     H   19    Vxx=   -0.0252    axis=(  0.235134  0.696114  0.678334)
     H   19    Vyy=   -0.6601    axis=( -0.958791  0.280626  0.044369)
     H   19    Vzz=    0.6852    axis=( -0.159472 -0.660814  0.733413)
     H   19  Q=         1.0000 1e-30 m^2  Cq=         1.6100 MHz  eta= 0.92659

     C   20    Vxx=   -0.0195    axis=(  0.244444 -0.112358  0.963132)
     C   20    Vyy=   -0.6144    axis=( -0.396224 -0.918131 -0.006546)
     C   20    Vzz=    0.6339    axis=(  0.885016 -0.380016 -0.268950)
     C   20  Q=         1.0000 1e-30 m^2  Cq=         1.4895 MHz  eta= 0.93850

     H   21    Vxx=   -0.0159    axis=(  0.105125  0.980365  0.166832)
     H   21    Vyy=   -0.6559    axis=( -0.684833 -0.050275  0.726963)
     H   21    Vzz=    0.6718    axis=(  0.721077 -0.190674  0.666102)
     H   21  Q=         1.0000 1e-30 m^2  Cq=         1.5785 MHz  eta= 0.95270

     C   22    Vxx=   -0.0323    axis=(  0.266935  0.837398  0.476980)
     C   22    Vyy=   -0.5974    axis=(  0.547044 -0.539135  0.640372)
     C   22    Vzz=    0.6297    axis=( -0.793403 -0.089991  0.602008)
     C   22  Q=         1.0000 1e-30 m^2  Cq=         1.4795 MHz  eta= 0.89756

     C   23    Vxx=    0.0500    axis=(  0.679911  0.264039 -0.684109)
     C   23    Vyy=    0.2070    axis=( -0.164365 -0.854312 -0.493087)
     C   23    Vzz=   -0.2569    axis=(  0.714637 -0.447698  0.537457)
     C   23  Q=         1.0000 1e-30 m^2  Cq=        -0.6037 MHz  eta= 0.61102

     Cl  24    Vxx=   -0.6257    axis=( -0.622350  0.687525  0.374153)
     Cl  24    Vyy=   -2.3776    axis=(  0.244278 -0.283533  0.927328)
     Cl  24    Vzz=    3.0034    axis=( -0.743646 -0.668520 -0.008510)
     Cl  24  Q=        -8.1650 1e-30 m^2  Cq=       -57.6181 MHz  eta= 0.58331

     Initialization:
     gipaw_setup  :      9.37s CPU     11.16s WALL (       1 calls)

     Linear response

     Apply operators

     Induced current

     Other routines
     efg          :      9.52s CPU     12.06s WALL (       1 calls)

     General routines
     calbec       :      3.40s CPU      4.63s WALL (      16 calls)
     fft          :      1.85s CPU      3.24s WALL (      15 calls)
     ffts         :      0.03s CPU      0.04s WALL (       2 calls)
     fftw         :      3.31s CPU      3.95s WALL (     672 calls)
     davcio       :      0.07s CPU      0.41s WALL (      32 calls)

     Parallel routines
     fft_scatter  :      2.37s CPU      4.29s WALL (     689 calls)

     Plugins

     GIPAW        :     62.10s CPU     76.65s WALL (       1 calls)
