
     Program QE v.6.0 (svn rev. 13079) starts on 29Dec2016 at 21:41:13 

     This program is part of the open-source Quantum ESPRESSO suite
     for quantum simulation of materials; please cite
         "P. Giannozzi et al., J. Phys.:Condens. Matter 21 395502 (2009);
          URL http://www.quantum-espresso.org", 
     in publications or presentations arising from this work. More details at
     http://www.quantum-espresso.org/quote

     Parallel version (MPI), running on     8 processors
     R & G space division:  proc/nbgrp/npool/nimage =       8

     ***** This is GIPAW svn revision unknown      *****

     Parallelizing q-star over 1 images

     Reading data from directory:
     /users/majewski/paradichlorobenzene/pbe/9_constraint/scratch/pbe.ecut100.np8.dt60.pcl2phi-129368.save
     Message from routine read_xml_file:
     file /users/majewski/paradichlorobenzene/pbe/9_constraint/scratch/pbe.ecut100.np8.dt60.pcl2phi-129368.save not guaranteed to be safe for post-processing

   Info: using nr1, nr2, nr3 values from input

   Info: using nr1, nr2, nr3 values from input

     IMPORTANT: XC functional enforced from input :
     Exchange-correlation      =  SLA  PW   PBX  PBC ( 1  4  3  4 0 0)
     Any further DFT definition will be discarded
     Please, verify this is what you really want

               file C.pbe-n-kjpaw_psl.1.0.0.UPF: wavefunction(s)  2S 2P renormalized
               file Cl.pbe-n-kjpaw_psl.1.0.0.UPF: wavefunction(s)  3S 3P renormalized
               file H.pbe-kjpaw_psl.1.0.0.UPF: wavefunction(s)  1S renormalized

     Parallelization info
     --------------------
     sticks:   dense  smooth     PW     G-vecs:    dense   smooth      PW
     Min        3057    1223    332               144436    36536    5170
     Max        3059    1225    333               144437    36537    5171
     Sum       24467    9791   2657              1155489   292295   41363


     Subspace diagonalization in iterative solution of the eigenvalue problem:
     a serial algorithm will be used

     GIPAW projectors -----------------------------------------------
     atom=  C    l=0  rc=    1.2000  rs=    0.8000
     atom=  C    l=0  rc=    1.2000  rs=    0.8000
     atom=  C    l=1  rc=    1.4000  rs=    0.9333
     atom=  C    l=1  rc=    1.4000  rs=    0.9333
     projs nearly linearly dependent: l=1  n1,n2= 1, 2  s=  0.99951561

     atom=  Cl   l=0  rc=    1.6000  rs=    1.0667
     atom=  Cl   l=0  rc=    1.6000  rs=    1.0667
     atom=  Cl   l=1  rc=    1.6000  rs=    1.0667
     atom=  Cl   l=1  rc=    1.6000  rs=    1.0667
     atom=  Cl   l=2  rc=    1.6000  rs=    1.0667
     atom=  Cl   l=2  rc=    1.6000  rs=    1.0667
     projs nearly linearly dependent: l=2  n1,n2= 1, 2  s=  0.99993509

     atom=  H    l=0  rc=    1.0000  rs=    0.6667
     atom=  H    l=0  rc=    1.0000  rs=    0.6667
     projs nearly linearly dependent: l=0  n1,n2= 1, 2  s=  0.99968852
     -----------------------------------------------------------------

     GIPAW integrals: -------------------------------------------
     Atom  i/j   nmr_para   nmr_dia   epr_rmc  epr_para   epr_dia
       C   1 1   0.83E+03  0.17E-01  0.93E+01  0.24E+08  0.24E+03
       C   2 1   0.86E+03 -0.61E-01  0.94E+01  0.25E+08  0.25E+03
       C   2 2   0.90E+03 -0.15E+00  0.97E+01  0.26E+08  0.26E+03
       C   3 3   0.33E+01  0.34E+00  0.18E+01  0.55E+03  0.21E+02
       C   4 3   0.35E+01  0.37E+00  0.20E+01  0.59E+03  0.22E+02
       C   4 4   0.38E+01  0.39E+00  0.22E+01  0.63E+03  0.24E+02
       Cl  1 1   0.14E+04 -0.47E+00  0.84E+01  0.32E+09  0.42E+03
       Cl  2 1   0.21E+04 -0.37E+00  0.12E+02  0.49E+09  0.65E+03
       Cl  2 2   0.33E+04 -0.16E+00  0.21E+02  0.76E+09  0.10E+04
       Cl  3 3   0.21E+02  0.79E-01  0.89E+01  0.23E+05  0.13E+03
       Cl  4 3   0.24E+02  0.67E-01  0.99E+01  0.27E+05  0.15E+03
       Cl  4 4   0.28E+02  0.44E-01  0.11E+02  0.32E+05  0.18E+03
       Cl  5 5   0.77E+00  0.19E+00  0.18E+01  0.12E+03  0.22E+02
       Cl  6 5   0.80E+00  0.19E+00  0.19E+01  0.12E+03  0.23E+02
       Cl  6 6   0.83E+00  0.20E+00  0.19E+01  0.12E+03  0.23E+02
       H   1 1   0.39E+02  0.19E+00  0.29E+00  0.78E+05  0.13E+02
       H   2 1   0.41E+02  0.21E+00  0.32E+00  0.82E+05  0.14E+02
       H   2 2   0.43E+02  0.22E+00  0.36E+00  0.86E+05  0.15E+02
     ------------------------------------------------------------

     alpha_pv=     34.2104 eV

     Number of occupied bands for each k-point:
     k-point:     1    nbnd_occ=  42
     k-point:     2    nbnd_occ=  42
     k-point:     3    nbnd_occ=  42
     k-point:     4    nbnd_occ=  42
     k-point:     5    nbnd_occ=  42
     k-point:     6    nbnd_occ=  42
     k-point:     7    nbnd_occ=  42
     k-point:     8    nbnd_occ=  42
     k-point:     9    nbnd_occ=  42
     k-point:    10    nbnd_occ=  42
     k-point:    11    nbnd_occ=  42
     k-point:    12    nbnd_occ=  42
     k-point:    13    nbnd_occ=  42
     k-point:    14    nbnd_occ=  42
     k-point:    15    nbnd_occ=  42
     k-point:    16    nbnd_occ=  42


     q-space interpolation up to   110.00 Rydberg

     GIPAW job: efg                                                                             


     ELECTRIC FIELD GRADIENTS TENSORS IN Hartree/bohrradius^2:

     ----- bare term -----
     Cl   1       -0.165423        0.236546       -0.036096
     Cl   1        0.236546        0.084536       -0.088388
     Cl   1       -0.036096       -0.088388        0.080887

     C    2       -0.032838       -0.033506       -0.256647
     C    2       -0.033506        0.058941       -0.691157
     C    2       -0.256647       -0.691157       -0.026103

     C    3       -0.577081        0.355702       -0.235230
     C    3        0.355702        0.245310       -0.289202
     C    3       -0.235230       -0.289202        0.331771

     H    4       -0.145319       -0.489048       -0.245651
     H    4       -0.489048       -0.265009       -0.083651
     H    4       -0.245651       -0.083651        0.410328

     C    5       -0.044296        0.242183       -0.095025
     C    5        0.242183       -0.070719       -0.419012
     C    5       -0.095025       -0.419012        0.115016

     H    6        0.294742       -0.397857       -0.105052
     H    6       -0.397857       -0.590388       -0.386461
     H    6       -0.105052       -0.386461        0.295647

     H    7        0.359406       -0.064114       -0.238873
     H    7       -0.064114       -0.377589        0.479626
     H    7       -0.238873        0.479626        0.018182

     C    8       -0.767539       -0.311781       -0.308535
     C    8       -0.311781        0.378184        0.129780
     C    8       -0.308535        0.129780        0.389355

     H    9        0.007934       -0.148993       -0.491820
     H    9       -0.148993        0.036281       -0.213742
     H    9       -0.491820       -0.213742       -0.044215

     C   10        0.102972        0.033438       -0.233880
     C   10        0.033438       -0.060264        0.592174
     C   10       -0.233880        0.592174       -0.042707

     C   11       -0.705701       -0.452021       -0.326062
     C   11       -0.452021        0.325310        0.132301
     C   11       -0.326062        0.132301        0.380391

     Cl  12        0.089616       -0.058747       -0.011583
     Cl  12       -0.058747       -0.089368       -0.008458
     Cl  12       -0.011583       -0.008458       -0.000249

     H   13        0.440092       -0.029146       -0.070140
     H   13       -0.029146       -0.504094       -0.577937
     H   13       -0.070140       -0.577937        0.064002

     C   14       -0.836480        0.374740       -0.344064
     C   14        0.374740        0.489595       -0.171793
     C   14       -0.344064       -0.171793        0.346884

     H   15       -0.415570        0.118223       -0.412334
     H   15        0.118223        0.103107       -0.215682
     H   15       -0.412334       -0.215682        0.312463

     C   16       -0.002221        0.211901       -0.161817
     C   16        0.211901       -0.104402       -0.601872
     C   16       -0.161817       -0.601872        0.106622

     C   17       -0.481761        0.386969       -0.453125
     C   17        0.386969        0.296411       -0.226775
     C   17       -0.453125       -0.226775        0.185350

     Cl  18       -0.014845        0.108043       -0.051449
     Cl  18        0.108043        0.117518       -0.041100
     Cl  18       -0.051449       -0.041100       -0.102673

     H   19        0.426253       -0.097809        0.024513
     H   19       -0.097809       -0.689230        0.446042
     H   19        0.024513        0.446042        0.262978

     C   20       -0.115805        0.212934       -0.395815
     C   20        0.212934       -0.033776        0.415183
     C   20       -0.395815        0.415183        0.149581

     H   21        0.054420        0.086075       -0.296989
     H   21        0.086075        0.169230        0.540447
     H   21       -0.296989        0.540447       -0.223650

     C   22       -0.629418       -0.340182       -0.400147
     C   22       -0.340182        0.173584        0.010768
     C   22       -0.400147        0.010768        0.455834

     C   23        0.030546        0.308427       -0.457811
     C   23        0.308427       -0.263483        0.480071
     C   23       -0.457811        0.480071        0.232937

     Cl  24       -0.276902       -0.291589       -0.121547
     Cl  24       -0.291589        0.005968       -0.109262
     Cl  24       -0.121547       -0.109262        0.270933

     ----- ionic term -----
     Cl   1        0.142767       -0.174917       -0.002535
     Cl   1       -0.174917        0.003275        0.011549
     Cl   1       -0.002535        0.011549       -0.146042

     C    2        0.279126       -0.094432        0.251842
     C    2       -0.094432        0.067627        0.418705
     C    2        0.251842        0.418705       -0.346753

     C    3        0.132927       -0.221829        0.167998
     C    3       -0.221829        0.195352        0.432620
     C    3        0.167998        0.432620       -0.328279

     H    4        0.577352        0.367657        0.640964
     H    4        0.367657       -0.374265        0.291231
     H    4        0.640964        0.291231       -0.203088

     C    5        0.254934       -0.182015        0.242276
     C    5       -0.182015        0.073069        0.331907
     C    5        0.242276        0.331907       -0.328003

     H    6       -0.517213        0.133416        0.103415
     H    6        0.133416        0.559383        0.749065
     H    6        0.103415        0.749065       -0.042171

     H    7       -0.527680       -0.103022        0.081071
     H    7       -0.103022        0.560787       -0.743037
     H    7        0.081071       -0.743037       -0.033107

     C    8        0.166273        0.194960        0.353435
     C    8        0.194960        0.062906       -0.255963
     C    8        0.353435       -0.255963       -0.229178

     H    9        0.467269       -0.167046        0.751045
     H    9       -0.167046       -0.457942       -0.181479
     H    9        0.751045       -0.181479       -0.009327

     C   10        0.062892        0.256898        0.264321
     C   10        0.256898        0.144634       -0.306739
     C   10        0.264321       -0.306739       -0.207526

     C   11        0.152171        0.221765        0.327999
     C   11        0.221765        0.059707       -0.379516
     C   11        0.327999       -0.379516       -0.211878

     Cl  12        0.126920        0.234048        0.004824
     Cl  12        0.234048        0.026685       -0.004192
     Cl  12        0.004824       -0.004192       -0.153605

     H   13       -0.509676        0.089609        0.045524
     H   13        0.089609        0.718984        0.678999
     H   13        0.045524        0.678999       -0.209308

     C   14        0.364361       -0.167280        0.236791
     C   14       -0.167280        0.067902        0.312535
     C   14        0.236791        0.312535       -0.432263

     H   15        0.710274        0.313191        0.616033
     H   15        0.313191       -0.402133        0.219054
     H   15        0.616033        0.219054       -0.308140

     C   16        0.213056       -0.228390        0.177375
     C   16       -0.228390        0.202422        0.371515
     C   16        0.177375        0.371515       -0.415478

     C   17        0.185728       -0.141686        0.275456
     C   17       -0.141686        0.166838        0.384271
     C   17        0.275456        0.384271       -0.352566

     Cl  18        0.136686       -0.217561        0.020150
     Cl  18       -0.217561        0.010104        0.000454
     Cl  18        0.020150        0.000454       -0.146790

     H   19       -0.506401       -0.090446        0.073981
     H   19       -0.090446        0.712313       -0.661442
     H   19        0.073981       -0.661442       -0.205912

     C   20        0.237191        0.218421        0.358140
     C   20        0.218421        0.042939       -0.259484
     C   20        0.358140       -0.259484       -0.280130

     H   21        0.393318       -0.297650        0.769640
     H   21       -0.297650       -0.410964       -0.301808
     H   21        0.769640       -0.301808        0.017646

     C   22        0.065203        0.224841        0.245143
     C   22        0.224841        0.200764       -0.374928
     C   22        0.245143       -0.374928       -0.265967

     C   23        0.155025        0.229072        0.309145
     C   23        0.229072        0.116317       -0.377911
     C   23        0.309145       -0.377911       -0.271341

     Cl  24        0.148110        0.218574        0.012948
     Cl  24        0.218574        0.014097       -0.003069
     Cl  24        0.012948       -0.003069       -0.162207

     ----- GIPAW term -----
     Cl   1       -0.478869        0.239193       -0.773924
     Cl   1        0.239193        1.814360       -1.748143
     Cl   1       -0.773924       -1.748143       -1.335491

     C    2       -0.061653       -0.028279       -0.051537
     C    2       -0.028279        0.202447       -0.189379
     C    2       -0.051537       -0.189379       -0.140794

     C    3       -0.198178        0.108749       -0.066026
     C    3        0.108749        0.257160       -0.114503
     C    3       -0.066026       -0.114503       -0.058982

     H    4       -0.000000        0.000000        0.000000
     H    4        0.000000        0.000000        0.000000
     H    4        0.000000        0.000000        0.000000

     C    5       -0.056699        0.146145        0.007440
     C    5        0.146145        0.196106       -0.073241
     C    5        0.007440       -0.073241       -0.139408

     H    6       -0.000000        0.000000        0.000000
     H    6        0.000000        0.000000        0.000000
     H    6        0.000000        0.000000        0.000000

     H    7       -0.000000        0.000000        0.000000
     H    7        0.000000        0.000000        0.000000
     H    7        0.000000        0.000000        0.000000

     C    8       -0.176812        0.104311       -0.037161
     C    8        0.104311        0.265783       -0.042341
     C    8       -0.037161       -0.042341       -0.088971

     H    9       -0.000000        0.000000        0.000000
     H    9        0.000000        0.000000        0.000000
     H    9        0.000000        0.000000        0.000000

     C   10       -0.081888        0.069739       -0.017731
     C   10        0.069739        0.186585        0.125927
     C   10       -0.017731        0.125927       -0.104697

     C   11       -0.161138        0.020560       -0.031572
     C   11        0.020560        0.276225       -0.004857
     C   11       -0.031572       -0.004857       -0.115087

     Cl  12       -0.073765        0.559392       -0.012549
     Cl  12        0.559392        2.488385       -0.316124
     Cl  12       -0.012549       -0.316124       -2.414620

     H   13       -0.000000        0.000000        0.000000
     H   13        0.000000        0.000000        0.000000
     H   13        0.000000        0.000000        0.000000

     C   14       -0.241000        0.041629       -0.033897
     C   14        0.041629        0.323512       -0.010011
     C   14       -0.033897       -0.010011       -0.082512

     H   15       -0.000000        0.000000        0.000000
     H   15        0.000000        0.000000        0.000000
     H   15        0.000000        0.000000        0.000000

     C   16       -0.112749        0.039813       -0.015688
     C   16        0.039813        0.239138       -0.042633
     C   16       -0.015688       -0.042633       -0.126389

     C   17       -0.084298        0.121026       -0.072980
     C   17        0.121026        0.247206       -0.043556
     C   17       -0.072980       -0.043556       -0.162908

     Cl  18        0.372990       -0.258454       -0.431906
     Cl  18       -0.258454        2.248218       -0.719303
     Cl  18       -0.431906       -0.719303       -2.621208

     H   19       -0.000000        0.000000        0.000000
     H   19        0.000000        0.000000        0.000000
     H   19        0.000000        0.000000        0.000000

     C   20       -0.074364        0.170251       -0.100522
     C   20        0.170251        0.155069       -0.050406
     C   20       -0.100522       -0.050406       -0.080704

     H   21       -0.000000        0.000000        0.000000
     H   21        0.000000        0.000000        0.000000
     H   21        0.000000        0.000000        0.000000

     C   22       -0.176104        0.072496       -0.150538
     C   22        0.072496        0.123089       -0.180480
     C   22       -0.150538       -0.180480        0.053015

     C   23       -0.006740        0.230286       -0.145265
     C   23        0.230286        0.010121       -0.105387
     C   23       -0.145265       -0.105387       -0.003381

     Cl  24       -0.093512        1.832999       -1.356848
     Cl  24        1.832999        0.413978       -1.528425
     Cl  24       -1.356848       -1.528425       -0.320465

     ----- total EFG -----
     Cl   1       -0.501525        0.300822       -0.812556
     Cl   1        0.300822        1.902171       -1.824983
     Cl   1       -0.812556       -1.824983       -1.400646

     C    2        0.184635       -0.156217       -0.056342
     C    2       -0.156217        0.329015       -0.461831
     C    2       -0.056342       -0.461831       -0.513650

     C    3       -0.642332        0.242621       -0.133258
     C    3        0.242621        0.697822        0.028915
     C    3       -0.133258        0.028915       -0.055490

     H    4        0.432033       -0.121392        0.395313
     H    4       -0.121392       -0.639273        0.207580
     H    4        0.395313        0.207580        0.207240

     C    5        0.153939        0.206313        0.154691
     C    5        0.206313        0.198456       -0.160345
     C    5        0.154691       -0.160345       -0.352395

     H    6       -0.222471       -0.264442       -0.001637
     H    6       -0.264442       -0.031005        0.362604
     H    6       -0.001637        0.362604        0.253476

     H    7       -0.168274       -0.167137       -0.157802
     H    7       -0.167137        0.183198       -0.263411
     H    7       -0.157802       -0.263411       -0.014924

     C    8       -0.778078       -0.012511        0.007739
     C    8       -0.012511        0.706872       -0.168524
     C    8        0.007739       -0.168524        0.071206

     H    9        0.475203       -0.316039        0.259225
     H    9       -0.316039       -0.421661       -0.395221
     H    9        0.259225       -0.395221       -0.053542

     C   10        0.083975        0.360075        0.012710
     C   10        0.360075        0.270955        0.411362
     C   10        0.012710        0.411362       -0.354931

     C   11       -0.714667       -0.209696       -0.029635
     C   11       -0.209696        0.661243       -0.252072
     C   11       -0.029635       -0.252072        0.053425

     Cl  12        0.142772        0.734693       -0.019308
     Cl  12        0.734693        2.425702       -0.328774
     Cl  12       -0.019308       -0.328774       -2.568474

     H   13       -0.069585        0.060463       -0.024617
     H   13        0.060463        0.214891        0.101062
     H   13       -0.024617        0.101062       -0.145306

     C   14       -0.713119        0.249090       -0.141170
     C   14        0.249090        0.881009        0.130732
     C   14       -0.141170        0.130732       -0.167890

     H   15        0.294704        0.431415        0.203700
     H   15        0.431415       -0.299026        0.003372
     H   15        0.203700        0.003372        0.004322

     C   16        0.098087        0.023325       -0.000131
     C   16        0.023325        0.337158       -0.272990
     C   16       -0.000131       -0.272990       -0.435245

     C   17       -0.380331        0.366308       -0.250649
     C   17        0.366308        0.710455        0.113941
     C   17       -0.250649        0.113941       -0.330124

     Cl  18        0.494831       -0.367973       -0.463206
     Cl  18       -0.367973        2.375840       -0.759950
     Cl  18       -0.463206       -0.759950       -2.870671

     H   19       -0.080149       -0.188255        0.098494
     H   19       -0.188255        0.023083       -0.215399
     H   19        0.098494       -0.215399        0.057066

     C   20        0.047022        0.601606       -0.138196
     C   20        0.601606        0.164231        0.105293
     C   20       -0.138196        0.105293       -0.211253

     H   21        0.447738       -0.211575        0.472651
     H   21       -0.211575       -0.241734        0.238638
     H   21        0.472651        0.238638       -0.206004

     C   22       -0.740318       -0.042846       -0.305541
     C   22       -0.042846        0.497436       -0.544639
     C   22       -0.305541       -0.544639        0.242882

     C   23        0.178831        0.767786       -0.293931
     C   23        0.767786       -0.137045       -0.003226
     C   23       -0.293931       -0.003226       -0.041786

     Cl  24       -0.222305        1.759984       -1.465446
     Cl  24        1.759984        0.434043       -1.640756
     Cl  24       -1.465446       -1.640756       -0.211739

     ----- total EFG (symmetrized) -----
     Cl   1       -0.501525        0.300822       -0.812556
     Cl   1        0.300822        1.902171       -1.824983
     Cl   1       -0.812556       -1.824983       -1.400646

     C    2        0.184635       -0.156217       -0.056342
     C    2       -0.156217        0.329015       -0.461831
     C    2       -0.056342       -0.461831       -0.513650

     C    3       -0.642332        0.242621       -0.133258
     C    3        0.242621        0.697822        0.028915
     C    3       -0.133258        0.028915       -0.055490

     H    4        0.432033       -0.121392        0.395313
     H    4       -0.121392       -0.639273        0.207580
     H    4        0.395313        0.207580        0.207240

     C    5        0.153939        0.206313        0.154691
     C    5        0.206313        0.198456       -0.160345
     C    5        0.154691       -0.160345       -0.352395

     H    6       -0.222471       -0.264442       -0.001637
     H    6       -0.264442       -0.031005        0.362604
     H    6       -0.001637        0.362604        0.253476

     H    7       -0.168274       -0.167137       -0.157802
     H    7       -0.167137        0.183198       -0.263411
     H    7       -0.157802       -0.263411       -0.014924

     C    8       -0.778078       -0.012511        0.007739
     C    8       -0.012511        0.706872       -0.168524
     C    8        0.007739       -0.168524        0.071206

     H    9        0.475203       -0.316039        0.259225
     H    9       -0.316039       -0.421661       -0.395221
     H    9        0.259225       -0.395221       -0.053542

     C   10        0.083975        0.360075        0.012710
     C   10        0.360075        0.270955        0.411362
     C   10        0.012710        0.411362       -0.354931

     C   11       -0.714667       -0.209696       -0.029635
     C   11       -0.209696        0.661243       -0.252072
     C   11       -0.029635       -0.252072        0.053425

     Cl  12        0.142772        0.734693       -0.019308
     Cl  12        0.734693        2.425702       -0.328774
     Cl  12       -0.019308       -0.328774       -2.568474

     H   13       -0.069585        0.060463       -0.024617
     H   13        0.060463        0.214891        0.101062
     H   13       -0.024617        0.101062       -0.145306

     C   14       -0.713119        0.249090       -0.141170
     C   14        0.249090        0.881009        0.130732
     C   14       -0.141170        0.130732       -0.167890

     H   15        0.294704        0.431415        0.203700
     H   15        0.431415       -0.299026        0.003372
     H   15        0.203700        0.003372        0.004322

     C   16        0.098087        0.023325       -0.000131
     C   16        0.023325        0.337158       -0.272990
     C   16       -0.000131       -0.272990       -0.435245

     C   17       -0.380331        0.366308       -0.250649
     C   17        0.366308        0.710455        0.113941
     C   17       -0.250649        0.113941       -0.330124

     Cl  18        0.494831       -0.367973       -0.463206
     Cl  18       -0.367973        2.375840       -0.759950
     Cl  18       -0.463206       -0.759950       -2.870671

     H   19       -0.080149       -0.188255        0.098494
     H   19       -0.188255        0.023083       -0.215399
     H   19        0.098494       -0.215399        0.057066

     C   20        0.047022        0.601606       -0.138196
     C   20        0.601606        0.164231        0.105293
     C   20       -0.138196        0.105293       -0.211253

     H   21        0.447738       -0.211575        0.472651
     H   21       -0.211575       -0.241734        0.238638
     H   21        0.472651        0.238638       -0.206004

     C   22       -0.740318       -0.042846       -0.305541
     C   22       -0.042846        0.497436       -0.544639
     C   22       -0.305541       -0.544639        0.242882

     C   23        0.178831        0.767786       -0.293931
     C   23        0.767786       -0.137045       -0.003226
     C   23       -0.293931       -0.003226       -0.041786

     Cl  24       -0.222305        1.759984       -1.465446
     Cl  24        1.759984        0.434043       -1.640756
     Cl  24       -1.465446       -1.640756       -0.211739


     NQR/NMR SPECTROSCOPIC PARAMETERS:
     Cl   1    Vxx=   -0.4053    axis=(  0.930145 -0.294604 -0.219176)
     Cl   1    Vyy=   -2.4191    axis=(  0.318422  0.349902  0.881008)
     Cl   1    Vzz=    2.8245    axis=( -0.182858 -0.889256  0.419268)
     Cl   1  Q=        -8.1650 1e-30 m^2  Cq=       -54.1861 MHz  eta= 0.71298

     C    2    Vxx=    0.1608    axis=(  0.944339  0.229291 -0.235902)
     C    2    Vyy=    0.5712    axis=( -0.304050  0.882124 -0.359738)
     C    2    Vzz=   -0.7320    axis=(  0.125610  0.411440  0.902740)
     C    2  Q=         1.0000 1e-30 m^2  Cq=        -1.7199 MHz  eta= 0.56070

     C    3    Vxx=   -0.0273    axis=( -0.201026  0.028216  0.979180)
     C    3    Vyy=   -0.7131    axis=( -0.964338  0.169981 -0.202877)
     C    3    Vzz=    0.7404    axis=( -0.172166 -0.985043 -0.006960)
     C    3  Q=         1.0000 1e-30 m^2  Cq=         1.7397 MHz  eta= 0.92626

     H    4    Vxx=   -0.0020    axis=( -0.575229  0.350348  0.739167)
     H    4    Vyy=   -0.7292    axis=(  0.196824  0.936368 -0.290646)
     H    4    Vzz=    0.7312    axis=( -0.793960 -0.021702 -0.607583)
     H    4  Q=         1.0000 1e-30 m^2  Cq=         1.7181 MHz  eta= 0.99451

     C    5    Vxx=    0.0821    axis=( -0.678596  0.577001 -0.454508)
     C    5    Vyy=    0.3841    axis=( -0.657542 -0.752975  0.025825)
     C    5    Vzz=   -0.4662    axis=( -0.327332  0.316383  0.890368)
     C    5  Q=         1.0000 1e-30 m^2  Cq=        -1.0955 MHz  eta= 0.64773

     H    6    Vxx=   -0.0531    axis=(  0.705852 -0.455477  0.542507)
     H    6    Vyy=   -0.4801    axis=( -0.676384 -0.660881  0.325178)
     H    6    Vzz=    0.5332    axis=( -0.210421  0.596470  0.774562)
     H    6  Q=         1.0000 1e-30 m^2  Cq=         1.2527 MHz  eta= 0.80085

     H    7    Vxx=    0.0389    axis=(  0.720234 -0.304050 -0.623551)
     H    7    Vyy=    0.3706    axis=(  0.105133 -0.840617  0.531328)
     H    7    Vzz=   -0.4095    axis=(  0.685719  0.448237  0.573475)
     H    7  Q=         1.0000 1e-30 m^2  Cq=        -0.9622 MHz  eta= 0.81000

     C    8    Vxx=    0.0293    axis=(  0.005560  0.241463  0.970394)
     C    8    Vyy=    0.7489    axis=( -0.009174  0.970381 -0.241407)
     C    8    Vzz=   -0.7782    axis=( -0.999942 -0.007560  0.007610)
     C    8  Q=         1.0000 1e-30 m^2  Cq=        -1.8285 MHz  eta= 0.92466

     H    9    Vxx=   -0.0669    axis=(  0.560084  0.341790 -0.754643)
     H    9    Vyy=   -0.6898    axis=(  0.126565  0.864929  0.485674)
     H    9    Vzz=    0.7568    axis=( -0.818711  0.367530 -0.441174)
     H    9  Q=         1.0000 1e-30 m^2  Cq=         1.7781 MHz  eta= 0.82311

     C   10    Vxx=   -0.0691    axis=(  0.828700 -0.336435 -0.447291)
     C   10    Vyy=   -0.5969    axis=( -0.247258  0.496893 -0.831842)
     C   10    Vzz=    0.6659    axis=(  0.502116  0.799943  0.328589)
     C   10  Q=         1.0000 1e-30 m^2  Cq=         1.5647 MHz  eta= 0.79257

     C   11    Vxx=   -0.0242    axis=( -0.133353  0.305886  0.942683)
     C   11    Vyy=   -0.7517    axis=( -0.983078 -0.161368 -0.086706)
     C   11    Vzz=    0.7759    axis=(  0.125596 -0.938293  0.322229)
     C   11  Q=         1.0000 1e-30 m^2  Cq=         1.8230 MHz  eta= 0.93768

     Cl  12    Vxx=   -0.0711    axis=(  0.959955 -0.278622  0.029258)
     Cl  12    Vyy=   -2.5903    axis=(  0.010962 -0.066999 -0.997693)
     Cl  12    Vzz=    2.6614    axis=(  0.279940  0.958061 -0.061262)
     Cl  12  Q=        -8.1650 1e-30 m^2  Cq=       -51.0576 MHz  eta= 0.94660

     H   13    Vxx=   -0.0643    axis=(  0.927771 -0.068122 -0.366879)
     H   13    Vyy=   -0.1857    axis=( -0.335558  0.277759 -0.900140)
     H   13    Vzz=    0.2500    axis=(  0.163223  0.958232  0.234838)
     H   13  Q=         1.0000 1e-30 m^2  Cq=         0.5873 MHz  eta= 0.48559

     C   14    Vxx=   -0.1376    axis=( -0.262029 -0.059548  0.963221)
     C   14    Vyy=   -0.7922    axis=( -0.954730  0.161640 -0.249726)
     C   14    Vzz=    0.9298    axis=( -0.140824 -0.985052 -0.099207)
     C   14  Q=         1.0000 1e-30 m^2  Cq=         2.1846 MHz  eta= 0.70408

     H   15    Vxx=   -0.0376    axis=( -0.187612 -0.297500  0.936107)
     H   15    Vyy=   -0.5422    axis=(  0.484471 -0.857066 -0.175284)
     H   15    Vzz=    0.5798    axis=(  0.854453  0.420632  0.304926)
     H   15  Q=         1.0000 1e-30 m^2  Cq=         1.3622 MHz  eta= 0.87038

     C   16    Vxx=    0.0966    axis=(  0.997630 -0.061311  0.031222)
     C   16    Vyy=    0.4254    axis=(  0.067886  0.950997 -0.301654)
     C   16    Vzz=   -0.5221    axis=( -0.011198  0.303059  0.952906)
     C   16  Q=         1.0000 1e-30 m^2  Cq=        -1.2266 MHz  eta= 0.62974

     C   17    Vxx=   -0.1272    axis=( -0.581745  0.145548  0.800243)
     C   17    Vyy=   -0.6960    axis=( -0.761895  0.246936 -0.598781)
     C   17    Vzz=    0.8232    axis=( -0.284760 -0.958039 -0.032761)
     C   17  Q=         1.0000 1e-30 m^2  Cq=         1.9343 MHz  eta= 0.69100

     Cl  18    Vxx=    0.5235    axis=(  0.978448  0.127847 -0.162154)
     Cl  18    Vyy=    2.5288    axis=( -0.148926  0.980880 -0.125279)
     Cl  18    Vzz=   -3.0523    axis=(  0.143037  0.146728  0.978781)
     Cl  18  Q=        -8.1650 1e-30 m^2  Cq=        58.5566 MHz  eta= 0.65697

     H   19    Vxx=   -0.1109    axis=( -0.632358  0.275482  0.724040)
     H   19    Vyy=   -0.2402    axis=(  0.645662  0.703881  0.296093)
     H   19    Vzz=    0.3511    axis=( -0.428070  0.654722 -0.622973)
     H   19  Q=         1.0000 1e-30 m^2  Cq=         0.8250 MHz  eta= 0.36825

     C   20    Vxx=   -0.1302    axis=( -0.303996  0.297464  0.905042)
     C   20    Vyy=   -0.5801    axis=( -0.673665  0.604610 -0.424998)
     C   20    Vzz=    0.7103    axis=( -0.673619 -0.738892  0.016592)
     C   20  Q=         1.0000 1e-30 m^2  Cq=         1.6690 MHz  eta= 0.63333

     H   21    Vxx=   -0.0259    axis=(  0.195281 -0.807216 -0.557017)
     H   21    Vyy=   -0.6765    axis=(  0.405605  0.583577 -0.703507)
     H   21    Vzz=    0.7023    axis=(  0.892944 -0.088548  0.441373)
     H   21  Q=         1.0000 1e-30 m^2  Cq=         1.6502 MHz  eta= 0.92631

     C   22    Vxx=   -0.0850    axis=( -0.364004  0.621723  0.693514)
     C   22    Vyy=   -0.8595    axis=( -0.926450 -0.165039 -0.338310)
     C   22    Vzz=    0.9445    axis=( -0.095878 -0.765652  0.636070)
     C   22  Q=         1.0000 1e-30 m^2  Cq=         2.2193 MHz  eta= 0.82000

     C   23    Vxx=   -0.0557    axis=(  0.040628  0.346381  0.937214)
     C   23    Vyy=   -0.8087    axis=(  0.639421 -0.729780  0.241998)
     C   23    Vzz=    0.8644    axis=(  0.767783  0.589442 -0.251132)
     C   23  Q=         1.0000 1e-30 m^2  Cq=         2.0310 MHz  eta= 0.87108

     Cl  24    Vxx=   -1.5602    axis=(  0.060302 -0.665383 -0.744062)
     Cl  24    Vyy=   -1.7204    axis=( -0.834817  0.375029 -0.403030)
     Cl  24    Vzz=    3.2807    axis=(  0.547214  0.645460 -0.532858)
     Cl  24  Q=        -8.1650 1e-30 m^2  Cq=       -62.9379 MHz  eta= 0.04883

     Initialization:
     gipaw_setup  :      9.66s CPU     11.28s WALL (       1 calls)

     Linear response

     Apply operators

     Induced current

     Other routines
     efg          :      9.47s CPU     12.26s WALL (       1 calls)

     General routines
     calbec       :      3.50s CPU      4.87s WALL (      16 calls)
     fft          :      1.40s CPU      1.66s WALL (      15 calls)
     ffts         :      0.04s CPU      0.10s WALL (       2 calls)
     fftw         :      3.26s CPU      4.06s WALL (     672 calls)
     davcio       :      0.03s CPU      0.31s WALL (      32 calls)

     Parallel routines
     fft_scatter  :      2.02s CPU      2.94s WALL (     689 calls)

     Plugins

     GIPAW        :     63.63s CPU     76.72s WALL (       1 calls)
