
     Program QE v.6.0 (svn rev. 13079) starts on 24Dec2016 at  7:52:11 

     This program is part of the open-source Quantum ESPRESSO suite
     for quantum simulation of materials; please cite
         "P. Giannozzi et al., J. Phys.:Condens. Matter 21 395502 (2009);
          URL http://www.quantum-espresso.org", 
     in publications or presentations arising from this work. More details at
     http://www.quantum-espresso.org/quote

     Parallel version (MPI), running on     8 processors
     R & G space division:  proc/nbgrp/npool/nimage =       8

     ***** This is GIPAW svn revision unknown      *****

     Parallelizing q-star over 1 images

     Reading data from directory:
     /users/majewski/paradichlorobenzene/pbe/9_constraint/scratch/pbe.ecut100.np8.dt60.pcl2phi-129368.save
     Message from routine read_xml_file:
     file /users/majewski/paradichlorobenzene/pbe/9_constraint/scratch/pbe.ecut100.np8.dt60.pcl2phi-129368.save not guaranteed to be safe for post-processing

   Info: using nr1, nr2, nr3 values from input

   Info: using nr1, nr2, nr3 values from input

     IMPORTANT: XC functional enforced from input :
     Exchange-correlation      =  SLA  PW   PBX  PBC ( 1  4  3  4 0 0)
     Any further DFT definition will be discarded
     Please, verify this is what you really want

               file C.pbe-n-kjpaw_psl.1.0.0.UPF: wavefunction(s)  2S 2P renormalized
               file Cl.pbe-n-kjpaw_psl.1.0.0.UPF: wavefunction(s)  3S 3P renormalized
               file H.pbe-kjpaw_psl.1.0.0.UPF: wavefunction(s)  1S renormalized

     Parallelization info
     --------------------
     sticks:   dense  smooth     PW     G-vecs:    dense   smooth      PW
     Min        3057    1223    332               144436    36536    5170
     Max        3059    1225    333               144437    36537    5171
     Sum       24467    9791   2657              1155489   292295   41363


     Subspace diagonalization in iterative solution of the eigenvalue problem:
     a serial algorithm will be used

     GIPAW projectors -----------------------------------------------
     atom=  C    l=0  rc=    1.2000  rs=    0.8000
     atom=  C    l=0  rc=    1.2000  rs=    0.8000
     atom=  C    l=1  rc=    1.4000  rs=    0.9333
     atom=  C    l=1  rc=    1.4000  rs=    0.9333
     projs nearly linearly dependent: l=1  n1,n2= 1, 2  s=  0.99951561

     atom=  Cl   l=0  rc=    1.6000  rs=    1.0667
     atom=  Cl   l=0  rc=    1.6000  rs=    1.0667
     atom=  Cl   l=1  rc=    1.6000  rs=    1.0667
     atom=  Cl   l=1  rc=    1.6000  rs=    1.0667
     atom=  Cl   l=2  rc=    1.6000  rs=    1.0667
     atom=  Cl   l=2  rc=    1.6000  rs=    1.0667
     projs nearly linearly dependent: l=2  n1,n2= 1, 2  s=  0.99993509

     atom=  H    l=0  rc=    1.0000  rs=    0.6667
     atom=  H    l=0  rc=    1.0000  rs=    0.6667
     projs nearly linearly dependent: l=0  n1,n2= 1, 2  s=  0.99968852
     -----------------------------------------------------------------

     GIPAW integrals: -------------------------------------------
     Atom  i/j   nmr_para   nmr_dia   epr_rmc  epr_para   epr_dia
       C   1 1   0.83E+03  0.17E-01  0.93E+01  0.24E+08  0.24E+03
       C   2 1   0.86E+03 -0.61E-01  0.94E+01  0.25E+08  0.25E+03
       C   2 2   0.90E+03 -0.15E+00  0.97E+01  0.26E+08  0.26E+03
       C   3 3   0.33E+01  0.34E+00  0.18E+01  0.55E+03  0.21E+02
       C   4 3   0.35E+01  0.37E+00  0.20E+01  0.59E+03  0.22E+02
       C   4 4   0.38E+01  0.39E+00  0.22E+01  0.63E+03  0.24E+02
       Cl  1 1   0.14E+04 -0.47E+00  0.84E+01  0.32E+09  0.42E+03
       Cl  2 1   0.21E+04 -0.37E+00  0.12E+02  0.49E+09  0.65E+03
       Cl  2 2   0.33E+04 -0.16E+00  0.21E+02  0.76E+09  0.10E+04
       Cl  3 3   0.21E+02  0.79E-01  0.89E+01  0.23E+05  0.13E+03
       Cl  4 3   0.24E+02  0.67E-01  0.99E+01  0.27E+05  0.15E+03
       Cl  4 4   0.28E+02  0.44E-01  0.11E+02  0.32E+05  0.18E+03
       Cl  5 5   0.77E+00  0.19E+00  0.18E+01  0.12E+03  0.22E+02
       Cl  6 5   0.80E+00  0.19E+00  0.19E+01  0.12E+03  0.23E+02
       Cl  6 6   0.83E+00  0.20E+00  0.19E+01  0.12E+03  0.23E+02
       H   1 1   0.39E+02  0.19E+00  0.29E+00  0.78E+05  0.13E+02
       H   2 1   0.41E+02  0.21E+00  0.32E+00  0.82E+05  0.14E+02
       H   2 2   0.43E+02  0.22E+00  0.36E+00  0.86E+05  0.15E+02
     ------------------------------------------------------------

     alpha_pv=     34.1492 eV

     Number of occupied bands for each k-point:
     k-point:     1    nbnd_occ=  42
     k-point:     2    nbnd_occ=  42
     k-point:     3    nbnd_occ=  42
     k-point:     4    nbnd_occ=  42
     k-point:     5    nbnd_occ=  42
     k-point:     6    nbnd_occ=  42
     k-point:     7    nbnd_occ=  42
     k-point:     8    nbnd_occ=  42
     k-point:     9    nbnd_occ=  42
     k-point:    10    nbnd_occ=  42
     k-point:    11    nbnd_occ=  42
     k-point:    12    nbnd_occ=  42
     k-point:    13    nbnd_occ=  42
     k-point:    14    nbnd_occ=  42
     k-point:    15    nbnd_occ=  42
     k-point:    16    nbnd_occ=  42


     q-space interpolation up to   110.00 Rydberg

     GIPAW job: efg                                                                             


     ELECTRIC FIELD GRADIENTS TENSORS IN Hartree/bohrradius^2:

     ----- bare term -----
     Cl   1       -0.030922        0.014634        0.049662
     Cl   1        0.014634       -0.031024        0.036004
     Cl   1        0.049662        0.036004        0.061946

     C    2       -0.703513        0.149193       -0.202248
     C    2        0.149193        0.172356       -0.125190
     C    2       -0.202248       -0.125190        0.531157

     C    3        0.144667        0.018555       -0.023645
     C    3        0.018555       -0.485084       -0.309987
     C    3       -0.023645       -0.309987        0.340417

     H    4       -0.570144       -0.140045        0.163009
     H    4       -0.140045        0.414110       -0.218093
     H    4        0.163009       -0.218093        0.156034

     C    5       -0.670005        0.259450       -0.459433
     C    5        0.259450        0.008486       -0.061442
     C    5       -0.459433       -0.061442        0.661519

     H    6        0.012788       -0.332506        0.155200
     H    6       -0.332506       -0.383776       -0.296375
     H    6        0.155200       -0.296375        0.370988

     H    7        0.412049        0.065656       -0.033836
     H    7        0.065656       -0.602356        0.484233
     H    7       -0.033836        0.484233        0.190307

     C    8       -0.242322       -0.121549       -0.307137
     C    8       -0.121549       -0.036471        0.504478
     C    8       -0.307137        0.504478        0.278793

     H    9       -0.094765        0.161658       -0.391136
     H    9        0.161658        0.083063        0.482199
     H    9       -0.391136        0.482199        0.011703

     C   10       -0.391931       -0.357258       -0.274670
     C   10       -0.357258       -0.059642        0.335090
     C   10       -0.274670        0.335090        0.451573

     C   11       -0.054797        0.178096       -0.432035
     C   11        0.178096       -0.132370        0.578626
     C   11       -0.432035        0.578626        0.187166

     Cl  12       -0.122731       -0.094298        0.031479
     Cl  12       -0.094298       -0.007965        0.081832
     Cl  12        0.031479        0.081832        0.130696

     H   13        0.333186       -0.239275       -0.214181
     H   13       -0.239275       -0.330327       -0.581302
     H   13       -0.214181       -0.581302       -0.002859

     C   14       -0.090832        0.419337        0.064690
     C   14        0.419337       -0.467214       -0.342610
     C   14        0.064690       -0.342610        0.558046

     H   15       -0.386729       -0.550459       -0.194913
     H   15       -0.550459        0.019995       -0.049623
     H   15       -0.194913       -0.049623        0.366734

     C   16       -0.373472        0.320171       -0.328071
     C   16        0.320171        0.035404       -0.319946
     C   16       -0.328071       -0.319946        0.338068

     C   17       -0.073498        0.065884       -0.295567
     C   17        0.065884       -0.132138       -0.586597
     C   17       -0.295567       -0.586597        0.205635

     Cl  18       -0.121354        0.168434       -0.014249
     Cl  18        0.168434       -0.000415       -0.031579
     Cl  18       -0.014249       -0.031579        0.121769

     H   19        0.520243       -0.018362       -0.109677
     H   19       -0.018362        0.048838        0.195082
     H   19       -0.109677        0.195082       -0.569082

     C   20       -0.530535       -0.335839       -0.205963
     C   20       -0.335839        0.132366        0.434216
     C   20       -0.205963        0.434216        0.398169

     H   21        0.128243        0.030027       -0.404204
     H   21        0.030027        0.292160       -0.235287
     H   21       -0.404204       -0.235287       -0.420404

     C   22       -0.024267       -0.097229       -0.190321
     C   22       -0.097229       -0.048563        0.599794
     C   22       -0.190321        0.599794        0.072830

     C   23       -0.365404       -0.238089       -0.315548
     C   23       -0.238089        0.005415        0.456286
     C   23       -0.315548        0.456286        0.359989

     Cl  24       -0.072036        0.007214       -0.082885
     Cl  24        0.007214        0.017805        0.147755
     Cl  24       -0.082885        0.147755        0.054231

     ----- ionic term -----
     Cl   1        0.115145       -0.203121        0.008930
     Cl   1       -0.203121        0.034318        0.002862
     Cl   1        0.008930        0.002862       -0.149463

     C    2        0.240228       -0.118762        0.245734
     C    2       -0.118762        0.151223        0.353114
     C    2        0.245734        0.353114       -0.391450

     C    3        0.160974       -0.131748        0.137399
     C    3       -0.131748        0.203619        0.401270
     C    3        0.137399        0.401270       -0.364593

     H    4        0.712179        0.300816        0.611420
     H    4        0.300816       -0.422204        0.211333
     H    4        0.611420        0.211333       -0.289975

     C    5        0.369665       -0.026033        0.141908
     C    5       -0.026033        0.040129        0.314279
     C    5        0.141908        0.314279       -0.409794

     H    6       -0.427923        0.326216        0.164290
     H    6        0.326216        0.597907        0.670743
     H    6        0.164290        0.670743       -0.169984

     H    7       -0.527762       -0.054344        0.049132
     H    7       -0.054344        0.611751       -0.736281
     H    7        0.049132       -0.736281       -0.083989

     C    8        0.219411        0.214918        0.279401
     C    8        0.214918        0.082984       -0.283384
     C    8        0.279401       -0.283384       -0.302394

     H    9        0.420968       -0.350480        0.702969
     H    9       -0.350480       -0.364968       -0.326710
     H    9        0.702969       -0.326710       -0.056000

     C   10        0.081649        0.230296        0.223746
     C   10        0.230296        0.195442       -0.373154
     C   10        0.223746       -0.373154       -0.277091

     C   11        0.153126        0.216928        0.303821
     C   11        0.216928        0.049700       -0.373036
     C   11        0.303821       -0.373036       -0.202826

     Cl  12        0.149501        0.201118       -0.004541
     Cl  12        0.201118       -0.001864       -0.014494
     Cl  12       -0.004541       -0.014494       -0.147637

     H   13       -0.514215        0.105470        0.071443
     H   13        0.105470        0.790347        0.643243
     H   13        0.071443        0.643243       -0.276132

     C   14        0.368324       -0.199005        0.143255
     C   14       -0.199005        0.037586        0.312852
     C   14        0.143255        0.312852       -0.405910

     H   15        0.691578        0.474699        0.487592
     H   15        0.474699       -0.355254        0.257931
     H   15        0.487592        0.257931       -0.336324

     C   16        0.208859       -0.165541        0.056855
     C   16       -0.165541        0.129860        0.439300
     C   16        0.056855        0.439300       -0.338719

     C   17        0.328714       -0.091352        0.063601
     C   17       -0.091352        0.033291        0.430109
     C   17        0.063601        0.430109       -0.362005

     Cl  18        0.135968       -0.192397       -0.075204
     Cl  18       -0.192397       -0.016160        0.043820
     Cl  18       -0.075204        0.043820       -0.119809

     H   19       -0.513404       -0.090318        0.107858
     H   19       -0.090318        0.302742       -0.790996
     H   19        0.107858       -0.790996        0.210662

     C   20        0.178217        0.213116        0.341180
     C   20        0.213116       -0.048504       -0.298587
     C   20        0.341180       -0.298587       -0.129713

     H   21        0.308623       -0.180927        0.772928
     H   21       -0.180927       -0.456822       -0.248355
     H   21        0.772928       -0.248355        0.148199

     C   22       -0.003681        0.273135        0.216090
     C   22        0.273135        0.138124       -0.446895
     C   22        0.216090       -0.446895       -0.134443

     C   23        0.108008        0.206976        0.278470
     C   23        0.206976        0.087116       -0.432028
     C   23        0.278470       -0.432028       -0.195124

     Cl  24        0.122130        0.227531        0.035701
     Cl  24        0.227531        0.015896        0.014919
     Cl  24        0.035701        0.014919       -0.138025

     ----- GIPAW term -----
     Cl   1       -0.520862       -1.330132        0.412404
     Cl   1       -1.330132       -0.467407        1.869084
     Cl   1        0.412404        1.869084        0.988270

     C    2       -0.151828       -0.026519        0.027756
     C    2       -0.026519       -0.051671        0.095583
     C    2        0.027756        0.095583        0.203500

     C    3       -0.038663       -0.029773       -0.034880
     C    3       -0.029773       -0.087036        0.067285
     C    3       -0.034880        0.067285        0.125699

     H    4       -0.000000        0.000000        0.000000
     H    4        0.000000        0.000000        0.000000
     H    4        0.000000        0.000000        0.000000

     C    5       -0.172878        0.010772       -0.155764
     C    5        0.010772       -0.091939        0.080156
     C    5       -0.155764        0.080156        0.264817

     H    6       -0.000000        0.000000        0.000000
     H    6        0.000000        0.000000        0.000000
     H    6        0.000000        0.000000        0.000000

     H    7       -0.000000        0.000000        0.000000
     H    7        0.000000        0.000000        0.000000
     H    7        0.000000        0.000000        0.000000

     C    8       -0.072515       -0.018210       -0.043783
     C    8       -0.018210        0.107472        0.134048
     C    8       -0.043783        0.134048       -0.034957

     H    9       -0.000000        0.000000        0.000000
     H    9        0.000000        0.000000        0.000000
     H    9        0.000000        0.000000        0.000000

     C   10       -0.109478       -0.014033       -0.076525
     C   10       -0.014033        0.056965        0.010082
     C   10       -0.076525        0.010082        0.052512

     C   11        0.104638        0.211483       -0.081017
     C   11        0.211483       -0.012465        0.089755
     C   11       -0.081017        0.089755       -0.092173

     Cl  12        0.758901        2.016007        0.208403
     Cl  12        2.016007        0.053383        0.636433
     Cl  12        0.208403        0.636433       -0.812284

     H   13       -0.000000        0.000000        0.000000
     H   13        0.000000        0.000000        0.000000
     H   13        0.000000        0.000000        0.000000

     C   14       -0.037329        0.096888        0.158507
     C   14        0.096888       -0.210490        0.012611
     C   14        0.158507        0.012611        0.247819

     H   15       -0.000000        0.000000        0.000000
     H   15        0.000000        0.000000        0.000000
     H   15        0.000000        0.000000        0.000000

     C   16       -0.061612        0.136578       -0.044407
     C   16        0.136578        0.065511       -0.001705
     C   16       -0.044407       -0.001705       -0.003900

     C   17        0.052376       -0.083034       -0.051511
     C   17       -0.083034        0.045582       -0.093919
     C   17       -0.051511       -0.093919       -0.097959

     Cl  18       -0.828828       -0.507704       -0.739344
     Cl  18       -0.507704       -0.085441       -2.111865
     Cl  18       -0.739344       -2.111865        0.914269

     H   19       -0.000000        0.000000        0.000000
     H   19        0.000000        0.000000        0.000000
     H   19        0.000000        0.000000        0.000000

     C   20       -0.179244       -0.050077       -0.020480
     C   20       -0.050077        0.078806        0.227999
     C   20       -0.020480        0.227999        0.100438

     H   21       -0.000000        0.000000        0.000000
     H   21        0.000000        0.000000        0.000000
     H   21        0.000000        0.000000        0.000000

     C   22       -0.119664        0.001846       -0.031706
     C   22        0.001846        0.136631        0.216463
     C   22       -0.031706        0.216463       -0.016967

     C   23       -0.061768        0.095553       -0.037514
     C   23        0.095553        0.104554        0.149549
     C   23       -0.037514        0.149549       -0.042786

     Cl  24       -0.089590        1.769433       -0.450736
     Cl  24        1.769433        0.628268        2.047303
     Cl  24       -0.450736        2.047303       -0.538679

     ----- total EFG -----
     Cl   1       -0.436639       -1.518619        0.470996
     Cl   1       -1.518619       -0.464114        1.907951
     Cl   1        0.470996        1.907951        0.900753

     C    2       -0.615114        0.003912        0.071242
     C    2        0.003912        0.271907        0.323508
     C    2        0.071242        0.323508        0.343207

     C    3        0.266979       -0.142966        0.078873
     C    3       -0.142966       -0.368502        0.158568
     C    3        0.078873        0.158568        0.101523

     H    4        0.142035        0.160772        0.774429
     H    4        0.160772       -0.008095       -0.006759
     H    4        0.774429       -0.006759       -0.133941

     C    5       -0.473218        0.244189       -0.473289
     C    5        0.244189       -0.043324        0.332993
     C    5       -0.473289        0.332993        0.516543

     H    6       -0.415134       -0.006290        0.319490
     H    6       -0.006290        0.214131        0.374367
     H    6        0.319490        0.374367        0.201004

     H    7       -0.115712        0.011312        0.015296
     H    7        0.011312        0.009395       -0.252049
     H    7        0.015296       -0.252049        0.106317

     C    8       -0.095426        0.075159       -0.071520
     C    8        0.075159        0.153985        0.355143
     C    8       -0.071520        0.355143       -0.058558

     H    9        0.326202       -0.188822        0.311833
     H    9       -0.188822       -0.281905        0.155489
     H    9        0.311833        0.155489       -0.044297

     C   10       -0.419760       -0.140994       -0.127450
     C   10       -0.140994        0.192765       -0.027981
     C   10       -0.127450       -0.027981        0.226995

     C   11        0.202968        0.606507       -0.209231
     C   11        0.606507       -0.095134        0.295345
     C   11       -0.209231        0.295345       -0.107833

     Cl  12        0.785671        2.122828        0.235341
     Cl  12        2.122828        0.043554        0.703771
     Cl  12        0.235341        0.703771       -0.829225

     H   13       -0.181029       -0.133806       -0.142737
     H   13       -0.133806        0.460020        0.061941
     H   13       -0.142737        0.061941       -0.278991

     C   14        0.240163        0.317221        0.366452
     C   14        0.317221       -0.640118       -0.017147
     C   14        0.366452       -0.017147        0.399955

     H   15        0.304849       -0.075760        0.292679
     H   15       -0.075760       -0.335259        0.208308
     H   15        0.292679        0.208308        0.030410

     C   16       -0.226224        0.291207       -0.315623
     C   16        0.291207        0.230775        0.117649
     C   16       -0.315623        0.117649       -0.004550

     C   17        0.307593       -0.108502       -0.283476
     C   17       -0.108502       -0.053265       -0.250407
     C   17       -0.283476       -0.250407       -0.254328

     Cl  18       -0.814214       -0.531667       -0.828797
     Cl  18       -0.531667       -0.102015       -2.099624
     Cl  18       -0.828797       -2.099624        0.916229

     H   19        0.006839       -0.108680       -0.001819
     H   19       -0.108680        0.351581       -0.595915
     H   19       -0.001819       -0.595915       -0.358420

     C   20       -0.531563       -0.172801        0.114736
     C   20       -0.172801        0.162669        0.363628
     C   20        0.114736        0.363628        0.368894

     H   21        0.436866       -0.150899        0.368724
     H   21       -0.150899       -0.164662       -0.483642
     H   21        0.368724       -0.483642       -0.272204

     C   22       -0.147612        0.177752       -0.005937
     C   22        0.177752        0.226192        0.369362
     C   22       -0.005937        0.369362       -0.078580

     C   23       -0.319164        0.064439       -0.074592
     C   23        0.064439        0.197085        0.173807
     C   23       -0.074592        0.173807        0.122079

     Cl  24       -0.039496        2.004178       -0.497920
     Cl  24        2.004178        0.661969        2.209977
     Cl  24       -0.497920        2.209977       -0.622473

     ----- total EFG (symmetrized) -----
     Cl   1       -0.436639       -1.518619        0.470996
     Cl   1       -1.518619       -0.464114        1.907951
     Cl   1        0.470996        1.907951        0.900753

     C    2       -0.615114        0.003912        0.071242
     C    2        0.003912        0.271907        0.323508
     C    2        0.071242        0.323508        0.343207

     C    3        0.266979       -0.142966        0.078873
     C    3       -0.142966       -0.368502        0.158568
     C    3        0.078873        0.158568        0.101523

     H    4        0.142035        0.160772        0.774429
     H    4        0.160772       -0.008095       -0.006759
     H    4        0.774429       -0.006759       -0.133941

     C    5       -0.473218        0.244189       -0.473289
     C    5        0.244189       -0.043324        0.332993
     C    5       -0.473289        0.332993        0.516543

     H    6       -0.415134       -0.006290        0.319490
     H    6       -0.006290        0.214131        0.374367
     H    6        0.319490        0.374367        0.201004

     H    7       -0.115712        0.011312        0.015296
     H    7        0.011312        0.009395       -0.252049
     H    7        0.015296       -0.252049        0.106317

     C    8       -0.095426        0.075159       -0.071520
     C    8        0.075159        0.153985        0.355143
     C    8       -0.071520        0.355143       -0.058558

     H    9        0.326202       -0.188822        0.311833
     H    9       -0.188822       -0.281905        0.155489
     H    9        0.311833        0.155489       -0.044297

     C   10       -0.419760       -0.140994       -0.127450
     C   10       -0.140994        0.192765       -0.027981
     C   10       -0.127450       -0.027981        0.226995

     C   11        0.202968        0.606507       -0.209231
     C   11        0.606507       -0.095134        0.295345
     C   11       -0.209231        0.295345       -0.107833

     Cl  12        0.785671        2.122828        0.235341
     Cl  12        2.122828        0.043554        0.703771
     Cl  12        0.235341        0.703771       -0.829225

     H   13       -0.181029       -0.133806       -0.142737
     H   13       -0.133806        0.460020        0.061941
     H   13       -0.142737        0.061941       -0.278991

     C   14        0.240163        0.317221        0.366452
     C   14        0.317221       -0.640118       -0.017147
     C   14        0.366452       -0.017147        0.399955

     H   15        0.304849       -0.075760        0.292679
     H   15       -0.075760       -0.335259        0.208308
     H   15        0.292679        0.208308        0.030410

     C   16       -0.226224        0.291207       -0.315623
     C   16        0.291207        0.230775        0.117649
     C   16       -0.315623        0.117649       -0.004550

     C   17        0.307593       -0.108502       -0.283476
     C   17       -0.108502       -0.053265       -0.250407
     C   17       -0.283476       -0.250407       -0.254328

     Cl  18       -0.814214       -0.531667       -0.828797
     Cl  18       -0.531667       -0.102015       -2.099624
     Cl  18       -0.828797       -2.099624        0.916229

     H   19        0.006839       -0.108680       -0.001819
     H   19       -0.108680        0.351581       -0.595915
     H   19       -0.001819       -0.595915       -0.358420

     C   20       -0.531563       -0.172801        0.114736
     C   20       -0.172801        0.162669        0.363628
     C   20        0.114736        0.363628        0.368894

     H   21        0.436866       -0.150899        0.368724
     H   21       -0.150899       -0.164662       -0.483642
     H   21        0.368724       -0.483642       -0.272204

     C   22       -0.147612        0.177752       -0.005937
     C   22        0.177752        0.226192        0.369362
     C   22       -0.005937        0.369362       -0.078580

     C   23       -0.319164        0.064439       -0.074592
     C   23        0.064439        0.197085        0.173807
     C   23       -0.074592        0.173807        0.122079

     Cl  24       -0.039496        2.004178       -0.497920
     Cl  24        2.004178        0.661969        2.209977
     Cl  24       -0.497920        2.209977       -0.622473


     NQR/NMR SPECTROSCOPIC PARAMETERS:
     Cl   1    Vxx=    0.4457    axis=(  0.809883 -0.317567  0.493194)
     Cl   1    Vyy=    2.3517    axis=( -0.212990  0.624197  0.751674)
     Cl   1    Vzz=   -2.7973    axis=( -0.546557 -0.713813  0.437888)
     Cl   1  Q=        -8.1650 1e-30 m^2  Cq=        53.6654 MHz  eta= 0.68137

     C    2    Vxx=   -0.0146    axis=( -0.073522  0.747013 -0.660731)
     C    2    Vyy=   -0.6209    axis=( -0.996297 -0.025400  0.082145)
     C    2    Vzz=    0.6355    axis=(  0.044581  0.664324  0.746114)
     C    2  Q=         1.0000 1e-30 m^2  Cq=         1.4932 MHz  eta= 0.95399

     C    3    Vxx=    0.1433    axis=( -0.194562  0.339449  0.920283)
     C    3    Vyy=    0.3092    axis=(  0.956517 -0.142191  0.254670)
     C    3    Vzz=   -0.4526    axis=(  0.217303  0.929815 -0.297024)
     C    3  Q=         1.0000 1e-30 m^2  Cq=        -1.0634 MHz  eta= 0.36656

     H    4    Vxx=   -0.0105    axis=( -0.023138  0.979759 -0.198840)
     H    4    Vyy=   -0.7976    axis=( -0.643856  0.137550  0.752681)
     H    4    Vzz=    0.8082    axis=(  0.764797  0.145440  0.627641)
     H    4  Q=         1.0000 1e-30 m^2  Cq=         1.8988 MHz  eta= 0.97397

     C    5    Vxx=    0.0549    axis=(  0.497258  0.860488 -0.110881)
     C    5    Vyy=    0.7717    axis=(  0.291046 -0.285838 -0.913011)
     C    5    Vzz=   -0.8265    axis=( -0.817329  0.421730 -0.392577)
     C    5  Q=         1.0000 1e-30 m^2  Cq=        -1.9421 MHz  eta= 0.86721

     H    6    Vxx=   -0.0459    axis=(  0.456057 -0.727356  0.512800)
     H    6    Vyy=   -0.5853    axis=( -0.862752 -0.219978  0.455268)
     H    6    Vzz=    0.6312    axis=(  0.218337  0.650048  0.727851)
     H    6  Q=         1.0000 1e-30 m^2  Cq=         1.4831 MHz  eta= 0.85468

     H    7    Vxx=   -0.1118    axis=( -0.978144 -0.166805 -0.124135)
     H    7    Vyy=   -0.2027    axis=(  0.207652 -0.752997 -0.624400)
     H    7    Vzz=    0.3146    axis=(  0.010680 -0.636531  0.771177)
     H    7  Q=         1.0000 1e-30 m^2  Cq=         0.7391 MHz  eta= 0.28892

     C    8    Vxx=   -0.0568    axis=(  0.932942  0.186353 -0.308044)
     C    8    Vyy=   -0.3622    axis=( -0.358311  0.564006 -0.743983)
     C    8    Vzz=    0.4190    axis=(  0.035095  0.804468  0.592958)
     C    8  Q=         1.0000 1e-30 m^2  Cq=         0.9846 MHz  eta= 0.72890

     H    9    Vxx=   -0.0274    axis=( -0.282775  0.644130  0.710728)
     H    9    Vyy=   -0.4867    axis=(  0.380153  0.755552 -0.533503)
     H    9    Vzz=    0.5141    axis=(  0.880637 -0.119324  0.458519)
     H    9  Q=         1.0000 1e-30 m^2  Cq=         1.2080 MHz  eta= 0.89324

     C   10    Vxx=    0.2237    axis=(  0.214392 -0.976746 -0.001797)
     C   10    Vyy=    0.2513    axis=( -0.178140 -0.040910  0.983154)
     C   10    Vzz=   -0.4749    axis=( -0.960366 -0.210460 -0.182769)
     C   10  Q=         1.0000 1e-30 m^2  Cq=        -1.1159 MHz  eta= 0.05810

     C   11    Vxx=    0.0896    axis=( -0.316807  0.361699  0.876816)
     C   11    Vyy=    0.6789    axis=( -0.782095 -0.622627 -0.025740)
     C   11    Vzz=   -0.7685    axis=(  0.536619 -0.693909  0.480136)
     C   11  Q=         1.0000 1e-30 m^2  Cq=        -1.8057 MHz  eta= 0.76683

     Cl  12    Vxx=   -0.7905    axis=(  0.370871 -0.174236 -0.912193)
     Cl  12    Vyy=   -1.8943    axis=(  0.557086 -0.744153  0.368634)
     Cl  12    Vzz=    2.6847    axis=(  0.743041  0.644886  0.178920)
     Cl  12  Q=        -8.1650 1e-30 m^2  Cq=       -51.5055 MHz  eta= 0.41113

     H   13    Vxx=   -0.1154    axis=( -0.774615 -0.242977  0.583896)
     H   13    Vyy=   -0.3819    axis=(  0.594458  0.035374  0.803348)
     H   13    Vzz=    0.4973    axis=( -0.215849  0.969387  0.117038)
     H   13  Q=         1.0000 1e-30 m^2  Cq=         1.1684 MHz  eta= 0.53586

     C   14    Vxx=    0.0362    axis=( -0.672277 -0.332093  0.661633)
     C   14    Vyy=    0.7221    axis=(  0.657186  0.143725  0.739898)
     C   14    Vzz=   -0.7583    axis=(  0.340808 -0.932233 -0.121624)
     C   14  Q=         1.0000 1e-30 m^2  Cq=        -1.7818 MHz  eta= 0.90449

     H   15    Vxx=   -0.0125    axis=( -0.490976  0.550830  0.674929)
     H   15    Vyy=   -0.4814    axis=(  0.262061  0.832236 -0.488577)
     H   15    Vzz=    0.4939    axis=( -0.830823 -0.063007 -0.552958)
     H   15  Q=         1.0000 1e-30 m^2  Cq=         1.1605 MHz  eta= 0.94941

     C   16    Vxx=    0.1909    axis=( -0.391490  0.357993  0.847689)
     C   16    Vyy=    0.3769    axis=(  0.488364  0.861607 -0.138329)
     C   16    Vzz=   -0.5678    axis=( -0.779895  0.359826 -0.512141)
     C   16  Q=         1.0000 1e-30 m^2  Cq=        -1.3342 MHz  eta= 0.32763

     C   17    Vxx=    0.1032    axis=( -0.181973  0.867376 -0.463189)
     C   17    Vyy=    0.4258    axis=(  0.924273 -0.009872 -0.381606)
     C   17    Vzz=   -0.5290    axis=(  0.335568  0.497555  0.799896)
     C   17  Q=         1.0000 1e-30 m^2  Cq=        -1.2430 MHz  eta= 0.60977

     Cl  18    Vxx=   -0.2682    axis=(  0.843553 -0.474683 -0.251185)
     Cl  18    Vyy=   -2.3317    axis=(  0.527680  0.645628  0.552012)
     Cl  18    Vzz=    2.6000    axis=( -0.099859 -0.598197  0.795103)
     Cl  18  Q=        -8.1650 1e-30 m^2  Cq=       -49.8793 MHz  eta= 0.79366

     H   19    Vxx=   -0.0014    axis=(  0.987911  0.077437 -0.134298)
     H   19    Vyy=   -0.7014    axis=(  0.078502  0.497127  0.864119)
     H   19    Vzz=    0.7028    axis=(  0.133678 -0.864215  0.485039)
     H   19  Q=         1.0000 1e-30 m^2  Cq=         1.6514 MHz  eta= 0.99592

     C   20    Vxx=   -0.0272    axis=( -0.379599  0.733696 -0.563555)
     C   20    Vyy=   -0.6167    axis=( -0.925082 -0.308475  0.221511)
     C   20    Vzz=    0.6439    axis=( -0.011321  0.605420  0.795826)
     C   20  Q=         1.0000 1e-30 m^2  Cq=         1.5129 MHz  eta= 0.91541

     H   21    Vxx=    0.0004    axis=(  0.592221  0.687947 -0.419527)
     H   21    Vyy=    0.7338    axis=(  0.788827 -0.388760  0.476044)
     H   21    Vzz=   -0.7341    axis=(  0.164397 -0.612858 -0.772903)
     H   21  Q=         1.0000 1e-30 m^2  Cq=        -1.7249 MHz  eta= 0.99898

     C   22    Vxx=   -0.1279    axis=(  0.866200  0.079746 -0.493293)
     C   22    Vyy=   -0.3781    axis=( -0.448734  0.558469 -0.697675)
     C   22    Vzz=    0.5059    axis=( -0.219852 -0.825683 -0.519531)
     C   22  Q=         1.0000 1e-30 m^2  Cq=         1.1887 MHz  eta= 0.49453

     C   23    Vxx=    0.0112    axis=( -0.285779 -0.599685  0.747467)
     C   23    Vyy=    0.3374    axis=( -0.005225 -0.779010 -0.626989)
     C   23    Vzz=   -0.3486    axis=( -0.958281  0.183086 -0.219492)
     C   23  Q=         1.0000 1e-30 m^2  Cq=        -0.8190 MHz  eta= 0.93600

     Cl  24    Vxx=    0.1959    axis=(  0.746562 -0.076522 -0.660901)
     Cl  24    Vyy=    2.9897    axis=( -0.451961 -0.787305 -0.419383)
     Cl  24    Vzz=   -3.1856    axis=( -0.488238  0.611797 -0.622357)
     Cl  24  Q=        -8.1650 1e-30 m^2  Cq=        61.1135 MHz  eta= 0.87703

     Initialization:
     gipaw_setup  :      9.39s CPU     13.97s WALL (       1 calls)

     Linear response

     Apply operators

     Induced current

     Other routines
     efg          :     14.92s CPU     27.75s WALL (       1 calls)

     General routines
     calbec       :      4.40s CPU      7.58s WALL (      16 calls)
     fft          :      1.97s CPU      4.41s WALL (      15 calls)
     ffts         :      0.10s CPU      0.15s WALL (       2 calls)
     fftw         :      7.30s CPU     15.05s WALL (     672 calls)
     davcio       :      0.03s CPU      0.25s WALL (      32 calls)

     Parallel routines
     fft_scatter  :      6.04s CPU     15.95s WALL (     689 calls)

     Plugins

     GIPAW        :     72.54s CPU    108.06s WALL (       1 calls)
