
     Program QE v.6.0 (svn rev. 13079) starts on 29Dec2016 at 21:14: 4 

     This program is part of the open-source Quantum ESPRESSO suite
     for quantum simulation of materials; please cite
         "P. Giannozzi et al., J. Phys.:Condens. Matter 21 395502 (2009);
          URL http://www.quantum-espresso.org", 
     in publications or presentations arising from this work. More details at
     http://www.quantum-espresso.org/quote

     Parallel version (MPI), running on     8 processors
     R & G space division:  proc/nbgrp/npool/nimage =       8

     ***** This is GIPAW svn revision unknown      *****

     Parallelizing q-star over 1 images

     Reading data from directory:
     /users/majewski/paradichlorobenzene/pbe/9_constraint/scratch/pbe.ecut100.np8.dt60.pcl2phi-129368.save
     Message from routine read_xml_file:
     file /users/majewski/paradichlorobenzene/pbe/9_constraint/scratch/pbe.ecut100.np8.dt60.pcl2phi-129368.save not guaranteed to be safe for post-processing

   Info: using nr1, nr2, nr3 values from input

   Info: using nr1, nr2, nr3 values from input

     IMPORTANT: XC functional enforced from input :
     Exchange-correlation      =  SLA  PW   PBX  PBC ( 1  4  3  4 0 0)
     Any further DFT definition will be discarded
     Please, verify this is what you really want

               file C.pbe-n-kjpaw_psl.1.0.0.UPF: wavefunction(s)  2S 2P renormalized
               file Cl.pbe-n-kjpaw_psl.1.0.0.UPF: wavefunction(s)  3S 3P renormalized
               file H.pbe-kjpaw_psl.1.0.0.UPF: wavefunction(s)  1S renormalized

     Parallelization info
     --------------------
     sticks:   dense  smooth     PW     G-vecs:    dense   smooth      PW
     Min        3057    1223    332               144436    36536    5170
     Max        3059    1225    333               144437    36537    5171
     Sum       24467    9791   2657              1155489   292295   41363


     Subspace diagonalization in iterative solution of the eigenvalue problem:
     a serial algorithm will be used

     GIPAW projectors -----------------------------------------------
     atom=  C    l=0  rc=    1.2000  rs=    0.8000
     atom=  C    l=0  rc=    1.2000  rs=    0.8000
     atom=  C    l=1  rc=    1.4000  rs=    0.9333
     atom=  C    l=1  rc=    1.4000  rs=    0.9333
     projs nearly linearly dependent: l=1  n1,n2= 1, 2  s=  0.99951561

     atom=  Cl   l=0  rc=    1.6000  rs=    1.0667
     atom=  Cl   l=0  rc=    1.6000  rs=    1.0667
     atom=  Cl   l=1  rc=    1.6000  rs=    1.0667
     atom=  Cl   l=1  rc=    1.6000  rs=    1.0667
     atom=  Cl   l=2  rc=    1.6000  rs=    1.0667
     atom=  Cl   l=2  rc=    1.6000  rs=    1.0667
     projs nearly linearly dependent: l=2  n1,n2= 1, 2  s=  0.99993509

     atom=  H    l=0  rc=    1.0000  rs=    0.6667
     atom=  H    l=0  rc=    1.0000  rs=    0.6667
     projs nearly linearly dependent: l=0  n1,n2= 1, 2  s=  0.99968852
     -----------------------------------------------------------------

     GIPAW integrals: -------------------------------------------
     Atom  i/j   nmr_para   nmr_dia   epr_rmc  epr_para   epr_dia
       C   1 1   0.83E+03  0.17E-01  0.93E+01  0.24E+08  0.24E+03
       C   2 1   0.86E+03 -0.61E-01  0.94E+01  0.25E+08  0.25E+03
       C   2 2   0.90E+03 -0.15E+00  0.97E+01  0.26E+08  0.26E+03
       C   3 3   0.33E+01  0.34E+00  0.18E+01  0.55E+03  0.21E+02
       C   4 3   0.35E+01  0.37E+00  0.20E+01  0.59E+03  0.22E+02
       C   4 4   0.38E+01  0.39E+00  0.22E+01  0.63E+03  0.24E+02
       Cl  1 1   0.14E+04 -0.47E+00  0.84E+01  0.32E+09  0.42E+03
       Cl  2 1   0.21E+04 -0.37E+00  0.12E+02  0.49E+09  0.65E+03
       Cl  2 2   0.33E+04 -0.16E+00  0.21E+02  0.76E+09  0.10E+04
       Cl  3 3   0.21E+02  0.79E-01  0.89E+01  0.23E+05  0.13E+03
       Cl  4 3   0.24E+02  0.67E-01  0.99E+01  0.27E+05  0.15E+03
       Cl  4 4   0.28E+02  0.44E-01  0.11E+02  0.32E+05  0.18E+03
       Cl  5 5   0.77E+00  0.19E+00  0.18E+01  0.12E+03  0.22E+02
       Cl  6 5   0.80E+00  0.19E+00  0.19E+01  0.12E+03  0.23E+02
       Cl  6 6   0.83E+00  0.20E+00  0.19E+01  0.12E+03  0.23E+02
       H   1 1   0.39E+02  0.19E+00  0.29E+00  0.78E+05  0.13E+02
       H   2 1   0.41E+02  0.21E+00  0.32E+00  0.82E+05  0.14E+02
       H   2 2   0.43E+02  0.22E+00  0.36E+00  0.86E+05  0.15E+02
     ------------------------------------------------------------

     alpha_pv=     34.3122 eV

     Number of occupied bands for each k-point:
     k-point:     1    nbnd_occ=  42
     k-point:     2    nbnd_occ=  42
     k-point:     3    nbnd_occ=  42
     k-point:     4    nbnd_occ=  42
     k-point:     5    nbnd_occ=  42
     k-point:     6    nbnd_occ=  42
     k-point:     7    nbnd_occ=  42
     k-point:     8    nbnd_occ=  42
     k-point:     9    nbnd_occ=  42
     k-point:    10    nbnd_occ=  42
     k-point:    11    nbnd_occ=  42
     k-point:    12    nbnd_occ=  42
     k-point:    13    nbnd_occ=  42
     k-point:    14    nbnd_occ=  42
     k-point:    15    nbnd_occ=  42
     k-point:    16    nbnd_occ=  42


     q-space interpolation up to   110.00 Rydberg

     GIPAW job: efg                                                                             


     ELECTRIC FIELD GRADIENTS TENSORS IN Hartree/bohrradius^2:

     ----- bare term -----
     Cl   1       -0.179050        0.242372       -0.039379
     Cl   1        0.242372        0.098582       -0.104738
     Cl   1       -0.039379       -0.104738        0.080467

     C    2       -0.015606        0.041944       -0.217221
     C    2        0.041944        0.048322       -0.667915
     C    2       -0.217221       -0.667915       -0.032715

     C    3       -0.547960        0.343882       -0.221189
     C    3        0.343882        0.214995       -0.300421
     C    3       -0.221189       -0.300421        0.332965

     H    4       -0.216241       -0.518080       -0.238326
     H    4       -0.518080       -0.178836       -0.063191
     H    4       -0.238326       -0.063191        0.395078

     C    5       -0.018902        0.234893       -0.064966
     C    5        0.234893       -0.101174       -0.399203
     C    5       -0.064966       -0.399203        0.120076

     H    6        0.382883       -0.315685       -0.062490
     H    6       -0.315685       -0.695683       -0.351367
     H    6       -0.062490       -0.351367        0.312800

     H    7        0.182849       -0.082759       -0.330439
     H    7       -0.082759       -0.271874        0.458801
     H    7       -0.330439        0.458801        0.089024

     C    8       -0.692736       -0.305227       -0.257151
     C    8       -0.305227        0.310537        0.152298
     C    8       -0.257151        0.152298        0.382199

     H    9        0.032533       -0.156478       -0.461622
     H    9       -0.156478       -0.000139       -0.204163
     H    9       -0.461622       -0.204163       -0.032395

     C   10        0.090215        0.023081       -0.230815
     C   10        0.023081       -0.049701        0.615112
     C   10       -0.230815        0.615112       -0.040515

     C   11       -0.677061       -0.446340       -0.289885
     C   11       -0.446340        0.289076        0.168242
     C   11       -0.289885        0.168242        0.387986

     Cl  12        0.081806       -0.060435       -0.007467
     Cl  12       -0.060435       -0.072718       -0.009921
     Cl  12       -0.007467       -0.009921       -0.009088

     H   13        0.384453       -0.020799       -0.102358
     H   13       -0.020799       -0.526392       -0.604161
     H   13       -0.102358       -0.604161        0.141939

     C   14       -0.834416        0.393087       -0.374235
     C   14        0.393087        0.493057       -0.161621
     C   14       -0.374235       -0.161621        0.341359

     H   15       -0.463749        0.058597       -0.384842
     H   15        0.058597        0.172669       -0.259128
     H   15       -0.384842       -0.259128        0.291080

     C   16        0.015627        0.200570       -0.152609
     C   16        0.200570       -0.104115       -0.591734
     C   16       -0.152609       -0.591734        0.088488

     C   17       -0.480997        0.395140       -0.453507
     C   17        0.395140        0.295241       -0.186275
     C   17       -0.453507       -0.186275        0.185757

     Cl  18       -0.018848        0.115942       -0.056346
     Cl  18        0.115942        0.120356       -0.050002
     Cl  18       -0.056346       -0.050002       -0.101508

     H   19        0.432327       -0.080771        0.014176
     H   19       -0.080771       -0.708838        0.427874
     H   19        0.014176        0.427874        0.276512

     C   20       -0.118715        0.223649       -0.411024
     C   20        0.223649       -0.043781        0.412041
     C   20       -0.411024        0.412041        0.162496

     H   21        0.061128        0.058331       -0.265476
     H   21        0.058331        0.196586        0.527597
     H   21       -0.265476        0.527597       -0.257715

     C   22       -0.605025       -0.341269       -0.398945
     C   22       -0.341269        0.164143        0.010586
     C   22       -0.398945        0.010586        0.440883

     C   23        0.027498        0.303310       -0.449331
     C   23        0.303310       -0.249118        0.482013
     C   23       -0.449331        0.482013        0.221620

     Cl  24       -0.280095       -0.282959       -0.118675
     Cl  24       -0.282959        0.013904       -0.113626
     Cl  24       -0.118675       -0.113626        0.266191

     ----- ionic term -----
     Cl   1        0.140750       -0.185199       -0.003073
     Cl   1       -0.185199        0.012351        0.012616
     Cl   1       -0.003073        0.012616       -0.153101

     C    2        0.261311       -0.116682        0.231185
     C    2       -0.116682        0.103681        0.423348
     C    2        0.231185        0.423348       -0.364992

     C    3        0.121502       -0.241497        0.158927
     C    3       -0.241497        0.210132        0.438600
     C    3        0.158927        0.438600       -0.331634

     H    4        0.598391        0.317506        0.660880
     H    4        0.317506       -0.414402        0.268663
     H    4        0.660880        0.268663       -0.183990

     C    5        0.240471       -0.198191        0.221039
     C    5       -0.198191        0.091008        0.333864
     C    5        0.221039        0.333864       -0.331478

     H    6       -0.533144        0.068390        0.051591
     H    6        0.068390        0.600926        0.740038
     H    6        0.051591        0.740038       -0.067781

     H    7       -0.518655       -0.165439        0.117800
     H    7       -0.165439        0.569189       -0.732174
     H    7        0.117800       -0.732174       -0.050534

     C    8        0.164466        0.216097        0.329345
     C    8        0.216097        0.095033       -0.252517
     C    8        0.329345       -0.252517       -0.259499

     H    9        0.437382       -0.083910        0.774492
     H    9       -0.083910       -0.473562       -0.134407
     H    9        0.774492       -0.134407        0.036180

     C   10        0.048235        0.312934        0.254842
     C   10        0.312934        0.189795       -0.313606
     C   10        0.254842       -0.313606       -0.238031

     C   11        0.119901        0.251011        0.296197
     C   11        0.251011        0.103036       -0.390189
     C   11        0.296197       -0.390189       -0.222937

     Cl  12        0.125288        0.238866       -0.004096
     Cl  12        0.238866        0.029617       -0.009640
     Cl  12       -0.004096       -0.009640       -0.154905

     H   13       -0.489816        0.186329        0.088614
     H   13        0.186329        0.747720        0.634777
     H   13        0.088614        0.634777       -0.257904

     C   14        0.346342       -0.114883        0.240974
     C   14       -0.114883        0.083587        0.299470
     C   14        0.240974        0.299470       -0.429930

     H   15        0.691596        0.376625        0.585537
     H   15        0.376625       -0.359416        0.239557
     H   15        0.585537        0.239557       -0.332180

     C   16        0.185291       -0.182390        0.174913
     C   16       -0.182390        0.222340        0.374111
     C   16        0.174913        0.374111       -0.407630

     C   17        0.202806       -0.138059        0.281689
     C   17       -0.138059        0.158323        0.376842
     C   17        0.281689        0.376842       -0.361129

     Cl  18        0.146598       -0.219939        0.022010
     Cl  18       -0.219939        0.003690       -0.000094
     Cl  18        0.022010       -0.000094       -0.150288

     H   19       -0.500225       -0.104736        0.083652
     H   19       -0.104736        0.733867       -0.642807
     H   19        0.083652       -0.642807       -0.233642

     C   20        0.236595        0.245711        0.347152
     C   20        0.245711        0.050384       -0.247620
     C   20        0.347152       -0.247620       -0.286979

     H   21        0.345760       -0.283149        0.783052
     H   21       -0.283149       -0.416926       -0.309906
     H   21        0.783052       -0.309906        0.071166

     C   22        0.068568        0.252401        0.243625
     C   22        0.252401        0.190522       -0.375449
     C   22        0.243625       -0.375449       -0.259090

     C   23        0.151229        0.247220        0.280128
     C   23        0.247220        0.123124       -0.367576
     C   23        0.280128       -0.367576       -0.274354

     Cl  24        0.145738        0.215788        0.012549
     Cl  24        0.215788        0.014200       -0.001934
     Cl  24        0.012549       -0.001934       -0.159938

     ----- GIPAW term -----
     Cl   1       -0.515259        0.116460       -0.744503
     Cl   1        0.116460        1.814004       -1.787949
     Cl   1       -0.744503       -1.787949       -1.298746

     C    2       -0.048469        0.014699       -0.054829
     C    2        0.014699        0.193845       -0.177747
     C    2       -0.054829       -0.177747       -0.145376

     C    3       -0.187852        0.107253       -0.067713
     C    3        0.107253        0.234760       -0.130707
     C    3       -0.067713       -0.130707       -0.046907

     H    4       -0.000000        0.000000        0.000000
     H    4        0.000000        0.000000        0.000000
     H    4        0.000000        0.000000        0.000000

     C    5       -0.047713        0.141501        0.015707
     C    5        0.141501        0.180580       -0.058554
     C    5        0.015707       -0.058554       -0.132867

     H    6       -0.000000        0.000000        0.000000
     H    6        0.000000        0.000000        0.000000
     H    6        0.000000        0.000000        0.000000

     H    7       -0.000000        0.000000        0.000000
     H    7        0.000000        0.000000        0.000000
     H    7        0.000000        0.000000        0.000000

     C    8       -0.126502        0.142252       -0.020345
     C    8        0.142252        0.227615       -0.021775
     C    8       -0.020345       -0.021775       -0.101113

     H    9       -0.000000        0.000000        0.000000
     H    9        0.000000        0.000000        0.000000
     H    9        0.000000        0.000000        0.000000

     C   10       -0.091117        0.069050       -0.020046
     C   10        0.069050        0.212161        0.122408
     C   10       -0.020046        0.122408       -0.121043

     C   11       -0.152020        0.046491       -0.022824
     C   11        0.046491        0.262656        0.030198
     C   11       -0.022824        0.030198       -0.110636

     Cl  12       -0.085433        0.625350        0.013351
     Cl  12        0.625350        2.504510       -0.430796
     Cl  12        0.013351       -0.430796       -2.419077

     H   13       -0.000000        0.000000        0.000000
     H   13        0.000000        0.000000        0.000000
     H   13        0.000000        0.000000        0.000000

     C   14       -0.237229        0.081132       -0.040767
     C   14        0.081132        0.317174        0.004135
     C   14       -0.040767        0.004135       -0.079945

     H   15       -0.000000        0.000000        0.000000
     H   15        0.000000        0.000000        0.000000
     H   15        0.000000        0.000000        0.000000

     C   16       -0.116740        0.035556       -0.010505
     C   16        0.035556        0.252761       -0.018747
     C   16       -0.010505       -0.018747       -0.136021

     C   17       -0.075225        0.131654       -0.065586
     C   17        0.131654        0.234068       -0.027319
     C   17       -0.065586       -0.027319       -0.158844

     Cl  18        0.433119       -0.245157       -0.484688
     Cl  18       -0.245157        2.141386       -0.801046
     Cl  18       -0.484688       -0.801046       -2.574505

     H   19       -0.000000        0.000000        0.000000
     H   19        0.000000        0.000000        0.000000
     H   19        0.000000        0.000000        0.000000

     C   20       -0.062752        0.181712       -0.111333
     C   20        0.181712        0.133164       -0.050332
     C   20       -0.111333       -0.050332       -0.070411

     H   21       -0.000000        0.000000        0.000000
     H   21        0.000000        0.000000        0.000000
     H   21        0.000000        0.000000        0.000000

     C   22       -0.152238        0.087522       -0.154925
     C   22        0.087522        0.115934       -0.174810
     C   22       -0.154925       -0.174810        0.036304

     C   23       -0.011945        0.230337       -0.137457
     C   23        0.230337        0.026937       -0.107865
     C   23       -0.137457       -0.107865       -0.014992

     Cl  24       -0.160885        1.829707       -1.296717
     Cl  24        1.829707        0.493570       -1.548355
     Cl  24       -1.296717       -1.548355       -0.332685

     ----- total EFG -----
     Cl   1       -0.553559        0.173633       -0.786956
     Cl   1        0.173633        1.924937       -1.880071
     Cl   1       -0.786956       -1.880071       -1.371379

     C    2        0.197236       -0.060039       -0.040865
     C    2       -0.060039        0.345847       -0.422314
     C    2       -0.040865       -0.422314       -0.543083

     C    3       -0.614310        0.209637       -0.129975
     C    3        0.209637        0.659886        0.007472
     C    3       -0.129975        0.007472       -0.045576

     H    4        0.382150       -0.200574        0.422554
     H    4       -0.200574       -0.593238        0.205472
     H    4        0.422554        0.205472        0.211088

     C    5        0.173855        0.178203        0.171780
     C    5        0.178203        0.170414       -0.123893
     C    5        0.171780       -0.123893       -0.344269

     H    6       -0.150261       -0.247295       -0.010899
     H    6       -0.247295       -0.094757        0.388671
     H    6       -0.010899        0.388671        0.245018

     H    7       -0.335806       -0.248198       -0.212639
     H    7       -0.248198        0.297316       -0.273373
     H    7       -0.212639       -0.273373        0.038490

     C    8       -0.654772        0.053122        0.051850
     C    8        0.053122        0.633185       -0.121993
     C    8        0.051850       -0.121993        0.021586

     H    9        0.469915       -0.240388        0.312870
     H    9       -0.240388       -0.473701       -0.338570
     H    9        0.312870       -0.338570        0.003786

     C   10        0.047334        0.405066        0.003981
     C   10        0.405066        0.352255        0.423914
     C   10        0.003981        0.423914       -0.399589

     C   11       -0.709180       -0.148839       -0.016511
     C   11       -0.148839        0.654767       -0.191749
     C   11       -0.016511       -0.191749        0.054414

     Cl  12        0.121661        0.803781        0.001788
     Cl  12        0.803781        2.461409       -0.450358
     Cl  12        0.001788       -0.450358       -2.583070

     H   13       -0.105363        0.165529       -0.013744
     H   13        0.165529        0.221328        0.030615
     H   13       -0.013744        0.030615       -0.115965

     C   14       -0.725303        0.359336       -0.174028
     C   14        0.359336        0.893818        0.141984
     C   14       -0.174028        0.141984       -0.168516

     H   15        0.227847        0.435222        0.200695
     H   15        0.435222       -0.186747       -0.019571
     H   15        0.200695       -0.019571       -0.041100

     C   16        0.084177        0.053736        0.011800
     C   16        0.053736        0.370986       -0.236371
     C   16        0.011800       -0.236371       -0.455163

     C   17       -0.353416        0.388735       -0.237404
     C   17        0.388735        0.687633        0.163249
     C   17       -0.237404        0.163249       -0.334216

     Cl  18        0.560870       -0.349154       -0.519023
     Cl  18       -0.349154        2.265431       -0.851142
     Cl  18       -0.519023       -0.851142       -2.826301

     H   19       -0.067898       -0.185507        0.097828
     H   19       -0.185507        0.025029       -0.214934
     H   19        0.097828       -0.214934        0.042870

     C   20        0.055128        0.651071       -0.175205
     C   20        0.651071        0.139767        0.114090
     C   20       -0.175205        0.114090       -0.194895

     H   21        0.406889       -0.224818        0.517575
     H   21       -0.224818       -0.220340        0.217691
     H   21        0.517575        0.217691       -0.186549

     C   22       -0.688695       -0.001346       -0.310245
     C   22       -0.001346        0.470599       -0.539673
     C   22       -0.310245       -0.539673        0.218097

     C   23        0.166782        0.780867       -0.306660
     C   23        0.780867       -0.099056        0.006571
     C   23       -0.306660        0.006571       -0.067726

     Cl  24       -0.295242        1.762535       -1.402843
     Cl  24        1.762535        0.521675       -1.663915
     Cl  24       -1.402843       -1.663915       -0.226433

     ----- total EFG (symmetrized) -----
     Cl   1       -0.553559        0.173633       -0.786956
     Cl   1        0.173633        1.924937       -1.880071
     Cl   1       -0.786956       -1.880071       -1.371379

     C    2        0.197236       -0.060039       -0.040865
     C    2       -0.060039        0.345847       -0.422314
     C    2       -0.040865       -0.422314       -0.543083

     C    3       -0.614310        0.209637       -0.129975
     C    3        0.209637        0.659886        0.007472
     C    3       -0.129975        0.007472       -0.045576

     H    4        0.382150       -0.200574        0.422554
     H    4       -0.200574       -0.593238        0.205472
     H    4        0.422554        0.205472        0.211088

     C    5        0.173855        0.178203        0.171780
     C    5        0.178203        0.170414       -0.123893
     C    5        0.171780       -0.123893       -0.344269

     H    6       -0.150261       -0.247295       -0.010899
     H    6       -0.247295       -0.094757        0.388671
     H    6       -0.010899        0.388671        0.245018

     H    7       -0.335806       -0.248198       -0.212639
     H    7       -0.248198        0.297316       -0.273373
     H    7       -0.212639       -0.273373        0.038490

     C    8       -0.654772        0.053122        0.051850
     C    8        0.053122        0.633185       -0.121993
     C    8        0.051850       -0.121993        0.021586

     H    9        0.469915       -0.240388        0.312870
     H    9       -0.240388       -0.473701       -0.338570
     H    9        0.312870       -0.338570        0.003786

     C   10        0.047334        0.405066        0.003981
     C   10        0.405066        0.352255        0.423914
     C   10        0.003981        0.423914       -0.399589

     C   11       -0.709180       -0.148839       -0.016511
     C   11       -0.148839        0.654767       -0.191749
     C   11       -0.016511       -0.191749        0.054414

     Cl  12        0.121661        0.803781        0.001788
     Cl  12        0.803781        2.461409       -0.450358
     Cl  12        0.001788       -0.450358       -2.583070

     H   13       -0.105363        0.165529       -0.013744
     H   13        0.165529        0.221328        0.030615
     H   13       -0.013744        0.030615       -0.115965

     C   14       -0.725303        0.359336       -0.174028
     C   14        0.359336        0.893818        0.141984
     C   14       -0.174028        0.141984       -0.168516

     H   15        0.227847        0.435222        0.200695
     H   15        0.435222       -0.186747       -0.019571
     H   15        0.200695       -0.019571       -0.041100

     C   16        0.084177        0.053736        0.011800
     C   16        0.053736        0.370986       -0.236371
     C   16        0.011800       -0.236371       -0.455163

     C   17       -0.353416        0.388735       -0.237404
     C   17        0.388735        0.687633        0.163249
     C   17       -0.237404        0.163249       -0.334216

     Cl  18        0.560870       -0.349154       -0.519023
     Cl  18       -0.349154        2.265431       -0.851142
     Cl  18       -0.519023       -0.851142       -2.826301

     H   19       -0.067898       -0.185507        0.097828
     H   19       -0.185507        0.025029       -0.214934
     H   19        0.097828       -0.214934        0.042870

     C   20        0.055128        0.651071       -0.175205
     C   20        0.651071        0.139767        0.114090
     C   20       -0.175205        0.114090       -0.194895

     H   21        0.406889       -0.224818        0.517575
     H   21       -0.224818       -0.220340        0.217691
     H   21        0.517575        0.217691       -0.186549

     C   22       -0.688695       -0.001346       -0.310245
     C   22       -0.001346        0.470599       -0.539673
     C   22       -0.310245       -0.539673        0.218097

     C   23        0.166782        0.780867       -0.306660
     C   23        0.780867       -0.099056        0.006571
     C   23       -0.306660        0.006571       -0.067726

     Cl  24       -0.295242        1.762535       -1.402843
     Cl  24        1.762535        0.521675       -1.663915
     Cl  24       -1.402843       -1.663915       -0.226433


     NQR/NMR SPECTROSCOPIC PARAMETERS:
     Cl   1    Vxx=   -0.3989    axis=(  0.933258 -0.265486 -0.241964)
     Cl   1    Vyy=   -2.4484    axis=(  0.329082  0.361892  0.872204)
     Cl   1    Vzz=    2.8473    axis=( -0.143994 -0.893617  0.425105)
     Cl   1  Q=        -8.1650 1e-30 m^2  Cq=       -54.6238 MHz  eta= 0.71979

     C    2    Vxx=    0.1961    axis=(  0.989828  0.092861 -0.107783)
     C    2    Vyy=    0.5196    axis=( -0.126078  0.923551 -0.362157)
     C    2    Vzz=   -0.7157    axis=(  0.065913  0.372063  0.925864)
     C    2  Q=         1.0000 1e-30 m^2  Cq=        -1.6816 MHz  eta= 0.45214

     C    3    Vxx=   -0.0191    axis=( -0.196306  0.049830  0.979276)
     C    3    Vyy=   -0.6746    axis=( -0.967404  0.153102 -0.201716)
     C    3    Vzz=    0.6937    axis=( -0.159981 -0.986953  0.018150)
     C    3  Q=         1.0000 1e-30 m^2  Cq=         1.6300 MHz  eta= 0.94482

     H    4    Vxx=    0.0026    axis=( -0.559211  0.432202  0.707449)
     H    4    Vyy=    0.7283    axis=( -0.778203  0.020520 -0.627677)
     H    4    Vzz=   -0.7309    axis=(  0.285800  0.901543 -0.324866)
     H    4  Q=         1.0000 1e-30 m^2  Cq=        -1.7172 MHz  eta= 0.99288

     C    5    Vxx=    0.0927    axis=( -0.594018  0.681881 -0.426827)
     C    5    Vyy=    0.3525    axis=(  0.733571  0.676915  0.060494)
     C    5    Vzz=   -0.4452    axis=( -0.330175  0.277174  0.902308)
     C    5  Q=         1.0000 1e-30 m^2  Cq=        -1.0460 MHz  eta= 0.58343

     H    6    Vxx=   -0.0521    axis=(  0.809307 -0.342249  0.477376)
     H    6    Vyy=   -0.4800    axis=( -0.544180 -0.742801  0.390020)
     H    6    Vzz=    0.5321    axis=( -0.221111  0.575424  0.787399)
     H    6  Q=         1.0000 1e-30 m^2  Cq=         1.2503 MHz  eta= 0.80414

     H    7    Vxx=    0.0849    axis=(  0.569085 -0.313461 -0.760187)
     H    7    Vyy=    0.4843    axis=( -0.143042  0.872654 -0.466920)
     H    7    Vzz=   -0.5692    axis=(  0.809741  0.374456  0.451776)
     H    7  Q=         1.0000 1e-30 m^2  Cq=        -1.3374 MHz  eta= 0.70152

     C    8    Vxx=    0.0038    axis=(  0.091763  0.182005  0.979006)
     C    8    Vyy=    0.6580    axis=( -0.032410 -0.982088  0.185616)
     C    8    Vzz=   -0.6618    axis=(  0.995253 -0.048762 -0.084221)
     C    8  Q=         1.0000 1e-30 m^2  Cq=        -1.5549 MHz  eta= 0.98862

     H    9    Vxx=   -0.0873    axis=(  0.564578  0.316644 -0.762226)
     H    9    Vyy=   -0.6543    axis=( -0.073332 -0.900589 -0.428440)
     H    9    Vzz=    0.7417    axis=( -0.822116  0.297783 -0.485233)
     H    9  Q=         1.0000 1e-30 m^2  Cq=         1.7426 MHz  eta= 0.76456

     C   10    Vxx=   -0.1090    axis=(  0.833909 -0.317367 -0.451524)
     C   10    Vyy=   -0.6368    axis=( -0.274322  0.471553 -0.838084)
     C   10    Vzz=    0.7458    axis=(  0.478898  0.822749  0.306172)
     C   10  Q=         1.0000 1e-30 m^2  Cq=         1.7523 MHz  eta= 0.70774

     C   11    Vxx=    0.0029    axis=( -0.077673  0.264977  0.961121)
     C   11    Vyy=    0.7242    axis=( -0.096300  0.957532 -0.271770)
     C   11    Vzz=   -0.7270    axis=( -0.992317 -0.113665 -0.048857)
     C   11  Q=         1.0000 1e-30 m^2  Cq=        -1.7083 MHz  eta= 0.99207

     Cl  12    Vxx=   -0.1206    axis=(  0.956049 -0.288299  0.053421)
     Cl  12    Vyy=   -2.6250    axis=(  0.027720 -0.092508 -0.995326)
     Cl  12    Vzz=    2.7456    axis=(  0.291893  0.953061 -0.080451)
     Cl  12  Q=        -8.1650 1e-30 m^2  Cq=       -52.6729 MHz  eta= 0.91214

     H   13    Vxx=   -0.1082    axis=(  0.339878 -0.083688 -0.936739)
     H   13    Vyy=   -0.1836    axis=( -0.859215  0.377365 -0.345463)
     H   13    Vzz=    0.2918    axis=(  0.382404  0.922275  0.056352)
     H   13  Q=         1.0000 1e-30 m^2  Cq=         0.6857 MHz  eta= 0.25818

     C   14    Vxx=   -0.1197    axis=( -0.292566 -0.030167  0.955770)
     C   14    Vyy=   -0.8596    axis=( -0.935837  0.214428 -0.279696)
     C   14    Vzz=    0.9794    axis=( -0.196506 -0.976274 -0.090965)
     C   14  Q=         1.0000 1e-30 m^2  Cq=         2.3011 MHz  eta= 0.75550

     H   15    Vxx=   -0.0498    axis=( -0.076951 -0.376605  0.923172)
     H   15    Vyy=   -0.4971    axis=( -0.549757  0.788470  0.275829)
     H   15    Vzz=    0.5469    axis=( -0.831773 -0.486295 -0.267715)
     H   15  Q=         1.0000 1e-30 m^2  Cq=         1.2850 MHz  eta= 0.81772

     C   16    Vxx=    0.0785    axis=(  0.989795 -0.120894  0.075430)
     C   16    Vyy=    0.4406    axis=(  0.136187  0.958333 -0.251100)
     C   16    Vzz=   -0.5191    axis=( -0.041930  0.258810  0.965018)
     C   16  Q=         1.0000 1e-30 m^2  Cq=        -1.2196 MHz  eta= 0.69748

     C   17    Vxx=   -0.1261    axis=( -0.601820  0.129395  0.788079)
     C   17    Vyy=   -0.6965    axis=( -0.740244  0.279994 -0.611263)
     C   17    Vzz=    0.8226    axis=( -0.299752 -0.951241 -0.072722)
     C   17  Q=         1.0000 1e-30 m^2  Cq=         1.9328 MHz  eta= 0.69337

     Cl  18    Vxx=    0.6130    axis=(  0.977523  0.115806 -0.176174)
     Cl  18    Vyy=    2.4414    axis=( -0.142012  0.979299 -0.144240)
     Cl  18    Vzz=   -3.0545    axis=(  0.155823  0.166016  0.973734)
     Cl  18  Q=        -8.1650 1e-30 m^2  Cq=        58.5985 MHz  eta= 0.59859

     H   19    Vxx=   -0.1131    axis=(  0.667422 -0.213724 -0.713351)
     H   19    Vyy=   -0.2335    axis=( -0.601284 -0.719796 -0.346916)
     H   19    Vzz=    0.3466    axis=( -0.439323  0.660466 -0.608917)
     H   19  Q=         1.0000 1e-30 m^2  Cq=         0.8143 MHz  eta= 0.34760

     C   20    Vxx=   -0.1028    axis=( -0.275409  0.311523  0.909452)
     C   20    Vyy=   -0.6486    axis=( -0.671599  0.614537 -0.413883)
     C   20    Vzz=    0.7514    axis=( -0.687826 -0.724775  0.039969)
     C   20  Q=         1.0000 1e-30 m^2  Cq=         1.7654 MHz  eta= 0.72647

     H   21    Vxx=   -0.0311    axis=(  0.192103 -0.830265 -0.523218)
     H   21    Vyy=   -0.6841    axis=(  0.447965  0.548549 -0.705990)
     H   21    Vzz=    0.7152    axis=(  0.873169 -0.098760  0.477307)
     H   21  Q=         1.0000 1e-30 m^2  Cq=         1.6805 MHz  eta= 0.91293

     C   22    Vxx=   -0.1127    axis=( -0.369166  0.630677  0.682615)
     C   22    Vyy=   -0.8094    axis=( -0.921312 -0.151876 -0.357936)
     C   22    Vzz=    0.9222    axis=( -0.122069 -0.761039  0.637117)
     C   22  Q=         1.0000 1e-30 m^2  Cq=         2.1668 MHz  eta= 0.75551

     C   23    Vxx=   -0.0674    axis=(  0.006893  0.363739  0.931476)
     C   23    Vyy=   -0.8157    axis=(  0.649343 -0.710016  0.272454)
     C   23    Vzz=    0.8831    axis=( -0.760465 -0.602969  0.241085)
     C   23  Q=         1.0000 1e-30 m^2  Cq=         2.0750 MHz  eta= 0.84730

     Cl  24    Vxx=   -1.5577    axis=(  0.025819  0.611154  0.791090)
     Cl  24    Vyy=   -1.7169    axis=( -0.845303  0.435804 -0.309090)
     Cl  24    Vzz=    3.2746    axis=( -0.533662 -0.660731  0.527863)
     Cl  24  Q=        -8.1650 1e-30 m^2  Cq=       -62.8208 MHz  eta= 0.04862

     Initialization:
     gipaw_setup  :      9.20s CPU     11.05s WALL (       1 calls)

     Linear response

     Apply operators

     Induced current

     Other routines
     efg          :      9.38s CPU     11.62s WALL (       1 calls)

     General routines
     calbec       :      3.21s CPU      4.06s WALL (      16 calls)
     fft          :      1.78s CPU      3.16s WALL (      15 calls)
     ffts         :      0.04s CPU      0.05s WALL (       2 calls)
     fftw         :      3.35s CPU      4.14s WALL (     672 calls)
     davcio       :      0.03s CPU      0.30s WALL (      32 calls)

     Parallel routines
     fft_scatter  :      2.55s CPU      4.52s WALL (     689 calls)

     Plugins

     GIPAW        :     60.98s CPU     75.56s WALL (       1 calls)
