
     Program QE v.6.0 (svn rev. 13079) starts on 18Jan2017 at 11: 4:38 

     This program is part of the open-source Quantum ESPRESSO suite
     for quantum simulation of materials; please cite
         "P. Giannozzi et al., J. Phys.:Condens. Matter 21 395502 (2009);
          URL http://www.quantum-espresso.org", 
     in publications or presentations arising from this work. More details at
     http://www.quantum-espresso.org/quote

     Parallel version (MPI), running on     8 processors
     R & G space division:  proc/nbgrp/npool/nimage =       8

     ***** This is GIPAW svn revision unknown      *****

     Parallelizing q-star over 1 images

     Reading data from directory:
     /users/majewski/paradichlorobenzene/pbe/9_constraint/scratch/pbe.ecut100.np8.dt60.pcl2phi-129368.save
     Message from routine read_xml_file:
     file /users/majewski/paradichlorobenzene/pbe/9_constraint/scratch/pbe.ecut100.np8.dt60.pcl2phi-129368.save not guaranteed to be safe for post-processing

   Info: using nr1, nr2, nr3 values from input

   Info: using nr1, nr2, nr3 values from input

     IMPORTANT: XC functional enforced from input :
     Exchange-correlation      =  SLA  PW   PBX  PBC ( 1  4  3  4 0 0)
     Any further DFT definition will be discarded
     Please, verify this is what you really want

               file C.pbe-n-kjpaw_psl.1.0.0.UPF: wavefunction(s)  2S 2P renormalized
               file Cl.pbe-n-kjpaw_psl.1.0.0.UPF: wavefunction(s)  3S 3P renormalized
               file H.pbe-kjpaw_psl.1.0.0.UPF: wavefunction(s)  1S renormalized

     Parallelization info
     --------------------
     sticks:   dense  smooth     PW     G-vecs:    dense   smooth      PW
     Min        3057    1223    332               144436    36536    5170
     Max        3059    1225    333               144437    36537    5171
     Sum       24467    9791   2657              1155489   292295   41363


     Subspace diagonalization in iterative solution of the eigenvalue problem:
     a serial algorithm will be used

     GIPAW projectors -----------------------------------------------
     atom=  C    l=0  rc=    1.2000  rs=    0.8000
     atom=  C    l=0  rc=    1.2000  rs=    0.8000
     atom=  C    l=1  rc=    1.4000  rs=    0.9333
     atom=  C    l=1  rc=    1.4000  rs=    0.9333
     projs nearly linearly dependent: l=1  n1,n2= 1, 2  s=  0.99951561

     atom=  Cl   l=0  rc=    1.6000  rs=    1.0667
     atom=  Cl   l=0  rc=    1.6000  rs=    1.0667
     atom=  Cl   l=1  rc=    1.6000  rs=    1.0667
     atom=  Cl   l=1  rc=    1.6000  rs=    1.0667
     atom=  Cl   l=2  rc=    1.6000  rs=    1.0667
     atom=  Cl   l=2  rc=    1.6000  rs=    1.0667
     projs nearly linearly dependent: l=2  n1,n2= 1, 2  s=  0.99993509

     atom=  H    l=0  rc=    1.0000  rs=    0.6667
     atom=  H    l=0  rc=    1.0000  rs=    0.6667
     projs nearly linearly dependent: l=0  n1,n2= 1, 2  s=  0.99968852
     -----------------------------------------------------------------

     GIPAW integrals: -------------------------------------------
     Atom  i/j   nmr_para   nmr_dia   epr_rmc  epr_para   epr_dia
       C   1 1   0.83E+03  0.17E-01  0.93E+01  0.24E+08  0.24E+03
       C   2 1   0.86E+03 -0.61E-01  0.94E+01  0.25E+08  0.25E+03
       C   2 2   0.90E+03 -0.15E+00  0.97E+01  0.26E+08  0.26E+03
       C   3 3   0.33E+01  0.34E+00  0.18E+01  0.55E+03  0.21E+02
       C   4 3   0.35E+01  0.37E+00  0.20E+01  0.59E+03  0.22E+02
       C   4 4   0.38E+01  0.39E+00  0.22E+01  0.63E+03  0.24E+02
       Cl  1 1   0.14E+04 -0.47E+00  0.84E+01  0.32E+09  0.42E+03
       Cl  2 1   0.21E+04 -0.37E+00  0.12E+02  0.49E+09  0.65E+03
       Cl  2 2   0.33E+04 -0.16E+00  0.21E+02  0.76E+09  0.10E+04
       Cl  3 3   0.21E+02  0.79E-01  0.89E+01  0.23E+05  0.13E+03
       Cl  4 3   0.24E+02  0.67E-01  0.99E+01  0.27E+05  0.15E+03
       Cl  4 4   0.28E+02  0.44E-01  0.11E+02  0.32E+05  0.18E+03
       Cl  5 5   0.77E+00  0.19E+00  0.18E+01  0.12E+03  0.22E+02
       Cl  6 5   0.80E+00  0.19E+00  0.19E+01  0.12E+03  0.23E+02
       Cl  6 6   0.83E+00  0.20E+00  0.19E+01  0.12E+03  0.23E+02
       H   1 1   0.39E+02  0.19E+00  0.29E+00  0.78E+05  0.13E+02
       H   2 1   0.41E+02  0.21E+00  0.32E+00  0.82E+05  0.14E+02
       H   2 2   0.43E+02  0.22E+00  0.36E+00  0.86E+05  0.15E+02
     ------------------------------------------------------------

     alpha_pv=     33.8183 eV

     Number of occupied bands for each k-point:
     k-point:     1    nbnd_occ=  42
     k-point:     2    nbnd_occ=  42
     k-point:     3    nbnd_occ=  42
     k-point:     4    nbnd_occ=  42
     k-point:     5    nbnd_occ=  42
     k-point:     6    nbnd_occ=  42
     k-point:     7    nbnd_occ=  42
     k-point:     8    nbnd_occ=  42
     k-point:     9    nbnd_occ=  42
     k-point:    10    nbnd_occ=  42
     k-point:    11    nbnd_occ=  42
     k-point:    12    nbnd_occ=  42
     k-point:    13    nbnd_occ=  42
     k-point:    14    nbnd_occ=  42
     k-point:    15    nbnd_occ=  42
     k-point:    16    nbnd_occ=  42


     q-space interpolation up to   110.00 Rydberg

     GIPAW job: efg                                                                             


     ELECTRIC FIELD GRADIENTS TENSORS IN Hartree/bohrradius^2:

     ----- bare term -----
     Cl   1       -0.127917        0.202927       -0.006093
     Cl   1        0.202927       -0.018000       -0.006363
     Cl   1       -0.006093       -0.006363        0.145917

     C    2       -0.013844       -0.070910       -0.475111
     C    2       -0.070910       -0.374542       -0.446670
     C    2       -0.475111       -0.446670        0.388387

     C    3       -0.096024        0.387011       -0.206939
     C    3        0.387011       -0.134576       -0.083697
     C    3       -0.206939       -0.083697        0.230600

     H    4        0.059981       -0.030075       -0.181395
     H    4       -0.030075        0.408078       -0.370088
     H    4       -0.181395       -0.370088       -0.468058

     C    5       -0.087880        0.006311       -0.576258
     C    5        0.006311       -0.067152       -0.406360
     C    5       -0.576258       -0.406360        0.155032

     H    6       -0.051937        0.235917        0.208541
     H    6        0.235917       -0.146203       -0.484895
     H    6        0.208541       -0.484895        0.198140

     H    7        0.401586        0.013374        0.223986
     H    7        0.013374       -0.047158        0.424347
     H    7        0.223986        0.424347       -0.354427

     C    8       -0.336254       -0.206936       -0.387567
     C    8       -0.206936       -0.085932        0.421652
     C    8       -0.387567        0.421652        0.422186

     H    9       -0.320834        0.134026       -0.544154
     H    9        0.134026        0.297159        0.095709
     H    9       -0.544154        0.095709        0.023675

     C   10       -0.071755       -0.438440       -0.255136
     C   10       -0.438440       -0.243037        0.552948
     C   10       -0.255136        0.552948        0.314792

     C   11       -0.148417       -0.171104       -0.563365
     C   11       -0.171104        0.004066        0.453499
     C   11       -0.563365        0.453499        0.144351

     Cl  12       -0.056660       -0.126808       -0.116375
     Cl  12       -0.126808        0.038882        0.132178
     Cl  12       -0.116375        0.132178        0.017779

     H   13        0.430723       -0.121049       -0.024910
     H   13       -0.121049       -0.670470       -0.222707
     H   13       -0.024910       -0.222707        0.239747

     C   14       -0.440152        0.156942       -0.363238
     C   14        0.156942       -0.066499       -0.441288
     C   14       -0.363238       -0.441288        0.506652

     H   15       -0.163643       -0.240242       -0.495180
     H   15       -0.240242        0.260392       -0.365045
     H   15       -0.495180       -0.365045       -0.096749

     C   16       -0.342827        0.270387       -0.298671
     C   16        0.270387       -0.108524       -0.404847
     C   16       -0.298671       -0.404847        0.451350

     C   17       -0.062458        0.300979       -0.067677
     C   17        0.300979       -0.407323       -0.469795
     C   17       -0.067677       -0.469795        0.469781

     Cl  18       -0.093766       -0.012385       -0.070379
     Cl  18       -0.012385       -0.043380       -0.127330
     Cl  18       -0.070379       -0.127330        0.137146

     H   19       -0.025969        0.276379       -0.241224
     H   19        0.276379       -0.228367        0.451906
     H   19       -0.241224        0.451906        0.254336

     C   20       -0.034311       -0.478263       -0.264013
     C   20       -0.478263       -0.354747        0.286549
     C   20       -0.264013        0.286549        0.389058

     H   21       -0.696654        0.252172        0.017114
     H   21        0.252172        0.418461        0.107380
     H   21        0.017114        0.107380        0.278194

     C   22        0.029203        0.014711       -0.455524
     C   22        0.014711       -0.344907        0.492562
     C   22       -0.455524        0.492562        0.315704

     C   23       -0.329839       -0.118618       -0.368258
     C   23       -0.118618       -0.072068        0.416665
     C   23       -0.368258        0.416665        0.401908

     Cl  24       -0.012488       -0.055516       -0.044194
     Cl  24       -0.055516        0.075335        0.038383
     Cl  24       -0.044194        0.038383       -0.062847

     ----- ionic term -----
     Cl   1        0.187246       -0.209879        0.056451
     Cl   1       -0.209879       -0.042798       -0.020442
     Cl   1        0.056451       -0.020442       -0.144447

     C    2        0.188722       -0.198882        0.343580
     C    2       -0.198882        0.031750        0.406748
     C    2        0.343580        0.406748       -0.220472

     C    3        0.063882       -0.284398        0.251652
     C    3       -0.284398        0.174571        0.368617
     C    3        0.251652        0.368617       -0.238453

     H    4        0.336659        0.396751        0.732462
     H    4        0.396751       -0.305340        0.383337
     H    4        0.732462        0.383337       -0.031319

     C    5        0.148921       -0.297835        0.351587
     C    5       -0.297835        0.085487        0.220876
     C    5        0.351587        0.220876       -0.234408

     H    6       -0.520402       -0.075334        0.002718
     H    6       -0.075334        0.748995        0.627491
     H    6        0.002718        0.627491       -0.228593

     H    7       -0.515340        0.024057        0.003237
     H    7        0.024057        0.391697       -0.790218
     H    7        0.003237       -0.790218        0.123644

     C    8        0.264188        0.203383        0.314757
     C    8        0.203383        0.035900       -0.289772
     C    8        0.314757       -0.289772       -0.300088

     H    9        0.688994       -0.345548        0.633600
     H    9       -0.345548       -0.403659       -0.238405
     H    9        0.633600       -0.238405       -0.285335

     C   10        0.127778        0.221547        0.218072
     C   10        0.221547        0.220499       -0.346246
     C   10        0.218072       -0.346246       -0.348276

     C   11        0.179352        0.164273        0.267382
     C   11        0.164273        0.130919       -0.350070
     C   11        0.267382       -0.350070       -0.310271

     Cl  12        0.113418        0.195083        0.024988
     Cl  12        0.195083        0.019927        0.005999
     Cl  12        0.024988        0.005999       -0.133345

     H   13       -0.519939        0.084681        0.042677
     H   13        0.084681        0.701031        0.672348
     H   13        0.042677        0.672348       -0.181092

     C   14        0.182728       -0.132995        0.385579
     C   14       -0.132995        0.068834        0.277473
     C   14        0.385579        0.277473       -0.251561

     H   15        0.422163        0.356572        0.722574
     H   15        0.356572       -0.358492        0.307937
     H   15        0.722574        0.307937       -0.063671

     C   16        0.053111       -0.226268        0.263595
     C   16       -0.226268        0.238907        0.337956
     C   16        0.263595        0.337956       -0.292018

     C   17       -0.001585       -0.250973        0.317275
     C   17       -0.250973        0.221808        0.354263
     C   17        0.317275        0.354263       -0.220223

     Cl  18        0.102250       -0.204103        0.039572
     Cl  18       -0.204103        0.041620       -0.024476
     Cl  18        0.039572       -0.024476       -0.143870

     H   19       -0.520371       -0.095018        0.072349
     H   19       -0.095018        0.402545       -0.772861
     H   19        0.072349       -0.772861        0.117827

     C   20        0.224168        0.192128        0.244559
     C   20        0.192128        0.070566       -0.299422
     C   20        0.244559       -0.299422       -0.294733

     H   21        0.678138       -0.340379        0.599470
     H   21       -0.340379       -0.404221       -0.227730
     H   21        0.599470       -0.227730       -0.273917

     C   22        0.105336        0.164594        0.202838
     C   22        0.164594        0.280616       -0.385151
     C   22        0.202838       -0.385151       -0.385951

     C   23        0.180991        0.122165        0.361609
     C   23        0.122165        0.186055       -0.364368
     C   23        0.361609       -0.364368       -0.367046

     Cl  24        0.093990        0.211803        0.025488
     Cl  24        0.211803        0.066612        0.013988
     Cl  24        0.025488        0.013988       -0.160602

     ----- GIPAW term -----
     Cl   1       -1.021449       -0.917705       -0.494343
     Cl   1       -0.917705       -1.220951        0.918262
     Cl   1       -0.494343        0.918262        2.242400

     C    2       -0.005917       -0.085340       -0.198879
     C    2       -0.085340       -0.162882       -0.070403
     C    2       -0.198879       -0.070403        0.168799

     C    3        0.018509        0.031220       -0.141288
     C    3        0.031220       -0.088750        0.008085
     C    3       -0.141288        0.008085        0.070241

     H    4       -0.000000        0.000000        0.000000
     H    4        0.000000        0.000000        0.000000
     H    4        0.000000        0.000000        0.000000

     C    5        0.162128        0.013216       -0.230219
     C    5        0.013216       -0.141020       -0.081732
     C    5       -0.230219       -0.081732       -0.021109

     H    6       -0.000000        0.000000        0.000000
     H    6        0.000000        0.000000        0.000000
     H    6        0.000000        0.000000        0.000000

     H    7       -0.000000        0.000000        0.000000
     H    7        0.000000        0.000000        0.000000
     H    7        0.000000        0.000000        0.000000

     C    8       -0.036374       -0.037412       -0.095459
     C    8       -0.037412       -0.059236        0.098954
     C    8       -0.095459        0.098954        0.095610

     H    9       -0.000000        0.000000        0.000000
     H    9        0.000000        0.000000        0.000000
     H    9        0.000000        0.000000        0.000000

     C   10       -0.032784       -0.151523       -0.138243
     C   10       -0.151523       -0.020287        0.184170
     C   10       -0.138243        0.184170        0.053071

     C   11        0.063936       -0.068479       -0.184822
     C   11       -0.068479        0.036179        0.152816
     C   11       -0.184822        0.152816       -0.100115

     Cl  12        0.404036        0.405431       -1.201103
     Cl  12        0.405431        0.827123        1.803468
     Cl  12       -1.201103        1.803468       -1.231159

     H   13       -0.000000        0.000000        0.000000
     H   13        0.000000        0.000000        0.000000
     H   13        0.000000        0.000000        0.000000

     C   14       -0.118317        0.025938       -0.063322
     C   14        0.025938       -0.037898       -0.168867
     C   14       -0.063322       -0.168867        0.156215

     H   15       -0.000000        0.000000        0.000000
     H   15        0.000000        0.000000        0.000000
     H   15        0.000000        0.000000        0.000000

     C   16       -0.106316        0.036803       -0.057089
     C   16        0.036803       -0.004282       -0.042084
     C   16       -0.057089       -0.042084        0.110598

     C   17        0.076972       -0.057315        0.114803
     C   17       -0.057315       -0.144830       -0.061785
     C   17        0.114803       -0.061785        0.067858

     Cl  18       -0.229175       -1.876652       -0.320240
     Cl  18       -1.876652       -0.224810       -1.858760
     Cl  18       -0.320240       -1.858760        0.453985

     H   19       -0.000000        0.000000        0.000000
     H   19        0.000000        0.000000        0.000000
     H   19        0.000000        0.000000        0.000000

     C   20        0.167326       -0.163229       -0.151054
     C   20       -0.163229       -0.149129        0.086343
     C   20       -0.151054        0.086343       -0.018198

     H   21       -0.000000        0.000000        0.000000
     H   21        0.000000        0.000000        0.000000
     H   21        0.000000        0.000000        0.000000

     C   22        0.085397        0.055042       -0.249890
     C   22        0.055042       -0.137588        0.045561
     C   22       -0.249890        0.045561        0.052192

     C   23       -0.001804        0.116092       -0.100720
     C   23        0.116092       -0.027524        0.038319
     C   23       -0.100720        0.038319        0.029328

     Cl  24        1.205112        1.688120       -0.313658
     Cl  24        1.688120        0.785249        0.349883
     Cl  24       -0.313658        0.349883       -1.990362

     ----- total EFG -----
     Cl   1       -0.962120       -0.924657       -0.443985
     Cl   1       -0.924657       -1.281749        0.891457
     Cl   1       -0.443985        0.891457        2.243870

     C    2        0.168961       -0.355132       -0.330410
     C    2       -0.355132       -0.505675       -0.110325
     C    2       -0.330410       -0.110325        0.336714

     C    3       -0.013634        0.133833       -0.096575
     C    3        0.133833       -0.048754        0.293005
     C    3       -0.096575        0.293005        0.062388

     H    4        0.396640        0.366677        0.551066
     H    4        0.366677        0.102737        0.013249
     H    4        0.551066        0.013249       -0.499377

     C    5        0.223169       -0.278308       -0.454890
     C    5       -0.278308       -0.122685       -0.267216
     C    5       -0.454890       -0.267216       -0.100484

     H    6       -0.572339        0.160583        0.211259
     H    6        0.160583        0.602792        0.142596
     H    6        0.211259        0.142596       -0.030453

     H    7       -0.113755        0.037431        0.227223
     H    7        0.037431        0.344538       -0.365872
     H    7        0.227223       -0.365872       -0.230784

     C    8       -0.108440       -0.040965       -0.168269
     C    8       -0.040965       -0.109268        0.230833
     C    8       -0.168269        0.230833        0.217708

     H    9        0.368160       -0.211523        0.089446
     H    9       -0.211523       -0.106500       -0.142696
     H    9        0.089446       -0.142696       -0.261660

     C   10        0.023239       -0.368417       -0.175307
     C   10       -0.368417       -0.042825        0.390872
     C   10       -0.175307        0.390872        0.019586

     C   11        0.094871       -0.075310       -0.480804
     C   11       -0.075310        0.171164        0.256245
     C   11       -0.480804        0.256245       -0.266034

     Cl  12        0.460793        0.473707       -1.292490
     Cl  12        0.473707        0.885931        1.941646
     Cl  12       -1.292490        1.941646       -1.346725

     H   13       -0.089215       -0.036368        0.017767
     H   13       -0.036368        0.030561        0.449642
     H   13        0.017767        0.449642        0.058655

     C   14       -0.375742        0.049886       -0.040981
     C   14        0.049886       -0.035564       -0.332683
     C   14       -0.040981       -0.332683        0.411306

     H   15        0.258520        0.116331        0.227394
     H   15        0.116331       -0.098100       -0.057108
     H   15        0.227394       -0.057108       -0.160420

     C   16       -0.396032        0.080922       -0.092165
     C   16        0.080922        0.126102       -0.108975
     C   16       -0.092165       -0.108975        0.269930

     C   17        0.012930       -0.007309        0.364401
     C   17       -0.007309       -0.330346       -0.177316
     C   17        0.364401       -0.177316        0.317416

     Cl  18       -0.220691       -2.093140       -0.351048
     Cl  18       -2.093140       -0.226571       -2.010567
     Cl  18       -0.351048       -2.010567        0.447262

     H   19       -0.546340        0.181361       -0.168875
     H   19        0.181361        0.174178       -0.320955
     H   19       -0.168875       -0.320955        0.372162

     C   20        0.357183       -0.449364       -0.170507
     C   20       -0.449364       -0.433310        0.073470
     C   20       -0.170507        0.073470        0.076127

     H   21       -0.018516       -0.088207        0.616583
     H   21       -0.088207        0.014239       -0.120351
     H   21        0.616583       -0.120351        0.004277

     C   22        0.219935        0.234347       -0.502575
     C   22        0.234347       -0.201879        0.152971
     C   22       -0.502575        0.152971       -0.018056

     C   23       -0.150653        0.119638       -0.107369
     C   23        0.119638        0.086463        0.090616
     C   23       -0.107369        0.090616        0.064190

     Cl  24        1.286614        1.844407       -0.332363
     Cl  24        1.844407        0.927197        0.402254
     Cl  24       -0.332363        0.402254       -2.213811

     ----- total EFG (symmetrized) -----
     Cl   1       -0.962120       -0.924657       -0.443985
     Cl   1       -0.924657       -1.281749        0.891457
     Cl   1       -0.443985        0.891457        2.243870

     C    2        0.168961       -0.355132       -0.330410
     C    2       -0.355132       -0.505675       -0.110325
     C    2       -0.330410       -0.110325        0.336714

     C    3       -0.013634        0.133833       -0.096575
     C    3        0.133833       -0.048754        0.293005
     C    3       -0.096575        0.293005        0.062388

     H    4        0.396640        0.366677        0.551066
     H    4        0.366677        0.102737        0.013249
     H    4        0.551066        0.013249       -0.499377

     C    5        0.223169       -0.278308       -0.454890
     C    5       -0.278308       -0.122685       -0.267216
     C    5       -0.454890       -0.267216       -0.100484

     H    6       -0.572339        0.160583        0.211259
     H    6        0.160583        0.602792        0.142596
     H    6        0.211259        0.142596       -0.030453

     H    7       -0.113755        0.037431        0.227223
     H    7        0.037431        0.344538       -0.365872
     H    7        0.227223       -0.365872       -0.230784

     C    8       -0.108440       -0.040965       -0.168269
     C    8       -0.040965       -0.109268        0.230833
     C    8       -0.168269        0.230833        0.217708

     H    9        0.368160       -0.211523        0.089446
     H    9       -0.211523       -0.106500       -0.142696
     H    9        0.089446       -0.142696       -0.261660

     C   10        0.023239       -0.368417       -0.175307
     C   10       -0.368417       -0.042825        0.390872
     C   10       -0.175307        0.390872        0.019586

     C   11        0.094871       -0.075310       -0.480804
     C   11       -0.075310        0.171164        0.256245
     C   11       -0.480804        0.256245       -0.266034

     Cl  12        0.460793        0.473707       -1.292490
     Cl  12        0.473707        0.885931        1.941646
     Cl  12       -1.292490        1.941646       -1.346725

     H   13       -0.089215       -0.036368        0.017767
     H   13       -0.036368        0.030561        0.449642
     H   13        0.017767        0.449642        0.058655

     C   14       -0.375742        0.049886       -0.040981
     C   14        0.049886       -0.035564       -0.332683
     C   14       -0.040981       -0.332683        0.411306

     H   15        0.258520        0.116331        0.227394
     H   15        0.116331       -0.098100       -0.057108
     H   15        0.227394       -0.057108       -0.160420

     C   16       -0.396032        0.080922       -0.092165
     C   16        0.080922        0.126102       -0.108975
     C   16       -0.092165       -0.108975        0.269930

     C   17        0.012930       -0.007309        0.364401
     C   17       -0.007309       -0.330346       -0.177316
     C   17        0.364401       -0.177316        0.317416

     Cl  18       -0.220691       -2.093140       -0.351048
     Cl  18       -2.093140       -0.226571       -2.010567
     Cl  18       -0.351048       -2.010567        0.447262

     H   19       -0.546340        0.181361       -0.168875
     H   19        0.181361        0.174178       -0.320955
     H   19       -0.168875       -0.320955        0.372162

     C   20        0.357183       -0.449364       -0.170507
     C   20       -0.449364       -0.433310        0.073470
     C   20       -0.170507        0.073470        0.076127

     H   21       -0.018516       -0.088207        0.616583
     H   21       -0.088207        0.014239       -0.120351
     H   21        0.616583       -0.120351        0.004277

     C   22        0.219935        0.234347       -0.502575
     C   22        0.234347       -0.201879        0.152971
     C   22       -0.502575        0.152971       -0.018056

     C   23       -0.150653        0.119638       -0.107369
     C   23        0.119638        0.086463        0.090616
     C   23       -0.107369        0.090616        0.064190

     Cl  24        1.286614        1.844407       -0.332363
     Cl  24        1.844407        0.927197        0.402254
     Cl  24       -0.332363        0.402254       -2.213811


     NQR/NMR SPECTROSCOPIC PARAMETERS:
     Cl   1    Vxx=   -0.4794    axis=( -0.775150  0.552113 -0.307106)
     Cl   1    Vyy=   -2.1004    axis=(  0.603354  0.791094 -0.100672)
     Cl   1    Vzz=    2.5798    axis=( -0.187368  0.263329  0.946336)
     Cl   1  Q=        -8.1650 1e-30 m^2  Cq=       -49.4928 MHz  eta= 0.62833

     C    2    Vxx=    0.1008    axis=(  0.611033 -0.473211  0.634595)
     C    2    Vyy=    0.6119    axis=( -0.660533  0.137027  0.738187)
     C    2    Vzz=   -0.7127    axis=( -0.436275 -0.870227 -0.228844)
     C    2  Q=         1.0000 1e-30 m^2  Cq=        -1.6746 MHz  eta= 0.71703

     C    3    Vxx=    0.0625    axis=(  0.905893  0.298476 -0.300451)
     C    3    Vyy=    0.3055    axis=(  0.040097  0.645801  0.762452)
     C    3    Vzz=   -0.3680    axis=( -0.421605  0.702747 -0.573059)
     C    3  Q=         1.0000 1e-30 m^2  Cq=        -0.8646 MHz  eta= 0.66035

     H    4    Vxx=   -0.0323    axis=(  0.313459 -0.884813  0.344745)
     H    4    Vyy=   -0.7877    axis=(  0.459612 -0.176320 -0.870441)
     H    4    Vzz=    0.8200    axis=(  0.830963  0.431296  0.351402)
     H    4  Q=         1.0000 1e-30 m^2  Cq=         1.9267 MHz  eta= 0.92116

     C    5    Vxx=    0.1264    axis=(  0.207794 -0.814088  0.542294)
     C    5    Vyy=    0.5543    axis=(  0.838838 -0.136872 -0.526893)
     C    5    Vzz=   -0.6807    axis=( -0.503162 -0.564382 -0.654447)
     C    5  Q=         1.0000 1e-30 m^2  Cq=        -1.5993 MHz  eta= 0.62873

     H    6    Vxx=   -0.0131    axis=(  0.266785 -0.282885  0.921304)
     H    6    Vyy=   -0.6542    axis=( -0.949430  0.087071  0.301665)
     H    6    Vzz=    0.6673    axis=( -0.165555 -0.955194 -0.245350)
     H    6  Q=         1.0000 1e-30 m^2  Cq=         1.5678 MHz  eta= 0.96085

     H    7    Vxx=   -0.0021    axis=(  0.873502  0.305633  0.378922)
     H    7    Vyy=   -0.5275    axis=( -0.474170  0.357862  0.804424)
     H    7    Vzz=    0.5296    axis=(  0.110256 -0.882340  0.457515)
     H    7  Q=         1.0000 1e-30 m^2  Cq=         1.2443 MHz  eta= 0.99211

     C    8    Vxx=   -0.1466    axis=(  0.854471  0.514981  0.068368)
     C    8    Vyy=   -0.2472    axis=( -0.409879  0.749163 -0.520341)
     C    8    Vzz=    0.3938    axis=( -0.319184  0.416593  0.851218)
     C    8  Q=         1.0000 1e-30 m^2  Cq=         0.9252 MHz  eta= 0.25545

     H    9    Vxx=   -0.1256    axis=(  0.414744  0.750562 -0.514436)
     H    9    Vyy=   -0.3482    axis=(  0.055824  0.543300  0.837680)
     H    9    Vzz=    0.4738    axis=(  0.908224 -0.376141  0.183431)
     H    9  Q=         1.0000 1e-30 m^2  Cq=         1.1133 MHz  eta= 0.46994

     C   10    Vxx=   -0.1534    axis=(  0.731138  0.026184  0.681727)
     C   10    Vyy=   -0.4737    axis=( -0.411757 -0.779805  0.471552)
     C   10    Vzz=    0.6271    axis=( -0.543961  0.625475  0.559363)
     C   10  Q=         1.0000 1e-30 m^2  Cq=         1.4735 MHz  eta= 0.51074

     C   11    Vxx=    0.0859    axis=(  0.534455  0.836476 -0.121101)
     C   11    Vyy=    0.5499    axis=(  0.665111 -0.504650 -0.550414)
     C   11    Vzz=   -0.6358    axis=( -0.521522  0.213625 -0.826062)
     C   11  Q=         1.0000 1e-30 m^2  Cq=        -1.4940 MHz  eta= 0.72966

     Cl  12    Vxx=    0.9461    axis=(  0.910093  0.356673 -0.210988)
     Cl  12    Vyy=    2.0566    axis=( -0.195232  0.818119  0.540893)
     Cl  12    Vzz=   -3.0027    axis=(  0.365535 -0.451072  0.814198)
     Cl  12  Q=        -8.1650 1e-30 m^2  Cq=        57.6048 MHz  eta= 0.36984

     H   13    Vxx=   -0.0849    axis=( -0.992635  0.070637 -0.098419)
     H   13    Vyy=   -0.4099    axis=( -0.119211 -0.714092  0.689827)
     H   13    Vzz=    0.4947    axis=( -0.021553  0.696479  0.717253)
     H   13  Q=         1.0000 1e-30 m^2  Cq=         1.1624 MHz  eta= 0.65693

     C   14    Vxx=   -0.2093    axis=(  0.143304  0.868283  0.474919)
     C   14    Vyy=   -0.3830    axis=(  0.987764 -0.155316 -0.014090)
     C   14    Vzz=    0.5923    axis=( -0.061529 -0.471127  0.879917)
     C   14  Q=         1.0000 1e-30 m^2  Cq=         1.3917 MHz  eta= 0.29327

     H   15    Vxx=   -0.0645    axis=(  0.019439  0.878630 -0.477108)
     H   15    Vyy=   -0.3090    axis=( -0.410210  0.442192  0.797617)
     H   15    Vzz=    0.3735    axis=(  0.911784  0.180209  0.369019)
     H   15  Q=         1.0000 1e-30 m^2  Cq=         0.8777 MHz  eta= 0.65457

     C   16    Vxx=    0.0689    axis=(  0.052949  0.867519  0.494577)
     C   16    Vyy=    0.3478    axis=( -0.159167 -0.481609  0.861812)
     C   16    Vzz=   -0.4168    axis=(  0.985831 -0.124353  0.112579)
     C   16  Q=         1.0000 1e-30 m^2  Cq=        -0.9792 MHz  eta= 0.66929

     C   17    Vxx=   -0.1823    axis=( -0.788360 -0.455835  0.413162)
     C   17    Vyy=   -0.4032    axis=( -0.310609  0.874609  0.372265)
     C   17    Vzz=    0.5855    axis=(  0.531047 -0.165146  0.831093)
     C   17  Q=         1.0000 1e-30 m^2  Cq=         1.3757 MHz  eta= 0.37738

     Cl  18    Vxx=    0.4685    axis=(  0.707848 -0.116223 -0.696738)
     Cl  18    Vyy=    2.6867    axis=(  0.437634 -0.702095  0.561729)
     Cl  18    Vzz=   -3.1553    axis=(  0.554462  0.702534  0.446113)
     Cl  18  Q=        -8.1650 1e-30 m^2  Cq=        60.5322 MHz  eta= 0.70302

     H   19    Vxx=   -0.0591    axis=(  0.078946  0.784654  0.614887)
     H   19    Vyy=   -0.5993    axis=( -0.976894  0.183781 -0.109099)
     H   19    Vzz=    0.6584    axis=( -0.198609 -0.592066  0.781032)
     H   19  Q=         1.0000 1e-30 m^2  Cq=         1.5470 MHz  eta= 0.82051

     C   20    Vxx=    0.0132    axis=(  0.290717 -0.136766  0.946984)
     C   20    Vyy=    0.6234    axis=( -0.863218  0.389431  0.321244)
     C   20    Vzz=   -0.6365    axis=( -0.412720 -0.910845 -0.004844)
     C   20  Q=         1.0000 1e-30 m^2  Cq=        -1.4956 MHz  eta= 0.95861

     H   21    Vxx=   -0.0197    axis=( -0.184523 -0.972971 -0.138848)
     H   21    Vyy=   -0.6245    axis=(  0.710301 -0.034378 -0.703058)
     H   21    Vzz=    0.6442    axis=( -0.679282  0.228354 -0.697446)
     H   21  Q=         1.0000 1e-30 m^2  Cq=         1.5136 MHz  eta= 0.93895

     C   22    Vxx=   -0.0310    axis=(  0.262107  0.817878  0.512226)
     C   22    Vyy=   -0.5968    axis=(  0.544143 -0.563613  0.621489)
     C   22    Vzz=    0.6278    axis=( -0.796999 -0.115828  0.592770)
     C   22  Q=         1.0000 1e-30 m^2  Cq=         1.4750 MHz  eta= 0.90132

     C   23    Vxx=    0.0887    axis=(  0.543525  0.453144 -0.706570)
     C   23    Vyy=    0.1685    axis=( -0.101149 -0.800271 -0.591046)
     C   23    Vzz=   -0.2572    axis=(  0.833276 -0.392717  0.389132)
     C   23  Q=         1.0000 1e-30 m^2  Cq=        -0.6043 MHz  eta= 0.31045

     Cl  24    Vxx=   -0.5800    axis=( -0.641699  0.704176  0.303905)
     Cl  24    Vyy=   -2.3802    axis=(  0.201022 -0.227971  0.952690)
     Cl  24    Vzz=    2.9602    axis=( -0.740144 -0.672432 -0.004734)
     Cl  24  Q=        -8.1650 1e-30 m^2  Cq=       -56.7892 MHz  eta= 0.60815

     Initialization:
     gipaw_setup  :      9.22s CPU     11.32s WALL (       1 calls)

     Linear response

     Apply operators

     Induced current

     Other routines
     efg          :      9.63s CPU     11.94s WALL (       1 calls)

     General routines
     calbec       :      3.18s CPU      4.10s WALL (      16 calls)
     fft          :      1.63s CPU      2.63s WALL (      15 calls)
     ffts         :      0.03s CPU      0.04s WALL (       2 calls)
     fftw         :      3.56s CPU      4.25s WALL (     672 calls)
     davcio       :      0.03s CPU      0.33s WALL (      32 calls)

     Parallel routines
     fft_scatter  :      2.41s CPU      3.89s WALL (     689 calls)

     Plugins

     GIPAW        :     61.84s CPU     73.54s WALL (       1 calls)
