
     Program QE v.6.0 (svn rev. 13079) starts on 21Jan2017 at  5:43: 1 

     This program is part of the open-source Quantum ESPRESSO suite
     for quantum simulation of materials; please cite
         "P. Giannozzi et al., J. Phys.:Condens. Matter 21 395502 (2009);
          URL http://www.quantum-espresso.org", 
     in publications or presentations arising from this work. More details at
     http://www.quantum-espresso.org/quote

     Parallel version (MPI), running on     8 processors
     R & G space division:  proc/nbgrp/npool/nimage =       8

     ***** This is GIPAW svn revision unknown      *****

     Parallelizing q-star over 1 images

     Reading data from directory:
     /users/majewski/paradichlorobenzene/pbe/9_constraint/scratch/pbe.ecut100.np8.dt60.pcl2phi-129368.save
     Message from routine read_xml_file:
     file /users/majewski/paradichlorobenzene/pbe/9_constraint/scratch/pbe.ecut100.np8.dt60.pcl2phi-129368.save not guaranteed to be safe for post-processing

   Info: using nr1, nr2, nr3 values from input

   Info: using nr1, nr2, nr3 values from input

     IMPORTANT: XC functional enforced from input :
     Exchange-correlation      =  SLA  PW   PBX  PBC ( 1  4  3  4 0 0)
     Any further DFT definition will be discarded
     Please, verify this is what you really want

               file C.pbe-n-kjpaw_psl.1.0.0.UPF: wavefunction(s)  2S 2P renormalized
               file Cl.pbe-n-kjpaw_psl.1.0.0.UPF: wavefunction(s)  3S 3P renormalized
               file H.pbe-kjpaw_psl.1.0.0.UPF: wavefunction(s)  1S renormalized

     Parallelization info
     --------------------
     sticks:   dense  smooth     PW     G-vecs:    dense   smooth      PW
     Min        3057    1223    332               144436    36536    5170
     Max        3059    1225    333               144437    36537    5171
     Sum       24467    9791   2657              1155489   292295   41363


     Subspace diagonalization in iterative solution of the eigenvalue problem:
     a serial algorithm will be used

     GIPAW projectors -----------------------------------------------
     atom=  C    l=0  rc=    1.2000  rs=    0.8000
     atom=  C    l=0  rc=    1.2000  rs=    0.8000
     atom=  C    l=1  rc=    1.4000  rs=    0.9333
     atom=  C    l=1  rc=    1.4000  rs=    0.9333
     projs nearly linearly dependent: l=1  n1,n2= 1, 2  s=  0.99951561

     atom=  Cl   l=0  rc=    1.6000  rs=    1.0667
     atom=  Cl   l=0  rc=    1.6000  rs=    1.0667
     atom=  Cl   l=1  rc=    1.6000  rs=    1.0667
     atom=  Cl   l=1  rc=    1.6000  rs=    1.0667
     atom=  Cl   l=2  rc=    1.6000  rs=    1.0667
     atom=  Cl   l=2  rc=    1.6000  rs=    1.0667
     projs nearly linearly dependent: l=2  n1,n2= 1, 2  s=  0.99993509

     atom=  H    l=0  rc=    1.0000  rs=    0.6667
     atom=  H    l=0  rc=    1.0000  rs=    0.6667
     projs nearly linearly dependent: l=0  n1,n2= 1, 2  s=  0.99968852
     -----------------------------------------------------------------

     GIPAW integrals: -------------------------------------------
     Atom  i/j   nmr_para   nmr_dia   epr_rmc  epr_para   epr_dia
       C   1 1   0.83E+03  0.17E-01  0.93E+01  0.24E+08  0.24E+03
       C   2 1   0.86E+03 -0.61E-01  0.94E+01  0.25E+08  0.25E+03
       C   2 2   0.90E+03 -0.15E+00  0.97E+01  0.26E+08  0.26E+03
       C   3 3   0.33E+01  0.34E+00  0.18E+01  0.55E+03  0.21E+02
       C   4 3   0.35E+01  0.37E+00  0.20E+01  0.59E+03  0.22E+02
       C   4 4   0.38E+01  0.39E+00  0.22E+01  0.63E+03  0.24E+02
       Cl  1 1   0.14E+04 -0.47E+00  0.84E+01  0.32E+09  0.42E+03
       Cl  2 1   0.21E+04 -0.37E+00  0.12E+02  0.49E+09  0.65E+03
       Cl  2 2   0.33E+04 -0.16E+00  0.21E+02  0.76E+09  0.10E+04
       Cl  3 3   0.21E+02  0.79E-01  0.89E+01  0.23E+05  0.13E+03
       Cl  4 3   0.24E+02  0.67E-01  0.99E+01  0.27E+05  0.15E+03
       Cl  4 4   0.28E+02  0.44E-01  0.11E+02  0.32E+05  0.18E+03
       Cl  5 5   0.77E+00  0.19E+00  0.18E+01  0.12E+03  0.22E+02
       Cl  6 5   0.80E+00  0.19E+00  0.19E+01  0.12E+03  0.23E+02
       Cl  6 6   0.83E+00  0.20E+00  0.19E+01  0.12E+03  0.23E+02
       H   1 1   0.39E+02  0.19E+00  0.29E+00  0.78E+05  0.13E+02
       H   2 1   0.41E+02  0.21E+00  0.32E+00  0.82E+05  0.14E+02
       H   2 2   0.43E+02  0.22E+00  0.36E+00  0.86E+05  0.15E+02
     ------------------------------------------------------------

     alpha_pv=     34.1124 eV

     Number of occupied bands for each k-point:
     k-point:     1    nbnd_occ=  42
     k-point:     2    nbnd_occ=  42
     k-point:     3    nbnd_occ=  42
     k-point:     4    nbnd_occ=  42
     k-point:     5    nbnd_occ=  42
     k-point:     6    nbnd_occ=  42
     k-point:     7    nbnd_occ=  42
     k-point:     8    nbnd_occ=  42
     k-point:     9    nbnd_occ=  42
     k-point:    10    nbnd_occ=  42
     k-point:    11    nbnd_occ=  42
     k-point:    12    nbnd_occ=  42
     k-point:    13    nbnd_occ=  42
     k-point:    14    nbnd_occ=  42
     k-point:    15    nbnd_occ=  42
     k-point:    16    nbnd_occ=  42


     q-space interpolation up to   110.00 Rydberg

     GIPAW job: efg                                                                             


     ELECTRIC FIELD GRADIENTS TENSORS IN Hartree/bohrradius^2:

     ----- bare term -----
     Cl   1        0.263969       -0.067565       -0.036799
     Cl   1       -0.067565       -0.363390       -0.317671
     Cl   1       -0.036799       -0.317671        0.099420

     C    2       -0.801409        0.492905       -0.349549
     C    2        0.492905        0.310851       -0.031244
     C    2       -0.349549       -0.031244        0.490558

     C    3        0.106519       -0.121535       -0.162568
     C    3       -0.121535       -0.438465       -0.461817
     C    3       -0.162568       -0.461817        0.331946

     H    4       -0.582680       -0.088024        0.187027
     H    4       -0.088024        0.378868       -0.225285
     H    4        0.187027       -0.225285        0.203813

     C    5       -0.677164        0.339096       -0.446350
     C    5        0.339096        0.205018        0.019313
     C    5       -0.446350        0.019313        0.472146

     H    6        0.188909       -0.204976        0.117712
     H    6       -0.204976       -0.476684       -0.435393
     H    6        0.117712       -0.435393        0.287775

     H    7        0.441403        0.162694        0.002534
     H    7        0.162694       -0.794513        0.029080
     H    7        0.002534        0.029080        0.353110

     C    8        0.025157       -0.007081       -0.128093
     C    8       -0.007081       -0.103942        0.305330
     C    8       -0.128093        0.305330        0.078785

     H    9       -0.218690        0.483476       -0.296033
     H    9        0.483476       -0.156272        0.120320
     H    9       -0.296033        0.120320        0.374962

     C   10       -0.535913       -0.271262       -0.119813
     C   10       -0.271262        0.168725        0.181562
     C   10       -0.119813        0.181562        0.367188

     C   11        0.003434        0.089756       -0.208554
     C   11        0.089756       -0.015163        0.501119
     C   11       -0.208554        0.501119        0.011729

     Cl  12       -0.171769       -0.256493        0.005742
     Cl  12       -0.256493        0.005721        0.019125
     Cl  12        0.005742        0.019125        0.166048

     H   13        0.400978       -0.267451        0.004494
     H   13       -0.267451       -0.754892       -0.109283
     H   13        0.004494       -0.109283        0.353914

     C   14        0.050012       -0.022921       -0.166120
     C   14       -0.022921       -0.099557       -0.334076
     C   14       -0.166120       -0.334076        0.049545

     H   15       -0.326643       -0.536151       -0.022992
     H   15       -0.536151        0.009087        0.124249
     H   15       -0.022992        0.124249        0.317556

     C   16       -0.519550        0.257541       -0.075971
     C   16        0.257541        0.141831       -0.170675
     C   16       -0.075971       -0.170675        0.377718

     C   17       -0.001112       -0.139296       -0.312792
     C   17       -0.139296        0.056856       -0.691786
     C   17       -0.312792       -0.691786       -0.055744

     Cl  18       -0.288820        0.303037       -0.001589
     Cl  18        0.303037        0.182251        0.058493
     Cl  18       -0.001589        0.058493        0.106569

     H   19        0.415033       -0.115857       -0.306656
     H   19       -0.115857       -0.035764        0.228164
     H   19       -0.306656        0.228164       -0.379268

     C   20       -0.510698       -0.305789       -0.029605
     C   20       -0.305789        0.224035        0.049225
     C   20       -0.029605        0.049225        0.286663

     H   21       -0.382081       -0.286547       -0.290952
     H   21       -0.286547       -0.001614        0.247381
     H   21       -0.290952        0.247381        0.383695

     C   22        0.209365       -0.047761       -0.188403
     C   22       -0.047761       -0.143812        0.555894
     C   22       -0.188403        0.555894       -0.065554

     C   23       -0.567404       -0.436675       -0.356249
     C   23       -0.436675        0.221741        0.095379
     C   23       -0.356249        0.095379        0.345663

     Cl  24       -0.007090       -0.012191        0.016595
     Cl  24       -0.012191        0.051691       -0.068824
     Cl  24        0.016595       -0.068824       -0.044601

     ----- ionic term -----
     Cl   1        0.112987       -0.221154       -0.020913
     Cl   1       -0.221154        0.049868        0.019809
     Cl   1       -0.020913        0.019809       -0.162855

     C    2        0.243112       -0.096838        0.164784
     C    2       -0.096838        0.256961        0.333781
     C    2        0.164784        0.333781       -0.500073

     C    3        0.199358       -0.120250        0.087658
     C    3       -0.120250        0.280200        0.329443
     C    3        0.087658        0.329443       -0.479558

     H    4        0.780674        0.453935        0.454542
     H    4        0.453935       -0.314813        0.190893
     H    4        0.454542        0.190893       -0.465861

     C    5        0.318533       -0.102677        0.116622
     C    5       -0.102677        0.147776        0.285067
     C    5        0.116622        0.285067       -0.466309

     H    6       -0.522392        0.155237        0.040472
     H    6        0.155237        0.800633        0.585695
     H    6        0.040472        0.585695       -0.278241

     H    7       -0.517421       -0.055936        0.033353
     H    7       -0.055936        0.697243       -0.700842
     H    7        0.033353       -0.700842       -0.179822

     C    8        0.313461        0.172371        0.246406
     C    8        0.172371        0.068820       -0.299438
     C    8        0.246406       -0.299438       -0.382281

     H    9        0.565213       -0.183079        0.725149
     H    9       -0.183079       -0.488167       -0.197898
     H    9        0.725149       -0.197898       -0.077046

     C   10        0.167180        0.267002        0.203138
     C   10        0.267002        0.107085       -0.344018
     C   10        0.203138       -0.344018       -0.274265

     C   11        0.276463        0.208048        0.243024
     C   11        0.208048        0.027455       -0.349813
     C   11        0.243024       -0.349813       -0.303918

     Cl  12        0.147053        0.194760        0.001505
     Cl  12        0.194760        0.011263       -0.017542
     Cl  12        0.001505       -0.017542       -0.158316

     H   13       -0.471741        0.172814        0.102837
     H   13        0.172814        0.662222        0.661179
     H   13        0.102837        0.661179       -0.190481

     C   14        0.365030       -0.117719        0.180000
     C   14       -0.117719        0.098897        0.283751
     C   14        0.180000        0.283751       -0.463927

     H   15        0.808490        0.236999        0.548298
     H   15        0.236999       -0.435333        0.181493
     H   15        0.548298        0.181493       -0.373157

     C   16        0.201950       -0.212050        0.137908
     C   16       -0.212050        0.243261        0.342858
     C   16        0.137908        0.342858       -0.445211

     C   17        0.274880       -0.074502        0.206168
     C   17       -0.074502        0.184299        0.320575
     C   17        0.206168        0.320575       -0.459179

     Cl  18        0.142380       -0.174062        0.025700
     Cl  18       -0.174062        0.020085       -0.006452
     Cl  18        0.025700       -0.006452       -0.162464

     H   19       -0.482180       -0.217222        0.160358
     H   19       -0.217222        0.549539       -0.746809
     H   19        0.160358       -0.746809       -0.067359

     C   20        0.315134        0.182474        0.215709
     C   20        0.182474        0.006302       -0.332179
     C   20        0.215709       -0.332179       -0.321437

     H   21        0.812223       -0.363731        0.436989
     H   21       -0.363731       -0.382514       -0.197083
     H   21        0.436989       -0.197083       -0.429709

     C   22        0.185156        0.200502        0.086928
     C   22        0.200502        0.184229       -0.435403
     C   22        0.086928       -0.435403       -0.369384

     C   23        0.240889        0.078686        0.232573
     C   23        0.078686        0.075091       -0.440104
     C   23        0.232573       -0.440104       -0.315980

     Cl  24        0.151589        0.203602       -0.028555
     Cl  24        0.203602       -0.023236       -0.020645
     Cl  24       -0.028555       -0.020645       -0.128354

     ----- GIPAW term -----
     Cl   1        0.186715       -0.317025        0.368575
     Cl   1       -0.317025        0.586294        0.821567
     Cl   1        0.368575        0.821567       -0.773009

     C    2       -0.149974       -0.002261       -0.031874
     C    2       -0.002261        0.194837        0.113086
     C    2       -0.031874        0.113086       -0.044863

     C    3       -0.058684       -0.097288       -0.069300
     C    3       -0.097288       -0.008161        0.117828
     C    3       -0.069300        0.117828        0.066845

     H    4       -0.000000        0.000000        0.000000
     H    4        0.000000        0.000000        0.000000
     H    4        0.000000        0.000000        0.000000

     C    5       -0.085423       -0.111033       -0.145729
     C    5       -0.111033        0.092521        0.161834
     C    5       -0.145729        0.161834       -0.007098

     H    6       -0.000000        0.000000        0.000000
     H    6        0.000000        0.000000        0.000000
     H    6        0.000000        0.000000        0.000000

     H    7       -0.000000        0.000000        0.000000
     H    7        0.000000        0.000000        0.000000
     H    7        0.000000        0.000000        0.000000

     C    8       -0.039493       -0.033435       -0.006461
     C    8       -0.033435        0.134216        0.083051
     C    8       -0.006461        0.083051       -0.094724

     H    9       -0.000000        0.000000        0.000000
     H    9        0.000000        0.000000        0.000000
     H    9        0.000000        0.000000        0.000000

     C   10       -0.155416       -0.042735       -0.026085
     C   10       -0.042735        0.187666        0.091164
     C   10       -0.026085        0.091164       -0.032250

     C   11       -0.035528        0.028620       -0.039546
     C   11        0.028620        0.072014        0.137779
     C   11       -0.039546        0.137779       -0.036486

     Cl  12       -1.101630        0.348215       -0.315282
     Cl  12        0.348215        0.893089        2.234877
     Cl  12       -0.315282        2.234877        0.208542

     H   13       -0.000000        0.000000        0.000000
     H   13        0.000000        0.000000        0.000000
     H   13        0.000000        0.000000        0.000000

     C   14       -0.043350        0.013184       -0.006149
     C   14        0.013184        0.157711       -0.056753
     C   14       -0.006149       -0.056753       -0.114361

     H   15       -0.000000        0.000000        0.000000
     H   15        0.000000        0.000000        0.000000
     H   15        0.000000        0.000000        0.000000

     C   16       -0.146772        0.019557       -0.010291
     C   16        0.019557        0.171223       -0.088580
     C   16       -0.010291       -0.088580       -0.024451

     C   17       -0.063637       -0.101901       -0.039990
     C   17       -0.101901        0.254318       -0.119110
     C   17       -0.039990       -0.119110       -0.190681

     Cl  18       -1.001146       -0.353561        0.003068
     Cl  18       -0.353561        2.734079        1.001505
     Cl  18        0.003068        1.001505       -1.732932

     H   19       -0.000000        0.000000        0.000000
     H   19        0.000000        0.000000        0.000000
     H   19        0.000000        0.000000        0.000000

     C   20       -0.084559        0.030278        0.034284
     C   20        0.030278        0.100714        0.041231
     C   20        0.034284        0.041231       -0.016154

     H   21       -0.000000        0.000000        0.000000
     H   21        0.000000        0.000000        0.000000
     H   21        0.000000        0.000000        0.000000

     C   22       -0.059290        0.021822       -0.015444
     C   22        0.021822        0.183945        0.033314
     C   22       -0.015444        0.033314       -0.124655

     C   23       -0.104261       -0.054247       -0.036891
     C   23       -0.054247        0.188421        0.026504
     C   23       -0.036891        0.026504       -0.084160

     Cl  24       -0.054610        1.989519       -0.115418
     Cl  24        1.989519        2.059237       -1.339196
     Cl  24       -0.115418       -1.339196       -2.004627

     ----- total EFG -----
     Cl   1        0.563671       -0.605744        0.310864
     Cl   1       -0.605744        0.272772        0.523704
     Cl   1        0.310864        0.523704       -0.836443

     C    2       -0.708272        0.393805       -0.216639
     C    2        0.393805        0.762649        0.415623
     C    2       -0.216639        0.415623       -0.054377

     C    3        0.247193       -0.339074       -0.144210
     C    3       -0.339074       -0.166426       -0.014546
     C    3       -0.144210       -0.014546       -0.080767

     H    4        0.197993        0.365911        0.641568
     H    4        0.365911        0.064055       -0.034392
     H    4        0.641568       -0.034392       -0.262049

     C    5       -0.444053        0.125387       -0.475456
     C    5        0.125387        0.445315        0.466214
     C    5       -0.475456        0.466214       -0.001262

     H    6       -0.333484       -0.049739        0.158184
     H    6       -0.049739        0.323950        0.150302
     H    6        0.158184        0.150302        0.009534

     H    7       -0.076018        0.106758        0.035888
     H    7        0.106758       -0.097270       -0.671763
     H    7        0.035888       -0.671763        0.173287

     C    8        0.299125        0.131855        0.111852
     C    8        0.131855        0.099094        0.088943
     C    8        0.111852        0.088943       -0.398219

     H    9        0.346523        0.300397        0.429116
     H    9        0.300397       -0.644439       -0.077579
     H    9        0.429116       -0.077579        0.297917

     C   10       -0.524148       -0.046995        0.057240
     C   10       -0.046995        0.463476       -0.071292
     C   10        0.057240       -0.071292        0.060672

     C   11        0.244369        0.326425       -0.005076
     C   11        0.326425        0.084306        0.289085
     C   11       -0.005076        0.289085       -0.328676

     Cl  12       -1.126346        0.286482       -0.308035
     Cl  12        0.286482        0.910073        2.236460
     Cl  12       -0.308035        2.236460        0.216274

     H   13       -0.070763       -0.094637        0.107331
     H   13       -0.094637       -0.092669        0.551896
     H   13        0.107331        0.551896        0.163432

     C   14        0.371692       -0.127457        0.007731
     C   14       -0.127457        0.157052       -0.107078
     C   14        0.007731       -0.107078       -0.528743

     H   15        0.481847       -0.299152        0.525306
     H   15       -0.299152       -0.426246        0.305742
     H   15        0.525306        0.305742       -0.055600

     C   16       -0.464372        0.065049        0.051646
     C   16        0.065049        0.556315        0.083603
     C   16        0.051646        0.083603       -0.091943

     C   17        0.210131       -0.315699       -0.146614
     C   17       -0.315699        0.495473       -0.490320
     C   17       -0.146614       -0.490320       -0.705604

     Cl  18       -1.147587       -0.224586        0.027178
     Cl  18       -0.224586        2.936414        1.053546
     Cl  18        0.027178        1.053546       -1.788828

     H   19       -0.067148       -0.333079       -0.146298
     H   19       -0.333079        0.513775       -0.518645
     H   19       -0.146298       -0.518645       -0.446627

     C   20       -0.280123       -0.093037        0.220388
     C   20       -0.093037        0.331051       -0.241723
     C   20        0.220388       -0.241723       -0.050928

     H   21        0.430142       -0.650278        0.146037
     H   21       -0.650278       -0.384128        0.050297
     H   21        0.146037        0.050297       -0.046014

     C   22        0.335231        0.174563       -0.116918
     C   22        0.174563        0.224362        0.153805
     C   22       -0.116918        0.153805       -0.559593

     C   23       -0.430776       -0.412236       -0.160568
     C   23       -0.412236        0.485253       -0.318220
     C   23       -0.160568       -0.318220       -0.054477

     Cl  24        0.089889        2.180929       -0.127377
     Cl  24        2.180929        2.087692       -1.428665
     Cl  24       -0.127377       -1.428665       -2.177581

     ----- total EFG (symmetrized) -----
     Cl   1        0.563671       -0.605744        0.310864
     Cl   1       -0.605744        0.272772        0.523704
     Cl   1        0.310864        0.523704       -0.836443

     C    2       -0.708272        0.393805       -0.216639
     C    2        0.393805        0.762649        0.415623
     C    2       -0.216639        0.415623       -0.054377

     C    3        0.247193       -0.339074       -0.144210
     C    3       -0.339074       -0.166426       -0.014546
     C    3       -0.144210       -0.014546       -0.080767

     H    4        0.197993        0.365911        0.641568
     H    4        0.365911        0.064055       -0.034392
     H    4        0.641568       -0.034392       -0.262049

     C    5       -0.444053        0.125387       -0.475456
     C    5        0.125387        0.445315        0.466214
     C    5       -0.475456        0.466214       -0.001262

     H    6       -0.333484       -0.049739        0.158184
     H    6       -0.049739        0.323950        0.150302
     H    6        0.158184        0.150302        0.009534

     H    7       -0.076018        0.106758        0.035888
     H    7        0.106758       -0.097270       -0.671763
     H    7        0.035888       -0.671763        0.173287

     C    8        0.299125        0.131855        0.111852
     C    8        0.131855        0.099094        0.088943
     C    8        0.111852        0.088943       -0.398219

     H    9        0.346523        0.300397        0.429116
     H    9        0.300397       -0.644439       -0.077579
     H    9        0.429116       -0.077579        0.297917

     C   10       -0.524148       -0.046995        0.057240
     C   10       -0.046995        0.463476       -0.071292
     C   10        0.057240       -0.071292        0.060672

     C   11        0.244369        0.326425       -0.005076
     C   11        0.326425        0.084306        0.289085
     C   11       -0.005076        0.289085       -0.328676

     Cl  12       -1.126346        0.286482       -0.308035
     Cl  12        0.286482        0.910073        2.236460
     Cl  12       -0.308035        2.236460        0.216274

     H   13       -0.070763       -0.094637        0.107331
     H   13       -0.094637       -0.092669        0.551896
     H   13        0.107331        0.551896        0.163432

     C   14        0.371692       -0.127457        0.007731
     C   14       -0.127457        0.157052       -0.107078
     C   14        0.007731       -0.107078       -0.528743

     H   15        0.481847       -0.299152        0.525306
     H   15       -0.299152       -0.426246        0.305742
     H   15        0.525306        0.305742       -0.055600

     C   16       -0.464372        0.065049        0.051646
     C   16        0.065049        0.556315        0.083603
     C   16        0.051646        0.083603       -0.091943

     C   17        0.210131       -0.315699       -0.146614
     C   17       -0.315699        0.495473       -0.490320
     C   17       -0.146614       -0.490320       -0.705604

     Cl  18       -1.147587       -0.224586        0.027178
     Cl  18       -0.224586        2.936414        1.053546
     Cl  18        0.027178        1.053546       -1.788828

     H   19       -0.067148       -0.333079       -0.146298
     H   19       -0.333079        0.513775       -0.518645
     H   19       -0.146298       -0.518645       -0.446627

     C   20       -0.280123       -0.093037        0.220388
     C   20       -0.093037        0.331051       -0.241723
     C   20        0.220388       -0.241723       -0.050928

     H   21        0.430142       -0.650278        0.146037
     H   21       -0.650278       -0.384128        0.050297
     H   21        0.146037        0.050297       -0.046014

     C   22        0.335231        0.174563       -0.116918
     C   22        0.174563        0.224362        0.153805
     C   22       -0.116918        0.153805       -0.559593

     C   23       -0.430776       -0.412236       -0.160568
     C   23       -0.412236        0.485253       -0.318220
     C   23       -0.160568       -0.318220       -0.054477

     Cl  24        0.089889        2.180929       -0.127377
     Cl  24        2.180929        2.087692       -1.428665
     Cl  24       -0.127377       -1.428665       -2.177581


     NQR/NMR SPECTROSCOPIC PARAMETERS:
     Cl   1    Vxx=    0.1588    axis=(  0.566491  0.643068  0.515317)
     Cl   1    Vyy=    1.0452    axis=( -0.769066  0.637188  0.050287)
     Cl   1    Vzz=   -1.2040    axis=( -0.296016 -0.424800  0.855523)
     Cl   1  Q=        -8.1650 1e-30 m^2  Cq=        23.0989 MHz  eta= 0.73618

     C    2    Vxx=   -0.0584    axis=( -0.432023 -0.233710  0.871054)
     C    2    Vyy=   -0.9275    axis=( -0.885186  0.294763 -0.359945)
     C    2    Vzz=    0.9859    axis=( -0.172631 -0.926550 -0.334221)
     C    2  Q=         1.0000 1e-30 m^2  Cq=         2.3166 MHz  eta= 0.88145

     C    3    Vxx=   -0.0825    axis=(  0.046965 -0.351926  0.934849)
     C    3    Vyy=   -0.3813    axis=(  0.504870  0.815906  0.281786)
     C    3    Vzz=    0.4638    axis=( -0.861917  0.458743  0.215996)
     C    3  Q=         1.0000 1e-30 m^2  Cq=         1.0897 MHz  eta= 0.64409

     H    4    Vxx=    0.0182    axis=( -0.152676  0.876269 -0.456993)
     H    4    Vyy=    0.7670    axis=(  0.788261  0.386889  0.478499)
     H    4    Vzz=   -0.7853    axis=(  0.596099 -0.287174 -0.749798)
     H    4  Q=         1.0000 1e-30 m^2  Cq=        -1.8451 MHz  eta= 0.95355

     C    5    Vxx=    0.0917    axis=( -0.629405 -0.528235  0.569927)
     C    5    Vyy=    0.7607    axis=(  0.145943 -0.800728 -0.580978)
     C    5    Vzz=   -0.8524    axis=( -0.763249  0.282494 -0.581074)
     C    5  Q=         1.0000 1e-30 m^2  Cq=        -2.0029 MHz  eta= 0.78484

     H    6    Vxx=    0.0253    axis=( -0.418004  0.351914 -0.837513)
     H    6    Vyy=    0.3845    axis=( -0.019421 -0.925171 -0.379054)
     H    6    Vzz=   -0.4098    axis=( -0.908237 -0.142181  0.393560)
     H    6  Q=         1.0000 1e-30 m^2  Cq=        -0.9629 MHz  eta= 0.87639

     H    7    Vxx=   -0.0592    axis=(  0.983097  0.104535  0.150309)
     H    7    Vyy=   -0.6661    axis=( -0.176072  0.764864  0.619663)
     H    7    Vzz=    0.7253    axis=( -0.050189 -0.635654  0.770341)
     H    7  Q=         1.0000 1e-30 m^2  Cq=         1.7041 MHz  eta= 0.83681

     C    8    Vxx=    0.0354    axis=(  0.466838 -0.882268 -0.060545)
     C    8    Vyy=    0.3895    axis=(  0.875138  0.451042  0.175199)
     C    8    Vzz=   -0.4249    axis=( -0.127264 -0.134775  0.982670)
     C    8  Q=         1.0000 1e-30 m^2  Cq=        -0.9984 MHz  eta= 0.83324

     H    9    Vxx=   -0.0053    axis=( -0.580809 -0.361539  0.729349)
     H    9    Vyy=   -0.7670    axis=(  0.325896 -0.924299 -0.198652)
     H    9    Vzz=    0.7724    axis=(  0.745958  0.122313  0.654665)
     H    9  Q=         1.0000 1e-30 m^2  Cq=         1.8148 MHz  eta= 0.98615

     C   10    Vxx=    0.0524    axis=(  0.082686  0.179482  0.980280)
     C   10    Vyy=    0.4789    axis=(  0.056054 -0.982929  0.175238)
     C   10    Vzz=   -0.5313    axis=(  0.994998  0.040459 -0.091335)
     C   10  Q=         1.0000 1e-30 m^2  Cq=        -1.2484 MHz  eta= 0.80257

     C   11    Vxx=   -0.0248    axis=(  0.650637 -0.544737 -0.529087)
     C   11    Vyy=   -0.5140    axis=(  0.230324 -0.522349  0.821038)
     C   11    Vzz=    0.5388    axis=( -0.723617 -0.656059 -0.214393)
     C   11  Q=         1.0000 1e-30 m^2  Cq=         1.2660 MHz  eta= 0.90796

     Cl  12    Vxx=   -0.9044    axis=(  0.884198  0.300840 -0.357336)
     Cl  12    Vyy=   -1.9221    axis=( -0.467091  0.576599 -0.670343)
     Cl  12    Vzz=    2.8265    axis=( -0.004374 -0.759624 -0.650347)
     Cl  12  Q=        -8.1650 1e-30 m^2  Cq=       -54.2241 MHz  eta= 0.36006

     H   13    Vxx=   -0.0320    axis=(  0.961710 -0.236235  0.138945)
     H   13    Vyy=   -0.5709    axis=(  0.271375  0.749931 -0.603290)
     H   13    Vzz=    0.6029    axis=(  0.038319  0.617896  0.785325)
     H   13  Q=         1.0000 1e-30 m^2  Cq=         1.4166 MHz  eta= 0.89382

     C   14    Vxx=    0.1113    axis=(  0.438567  0.887227 -0.143129)
     C   14    Vyy=    0.4339    axis=(  0.898605 -0.435218  0.055628)
     C   14    Vzz=   -0.5452    axis=(  0.012938  0.153013  0.988139)
     C   14  Q=         1.0000 1e-30 m^2  Cq=        -1.2811 MHz  eta= 0.59165

     H   15    Vxx=    0.0107    axis=(  0.311016 -0.678594 -0.665417)
     H   15    Vyy=    0.8116    axis=( -0.865378  0.087257 -0.493464)
     H   15    Vzz=   -0.8222    axis=(  0.392924  0.729313 -0.560102)
     H   15  Q=         1.0000 1e-30 m^2  Cq=        -1.9319 MHz  eta= 0.97405

     C   16    Vxx=   -0.0976    axis=(  0.114227 -0.137159  0.983941)
     C   16    Vyy=   -0.4742    axis=(  0.991085 -0.052630 -0.122392)
     C   16    Vzz=    0.5718    axis=(  0.068572  0.989150  0.129925)
     C   16  Q=         1.0000 1e-30 m^2  Cq=         1.3435 MHz  eta= 0.65862

     C   17    Vxx=    0.1497    axis=(  0.882703  0.326168 -0.338305)
     C   17    Vyy=    0.7845    axis=(  0.417662 -0.874485  0.246648)
     C   17    Vzz=   -0.9342    axis=(  0.215394  0.359014  0.908138)
     C   17  Q=         1.0000 1e-30 m^2  Cq=        -2.1950 MHz  eta= 0.67958

     Cl  18    Vxx=   -1.1520    axis=(  0.995177  0.030656  0.093181)
     Cl  18    Vyy=   -2.0193    axis=(  0.084688  0.210868 -0.973839)
     Cl  18    Vzz=    3.1713    axis=( -0.049503  0.977034  0.207255)
     Cl  18  Q=        -8.1650 1e-30 m^2  Cq=       -60.8394 MHz  eta= 0.27350

     H   19    Vxx=   -0.0339    axis=(  0.885125  0.110149 -0.452129)
     H   19    Vyy=   -0.7796    axis=(  0.368881  0.426223  0.825991)
     H   19    Vzz=    0.8135    axis=(  0.283690 -0.897887  0.336629)
     H   19  Q=         1.0000 1e-30 m^2  Cq=         1.9113 MHz  eta= 0.91673

     C   20    Vxx=   -0.0748    axis=(  0.500974  0.524745  0.688236)
     C   20    Vyy=   -0.4173    axis=(  0.832272 -0.073988 -0.549407)
     C   20    Vzz=    0.4921    axis=(  0.237377 -0.848038  0.473797)
     C   20  Q=         1.0000 1e-30 m^2  Cq=         1.1563 MHz  eta= 0.69600

     H   21    Vxx=   -0.0402    axis=( -0.029359  0.198763  0.979608)
     H   21    Vyy=   -0.7628    axis=(  0.487484  0.858428 -0.159565)
     H   21    Vzz=    0.8029    axis=( -0.872638  0.472858 -0.122096)
     H   21  Q=         1.0000 1e-30 m^2  Cq=         1.8866 MHz  eta= 0.89991

     C   22    Vxx=    0.1493    axis=( -0.567312  0.780411  0.262897)
     C   22    Vyy=    0.4630    axis=(  0.808241  0.588839 -0.003845)
     C   22    Vzz=   -0.6122    axis=(  0.157805 -0.210303  0.964816)
     C   22  Q=         1.0000 1e-30 m^2  Cq=        -1.4385 MHz  eta= 0.51236

     C   23    Vxx=   -0.0189    axis=(  0.484414 -0.148119 -0.862208)
     C   23    Vyy=   -0.7038    axis=( -0.828625 -0.393773 -0.397900)
     C   23    Vzz=    0.7227    axis=( -0.280578  0.907196 -0.313484)
     C   23  Q=         1.0000 1e-30 m^2  Cq=         1.6981 MHz  eta= 0.94761

     Cl  24    Vxx=   -1.0189    axis=(  0.826701 -0.397026  0.398668)
     Cl  24    Vyy=   -2.7446    axis=( -0.249506  0.376392  0.892231)
     Cl  24    Vzz=    3.7636    axis=( -0.504294 -0.837078  0.212103)
     Cl  24  Q=        -8.1650 1e-30 m^2  Cq=       -72.2025 MHz  eta= 0.45853

     Initialization:
     gipaw_setup  :      9.16s CPU     10.76s WALL (       1 calls)

     Linear response

     Apply operators

     Induced current

     Other routines
     efg          :      9.23s CPU     11.54s WALL (       1 calls)

     General routines
     calbec       :      3.27s CPU      4.22s WALL (      16 calls)
     fft          :      1.57s CPU      2.46s WALL (      15 calls)
     ffts         :      0.04s CPU      0.04s WALL (       2 calls)
     fftw         :      3.22s CPU      3.99s WALL (     672 calls)
     davcio       :      0.01s CPU      0.31s WALL (      32 calls)

     Parallel routines
     fft_scatter  :      2.28s CPU      3.63s WALL (     689 calls)

     Plugins

     GIPAW        :     61.29s CPU     71.90s WALL (       1 calls)
