
     Program QE v.6.0 (svn rev. 13079) starts on  4Jan2017 at 16:35:10 

     This program is part of the open-source Quantum ESPRESSO suite
     for quantum simulation of materials; please cite
         "P. Giannozzi et al., J. Phys.:Condens. Matter 21 395502 (2009);
          URL http://www.quantum-espresso.org", 
     in publications or presentations arising from this work. More details at
     http://www.quantum-espresso.org/quote

     Parallel version (MPI), running on     8 processors
     R & G space division:  proc/nbgrp/npool/nimage =       8

     ***** This is GIPAW svn revision unknown      *****

     Parallelizing q-star over 1 images

     Reading data from directory:
     /users/majewski/paradichlorobenzene/pbe/9_constraint/scratch/pbe.ecut100.np8.dt60.pcl2phi-129368.save
     Message from routine read_xml_file:
     file /users/majewski/paradichlorobenzene/pbe/9_constraint/scratch/pbe.ecut100.np8.dt60.pcl2phi-129368.save not guaranteed to be safe for post-processing

   Info: using nr1, nr2, nr3 values from input

   Info: using nr1, nr2, nr3 values from input

     IMPORTANT: XC functional enforced from input :
     Exchange-correlation      =  SLA  PW   PBX  PBC ( 1  4  3  4 0 0)
     Any further DFT definition will be discarded
     Please, verify this is what you really want

               file C.pbe-n-kjpaw_psl.1.0.0.UPF: wavefunction(s)  2S 2P renormalized
               file Cl.pbe-n-kjpaw_psl.1.0.0.UPF: wavefunction(s)  3S 3P renormalized
               file H.pbe-kjpaw_psl.1.0.0.UPF: wavefunction(s)  1S renormalized

     Parallelization info
     --------------------
     sticks:   dense  smooth     PW     G-vecs:    dense   smooth      PW
     Min        3057    1223    332               144436    36536    5170
     Max        3059    1225    333               144437    36537    5171
     Sum       24467    9791   2657              1155489   292295   41363


     Subspace diagonalization in iterative solution of the eigenvalue problem:
     a serial algorithm will be used

     GIPAW projectors -----------------------------------------------
     atom=  C    l=0  rc=    1.2000  rs=    0.8000
     atom=  C    l=0  rc=    1.2000  rs=    0.8000
     atom=  C    l=1  rc=    1.4000  rs=    0.9333
     atom=  C    l=1  rc=    1.4000  rs=    0.9333
     projs nearly linearly dependent: l=1  n1,n2= 1, 2  s=  0.99951561

     atom=  Cl   l=0  rc=    1.6000  rs=    1.0667
     atom=  Cl   l=0  rc=    1.6000  rs=    1.0667
     atom=  Cl   l=1  rc=    1.6000  rs=    1.0667
     atom=  Cl   l=1  rc=    1.6000  rs=    1.0667
     atom=  Cl   l=2  rc=    1.6000  rs=    1.0667
     atom=  Cl   l=2  rc=    1.6000  rs=    1.0667
     projs nearly linearly dependent: l=2  n1,n2= 1, 2  s=  0.99993509

     atom=  H    l=0  rc=    1.0000  rs=    0.6667
     atom=  H    l=0  rc=    1.0000  rs=    0.6667
     projs nearly linearly dependent: l=0  n1,n2= 1, 2  s=  0.99968852
     -----------------------------------------------------------------

     GIPAW integrals: -------------------------------------------
     Atom  i/j   nmr_para   nmr_dia   epr_rmc  epr_para   epr_dia
       C   1 1   0.83E+03  0.17E-01  0.93E+01  0.24E+08  0.24E+03
       C   2 1   0.86E+03 -0.61E-01  0.94E+01  0.25E+08  0.25E+03
       C   2 2   0.90E+03 -0.15E+00  0.97E+01  0.26E+08  0.26E+03
       C   3 3   0.33E+01  0.34E+00  0.18E+01  0.55E+03  0.21E+02
       C   4 3   0.35E+01  0.37E+00  0.20E+01  0.59E+03  0.22E+02
       C   4 4   0.38E+01  0.39E+00  0.22E+01  0.63E+03  0.24E+02
       Cl  1 1   0.14E+04 -0.47E+00  0.84E+01  0.32E+09  0.42E+03
       Cl  2 1   0.21E+04 -0.37E+00  0.12E+02  0.49E+09  0.65E+03
       Cl  2 2   0.33E+04 -0.16E+00  0.21E+02  0.76E+09  0.10E+04
       Cl  3 3   0.21E+02  0.79E-01  0.89E+01  0.23E+05  0.13E+03
       Cl  4 3   0.24E+02  0.67E-01  0.99E+01  0.27E+05  0.15E+03
       Cl  4 4   0.28E+02  0.44E-01  0.11E+02  0.32E+05  0.18E+03
       Cl  5 5   0.77E+00  0.19E+00  0.18E+01  0.12E+03  0.22E+02
       Cl  6 5   0.80E+00  0.19E+00  0.19E+01  0.12E+03  0.23E+02
       Cl  6 6   0.83E+00  0.20E+00  0.19E+01  0.12E+03  0.23E+02
       H   1 1   0.39E+02  0.19E+00  0.29E+00  0.78E+05  0.13E+02
       H   2 1   0.41E+02  0.21E+00  0.32E+00  0.82E+05  0.14E+02
       H   2 2   0.43E+02  0.22E+00  0.36E+00  0.86E+05  0.15E+02
     ------------------------------------------------------------

     alpha_pv=     34.3273 eV

     Number of occupied bands for each k-point:
     k-point:     1    nbnd_occ=  42
     k-point:     2    nbnd_occ=  42
     k-point:     3    nbnd_occ=  42
     k-point:     4    nbnd_occ=  42
     k-point:     5    nbnd_occ=  42
     k-point:     6    nbnd_occ=  42
     k-point:     7    nbnd_occ=  42
     k-point:     8    nbnd_occ=  42
     k-point:     9    nbnd_occ=  42
     k-point:    10    nbnd_occ=  42
     k-point:    11    nbnd_occ=  42
     k-point:    12    nbnd_occ=  42
     k-point:    13    nbnd_occ=  42
     k-point:    14    nbnd_occ=  42
     k-point:    15    nbnd_occ=  42
     k-point:    16    nbnd_occ=  42


     q-space interpolation up to   110.00 Rydberg

     GIPAW job: efg                                                                             


     ELECTRIC FIELD GRADIENTS TENSORS IN Hartree/bohrradius^2:

     ----- bare term -----
     Cl   1        0.010473        0.038831       -0.040529
     Cl   1        0.038831        0.074569       -0.013800
     Cl   1       -0.040529       -0.013800       -0.085042

     C    2       -0.779190        0.472930       -0.353379
     C    2        0.472930        0.341031       -0.047354
     C    2       -0.353379       -0.047354        0.438160

     C    3        0.317845        0.097233       -0.098476
     C    3        0.097233       -0.269071       -0.527318
     C    3       -0.098476       -0.527318       -0.048774

     H    4        0.132848        0.074700       -0.413366
     H    4        0.074700        0.014219        0.256378
     H    4       -0.413366        0.256378       -0.147067

     C    5       -0.909375        0.380409       -0.422418
     C    5        0.380409        0.447969       -0.050480
     C    5       -0.422418       -0.050480        0.461406

     H    6        0.407197       -0.073111        0.005962
     H    6       -0.073111       -0.464195       -0.586345
     H    6        0.005962       -0.586345        0.056998

     H    7        0.208139        0.456992        0.090744
     H    7        0.456992       -0.569227       -0.008486
     H    7        0.090744       -0.008486        0.361088

     C    8        0.010093       -0.085837        0.044025
     C    8       -0.085837       -0.246210        0.097742
     C    8        0.044025        0.097742        0.236117

     H    9       -0.381794        0.356377        0.204193
     H    9        0.356377        0.177047       -0.095012
     H    9        0.204193       -0.095012        0.204747

     C   10       -0.081841       -0.015065        0.089684
     C   10       -0.015065       -0.072679        0.009355
     C   10        0.089684        0.009355        0.154520

     C   11       -0.160600        0.099912       -0.172004
     C   11        0.099912        0.006435        0.385766
     C   11       -0.172004        0.385766        0.154165

     Cl  12        0.031249       -0.132572        0.025853
     Cl  12       -0.132572        0.072052       -0.138574
     Cl  12        0.025853       -0.138574       -0.103302

     H   13        0.385330        0.138386        0.127974
     H   13        0.138386       -0.385664       -0.599627
     H   13        0.127974       -0.599627        0.000334

     C   14       -0.054370       -0.090102       -0.271709
     C   14       -0.090102       -0.182467       -0.347097
     C   14       -0.271709       -0.347097        0.236837

     H   15        0.114253       -0.127114       -0.369126
     H   15       -0.127114        0.394964       -0.361503
     H   15       -0.369126       -0.361503       -0.509217

     C   16       -0.589197        0.373797       -0.349619
     C   16        0.373797        0.270563       -0.084316
     C   16       -0.349619       -0.084316        0.318634

     C   17        0.109770       -0.159798       -0.198305
     C   17       -0.159798       -0.402681       -0.509702
     C   17       -0.198305       -0.509702        0.292911

     Cl  18       -0.163575        0.321958        0.147770
     Cl  18        0.321958        0.089128        0.010347
     Cl  18        0.147770        0.010347        0.074447

     H   19        0.544306       -0.017663       -0.073280
     H   19       -0.017663       -0.015403        0.201997
     H   19       -0.073280        0.201997       -0.528903

     C   20       -0.527767       -0.331583       -0.010986
     C   20       -0.331583        0.217288        0.290718
     C   20       -0.010986        0.290718        0.310479

     H   21       -0.457398       -0.263488       -0.210191
     H   21       -0.263488        0.077960        0.297975
     H   21       -0.210191        0.297975        0.379438

     C   22        0.041121       -0.023013       -0.221727
     C   22       -0.023013       -0.051500        0.623546
     C   22       -0.221727        0.623546        0.010379

     C   23       -0.462287       -0.372097       -0.458671
     C   23       -0.372097        0.292979        0.126954
     C   23       -0.458671        0.126954        0.169307

     Cl  24       -0.028870       -0.136330        0.049489
     Cl  24       -0.136330        0.050136       -0.084799
     Cl  24        0.049489       -0.084799       -0.021266

     ----- ionic term -----
     Cl   1        0.165369       -0.234406        0.033860
     Cl   1       -0.234406       -0.005388       -0.014288
     Cl   1        0.033860       -0.014288       -0.159981

     C    2        0.120997       -0.248366        0.321844
     C    2       -0.248366        0.048272        0.432888
     C    2        0.321844        0.432888       -0.169269

     C    3       -0.029018       -0.299295        0.246905
     C    3       -0.299295        0.137001        0.406625
     C    3        0.246905        0.406625       -0.107983

     H    4        0.255293        0.130834        0.779193
     H    4        0.130834       -0.477700        0.203097
     H    4        0.779193        0.203097        0.222407

     C    5        0.101049       -0.256864        0.367398
     C    5       -0.256864        0.038901        0.267066
     C    5        0.367398        0.267066       -0.139950

     H    6       -0.535437       -0.036895        0.012674
     H    6       -0.036895        0.594795        0.723787
     H    6        0.012674        0.723787       -0.059357

     H    7       -0.513601       -0.152693        0.070442
     H    7       -0.152693        0.663617       -0.710836
     H    7        0.070442       -0.710836       -0.150017

     C    8        0.344588        0.129261        0.110357
     C    8        0.129261        0.103209       -0.331255
     C    8        0.110357       -0.331255       -0.447797

     H    9        0.949725       -0.305858        0.371852
     H    9       -0.305858       -0.449705       -0.155732
     H    9        0.371852       -0.155732       -0.500020

     C   10        0.242993        0.187365        0.071719
     C   10        0.187365        0.195990       -0.371527
     C   10        0.071719       -0.371527       -0.438983

     C   11        0.277613        0.107263        0.200584
     C   11        0.107263        0.119735       -0.355364
     C   11        0.200584       -0.355364       -0.397347

     Cl  12        0.105259        0.179056       -0.020042
     Cl  12        0.179056        0.043740       -0.027158
     Cl  12       -0.020042       -0.027158       -0.148999

     H   13       -0.519418       -0.008428       -0.006783
     H   13       -0.008428        0.606906        0.725712
     H   13       -0.006783        0.725712       -0.087488

     C   14        0.226033       -0.240746        0.340108
     C   14       -0.240746        0.036133        0.263221
     C   14        0.340108        0.263221       -0.262166

     H   15        0.530000        0.147234        0.798372
     H   15        0.147234       -0.501865        0.160365
     H   15        0.798372        0.160365       -0.028135

     C   16        0.120521       -0.253124        0.294360
     C   16       -0.253124        0.153655        0.311661
     C   16        0.294360        0.311661       -0.274176

     C   17       -0.010093       -0.193079        0.397455
     C   17       -0.193079        0.159291        0.368465
     C   17        0.397455        0.368465       -0.149198

     Cl  18        0.066207       -0.188074        0.040450
     Cl  18       -0.188074        0.076188       -0.022508
     Cl  18        0.040450       -0.022508       -0.142395

     H   19       -0.523339       -0.021903        0.016867
     H   19       -0.021903        0.488601       -0.793769
     H   19        0.016867       -0.793769        0.034738

     C   20        0.320603        0.212766        0.116368
     C   20        0.212766        0.030283       -0.352658
     C   20        0.116368       -0.352658       -0.350886

     H   21        0.853775       -0.270891        0.488359
     H   21       -0.270891       -0.442986       -0.175252
     H   21        0.488359       -0.175252       -0.410788

     C   22        0.220091        0.182776        0.093215
     C   22        0.182776        0.151275       -0.421666
     C   22        0.093215       -0.421666       -0.371366

     C   23        0.306245        0.055311        0.172811
     C   23        0.055311        0.093903       -0.404947
     C   23        0.172811       -0.404947       -0.400149

     Cl  24        0.121994        0.210627       -0.019015
     Cl  24        0.210627        0.011928       -0.029084
     Cl  24       -0.019015       -0.029084       -0.133922

     ----- GIPAW term -----
     Cl   1       -0.070164       -1.389453       -0.191392
     Cl   1       -1.389453        2.671208       -0.458199
     Cl   1       -0.191392       -0.458199       -2.601044

     C    2       -0.164277       -0.004128       -0.034130
     C    2       -0.004128        0.244727        0.096844
     C    2       -0.034130        0.096844       -0.080450

     C    3       -0.026323        0.006588        0.005363
     C    3        0.006588        0.130124        0.017771
     C    3        0.005363        0.017771       -0.103802

     H    4       -0.000000        0.000000        0.000000
     H    4        0.000000        0.000000        0.000000
     H    4        0.000000        0.000000        0.000000

     C    5       -0.191185        0.033118       -0.031593
     C    5        0.033118        0.234428        0.086678
     C    5       -0.031593        0.086678       -0.043243

     H    6       -0.000000        0.000000        0.000000
     H    6        0.000000        0.000000        0.000000
     H    6        0.000000        0.000000        0.000000

     H    7       -0.000000        0.000000        0.000000
     H    7        0.000000        0.000000        0.000000
     H    7        0.000000        0.000000        0.000000

     C    8        0.014392       -0.046927       -0.004054
     C    8       -0.046927        0.006851        0.039074
     C    8       -0.004054        0.039074       -0.021243

     H    9       -0.000000        0.000000        0.000000
     H    9        0.000000        0.000000        0.000000
     H    9        0.000000        0.000000        0.000000

     C   10       -0.013165       -0.002348       -0.004487
     C   10       -0.002348        0.006218        0.008256
     C   10       -0.004487        0.008256        0.006947

     C   11       -0.055042        0.043406       -0.033211
     C   11        0.043406       -0.010369        0.121936
     C   11       -0.033211        0.121936        0.065411

     Cl  12       -0.669064        0.574562       -0.518109
     Cl  12        0.574562       -0.758996        1.170703
     Cl  12       -0.518109        1.170703        1.428060

     H   13       -0.000000        0.000000        0.000000
     H   13        0.000000        0.000000        0.000000
     H   13        0.000000        0.000000        0.000000

     C   14       -0.104453       -0.083153       -0.062833
     C   14       -0.083153        0.091063        0.134345
     C   14       -0.062833        0.134345        0.013389

     H   15       -0.000000        0.000000        0.000000
     H   15        0.000000        0.000000        0.000000
     H   15        0.000000        0.000000        0.000000

     C   16       -0.117617       -0.004126       -0.066053
     C   16       -0.004126        0.061486        0.090346
     C   16       -0.066053        0.090346        0.056131

     C   17       -0.059875       -0.094118       -0.025202
     C   17       -0.094118        0.003482        0.105584
     C   17       -0.025202        0.105584        0.056393

     Cl  18       -0.119704       -0.177090       -1.523480
     Cl  18       -0.177090       -1.095888       -0.074696
     Cl  18       -1.523480       -0.074696        1.215592

     H   19       -0.000000        0.000000        0.000000
     H   19        0.000000        0.000000        0.000000
     H   19        0.000000        0.000000        0.000000

     C   20       -0.136343        0.051992        0.071857
     C   20        0.051992        0.136593        0.157199
     C   20        0.071857        0.157199       -0.000250

     H   21       -0.000000        0.000000        0.000000
     H   21        0.000000        0.000000        0.000000
     H   21        0.000000        0.000000        0.000000

     C   22       -0.116548        0.062819       -0.029150
     C   22        0.062819        0.272465        0.048858
     C   22       -0.029150        0.048858       -0.155918

     C   23       -0.023318       -0.161164       -0.025389
     C   23       -0.161164        0.188467       -0.048894
     C   23       -0.025389       -0.048894       -0.165149

     Cl  24        0.579171       -0.244284        0.866425
     Cl  24       -0.244284        1.326242       -1.434082
     Cl  24        0.866425       -1.434082       -1.905414

     ----- total EFG -----
     Cl   1        0.105678       -1.585028       -0.198061
     Cl   1       -1.585028        2.740390       -0.486287
     Cl   1       -0.198061       -0.486287       -2.846067

     C    2       -0.822470        0.220435       -0.065665
     C    2        0.220435        0.634029        0.482378
     C    2       -0.065665        0.482378        0.188441

     C    3        0.262504       -0.195474        0.153791
     C    3       -0.195474       -0.001945       -0.102922
     C    3        0.153791       -0.102922       -0.260559

     H    4        0.388141        0.205534        0.365826
     H    4        0.205534       -0.463480        0.459475
     H    4        0.365826        0.459475        0.075339

     C    5       -0.999510        0.156663       -0.086613
     C    5        0.156663        0.721297        0.303264
     C    5       -0.086613        0.303264        0.278213

     H    6       -0.128240       -0.110006        0.018637
     H    6       -0.110006        0.130600        0.137442
     H    6        0.018637        0.137442       -0.002360

     H    7       -0.305461        0.304299        0.161186
     H    7        0.304299        0.094390       -0.719322
     H    7        0.161186       -0.719322        0.211071

     C    8        0.369073       -0.003503        0.150328
     C    8       -0.003503       -0.136151       -0.194440
     C    8        0.150328       -0.194440       -0.232922

     H    9        0.567931        0.050519        0.576045
     H    9        0.050519       -0.272658       -0.250744
     H    9        0.576045       -0.250744       -0.295273

     C   10        0.147987        0.169951        0.156916
     C   10        0.169951        0.129529       -0.353916
     C   10        0.156916       -0.353916       -0.277516

     C   11        0.061970        0.250581       -0.004631
     C   11        0.250581        0.115801        0.152339
     C   11       -0.004631        0.152339       -0.177771

     Cl  12       -0.532557        0.621046       -0.512297
     Cl  12        0.621046       -0.643203        1.004971
     Cl  12       -0.512297        1.004971        1.175760

     H   13       -0.134088        0.129959        0.121192
     H   13        0.129959        0.221242        0.126086
     H   13        0.121192        0.126086       -0.087154

     C   14        0.067210       -0.414002        0.005565
     C   14       -0.414002       -0.055270        0.050469
     C   14        0.005565        0.050469       -0.011940

     H   15        0.644253        0.020120        0.429246
     H   15        0.020120       -0.106901       -0.201138
     H   15        0.429246       -0.201138       -0.537352

     C   16       -0.586293        0.116547       -0.121312
     C   16        0.116547        0.485704        0.317692
     C   16       -0.121312        0.317692        0.100590

     C   17        0.039802       -0.446996        0.173949
     C   17       -0.446996       -0.239908       -0.035652
     C   17        0.173949       -0.035652        0.200106

     Cl  18       -0.217072       -0.043206       -1.335260
     Cl  18       -0.043206       -0.930572       -0.086857
     Cl  18       -1.335260       -0.086857        1.147644

     H   19        0.020967       -0.039567       -0.056413
     H   19       -0.039567        0.473198       -0.591772
     H   19       -0.056413       -0.591772       -0.494166

     C   20       -0.343507       -0.066825        0.177239
     C   20       -0.066825        0.384164        0.095259
     C   20        0.177239        0.095259       -0.040657

     H   21        0.396377       -0.534378        0.278168
     H   21       -0.534378       -0.365026        0.122723
     H   21        0.278168        0.122723       -0.031351

     C   22        0.144664        0.222582       -0.157662
     C   22        0.222582        0.372241        0.250738
     C   22       -0.157662        0.250738       -0.516905

     C   23       -0.179359       -0.477950       -0.311249
     C   23       -0.477950        0.575350       -0.326888
     C   23       -0.311249       -0.326888       -0.395990

     Cl  24        0.672296       -0.169987        0.896899
     Cl  24       -0.169987        1.388306       -1.547965
     Cl  24        0.896899       -1.547965       -2.060602

     ----- total EFG (symmetrized) -----
     Cl   1        0.105678       -1.585028       -0.198061
     Cl   1       -1.585028        2.740390       -0.486287
     Cl   1       -0.198061       -0.486287       -2.846067

     C    2       -0.822470        0.220435       -0.065665
     C    2        0.220435        0.634029        0.482378
     C    2       -0.065665        0.482378        0.188441

     C    3        0.262504       -0.195474        0.153791
     C    3       -0.195474       -0.001945       -0.102922
     C    3        0.153791       -0.102922       -0.260559

     H    4        0.388141        0.205534        0.365826
     H    4        0.205534       -0.463480        0.459475
     H    4        0.365826        0.459475        0.075339

     C    5       -0.999510        0.156663       -0.086613
     C    5        0.156663        0.721297        0.303264
     C    5       -0.086613        0.303264        0.278213

     H    6       -0.128240       -0.110006        0.018637
     H    6       -0.110006        0.130600        0.137442
     H    6        0.018637        0.137442       -0.002360

     H    7       -0.305461        0.304299        0.161186
     H    7        0.304299        0.094390       -0.719322
     H    7        0.161186       -0.719322        0.211071

     C    8        0.369073       -0.003503        0.150328
     C    8       -0.003503       -0.136151       -0.194440
     C    8        0.150328       -0.194440       -0.232922

     H    9        0.567931        0.050519        0.576045
     H    9        0.050519       -0.272658       -0.250744
     H    9        0.576045       -0.250744       -0.295273

     C   10        0.147987        0.169951        0.156916
     C   10        0.169951        0.129529       -0.353916
     C   10        0.156916       -0.353916       -0.277516

     C   11        0.061970        0.250581       -0.004631
     C   11        0.250581        0.115801        0.152339
     C   11       -0.004631        0.152339       -0.177771

     Cl  12       -0.532557        0.621046       -0.512297
     Cl  12        0.621046       -0.643203        1.004971
     Cl  12       -0.512297        1.004971        1.175760

     H   13       -0.134088        0.129959        0.121192
     H   13        0.129959        0.221242        0.126086
     H   13        0.121192        0.126086       -0.087154

     C   14        0.067210       -0.414002        0.005565
     C   14       -0.414002       -0.055270        0.050469
     C   14        0.005565        0.050469       -0.011940

     H   15        0.644253        0.020120        0.429246
     H   15        0.020120       -0.106901       -0.201138
     H   15        0.429246       -0.201138       -0.537352

     C   16       -0.586293        0.116547       -0.121312
     C   16        0.116547        0.485704        0.317692
     C   16       -0.121312        0.317692        0.100590

     C   17        0.039802       -0.446996        0.173949
     C   17       -0.446996       -0.239908       -0.035652
     C   17        0.173949       -0.035652        0.200106

     Cl  18       -0.217072       -0.043206       -1.335260
     Cl  18       -0.043206       -0.930572       -0.086857
     Cl  18       -1.335260       -0.086857        1.147644

     H   19        0.020967       -0.039567       -0.056413
     H   19       -0.039567        0.473198       -0.591772
     H   19       -0.056413       -0.591772       -0.494166

     C   20       -0.343507       -0.066825        0.177239
     C   20       -0.066825        0.384164        0.095259
     C   20        0.177239        0.095259       -0.040657

     H   21        0.396377       -0.534378        0.278168
     H   21       -0.534378       -0.365026        0.122723
     H   21        0.278168        0.122723       -0.031351

     C   22        0.144664        0.222582       -0.157662
     C   22        0.222582        0.372241        0.250738
     C   22       -0.157662        0.250738       -0.516905

     C   23       -0.179359       -0.477950       -0.311249
     C   23       -0.477950        0.575350       -0.326888
     C   23       -0.311249       -0.326888       -0.395990

     Cl  24        0.672296       -0.169987        0.896899
     Cl  24       -0.169987        1.388306       -1.547965
     Cl  24        0.896899       -1.547965       -2.060602


     NQR/NMR SPECTROSCOPIC PARAMETERS:
     Cl   1    Vxx=   -0.5734    axis=(  0.898941  0.405745 -0.165156)
     Cl   1    Vyy=   -2.9308    axis=(  0.126800  0.119871  0.984659)
     Cl   1    Vzz=    3.5041    axis=(  0.419318 -0.906092  0.056309)
     Cl   1  Q=        -8.1650 1e-30 m^2  Cq=       -67.2248 MHz  eta= 0.67276

     C    2    Vxx=   -0.0804    axis=( -0.222030 -0.497615  0.838500)
     C    2    Vyy=   -0.8750    axis=( -0.971277  0.188356 -0.145406)
     C    2    Vzz=    0.9555    axis=( -0.085581 -0.846700 -0.525142)
     C    2  Q=         1.0000 1e-30 m^2  Cq=         2.2450 MHz  eta= 0.83162

     C    3    Vxx=   -0.1042    axis=(  0.495398  0.864791 -0.081962)
     C    3    Vyy=   -0.3122    axis=( -0.189374  0.199603  0.961403)
     C    3    Vzz=    0.4164    axis=(  0.847772 -0.460756  0.262652)
     C    3  Q=         1.0000 1e-30 m^2  Cq=         0.9783 MHz  eta= 0.49966

     H    4    Vxx=   -0.0570    axis=( -0.685927  0.364828  0.629607)
     H    4    Vyy=   -0.7267    axis=(  0.003692  0.866970 -0.498346)
     H    4    Vzz=    0.7837    axis=( -0.727661 -0.339504 -0.596025)
     H    4  Q=         1.0000 1e-30 m^2  Cq=         1.8413 MHz  eta= 0.85462

     C    5    Vxx=    0.1432    axis=( -0.127061 -0.433547  0.892128)
     C    5    Vyy=    0.8808    axis=(  0.054182  0.895041  0.442679)
     C    5    Vzz=   -1.0239    axis=( -0.990414  0.104585 -0.090234)
     C    5  Q=         1.0000 1e-30 m^2  Cq=        -2.4059 MHz  eta= 0.72035

     H    6    Vxx=   -0.0405    axis=( -0.535141  0.292527 -0.792497)
     H    6    Vyy=   -0.1962    axis=( -0.812158 -0.436276  0.387379)
     H    6    Vzz=    0.2367    axis=( -0.232429  0.850936  0.471047)
     H    6  Q=         1.0000 1e-30 m^2  Cq=         0.5562 MHz  eta= 0.65777

     H    7    Vxx=   -0.0846    axis=( -0.821725 -0.364274 -0.438260)
     H    7    Vyy=   -0.7968    axis=(  0.564408 -0.626559 -0.537464)
     H    7    Vzz=    0.8814    axis=( -0.078812 -0.689005  0.720459)
     H    7  Q=         1.0000 1e-30 m^2  Cq=         2.0708 MHz  eta= 0.80803

     C    8    Vxx=   -0.0063    axis=(  0.225392  0.808287 -0.543940)
     C    8    Vyy=   -0.4029    axis=( -0.153060  0.580750  0.799564)
     C    8    Vzz=    0.4092    axis=(  0.962170 -0.096959  0.254613)
     C    8  Q=         1.0000 1e-30 m^2  Cq=         0.9615 MHz  eta= 0.96931

     H    9    Vxx=   -0.1398    axis=(  0.269659  0.872336 -0.407817)
     H    9    Vyy=   -0.7204    axis=( -0.372724  0.485047  0.791079)
     H    9    Vzz=    0.8602    axis=(  0.887897 -0.061318  0.455938)
     H    9  Q=         1.0000 1e-30 m^2  Cq=         2.0212 MHz  eta= 0.67493

     C   10    Vxx=    0.1885    axis=( -0.867241  0.209966 -0.451450)
     C   10    Vyy=    0.3639    axis=(  0.395230  0.841758 -0.367746)
     C   10    Vzz=   -0.5525    axis=( -0.302798  0.497351  0.812992)
     C   10  Q=         1.0000 1e-30 m^2  Cq=        -1.2981 MHz  eta= 0.31752

     C   11    Vxx=   -0.0775    axis=(  0.678801 -0.389272 -0.622652)
     C   11    Vyy=   -0.2867    axis=( -0.389444  0.528019 -0.754672)
     C   11    Vzz=    0.3642    axis=(  0.622545  0.754760  0.206820)
     C   11  Q=         1.0000 1e-30 m^2  Cq=         0.8558 MHz  eta= 0.57454

     Cl  12    Vxx=   -0.0061    axis=(  0.808365  0.572631 -0.136526)
     Cl  12    Vyy=   -1.6395    axis=( -0.578355  0.729285 -0.365579)
     Cl  12    Vzz=    1.6456    axis=( -0.109776  0.374482  0.920713)
     Cl  12  Q=        -8.1650 1e-30 m^2  Cq=       -31.5699 MHz  eta= 0.99259

     H   13    Vxx=   -0.0902    axis=(  0.497688 -0.495755  0.711712)
     H   13    Vyy=   -0.2353    axis=( -0.797443  0.061218  0.600281)
     H   13    Vzz=    0.3255    axis=(  0.341161  0.866302  0.364869)
     H   13  Q=         1.0000 1e-30 m^2  Cq=         0.7649 MHz  eta= 0.44561

     C   14    Vxx=   -0.0095    axis=(  0.117117  0.035043  0.992500)
     C   14    Vyy=   -0.4169    axis=(  0.647178  0.755344 -0.103038)
     C   14    Vzz=    0.4264    axis=( -0.753289  0.654391  0.065785)
     C   14  Q=         1.0000 1e-30 m^2  Cq=         1.0018 MHz  eta= 0.95543

     H   15    Vxx=   -0.0472    axis=(  0.139304  0.952996 -0.269060)
     H   15    Vyy=   -0.7387    axis=(  0.286848 -0.298895 -0.910154)
     H   15    Vzz=    0.7859    axis=( -0.947794  0.049609 -0.315002)
     H   15  Q=         1.0000 1e-30 m^2  Cq=         1.8465 MHz  eta= 0.87995

     C   16    Vxx=   -0.0308    axis=( -0.280172 -0.456272  0.844582)
     C   16    Vyy=   -0.6353    axis=( -0.959329  0.164710 -0.229256)
     C   16    Vzz=    0.6661    axis=( -0.034508 -0.874464 -0.483862)
     C   16  Q=         1.0000 1e-30 m^2  Cq=         1.5650 MHz  eta= 0.90753

     C   17    Vxx=    0.1082    axis=( -0.367829  0.385609  0.846172)
     C   17    Vyy=    0.4675    axis=( -0.708038  0.473755 -0.523677)
     C   17    Vzz=   -0.5758    axis=( -0.602813 -0.791746  0.098765)
     C   17  Q=         1.0000 1e-30 m^2  Cq=        -1.3529 MHz  eta= 0.62402

     Cl  18    Vxx=   -0.8859    axis=(  0.421713 -0.874515  0.239546)
     Cl  18    Vyy=   -1.0798    axis=(  0.741759  0.484672  0.463559)
     Cl  18    Vzz=    1.9657    axis=( -0.521491 -0.017803  0.853071)
     Cl  18  Q=        -8.1650 1e-30 m^2  Cq=       -37.7112 MHz  eta= 0.09860

     H   19    Vxx=    0.0265    axis=(  0.996301 -0.021850 -0.083107)
     H   19    Vyy=    0.7540    axis=( -0.015862  0.903750 -0.427766)
     H   19    Vzz=   -0.7805    axis=(  0.084454  0.427502  0.900061)
     H   19  Q=         1.0000 1e-30 m^2  Cq=        -1.8339 MHz  eta= 0.93199

     C   20    Vxx=    0.0319    axis=(  0.444172 -0.154388  0.882539)
     C   20    Vyy=    0.4057    axis=( -0.041883  0.980386  0.192585)
     C   20    Vzz=   -0.4376    axis=( -0.894962 -0.122504  0.428994)
     C   20  Q=         1.0000 1e-30 m^2  Cq=        -1.0282 MHz  eta= 0.85429

     H   21    Vxx=    0.0014    axis=( -0.076558  0.415269  0.906471)
     H   21    Vyy=    0.7230    axis=( -0.878300  0.402235 -0.258449)
     H   21    Vzz=   -0.7243    axis=( -0.471941 -0.815940  0.333936)
     H   21  Q=         1.0000 1e-30 m^2  Cq=        -1.7019 MHz  eta= 0.99620

     C   22    Vxx=    0.1130    axis=( -0.850990  0.378784  0.363783)
     C   22    Vyy=    0.5275    axis=(  0.452826  0.880068  0.142928)
     C   22    Vzz=   -0.6405    axis=(  0.266015 -0.286361  0.920453)
     C   22  Q=         1.0000 1e-30 m^2  Cq=        -1.5049 MHz  eta= 0.64717

     C   23    Vxx=    0.0036    axis=(  0.696047  0.185261 -0.693683)
     C   23    Vyy=    0.8302    axis=( -0.386617  0.910821 -0.144683)
     C   23    Vzz=   -0.8338    axis=(  0.605017  0.368896  0.705599)
     C   23  Q=         1.0000 1e-30 m^2  Cq=        -1.9590 MHz  eta= 0.99132

     Cl  24    Vxx=    0.6771    axis=(  0.916847  0.391324  0.079104)
     Cl  24    Vyy=    2.1511    axis=( -0.333525  0.859654 -0.386983)
     Cl  24    Vzz=   -2.8282    axis=( -0.219437  0.328421  0.918688)
     Cl  24  Q=        -8.1650 1e-30 m^2  Cq=        54.2579 MHz  eta= 0.52116

     Initialization:
     gipaw_setup  :      9.10s CPU     11.00s WALL (       1 calls)

     Linear response

     Apply operators

     Induced current

     Other routines
     efg          :      9.33s CPU     11.86s WALL (       1 calls)

     General routines
     calbec       :      3.30s CPU      4.35s WALL (      16 calls)
     fft          :      2.08s CPU      3.72s WALL (      15 calls)
     ffts         :      0.03s CPU      0.04s WALL (       2 calls)
     fftw         :      3.28s CPU      4.10s WALL (     672 calls)
     davcio       :      0.03s CPU      0.31s WALL (      32 calls)

     Parallel routines
     fft_scatter  :      2.73s CPU      5.06s WALL (     689 calls)

     Plugins

     GIPAW        :     60.66s CPU     73.26s WALL (       1 calls)
