
     Program QE v.6.0 (svn rev. 13079) starts on 19Dec2016 at 10:21:21 

     This program is part of the open-source Quantum ESPRESSO suite
     for quantum simulation of materials; please cite
         "P. Giannozzi et al., J. Phys.:Condens. Matter 21 395502 (2009);
          URL http://www.quantum-espresso.org", 
     in publications or presentations arising from this work. More details at
     http://www.quantum-espresso.org/quote

     Parallel version (MPI), running on     8 processors
     R & G space division:  proc/nbgrp/npool/nimage =       8

     ***** This is GIPAW svn revision unknown      *****

     Parallelizing q-star over 1 images

     Reading data from directory:
     /users/majewski/paradichlorobenzene/pbe/9_constraint/scratch/pbe.ecut100.np8.dt60.pcl2phi-129368.save
     Message from routine read_xml_file:
     file /users/majewski/paradichlorobenzene/pbe/9_constraint/scratch/pbe.ecut100.np8.dt60.pcl2phi-129368.save not guaranteed to be safe for post-processing

   Info: using nr1, nr2, nr3 values from input

   Info: using nr1, nr2, nr3 values from input

     IMPORTANT: XC functional enforced from input :
     Exchange-correlation      =  SLA  PW   PBX  PBC ( 1  4  3  4 0 0)
     Any further DFT definition will be discarded
     Please, verify this is what you really want

               file C.pbe-n-kjpaw_psl.1.0.0.UPF: wavefunction(s)  2S 2P renormalized
               file Cl.pbe-n-kjpaw_psl.1.0.0.UPF: wavefunction(s)  3S 3P renormalized
               file H.pbe-kjpaw_psl.1.0.0.UPF: wavefunction(s)  1S renormalized

     Parallelization info
     --------------------
     sticks:   dense  smooth     PW     G-vecs:    dense   smooth      PW
     Min        3057    1223    332               144436    36536    5170
     Max        3059    1225    333               144437    36537    5171
     Sum       24467    9791   2657              1155489   292295   41363


     Subspace diagonalization in iterative solution of the eigenvalue problem:
     a serial algorithm will be used

     GIPAW projectors -----------------------------------------------
     atom=  C    l=0  rc=    1.2000  rs=    0.8000
     atom=  C    l=0  rc=    1.2000  rs=    0.8000
     atom=  C    l=1  rc=    1.4000  rs=    0.9333
     atom=  C    l=1  rc=    1.4000  rs=    0.9333
     projs nearly linearly dependent: l=1  n1,n2= 1, 2  s=  0.99951561

     atom=  Cl   l=0  rc=    1.6000  rs=    1.0667
     atom=  Cl   l=0  rc=    1.6000  rs=    1.0667
     atom=  Cl   l=1  rc=    1.6000  rs=    1.0667
     atom=  Cl   l=1  rc=    1.6000  rs=    1.0667
     atom=  Cl   l=2  rc=    1.6000  rs=    1.0667
     atom=  Cl   l=2  rc=    1.6000  rs=    1.0667
     projs nearly linearly dependent: l=2  n1,n2= 1, 2  s=  0.99993509

     atom=  H    l=0  rc=    1.0000  rs=    0.6667
     atom=  H    l=0  rc=    1.0000  rs=    0.6667
     projs nearly linearly dependent: l=0  n1,n2= 1, 2  s=  0.99968852
     -----------------------------------------------------------------

     GIPAW integrals: -------------------------------------------
     Atom  i/j   nmr_para   nmr_dia   epr_rmc  epr_para   epr_dia
       C   1 1   0.83E+03  0.17E-01  0.93E+01  0.24E+08  0.24E+03
       C   2 1   0.86E+03 -0.61E-01  0.94E+01  0.25E+08  0.25E+03
       C   2 2   0.90E+03 -0.15E+00  0.97E+01  0.26E+08  0.26E+03
       C   3 3   0.33E+01  0.34E+00  0.18E+01  0.55E+03  0.21E+02
       C   4 3   0.35E+01  0.37E+00  0.20E+01  0.59E+03  0.22E+02
       C   4 4   0.38E+01  0.39E+00  0.22E+01  0.63E+03  0.24E+02
       Cl  1 1   0.14E+04 -0.47E+00  0.84E+01  0.32E+09  0.42E+03
       Cl  2 1   0.21E+04 -0.37E+00  0.12E+02  0.49E+09  0.65E+03
       Cl  2 2   0.33E+04 -0.16E+00  0.21E+02  0.76E+09  0.10E+04
       Cl  3 3   0.21E+02  0.79E-01  0.89E+01  0.23E+05  0.13E+03
       Cl  4 3   0.24E+02  0.67E-01  0.99E+01  0.27E+05  0.15E+03
       Cl  4 4   0.28E+02  0.44E-01  0.11E+02  0.32E+05  0.18E+03
       Cl  5 5   0.77E+00  0.19E+00  0.18E+01  0.12E+03  0.22E+02
       Cl  6 5   0.80E+00  0.19E+00  0.19E+01  0.12E+03  0.23E+02
       Cl  6 6   0.83E+00  0.20E+00  0.19E+01  0.12E+03  0.23E+02
       H   1 1   0.39E+02  0.19E+00  0.29E+00  0.78E+05  0.13E+02
       H   2 1   0.41E+02  0.21E+00  0.32E+00  0.82E+05  0.14E+02
       H   2 2   0.43E+02  0.22E+00  0.36E+00  0.86E+05  0.15E+02
     ------------------------------------------------------------

     alpha_pv=     33.7459 eV

     Number of occupied bands for each k-point:
     k-point:     1    nbnd_occ=  42
     k-point:     2    nbnd_occ=  42
     k-point:     3    nbnd_occ=  42
     k-point:     4    nbnd_occ=  42
     k-point:     5    nbnd_occ=  42
     k-point:     6    nbnd_occ=  42
     k-point:     7    nbnd_occ=  42
     k-point:     8    nbnd_occ=  42
     k-point:     9    nbnd_occ=  42
     k-point:    10    nbnd_occ=  42
     k-point:    11    nbnd_occ=  42
     k-point:    12    nbnd_occ=  42
     k-point:    13    nbnd_occ=  42
     k-point:    14    nbnd_occ=  42
     k-point:    15    nbnd_occ=  42
     k-point:    16    nbnd_occ=  42


     q-space interpolation up to   110.00 Rydberg

     GIPAW job: efg                                                                             


     ELECTRIC FIELD GRADIENTS TENSORS IN Hartree/bohrradius^2:

     ----- bare term -----
     Cl   1       -0.135471        0.097067       -0.038961
     Cl   1        0.097067       -0.078633       -0.003432
     Cl   1       -0.038961       -0.003432        0.214104

     C    2       -0.047830       -0.044849       -0.522043
     C    2       -0.044849       -0.285750       -0.516726
     C    2       -0.522043       -0.516726        0.333580

     C    3       -0.164105        0.432399       -0.348751
     C    3        0.432399       -0.279609       -0.304029
     C    3       -0.348751       -0.304029        0.443714

     H    4       -0.095291       -0.136906       -0.335827
     H    4       -0.136906        0.456318       -0.293474
     H    4       -0.335827       -0.293474       -0.361027

     C    5       -0.275766        0.098935       -0.468075
     C    5        0.098935        0.014032       -0.383074
     C    5       -0.468075       -0.383074        0.261734

     H    6       -0.067287        0.238826        0.028878
     H    6        0.238826       -0.244675       -0.452289
     H    6        0.028878       -0.452289        0.311961

     H    7        0.471394        0.025424       -0.072653
     H    7        0.025424       -0.698576        0.076371
     H    7       -0.072653        0.076371        0.227182

     C    8       -0.317951       -0.276487       -0.303044
     C    8       -0.276487       -0.126013        0.411108
     C    8       -0.303044        0.411108        0.443965

     H    9       -0.446176        0.411572        0.171559
     H    9        0.411572        0.284253       -0.080875
     H    9        0.171559       -0.080875        0.161924

     C   10       -0.212883       -0.271846       -0.237384
     C   10       -0.271846       -0.331099        0.524494
     C   10       -0.237384        0.524494        0.543983

     C   11       -0.272668       -0.069134       -0.406020
     C   11       -0.069134       -0.007789        0.420098
     C   11       -0.406020        0.420098        0.280457

     Cl  12       -0.133639       -0.007783       -0.009044
     Cl  12       -0.007783       -0.112282       -0.005243
     Cl  12       -0.009044       -0.005243        0.245922

     H   13        0.370902       -0.064231       -0.045298
     H   13       -0.064231       -0.512212       -0.495028
     H   13       -0.045298       -0.495028        0.141310

     C   14       -0.264047        0.367808       -0.276866
     C   14        0.367808       -0.180859       -0.381697
     C   14       -0.276866       -0.381697        0.444906

     H   15       -0.262723       -0.191542       -0.598175
     H   15       -0.191542        0.387440       -0.200991
     H   15       -0.598175       -0.200991       -0.124717

     C   16       -0.276220        0.069886       -0.241163
     C   16        0.069886       -0.146177       -0.510092
     C   16       -0.241163       -0.510092        0.422397

     C   17       -0.104202        0.194131       -0.216356
     C   17        0.194131       -0.275461       -0.496244
     C   17       -0.216356       -0.496244        0.379663

     Cl  18       -0.052576       -0.071684       -0.029528
     Cl  18       -0.071684        0.004673       -0.119145
     Cl  18       -0.029528       -0.119145        0.047902

     H   19        0.233829        0.420954        0.104925
     H   19        0.420954       -0.569728        0.124287
     H   19        0.104925        0.124287        0.335898

     C   20       -0.232775       -0.359981       -0.346915
     C   20       -0.359981       -0.205763        0.355646
     C   20       -0.346915        0.355646        0.438538

     H   21       -0.480145        0.310853        0.240653
     H   21        0.310853        0.309783       -0.010330
     H   21        0.240653       -0.010330        0.170362

     C   22       -0.006968       -0.049938       -0.114521
     C   22       -0.049938       -0.362598        0.320088
     C   22       -0.114521        0.320088        0.369566

     C   23       -0.439590       -0.184304       -0.307613
     C   23       -0.184304       -0.067966        0.341366
     C   23       -0.307613        0.341366        0.507555

     Cl  24       -0.065361        0.000977       -0.098677
     Cl  24        0.000977       -0.060466        0.074794
     Cl  24       -0.098677        0.074794        0.125827

     ----- ionic term -----
     Cl   1        0.150482       -0.197555        0.055311
     Cl   1       -0.197555       -0.008783       -0.024732
     Cl   1        0.055311       -0.024732       -0.141699

     C    2        0.140261       -0.196030        0.322693
     C    2       -0.196030        0.121657        0.347143
     C    2        0.322693        0.347143       -0.261918

     C    3        0.153587       -0.280866        0.262194
     C    3       -0.280866        0.166575        0.336467
     C    3        0.262194        0.336467       -0.320162

     H    4        0.474056        0.301310        0.732999
     H    4        0.301310       -0.404849        0.282419
     H    4        0.732999        0.282419       -0.069207

     C    5        0.301781       -0.260233        0.369014
     C    5       -0.260233        0.019624        0.263909
     C    5        0.369014        0.263909       -0.321405

     H    6       -0.486688       -0.112339       -0.020100
     H    6       -0.112339        0.691197        0.668637
     H    6       -0.020100        0.668637       -0.204509

     H    7       -0.504697       -0.044224        0.010657
     H    7       -0.044224        0.945073       -0.447940
     H    7        0.010657       -0.447940       -0.440376

     C    8        0.372554        0.141670        0.069470
     C    8        0.141670        0.116293       -0.262123
     C    8        0.069470       -0.262123       -0.488847

     H    9        0.840046       -0.462171        0.310269
     H    9       -0.462171       -0.343716       -0.160538
     H    9        0.310269       -0.160538       -0.496331

     C   10        0.259721        0.123753        0.025468
     C   10        0.123753        0.202839       -0.335453
     C   10        0.025468       -0.335453       -0.462560

     C   11        0.296510        0.059179        0.136086
     C   11        0.059179        0.146972       -0.336976
     C   11        0.136086       -0.336976       -0.443482

     Cl  12        0.133715        0.187640       -0.033627
     Cl  12        0.187640       -0.002530       -0.024074
     Cl  12       -0.033627       -0.024074       -0.131185

     H   13       -0.528762       -0.026284       -0.009055
     H   13       -0.026284        0.648556        0.700877
     H   13       -0.009055        0.700877       -0.119794

     C   14        0.172952       -0.211216        0.305467
     C   14       -0.211216        0.093361        0.260339
     C   14        0.305467        0.260339       -0.266313

     H   15        0.531733        0.362535        0.663854
     H   15        0.362535       -0.394196        0.278975
     H   15        0.663854        0.278975       -0.137537

     C   16        0.077146       -0.195024        0.254482
     C   16       -0.195024        0.178836        0.375174
     C   16        0.254482        0.375174       -0.255981

     C   17        0.133670       -0.151930        0.364703
     C   17       -0.151930        0.096566        0.421967
     C   17        0.364703        0.421967       -0.230236

     Cl  18        0.120446       -0.210268        0.021252
     Cl  18       -0.210268        0.033794       -0.010945
     Cl  18        0.021252       -0.010945       -0.154240

     H   19       -0.506632       -0.152127        0.074479
     H   19       -0.152127        0.679668       -0.673003
     H   19        0.074479       -0.673003       -0.173036

     C   20        0.312601        0.087587        0.127437
     C   20        0.087587        0.092843       -0.314265
     C   20        0.127437       -0.314265       -0.405444

     H   21        0.854923       -0.389839        0.383180
     H   21       -0.389839       -0.378356       -0.187907
     H   21        0.383180       -0.187907       -0.476567

     C   22        0.173415        0.153055        0.059363
     C   22        0.153055        0.245986       -0.405787
     C   22        0.059363       -0.405787       -0.419401

     C   23        0.272358        0.098454        0.145791
     C   23        0.098454        0.177629       -0.363844
     C   23        0.145791       -0.363844       -0.449987

     Cl  24        0.140107        0.201187       -0.005532
     Cl  24        0.201187        0.014372       -0.008212
     Cl  24       -0.005532       -0.008212       -0.154479

     ----- GIPAW term -----
     Cl   1       -0.820811       -1.303153       -0.471357
     Cl   1       -1.303153       -1.495598       -0.158968
     Cl   1       -0.471357       -0.158968        2.316409

     C    2        0.051314       -0.109914       -0.197309
     C    2       -0.109914       -0.118299       -0.099253
     C    2       -0.197309       -0.099253        0.066986

     C    3        0.032837        0.046511       -0.202088
     C    3        0.046511       -0.127632       -0.013899
     C    3       -0.202088       -0.013899        0.094795

     H    4       -0.000000        0.000000        0.000000
     H    4        0.000000        0.000000        0.000000
     H    4        0.000000        0.000000        0.000000

     C    5        0.103821        0.039700       -0.064985
     C    5        0.039700       -0.065503       -0.063732
     C    5       -0.064985       -0.063732       -0.038318

     H    6       -0.000000        0.000000        0.000000
     H    6        0.000000        0.000000        0.000000
     H    6        0.000000        0.000000        0.000000

     H    7       -0.000000        0.000000        0.000000
     H    7        0.000000        0.000000        0.000000
     H    7        0.000000        0.000000        0.000000

     C    8       -0.028038       -0.054668       -0.040156
     C    8       -0.054668       -0.045918        0.086083
     C    8       -0.040156        0.086083        0.073956

     H    9       -0.000000        0.000000        0.000000
     H    9        0.000000        0.000000        0.000000
     H    9        0.000000        0.000000        0.000000

     C   10       -0.110671       -0.055485       -0.116330
     C   10       -0.055485       -0.100035        0.152774
     C   10       -0.116330        0.152774        0.210706

     C   11        0.033074        0.089449       -0.057813
     C   11        0.089449        0.029076        0.038791
     C   11       -0.057813        0.038791       -0.062149

     Cl  12        0.030294        1.984358       -0.196444
     Cl  12        1.984358       -1.082999       -0.083059
     Cl  12       -0.196444       -0.083059        1.052705

     H   13       -0.000000        0.000000        0.000000
     H   13        0.000000        0.000000        0.000000
     H   13        0.000000        0.000000        0.000000

     C   14        0.029508        0.086137       -0.050928
     C   14        0.086137       -0.075942       -0.081493
     C   14       -0.050928       -0.081493        0.046433

     H   15       -0.000000        0.000000        0.000000
     H   15        0.000000        0.000000        0.000000
     H   15        0.000000        0.000000        0.000000

     C   16       -0.094437       -0.051670        0.032123
     C   16       -0.051670       -0.057970       -0.130922
     C   16        0.032123       -0.130922        0.152407

     C   17        0.074134       -0.092173        0.013329
     C   17       -0.092173       -0.074857       -0.075155
     C   17        0.013329       -0.075155        0.000723

     Cl  18        0.673867       -2.519363       -0.055948
     Cl  18       -2.519363        0.218209       -1.154954
     Cl  18       -0.055948       -1.154954       -0.892076

     H   19       -0.000000        0.000000        0.000000
     H   19        0.000000        0.000000        0.000000
     H   19        0.000000        0.000000        0.000000

     C   20       -0.001981       -0.145905       -0.173723
     C   20       -0.145905       -0.082020        0.159957
     C   20       -0.173723        0.159957        0.084001

     H   21       -0.000000        0.000000        0.000000
     H   21        0.000000        0.000000        0.000000
     H   21        0.000000        0.000000        0.000000

     C   22       -0.042936        0.000072       -0.105231
     C   22        0.000072       -0.111704        0.035353
     C   22       -0.105231        0.035353        0.154640

     C   23       -0.082898        0.030386       -0.166732
     C   23        0.030386       -0.119985        0.067451
     C   23       -0.166732        0.067451        0.202883

     Cl  24        0.421636        1.533416       -1.779503
     Cl  24        1.533416       -1.220067        0.785697
     Cl  24       -1.779503        0.785697        0.798431

     ----- total EFG -----
     Cl   1       -0.805800       -1.403640       -0.455007
     Cl   1       -1.403640       -1.583014       -0.187132
     Cl   1       -0.455007       -0.187132        2.388814

     C    2        0.143745       -0.350793       -0.396659
     C    2       -0.350793       -0.282392       -0.268836
     C    2       -0.396659       -0.268836        0.138647

     C    3        0.022319        0.198044       -0.288644
     C    3        0.198044       -0.240666        0.018540
     C    3       -0.288644        0.018540        0.218347

     H    4        0.378765        0.164404        0.397172
     H    4        0.164404        0.051470       -0.011055
     H    4        0.397172       -0.011055       -0.430235

     C    5        0.129836       -0.121598       -0.164046
     C    5       -0.121598       -0.031847       -0.182896
     C    5       -0.164046       -0.182896       -0.097989

     H    6       -0.553974        0.126487        0.008778
     H    6        0.126487        0.446522        0.216348
     H    6        0.008778        0.216348        0.107453

     H    7       -0.033303       -0.018801       -0.061996
     H    7       -0.018801        0.246498       -0.371569
     H    7       -0.061996       -0.371569       -0.213195

     C    8        0.026565       -0.189485       -0.273730
     C    8       -0.189485       -0.055639        0.235067
     C    8       -0.273730        0.235067        0.029074

     H    9        0.393870       -0.050599        0.481828
     H    9       -0.050599       -0.059463       -0.241413
     H    9        0.481828       -0.241413       -0.334407

     C   10       -0.063834       -0.203577       -0.328246
     C   10       -0.203577       -0.228295        0.341814
     C   10       -0.328246        0.341814        0.292129

     C   11        0.056916        0.079494       -0.327747
     C   11        0.079494        0.168259        0.121913
     C   11       -0.327747        0.121913       -0.225174

     Cl  12        0.030370        2.164215       -0.239115
     Cl  12        2.164215       -1.197811       -0.112377
     Cl  12       -0.239115       -0.112377        1.167441

     H   13       -0.157861       -0.090515       -0.054353
     H   13       -0.090515        0.136345        0.205849
     H   13       -0.054353        0.205849        0.021516

     C   14       -0.061587        0.242728       -0.022328
     C   14        0.242728       -0.163439       -0.202851
     C   14       -0.022328       -0.202851        0.225026

     H   15        0.269010        0.170993        0.065679
     H   15        0.170993       -0.006756        0.077984
     H   15        0.065679        0.077984       -0.262253

     C   16       -0.293511       -0.176808        0.045442
     C   16       -0.176808       -0.025312       -0.265840
     C   16        0.045442       -0.265840        0.318823

     C   17        0.103602       -0.049973        0.161676
     C   17       -0.049973       -0.253753       -0.149432
     C   17        0.161676       -0.149432        0.150151

     Cl  18        0.741737       -2.801315       -0.064225
     Cl  18       -2.801315        0.256676       -1.285043
     Cl  18       -0.064225       -1.285043       -0.998413

     H   19       -0.272802        0.268827        0.179404
     H   19        0.268827        0.109940       -0.548716
     H   19        0.179404       -0.548716        0.162862

     C   20        0.077844       -0.418299       -0.393202
     C   20       -0.418299       -0.194940        0.201338
     C   20       -0.393202        0.201338        0.117095

     H   21        0.374778       -0.078986        0.623833
     H   21       -0.078986       -0.068573       -0.198237
     H   21        0.623833       -0.198237       -0.306205

     C   22        0.123511        0.103189       -0.160389
     C   22        0.103189       -0.228316       -0.050346
     C   22       -0.160389       -0.050346        0.104805

     C   23       -0.250130       -0.055464       -0.328553
     C   23       -0.055464       -0.010321        0.044973
     C   23       -0.328553        0.044973        0.260451

     Cl  24        0.496383        1.735580       -1.883712
     Cl  24        1.735580       -1.266161        0.852279
     Cl  24       -1.883712        0.852279        0.769779

     ----- total EFG (symmetrized) -----
     Cl   1       -0.805800       -1.403640       -0.455007
     Cl   1       -1.403640       -1.583014       -0.187132
     Cl   1       -0.455007       -0.187132        2.388814

     C    2        0.143745       -0.350793       -0.396659
     C    2       -0.350793       -0.282392       -0.268836
     C    2       -0.396659       -0.268836        0.138647

     C    3        0.022319        0.198044       -0.288644
     C    3        0.198044       -0.240666        0.018540
     C    3       -0.288644        0.018540        0.218347

     H    4        0.378765        0.164404        0.397172
     H    4        0.164404        0.051470       -0.011055
     H    4        0.397172       -0.011055       -0.430235

     C    5        0.129836       -0.121598       -0.164046
     C    5       -0.121598       -0.031847       -0.182896
     C    5       -0.164046       -0.182896       -0.097989

     H    6       -0.553974        0.126487        0.008778
     H    6        0.126487        0.446522        0.216348
     H    6        0.008778        0.216348        0.107453

     H    7       -0.033303       -0.018801       -0.061996
     H    7       -0.018801        0.246498       -0.371569
     H    7       -0.061996       -0.371569       -0.213195

     C    8        0.026565       -0.189485       -0.273730
     C    8       -0.189485       -0.055639        0.235067
     C    8       -0.273730        0.235067        0.029074

     H    9        0.393870       -0.050599        0.481828
     H    9       -0.050599       -0.059463       -0.241413
     H    9        0.481828       -0.241413       -0.334407

     C   10       -0.063834       -0.203577       -0.328246
     C   10       -0.203577       -0.228295        0.341814
     C   10       -0.328246        0.341814        0.292129

     C   11        0.056916        0.079494       -0.327747
     C   11        0.079494        0.168259        0.121913
     C   11       -0.327747        0.121913       -0.225174

     Cl  12        0.030370        2.164215       -0.239115
     Cl  12        2.164215       -1.197811       -0.112377
     Cl  12       -0.239115       -0.112377        1.167441

     H   13       -0.157861       -0.090515       -0.054353
     H   13       -0.090515        0.136345        0.205849
     H   13       -0.054353        0.205849        0.021516

     C   14       -0.061587        0.242728       -0.022328
     C   14        0.242728       -0.163439       -0.202851
     C   14       -0.022328       -0.202851        0.225026

     H   15        0.269010        0.170993        0.065679
     H   15        0.170993       -0.006756        0.077984
     H   15        0.065679        0.077984       -0.262253

     C   16       -0.293511       -0.176808        0.045442
     C   16       -0.176808       -0.025312       -0.265840
     C   16        0.045442       -0.265840        0.318823

     C   17        0.103602       -0.049973        0.161676
     C   17       -0.049973       -0.253753       -0.149432
     C   17        0.161676       -0.149432        0.150151

     Cl  18        0.741737       -2.801315       -0.064225
     Cl  18       -2.801315        0.256676       -1.285043
     Cl  18       -0.064225       -1.285043       -0.998413

     H   19       -0.272802        0.268827        0.179404
     H   19        0.268827        0.109940       -0.548716
     H   19        0.179404       -0.548716        0.162862

     C   20        0.077844       -0.418299       -0.393202
     C   20       -0.418299       -0.194940        0.201338
     C   20       -0.393202        0.201338        0.117095

     H   21        0.374778       -0.078986        0.623833
     H   21       -0.078986       -0.068573       -0.198237
     H   21        0.623833       -0.198237       -0.306205

     C   22        0.123511        0.103189       -0.160389
     C   22        0.103189       -0.228316       -0.050346
     C   22       -0.160389       -0.050346        0.104805

     C   23       -0.250130       -0.055464       -0.328553
     C   23       -0.055464       -0.010321        0.044973
     C   23       -0.328553        0.044973        0.260451

     Cl  24        0.496383        1.735580       -1.883712
     Cl  24        1.735580       -1.266161        0.852279
     Cl  24       -1.883712        0.852279        0.769779


     NQR/NMR SPECTROSCOPIC PARAMETERS:
     Cl   1    Vxx=    0.2341    axis=(  0.780866 -0.614665  0.111512)
     Cl   1    Vyy=    2.4524    axis=(  0.139392 -0.002565 -0.990234)
     Cl   1    Vzz=   -2.6865    axis=(  0.608948  0.788784  0.083676)
     Cl   1  Q=        -8.1650 1e-30 m^2  Cq=        51.5389 MHz  eta= 0.82571

     C    2    Vxx=    0.1647    axis=(  0.427921 -0.688127  0.585973)
     C    2    Vyy=    0.5439    axis=(  0.743534 -0.100575 -0.661091)
     C    2    Vzz=   -0.7086    axis=( -0.513849 -0.718586 -0.468608)
     C    2  Q=         1.0000 1e-30 m^2  Cq=        -1.6648 MHz  eta= 0.53517

     C    3    Vxx=   -0.0471    axis=(  0.552790  0.619107  0.557790)
     C    3    Vyy=   -0.3939    axis=(  0.568181 -0.769664  0.291185)
     C    3    Vzz=    0.4410    axis=( -0.609585 -0.155961  0.777227)
     C    3  Q=         1.0000 1e-30 m^2  Cq=         1.0362 MHz  eta= 0.78625

     H    4    Vxx=    0.0182    axis=( -0.207495  0.956008 -0.207349)
     H    4    Vyy=    0.5827    axis=( -0.897307 -0.270421 -0.348872)
     H    4    Vzz=   -0.6009    axis=( -0.389596  0.113667  0.913944)
     H    4  Q=         1.0000 1e-30 m^2  Cq=        -1.4119 MHz  eta= 0.93948

     C    5    Vxx=    0.1198    axis=(  0.096427 -0.796789  0.596515)
     C    5    Vyy=    0.2196    axis=( -0.912016  0.169307  0.373579)
     C    5    Vzz=   -0.3394    axis=( -0.398658 -0.580054 -0.710358)
     C    5  Q=         1.0000 1e-30 m^2  Cq=        -0.7975 MHz  eta= 0.29408

     H    6    Vxx=    0.0060    axis=( -0.080835 -0.420567  0.903653)
     H    6    Vyy=    0.5643    axis=(  0.104930  0.897991  0.427319)
     H    6    Vzz=   -0.5702    axis=( -0.991189  0.129363 -0.028459)
     H    6  Q=         1.0000 1e-30 m^2  Cq=        -1.3398 MHz  eta= 0.97904

     H    7    Vxx=   -0.0236    axis=(  0.987103 -0.101546 -0.123760)
     H    7    Vyy=   -0.4304    axis=(  0.157533  0.478570  0.863802)
     H    7    Vzz=    0.4540    axis=( -0.028488 -0.872158  0.488395)
     H    7  Q=         1.0000 1e-30 m^2  Cq=         1.0666 MHz  eta= 0.89604

     C    8    Vxx=   -0.2072    axis=(  0.700552  0.705045  0.110173)
     C    8    Vyy=   -0.2655    axis=(  0.390308 -0.507826  0.767966)
     C    8    Vzz=    0.4727    axis=( -0.597399  0.494999  0.630943)
     C    8  Q=         1.0000 1e-30 m^2  Cq=         1.1106 MHz  eta= 0.12335

     H    9    Vxx=   -0.0265    axis=(  0.336014  0.921155 -0.196386)
     H    9    Vyy=   -0.6408    axis=(  0.386151 -0.324914 -0.863318)
     H    9    Vzz=    0.6672    axis=( -0.859059  0.214252 -0.464881)
     H    9  Q=         1.0000 1e-30 m^2  Cq=         1.5677 MHz  eta= 0.92071

     C   10    Vxx=   -0.2592    axis=( -0.859147  0.000418 -0.511728)
     C   10    Vyy=   -0.4055    axis=( -0.208565 -0.913460  0.349417)
     C   10    Vzz=    0.6648    axis=( -0.467297  0.406929  0.784884)
     C   10  Q=         1.0000 1e-30 m^2  Cq=         1.5620 MHz  eta= 0.22005

     C   11    Vxx=    0.2012    axis=(  0.128810  0.975230  0.179817)
     C   11    Vyy=    0.2727    axis=( -0.834264  0.008540  0.551299)
     C   11    Vzz=   -0.4739    axis=(  0.536108 -0.221028  0.814700)
     C   11  Q=         1.0000 1e-30 m^2  Cq=        -1.1135 MHz  eta= 0.15076

     Cl  12    Vxx=    1.0582    axis=(  0.304508  0.246281  0.920120)
     Cl  12    Vyy=    1.7759    axis=(  0.736935  0.551121 -0.391398)
     Cl  12    Vzz=   -2.8341    axis=( -0.603492  0.797252 -0.013673)
     Cl  12  Q=        -8.1650 1e-30 m^2  Cq=        54.3711 MHz  eta= 0.25322

     H   13    Vxx=   -0.1322    axis=(  0.216424 -0.546907  0.808736)
     H   13    Vyy=   -0.1837    axis=(  0.952010  0.301849 -0.050641)
     H   13    Vzz=    0.3159    axis=( -0.216421  0.780884  0.585988)
     H   13  Q=         1.0000 1e-30 m^2  Cq=         0.7422 MHz  eta= 0.16282

     C   14    Vxx=    0.0444    axis=(  0.762843  0.381129  0.522313)
     C   14    Vyy=    0.3515    axis=( -0.323242 -0.474821  0.818572)
     C   14    Vzz=   -0.3959    axis=(  0.559986 -0.793275 -0.239018)
     C   14  Q=         1.0000 1e-30 m^2  Cq=        -0.9302 MHz  eta= 0.77572

     H   15    Vxx=   -0.0798    axis=(  0.461546 -0.863582 -0.202981)
     H   15    Vyy=   -0.2848    axis=( -0.038239 -0.247964  0.968014)
     H   15    Vzz=    0.3646    axis=( -0.886292 -0.439021 -0.147469)
     H   15  Q=         1.0000 1e-30 m^2  Cq=         0.8568 MHz  eta= 0.56223

     C   16    Vxx=   -0.0921    axis=( -0.500263  0.700706  0.508673)
     C   16    Vyy=   -0.3920    axis=( -0.850300 -0.508475 -0.135809)
     C   16    Vzz=    0.4840    axis=(  0.163485 -0.500464  0.850181)
     C   16  Q=         1.0000 1e-30 m^2  Cq=         1.1373 MHz  eta= 0.61960

     C   17    Vxx=   -0.0243    axis=( -0.797578 -0.197498  0.569968)
     C   17    Vyy=   -0.3031    axis=( -0.009068  0.948702  0.316042)
     C   17    Vzz=    0.3274    axis=(  0.603147 -0.246900  0.758455)
     C   17  Q=         1.0000 1e-30 m^2  Cq=         0.7692 MHz  eta= 0.85148

     Cl  18    Vxx=   -0.5986    axis=(  0.464603  0.241826 -0.851859)
     Cl  18    Vyy=   -2.8694    axis=( -0.540069 -0.684981 -0.489005)
     Cl  18    Vzz=    3.4680    axis=( -0.701762  0.687256 -0.187642)
     Cl  18  Q=        -8.1650 1e-30 m^2  Cq=       -66.5313 MHz  eta= 0.65479

     H   19    Vxx=   -0.0195    axis=(  0.775892  0.412377  0.477427)
     H   19    Vyy=   -0.6698    axis=( -0.627639  0.581033  0.518142)
     H   19    Vzz=    0.6893    axis=( -0.063731 -0.701674  0.709642)
     H   19  Q=         1.0000 1e-30 m^2  Cq=         1.6196 MHz  eta= 0.94333

     C   20    Vxx=   -0.1970    axis=(  0.375743 -0.491602  0.785586)
     C   20    Vyy=   -0.5097    axis=(  0.641937  0.749457  0.161957)
     C   20    Vzz=    0.7067    axis=( -0.668381  0.443443  0.597181)
     C   20  Q=         1.0000 1e-30 m^2  Cq=         1.6604 MHz  eta= 0.44257

     H   21    Vxx=   -0.0752    axis=(  0.275728  0.958098 -0.077599)
     H   21    Vyy=   -0.7039    axis=( -0.478409  0.206802  0.853439)
     H   21    Vzz=    0.7792    axis=(  0.833726 -0.198193  0.515384)
     H   21  Q=         1.0000 1e-30 m^2  Cq=         1.8308 MHz  eta= 0.80685

     C   22    Vxx=   -0.0413    axis=(  0.639677  0.150016  0.753862)
     C   22    Vyy=   -0.2565    axis=( -0.253185  0.967159  0.022375)
     C   22    Vzz=    0.2978    axis=( -0.725748 -0.205179  0.656651)
     C   22  Q=         1.0000 1e-30 m^2  Cq=         0.6997 MHz  eta= 0.72258

     C   23    Vxx=   -0.0176    axis=( -0.003687  0.986467 -0.163919)
     C   23    Vyy=   -0.4132    axis=( -0.898214 -0.075317 -0.433057)
     C   23    Vzz=    0.4308    axis=( -0.439543  0.145638  0.886336)
     C   23  Q=         1.0000 1e-30 m^2  Cq=         1.0121 MHz  eta= 0.91835

     Cl  24    Vxx=    0.5147    axis=(  0.391228  0.678711  0.621524)
     Cl  24    Vyy=    2.6252    axis=(  0.730557  0.181667 -0.658242)
     Cl  24    Vzz=   -3.1400    axis=( -0.559666  0.711582 -0.424764)
     Cl  24  Q=        -8.1650 1e-30 m^2  Cq=        60.2386 MHz  eta= 0.67213

     Initialization:
     gipaw_setup  :      9.04s CPU     10.86s WALL (       1 calls)

     Linear response

     Apply operators

     Induced current

     Other routines
     efg          :      9.08s CPU     11.40s WALL (       1 calls)

     General routines
     calbec       :      3.22s CPU      4.00s WALL (      16 calls)
     fft          :      1.67s CPU      2.68s WALL (      15 calls)
     ffts         :      0.04s CPU      0.05s WALL (       2 calls)
     fftw         :      3.15s CPU      3.94s WALL (     672 calls)
     davcio       :      0.01s CPU      0.33s WALL (      32 calls)

     Parallel routines
     fft_scatter  :      2.24s CPU      3.70s WALL (     689 calls)

     Plugins

     GIPAW        :     61.56s CPU     74.30s WALL (       1 calls)
