
     Program QE v.6.0 (svn rev. 13079) starts on 28Dec2016 at  7:57: 8 

     This program is part of the open-source Quantum ESPRESSO suite
     for quantum simulation of materials; please cite
         "P. Giannozzi et al., J. Phys.:Condens. Matter 21 395502 (2009);
          URL http://www.quantum-espresso.org", 
     in publications or presentations arising from this work. More details at
     http://www.quantum-espresso.org/quote

     Parallel version (MPI), running on     8 processors
     R & G space division:  proc/nbgrp/npool/nimage =       8

     ***** This is GIPAW svn revision unknown      *****

     Parallelizing q-star over 1 images

     Reading data from directory:
     /users/majewski/paradichlorobenzene/pbe/9_constraint/scratch/pbe.ecut100.np8.dt60.pcl2phi-129368.save
     Message from routine read_xml_file:
     file /users/majewski/paradichlorobenzene/pbe/9_constraint/scratch/pbe.ecut100.np8.dt60.pcl2phi-129368.save not guaranteed to be safe for post-processing

   Info: using nr1, nr2, nr3 values from input

   Info: using nr1, nr2, nr3 values from input

     IMPORTANT: XC functional enforced from input :
     Exchange-correlation      =  SLA  PW   PBX  PBC ( 1  4  3  4 0 0)
     Any further DFT definition will be discarded
     Please, verify this is what you really want

               file C.pbe-n-kjpaw_psl.1.0.0.UPF: wavefunction(s)  2S 2P renormalized
               file Cl.pbe-n-kjpaw_psl.1.0.0.UPF: wavefunction(s)  3S 3P renormalized
               file H.pbe-kjpaw_psl.1.0.0.UPF: wavefunction(s)  1S renormalized

     Parallelization info
     --------------------
     sticks:   dense  smooth     PW     G-vecs:    dense   smooth      PW
     Min        3057    1223    332               144436    36536    5170
     Max        3059    1225    333               144437    36537    5171
     Sum       24467    9791   2657              1155489   292295   41363


     Subspace diagonalization in iterative solution of the eigenvalue problem:
     a serial algorithm will be used

     GIPAW projectors -----------------------------------------------
     atom=  C    l=0  rc=    1.2000  rs=    0.8000
     atom=  C    l=0  rc=    1.2000  rs=    0.8000
     atom=  C    l=1  rc=    1.4000  rs=    0.9333
     atom=  C    l=1  rc=    1.4000  rs=    0.9333
     projs nearly linearly dependent: l=1  n1,n2= 1, 2  s=  0.99951561

     atom=  Cl   l=0  rc=    1.6000  rs=    1.0667
     atom=  Cl   l=0  rc=    1.6000  rs=    1.0667
     atom=  Cl   l=1  rc=    1.6000  rs=    1.0667
     atom=  Cl   l=1  rc=    1.6000  rs=    1.0667
     atom=  Cl   l=2  rc=    1.6000  rs=    1.0667
     atom=  Cl   l=2  rc=    1.6000  rs=    1.0667
     projs nearly linearly dependent: l=2  n1,n2= 1, 2  s=  0.99993509

     atom=  H    l=0  rc=    1.0000  rs=    0.6667
     atom=  H    l=0  rc=    1.0000  rs=    0.6667
     projs nearly linearly dependent: l=0  n1,n2= 1, 2  s=  0.99968852
     -----------------------------------------------------------------

     GIPAW integrals: -------------------------------------------
     Atom  i/j   nmr_para   nmr_dia   epr_rmc  epr_para   epr_dia
       C   1 1   0.83E+03  0.17E-01  0.93E+01  0.24E+08  0.24E+03
       C   2 1   0.86E+03 -0.61E-01  0.94E+01  0.25E+08  0.25E+03
       C   2 2   0.90E+03 -0.15E+00  0.97E+01  0.26E+08  0.26E+03
       C   3 3   0.33E+01  0.34E+00  0.18E+01  0.55E+03  0.21E+02
       C   4 3   0.35E+01  0.37E+00  0.20E+01  0.59E+03  0.22E+02
       C   4 4   0.38E+01  0.39E+00  0.22E+01  0.63E+03  0.24E+02
       Cl  1 1   0.14E+04 -0.47E+00  0.84E+01  0.32E+09  0.42E+03
       Cl  2 1   0.21E+04 -0.37E+00  0.12E+02  0.49E+09  0.65E+03
       Cl  2 2   0.33E+04 -0.16E+00  0.21E+02  0.76E+09  0.10E+04
       Cl  3 3   0.21E+02  0.79E-01  0.89E+01  0.23E+05  0.13E+03
       Cl  4 3   0.24E+02  0.67E-01  0.99E+01  0.27E+05  0.15E+03
       Cl  4 4   0.28E+02  0.44E-01  0.11E+02  0.32E+05  0.18E+03
       Cl  5 5   0.77E+00  0.19E+00  0.18E+01  0.12E+03  0.22E+02
       Cl  6 5   0.80E+00  0.19E+00  0.19E+01  0.12E+03  0.23E+02
       Cl  6 6   0.83E+00  0.20E+00  0.19E+01  0.12E+03  0.23E+02
       H   1 1   0.39E+02  0.19E+00  0.29E+00  0.78E+05  0.13E+02
       H   2 1   0.41E+02  0.21E+00  0.32E+00  0.82E+05  0.14E+02
       H   2 2   0.43E+02  0.22E+00  0.36E+00  0.86E+05  0.15E+02
     ------------------------------------------------------------

     alpha_pv=     34.0324 eV

     Number of occupied bands for each k-point:
     k-point:     1    nbnd_occ=  42
     k-point:     2    nbnd_occ=  42
     k-point:     3    nbnd_occ=  42
     k-point:     4    nbnd_occ=  42
     k-point:     5    nbnd_occ=  42
     k-point:     6    nbnd_occ=  42
     k-point:     7    nbnd_occ=  42
     k-point:     8    nbnd_occ=  42
     k-point:     9    nbnd_occ=  42
     k-point:    10    nbnd_occ=  42
     k-point:    11    nbnd_occ=  42
     k-point:    12    nbnd_occ=  42
     k-point:    13    nbnd_occ=  42
     k-point:    14    nbnd_occ=  42
     k-point:    15    nbnd_occ=  42
     k-point:    16    nbnd_occ=  42


     q-space interpolation up to   110.00 Rydberg

     GIPAW job: efg                                                                             


     ELECTRIC FIELD GRADIENTS TENSORS IN Hartree/bohrradius^2:

     ----- bare term -----
     Cl   1       -0.040413        0.053458       -0.040308
     Cl   1        0.053458       -0.015966       -0.002178
     Cl   1       -0.040308       -0.002178        0.056379

     C    2       -0.187536        0.065641       -0.346166
     C    2        0.065641       -0.120220       -0.531813
     C    2       -0.346166       -0.531813        0.307755

     C    3       -0.148382        0.376056       -0.294314
     C    3        0.376056       -0.224432       -0.460734
     C    3       -0.294314       -0.460734        0.372814

     H    4        0.162648       -0.075923       -0.267880
     H    4       -0.075923        0.382237        0.163160
     H    4       -0.267880        0.163160       -0.544885

     C    5       -0.340338        0.233891       -0.383854
     C    5        0.233891       -0.077307       -0.434469
     C    5       -0.383854       -0.434469        0.417645

     H    6        0.340632       -0.019282        0.333440
     H    6       -0.019282        0.086591       -0.331454
     H    6        0.333440       -0.331454       -0.427224

     H    7        0.333187        0.340052        0.183015
     H    7        0.340052       -0.539377        0.042622
     H    7        0.183015        0.042622        0.206189

     C    8       -0.680687       -0.253351       -0.436358
     C    8       -0.253351        0.020590        0.140277
     C    8       -0.436358        0.140277        0.660096

     H    9       -0.491788        0.407389       -0.058095
     H    9        0.407389        0.308840        0.002542
     H    9       -0.058095        0.002542        0.182947

     C   10       -0.085725       -0.156320       -0.262571
     C   10       -0.156320       -0.476785        0.463037
     C   10       -0.262571        0.463037        0.562510

     C   11       -0.409838       -0.153117       -0.384669
     C   11       -0.153117        0.104344        0.289192
     C   11       -0.384669        0.289192        0.305494

     Cl  12       -0.050577        0.009371       -0.133627
     Cl  12        0.009371       -0.079829        0.075813
     Cl  12       -0.133627        0.075813        0.130406

     H   13        0.475038       -0.020044        0.114616
     H   13       -0.020044        0.128977       -0.216734
     H   13        0.114616       -0.216734       -0.604014

     C   14       -0.222603        0.179131       -0.202515
     C   14        0.179131        0.014308       -0.264880
     C   14       -0.202515       -0.264880        0.208294

     H   15        0.153669       -0.074778       -0.304790
     H   15       -0.074778        0.387791        0.162865
     H   15       -0.304790        0.162865       -0.541460

     C   16       -0.018998        0.296051       -0.141932
     C   16        0.296051       -0.138795       -0.262280
     C   16       -0.141932       -0.262280        0.157793

     C   17       -0.252259        0.190951       -0.463203
     C   17        0.190951       -0.048278       -0.502642
     C   17       -0.463203       -0.502642        0.300538

     Cl  18       -0.082385        0.054835       -0.105779
     Cl  18        0.054835       -0.037384       -0.115698
     Cl  18       -0.105779       -0.115698        0.119769

     H   19        0.406551        0.162802       -0.045322
     H   19        0.162802       -0.667732        0.398358
     H   19       -0.045322        0.398358        0.261182

     C   20       -0.212772       -0.262102       -0.262311
     C   20       -0.262102       -0.068950        0.496875
     C   20       -0.262311        0.496875        0.281722

     H   21       -0.345554        0.448576       -0.327690
     H   21        0.448576        0.034963        0.128353
     H   21       -0.327690        0.128353        0.310590

     C   22       -0.308625       -0.323729       -0.309915
     C   22       -0.323729       -0.103431        0.484901
     C   22       -0.309915        0.484901        0.412056

     C   23       -0.125123       -0.026784       -0.335468
     C   23       -0.026784       -0.125188        0.573456
     C   23       -0.335468        0.573456        0.250311

     Cl  24       -0.074106       -0.062022       -0.036719
     Cl  24       -0.062022        0.026252        0.070542
     Cl  24       -0.036719        0.070542        0.047854

     ----- ionic term -----
     Cl   1        0.128341       -0.242443        0.025120
     Cl   1       -0.242443        0.022903       -0.013214
     Cl   1        0.025120       -0.013214       -0.151244

     C    2        0.087216       -0.340609        0.265635
     C    2       -0.340609       -0.040603        0.361901
     C    2        0.265635        0.361901       -0.046613

     C    3        0.040439       -0.385880        0.175509
     C    3       -0.385880       -0.000823        0.355661
     C    3        0.175509        0.355661       -0.039616

     H    4        0.187847        0.055049        0.782839
     H    4        0.055049       -0.550705        0.127690
     H    4        0.782839        0.127690        0.362858

     C    5        0.135194       -0.350496        0.275183
     C    5       -0.350496       -0.059287        0.255922
     C    5        0.275183        0.255922       -0.075907

     H    6       -0.531854       -0.100085       -0.059214
     H    6       -0.100085        0.408856        0.778699
     H    6       -0.059214        0.778699        0.122998

     H    7       -0.460005       -0.267401        0.107828
     H    7       -0.267401        0.878519       -0.489922
     H    7        0.107828       -0.489922       -0.418514

     C    8        0.424143        0.080268        0.237935
     C    8        0.080268        0.086822       -0.251548
     C    8        0.237935       -0.251548       -0.510966

     H    9        0.632586       -0.440995        0.570604
     H    9       -0.440995       -0.327742       -0.276392
     H    9        0.570604       -0.276392       -0.304844

     C   10        0.201998        0.139953        0.171453
     C   10        0.139953        0.231238       -0.345723
     C   10        0.171453       -0.345723       -0.433236

     C   11        0.306705        0.008005        0.255631
     C   11        0.008005        0.102373       -0.373477
     C   11        0.255631       -0.373477       -0.409078

     Cl  12        0.162047        0.178433       -0.012954
     Cl  12        0.178433       -0.033501       -0.010405
     Cl  12       -0.012954       -0.010405       -0.128546

     H   13       -0.534401        0.070535        0.077155
     H   13        0.070535        0.416403        0.792320
     H   13        0.077155        0.792320        0.117998

     C   14        0.150812       -0.287627        0.279729
     C   14       -0.287627       -0.036690        0.284670
     C   14        0.279729        0.284670       -0.114123

     H   15        0.418344        0.161729        0.779411
     H   15        0.161729       -0.500335        0.213551
     H   15        0.779411        0.213551        0.081992

     C   16        0.103014       -0.355467        0.175989
     C   16       -0.355467        0.048345        0.364315
     C   16        0.175989        0.364315       -0.151359

     C   17        0.094773       -0.328009        0.294311
     C   17       -0.328009       -0.047945        0.333186
     C   17        0.294311        0.333186       -0.046828

     Cl  18        0.140817       -0.229943        0.021594
     Cl  18       -0.229943       -0.005104       -0.007411
     Cl  18        0.021594       -0.007411       -0.135713

     H   19       -0.527117       -0.072379        0.040806
     H   19       -0.072379        0.652521       -0.708865
     H   19        0.040806       -0.708865       -0.125404

     C   20        0.313039        0.102570        0.245366
     C   20        0.102570        0.073145       -0.324844
     C   20        0.245366       -0.324844       -0.386185

     H   21        0.543507       -0.377028        0.667038
     H   21       -0.377028       -0.375302       -0.294747
     H   21        0.667038       -0.294747       -0.168206

     C   22        0.124104        0.163363        0.177148
     C   22        0.163363        0.239417       -0.399532
     C   22        0.177148       -0.399532       -0.363520

     C   23        0.320730        0.098268        0.215575
     C   23        0.098268        0.134187       -0.380176
     C   23        0.215575       -0.380176       -0.454917

     Cl  24        0.139791        0.209002       -0.003855
     Cl  24        0.209002        0.011536       -0.007708
     Cl  24       -0.003855       -0.007708       -0.151327

     ----- GIPAW term -----
     Cl   1        1.287441       -2.151483       -0.313882
     Cl   1       -2.151483        0.025965       -0.011013
     Cl   1       -0.313882       -0.011013       -1.313406

     C    2        0.046006       -0.117405       -0.077823
     C    2       -0.117405       -0.016171       -0.098611
     C    2       -0.077823       -0.098611       -0.029835

     C    3       -0.071673        0.106351       -0.168802
     C    3        0.106351       -0.073520       -0.165093
     C    3       -0.168802       -0.165093        0.145193

     H    4       -0.000000        0.000000        0.000000
     H    4        0.000000        0.000000        0.000000
     H    4        0.000000        0.000000        0.000000

     C    5       -0.086585        0.072862       -0.149961
     C    5        0.072862       -0.089512       -0.171019
     C    5       -0.149961       -0.171019        0.176097

     H    6       -0.000000        0.000000        0.000000
     H    6        0.000000        0.000000        0.000000
     H    6        0.000000        0.000000        0.000000

     H    7       -0.000000        0.000000        0.000000
     H    7        0.000000        0.000000        0.000000
     H    7        0.000000        0.000000        0.000000

     C    8       -0.186867       -0.025326       -0.105161
     C    8       -0.025326       -0.065374       -0.057353
     C    8       -0.105161       -0.057353        0.252241

     H    9       -0.000000        0.000000        0.000000
     H    9        0.000000        0.000000        0.000000
     H    9        0.000000        0.000000        0.000000

     C   10       -0.082892        0.008191       -0.136675
     C   10        0.008191       -0.160815        0.014967
     C   10       -0.136675        0.014967        0.243707

     C   11       -0.024209        0.028146       -0.019716
     C   11        0.028146        0.078694       -0.044934
     C   11       -0.019716       -0.044934       -0.054485

     Cl  12        0.774415        1.835827       -1.542486
     Cl  12        1.835827       -0.958212        0.658585
     Cl  12       -1.542486        0.658585        0.183797

     H   13       -0.000000        0.000000        0.000000
     H   13        0.000000        0.000000        0.000000
     H   13        0.000000        0.000000        0.000000

     C   14       -0.066479        0.047667       -0.091633
     C   14        0.047667       -0.058232       -0.119955
     C   14       -0.091633       -0.119955        0.124711

     H   15       -0.000000        0.000000        0.000000
     H   15        0.000000        0.000000        0.000000
     H   15        0.000000        0.000000        0.000000

     C   16       -0.035503        0.066804       -0.097352
     C   16        0.066804       -0.038643       -0.096913
     C   16       -0.097352       -0.096913        0.074146

     C   17       -0.033597       -0.005078       -0.138776
     C   17       -0.005078        0.046461       -0.191060
     C   17       -0.138776       -0.191060       -0.012864

     Cl  18        0.613690       -1.705208       -0.824317
     Cl  18       -1.705208       -0.153914       -1.074122
     Cl  18       -0.824317       -1.074122       -0.459776

     H   19       -0.000000        0.000000        0.000000
     H   19        0.000000        0.000000        0.000000
     H   19        0.000000        0.000000        0.000000

     C   20       -0.055533       -0.111984       -0.043434
     C   20       -0.111984        0.099151        0.147187
     C   20       -0.043434        0.147187       -0.043618

     H   21       -0.000000        0.000000        0.000000
     H   21        0.000000        0.000000        0.000000
     H   21        0.000000        0.000000        0.000000

     C   22       -0.095427       -0.098449       -0.122240
     C   22       -0.098449        0.031870        0.144192
     C   22       -0.122240        0.144192        0.063557

     C   23        0.051996        0.119603       -0.066324
     C   23        0.119603        0.013536        0.106832
     C   23       -0.066324        0.106832       -0.065531

     Cl  24        0.962863        1.951687       -0.322358
     Cl  24        1.951687        0.293792        0.550746
     Cl  24       -0.322358        0.550746       -1.256655

     ----- total EFG -----
     Cl   1        1.375370       -2.340468       -0.329070
     Cl   1       -2.340468        0.032902       -0.026405
     Cl   1       -0.329070       -0.026405       -1.408271

     C    2       -0.054314       -0.392373       -0.158354
     C    2       -0.392373       -0.176994       -0.268523
     C    2       -0.158354       -0.268523        0.231307

     C    3       -0.179616        0.096526       -0.287607
     C    3        0.096526       -0.298775       -0.270167
     C    3       -0.287607       -0.270167        0.478391

     H    4        0.350496       -0.020873        0.514959
     H    4       -0.020873       -0.168469        0.290850
     H    4        0.514959        0.290850       -0.182027

     C    5       -0.291729       -0.043743       -0.258631
     C    5       -0.043743       -0.226106       -0.349566
     C    5       -0.258631       -0.349566        0.517834

     H    6       -0.191221       -0.119367        0.274225
     H    6       -0.119367        0.495447        0.447245
     H    6        0.274225        0.447245       -0.304226

     H    7       -0.126817        0.072651        0.290843
     H    7        0.072651        0.339142       -0.447300
     H    7        0.290843       -0.447300       -0.212325

     C    8       -0.443410       -0.198410       -0.303584
     C    8       -0.198410        0.042039       -0.168624
     C    8       -0.303584       -0.168624        0.401371

     H    9        0.140798       -0.033606        0.512509
     H    9       -0.033606       -0.018902       -0.273850
     H    9        0.512509       -0.273850       -0.121897

     C   10        0.033381       -0.008177       -0.227793
     C   10       -0.008177       -0.406362        0.132281
     C   10       -0.227793        0.132281        0.372981

     C   11       -0.127341       -0.116966       -0.148754
     C   11       -0.116966        0.285411       -0.129220
     C   11       -0.148754       -0.129220       -0.158070

     Cl  12        0.885885        2.023630       -1.689066
     Cl  12        2.023630       -1.071542        0.723993
     Cl  12       -1.689066        0.723993        0.185656

     H   13       -0.059364        0.050491        0.191771
     H   13        0.050491        0.545380        0.575585
     H   13        0.191771        0.575585       -0.486016

     C   14       -0.138270       -0.060828       -0.014419
     C   14       -0.060828       -0.080613       -0.100164
     C   14       -0.014419       -0.100164        0.218883

     H   15        0.572013        0.086951        0.474621
     H   15        0.086951       -0.112545        0.376416
     H   15        0.474621        0.376416       -0.459468

     C   16        0.048513        0.007388       -0.063295
     C   16        0.007388       -0.129094        0.005122
     C   16       -0.063295        0.005122        0.080580

     C   17       -0.191083       -0.142137       -0.307668
     C   17       -0.142137       -0.049762       -0.360517
     C   17       -0.307668       -0.360517        0.240845

     Cl  18        0.672122       -1.880317       -0.908502
     Cl  18       -1.880317       -0.196402       -1.197231
     Cl  18       -0.908502       -1.197231       -0.475720

     H   19       -0.120566        0.090424       -0.004517
     H   19        0.090424       -0.015212       -0.310507
     H   19       -0.004517       -0.310507        0.135778

     C   20        0.044734       -0.271516       -0.060378
     C   20       -0.271516        0.103347        0.319218
     C   20       -0.060378        0.319218       -0.148081

     H   21        0.197954        0.071548        0.339348
     H   21        0.071548       -0.340338       -0.166394
     H   21        0.339348       -0.166394        0.142385

     C   22       -0.279949       -0.258816       -0.255007
     C   22       -0.258816        0.167856        0.229561
     C   22       -0.255007        0.229561        0.112093

     C   23        0.247603        0.191086       -0.186217
     C   23        0.191086        0.022535        0.300112
     C   23       -0.186217        0.300112       -0.270137

     Cl  24        1.028548        2.098667       -0.362931
     Cl  24        2.098667        0.331580        0.613580
     Cl  24       -0.362931        0.613580       -1.360128

     ----- total EFG (symmetrized) -----
     Cl   1        1.375370       -2.340468       -0.329070
     Cl   1       -2.340468        0.032902       -0.026405
     Cl   1       -0.329070       -0.026405       -1.408271

     C    2       -0.054314       -0.392373       -0.158354
     C    2       -0.392373       -0.176994       -0.268523
     C    2       -0.158354       -0.268523        0.231307

     C    3       -0.179616        0.096526       -0.287607
     C    3        0.096526       -0.298775       -0.270167
     C    3       -0.287607       -0.270167        0.478391

     H    4        0.350496       -0.020873        0.514959
     H    4       -0.020873       -0.168469        0.290850
     H    4        0.514959        0.290850       -0.182027

     C    5       -0.291729       -0.043743       -0.258631
     C    5       -0.043743       -0.226106       -0.349566
     C    5       -0.258631       -0.349566        0.517834

     H    6       -0.191221       -0.119367        0.274225
     H    6       -0.119367        0.495447        0.447245
     H    6        0.274225        0.447245       -0.304226

     H    7       -0.126817        0.072651        0.290843
     H    7        0.072651        0.339142       -0.447300
     H    7        0.290843       -0.447300       -0.212325

     C    8       -0.443410       -0.198410       -0.303584
     C    8       -0.198410        0.042039       -0.168624
     C    8       -0.303584       -0.168624        0.401371

     H    9        0.140798       -0.033606        0.512509
     H    9       -0.033606       -0.018902       -0.273850
     H    9        0.512509       -0.273850       -0.121897

     C   10        0.033381       -0.008177       -0.227793
     C   10       -0.008177       -0.406362        0.132281
     C   10       -0.227793        0.132281        0.372981

     C   11       -0.127341       -0.116966       -0.148754
     C   11       -0.116966        0.285411       -0.129220
     C   11       -0.148754       -0.129220       -0.158070

     Cl  12        0.885885        2.023630       -1.689066
     Cl  12        2.023630       -1.071542        0.723993
     Cl  12       -1.689066        0.723993        0.185656

     H   13       -0.059364        0.050491        0.191771
     H   13        0.050491        0.545380        0.575585
     H   13        0.191771        0.575585       -0.486016

     C   14       -0.138270       -0.060828       -0.014419
     C   14       -0.060828       -0.080613       -0.100164
     C   14       -0.014419       -0.100164        0.218883

     H   15        0.572013        0.086951        0.474621
     H   15        0.086951       -0.112545        0.376416
     H   15        0.474621        0.376416       -0.459468

     C   16        0.048513        0.007388       -0.063295
     C   16        0.007388       -0.129094        0.005122
     C   16       -0.063295        0.005122        0.080580

     C   17       -0.191083       -0.142137       -0.307668
     C   17       -0.142137       -0.049762       -0.360517
     C   17       -0.307668       -0.360517        0.240845

     Cl  18        0.672122       -1.880317       -0.908502
     Cl  18       -1.880317       -0.196402       -1.197231
     Cl  18       -0.908502       -1.197231       -0.475720

     H   19       -0.120566        0.090424       -0.004517
     H   19        0.090424       -0.015212       -0.310507
     H   19       -0.004517       -0.310507        0.135778

     C   20        0.044734       -0.271516       -0.060378
     C   20       -0.271516        0.103347        0.319218
     C   20       -0.060378        0.319218       -0.148081

     H   21        0.197954        0.071548        0.339348
     H   21        0.071548       -0.340338       -0.166394
     H   21        0.339348       -0.166394        0.142385

     C   22       -0.279949       -0.258816       -0.255007
     C   22       -0.258816        0.167856        0.229561
     C   22       -0.255007        0.229561        0.112093

     C   23        0.247603        0.191086       -0.186217
     C   23        0.191086        0.022535        0.300112
     C   23       -0.186217        0.300112       -0.270137

     Cl  24        1.028548        2.098667       -0.362931
     Cl  24        2.098667        0.331580        0.613580
     Cl  24       -0.362931        0.613580       -1.360128


     NQR/NMR SPECTROSCOPIC PARAMETERS:
     Cl   1    Vxx=   -1.3083    axis=( -0.237478 -0.396955  0.886584)
     Cl   1    Vyy=   -1.8440    axis=( -0.552543 -0.695458 -0.459384)
     Cl   1    Vzz=    3.1524    axis=( -0.798937  0.598969  0.054179)
     Cl   1  Q=        -8.1650 1e-30 m^2  Cq=       -60.4763 MHz  eta= 0.16995

     C    2    Vxx=    0.2526    axis=(  0.779401 -0.423060 -0.462120)
     C    2    Vyy=    0.3709    axis=(  0.192886 -0.539740  0.819436)
     C    2    Vzz=   -0.6235    axis=(  0.596095  0.727806  0.339071)
     C    2  Q=         1.0000 1e-30 m^2  Cq=        -1.4649 MHz  eta= 0.18982

     C    3    Vxx=   -0.2874    axis=(  0.940225 -0.043536  0.337759)
     C    3    Vyy=   -0.3838    axis=(  0.056682 -0.957955 -0.281263)
     C    3    Vzz=    0.6712    axis=( -0.335803 -0.283596  0.898226)
     C    3  Q=         1.0000 1e-30 m^2  Cq=         1.5771 MHz  eta= 0.14363

     H    4    Vxx=   -0.0445    axis=(  0.393397 -0.855599 -0.336436)
     H    4    Vyy=   -0.6418    axis=(  0.409478  0.490704 -0.769115)
     H    4    Vzz=    0.6863    axis=(  0.823144  0.164805  0.543390)
     H    4  Q=         1.0000 1e-30 m^2  Cq=         1.6124 MHz  eta= 0.87030

     C    5    Vxx=   -0.2207    axis=(  0.714666 -0.695024 -0.078698)
     C    5    Vyy=   -0.4869    axis=(  0.663095  0.637396  0.392469)
     C    5    Vzz=    0.7076    axis=( -0.222614 -0.332669  0.916392)
     C    5  Q=         1.0000 1e-30 m^2  Cq=         1.6625 MHz  eta= 0.37615

     H    6    Vxx=   -0.0102    axis=(  0.855487 -0.214795  0.471175)
     H    6    Vyy=   -0.6853    axis=(  0.517812  0.348313 -0.781376)
     H    6    Vzz=    0.6955    axis=(  0.003719  0.912437  0.409200)
     H    6  Q=         1.0000 1e-30 m^2  Cq=         1.6342 MHz  eta= 0.97062

     H    7    Vxx=    0.0317    axis=(  0.856492  0.349826  0.379529)
     H    7    Vyy=    0.5984    axis=(  0.120286 -0.850326  0.512324)
     H    7    Vzz=   -0.6301    axis=(  0.501948 -0.393150 -0.770377)
     H    7  Q=         1.0000 1e-30 m^2  Cq=        -1.4805 MHz  eta= 0.89927

     C    8    Vxx=    0.1061    axis=(  0.393474 -0.911954 -0.116266)
     C    8    Vyy=    0.5225    axis=( -0.249143 -0.227511  0.941364)
     C    8    Vzz=   -0.6286    axis=( -0.884933 -0.341436 -0.316727)
     C    8  Q=         1.0000 1e-30 m^2  Cq=        -1.4770 MHz  eta= 0.66228

     H    9    Vxx=   -0.0121    axis=(  0.456757  0.886153 -0.078137)
     H    9    Vyy=   -0.5908    axis=( -0.528794  0.341090  0.777196)
     H    9    Vzz=    0.6029    axis=(  0.715367 -0.313671  0.624388)
     H    9  Q=         1.0000 1e-30 m^2  Cq=         1.4165 MHz  eta= 0.95994

     C   10    Vxx=   -0.0734    axis=( -0.898084 -0.143167 -0.415870)
     C   10    Vyy=   -0.4303    axis=( -0.072085  0.980665 -0.181934)
     C   10    Vzz=    0.5037    axis=( -0.433876  0.133414  0.891040)
     C   10  Q=         1.0000 1e-30 m^2  Cq=         1.1835 MHz  eta= 0.70854

     C   11    Vxx=    0.0068    axis=(  0.742233  0.000793 -0.670141)
     C   11    Vyy=    0.3339    axis=( -0.180267  0.963376 -0.198521)
     C   11    Vzz=   -0.3408    axis=(  0.645440  0.268153  0.715193)
     C   11  Q=         1.0000 1e-30 m^2  Cq=        -0.8007 MHz  eta= 0.95985

     Cl  12    Vxx=    0.3968    axis=( -0.163754 -0.608516 -0.776462)
     Cl  12    Vyy=    2.6891    axis=( -0.819503 -0.354257  0.450463)
     Cl  12    Vzz=   -3.0859    axis=( -0.549181  0.710078 -0.440670)
     Cl  12  Q=        -8.1650 1e-30 m^2  Cq=        59.2023 MHz  eta= 0.74281

     H   13    Vxx=   -0.0435    axis=(  0.966573 -0.216742  0.136964)
     H   13    Vyy=   -0.7769    axis=( -0.213258 -0.383093  0.898755)
     H   13    Vzz=    0.8204    axis=( -0.142328 -0.897921 -0.416510)
     H   13  Q=         1.0000 1e-30 m^2  Cq=         1.9276 MHz  eta= 0.89392

     C   14    Vxx=   -0.0608    axis=( -0.627008  0.743100  0.233802)
     C   14    Vyy=   -0.1885    axis=(  0.778945  0.602012  0.175575)
     C   14    Vzz=    0.2493    axis=(  0.010282 -0.292206  0.956300)
     C   14  Q=         1.0000 1e-30 m^2  Cq=         0.5858 MHz  eta= 0.51228

     H   15    Vxx=   -0.0130    axis=(  0.386905 -0.865435 -0.318319)
     H   15    Vyy=   -0.7997    axis=(  0.269419  0.436235 -0.858552)
     H   15    Vzz=    0.8126    axis=(  0.881883  0.246417  0.401946)
     H   15  Q=         1.0000 1e-30 m^2  Cq=         1.9094 MHz  eta= 0.96809

     C   16    Vxx=   -0.0001    axis=( -0.787097 -0.069429 -0.612910)
     C   16    Vyy=   -0.1297    axis=(  0.055959 -0.997585  0.041141)
     C   16    Vzz=    0.1298    axis=( -0.614286 -0.001916  0.789081)
     C   16  Q=         1.0000 1e-30 m^2  Cq=         0.3051 MHz  eta= 0.99811

     C   17    Vxx=    0.0156    axis=(  0.703195 -0.694698 -0.151364)
     C   17    Vyy=    0.5337    axis=(  0.269859  0.457740 -0.847142)
     C   17    Vzz=   -0.5492    axis=(  0.657794  0.554859  0.509351)
     C   17  Q=         1.0000 1e-30 m^2  Cq=        -1.2904 MHz  eta= 0.94333

     Cl  18    Vxx=    0.5366    axis=( -0.361550 -0.426616  0.829024)
     Cl  18    Vyy=    2.1682    axis=( -0.778481  0.627448 -0.016623)
     Cl  18    Vzz=   -2.7048    axis=( -0.513078 -0.651389 -0.558966)
     Cl  18  Q=        -8.1650 1e-30 m^2  Cq=        51.8908 MHz  eta= 0.60324

     H   19    Vxx=   -0.0989    axis=(  0.914123  0.235886  0.329752)
     H   19    Vyy=   -0.2880    axis=( -0.387896  0.745473  0.542039)
     H   19    Vzz=    0.3869    axis=( -0.117962 -0.623400  0.772954)
     H   19  Q=         1.0000 1e-30 m^2  Cq=         0.9091 MHz  eta= 0.48895

     C   20    Vxx=   -0.0831    axis=(  0.805211  0.260702  0.532606)
     C   20    Vyy=   -0.3959    axis=(  0.282496  0.621057 -0.731084)
     C   20    Vzz=    0.4790    axis=( -0.521374  0.739136  0.426435)
     C   20  Q=         1.0000 1e-30 m^2  Cq=         1.1255 MHz  eta= 0.65301

     H   21    Vxx=   -0.0662    axis=( -0.617665 -0.519570  0.590371)
     H   21    Vyy=   -0.4489    axis=(  0.314537 -0.851237 -0.420073)
     H   21    Vzz=    0.5151    axis=(  0.720803 -0.073771  0.689203)
     H   21  Q=         1.0000 1e-30 m^2  Cq=         1.2103 MHz  eta= 0.74291

     C   22    Vxx=   -0.0905    axis=( -0.040519 -0.686063  0.726413)
     C   22    Vyy=   -0.4427    axis=( -0.912225 -0.271231 -0.307049)
     C   22    Vzz=    0.5332    axis=(  0.407681 -0.675094 -0.614854)
     C   22  Q=         1.0000 1e-30 m^2  Cq=         1.2529 MHz  eta= 0.66059

     C   23    Vxx=    0.1859    axis=( -0.352845  0.708970  0.610624)
     C   23    Vyy=    0.3573    axis=( -0.881692 -0.470397  0.036679)
     C   23    Vzz=   -0.5432    axis=(  0.313240 -0.525440  0.791071)
     C   23  Q=         1.0000 1e-30 m^2  Cq=        -1.2763 MHz  eta= 0.31550

     Cl  24    Vxx=   -0.7018    axis=(  0.462338 -0.507004 -0.727455)
     Cl  24    Vyy=   -2.1092    axis=( -0.457887  0.566041 -0.685519)
     Cl  24    Vzz=    2.8110    axis=( -0.759331 -0.650034 -0.029551)
     Cl  24  Q=        -8.1650 1e-30 m^2  Cq=       -53.9278 MHz  eta= 0.50066

     Initialization:
     gipaw_setup  :      9.72s CPU     14.33s WALL (       1 calls)

     Linear response

     Apply operators

     Induced current

     Other routines
     efg          :     20.27s CPU     45.16s WALL (       1 calls)

     General routines
     calbec       :      3.99s CPU      6.71s WALL (      16 calls)
     fft          :      2.27s CPU      6.02s WALL (      15 calls)
     ffts         :      0.10s CPU      0.18s WALL (       2 calls)
     fftw         :     13.06s CPU     33.28s WALL (     672 calls)
     davcio       :      0.04s CPU      0.31s WALL (      32 calls)

     Parallel routines
     fft_scatter  :     11.77s CPU     35.20s WALL (     689 calls)

     Plugins

     GIPAW        :     78.21s CPU    142.92s WALL (       1 calls)
