
     Program QE v.6.0 (svn rev. 13079) starts on 21Dec2016 at  6:49:10 

     This program is part of the open-source Quantum ESPRESSO suite
     for quantum simulation of materials; please cite
         "P. Giannozzi et al., J. Phys.:Condens. Matter 21 395502 (2009);
          URL http://www.quantum-espresso.org", 
     in publications or presentations arising from this work. More details at
     http://www.quantum-espresso.org/quote

     Parallel version (MPI), running on     8 processors
     R & G space division:  proc/nbgrp/npool/nimage =       8

     ***** This is GIPAW svn revision unknown      *****

     Parallelizing q-star over 1 images

     Reading data from directory:
     /users/majewski/paradichlorobenzene/pbe/9_constraint/scratch/pbe.ecut100.np8.dt60.pcl2phi-129368.save
     Message from routine read_xml_file:
     file /users/majewski/paradichlorobenzene/pbe/9_constraint/scratch/pbe.ecut100.np8.dt60.pcl2phi-129368.save not guaranteed to be safe for post-processing

   Info: using nr1, nr2, nr3 values from input

   Info: using nr1, nr2, nr3 values from input

     IMPORTANT: XC functional enforced from input :
     Exchange-correlation      =  SLA  PW   PBX  PBC ( 1  4  3  4 0 0)
     Any further DFT definition will be discarded
     Please, verify this is what you really want

               file C.pbe-n-kjpaw_psl.1.0.0.UPF: wavefunction(s)  2S 2P renormalized
               file Cl.pbe-n-kjpaw_psl.1.0.0.UPF: wavefunction(s)  3S 3P renormalized
               file H.pbe-kjpaw_psl.1.0.0.UPF: wavefunction(s)  1S renormalized

     Parallelization info
     --------------------
     sticks:   dense  smooth     PW     G-vecs:    dense   smooth      PW
     Min        3057    1223    332               144436    36536    5170
     Max        3059    1225    333               144437    36537    5171
     Sum       24467    9791   2657              1155489   292295   41363


     Subspace diagonalization in iterative solution of the eigenvalue problem:
     a serial algorithm will be used

     GIPAW projectors -----------------------------------------------
     atom=  C    l=0  rc=    1.2000  rs=    0.8000
     atom=  C    l=0  rc=    1.2000  rs=    0.8000
     atom=  C    l=1  rc=    1.4000  rs=    0.9333
     atom=  C    l=1  rc=    1.4000  rs=    0.9333
     projs nearly linearly dependent: l=1  n1,n2= 1, 2  s=  0.99951561

     atom=  Cl   l=0  rc=    1.6000  rs=    1.0667
     atom=  Cl   l=0  rc=    1.6000  rs=    1.0667
     atom=  Cl   l=1  rc=    1.6000  rs=    1.0667
     atom=  Cl   l=1  rc=    1.6000  rs=    1.0667
     atom=  Cl   l=2  rc=    1.6000  rs=    1.0667
     atom=  Cl   l=2  rc=    1.6000  rs=    1.0667
     projs nearly linearly dependent: l=2  n1,n2= 1, 2  s=  0.99993509

     atom=  H    l=0  rc=    1.0000  rs=    0.6667
     atom=  H    l=0  rc=    1.0000  rs=    0.6667
     projs nearly linearly dependent: l=0  n1,n2= 1, 2  s=  0.99968852
     -----------------------------------------------------------------

     GIPAW integrals: -------------------------------------------
     Atom  i/j   nmr_para   nmr_dia   epr_rmc  epr_para   epr_dia
       C   1 1   0.83E+03  0.17E-01  0.93E+01  0.24E+08  0.24E+03
       C   2 1   0.86E+03 -0.61E-01  0.94E+01  0.25E+08  0.25E+03
       C   2 2   0.90E+03 -0.15E+00  0.97E+01  0.26E+08  0.26E+03
       C   3 3   0.33E+01  0.34E+00  0.18E+01  0.55E+03  0.21E+02
       C   4 3   0.35E+01  0.37E+00  0.20E+01  0.59E+03  0.22E+02
       C   4 4   0.38E+01  0.39E+00  0.22E+01  0.63E+03  0.24E+02
       Cl  1 1   0.14E+04 -0.47E+00  0.84E+01  0.32E+09  0.42E+03
       Cl  2 1   0.21E+04 -0.37E+00  0.12E+02  0.49E+09  0.65E+03
       Cl  2 2   0.33E+04 -0.16E+00  0.21E+02  0.76E+09  0.10E+04
       Cl  3 3   0.21E+02  0.79E-01  0.89E+01  0.23E+05  0.13E+03
       Cl  4 3   0.24E+02  0.67E-01  0.99E+01  0.27E+05  0.15E+03
       Cl  4 4   0.28E+02  0.44E-01  0.11E+02  0.32E+05  0.18E+03
       Cl  5 5   0.77E+00  0.19E+00  0.18E+01  0.12E+03  0.22E+02
       Cl  6 5   0.80E+00  0.19E+00  0.19E+01  0.12E+03  0.23E+02
       Cl  6 6   0.83E+00  0.20E+00  0.19E+01  0.12E+03  0.23E+02
       H   1 1   0.39E+02  0.19E+00  0.29E+00  0.78E+05  0.13E+02
       H   2 1   0.41E+02  0.21E+00  0.32E+00  0.82E+05  0.14E+02
       H   2 2   0.43E+02  0.22E+00  0.36E+00  0.86E+05  0.15E+02
     ------------------------------------------------------------

     alpha_pv=     34.2864 eV

     Number of occupied bands for each k-point:
     k-point:     1    nbnd_occ=  42
     k-point:     2    nbnd_occ=  42
     k-point:     3    nbnd_occ=  42
     k-point:     4    nbnd_occ=  42
     k-point:     5    nbnd_occ=  42
     k-point:     6    nbnd_occ=  42
     k-point:     7    nbnd_occ=  42
     k-point:     8    nbnd_occ=  42
     k-point:     9    nbnd_occ=  42
     k-point:    10    nbnd_occ=  42
     k-point:    11    nbnd_occ=  42
     k-point:    12    nbnd_occ=  42
     k-point:    13    nbnd_occ=  42
     k-point:    14    nbnd_occ=  42
     k-point:    15    nbnd_occ=  42
     k-point:    16    nbnd_occ=  42


     q-space interpolation up to   110.00 Rydberg

     GIPAW job: efg                                                                             


     ELECTRIC FIELD GRADIENTS TENSORS IN Hartree/bohrradius^2:

     ----- bare term -----
     Cl   1       -0.166585        0.211613       -0.164142
     Cl   1        0.211613       -0.094581        0.077130
     Cl   1       -0.164142        0.077130        0.261166

     C    2        0.068559       -0.279208       -0.562442
     C    2       -0.279208       -0.237253       -0.549196
     C    2       -0.562442       -0.549196        0.168694

     C    3       -0.293292        0.371114       -0.382000
     C    3        0.371114       -0.201235       -0.251266
     C    3       -0.382000       -0.251266        0.494526

     H    4       -0.023871       -0.119930       -0.461922
     H    4       -0.119930        0.424992        0.037924
     H    4       -0.461922        0.037924       -0.401121

     C    5       -0.205262        0.151275       -0.276983
     C    5        0.151275       -0.277792       -0.355857
     C    5       -0.276983       -0.355857        0.483055

     H    6        0.439184       -0.043525       -0.020854
     H    6       -0.043525       -0.302950       -0.615417
     H    6       -0.020854       -0.615417       -0.136234

     H    7        0.373219        0.066661       -0.060689
     H    7        0.066661       -0.547143        0.591856
     H    7       -0.060689        0.591856        0.173924

     C    8       -0.773226       -0.322721       -0.389618
     C    8       -0.322721        0.336515        0.092366
     C    8       -0.389618        0.092366        0.436711

     H    9       -0.629587       -0.047181       -0.141049
     H    9       -0.047181        0.330495        0.269478
     H    9       -0.141049        0.269478        0.299092

     C   10       -0.024566        0.051909       -0.269811
     C   10        0.051909       -0.070399        0.649434
     C   10       -0.269811        0.649434        0.094965

     C   11       -0.420250       -0.342486       -0.414347
     C   11       -0.342486        0.169552        0.359560
     C   11       -0.414347        0.359560        0.250698

     Cl  12       -0.029705       -0.091324        0.007308
     Cl  12       -0.091324        0.154823       -0.059522
     Cl  12        0.007308       -0.059522       -0.125117

     H   13        0.507604       -0.051302        0.106228
     H   13       -0.051302       -0.160449       -0.313666
     H   13        0.106228       -0.313666       -0.347156

     C   14       -0.677990        0.327040       -0.184261
     C   14        0.327040        0.320762       -0.315739
     C   14       -0.184261       -0.315739        0.357229

     H   15        0.124627        0.053267       -0.412852
     H   15        0.053267        0.123756        0.262910
     H   15       -0.412852        0.262910       -0.248383

     C   16        0.087870       -0.039668       -0.238617
     C   16       -0.039668       -0.048290       -0.614491
     C   16       -0.238617       -0.614491       -0.039580

     C   17       -0.704053        0.399503       -0.343544
     C   17        0.399503        0.347493       -0.150751
     C   17       -0.343544       -0.150751        0.356560

     Cl  18        0.172257       -0.169705       -0.027317
     Cl  18       -0.169705       -0.419379       -0.038247
     Cl  18       -0.027317       -0.038247        0.247122

     H   19        0.390988        0.332870        0.026128
     H   19        0.332870       -0.756223        0.091372
     H   19        0.026128        0.091372        0.365235

     C   20       -0.124455       -0.116811       -0.188655
     C   20       -0.116811       -0.045827        0.413060
     C   20       -0.188655        0.413060        0.170282

     H   21       -0.227025        0.520610       -0.133013
     H   21        0.520610       -0.149166       -0.084170
     H   21       -0.133013       -0.084170        0.376191

     C   22       -0.474400       -0.305716       -0.111812
     C   22       -0.305716        0.102969        0.336640
     C   22       -0.111812        0.336640        0.371431

     C   23       -0.162918        0.166874       -0.308804
     C   23        0.166874        0.017990        0.736677
     C   23       -0.308804        0.736677        0.144928

     Cl  24       -0.242952       -0.208923       -0.019364
     Cl  24       -0.208923        0.111739        0.176980
     Cl  24       -0.019364        0.176980        0.131213

     ----- ionic term -----
     Cl   1        0.137550       -0.218505        0.022620
     Cl   1       -0.218505        0.012152       -0.003506
     Cl   1        0.022620       -0.003506       -0.149702

     C    2        0.132800       -0.245263        0.360013
     C    2       -0.245263        0.019689        0.385837
     C    2        0.360013        0.385837       -0.152490

     C    3        0.090008       -0.330507        0.232151
     C    3       -0.330507        0.160643        0.367176
     C    3        0.232151        0.367176       -0.250652

     H    4        0.605352        0.154414        0.737340
     H    4        0.154414       -0.499188        0.185660
     H    4        0.737340        0.185660       -0.106163

     C    5        0.190447       -0.335032        0.304441
     C    5       -0.335032        0.095395        0.230870
     C    5        0.304441        0.230870       -0.285842

     H    6       -0.512034        0.070338        0.083105
     H    6        0.070338        0.636293        0.706512
     H    6        0.083105        0.706512       -0.124259

     H    7       -0.508193       -0.091435        0.049458
     H    7       -0.091435        0.757777       -0.647387
     H    7        0.049458       -0.647387       -0.249584

     C    8        0.390866        0.124349        0.258732
     C    8        0.124349        0.097202       -0.260296
     C    8        0.258732       -0.260296       -0.488068

     H    9        0.776258       -0.428932        0.471820
     H    9       -0.428932       -0.347218       -0.206195
     H    9        0.471820       -0.206195       -0.429040

     C   10        0.182489        0.146083        0.189321
     C   10        0.146083        0.268198       -0.336190
     C   10        0.189321       -0.336190       -0.450687

     C   11        0.213171        0.102242        0.235402
     C   11        0.102242        0.193986       -0.409310
     C   11        0.235402       -0.409310       -0.407156

     Cl  12        0.140692        0.218236       -0.021363
     Cl  12        0.218236        0.003008       -0.023310
     Cl  12       -0.021363       -0.023310       -0.143700

     H   13       -0.535040       -0.065444       -0.041735
     H   13       -0.065444        0.453191        0.786136
     H   13       -0.041735        0.786136        0.081849

     C   14        0.153247       -0.246160        0.311758
     C   14       -0.246160       -0.011657        0.279757
     C   14        0.311758        0.279757       -0.141589

     H   15        0.241287        0.093602        0.800221
     H   15        0.093602       -0.497542        0.156015
     H   15        0.800221        0.156015        0.256255

     C   16       -0.003875       -0.250755        0.241862
     C   16       -0.250755        0.117223        0.358323
     C   16        0.241862        0.358323       -0.113348

     C   17        0.043711       -0.284951        0.280250
     C   17       -0.284951        0.148774        0.361763
     C   17        0.280250        0.361763       -0.192485

     Cl  18        0.061302       -0.221243        0.004266
     Cl  18       -0.221243        0.093560        0.006106
     Cl  18        0.004266        0.006106       -0.154862

     H   19       -0.512952       -0.112342        0.072816
     H   19       -0.112342        0.626943       -0.714955
     H   19        0.072816       -0.714955       -0.113991

     C   20        0.304278        0.179954        0.248642
     C   20        0.179954        0.088519       -0.308079
     C   20        0.248642       -0.308079       -0.392797

     H   21        0.644087       -0.348458        0.628384
     H   21       -0.348458       -0.376630       -0.251105
     H   21        0.628384       -0.251105       -0.267457

     C   22        0.189537        0.221698        0.183636
     C   22        0.221698        0.211184       -0.353477
     C   22        0.183636       -0.353477       -0.400720

     C   23        0.356815        0.086207        0.246352
     C   23        0.086207        0.092820       -0.348743
     C   23        0.246352       -0.348743       -0.449635

     Cl  24        0.150995        0.186083        0.007980
     Cl  24        0.186083        0.004591       -0.005545
     Cl  24        0.007980       -0.005545       -0.155586

     ----- GIPAW term -----
     Cl   1        0.627899       -1.661443       -1.562305
     Cl   1       -1.661443       -0.655160        0.808754
     Cl   1       -1.562305        0.808754        0.027261

     C    2        0.150755       -0.229379       -0.190305
     C    2       -0.229379       -0.082287       -0.033154
     C    2       -0.190305       -0.033154       -0.068469

     C    3       -0.081219        0.039555       -0.214278
     C    3        0.039555       -0.126166       -0.013801
     C    3       -0.214278       -0.013801        0.207385

     H    4       -0.000000        0.000000        0.000000
     H    4        0.000000        0.000000        0.000000
     H    4        0.000000        0.000000        0.000000

     C    5       -0.076360        0.004346       -0.059693
     C    5        0.004346       -0.117584        0.020541
     C    5       -0.059693        0.020541        0.193944

     H    6       -0.000000        0.000000        0.000000
     H    6        0.000000        0.000000        0.000000
     H    6        0.000000        0.000000        0.000000

     H    7       -0.000000        0.000000        0.000000
     H    7        0.000000        0.000000        0.000000
     H    7        0.000000        0.000000        0.000000

     C    8       -0.194767        0.044667       -0.074354
     C    8        0.044667        0.222103       -0.097410
     C    8       -0.074354       -0.097410       -0.027337

     H    9       -0.000000        0.000000        0.000000
     H    9        0.000000        0.000000        0.000000
     H    9        0.000000        0.000000        0.000000

     C   10       -0.095089        0.128926       -0.045850
     C   10        0.128926        0.214791        0.100930
     C   10       -0.045850        0.100930       -0.119702

     C   11       -0.109818       -0.058704       -0.095293
     C   11       -0.058704        0.192639        0.170004
     C   11       -0.095293        0.170004       -0.082821

     Cl  12        0.645334        0.923493        0.109973
     Cl  12        0.923493        1.865402       -0.559062
     Cl  12        0.109973       -0.559062       -2.510736

     H   13       -0.000000        0.000000        0.000000
     H   13        0.000000        0.000000        0.000000
     H   13        0.000000        0.000000        0.000000

     C   14       -0.190468       -0.045671        0.023304
     C   14       -0.045671        0.236222       -0.129666
     C   14        0.023304       -0.129666       -0.045754

     H   15       -0.000000        0.000000        0.000000
     H   15        0.000000        0.000000        0.000000
     H   15        0.000000        0.000000        0.000000

     C   16       -0.088353       -0.077629       -0.018737
     C   16       -0.077629        0.201296       -0.130585
     C   16       -0.018737       -0.130585       -0.112942

     C   17       -0.172854       -0.052361       -0.043985
     C   17       -0.052361        0.301754        0.034374
     C   17       -0.043985        0.034374       -0.128900

     Cl  18        0.306298        0.056080        0.054456
     Cl  18        0.056080        1.172425        0.207235
     Cl  18        0.054456        0.207235       -1.478722

     H   19       -0.000000        0.000000        0.000000
     H   19        0.000000        0.000000        0.000000
     H   19        0.000000        0.000000        0.000000

     C   20       -0.074292       -0.080503       -0.042964
     C   20       -0.080503        0.132306        0.183927
     C   20       -0.042964        0.183927       -0.058015

     H   21       -0.000000        0.000000        0.000000
     H   21        0.000000        0.000000        0.000000
     H   21        0.000000        0.000000        0.000000

     C   22       -0.174652       -0.060327       -0.037518
     C   22       -0.060327        0.161025        0.173563
     C   22       -0.037518        0.173563        0.013627

     C   23       -0.074824        0.128045       -0.038687
     C   23        0.128045        0.109741        0.258205
     C   23       -0.038687        0.258205       -0.034918

     Cl  24       -0.513523        1.015319       -0.285214
     Cl  24        1.015319        1.270388        1.828646
     Cl  24       -0.285214        1.828646       -0.756865

     ----- total EFG -----
     Cl   1        0.598864       -1.668335       -1.703827
     Cl   1       -1.668335       -0.737589        0.882378
     Cl   1       -1.703827        0.882378        0.138725

     C    2        0.352115       -0.753851       -0.392734
     C    2       -0.753851       -0.299851       -0.196513
     C    2       -0.392734       -0.196513       -0.052264

     C    3       -0.284503        0.080162       -0.364128
     C    3        0.080162       -0.166757        0.102109
     C    3       -0.364128        0.102109        0.451260

     H    4        0.581480        0.034484        0.275418
     H    4        0.034484       -0.074196        0.223584
     H    4        0.275418        0.223584       -0.507284

     C    5       -0.091175       -0.179412       -0.032235
     C    5       -0.179412       -0.299981       -0.104446
     C    5       -0.032235       -0.104446        0.391156

     H    6       -0.072850        0.026813        0.062251
     H    6        0.026813        0.333343        0.091094
     H    6        0.062251        0.091094       -0.260493

     H    7       -0.134974       -0.024774       -0.011230
     H    7       -0.024774        0.210634       -0.055531
     H    7       -0.011230       -0.055531       -0.075660

     C    8       -0.577128       -0.153705       -0.205241
     C    8       -0.153705        0.655821       -0.265340
     C    8       -0.205241       -0.265340       -0.078694

     H    9        0.146671       -0.476113        0.330770
     H    9       -0.476113       -0.016723        0.063283
     H    9        0.330770        0.063283       -0.129948

     C   10        0.062833        0.326918       -0.126341
     C   10        0.326918        0.412590        0.414174
     C   10       -0.126341        0.414174       -0.475423

     C   11       -0.316897       -0.298948       -0.274238
     C   11       -0.298948        0.556177        0.120255
     C   11       -0.274238        0.120255       -0.239279

     Cl  12        0.756320        1.050405        0.095919
     Cl  12        1.050405        2.023233       -0.641894
     Cl  12        0.095919       -0.641894       -2.779554

     H   13       -0.027435       -0.116746        0.064493
     H   13       -0.116746        0.292743        0.472470
     H   13        0.064493        0.472470       -0.265307

     C   14       -0.715211        0.035209        0.150801
     C   14        0.035209        0.545327       -0.165648
     C   14        0.150801       -0.165648        0.169885

     H   15        0.365913        0.146869        0.387369
     H   15        0.146869       -0.373786        0.418926
     H   15        0.387369        0.418926        0.007873

     C   16       -0.004359       -0.368052       -0.015492
     C   16       -0.368052        0.270229       -0.386754
     C   16       -0.015492       -0.386754       -0.265870

     C   17       -0.833196        0.062190       -0.107279
     C   17        0.062190        0.798020        0.245386
     C   17       -0.107279        0.245386        0.035176

     Cl  18        0.539856       -0.334868        0.031404
     Cl  18       -0.334868        0.846606        0.175094
     Cl  18        0.031404        0.175094       -1.386462

     H   19       -0.121964        0.220527        0.098944
     H   19        0.220527       -0.129280       -0.623582
     H   19        0.098944       -0.623582        0.251244

     C   20        0.105532       -0.017360        0.017023
     C   20       -0.017360        0.174998        0.288908
     C   20        0.017023        0.288908       -0.280530

     H   21        0.417062        0.172152        0.495371
     H   21        0.172152       -0.525796       -0.335275
     H   21        0.495371       -0.335275        0.108734

     C   22       -0.459515       -0.144344        0.034306
     C   22       -0.144344        0.475177        0.156726
     C   22        0.034306        0.156726       -0.015662

     C   23        0.119074        0.381126       -0.101139
     C   23        0.381126        0.220551        0.646139
     C   23       -0.101139        0.646139       -0.339625

     Cl  24       -0.605480        0.992480       -0.296598
     Cl  24        0.992480        1.386718        2.000081
     Cl  24       -0.296598        2.000081       -0.781238

     ----- total EFG (symmetrized) -----
     Cl   1        0.598864       -1.668335       -1.703827
     Cl   1       -1.668335       -0.737589        0.882378
     Cl   1       -1.703827        0.882378        0.138725

     C    2        0.352115       -0.753851       -0.392734
     C    2       -0.753851       -0.299851       -0.196513
     C    2       -0.392734       -0.196513       -0.052264

     C    3       -0.284503        0.080162       -0.364128
     C    3        0.080162       -0.166757        0.102109
     C    3       -0.364128        0.102109        0.451260

     H    4        0.581480        0.034484        0.275418
     H    4        0.034484       -0.074196        0.223584
     H    4        0.275418        0.223584       -0.507284

     C    5       -0.091175       -0.179412       -0.032235
     C    5       -0.179412       -0.299981       -0.104446
     C    5       -0.032235       -0.104446        0.391156

     H    6       -0.072850        0.026813        0.062251
     H    6        0.026813        0.333343        0.091094
     H    6        0.062251        0.091094       -0.260493

     H    7       -0.134974       -0.024774       -0.011230
     H    7       -0.024774        0.210634       -0.055531
     H    7       -0.011230       -0.055531       -0.075660

     C    8       -0.577128       -0.153705       -0.205241
     C    8       -0.153705        0.655821       -0.265340
     C    8       -0.205241       -0.265340       -0.078694

     H    9        0.146671       -0.476113        0.330770
     H    9       -0.476113       -0.016723        0.063283
     H    9        0.330770        0.063283       -0.129948

     C   10        0.062833        0.326918       -0.126341
     C   10        0.326918        0.412590        0.414174
     C   10       -0.126341        0.414174       -0.475423

     C   11       -0.316897       -0.298948       -0.274238
     C   11       -0.298948        0.556177        0.120255
     C   11       -0.274238        0.120255       -0.239279

     Cl  12        0.756320        1.050405        0.095919
     Cl  12        1.050405        2.023233       -0.641894
     Cl  12        0.095919       -0.641894       -2.779554

     H   13       -0.027435       -0.116746        0.064493
     H   13       -0.116746        0.292743        0.472470
     H   13        0.064493        0.472470       -0.265307

     C   14       -0.715211        0.035209        0.150801
     C   14        0.035209        0.545327       -0.165648
     C   14        0.150801       -0.165648        0.169885

     H   15        0.365913        0.146869        0.387369
     H   15        0.146869       -0.373786        0.418926
     H   15        0.387369        0.418926        0.007873

     C   16       -0.004359       -0.368052       -0.015492
     C   16       -0.368052        0.270229       -0.386754
     C   16       -0.015492       -0.386754       -0.265870

     C   17       -0.833196        0.062190       -0.107279
     C   17        0.062190        0.798020        0.245386
     C   17       -0.107279        0.245386        0.035176

     Cl  18        0.539856       -0.334868        0.031404
     Cl  18       -0.334868        0.846606        0.175094
     Cl  18        0.031404        0.175094       -1.386462

     H   19       -0.121964        0.220527        0.098944
     H   19        0.220527       -0.129280       -0.623582
     H   19        0.098944       -0.623582        0.251244

     C   20        0.105532       -0.017360        0.017023
     C   20       -0.017360        0.174998        0.288908
     C   20        0.017023        0.288908       -0.280530

     H   21        0.417062        0.172152        0.495371
     H   21        0.172152       -0.525796       -0.335275
     H   21        0.495371       -0.335275        0.108734

     C   22       -0.459515       -0.144344        0.034306
     C   22       -0.144344        0.475177        0.156726
     C   22        0.034306        0.156726       -0.015662

     C   23        0.119074        0.381126       -0.101139
     C   23        0.381126        0.220551        0.646139
     C   23       -0.101139        0.646139       -0.339625

     Cl  24       -0.605480        0.992480       -0.296598
     Cl  24        0.992480        1.386718        2.000081
     Cl  24       -0.296598        2.000081       -0.781238


     NQR/NMR SPECTROSCOPIC PARAMETERS:
     Cl   1    Vxx=   -1.0870    axis=(  0.321891 -0.497439  0.805568)
     Cl   1    Vyy=   -1.9141    axis=(  0.634472  0.744869  0.206433)
     Cl   1    Vzz=    3.0011    axis=( -0.702731  0.444662  0.555378)
     Cl   1  Q=        -8.1650 1e-30 m^2  Cq=       -57.5743 MHz  eta= 0.27562

     C    2    Vxx=    0.0560    axis=( -0.011033 -0.465408  0.885028)
     C    2    Vyy=    0.9032    axis=(  0.839064 -0.485753 -0.244982)
     C    2    Vzz=   -0.9592    axis=(  0.543921  0.739892  0.395866)
     C    2  Q=         1.0000 1e-30 m^2  Cq=        -2.2537 MHz  eta= 0.88329

     C    3    Vxx=   -0.1304    axis=(  0.352263  0.934192  0.056532)
     C    3    Vyy=   -0.4760    axis=( -0.859419  0.346801 -0.375670)
     C    3    Vzz=    0.6064    axis=( -0.370553  0.083750  0.925028)
     C    3  Q=         1.0000 1e-30 m^2  Cq=         1.4247 MHz  eta= 0.57006

     H    4    Vxx=   -0.0077    axis=(  0.198133 -0.930750 -0.307325)
     H    4    Vyy=   -0.6500    axis=(  0.195674  0.344789 -0.918059)
     H    4    Vzz=    0.6577    axis=(  0.960445  0.121762  0.250438)
     H    4  Q=         1.0000 1e-30 m^2  Cq=         1.5453 MHz  eta= 0.97655

     C    5    Vxx=    0.0106    axis=(  0.872849 -0.484410 -0.059012)
     C    5    Vyy=    0.4067    axis=(  0.012508  0.143097 -0.989630)
     C    5    Vzz=   -0.4172    axis=(  0.487831  0.863059  0.130961)
     C    5  Q=         1.0000 1e-30 m^2  Cq=        -0.9803 MHz  eta= 0.94932

     H    6    Vxx=   -0.0605    axis=(  0.962107 -0.121924  0.243897)
     H    6    Vyy=   -0.2896    axis=( -0.258992 -0.128834  0.957249)
     H    6    Vzz=    0.3501    axis=( -0.085289 -0.984143 -0.155529)
     H    6  Q=         1.0000 1e-30 m^2  Cq=         0.8225 MHz  eta= 0.65453

     H    7    Vxx=   -0.0816    axis=( -0.272829  0.157212  0.949130)
     H    7    Vyy=   -0.1408    axis=(  0.960039  0.108448  0.258002)
     H    7    Vzz=    0.2224    axis=( -0.062370  0.981592 -0.180517)
     H    7  Q=         1.0000 1e-30 m^2  Cq=         0.5226 MHz  eta= 0.26598

     C    8    Vxx=   -0.0539    axis=( -0.414551  0.238554  0.878203)
     C    8    Vyy=   -0.6932    axis=(  0.907644  0.178163  0.380053)
     C    8    Vzz=    0.7471    axis=(  0.065801 -0.954647  0.290379)
     C    8  Q=         1.0000 1e-30 m^2  Cq=         1.7554 MHz  eta= 0.85575

     H    9    Vxx=   -0.0309    axis=( -0.123189 -0.596791 -0.792884)
     H    9    Vyy=   -0.5835    axis=(  0.618295  0.578789 -0.531709)
     H    9    Vzz=    0.6144    axis=( -0.776231  0.555737 -0.297693)
     H    9  Q=         1.0000 1e-30 m^2  Cq=         1.4436 MHz  eta= 0.89933

     C   10    Vxx=    0.0265    axis=(  0.861378 -0.263523 -0.434262)
     C   10    Vyy=    0.6896    axis=( -0.402682 -0.875368 -0.267540)
     C   10    Vzz=   -0.7161    axis=(  0.309636 -0.405322  0.860139)
     C   10  Q=         1.0000 1e-30 m^2  Cq=        -1.6825 MHz  eta= 0.92595

     C   11    Vxx=   -0.1153    axis=(  0.512060  0.367056 -0.776572)
     C   11    Vyy=   -0.5768    axis=(  0.792665  0.146330  0.591836)
     C   11    Vzz=    0.6921    axis=(  0.330873 -0.918617 -0.216023)
     C   11  Q=         1.0000 1e-30 m^2  Cq=         1.6262 MHz  eta= 0.66685

     Cl  12    Vxx=    0.2145    axis=(  0.876680 -0.463862  0.127533)
     Cl  12    Vyy=    2.6651    axis=(  0.476305  0.874169 -0.094669)
     Cl  12    Vzz=   -2.8796    axis=( -0.067572  0.143739  0.987306)
     Cl  12  Q=        -8.1650 1e-30 m^2  Cq=        55.2431 MHz  eta= 0.85103

     H   13    Vxx=   -0.0111    axis=(  0.970415 -0.002556  0.241431)
     H   13    Vyy=   -0.5596    axis=(  0.210889  0.495866 -0.842403)
     H   13    Vzz=    0.5706    axis=( -0.117565  0.868395  0.481735)
     H   13  Q=         1.0000 1e-30 m^2  Cq=         1.3408 MHz  eta= 0.96116

     C   14    Vxx=    0.1349    axis=(  0.177508  0.355219  0.917775)
     C   14    Vyy=    0.6083    axis=(  0.015982 -0.933502  0.358215)
     C   14    Vzz=   -0.7432    axis=(  0.983990 -0.048918 -0.171381)
     C   14  Q=         1.0000 1e-30 m^2  Cq=        -1.7463 MHz  eta= 0.63688

     H   15    Vxx=   -0.0802    axis=(  0.658275 -0.488249 -0.572964)
     H   15    Vyy=   -0.6521    axis=(  0.101668  0.811822 -0.574985)
     H   15    Vzz=    0.7323    axis=( -0.745881 -0.320246 -0.584042)
     H   15  Q=         1.0000 1e-30 m^2  Cq=         1.7206 MHz  eta= 0.78100

     C   16    Vxx=   -0.0933    axis=(  0.800851  0.216995 -0.558168)
     C   16    Vyy=   -0.5455    axis=(  0.382889  0.531126  0.755845)
     C   16    Vzz=    0.6388    axis=(  0.460472 -0.819035  0.342268)
     C   16  Q=         1.0000 1e-30 m^2  Cq=         1.5009 MHz  eta= 0.70792

     C   17    Vxx=   -0.0191    axis=( -0.146209 -0.274291  0.950467)
     C   17    Vyy=   -0.8515    axis=( -0.989100  0.057458 -0.135570)
     C   17    Vzz=    0.8706    axis=( -0.017427 -0.959929 -0.279702)
     C   17  Q=         1.0000 1e-30 m^2  Cq=         2.0457 MHz  eta= 0.95604

     Cl  18    Vxx=    0.3333    axis=(  0.846163  0.528405  0.069250)
     Cl  18    Vyy=    1.0685    axis=( -0.532063  0.845015  0.053462)
     Cl  18    Vzz=   -1.4018    axis=( -0.030268 -0.082082  0.996166)
     Cl  18  Q=        -8.1650 1e-30 m^2  Cq=        26.8937 MHz  eta= 0.52447

     H   19    Vxx=   -0.0268    axis=(  0.920570  0.271325  0.280953)
     H   19    Vyy=   -0.6895    axis=( -0.385158  0.750046  0.537666)
     H   19    Vzz=    0.7163    axis=( -0.064845 -0.603170  0.794972)
     H   19  Q=         1.0000 1e-30 m^2  Cq=         1.6830 MHz  eta= 0.92526

     C   20    Vxx=    0.1062    axis=(  0.998292  0.016285  0.056106)
     C   20    Vyy=    0.3154    axis=( -0.039122  0.899593  0.434973)
     C   20    Vzz=   -0.4217    axis=( -0.043389 -0.436425  0.898694)
     C   20  Q=         1.0000 1e-30 m^2  Cq=        -0.9907 MHz  eta= 0.49624

     H   21    Vxx=    0.0034    axis=( -0.521402 -0.571227  0.633908)
     H   21    Vyy=    0.7848    axis=(  0.793357 -0.050975  0.606618)
     H   21    Vzz=   -0.7882    axis=( -0.314203  0.819208  0.479766)
     H   21  Q=         1.0000 1e-30 m^2  Cq=        -1.8519 MHz  eta= 0.99136

     C   22    Vxx=   -0.0492    axis=(  0.164608 -0.240598  0.956565)
     C   22    Vyy=   -0.4886    axis=(  0.977841  0.166985 -0.126269)
     C   22    Vzz=    0.5378    axis=( -0.129352  0.956153  0.262753)
     C   22  Q=         1.0000 1e-30 m^2  Cq=         1.2636 MHz  eta= 0.81710

     C   23    Vxx=    0.0939    axis=(  0.862108 -0.182307 -0.472794)
     C   23    Vyy=    0.7626    axis=( -0.407739 -0.803561 -0.433635)
     C   23    Vzz=   -0.8566    axis=(  0.300864 -0.566616  0.767090)
     C   23  Q=         1.0000 1e-30 m^2  Cq=        -2.0126 MHz  eta= 0.78065

     Cl  24    Vxx=   -0.4005    axis=(  0.880168  0.040485 -0.472933)
     Cl  24    Vyy=   -2.3302    axis=( -0.424153  0.514335 -0.745355)
     Cl  24    Vzz=    2.7306    axis=(  0.213070  0.856633  0.469873)
     Cl  24  Q=        -8.1650 1e-30 m^2  Cq=       -52.3860 MHz  eta= 0.70669

     Initialization:
     gipaw_setup  :      9.22s CPU     11.15s WALL (       1 calls)

     Linear response

     Apply operators

     Induced current

     Other routines
     efg          :      9.49s CPU     11.91s WALL (       1 calls)

     General routines
     calbec       :      3.25s CPU      4.54s WALL (      16 calls)
     fft          :      1.71s CPU      2.72s WALL (      15 calls)
     ffts         :      0.03s CPU      0.05s WALL (       2 calls)
     fftw         :      3.43s CPU      3.88s WALL (     672 calls)
     davcio       :      0.03s CPU      0.34s WALL (      32 calls)

     Parallel routines
     fft_scatter  :      2.22s CPU      3.62s WALL (     689 calls)

     Plugins

     GIPAW        :     61.68s CPU     73.68s WALL (       1 calls)
