
     Program QE v.6.0 (svn rev. 13079) starts on 15Jan2017 at  1:43:20 

     This program is part of the open-source Quantum ESPRESSO suite
     for quantum simulation of materials; please cite
         "P. Giannozzi et al., J. Phys.:Condens. Matter 21 395502 (2009);
          URL http://www.quantum-espresso.org", 
     in publications or presentations arising from this work. More details at
     http://www.quantum-espresso.org/quote

     Parallel version (MPI), running on     8 processors
     R & G space division:  proc/nbgrp/npool/nimage =       8

     ***** This is GIPAW svn revision unknown      *****

     Parallelizing q-star over 1 images

     Reading data from directory:
     /users/majewski/paradichlorobenzene/pbe/9_constraint/scratch/pbe.ecut100.np8.dt60.pcl2phi-129368.save
     Message from routine read_xml_file:
     file /users/majewski/paradichlorobenzene/pbe/9_constraint/scratch/pbe.ecut100.np8.dt60.pcl2phi-129368.save not guaranteed to be safe for post-processing

   Info: using nr1, nr2, nr3 values from input

   Info: using nr1, nr2, nr3 values from input

     IMPORTANT: XC functional enforced from input :
     Exchange-correlation      =  SLA  PW   PBX  PBC ( 1  4  3  4 0 0)
     Any further DFT definition will be discarded
     Please, verify this is what you really want

               file C.pbe-n-kjpaw_psl.1.0.0.UPF: wavefunction(s)  2S 2P renormalized
               file Cl.pbe-n-kjpaw_psl.1.0.0.UPF: wavefunction(s)  3S 3P renormalized
               file H.pbe-kjpaw_psl.1.0.0.UPF: wavefunction(s)  1S renormalized

     Parallelization info
     --------------------
     sticks:   dense  smooth     PW     G-vecs:    dense   smooth      PW
     Min        3057    1223    332               144436    36536    5170
     Max        3059    1225    333               144437    36537    5171
     Sum       24467    9791   2657              1155489   292295   41363


     Subspace diagonalization in iterative solution of the eigenvalue problem:
     a serial algorithm will be used

     GIPAW projectors -----------------------------------------------
     atom=  C    l=0  rc=    1.2000  rs=    0.8000
     atom=  C    l=0  rc=    1.2000  rs=    0.8000
     atom=  C    l=1  rc=    1.4000  rs=    0.9333
     atom=  C    l=1  rc=    1.4000  rs=    0.9333
     projs nearly linearly dependent: l=1  n1,n2= 1, 2  s=  0.99951561

     atom=  Cl   l=0  rc=    1.6000  rs=    1.0667
     atom=  Cl   l=0  rc=    1.6000  rs=    1.0667
     atom=  Cl   l=1  rc=    1.6000  rs=    1.0667
     atom=  Cl   l=1  rc=    1.6000  rs=    1.0667
     atom=  Cl   l=2  rc=    1.6000  rs=    1.0667
     atom=  Cl   l=2  rc=    1.6000  rs=    1.0667
     projs nearly linearly dependent: l=2  n1,n2= 1, 2  s=  0.99993509

     atom=  H    l=0  rc=    1.0000  rs=    0.6667
     atom=  H    l=0  rc=    1.0000  rs=    0.6667
     projs nearly linearly dependent: l=0  n1,n2= 1, 2  s=  0.99968852
     -----------------------------------------------------------------

     GIPAW integrals: -------------------------------------------
     Atom  i/j   nmr_para   nmr_dia   epr_rmc  epr_para   epr_dia
       C   1 1   0.83E+03  0.17E-01  0.93E+01  0.24E+08  0.24E+03
       C   2 1   0.86E+03 -0.61E-01  0.94E+01  0.25E+08  0.25E+03
       C   2 2   0.90E+03 -0.15E+00  0.97E+01  0.26E+08  0.26E+03
       C   3 3   0.33E+01  0.34E+00  0.18E+01  0.55E+03  0.21E+02
       C   4 3   0.35E+01  0.37E+00  0.20E+01  0.59E+03  0.22E+02
       C   4 4   0.38E+01  0.39E+00  0.22E+01  0.63E+03  0.24E+02
       Cl  1 1   0.14E+04 -0.47E+00  0.84E+01  0.32E+09  0.42E+03
       Cl  2 1   0.21E+04 -0.37E+00  0.12E+02  0.49E+09  0.65E+03
       Cl  2 2   0.33E+04 -0.16E+00  0.21E+02  0.76E+09  0.10E+04
       Cl  3 3   0.21E+02  0.79E-01  0.89E+01  0.23E+05  0.13E+03
       Cl  4 3   0.24E+02  0.67E-01  0.99E+01  0.27E+05  0.15E+03
       Cl  4 4   0.28E+02  0.44E-01  0.11E+02  0.32E+05  0.18E+03
       Cl  5 5   0.77E+00  0.19E+00  0.18E+01  0.12E+03  0.22E+02
       Cl  6 5   0.80E+00  0.19E+00  0.19E+01  0.12E+03  0.23E+02
       Cl  6 6   0.83E+00  0.20E+00  0.19E+01  0.12E+03  0.23E+02
       H   1 1   0.39E+02  0.19E+00  0.29E+00  0.78E+05  0.13E+02
       H   2 1   0.41E+02  0.21E+00  0.32E+00  0.82E+05  0.14E+02
       H   2 2   0.43E+02  0.22E+00  0.36E+00  0.86E+05  0.15E+02
     ------------------------------------------------------------

     alpha_pv=     34.2478 eV

     Number of occupied bands for each k-point:
     k-point:     1    nbnd_occ=  42
     k-point:     2    nbnd_occ=  42
     k-point:     3    nbnd_occ=  42
     k-point:     4    nbnd_occ=  42
     k-point:     5    nbnd_occ=  42
     k-point:     6    nbnd_occ=  42
     k-point:     7    nbnd_occ=  42
     k-point:     8    nbnd_occ=  42
     k-point:     9    nbnd_occ=  42
     k-point:    10    nbnd_occ=  42
     k-point:    11    nbnd_occ=  42
     k-point:    12    nbnd_occ=  42
     k-point:    13    nbnd_occ=  42
     k-point:    14    nbnd_occ=  42
     k-point:    15    nbnd_occ=  42
     k-point:    16    nbnd_occ=  42


     q-space interpolation up to   110.00 Rydberg

     GIPAW job: efg                                                                             


     ELECTRIC FIELD GRADIENTS TENSORS IN Hartree/bohrradius^2:

     ----- bare term -----
     Cl   1       -0.147115        0.129667        0.108251
     Cl   1        0.129667       -0.114106        0.039457
     Cl   1        0.108251        0.039457        0.261221

     C    2       -0.338808       -0.033105       -0.334039
     C    2       -0.033105       -0.082149       -0.545557
     C    2       -0.334039       -0.545557        0.420956

     C    3       -0.077288        0.090721       -0.322139
     C    3        0.090721       -0.265902       -0.543203
     C    3       -0.322139       -0.543203        0.343190

     H    4       -0.242445        0.072563       -0.559760
     H    4        0.072563        0.149260        0.049902
     H    4       -0.559760        0.049902        0.093184

     C    5       -0.160360        0.380036       -0.067143
     C    5        0.380036       -0.349263       -0.390627
     C    5       -0.067143       -0.390627        0.509623

     H    6        0.202134       -0.066092       -0.439826
     H    6       -0.066092        0.044339       -0.363402
     H    6       -0.439826       -0.363402       -0.246472

     H    7       -0.038658        0.192433       -0.094274
     H    7        0.192433       -0.306646        0.463749
     H    7       -0.094274        0.463749        0.345304

     C    8       -0.523882       -0.320475       -0.101710
     C    8       -0.320475        0.127493        0.388601
     C    8       -0.101710        0.388601        0.396389

     H    9       -0.208505       -0.139938       -0.537099
     H    9       -0.139938        0.043680       -0.057515
     H    9       -0.537099       -0.057515        0.164825

     C   10       -0.003533        0.001966       -0.242621
     C   10        0.001966       -0.055621        0.634837
     C   10       -0.242621        0.634837        0.059153

     C   11       -0.449872       -0.309349       -0.442540
     C   11       -0.309349        0.241558        0.283946
     C   11       -0.442540        0.283946        0.208314

     Cl  12       -0.025263       -0.131026        0.021336
     Cl  12       -0.131026        0.133529       -0.070016
     Cl  12        0.021336       -0.070016       -0.108265

     H   13        0.187419       -0.056406       -0.287937
     H   13       -0.056406       -0.247658       -0.478357
     H   13       -0.287937       -0.478357        0.060239

     C   14       -0.425980        0.326712       -0.149865
     C   14        0.326712        0.016061       -0.341473
     C   14       -0.149865       -0.341473        0.409919

     H   15       -0.563650        0.041442       -0.287596
     H   15        0.041442        0.274959       -0.249096
     H   15       -0.287596       -0.249096        0.288691

     C   16       -0.008896       -0.002260       -0.275652
     C   16       -0.002260       -0.229917       -0.514737
     C   16       -0.275652       -0.514737        0.238813

     C   17       -0.593159        0.303475       -0.373952
     C   17        0.303475        0.271850       -0.122358
     C   17       -0.373952       -0.122358        0.321310

     Cl  18        0.010697        0.044178        0.000613
     Cl  18        0.044178       -0.032879        0.008839
     Cl  18        0.000613        0.008839        0.022182

     H   19        0.308689        0.235552       -0.156653
     H   19        0.235552       -0.424602        0.530085
     H   19       -0.156653        0.530085        0.115913

     C   20       -0.226797       -0.156236       -0.311379
     C   20       -0.156236       -0.183677        0.405926
     C   20       -0.311379        0.405926        0.410474

     H   21        0.069883        0.095332       -0.395739
     H   21        0.095332        0.373081       -0.172551
     H   21       -0.395739       -0.172551       -0.442964

     C   22       -0.191390       -0.395319       -0.309477
     C   22       -0.395319       -0.242873        0.468198
     C   22       -0.309477        0.468198        0.434263

     C   23        0.002178        0.235627       -0.481731
     C   23        0.235627       -0.157153        0.576936
     C   23       -0.481731        0.576936        0.154974

     Cl  24       -0.040545       -0.116567       -0.037780
     Cl  24       -0.116567       -0.038083        0.004922
     Cl  24       -0.037780        0.004922        0.078628

     ----- ionic term -----
     Cl   1        0.092033       -0.218133       -0.027970
     Cl   1       -0.218133        0.052653        0.034162
     Cl   1       -0.027970        0.034162       -0.144686

     C    2        0.190297       -0.188527        0.196869
     C    2       -0.188527        0.089410        0.452468
     C    2        0.196869        0.452468       -0.279708

     C    3        0.043103       -0.220660        0.177838
     C    3       -0.220660        0.122220        0.459572
     C    3        0.177838        0.459572       -0.165323

     H    4        0.484859        0.095744        0.770991
     H    4        0.095744       -0.528961        0.154886
     H    4        0.770991        0.154886        0.044103

     C    5        0.246758       -0.155168        0.295211
     C    5       -0.155168       -0.052785        0.323895
     C    5        0.295211        0.323895       -0.193973

     H    6       -0.463417        0.239511        0.252351
     H    6        0.239511        0.288225        0.780062
     H    6        0.252351        0.780062        0.175192

     H    7       -0.471344       -0.307794        0.116079
     H    7       -0.307794        0.837679       -0.513821
     H    7        0.116079       -0.513821       -0.366335

     C    8        0.199977        0.185210        0.274429
     C    8        0.185210        0.101863       -0.271722
     C    8        0.274429       -0.271722       -0.301841

     H    9        0.560406       -0.234900        0.722935
     H    9       -0.234900       -0.449380       -0.228426
     H    9        0.722935       -0.228426       -0.111026

     C   10        0.066811        0.207148        0.214316
     C   10        0.207148        0.221385       -0.452440
     C   10        0.214316       -0.452440       -0.288195

     C   11        0.143295        0.162719        0.377904
     C   11        0.162719        0.100306       -0.443508
     C   11        0.377904       -0.443508       -0.243601

     Cl  12        0.123162        0.221641       -0.001516
     Cl  12        0.221641        0.023269       -0.010587
     Cl  12       -0.001516       -0.010587       -0.146431

     H   13       -0.495084        0.164567        0.091709
     H   13        0.164567        0.603666        0.726960
     H   13        0.091709        0.726960       -0.108582

     C   14        0.309771       -0.191595        0.178647
     C   14       -0.191595        0.056686        0.322200
     C   14        0.178647        0.322200       -0.366457

     H   15        0.671316        0.329021        0.628344
     H   15        0.329021       -0.412571        0.232663
     H   15        0.628344        0.232663       -0.258745

     C   16        0.138684       -0.183203        0.152333
     C   16       -0.183203        0.204450        0.418492
     C   16        0.152333        0.418492       -0.343134

     C   17        0.146596       -0.182172        0.307975
     C   17       -0.182172        0.148220        0.363709
     C   17        0.307975        0.363709       -0.294816

     Cl  18        0.074629       -0.210012        0.003857
     Cl  18       -0.210012        0.070190        0.005496
     Cl  18        0.003857        0.005496       -0.144819

     H   19       -0.495006       -0.221896        0.146395
     H   19       -0.221896        0.664961       -0.682310
     H   19        0.146395       -0.682310       -0.169955

     C   20        0.209443        0.187411        0.390806
     C   20        0.187411        0.054111       -0.281467
     C   20        0.390806       -0.281467       -0.263555

     H   21        0.375493       -0.061178        0.815076
     H   21       -0.061178       -0.526123       -0.137178
     H   21        0.815076       -0.137178        0.150631

     C   22        0.008768        0.302490        0.258316
     C   22        0.302490        0.157498       -0.398048
     C   22        0.258316       -0.398048       -0.166266

     C   23        0.127043        0.215961        0.307896
     C   23        0.215961        0.055192       -0.432679
     C   23        0.307896       -0.432679       -0.182236

     Cl  24        0.129919        0.198491        0.005049
     Cl  24        0.198491        0.008215       -0.007012
     Cl  24        0.005049       -0.007012       -0.138134

     ----- GIPAW term -----
     Cl   1       -0.075757       -1.196565        1.341183
     Cl   1       -1.196565       -1.365385        0.499534
     Cl   1        1.341183        0.499534        1.441142

     C    2       -0.061200       -0.127100       -0.057785
     C    2       -0.127100       -0.061256       -0.140494
     C    2       -0.057785       -0.140494        0.122456

     C    3       -0.010778       -0.053133       -0.107395
     C    3       -0.053133       -0.025737       -0.061181
     C    3       -0.107395       -0.061181        0.036514

     H    4       -0.000000        0.000000        0.000000
     H    4        0.000000        0.000000        0.000000
     H    4        0.000000        0.000000        0.000000

     C    5       -0.007381        0.099265        0.096429
     C    5        0.099265       -0.151856       -0.032298
     C    5        0.096429       -0.032298        0.159236

     H    6       -0.000000        0.000000        0.000000
     H    6        0.000000        0.000000        0.000000
     H    6        0.000000        0.000000        0.000000

     H    7       -0.000000        0.000000        0.000000
     H    7        0.000000        0.000000        0.000000
     H    7        0.000000        0.000000        0.000000

     C    8       -0.118724        0.070453        0.071301
     C    8        0.070453        0.117531        0.163927
     C    8        0.071301        0.163927        0.001193

     H    9       -0.000000        0.000000        0.000000
     H    9        0.000000        0.000000        0.000000
     H    9        0.000000        0.000000        0.000000

     C   10       -0.113826        0.090119       -0.038828
     C   10        0.090119        0.254548        0.071475
     C   10       -0.038828        0.071475       -0.140722

     C   11       -0.063322       -0.066981       -0.068213
     C   11       -0.066981        0.215806        0.022655
     C   11       -0.068213        0.022655       -0.152485

     Cl  12        0.769383        0.548668        0.252353
     Cl  12        0.548668        1.671886       -0.688947
     Cl  12        0.252353       -0.688947       -2.441269

     H   13       -0.000000        0.000000        0.000000
     H   13        0.000000        0.000000        0.000000
     H   13        0.000000        0.000000        0.000000

     C   14       -0.029434       -0.073868        0.043682
     C   14       -0.073868        0.047042       -0.094473
     C   14        0.043682       -0.094473       -0.017608

     H   15       -0.000000        0.000000        0.000000
     H   15        0.000000        0.000000        0.000000
     H   15        0.000000        0.000000        0.000000

     C   16       -0.083375       -0.108115       -0.085056
     C   16       -0.108115        0.116715        0.058500
     C   16       -0.085056        0.058500       -0.033340

     C   17       -0.109382        0.054400        0.002742
     C   17        0.054400        0.183003        0.136484
     C   17        0.002742        0.136484       -0.073620

     Cl  18        0.382562        0.454519        0.552975
     Cl  18        0.454519        1.711167        1.066462
     Cl  18        0.552975        1.066462       -2.093729

     H   19       -0.000000        0.000000        0.000000
     H   19        0.000000        0.000000        0.000000
     H   19        0.000000        0.000000        0.000000

     C   20       -0.046323       -0.005982       -0.060306
     C   20       -0.005982       -0.049722        0.026856
     C   20       -0.060306        0.026856        0.096045

     H   21       -0.000000        0.000000        0.000000
     H   21        0.000000        0.000000        0.000000
     H   21        0.000000        0.000000        0.000000

     C   22       -0.053937       -0.092469       -0.146830
     C   22       -0.092469       -0.070497        0.119626
     C   22       -0.146830        0.119626        0.124434

     C   23        0.142298        0.228654       -0.109993
     C   23        0.228654       -0.035022        0.075440
     C   23       -0.109993        0.075440       -0.107276

     Cl  24        1.457884        1.934178       -0.307512
     Cl  24        1.934178       -0.124614        0.016832
     Cl  24       -0.307512        0.016832       -1.333270

     ----- total EFG -----
     Cl   1       -0.130839       -1.285031        1.421463
     Cl   1       -1.285031       -1.426837        0.573153
     Cl   1        1.421463        0.573153        1.557677

     C    2       -0.209710       -0.348732       -0.194955
     C    2       -0.348732       -0.053995       -0.233582
     C    2       -0.194955       -0.233582        0.263705

     C    3       -0.044962       -0.183072       -0.251696
     C    3       -0.183072       -0.169419       -0.144812
     C    3       -0.251696       -0.144812        0.214381

     H    4        0.242414        0.168307        0.211231
     H    4        0.168307       -0.379701        0.204788
     H    4        0.211231        0.204788        0.137287

     C    5        0.079017        0.324134        0.324496
     C    5        0.324134       -0.553904       -0.099030
     C    5        0.324496       -0.099030        0.474887

     H    6       -0.261283        0.173419       -0.187475
     H    6        0.173419        0.332564        0.416659
     H    6       -0.187475        0.416659       -0.071281

     H    7       -0.510002       -0.115361        0.021805
     H    7       -0.115361        0.531033       -0.050073
     H    7        0.021805       -0.050073       -0.021031

     C    8       -0.442628       -0.064812        0.244019
     C    8       -0.064812        0.346887        0.280807
     C    8        0.244019        0.280807        0.095741

     H    9        0.351901       -0.374839        0.185836
     H    9       -0.374839       -0.405701       -0.285941
     H    9        0.185836       -0.285941        0.053800

     C   10       -0.050548        0.299232       -0.067132
     C   10        0.299232        0.420312        0.253872
     C   10       -0.067132        0.253872       -0.369764

     C   11       -0.369899       -0.213611       -0.132849
     C   11       -0.213611        0.557671       -0.136908
     C   11       -0.132849       -0.136908       -0.187772

     Cl  12        0.867281        0.639282        0.272174
     Cl  12        0.639282        1.828683       -0.769550
     Cl  12        0.272174       -0.769550       -2.695965

     H   13       -0.307664        0.108161       -0.196228
     H   13        0.108161        0.356008        0.248603
     H   13       -0.196228        0.248603       -0.048343

     C   14       -0.145643        0.061248        0.072463
     C   14        0.061248        0.119789       -0.113746
     C   14        0.072463       -0.113746        0.025854

     H   15        0.107666        0.370463        0.340748
     H   15        0.370463       -0.137612       -0.016433
     H   15        0.340748       -0.016433        0.029946

     C   16        0.046412       -0.293578       -0.208375
     C   16       -0.293578        0.091249       -0.037745
     C   16       -0.208375       -0.037745       -0.137661

     C   17       -0.555946        0.175703       -0.063235
     C   17        0.175703        0.603072        0.377835
     C   17       -0.063235        0.377835       -0.047126

     Cl  18        0.467888        0.288685        0.557444
     Cl  18        0.288685        1.748478        1.080797
     Cl  18        0.557444        1.080797       -2.216366

     H   19       -0.186317        0.013656       -0.010258
     H   19        0.013656        0.240359       -0.152225
     H   19       -0.010258       -0.152225       -0.054042

     C   20       -0.063677        0.025193        0.019122
     C   20        0.025193       -0.179287        0.151315
     C   20        0.019122        0.151315        0.242965

     H   21        0.445375        0.034154        0.419337
     H   21        0.034154       -0.153042       -0.309729
     H   21        0.419337       -0.309729       -0.292333

     C   22       -0.236559       -0.185298       -0.197991
     C   22       -0.185298       -0.155872        0.189777
     C   22       -0.197991        0.189777        0.392431

     C   23        0.271520        0.680242       -0.283828
     C   23        0.680242       -0.136983        0.219697
     C   23       -0.283828        0.219697       -0.134537

     Cl  24        1.547259        2.016102       -0.340243
     Cl  24        2.016102       -0.154482        0.014742
     Cl  24       -0.340243        0.014742       -1.392776

     ----- total EFG (symmetrized) -----
     Cl   1       -0.130839       -1.285031        1.421463
     Cl   1       -1.285031       -1.426837        0.573153
     Cl   1        1.421463        0.573153        1.557677

     C    2       -0.209710       -0.348732       -0.194955
     C    2       -0.348732       -0.053995       -0.233582
     C    2       -0.194955       -0.233582        0.263705

     C    3       -0.044962       -0.183072       -0.251696
     C    3       -0.183072       -0.169419       -0.144812
     C    3       -0.251696       -0.144812        0.214381

     H    4        0.242414        0.168307        0.211231
     H    4        0.168307       -0.379701        0.204788
     H    4        0.211231        0.204788        0.137287

     C    5        0.079017        0.324134        0.324496
     C    5        0.324134       -0.553904       -0.099030
     C    5        0.324496       -0.099030        0.474887

     H    6       -0.261283        0.173419       -0.187475
     H    6        0.173419        0.332564        0.416659
     H    6       -0.187475        0.416659       -0.071281

     H    7       -0.510002       -0.115361        0.021805
     H    7       -0.115361        0.531033       -0.050073
     H    7        0.021805       -0.050073       -0.021031

     C    8       -0.442628       -0.064812        0.244019
     C    8       -0.064812        0.346887        0.280807
     C    8        0.244019        0.280807        0.095741

     H    9        0.351901       -0.374839        0.185836
     H    9       -0.374839       -0.405701       -0.285941
     H    9        0.185836       -0.285941        0.053800

     C   10       -0.050548        0.299232       -0.067132
     C   10        0.299232        0.420312        0.253872
     C   10       -0.067132        0.253872       -0.369764

     C   11       -0.369899       -0.213611       -0.132849
     C   11       -0.213611        0.557671       -0.136908
     C   11       -0.132849       -0.136908       -0.187772

     Cl  12        0.867281        0.639282        0.272174
     Cl  12        0.639282        1.828683       -0.769550
     Cl  12        0.272174       -0.769550       -2.695965

     H   13       -0.307664        0.108161       -0.196228
     H   13        0.108161        0.356008        0.248603
     H   13       -0.196228        0.248603       -0.048343

     C   14       -0.145643        0.061248        0.072463
     C   14        0.061248        0.119789       -0.113746
     C   14        0.072463       -0.113746        0.025854

     H   15        0.107666        0.370463        0.340748
     H   15        0.370463       -0.137612       -0.016433
     H   15        0.340748       -0.016433        0.029946

     C   16        0.046412       -0.293578       -0.208375
     C   16       -0.293578        0.091249       -0.037745
     C   16       -0.208375       -0.037745       -0.137661

     C   17       -0.555946        0.175703       -0.063235
     C   17        0.175703        0.603072        0.377835
     C   17       -0.063235        0.377835       -0.047126

     Cl  18        0.467888        0.288685        0.557444
     Cl  18        0.288685        1.748478        1.080797
     Cl  18        0.557444        1.080797       -2.216366

     H   19       -0.186317        0.013656       -0.010258
     H   19        0.013656        0.240359       -0.152225
     H   19       -0.010258       -0.152225       -0.054042

     C   20       -0.063677        0.025193        0.019122
     C   20        0.025193       -0.179287        0.151315
     C   20        0.019122        0.151315        0.242965

     H   21        0.445375        0.034154        0.419337
     H   21        0.034154       -0.153042       -0.309729
     H   21        0.419337       -0.309729       -0.292333

     C   22       -0.236559       -0.185298       -0.197991
     C   22       -0.185298       -0.155872        0.189777
     C   22       -0.197991        0.189777        0.392431

     C   23        0.271520        0.680242       -0.283828
     C   23        0.680242       -0.136983        0.219697
     C   23       -0.283828        0.219697       -0.134537

     Cl  24        1.547259        2.016102       -0.340243
     Cl  24        2.016102       -0.154482        0.014742
     Cl  24       -0.340243        0.014742       -1.392776


     NQR/NMR SPECTROSCOPIC PARAMETERS:
     Cl   1    Vxx=    0.2343    axis=(  0.644914 -0.641969 -0.414683)
     Cl   1    Vyy=    2.3726    axis=(  0.509842 -0.042824  0.859202)
     Cl   1    Vzz=   -2.6069    axis=( -0.569340 -0.765533  0.299685)
     Cl   1  Q=        -8.1650 1e-30 m^2  Cq=        50.0123 MHz  eta= 0.82023

     C    2    Vxx=    0.2059    axis=(  0.692139 -0.653544 -0.306308)
     C    2    Vyy=    0.3876    axis=( -0.029105 -0.449315  0.892899)
     C    2    Vzz=   -0.5935    axis=( -0.721178 -0.609095 -0.330010)
     C    2  Q=         1.0000 1e-30 m^2  Cq=        -1.3944 MHz  eta= 0.30625

     C    3    Vxx=    0.0469    axis=(  0.618388 -0.725523  0.302014)
     C    3    Vyy=    0.3697    axis=(  0.497210  0.063592 -0.865296)
     C    3    Vzz=   -0.4166    axis=(  0.608587  0.685254  0.400062)
     C    3  Q=         1.0000 1e-30 m^2  Cq=        -0.9787 MHz  eta= 0.77481

     H    4    Vxx=   -0.0214    axis=( -0.663480  0.111207  0.739883)
     H    4    Vyy=   -0.4641    axis=( -0.144955  0.951050 -0.272932)
     H    4    Vzz=    0.4855    axis=( -0.734018 -0.288335 -0.614883)
     H    4  Q=         1.0000 1e-30 m^2  Cq=         1.1407 MHz  eta= 0.91204

     C    5    Vxx=    0.0701    axis=( -0.743470 -0.462814  0.482758)
     C    5    Vyy=    0.6619    axis=(  0.513580  0.067245  0.855403)
     C    5    Vzz=   -0.7320    axis=( -0.428355  0.883901  0.187697)
     C    5  Q=         1.0000 1e-30 m^2  Cq=        -1.7199 MHz  eta= 0.80851

     H    6    Vxx=   -0.0454    axis=(  0.751631  0.301726 -0.586525)
     H    6    Vyy=   -0.5511    axis=( -0.656859  0.423159 -0.624077)
     H    6    Vzz=    0.5965    axis=(  0.059893  0.854340  0.516251)
     H    6  Q=         1.0000 1e-30 m^2  Cq=         1.4015 MHz  eta= 0.84786

     H    7    Vxx=   -0.0253    axis=(  0.022349  0.094220  0.995301)
     H    7    Vyy=   -0.5232    axis=(  0.993707  0.107200 -0.032462)
     H    7    Vzz=    0.5484    axis=( -0.109755  0.989763 -0.091231)
     H    7  Q=         1.0000 1e-30 m^2  Cq=         1.2886 MHz  eta= 0.90781

     C    8    Vxx=    0.0320    axis=(  0.441013 -0.545080  0.713018)
     C    8    Vyy=    0.5358    axis=(  0.088049  0.816893  0.570029)
     C    8    Vzz=   -0.5679    axis=(  0.893171  0.188610 -0.408254)
     C    8  Q=         1.0000 1e-30 m^2  Cq=        -1.3342 MHz  eta= 0.88729

     H    9    Vxx=   -0.0245    axis=( -0.527771 -0.112542  0.841898)
     H    9    Vyy=   -0.6218    axis=(  0.291222  0.907128  0.303823)
     H    9    Vzz=    0.6463    axis=( -0.797902  0.405528 -0.445981)
     H    9  Q=         1.0000 1e-30 m^2  Cq=         1.5185 MHz  eta= 0.92426

     C   10    Vxx=   -0.1052    axis=(  0.847550 -0.258755 -0.463363)
     C   10    Vyy=   -0.5025    axis=( -0.362818  0.354700 -0.861714)
     C   10    Vzz=    0.6077    axis=(  0.387328  0.898462  0.206745)
     C   10  Q=         1.0000 1e-30 m^2  Cq=         1.4279 MHz  eta= 0.65379

     C   11    Vxx=   -0.1183    axis=(  0.483055 -0.024619 -0.875244)
     C   11    Vyy=   -0.5004    axis=( -0.854244 -0.232625 -0.464921)
     C   11    Vzz=    0.6187    axis=( -0.192158  0.972255 -0.133402)
     C   11  Q=         1.0000 1e-30 m^2  Cq=         1.4536 MHz  eta= 0.61756

     Cl  12    Vxx=    0.6451    axis=( -0.908491  0.384945 -0.162671)
     Cl  12    Vyy=    2.2161    axis=(  0.405412  0.906287 -0.119519)
     Cl  12    Vzz=   -2.8613    axis=( -0.101419  0.174531  0.979415)
     Cl  12  Q=        -8.1650 1e-30 m^2  Cq=        54.8922 MHz  eta= 0.54906

     H   13    Vxx=   -0.0027    axis=(  0.590904  0.331511 -0.735482)
     H   13    Vyy=   -0.4718    axis=( -0.806519  0.264218 -0.528883)
     H   13    Vzz=    0.4745    axis=( -0.018997 -0.905698 -0.423497)
     H   13  Q=         1.0000 1e-30 m^2  Cq=         1.1149 MHz  eta= 0.98843

     C   14    Vxx=    0.0076    axis=(  0.522414  0.449366  0.724675)
     C   14    Vyy=    0.1963    axis=( -0.034686 -0.837965  0.544621)
     C   14    Vzz=   -0.2038    axis=(  0.851986 -0.309653 -0.422178)
     C   14  Q=         1.0000 1e-30 m^2  Cq=        -0.4789 MHz  eta= 0.92582

     H   15    Vxx=   -0.0270    axis=(  0.156794  0.637127 -0.754642)
     H   15    Vyy=   -0.5050    axis=(  0.629224 -0.653388 -0.420905)
     H   15    Vzz=    0.5319    axis=( -0.761244 -0.408844 -0.503343)
     H   15  Q=         1.0000 1e-30 m^2  Cq=         1.2498 MHz  eta= 0.89856

     C   16    Vxx=   -0.0181    axis=( -0.316473 -0.594331  0.739334)
     C   16    Vyy=   -0.3724    axis=( -0.630392 -0.450630 -0.632090)
     C   16    Vzz=    0.3905    axis=( -0.708837  0.666110  0.232050)
     C   16  Q=         1.0000 1e-30 m^2  Cq=         0.9175 MHz  eta= 0.90718

     C   17    Vxx=   -0.1774    axis=( -0.312395 -0.356020  0.880715)
     C   17    Vyy=   -0.6124    axis=( -0.944692  0.213857 -0.248639)
     C   17    Vzz=    0.7898    axis=( -0.099826 -0.909678 -0.403138)
     C   17  Q=         1.0000 1e-30 m^2  Cq=         1.8557 MHz  eta= 0.55069

     Cl  18    Vxx=    0.4335    axis=(  0.955824 -0.280925  0.086494)
     Cl  18    Vyy=    2.1318    axis=(  0.249970  0.931673  0.263629)
     Cl  18    Vzz=   -2.5652    axis=( -0.154644 -0.230362  0.960738)
     Cl  18  Q=        -8.1650 1e-30 m^2  Cq=        49.2129 MHz  eta= 0.66203

     H   19    Vxx=   -0.1184    axis=( -0.059820  0.391877  0.918071)
     H   19    Vyy=   -0.1871    axis=( -0.997640  0.007571 -0.068237)
     H   19    Vzz=    0.3055    axis=( -0.033691 -0.919986  0.390500)
     H   19  Q=         1.0000 1e-30 m^2  Cq=         0.7177 MHz  eta= 0.22513

     C   20    Vxx=   -0.0636    axis=(  0.991363  0.082021 -0.102331)
     C   20    Vyy=   -0.2299    axis=( -0.109290  0.947996 -0.298932)
     C   20    Vzz=    0.2935    axis=(  0.072491  0.307533  0.948772)
     C   20  Q=         1.0000 1e-30 m^2  Cq=         0.6895 MHz  eta= 0.56680

     H   21    Vxx=    0.0104    axis=(  0.330186  0.849395 -0.411710)
     H   21    Vyy=    0.6479    axis=(  0.888342 -0.132176  0.439748)
     H   21    Vzz=   -0.6582    axis=(  0.319101 -0.510938 -0.798196)
     H   21  Q=         1.0000 1e-30 m^2  Cq=        -1.5466 MHz  eta= 0.96851

     C   22    Vxx=   -0.1434    axis=( -0.508788  0.734940 -0.448327)
     C   22    Vyy=   -0.3880    axis=(  0.803318  0.592550  0.059710)
     C   22    Vzz=    0.5313    axis=( -0.309540  0.329769  0.891873)
     C   22  Q=         1.0000 1e-30 m^2  Cq=         1.2484 MHz  eta= 0.46036

     C   23    Vxx=    0.0304    axis=( -0.179073  0.432233  0.883803)
     C   23    Vyy=    0.7886    axis=( -0.813269 -0.570561  0.114257)
     C   23    Vzz=   -0.8190    axis=(  0.553649 -0.698309  0.453694)
     C   23  Q=         1.0000 1e-30 m^2  Cq=        -1.9244 MHz  eta= 0.92573

     Cl  24    Vxx=   -1.2471    axis=( -0.306759  0.555597  0.772794)
     Cl  24    Vyy=   -1.6553    axis=(  0.460060 -0.624233  0.631409)
     Cl  24    Vzz=    2.9024    axis=( -0.833213 -0.549222  0.064118)
     Cl  24  Q=        -8.1650 1e-30 m^2  Cq=       -55.6807 MHz  eta= 0.14062

     Initialization:
     gipaw_setup  :      8.92s CPU     11.00s WALL (       1 calls)

     Linear response

     Apply operators

     Induced current

     Other routines
     efg          :      9.34s CPU     11.76s WALL (       1 calls)

     General routines
     calbec       :      3.30s CPU      4.31s WALL (      16 calls)
     fft          :      1.40s CPU      1.76s WALL (      15 calls)
     ffts         :      0.04s CPU      0.09s WALL (       2 calls)
     fftw         :      3.34s CPU      4.07s WALL (     672 calls)
     davcio       :      0.02s CPU      0.33s WALL (      32 calls)

     Parallel routines
     fft_scatter  :      2.16s CPU      3.03s WALL (     689 calls)

     Plugins

     GIPAW        :     61.72s CPU     75.50s WALL (       1 calls)
