
     Program QE v.6.0 (svn rev. 13079) starts on 23Jan2017 at 10:36:18 

     This program is part of the open-source Quantum ESPRESSO suite
     for quantum simulation of materials; please cite
         "P. Giannozzi et al., J. Phys.:Condens. Matter 21 395502 (2009);
          URL http://www.quantum-espresso.org", 
     in publications or presentations arising from this work. More details at
     http://www.quantum-espresso.org/quote

     Parallel version (MPI), running on     8 processors
     R & G space division:  proc/nbgrp/npool/nimage =       8

     ***** This is GIPAW svn revision unknown      *****

     Parallelizing q-star over 1 images

     Reading data from directory:
     /users/majewski/paradichlorobenzene/pbe/9_constraint/scratch/pbe.ecut100.np8.dt60.pcl2phi-129368.save
     Message from routine read_xml_file:
     file /users/majewski/paradichlorobenzene/pbe/9_constraint/scratch/pbe.ecut100.np8.dt60.pcl2phi-129368.save not guaranteed to be safe for post-processing

   Info: using nr1, nr2, nr3 values from input

   Info: using nr1, nr2, nr3 values from input

     IMPORTANT: XC functional enforced from input :
     Exchange-correlation      =  SLA  PW   PBX  PBC ( 1  4  3  4 0 0)
     Any further DFT definition will be discarded
     Please, verify this is what you really want

               file C.pbe-n-kjpaw_psl.1.0.0.UPF: wavefunction(s)  2S 2P renormalized
               file Cl.pbe-n-kjpaw_psl.1.0.0.UPF: wavefunction(s)  3S 3P renormalized
               file H.pbe-kjpaw_psl.1.0.0.UPF: wavefunction(s)  1S renormalized

     Parallelization info
     --------------------
     sticks:   dense  smooth     PW     G-vecs:    dense   smooth      PW
     Min        3057    1223    332               144436    36536    5170
     Max        3059    1225    333               144437    36537    5171
     Sum       24467    9791   2657              1155489   292295   41363


     Subspace diagonalization in iterative solution of the eigenvalue problem:
     a serial algorithm will be used

     GIPAW projectors -----------------------------------------------
     atom=  C    l=0  rc=    1.2000  rs=    0.8000
     atom=  C    l=0  rc=    1.2000  rs=    0.8000
     atom=  C    l=1  rc=    1.4000  rs=    0.9333
     atom=  C    l=1  rc=    1.4000  rs=    0.9333
     projs nearly linearly dependent: l=1  n1,n2= 1, 2  s=  0.99951561

     atom=  Cl   l=0  rc=    1.6000  rs=    1.0667
     atom=  Cl   l=0  rc=    1.6000  rs=    1.0667
     atom=  Cl   l=1  rc=    1.6000  rs=    1.0667
     atom=  Cl   l=1  rc=    1.6000  rs=    1.0667
     atom=  Cl   l=2  rc=    1.6000  rs=    1.0667
     atom=  Cl   l=2  rc=    1.6000  rs=    1.0667
     projs nearly linearly dependent: l=2  n1,n2= 1, 2  s=  0.99993509

     atom=  H    l=0  rc=    1.0000  rs=    0.6667
     atom=  H    l=0  rc=    1.0000  rs=    0.6667
     projs nearly linearly dependent: l=0  n1,n2= 1, 2  s=  0.99968852
     -----------------------------------------------------------------

     GIPAW integrals: -------------------------------------------
     Atom  i/j   nmr_para   nmr_dia   epr_rmc  epr_para   epr_dia
       C   1 1   0.83E+03  0.17E-01  0.93E+01  0.24E+08  0.24E+03
       C   2 1   0.86E+03 -0.61E-01  0.94E+01  0.25E+08  0.25E+03
       C   2 2   0.90E+03 -0.15E+00  0.97E+01  0.26E+08  0.26E+03
       C   3 3   0.33E+01  0.34E+00  0.18E+01  0.55E+03  0.21E+02
       C   4 3   0.35E+01  0.37E+00  0.20E+01  0.59E+03  0.22E+02
       C   4 4   0.38E+01  0.39E+00  0.22E+01  0.63E+03  0.24E+02
       Cl  1 1   0.14E+04 -0.47E+00  0.84E+01  0.32E+09  0.42E+03
       Cl  2 1   0.21E+04 -0.37E+00  0.12E+02  0.49E+09  0.65E+03
       Cl  2 2   0.33E+04 -0.16E+00  0.21E+02  0.76E+09  0.10E+04
       Cl  3 3   0.21E+02  0.79E-01  0.89E+01  0.23E+05  0.13E+03
       Cl  4 3   0.24E+02  0.67E-01  0.99E+01  0.27E+05  0.15E+03
       Cl  4 4   0.28E+02  0.44E-01  0.11E+02  0.32E+05  0.18E+03
       Cl  5 5   0.77E+00  0.19E+00  0.18E+01  0.12E+03  0.22E+02
       Cl  6 5   0.80E+00  0.19E+00  0.19E+01  0.12E+03  0.23E+02
       Cl  6 6   0.83E+00  0.20E+00  0.19E+01  0.12E+03  0.23E+02
       H   1 1   0.39E+02  0.19E+00  0.29E+00  0.78E+05  0.13E+02
       H   2 1   0.41E+02  0.21E+00  0.32E+00  0.82E+05  0.14E+02
       H   2 2   0.43E+02  0.22E+00  0.36E+00  0.86E+05  0.15E+02
     ------------------------------------------------------------

     alpha_pv=     33.9699 eV

     Number of occupied bands for each k-point:
     k-point:     1    nbnd_occ=  42
     k-point:     2    nbnd_occ=  42
     k-point:     3    nbnd_occ=  42
     k-point:     4    nbnd_occ=  42
     k-point:     5    nbnd_occ=  42
     k-point:     6    nbnd_occ=  42
     k-point:     7    nbnd_occ=  42
     k-point:     8    nbnd_occ=  42
     k-point:     9    nbnd_occ=  42
     k-point:    10    nbnd_occ=  42
     k-point:    11    nbnd_occ=  42
     k-point:    12    nbnd_occ=  42
     k-point:    13    nbnd_occ=  42
     k-point:    14    nbnd_occ=  42
     k-point:    15    nbnd_occ=  42
     k-point:    16    nbnd_occ=  42


     q-space interpolation up to   110.00 Rydberg

     GIPAW job: efg                                                                             


     ELECTRIC FIELD GRADIENTS TENSORS IN Hartree/bohrradius^2:

     ----- bare term -----
     Cl   1        0.037657        0.106310       -0.085172
     Cl   1        0.106310        0.052371       -0.073045
     Cl   1       -0.085172       -0.073045       -0.090028

     C    2        0.046273        0.472571       -0.145605
     C    2        0.472571       -0.260171       -0.529226
     C    2       -0.145605       -0.529226        0.213898

     C    3       -0.083995        0.165097       -0.391299
     C    3        0.165097       -0.071911       -0.369005
     C    3       -0.391299       -0.369005        0.155906

     H    4       -0.600065       -0.440219        0.080150
     H    4       -0.440219        0.285787        0.013233
     H    4        0.080150        0.013233        0.314279

     C    5        0.041834        0.537682       -0.107296
     C    5        0.537682       -0.343374       -0.387718
     C    5       -0.107296       -0.387718        0.301540

     H    6        0.322629       -0.364087       -0.009510
     H    6       -0.364087       -0.666958       -0.243245
     H    6       -0.009510       -0.243245        0.344329

     H    7        0.295444        0.034738       -0.321699
     H    7        0.034738       -0.164105        0.436148
     H    7       -0.321699        0.436148       -0.131339

     C    8       -0.266371       -0.356079       -0.036969
     C    8       -0.356079       -0.145384        0.382763
     C    8       -0.036969        0.382763        0.411755

     H    9        0.093340       -0.013370       -0.468825
     H    9       -0.013370        0.290580       -0.206059
     H    9       -0.468825       -0.206059       -0.383920

     C   10       -0.046548        0.071528       -0.204614
     C   10        0.071528       -0.079228        0.521628
     C   10       -0.204614        0.521628        0.125776

     C   11       -0.311263       -0.358827       -0.069300
     C   11       -0.358827       -0.125627        0.429541
     C   11       -0.069300        0.429541        0.436889

     Cl  12       -0.034419        0.034439       -0.064189
     Cl  12        0.034439        0.044172        0.102136
     Cl  12       -0.064189        0.102136       -0.009752

     H   13        0.231316        0.254092       -0.276387
     H   13        0.254092       -0.518602       -0.028609
     H   13       -0.276387       -0.028609        0.287285

     C   14       -0.439455       -0.142183       -0.261816
     C   14       -0.142183       -0.031289       -0.371188
     C   14       -0.261816       -0.371188        0.470744

     H   15       -0.402719       -0.393290        0.062513
     H   15       -0.393290        0.313088        0.045464
     H   15        0.062513        0.045464        0.089631

     C   16       -0.058243        0.468014        0.216388
     C   16        0.468014       -0.461903       -0.516390
     C   16        0.216388       -0.516390        0.520145

     C   17       -0.147518       -0.002654       -0.392255
     C   17       -0.002654        0.004614       -0.371508
     C   17       -0.392255       -0.371508        0.142903

     Cl  18       -0.048564        0.189450       -0.155308
     Cl  18        0.189450       -0.103770       -0.037294
     Cl  18       -0.155308       -0.037294        0.152334

     H   19        0.090346       -0.040104        0.377679
     H   19       -0.040104        0.155608        0.293549
     H   19        0.377679        0.293549       -0.245954

     C   20       -0.033532        0.099549       -0.500828
     C   20        0.099549        0.012829        0.385815
     C   20       -0.500828        0.385815        0.020702

     H   21        0.121967        0.065879       -0.158880
     H   21        0.065879        0.481348       -0.001630
     H   21       -0.158880       -0.001630       -0.603315

     C   22        0.057206       -0.383504       -0.003362
     C   22       -0.383504       -0.230772        0.104493
     C   22       -0.003362        0.104493        0.173567

     C   23        0.116728        0.175930       -0.611284
     C   23        0.175930       -0.157604        0.534624
     C   23       -0.611284        0.534624        0.040876

     Cl  24       -0.107747       -0.273053       -0.097885
     Cl  24       -0.273053       -0.068111        0.045797
     Cl  24       -0.097885        0.045797        0.175858

     ----- ionic term -----
     Cl   1        0.142617       -0.186313       -0.018805
     Cl   1       -0.186313        0.005244        0.010606
     Cl   1       -0.018805        0.010606       -0.147861

     C    2        0.295143       -0.009436        0.174429
     C    2       -0.009436        0.186010        0.399238
     C    2        0.174429        0.399238       -0.481153

     C    3        0.186620       -0.160942        0.121810
     C    3       -0.160942        0.239084        0.383398
     C    3        0.121810        0.383398       -0.425704

     H    4        0.733505        0.367936        0.511350
     H    4        0.367936       -0.402233        0.227359
     H    4        0.511350        0.227359       -0.331272

     C    5        0.298683       -0.138112        0.183361
     C    5       -0.138112        0.109792        0.308183
     C    5        0.183361        0.308183       -0.408475

     H    6       -0.537815        0.001231        0.003690
     H    6        0.001231        0.733579        0.654082
     H    6        0.003690        0.654082       -0.195764

     H    7       -0.537742       -0.062966        0.060395
     H    7       -0.062966        0.568046       -0.743292
     H    7        0.060395       -0.743292       -0.030304

     C    8        0.101019        0.233695        0.378717
     C    8        0.233695        0.054030       -0.242308
     C    8        0.378717       -0.242308       -0.155048

     H    9        0.329224       -0.202435        0.768543
     H    9       -0.202435       -0.460913       -0.241414
     H    9        0.768543       -0.241414        0.131689

     C   10       -0.025306        0.298005        0.244629
     C   10        0.298005        0.154266       -0.343660
     C   10        0.244629       -0.343660       -0.128960

     C   11        0.003058        0.314096        0.318321
     C   11        0.314096        0.062731       -0.366054
     C   11        0.318321       -0.366054       -0.065788

     Cl  12        0.098967        0.240263        0.010273
     Cl  12        0.240263        0.046006        0.013447
     Cl  12        0.010273        0.013447       -0.144973

     H   13       -0.497834       -0.022347       -0.029944
     H   13       -0.022347        0.855054        0.552626
     H   13       -0.029944        0.552626       -0.357220

     C   14        0.391203       -0.128222        0.145143
     C   14       -0.128222        0.144198        0.279753
     C   14        0.145143        0.279753       -0.535402

     H   15        0.884774        0.340944        0.392383
     H   15        0.340944       -0.356738        0.146220
     H   15        0.392383        0.146220       -0.528036

     C   16        0.305483       -0.235620        0.096303
     C   16       -0.235620        0.226519        0.272916
     C   16        0.096303        0.272916       -0.532002

     C   17        0.289946       -0.106197        0.281642
     C   17       -0.106197        0.173926        0.267058
     C   17        0.281642        0.267058       -0.463872

     Cl  18        0.168925       -0.197784        0.064732
     Cl  18       -0.197784       -0.007571       -0.025415
     Cl  18        0.064732       -0.025415       -0.161354

     H   19       -0.516019        0.135392       -0.115204
     H   19        0.135392        0.226431       -0.769610
     H   19       -0.115204       -0.769610        0.289587

     C   20        0.084659        0.303576        0.319204
     C   20        0.303576       -0.058939       -0.245263
     C   20        0.319204       -0.245263       -0.025719

     H   21        0.313523       -0.217021        0.802538
     H   21       -0.217021       -0.473535       -0.270857
     H   21        0.802538       -0.270857        0.160011

     C   22       -0.025845        0.273912        0.240766
     C   22        0.273912        0.102874       -0.400029
     C   22        0.240766       -0.400029       -0.077029

     C   23        0.049658        0.246757        0.340814
     C   23        0.246757        0.017537       -0.406890
     C   23        0.340814       -0.406890       -0.067195

     Cl  24        0.118394        0.200920        0.034850
     Cl  24        0.200920        0.016591        0.011510
     Cl  24        0.034850        0.011510       -0.134985

     ----- GIPAW term -----
     Cl   1        2.170569       -0.073184       -1.278060
     Cl   1       -0.073184        0.043308       -0.879489
     Cl   1       -1.278060       -0.879489       -2.213877

     C    2        0.203989        0.123098       -0.048161
     C    2        0.123098       -0.059089       -0.088104
     C    2       -0.048161       -0.088104       -0.144900

     C    3        0.095740        0.135735       -0.186003
     C    3        0.135735       -0.026819       -0.098368
     C    3       -0.186003       -0.098368       -0.068920

     H    4       -0.000000        0.000000        0.000000
     H    4        0.000000        0.000000        0.000000
     H    4        0.000000        0.000000        0.000000

     C    5        0.156453        0.249375       -0.030723
     C    5        0.249375       -0.068231       -0.094143
     C    5       -0.030723       -0.094143       -0.088221

     H    6       -0.000000        0.000000        0.000000
     H    6        0.000000        0.000000        0.000000
     H    6        0.000000        0.000000        0.000000

     H    7       -0.000000        0.000000        0.000000
     H    7        0.000000        0.000000        0.000000
     H    7        0.000000        0.000000        0.000000

     C    8        0.062832        0.075791        0.109270
     C    8        0.075791       -0.049901        0.114773
     C    8        0.109270        0.114773       -0.012931

     H    9       -0.000000        0.000000        0.000000
     H    9        0.000000        0.000000        0.000000
     H    9        0.000000        0.000000        0.000000

     C   10       -0.100084        0.085734        0.018023
     C   10        0.085734        0.049039        0.193827
     C   10        0.018023        0.193827        0.051045

     C   11        0.015139        0.168962        0.094778
     C   11        0.168962        0.029932        0.151879
     C   11        0.094778        0.151879       -0.045072

     Cl  12        0.017411        2.282344       -0.010678
     Cl  12        2.282344        1.346002        1.812832
     Cl  12       -0.010678        1.812832       -1.363414

     H   13       -0.000000        0.000000        0.000000
     H   13        0.000000        0.000000        0.000000
     H   13        0.000000        0.000000        0.000000

     C   14       -0.025165       -0.087789        0.162255
     C   14       -0.087789       -0.119673       -0.101093
     C   14        0.162255       -0.101093        0.144838

     H   15       -0.000000        0.000000        0.000000
     H   15        0.000000        0.000000        0.000000
     H   15        0.000000        0.000000        0.000000

     C   16       -0.005836       -0.006548        0.197327
     C   16       -0.006548       -0.133133       -0.132100
     C   16        0.197327       -0.132100        0.138969

     C   17        0.177556       -0.006652        0.050692
     C   17       -0.006652       -0.047285        0.011453
     C   17        0.050692        0.011453       -0.130271

     Cl  18        1.370780       -1.239097       -1.345261
     Cl  18       -1.239097       -0.697375       -0.318853
     Cl  18       -1.345261       -0.318853       -0.673405

     H   19       -0.000000        0.000000        0.000000
     H   19        0.000000        0.000000        0.000000
     H   19        0.000000        0.000000        0.000000

     C   20        0.180835        0.018849       -0.171268
     C   20        0.018849       -0.117341        0.051618
     C   20       -0.171268        0.051618       -0.063494

     H   21       -0.000000        0.000000        0.000000
     H   21        0.000000        0.000000        0.000000
     H   21        0.000000        0.000000        0.000000

     C   22        0.058532       -0.046265       -0.057575
     C   22       -0.046265       -0.062260        0.006598
     C   22       -0.057575        0.006598        0.003729

     C   23        0.232851        0.069731       -0.201236
     C   23        0.069731       -0.115895        0.077732
     C   23       -0.201236        0.077732       -0.116956

     Cl  24        1.216605       -0.334395       -2.077993
     Cl  24       -0.334395       -0.932310        1.068559
     Cl  24       -2.077993        1.068559       -0.284295

     ----- total EFG -----
     Cl   1        2.350843       -0.153188       -1.382037
     Cl   1       -0.153188        0.100923       -0.941928
     Cl   1       -1.382037       -0.941928       -2.451766

     C    2        0.545406        0.586234       -0.019338
     C    2        0.586234       -0.133250       -0.218092
     C    2       -0.019338       -0.218092       -0.412155

     C    3        0.198365        0.139890       -0.455491
     C    3        0.139890        0.140354       -0.083975
     C    3       -0.455491       -0.083975       -0.338719

     H    4        0.133440       -0.072283        0.591499
     H    4       -0.072283       -0.116447        0.240592
     H    4        0.591499        0.240592       -0.016993

     C    5        0.496969        0.648945        0.045342
     C    5        0.648945       -0.301813       -0.173678
     C    5        0.045342       -0.173678       -0.195156

     H    6       -0.215186       -0.362856       -0.005820
     H    6       -0.362856        0.066621        0.410837
     H    6       -0.005820        0.410837        0.148565

     H    7       -0.242297       -0.028228       -0.261304
     H    7       -0.028228        0.403941       -0.307144
     H    7       -0.261304       -0.307144       -0.161643

     C    8       -0.102520       -0.046592        0.451018
     C    8       -0.046592       -0.141255        0.255229
     C    8        0.451018        0.255229        0.243775

     H    9        0.422564       -0.215805        0.299718
     H    9       -0.215805       -0.170333       -0.447473
     H    9        0.299718       -0.447473       -0.252231

     C   10       -0.171938        0.455267        0.058038
     C   10        0.455267        0.124077        0.371795
     C   10        0.058038        0.371795        0.047861

     C   11       -0.293066        0.124230        0.343799
     C   11        0.124230       -0.032964        0.215366
     C   11        0.343799        0.215366        0.326029

     Cl  12        0.081959        2.557045       -0.064594
     Cl  12        2.557045        1.436180        1.928415
     Cl  12       -0.064594        1.928415       -1.518139

     H   13       -0.266518        0.231745       -0.306331
     H   13        0.231745        0.336452        0.524017
     H   13       -0.306331        0.524017       -0.069935

     C   14       -0.073417       -0.358194        0.045583
     C   14       -0.358194       -0.006764       -0.192529
     C   14        0.045583       -0.192529        0.080181

     H   15        0.482055       -0.052346        0.454896
     H   15       -0.052346       -0.043650        0.191683
     H   15        0.454896        0.191683       -0.438405

     C   16        0.241405        0.225846        0.510018
     C   16        0.225846       -0.368517       -0.375573
     C   16        0.510018       -0.375573        0.127112

     C   17        0.319984       -0.115503       -0.059921
     C   17       -0.115503        0.131255       -0.092997
     C   17       -0.059921       -0.092997       -0.451240

     Cl  18        1.491142       -1.247431       -1.435837
     Cl  18       -1.247431       -0.808716       -0.381562
     Cl  18       -1.435837       -0.381562       -0.682425

     H   19       -0.425673        0.095288        0.262475
     H   19        0.095288        0.382039       -0.476061
     H   19        0.262475       -0.476061        0.043634

     C   20        0.231963        0.421974       -0.352893
     C   20        0.421974       -0.163451        0.192170
     C   20       -0.352893        0.192170       -0.068511

     H   21        0.435491       -0.151142        0.643659
     H   21       -0.151142        0.007813       -0.272487
     H   21        0.643659       -0.272487       -0.443304

     C   22        0.089892       -0.155856        0.179828
     C   22       -0.155856       -0.190159       -0.288938
     C   22        0.179828       -0.288938        0.100266

     C   23        0.399237        0.492418       -0.471707
     C   23        0.492418       -0.255963        0.205465
     C   23       -0.471707        0.205465       -0.143274

     Cl  24        1.227252       -0.406529       -2.141028
     Cl  24       -0.406529       -0.983830        1.125866
     Cl  24       -2.141028        1.125866       -0.243422

     ----- total EFG (symmetrized) -----
     Cl   1        2.350843       -0.153188       -1.382037
     Cl   1       -0.153188        0.100923       -0.941928
     Cl   1       -1.382037       -0.941928       -2.451766

     C    2        0.545406        0.586234       -0.019338
     C    2        0.586234       -0.133250       -0.218092
     C    2       -0.019338       -0.218092       -0.412155

     C    3        0.198365        0.139890       -0.455491
     C    3        0.139890        0.140354       -0.083975
     C    3       -0.455491       -0.083975       -0.338719

     H    4        0.133440       -0.072283        0.591499
     H    4       -0.072283       -0.116447        0.240592
     H    4        0.591499        0.240592       -0.016993

     C    5        0.496969        0.648945        0.045342
     C    5        0.648945       -0.301813       -0.173678
     C    5        0.045342       -0.173678       -0.195156

     H    6       -0.215186       -0.362856       -0.005820
     H    6       -0.362856        0.066621        0.410837
     H    6       -0.005820        0.410837        0.148565

     H    7       -0.242297       -0.028228       -0.261304
     H    7       -0.028228        0.403941       -0.307144
     H    7       -0.261304       -0.307144       -0.161643

     C    8       -0.102520       -0.046592        0.451018
     C    8       -0.046592       -0.141255        0.255229
     C    8        0.451018        0.255229        0.243775

     H    9        0.422564       -0.215805        0.299718
     H    9       -0.215805       -0.170333       -0.447473
     H    9        0.299718       -0.447473       -0.252231

     C   10       -0.171938        0.455267        0.058038
     C   10        0.455267        0.124077        0.371795
     C   10        0.058038        0.371795        0.047861

     C   11       -0.293066        0.124230        0.343799
     C   11        0.124230       -0.032964        0.215366
     C   11        0.343799        0.215366        0.326029

     Cl  12        0.081959        2.557045       -0.064594
     Cl  12        2.557045        1.436180        1.928415
     Cl  12       -0.064594        1.928415       -1.518139

     H   13       -0.266518        0.231745       -0.306331
     H   13        0.231745        0.336452        0.524017
     H   13       -0.306331        0.524017       -0.069935

     C   14       -0.073417       -0.358194        0.045583
     C   14       -0.358194       -0.006764       -0.192529
     C   14        0.045583       -0.192529        0.080181

     H   15        0.482055       -0.052346        0.454896
     H   15       -0.052346       -0.043650        0.191683
     H   15        0.454896        0.191683       -0.438405

     C   16        0.241405        0.225846        0.510018
     C   16        0.225846       -0.368517       -0.375573
     C   16        0.510018       -0.375573        0.127112

     C   17        0.319984       -0.115503       -0.059921
     C   17       -0.115503        0.131255       -0.092997
     C   17       -0.059921       -0.092997       -0.451240

     Cl  18        1.491142       -1.247431       -1.435837
     Cl  18       -1.247431       -0.808716       -0.381562
     Cl  18       -1.435837       -0.381562       -0.682425

     H   19       -0.425673        0.095288        0.262475
     H   19        0.095288        0.382039       -0.476061
     H   19        0.262475       -0.476061        0.043634

     C   20        0.231963        0.421974       -0.352893
     C   20        0.421974       -0.163451        0.192170
     C   20       -0.352893        0.192170       -0.068511

     H   21        0.435491       -0.151142        0.643659
     H   21       -0.151142        0.007813       -0.272487
     H   21        0.643659       -0.272487       -0.443304

     C   22        0.089892       -0.155856        0.179828
     C   22       -0.155856       -0.190159       -0.288938
     C   22        0.179828       -0.288938        0.100266

     C   23        0.399237        0.492418       -0.471707
     C   23        0.492418       -0.255963        0.205465
     C   23       -0.471707        0.205465       -0.143274

     Cl  24        1.227252       -0.406529       -2.141028
     Cl  24       -0.406529       -0.983830        1.125866
     Cl  24       -2.141028        1.125866       -0.243422


     NQR/NMR SPECTROSCOPIC PARAMETERS:
     Cl   1    Vxx=    0.3788    axis=(  0.111007 -0.957954  0.264577)
     Cl   1    Vyy=    2.7238    axis=(  0.963650  0.038654 -0.264358)
     Cl   1    Vzz=   -3.1027    axis=(  0.243016  0.284305  0.927423)
     Cl   1  Q=        -8.1650 1e-30 m^2  Cq=        59.5229 MHz  eta= 0.75581

     C    2    Vxx=   -0.2679    axis=(  0.399899 -0.530113  0.747704)
     C    2    Vyy=   -0.6279    axis=(  0.328333 -0.678781 -0.656851)
     C    2    Vzz=    0.8957    axis=( -0.855733 -0.508169  0.097390)
     C    2  Q=         1.0000 1e-30 m^2  Cq=         2.1046 MHz  eta= 0.40189

     C    3    Vxx=    0.0716    axis=(  0.339672 -0.921466 -0.188476)
     C    3    Vyy=    0.5273    axis=( -0.799512 -0.388428  0.458153)
     C    3    Vzz=   -0.5990    axis=( -0.495382 -0.004933 -0.868661)
     C    3  Q=         1.0000 1e-30 m^2  Cq=        -1.4073 MHz  eta= 0.76088

     H    4    Vxx=   -0.0299    axis=(  0.372104 -0.903385 -0.213154)
     H    4    Vyy=   -0.6394    axis=(  0.579207  0.405441 -0.707203)
     H    4    Vzz=    0.6693    axis=( -0.725298 -0.139693 -0.674113)
     H    4  Q=         1.0000 1e-30 m^2  Cq=         1.5725 MHz  eta= 0.91063

     C    5    Vxx=   -0.1397    axis=(  0.190568 -0.253225  0.948452)
     C    5    Vyy=   -0.7219    axis=( -0.455283  0.833168  0.313924)
     C    5    Vzz=    0.8615    axis=( -0.869714 -0.491637  0.043486)
     C    5  Q=         1.0000 1e-30 m^2  Cq=         2.0243 MHz  eta= 0.67575

     H    6    Vxx=   -0.0489    axis=( -0.665370  0.315736 -0.676457)
     H    6    Vyy=   -0.5544    axis=( -0.676442 -0.638295  0.367432)
     H    6    Vzz=    0.6033    axis=( -0.315767  0.702062  0.638279)
     H    6  Q=         1.0000 1e-30 m^2  Cq=         1.4176 MHz  eta= 0.83784

     H    7    Vxx=   -0.0233    axis=(  0.732724 -0.364632 -0.574595)
     H    7    Vyy=   -0.5241    axis=(  0.671598  0.251135  0.697056)
     H    7    Vzz=    0.5474    axis=( -0.109868 -0.896646  0.428899)
     H    7  Q=         1.0000 1e-30 m^2  Cq=         1.2862 MHz  eta= 0.91473

     C    8    Vxx=   -0.0900    axis=(  0.531294 -0.844083 -0.072468)
     C    8    Vyy=   -0.5114    axis=(  0.676154  0.474018 -0.564024)
     C    8    Vzz=    0.6014    axis=(  0.510434  0.250663  0.822572)
     C    8  Q=         1.0000 1e-30 m^2  Cq=         1.4131 MHz  eta= 0.70066

     H    9    Vxx=   -0.0393    axis=(  0.607046  0.634386 -0.478592)
     H    9    Vyy=   -0.6667    axis=( -0.080028  0.647996  0.757427)
     H    9    Vzz=    0.7060    axis=(  0.790627 -0.421492  0.444133)
     H    9  Q=         1.0000 1e-30 m^2  Cq=         1.6588 MHz  eta= 0.88879

     C   10    Vxx=   -0.0879    axis=( -0.559776 -0.205685  0.802710)
     C   10    Vyy=   -0.5616    axis=( -0.698188  0.638807 -0.323200)
     C   10    Vzz=    0.6495    axis=( -0.446300 -0.741363 -0.501196)
     C   10  Q=         1.0000 1e-30 m^2  Cq=         1.5261 MHz  eta= 0.72939

     C   11    Vxx=   -0.1310    axis=(  0.082961 -0.924107  0.373019)
     C   11    Vyy=   -0.4481    axis=( -0.918884  0.073938  0.387537)
     C   11    Vzz=    0.5791    axis=(  0.385706  0.374912  0.843014)
     C   11  Q=         1.0000 1e-30 m^2  Cq=         1.3607 MHz  eta= 0.54741

     Cl  12    Vxx=   -0.7394    axis=( -0.707682  0.244058  0.663040)
     Cl  12    Vyy=   -3.1000    axis=( -0.459364  0.554084 -0.694245)
     Cl  12    Vzz=    3.8393    axis=(  0.536816  0.795881  0.280004)
     Cl  12  Q=        -8.1650 1e-30 m^2  Cq=       -73.6557 MHz  eta= 0.61485

     H   13    Vxx=    0.0442    axis=(  0.776431  0.338021 -0.531880)
     H   13    Vyy=    0.6957    axis=( -0.021804 -0.829070 -0.558719)
     H   13    Vzz=   -0.7399    axis=( -0.629825  0.445404 -0.636346)
     H   13  Q=         1.0000 1e-30 m^2  Cq=        -1.7385 MHz  eta= 0.88047

     C   14    Vxx=    0.0071    axis=( -0.468845  0.214391  0.856867)
     C   14    Vyy=    0.4128    axis=( -0.550789  0.687426 -0.473367)
     C   14    Vzz=   -0.4199    axis=( -0.690518 -0.693889 -0.204212)
     C   14  Q=         1.0000 1e-30 m^2  Cq=        -0.9865 MHz  eta= 0.96633

     H   15    Vxx=    0.0161    axis=(  0.144652 -0.955228 -0.258100)
     H   15    Vyy=    0.6698    axis=( -0.922321 -0.035706 -0.384770)
     H   15    Vzz=   -0.6859    axis=(  0.358328  0.293709 -0.886192)
     H   15  Q=         1.0000 1e-30 m^2  Cq=        -1.6115 MHz  eta= 0.95314

     C   16    Vxx=    0.0771    axis=(  0.550260  0.683330 -0.479868)
     C   16    Vyy=    0.7050    axis=( -0.716463  0.091242 -0.691633)
     C   16    Vzz=   -0.7821    axis=( -0.428830  0.724386  0.539787)
     C   16  Q=         1.0000 1e-30 m^2  Cq=        -1.8376 MHz  eta= 0.80285

     C   17    Vxx=    0.0983    axis=(  0.411134  0.890366 -0.195489)
     C   17    Vyy=    0.3750    axis=(  0.906209 -0.422440 -0.018172)
     C   17    Vzz=   -0.4734    axis=(  0.098763  0.169683  0.980537)
     C   17  Q=         1.0000 1e-30 m^2  Cq=        -1.1122 MHz  eta= 0.58451

     Cl  18    Vxx=   -0.3716    axis=(  0.043970 -0.725225  0.687106)
     Cl  18    Vyy=   -2.1232    axis=( -0.464899 -0.623619 -0.628466)
     Cl  18    Vzz=    2.4948    axis=( -0.884271  0.291801  0.364577)
     Cl  18  Q=        -8.1650 1e-30 m^2  Cq=       -47.8608 MHz  eta= 0.70211

     H   19    Vxx=   -0.0841    axis=(  0.610794  0.501193  0.612973)
     H   19    Vyy=   -0.6390    axis=(  0.788858 -0.318639 -0.525521)
     H   19    Vzz=    0.7231    axis=(  0.068070 -0.804534  0.589993)
     H   19  Q=         1.0000 1e-30 m^2  Cq=         1.6990 MHz  eta= 0.76747

     C   20    Vxx=    0.0816    axis=(  0.019335  0.637339  0.770341)
     C   20    Vyy=    0.5733    axis=( -0.849625 -0.395672  0.348684)
     C   20    Vzz=   -0.6549    axis=(  0.527032 -0.661243  0.533849)
     C   20  Q=         1.0000 1e-30 m^2  Cq=        -1.5388 MHz  eta= 0.75074

     H   21    Vxx=   -0.0371    axis=(  0.363379  0.930388 -0.048313)
     H   21    Vyy=   -0.8202    axis=( -0.425486  0.211868  0.879815)
     H   21    Vzz=    0.8573    axis=(  0.828805 -0.299150  0.472855)
     H   21  Q=         1.0000 1e-30 m^2  Cq=         2.0142 MHz  eta= 0.91352

     C   22    Vxx=   -0.0656    axis=( -0.821426 -0.205910  0.531846)
     C   22    Vyy=   -0.3722    axis=( -0.100868 -0.865393 -0.490836)
     C   22    Vzz=    0.4378    axis=(  0.561324 -0.456832  0.690087)
     C   22  Q=         1.0000 1e-30 m^2  Cq=         1.0287 MHz  eta= 0.70029

     C   23    Vxx=    0.0095    axis=(  0.051499  0.669283  0.741221)
     C   23    Vyy=    0.7889    axis=( -0.867849 -0.337258  0.364822)
     C   23    Vzz=   -0.7984    axis=(  0.494152 -0.662056  0.563468)
     C   23  Q=         1.0000 1e-30 m^2  Cq=        -1.8758 MHz  eta= 0.97626

     Cl  24    Vxx=   -0.7877    axis=(  0.503450  0.801975  0.321520)
     Cl  24    Vyy=   -2.2173    axis=(  0.395397 -0.544712  0.739561)
     Cl  24    Vzz=    3.0050    axis=( -0.768245  0.245204  0.591334)
     Cl  24  Q=        -8.1650 1e-30 m^2  Cq=       -57.6494 MHz  eta= 0.47577

     Initialization:
     gipaw_setup  :      9.24s CPU     10.70s WALL (       1 calls)

     Linear response

     Apply operators

     Induced current

     Other routines
     efg          :      9.26s CPU     11.66s WALL (       1 calls)

     General routines
     calbec       :      3.18s CPU      4.24s WALL (      16 calls)
     fft          :      1.41s CPU      1.85s WALL (      15 calls)
     ffts         :      0.03s CPU      0.04s WALL (       2 calls)
     fftw         :      3.36s CPU      4.13s WALL (     672 calls)
     davcio       :      0.03s CPU      0.32s WALL (      32 calls)

     Parallel routines
     fft_scatter  :      2.22s CPU      3.24s WALL (     689 calls)

     Plugins

     GIPAW        :     61.74s CPU     75.15s WALL (       1 calls)
