
     Program QE v.6.0 (svn rev. 13079) starts on 16Jan2017 at  1:45:25 

     This program is part of the open-source Quantum ESPRESSO suite
     for quantum simulation of materials; please cite
         "P. Giannozzi et al., J. Phys.:Condens. Matter 21 395502 (2009);
          URL http://www.quantum-espresso.org", 
     in publications or presentations arising from this work. More details at
     http://www.quantum-espresso.org/quote

     Parallel version (MPI), running on     8 processors
     R & G space division:  proc/nbgrp/npool/nimage =       8

     ***** This is GIPAW svn revision unknown      *****

     Parallelizing q-star over 1 images

     Reading data from directory:
     /users/majewski/paradichlorobenzene/pbe/9_constraint/scratch/pbe.ecut100.np8.dt60.pcl2phi-129368.save
     Message from routine read_xml_file:
     file /users/majewski/paradichlorobenzene/pbe/9_constraint/scratch/pbe.ecut100.np8.dt60.pcl2phi-129368.save not guaranteed to be safe for post-processing

   Info: using nr1, nr2, nr3 values from input

   Info: using nr1, nr2, nr3 values from input

     IMPORTANT: XC functional enforced from input :
     Exchange-correlation      =  SLA  PW   PBX  PBC ( 1  4  3  4 0 0)
     Any further DFT definition will be discarded
     Please, verify this is what you really want

               file C.pbe-n-kjpaw_psl.1.0.0.UPF: wavefunction(s)  2S 2P renormalized
               file Cl.pbe-n-kjpaw_psl.1.0.0.UPF: wavefunction(s)  3S 3P renormalized
               file H.pbe-kjpaw_psl.1.0.0.UPF: wavefunction(s)  1S renormalized

     Parallelization info
     --------------------
     sticks:   dense  smooth     PW     G-vecs:    dense   smooth      PW
     Min        3057    1223    332               144436    36536    5170
     Max        3059    1225    333               144437    36537    5171
     Sum       24467    9791   2657              1155489   292295   41363


     Subspace diagonalization in iterative solution of the eigenvalue problem:
     a serial algorithm will be used

     GIPAW projectors -----------------------------------------------
     atom=  C    l=0  rc=    1.2000  rs=    0.8000
     atom=  C    l=0  rc=    1.2000  rs=    0.8000
     atom=  C    l=1  rc=    1.4000  rs=    0.9333
     atom=  C    l=1  rc=    1.4000  rs=    0.9333
     projs nearly linearly dependent: l=1  n1,n2= 1, 2  s=  0.99951561

     atom=  Cl   l=0  rc=    1.6000  rs=    1.0667
     atom=  Cl   l=0  rc=    1.6000  rs=    1.0667
     atom=  Cl   l=1  rc=    1.6000  rs=    1.0667
     atom=  Cl   l=1  rc=    1.6000  rs=    1.0667
     atom=  Cl   l=2  rc=    1.6000  rs=    1.0667
     atom=  Cl   l=2  rc=    1.6000  rs=    1.0667
     projs nearly linearly dependent: l=2  n1,n2= 1, 2  s=  0.99993509

     atom=  H    l=0  rc=    1.0000  rs=    0.6667
     atom=  H    l=0  rc=    1.0000  rs=    0.6667
     projs nearly linearly dependent: l=0  n1,n2= 1, 2  s=  0.99968852
     -----------------------------------------------------------------

     GIPAW integrals: -------------------------------------------
     Atom  i/j   nmr_para   nmr_dia   epr_rmc  epr_para   epr_dia
       C   1 1   0.83E+03  0.17E-01  0.93E+01  0.24E+08  0.24E+03
       C   2 1   0.86E+03 -0.61E-01  0.94E+01  0.25E+08  0.25E+03
       C   2 2   0.90E+03 -0.15E+00  0.97E+01  0.26E+08  0.26E+03
       C   3 3   0.33E+01  0.34E+00  0.18E+01  0.55E+03  0.21E+02
       C   4 3   0.35E+01  0.37E+00  0.20E+01  0.59E+03  0.22E+02
       C   4 4   0.38E+01  0.39E+00  0.22E+01  0.63E+03  0.24E+02
       Cl  1 1   0.14E+04 -0.47E+00  0.84E+01  0.32E+09  0.42E+03
       Cl  2 1   0.21E+04 -0.37E+00  0.12E+02  0.49E+09  0.65E+03
       Cl  2 2   0.33E+04 -0.16E+00  0.21E+02  0.76E+09  0.10E+04
       Cl  3 3   0.21E+02  0.79E-01  0.89E+01  0.23E+05  0.13E+03
       Cl  4 3   0.24E+02  0.67E-01  0.99E+01  0.27E+05  0.15E+03
       Cl  4 4   0.28E+02  0.44E-01  0.11E+02  0.32E+05  0.18E+03
       Cl  5 5   0.77E+00  0.19E+00  0.18E+01  0.12E+03  0.22E+02
       Cl  6 5   0.80E+00  0.19E+00  0.19E+01  0.12E+03  0.23E+02
       Cl  6 6   0.83E+00  0.20E+00  0.19E+01  0.12E+03  0.23E+02
       H   1 1   0.39E+02  0.19E+00  0.29E+00  0.78E+05  0.13E+02
       H   2 1   0.41E+02  0.21E+00  0.32E+00  0.82E+05  0.14E+02
       H   2 2   0.43E+02  0.22E+00  0.36E+00  0.86E+05  0.15E+02
     ------------------------------------------------------------

     alpha_pv=     34.1690 eV

     Number of occupied bands for each k-point:
     k-point:     1    nbnd_occ=  42
     k-point:     2    nbnd_occ=  42
     k-point:     3    nbnd_occ=  42
     k-point:     4    nbnd_occ=  42
     k-point:     5    nbnd_occ=  42
     k-point:     6    nbnd_occ=  42
     k-point:     7    nbnd_occ=  42
     k-point:     8    nbnd_occ=  42
     k-point:     9    nbnd_occ=  42
     k-point:    10    nbnd_occ=  42
     k-point:    11    nbnd_occ=  42
     k-point:    12    nbnd_occ=  42
     k-point:    13    nbnd_occ=  42
     k-point:    14    nbnd_occ=  42
     k-point:    15    nbnd_occ=  42
     k-point:    16    nbnd_occ=  42


     q-space interpolation up to   110.00 Rydberg

     GIPAW job: efg                                                                             


     ELECTRIC FIELD GRADIENTS TENSORS IN Hartree/bohrradius^2:

     ----- bare term -----
     Cl   1        0.122504        0.182369        0.007548
     Cl   1        0.182369        0.138189        0.253059
     Cl   1        0.007548        0.253059       -0.260693

     C    2       -0.023014       -0.139896       -0.242150
     C    2       -0.139896       -0.021606       -0.495934
     C    2       -0.242150       -0.495934        0.044620

     C    3       -0.221217        0.196464       -0.258668
     C    3        0.196464       -0.021713       -0.298164
     C    3       -0.258668       -0.298164        0.242930

     H    4       -0.460224       -0.524996        0.038455
     H    4       -0.524996        0.140295        0.073342
     H    4        0.038455        0.073342        0.319929

     C    5        0.014301        0.482744        0.029858
     C    5        0.482744       -0.281215       -0.381292
     C    5        0.029858       -0.381292        0.266914

     H    6        0.211413       -0.427716       -0.164694
     H    6       -0.427716       -0.466069       -0.427877
     H    6       -0.164694       -0.427877        0.254656

     H    7        0.109766        0.137540        0.033842
     H    7        0.137540       -0.442308        0.520539
     H    7        0.033842        0.520539        0.332541

     C    8       -0.767559       -0.312923       -0.298372
     C    8       -0.312923        0.376653        0.124123
     C    8       -0.298372        0.124123        0.390906

     H    9       -0.071417       -0.097343       -0.553382
     H    9       -0.097343        0.116460       -0.189801
     H    9       -0.553382       -0.189801       -0.045043

     C   10        0.047670        0.208122       -0.333379
     C   10        0.208122       -0.096855        0.635642
     C   10       -0.333379        0.635642        0.049185

     C   11       -0.616694       -0.439581       -0.243315
     C   11       -0.439581        0.225219        0.216833
     C   11       -0.243315        0.216833        0.391475

     Cl  12        0.073062       -0.070645       -0.015382
     Cl  12       -0.070645       -0.058557       -0.010722
     Cl  12       -0.015382       -0.010722       -0.014504

     H   13       -0.012630        0.089504       -0.288042
     H   13        0.089504       -0.272961       -0.507424
     H   13       -0.288042       -0.507424        0.285591

     C   14       -0.737894        0.378362       -0.209622
     C   14        0.378362        0.263894       -0.113405
     C   14       -0.209622       -0.113405        0.474000

     H   15       -0.468921        0.213548       -0.050312
     H   15        0.213548        0.106060       -0.370954
     H   15       -0.050312       -0.370954        0.362861

     C   16        0.221298        0.010372       -0.175598
     C   16        0.010372       -0.419163       -0.643096
     C   16       -0.175598       -0.643096        0.197865

     C   17       -0.708474        0.429193       -0.385184
     C   17        0.429193        0.235119       -0.066118
     C   17       -0.385184       -0.066118        0.473355

     Cl  18        0.312600       -0.047667       -0.177355
     Cl  18       -0.047667        0.114066       -0.474739
     Cl  18       -0.177355       -0.474739       -0.426666

     H   19        0.392964       -0.165569       -0.023841
     H   19       -0.165569       -0.753227        0.208631
     H   19       -0.023841        0.208631        0.360263

     C   20       -0.132224        0.097701       -0.310626
     C   20        0.097701        0.060614        0.480645
     C   20       -0.310626        0.480645        0.071610

     H   21       -0.138804        0.325011       -0.390519
     H   21        0.325011       -0.175568        0.281105
     H   21       -0.390519        0.281105        0.314372

     C   22       -0.625575       -0.314853       -0.114784
     C   22       -0.314853        0.242467        0.273734
     C   22       -0.114784        0.273734        0.383107

     C   23       -0.044243        0.109588       -0.303388
     C   23        0.109588        0.069404        0.704832
     C   23       -0.303388        0.704832       -0.025161

     Cl  24       -0.262326       -0.193697       -0.007127
     Cl  24       -0.193697        0.156473        0.017744
     Cl  24       -0.007127        0.017744        0.105853

     ----- ionic term -----
     Cl   1        0.074289       -0.164634       -0.044402
     Cl   1       -0.164634        0.043475        0.046749
     Cl   1       -0.044402        0.046749       -0.117764

     C    2        0.284440       -0.049568        0.168681
     C    2       -0.049568        0.045359        0.438429
     C    2        0.168681        0.438429       -0.329800

     C    3        0.156867       -0.091537        0.127552
     C    3       -0.091537        0.103123        0.478674
     C    3        0.127552        0.478674       -0.259990

     H    4        0.717784        0.334925        0.577461
     H    4        0.334925       -0.455948        0.237233
     H    4        0.577461        0.237233       -0.261837

     C    5        0.332851       -0.162958        0.142214
     C    5       -0.162958       -0.006303        0.348111
     C    5        0.142214        0.348111       -0.326547

     H    6       -0.506999        0.155393        0.097427
     H    6        0.155393        0.626243        0.753620
     H    6        0.097427        0.753620       -0.119243

     H    7       -0.475040       -0.236003        0.086620
     H    7       -0.236003        0.860113       -0.505303
     H    7        0.086620       -0.505303       -0.385074

     C    8        0.322099        0.138086        0.246259
     C    8        0.138086        0.113757       -0.235810
     C    8        0.246259       -0.235810       -0.435856

     H    9        0.337161       -0.214896        0.766270
     H    9       -0.214896       -0.426387       -0.240968
     H    9        0.766270       -0.240968        0.089227

     C   10        0.089625        0.213748        0.220652
     C   10        0.213748        0.227674       -0.343386
     C   10        0.220652       -0.343386       -0.317299

     C   11        0.137646        0.194387        0.246958
     C   11        0.194387        0.198091       -0.364617
     C   11        0.246958       -0.364617       -0.335737

     Cl  12        0.137616        0.218936       -0.004219
     Cl  12        0.218936        0.015077       -0.010381
     Cl  12       -0.004219       -0.010381       -0.152693

     H   13       -0.467951        0.294139        0.144006
     H   13        0.294139        0.712824        0.673001
     H   13        0.144006        0.673001       -0.244874

     C   14        0.396884       -0.150075        0.115753
     C   14       -0.150075        0.054504        0.329112
     C   14        0.115753        0.329112       -0.451388

     H   15        0.862615        0.305422        0.468051
     H   15        0.305422       -0.443651        0.172564
     H   15        0.468051        0.172564       -0.418964

     C   16        0.201941       -0.183277        0.077411
     C   16       -0.183277        0.172973        0.442637
     C   16        0.077411        0.442637       -0.374914

     C   17        0.260674       -0.128552        0.150355
     C   17       -0.128552        0.063374        0.449724
     C   17        0.150355        0.449724       -0.324048

     Cl  18        0.109547       -0.211547       -0.075416
     Cl  18       -0.211547        0.003681        0.056683
     Cl  18       -0.075416        0.056683       -0.113229

     H   19       -0.498133        0.030401        0.005970
     H   19        0.030401        0.723574       -0.641930
     H   19        0.005970       -0.641930       -0.225441

     C   20        0.268389        0.250156        0.208862
     C   20        0.250156        0.061952       -0.290220
     C   20        0.208862       -0.290220       -0.330341

     H   21        0.533840       -0.228761        0.734573
     H   21       -0.228761       -0.448256       -0.237571
     H   21        0.734573       -0.237571       -0.085584

     C   22        0.151283        0.247102        0.167027
     C   22        0.247102        0.180204       -0.384773
     C   22        0.167027       -0.384773       -0.331487

     C   23        0.222680        0.190906        0.236673
     C   23        0.190906        0.164777       -0.347353
     C   23        0.236673       -0.347353       -0.387456

     Cl  24        0.136511        0.208440        0.024452
     Cl  24        0.208440        0.028711        0.000845
     Cl  24        0.024452        0.000845       -0.165222

     ----- GIPAW term -----
     Cl   1       -0.474157       -0.386171       -0.262362
     Cl   1       -0.386171       -0.576278       -0.700969
     Cl   1       -0.262362       -0.700969        1.050435

     C    2       -0.040727       -0.050498       -0.031680
     C    2       -0.050498        0.054567       -0.140705
     C    2       -0.031680       -0.140705       -0.013840

     C    3       -0.030525        0.118886       -0.139153
     C    3        0.118886        0.033284       -0.120860
     C    3       -0.139153       -0.120860       -0.002759

     H    4       -0.000000        0.000000        0.000000
     H    4        0.000000        0.000000        0.000000
     H    4        0.000000        0.000000        0.000000

     C    5        0.029148        0.240819        0.081832
     C    5        0.240819        0.055399        0.006497
     C    5        0.081832        0.006497       -0.084547

     H    6       -0.000000        0.000000        0.000000
     H    6        0.000000        0.000000        0.000000
     H    6        0.000000        0.000000        0.000000

     H    7       -0.000000        0.000000        0.000000
     H    7        0.000000        0.000000        0.000000
     H    7        0.000000        0.000000        0.000000

     C    8       -0.168364        0.115842       -0.033581
     C    8        0.115842        0.263002       -0.042472
     C    8       -0.033581       -0.042472       -0.094638

     H    9       -0.000000        0.000000        0.000000
     H    9        0.000000        0.000000        0.000000
     H    9        0.000000        0.000000        0.000000

     C   10       -0.056043        0.206712       -0.065675
     C   10        0.206712        0.197492        0.046414
     C   10       -0.065675        0.046414       -0.141449

     C   11       -0.138297        0.057405       -0.007534
     C   11        0.057405        0.230888        0.080476
     C   11       -0.007534        0.080476       -0.092591

     Cl  12       -0.127726        0.930006       -0.062963
     Cl  12        0.930006        2.567203       -0.227469
     Cl  12       -0.062963       -0.227469       -2.439477

     H   13       -0.000000        0.000000        0.000000
     H   13        0.000000        0.000000        0.000000
     H   13        0.000000        0.000000        0.000000

     C   14       -0.104436       -0.103374       -0.000581
     C   14       -0.103374        0.166586        0.015989
     C   14       -0.000581        0.015989       -0.062150

     H   15       -0.000000        0.000000        0.000000
     H   15        0.000000        0.000000        0.000000
     H   15        0.000000        0.000000        0.000000

     C   16       -0.069174       -0.045521       -0.018798
     C   16       -0.045521        0.111843        0.094022
     C   16       -0.018798        0.094022       -0.042669

     C   17       -0.076723        0.080208        0.018596
     C   17        0.080208        0.086478        0.096217
     C   17        0.018596        0.096217       -0.009755

     Cl  18        0.246937       -0.526276        0.027833
     Cl  18       -0.526276        0.018055        0.156452
     Cl  18        0.027833        0.156452       -0.264991

     H   19       -0.000000        0.000000        0.000000
     H   19        0.000000        0.000000        0.000000
     H   19        0.000000        0.000000        0.000000

     C   20       -0.107614        0.080592       -0.039940
     C   20        0.080592        0.259768        0.063455
     C   20       -0.039940        0.063455       -0.152155

     H   21       -0.000000        0.000000        0.000000
     H   21        0.000000        0.000000        0.000000
     H   21        0.000000        0.000000        0.000000

     C   22       -0.207605        0.017794       -0.000348
     C   22        0.017794        0.265999        0.108547
     C   22       -0.000348        0.108547       -0.058395

     C   23       -0.061485        0.095829       -0.044481
     C   23        0.095829        0.247358        0.150954
     C   23       -0.044481        0.150954       -0.185873

     Cl  24       -0.092215        1.855734       -0.104953
     Cl  24        1.855734        1.621868        0.064781
     Cl  24       -0.104953        0.064781       -1.529653

     ----- total EFG -----
     Cl   1       -0.277364       -0.368435       -0.299216
     Cl   1       -0.368435       -0.394614       -0.401161
     Cl   1       -0.299216       -0.401161        0.671978

     C    2        0.220699       -0.239962       -0.105148
     C    2       -0.239962        0.078321       -0.198210
     C    2       -0.105148       -0.198210       -0.299020

     C    3       -0.094874        0.223814       -0.270268
     C    3        0.223814        0.114694        0.059650
     C    3       -0.270268        0.059650       -0.019820

     H    4        0.257560       -0.190071        0.615916
     H    4       -0.190071       -0.315653        0.310575
     H    4        0.615916        0.310575        0.058093

     C    5        0.376300        0.560606        0.253904
     C    5        0.560606       -0.232120       -0.026684
     C    5        0.253904       -0.026684       -0.144180

     H    6       -0.295587       -0.272323       -0.067267
     H    6       -0.272323        0.160174        0.325743
     H    6       -0.067267        0.325743        0.135413

     H    7       -0.365274       -0.098462        0.120462
     H    7       -0.098462        0.417806        0.015236
     H    7        0.120462        0.015236       -0.052532

     C    8       -0.613823       -0.058995       -0.085694
     C    8       -0.058995        0.753411       -0.154158
     C    8       -0.085694       -0.154158       -0.139587

     H    9        0.265744       -0.312238        0.212888
     H    9       -0.312238       -0.309928       -0.430768
     H    9        0.212888       -0.430768        0.044184

     C   10        0.081251        0.628582       -0.178402
     C   10        0.628582        0.328311        0.338670
     C   10       -0.178402        0.338670       -0.409563

     C   11       -0.617344       -0.187788       -0.003891
     C   11       -0.187788        0.654198       -0.067308
     C   11       -0.003891       -0.067308       -0.036853

     Cl  12        0.082951        1.078298       -0.082565
     Cl  12        1.078298        2.523723       -0.248571
     Cl  12       -0.082565       -0.248571       -2.606674

     H   13       -0.480581        0.383643       -0.144037
     H   13        0.383643        0.439863        0.165576
     H   13       -0.144037        0.165576        0.040717

     C   14       -0.445447        0.124913       -0.094450
     C   14        0.124913        0.484985        0.231697
     C   14       -0.094450        0.231697       -0.039538

     H   15        0.393694        0.518970        0.417739
     H   15        0.518970       -0.337591       -0.198390
     H   15        0.417739       -0.198390       -0.056103

     C   16        0.354065       -0.218426       -0.116985
     C   16       -0.218426       -0.134347       -0.106437
     C   16       -0.116985       -0.106437       -0.219718

     C   17       -0.524523        0.380850       -0.216233
     C   17        0.380850        0.384971        0.479823
     C   17       -0.216233        0.479823        0.139552

     Cl  18        0.669084       -0.785490       -0.224939
     Cl  18       -0.785490        0.135802       -0.261604
     Cl  18       -0.224939       -0.261604       -0.804886

     H   19       -0.105169       -0.135168       -0.017872
     H   19       -0.135168       -0.029653       -0.433299
     H   19       -0.017872       -0.433299        0.134822

     C   20        0.028551        0.428449       -0.141703
     C   20        0.428449        0.382334        0.253880
     C   20       -0.141703        0.253880       -0.410886

     H   21        0.395036        0.096251        0.344054
     H   21        0.096251       -0.623824        0.043534
     H   21        0.344054        0.043534        0.228788

     C   22       -0.681896       -0.049957        0.051895
     C   22       -0.049957        0.688671       -0.002491
     C   22        0.051895       -0.002491       -0.006775

     C   23        0.116952        0.396324       -0.111196
     C   23        0.396324        0.481538        0.508433
     C   23       -0.111196        0.508433       -0.598490

     Cl  24       -0.218031        1.870477       -0.087627
     Cl  24        1.870477        1.807053        0.083370
     Cl  24       -0.087627        0.083370       -1.589022

     ----- total EFG (symmetrized) -----
     Cl   1       -0.277364       -0.368435       -0.299216
     Cl   1       -0.368435       -0.394614       -0.401161
     Cl   1       -0.299216       -0.401161        0.671978

     C    2        0.220699       -0.239962       -0.105148
     C    2       -0.239962        0.078321       -0.198210
     C    2       -0.105148       -0.198210       -0.299020

     C    3       -0.094874        0.223814       -0.270268
     C    3        0.223814        0.114694        0.059650
     C    3       -0.270268        0.059650       -0.019820

     H    4        0.257560       -0.190071        0.615916
     H    4       -0.190071       -0.315653        0.310575
     H    4        0.615916        0.310575        0.058093

     C    5        0.376300        0.560606        0.253904
     C    5        0.560606       -0.232120       -0.026684
     C    5        0.253904       -0.026684       -0.144180

     H    6       -0.295587       -0.272323       -0.067267
     H    6       -0.272323        0.160174        0.325743
     H    6       -0.067267        0.325743        0.135413

     H    7       -0.365274       -0.098462        0.120462
     H    7       -0.098462        0.417806        0.015236
     H    7        0.120462        0.015236       -0.052532

     C    8       -0.613823       -0.058995       -0.085694
     C    8       -0.058995        0.753411       -0.154158
     C    8       -0.085694       -0.154158       -0.139587

     H    9        0.265744       -0.312238        0.212888
     H    9       -0.312238       -0.309928       -0.430768
     H    9        0.212888       -0.430768        0.044184

     C   10        0.081251        0.628582       -0.178402
     C   10        0.628582        0.328311        0.338670
     C   10       -0.178402        0.338670       -0.409563

     C   11       -0.617344       -0.187788       -0.003891
     C   11       -0.187788        0.654198       -0.067308
     C   11       -0.003891       -0.067308       -0.036853

     Cl  12        0.082951        1.078298       -0.082565
     Cl  12        1.078298        2.523723       -0.248571
     Cl  12       -0.082565       -0.248571       -2.606674

     H   13       -0.480581        0.383643       -0.144037
     H   13        0.383643        0.439863        0.165576
     H   13       -0.144037        0.165576        0.040717

     C   14       -0.445447        0.124913       -0.094450
     C   14        0.124913        0.484985        0.231697
     C   14       -0.094450        0.231697       -0.039538

     H   15        0.393694        0.518970        0.417739
     H   15        0.518970       -0.337591       -0.198390
     H   15        0.417739       -0.198390       -0.056103

     C   16        0.354065       -0.218426       -0.116985
     C   16       -0.218426       -0.134347       -0.106437
     C   16       -0.116985       -0.106437       -0.219718

     C   17       -0.524523        0.380850       -0.216233
     C   17        0.380850        0.384971        0.479823
     C   17       -0.216233        0.479823        0.139552

     Cl  18        0.669084       -0.785490       -0.224939
     Cl  18       -0.785490        0.135802       -0.261604
     Cl  18       -0.224939       -0.261604       -0.804886

     H   19       -0.105169       -0.135168       -0.017872
     H   19       -0.135168       -0.029653       -0.433299
     H   19       -0.017872       -0.433299        0.134822

     C   20        0.028551        0.428449       -0.141703
     C   20        0.428449        0.382334        0.253880
     C   20       -0.141703        0.253880       -0.410886

     H   21        0.395036        0.096251        0.344054
     H   21        0.096251       -0.623824        0.043534
     H   21        0.344054        0.043534        0.228788

     C   22       -0.681896       -0.049957        0.051895
     C   22       -0.049957        0.688671       -0.002491
     C   22        0.051895       -0.002491       -0.006775

     C   23        0.116952        0.396324       -0.111196
     C   23        0.396324        0.481538        0.508433
     C   23       -0.111196        0.508433       -0.598490

     Cl  24       -0.218031        1.870477       -0.087627
     Cl  24        1.870477        1.807053        0.083370
     Cl  24       -0.087627        0.083370       -1.589022


     NQR/NMR SPECTROSCOPIC PARAMETERS:
     Cl   1    Vxx=    0.0360    axis=(  0.774712 -0.631410 -0.033791)
     Cl   1    Vyy=    0.8349    axis=(  0.169874  0.259308 -0.950738)
     Cl   1    Vzz=   -0.8708    axis=(  0.609068  0.730808  0.308150)
     Cl   1  Q=        -8.1650 1e-30 m^2  Cq=        16.7064 MHz  eta= 0.91739

     C    2    Vxx=    0.0420    axis=(  0.543757  0.641846 -0.540705)
     C    2    Vyy=    0.4018    axis=( -0.784850  0.617079 -0.056774)
     C    2    Vzz=   -0.4438    axis=(  0.297218  0.455244  0.839294)
     C    2  Q=         1.0000 1e-30 m^2  Cq=        -1.0427 MHz  eta= 0.81068

     C    3    Vxx=    0.1120    axis=(  0.197473 -0.675430 -0.710492)
     C    3    Vyy=    0.3026    axis=( -0.645879 -0.634861  0.424018)
     C    3    Vzz=   -0.4146    axis=( -0.737458  0.375160 -0.561614)
     C    3  Q=         1.0000 1e-30 m^2  Cq=        -0.9740 MHz  eta= 0.45964

     H    4    Vxx=   -0.0258    axis=(  0.450670 -0.773313 -0.445963)
     H    4    Vyy=   -0.7592    axis=(  0.484679  0.631492 -0.605231)
     H    4    Vzz=    0.7850    axis=(  0.749655  0.056610  0.659403)
     H    4  Q=         1.0000 1e-30 m^2  Cq=         1.8444 MHz  eta= 0.93432

     C    5    Vxx=   -0.1388    axis=( -0.022131 -0.395522  0.918190)
     C    5    Vyy=   -0.6185    axis=( -0.525926  0.785672  0.325762)
     C    5    Vzz=    0.7573    axis=(  0.850243  0.475690  0.225403)
     C    5  Q=         1.0000 1e-30 m^2  Cq=         1.7792 MHz  eta= 0.63340

     H    6    Vxx=   -0.1095    axis=(  0.432102 -0.483295  0.761390)
     H    6    Vyy=   -0.4366    axis=( -0.855518 -0.486738  0.176563)
     H    6    Vzz=    0.5462    axis=(  0.285265 -0.727676 -0.623788)
     H    6  Q=         1.0000 1e-30 m^2  Cq=         1.2833 MHz  eta= 0.59892

     H    7    Vxx=   -0.0122    axis=(  0.313121  0.038077  0.948950)
     H    7    Vyy=   -0.4178    axis=(  0.941745  0.116717 -0.315427)
     H    7    Vzz=    0.4300    axis=( -0.122769  0.992435  0.000688)
     H    7  Q=         1.0000 1e-30 m^2  Cq=         1.0103 MHz  eta= 0.94338

     C    8    Vxx=   -0.1465    axis=( -0.196899  0.152982  0.968415)
     C    8    Vyy=   -0.6342    axis=(  0.979909  0.062698  0.189332)
     C    8    Vzz=    0.7807    axis=( -0.031753  0.986238 -0.162254)
     C    8  Q=         1.0000 1e-30 m^2  Cq=         1.8343 MHz  eta= 0.62464

     H    9    Vxx=   -0.0342    axis=(  0.711535  0.230961 -0.663607)
     H    9    Vyy=   -0.6246    axis=(  0.181388  0.852047  0.491033)
     H    9    Vzz=    0.6588    axis=( -0.678834  0.469758 -0.564368)
     H    9  Q=         1.0000 1e-30 m^2  Cq=         1.5479 MHz  eta= 0.89631

     C   10    Vxx=   -0.0816    axis=(  0.613124 -0.358634 -0.703890)
     C   10    Vyy=   -0.7824    axis=( -0.509435  0.501506 -0.699262)
     C   10    Vzz=    0.8640    axis=( -0.603784 -0.787321 -0.124785)
     C   10  Q=         1.0000 1e-30 m^2  Cq=         2.0301 MHz  eta= 0.81109

     C   11    Vxx=   -0.0426    axis=( -0.035075  0.086722  0.995615)
     C   11    Vyy=   -0.6448    axis=( -0.989301 -0.144173 -0.022294)
     C   11    Vzz=    0.6874    axis=(  0.141607 -0.985745  0.090851)
     C   11  Q=         1.0000 1e-30 m^2  Cq=         1.6151 MHz  eta= 0.87611

     Cl  12    Vxx=   -0.3251    axis=(  0.935373 -0.353633  0.004678)
     Cl  12    Vyy=   -2.6191    axis=( -0.012283 -0.045704 -0.998879)
     Cl  12    Vzz=    2.9442    axis=(  0.353450  0.934267 -0.047094)
     Cl  12  Q=        -8.1650 1e-30 m^2  Cq=       -56.4828 MHz  eta= 0.77914

     H   13    Vxx=    0.0715    axis=( -0.314062 -0.097416  0.944391)
     H   13    Vyy=    0.6003    axis=(  0.304454  0.931854  0.197370)
     H   13    Vzz=   -0.6718    axis=( -0.899262  0.349510 -0.263002)
     H   13  Q=         1.0000 1e-30 m^2  Cq=        -1.5785 MHz  eta= 0.78703

     C   14    Vxx=   -0.0805    axis=( -0.332454 -0.293785  0.896195)
     C   14    Vyy=   -0.4992    axis=( -0.939453  0.186865 -0.287244)
     C   14    Vzz=    0.5796    axis=( -0.083079 -0.937428 -0.338121)
     C   14  Q=         1.0000 1e-30 m^2  Cq=         1.3619 MHz  eta= 0.72239

     H   15    Vxx=    0.0324    axis=(  0.103566  0.578920 -0.808780)
     H   15    Vyy=    0.7702    axis=( -0.868859 -0.343122 -0.356864)
     H   15    Vzz=   -0.8026    axis=( -0.484106  0.739675  0.467464)
     H   15  Q=         1.0000 1e-30 m^2  Cq=        -1.8859 MHz  eta= 0.91924

     C   16    Vxx=   -0.0823    axis=( -0.168028 -0.704830  0.689188)
     C   16    Vyy=   -0.3632    axis=( -0.307640 -0.626719 -0.715948)
     C   16    Vzz=    0.4455    axis=( -0.936549  0.332322  0.111528)
     C   16  Q=         1.0000 1e-30 m^2  Cq=         1.0468 MHz  eta= 0.63033

     C   17    Vxx=    0.0385    axis=( -0.552701 -0.402789  0.729577)
     C   17    Vyy=    0.7822    axis=(  0.145018  0.815604  0.560143)
     C   17    Vzz=   -0.8207    axis=( -0.820665  0.415394 -0.392374)
     C   17  Q=         1.0000 1e-30 m^2  Cq=        -1.9283 MHz  eta= 0.90628

     Cl  18    Vxx=   -0.2240    axis=(  0.492779  0.705949 -0.508729)
     Cl  18    Vyy=   -1.0084    axis=(  0.305896  0.406784  0.860787)
     Cl  18    Vzz=    1.2324    axis=( -0.814615  0.579796  0.015492)
     Cl  18  Q=        -8.1650 1e-30 m^2  Cq=       -23.6435 MHz  eta= 0.63652

     H   19    Vxx=   -0.0722    axis=(  0.932573 -0.186242 -0.309226)
     H   19    Vyy=   -0.4302    axis=(  0.339985  0.741047  0.579016)
     H   19    Vzz=    0.5025    axis=(  0.121314 -0.645107  0.754400)
     H   19  Q=         1.0000 1e-30 m^2  Cq=         1.1806 MHz  eta= 0.71243

     C   20    Vxx=   -0.0727    axis=( -0.729616  0.363944  0.578969)
     C   20    Vyy=   -0.6133    axis=(  0.441756 -0.395444  0.805280)
     C   20    Vzz=    0.6860    axis=( -0.522027 -0.843308 -0.127747)
     C   20  Q=         1.0000 1e-30 m^2  Cq=         1.6119 MHz  eta= 0.78799

     H   21    Vxx=   -0.0410    axis=( -0.613137 -0.042332  0.788842)
     H   21    Vyy=   -0.6330    axis=( -0.088195  0.995989 -0.015103)
     H   21    Vzz=    0.6740    axis=( -0.785038 -0.078832 -0.614411)
     H   21  Q=         1.0000 1e-30 m^2  Cq=         1.5836 MHz  eta= 0.87843

     C   22    Vxx=   -0.0029    axis=(  0.075538  0.009049  0.997102)
     C   22    Vyy=   -0.6877    axis=( -0.996471 -0.036032  0.075817)
     C   22    Vzz=    0.6905    axis=(  0.036614 -0.999310  0.006296)
     C   22  Q=         1.0000 1e-30 m^2  Cq=         1.6224 MHz  eta= 0.99170

     C   23    Vxx=    0.0284    axis=(  0.863662 -0.305484 -0.400959)
     C   23    Vyy=    0.8397    axis=( -0.430388 -0.860974 -0.271090)
     C   23    Vzz=   -0.8681    axis=( -0.262402  0.406698 -0.875067)
     C   23  Q=         1.0000 1e-30 m^2  Cq=        -2.0398 MHz  eta= 0.93459

     Cl  24    Vxx=   -1.2865    axis=( -0.801646  0.474923  0.363060)
     Cl  24    Vyy=   -1.6351    axis=(  0.309103 -0.190533  0.931747)
     Cl  24    Vzz=    2.9216    axis=( -0.511683 -0.859154 -0.005939)
     Cl  24  Q=        -8.1650 1e-30 m^2  Cq=       -56.0498 MHz  eta= 0.11934

     Initialization:
     gipaw_setup  :      9.14s CPU     11.22s WALL (       1 calls)

     Linear response

     Apply operators

     Induced current

     Other routines
     efg          :      9.36s CPU     12.09s WALL (       1 calls)

     General routines
     calbec       :      3.22s CPU      4.28s WALL (      16 calls)
     fft          :      2.05s CPU      3.60s WALL (      15 calls)
     ffts         :      0.04s CPU      0.05s WALL (       2 calls)
     fftw         :      3.32s CPU      4.32s WALL (     672 calls)
     davcio       :      0.02s CPU      0.30s WALL (      32 calls)

     Parallel routines
     fft_scatter  :      2.86s CPU      5.19s WALL (     689 calls)

     Plugins

     GIPAW        :     61.67s CPU     74.35s WALL (       1 calls)
