
     Program QE v.6.0 (svn rev. 13079) starts on 13Jan2017 at 11: 5: 2 

     This program is part of the open-source Quantum ESPRESSO suite
     for quantum simulation of materials; please cite
         "P. Giannozzi et al., J. Phys.:Condens. Matter 21 395502 (2009);
          URL http://www.quantum-espresso.org", 
     in publications or presentations arising from this work. More details at
     http://www.quantum-espresso.org/quote

     Parallel version (MPI), running on     8 processors
     R & G space division:  proc/nbgrp/npool/nimage =       8

     ***** This is GIPAW svn revision unknown      *****

     Parallelizing q-star over 1 images

     Reading data from directory:
     /users/majewski/paradichlorobenzene/pbe/9_constraint/scratch/pbe.ecut100.np8.dt60.pcl2phi-129368.save
     Message from routine read_xml_file:
     file /users/majewski/paradichlorobenzene/pbe/9_constraint/scratch/pbe.ecut100.np8.dt60.pcl2phi-129368.save not guaranteed to be safe for post-processing

   Info: using nr1, nr2, nr3 values from input

   Info: using nr1, nr2, nr3 values from input

     IMPORTANT: XC functional enforced from input :
     Exchange-correlation      =  SLA  PW   PBX  PBC ( 1  4  3  4 0 0)
     Any further DFT definition will be discarded
     Please, verify this is what you really want

               file C.pbe-n-kjpaw_psl.1.0.0.UPF: wavefunction(s)  2S 2P renormalized
               file Cl.pbe-n-kjpaw_psl.1.0.0.UPF: wavefunction(s)  3S 3P renormalized
               file H.pbe-kjpaw_psl.1.0.0.UPF: wavefunction(s)  1S renormalized

     Parallelization info
     --------------------
     sticks:   dense  smooth     PW     G-vecs:    dense   smooth      PW
     Min        3057    1223    332               144436    36536    5170
     Max        3059    1225    333               144437    36537    5171
     Sum       24467    9791   2657              1155489   292295   41363


     Subspace diagonalization in iterative solution of the eigenvalue problem:
     a serial algorithm will be used

     GIPAW projectors -----------------------------------------------
     atom=  C    l=0  rc=    1.2000  rs=    0.8000
     atom=  C    l=0  rc=    1.2000  rs=    0.8000
     atom=  C    l=1  rc=    1.4000  rs=    0.9333
     atom=  C    l=1  rc=    1.4000  rs=    0.9333
     projs nearly linearly dependent: l=1  n1,n2= 1, 2  s=  0.99951561

     atom=  Cl   l=0  rc=    1.6000  rs=    1.0667
     atom=  Cl   l=0  rc=    1.6000  rs=    1.0667
     atom=  Cl   l=1  rc=    1.6000  rs=    1.0667
     atom=  Cl   l=1  rc=    1.6000  rs=    1.0667
     atom=  Cl   l=2  rc=    1.6000  rs=    1.0667
     atom=  Cl   l=2  rc=    1.6000  rs=    1.0667
     projs nearly linearly dependent: l=2  n1,n2= 1, 2  s=  0.99993509

     atom=  H    l=0  rc=    1.0000  rs=    0.6667
     atom=  H    l=0  rc=    1.0000  rs=    0.6667
     projs nearly linearly dependent: l=0  n1,n2= 1, 2  s=  0.99968852
     -----------------------------------------------------------------

     GIPAW integrals: -------------------------------------------
     Atom  i/j   nmr_para   nmr_dia   epr_rmc  epr_para   epr_dia
       C   1 1   0.83E+03  0.17E-01  0.93E+01  0.24E+08  0.24E+03
       C   2 1   0.86E+03 -0.61E-01  0.94E+01  0.25E+08  0.25E+03
       C   2 2   0.90E+03 -0.15E+00  0.97E+01  0.26E+08  0.26E+03
       C   3 3   0.33E+01  0.34E+00  0.18E+01  0.55E+03  0.21E+02
       C   4 3   0.35E+01  0.37E+00  0.20E+01  0.59E+03  0.22E+02
       C   4 4   0.38E+01  0.39E+00  0.22E+01  0.63E+03  0.24E+02
       Cl  1 1   0.14E+04 -0.47E+00  0.84E+01  0.32E+09  0.42E+03
       Cl  2 1   0.21E+04 -0.37E+00  0.12E+02  0.49E+09  0.65E+03
       Cl  2 2   0.33E+04 -0.16E+00  0.21E+02  0.76E+09  0.10E+04
       Cl  3 3   0.21E+02  0.79E-01  0.89E+01  0.23E+05  0.13E+03
       Cl  4 3   0.24E+02  0.67E-01  0.99E+01  0.27E+05  0.15E+03
       Cl  4 4   0.28E+02  0.44E-01  0.11E+02  0.32E+05  0.18E+03
       Cl  5 5   0.77E+00  0.19E+00  0.18E+01  0.12E+03  0.22E+02
       Cl  6 5   0.80E+00  0.19E+00  0.19E+01  0.12E+03  0.23E+02
       Cl  6 6   0.83E+00  0.20E+00  0.19E+01  0.12E+03  0.23E+02
       H   1 1   0.39E+02  0.19E+00  0.29E+00  0.78E+05  0.13E+02
       H   2 1   0.41E+02  0.21E+00  0.32E+00  0.82E+05  0.14E+02
       H   2 2   0.43E+02  0.22E+00  0.36E+00  0.86E+05  0.15E+02
     ------------------------------------------------------------

     alpha_pv=     34.1651 eV

     Number of occupied bands for each k-point:
     k-point:     1    nbnd_occ=  42
     k-point:     2    nbnd_occ=  42
     k-point:     3    nbnd_occ=  42
     k-point:     4    nbnd_occ=  42
     k-point:     5    nbnd_occ=  42
     k-point:     6    nbnd_occ=  42
     k-point:     7    nbnd_occ=  42
     k-point:     8    nbnd_occ=  42
     k-point:     9    nbnd_occ=  42
     k-point:    10    nbnd_occ=  42
     k-point:    11    nbnd_occ=  42
     k-point:    12    nbnd_occ=  42
     k-point:    13    nbnd_occ=  42
     k-point:    14    nbnd_occ=  42
     k-point:    15    nbnd_occ=  42
     k-point:    16    nbnd_occ=  42


     q-space interpolation up to   110.00 Rydberg

     GIPAW job: efg                                                                             


     ELECTRIC FIELD GRADIENTS TENSORS IN Hartree/bohrradius^2:

     ----- bare term -----
     Cl   1        0.321216        0.098616       -0.160601
     Cl   1        0.098616        0.392272        0.062821
     Cl   1       -0.160601        0.062821       -0.713487

     C    2       -0.065940        0.337149       -0.001442
     C    2        0.337149       -0.541856       -0.402473
     C    2       -0.001442       -0.402473        0.607796

     C    3       -0.206925        0.413033       -0.351250
     C    3        0.413033       -0.247758       -0.281528
     C    3       -0.351250       -0.281528        0.454683

     H    4       -0.040652       -0.020154       -0.280337
     H    4       -0.020154        0.042151       -0.553136
     H    4       -0.280337       -0.553136       -0.001499

     C    5       -0.548795        0.196776       -0.377941
     C    5        0.196776        0.212853       -0.144976
     C    5       -0.377941       -0.144976        0.335942

     H    6        0.058228        0.177605       -0.250274
     H    6        0.177605       -0.369803       -0.408190
     H    6       -0.250274       -0.408190        0.311575

     H    7        0.447148        0.242917        0.024365
     H    7        0.242917       -0.774030        0.028833
     H    7        0.024365        0.028833        0.326882

     C    8       -0.038627        0.082689       -0.130780
     C    8        0.082689       -0.125439        0.080247
     C    8       -0.130780        0.080247        0.164066

     H    9       -0.243640        0.402552        0.136327
     H    9        0.402552        0.002396       -0.176183
     H    9        0.136327       -0.176183        0.241244

     C   10       -0.104826       -0.108305        0.129741
     C   10       -0.108305       -0.082425       -0.004070
     C   10        0.129741       -0.004070        0.187251

     C   11       -0.083195        0.083394       -0.307573
     C   11        0.083394        0.046533        0.718859
     C   11       -0.307573        0.718859        0.036663

     Cl  12       -0.227973       -0.255863       -0.010734
     Cl  12       -0.255863        0.215200        0.009969
     Cl  12       -0.010734        0.009969        0.012773

     H   13       -0.133212        0.355676        0.010868
     H   13        0.355676       -0.214468       -0.330755
     H   13        0.010868       -0.330755        0.347681

     C   14       -0.022743       -0.328885       -0.485709
     C   14       -0.328885       -0.072806       -0.522658
     C   14       -0.485709       -0.522658        0.095548

     H   15        0.061529       -0.033413       -0.243409
     H   15       -0.033413       -0.030674       -0.480587
     H   15       -0.243409       -0.480587       -0.030855

     C   16       -0.568671        0.412555       -0.345984
     C   16        0.412555        0.182988       -0.069690
     C   16       -0.345984       -0.069690        0.385684

     C   17        0.224992        0.083572       -0.104358
     C   17        0.083572       -0.460132       -0.548408
     C   17       -0.104358       -0.548408        0.235139

     Cl  18        0.206442        0.044201       -0.218265
     Cl  18        0.044201       -0.144509       -0.593785
     Cl  18       -0.218265       -0.593785       -0.061932

     H   19        0.228765        0.341934        0.207656
     H   19        0.341934       -0.486454        0.154028
     H   19        0.207656        0.154028        0.257689

     C   20       -0.728255       -0.257841       -0.448506
     C   20       -0.257841        0.061392        0.026932
     C   20       -0.448506        0.026932        0.666863

     H   21       -0.442085        0.382710        0.199004
     H   21        0.382710        0.294333       -0.065893
     H   21        0.199004       -0.065893        0.147752

     C   22        0.027168        0.037320       -0.258666
     C   22        0.037320       -0.489647        0.385626
     C   22       -0.258666        0.385626        0.462479

     C   23       -0.520269       -0.291183       -0.317758
     C   23       -0.291183        0.177248        0.314159
     C   23       -0.317758        0.314159        0.343021

     Cl  24       -0.069443        0.044297        0.011704
     Cl  24        0.044297        0.011477       -0.142869
     Cl  24        0.011704       -0.142869        0.057966

     ----- ionic term -----
     Cl   1        0.139664       -0.218004        0.102996
     Cl   1       -0.218004       -0.016088       -0.062132
     Cl   1        0.102996       -0.062132       -0.123576

     C    2        0.060189       -0.269292        0.373753
     C    2       -0.269292        0.169234        0.331204
     C    2        0.373753        0.331204       -0.229424

     C    3        0.124716       -0.250842        0.260179
     C    3       -0.250842        0.216344        0.347728
     C    3        0.260179        0.347728       -0.341060

     H    4        0.255264        0.507503        0.644110
     H    4        0.507503       -0.138937        0.441592
     H    4        0.644110        0.441592       -0.116326

     C    5        0.242476       -0.112630        0.398880
     C    5       -0.112630        0.048906        0.301818
     C    5        0.398880        0.301818       -0.291383

     H    6       -0.516825       -0.021243        0.008314
     H    6       -0.021243        0.803023        0.622560
     H    6        0.008314        0.622560       -0.286198

     H    7       -0.498730       -0.079703        0.054839
     H    7       -0.079703        0.435777       -0.748118
     H    7        0.054839       -0.748118        0.062953

     C    8        0.356004        0.092352        0.108943
     C    8        0.092352        0.083511       -0.281936
     C    8        0.108943       -0.281936       -0.439515

     H    9        0.765734       -0.480472        0.373797
     H    9       -0.480472       -0.295009       -0.180053
     H    9        0.373797       -0.180053       -0.470725

     C   10        0.200894        0.105522        0.089757
     C   10        0.105522        0.355542       -0.274499
     C   10        0.089757       -0.274499       -0.556436

     C   11        0.318620       -0.000469        0.172837
     C   11       -0.000469        0.290041       -0.255992
     C   11        0.172837       -0.255992       -0.608661

     Cl  12        0.142019        0.195092        0.011766
     Cl  12        0.195092        0.023256        0.008761
     Cl  12        0.011766        0.008761       -0.165275

     H   13       -0.504468       -0.184580       -0.069087
     H   13       -0.184580        0.682624        0.663145
     H   13       -0.069087        0.663145       -0.178156

     C   14        0.237573       -0.225919        0.369404
     C   14       -0.225919       -0.027246        0.287593
     C   14        0.369404        0.287593       -0.210327

     H   15        0.256467        0.410656        0.697390
     H   15        0.410656       -0.264951        0.428045
     H   15        0.697390        0.428045        0.008484

     C   16        0.135397       -0.275950        0.244336
     C   16       -0.275950        0.143701        0.413234
     C   16        0.244336        0.413234       -0.279099

     C   17        0.150560       -0.189152        0.322261
     C   17       -0.189152        0.116775        0.466259
     C   17        0.322261        0.466259       -0.267334

     Cl  18        0.204301       -0.187869        0.069890
     Cl  18       -0.187869       -0.057045       -0.030195
     Cl  18        0.069890       -0.030195       -0.147256

     H   19       -0.469842       -0.268464        0.124566
     H   19       -0.268464        0.780444       -0.564282
     H   19        0.124566       -0.564282       -0.310602

     C   20        0.380793       -0.020393        0.171246
     C   20       -0.020393        0.150194       -0.240255
     C   20        0.171246       -0.240255       -0.530986

     H   21        0.649037       -0.619360        0.322522
     H   21       -0.619360       -0.148259       -0.214716
     H   21        0.322522       -0.214716       -0.500779

     C   22        0.126723        0.056172        0.095262
     C   22        0.056172        0.415392       -0.308386
     C   22        0.095262       -0.308386       -0.542114

     C   23        0.256400        0.082961        0.080573
     C   23        0.082961        0.324584       -0.330166
     C   23        0.080573       -0.330166       -0.580984

     Cl  24        0.151926        0.247738       -0.042915
     Cl  24        0.247738        0.011152       -0.025146
     Cl  24       -0.042915       -0.025146       -0.163078

     ----- GIPAW term -----
     Cl   1        0.235264       -0.522515        0.102601
     Cl   1       -0.522515       -0.036636       -0.057130
     Cl   1        0.102601       -0.057130       -0.198627

     C    2       -0.022214       -0.033116        0.146383
     C    2       -0.033116       -0.201819       -0.040172
     C    2        0.146383       -0.040172        0.224033

     C    3        0.015762        0.023814       -0.193739
     C    3        0.023814       -0.109353        0.007610
     C    3       -0.193739        0.007610        0.093590

     H    4       -0.000000        0.000000        0.000000
     H    4        0.000000        0.000000        0.000000
     H    4        0.000000        0.000000        0.000000

     C    5        0.037903        0.144239        0.128784
     C    5        0.144239       -0.028300        0.099512
     C    5        0.128784        0.099512       -0.009604

     H    6       -0.000000        0.000000        0.000000
     H    6        0.000000        0.000000        0.000000
     H    6        0.000000        0.000000        0.000000

     H    7       -0.000000        0.000000        0.000000
     H    7        0.000000        0.000000        0.000000
     H    7        0.000000        0.000000        0.000000

     C    8       -0.020080        0.002742       -0.007728
     C    8        0.002742        0.017045        0.059579
     C    8       -0.007728        0.059579        0.003035

     H    9       -0.000000        0.000000        0.000000
     H    9        0.000000        0.000000        0.000000
     H    9        0.000000        0.000000        0.000000

     C   10       -0.020962        0.001134        0.014072
     C   10        0.001134        0.012934        0.011669
     C   10        0.014072        0.011669        0.008027

     C   11       -0.047425        0.097786       -0.052918
     C   11        0.097786        0.204750        0.185622
     C   11       -0.052918        0.185622       -0.157325

     Cl  12       -0.280263        0.564218       -0.136822
     Cl  12        0.564218        2.310796        0.023330
     Cl  12       -0.136822        0.023330       -2.030533

     H   13       -0.000000        0.000000        0.000000
     H   13        0.000000        0.000000        0.000000
     H   13        0.000000        0.000000        0.000000

     C   14        0.232167       -0.185125       -0.019661
     C   14       -0.185125       -0.103104       -0.086623
     C   14       -0.019661       -0.086623       -0.129063

     H   15       -0.000000        0.000000        0.000000
     H   15        0.000000        0.000000        0.000000
     H   15        0.000000        0.000000        0.000000

     C   16       -0.071516       -0.085558       -0.102563
     C   16       -0.085558        0.097817        0.098776
     C   16       -0.102563        0.098776       -0.026301

     C   17       -0.046724       -0.007461        0.036870
     C   17       -0.007461        0.064938        0.138634
     C   17        0.036870        0.138634       -0.018214

     Cl  18        0.343717       -0.074221        0.136924
     Cl  18       -0.074221       -0.225482       -0.287201
     Cl  18        0.136924       -0.287201       -0.118235

     H   19       -0.000000        0.000000        0.000000
     H   19        0.000000        0.000000        0.000000
     H   19        0.000000        0.000000        0.000000

     C   20       -0.194868       -0.009335       -0.128967
     C   20       -0.009335       -0.076302       -0.104165
     C   20       -0.128967       -0.104165        0.271170

     H   21       -0.000000        0.000000        0.000000
     H   21        0.000000        0.000000        0.000000
     H   21        0.000000        0.000000        0.000000

     C   22       -0.061530        0.083606       -0.150917
     C   22        0.083606       -0.122211       -0.095613
     C   22       -0.150917       -0.095613        0.183741

     C   23       -0.102209        0.118647       -0.042238
     C   23        0.118647        0.213100        0.052166
     C   23       -0.042238        0.052166       -0.110890

     Cl  24        0.448163        2.235280       -0.012200
     Cl  24        2.235280        0.254160       -1.353710
     Cl  24       -0.012200       -1.353710       -0.702324

     ----- total EFG -----
     Cl   1        0.696143       -0.641903        0.044996
     Cl   1       -0.641903        0.339547       -0.056441
     Cl   1        0.044996       -0.056441       -1.035690

     C    2       -0.027965        0.034740        0.518695
     C    2        0.034740       -0.574441       -0.111441
     C    2        0.518695       -0.111441        0.602405

     C    3       -0.066447        0.186005       -0.284810
     C    3        0.186005       -0.140766        0.073810
     C    3       -0.284810        0.073810        0.207213

     H    4        0.214612        0.487350        0.363773
     H    4        0.487350       -0.096787       -0.111544
     H    4        0.363773       -0.111544       -0.117825

     C    5       -0.268415        0.228385        0.149724
     C    5        0.228385        0.233460        0.256354
     C    5        0.149724        0.256354        0.034955

     H    6       -0.458597        0.156362       -0.241959
     H    6        0.156362        0.433220        0.214370
     H    6       -0.241959        0.214370        0.025377

     H    7       -0.051582        0.163213        0.079204
     H    7        0.163213       -0.338253       -0.719285
     H    7        0.079204       -0.719285        0.389835

     C    8        0.297297        0.177783       -0.029565
     C    8        0.177783       -0.024883       -0.142110
     C    8       -0.029565       -0.142110       -0.272414

     H    9        0.522095       -0.077920        0.510124
     H    9       -0.077920       -0.292614       -0.356237
     H    9        0.510124       -0.356237       -0.229481

     C   10        0.075106       -0.001649        0.233571
     C   10       -0.001649        0.286051       -0.266900
     C   10        0.233571       -0.266900       -0.361157

     C   11        0.187999        0.180711       -0.187654
     C   11        0.180711        0.541323        0.648489
     C   11       -0.187654        0.648489       -0.729323

     Cl  12       -0.366217        0.503447       -0.135791
     Cl  12        0.503447        2.549252        0.042061
     Cl  12       -0.135791        0.042061       -2.183035

     H   13       -0.637680        0.171096       -0.058220
     H   13        0.171096        0.468155        0.332391
     H   13       -0.058220        0.332391        0.169524

     C   14        0.446997       -0.739929       -0.135966
     C   14       -0.739929       -0.203156       -0.321687
     C   14       -0.135966       -0.321687       -0.243841

     H   15        0.317996        0.377244        0.453980
     H   15        0.377244       -0.295625       -0.052542
     H   15        0.453980       -0.052542       -0.022370

     C   16       -0.504790        0.051047       -0.204212
     C   16        0.051047        0.424506        0.442320
     C   16       -0.204212        0.442320        0.080284

     C   17        0.328828       -0.113041        0.254772
     C   17       -0.113041       -0.278419        0.056485
     C   17        0.254772        0.056485       -0.050409

     Cl  18        0.754460       -0.217889       -0.011450
     Cl  18       -0.217889       -0.427037       -0.911182
     Cl  18       -0.011450       -0.911182       -0.327423

     H   19       -0.241077        0.073470        0.332222
     H   19        0.073470        0.293990       -0.410254
     H   19        0.332222       -0.410254       -0.052913

     C   20       -0.542330       -0.287570       -0.406227
     C   20       -0.287570        0.135284       -0.317487
     C   20       -0.406227       -0.317487        0.407046

     H   21        0.206953       -0.236649        0.521526
     H   21       -0.236649        0.146075       -0.280610
     H   21        0.521526       -0.280610       -0.353027

     C   22        0.092361        0.177098       -0.314320
     C   22        0.177098       -0.196467       -0.018373
     C   22       -0.314320       -0.018373        0.104105

     C   23       -0.366079       -0.089575       -0.279424
     C   23       -0.089575        0.714932        0.036158
     C   23       -0.279424        0.036158       -0.348854

     Cl  24        0.530647        2.527315       -0.043411
     Cl  24        2.527315        0.276789       -1.521724
     Cl  24       -0.043411       -1.521724       -0.807436

     ----- total EFG (symmetrized) -----
     Cl   1        0.696143       -0.641903        0.044996
     Cl   1       -0.641903        0.339547       -0.056441
     Cl   1        0.044996       -0.056441       -1.035690

     C    2       -0.027965        0.034740        0.518695
     C    2        0.034740       -0.574441       -0.111441
     C    2        0.518695       -0.111441        0.602405

     C    3       -0.066447        0.186005       -0.284810
     C    3        0.186005       -0.140766        0.073810
     C    3       -0.284810        0.073810        0.207213

     H    4        0.214612        0.487350        0.363773
     H    4        0.487350       -0.096787       -0.111544
     H    4        0.363773       -0.111544       -0.117825

     C    5       -0.268415        0.228385        0.149724
     C    5        0.228385        0.233460        0.256354
     C    5        0.149724        0.256354        0.034955

     H    6       -0.458597        0.156362       -0.241959
     H    6        0.156362        0.433220        0.214370
     H    6       -0.241959        0.214370        0.025377

     H    7       -0.051582        0.163213        0.079204
     H    7        0.163213       -0.338253       -0.719285
     H    7        0.079204       -0.719285        0.389835

     C    8        0.297297        0.177783       -0.029565
     C    8        0.177783       -0.024883       -0.142110
     C    8       -0.029565       -0.142110       -0.272414

     H    9        0.522095       -0.077920        0.510124
     H    9       -0.077920       -0.292614       -0.356237
     H    9        0.510124       -0.356237       -0.229481

     C   10        0.075106       -0.001649        0.233571
     C   10       -0.001649        0.286051       -0.266900
     C   10        0.233571       -0.266900       -0.361157

     C   11        0.187999        0.180711       -0.187654
     C   11        0.180711        0.541323        0.648489
     C   11       -0.187654        0.648489       -0.729323

     Cl  12       -0.366217        0.503447       -0.135791
     Cl  12        0.503447        2.549252        0.042061
     Cl  12       -0.135791        0.042061       -2.183035

     H   13       -0.637680        0.171096       -0.058220
     H   13        0.171096        0.468155        0.332391
     H   13       -0.058220        0.332391        0.169524

     C   14        0.446997       -0.739929       -0.135966
     C   14       -0.739929       -0.203156       -0.321687
     C   14       -0.135966       -0.321687       -0.243841

     H   15        0.317996        0.377244        0.453980
     H   15        0.377244       -0.295625       -0.052542
     H   15        0.453980       -0.052542       -0.022370

     C   16       -0.504790        0.051047       -0.204212
     C   16        0.051047        0.424506        0.442320
     C   16       -0.204212        0.442320        0.080284

     C   17        0.328828       -0.113041        0.254772
     C   17       -0.113041       -0.278419        0.056485
     C   17        0.254772        0.056485       -0.050409

     Cl  18        0.754460       -0.217889       -0.011450
     Cl  18       -0.217889       -0.427037       -0.911182
     Cl  18       -0.011450       -0.911182       -0.327423

     H   19       -0.241077        0.073470        0.332222
     H   19        0.073470        0.293990       -0.410254
     H   19        0.332222       -0.410254       -0.052913

     C   20       -0.542330       -0.287570       -0.406227
     C   20       -0.287570        0.135284       -0.317487
     C   20       -0.406227       -0.317487        0.407046

     H   21        0.206953       -0.236649        0.521526
     H   21       -0.236649        0.146075       -0.280610
     H   21        0.521526       -0.280610       -0.353027

     C   22        0.092361        0.177098       -0.314320
     C   22        0.177098       -0.196467       -0.018373
     C   22       -0.314320       -0.018373        0.104105

     C   23       -0.366079       -0.089575       -0.279424
     C   23       -0.089575        0.714932        0.036158
     C   23       -0.279424        0.036158       -0.348854

     Cl  24        0.530647        2.527315       -0.043411
     Cl  24        2.527315        0.276789       -1.521724
     Cl  24       -0.043411       -1.521724       -0.807436


     NQR/NMR SPECTROSCOPIC PARAMETERS:
     Cl   1    Vxx=   -0.1480    axis=(  0.605842  0.795337 -0.019859)
     Cl   1    Vyy=   -1.0382    axis=(  0.013020 -0.034870 -0.999307)
     Cl   1    Vzz=    1.1863    axis=( -0.795478  0.605164 -0.031481)
     Cl   1  Q=        -8.1650 1e-30 m^2  Cq=       -22.7577 MHz  eta= 0.75046

     C    2    Vxx=   -0.2945    axis=( -0.844647 -0.285140  0.453063)
     C    2    Vyy=   -0.6041    axis=( -0.223983  0.956934  0.184686)
     C    2    Vzz=    0.8985    axis=(  0.486213 -0.054516  0.872138)
     C    2  Q=         1.0000 1e-30 m^2  Cq=         2.1112 MHz  eta= 0.34458

     C    3    Vxx=    0.0082    axis=(  0.476536  0.788047  0.389738)
     C    3    Vyy=    0.3892    axis=(  0.551045  0.077687 -0.830852)
     C    3    Vzz=   -0.3974    axis=( -0.685028  0.610694 -0.397228)
     C    3  Q=         1.0000 1e-30 m^2  Cq=        -0.9338 MHz  eta= 0.95866

     H    4    Vxx=   -0.0024    axis=( -0.061111  0.614387 -0.786635)
     H    4    Vyy=   -0.6445    axis=( -0.576961  0.621358  0.530122)
     H    4    Vzz=    0.6469    axis=( -0.814482 -0.486254 -0.316506)
     H    4  Q=         1.0000 1e-30 m^2  Cq=         1.5200 MHz  eta= 0.99244

     C    5    Vxx=   -0.1406    axis=( -0.021154 -0.556395  0.830649)
     C    5    Vyy=   -0.3649    axis=( -0.942783  0.287610  0.168641)
     C    5    Vzz=    0.5054    axis=( -0.332734 -0.779554 -0.530644)
     C    5  Q=         1.0000 1e-30 m^2  Cq=         1.1876 MHz  eta= 0.44377

     H    6    Vxx=    0.0814    axis=( -0.461394 -0.302991  0.833854)
     H    6    Vyy=    0.5279    axis=(  0.056683  0.927889  0.368524)
     H    6    Vzz=   -0.6093    axis=( -0.885383  0.217300 -0.410947)
     H    6  Q=         1.0000 1e-30 m^2  Cq=        -1.4316 MHz  eta= 0.73291

     H    7    Vxx=   -0.0097    axis=(  0.973436  0.183355  0.137126)
     H    7    Vyy=   -0.8226    axis=( -0.228011  0.830787  0.507745)
     H    7    Vzz=    0.8323    axis=( -0.020825 -0.525523  0.850524)
     H    7  Q=         1.0000 1e-30 m^2  Cq=         1.9556 MHz  eta= 0.97673

     C    8    Vxx=   -0.0464    axis=( -0.442872  0.783946 -0.435079)
     C    8    Vyy=   -0.3410    axis=( -0.083302  0.447185  0.890554)
     C    8    Vzz=    0.3875    axis=(  0.892706  0.430645 -0.132741)
     C    8  Q=         1.0000 1e-30 m^2  Cq=         0.9104 MHz  eta= 0.76024

     H    9    Vxx=   -0.1282    axis=(  0.448035  0.770458 -0.453497)
     H    9    Vyy=   -0.7016    axis=( -0.274524  0.601315  0.750372)
     H    9    Vzz=    0.8298    axis=(  0.850824 -0.211697  0.480919)
     H    9  Q=         1.0000 1e-30 m^2  Cq=         1.9498 MHz  eta= 0.69092

     C   10    Vxx=    0.1310    axis=(  0.897303  0.384085  0.217544)
     C   10    Vyy=    0.4055    axis=( -0.280559  0.876727 -0.390687)
     C   10    Vzz=   -0.5365    axis=( -0.340784  0.289530  0.894449)
     C   10  Q=         1.0000 1e-30 m^2  Cq=        -1.2607 MHz  eta= 0.51158

     C   11    Vxx=    0.2214    axis=(  0.969191 -0.067020 -0.237015)
     C   11    Vyy=    0.8283    axis=(  0.152579  0.918768  0.364122)
     C   11    Vzz=   -1.0497    axis=(  0.193359 -0.389067  0.900688)
     C   11  Q=         1.0000 1e-30 m^2  Cq=        -2.4665 MHz  eta= 0.57819

     Cl  12    Vxx=   -0.4393    axis=( -0.983089  0.164475  0.080525)
     Cl  12    Vyy=   -2.1945    axis=(  0.078767 -0.017197  0.996745)
     Cl  12    Vzz=    2.6338    axis=( -0.165324 -0.986231 -0.003951)
     Cl  12  Q=        -8.1650 1e-30 m^2  Cq=       -50.5284 MHz  eta= 0.66640

     H   13    Vxx=   -0.0142    axis=( -0.215750 -0.501022  0.838111)
     H   13    Vyy=   -0.6787    axis=( -0.972687  0.185542 -0.139476)
     H   13    Vzz=    0.6929    axis=( -0.085625 -0.845311 -0.527368)
     H   13  Q=         1.0000 1e-30 m^2  Cq=         1.6279 MHz  eta= 0.95904

     C   14    Vxx=   -0.0593    axis=( -0.308361 -0.371894  0.875562)
     C   14    Vyy=   -0.8743    axis=(  0.465759  0.743519  0.479843)
     C   14    Vzz=    0.9336    axis=( -0.829447  0.555765 -0.056059)
     C   14  Q=         1.0000 1e-30 m^2  Cq=         2.1936 MHz  eta= 0.87292

     H   15    Vxx=   -0.1091    axis=(  0.214953  0.642137 -0.735837)
     H   15    Vyy=   -0.6063    axis=( -0.521412  0.712537  0.469489)
     H   15    Vzz=    0.7154    axis=( -0.825787 -0.282756 -0.487980)
     H   15  Q=         1.0000 1e-30 m^2  Cq=         1.6810 MHz  eta= 0.69491

     C   16    Vxx=   -0.1221    axis=(  0.452132  0.535198 -0.713541)
     C   16    Vyy=   -0.6094    axis=(  0.889858 -0.215883  0.401929)
     C   16    Vzz=    0.7315    axis=(  0.061070 -0.816675 -0.573857)
     C   16  Q=         1.0000 1e-30 m^2  Cq=         1.7187 MHz  eta= 0.66621

     C   17    Vxx=   -0.1182    axis=( -0.324950  0.510003  0.796432)
     C   17    Vyy=   -0.3465    axis=(  0.302649  0.853926 -0.423337)
     C   17    Vzz=    0.4647    axis=( -0.895997  0.103476 -0.431835)
     C   17  Q=         1.0000 1e-30 m^2  Cq=         1.0918 MHz  eta= 0.49131

     Cl  18    Vxx=    0.4689    axis=(  0.424747  0.592697 -0.684325)
     Cl  18    Vyy=    0.8344    axis=(  0.901692 -0.344495  0.261293)
     Cl  18    Vzz=   -1.3032    axis=( -0.080879 -0.728034 -0.680753)
     Cl  18  Q=        -8.1650 1e-30 m^2  Cq=        25.0022 MHz  eta= 0.28047

     H   19    Vxx=    0.0220    axis=( -0.727719 -0.504428 -0.464733)
     H   19    Vyy=    0.5868    axis=( -0.167819  0.787934 -0.592450)
     H   19    Vzz=   -0.6088    axis=(  0.665028 -0.353146 -0.658047)
     H   19  Q=         1.0000 1e-30 m^2  Cq=        -1.4305 MHz  eta= 0.92769

     C   20    Vxx=    0.1912    axis=(  0.485993 -0.822568 -0.295284)
     C   20    Vyy=    0.6528    axis=(  0.195469  0.431614 -0.880626)
     C   20    Vzz=   -0.8440    axis=(  0.851823  0.370259  0.370548)
     C   20  Q=         1.0000 1e-30 m^2  Cq=        -1.9832 MHz  eta= 0.54690

     H   21    Vxx=   -0.0448    axis=(  0.527112  0.840270  0.126883)
     H   21    Vyy=   -0.6845    axis=( -0.466175  0.161079  0.869905)
     H   21    Vzz=    0.7292    axis=(  0.710516 -0.517687  0.476620)
     H   21  Q=         1.0000 1e-30 m^2  Cq=         1.7134 MHz  eta= 0.87726

     C   22    Vxx=   -0.1105    axis=( -0.391057 -0.670711 -0.630255)
     C   22    Vyy=   -0.3325    axis=( -0.585647  0.709601 -0.391771)
     C   22    Vzz=    0.4430    axis=(  0.709994  0.215902 -0.670294)
     C   22  Q=         1.0000 1e-30 m^2  Cq=         1.0408 MHz  eta= 0.50120

     C   23    Vxx=   -0.0876    axis=(  0.686385  0.109008 -0.719022)
     C   23    Vyy=   -0.6382    axis=( -0.720808 -0.029211 -0.692519)
     C   23    Vzz=    0.7258    axis=(  0.096493 -0.993612 -0.058523)
     C   23  Q=         1.0000 1e-30 m^2  Cq=         1.7052 MHz  eta= 0.75861

     Cl  24    Vxx=   -0.4605    axis=(  0.547648 -0.200817  0.812252)
     Cl  24    Vyy=   -2.7782    axis=(  0.515446 -0.683718 -0.516571)
     Cl  24    Vzz=    3.2387    axis=( -0.659088 -0.701571  0.270927)
     Cl  24  Q=        -8.1650 1e-30 m^2  Cq=       -62.1330 MHz  eta= 0.71564

     Initialization:
     gipaw_setup  :      9.17s CPU     10.76s WALL (       1 calls)

     Linear response

     Apply operators

     Induced current

     Other routines
     efg          :      9.28s CPU     11.44s WALL (       1 calls)

     General routines
     calbec       :      3.23s CPU      4.06s WALL (      16 calls)
     fft          :      1.67s CPU      2.38s WALL (      15 calls)
     ffts         :      0.04s CPU      0.06s WALL (       2 calls)
     fftw         :      3.26s CPU      3.96s WALL (     672 calls)
     davcio       :      0.02s CPU      0.33s WALL (      32 calls)

     Parallel routines
     fft_scatter  :      2.37s CPU      3.65s WALL (     689 calls)

     Plugins

     GIPAW        :     61.33s CPU     72.61s WALL (       1 calls)
