
     Program QE v.6.0 (svn rev. 13079) starts on 30Dec2016 at  3:32:47 

     This program is part of the open-source Quantum ESPRESSO suite
     for quantum simulation of materials; please cite
         "P. Giannozzi et al., J. Phys.:Condens. Matter 21 395502 (2009);
          URL http://www.quantum-espresso.org", 
     in publications or presentations arising from this work. More details at
     http://www.quantum-espresso.org/quote

     Parallel version (MPI), running on     8 processors
     R & G space division:  proc/nbgrp/npool/nimage =       8

     ***** This is GIPAW svn revision unknown      *****

     Parallelizing q-star over 1 images

     Reading data from directory:
     /users/majewski/paradichlorobenzene/pbe/9_constraint/scratch/pbe.ecut100.np8.dt60.pcl2phi-129368.save
     Message from routine read_xml_file:
     file /users/majewski/paradichlorobenzene/pbe/9_constraint/scratch/pbe.ecut100.np8.dt60.pcl2phi-129368.save not guaranteed to be safe for post-processing

   Info: using nr1, nr2, nr3 values from input

   Info: using nr1, nr2, nr3 values from input

     IMPORTANT: XC functional enforced from input :
     Exchange-correlation      =  SLA  PW   PBX  PBC ( 1  4  3  4 0 0)
     Any further DFT definition will be discarded
     Please, verify this is what you really want

               file C.pbe-n-kjpaw_psl.1.0.0.UPF: wavefunction(s)  2S 2P renormalized
               file Cl.pbe-n-kjpaw_psl.1.0.0.UPF: wavefunction(s)  3S 3P renormalized
               file H.pbe-kjpaw_psl.1.0.0.UPF: wavefunction(s)  1S renormalized

     Parallelization info
     --------------------
     sticks:   dense  smooth     PW     G-vecs:    dense   smooth      PW
     Min        3057    1223    332               144436    36536    5170
     Max        3059    1225    333               144437    36537    5171
     Sum       24467    9791   2657              1155489   292295   41363


     Subspace diagonalization in iterative solution of the eigenvalue problem:
     a serial algorithm will be used

     GIPAW projectors -----------------------------------------------
     atom=  C    l=0  rc=    1.2000  rs=    0.8000
     atom=  C    l=0  rc=    1.2000  rs=    0.8000
     atom=  C    l=1  rc=    1.4000  rs=    0.9333
     atom=  C    l=1  rc=    1.4000  rs=    0.9333
     projs nearly linearly dependent: l=1  n1,n2= 1, 2  s=  0.99951561

     atom=  Cl   l=0  rc=    1.6000  rs=    1.0667
     atom=  Cl   l=0  rc=    1.6000  rs=    1.0667
     atom=  Cl   l=1  rc=    1.6000  rs=    1.0667
     atom=  Cl   l=1  rc=    1.6000  rs=    1.0667
     atom=  Cl   l=2  rc=    1.6000  rs=    1.0667
     atom=  Cl   l=2  rc=    1.6000  rs=    1.0667
     projs nearly linearly dependent: l=2  n1,n2= 1, 2  s=  0.99993509

     atom=  H    l=0  rc=    1.0000  rs=    0.6667
     atom=  H    l=0  rc=    1.0000  rs=    0.6667
     projs nearly linearly dependent: l=0  n1,n2= 1, 2  s=  0.99968852
     -----------------------------------------------------------------

     GIPAW integrals: -------------------------------------------
     Atom  i/j   nmr_para   nmr_dia   epr_rmc  epr_para   epr_dia
       C   1 1   0.83E+03  0.17E-01  0.93E+01  0.24E+08  0.24E+03
       C   2 1   0.86E+03 -0.61E-01  0.94E+01  0.25E+08  0.25E+03
       C   2 2   0.90E+03 -0.15E+00  0.97E+01  0.26E+08  0.26E+03
       C   3 3   0.33E+01  0.34E+00  0.18E+01  0.55E+03  0.21E+02
       C   4 3   0.35E+01  0.37E+00  0.20E+01  0.59E+03  0.22E+02
       C   4 4   0.38E+01  0.39E+00  0.22E+01  0.63E+03  0.24E+02
       Cl  1 1   0.14E+04 -0.47E+00  0.84E+01  0.32E+09  0.42E+03
       Cl  2 1   0.21E+04 -0.37E+00  0.12E+02  0.49E+09  0.65E+03
       Cl  2 2   0.33E+04 -0.16E+00  0.21E+02  0.76E+09  0.10E+04
       Cl  3 3   0.21E+02  0.79E-01  0.89E+01  0.23E+05  0.13E+03
       Cl  4 3   0.24E+02  0.67E-01  0.99E+01  0.27E+05  0.15E+03
       Cl  4 4   0.28E+02  0.44E-01  0.11E+02  0.32E+05  0.18E+03
       Cl  5 5   0.77E+00  0.19E+00  0.18E+01  0.12E+03  0.22E+02
       Cl  6 5   0.80E+00  0.19E+00  0.19E+01  0.12E+03  0.23E+02
       Cl  6 6   0.83E+00  0.20E+00  0.19E+01  0.12E+03  0.23E+02
       H   1 1   0.39E+02  0.19E+00  0.29E+00  0.78E+05  0.13E+02
       H   2 1   0.41E+02  0.21E+00  0.32E+00  0.82E+05  0.14E+02
       H   2 2   0.43E+02  0.22E+00  0.36E+00  0.86E+05  0.15E+02
     ------------------------------------------------------------

     alpha_pv=     34.3200 eV

     Number of occupied bands for each k-point:
     k-point:     1    nbnd_occ=  42
     k-point:     2    nbnd_occ=  42
     k-point:     3    nbnd_occ=  42
     k-point:     4    nbnd_occ=  42
     k-point:     5    nbnd_occ=  42
     k-point:     6    nbnd_occ=  42
     k-point:     7    nbnd_occ=  42
     k-point:     8    nbnd_occ=  42
     k-point:     9    nbnd_occ=  42
     k-point:    10    nbnd_occ=  42
     k-point:    11    nbnd_occ=  42
     k-point:    12    nbnd_occ=  42
     k-point:    13    nbnd_occ=  42
     k-point:    14    nbnd_occ=  42
     k-point:    15    nbnd_occ=  42
     k-point:    16    nbnd_occ=  42


     q-space interpolation up to   110.00 Rydberg

     GIPAW job: efg                                                                             


     ELECTRIC FIELD GRADIENTS TENSORS IN Hartree/bohrradius^2:

     ----- bare term -----
     Cl   1       -0.077560        0.160612        0.024968
     Cl   1        0.160612       -0.092892        0.071161
     Cl   1        0.024968        0.071161        0.170453

     C    2       -0.058082       -0.111843       -0.310827
     C    2       -0.111843        0.060331       -0.705549
     C    2       -0.310827       -0.705549       -0.002249

     C    3       -0.362337        0.331109       -0.122718
     C    3        0.331109       -0.028385       -0.338983
     C    3       -0.122718       -0.338983        0.390722

     H    4       -0.239294       -0.237362       -0.439688
     H    4       -0.237362       -0.023193       -0.290975
     H    4       -0.439688       -0.290975        0.262487

     C    5       -0.190870       -0.171421       -0.407921
     C    5       -0.171421       -0.016459       -0.517261
     C    5       -0.407921       -0.517261        0.207329

     H    6        0.401960        0.004192        0.011079
     H    6        0.004192       -0.456898       -0.572134
     H    6        0.011079       -0.572134        0.054939

     H    7        0.447629        0.064018        0.035133
     H    7        0.064018       -0.421180        0.519921
     H    7        0.035133        0.519921       -0.026449

     C    8       -0.861577       -0.353773       -0.323121
     C    8       -0.353773        0.421007        0.088614
     C    8       -0.323121        0.088614        0.440570

     H    9       -0.032529       -0.185269       -0.483169
     H    9       -0.185269       -0.121114       -0.103143
     H    9       -0.483169       -0.103143        0.153643

     C   10        0.258433       -0.096434       -0.131228
     C   10       -0.096434       -0.259049        0.584448
     C   10       -0.131228        0.584448        0.000616

     C   11       -0.660910       -0.476404       -0.361937
     C   11       -0.476404        0.231239        0.049146
     C   11       -0.361937        0.049146        0.429671

     Cl  12        0.115009        0.000161       -0.034669
     Cl  12        0.000161       -0.177170       -0.063452
     Cl  12       -0.034669       -0.063452        0.062161

     H   13        0.528761       -0.031741        0.031347
     H   13       -0.031741       -0.188236       -0.320077
     H   13        0.031347       -0.320077       -0.340526

     C   14       -0.700031        0.362510       -0.262224
     C   14        0.362510        0.381345       -0.310427
     C   14       -0.262224       -0.310427        0.318686

     H   15       -0.190796       -0.056171       -0.569757
     H   15       -0.056171        0.311064        0.026974
     H   15       -0.569757        0.026974       -0.120268

     C   16       -0.052221        0.010076       -0.235563
     C   16        0.010076       -0.031879       -0.695576
     C   16       -0.235563       -0.695576        0.084100

     C   17       -0.523779        0.299066       -0.296552
     C   17        0.299066        0.170364       -0.302515
     C   17       -0.296552       -0.302515        0.353416

     Cl  18        0.051093        0.060790       -0.016095
     Cl  18        0.060790       -0.003733        0.014279
     Cl  18       -0.016095        0.014279       -0.047360

     H   19        0.448546        0.136024       -0.037303
     H   19        0.136024       -0.680507        0.452849
     H   19       -0.037303        0.452849        0.231961

     C   20       -0.028275       -0.120474       -0.140933
     C   20       -0.120474       -0.183031        0.362188
     C   20       -0.140933        0.362188        0.211305

     H   21        0.060788        0.135655       -0.383999
     H   21        0.135655        0.410933        0.367312
     H   21       -0.383999        0.367312       -0.471721

     C   22       -0.749804       -0.356402       -0.388959
     C   22       -0.356402        0.282227       -0.014236
     C   22       -0.388959       -0.014236        0.467577

     C   23        0.020018        0.036204       -0.243302
     C   23        0.036204       -0.132273        0.484620
     C   23       -0.243302        0.484620        0.112255

     Cl  24       -0.191198       -0.223445       -0.167476
     Cl  24       -0.223445       -0.110136       -0.074300
     Cl  24       -0.167476       -0.074300        0.301334

     ----- ionic term -----
     Cl   1        0.190934       -0.170593       -0.017322
     Cl   1       -0.170593       -0.052746        0.017569
     Cl   1       -0.017322        0.017569       -0.138188

     C    2        0.220785       -0.186930        0.218878
     C    2       -0.186930        0.010002        0.484126
     C    2        0.218878        0.484126       -0.230787

     C    3        0.145422       -0.329049        0.148700
     C    3       -0.329049        0.146916        0.457569
     C    3        0.148700        0.457569       -0.292338

     H    4        0.595943        0.312283        0.675433
     H    4        0.312283       -0.435078        0.273708
     H    4        0.675433        0.273708       -0.160865

     C    5        0.322171       -0.243839        0.297497
     C    5       -0.243839       -0.011261        0.319646
     C    5        0.297497        0.319646       -0.310909

     H    6       -0.506732        0.091041        0.106382
     H    6        0.091041        0.531989        0.766626
     H    6        0.106382        0.766626       -0.025258

     H    7       -0.503924        0.073070       -0.022396
     H    7        0.073070        0.594434       -0.716719
     H    7       -0.022396       -0.716719       -0.090510

     C    8        0.215908        0.300398        0.250608
     C    8        0.300398        0.078475       -0.273863
     C    8        0.250608       -0.273863       -0.294383

     H    9        0.481558       -0.195047        0.746650
     H    9       -0.195047       -0.425607       -0.217978
     H    9        0.746650       -0.217978       -0.055951

     C   10        0.065743        0.281154        0.218652
     C   10        0.281154        0.237021       -0.396007
     C   10        0.218652       -0.396007       -0.302764

     C   11        0.120841        0.257558        0.330843
     C   11        0.257558        0.159211       -0.360522
     C   11        0.330843       -0.360522       -0.280052

     Cl  12        0.144384        0.259425        0.043229
     Cl  12        0.259425        0.026025        0.018355
     Cl  12        0.043229        0.018355       -0.170409

     H   13       -0.523802        0.048003        0.030490
     H   13        0.048003        0.553133        0.773128
     H   13        0.030490        0.773128       -0.029330

     C   14        0.277842       -0.158480        0.269527
     C   14       -0.158480       -0.022543        0.340685
     C   14        0.269527        0.340685       -0.255299

     H   15        0.468248        0.380638        0.706706
     H   15        0.380638       -0.370639        0.322015
     H   15        0.706706        0.322015       -0.097609

     C   16        0.118434       -0.196324        0.184264
     C   16       -0.196324        0.126832        0.434039
     C   16        0.184264        0.434039       -0.245267

     C   17        0.145577       -0.195997        0.281336
     C   17       -0.195997        0.104169        0.418093
     C   17        0.281336        0.418093       -0.249746

     Cl  18        0.090384       -0.211379        0.011418
     Cl  18       -0.211379        0.042451        0.003203
     Cl  18        0.011418        0.003203       -0.132834

     H   19       -0.523770       -0.087866        0.050387
     H   19       -0.087866        0.734510       -0.649425
     H   19        0.050387       -0.649425       -0.210740

     C   20        0.187317        0.266772        0.293982
     C   20        0.266772        0.117082       -0.253409
     C   20        0.293982       -0.253409       -0.304399

     H   21        0.431688       -0.105870        0.815276
     H   21       -0.105870       -0.514810       -0.160322
     H   21        0.815276       -0.160322        0.083122

     C   22        0.067207        0.332607        0.232031
     C   22        0.332607        0.180114       -0.355315
     C   22        0.232031       -0.355315       -0.247321

     C   23        0.100523        0.258376        0.290919
     C   23        0.258376        0.148265       -0.350771
     C   23        0.290919       -0.350771       -0.248787

     Cl  24        0.081871        0.198875        0.028608
     Cl  24        0.198875        0.068900        0.015730
     Cl  24        0.028608        0.015730       -0.150771

     ----- GIPAW term -----
     Cl   1       -0.472126        0.555871       -0.652579
     Cl   1        0.555871        1.536812       -1.367749
     Cl   1       -0.652579       -1.367749       -1.064687

     C    2       -0.052527       -0.109992       -0.046836
     C    2       -0.109992        0.234241       -0.154114
     C    2       -0.046836       -0.154114       -0.181714

     C    3       -0.043627       -0.115999        0.007346
     C    3       -0.115999        0.103332       -0.049571
     C    3        0.007346       -0.049571       -0.059705

     H    4       -0.000000        0.000000        0.000000
     H    4        0.000000        0.000000        0.000000
     H    4        0.000000        0.000000        0.000000

     C    5       -0.009019       -0.164751       -0.063690
     C    5       -0.164751        0.078053       -0.111655
     C    5       -0.063690       -0.111655       -0.069034

     H    6       -0.000000        0.000000        0.000000
     H    6        0.000000        0.000000        0.000000
     H    6        0.000000        0.000000        0.000000

     H    7       -0.000000        0.000000        0.000000
     H    7        0.000000        0.000000        0.000000
     H    7        0.000000        0.000000        0.000000

     C    8       -0.185009        0.035047       -0.022614
     C    8        0.035047        0.250386       -0.034333
     C    8       -0.022614       -0.034333       -0.065377

     H    9       -0.000000        0.000000        0.000000
     H    9        0.000000        0.000000        0.000000
     H    9        0.000000        0.000000        0.000000

     C   10       -0.054101        0.000233        0.000437
     C   10        0.000233        0.171129       -0.028027
     C   10        0.000437       -0.028027       -0.117028

     C   11       -0.105092       -0.047847       -0.023835
     C   11       -0.047847        0.172685       -0.030538
     C   11       -0.023835       -0.030538       -0.067593

     Cl  12        0.038614        0.108199       -0.456137
     Cl  12        0.108199        1.923135        0.923682
     Cl  12       -0.456137        0.923682       -1.961749

     H   13       -0.000000        0.000000        0.000000
     H   13        0.000000        0.000000        0.000000
     H   13        0.000000        0.000000        0.000000

     C   14       -0.213775        0.057899       -0.027056
     C   14        0.057899        0.246002       -0.152742
     C   14       -0.027056       -0.152742       -0.032228

     H   15       -0.000000        0.000000        0.000000
     H   15        0.000000        0.000000        0.000000
     H   15        0.000000        0.000000        0.000000

     C   16       -0.122831       -0.077558       -0.025103
     C   16       -0.077558        0.210358       -0.198170
     C   16       -0.025103       -0.198170       -0.087527

     C   17       -0.094436       -0.140117       -0.036466
     C   17       -0.140117        0.209656       -0.044155
     C   17       -0.036466       -0.044155       -0.115220

     Cl  18       -0.086110       -0.789156       -0.058609
     Cl  18       -0.789156        2.655168        0.213810
     Cl  18       -0.058609        0.213810       -2.569057

     H   19       -0.000000        0.000000        0.000000
     H   19        0.000000        0.000000        0.000000
     H   19        0.000000        0.000000        0.000000

     C   20       -0.110561       -0.039662        0.011874
     C   20       -0.039662        0.152669       -0.114249
     C   20        0.011874       -0.114249       -0.042107

     H   21       -0.000000        0.000000        0.000000
     H   21        0.000000        0.000000        0.000000
     H   21        0.000000        0.000000        0.000000

     C   22       -0.237615        0.016698       -0.101899
     C   22        0.016698        0.176846       -0.196015
     C   22       -0.101899       -0.196015        0.060769

     C   23       -0.068206        0.079771       -0.014151
     C   23        0.079771        0.186544       -0.118145
     C   23       -0.014151       -0.118145       -0.118338

     Cl  24        0.279585        1.488853       -1.737606
     Cl  24        1.488853       -0.922762       -0.849657
     Cl  24       -1.737606       -0.849657        0.643177

     ----- total EFG -----
     Cl   1       -0.358752        0.545890       -0.644933
     Cl   1        0.545890        1.391174       -1.279020
     Cl   1       -0.644933       -1.279020       -1.032422

     C    2        0.110177       -0.408765       -0.138784
     C    2       -0.408765        0.304574       -0.375537
     C    2       -0.138784       -0.375537       -0.414751

     C    3       -0.260542       -0.113939        0.033328
     C    3       -0.113939        0.221863        0.069015
     C    3        0.033328        0.069015        0.038679

     H    4        0.356649        0.074921        0.235745
     H    4        0.074921       -0.458271       -0.017266
     H    4        0.235745       -0.017266        0.101622

     C    5        0.122283       -0.580011       -0.174114
     C    5       -0.580011        0.050332       -0.309269
     C    5       -0.174114       -0.309269       -0.172615

     H    6       -0.104772        0.095233        0.117461
     H    6        0.095233        0.075091        0.194492
     H    6        0.117461        0.194492        0.029681

     H    7       -0.056294        0.137089        0.012737
     H    7        0.137089        0.173253       -0.196797
     H    7        0.012737       -0.196797       -0.116959

     C    8       -0.830678       -0.018328       -0.095126
     C    8       -0.018328        0.749868       -0.219582
     C    8       -0.095126       -0.219582        0.080810

     H    9        0.449029       -0.380317        0.263480
     H    9       -0.380317       -0.546721       -0.321121
     H    9        0.263480       -0.321121        0.097691

     C   10        0.270075        0.184953        0.087860
     C   10        0.184953        0.149101        0.160415
     C   10        0.087860        0.160415       -0.419176

     C   11       -0.645162       -0.266693       -0.054929
     C   11       -0.266693        0.563136       -0.341913
     C   11       -0.054929       -0.341913        0.082026

     Cl  12        0.298006        0.367785       -0.447577
     Cl  12        0.367785        1.771990        0.878586
     Cl  12       -0.447577        0.878586       -2.069996

     H   13        0.004959        0.016262        0.061838
     H   13        0.016262        0.364897        0.453051
     H   13        0.061838        0.453051       -0.369856

     C   14       -0.635964        0.261930       -0.019753
     C   14        0.261930        0.604805       -0.122483
     C   14       -0.019753       -0.122483        0.031159

     H   15        0.277452        0.324467        0.136949
     H   15        0.324467       -0.059575        0.348989
     H   15        0.136949        0.348989       -0.217877

     C   16       -0.056618       -0.263805       -0.076402
     C   16       -0.263805        0.305312       -0.459707
     C   16       -0.076402       -0.459707       -0.248694

     C   17       -0.472638       -0.037048       -0.051681
     C   17       -0.037048        0.484188        0.071423
     C   17       -0.051681        0.071423       -0.011550

     Cl  18        0.055366       -0.939745       -0.063286
     Cl  18       -0.939745        2.693885        0.231292
     Cl  18       -0.063286        0.231292       -2.749251

     H   19       -0.075224        0.048157        0.013084
     H   19        0.048157        0.054003       -0.196576
     H   19        0.013084       -0.196576        0.021221

     C   20        0.048481        0.106636        0.164923
     C   20        0.106636        0.086720       -0.005470
     C   20        0.164923       -0.005470       -0.135201

     H   21        0.492476        0.029786        0.431277
     H   21        0.029786       -0.103877        0.206989
     H   21        0.431277        0.206989       -0.388599

     C   22       -0.920212       -0.007098       -0.258826
     C   22       -0.007098        0.639188       -0.565566
     C   22       -0.258826       -0.565566        0.281024

     C   23        0.052335        0.374351        0.033466
     C   23        0.374351        0.202536        0.015703
     C   23        0.033466        0.015703       -0.254871

     Cl  24        0.170259        1.464283       -1.876475
     Cl  24        1.464283       -0.963999       -0.908228
     Cl  24       -1.876475       -0.908228        0.793740

     ----- total EFG (symmetrized) -----
     Cl   1       -0.358752        0.545890       -0.644933
     Cl   1        0.545890        1.391174       -1.279020
     Cl   1       -0.644933       -1.279020       -1.032422

     C    2        0.110177       -0.408765       -0.138784
     C    2       -0.408765        0.304574       -0.375537
     C    2       -0.138784       -0.375537       -0.414751

     C    3       -0.260542       -0.113939        0.033328
     C    3       -0.113939        0.221863        0.069015
     C    3        0.033328        0.069015        0.038679

     H    4        0.356649        0.074921        0.235745
     H    4        0.074921       -0.458271       -0.017266
     H    4        0.235745       -0.017266        0.101622

     C    5        0.122283       -0.580011       -0.174114
     C    5       -0.580011        0.050332       -0.309269
     C    5       -0.174114       -0.309269       -0.172615

     H    6       -0.104772        0.095233        0.117461
     H    6        0.095233        0.075091        0.194492
     H    6        0.117461        0.194492        0.029681

     H    7       -0.056294        0.137089        0.012737
     H    7        0.137089        0.173253       -0.196797
     H    7        0.012737       -0.196797       -0.116959

     C    8       -0.830678       -0.018328       -0.095126
     C    8       -0.018328        0.749868       -0.219582
     C    8       -0.095126       -0.219582        0.080810

     H    9        0.449029       -0.380317        0.263480
     H    9       -0.380317       -0.546721       -0.321121
     H    9        0.263480       -0.321121        0.097691

     C   10        0.270075        0.184953        0.087860
     C   10        0.184953        0.149101        0.160415
     C   10        0.087860        0.160415       -0.419176

     C   11       -0.645162       -0.266693       -0.054929
     C   11       -0.266693        0.563136       -0.341913
     C   11       -0.054929       -0.341913        0.082026

     Cl  12        0.298006        0.367785       -0.447577
     Cl  12        0.367785        1.771990        0.878586
     Cl  12       -0.447577        0.878586       -2.069996

     H   13        0.004959        0.016262        0.061838
     H   13        0.016262        0.364897        0.453051
     H   13        0.061838        0.453051       -0.369856

     C   14       -0.635964        0.261930       -0.019753
     C   14        0.261930        0.604805       -0.122483
     C   14       -0.019753       -0.122483        0.031159

     H   15        0.277452        0.324467        0.136949
     H   15        0.324467       -0.059575        0.348989
     H   15        0.136949        0.348989       -0.217877

     C   16       -0.056618       -0.263805       -0.076402
     C   16       -0.263805        0.305312       -0.459707
     C   16       -0.076402       -0.459707       -0.248694

     C   17       -0.472638       -0.037048       -0.051681
     C   17       -0.037048        0.484188        0.071423
     C   17       -0.051681        0.071423       -0.011550

     Cl  18        0.055366       -0.939745       -0.063286
     Cl  18       -0.939745        2.693885        0.231292
     Cl  18       -0.063286        0.231292       -2.749251

     H   19       -0.075224        0.048157        0.013084
     H   19        0.048157        0.054003       -0.196576
     H   19        0.013084       -0.196576        0.021221

     C   20        0.048481        0.106636        0.164923
     C   20        0.106636        0.086720       -0.005470
     C   20        0.164923       -0.005470       -0.135201

     H   21        0.492476        0.029786        0.431277
     H   21        0.029786       -0.103877        0.206989
     H   21        0.431277        0.206989       -0.388599

     C   22       -0.920212       -0.007098       -0.258826
     C   22       -0.007098        0.639188       -0.565566
     C   22       -0.258826       -0.565566        0.281024

     C   23        0.052335        0.374351        0.033466
     C   23        0.374351        0.202536        0.015703
     C   23        0.033466        0.015703       -0.254871

     Cl  24        0.170259        1.464283       -1.876475
     Cl  24        1.464283       -0.963999       -0.908228
     Cl  24       -1.876475       -0.908228        0.793740


     NQR/NMR SPECTROSCOPIC PARAMETERS:
     Cl   1    Vxx=   -0.4687    axis=(  0.908005 -0.383117 -0.169552)
     Cl   1    Vyy=   -1.7022    axis=(  0.302070  0.318239  0.898598)
     Cl   1    Vzz=    2.1708    axis=( -0.290310 -0.867148  0.404691)
     Cl   1  Q=        -8.1650 1e-30 m^2  Cq=       -41.6464 MHz  eta= 0.56823

     C    2    Vxx=    0.0185    axis=(  0.755016  0.356176 -0.550535)
     C    2    Vyy=    0.6731    axis=(  0.539339 -0.814839  0.212490)
     C    2    Vzz=   -0.6916    axis=(  0.372913  0.457358  0.807316)
     C    2  Q=         1.0000 1e-30 m^2  Cq=        -1.6250 MHz  eta= 0.94638

     C    3    Vxx=    0.0293    axis=(  0.198049 -0.224796  0.954067)
     C    3    Vyy=    0.2637    axis=(  0.188991 -0.946325 -0.262203)
     C    3    Vzz=   -0.2931    axis=(  0.961800  0.232239 -0.144935)
     C    3  Q=         1.0000 1e-30 m^2  Cq=        -0.6886 MHz  eta= 0.79980

     H    4    Vxx=   -0.0323    axis=( -0.497083 -0.122259  0.859047)
     H    4    Vyy=   -0.4681    axis=(  0.111822 -0.990794 -0.076304)
     H    4    Vzz=    0.5004    axis=(  0.860468  0.058131  0.506178)
     H    4  Q=         1.0000 1e-30 m^2  Cq=         1.1757 MHz  eta= 0.87077

     C    5    Vxx=    0.0386    axis=( -0.451428 -0.315705  0.834592)
     C    5    Vyy=    0.6771    axis=( -0.700920  0.704278 -0.112714)
     C    5    Vzz=   -0.7156    axis=( -0.552200 -0.635864 -0.539214)
     C    5  Q=         1.0000 1e-30 m^2  Cq=        -1.6814 MHz  eta= 0.89226

     H    6    Vxx=   -0.1272    axis=(  0.539613 -0.701494  0.465537)
     H    6    Vyy=   -0.1758    axis=( -0.768153 -0.183886  0.613292)
     H    6    Vzz=    0.3030    axis=(  0.344615  0.688544  0.638081)
     H    6  Q=         1.0000 1e-30 m^2  Cq=         0.7119 MHz  eta= 0.16013

     H    7    Vxx=   -0.0622    axis=(  0.861760 -0.083507  0.500397)
     H    7    Vyy=   -0.2486    axis=( -0.401342  0.491114  0.773131)
     H    7    Vzz=    0.3108    axis=( -0.310314 -0.867083  0.389707)
     H    7  Q=         1.0000 1e-30 m^2  Cq=         0.7302 MHz  eta= 0.59981

     C    8    Vxx=    0.0260    axis=( -0.111793  0.285880  0.951722)
     C    8    Vyy=    0.8156    axis=(  0.005922  0.957900 -0.287040)
     C    8    Vzz=   -0.8416    axis=( -0.993714 -0.026453 -0.108780)
     C    8  Q=         1.0000 1e-30 m^2  Cq=        -1.9774 MHz  eta= 0.93815

     H    9    Vxx=   -0.0313    axis=( -0.545845 -0.114379  0.830042)
     H    9    Vyy=   -0.7403    axis=(  0.234809  0.930063  0.282574)
     H    9    Vzz=    0.7716    axis=( -0.804312  0.349143 -0.480813)
     H    9  Q=         1.0000 1e-30 m^2  Cq=         1.8130 MHz  eta= 0.91880

     C   10    Vxx=    0.0268    axis=(  0.632034 -0.760478 -0.149018)
     C   10    Vyy=    0.4367    axis=(  0.772884  0.604591  0.192667)
     C   10    Vzz=   -0.4635    axis=( -0.056424 -0.236946  0.969883)
     C   10  Q=         1.0000 1e-30 m^2  Cq=        -1.0890 MHz  eta= 0.88426

     C   11    Vxx=   -0.0503    axis=( -0.254194  0.384219  0.887559)
     C   11    Vyy=   -0.7227    axis=( -0.955308 -0.242933 -0.168433)
     C   11    Vzz=    0.7729    axis=(  0.150902 -0.890707  0.428800)
     C   11  Q=         1.0000 1e-30 m^2  Cq=         1.8161 MHz  eta= 0.86996

     Cl  12    Vxx=    0.3562    axis=(  0.968639 -0.114911 -0.220306)
     Cl  12    Vyy=    2.0058    axis=(  0.158444  0.968638  0.191404)
     Cl  12    Vzz=   -2.3619    axis=(  0.191402 -0.220307  0.956467)
     Cl  12  Q=        -8.1650 1e-30 m^2  Cq=        45.3125 MHz  eta= 0.69841

     H   13    Vxx=    0.0060    axis=(  0.994070 -0.099739  0.043324)
     H   13    Vyy=    0.5838    axis=( -0.071395 -0.899139 -0.431800)
     H   13    Vzz=   -0.5898    axis=(  0.082021  0.426146 -0.900928)
     H   13  Q=         1.0000 1e-30 m^2  Cq=        -1.3858 MHz  eta= 0.97958

     C   14    Vxx=    0.0076    axis=(  0.043991  0.182155  0.982285)
     C   14    Vyy=    0.6815    axis=(  0.194253  0.962912 -0.187262)
     C   14    Vzz=   -0.6890    axis=( -0.979965  0.199049  0.006975)
     C   14  Q=         1.0000 1e-30 m^2  Cq=        -1.6189 MHz  eta= 0.97805

     H   15    Vxx=   -0.0821    axis=(  0.656578 -0.483048 -0.579283)
     H   15    Vyy=   -0.5110    axis=( -0.149210  0.669657 -0.727527)
     H   15    Vzz=    0.5931    axis=(  0.739352  0.564113  0.367607)
     H   15  Q=         1.0000 1e-30 m^2  Cq=         1.3936 MHz  eta= 0.72320

     C   16    Vxx=   -0.0364    axis=(  0.885635  0.065173 -0.459786)
     C   16    Vyy=   -0.5859    axis=(  0.366503  0.509925  0.778236)
     C   16    Vzz=    0.6223    axis=(  0.285177 -0.857746  0.427722)
     C   16  Q=         1.0000 1e-30 m^2  Cq=         1.4621 MHz  eta= 0.88311

     C   17    Vxx=   -0.0170    axis=( -0.099620 -0.147586  0.984019)
     C   17    Vyy=   -0.4792    axis=( -0.993986 -0.030425 -0.105193)
     C   17    Vzz=    0.4963    axis=(  0.045463 -0.988581 -0.143668)
     C   17  Q=         1.0000 1e-30 m^2  Cq=         1.1660 MHz  eta= 0.93137

     Cl  18    Vxx=   -0.2451    axis=(  0.952576  0.304273  0.004030)
     Cl  18    Vyy=   -2.7593    axis=( -0.008824  0.040857 -0.999126)
     Cl  18    Vzz=    3.0043    axis=( -0.304172  0.951708  0.041604)
     Cl  18  Q=        -8.1650 1e-30 m^2  Cq=       -57.6368 MHz  eta= 0.83685

     H   19    Vxx=   -0.0598    axis=(  0.917880  0.201859  0.341686)
     H   19    Vyy=   -0.1774    axis=(  0.387427 -0.642363 -0.661264)
     H   19    Vzz=    0.2372    axis=( -0.086004 -0.739339  0.667818)
     H   19  Q=         1.0000 1e-30 m^2  Cq=         0.5572 MHz  eta= 0.49602

     C   20    Vxx=    0.0306    axis=( -0.432644  0.777749 -0.455988)
     C   20    Vyy=    0.2127    axis=(  0.726261  0.600336  0.334874)
     C   20    Vzz=   -0.2433    axis=( -0.534195  0.186285  0.824581)
     C   20  Q=         1.0000 1e-30 m^2  Cq=        -0.5716 MHz  eta= 0.74837

     H   21    Vxx=   -0.0554    axis=(  0.251321 -0.933767 -0.254787)
     H   21    Vyy=   -0.6277    axis=(  0.331457  0.330348 -0.883745)
     H   21    Vzz=    0.6831    axis=(  0.909381  0.137653  0.392527)
     H   21  Q=         1.0000 1e-30 m^2  Cq=         1.6051 MHz  eta= 0.83776

     C   22    Vxx=   -0.0803    axis=( -0.240571  0.598370  0.764251)
     C   22    Vyy=   -0.9842    axis=(  0.967700  0.086705  0.236726)
     C   22    Vzz=    1.0645    axis=(  0.075385  0.796515 -0.599901)
     C   22  Q=         1.0000 1e-30 m^2  Cq=         2.5011 MHz  eta= 0.84910

     C   23    Vxx=   -0.2394    axis=( -0.544099  0.485212 -0.684489)
     C   23    Vyy=   -0.2713    axis=( -0.549707  0.410176  0.727721)
     C   23    Vzz=    0.5107    axis=(  0.633861  0.772220  0.043548)
     C   23  Q=         1.0000 1e-30 m^2  Cq=         1.1999 MHz  eta= 0.06246

     Cl  24    Vxx=   -1.0307    axis=(  0.414281  0.569766  0.709745)
     Cl  24    Vyy=   -2.0317    axis=( -0.655620  0.727709 -0.201498)
     Cl  24    Vzz=    3.0624    axis=( -0.631295 -0.381847  0.675026)
     Cl  24  Q=        -8.1650 1e-30 m^2  Cq=       -58.7508 MHz  eta= 0.32689

     Initialization:
     gipaw_setup  :      9.38s CPU     10.81s WALL (       1 calls)

     Linear response

     Apply operators

     Induced current

     Other routines
     efg          :      9.02s CPU     11.42s WALL (       1 calls)

     General routines
     calbec       :      3.08s CPU      3.84s WALL (      16 calls)
     fft          :      1.53s CPU      2.30s WALL (      15 calls)
     ffts         :      0.04s CPU      0.05s WALL (       2 calls)
     fftw         :      3.24s CPU      4.07s WALL (     672 calls)
     davcio       :      0.02s CPU      0.35s WALL (      32 calls)

     Parallel routines
     fft_scatter  :      2.17s CPU      3.54s WALL (     689 calls)

     Plugins

     GIPAW        :     60.71s CPU     71.76s WALL (       1 calls)
