
     Program QE v.6.0 (svn rev. 13079) starts on 17Dec2016 at  4: 8:58 

     This program is part of the open-source Quantum ESPRESSO suite
     for quantum simulation of materials; please cite
         "P. Giannozzi et al., J. Phys.:Condens. Matter 21 395502 (2009);
          URL http://www.quantum-espresso.org", 
     in publications or presentations arising from this work. More details at
     http://www.quantum-espresso.org/quote

     Parallel version (MPI), running on     8 processors
     R & G space division:  proc/nbgrp/npool/nimage =       8

     ***** This is GIPAW svn revision unknown      *****

     Parallelizing q-star over 1 images

     Reading data from directory:
     /users/majewski/paradichlorobenzene/pbe/9_constraint/scratch/pbe.ecut100.np8.dt60.pcl2phi-129368.save
     Message from routine read_xml_file:
     file /users/majewski/paradichlorobenzene/pbe/9_constraint/scratch/pbe.ecut100.np8.dt60.pcl2phi-129368.save not guaranteed to be safe for post-processing

   Info: using nr1, nr2, nr3 values from input

   Info: using nr1, nr2, nr3 values from input

     IMPORTANT: XC functional enforced from input :
     Exchange-correlation      =  SLA  PW   PBX  PBC ( 1  4  3  4 0 0)
     Any further DFT definition will be discarded
     Please, verify this is what you really want

               file C.pbe-n-kjpaw_psl.1.0.0.UPF: wavefunction(s)  2S 2P renormalized
               file Cl.pbe-n-kjpaw_psl.1.0.0.UPF: wavefunction(s)  3S 3P renormalized
               file H.pbe-kjpaw_psl.1.0.0.UPF: wavefunction(s)  1S renormalized

     Parallelization info
     --------------------
     sticks:   dense  smooth     PW     G-vecs:    dense   smooth      PW
     Min        3057    1223    332               144436    36536    5170
     Max        3059    1225    333               144437    36537    5171
     Sum       24467    9791   2657              1155489   292295   41363


     Subspace diagonalization in iterative solution of the eigenvalue problem:
     a serial algorithm will be used

     GIPAW projectors -----------------------------------------------
     atom=  C    l=0  rc=    1.2000  rs=    0.8000
     atom=  C    l=0  rc=    1.2000  rs=    0.8000
     atom=  C    l=1  rc=    1.4000  rs=    0.9333
     atom=  C    l=1  rc=    1.4000  rs=    0.9333
     projs nearly linearly dependent: l=1  n1,n2= 1, 2  s=  0.99951561

     atom=  Cl   l=0  rc=    1.6000  rs=    1.0667
     atom=  Cl   l=0  rc=    1.6000  rs=    1.0667
     atom=  Cl   l=1  rc=    1.6000  rs=    1.0667
     atom=  Cl   l=1  rc=    1.6000  rs=    1.0667
     atom=  Cl   l=2  rc=    1.6000  rs=    1.0667
     atom=  Cl   l=2  rc=    1.6000  rs=    1.0667
     projs nearly linearly dependent: l=2  n1,n2= 1, 2  s=  0.99993509

     atom=  H    l=0  rc=    1.0000  rs=    0.6667
     atom=  H    l=0  rc=    1.0000  rs=    0.6667
     projs nearly linearly dependent: l=0  n1,n2= 1, 2  s=  0.99968852
     -----------------------------------------------------------------

     GIPAW integrals: -------------------------------------------
     Atom  i/j   nmr_para   nmr_dia   epr_rmc  epr_para   epr_dia
       C   1 1   0.83E+03  0.17E-01  0.93E+01  0.24E+08  0.24E+03
       C   2 1   0.86E+03 -0.61E-01  0.94E+01  0.25E+08  0.25E+03
       C   2 2   0.90E+03 -0.15E+00  0.97E+01  0.26E+08  0.26E+03
       C   3 3   0.33E+01  0.34E+00  0.18E+01  0.55E+03  0.21E+02
       C   4 3   0.35E+01  0.37E+00  0.20E+01  0.59E+03  0.22E+02
       C   4 4   0.38E+01  0.39E+00  0.22E+01  0.63E+03  0.24E+02
       Cl  1 1   0.14E+04 -0.47E+00  0.84E+01  0.32E+09  0.42E+03
       Cl  2 1   0.21E+04 -0.37E+00  0.12E+02  0.49E+09  0.65E+03
       Cl  2 2   0.33E+04 -0.16E+00  0.21E+02  0.76E+09  0.10E+04
       Cl  3 3   0.21E+02  0.79E-01  0.89E+01  0.23E+05  0.13E+03
       Cl  4 3   0.24E+02  0.67E-01  0.99E+01  0.27E+05  0.15E+03
       Cl  4 4   0.28E+02  0.44E-01  0.11E+02  0.32E+05  0.18E+03
       Cl  5 5   0.77E+00  0.19E+00  0.18E+01  0.12E+03  0.22E+02
       Cl  6 5   0.80E+00  0.19E+00  0.19E+01  0.12E+03  0.23E+02
       Cl  6 6   0.83E+00  0.20E+00  0.19E+01  0.12E+03  0.23E+02
       H   1 1   0.39E+02  0.19E+00  0.29E+00  0.78E+05  0.13E+02
       H   2 1   0.41E+02  0.21E+00  0.32E+00  0.82E+05  0.14E+02
       H   2 2   0.43E+02  0.22E+00  0.36E+00  0.86E+05  0.15E+02
     ------------------------------------------------------------

     alpha_pv=     34.0242 eV

     Number of occupied bands for each k-point:
     k-point:     1    nbnd_occ=  42
     k-point:     2    nbnd_occ=  42
     k-point:     3    nbnd_occ=  42
     k-point:     4    nbnd_occ=  42
     k-point:     5    nbnd_occ=  42
     k-point:     6    nbnd_occ=  42
     k-point:     7    nbnd_occ=  42
     k-point:     8    nbnd_occ=  42
     k-point:     9    nbnd_occ=  42
     k-point:    10    nbnd_occ=  42
     k-point:    11    nbnd_occ=  42
     k-point:    12    nbnd_occ=  42
     k-point:    13    nbnd_occ=  42
     k-point:    14    nbnd_occ=  42
     k-point:    15    nbnd_occ=  42
     k-point:    16    nbnd_occ=  42


     q-space interpolation up to   110.00 Rydberg

     GIPAW job: efg                                                                             


     ELECTRIC FIELD GRADIENTS TENSORS IN Hartree/bohrradius^2:

     ----- bare term -----
     Cl   1       -0.003625       -0.131628       -0.089805
     Cl   1       -0.131628       -0.029214        0.074103
     Cl   1       -0.089805        0.074103        0.032838

     C    2       -0.602734        0.261478       -0.221440
     C    2        0.261478        0.110496       -0.133596
     C    2       -0.221440       -0.133596        0.492238

     C    3        0.124747        0.008443        0.028567
     C    3        0.008443       -0.379698       -0.247816
     C    3        0.028567       -0.247816        0.254951

     H    4       -0.468599       -0.330093        0.235099
     H    4       -0.330093        0.325321        0.013237
     H    4        0.235099        0.013237        0.143277

     C    5       -0.725213        0.219621       -0.365709
     C    5        0.219621        0.161930       -0.010092
     C    5       -0.365709       -0.010092        0.563282

     H    6        0.452475       -0.245111        0.099632
     H    6       -0.245111       -0.569526       -0.000470
     H    6        0.099632       -0.000470        0.117051

     H    7        0.389726        0.021911       -0.005939
     H    7        0.021911       -0.383655        0.561583
     H    7       -0.005939        0.561583       -0.006071

     C    8       -0.304865       -0.038579       -0.357650
     C    8       -0.038579       -0.039397        0.507067
     C    8       -0.357650        0.507067        0.344263

     H    9       -0.002474        0.134808       -0.286810
     H    9        0.134808        0.518567        0.079900
     H    9       -0.286810        0.079900       -0.516093

     C   10       -0.260763       -0.390451       -0.274370
     C   10       -0.390451       -0.180728        0.310579
     C   10       -0.274370        0.310579        0.441491

     C   11       -0.202849        0.065318       -0.333710
     C   11        0.065318       -0.049079        0.678991
     C   11       -0.333710        0.678991        0.251928

     Cl  12       -0.075745       -0.132224       -0.009512
     Cl  12       -0.132224        0.100658       -0.012794
     Cl  12       -0.009512       -0.012794       -0.024913

     H   13        0.456747       -0.002817        0.022196
     H   13       -0.002817       -0.378271       -0.648933
     H   13        0.022196       -0.648933       -0.078476

     C   14       -0.141459        0.022130       -0.282477
     C   14        0.022130       -0.233356       -0.288714
     C   14       -0.282477       -0.288714        0.374815

     H   15       -0.155194       -0.504140       -0.221603
     H   15       -0.504140       -0.254642       -0.061654
     H   15       -0.221603       -0.061654        0.409836

     C   16       -0.790143        0.367206       -0.343383
     C   16        0.367206        0.364779       -0.037367
     C   16       -0.343383       -0.037367        0.425364

     C   17        0.065525        0.065659       -0.150941
     C   17        0.065659       -0.296156       -0.418223
     C   17       -0.150941       -0.418223        0.230631

     Cl  18       -0.201536        0.277829       -0.003252
     Cl  18        0.277829        0.047057       -0.039383
     Cl  18       -0.003252       -0.039383        0.154479

     H   19        0.420078        0.040488        0.067242
     H   19        0.040488       -0.277011        0.470874
     H   19        0.067242        0.470874       -0.143068

     C   20       -0.618383       -0.360521       -0.307729
     C   20       -0.360521        0.261871        0.380841
     C   20       -0.307729        0.380841        0.356512

     H   21        0.006556       -0.019269       -0.528900
     H   21       -0.019269        0.236164       -0.213857
     H   21       -0.528900       -0.213857       -0.242720

     C   22       -0.132548       -0.196608       -0.214559
     C   22       -0.196608       -0.108413        0.515111
     C   22       -0.214559        0.515111        0.240961

     C   23       -0.196498       -0.246200       -0.276149
     C   23       -0.246200       -0.109239        0.286185
     C   23       -0.276149        0.286185        0.305738

     Cl  24        0.163832        0.082628        0.089894
     Cl  24        0.082628       -0.115494       -0.338215
     Cl  24        0.089894       -0.338215       -0.048338

     ----- ionic term -----
     Cl   1        0.135443       -0.206892        0.043032
     Cl   1       -0.206892        0.018988       -0.024219
     Cl   1        0.043032       -0.024219       -0.154430

     C    2        0.255403       -0.097488        0.233718
     C    2       -0.097488        0.168312        0.312367
     C    2        0.233718        0.312367       -0.423715

     C    3        0.241024       -0.134656        0.112646
     C    3       -0.134656        0.185973        0.358407
     C    3        0.112646        0.358407       -0.426996

     H    4        0.738264        0.449368        0.495399
     H    4        0.449368       -0.331554        0.231098
     H    4        0.495399        0.231098       -0.406710

     C    5        0.357749       -0.054932        0.137747
     C    5       -0.054932        0.085006        0.295849
     C    5        0.137747        0.295849       -0.442755

     H    6       -0.483092        0.156938        0.049224
     H    6        0.156938        0.805537        0.578292
     H    6        0.049224        0.578292       -0.322445

     H    7       -0.537897       -0.029780        0.063842
     H    7       -0.029780        0.465109       -0.771758
     H    7        0.063842       -0.771758        0.072788

     C    8        0.150376        0.317358        0.355026
     C    8        0.317358        0.021343       -0.252786
     C    8        0.355026       -0.252786       -0.171719

     H    9        0.261596       -0.081415        0.795142
     H    9       -0.081415       -0.535111       -0.158990
     H    9        0.795142       -0.158990        0.273515

     C   10        0.063946        0.380872        0.243012
     C   10        0.380872        0.087282       -0.327884
     C   10        0.243012       -0.327884       -0.151227

     C   11        0.260889        0.197426        0.318942
     C   11        0.197426       -0.040799       -0.371249
     C   11        0.318942       -0.371249       -0.220091

     Cl  12        0.155402        0.194542        0.026167
     Cl  12        0.194542       -0.003666        0.010208
     Cl  12        0.026167        0.010208       -0.151735

     H   13       -0.523741        0.059274        0.047565
     H   13        0.059274        0.671120        0.714153
     H   13        0.047565        0.714153       -0.147379

     C   14        0.411217       -0.169239        0.155212
     C   14       -0.169239        0.030179        0.307285
     C   14        0.155212        0.307285       -0.441396

     H   15        0.758985        0.450960        0.459096
     H   15        0.450960       -0.350857        0.211056
     H   15        0.459096        0.211056       -0.408128

     C   16        0.268498       -0.212684        0.073262
     C   16       -0.212684        0.173375        0.391004
     C   16        0.073262        0.391004       -0.441873

     C   17        0.244339       -0.094521        0.069496
     C   17       -0.094521        0.150108        0.447978
     C   17        0.069496        0.447978       -0.394446

     Cl  18        0.156752       -0.178781       -0.064241
     Cl  18       -0.178781       -0.035507        0.037316
     Cl  18       -0.064241        0.037316       -0.121245

     H   19       -0.509453       -0.041198        0.025698
     H   19       -0.041198        0.679313       -0.698155
     H   19        0.025698       -0.698155       -0.169860

     C   20        0.306006        0.209918        0.360038
     C   20        0.209918        0.037832       -0.262800
     C   20        0.360038       -0.262800       -0.343839

     H   21        0.604587       -0.228171        0.704372
     H   21       -0.228171       -0.421276       -0.199329
     H   21        0.704372       -0.199329       -0.183311

     C   22        0.144286        0.271375        0.261516
     C   22        0.271375        0.208454       -0.303675
     C   22        0.261516       -0.303675       -0.352740

     C   23        0.035340        0.262584        0.344984
     C   23        0.262584        0.187762       -0.319478
     C   23        0.344984       -0.319478       -0.223102

     Cl  24        0.104390        0.227076        0.039471
     Cl  24        0.227076        0.042968        0.018025
     Cl  24        0.039471        0.018025       -0.147358

     ----- GIPAW term -----
     Cl   1        1.095027       -3.019730       -1.228178
     Cl   1       -3.019730       -0.272139        0.969936
     Cl   1       -1.228178        0.969936       -0.822887

     C    2       -0.108202       -0.033400       -0.083852
     C    2       -0.033400       -0.062605        0.051861
     C    2       -0.083852        0.051861        0.170807

     C    3       -0.020879       -0.018553       -0.027823
     C    3       -0.018553       -0.069721        0.025127
     C    3       -0.027823        0.025127        0.090599

     H    4       -0.000000        0.000000        0.000000
     H    4        0.000000        0.000000        0.000000
     H    4        0.000000        0.000000        0.000000

     C    5       -0.169219        0.010264       -0.060323
     C    5        0.010264       -0.047081        0.090146
     C    5       -0.060323        0.090146        0.216300

     H    6       -0.000000        0.000000        0.000000
     H    6        0.000000        0.000000        0.000000
     H    6        0.000000        0.000000        0.000000

     H    7       -0.000000        0.000000        0.000000
     H    7        0.000000        0.000000        0.000000
     H    7        0.000000        0.000000        0.000000

     C    8       -0.053765        0.043213       -0.039320
     C    8        0.043213        0.032860        0.156457
     C    8       -0.039320        0.156457        0.020905

     H    9       -0.000000        0.000000        0.000000
     H    9        0.000000        0.000000        0.000000
     H    9        0.000000        0.000000        0.000000

     C   10       -0.004658        0.012580       -0.109175
     C   10        0.012580       -0.031089       -0.006670
     C   10       -0.109175       -0.006670        0.035747

     C   11       -0.031472        0.123675       -0.066853
     C   11        0.123675        0.038308        0.214179
     C   11       -0.066853        0.214179       -0.006836

     Cl  12        0.949794        1.374855       -0.092084
     Cl  12        1.374855        0.912135       -0.124150
     Cl  12       -0.092084       -0.124150       -1.861929

     H   13       -0.000000        0.000000        0.000000
     H   13        0.000000        0.000000        0.000000
     H   13        0.000000        0.000000        0.000000

     C   14       -0.105929       -0.052745       -0.074689
     C   14       -0.052745       -0.011256        0.133274
     C   14       -0.074689        0.133274        0.117185

     H   15       -0.000000        0.000000        0.000000
     H   15        0.000000        0.000000        0.000000
     H   15        0.000000        0.000000        0.000000

     C   16       -0.250559        0.025887       -0.062024
     C   16        0.025887        0.278779        0.138070
     C   16       -0.062024        0.138070       -0.028219

     C   17       -0.071695       -0.028702        0.030284
     C   17       -0.028702        0.101219        0.180349
     C   17        0.030284        0.180349       -0.029524

     Cl  18       -0.979880        0.224432       -0.415692
     Cl  18        0.224432        2.362068       -1.447757
     Cl  18       -0.415692       -1.447757       -1.382187

     H   19       -0.000000        0.000000        0.000000
     H   19        0.000000        0.000000        0.000000
     H   19        0.000000        0.000000        0.000000

     C   20       -0.186093       -0.084012       -0.052975
     C   20       -0.084012        0.168020        0.176918
     C   20       -0.052975        0.176918        0.018073

     H   21       -0.000000        0.000000        0.000000
     H   21        0.000000        0.000000        0.000000
     H   21        0.000000        0.000000        0.000000

     C   22       -0.131164       -0.040283       -0.075088
     C   22       -0.040283        0.018719        0.218015
     C   22       -0.075088        0.218015        0.112445

     C   23       -0.073323       -0.010424       -0.065158
     C   23       -0.010424        0.007417        0.149876
     C   23       -0.065158        0.149876        0.065906

     Cl  24       -0.035287        0.377534       -0.575239
     Cl  24        0.377534        0.298297        1.095108
     Cl  24       -0.575239        1.095108       -0.263010

     ----- total EFG -----
     Cl   1        1.226845       -3.358249       -1.274951
     Cl   1       -3.358249       -0.282366        1.019820
     Cl   1       -1.274951        1.019820       -0.944479

     C    2       -0.455532        0.130590       -0.071575
     C    2        0.130590        0.216202        0.230632
     C    2       -0.071575        0.230632        0.239330

     C    3        0.344892       -0.144766        0.113389
     C    3       -0.144766       -0.263446        0.135717
     C    3        0.113389        0.135717       -0.081446

     H    4        0.269666        0.119276        0.730498
     H    4        0.119276       -0.006233        0.244335
     H    4        0.730498        0.244335       -0.263433

     C    5       -0.536683        0.174953       -0.288284
     C    5        0.174953        0.199855        0.375903
     C    5       -0.288284        0.375903        0.336828

     H    6       -0.030617       -0.088172        0.148856
     H    6       -0.088172        0.236011        0.577822
     H    6        0.148856        0.577822       -0.205394

     H    7       -0.148171       -0.007869        0.057902
     H    7       -0.007869        0.081454       -0.210175
     H    7        0.057902       -0.210175        0.066717

     C    8       -0.208255        0.321992       -0.041944
     C    8        0.321992        0.014805        0.410738
     C    8       -0.041944        0.410738        0.193450

     H    9        0.259122        0.053393        0.508332
     H    9        0.053393       -0.016544       -0.079091
     H    9        0.508332       -0.079091       -0.242578

     C   10       -0.201475        0.003001       -0.140533
     C   10        0.003001       -0.124535       -0.023975
     C   10       -0.140533       -0.023975        0.326010

     C   11        0.026568        0.386419       -0.081621
     C   11        0.386419       -0.051569        0.521920
     C   11       -0.081621        0.521920        0.025001

     Cl  12        1.029451        1.437174       -0.075429
     Cl  12        1.437174        1.009127       -0.126736
     Cl  12       -0.075429       -0.126736       -2.038578

     H   13       -0.066994        0.056457        0.069761
     H   13        0.056457        0.292849        0.065221
     H   13        0.069761        0.065221       -0.225855

     C   14        0.163829       -0.199855       -0.201954
     C   14       -0.199855       -0.214432        0.151846
     C   14       -0.201954        0.151846        0.050603

     H   15        0.603791       -0.053181        0.237493
     H   15       -0.053181       -0.605499        0.149403
     H   15        0.237493        0.149403        0.001708

     C   16       -0.772204        0.180409       -0.332146
     C   16        0.180409        0.816933        0.491707
     C   16       -0.332146        0.491707       -0.044729

     C   17        0.238169       -0.057564       -0.051161
     C   17       -0.057564       -0.044830        0.210104
     C   17       -0.051161        0.210104       -0.193340

     Cl  18       -1.024664        0.323480       -0.483185
     Cl  18        0.323480        2.373617       -1.449825
     Cl  18       -0.483185       -1.449825       -1.348953

     H   19       -0.089375       -0.000709        0.092940
     H   19       -0.000709        0.402302       -0.227280
     H   19        0.092940       -0.227280       -0.312927

     C   20       -0.498470       -0.234614       -0.000665
     C   20       -0.234614        0.467723        0.294959
     C   20       -0.000665        0.294959        0.030747

     H   21        0.611143       -0.247440        0.175472
     H   21       -0.247440       -0.185112       -0.413185
     H   21        0.175472       -0.413185       -0.426031

     C   22       -0.119426        0.034483       -0.028131
     C   22        0.034483        0.118760        0.429451
     C   22       -0.028131        0.429451        0.000666

     C   23       -0.234481        0.005959        0.003678
     C   23        0.005959        0.085940        0.116583
     C   23        0.003678        0.116583        0.148542

     Cl  24        0.232934        0.687239       -0.445874
     Cl  24        0.687239        0.225771        0.774918
     Cl  24       -0.445874        0.774918       -0.458706

     ----- total EFG (symmetrized) -----
     Cl   1        1.226845       -3.358249       -1.274951
     Cl   1       -3.358249       -0.282366        1.019820
     Cl   1       -1.274951        1.019820       -0.944479

     C    2       -0.455532        0.130590       -0.071575
     C    2        0.130590        0.216202        0.230632
     C    2       -0.071575        0.230632        0.239330

     C    3        0.344892       -0.144766        0.113389
     C    3       -0.144766       -0.263446        0.135717
     C    3        0.113389        0.135717       -0.081446

     H    4        0.269666        0.119276        0.730498
     H    4        0.119276       -0.006233        0.244335
     H    4        0.730498        0.244335       -0.263433

     C    5       -0.536683        0.174953       -0.288284
     C    5        0.174953        0.199855        0.375903
     C    5       -0.288284        0.375903        0.336828

     H    6       -0.030617       -0.088172        0.148856
     H    6       -0.088172        0.236011        0.577822
     H    6        0.148856        0.577822       -0.205394

     H    7       -0.148171       -0.007869        0.057902
     H    7       -0.007869        0.081454       -0.210175
     H    7        0.057902       -0.210175        0.066717

     C    8       -0.208255        0.321992       -0.041944
     C    8        0.321992        0.014805        0.410738
     C    8       -0.041944        0.410738        0.193450

     H    9        0.259122        0.053393        0.508332
     H    9        0.053393       -0.016544       -0.079091
     H    9        0.508332       -0.079091       -0.242578

     C   10       -0.201475        0.003001       -0.140533
     C   10        0.003001       -0.124535       -0.023975
     C   10       -0.140533       -0.023975        0.326010

     C   11        0.026568        0.386419       -0.081621
     C   11        0.386419       -0.051569        0.521920
     C   11       -0.081621        0.521920        0.025001

     Cl  12        1.029451        1.437174       -0.075429
     Cl  12        1.437174        1.009127       -0.126736
     Cl  12       -0.075429       -0.126736       -2.038578

     H   13       -0.066994        0.056457        0.069761
     H   13        0.056457        0.292849        0.065221
     H   13        0.069761        0.065221       -0.225855

     C   14        0.163829       -0.199855       -0.201954
     C   14       -0.199855       -0.214432        0.151846
     C   14       -0.201954        0.151846        0.050603

     H   15        0.603791       -0.053181        0.237493
     H   15       -0.053181       -0.605499        0.149403
     H   15        0.237493        0.149403        0.001708

     C   16       -0.772204        0.180409       -0.332146
     C   16        0.180409        0.816933        0.491707
     C   16       -0.332146        0.491707       -0.044729

     C   17        0.238169       -0.057564       -0.051161
     C   17       -0.057564       -0.044830        0.210104
     C   17       -0.051161        0.210104       -0.193340

     Cl  18       -1.024664        0.323480       -0.483185
     Cl  18        0.323480        2.373617       -1.449825
     Cl  18       -0.483185       -1.449825       -1.348953

     H   19       -0.089375       -0.000709        0.092940
     H   19       -0.000709        0.402302       -0.227280
     H   19        0.092940       -0.227280       -0.312927

     C   20       -0.498470       -0.234614       -0.000665
     C   20       -0.234614        0.467723        0.294959
     C   20       -0.000665        0.294959        0.030747

     H   21        0.611143       -0.247440        0.175472
     H   21       -0.247440       -0.185112       -0.413185
     H   21        0.175472       -0.413185       -0.426031

     C   22       -0.119426        0.034483       -0.028131
     C   22        0.034483        0.118760        0.429451
     C   22       -0.028131        0.429451        0.000666

     C   23       -0.234481        0.005959        0.003678
     C   23        0.005959        0.085940        0.116583
     C   23        0.003678        0.116583        0.148542

     Cl  24        0.232934        0.687239       -0.445874
     Cl  24        0.687239        0.225771        0.774918
     Cl  24       -0.445874        0.774918       -0.458706


     NQR/NMR SPECTROSCOPIC PARAMETERS:
     Cl   1    Vxx=   -1.4421    axis=(  0.227513 -0.182337  0.956552)
     Cl   1    Vyy=   -2.9697    axis=( -0.624844 -0.780749 -0.000209)
     Cl   1    Vzz=    4.4119    axis=(  0.746865 -0.597649 -0.291563)
     Cl   1  Q=        -8.1650 1e-30 m^2  Cq=       -84.6394 MHz  eta= 0.34625

     C    2    Vxx=    0.0385    axis=( -0.277866 -0.678441  0.680080)
     C    2    Vyy=    0.4604    axis=( -0.043730 -0.698292 -0.714476)
     C    2    Vzz=   -0.4989    axis=( -0.959624  0.228269 -0.164364)
     C    2  Q=         1.0000 1e-30 m^2  Cq=        -1.1721 MHz  eta= 0.84566

     C    3    Vxx=   -0.0113    axis=( -0.069559  0.503433  0.861230)
     C    3    Vyy=   -0.3812    axis=(  0.242813  0.845901 -0.474861)
     C    3    Vzz=    0.3925    axis=( -0.967576  0.176087 -0.181080)
     C    3  Q=         1.0000 1e-30 m^2  Cq=         0.9221 MHz  eta= 0.94256

     H    4    Vxx=   -0.0503    axis=(  0.320868 -0.947019  0.014094)
     H    4    Vyy=   -0.7975    axis=(  0.543305  0.171853 -0.821758)
     H    4    Vzz=    0.8478    axis=(  0.775799  0.271333  0.569662)
     H    4  Q=         1.0000 1e-30 m^2  Cq=         1.9919 MHz  eta= 0.88138

     C    5    Vxx=    0.0531    axis=(  0.461879  0.732095 -0.500704)
     C    5    Vyy=    0.6616    axis=(  0.101798 -0.604554 -0.790032)
     C    5    Vzz=   -0.7148    axis=( -0.881081  0.313929 -0.353757)
     C    5  Q=         1.0000 1e-30 m^2  Cq=        -1.6794 MHz  eta= 0.85131

     H    6    Vxx=    0.0172    axis=(  0.963245 -0.167146  0.210287)
     H    6    Vyy=    0.6341    axis=(  0.018404  0.822056  0.569109)
     H    6    Vzz=   -0.6512    axis=( -0.267992 -0.544321  0.794918)
     H    6  Q=         1.0000 1e-30 m^2  Cq=        -1.5302 MHz  eta= 0.94724

     H    7    Vxx=   -0.1077    axis=(  0.617757  0.595912  0.513094)
     H    7    Vyy=   -0.1816    axis=(  0.779321 -0.376781 -0.500694)
     H    7    Vzz=    0.2892    axis=(  0.105046 -0.709172  0.697166)
     H    7  Q=         1.0000 1e-30 m^2  Cq=         0.6796 MHz  eta= 0.25550

     C    8    Vxx=   -0.0107    axis=( -0.721249 -0.365942  0.588121)
     C    8    Vyy=   -0.5555    axis=( -0.650298  0.650149 -0.392963)
     C    8    Vzz=    0.5662    axis=(  0.238565  0.665878  0.706890)
     C    8  Q=         1.0000 1e-30 m^2  Cq=         1.3303 MHz  eta= 0.96227

     H    9    Vxx=   -0.0003    axis=(  0.083664  0.985707 -0.146227)
     H    9    Vyy=   -0.5749    axis=(  0.520865 -0.168358 -0.836873)
     H    9    Vzz=    0.5752    axis=( -0.849529 -0.006148 -0.527505)
     H    9  Q=         1.0000 1e-30 m^2  Cq=         1.3514 MHz  eta= 0.99903

     C   10    Vxx=   -0.1256    axis=(  0.037237 -0.998448 -0.041413)
     C   10    Vyy=   -0.2367    axis=(  0.969605  0.026071  0.243282)
     C   10    Vzz=    0.3623    axis=( -0.241825 -0.049214  0.969071)
     C   10  Q=         1.0000 1e-30 m^2  Cq=         0.8513 MHz  eta= 0.30642

     C   11    Vxx=    0.1039    axis=(  0.808458  0.037673 -0.587346)
     C   11    Vyy=    0.5979    axis=( -0.394010 -0.706684 -0.587667)
     C   11    Vzz=   -0.7018    axis=(  0.437208 -0.706525  0.556481)
     C   11  Q=         1.0000 1e-30 m^2  Cq=        -1.6489 MHz  eta= 0.70397

     Cl  12    Vxx=   -0.4171    axis=(  0.705219 -0.708630  0.022581)
     Cl  12    Vyy=   -2.0439    axis=( -0.006575 -0.038385 -0.999241)
     Cl  12    Vzz=    2.4610    axis=(  0.708959  0.704535 -0.031729)
     Cl  12  Q=        -8.1650 1e-30 m^2  Cq=       -47.2137 MHz  eta= 0.66104

     H   13    Vxx=   -0.0568    axis=(  0.929982 -0.206868  0.303872)
     H   13    Vyy=   -0.2554    axis=( -0.325383 -0.078594  0.942310)
     H   13    Vzz=    0.3121    axis=( -0.171051 -0.975207 -0.140403)
     H   13  Q=         1.0000 1e-30 m^2  Cq=         0.7334 MHz  eta= 0.63633

     C   14    Vxx=   -0.1025    axis=(  0.604637  0.000947  0.796501)
     C   14    Vyy=   -0.3142    axis=( -0.293782 -0.929227  0.224119)
     C   14    Vzz=    0.4168    axis=(  0.740342 -0.369509 -0.561566)
     C   14  Q=         1.0000 1e-30 m^2  Cq=         0.9792 MHz  eta= 0.50801

     H   15    Vxx=   -0.0365    axis=( -0.315317  0.268467  0.910220)
     H   15    Vyy=   -0.6497    axis=(  0.088867  0.963288 -0.253334)
     H   15    Vzz=    0.6862    axis=( -0.944816  0.001008 -0.327599)
     H   15  Q=         1.0000 1e-30 m^2  Cq=         1.6123 MHz  eta= 0.89362

     C   16    Vxx=   -0.0665    axis=( -0.470794 -0.353725  0.808227)
     C   16    Vyy=   -0.9738    axis=( -0.882099  0.205283 -0.423982)
     C   16    Vzz=    1.0403    axis=( -0.015942 -0.912544 -0.408667)
     C   16  Q=         1.0000 1e-30 m^2  Cq=         2.4443 MHz  eta= 0.87224

     C   17    Vxx=    0.0691    axis=(  0.412111  0.748813  0.519079)
     C   17    Vyy=    0.2729    axis=( -0.911009  0.329239  0.248322)
     C   17    Vzz=   -0.3421    axis=(  0.015046 -0.575222  0.817859)
     C   17  Q=         1.0000 1e-30 m^2  Cq=        -0.8037 MHz  eta= 0.59577

     Cl  18    Vxx=   -0.9437    axis=(  0.925890 -0.223427 -0.304645)
     Cl  18    Vyy=   -1.9825    axis=(  0.359180  0.270599  0.893177)
     Cl  18    Vzz=    2.9262    axis=( -0.117123 -0.936406  0.330796)
     Cl  18  Q=        -8.1650 1e-30 m^2  Cq=       -56.1385 MHz  eta= 0.35498

     H   19    Vxx=   -0.0654    axis=(  0.960871  0.122242  0.248564)
     H   19    Vyy=   -0.4043    axis=( -0.272735  0.260715  0.926090)
     H   19    Vzz=    0.4697    axis=(  0.048402 -0.957645  0.283853)
     H   19  Q=         1.0000 1e-30 m^2  Cq=         1.1036 MHz  eta= 0.72143

     C   20    Vxx=   -0.0942    axis=(  0.219152 -0.380169  0.898579)
     C   20    Vyy=   -0.5607    axis=( -0.958737 -0.254845  0.126005)
     C   20    Vzz=    0.6550    axis=(  0.181095 -0.889115 -0.420332)
     C   20  Q=         1.0000 1e-30 m^2  Cq=         1.5389 MHz  eta= 0.71233

     H   21    Vxx=   -0.0207    axis=(  0.432620  0.718277 -0.544902)
     H   21    Vyy=   -0.7360    axis=(  0.006534  0.601874  0.798564)
     H   21    Vzz=    0.7567    axis=(  0.901553 -0.349035  0.255690)
     H   21  Q=         1.0000 1e-30 m^2  Cq=         1.7780 MHz  eta= 0.94531

     C   22    Vxx=   -0.1122    axis=( -0.986159 -0.099452  0.132663)
     C   22    Vyy=   -0.3811    axis=(  0.165346 -0.649209  0.742421)
     C   22    Vzz=    0.4933    axis=( -0.012290 -0.754080 -0.656667)
     C   22  Q=         1.0000 1e-30 m^2  Cq=         1.1590 MHz  eta= 0.54525

     C   23    Vxx=   -0.0034    axis=(  0.010771  0.793282 -0.608759)
     C   23    Vyy=   -0.2346    axis=( -0.999846  0.016977  0.004432)
     C   23    Vzz=    0.2380    axis=(  0.013851  0.608617  0.793343)
     C   23  Q=         1.0000 1e-30 m^2  Cq=         0.5593 MHz  eta= 0.97106

     Cl  24    Vxx=    0.3592    axis=(  0.686590 -0.302690 -0.661039)
     Cl  24    Vyy=    0.9748    axis=( -0.577028 -0.779994 -0.242172)
     Cl  24    Vzz=   -1.3340    axis=( -0.442303  0.547711 -0.710197)
     Cl  24  Q=        -8.1650 1e-30 m^2  Cq=        25.5924 MHz  eta= 0.46142

     Initialization:
     gipaw_setup  :      9.28s CPU     11.32s WALL (       1 calls)

     Linear response

     Apply operators

     Induced current

     Other routines
     efg          :      9.44s CPU     12.08s WALL (       1 calls)

     General routines
     calbec       :      3.32s CPU      4.35s WALL (      16 calls)
     fft          :      1.70s CPU      2.53s WALL (      15 calls)
     ffts         :      0.06s CPU      0.08s WALL (       2 calls)
     fftw         :      3.42s CPU      4.29s WALL (     672 calls)
     davcio       :      0.02s CPU      0.34s WALL (      32 calls)

     Parallel routines
     fft_scatter  :      2.55s CPU      4.02s WALL (     689 calls)

     Plugins

     GIPAW        :     60.48s CPU     74.56s WALL (       1 calls)
