
     Program QE v.6.0 (svn rev. 13079) starts on  5Jan2017 at 17:44:40 

     This program is part of the open-source Quantum ESPRESSO suite
     for quantum simulation of materials; please cite
         "P. Giannozzi et al., J. Phys.:Condens. Matter 21 395502 (2009);
          URL http://www.quantum-espresso.org", 
     in publications or presentations arising from this work. More details at
     http://www.quantum-espresso.org/quote

     Parallel version (MPI), running on     8 processors
     R & G space division:  proc/nbgrp/npool/nimage =       8

     ***** This is GIPAW svn revision unknown      *****

     Parallelizing q-star over 1 images

     Reading data from directory:
     /users/majewski/paradichlorobenzene/pbe/9_constraint/scratch/pbe.ecut100.np8.dt60.pcl2phi-129368.save
     Message from routine read_xml_file:
     file /users/majewski/paradichlorobenzene/pbe/9_constraint/scratch/pbe.ecut100.np8.dt60.pcl2phi-129368.save not guaranteed to be safe for post-processing

   Info: using nr1, nr2, nr3 values from input

   Info: using nr1, nr2, nr3 values from input

     IMPORTANT: XC functional enforced from input :
     Exchange-correlation      =  SLA  PW   PBX  PBC ( 1  4  3  4 0 0)
     Any further DFT definition will be discarded
     Please, verify this is what you really want

               file C.pbe-n-kjpaw_psl.1.0.0.UPF: wavefunction(s)  2S 2P renormalized
               file Cl.pbe-n-kjpaw_psl.1.0.0.UPF: wavefunction(s)  3S 3P renormalized
               file H.pbe-kjpaw_psl.1.0.0.UPF: wavefunction(s)  1S renormalized

     Parallelization info
     --------------------
     sticks:   dense  smooth     PW     G-vecs:    dense   smooth      PW
     Min        3057    1223    332               144436    36536    5170
     Max        3059    1225    333               144437    36537    5171
     Sum       24467    9791   2657              1155489   292295   41363


     Subspace diagonalization in iterative solution of the eigenvalue problem:
     a serial algorithm will be used

     GIPAW projectors -----------------------------------------------
     atom=  C    l=0  rc=    1.2000  rs=    0.8000
     atom=  C    l=0  rc=    1.2000  rs=    0.8000
     atom=  C    l=1  rc=    1.4000  rs=    0.9333
     atom=  C    l=1  rc=    1.4000  rs=    0.9333
     projs nearly linearly dependent: l=1  n1,n2= 1, 2  s=  0.99951561

     atom=  Cl   l=0  rc=    1.6000  rs=    1.0667
     atom=  Cl   l=0  rc=    1.6000  rs=    1.0667
     atom=  Cl   l=1  rc=    1.6000  rs=    1.0667
     atom=  Cl   l=1  rc=    1.6000  rs=    1.0667
     atom=  Cl   l=2  rc=    1.6000  rs=    1.0667
     atom=  Cl   l=2  rc=    1.6000  rs=    1.0667
     projs nearly linearly dependent: l=2  n1,n2= 1, 2  s=  0.99993509

     atom=  H    l=0  rc=    1.0000  rs=    0.6667
     atom=  H    l=0  rc=    1.0000  rs=    0.6667
     projs nearly linearly dependent: l=0  n1,n2= 1, 2  s=  0.99968852
     -----------------------------------------------------------------

     GIPAW integrals: -------------------------------------------
     Atom  i/j   nmr_para   nmr_dia   epr_rmc  epr_para   epr_dia
       C   1 1   0.83E+03  0.17E-01  0.93E+01  0.24E+08  0.24E+03
       C   2 1   0.86E+03 -0.61E-01  0.94E+01  0.25E+08  0.25E+03
       C   2 2   0.90E+03 -0.15E+00  0.97E+01  0.26E+08  0.26E+03
       C   3 3   0.33E+01  0.34E+00  0.18E+01  0.55E+03  0.21E+02
       C   4 3   0.35E+01  0.37E+00  0.20E+01  0.59E+03  0.22E+02
       C   4 4   0.38E+01  0.39E+00  0.22E+01  0.63E+03  0.24E+02
       Cl  1 1   0.14E+04 -0.47E+00  0.84E+01  0.32E+09  0.42E+03
       Cl  2 1   0.21E+04 -0.37E+00  0.12E+02  0.49E+09  0.65E+03
       Cl  2 2   0.33E+04 -0.16E+00  0.21E+02  0.76E+09  0.10E+04
       Cl  3 3   0.21E+02  0.79E-01  0.89E+01  0.23E+05  0.13E+03
       Cl  4 3   0.24E+02  0.67E-01  0.99E+01  0.27E+05  0.15E+03
       Cl  4 4   0.28E+02  0.44E-01  0.11E+02  0.32E+05  0.18E+03
       Cl  5 5   0.77E+00  0.19E+00  0.18E+01  0.12E+03  0.22E+02
       Cl  6 5   0.80E+00  0.19E+00  0.19E+01  0.12E+03  0.23E+02
       Cl  6 6   0.83E+00  0.20E+00  0.19E+01  0.12E+03  0.23E+02
       H   1 1   0.39E+02  0.19E+00  0.29E+00  0.78E+05  0.13E+02
       H   2 1   0.41E+02  0.21E+00  0.32E+00  0.82E+05  0.14E+02
       H   2 2   0.43E+02  0.22E+00  0.36E+00  0.86E+05  0.15E+02
     ------------------------------------------------------------

     alpha_pv=     34.3989 eV

     Number of occupied bands for each k-point:
     k-point:     1    nbnd_occ=  42
     k-point:     2    nbnd_occ=  42
     k-point:     3    nbnd_occ=  42
     k-point:     4    nbnd_occ=  42
     k-point:     5    nbnd_occ=  42
     k-point:     6    nbnd_occ=  42
     k-point:     7    nbnd_occ=  42
     k-point:     8    nbnd_occ=  42
     k-point:     9    nbnd_occ=  42
     k-point:    10    nbnd_occ=  42
     k-point:    11    nbnd_occ=  42
     k-point:    12    nbnd_occ=  42
     k-point:    13    nbnd_occ=  42
     k-point:    14    nbnd_occ=  42
     k-point:    15    nbnd_occ=  42
     k-point:    16    nbnd_occ=  42


     q-space interpolation up to   110.00 Rydberg

     GIPAW job: efg                                                                             


     ELECTRIC FIELD GRADIENTS TENSORS IN Hartree/bohrradius^2:

     ----- bare term -----
     Cl   1        0.171398        0.026774       -0.076710
     Cl   1        0.026774       -0.136772        0.256948
     Cl   1       -0.076710        0.256948       -0.034625

     C    2       -0.528233        0.363296       -0.220866
     C    2        0.363296        0.134533       -0.256263
     C    2       -0.220866       -0.256263        0.393701

     C    3        0.092064       -0.186314       -0.320327
     C    3       -0.186314       -0.098566       -0.623162
     C    3       -0.320327       -0.623162        0.006502

     H    4        0.055924        0.106899       -0.463494
     H    4        0.106899        0.109226        0.229213
     H    4       -0.463494        0.229213       -0.165150

     C    5       -0.675940        0.309138       -0.215637
     C    5        0.309138        0.299785       -0.170529
     C    5       -0.215637       -0.170529        0.376155

     H    6        0.514875        0.032578       -0.143533
     H    6        0.032578       -0.304916       -0.362897
     H    6       -0.143533       -0.362897       -0.209959

     H    7        0.248729        0.220912       -0.351076
     H    7        0.220912       -0.118697        0.531793
     H    7       -0.351076        0.531793       -0.130032

     C    8        0.007023       -0.538487        0.095594
     C    8       -0.538487       -0.471269        0.367712
     C    8        0.095594        0.367712        0.464246

     H    9       -0.293643        0.410621       -0.529491
     H    9        0.410621        0.205883        0.332310
     H    9       -0.529491        0.332310        0.087761

     C   10       -0.227166       -0.160109       -0.259518
     C   10       -0.160109       -0.047133        0.312512
     C   10       -0.259518        0.312512        0.274299

     C   11       -0.001571       -0.383326       -0.194395
     C   11       -0.383326       -0.251051        0.524887
     C   11       -0.194395        0.524887        0.252622

     Cl  12       -0.090464       -0.065113       -0.120430
     Cl  12       -0.065113       -0.040937        0.134194
     Cl  12       -0.120430        0.134194        0.131401

     H   13        0.328661        0.121156        0.200933
     H   13        0.121156       -0.215561       -0.591135
     H   13        0.200933       -0.591135       -0.113100

     C   14       -0.031450       -0.186313       -0.529396
     C   14       -0.186313       -0.132498       -0.393978
     C   14       -0.529396       -0.393978        0.163948

     H   15        0.029817       -0.126667       -0.251801
     H   15       -0.126667        0.511704       -0.009940
     H   15       -0.251801       -0.009940       -0.541522

     C   16       -0.014701        0.479651       -0.235443
     C   16        0.479651       -0.294434       -0.136200
     C   16       -0.235443       -0.136200        0.309136

     C   17        0.142314       -0.326758       -0.603494
     C   17       -0.326758       -0.220929       -0.582742
     C   17       -0.603494       -0.582742        0.078616

     Cl  18        0.034913        0.317918       -0.051156
     Cl  18        0.317918       -0.155113       -0.014366
     Cl  18       -0.051156       -0.014366        0.120201

     H   19        0.429154        0.068145        0.090507
     H   19        0.068145       -0.326858        0.461715
     H   19        0.090507        0.461715       -0.102296

     C   20       -0.664487       -0.423235       -0.457766
     C   20       -0.423235        0.427509        0.176437
     C   20       -0.457766        0.176437        0.236978

     H   21       -0.223880        0.012631       -0.557021
     H   21        0.012631       -0.012053        0.082422
     H   21       -0.557021        0.082422        0.235933

     C   22        0.119277       -0.528899        0.038471
     C   22       -0.528899       -0.307276        0.540339
     C   22        0.038471        0.540339        0.187999

     C   23       -0.603850       -0.257651       -0.316311
     C   23       -0.257651        0.235494        0.074299
     C   23       -0.316311        0.074299        0.368356

     Cl  24       -0.033061       -0.045560       -0.020159
     Cl  24       -0.045560       -0.019110        0.022235
     Cl  24       -0.020159        0.022235        0.052171

     ----- ionic term -----
     Cl   1        0.072728       -0.236193        0.075836
     Cl   1       -0.236193        0.064391       -0.049530
     Cl   1        0.075836       -0.049530       -0.137119

     C    2        0.021785       -0.275178        0.416943
     C    2       -0.275178        0.110082        0.327045
     C    2        0.416943        0.327045       -0.131867

     C    3        0.009158       -0.277853        0.264834
     C    3       -0.277853        0.144979        0.383540
     C    3        0.264834        0.383540       -0.154137

     H    4        0.255663        0.113685        0.790150
     H    4        0.113685       -0.469052        0.191650
     H    4        0.790150        0.191650        0.213389

     C    5        0.234376       -0.266003        0.382494
     C    5       -0.266003       -0.059480        0.270687
     C    5        0.382494        0.270687       -0.174896

     H    6       -0.507059       -0.026541       -0.000302
     H    6       -0.026541        0.454804        0.771046
     H    6       -0.000302        0.771046        0.052255

     H    7       -0.506647       -0.100579        0.101158
     H    7       -0.100579        0.541937       -0.771779
     H    7        0.101158       -0.771779       -0.035289

     C    8        0.321709        0.196248        0.274894
     C    8        0.196248       -0.027699       -0.303693
     C    8        0.274894       -0.303693       -0.294009

     H    9        0.477172       -0.384043        0.704002
     H    9       -0.384043       -0.409645       -0.301762
     H    9        0.704002       -0.301762       -0.067527

     C   10        0.137141        0.186075        0.181825
     C   10        0.186075        0.086454       -0.394342
     C   10        0.181825       -0.394342       -0.223595

     C   11        0.273839        0.229468        0.236267
     C   11        0.229468       -0.017801       -0.384087
     C   11        0.236267       -0.384087       -0.256038

     Cl  12        0.117168        0.211761       -0.045148
     Cl  12        0.211761        0.024077       -0.029011
     Cl  12       -0.045148       -0.029011       -0.141244

     H   13       -0.528308        0.166996        0.120704
     H   13        0.166996        0.662648        0.700915
     H   13        0.120704        0.700915       -0.134340

     C   14        0.150660       -0.256043        0.354321
     C   14       -0.256043        0.041085        0.254287
     C   14        0.354321        0.254287       -0.191745

     H   15        0.510625        0.137098        0.777152
     H   15        0.137098       -0.509787        0.175419
     H   15        0.777152        0.175419       -0.000838

     C   16        0.066063       -0.316938        0.227389
     C   16       -0.316938        0.119314        0.384193
     C   16        0.227389        0.384193       -0.185377

     C   17        0.145417       -0.257704        0.347877
     C   17       -0.257704       -0.009312        0.412639
     C   17        0.347877        0.412639       -0.136105

     Cl  18        0.126647       -0.202767        0.006652
     Cl  18       -0.202767        0.009370        0.009605
     Cl  18        0.006652        0.009605       -0.136017

     H   19       -0.509302       -0.111259        0.091021
     H   19       -0.111259        0.562350       -0.769155
     H   19        0.091021       -0.769155       -0.053048

     C   20        0.319710        0.238474        0.263666
     C   20        0.238474       -0.019551       -0.307835
     C   20        0.263666       -0.307835       -0.300159

     H   21        0.626365       -0.213338        0.707653
     H   21       -0.213338       -0.475532       -0.205560
     H   21        0.707653       -0.205560       -0.150833

     C   22        0.132800        0.274472        0.161309
     C   22        0.274472        0.112538       -0.424468
     C   22        0.161309       -0.424468       -0.245338

     C   23        0.186679        0.221477        0.244693
     C   23        0.221477        0.062258       -0.422631
     C   23        0.244693       -0.422631       -0.248937

     Cl  24        0.110162        0.217612       -0.000190
     Cl  24        0.217612        0.030409       -0.016837
     Cl  24       -0.000190       -0.016837       -0.140571

     ----- GIPAW term -----
     Cl   1       -0.235632       -0.813837       -0.485462
     Cl   1       -0.813837        0.354694       -1.498219
     Cl   1       -0.485462       -1.498219       -0.119062

     C    2       -0.052465       -0.186989       -0.013200
     C    2       -0.186989        0.178975       -0.031615
     C    2       -0.013200       -0.031615       -0.126511

     C    3       -0.042914       -0.156854       -0.018070
     C    3       -0.156854        0.141959       -0.116844
     C    3       -0.018070       -0.116844       -0.099044

     H    4       -0.000000        0.000000        0.000000
     H    4        0.000000        0.000000        0.000000
     H    4        0.000000        0.000000        0.000000

     C    5       -0.116323       -0.147892       -0.000211
     C    5       -0.147892        0.221119       -0.000848
     C    5       -0.000211       -0.000848       -0.104796

     H    6       -0.000000        0.000000        0.000000
     H    6        0.000000        0.000000        0.000000
     H    6        0.000000        0.000000        0.000000

     H    7       -0.000000        0.000000        0.000000
     H    7        0.000000        0.000000        0.000000
     H    7        0.000000        0.000000        0.000000

     C    8        0.090292       -0.180932        0.186977
     C    8       -0.180932       -0.174587       -0.011515
     C    8        0.186977       -0.011515        0.084295

     H    9       -0.000000        0.000000        0.000000
     H    9        0.000000        0.000000        0.000000
     H    9        0.000000        0.000000        0.000000

     C   10        0.083165       -0.093889        0.086493
     C   10       -0.093889       -0.071652       -0.016010
     C   10        0.086493       -0.016010       -0.011513

     C   11        0.183204       -0.056088       -0.052495
     C   11       -0.056088       -0.065586        0.087487
     C   11       -0.052495        0.087487       -0.117618

     Cl  12        0.455817        1.326934       -1.360089
     Cl  12        1.326934       -0.525804        1.340725
     Cl  12       -1.360089        1.340725        0.069987

     H   13       -0.000000        0.000000        0.000000
     H   13        0.000000        0.000000        0.000000
     H   13        0.000000        0.000000        0.000000

     C   14        0.124492       -0.111085       -0.226643
     C   14       -0.111085       -0.141523       -0.013907
     C   14       -0.226643       -0.013907        0.017031

     H   15       -0.000000        0.000000        0.000000
     H   15        0.000000        0.000000        0.000000
     H   15        0.000000        0.000000        0.000000

     C   16        0.120157        0.032998       -0.171571
     C   16        0.032998       -0.139028        0.019850
     C   16       -0.171571        0.019850        0.018871

     C   17        0.228139       -0.194524       -0.191301
     C   17       -0.194524       -0.113396       -0.045105
     C   17       -0.191301       -0.045105       -0.114743

     Cl  18        2.738102       -0.757477       -0.507345
     Cl  18       -0.757477       -1.155719       -0.071327
     Cl  18       -0.507345       -0.071327       -1.582383

     H   19       -0.000000        0.000000        0.000000
     H   19        0.000000        0.000000        0.000000
     H   19        0.000000        0.000000        0.000000

     C   20       -0.112574       -0.214502       -0.062600
     C   20       -0.214502        0.215207        0.011137
     C   20       -0.062600        0.011137       -0.102633

     H   21       -0.000000        0.000000        0.000000
     H   21        0.000000        0.000000        0.000000
     H   21        0.000000        0.000000        0.000000

     C   22       -0.019949       -0.214908        0.071114
     C   22       -0.214908        0.127472       -0.031968
     C   22        0.071114       -0.031968       -0.107523

     C   23       -0.071042       -0.087500        0.092039
     C   23       -0.087500        0.076351       -0.176869
     C   23        0.092039       -0.176869       -0.005309

     Cl  24        0.236232       -0.230439        1.177266
     Cl  24       -0.230439        0.518606       -1.700400
     Cl  24        1.177266       -1.700400       -0.754838

     ----- total EFG -----
     Cl   1        0.008494       -1.023257       -0.486336
     Cl   1       -1.023257        0.282312       -1.290801
     Cl   1       -0.486336       -1.290801       -0.290806

     C    2       -0.558913       -0.098871        0.182877
     C    2       -0.098871        0.423590        0.039167
     C    2        0.182877        0.039167        0.135323

     C    3        0.058308       -0.621022       -0.073563
     C    3       -0.621022        0.188371       -0.356466
     C    3       -0.073563       -0.356466       -0.246679

     H    4        0.311587        0.220585        0.326656
     H    4        0.220585       -0.359825        0.420864
     H    4        0.326656        0.420864        0.048239

     C    5       -0.557887       -0.104757        0.166646
     C    5       -0.104757        0.461424        0.099310
     C    5        0.166646        0.099310        0.096463

     H    6        0.007816        0.006038       -0.143835
     H    6        0.006038        0.149888        0.408148
     H    6       -0.143835        0.408148       -0.157704

     H    7       -0.257919        0.120333       -0.249917
     H    7        0.120333        0.423240       -0.239986
     H    7       -0.249917       -0.239986       -0.165321

     C    8        0.419023       -0.523171        0.557465
     C    8       -0.523171       -0.673555        0.052504
     C    8        0.557465        0.052504        0.254532

     H    9        0.183528        0.026579        0.174511
     H    9        0.026579       -0.203762        0.030549
     H    9        0.174511        0.030549        0.020234

     C   10       -0.006860       -0.067922        0.008799
     C   10       -0.067922       -0.032332       -0.097840
     C   10        0.008799       -0.097840        0.039192

     C   11        0.455472       -0.209946       -0.010623
     C   11       -0.209946       -0.334439        0.228286
     C   11       -0.010623        0.228286       -0.121034

     Cl  12        0.482521        1.473581       -1.525667
     Cl  12        1.473581       -0.542664        1.445908
     Cl  12       -1.525667        1.445908        0.060143

     H   13       -0.199647        0.288151        0.321637
     H   13        0.288151        0.447087        0.109780
     H   13        0.321637        0.109780       -0.247440

     C   14        0.243702       -0.553441       -0.401718
     C   14       -0.553441       -0.232936       -0.153598
     C   14       -0.401718       -0.153598       -0.010766

     H   15        0.540443        0.010431        0.525351
     H   15        0.010431        0.001918        0.165479
     H   15        0.525351        0.165479       -0.542360

     C   16        0.171519        0.195710       -0.179626
     C   16        0.195710       -0.314149        0.267842
     C   16       -0.179626        0.267842        0.142629

     C   17        0.515870       -0.778986       -0.446918
     C   17       -0.778986       -0.343637       -0.215208
     C   17       -0.446918       -0.215208       -0.172233

     Cl  18        2.899662       -0.642326       -0.551849
     Cl  18       -0.642326       -1.301462       -0.076088
     Cl  18       -0.551849       -0.076088       -1.598200

     H   19       -0.080147       -0.043115        0.181528
     H   19       -0.043115        0.235492       -0.307440
     H   19        0.181528       -0.307440       -0.155345

     C   20       -0.457351       -0.399262       -0.256699
     C   20       -0.399262        0.623165       -0.120261
     C   20       -0.256699       -0.120261       -0.165814

     H   21        0.402485       -0.200707        0.150631
     H   21       -0.200707       -0.487585       -0.123139
     H   21        0.150631       -0.123139        0.085100

     C   22        0.232128       -0.469335        0.270894
     C   22       -0.469335       -0.067265        0.083903
     C   22        0.270894        0.083903       -0.164863

     C   23       -0.488213       -0.123673        0.020421
     C   23       -0.123673        0.374103       -0.525200
     C   23        0.020421       -0.525200        0.114110

     Cl  24        0.313332       -0.058387        1.156916
     Cl  24       -0.058387        0.529905       -1.695001
     Cl  24        1.156916       -1.695001       -0.843237

     ----- total EFG (symmetrized) -----
     Cl   1        0.008494       -1.023257       -0.486336
     Cl   1       -1.023257        0.282312       -1.290801
     Cl   1       -0.486336       -1.290801       -0.290806

     C    2       -0.558913       -0.098871        0.182877
     C    2       -0.098871        0.423590        0.039167
     C    2        0.182877        0.039167        0.135323

     C    3        0.058308       -0.621022       -0.073563
     C    3       -0.621022        0.188371       -0.356466
     C    3       -0.073563       -0.356466       -0.246679

     H    4        0.311587        0.220585        0.326656
     H    4        0.220585       -0.359825        0.420864
     H    4        0.326656        0.420864        0.048239

     C    5       -0.557887       -0.104757        0.166646
     C    5       -0.104757        0.461424        0.099310
     C    5        0.166646        0.099310        0.096463

     H    6        0.007816        0.006038       -0.143835
     H    6        0.006038        0.149888        0.408148
     H    6       -0.143835        0.408148       -0.157704

     H    7       -0.257919        0.120333       -0.249917
     H    7        0.120333        0.423240       -0.239986
     H    7       -0.249917       -0.239986       -0.165321

     C    8        0.419023       -0.523171        0.557465
     C    8       -0.523171       -0.673555        0.052504
     C    8        0.557465        0.052504        0.254532

     H    9        0.183528        0.026579        0.174511
     H    9        0.026579       -0.203762        0.030549
     H    9        0.174511        0.030549        0.020234

     C   10       -0.006860       -0.067922        0.008799
     C   10       -0.067922       -0.032332       -0.097840
     C   10        0.008799       -0.097840        0.039192

     C   11        0.455472       -0.209946       -0.010623
     C   11       -0.209946       -0.334439        0.228286
     C   11       -0.010623        0.228286       -0.121034

     Cl  12        0.482521        1.473581       -1.525667
     Cl  12        1.473581       -0.542664        1.445908
     Cl  12       -1.525667        1.445908        0.060143

     H   13       -0.199647        0.288151        0.321637
     H   13        0.288151        0.447087        0.109780
     H   13        0.321637        0.109780       -0.247440

     C   14        0.243702       -0.553441       -0.401718
     C   14       -0.553441       -0.232936       -0.153598
     C   14       -0.401718       -0.153598       -0.010766

     H   15        0.540443        0.010431        0.525351
     H   15        0.010431        0.001918        0.165479
     H   15        0.525351        0.165479       -0.542360

     C   16        0.171519        0.195710       -0.179626
     C   16        0.195710       -0.314149        0.267842
     C   16       -0.179626        0.267842        0.142629

     C   17        0.515870       -0.778986       -0.446918
     C   17       -0.778986       -0.343637       -0.215208
     C   17       -0.446918       -0.215208       -0.172233

     Cl  18        2.899662       -0.642326       -0.551849
     Cl  18       -0.642326       -1.301462       -0.076088
     Cl  18       -0.551849       -0.076088       -1.598200

     H   19       -0.080147       -0.043115        0.181528
     H   19       -0.043115        0.235492       -0.307440
     H   19        0.181528       -0.307440       -0.155345

     C   20       -0.457351       -0.399262       -0.256699
     C   20       -0.399262        0.623165       -0.120261
     C   20       -0.256699       -0.120261       -0.165814

     H   21        0.402485       -0.200707        0.150631
     H   21       -0.200707       -0.487585       -0.123139
     H   21        0.150631       -0.123139        0.085100

     C   22        0.232128       -0.469335        0.270894
     C   22       -0.469335       -0.067265        0.083903
     C   22        0.270894        0.083903       -0.164863

     C   23       -0.488213       -0.123673        0.020421
     C   23       -0.123673        0.374103       -0.525200
     C   23        0.020421       -0.525200        0.114110

     Cl  24        0.313332       -0.058387        1.156916
     Cl  24       -0.058387        0.529905       -1.695001
     Cl  24        1.156916       -1.695001       -0.843237


     NQR/NMR SPECTROSCOPIC PARAMETERS:
     Cl   1    Vxx=    0.3665    axis=(  0.782763  0.021764 -0.621939)
     Cl   1    Vyy=    1.5288    axis=(  0.388936 -0.797274  0.461610)
     Cl   1    Vzz=   -1.8953    axis=(  0.485809  0.603225  0.632541)
     Cl   1  Q=        -8.1650 1e-30 m^2  Cq=        36.3604 MHz  eta= 0.61330

     C    2    Vxx=    0.1798    axis=(  0.246918 -0.055284  0.967458)
     C    2    Vyy=    0.4351    axis=(  0.084400 -0.993350 -0.078304)
     C    2    Vzz=   -0.6148    axis=(  0.965354  0.100989 -0.240610)
     C    2  Q=         1.0000 1e-30 m^2  Cq=        -1.4446 MHz  eta= 0.41526

     C    3    Vxx=   -0.0919    axis=(  0.560435  0.229812 -0.795675)
     C    3    Vyy=   -0.7035    axis=(  0.553015  0.611328  0.566085)
     C    3    Vzz=    0.7954    axis=( -0.616511  0.757275 -0.215520)
     C    3  Q=         1.0000 1e-30 m^2  Cq=         1.8689 MHz  eta= 0.76890

     H    4    Vxx=   -0.0820    axis=(  0.706995 -0.360431 -0.608479)
     H    4    Vyy=   -0.6237    axis=( -0.017537  0.851184 -0.524574)
     H    4    Vzz=    0.7057    axis=( -0.707001 -0.381542 -0.595463)
     H    4  Q=         1.0000 1e-30 m^2  Cq=         1.6582 MHz  eta= 0.76760

     C    5    Vxx=    0.1221    axis=(  0.261784 -0.195747  0.945067)
     C    5    Vyy=    0.4905    axis=( -0.062488  0.973724  0.218992)
     C    5    Vzz=   -0.6125    axis=( -0.963101 -0.116384  0.242673)
     C    5  Q=         1.0000 1e-30 m^2  Cq=        -1.4392 MHz  eta= 0.60148

     H    6    Vxx=    0.0251    axis=(  0.951687  0.289444 -0.102538)
     H    6    Vyy=    0.4463    axis=(  0.179259 -0.794798 -0.579796)
     H    6    Vzz=   -0.4714    axis=( -0.249316  0.533403 -0.808284)
     H    6  Q=         1.0000 1e-30 m^2  Cq=        -1.1076 MHz  eta= 0.89330

     H    7    Vxx=   -0.0885    axis=( -0.625689  0.446946  0.639338)
     H    7    Vyy=   -0.4707    axis=( -0.739731 -0.079799 -0.668154)
     H    7    Vzz=    0.5592    axis=( -0.247610 -0.890995  0.380549)
     H    7  Q=         1.0000 1e-30 m^2  Cq=         1.3138 MHz  eta= 0.68344

     C    8    Vxx=   -0.0386    axis=( -0.450732  0.435820  0.779039)
     C    8    Vyy=   -0.9467    axis=(  0.430624  0.870613 -0.237901)
     C    8    Vzz=    0.9853    axis=( -0.781923  0.228243 -0.580087)
     C    8  Q=         1.0000 1e-30 m^2  Cq=         2.3151 MHz  eta= 0.92159

     H    9    Vxx=   -0.0897    axis=( -0.542475  0.097047  0.834448)
     H    9    Vyy=   -0.2079    axis=(  0.012348 -0.992276  0.123431)
     H    9    Vzz=    0.2976    axis=(  0.839981  0.077262  0.537087)
     H    9  Q=         1.0000 1e-30 m^2  Cq=         0.6991 MHz  eta= 0.39733

     C   10    Vxx=   -0.0008    axis=(  0.833987 -0.143016 -0.532927)
     C   10    Vyy=   -0.1244    axis=(  0.421777  0.787953  0.448592)
     C   10    Vzz=    0.1252    axis=(  0.355766 -0.598896  0.717463)
     C   10  Q=         1.0000 1e-30 m^2  Cq=         0.2942 MHz  eta= 0.98667

     C   11    Vxx=   -0.0041    axis=(  0.226517  0.452246  0.862649)
     C   11    Vyy=   -0.5110    axis=(  0.179463  0.851128 -0.493330)
     C   11    Vzz=    0.5152    axis=( -0.957331  0.266561  0.111634)
     C   11  Q=         1.0000 1e-30 m^2  Cq=         1.2104 MHz  eta= 0.98392

     Cl  12    Vxx=    1.1608    axis=(  0.276959  0.749726  0.601004)
     Cl  12    Vyy=    1.8372    axis=( -0.808613 -0.156032  0.567273)
     Cl  12    Vzz=   -2.9980    axis=( -0.519075  0.643091 -0.563024)
     Cl  12  Q=        -8.1650 1e-30 m^2  Cq=        57.5144 MHz  eta= 0.22562

     H   13    Vxx=   -0.0553    axis=( -0.565237  0.472024 -0.676535)
     H   13    Vyy=   -0.5612    axis=( -0.714672  0.129403  0.687385)
     H   13    Vzz=    0.6165    axis=(  0.412008  0.872037  0.264199)
     H   13  Q=         1.0000 1e-30 m^2  Cq=         1.4485 MHz  eta= 0.82056

     C   14    Vxx=    0.0598    axis=(  0.074049 -0.569574  0.818598)
     C   14    Vyy=    0.7087    axis=( -0.825919  0.425015  0.370433)
     C   14    Vzz=   -0.7684    axis=( -0.558906 -0.703525 -0.438950)
     C   14  Q=         1.0000 1e-30 m^2  Cq=        -1.8055 MHz  eta= 0.84444

     H   15    Vxx=    0.0235    axis=(  0.159630 -0.977531 -0.137661)
     H   15    Vyy=    0.7604    axis=( -0.918836 -0.096144 -0.382750)
     H   15    Vzz=   -0.7839    axis=(  0.360914  0.187586 -0.913538)
     H   15  Q=         1.0000 1e-30 m^2  Cq=        -1.8418 MHz  eta= 0.94000

     C   16    Vxx=    0.1888    axis=(  0.665363  0.535777  0.519842)
     C   16    Vyy=    0.3413    axis=( -0.663287  0.104754  0.740998)
     C   16    Vzz=   -0.5301    axis=( -0.342554  0.837836 -0.425073)
     C   16  Q=         1.0000 1e-30 m^2  Cq=        -1.2454 MHz  eta= 0.28772

     C   17    Vxx=   -0.0283    axis=( -0.029433 -0.512809  0.857998)
     C   17    Vyy=   -1.0150    axis=(  0.505762  0.732742  0.455296)
     C   17    Vzz=    1.0433    axis=( -0.862171  0.447344  0.237792)
     C   17  Q=         1.0000 1e-30 m^2  Cq=         2.4514 MHz  eta= 0.94580

     Cl  18    Vxx=   -1.3250    axis=( -0.082751 -0.904221  0.418971)
     Cl  18    Vyy=   -1.7321    axis=(  0.163134  0.402451  0.900789)
     Cl  18    Vzz=    3.0571    axis=( -0.983127  0.142890  0.114206)
     Cl  18  Q=        -8.1650 1e-30 m^2  Cq=       -58.6494 MHz  eta= 0.13318

     H   19    Vxx=   -0.0461    axis=(  0.868844  0.419709  0.262592)
     H   19    Vyy=   -0.3902    axis=( -0.429249  0.374329  0.821963)
     H   19    Vzz=    0.4363    axis=(  0.246689 -0.826875  0.505393)
     H   19  Q=         1.0000 1e-30 m^2  Cq=         1.0250 MHz  eta= 0.78861

     C   20    Vxx=   -0.0265    axis=( -0.436853 -0.103064  0.893609)
     C   20    Vyy=   -0.7296    axis=(  0.846312  0.289542  0.447126)
     C   20    Vzz=    0.7560    axis=( -0.304820  0.951600 -0.039263)
     C   20  Q=         1.0000 1e-30 m^2  Cq=         1.7763 MHz  eta= 0.93002

     H   21    Vxx=    0.0275    axis=( -0.400612 -0.062432  0.914118)
     H   21    Vyy=    0.5164    axis=( -0.897817  0.225850 -0.378043)
     H   21    Vzz=   -0.5439    axis=( -0.182851 -0.972160 -0.146531)
     H   21  Q=         1.0000 1e-30 m^2  Cq=        -1.2779 MHz  eta= 0.89889

     C   22    Vxx=   -0.0614    axis=( -0.139152 -0.558872 -0.817496)
     C   22    Vyy=   -0.5530    axis=(  0.562347  0.634910 -0.529770)
     C   22    Vzz=    0.6144    axis=( -0.815109  0.533434 -0.225931)
     C   22  Q=         1.0000 1e-30 m^2  Cq=         1.4435 MHz  eta= 0.80014

     C   23    Vxx=   -0.2804    axis=( -0.264577  0.572628  0.775948)
     C   23    Vyy=   -0.5142    axis=( -0.960555 -0.227933 -0.159315)
     C   23    Vzz=    0.7946    axis=(  0.085636 -0.787492  0.610346)
     C   23  Q=         1.0000 1e-30 m^2  Cq=         1.8670 MHz  eta= 0.29415

     Cl  24    Vxx=    0.3261    axis=(  0.837028  0.545921  0.036802)
     Cl  24    Vyy=    2.0003    axis=(  0.424953 -0.690977  0.584778)
     Cl  24    Vzz=   -2.3264    axis=(  0.344672 -0.473837 -0.810358)
     Cl  24  Q=        -8.1650 1e-30 m^2  Cq=        44.6312 MHz  eta= 0.71964

     Initialization:
     gipaw_setup  :      9.16s CPU     10.89s WALL (       1 calls)

     Linear response

     Apply operators

     Induced current

     Other routines
     efg          :      9.26s CPU     12.52s WALL (       1 calls)

     General routines
     calbec       :      3.28s CPU      4.49s WALL (      16 calls)
     fft          :      1.42s CPU      1.81s WALL (      15 calls)
     ffts         :      0.03s CPU      0.05s WALL (       2 calls)
     fftw         :      3.27s CPU      4.25s WALL (     672 calls)
     davcio       :      0.02s CPU      0.32s WALL (      32 calls)

     Parallel routines
     fft_scatter  :      2.09s CPU      3.32s WALL (     689 calls)

     Plugins

     GIPAW        :     61.71s CPU     74.22s WALL (       1 calls)
