
     Program QE v.6.0 (svn rev. 13079) starts on  3Jan2017 at 21:46:14 

     This program is part of the open-source Quantum ESPRESSO suite
     for quantum simulation of materials; please cite
         "P. Giannozzi et al., J. Phys.:Condens. Matter 21 395502 (2009);
          URL http://www.quantum-espresso.org", 
     in publications or presentations arising from this work. More details at
     http://www.quantum-espresso.org/quote

     Parallel version (MPI), running on     8 processors
     R & G space division:  proc/nbgrp/npool/nimage =       8

     ***** This is GIPAW svn revision unknown      *****

     Parallelizing q-star over 1 images

     Reading data from directory:
     /users/majewski/paradichlorobenzene/pbe/9_constraint/scratch/pbe.ecut100.np8.dt60.pcl2phi-129368.save
     Message from routine read_xml_file:
     file /users/majewski/paradichlorobenzene/pbe/9_constraint/scratch/pbe.ecut100.np8.dt60.pcl2phi-129368.save not guaranteed to be safe for post-processing

   Info: using nr1, nr2, nr3 values from input

   Info: using nr1, nr2, nr3 values from input

     IMPORTANT: XC functional enforced from input :
     Exchange-correlation      =  SLA  PW   PBX  PBC ( 1  4  3  4 0 0)
     Any further DFT definition will be discarded
     Please, verify this is what you really want

               file C.pbe-n-kjpaw_psl.1.0.0.UPF: wavefunction(s)  2S 2P renormalized
               file Cl.pbe-n-kjpaw_psl.1.0.0.UPF: wavefunction(s)  3S 3P renormalized
               file H.pbe-kjpaw_psl.1.0.0.UPF: wavefunction(s)  1S renormalized

     Parallelization info
     --------------------
     sticks:   dense  smooth     PW     G-vecs:    dense   smooth      PW
     Min        3057    1223    332               144436    36536    5170
     Max        3059    1225    333               144437    36537    5171
     Sum       24467    9791   2657              1155489   292295   41363


     Subspace diagonalization in iterative solution of the eigenvalue problem:
     a serial algorithm will be used

     GIPAW projectors -----------------------------------------------
     atom=  C    l=0  rc=    1.2000  rs=    0.8000
     atom=  C    l=0  rc=    1.2000  rs=    0.8000
     atom=  C    l=1  rc=    1.4000  rs=    0.9333
     atom=  C    l=1  rc=    1.4000  rs=    0.9333
     projs nearly linearly dependent: l=1  n1,n2= 1, 2  s=  0.99951561

     atom=  Cl   l=0  rc=    1.6000  rs=    1.0667
     atom=  Cl   l=0  rc=    1.6000  rs=    1.0667
     atom=  Cl   l=1  rc=    1.6000  rs=    1.0667
     atom=  Cl   l=1  rc=    1.6000  rs=    1.0667
     atom=  Cl   l=2  rc=    1.6000  rs=    1.0667
     atom=  Cl   l=2  rc=    1.6000  rs=    1.0667
     projs nearly linearly dependent: l=2  n1,n2= 1, 2  s=  0.99993509

     atom=  H    l=0  rc=    1.0000  rs=    0.6667
     atom=  H    l=0  rc=    1.0000  rs=    0.6667
     projs nearly linearly dependent: l=0  n1,n2= 1, 2  s=  0.99968852
     -----------------------------------------------------------------

     GIPAW integrals: -------------------------------------------
     Atom  i/j   nmr_para   nmr_dia   epr_rmc  epr_para   epr_dia
       C   1 1   0.83E+03  0.17E-01  0.93E+01  0.24E+08  0.24E+03
       C   2 1   0.86E+03 -0.61E-01  0.94E+01  0.25E+08  0.25E+03
       C   2 2   0.90E+03 -0.15E+00  0.97E+01  0.26E+08  0.26E+03
       C   3 3   0.33E+01  0.34E+00  0.18E+01  0.55E+03  0.21E+02
       C   4 3   0.35E+01  0.37E+00  0.20E+01  0.59E+03  0.22E+02
       C   4 4   0.38E+01  0.39E+00  0.22E+01  0.63E+03  0.24E+02
       Cl  1 1   0.14E+04 -0.47E+00  0.84E+01  0.32E+09  0.42E+03
       Cl  2 1   0.21E+04 -0.37E+00  0.12E+02  0.49E+09  0.65E+03
       Cl  2 2   0.33E+04 -0.16E+00  0.21E+02  0.76E+09  0.10E+04
       Cl  3 3   0.21E+02  0.79E-01  0.89E+01  0.23E+05  0.13E+03
       Cl  4 3   0.24E+02  0.67E-01  0.99E+01  0.27E+05  0.15E+03
       Cl  4 4   0.28E+02  0.44E-01  0.11E+02  0.32E+05  0.18E+03
       Cl  5 5   0.77E+00  0.19E+00  0.18E+01  0.12E+03  0.22E+02
       Cl  6 5   0.80E+00  0.19E+00  0.19E+01  0.12E+03  0.23E+02
       Cl  6 6   0.83E+00  0.20E+00  0.19E+01  0.12E+03  0.23E+02
       H   1 1   0.39E+02  0.19E+00  0.29E+00  0.78E+05  0.13E+02
       H   2 1   0.41E+02  0.21E+00  0.32E+00  0.82E+05  0.14E+02
       H   2 2   0.43E+02  0.22E+00  0.36E+00  0.86E+05  0.15E+02
     ------------------------------------------------------------

     alpha_pv=     34.5754 eV

     Number of occupied bands for each k-point:
     k-point:     1    nbnd_occ=  42
     k-point:     2    nbnd_occ=  42
     k-point:     3    nbnd_occ=  42
     k-point:     4    nbnd_occ=  42
     k-point:     5    nbnd_occ=  42
     k-point:     6    nbnd_occ=  42
     k-point:     7    nbnd_occ=  42
     k-point:     8    nbnd_occ=  42
     k-point:     9    nbnd_occ=  42
     k-point:    10    nbnd_occ=  42
     k-point:    11    nbnd_occ=  42
     k-point:    12    nbnd_occ=  42
     k-point:    13    nbnd_occ=  42
     k-point:    14    nbnd_occ=  42
     k-point:    15    nbnd_occ=  42
     k-point:    16    nbnd_occ=  42


     q-space interpolation up to   110.00 Rydberg

     GIPAW job: efg                                                                             


     ELECTRIC FIELD GRADIENTS TENSORS IN Hartree/bohrradius^2:

     ----- bare term -----
     Cl   1       -0.009480        0.137808       -0.016707
     Cl   1        0.137808        0.102599        0.007844
     Cl   1       -0.016707        0.007844       -0.093118

     C    2       -0.775136        0.351382       -0.299311
     C    2        0.351382        0.280186       -0.053951
     C    2       -0.299311       -0.053951        0.494949

     C    3        0.144985        0.258469       -0.034805
     C    3        0.258469       -0.521533       -0.456339
     C    3       -0.034805       -0.456339        0.376548

     H    4       -0.443533       -0.087725       -0.485463
     H    4       -0.087725        0.180881       -0.343804
     H    4       -0.485463       -0.343804        0.262653

     C    5       -0.806964        0.308287       -0.416769
     C    5        0.308287        0.360209       -0.192557
     C    5       -0.416769       -0.192557        0.446755

     H    6        0.314967       -0.005230       -0.263872
     H    6       -0.005230       -0.499085       -0.489364
     H    6       -0.263872       -0.489364        0.184118

     H    7        0.373156        0.239869        0.058757
     H    7        0.239869       -0.636900       -0.209654
     H    7        0.058757       -0.209654        0.263745

     C    8        0.032835        0.131293       -0.115739
     C    8        0.131293       -0.155194       -0.036326
     C    8       -0.115739       -0.036326        0.122359

     H    9       -0.251219        0.358126        0.193310
     H    9        0.358126        0.066755       -0.161833
     H    9        0.193310       -0.161833        0.184464

     C   10        0.080103       -0.088832        0.230362
     C   10       -0.088832       -0.077949       -0.173664
     C   10        0.230362       -0.173664       -0.002154

     C   11        0.086094        0.160602       -0.162197
     C   11        0.160602       -0.022080        0.047205
     C   11       -0.162197        0.047205       -0.064014

     Cl  12        0.002929       -0.278525       -0.030898
     Cl  12       -0.278525        0.066767       -0.199198
     Cl  12       -0.030898       -0.199198       -0.069696

     H   13        0.314540        0.074284        0.198180
     H   13        0.074284       -0.026957       -0.462553
     H   13        0.198180       -0.462553       -0.287582

     C   14        0.190941        0.032060       -0.055234
     C   14        0.032060       -0.307253       -0.292923
     C   14       -0.055234       -0.292923        0.116311

     H   15        0.116260       -0.113336       -0.365572
     H   15       -0.113336        0.378514       -0.249626
     H   15       -0.365572       -0.249626       -0.494775

     C   16       -0.329129        0.286203       -0.203363
     C   16        0.286203        0.380846       -0.196102
     C   16       -0.203363       -0.196102       -0.051717

     C   17        0.338013        0.190106       -0.117057
     C   17        0.190106       -0.551274       -0.452657
     C   17       -0.117057       -0.452657        0.213261

     Cl  18       -0.141864        0.216685        0.001847
     Cl  18        0.216685       -0.016898        0.012858
     Cl  18        0.001847        0.012858        0.158762

     H   19        0.266382        0.015177       -0.168261
     H   19        0.015177       -0.418673        0.549210
     H   19       -0.168261        0.549210        0.152292

     C   20       -0.624370       -0.306066       -0.147688
     C   20       -0.306066        0.265395        0.258946
     C   20       -0.147688        0.258946        0.358976

     H   21       -0.611007        0.161472        0.139308
     H   21        0.161472        0.432681        0.177169
     H   21        0.139308        0.177169        0.178325

     C   22        0.021404        0.155634       -0.326866
     C   22        0.155634       -0.131922        0.585718
     C   22       -0.326866        0.585718        0.110518

     C   23       -0.437116       -0.378065       -0.216158
     C   23       -0.378065        0.054069        0.340650
     C   23       -0.216158        0.340650        0.383047

     Cl  24       -0.016943        0.134412       -0.002020
     Cl  24        0.134412        0.042380        0.108858
     Cl  24       -0.002020        0.108858       -0.025437

     ----- ionic term -----
     Cl   1        0.151433       -0.233447        0.075671
     Cl   1       -0.233447        0.018317       -0.038730
     Cl   1        0.075671       -0.038730       -0.169750

     C    2        0.111602       -0.218612        0.408729
     C    2       -0.218612        0.117418        0.352485
     C    2        0.408729        0.352485       -0.229020

     C    3        0.129721       -0.240864        0.257691
     C    3       -0.240864        0.182904        0.360664
     C    3        0.257691        0.360664       -0.312625

     H    4        0.476393        0.326087        0.717062
     H    4        0.326087       -0.372127        0.286702
     H    4        0.717062        0.286702       -0.104266

     C    5        0.290252       -0.249149        0.289733
     C    5       -0.249149        0.045976        0.260534
     C    5        0.289733        0.260534       -0.336228

     H    6       -0.493282       -0.021093       -0.002538
     H    6       -0.021093        0.666144        0.696805
     H    6       -0.002538        0.696805       -0.172862

     H    7       -0.518128       -0.188917        0.073463
     H    7       -0.188917        0.766714       -0.620031
     H    7        0.073463       -0.620031       -0.248585

     C    8        0.316711        0.078265        0.133305
     C    8        0.078265        0.127229       -0.317155
     C    8        0.133305       -0.317155       -0.443940

     H    9        0.912143       -0.363826        0.378369
     H    9       -0.363826       -0.388353       -0.161440
     H    9        0.378369       -0.161440       -0.523790

     C   10        0.214560        0.133690        0.069819
     C   10        0.133690        0.247839       -0.401763
     C   10        0.069819       -0.401763       -0.462400

     C   11        0.298489        0.009703        0.135062
     C   11        0.009703        0.218724       -0.377535
     C   11        0.135062       -0.377535       -0.517212

     Cl  12        0.125193        0.186321       -0.000900
     Cl  12        0.186321        0.036076       -0.013739
     Cl  12       -0.000900       -0.013739       -0.161268

     H   13       -0.508629       -0.169061       -0.091498
     H   13       -0.169061        0.478737        0.760450
     H   13       -0.091498        0.760450        0.029892

     C   14        0.220319       -0.278399        0.328947
     C   14       -0.278399       -0.020822        0.289476
     C   14        0.328947        0.289476       -0.199497

     H   15        0.485426        0.191579        0.836268
     H   15        0.191579       -0.550333        0.212492
     H   15        0.836268        0.212492        0.064907

     C   16        0.132235       -0.320732        0.231458
     C   16       -0.320732        0.082117        0.354912
     C   16        0.231458        0.354912       -0.214352

     C   17        0.182667       -0.265711        0.198135
     C   17       -0.265711        0.069600        0.421551
     C   17        0.198135        0.421551       -0.252267

     Cl  18        0.124036       -0.215770       -0.020407
     Cl  18       -0.215770        0.020951        0.012221
     Cl  18       -0.020407        0.012221       -0.144987

     H   19       -0.492961       -0.115369        0.045477
     H   19       -0.115369        0.796121       -0.608369
     H   19        0.045477       -0.608369       -0.303160

     C   20        0.431287        0.097854        0.082124
     C   20        0.097854        0.130096       -0.286005
     C   20        0.082124       -0.286005       -0.561383

     H   21        0.765443       -0.556782        0.264342
     H   21       -0.556782       -0.220339       -0.176614
     H   21        0.264342       -0.176614       -0.545105

     C   22        0.196523        0.145811        0.040933
     C   22        0.145811        0.367559       -0.361567
     C   22        0.040933       -0.361567       -0.564081

     C   23        0.269510        0.079990        0.173163
     C   23        0.079990        0.258975       -0.351224
     C   23        0.173163       -0.351224       -0.528485

     Cl  24        0.159685        0.230984        0.004996
     Cl  24        0.230984       -0.020964       -0.005299
     Cl  24        0.004996       -0.005299       -0.138721

     ----- GIPAW term -----
     Cl   1        0.599578        0.212068       -0.081233
     Cl   1        0.212068        2.126434        0.012613
     Cl   1       -0.081233        0.012613       -2.726012

     C    2       -0.128049        0.053799        0.048643
     C    2        0.053799        0.064884        0.155697
     C    2        0.048643        0.155697        0.063165

     C    3       -0.090117        0.047068        0.043676
     C    3        0.047068        0.028234        0.176435
     C    3        0.043676        0.176435        0.061883

     H    4       -0.000000        0.000000        0.000000
     H    4        0.000000        0.000000        0.000000
     H    4        0.000000        0.000000        0.000000

     C    5       -0.085645        0.043329        0.014539
     C    5        0.043329        0.036926        0.050685
     C    5        0.014539        0.050685        0.048719

     H    6       -0.000000        0.000000        0.000000
     H    6        0.000000        0.000000        0.000000
     H    6        0.000000        0.000000        0.000000

     H    7       -0.000000        0.000000        0.000000
     H    7        0.000000        0.000000        0.000000
     H    7        0.000000        0.000000        0.000000

     C    8        0.006316        0.013162        0.001925
     C    8        0.013162        0.001927        0.011821
     C    8        0.001925        0.011821       -0.008243

     H    9       -0.000000        0.000000        0.000000
     H    9        0.000000        0.000000        0.000000
     H    9        0.000000        0.000000        0.000000

     C   10        0.023446        0.008778        0.024141
     C   10        0.008778        0.007127       -0.037261
     C   10        0.024141       -0.037261       -0.030573

     C   11        0.028116        0.023209       -0.009305
     C   11        0.023209       -0.013941       -0.022635
     C   11       -0.009305       -0.022635       -0.014175

     Cl  12       -0.764384        0.405588        0.099996
     Cl  12        0.405588       -0.499195        1.161383
     Cl  12        0.099996        1.161383        1.263579

     H   13       -0.000000        0.000000        0.000000
     H   13        0.000000        0.000000        0.000000
     H   13        0.000000        0.000000        0.000000

     C   14       -0.017258       -0.017385        0.002913
     C   14       -0.017385       -0.025832        0.089127
     C   14        0.002913        0.089127        0.043090

     H   15       -0.000000        0.000000        0.000000
     H   15        0.000000        0.000000        0.000000
     H   15        0.000000        0.000000        0.000000

     C   16       -0.021542        0.012577        0.003135
     C   16        0.012577        0.040610       -0.010105
     C   16        0.003135       -0.010105       -0.019068

     C   17        0.001155        0.003327        0.014230
     C   17        0.003327       -0.003721        0.090903
     C   17        0.014230        0.090903        0.002566

     Cl  18       -0.957649       -0.412440        0.523600
     Cl  18       -0.412440        0.075592        2.117331
     Cl  18        0.523600        2.117331        0.882057

     H   19       -0.000000        0.000000        0.000000
     H   19        0.000000        0.000000        0.000000
     H   19        0.000000        0.000000        0.000000

     C   20       -0.119972        0.131897        0.039419
     C   20        0.131897        0.206319        0.073654
     C   20        0.039419        0.073654       -0.086347

     H   21       -0.000000        0.000000        0.000000
     H   21        0.000000        0.000000        0.000000
     H   21        0.000000        0.000000        0.000000

     C   22       -0.064271        0.190035       -0.087428
     C   22        0.190035        0.178945       -0.002789
     C   22       -0.087428       -0.002789       -0.114675

     C   23       -0.127502        0.033340       -0.004615
     C   23        0.033340        0.132954        0.182958
     C   23       -0.004615        0.182958       -0.005452

     Cl  24        0.826264        3.047399        0.337292
     Cl  24        3.047399        0.644806        1.236216
     Cl  24        0.337292        1.236216       -1.471070

     ----- total EFG -----
     Cl   1        0.741530        0.116429       -0.022269
     Cl   1        0.116429        2.247350       -0.018274
     Cl   1       -0.022269       -0.018274       -2.988880

     C    2       -0.791582        0.186569        0.158061
     C    2        0.186569        0.462488        0.454231
     C    2        0.158061        0.454231        0.329094

     C    3        0.184589        0.064673        0.266563
     C    3        0.064673       -0.310395        0.080760
     C    3        0.266563        0.080760        0.125806

     H    4        0.032860        0.238361        0.231599
     H    4        0.238361       -0.191246       -0.057102
     H    4        0.231599       -0.057102        0.158386

     C    5       -0.602357        0.102467       -0.112497
     C    5        0.102467        0.443111        0.118661
     C    5       -0.112497        0.118661        0.159246

     H    6       -0.178315       -0.026323       -0.266410
     H    6       -0.026323        0.167059        0.207440
     H    6       -0.266410        0.207440        0.011256

     H    7       -0.144973        0.050952        0.132220
     H    7        0.050952        0.129813       -0.829686
     H    7        0.132220       -0.829686        0.015159

     C    8        0.355862        0.222720        0.019491
     C    8        0.222720       -0.026038       -0.341659
     C    8        0.019491       -0.341659       -0.329824

     H    9        0.660924       -0.005700        0.571678
     H    9       -0.005700       -0.321598       -0.323274
     H    9        0.571678       -0.323274       -0.339326

     C   10        0.318109        0.053636        0.324322
     C   10        0.053636        0.177017       -0.612688
     C   10        0.324322       -0.612688       -0.495126

     C   11        0.412699        0.193514       -0.036440
     C   11        0.193514        0.182702       -0.352965
     C   11       -0.036440       -0.352965       -0.595401

     Cl  12       -0.636263        0.313384        0.068197
     Cl  12        0.313384       -0.396352        0.948446
     Cl  12        0.068197        0.948446        1.032615

     H   13       -0.194089       -0.094777        0.106682
     H   13       -0.094777        0.451780        0.297897
     H   13        0.106682        0.297897       -0.257690

     C   14        0.394002       -0.263724        0.276625
     C   14       -0.263724       -0.353906        0.085681
     C   14        0.276625        0.085681       -0.040096

     H   15        0.601687        0.078243        0.470697
     H   15        0.078243       -0.171819       -0.037134
     H   15        0.470697       -0.037134       -0.429868

     C   16       -0.218437       -0.021951        0.031231
     C   16       -0.021951        0.503573        0.148706
     C   16        0.031231        0.148706       -0.285137

     C   17        0.521836       -0.072279        0.095308
     C   17       -0.072279       -0.485396        0.059797
     C   17        0.095308        0.059797       -0.036440

     Cl  18       -0.975478       -0.411525        0.505040
     Cl  18       -0.411525        0.079646        2.142410
     Cl  18        0.505040        2.142410        0.895832

     H   19       -0.226579       -0.100192       -0.122784
     H   19       -0.100192        0.377447       -0.059158
     H   19       -0.122784       -0.059158       -0.150868

     C   20       -0.313056       -0.076314       -0.026145
     C   20       -0.076314        0.601810        0.046595
     C   20       -0.026145        0.046595       -0.288754

     H   21        0.154437       -0.395310        0.403650
     H   21       -0.395310        0.212343        0.000556
     H   21        0.403650        0.000556       -0.366779

     C   22        0.153656        0.491480       -0.373361
     C   22        0.491480        0.414582        0.221362
     C   22       -0.373361        0.221362       -0.568238

     C   23       -0.295107       -0.264735       -0.047610
     C   23       -0.264735        0.445998        0.172385
     C   23       -0.047610        0.172385       -0.150891

     Cl  24        0.969006        3.412795        0.340268
     Cl  24        3.412795        0.666221        1.339775
     Cl  24        0.340268        1.339775       -1.635227

     ----- total EFG (symmetrized) -----
     Cl   1        0.741530        0.116429       -0.022269
     Cl   1        0.116429        2.247350       -0.018274
     Cl   1       -0.022269       -0.018274       -2.988880

     C    2       -0.791582        0.186569        0.158061
     C    2        0.186569        0.462488        0.454231
     C    2        0.158061        0.454231        0.329094

     C    3        0.184589        0.064673        0.266563
     C    3        0.064673       -0.310395        0.080760
     C    3        0.266563        0.080760        0.125806

     H    4        0.032860        0.238361        0.231599
     H    4        0.238361       -0.191246       -0.057102
     H    4        0.231599       -0.057102        0.158386

     C    5       -0.602357        0.102467       -0.112497
     C    5        0.102467        0.443111        0.118661
     C    5       -0.112497        0.118661        0.159246

     H    6       -0.178315       -0.026323       -0.266410
     H    6       -0.026323        0.167059        0.207440
     H    6       -0.266410        0.207440        0.011256

     H    7       -0.144973        0.050952        0.132220
     H    7        0.050952        0.129813       -0.829686
     H    7        0.132220       -0.829686        0.015159

     C    8        0.355862        0.222720        0.019491
     C    8        0.222720       -0.026038       -0.341659
     C    8        0.019491       -0.341659       -0.329824

     H    9        0.660924       -0.005700        0.571678
     H    9       -0.005700       -0.321598       -0.323274
     H    9        0.571678       -0.323274       -0.339326

     C   10        0.318109        0.053636        0.324322
     C   10        0.053636        0.177017       -0.612688
     C   10        0.324322       -0.612688       -0.495126

     C   11        0.412699        0.193514       -0.036440
     C   11        0.193514        0.182702       -0.352965
     C   11       -0.036440       -0.352965       -0.595401

     Cl  12       -0.636263        0.313384        0.068197
     Cl  12        0.313384       -0.396352        0.948446
     Cl  12        0.068197        0.948446        1.032615

     H   13       -0.194089       -0.094777        0.106682
     H   13       -0.094777        0.451780        0.297897
     H   13        0.106682        0.297897       -0.257690

     C   14        0.394002       -0.263724        0.276625
     C   14       -0.263724       -0.353906        0.085681
     C   14        0.276625        0.085681       -0.040096

     H   15        0.601687        0.078243        0.470697
     H   15        0.078243       -0.171819       -0.037134
     H   15        0.470697       -0.037134       -0.429868

     C   16       -0.218437       -0.021951        0.031231
     C   16       -0.021951        0.503573        0.148706
     C   16        0.031231        0.148706       -0.285137

     C   17        0.521836       -0.072279        0.095308
     C   17       -0.072279       -0.485396        0.059797
     C   17        0.095308        0.059797       -0.036440

     Cl  18       -0.975478       -0.411525        0.505040
     Cl  18       -0.411525        0.079646        2.142410
     Cl  18        0.505040        2.142410        0.895832

     H   19       -0.226579       -0.100192       -0.122784
     H   19       -0.100192        0.377447       -0.059158
     H   19       -0.122784       -0.059158       -0.150868

     C   20       -0.313056       -0.076314       -0.026145
     C   20       -0.076314        0.601810        0.046595
     C   20       -0.026145        0.046595       -0.288754

     H   21        0.154437       -0.395310        0.403650
     H   21       -0.395310        0.212343        0.000556
     H   21        0.403650        0.000556       -0.366779

     C   22        0.153656        0.491480       -0.373361
     C   22        0.491480        0.414582        0.221362
     C   22       -0.373361        0.221362       -0.568238

     C   23       -0.295107       -0.264735       -0.047610
     C   23       -0.264735        0.445998        0.172385
     C   23       -0.047610        0.172385       -0.150891

     Cl  24        0.969006        3.412795        0.340268
     Cl  24        3.412795        0.666221        1.339775
     Cl  24        0.340268        1.339775       -1.635227


     NQR/NMR SPECTROSCOPIC PARAMETERS:
     Cl   1    Vxx=    0.7327    axis=(  0.997038 -0.076708 -0.005589)
     Cl   1    Vyy=    2.2564    axis=( -0.076688 -0.997048  0.003799)
     Cl   1    Vzz=   -2.9891    axis=(  0.005864  0.003359  0.999977)
     Cl   1  Q=        -8.1650 1e-30 m^2  Cq=        57.3438 MHz  eta= 0.50975

     C    2    Vxx=   -0.0633    axis=( -0.002970 -0.653127  0.757242)
     C    2    Vyy=   -0.8271    axis=( -0.989594  0.110854  0.091732)
     C    2    Vzz=    0.8904    axis=( -0.143856 -0.749090 -0.646660)
     C    2  Q=         1.0000 1e-30 m^2  Cq=         2.0922 MHz  eta= 0.85782

     C    3    Vxx=   -0.1117    axis=( -0.676181  0.077672  0.732630)
     C    3    Vyy=   -0.3257    axis=(  0.047557 -0.987751  0.148612)
     C    3    Vzz=    0.4373    axis=(  0.735199  0.135331  0.664204)
     C    3  Q=         1.0000 1e-30 m^2  Cq=         1.0275 MHz  eta= 0.48936

     H    4    Vxx=    0.0429    axis=(  0.465946  0.626628 -0.624686)
     H    4    Vyy=    0.3576    axis=(  0.666826  0.215367  0.713414)
     H    4    Vzz=   -0.4005    axis=(  0.581581 -0.748969 -0.317503)
     H    4  Q=         1.0000 1e-30 m^2  Cq=        -0.9411 MHz  eta= 0.78570

     C    5    Vxx=    0.1424    axis=(  0.183232  0.306205 -0.934165)
     C    5    Vyy=    0.4894    axis=( -0.055679 -0.945495 -0.320840)
     C    5    Vzz=   -0.6318    axis=(  0.981492 -0.110802  0.156196)
     C    5  Q=         1.0000 1e-30 m^2  Cq=        -1.4845 MHz  eta= 0.54919

     H    6    Vxx=    0.0112    axis=(  0.546140  0.701529 -0.457808)
     H    6    Vyy=    0.3746    axis=(  0.342218 -0.685671 -0.642450)
     H    6    Vzz=   -0.3858    axis=( -0.764603  0.194198 -0.614548)
     H    6  Q=         1.0000 1e-30 m^2  Cq=        -0.9064 MHz  eta= 0.94196

     H    7    Vxx=   -0.1207    axis=( -0.978215 -0.174339 -0.112704)
     H    7    Vyy=   -0.7862    axis=( -0.201287  0.663711  0.720396)
     H    7    Vzz=    0.9068    axis=(  0.050791 -0.727388  0.684344)
     H    7  Q=         1.0000 1e-30 m^2  Cq=         2.1307 MHz  eta= 0.73389

     C    8    Vxx=    0.0907    axis=( -0.509982  0.655888 -0.556533)
     C    8    Vyy=    0.4825    axis=( -0.846465 -0.497753  0.189048)
     C    8    Vzz=   -0.5732    axis=( -0.153022  0.567497  0.809032)
     C    8  Q=         1.0000 1e-30 m^2  Cq=        -1.3467 MHz  eta= 0.68354

     H    9    Vxx=   -0.1497    axis=(  0.322402  0.833422 -0.448848)
     H    9    Vyy=   -0.7867    axis=( -0.307162  0.540617  0.783189)
     H    9    Vzz=    0.9364    axis=(  0.895382 -0.114632  0.430292)
     H    9  Q=         1.0000 1e-30 m^2  Cq=         2.2001 MHz  eta= 0.68026

     C   10    Vxx=    0.3297    axis=(  0.848849  0.525591 -0.056647)
     C   10    Vyy=    0.6038    axis=( -0.471276  0.703843 -0.531511)
     C   10    Vzz=   -0.9335    axis=( -0.239487  0.477870  0.845155)
     C   10  Q=         1.0000 1e-30 m^2  Cq=        -2.1932 MHz  eta= 0.29364

     C   11    Vxx=    0.1671    axis=( -0.616823  0.725113 -0.306170)
     C   11    Vyy=    0.5657    axis=(  0.786445  0.583656 -0.202112)
     C   11    Vzz=   -0.7328    axis=( -0.032144  0.365454  0.930274)
     C   11  Q=         1.0000 1e-30 m^2  Cq=        -1.7218 MHz  eta= 0.54388

     Cl  12    Vxx=   -0.4912    axis=( -0.831243 -0.454503  0.320097)
     Cl  12    Vyy=   -1.0333    axis=( -0.547958  0.766932 -0.334002)
     Cl  12    Vzz=    1.5245    axis=(  0.093688  0.453037  0.886555)
     Cl  12  Q=        -8.1650 1e-30 m^2  Cq=       -29.2465 MHz  eta= 0.35562

     H   13    Vxx=   -0.1251    axis=(  0.874123 -0.101649  0.474950)
     H   13    Vyy=   -0.4389    axis=(  0.480502  0.323732 -0.815056)
     H   13    Vzz=    0.5640    axis=( -0.070907  0.940673  0.331824)
     H   13  Q=         1.0000 1e-30 m^2  Cq=         1.3252 MHz  eta= 0.55638

     C   14    Vxx=   -0.0693    axis=( -0.236371  0.474295  0.848041)
     C   14    Vyy=   -0.5047    axis=(  0.365398  0.852098 -0.374718)
     C   14    Vzz=    0.5740    axis=( -0.900340  0.221300 -0.374718)
     C   14  Q=         1.0000 1e-30 m^2  Cq=         1.3486 MHz  eta= 0.75859

     H   15    Vxx=   -0.1667    axis=( -0.007263  0.988288 -0.152425)
     H   15    Vyy=   -0.6212    axis=( -0.363459  0.139394  0.921122)
     H   15    Vzz=    0.7879    axis=(  0.931582  0.062091  0.358190)
     H   15  Q=         1.0000 1e-30 m^2  Cq=         1.8512 MHz  eta= 0.57693

     C   16    Vxx=   -0.2073    axis=(  0.949319 -0.036001  0.312244)
     C   16    Vyy=   -0.3237    axis=(  0.313585  0.176051 -0.933097)
     C   16    Vzz=    0.5310    axis=( -0.021378  0.983722  0.178418)
     C   16  Q=         1.0000 1e-30 m^2  Cq=         1.2477 MHz  eta= 0.21912

     C   17    Vxx=   -0.0411    axis=( -0.145495  0.155189  0.977112)
     C   17    Vyy=   -0.5002    axis=(  0.083179  0.986043 -0.144222)
     C   17    Vzz=    0.5414    axis=( -0.985856  0.060292 -0.156373)
     C   17  Q=         1.0000 1e-30 m^2  Cq=         1.2720 MHz  eta= 0.84804

     Cl  18    Vxx=   -0.6051    axis=(  0.861811 -0.411207  0.296967)
     Cl  18    Vyy=   -2.0681    axis=(  0.505976  0.655818 -0.560260)
     Cl  18    Vzz=    2.6732    axis=(  0.035626  0.633097  0.773252)
     Cl  18  Q=        -8.1650 1e-30 m^2  Cq=       -51.2838 MHz  eta= 0.54729

     H   19    Vxx=   -0.0605    axis=( -0.584857 -0.024280  0.810773)
     H   19    Vyy=   -0.3360    axis=(  0.798248  0.160245  0.580622)
     H   19    Vzz=    0.3965    axis=( -0.144020  0.986779 -0.074339)
     H   19  Q=         1.0000 1e-30 m^2  Cq=         0.9317 MHz  eta= 0.69472

     C   20    Vxx=   -0.2792    axis=( -0.477181 -0.087586  0.874429)
     C   20    Vyy=   -0.3316    axis=( -0.874807 -0.047455 -0.482141)
     C   20    Vzz=    0.6108    axis=( -0.083725  0.995026  0.053976)
     C   20  Q=         1.0000 1e-30 m^2  Cq=         1.4350 MHz  eta= 0.08588

     H   21    Vxx=   -0.0250    axis=( -0.439974 -0.731545 -0.520831)
     H   21    Vyy=   -0.6359    axis=( -0.536815 -0.250694  0.805594)
     H   21    Vzz=    0.6609    axis=( -0.719897  0.634031 -0.282405)
     H   21  Q=         1.0000 1e-30 m^2  Cq=         1.5529 MHz  eta= 0.92431

     C   22    Vxx=    0.0664    axis=( -0.631985  0.536778  0.558985)
     C   22    Vyy=    0.7949    axis=( -0.623772 -0.780360  0.044125)
     C   22    Vzz=   -0.8614    axis=(  0.459895 -0.320793  0.828003)
     C   22  Q=         1.0000 1e-30 m^2  Cq=        -2.0239 MHz  eta= 0.84571

     C   23    Vxx=   -0.1946    axis=(  0.109228 -0.215956  0.970274)
     C   23    Vyy=   -0.3802    axis=(  0.949347  0.311993 -0.037431)
     C   23    Vzz=    0.5749    axis=( -0.294635  0.925215  0.239095)
     C   23  Q=         1.0000 1e-30 m^2  Cq=         1.3507 MHz  eta= 0.32289

     Cl  24    Vxx=   -1.4217    axis=( -0.485093  0.256456  0.836012)
     Cl  24    Vyy=   -3.0402    axis=( -0.530133  0.674067 -0.514386)
     Cl  24    Vzz=    4.4619    axis=(  0.695446  0.692722  0.191029)
     Cl  24  Q=        -8.1650 1e-30 m^2  Cq=       -85.5993 MHz  eta= 0.36275

     Initialization:
     gipaw_setup  :      9.16s CPU     11.14s WALL (       1 calls)

     Linear response

     Apply operators

     Induced current

     Other routines
     efg          :      9.18s CPU     11.38s WALL (       1 calls)

     General routines
     calbec       :      3.30s CPU      4.09s WALL (      16 calls)
     fft          :      1.68s CPU      2.48s WALL (      15 calls)
     ffts         :      0.05s CPU      0.09s WALL (       2 calls)
     fftw         :      3.18s CPU      4.00s WALL (     672 calls)
     davcio       :      0.01s CPU      0.33s WALL (      32 calls)

     Parallel routines
     fft_scatter  :      2.25s CPU      3.65s WALL (     689 calls)

     Plugins

     GIPAW        :     61.10s CPU     72.99s WALL (       1 calls)
