
     Program QE v.6.0 (svn rev. 13079) starts on 25Dec2016 at  0: 8:18 

     This program is part of the open-source Quantum ESPRESSO suite
     for quantum simulation of materials; please cite
         "P. Giannozzi et al., J. Phys.:Condens. Matter 21 395502 (2009);
          URL http://www.quantum-espresso.org", 
     in publications or presentations arising from this work. More details at
     http://www.quantum-espresso.org/quote

     Parallel version (MPI), running on     8 processors
     R & G space division:  proc/nbgrp/npool/nimage =       8

     ***** This is GIPAW svn revision unknown      *****

     Parallelizing q-star over 1 images

     Reading data from directory:
     /users/majewski/paradichlorobenzene/pbe/9_constraint/scratch/pbe.ecut100.np8.dt60.pcl2phi-129368.save
     Message from routine read_xml_file:
     file /users/majewski/paradichlorobenzene/pbe/9_constraint/scratch/pbe.ecut100.np8.dt60.pcl2phi-129368.save not guaranteed to be safe for post-processing

   Info: using nr1, nr2, nr3 values from input

   Info: using nr1, nr2, nr3 values from input

     IMPORTANT: XC functional enforced from input :
     Exchange-correlation      =  SLA  PW   PBX  PBC ( 1  4  3  4 0 0)
     Any further DFT definition will be discarded
     Please, verify this is what you really want

               file C.pbe-n-kjpaw_psl.1.0.0.UPF: wavefunction(s)  2S 2P renormalized
               file Cl.pbe-n-kjpaw_psl.1.0.0.UPF: wavefunction(s)  3S 3P renormalized
               file H.pbe-kjpaw_psl.1.0.0.UPF: wavefunction(s)  1S renormalized

     Parallelization info
     --------------------
     sticks:   dense  smooth     PW     G-vecs:    dense   smooth      PW
     Min        3057    1223    332               144436    36536    5170
     Max        3059    1225    333               144437    36537    5171
     Sum       24467    9791   2657              1155489   292295   41363


     Subspace diagonalization in iterative solution of the eigenvalue problem:
     a serial algorithm will be used

     GIPAW projectors -----------------------------------------------
     atom=  C    l=0  rc=    1.2000  rs=    0.8000
     atom=  C    l=0  rc=    1.2000  rs=    0.8000
     atom=  C    l=1  rc=    1.4000  rs=    0.9333
     atom=  C    l=1  rc=    1.4000  rs=    0.9333
     projs nearly linearly dependent: l=1  n1,n2= 1, 2  s=  0.99951561

     atom=  Cl   l=0  rc=    1.6000  rs=    1.0667
     atom=  Cl   l=0  rc=    1.6000  rs=    1.0667
     atom=  Cl   l=1  rc=    1.6000  rs=    1.0667
     atom=  Cl   l=1  rc=    1.6000  rs=    1.0667
     atom=  Cl   l=2  rc=    1.6000  rs=    1.0667
     atom=  Cl   l=2  rc=    1.6000  rs=    1.0667
     projs nearly linearly dependent: l=2  n1,n2= 1, 2  s=  0.99993509

     atom=  H    l=0  rc=    1.0000  rs=    0.6667
     atom=  H    l=0  rc=    1.0000  rs=    0.6667
     projs nearly linearly dependent: l=0  n1,n2= 1, 2  s=  0.99968852
     -----------------------------------------------------------------

     GIPAW integrals: -------------------------------------------
     Atom  i/j   nmr_para   nmr_dia   epr_rmc  epr_para   epr_dia
       C   1 1   0.83E+03  0.17E-01  0.93E+01  0.24E+08  0.24E+03
       C   2 1   0.86E+03 -0.61E-01  0.94E+01  0.25E+08  0.25E+03
       C   2 2   0.90E+03 -0.15E+00  0.97E+01  0.26E+08  0.26E+03
       C   3 3   0.33E+01  0.34E+00  0.18E+01  0.55E+03  0.21E+02
       C   4 3   0.35E+01  0.37E+00  0.20E+01  0.59E+03  0.22E+02
       C   4 4   0.38E+01  0.39E+00  0.22E+01  0.63E+03  0.24E+02
       Cl  1 1   0.14E+04 -0.47E+00  0.84E+01  0.32E+09  0.42E+03
       Cl  2 1   0.21E+04 -0.37E+00  0.12E+02  0.49E+09  0.65E+03
       Cl  2 2   0.33E+04 -0.16E+00  0.21E+02  0.76E+09  0.10E+04
       Cl  3 3   0.21E+02  0.79E-01  0.89E+01  0.23E+05  0.13E+03
       Cl  4 3   0.24E+02  0.67E-01  0.99E+01  0.27E+05  0.15E+03
       Cl  4 4   0.28E+02  0.44E-01  0.11E+02  0.32E+05  0.18E+03
       Cl  5 5   0.77E+00  0.19E+00  0.18E+01  0.12E+03  0.22E+02
       Cl  6 5   0.80E+00  0.19E+00  0.19E+01  0.12E+03  0.23E+02
       Cl  6 6   0.83E+00  0.20E+00  0.19E+01  0.12E+03  0.23E+02
       H   1 1   0.39E+02  0.19E+00  0.29E+00  0.78E+05  0.13E+02
       H   2 1   0.41E+02  0.21E+00  0.32E+00  0.82E+05  0.14E+02
       H   2 2   0.43E+02  0.22E+00  0.36E+00  0.86E+05  0.15E+02
     ------------------------------------------------------------

     alpha_pv=     34.3629 eV

     Number of occupied bands for each k-point:
     k-point:     1    nbnd_occ=  42
     k-point:     2    nbnd_occ=  42
     k-point:     3    nbnd_occ=  42
     k-point:     4    nbnd_occ=  42
     k-point:     5    nbnd_occ=  42
     k-point:     6    nbnd_occ=  42
     k-point:     7    nbnd_occ=  42
     k-point:     8    nbnd_occ=  42
     k-point:     9    nbnd_occ=  42
     k-point:    10    nbnd_occ=  42
     k-point:    11    nbnd_occ=  42
     k-point:    12    nbnd_occ=  42
     k-point:    13    nbnd_occ=  42
     k-point:    14    nbnd_occ=  42
     k-point:    15    nbnd_occ=  42
     k-point:    16    nbnd_occ=  42


     q-space interpolation up to   110.00 Rydberg

     GIPAW job: efg                                                                             


     ELECTRIC FIELD GRADIENTS TENSORS IN Hartree/bohrradius^2:

     ----- bare term -----
     Cl   1        0.036760        0.052764        0.018574
     Cl   1        0.052764        0.006988        0.039024
     Cl   1        0.018574        0.039024       -0.043747

     C    2       -0.775656        0.468105       -0.363321
     C    2        0.468105        0.350556       -0.039981
     C    2       -0.363321       -0.039981        0.425100

     C    3        0.120175       -0.097833       -0.167000
     C    3       -0.097833       -0.438212       -0.491308
     C    3       -0.167000       -0.491308        0.318037

     H    4       -0.546291        0.042294        0.132994
     H    4        0.042294        0.270201       -0.303447
     H    4        0.132994       -0.303447        0.276090

     C    5       -0.468614        0.374411       -0.411075
     C    5        0.374411        0.019278        0.026231
     C    5       -0.411075        0.026231        0.449337

     H    6       -0.152302       -0.352816        0.143445
     H    6       -0.352816       -0.316874       -0.232044
     H    6        0.143445       -0.232044        0.469175

     H    7        0.480462        0.028235        0.004109
     H    7        0.028235       -0.112089        0.592091
     H    7        0.004109        0.592091       -0.368373

     C    8       -0.146300       -0.260503       -0.160720
     C    8       -0.260503       -0.196260        0.352708
     C    8       -0.160720        0.352708        0.342560

     H    9       -0.551166        0.267423       -0.396003
     H    9        0.267423        0.324129        0.171666
     H    9       -0.396003        0.171666        0.227037

     C   10       -0.603758       -0.371795       -0.318316
     C   10       -0.371795        0.181664        0.200405
     C   10       -0.318316        0.200405        0.422095

     C   11       -0.107014       -0.096094       -0.272676
     C   11       -0.096094        0.007890        0.707154
     C   11       -0.272676        0.707154        0.099124

     Cl  12       -0.212313       -0.259399       -0.022308
     Cl  12       -0.259399        0.205984        0.055168
     Cl  12       -0.022308        0.055168        0.006328

     H   13        0.322723       -0.329923        0.101592
     H   13       -0.329923       -0.608675        0.176138
     H   13        0.101592        0.176138        0.285951

     C   14       -0.065227        0.028047       -0.125272
     C   14        0.028047       -0.122142       -0.203348
     C   14       -0.125272       -0.203348        0.187369

     H   15       -0.304221       -0.449661        0.135871
     H   15       -0.449661        0.076235        0.174498
     H   15        0.135871        0.174498        0.227987

     C   16       -0.234652        0.211423        0.075045
     C   16        0.211423       -0.064871       -0.161737
     C   16        0.075045       -0.161737        0.299523

     C   17       -0.051286       -0.288842       -0.388811
     C   17       -0.288842       -0.043234       -0.685670
     C   17       -0.388811       -0.685670        0.094519

     Cl  18       -0.080463        0.164681        0.105541
     Cl  18        0.164681       -0.080818       -0.057682
     Cl  18        0.105541       -0.057682        0.161281

     H   19        0.457718        0.037327       -0.006078
     H   19        0.037327       -0.351874        0.473794
     H   19       -0.006078        0.473794       -0.105844

     C   20       -0.717420       -0.372145       -0.306107
     C   20       -0.372145        0.390253        0.304962
     C   20       -0.306107        0.304962        0.327168

     H   21       -0.364405       -0.262192       -0.368705
     H   21       -0.262192        0.003611        0.176937
     H   21       -0.368705        0.176937        0.360794

     C   22       -0.022648       -0.127188       -0.200461
     C   22       -0.127188       -0.029248        0.666618
     C   22       -0.200461        0.666618        0.051895

     C   23       -0.553565       -0.366098       -0.417791
     C   23       -0.366098        0.311129        0.247911
     C   23       -0.417791        0.247911        0.242436

     Cl  24       -0.019349       -0.104164        0.023580
     Cl  24       -0.104164        0.116337       -0.074846
     Cl  24        0.023580       -0.074846       -0.096988

     ----- ionic term -----
     Cl   1        0.136227       -0.222784       -0.008081
     Cl   1       -0.222784        0.030273        0.001951
     Cl   1       -0.008081        0.001951       -0.166500

     C    2        0.338068       -0.074060        0.158360
     C    2       -0.074060        0.234979        0.301405
     C    2        0.158360        0.301405       -0.573047

     C    3        0.157435       -0.161965        0.116439
     C    3       -0.161965        0.375331        0.329018
     C    3        0.116439        0.329018       -0.532766

     H    4        0.864687        0.339640        0.423902
     H    4        0.339640       -0.360492        0.154779
     H    4        0.423902        0.154779       -0.504195

     C    5        0.320180       -0.102253        0.164944
     C    5       -0.102253        0.196852        0.244923
     C    5        0.164944        0.244923       -0.517032

     H    6       -0.427656        0.353003        0.144358
     H    6        0.353003        0.752187        0.535181
     H    6        0.144358        0.535181       -0.324531

     H    7       -0.525963        0.020227        0.005932
     H    7        0.020227        0.376257       -0.798261
     H    7        0.005932       -0.798261        0.149707

     C    8        0.246030        0.282585        0.237890
     C    8        0.282585       -0.025947       -0.317842
     C    8        0.237890       -0.317842       -0.220083

     H    9        0.764576       -0.155143        0.597431
     H    9       -0.155143       -0.506850       -0.173133
     H    9        0.597431       -0.173133       -0.257726

     C   10        0.218553        0.339027        0.135136
     C   10        0.339027        0.060341       -0.370544
     C   10        0.135136       -0.370544       -0.278894

     C   11        0.281921        0.220675        0.258647
     C   11        0.220675       -0.014033       -0.369844
     C   11        0.258647       -0.369844       -0.267888

     Cl  12        0.162442        0.211887        0.014866
     Cl  12        0.211887        0.004523       -0.004534
     Cl  12        0.014866       -0.004534       -0.166965

     H   13       -0.465535        0.245657        0.077121
     H   13        0.245657        0.858194        0.511665
     H   13        0.077121        0.511665       -0.392659

     C   14        0.444345       -0.146221        0.130903
     C   14       -0.146221        0.158450        0.235924
     C   14        0.130903        0.235924       -0.602795

     H   15        0.876233        0.362799        0.422013
     H   15        0.362799       -0.365052        0.155243
     H   15        0.422013        0.155243       -0.511181

     C   16        0.245894       -0.200503        0.096485
     C   16       -0.200503        0.335112        0.265198
     C   16        0.096485        0.265198       -0.581006

     C   17        0.265666       -0.106696        0.153426
     C   17       -0.106696        0.282448        0.252488
     C   17        0.153426        0.252488       -0.548115

     Cl  18        0.112289       -0.183875       -0.010741
     Cl  18       -0.183875        0.050742        0.008325
     Cl  18       -0.010741        0.008325       -0.163030

     H   19       -0.520956       -0.069502        0.045642
     H   19       -0.069502        0.676154       -0.712994
     H   19        0.045642       -0.712994       -0.155198

     C   20        0.290724        0.182531        0.245320
     C   20        0.182531        0.042331       -0.296383
     C   20        0.245320       -0.296383       -0.333055

     H   21        0.818394       -0.226385        0.543871
     H   21       -0.226385       -0.459763       -0.164627
     H   21        0.543871       -0.164627       -0.358630

     C   22        0.192395        0.234593        0.161772
     C   22        0.234593        0.130242       -0.370776
     C   22        0.161772       -0.370776       -0.322637

     C   23        0.138816        0.210631        0.268324
     C   23        0.210631        0.095502       -0.410337
     C   23        0.268324       -0.410337       -0.234318

     Cl  24        0.128145        0.218054       -0.004963
     Cl  24        0.218054        0.021233       -0.016875
     Cl  24       -0.004963       -0.016875       -0.149378

     ----- GIPAW term -----
     Cl   1       -0.122741       -0.928552        0.164370
     Cl   1       -0.928552        2.373337        1.141034
     Cl   1        0.164370        1.141034       -2.250596

     C    2       -0.166641        0.016552       -0.029803
     C    2        0.016552        0.246649        0.107575
     C    2       -0.029803        0.107575       -0.080008

     C    3       -0.068908       -0.093343       -0.057640
     C    3       -0.093343        0.020832        0.128455
     C    3       -0.057640        0.128455        0.048076

     H    4       -0.000000        0.000000        0.000000
     H    4        0.000000        0.000000        0.000000
     H    4        0.000000        0.000000        0.000000

     C    5        0.016269       -0.078608       -0.172782
     C    5       -0.078608       -0.026826        0.126442
     C    5       -0.172782        0.126442        0.010557

     H    6       -0.000000        0.000000        0.000000
     H    6        0.000000        0.000000        0.000000
     H    6        0.000000        0.000000        0.000000

     H    7       -0.000000        0.000000        0.000000
     H    7        0.000000        0.000000        0.000000
     H    7        0.000000        0.000000        0.000000

     C    8       -0.077433       -0.093654        0.022912
     C    8       -0.093654        0.047767       -0.059805
     C    8        0.022912       -0.059805        0.029666

     H    9       -0.000000        0.000000        0.000000
     H    9        0.000000        0.000000        0.000000
     H    9        0.000000        0.000000        0.000000

     C   10       -0.213389       -0.063262       -0.068558
     C   10       -0.063262        0.196504       -0.065058
     C   10       -0.068558       -0.065058        0.016885

     C   11       -0.029289       -0.008843       -0.088621
     C   11       -0.008843        0.137347        0.223453
     C   11       -0.088621        0.223453       -0.108058

     Cl  12       -0.232885        0.376642       -0.271375
     Cl  12        0.376642        2.278347        0.512629
     Cl  12       -0.271375        0.512629       -2.045461

     H   13       -0.000000        0.000000        0.000000
     H   13        0.000000        0.000000        0.000000
     H   13        0.000000        0.000000        0.000000

     C   14       -0.035441        0.038302       -0.028418
     C   14        0.038302        0.043862       -0.108270
     C   14       -0.028418       -0.108270       -0.008421

     H   15       -0.000000        0.000000        0.000000
     H   15        0.000000        0.000000        0.000000
     H   15        0.000000        0.000000        0.000000

     C   16       -0.075825        0.009702        0.012048
     C   16        0.009702        0.038686       -0.084173
     C   16        0.012048       -0.084173        0.037139

     C   17        0.035155       -0.252006       -0.045609
     C   17       -0.252006        0.101610       -0.141433
     C   17       -0.045609       -0.141433       -0.136765

     Cl  18        1.294719       -1.773201        0.855446
     Cl  18       -1.773201       -0.515890       -0.432681
     Cl  18        0.855446       -0.432681       -0.778829

     H   19       -0.000000        0.000000        0.000000
     H   19        0.000000        0.000000        0.000000
     H   19        0.000000        0.000000        0.000000

     C   20       -0.216467       -0.070796       -0.038107
     C   20       -0.070796        0.257141        0.130358
     C   20       -0.038107        0.130358       -0.040675

     H   21       -0.000000        0.000000        0.000000
     H   21        0.000000        0.000000        0.000000
     H   21        0.000000        0.000000        0.000000

     C   22       -0.125546        0.001275       -0.029827
     C   22        0.001275        0.245548        0.157645
     C   22       -0.029827        0.157645       -0.120001

     C   23       -0.126903       -0.053643       -0.063300
     C   23       -0.053643        0.278778        0.029900
     C   23       -0.063300        0.029900       -0.151876

     Cl  24        0.369258        0.358712        0.332828
     Cl  24        0.358712        2.107696       -0.963219
     Cl  24        0.332828       -0.963219       -2.476954

     ----- total EFG -----
     Cl   1        0.050245       -1.098573        0.174863
     Cl   1       -1.098573        2.410598        1.182009
     Cl   1        0.174863        1.182009       -2.460843

     C    2       -0.604230        0.410597       -0.234764
     C    2        0.410597        0.832184        0.368999
     C    2       -0.234764        0.368999       -0.227955

     C    3        0.208702       -0.353141       -0.108201
     C    3       -0.353141       -0.042049       -0.033835
     C    3       -0.108201       -0.033835       -0.166652

     H    4        0.318396        0.381934        0.556896
     H    4        0.381934       -0.090291       -0.148668
     H    4        0.556896       -0.148668       -0.228105

     C    5       -0.132165        0.193550       -0.418912
     C    5        0.193550        0.189304        0.397596
     C    5       -0.418912        0.397596       -0.057138

     H    6       -0.579958        0.000187        0.287804
     H    6        0.000187        0.435313        0.303137
     H    6        0.287804        0.303137        0.144645

     H    7       -0.045502        0.048462        0.010041
     H    7        0.048462        0.264168       -0.206170
     H    7        0.010041       -0.206170       -0.218666

     C    8        0.022297       -0.071572        0.100082
     C    8       -0.071572       -0.174440       -0.024938
     C    8        0.100082       -0.024938        0.152142

     H    9        0.213410        0.112280        0.201428
     H    9        0.112280       -0.182721       -0.001467
     H    9        0.201428       -0.001467       -0.030689

     C   10       -0.598594       -0.096031       -0.251738
     C   10       -0.096031        0.438508       -0.235197
     C   10       -0.251738       -0.235197        0.160086

     C   11        0.145618        0.115738       -0.102650
     C   11        0.115738        0.131203        0.560762
     C   11       -0.102650        0.560762       -0.276822

     Cl  12       -0.282756        0.329130       -0.278817
     Cl  12        0.329130        2.488854        0.563262
     Cl  12       -0.278817        0.563262       -2.206098

     H   13       -0.142812       -0.084266        0.178712
     H   13       -0.084266        0.249519        0.687803
     H   13        0.178712        0.687803       -0.106707

     C   14        0.343677       -0.079872       -0.022786
     C   14       -0.079872        0.080170       -0.075694
     C   14       -0.022786       -0.075694       -0.423847

     H   15        0.572011       -0.086862        0.557883
     H   15       -0.086862       -0.288818        0.329742
     H   15        0.557883        0.329742       -0.283194

     C   16       -0.064583        0.020622        0.183578
     C   16        0.020622        0.308927        0.019288
     C   16        0.183578        0.019288       -0.244344

     C   17        0.249535       -0.647545       -0.280994
     C   17       -0.647545        0.340825       -0.574614
     C   17       -0.280994       -0.574614       -0.590360

     Cl  18        1.326544       -1.792396        0.950246
     Cl  18       -1.792396       -0.545966       -0.482038
     Cl  18        0.950246       -0.482038       -0.780578

     H   19       -0.063238       -0.032175        0.039564
     H   19       -0.032175        0.324280       -0.239199
     H   19        0.039564       -0.239199       -0.261042

     C   20       -0.643163       -0.260410       -0.098895
     C   20       -0.260410        0.689725        0.138938
     C   20       -0.098895        0.138938       -0.046562

     H   21        0.453989       -0.488577        0.175166
     H   21       -0.488577       -0.456153        0.012311
     H   21        0.175166        0.012311        0.002164

     C   22        0.044201        0.108680       -0.068516
     C   22        0.108680        0.346542        0.453486
     C   22       -0.068516        0.453486       -0.390743

     C   23       -0.541652       -0.209110       -0.212768
     C   23       -0.209110        0.685409       -0.132527
     C   23       -0.212768       -0.132527       -0.143758

     Cl  24        0.478053        0.472603        0.351444
     Cl  24        0.472603        2.245267       -1.054940
     Cl  24        0.351444       -1.054940       -2.723320

     ----- total EFG (symmetrized) -----
     Cl   1        0.050245       -1.098573        0.174863
     Cl   1       -1.098573        2.410598        1.182009
     Cl   1        0.174863        1.182009       -2.460843

     C    2       -0.604230        0.410597       -0.234764
     C    2        0.410597        0.832184        0.368999
     C    2       -0.234764        0.368999       -0.227955

     C    3        0.208702       -0.353141       -0.108201
     C    3       -0.353141       -0.042049       -0.033835
     C    3       -0.108201       -0.033835       -0.166652

     H    4        0.318396        0.381934        0.556896
     H    4        0.381934       -0.090291       -0.148668
     H    4        0.556896       -0.148668       -0.228105

     C    5       -0.132165        0.193550       -0.418912
     C    5        0.193550        0.189304        0.397596
     C    5       -0.418912        0.397596       -0.057138

     H    6       -0.579958        0.000187        0.287804
     H    6        0.000187        0.435313        0.303137
     H    6        0.287804        0.303137        0.144645

     H    7       -0.045502        0.048462        0.010041
     H    7        0.048462        0.264168       -0.206170
     H    7        0.010041       -0.206170       -0.218666

     C    8        0.022297       -0.071572        0.100082
     C    8       -0.071572       -0.174440       -0.024938
     C    8        0.100082       -0.024938        0.152142

     H    9        0.213410        0.112280        0.201428
     H    9        0.112280       -0.182721       -0.001467
     H    9        0.201428       -0.001467       -0.030689

     C   10       -0.598594       -0.096031       -0.251738
     C   10       -0.096031        0.438508       -0.235197
     C   10       -0.251738       -0.235197        0.160086

     C   11        0.145618        0.115738       -0.102650
     C   11        0.115738        0.131203        0.560762
     C   11       -0.102650        0.560762       -0.276822

     Cl  12       -0.282756        0.329130       -0.278817
     Cl  12        0.329130        2.488854        0.563262
     Cl  12       -0.278817        0.563262       -2.206098

     H   13       -0.142812       -0.084266        0.178712
     H   13       -0.084266        0.249519        0.687803
     H   13        0.178712        0.687803       -0.106707

     C   14        0.343677       -0.079872       -0.022786
     C   14       -0.079872        0.080170       -0.075694
     C   14       -0.022786       -0.075694       -0.423847

     H   15        0.572011       -0.086862        0.557883
     H   15       -0.086862       -0.288818        0.329742
     H   15        0.557883        0.329742       -0.283194

     C   16       -0.064583        0.020622        0.183578
     C   16        0.020622        0.308927        0.019288
     C   16        0.183578        0.019288       -0.244344

     C   17        0.249535       -0.647545       -0.280994
     C   17       -0.647545        0.340825       -0.574614
     C   17       -0.280994       -0.574614       -0.590360

     Cl  18        1.326544       -1.792396        0.950246
     Cl  18       -1.792396       -0.545966       -0.482038
     Cl  18        0.950246       -0.482038       -0.780578

     H   19       -0.063238       -0.032175        0.039564
     H   19       -0.032175        0.324280       -0.239199
     H   19        0.039564       -0.239199       -0.261042

     C   20       -0.643163       -0.260410       -0.098895
     C   20       -0.260410        0.689725        0.138938
     C   20       -0.098895        0.138938       -0.046562

     H   21        0.453989       -0.488577        0.175166
     H   21       -0.488577       -0.456153        0.012311
     H   21        0.175166        0.012311        0.002164

     C   22        0.044201        0.108680       -0.068516
     C   22        0.108680        0.346542        0.453486
     C   22       -0.068516        0.453486       -0.390743

     C   23       -0.541652       -0.209110       -0.212768
     C   23       -0.209110        0.685409       -0.132527
     C   23       -0.212768       -0.132527       -0.143758

     Cl  24        0.478053        0.472603        0.351444
     Cl  24        0.472603        2.245267       -1.054940
     Cl  24        0.351444       -1.054940       -2.723320


     NQR/NMR SPECTROSCOPIC PARAMETERS:
     Cl   1    Vxx=   -0.2437    axis=(  0.931580  0.285151  0.225492)
     Cl   1    Vyy=   -2.7979    axis=(  0.154967  0.249610 -0.955866)
     Cl   1    Vzz=    3.0416    axis=( -0.328852  0.925410  0.188343)
     Cl   1  Q=        -8.1650 1e-30 m^2  Cq=       -58.3506 MHz  eta= 0.83976

     C    2    Vxx=   -0.1319    axis=(  0.515043  0.106198 -0.850560)
     C    2    Vyy=   -0.8836    axis=(  0.832242 -0.299498  0.466556)
     C    2    Vzz=    1.0155    axis=( -0.205194 -0.948168 -0.242637)
     C    2  Q=         1.0000 1e-30 m^2  Cq=         2.3859 MHz  eta= 0.74028

     C    3    Vxx=   -0.1258    axis=( -0.189889 -0.447611  0.873835)
     C    3    Vyy=   -0.3399    axis=(  0.540869  0.695105  0.473592)
     C    3    Vzz=    0.4657    axis=( -0.819392  0.562560  0.110106)
     C    3  Q=         1.0000 1e-30 m^2  Cq=         1.0942 MHz  eta= 0.45970

     H    4    Vxx=    0.0044    axis=( -0.012966  0.828012 -0.560561)
     H    4    Vyy=    0.7454    axis=(  0.845180  0.308647  0.436357)
     H    4    Vzz=   -0.7498    axis=( -0.534324  0.468117  0.703821)
     H    4  Q=         1.0000 1e-30 m^2  Cq=        -1.7617 MHz  eta= 0.98833

     C    5    Vxx=    0.2050    axis=( -0.750611 -0.564637  0.343174)
     C    5    Vyy=    0.5040    axis=(  0.225861 -0.707348 -0.669810)
     C    5    Vzz=   -0.7090    axis=( -0.620943  0.425257 -0.658473)
     C    5  Q=         1.0000 1e-30 m^2  Cq=        -1.6658 MHz  eta= 0.42181

     H    6    Vxx=    0.0431    axis=(  0.343063 -0.574550  0.743102)
     H    6    Vyy=    0.6468    axis=(  0.133151  0.812870  0.567022)
     H    6    Vzz=   -0.6899    axis=( -0.929827 -0.095580  0.355367)
     H    6  Q=         1.0000 1e-30 m^2  Cq=        -1.6211 MHz  eta= 0.87496

     H    7    Vxx=   -0.0473    axis=(  0.988720 -0.064301  0.135274)
     H    7    Vyy=   -0.2975    axis=( -0.104526  0.350648  0.930656)
     H    7    Vzz=    0.3448    axis=( -0.107276 -0.934297  0.339972)
     H    7  Q=         1.0000 1e-30 m^2  Cq=         0.8100 MHz  eta= 0.72572

     C    8    Vxx=   -0.0169    axis=( -0.806118  0.284101  0.519096)
     C    8    Vyy=   -0.1979    axis=( -0.318734 -0.947550  0.023624)
     C    8    Vzz=    0.2148    axis=(  0.498581 -0.146410  0.854389)
     C    8  Q=         1.0000 1e-30 m^2  Cq=         0.5047 MHz  eta= 0.84241

     H    9    Vxx=   -0.1103    axis=( -0.319203 -0.511213  0.797979)
     H    9    Vyy=   -0.2346    axis=( -0.383333  0.839719  0.384614)
     H    9    Vzz=    0.3450    axis=( -0.866698 -0.183122 -0.464005)
     H    9  Q=         1.0000 1e-30 m^2  Cq=         0.8105 MHz  eta= 0.36039

     C   10    Vxx=    0.1236    axis=( -0.344137  0.492258  0.799532)
     C   10    Vyy=    0.5742    axis=( -0.039503 -0.858382  0.511488)
     C   10    Vzz=   -0.6979    axis=( -0.938088 -0.144438 -0.314846)
     C   10  Q=         1.0000 1e-30 m^2  Cq=        -1.6397 MHz  eta= 0.64568

     C   11    Vxx=    0.1690    axis=(  0.979430  0.019632 -0.200826)
     C   11    Vyy=    0.5275    axis=( -0.098479 -0.822169 -0.560660)
     C   11    Vzz=   -0.6965    axis=( -0.176120  0.568905 -0.803324)
     C   11  Q=         1.0000 1e-30 m^2  Cq=        -1.6364 MHz  eta= 0.51472

     Cl  12    Vxx=   -0.2639    axis=(  0.982683 -0.083664 -0.165332)
     Cl  12    Vyy=   -2.3220    axis=( -0.154223  0.125298 -0.980059)
     Cl  12    Vzz=    2.5859    axis=(  0.102712  0.988585  0.110226)
     Cl  12  Q=        -8.1650 1e-30 m^2  Cq=       -49.6083 MHz  eta= 0.79591

     H   13    Vxx=   -0.0786    axis=(  0.944531 -0.236071  0.228321)
     H   13    Vyy=   -0.7054    axis=(  0.324980  0.571452 -0.753546)
     H   13    Vzz=    0.7839    axis=(  0.047416  0.785948  0.616472)
     H   13  Q=         1.0000 1e-30 m^2  Cq=         1.8419 MHz  eta= 0.79960

     C   14    Vxx=    0.0705    axis=(  0.264948  0.951252 -0.157871)
     C   14    Vyy=    0.3660    axis=(  0.963242 -0.268627 -0.002045)
     C   14    Vzz=   -0.4365    axis=(  0.044354  0.151526  0.987458)
     C   14  Q=         1.0000 1e-30 m^2  Cq=        -1.0256 MHz  eta= 0.67703

     H   15    Vxx=   -0.0668    axis=(  0.303352 -0.825529 -0.475898)
     H   15    Vyy=   -0.7849    axis=(  0.345313  0.560723 -0.752561)
     H   15    Vzz=    0.8517    axis=(  0.888108  0.063958  0.455163)
     H   15  Q=         1.0000 1e-30 m^2  Cq=         2.0011 MHz  eta= 0.84311

     C   16    Vxx=    0.0470    axis=(  0.844490 -0.105161  0.525145)
     C   16    Vyy=    0.3119    axis=(  0.084954  0.994422  0.062519)
     C   16    Vzz=   -0.3589    axis=( -0.528790 -0.008184  0.848713)
     C   16  Q=         1.0000 1e-30 m^2  Cq=        -0.8433 MHz  eta= 0.73805

     C   17    Vxx=    0.1122    axis=(  0.682342  0.407972 -0.606604)
     C   17    Vyy=    0.9843    axis=( -0.613539  0.770756 -0.171770)
     C   17    Vzz=   -1.0965    axis=(  0.397467  0.489381  0.776226)
     C   17  Q=         1.0000 1e-30 m^2  Cq=        -2.5764 MHz  eta= 0.79540

     Cl  18    Vxx=   -1.0909    axis=( -0.173050  0.268916  0.947490)
     Cl  18    Vyy=   -1.6429    axis=(  0.543480  0.828358 -0.135842)
     Cl  18    Vzz=    2.7338    axis=( -0.821391  0.491434 -0.289497)
     Cl  18  Q=        -8.1650 1e-30 m^2  Cq=       -52.4473 MHz  eta= 0.20190

     H   19    Vxx=   -0.0648    axis=(  0.991474  0.117119  0.057122)
     H   19    Vyy=   -0.3488    axis=( -0.093048  0.329445  0.939579)
     H   19    Vzz=    0.4136    axis=(  0.091224 -0.936883  0.337534)
     H   19  Q=         1.0000 1e-30 m^2  Cq=         0.9718 MHz  eta= 0.68684

     C   20    Vxx=   -0.0681    axis=( -0.075119 -0.204738  0.975930)
     C   20    Vyy=   -0.7002    axis=( -0.978731 -0.172222 -0.111465)
     C   20    Vzz=    0.7683    axis=(  0.190898 -0.963546 -0.187447)
     C   20  Q=         1.0000 1e-30 m^2  Cq=         1.8053 MHz  eta= 0.82274

     H   21    Vxx=   -0.0228    axis=( -0.151956  0.198825  0.968183)
     H   21    Vyy=   -0.6787    axis=(  0.408919  0.904439 -0.121555)
     H   21    Vzz=    0.7015    axis=( -0.899830  0.377437 -0.218739)
     H   21  Q=         1.0000 1e-30 m^2  Cq=         1.6483 MHz  eta= 0.93500

     C   22    Vxx=    0.0528    axis=(  0.978095 -0.049889 -0.202092)
     C   22    Vyy=    0.5714    axis=( -0.131652 -0.900277 -0.414933)
     C   22    Vzz=   -0.6243    axis=( -0.161239  0.432449 -0.887124)
     C   22  Q=         1.0000 1e-30 m^2  Cq=        -1.4668 MHz  eta= 0.83079

     C   23    Vxx=   -0.0532    axis=( -0.415211  0.045476  0.908588)
     C   23    Vyy=   -0.6779    axis=(  0.898507  0.176865  0.401752)
     C   23    Vzz=    0.7311    axis=( -0.142427  0.983184 -0.114297)
     C   23  Q=         1.0000 1e-30 m^2  Cq=         1.7178 MHz  eta= 0.85458

     Cl  24    Vxx=    0.4576    axis=(  0.973488 -0.162151  0.161334)
     Cl  24    Vyy=    2.5363    axis=(  0.190675  0.964863 -0.180784)
     Cl  24    Vzz=   -2.9939    axis=( -0.126351  0.206754  0.970200)
     Cl  24  Q=        -8.1650 1e-30 m^2  Cq=        57.4365 MHz  eta= 0.69433

     Initialization:
     gipaw_setup  :      9.04s CPU     11.23s WALL (       1 calls)

     Linear response

     Apply operators

     Induced current

     Other routines
     efg          :      9.48s CPU     12.22s WALL (       1 calls)

     General routines
     calbec       :      3.26s CPU      4.14s WALL (      16 calls)
     fft          :      1.67s CPU      2.68s WALL (      15 calls)
     ffts         :      0.04s CPU      0.06s WALL (       2 calls)
     fftw         :      3.45s CPU      4.60s WALL (     672 calls)
     davcio       :      0.03s CPU      0.33s WALL (      32 calls)

     Parallel routines
     fft_scatter  :      2.48s CPU      4.49s WALL (     689 calls)

     Plugins

     GIPAW        :     60.37s CPU     74.46s WALL (       1 calls)
