
     Program QE v.6.0 (svn rev. 13079) starts on 21Dec2016 at 12:37:57 

     This program is part of the open-source Quantum ESPRESSO suite
     for quantum simulation of materials; please cite
         "P. Giannozzi et al., J. Phys.:Condens. Matter 21 395502 (2009);
          URL http://www.quantum-espresso.org", 
     in publications or presentations arising from this work. More details at
     http://www.quantum-espresso.org/quote

     Parallel version (MPI), running on     8 processors
     R & G space division:  proc/nbgrp/npool/nimage =       8

     ***** This is GIPAW svn revision unknown      *****

     Parallelizing q-star over 1 images

     Reading data from directory:
     /users/majewski/paradichlorobenzene/pbe/9_constraint/scratch/pbe.ecut100.np8.dt60.pcl2phi-129368.save
     Message from routine read_xml_file:
     file /users/majewski/paradichlorobenzene/pbe/9_constraint/scratch/pbe.ecut100.np8.dt60.pcl2phi-129368.save not guaranteed to be safe for post-processing

   Info: using nr1, nr2, nr3 values from input

   Info: using nr1, nr2, nr3 values from input

     IMPORTANT: XC functional enforced from input :
     Exchange-correlation      =  SLA  PW   PBX  PBC ( 1  4  3  4 0 0)
     Any further DFT definition will be discarded
     Please, verify this is what you really want

               file C.pbe-n-kjpaw_psl.1.0.0.UPF: wavefunction(s)  2S 2P renormalized
               file Cl.pbe-n-kjpaw_psl.1.0.0.UPF: wavefunction(s)  3S 3P renormalized
               file H.pbe-kjpaw_psl.1.0.0.UPF: wavefunction(s)  1S renormalized

     Parallelization info
     --------------------
     sticks:   dense  smooth     PW     G-vecs:    dense   smooth      PW
     Min        3057    1223    332               144436    36536    5170
     Max        3059    1225    333               144437    36537    5171
     Sum       24467    9791   2657              1155489   292295   41363


     Subspace diagonalization in iterative solution of the eigenvalue problem:
     a serial algorithm will be used

     GIPAW projectors -----------------------------------------------
     atom=  C    l=0  rc=    1.2000  rs=    0.8000
     atom=  C    l=0  rc=    1.2000  rs=    0.8000
     atom=  C    l=1  rc=    1.4000  rs=    0.9333
     atom=  C    l=1  rc=    1.4000  rs=    0.9333
     projs nearly linearly dependent: l=1  n1,n2= 1, 2  s=  0.99951561

     atom=  Cl   l=0  rc=    1.6000  rs=    1.0667
     atom=  Cl   l=0  rc=    1.6000  rs=    1.0667
     atom=  Cl   l=1  rc=    1.6000  rs=    1.0667
     atom=  Cl   l=1  rc=    1.6000  rs=    1.0667
     atom=  Cl   l=2  rc=    1.6000  rs=    1.0667
     atom=  Cl   l=2  rc=    1.6000  rs=    1.0667
     projs nearly linearly dependent: l=2  n1,n2= 1, 2  s=  0.99993509

     atom=  H    l=0  rc=    1.0000  rs=    0.6667
     atom=  H    l=0  rc=    1.0000  rs=    0.6667
     projs nearly linearly dependent: l=0  n1,n2= 1, 2  s=  0.99968852
     -----------------------------------------------------------------

     GIPAW integrals: -------------------------------------------
     Atom  i/j   nmr_para   nmr_dia   epr_rmc  epr_para   epr_dia
       C   1 1   0.83E+03  0.17E-01  0.93E+01  0.24E+08  0.24E+03
       C   2 1   0.86E+03 -0.61E-01  0.94E+01  0.25E+08  0.25E+03
       C   2 2   0.90E+03 -0.15E+00  0.97E+01  0.26E+08  0.26E+03
       C   3 3   0.33E+01  0.34E+00  0.18E+01  0.55E+03  0.21E+02
       C   4 3   0.35E+01  0.37E+00  0.20E+01  0.59E+03  0.22E+02
       C   4 4   0.38E+01  0.39E+00  0.22E+01  0.63E+03  0.24E+02
       Cl  1 1   0.14E+04 -0.47E+00  0.84E+01  0.32E+09  0.42E+03
       Cl  2 1   0.21E+04 -0.37E+00  0.12E+02  0.49E+09  0.65E+03
       Cl  2 2   0.33E+04 -0.16E+00  0.21E+02  0.76E+09  0.10E+04
       Cl  3 3   0.21E+02  0.79E-01  0.89E+01  0.23E+05  0.13E+03
       Cl  4 3   0.24E+02  0.67E-01  0.99E+01  0.27E+05  0.15E+03
       Cl  4 4   0.28E+02  0.44E-01  0.11E+02  0.32E+05  0.18E+03
       Cl  5 5   0.77E+00  0.19E+00  0.18E+01  0.12E+03  0.22E+02
       Cl  6 5   0.80E+00  0.19E+00  0.19E+01  0.12E+03  0.23E+02
       Cl  6 6   0.83E+00  0.20E+00  0.19E+01  0.12E+03  0.23E+02
       H   1 1   0.39E+02  0.19E+00  0.29E+00  0.78E+05  0.13E+02
       H   2 1   0.41E+02  0.21E+00  0.32E+00  0.82E+05  0.14E+02
       H   2 2   0.43E+02  0.22E+00  0.36E+00  0.86E+05  0.15E+02
     ------------------------------------------------------------

     alpha_pv=     34.0454 eV

     Number of occupied bands for each k-point:
     k-point:     1    nbnd_occ=  42
     k-point:     2    nbnd_occ=  42
     k-point:     3    nbnd_occ=  42
     k-point:     4    nbnd_occ=  42
     k-point:     5    nbnd_occ=  42
     k-point:     6    nbnd_occ=  42
     k-point:     7    nbnd_occ=  42
     k-point:     8    nbnd_occ=  42
     k-point:     9    nbnd_occ=  42
     k-point:    10    nbnd_occ=  42
     k-point:    11    nbnd_occ=  42
     k-point:    12    nbnd_occ=  42
     k-point:    13    nbnd_occ=  42
     k-point:    14    nbnd_occ=  42
     k-point:    15    nbnd_occ=  42
     k-point:    16    nbnd_occ=  42


     q-space interpolation up to   110.00 Rydberg

     GIPAW job: efg                                                                             


     ELECTRIC FIELD GRADIENTS TENSORS IN Hartree/bohrradius^2:

     ----- bare term -----
     Cl   1       -0.198063        0.178738       -0.001125
     Cl   1        0.178738        0.115662        0.112969
     Cl   1       -0.001125        0.112969        0.082401

     C    2       -0.012504       -0.205016       -0.404872
     C    2       -0.205016       -0.145987       -0.549432
     C    2       -0.404872       -0.549432        0.158491

     C    3       -0.213642        0.401810       -0.371506
     C    3        0.401810       -0.215431       -0.193751
     C    3       -0.371506       -0.193751        0.429074

     H    4        0.072704       -0.112675       -0.271781
     H    4       -0.112675        0.517681       -0.104369
     H    4       -0.271781       -0.104369       -0.590384

     C    5       -0.135255       -0.039267       -0.370614
     C    5       -0.039267       -0.285348       -0.297721
     C    5       -0.370614       -0.297721        0.420603

     H    6        0.496630       -0.038402       -0.042015
     H    6       -0.038402        0.061070       -0.439081
     H    6       -0.042015       -0.439081       -0.557699

     H    7        0.287089       -0.050612       -0.341905
     H    7       -0.050612       -0.206517        0.402435
     H    7       -0.341905        0.402435       -0.080572

     C    8       -0.600767       -0.315011       -0.292199
     C    8       -0.315011        0.186547        0.235321
     C    8       -0.292199        0.235321        0.414220

     H    9       -0.660726        0.055352       -0.186121
     H    9        0.055352        0.373949        0.210477
     H    9       -0.186121        0.210477        0.286777

     C   10        0.007351        0.138924       -0.338091
     C   10        0.138924       -0.170311        0.589192
     C   10       -0.338091        0.589192        0.162960

     C   11       -0.586587       -0.304685       -0.365848
     C   11       -0.304685        0.253883        0.230139
     C   11       -0.365848        0.230139        0.332703

     Cl  12        0.013486       -0.034046       -0.073074
     Cl  12       -0.034046        0.021617        0.040650
     Cl  12       -0.073074        0.040650       -0.035104

     H   13        0.505133        0.024239       -0.146771
     H   13        0.024239       -0.267045       -0.359556
     H   13       -0.146771       -0.359556       -0.238088

     C   14       -0.742120        0.334770       -0.257511
     C   14        0.334770        0.384440       -0.253743
     C   14       -0.257511       -0.253743        0.357680

     H   15        0.060334        0.100594       -0.473334
     H   15        0.100594       -0.005391        0.231689
     H   15       -0.473334        0.231689       -0.054944

     C   16        0.055990        0.160321       -0.155507
     C   16        0.160321       -0.044790       -0.633232
     C   16       -0.155507       -0.633232       -0.011200

     C   17       -0.710568        0.445997       -0.359076
     C   17        0.445997        0.356355       -0.117133
     C   17       -0.359076       -0.117133        0.354212

     Cl  18        0.076170       -0.018101       -0.014999
     Cl  18       -0.018101       -0.147491       -0.002804
     Cl  18       -0.014999       -0.002804        0.071321

     H   19        0.274289        0.443498        0.062718
     H   19        0.443498       -0.648327        0.082264
     H   19        0.062718        0.082264        0.374038

     C   20       -0.223473       -0.049449       -0.280351
     C   20       -0.049449        0.048809        0.549270
     C   20       -0.280351        0.549270        0.174664

     H   21       -0.191269        0.473294       -0.169659
     H   21        0.473294       -0.179445       -0.113885
     H   21       -0.169659       -0.113885        0.370714

     C   22       -0.414960       -0.353438       -0.092658
     C   22       -0.353438       -0.057547        0.505590
     C   22       -0.092658        0.505590        0.472506

     C   23       -0.072063        0.054568       -0.318248
     C   23        0.054568       -0.035789        0.642653
     C   23       -0.318248        0.642653        0.107852

     Cl  24       -0.222077       -0.240955       -0.034714
     Cl  24       -0.240955        0.174040        0.126732
     Cl  24       -0.034714        0.126732        0.048037

     ----- ionic term -----
     Cl   1        0.143320       -0.188649        0.006698
     Cl   1       -0.188649       -0.010758       -0.000437
     Cl   1        0.006698       -0.000437       -0.132562

     C    2        0.166606       -0.241282        0.266215
     C    2       -0.241282       -0.035421        0.420724
     C    2        0.266215        0.420724       -0.131185

     C    3        0.028595       -0.343852        0.191773
     C    3       -0.343852        0.096702        0.423456
     C    3        0.191773        0.423456       -0.125297

     H    4        0.417736        0.177414        0.797453
     H    4        0.177414       -0.511659        0.232057
     H    4        0.797453        0.232057        0.093924

     C    5        0.157422       -0.296869        0.358861
     C    5       -0.296869       -0.030710        0.261550
     C    5        0.358861        0.261550       -0.126712

     H    6       -0.507208        0.125165        0.163030
     H    6        0.125165        0.349268        0.781463
     H    6        0.163030        0.781463        0.157940

     H    7       -0.485027       -0.162255        0.125179
     H    7       -0.162255        0.432138       -0.762228
     H    7        0.125179       -0.762228        0.052889

     C    8        0.289615        0.132109        0.242859
     C    8        0.132109        0.019126       -0.314826
     C    8        0.242859       -0.314826       -0.308741

     H    9        0.672008       -0.427042        0.547715
     H    9       -0.427042       -0.337168       -0.246428
     H    9        0.547715       -0.246428       -0.334840

     C   10        0.164744        0.144124        0.168692
     C   10        0.144124        0.211014       -0.384850
     C   10        0.168692       -0.384850       -0.375758

     C   11        0.209470        0.072981        0.291318
     C   11        0.072981        0.154856       -0.354874
     C   11        0.291318       -0.354874       -0.364326

     Cl  12        0.102983        0.195902        0.037096
     Cl  12        0.195902        0.031327        0.018231
     Cl  12        0.037096        0.018231       -0.134310

     H   13       -0.541241        0.077559        0.050487
     H   13        0.077559        0.514159        0.780262
     H   13        0.050487        0.780262        0.027082

     C   14        0.192817       -0.232916        0.289815
     C   14       -0.232916        0.038853        0.299055
     C   14        0.289815        0.299055       -0.231670

     H   15        0.418615        0.081246        0.787200
     H   15        0.081246       -0.487639        0.141213
     H   15        0.787200        0.141213        0.069023

     C   16        0.063451       -0.326309        0.217502
     C   16       -0.326309        0.164421        0.341768
     C   16        0.217502        0.341768       -0.227872

     C   17        0.074162       -0.346615        0.312388
     C   17       -0.346615        0.115522        0.335738
     C   17        0.312388        0.335738       -0.189684

     Cl  18        0.100166       -0.255516        0.005762
     Cl  18       -0.255516        0.066168        0.002843
     Cl  18        0.005762        0.002843       -0.166334

     H   19       -0.449071       -0.293438        0.157333
     H   19       -0.293438        0.724458       -0.606481
     H   19        0.157333       -0.606481       -0.275387

     C   20        0.319580        0.100240        0.262484
     C   20        0.100240        0.104855       -0.286476
     C   20        0.262484       -0.286476       -0.424435

     H   21        0.636874       -0.473534        0.522873
     H   21       -0.473534       -0.256968       -0.284649
     H   21        0.522873       -0.284649       -0.379906

     C   22        0.100049        0.200762        0.135198
     C   22        0.200762        0.332283       -0.424215
     C   22        0.135198       -0.424215       -0.432332

     C   23        0.214592        0.180959        0.204106
     C   23        0.180959        0.183120       -0.404615
     C   23        0.204106       -0.404615       -0.397712

     Cl  24        0.169469        0.196984       -0.006162
     Cl  24        0.196984       -0.013536       -0.013731
     Cl  24       -0.006162       -0.013731       -0.155933

     ----- GIPAW term -----
     Cl   1        0.058726       -1.319333       -0.004053
     Cl   1       -1.319333        1.187312        1.059745
     Cl   1       -0.004053        1.059745       -1.246038

     C    2        0.031453       -0.219657       -0.092994
     C    2       -0.219657        0.066229       -0.001672
     C    2       -0.092994       -0.001672       -0.097682

     C    3       -0.019857        0.036464       -0.228890
     C    3        0.036464       -0.136726        0.004132
     C    3       -0.228890        0.004132        0.156583

     H    4       -0.000000        0.000000        0.000000
     H    4        0.000000        0.000000        0.000000
     H    4        0.000000        0.000000        0.000000

     C    5       -0.064594       -0.079546       -0.156770
     C    5       -0.079546       -0.139300        0.076453
     C    5       -0.156770        0.076453        0.203895

     H    6       -0.000000        0.000000        0.000000
     H    6        0.000000        0.000000        0.000000
     H    6        0.000000        0.000000        0.000000

     H    7       -0.000000        0.000000        0.000000
     H    7        0.000000        0.000000        0.000000
     H    7        0.000000        0.000000        0.000000

     C    8       -0.117675        0.057326       -0.032877
     C    8        0.057326        0.146702        0.014092
     C    8       -0.032877        0.014092       -0.029027

     H    9       -0.000000        0.000000        0.000000
     H    9        0.000000        0.000000        0.000000
     H    9        0.000000        0.000000        0.000000

     C   10       -0.030759        0.189945       -0.097532
     C   10        0.189945        0.117114        0.029443
     C   10       -0.097532        0.029443       -0.086355

     C   11       -0.132022        0.071551       -0.058938
     C   11        0.071551        0.244556       -0.024131
     C   11       -0.058938       -0.024131       -0.112533

     Cl  12       -0.150542        1.555267       -0.260495
     Cl  12        1.555267        2.177701        1.388645
     Cl  12       -0.260495        1.388645       -2.027159

     H   13       -0.000000        0.000000        0.000000
     H   13        0.000000        0.000000        0.000000
     H   13        0.000000        0.000000        0.000000

     C   14       -0.209115       -0.030524       -0.006745
     C   14       -0.030524        0.276201       -0.070997
     C   14       -0.006745       -0.070997       -0.067086

     H   15       -0.000000        0.000000        0.000000
     H   15        0.000000        0.000000        0.000000
     H   15        0.000000        0.000000        0.000000

     C   16       -0.111811        0.028166       -0.016883
     C   16        0.028166        0.261443       -0.104906
     C   16       -0.016883       -0.104906       -0.149632

     C   17       -0.168386        0.011236       -0.036633
     C   17        0.011236        0.291402        0.030516
     C   17       -0.036633        0.030516       -0.123016

     Cl  18        0.247100        0.305914        0.091001
     Cl  18        0.305914        1.985635        0.327934
     Cl  18        0.091001        0.327934       -2.232735

     H   19       -0.000000        0.000000        0.000000
     H   19        0.000000        0.000000        0.000000
     H   19        0.000000        0.000000        0.000000

     C   20       -0.115945       -0.012286       -0.035678
     C   20       -0.012286        0.201805        0.211649
     C   20       -0.035678        0.211649       -0.085860

     H   21       -0.000000        0.000000        0.000000
     H   21        0.000000        0.000000        0.000000
     H   21        0.000000        0.000000        0.000000

     C   22       -0.172632       -0.018190        0.010081
     C   22       -0.018190        0.091669        0.208129
     C   22        0.010081        0.208129        0.080963

     C   23        0.001541        0.118355       -0.054170
     C   23        0.118355        0.142495        0.114836
     C   23       -0.054170        0.114836       -0.144036

     Cl  24       -0.345852        0.576282       -0.421154
     Cl  24        0.576282        1.942258        1.291292
     Cl  24       -0.421154        1.291292       -1.596406

     ----- total EFG -----
     Cl   1        0.003982       -1.329244        0.001519
     Cl   1       -1.329244        1.292217        1.172277
     Cl   1        0.001519        1.172277       -1.296199

     C    2        0.185555       -0.665955       -0.231651
     C    2       -0.665955       -0.115179       -0.130381
     C    2       -0.231651       -0.130381       -0.070376

     C    3       -0.204904        0.094422       -0.408622
     C    3        0.094422       -0.255456        0.233838
     C    3       -0.408622        0.233838        0.460360

     H    4        0.490439        0.064739        0.525672
     H    4        0.064739        0.006021        0.127689
     H    4        0.525672        0.127689       -0.496460

     C    5       -0.042428       -0.415683       -0.168523
     C    5       -0.415683       -0.455358        0.040282
     C    5       -0.168523        0.040282        0.497786

     H    6       -0.010578        0.086763        0.121015
     H    6        0.086763        0.410338        0.342381
     H    6        0.121015        0.342381       -0.399759

     H    7       -0.197938       -0.212867       -0.216726
     H    7       -0.212867        0.225621       -0.359794
     H    7       -0.216726       -0.359794       -0.027683

     C    8       -0.428827       -0.125576       -0.082216
     C    8       -0.125576        0.352375       -0.065413
     C    8       -0.082216       -0.065413        0.076452

     H    9        0.011282       -0.371690        0.361595
     H    9       -0.371690        0.036781       -0.035951
     H    9        0.361595       -0.035951       -0.048063

     C   10        0.141336        0.472992       -0.266931
     C   10        0.472992        0.157817        0.233785
     C   10       -0.266931        0.233785       -0.299153

     C   11       -0.509139       -0.160153       -0.133469
     C   11       -0.160153        0.653295       -0.148865
     C   11       -0.133469       -0.148865       -0.144156

     Cl  12       -0.034072        1.717123       -0.296473
     Cl  12        1.717123        2.230645        1.447525
     Cl  12       -0.296473        1.447525       -2.196573

     H   13       -0.036108        0.101798       -0.096284
     H   13        0.101798        0.247114        0.420706
     H   13       -0.096284        0.420706       -0.211006

     C   14       -0.758418        0.071330        0.025559
     C   14        0.071330        0.699495       -0.025684
     C   14        0.025559       -0.025684        0.058923

     H   15        0.478950        0.181839        0.313866
     H   15        0.181839       -0.493029        0.372902
     H   15        0.313866        0.372902        0.014080

     C   16        0.007630       -0.137822        0.045111
     C   16       -0.137822        0.381074       -0.396371
     C   16        0.045111       -0.396371       -0.388704

     C   17       -0.804792        0.110618       -0.083322
     C   17        0.110618        0.763280        0.249121
     C   17       -0.083322        0.249121        0.041512

     Cl  18        0.423436        0.032297        0.081764
     Cl  18        0.032297        1.904311        0.327973
     Cl  18        0.081764        0.327973       -2.327748

     H   19       -0.174781        0.150060        0.220051
     H   19        0.150060        0.076130       -0.524217
     H   19        0.220051       -0.524217        0.098651

     C   20       -0.019838        0.038505       -0.053545
     C   20        0.038505        0.355469        0.474443
     C   20       -0.053545        0.474443       -0.335631

     H   21        0.445605       -0.000240        0.353214
     H   21       -0.000240       -0.436413       -0.398535
     H   21        0.353214       -0.398535       -0.009192

     C   22       -0.487543       -0.170866        0.052620
     C   22       -0.170866        0.366405        0.289504
     C   22        0.052620        0.289504        0.121138

     C   23        0.144070        0.353883       -0.168312
     C   23        0.353883        0.289826        0.352875
     C   23       -0.168312        0.352875       -0.433896

     Cl  24       -0.398459        0.532311       -0.462030
     Cl  24        0.532311        2.102762        1.404294
     Cl  24       -0.462030        1.404294       -1.704303

     ----- total EFG (symmetrized) -----
     Cl   1        0.003982       -1.329244        0.001519
     Cl   1       -1.329244        1.292217        1.172277
     Cl   1        0.001519        1.172277       -1.296199

     C    2        0.185555       -0.665955       -0.231651
     C    2       -0.665955       -0.115179       -0.130381
     C    2       -0.231651       -0.130381       -0.070376

     C    3       -0.204904        0.094422       -0.408622
     C    3        0.094422       -0.255456        0.233838
     C    3       -0.408622        0.233838        0.460360

     H    4        0.490439        0.064739        0.525672
     H    4        0.064739        0.006021        0.127689
     H    4        0.525672        0.127689       -0.496460

     C    5       -0.042428       -0.415683       -0.168523
     C    5       -0.415683       -0.455358        0.040282
     C    5       -0.168523        0.040282        0.497786

     H    6       -0.010578        0.086763        0.121015
     H    6        0.086763        0.410338        0.342381
     H    6        0.121015        0.342381       -0.399759

     H    7       -0.197938       -0.212867       -0.216726
     H    7       -0.212867        0.225621       -0.359794
     H    7       -0.216726       -0.359794       -0.027683

     C    8       -0.428827       -0.125576       -0.082216
     C    8       -0.125576        0.352375       -0.065413
     C    8       -0.082216       -0.065413        0.076452

     H    9        0.011282       -0.371690        0.361595
     H    9       -0.371690        0.036781       -0.035951
     H    9        0.361595       -0.035951       -0.048063

     C   10        0.141336        0.472992       -0.266931
     C   10        0.472992        0.157817        0.233785
     C   10       -0.266931        0.233785       -0.299153

     C   11       -0.509139       -0.160153       -0.133469
     C   11       -0.160153        0.653295       -0.148865
     C   11       -0.133469       -0.148865       -0.144156

     Cl  12       -0.034072        1.717123       -0.296473
     Cl  12        1.717123        2.230645        1.447525
     Cl  12       -0.296473        1.447525       -2.196573

     H   13       -0.036108        0.101798       -0.096284
     H   13        0.101798        0.247114        0.420706
     H   13       -0.096284        0.420706       -0.211006

     C   14       -0.758418        0.071330        0.025559
     C   14        0.071330        0.699495       -0.025684
     C   14        0.025559       -0.025684        0.058923

     H   15        0.478950        0.181839        0.313866
     H   15        0.181839       -0.493029        0.372902
     H   15        0.313866        0.372902        0.014080

     C   16        0.007630       -0.137822        0.045111
     C   16       -0.137822        0.381074       -0.396371
     C   16        0.045111       -0.396371       -0.388704

     C   17       -0.804792        0.110618       -0.083322
     C   17        0.110618        0.763280        0.249121
     C   17       -0.083322        0.249121        0.041512

     Cl  18        0.423436        0.032297        0.081764
     Cl  18        0.032297        1.904311        0.327973
     Cl  18        0.081764        0.327973       -2.327748

     H   19       -0.174781        0.150060        0.220051
     H   19        0.150060        0.076130       -0.524217
     H   19        0.220051       -0.524217        0.098651

     C   20       -0.019838        0.038505       -0.053545
     C   20        0.038505        0.355469        0.474443
     C   20       -0.053545        0.474443       -0.335631

     H   21        0.445605       -0.000240        0.353214
     H   21       -0.000240       -0.436413       -0.398535
     H   21        0.353214       -0.398535       -0.009192

     C   22       -0.487543       -0.170866        0.052620
     C   22       -0.170866        0.366405        0.289504
     C   22        0.052620        0.289504        0.121138

     C   23        0.144070        0.353883       -0.168312
     C   23        0.353883        0.289826        0.352875
     C   23       -0.168312        0.352875       -0.433896

     Cl  24       -0.398459        0.532311       -0.462030
     Cl  24        0.532311        2.102762        1.404294
     Cl  24       -0.462030        1.404294       -1.704303


     NQR/NMR SPECTROSCOPIC PARAMETERS:
     Cl   1    Vxx=   -0.4976    axis=(  0.829631  0.313595  0.461920)
     Cl   1    Vyy=   -1.9030    axis=(  0.305561  0.437409 -0.845758)
     Cl   1    Vzz=    2.4006    axis=( -0.467274  0.842812  0.267065)
     Cl   1  Q=        -8.1650 1e-30 m^2  Cq=       -46.0551 MHz  eta= 0.58543

     C    2    Vxx=    0.0083    axis=( -0.116114 -0.353745  0.928107)
     C    2    Vyy=    0.7310    axis=( -0.788778  0.600714  0.130277)
     C    2    Vzz=   -0.7393    axis=( -0.603611 -0.716943 -0.348778)
     C    2  Q=         1.0000 1e-30 m^2  Cq=        -1.7370 MHz  eta= 0.97755

     C    3    Vxx=   -0.1520    axis=(  0.606511  0.788284  0.103695)
     C    3    Vyy=   -0.5346    axis=( -0.690954  0.587107 -0.421768)
     C    3    Vzz=    0.6866    axis=( -0.393353  0.184158  0.900755)
     C    3  Q=         1.0000 1e-30 m^2  Cq=         1.6133 MHz  eta= 0.55711

     H    4    Vxx=    0.0007    axis=(  0.187376 -0.980814 -0.053791)
     H    4    Vyy=    0.7348    axis=( -0.903460 -0.150587 -0.401353)
     H    4    Vzz=   -0.7354    axis=(  0.385552  0.123802 -0.914343)
     H    4  Q=         1.0000 1e-30 m^2  Cq=        -1.7279 MHz  eta= 0.99822

     C    5    Vxx=    0.1403    axis=( -0.759227  0.501792 -0.414463)
     C    5    Vyy=    0.5752    axis=( -0.373203  0.186056  0.908902)
     C    5    Vzz=   -0.7155    axis=( -0.533193 -0.844741 -0.046012)
     C    5  Q=         1.0000 1e-30 m^2  Cq=        -1.6812 MHz  eta= 0.60782

     H    6    Vxx=   -0.0236    axis=(  0.963875 -0.254554  0.078404)
     H    6    Vyy=   -0.5387    axis=(  0.160898  0.321874 -0.933011)
     H    6    Vzz=    0.5624    axis=(  0.212265  0.911921  0.351204)
     H    6  Q=         1.0000 1e-30 m^2  Cq=         1.3214 MHz  eta= 0.91590

     H    7    Vxx=    0.0595    axis=(  0.749028 -0.309234 -0.585945)
     H    7    Vyy=    0.4846    axis=(  0.085394 -0.831958  0.548228)
     H    7    Vzz=   -0.5440    axis=(  0.657012  0.460674  0.596753)
     H    7  Q=         1.0000 1e-30 m^2  Cq=        -1.2783 MHz  eta= 0.78133

     C    8    Vxx=    0.0828    axis=( -0.191811  0.146167  0.970486)
     C    8    Vyy=    0.3812    axis=( -0.133669  0.975742 -0.173377)
     C    8    Vzz=   -0.4641    axis=( -0.972287 -0.162979 -0.167620)
     C    8  Q=         1.0000 1e-30 m^2  Cq=        -1.0903 MHz  eta= 0.64293

     H    9    Vxx=   -0.0424    axis=(  0.080795  0.700997  0.708573)
     H    9    Vyy=   -0.4991    axis=(  0.711243  0.457491 -0.533699)
     H    9    Vzz=    0.5415    axis=(  0.698287 -0.547088  0.461616)
     H    9  Q=         1.0000 1e-30 m^2  Cq=         1.2724 MHz  eta= 0.84341

     C   10    Vxx=    0.0428    axis=( -0.478026  0.505133  0.718562)
     C   10    Vyy=    0.6232    axis=( -0.707532 -0.706212  0.025762)
     C   10    Vzz=   -0.6659    axis=(  0.520470 -0.496091  0.694985)
     C   10  Q=         1.0000 1e-30 m^2  Cq=        -1.5647 MHz  eta= 0.87155

     C   11    Vxx=   -0.1104    axis=( -0.353964  0.106880  0.929132)
     C   11    Vyy=   -0.5850    axis=(  0.928386  0.160372  0.335231)
     C   11    Vzz=    0.6954    axis=( -0.113177  0.981253 -0.155992)
     C   11  Q=         1.0000 1e-30 m^2  Cq=         1.6340 MHz  eta= 0.68240

     Cl  12    Vxx=   -0.5166    axis=(  0.852575 -0.311975 -0.419269)
     Cl  12    Vyy=   -2.8774    axis=( -0.305552  0.353285 -0.884210)
     Cl  12    Vzz=    3.3940    axis=(  0.423973  0.881965  0.205877)
     Cl  12  Q=        -8.1650 1e-30 m^2  Cq=       -65.1119 MHz  eta= 0.69557

     H   13    Vxx=    0.0003    axis=(  0.957247  0.079352 -0.278176)
     H   13    Vyy=    0.4999    axis=(  0.073925  0.862602  0.500453)
     H   13    Vzz=   -0.5002    axis=(  0.279667 -0.499621  0.819857)
     H   13  Q=         1.0000 1e-30 m^2  Cq=        -1.1753 MHz  eta= 0.99876

     C   14    Vxx=    0.0589    axis=( -0.034394 -0.036213 -0.998752)
     C   14    Vyy=    0.7039    axis=(  0.048026  0.998129 -0.037845)
     C   14    Vzz=   -0.7628    axis=( -0.998254  0.049268  0.032591)
     C   14  Q=         1.0000 1e-30 m^2  Cq=        -1.7922 MHz  eta= 0.84564

     H   15    Vxx=   -0.0411    axis=(  0.571577 -0.373032 -0.730853)
     H   15    Vyy=   -0.6906    axis=( -0.013554  0.886275 -0.462961)
     H   15    Vzz=    0.7317    axis=( -0.820436 -0.274524 -0.501519)
     H   15  Q=         1.0000 1e-30 m^2  Cq=         1.7191 MHz  eta= 0.88778

     C   16    Vxx=   -0.0283    axis=(  0.969796  0.215046 -0.115115)
     C   16    Vyy=   -0.5566    axis=(  0.022234  0.392041  0.919679)
     C   16    Vzz=    0.5849    axis=(  0.242903 -0.894460  0.375418)
     C   16  Q=         1.0000 1e-30 m^2  Cq=         1.3742 MHz  eta= 0.90327

     C   17    Vxx=   -0.0202    axis=( -0.140534 -0.281950  0.949081)
     C   17    Vyy=   -0.8248    axis=( -0.988845  0.087760 -0.120351)
     C   17    Vzz=    0.8449    axis=( -0.049358 -0.955407 -0.291138)
     C   17  Q=         1.0000 1e-30 m^2  Cq=         1.9852 MHz  eta= 0.95228

     Cl  18    Vxx=    0.4247    axis=(  0.999269 -0.027662  0.026388)
     Cl  18    Vyy=    1.9306    axis=(  0.025550  0.996684  0.077255)
     Cl  18    Vzz=   -2.3553    axis=( -0.028438 -0.076524  0.996662)
     Cl  18  Q=        -8.1650 1e-30 m^2  Cq=        45.1845 MHz  eta= 0.63936

     H   19    Vxx=   -0.0168    axis=(  0.847184  0.425648  0.317965)
     H   19    Vyy=   -0.5987    axis=( -0.526413  0.591498  0.610754)
     H   19    Vzz=    0.6155    axis=(  0.071891 -0.684802  0.725174)
     H   19  Q=         1.0000 1e-30 m^2  Cq=         1.4462 MHz  eta= 0.94542

     C   20    Vxx=   -0.0125    axis=(  0.993267  0.037424 -0.109635)
     C   20    Vyy=   -0.5845    axis=(  0.114685 -0.451346  0.884949)
     C   20    Vzz=    0.5970    axis=( -0.016365 -0.891564 -0.452600)
     C   20  Q=         1.0000 1e-30 m^2  Cq=         1.4028 MHz  eta= 0.95820

     H   21    Vxx=    0.0303    axis=( -0.543422 -0.544945  0.638535)
     H   21    Vyy=    0.6758    axis=(  0.822218 -0.192150  0.535757)
     H   21    Vzz=   -0.7061    axis=(  0.169263 -0.816158 -0.552482)
     H   21  Q=         1.0000 1e-30 m^2  Cq=        -1.6592 MHz  eta= 0.91410

     C   22    Vxx=   -0.0307    axis=(  0.277051 -0.485338  0.829271)
     C   22    Vyy=   -0.5400    axis=( -0.954589 -0.237437  0.179957)
     C   22    Vzz=    0.5707    axis=(  0.109560 -0.841469 -0.529080)
     C   22  Q=         1.0000 1e-30 m^2  Cq=         1.3409 MHz  eta= 0.89235

     C   23    Vxx=    0.0763    axis=( -0.757251  0.393038  0.521624)
     C   23    Vyy=    0.6101    axis=( -0.550640 -0.813697 -0.186262)
     C   23    Vzz=   -0.6864    axis=(  0.351235 -0.428274  0.832595)
     C   23  Q=         1.0000 1e-30 m^2  Cq=        -1.6128 MHz  eta= 0.77759

     Cl  24    Vxx=   -0.2533    axis=(  0.946376 -0.021692 -0.322339)
     Cl  24    Vyy=   -2.3559    axis=( -0.299015  0.318958 -0.899364)
     Cl  24    Vzz=    2.6092    axis=(  0.122322  0.947521  0.295368)
     Cl  24  Q=        -8.1650 1e-30 m^2  Cq=       -50.0569 MHz  eta= 0.80585

     Initialization:
     gipaw_setup  :      9.20s CPU     10.91s WALL (       1 calls)

     Linear response

     Apply operators

     Induced current

     Other routines
     efg          :      9.21s CPU     10.95s WALL (       1 calls)

     General routines
     calbec       :      3.21s CPU      3.92s WALL (      16 calls)
     fft          :      1.58s CPU      2.22s WALL (      15 calls)
     ffts         :      0.04s CPU      0.04s WALL (       2 calls)
     fftw         :      3.27s CPU      3.80s WALL (     672 calls)
     davcio       :      0.03s CPU      0.32s WALL (      32 calls)

     Parallel routines
     fft_scatter  :      2.11s CPU      3.14s WALL (     689 calls)

     Plugins

     GIPAW        :     61.65s CPU     72.57s WALL (       1 calls)
