
     Program QE v.6.0 (svn rev. 13079) starts on 24Jan2017 at 14:20:24 

     This program is part of the open-source Quantum ESPRESSO suite
     for quantum simulation of materials; please cite
         "P. Giannozzi et al., J. Phys.:Condens. Matter 21 395502 (2009);
          URL http://www.quantum-espresso.org", 
     in publications or presentations arising from this work. More details at
     http://www.quantum-espresso.org/quote

     Parallel version (MPI), running on     8 processors
     R & G space division:  proc/nbgrp/npool/nimage =       8

     ***** This is GIPAW svn revision unknown      *****

     Parallelizing q-star over 1 images

     Reading data from directory:
     /users/majewski/paradichlorobenzene/pbe/9_constraint/scratch/pbe.ecut100.np8.dt60.pcl2phi-129368.save
     Message from routine read_xml_file:
     file /users/majewski/paradichlorobenzene/pbe/9_constraint/scratch/pbe.ecut100.np8.dt60.pcl2phi-129368.save not guaranteed to be safe for post-processing

   Info: using nr1, nr2, nr3 values from input

   Info: using nr1, nr2, nr3 values from input

     IMPORTANT: XC functional enforced from input :
     Exchange-correlation      =  SLA  PW   PBX  PBC ( 1  4  3  4 0 0)
     Any further DFT definition will be discarded
     Please, verify this is what you really want

               file C.pbe-n-kjpaw_psl.1.0.0.UPF: wavefunction(s)  2S 2P renormalized
               file Cl.pbe-n-kjpaw_psl.1.0.0.UPF: wavefunction(s)  3S 3P renormalized
               file H.pbe-kjpaw_psl.1.0.0.UPF: wavefunction(s)  1S renormalized

     Parallelization info
     --------------------
     sticks:   dense  smooth     PW     G-vecs:    dense   smooth      PW
     Min        3057    1223    332               144436    36536    5170
     Max        3059    1225    333               144437    36537    5171
     Sum       24467    9791   2657              1155489   292295   41363


     Subspace diagonalization in iterative solution of the eigenvalue problem:
     a serial algorithm will be used

     GIPAW projectors -----------------------------------------------
     atom=  C    l=0  rc=    1.2000  rs=    0.8000
     atom=  C    l=0  rc=    1.2000  rs=    0.8000
     atom=  C    l=1  rc=    1.4000  rs=    0.9333
     atom=  C    l=1  rc=    1.4000  rs=    0.9333
     projs nearly linearly dependent: l=1  n1,n2= 1, 2  s=  0.99951561

     atom=  Cl   l=0  rc=    1.6000  rs=    1.0667
     atom=  Cl   l=0  rc=    1.6000  rs=    1.0667
     atom=  Cl   l=1  rc=    1.6000  rs=    1.0667
     atom=  Cl   l=1  rc=    1.6000  rs=    1.0667
     atom=  Cl   l=2  rc=    1.6000  rs=    1.0667
     atom=  Cl   l=2  rc=    1.6000  rs=    1.0667
     projs nearly linearly dependent: l=2  n1,n2= 1, 2  s=  0.99993509

     atom=  H    l=0  rc=    1.0000  rs=    0.6667
     atom=  H    l=0  rc=    1.0000  rs=    0.6667
     projs nearly linearly dependent: l=0  n1,n2= 1, 2  s=  0.99968852
     -----------------------------------------------------------------

     GIPAW integrals: -------------------------------------------
     Atom  i/j   nmr_para   nmr_dia   epr_rmc  epr_para   epr_dia
       C   1 1   0.83E+03  0.17E-01  0.93E+01  0.24E+08  0.24E+03
       C   2 1   0.86E+03 -0.61E-01  0.94E+01  0.25E+08  0.25E+03
       C   2 2   0.90E+03 -0.15E+00  0.97E+01  0.26E+08  0.26E+03
       C   3 3   0.33E+01  0.34E+00  0.18E+01  0.55E+03  0.21E+02
       C   4 3   0.35E+01  0.37E+00  0.20E+01  0.59E+03  0.22E+02
       C   4 4   0.38E+01  0.39E+00  0.22E+01  0.63E+03  0.24E+02
       Cl  1 1   0.14E+04 -0.47E+00  0.84E+01  0.32E+09  0.42E+03
       Cl  2 1   0.21E+04 -0.37E+00  0.12E+02  0.49E+09  0.65E+03
       Cl  2 2   0.33E+04 -0.16E+00  0.21E+02  0.76E+09  0.10E+04
       Cl  3 3   0.21E+02  0.79E-01  0.89E+01  0.23E+05  0.13E+03
       Cl  4 3   0.24E+02  0.67E-01  0.99E+01  0.27E+05  0.15E+03
       Cl  4 4   0.28E+02  0.44E-01  0.11E+02  0.32E+05  0.18E+03
       Cl  5 5   0.77E+00  0.19E+00  0.18E+01  0.12E+03  0.22E+02
       Cl  6 5   0.80E+00  0.19E+00  0.19E+01  0.12E+03  0.23E+02
       Cl  6 6   0.83E+00  0.20E+00  0.19E+01  0.12E+03  0.23E+02
       H   1 1   0.39E+02  0.19E+00  0.29E+00  0.78E+05  0.13E+02
       H   2 1   0.41E+02  0.21E+00  0.32E+00  0.82E+05  0.14E+02
       H   2 2   0.43E+02  0.22E+00  0.36E+00  0.86E+05  0.15E+02
     ------------------------------------------------------------

     alpha_pv=     34.2258 eV

     Number of occupied bands for each k-point:
     k-point:     1    nbnd_occ=  42
     k-point:     2    nbnd_occ=  42
     k-point:     3    nbnd_occ=  42
     k-point:     4    nbnd_occ=  42
     k-point:     5    nbnd_occ=  42
     k-point:     6    nbnd_occ=  42
     k-point:     7    nbnd_occ=  42
     k-point:     8    nbnd_occ=  42
     k-point:     9    nbnd_occ=  42
     k-point:    10    nbnd_occ=  42
     k-point:    11    nbnd_occ=  42
     k-point:    12    nbnd_occ=  42
     k-point:    13    nbnd_occ=  42
     k-point:    14    nbnd_occ=  42
     k-point:    15    nbnd_occ=  42
     k-point:    16    nbnd_occ=  42


     q-space interpolation up to   110.00 Rydberg

     GIPAW job: efg                                                                             


     ELECTRIC FIELD GRADIENTS TENSORS IN Hartree/bohrradius^2:

     ----- bare term -----
     Cl   1       -0.262229        0.212269        0.085240
     Cl   1        0.212269        0.014399       -0.172931
     Cl   1        0.085240       -0.172931        0.247830

     C    2       -0.115547       -0.230086       -0.344967
     C    2       -0.230086        0.007115       -0.733003
     C    2       -0.344967       -0.733003        0.108432

     C    3       -0.473580        0.341809       -0.326090
     C    3        0.341809       -0.001187       -0.235844
     C    3       -0.326090       -0.235844        0.474767

     H    4       -0.325750       -0.099281       -0.558594
     H    4       -0.099281        0.320413       -0.084469
     H    4       -0.558594       -0.084469        0.005338

     C    5       -0.147224       -0.020188       -0.331017
     C    5       -0.020188       -0.243525       -0.297524
     C    5       -0.331017       -0.297524        0.390749

     H    6        0.480582       -0.045598       -0.025500
     H    6       -0.045598       -0.126815       -0.610292
     H    6       -0.025500       -0.610292       -0.353766

     H    7        0.362032        0.134351        0.003232
     H    7        0.134351       -0.549804        0.479483
     H    7        0.003232        0.479483        0.187772

     C    8       -0.777268       -0.324281       -0.415412
     C    8       -0.324281        0.258516        0.086117
     C    8       -0.415412        0.086117        0.518752

     H    9       -0.565364        0.167963       -0.024956
     H    9        0.167963        0.430982        0.239457
     H    9       -0.024956        0.239457        0.134382

     C   10       -0.024329       -0.241918       -0.124588
     C   10       -0.241918       -0.453400        0.421739
     C   10       -0.124588        0.421739        0.477729

     C   11       -0.449602       -0.250858       -0.413058
     C   11       -0.250858        0.182935        0.305805
     C   11       -0.413058        0.305805        0.266666

     Cl  12       -0.025731        0.009729       -0.032351
     Cl  12        0.009729        0.150060        0.018784
     Cl  12       -0.032351        0.018784       -0.124329

     H   13        0.507117        0.007252        0.057098
     H   13        0.007252        0.087315       -0.118092
     H   13        0.057098       -0.118092       -0.594432

     C   14       -0.477393        0.295546       -0.023792
     C   14        0.295546        0.227893       -0.061868
     C   14       -0.023792       -0.061868        0.249500

     H   15        0.022199        0.185818       -0.452501
     H   15        0.185818       -0.073340        0.159046
     H   15       -0.452501        0.159046        0.051141

     C   16        0.262791        0.090560       -0.112094
     C   16        0.090560       -0.160560       -0.466528
     C   16       -0.112094       -0.466528       -0.102231

     C   17       -0.772791        0.370513       -0.368411
     C   17        0.370513        0.307510       -0.026571
     C   17       -0.368411       -0.026571        0.465281

     Cl  18       -0.019792       -0.002251        0.058765
     Cl  18       -0.002251       -0.035671        0.027679
     Cl  18        0.058765        0.027679        0.055463

     H   19        0.419207        0.274242       -0.004533
     H   19        0.274242       -0.780248        0.176858
     H   19       -0.004533        0.176858        0.361040

     C   20       -0.142401       -0.137954       -0.206877
     C   20       -0.137954       -0.002942        0.474851
     C   20       -0.206877        0.474851        0.145344

     H   21       -0.260070        0.496260        0.015230
     H   21        0.496260       -0.074601       -0.127778
     H   21        0.015230       -0.127778        0.334671

     C   22       -0.402752       -0.221166       -0.135465
     C   22       -0.221166        0.093966        0.156437
     C   22       -0.135465        0.156437        0.308786

     C   23       -0.042938       -0.140846       -0.226378
     C   23       -0.140846        0.023688        0.674318
     C   23       -0.226378        0.674318        0.019250

     Cl  24       -0.196539       -0.279960       -0.021689
     Cl  24       -0.279960        0.162672        0.051374
     Cl  24       -0.021689        0.051374        0.033868

     ----- ionic term -----
     Cl   1        0.124304       -0.222394       -0.016536
     Cl   1       -0.222394        0.024874        0.024632
     Cl   1       -0.016536        0.024632       -0.149178

     C    2        0.169893       -0.294196        0.266972
     C    2       -0.294196       -0.027392        0.389358
     C    2        0.266972        0.389358       -0.142501

     C    3        0.151915       -0.281684        0.155484
     C    3       -0.281684        0.030025        0.391201
     C    3        0.155484        0.391201       -0.181940

     H    4        0.674932        0.096876        0.687483
     H    4        0.096876       -0.545827        0.143330
     H    4        0.687483        0.143330       -0.129106

     C    5        0.258792       -0.184097        0.263014
     C    5       -0.184097       -0.050276        0.326691
     C    5        0.263014        0.326691       -0.208515

     H    6       -0.516128        0.132443        0.111079
     H    6        0.132443        0.495303        0.788436
     H    6        0.111079        0.788436        0.020825

     H    7       -0.486794       -0.210578        0.096111
     H    7       -0.210578        0.754757       -0.616898
     H    7        0.096111       -0.616898       -0.267963

     C    8        0.360112        0.074032        0.206640
     C    8        0.074032        0.103741       -0.293942
     C    8        0.206640       -0.293942       -0.463852

     H    9        0.765331       -0.411005        0.499565
     H    9       -0.411005       -0.331385       -0.216430
     H    9        0.499565       -0.216430       -0.433946

     C   10        0.174960        0.166042        0.132035
     C   10        0.166042        0.303617       -0.383301
     C   10        0.132035       -0.383301       -0.478577

     C   11        0.200512        0.070512        0.235044
     C   11        0.070512        0.257019       -0.393807
     C   11        0.235044       -0.393807       -0.457531

     Cl  12        0.150720        0.211527        0.022137
     Cl  12        0.211527       -0.000456        0.004698
     Cl  12        0.022137        0.004698       -0.150263

     H   13       -0.533205       -0.009935        0.017913
     H   13       -0.009935        0.392245        0.809328
     H   13        0.017913        0.809328        0.140960

     C   14        0.208950       -0.321337        0.233303
     C   14       -0.321337       -0.053209        0.309547
     C   14        0.233303        0.309547       -0.155741

     H   15        0.587187        0.131100        0.698956
     H   15        0.131100       -0.509815        0.159280
     H   15        0.698956        0.159280       -0.077372

     C   16        0.104555       -0.344732        0.120031
     C   16       -0.344732       -0.000537        0.426423
     C   16        0.120031        0.426423       -0.104018

     C   17        0.185544       -0.236442        0.208884
     C   17       -0.236442       -0.102908        0.452088
     C   17        0.208884        0.452088       -0.082637

     Cl  18        0.141208       -0.227337       -0.028554
     Cl  18       -0.227337       -0.007933        0.015646
     Cl  18       -0.028554        0.015646       -0.133275

     H   19       -0.513366       -0.087028        0.053209
     H   19       -0.087028        0.631053       -0.708468
     H   19        0.053209       -0.708468       -0.117687

     C   20        0.348222        0.098547        0.196373
     C   20        0.098547        0.058832       -0.322711
     C   20        0.196373       -0.322711       -0.407054

     H   21        0.768444       -0.434112        0.477038
     H   21       -0.434112       -0.336969       -0.235680
     H   21        0.477038       -0.235680       -0.431474

     C   22        0.252606        0.153407        0.115865
     C   22        0.153407        0.205379       -0.338803
     C   22        0.115865       -0.338803       -0.457985

     C   23        0.343894        0.100294        0.219265
     C   23        0.100294        0.144785       -0.332715
     C   23        0.219265       -0.332715       -0.488679

     Cl  24        0.168052        0.207281        0.012035
     Cl  24        0.207281        0.009278       -0.004337
     Cl  24        0.012035       -0.004337       -0.177330

     ----- GIPAW term -----
     Cl   1       -0.436561       -1.627351        0.796543
     Cl   1       -1.627351        0.284624       -1.842640
     Cl   1        0.796543       -1.842640        0.151937

     C    2       -0.026912       -0.197199       -0.031680
     C    2       -0.197199        0.128420       -0.211893
     C    2       -0.031680       -0.211893       -0.101508

     C    3       -0.148035        0.001359       -0.108032
     C    3        0.001359        0.065037        0.057979
     C    3       -0.108032        0.057979        0.082998

     H    4       -0.000000        0.000000        0.000000
     H    4        0.000000        0.000000        0.000000
     H    4        0.000000        0.000000        0.000000

     C    5       -0.089445       -0.075589       -0.108131
     C    5       -0.075589       -0.052034        0.113567
     C    5       -0.108131        0.113567        0.141479

     H    6       -0.000000        0.000000        0.000000
     H    6        0.000000        0.000000        0.000000
     H    6        0.000000        0.000000        0.000000

     H    7       -0.000000        0.000000        0.000000
     H    7        0.000000        0.000000        0.000000
     H    7        0.000000        0.000000        0.000000

     C    8       -0.201929       -0.081579       -0.027567
     C    8       -0.081579        0.107780       -0.129778
     C    8       -0.027567       -0.129778        0.094149

     H    9       -0.000000        0.000000        0.000000
     H    9        0.000000        0.000000        0.000000
     H    9        0.000000        0.000000        0.000000

     C   10       -0.101359       -0.024192       -0.006872
     C   10       -0.024192       -0.042977       -0.117292
     C   10       -0.006872       -0.117292        0.144336

     C   11       -0.065954        0.005877       -0.062874
     C   11        0.005877        0.180982        0.010887
     C   11       -0.062874        0.010887       -0.115028

     Cl  12        0.836390        1.979033       -0.205438
     Cl  12        1.979033        1.528781        0.214295
     Cl  12       -0.205438        0.214295       -2.365171

     H   13       -0.000000        0.000000        0.000000
     H   13        0.000000        0.000000        0.000000
     H   13        0.000000        0.000000        0.000000

     C   14       -0.087025       -0.018500        0.031175
     C   14       -0.018500        0.097882       -0.053905
     C   14        0.031175       -0.053905       -0.010856

     H   15       -0.000000        0.000000        0.000000
     H   15        0.000000        0.000000        0.000000
     H   15        0.000000        0.000000        0.000000

     C   16       -0.032525        0.006874       -0.004811
     C   16        0.006874        0.133175       -0.037266
     C   16       -0.004811       -0.037266       -0.100650

     C   17       -0.181416       -0.061175       -0.067268
     C   17       -0.061175        0.205384        0.178296
     C   17       -0.067268        0.178296       -0.023968

     Cl  18       -0.376193       -1.831179       -0.216404
     Cl  18       -1.831179       -0.091460        1.919832
     Cl  18       -0.216404        1.919832        0.467653

     H   19       -0.000000        0.000000        0.000000
     H   19        0.000000        0.000000        0.000000
     H   19        0.000000        0.000000        0.000000

     C   20       -0.089315       -0.087056       -0.038553
     C   20       -0.087056        0.183273        0.188840
     C   20       -0.038553        0.188840       -0.093958

     H   21       -0.000000        0.000000        0.000000
     H   21        0.000000        0.000000        0.000000
     H   21        0.000000        0.000000        0.000000

     C   22       -0.101174       -0.075577       -0.053380
     C   22       -0.075577        0.118538        0.086489
     C   22       -0.053380        0.086489       -0.017363

     C   23       -0.018055       -0.041259       -0.056704
     C   23       -0.041259        0.198490        0.158266
     C   23       -0.056704        0.158266       -0.180435

     Cl  24       -0.424671       -0.287098       -0.341534
     Cl  24       -0.287098        2.538695        0.666138
     Cl  24       -0.341534        0.666138       -2.114024

     ----- total EFG -----
     Cl   1       -0.574486       -1.637475        0.865247
     Cl   1       -1.637475        0.323897       -1.990939
     Cl   1        0.865247       -1.990939        0.250589

     C    2        0.027434       -0.721480       -0.109674
     C    2       -0.721480        0.108143       -0.555537
     C    2       -0.109674       -0.555537       -0.135576

     C    3       -0.469700        0.061485       -0.278638
     C    3        0.061485        0.093874        0.213335
     C    3       -0.278638        0.213335        0.375826

     H    4        0.349182       -0.002404        0.128889
     H    4       -0.002404       -0.225414        0.058860
     H    4        0.128889        0.058860       -0.123768

     C    5        0.022123       -0.279875       -0.176135
     C    5       -0.279875       -0.345835        0.142734
     C    5       -0.176135        0.142734        0.323712

     H    6       -0.035546        0.086845        0.085579
     H    6        0.086845        0.368487        0.178144
     H    6        0.085579        0.178144       -0.332941

     H    7       -0.124762       -0.076227        0.099343
     H    7       -0.076227        0.204954       -0.137414
     H    7        0.099343       -0.137414       -0.080192

     C    8       -0.619086       -0.331828       -0.236340
     C    8       -0.331828        0.470037       -0.337604
     C    8       -0.236340       -0.337604        0.149049

     H    9        0.199967       -0.243042        0.474609
     H    9       -0.243042        0.099597        0.023027
     H    9        0.474609        0.023027       -0.299564

     C   10        0.049272       -0.100068        0.000575
     C   10       -0.100068       -0.192759       -0.078853
     C   10        0.000575       -0.078853        0.143488

     C   11       -0.315043       -0.174468       -0.240889
     C   11       -0.174468        0.620936       -0.077116
     C   11       -0.240889       -0.077116       -0.305892

     Cl  12        0.961379        2.200289       -0.215652
     Cl  12        2.200289        1.678384        0.237777
     Cl  12       -0.215652        0.237777       -2.639764

     H   13       -0.026088       -0.002683        0.075011
     H   13       -0.002683        0.479559        0.691236
     H   13        0.075011        0.691236       -0.453472

     C   14       -0.355468       -0.044291        0.240685
     C   14       -0.044291        0.272566        0.193774
     C   14        0.240685        0.193774        0.082902

     H   15        0.609386        0.316917        0.246454
     H   15        0.316917       -0.583155        0.318327
     H   15        0.246454        0.318327       -0.026231

     C   16        0.334821       -0.247298        0.003126
     C   16       -0.247298       -0.027922       -0.077371
     C   16        0.003126       -0.077371       -0.306899

     C   17       -0.768663        0.072895       -0.226795
     C   17        0.072895        0.409986        0.603813
     C   17       -0.226795        0.603813        0.358676

     Cl  18       -0.254778       -2.060767       -0.186193
     Cl  18       -2.060767       -0.135064        1.963157
     Cl  18       -0.186193        1.963157        0.389842

     H   19       -0.094158        0.187214        0.048676
     H   19        0.187214       -0.149195       -0.531610
     H   19        0.048676       -0.531610        0.243353

     C   20        0.116506       -0.126462       -0.049058
     C   20       -0.126462        0.239162        0.340980
     C   20       -0.049058        0.340980       -0.355668

     H   21        0.508374        0.062148        0.492269
     H   21        0.062148       -0.411571       -0.363457
     H   21        0.492269       -0.363457       -0.096803

     C   22       -0.251320       -0.143336       -0.072980
     C   22       -0.143336        0.417882       -0.095877
     C   22       -0.072980       -0.095877       -0.166563

     C   23        0.282902       -0.081811       -0.063817
     C   23       -0.081811        0.366963        0.499869
     C   23       -0.063817        0.499869       -0.649864

     Cl  24       -0.453158       -0.359778       -0.351188
     Cl  24       -0.359778        2.710644        0.713175
     Cl  24       -0.351188        0.713175       -2.257486

     ----- total EFG (symmetrized) -----
     Cl   1       -0.574486       -1.637475        0.865247
     Cl   1       -1.637475        0.323897       -1.990939
     Cl   1        0.865247       -1.990939        0.250589

     C    2        0.027434       -0.721480       -0.109674
     C    2       -0.721480        0.108143       -0.555537
     C    2       -0.109674       -0.555537       -0.135576

     C    3       -0.469700        0.061485       -0.278638
     C    3        0.061485        0.093874        0.213335
     C    3       -0.278638        0.213335        0.375826

     H    4        0.349182       -0.002404        0.128889
     H    4       -0.002404       -0.225414        0.058860
     H    4        0.128889        0.058860       -0.123768

     C    5        0.022123       -0.279875       -0.176135
     C    5       -0.279875       -0.345835        0.142734
     C    5       -0.176135        0.142734        0.323712

     H    6       -0.035546        0.086845        0.085579
     H    6        0.086845        0.368487        0.178144
     H    6        0.085579        0.178144       -0.332941

     H    7       -0.124762       -0.076227        0.099343
     H    7       -0.076227        0.204954       -0.137414
     H    7        0.099343       -0.137414       -0.080192

     C    8       -0.619086       -0.331828       -0.236340
     C    8       -0.331828        0.470037       -0.337604
     C    8       -0.236340       -0.337604        0.149049

     H    9        0.199967       -0.243042        0.474609
     H    9       -0.243042        0.099597        0.023027
     H    9        0.474609        0.023027       -0.299564

     C   10        0.049272       -0.100068        0.000575
     C   10       -0.100068       -0.192759       -0.078853
     C   10        0.000575       -0.078853        0.143488

     C   11       -0.315043       -0.174468       -0.240889
     C   11       -0.174468        0.620936       -0.077116
     C   11       -0.240889       -0.077116       -0.305892

     Cl  12        0.961379        2.200289       -0.215652
     Cl  12        2.200289        1.678384        0.237777
     Cl  12       -0.215652        0.237777       -2.639764

     H   13       -0.026088       -0.002683        0.075011
     H   13       -0.002683        0.479559        0.691236
     H   13        0.075011        0.691236       -0.453472

     C   14       -0.355468       -0.044291        0.240685
     C   14       -0.044291        0.272566        0.193774
     C   14        0.240685        0.193774        0.082902

     H   15        0.609386        0.316917        0.246454
     H   15        0.316917       -0.583155        0.318327
     H   15        0.246454        0.318327       -0.026231

     C   16        0.334821       -0.247298        0.003126
     C   16       -0.247298       -0.027922       -0.077371
     C   16        0.003126       -0.077371       -0.306899

     C   17       -0.768663        0.072895       -0.226795
     C   17        0.072895        0.409986        0.603813
     C   17       -0.226795        0.603813        0.358676

     Cl  18       -0.254778       -2.060767       -0.186193
     Cl  18       -2.060767       -0.135064        1.963157
     Cl  18       -0.186193        1.963157        0.389842

     H   19       -0.094158        0.187214        0.048676
     H   19        0.187214       -0.149195       -0.531610
     H   19        0.048676       -0.531610        0.243353

     C   20        0.116506       -0.126462       -0.049058
     C   20       -0.126462        0.239162        0.340980
     C   20       -0.049058        0.340980       -0.355668

     H   21        0.508374        0.062148        0.492269
     H   21        0.062148       -0.411571       -0.363457
     H   21        0.492269       -0.363457       -0.096803

     C   22       -0.251320       -0.143336       -0.072980
     C   22       -0.143336        0.417882       -0.095877
     C   22       -0.072980       -0.095877       -0.166563

     C   23        0.282902       -0.081811       -0.063817
     C   23       -0.081811        0.366963        0.499869
     C   23       -0.063817        0.499869       -0.649864

     Cl  24       -0.453158       -0.359778       -0.351188
     Cl  24       -0.359778        2.710644        0.713175
     Cl  24       -0.351188        0.713175       -2.257486


     NQR/NMR SPECTROSCOPIC PARAMETERS:
     Cl   1    Vxx=   -1.0712    axis=(  0.710413 -0.148055 -0.688036)
     Cl   1    Vyy=   -2.0686    axis=( -0.552352 -0.723136 -0.414708)
     Cl   1    Vzz=    3.1398    axis=( -0.436144  0.674652 -0.595503)
     Cl   1  Q=        -8.1650 1e-30 m^2  Cq=       -60.2364 MHz  eta= 0.31766

     C    2    Vxx=    0.0322    axis=( -0.613621 -0.114736  0.781220)
     C    2    Vyy=    0.9090    axis=(  0.570470 -0.748474  0.338157)
     C    2    Vzz=   -0.9412    axis=(  0.545925  0.653163  0.524733)
     C    2  Q=         1.0000 1e-30 m^2  Cq=        -2.2114 MHz  eta= 0.93166

     C    3    Vxx=    0.0361    axis=(  0.289631  0.899461 -0.327237)
     C    3    Vyy=    0.5399    axis=(  0.221861 -0.395669 -0.891192)
     C    3    Vzz=   -0.5760    axis=( -0.931070  0.185516 -0.314153)
     C    3  Q=         1.0000 1e-30 m^2  Cq=        -1.3533 MHz  eta= 0.87479

     H    4    Vxx=   -0.1240    axis=( -0.226362  0.492834  0.840164)
     H    4    Vyy=   -0.2583    axis=(  0.105665  0.869887 -0.481800)
     H    4    Vzz=    0.3823    axis=( -0.968295 -0.020285 -0.248984)
     H    4  Q=         1.0000 1e-30 m^2  Cq=         0.8982 MHz  eta= 0.35142

     C    5    Vxx=    0.0144    axis=( -0.738679  0.344293 -0.579496)
     C    5    Vyy=    0.4847    axis=( -0.494978  0.306509  0.813049)
     C    5    Vzz=   -0.4991    axis=( -0.457548 -0.887420  0.055994)
     C    5  Q=         1.0000 1e-30 m^2  Cq=        -1.1728 MHz  eta= 0.94233

     H    6    Vxx=   -0.0472    axis=(  0.958407 -0.255079  0.128026)
     H    6    Vyy=   -0.3873    axis=(  0.183127  0.205548 -0.961361)
     H    6    Vzz=    0.4346    axis=(  0.218907  0.944820  0.243710)
     H    6  Q=         1.0000 1e-30 m^2  Cq=         1.0210 MHz  eta= 0.78264

     H    7    Vxx=   -0.0825    axis=(  0.628323  0.464805  0.623832)
     H    7    Vyy=   -0.2066    axis=(  0.734095 -0.088804 -0.673214)
     H    7    Vzz=    0.2892    axis=(  0.257514 -0.880948  0.397009)
     H    7  Q=         1.0000 1e-30 m^2  Cq=         0.6794 MHz  eta= 0.42926

     C    8    Vxx=    0.1181    axis=(  0.432464 -0.377687 -0.818735)
     C    8    Vyy=    0.7043    axis=(  0.134008 -0.871031  0.472596)
     C    8    Vzz=   -0.8224    axis=(  0.891637  0.314098  0.326077)
     C    8  Q=         1.0000 1e-30 m^2  Cq=        -1.9323 MHz  eta= 0.71268

     H    9    Vxx=    0.0457    axis=( -0.234324 -0.894089 -0.381703)
     H    9    Vyy=    0.5714    axis=(  0.810478 -0.396491  0.431184)
     H    9    Vzz=   -0.6171    axis=( -0.536859 -0.208326  0.817547)
     H    9  Q=         1.0000 1e-30 m^2  Cq=        -1.4499 MHz  eta= 0.85178

     C   10    Vxx=    0.0765    axis=(  0.918469 -0.252049 -0.304773)
     C   10    Vyy=    0.1665    axis=( -0.235518  0.270500 -0.933467)
     C   10    Vzz=   -0.2430    axis=(  0.317721  0.929140  0.189083)
     C   10  Q=         1.0000 1e-30 m^2  Cq=        -0.5710 MHz  eta= 0.37009

     C   11    Vxx=   -0.0754    axis=( -0.673840 -0.087577  0.733668)
     C   11    Vyy=   -0.5782    axis=(  0.719469  0.148315  0.678503)
     C   11    Vzz=    0.6536    axis=( -0.168235  0.985055 -0.036932)
     C   11  Q=         1.0000 1e-30 m^2  Cq=         1.5358 MHz  eta= 0.76916

     Cl  12    Vxx=   -0.8527    axis=( -0.751112  0.636467  0.175328)
     Cl  12    Vyy=   -2.6967    axis=(  0.129345 -0.118553  0.984487)
     Cl  12    Vzz=    3.5495    axis=( -0.647380 -0.762138 -0.006723)
     Cl  12  Q=        -8.1650 1e-30 m^2  Cq=       -68.0947 MHz  eta= 0.51951

     H   13    Vxx=   -0.0216    axis=(  0.995747 -0.072707  0.056582)
     H   13    Vyy=   -0.8266    axis=( -0.084085 -0.466233  0.880657)
     H   13    Vzz=    0.8482    axis=( -0.037650 -0.881669 -0.470364)
     H   13  Q=         1.0000 1e-30 m^2  Cq=         1.9930 MHz  eta= 0.94900

     C   14    Vxx=    0.0755    axis=(  0.442837 -0.576128  0.687002)
     C   14    Vyy=    0.4060    axis=(  0.137651  0.800831  0.582857)
     C   14    Vzz=   -0.4815    axis=(  0.885973  0.163544 -0.433942)
     C   14  Q=         1.0000 1e-30 m^2  Cq=        -1.1314 MHz  eta= 0.68623

     H   15    Vxx=   -0.0575    axis=( -0.439837  0.256083  0.860793)
     H   15    Vyy=   -0.7562    axis=( -0.150878  0.923791 -0.351918)
     H   15    Vzz=    0.8136    axis=( -0.885313 -0.284661 -0.367680)
     H   15  Q=         1.0000 1e-30 m^2  Cq=         1.9117 MHz  eta= 0.85876

     C   16    Vxx=   -0.1280    axis=(  0.443405  0.825461 -0.349294)
     C   16    Vyy=   -0.3340    axis=(  0.118496  0.332292  0.935703)
     C   16    Vzz=    0.4620    axis=( -0.888454  0.456285 -0.049526)
     C   16  Q=         1.0000 1e-30 m^2  Cq=         1.0855 MHz  eta= 0.44580

     C   17    Vxx=   -0.1473    axis=( -0.321310 -0.676225  0.662932)
     C   17    Vyy=   -0.8477    axis=( -0.945051  0.184388 -0.269962)
     C   17    Vzz=    0.9950    axis=(  0.060319 -0.713247 -0.698313)
     C   17  Q=         1.0000 1e-30 m^2  Cq=         2.3378 MHz  eta= 0.70387

     Cl  18    Vxx=   -0.1032    axis=( -0.686080  0.115351 -0.718323)
     Cl  18    Vyy=   -2.8198    axis=( -0.552546 -0.724911  0.411336)
     Cl  18    Vzz=    2.9230    axis=( -0.473272  0.679116  0.561084)
     Cl  18  Q=        -8.1650 1e-30 m^2  Cq=       -56.0769 MHz  eta= 0.92936

     H   19    Vxx=   -0.0334    axis=(  0.932505  0.230243  0.278248)
     H   19    Vyy=   -0.5869    axis=( -0.347781  0.780201  0.519938)
     H   19    Vzz=    0.6203    axis=( -0.097377 -0.581614  0.807615)
     H   19  Q=         1.0000 1e-30 m^2  Cq=         1.4575 MHz  eta= 0.89229

     C   20    Vxx=    0.0615    axis=(  0.926145  0.338002  0.167365)
     C   20    Vyy=    0.4493    axis=( -0.376956  0.844402  0.380644)
     C   20    Vzz=   -0.5108    axis=( -0.012665 -0.415621  0.909450)
     C   20  Q=         1.0000 1e-30 m^2  Cq=        -1.2002 MHz  eta= 0.75926

     H   21    Vxx=   -0.0521    axis=( -0.443955 -0.673900  0.590561)
     H   21    Vyy=   -0.7452    axis=(  0.280691 -0.730493 -0.622569)
     H   21    Vzz=    0.7973    axis=(  0.850950 -0.110628  0.513464)
     H   21  Q=         1.0000 1e-30 m^2  Cq=         1.8734 MHz  eta= 0.86927

     C   22    Vxx=   -0.1247    axis=(  0.513041 -0.016118 -0.858213)
     C   22    Vyy=   -0.3328    axis=(  0.838441  0.223571  0.497023)
     C   22    Vzz=    0.4575    axis=(  0.183861 -0.974554  0.128215)
     C   22  Q=         1.0000 1e-30 m^2  Cq=         1.0750 MHz  eta= 0.45475

     C   23    Vxx=    0.2524    axis=(  0.954079  0.285496  0.090692)
     C   23    Vyy=    0.6028    axis=( -0.298526  0.881097  0.366811)
     C   23    Vzz=   -0.8551    axis=(  0.024814 -0.377040  0.925864)
     C   23  Q=         1.0000 1e-30 m^2  Cq=        -2.0092 MHz  eta= 0.40979

     Cl  24    Vxx=   -0.4568    axis=(  0.980634  0.141803 -0.135091)
     Cl  24    Vyy=   -2.4040    axis=(  0.153227 -0.125890  0.980139)
     Cl  24    Vzz=    2.8608    axis=(  0.121980 -0.981857 -0.145180)
     Cl  24  Q=        -8.1650 1e-30 m^2  Cq=       -54.8829 MHz  eta= 0.68065

     Initialization:
     gipaw_setup  :      9.35s CPU     10.90s WALL (       1 calls)

     Linear response

     Apply operators

     Induced current

     Other routines
     efg          :      9.47s CPU     12.04s WALL (       1 calls)

     General routines
     calbec       :      3.38s CPU      4.48s WALL (      16 calls)
     fft          :      1.74s CPU      2.83s WALL (      15 calls)
     ffts         :      0.03s CPU      0.04s WALL (       2 calls)
     fftw         :      3.38s CPU      4.13s WALL (     672 calls)
     davcio       :      0.02s CPU      0.32s WALL (      32 calls)

     Parallel routines
     fft_scatter  :      2.46s CPU      4.08s WALL (     689 calls)

     Plugins

     GIPAW        :     61.56s CPU     75.33s WALL (       1 calls)
