
     Program QE v.6.0 (svn rev. 13079) starts on 27Dec2016 at 11: 4:52 

     This program is part of the open-source Quantum ESPRESSO suite
     for quantum simulation of materials; please cite
         "P. Giannozzi et al., J. Phys.:Condens. Matter 21 395502 (2009);
          URL http://www.quantum-espresso.org", 
     in publications or presentations arising from this work. More details at
     http://www.quantum-espresso.org/quote

     Parallel version (MPI), running on     8 processors
     R & G space division:  proc/nbgrp/npool/nimage =       8

     ***** This is GIPAW svn revision unknown      *****

     Parallelizing q-star over 1 images

     Reading data from directory:
     /users/majewski/paradichlorobenzene/pbe/9_constraint/scratch/pbe.ecut100.np8.dt60.pcl2phi-129368.save
     Message from routine read_xml_file:
     file /users/majewski/paradichlorobenzene/pbe/9_constraint/scratch/pbe.ecut100.np8.dt60.pcl2phi-129368.save not guaranteed to be safe for post-processing

   Info: using nr1, nr2, nr3 values from input

   Info: using nr1, nr2, nr3 values from input

     IMPORTANT: XC functional enforced from input :
     Exchange-correlation      =  SLA  PW   PBX  PBC ( 1  4  3  4 0 0)
     Any further DFT definition will be discarded
     Please, verify this is what you really want

               file C.pbe-n-kjpaw_psl.1.0.0.UPF: wavefunction(s)  2S 2P renormalized
               file Cl.pbe-n-kjpaw_psl.1.0.0.UPF: wavefunction(s)  3S 3P renormalized
               file H.pbe-kjpaw_psl.1.0.0.UPF: wavefunction(s)  1S renormalized

     Parallelization info
     --------------------
     sticks:   dense  smooth     PW     G-vecs:    dense   smooth      PW
     Min        3057    1223    332               144436    36536    5170
     Max        3059    1225    333               144437    36537    5171
     Sum       24467    9791   2657              1155489   292295   41363


     Subspace diagonalization in iterative solution of the eigenvalue problem:
     a serial algorithm will be used

     GIPAW projectors -----------------------------------------------
     atom=  C    l=0  rc=    1.2000  rs=    0.8000
     atom=  C    l=0  rc=    1.2000  rs=    0.8000
     atom=  C    l=1  rc=    1.4000  rs=    0.9333
     atom=  C    l=1  rc=    1.4000  rs=    0.9333
     projs nearly linearly dependent: l=1  n1,n2= 1, 2  s=  0.99951561

     atom=  Cl   l=0  rc=    1.6000  rs=    1.0667
     atom=  Cl   l=0  rc=    1.6000  rs=    1.0667
     atom=  Cl   l=1  rc=    1.6000  rs=    1.0667
     atom=  Cl   l=1  rc=    1.6000  rs=    1.0667
     atom=  Cl   l=2  rc=    1.6000  rs=    1.0667
     atom=  Cl   l=2  rc=    1.6000  rs=    1.0667
     projs nearly linearly dependent: l=2  n1,n2= 1, 2  s=  0.99993509

     atom=  H    l=0  rc=    1.0000  rs=    0.6667
     atom=  H    l=0  rc=    1.0000  rs=    0.6667
     projs nearly linearly dependent: l=0  n1,n2= 1, 2  s=  0.99968852
     -----------------------------------------------------------------

     GIPAW integrals: -------------------------------------------
     Atom  i/j   nmr_para   nmr_dia   epr_rmc  epr_para   epr_dia
       C   1 1   0.83E+03  0.17E-01  0.93E+01  0.24E+08  0.24E+03
       C   2 1   0.86E+03 -0.61E-01  0.94E+01  0.25E+08  0.25E+03
       C   2 2   0.90E+03 -0.15E+00  0.97E+01  0.26E+08  0.26E+03
       C   3 3   0.33E+01  0.34E+00  0.18E+01  0.55E+03  0.21E+02
       C   4 3   0.35E+01  0.37E+00  0.20E+01  0.59E+03  0.22E+02
       C   4 4   0.38E+01  0.39E+00  0.22E+01  0.63E+03  0.24E+02
       Cl  1 1   0.14E+04 -0.47E+00  0.84E+01  0.32E+09  0.42E+03
       Cl  2 1   0.21E+04 -0.37E+00  0.12E+02  0.49E+09  0.65E+03
       Cl  2 2   0.33E+04 -0.16E+00  0.21E+02  0.76E+09  0.10E+04
       Cl  3 3   0.21E+02  0.79E-01  0.89E+01  0.23E+05  0.13E+03
       Cl  4 3   0.24E+02  0.67E-01  0.99E+01  0.27E+05  0.15E+03
       Cl  4 4   0.28E+02  0.44E-01  0.11E+02  0.32E+05  0.18E+03
       Cl  5 5   0.77E+00  0.19E+00  0.18E+01  0.12E+03  0.22E+02
       Cl  6 5   0.80E+00  0.19E+00  0.19E+01  0.12E+03  0.23E+02
       Cl  6 6   0.83E+00  0.20E+00  0.19E+01  0.12E+03  0.23E+02
       H   1 1   0.39E+02  0.19E+00  0.29E+00  0.78E+05  0.13E+02
       H   2 1   0.41E+02  0.21E+00  0.32E+00  0.82E+05  0.14E+02
       H   2 2   0.43E+02  0.22E+00  0.36E+00  0.86E+05  0.15E+02
     ------------------------------------------------------------

     alpha_pv=     33.4244 eV

     Number of occupied bands for each k-point:
     k-point:     1    nbnd_occ=  42
     k-point:     2    nbnd_occ=  42
     k-point:     3    nbnd_occ=  42
     k-point:     4    nbnd_occ=  42
     k-point:     5    nbnd_occ=  42
     k-point:     6    nbnd_occ=  42
     k-point:     7    nbnd_occ=  42
     k-point:     8    nbnd_occ=  42
     k-point:     9    nbnd_occ=  42
     k-point:    10    nbnd_occ=  42
     k-point:    11    nbnd_occ=  42
     k-point:    12    nbnd_occ=  42
     k-point:    13    nbnd_occ=  42
     k-point:    14    nbnd_occ=  42
     k-point:    15    nbnd_occ=  42
     k-point:    16    nbnd_occ=  42


     q-space interpolation up to   110.00 Rydberg

     GIPAW job: efg                                                                             


     ELECTRIC FIELD GRADIENTS TENSORS IN Hartree/bohrradius^2:

     ----- bare term -----
     Cl   1       -0.066573        0.103540       -0.018239
     Cl   1        0.103540       -0.009392       -0.002413
     Cl   1       -0.018239       -0.002413        0.075965

     C    2       -0.142781        0.116871       -0.497654
     C    2        0.116871       -0.187587       -0.498544
     C    2       -0.497654       -0.498544        0.330368

     C    3       -0.240860        0.340470       -0.321829
     C    3        0.340470       -0.216537       -0.451858
     C    3       -0.321829       -0.451858        0.457398

     H    4       -0.148957       -0.162045       -0.494520
     H    4       -0.162045        0.417523       -0.155819
     H    4       -0.494520       -0.155819       -0.268566

     C    5       -0.341095        0.176589       -0.468645
     C    5        0.176589        0.056241       -0.361579
     C    5       -0.468645       -0.361579        0.284854

     H    6        0.094817        0.132198        0.068096
     H    6        0.132198       -0.303091       -0.507908
     H    6        0.068096       -0.507908        0.208273

     H    7        0.399417       -0.066539        0.001323
     H    7       -0.066539       -0.635784        0.450305
     H    7        0.001323        0.450305        0.236367

     C    8       -0.191878        0.196597       -0.396420
     C    8        0.196597        0.007609        0.535685
     C    8       -0.396420        0.535685        0.184268

     H    9       -0.222840        0.444650       -0.258416
     H    9        0.444650       -0.139359       -0.033201
     H    9       -0.258416       -0.033201        0.362199

     C   10       -0.466791       -0.342180       -0.081627
     C   10       -0.342180        0.041046        0.442038
     C   10       -0.081627        0.442038        0.425745

     C   11       -0.077045        0.397006       -0.360182
     C   11        0.397006       -0.058938        0.722989
     C   11       -0.360182        0.722989        0.135983

     Cl  12       -0.231632       -0.160257        0.052295
     Cl  12       -0.160257       -0.001117        0.169923
     Cl  12        0.052295        0.169923        0.232749

     H   13        0.451870       -0.231618        0.055236
     H   13       -0.231618       -0.683570        0.185076
     H   13        0.055236        0.185076        0.231700

     C   14       -0.193987        0.291038       -0.271229
     C   14        0.291038       -0.183267       -0.315385
     C   14       -0.271229       -0.315385        0.377254

     H   15       -0.639856       -0.363417       -0.169938
     H   15       -0.363417        0.335284       -0.100643
     H   15       -0.169938       -0.100643        0.304572

     C   16       -0.283697        0.323678       -0.372476
     C   16        0.323678       -0.031340       -0.441522
     C   16       -0.372476       -0.441522        0.315037

     C   17       -0.042290        0.242946       -0.175364
     C   17        0.242946       -0.292298       -0.495976
     C   17       -0.175364       -0.495976        0.334588

     Cl  18       -0.110074        0.032268        0.020972
     Cl  18        0.032268       -0.087863        0.044142
     Cl  18        0.020972        0.044142        0.197938

     H   19        0.160496        0.150691       -0.086820
     H   19        0.150691       -0.407838        0.503740
     H   19       -0.086820        0.503740        0.247342

     C   20       -0.429051       -0.322001       -0.300306
     C   20       -0.322001        0.005636        0.195902
     C   20       -0.300306        0.195902        0.423416

     H   21       -0.700787        0.124061       -0.151512
     H   21        0.124061        0.401319        0.168090
     H   21       -0.151512        0.168090        0.299468

     C   22        0.081202        0.226298       -0.436011
     C   22        0.226298       -0.301030        0.521533
     C   22       -0.436011        0.521533        0.219828

     C   23       -0.477222       -0.321494       -0.332421
     C   23       -0.321494        0.046647        0.177216
     C   23       -0.332421        0.177216        0.430575

     Cl  24       -0.022058        0.026489       -0.078169
     Cl  24        0.026489       -0.021743        0.055664
     Cl  24       -0.078169        0.055664        0.043801

     ----- ionic term -----
     Cl   1        0.108860       -0.212061        0.014559
     Cl   1       -0.212061        0.051532        0.003318
     Cl   1        0.014559        0.003318       -0.160391

     C    2        0.128746       -0.170573        0.242735
     C    2       -0.170573        0.237143        0.369514
     C    2        0.242735        0.369514       -0.365890

     C    3        0.130125       -0.167433        0.256954
     C    3       -0.167433        0.196477        0.315211
     C    3        0.256954        0.315211       -0.326602

     H    4        0.580697        0.357174        0.670777
     H    4        0.357174       -0.380664        0.251280
     H    4        0.670777        0.251280       -0.200033

     C    5        0.237495       -0.163896        0.352904
     C    5       -0.163896        0.066123        0.254044
     C    5        0.352904        0.254044       -0.303617

     H    6       -0.527453       -0.009222        0.003721
     H    6       -0.009222        0.680932        0.670432
     H    6        0.003721        0.670432       -0.153479

     H    7       -0.512028       -0.105939        0.064504
     H    7       -0.105939        0.625430       -0.730594
     H    7        0.064504       -0.730594       -0.113402

     C    8        0.344198        0.141963        0.202904
     C    8        0.141963        0.026735       -0.319461
     C    8        0.202904       -0.319461       -0.370934

     H    9        0.680291       -0.398875        0.579477
     H    9       -0.398875       -0.368266       -0.246125
     H    9        0.579477       -0.246125       -0.312025

     C   10        0.198241        0.159017        0.149840
     C   10        0.159017        0.149685       -0.397782
     C   10        0.149840       -0.397782       -0.347926

     C   11        0.292280        0.035864        0.254878
     C   11        0.035864        0.068895       -0.412265
     C   11        0.254878       -0.412265       -0.361174

     Cl  12        0.137377        0.174981        0.000138
     Cl  12        0.174981       -0.006986       -0.011543
     Cl  12        0.000138       -0.011543       -0.130391

     H   13       -0.474548        0.011248        0.024990
     H   13        0.011248        0.870999        0.502780
     H   13        0.024990        0.502780       -0.396451

     C   14        0.258051       -0.228492        0.281995
     C   14       -0.228492        0.184421        0.198125
     C   14        0.281995        0.198125       -0.442471

     H   15        0.702490        0.275646        0.613994
     H   15        0.275646       -0.421420        0.199254
     H   15        0.613994        0.199254       -0.281070

     C   16        0.153695       -0.245635        0.250750
     C   16       -0.245635        0.280816        0.275410
     C   16        0.250750        0.275410       -0.434511

     C   17        0.162854       -0.133780        0.388280
     C   17       -0.133780        0.189234        0.302950
     C   17        0.388280        0.302950       -0.352088

     Cl  18        0.122248       -0.203418        0.060624
     Cl  18       -0.203418        0.034109       -0.038244
     Cl  18        0.060624       -0.038244       -0.156357

     H   19       -0.506888       -0.109942        0.072044
     H   19       -0.109942        0.714990       -0.679472
     H   19        0.072044       -0.679472       -0.208102

     C   20        0.363296        0.084055        0.232154
     C   20        0.084055        0.045808       -0.324926
     C   20        0.232154       -0.324926       -0.409104

     H   21        0.555525       -0.398056        0.619305
     H   21       -0.398056       -0.380500       -0.298262
     H   21        0.619305       -0.298262       -0.175025

     C   22        0.149958        0.172583        0.143256
     C   22        0.172583        0.186024       -0.409002
     C   22        0.143256       -0.409002       -0.335982

     C   23        0.293552        0.120408        0.185055
     C   23        0.120408        0.071214       -0.399023
     C   23        0.185055       -0.399023       -0.364767

     Cl  24        0.167329        0.206024       -0.041526
     Cl  24        0.206024       -0.024178       -0.019259
     Cl  24       -0.041526       -0.019259       -0.143152

     ----- GIPAW term -----
     Cl   1        0.753646        0.812589       -1.133952
     Cl   1        0.812589        0.809431       -1.308556
     Cl   1       -1.133952       -1.308556       -1.563077

     C    2       -0.018721       -0.004696       -0.188221
     C    2       -0.004696       -0.058533       -0.189946
     C    2       -0.188221       -0.189946        0.077254

     C    3       -0.105117        0.074074       -0.157467
     C    3        0.074074       -0.084077       -0.137560
     C    3       -0.157467       -0.137560        0.189194

     H    4       -0.000000        0.000000        0.000000
     H    4        0.000000        0.000000        0.000000
     H    4        0.000000        0.000000        0.000000

     C    5        0.056760        0.081904       -0.078227
     C    5        0.081904       -0.030758       -0.061319
     C    5       -0.078227       -0.061319       -0.026002

     H    6       -0.000000        0.000000        0.000000
     H    6        0.000000        0.000000        0.000000
     H    6        0.000000        0.000000        0.000000

     H    7       -0.000000        0.000000        0.000000
     H    7        0.000000        0.000000        0.000000
     H    7        0.000000        0.000000        0.000000

     C    8       -0.023514        0.177768       -0.051323
     C    8        0.177768        0.111194        0.128832
     C    8       -0.051323        0.128832       -0.087679

     H    9       -0.000000        0.000000        0.000000
     H    9        0.000000        0.000000        0.000000
     H    9        0.000000        0.000000        0.000000

     C   10       -0.163522        0.038796        0.031100
     C   10        0.038796        0.163124        0.163047
     C   10        0.031100        0.163047        0.000398

     C   11        0.036342        0.269023        0.033325
     C   11        0.269023        0.035918        0.197626
     C   11        0.033325        0.197626       -0.072260

     Cl  12       -0.253774        1.645525        0.423796
     Cl  12        1.645525        0.081746        1.632484
     Cl  12        0.423796        1.632484        0.172028

     H   13       -0.000000        0.000000        0.000000
     H   13        0.000000        0.000000        0.000000
     H   13        0.000000        0.000000        0.000000

     C   14       -0.020224        0.129669       -0.138987
     C   14        0.129669       -0.044476       -0.162834
     C   14       -0.138987       -0.162834        0.064701

     H   15       -0.000000        0.000000        0.000000
     H   15        0.000000        0.000000        0.000000
     H   15        0.000000        0.000000        0.000000

     C   16       -0.043052        0.151439       -0.153443
     C   16        0.151439        0.054088       -0.127032
     C   16       -0.153443       -0.127032       -0.011036

     C   17        0.109841       -0.043993        0.027883
     C   17       -0.043993       -0.071849       -0.047906
     C   17        0.027883       -0.047906       -0.037992

     Cl  18       -0.373811       -1.569685        0.910419
     Cl  18       -1.569685       -1.426349        0.400615
     Cl  18        0.910419        0.400615        1.800161

     H   19       -0.000000        0.000000        0.000000
     H   19        0.000000        0.000000        0.000000
     H   19        0.000000        0.000000        0.000000

     C   20        0.014577        0.088585       -0.070268
     C   20        0.088585        0.020893       -0.023602
     C   20       -0.070268       -0.023602       -0.035470

     H   21       -0.000000        0.000000        0.000000
     H   21        0.000000        0.000000        0.000000
     H   21        0.000000        0.000000        0.000000

     C   22        0.064461        0.208929       -0.196202
     C   22        0.208929       -0.033753       -0.028226
     C   22       -0.196202       -0.028226       -0.030708

     C   23        0.007176        0.186008       -0.121328
     C   23        0.186008        0.064838       -0.076360
     C   23       -0.121328       -0.076360       -0.072013

     Cl  24        1.521050        1.863574       -2.053993
     Cl  24        1.863574       -1.173543        0.187934
     Cl  24       -2.053993        0.187934       -0.347507

     ----- total EFG -----
     Cl   1        0.795934        0.704068       -1.137631
     Cl   1        0.704068        0.851571       -1.307651
     Cl   1       -1.137631       -1.307651       -1.647504

     C    2       -0.032755       -0.058398       -0.443140
     C    2       -0.058398       -0.008977       -0.318976
     C    2       -0.443140       -0.318976        0.041732

     C    3       -0.215852        0.247110       -0.222341
     C    3        0.247110       -0.104138       -0.274208
     C    3       -0.222341       -0.274208        0.319989

     H    4        0.431740        0.195129        0.176257
     H    4        0.195129        0.036859        0.095462
     H    4        0.176257        0.095462       -0.468599

     C    5       -0.046840        0.094597       -0.193969
     C    5        0.094597        0.091606       -0.168854
     C    5       -0.193969       -0.168854       -0.044765

     H    6       -0.432635        0.122977        0.071816
     H    6        0.122977        0.377841        0.162524
     H    6        0.071816        0.162524        0.054794

     H    7       -0.112611       -0.172478        0.065828
     H    7       -0.172478       -0.010354       -0.280289
     H    7        0.065828       -0.280289        0.122965

     C    8        0.128806        0.516328       -0.244838
     C    8        0.516328        0.145539        0.345056
     C    8       -0.244838        0.345056       -0.274345

     H    9        0.457451        0.045775        0.321061
     H    9        0.045775       -0.507625       -0.279326
     H    9        0.321061       -0.279326        0.050174

     C   10       -0.432073       -0.144367        0.099313
     C   10       -0.144367        0.353856        0.207303
     C   10        0.099313        0.207303        0.078217

     C   11        0.251577        0.701892       -0.071980
     C   11        0.701892        0.045875        0.508350
     C   11       -0.071980        0.508350       -0.297452

     Cl  12       -0.348029        1.660249        0.476229
     Cl  12        1.660249        0.073643        1.790864
     Cl  12        0.476229        1.790864        0.274385

     H   13       -0.022678       -0.220370        0.080226
     H   13       -0.220370        0.187429        0.687857
     H   13        0.080226        0.687857       -0.164751

     C   14        0.043840        0.192215       -0.128221
     C   14        0.192215       -0.043323       -0.280094
     C   14       -0.128221       -0.280094       -0.000517

     H   15        0.062634       -0.087771        0.444056
     H   15       -0.087771       -0.086136        0.098611
     H   15        0.444056        0.098611        0.023502

     C   16       -0.173055        0.229482       -0.275170
     C   16        0.229482        0.303564       -0.293145
     C   16       -0.275170       -0.293145       -0.130509

     C   17        0.230405        0.065174        0.240800
     C   17        0.065174       -0.174913       -0.240932
     C   17        0.240800       -0.240932       -0.055492

     Cl  18       -0.361637       -1.740834        0.992015
     Cl  18       -1.740834       -1.480104        0.406514
     Cl  18        0.992015        0.406514        1.841741

     H   19       -0.346392        0.040749       -0.014776
     H   19        0.040749        0.307152       -0.175732
     H   19       -0.014776       -0.175732        0.039240

     C   20       -0.051179       -0.149361       -0.138419
     C   20       -0.149361        0.072337       -0.152626
     C   20       -0.138419       -0.152626       -0.021158

     H   21       -0.145262       -0.273995        0.467792
     H   21       -0.273995        0.020819       -0.130172
     H   21        0.467792       -0.130172        0.124443

     C   22        0.295621        0.607811       -0.488956
     C   22        0.607811       -0.148760        0.084304
     C   22       -0.488956        0.084304       -0.146861

     C   23       -0.176494       -0.015077       -0.268694
     C   23       -0.015077        0.182699       -0.298167
     C   23       -0.268694       -0.298167       -0.006205

     Cl  24        1.666321        2.096087       -2.173687
     Cl  24        2.096087       -1.219464        0.224339
     Cl  24       -2.173687        0.224339       -0.446857

     ----- total EFG (symmetrized) -----
     Cl   1        0.795934        0.704068       -1.137631
     Cl   1        0.704068        0.851571       -1.307651
     Cl   1       -1.137631       -1.307651       -1.647504

     C    2       -0.032755       -0.058398       -0.443140
     C    2       -0.058398       -0.008977       -0.318976
     C    2       -0.443140       -0.318976        0.041732

     C    3       -0.215852        0.247110       -0.222341
     C    3        0.247110       -0.104138       -0.274208
     C    3       -0.222341       -0.274208        0.319989

     H    4        0.431740        0.195129        0.176257
     H    4        0.195129        0.036859        0.095462
     H    4        0.176257        0.095462       -0.468599

     C    5       -0.046840        0.094597       -0.193969
     C    5        0.094597        0.091606       -0.168854
     C    5       -0.193969       -0.168854       -0.044765

     H    6       -0.432635        0.122977        0.071816
     H    6        0.122977        0.377841        0.162524
     H    6        0.071816        0.162524        0.054794

     H    7       -0.112611       -0.172478        0.065828
     H    7       -0.172478       -0.010354       -0.280289
     H    7        0.065828       -0.280289        0.122965

     C    8        0.128806        0.516328       -0.244838
     C    8        0.516328        0.145539        0.345056
     C    8       -0.244838        0.345056       -0.274345

     H    9        0.457451        0.045775        0.321061
     H    9        0.045775       -0.507625       -0.279326
     H    9        0.321061       -0.279326        0.050174

     C   10       -0.432073       -0.144367        0.099313
     C   10       -0.144367        0.353856        0.207303
     C   10        0.099313        0.207303        0.078217

     C   11        0.251577        0.701892       -0.071980
     C   11        0.701892        0.045875        0.508350
     C   11       -0.071980        0.508350       -0.297452

     Cl  12       -0.348029        1.660249        0.476229
     Cl  12        1.660249        0.073643        1.790864
     Cl  12        0.476229        1.790864        0.274385

     H   13       -0.022678       -0.220370        0.080226
     H   13       -0.220370        0.187429        0.687857
     H   13        0.080226        0.687857       -0.164751

     C   14        0.043840        0.192215       -0.128221
     C   14        0.192215       -0.043323       -0.280094
     C   14       -0.128221       -0.280094       -0.000517

     H   15        0.062634       -0.087771        0.444056
     H   15       -0.087771       -0.086136        0.098611
     H   15        0.444056        0.098611        0.023502

     C   16       -0.173055        0.229482       -0.275170
     C   16        0.229482        0.303564       -0.293145
     C   16       -0.275170       -0.293145       -0.130509

     C   17        0.230405        0.065174        0.240800
     C   17        0.065174       -0.174913       -0.240932
     C   17        0.240800       -0.240932       -0.055492

     Cl  18       -0.361637       -1.740834        0.992015
     Cl  18       -1.740834       -1.480104        0.406514
     Cl  18        0.992015        0.406514        1.841741

     H   19       -0.346392        0.040749       -0.014776
     H   19        0.040749        0.307152       -0.175732
     H   19       -0.014776       -0.175732        0.039240

     C   20       -0.051179       -0.149361       -0.138419
     C   20       -0.149361        0.072337       -0.152626
     C   20       -0.138419       -0.152626       -0.021158

     H   21       -0.145262       -0.273995        0.467792
     H   21       -0.273995        0.020819       -0.130172
     H   21        0.467792       -0.130172        0.124443

     C   22        0.295621        0.607811       -0.488956
     C   22        0.607811       -0.148760        0.084304
     C   22       -0.488956        0.084304       -0.146861

     C   23       -0.176494       -0.015077       -0.268694
     C   23       -0.015077        0.182699       -0.298167
     C   23       -0.268694       -0.298167       -0.006205

     Cl  24        1.666321        2.096087       -2.173687
     Cl  24        2.096087       -1.219464        0.224339
     Cl  24       -2.173687        0.224339       -0.446857


     NQR/NMR SPECTROSCOPIC PARAMETERS:
     Cl   1    Vxx=    0.1210    axis=(  0.739298 -0.673017  0.022065)
     Cl   1    Vyy=    2.2901    axis=(  0.622727  0.670853 -0.402701)
     Cl   1    Vzz=   -2.4111    axis=(  0.256222  0.311457  0.915065)
     Cl   1  Q=        -8.1650 1e-30 m^2  Cq=        46.2562 MHz  eta= 0.89960

     C    2    Vxx=    0.0383    axis=(  0.584220 -0.811487  0.013281)
     C    2    Vyy=    0.5303    axis=( -0.546917 -0.381550  0.745185)
     C    2    Vzz=   -0.5686    axis=( -0.599641 -0.442615 -0.666725)
     C    2  Q=         1.0000 1e-30 m^2  Cq=        -1.3359 MHz  eta= 0.86532

     C    3    Vxx=   -0.1641    axis=(  0.499809  0.634855  0.589195)
     C    3    Vyy=   -0.4134    axis=( -0.783392  0.621507 -0.005125)
     C    3    Vzz=    0.5774    axis=( -0.369442 -0.459009  0.807975)
     C    3  Q=         1.0000 1e-30 m^2  Cq=         1.3567 MHz  eta= 0.43169

     H    4    Vxx=   -0.0424    axis=(  0.393804 -0.918197 -0.042799)
     H    4    Vyy=   -0.5085    axis=(  0.160064  0.114351 -0.980461)
     H    4    Vzz=    0.5509    axis=(  0.905151  0.379259  0.192002)
     H    4  Q=         1.0000 1e-30 m^2  Cq=         1.2944 MHz  eta= 0.84614

     C    5    Vxx=   -0.0602    axis=(  0.609236 -0.728428 -0.313407)
     C    5    Vyy=   -0.2504    axis=(  0.625965  0.199129  0.754000)
     C    5    Vzz=    0.3106    axis=(  0.486826  0.655545 -0.577287)
     C    5  Q=         1.0000 1e-30 m^2  Cq=         0.7297 MHz  eta= 0.61255

     H    6    Vxx=   -0.0120    axis=(  0.041051 -0.395446  0.917571)
     H    6    Vyy=   -0.4556    axis=( -0.987061  0.126414  0.098640)
     H    6    Vzz=    0.4676    axis=( -0.155001 -0.909748 -0.385140)
     H    6  Q=         1.0000 1e-30 m^2  Cq=         1.0987 MHz  eta= 0.94852

     H    7    Vxx=   -0.1009    axis=( -0.778991  0.269240  0.566288)
     H    7    Vyy=   -0.2945    axis=( -0.547588 -0.732096 -0.405194)
     H    7    Vzz=    0.3953    axis=(  0.305483 -0.625736  0.717729)
     H    7  Q=         1.0000 1e-30 m^2  Cq=         0.9289 MHz  eta= 0.48981

     C    8    Vxx=    0.0876    axis=( -0.540638  0.395296  0.742598)
     C    8    Vyy=    0.6607    axis=( -0.670145 -0.735981 -0.096116)
     C    8    Vzz=   -0.7483    axis=(  0.508543 -0.549612  0.662805)
     C    8  Q=         1.0000 1e-30 m^2  Cq=        -1.7583 MHz  eta= 0.76592

     H    9    Vxx=    0.0080    axis=( -0.488733 -0.448722  0.748190)
     H    9    Vyy=    0.6425    axis=(  0.857478 -0.088954  0.506773)
     H    9    Vzz=   -0.6504    axis=( -0.160846  0.889233  0.428244)
     H    9  Q=         1.0000 1e-30 m^2  Cq=        -1.5282 MHz  eta= 0.97548

     C   10    Vxx=    0.0192    axis=(  0.316615 -0.397026  0.861467)
     C   10    Vyy=    0.4725    axis=(  0.093324 -0.890745 -0.444818)
     C   10    Vzz=   -0.4917    axis=(  0.943952  0.221231 -0.244971)
     C   10  Q=         1.0000 1e-30 m^2  Cq=        -1.1553 MHz  eta= 0.92199

     C   11    Vxx=   -0.0318    axis=(  0.579790 -0.311323 -0.752941)
     C   11    Vyy=   -0.8965    axis=( -0.440430  0.657712 -0.611094)
     C   11    Vzz=    0.9283    axis=( -0.685467 -0.685925 -0.244219)
     C   11  Q=         1.0000 1e-30 m^2  Cq=         2.1811 MHz  eta= 0.93141

     Cl  12    Vxx=   -0.5268    axis=(  0.706684  0.123729 -0.696627)
     Cl  12    Vyy=   -2.2030    axis=(  0.542448 -0.726885  0.421176)
     Cl  12    Vzz=    2.7298    axis=( -0.454255 -0.675522 -0.580794)
     Cl  12  Q=        -8.1650 1e-30 m^2  Cq=       -52.3701 MHz  eta= 0.61404

     H   13    Vxx=    0.0109    axis=(  0.949521 -0.031031  0.312164)
     H   13    Vyy=    0.7425    axis=( -0.166837  0.792744  0.586278)
     H   13    Vzz=   -0.7534    axis=( -0.265659 -0.608764  0.747550)
     H   13  Q=         1.0000 1e-30 m^2  Cq=        -1.7702 MHz  eta= 0.97107

     C   14    Vxx=   -0.0881    axis=(  0.821449 -0.210270  0.530102)
     C   14    Vyy=   -0.3136    axis=(  0.195546 -0.769335 -0.608183)
     C   14    Vzz=    0.4017    axis=( -0.535708 -0.603250  0.590852)
     C   14  Q=         1.0000 1e-30 m^2  Cq=         0.9439 MHz  eta= 0.56134

     H   15    Vxx=   -0.0383    axis=( -0.242203  0.939869  0.240799)
     H   15    Vyy=   -0.4493    axis=(  0.648568  0.341427 -0.680285)
     H   15    Vzz=    0.4876    axis=( -0.721594 -0.008593 -0.692264)
     H   15  Q=         1.0000 1e-30 m^2  Cq=         1.1457 MHz  eta= 0.84310

     C   16    Vxx=   -0.1664    axis=(  0.586436 -0.615066 -0.527054)
     C   16    Vyy=   -0.4297    axis=(  0.702967  0.063206  0.708408)
     C   16    Vzz=    0.5962    axis=(  0.402405  0.785938 -0.469438)
     C   16  Q=         1.0000 1e-30 m^2  Cq=         1.4007 MHz  eta= 0.44164

     C   17    Vxx=    0.0517    axis=(  0.465720  0.704004 -0.536174)
     C   17    Vyy=    0.3762    axis=( -0.830246  0.137915 -0.540066)
     C   17    Vzz=   -0.4279    axis=( -0.306262  0.696676  0.648726)
     C   17  Q=         1.0000 1e-30 m^2  Cq=        -1.0054 MHz  eta= 0.75838

     Cl  18    Vxx=    0.6823    axis=(  0.688355 -0.623767 -0.370247)
     Cl  18    Vyy=    2.2449    axis=( -0.406646  0.090835 -0.909059)
     Cl  18    Vzz=   -2.9272    axis=(  0.600672  0.776314 -0.191126)
     Cl  18  Q=        -8.1650 1e-30 m^2  Cq=        56.1560 MHz  eta= 0.53383

     H   19    Vxx=   -0.0477    axis=(  0.015975  0.442266  0.896742)
     H   19    Vyy=   -0.3490    axis=( -0.998196  0.058968 -0.011300)
     H   19    Vzz=    0.3967    axis=( -0.057877 -0.894944  0.442410)
     H   19  Q=         1.0000 1e-30 m^2  Cq=         0.9320 MHz  eta= 0.75953

     C   20    Vxx=    0.1016    axis=(  0.720699 -0.101902 -0.685718)
     C   20    Vyy=    0.1965    axis=(  0.281912 -0.860579  0.424181)
     C   20    Vzz=   -0.2981    axis=( -0.633340 -0.499019 -0.591490)
     C   20  Q=         1.0000 1e-30 m^2  Cq=        -0.7005 MHz  eta= 0.31816

     H   21    Vxx=   -0.0663    axis=( -0.031705 -0.860105 -0.509130)
     H   21    Vyy=   -0.5378    axis=( -0.809721 -0.276526  0.517576)
     H   21    Vzz=    0.6042    axis=( -0.585957  0.428663 -0.687678)
     H   21  Q=         1.0000 1e-30 m^2  Cq=         1.4196 MHz  eta= 0.78041

     C   22    Vxx=   -0.0651    axis=( -0.019999  0.633863  0.773187)
     C   22    Vyy=   -0.7908    axis=(  0.583121 -0.620792  0.524011)
     C   22    Vzz=    0.8559    axis=( -0.812139 -0.461341  0.357203)
     C   22  Q=         1.0000 1e-30 m^2  Cq=         2.0111 MHz  eta= 0.84788

     C   23    Vxx=   -0.0015    axis=(  0.680953 -0.607153 -0.409473)
     C   23    Vyy=   -0.4393    axis=(  0.684382  0.328612  0.650872)
     C   23    Vzz=    0.4408    axis=( -0.260621 -0.723450  0.639294)
     C   23  Q=         1.0000 1e-30 m^2  Cq=         1.0356 MHz  eta= 0.99329

     Cl  24    Vxx=   -0.5885    axis=(  0.116107  0.652062  0.749222)
     Cl  24    Vyy=   -3.0436    axis=(  0.534732 -0.676711  0.506087)
     Cl  24    Vzz=    3.6320    axis=( -0.837007 -0.341873  0.427249)
     Cl  24  Q=        -8.1650 1e-30 m^2  Cq=       -69.6784 MHz  eta= 0.67596

     Initialization:
     gipaw_setup  :      9.11s CPU     10.71s WALL (       1 calls)

     Linear response

     Apply operators

     Induced current

     Other routines
     efg          :      9.60s CPU     12.18s WALL (       1 calls)

     General routines
     calbec       :      3.32s CPU      4.68s WALL (      16 calls)
     fft          :      1.31s CPU      1.53s WALL (      15 calls)
     ffts         :      0.04s CPU      0.05s WALL (       2 calls)
     fftw         :      3.38s CPU      3.93s WALL (     672 calls)
     davcio       :      0.06s CPU      0.33s WALL (      32 calls)

     Parallel routines
     fft_scatter  :      1.87s CPU      2.52s WALL (     689 calls)

     Plugins

     GIPAW        :     61.93s CPU     73.36s WALL (       1 calls)
