
     Program QE v.6.0 (svn rev. 13079) starts on 26Dec2016 at 22:51: 5 

     This program is part of the open-source Quantum ESPRESSO suite
     for quantum simulation of materials; please cite
         "P. Giannozzi et al., J. Phys.:Condens. Matter 21 395502 (2009);
          URL http://www.quantum-espresso.org", 
     in publications or presentations arising from this work. More details at
     http://www.quantum-espresso.org/quote

     Parallel version (MPI), running on     8 processors
     R & G space division:  proc/nbgrp/npool/nimage =       8

     ***** This is GIPAW svn revision unknown      *****

     Parallelizing q-star over 1 images

     Reading data from directory:
     /users/majewski/paradichlorobenzene/pbe/9_constraint/scratch/pbe.ecut100.np8.dt60.pcl2phi-129368.save
     Message from routine read_xml_file:
     file /users/majewski/paradichlorobenzene/pbe/9_constraint/scratch/pbe.ecut100.np8.dt60.pcl2phi-129368.save not guaranteed to be safe for post-processing

   Info: using nr1, nr2, nr3 values from input

   Info: using nr1, nr2, nr3 values from input

     IMPORTANT: XC functional enforced from input :
     Exchange-correlation      =  SLA  PW   PBX  PBC ( 1  4  3  4 0 0)
     Any further DFT definition will be discarded
     Please, verify this is what you really want

               file C.pbe-n-kjpaw_psl.1.0.0.UPF: wavefunction(s)  2S 2P renormalized
               file Cl.pbe-n-kjpaw_psl.1.0.0.UPF: wavefunction(s)  3S 3P renormalized
               file H.pbe-kjpaw_psl.1.0.0.UPF: wavefunction(s)  1S renormalized

     Parallelization info
     --------------------
     sticks:   dense  smooth     PW     G-vecs:    dense   smooth      PW
     Min        3057    1223    332               144436    36536    5170
     Max        3059    1225    333               144437    36537    5171
     Sum       24467    9791   2657              1155489   292295   41363


     Subspace diagonalization in iterative solution of the eigenvalue problem:
     a serial algorithm will be used

     GIPAW projectors -----------------------------------------------
     atom=  C    l=0  rc=    1.2000  rs=    0.8000
     atom=  C    l=0  rc=    1.2000  rs=    0.8000
     atom=  C    l=1  rc=    1.4000  rs=    0.9333
     atom=  C    l=1  rc=    1.4000  rs=    0.9333
     projs nearly linearly dependent: l=1  n1,n2= 1, 2  s=  0.99951561

     atom=  Cl   l=0  rc=    1.6000  rs=    1.0667
     atom=  Cl   l=0  rc=    1.6000  rs=    1.0667
     atom=  Cl   l=1  rc=    1.6000  rs=    1.0667
     atom=  Cl   l=1  rc=    1.6000  rs=    1.0667
     atom=  Cl   l=2  rc=    1.6000  rs=    1.0667
     atom=  Cl   l=2  rc=    1.6000  rs=    1.0667
     projs nearly linearly dependent: l=2  n1,n2= 1, 2  s=  0.99993509

     atom=  H    l=0  rc=    1.0000  rs=    0.6667
     atom=  H    l=0  rc=    1.0000  rs=    0.6667
     projs nearly linearly dependent: l=0  n1,n2= 1, 2  s=  0.99968852
     -----------------------------------------------------------------

     GIPAW integrals: -------------------------------------------
     Atom  i/j   nmr_para   nmr_dia   epr_rmc  epr_para   epr_dia
       C   1 1   0.83E+03  0.17E-01  0.93E+01  0.24E+08  0.24E+03
       C   2 1   0.86E+03 -0.61E-01  0.94E+01  0.25E+08  0.25E+03
       C   2 2   0.90E+03 -0.15E+00  0.97E+01  0.26E+08  0.26E+03
       C   3 3   0.33E+01  0.34E+00  0.18E+01  0.55E+03  0.21E+02
       C   4 3   0.35E+01  0.37E+00  0.20E+01  0.59E+03  0.22E+02
       C   4 4   0.38E+01  0.39E+00  0.22E+01  0.63E+03  0.24E+02
       Cl  1 1   0.14E+04 -0.47E+00  0.84E+01  0.32E+09  0.42E+03
       Cl  2 1   0.21E+04 -0.37E+00  0.12E+02  0.49E+09  0.65E+03
       Cl  2 2   0.33E+04 -0.16E+00  0.21E+02  0.76E+09  0.10E+04
       Cl  3 3   0.21E+02  0.79E-01  0.89E+01  0.23E+05  0.13E+03
       Cl  4 3   0.24E+02  0.67E-01  0.99E+01  0.27E+05  0.15E+03
       Cl  4 4   0.28E+02  0.44E-01  0.11E+02  0.32E+05  0.18E+03
       Cl  5 5   0.77E+00  0.19E+00  0.18E+01  0.12E+03  0.22E+02
       Cl  6 5   0.80E+00  0.19E+00  0.19E+01  0.12E+03  0.23E+02
       Cl  6 6   0.83E+00  0.20E+00  0.19E+01  0.12E+03  0.23E+02
       H   1 1   0.39E+02  0.19E+00  0.29E+00  0.78E+05  0.13E+02
       H   2 1   0.41E+02  0.21E+00  0.32E+00  0.82E+05  0.14E+02
       H   2 2   0.43E+02  0.22E+00  0.36E+00  0.86E+05  0.15E+02
     ------------------------------------------------------------

     alpha_pv=     34.7817 eV

     Number of occupied bands for each k-point:
     k-point:     1    nbnd_occ=  42
     k-point:     2    nbnd_occ=  42
     k-point:     3    nbnd_occ=  42
     k-point:     4    nbnd_occ=  42
     k-point:     5    nbnd_occ=  42
     k-point:     6    nbnd_occ=  42
     k-point:     7    nbnd_occ=  42
     k-point:     8    nbnd_occ=  42
     k-point:     9    nbnd_occ=  42
     k-point:    10    nbnd_occ=  42
     k-point:    11    nbnd_occ=  42
     k-point:    12    nbnd_occ=  42
     k-point:    13    nbnd_occ=  42
     k-point:    14    nbnd_occ=  42
     k-point:    15    nbnd_occ=  42
     k-point:    16    nbnd_occ=  42


     q-space interpolation up to   110.00 Rydberg

     GIPAW job: efg                                                                             


     ELECTRIC FIELD GRADIENTS TENSORS IN Hartree/bohrradius^2:

     ----- bare term -----
     Cl   1        0.032641        0.029997        0.042127
     Cl   1        0.029997        0.019490        0.126828
     Cl   1        0.042127        0.126828       -0.052131

     C    2       -0.177187        0.210915       -0.513468
     C    2        0.210915        0.103536       -0.294768
     C    2       -0.513468       -0.294768        0.073651

     C    3        0.135783        0.583878       -0.029850
     C    3        0.583878       -0.295906       -0.560597
     C    3       -0.029850       -0.560597        0.160123

     H    4       -0.241793       -0.219614       -0.446162
     H    4       -0.219614        0.393113       -0.043035
     H    4       -0.446162       -0.043035       -0.151320

     C    5       -0.688504        0.398030       -0.455313
     C    5        0.398030        0.402786       -0.080933
     C    5       -0.455313       -0.080933        0.285718

     H    6        0.335282       -0.090919        0.080041
     H    6       -0.090919       -0.380595       -0.550202
     H    6        0.080041       -0.550202        0.045313

     H    7        0.346658       -0.192258        0.105866
     H    7       -0.192258       -0.500445        0.548240
     H    7        0.105866        0.548240        0.153787

     C    8       -0.140723        0.211494       -0.405009
     C    8        0.211494       -0.005873        0.447316
     C    8       -0.405009        0.447316        0.146596

     H    9       -0.104839        0.270854       -0.382219
     H    9        0.270854       -0.235699        0.294475
     H    9       -0.382219        0.294475        0.340538

     C   10       -0.608089       -0.308936       -0.171894
     C   10       -0.308936        0.226096        0.221115
     C   10       -0.171894        0.221115        0.381994

     C   11        0.006866        0.404783       -0.439247
     C   11        0.404783       -0.054262        0.689879
     C   11       -0.439247        0.689879        0.047396

     Cl  12       -0.327149       -0.269086        0.023185
     Cl  12       -0.269086        0.180449        0.118453
     Cl  12        0.023185        0.118453        0.146700

     H   13        0.270808       -0.408964        0.098170
     H   13       -0.408964       -0.609005        0.069744
     H   13        0.098170        0.069744        0.338197

     C   14       -0.029827        0.196290       -0.075560
     C   14        0.196290       -0.161764       -0.297932
     C   14       -0.075560       -0.297932        0.191591

     H   15       -0.199057       -0.531574       -0.179571
     H   15       -0.531574       -0.195051       -0.053757
     H   15       -0.179571       -0.053757        0.394108

     C   16       -0.539918        0.350131       -0.298502
     C   16        0.350131        0.248277       -0.149655
     C   16       -0.298502       -0.149655        0.291642

     C   17        0.063245        0.388298       -0.013476
     C   17        0.388298       -0.208424       -0.476707
     C   17       -0.013476       -0.476707        0.145180

     Cl  18       -0.161008        0.123091        0.008229
     Cl  18        0.123091        0.016211        0.129209
     Cl  18        0.008229        0.129209        0.144797

     H   19       -0.231501        0.229903       -0.079694
     H   19        0.229903       -0.218033        0.392947
     H   19       -0.079694        0.392947        0.449534

     C   20       -0.341780       -0.356969       -0.259308
     C   20       -0.356969       -0.053227        0.117357
     C   20       -0.259308        0.117357        0.395007

     H   21       -0.646592       -0.078890        0.047128
     H   21       -0.078890        0.334338        0.262630
     H   21        0.047128        0.262630        0.312254

     C   22        0.062081        0.231339       -0.314629
     C   22        0.231339       -0.313845        0.531828
     C   22       -0.314629        0.531828        0.251765

     C   23       -0.602927       -0.370621       -0.361718
     C   23       -0.370621        0.109568        0.076753
     C   23       -0.361718        0.076753        0.493360

     Cl  24       -0.059336        0.050734       -0.001679
     Cl  24        0.050734       -0.049120       -0.048071
     Cl  24       -0.001679       -0.048071        0.108456

     ----- ionic term -----
     Cl   1        0.157171       -0.204623        0.071229
     Cl   1       -0.204623       -0.013910       -0.028604
     Cl   1        0.071229       -0.028604       -0.143261

     C    2        0.179561       -0.098901        0.355097
     C    2       -0.098901        0.197388        0.373207
     C    2        0.355097        0.373207       -0.376950

     C    3        0.106332       -0.230960        0.262714
     C    3       -0.230960        0.287249        0.371912
     C    3        0.262714        0.371912       -0.393581

     H    4        0.463430        0.357172        0.715665
     H    4        0.357172       -0.330337        0.315907
     H    4        0.715665        0.315907       -0.133093

     C    5        0.301946       -0.202294        0.359159
     C    5       -0.202294        0.048101        0.278493
     C    5        0.359159        0.278493       -0.350047

     H    6       -0.500701        0.079681        0.084048
     H    6        0.079681        0.560153        0.730342
     H    6        0.084048        0.730342       -0.059451

     H    7       -0.503202       -0.016992        0.024516
     H    7       -0.016992        0.594390       -0.744447
     H    7        0.024516       -0.744447       -0.091188

     C    8        0.365055        0.209459        0.191803
     C    8        0.209459        0.023072       -0.318674
     C    8        0.191803       -0.318674       -0.388127

     H    9        0.613733       -0.317736        0.692306
     H    9       -0.317736       -0.434813       -0.249115
     H    9        0.692306       -0.249115       -0.178920

     C   10        0.231318        0.246532        0.154137
     C   10        0.246532        0.123409       -0.361507
     C   10        0.154137       -0.361507       -0.354727

     C   11        0.298158        0.156021        0.185540
     C   11        0.156021        0.056578       -0.344032
     C   11        0.185540       -0.344032       -0.354735

     Cl  12        0.158298        0.185554       -0.009859
     Cl  12        0.185554       -0.016124       -0.013858
     Cl  12       -0.009859       -0.013858       -0.142174

     H   13       -0.504673        0.191218        0.078479
     H   13        0.191218        0.835864        0.560463
     H   13        0.078479        0.560463       -0.331190

     C   14        0.286361       -0.140285        0.338777
     C   14       -0.140285        0.143486        0.252931
     C   14        0.338777        0.252931       -0.429847

     H   15        0.635104        0.418141        0.584358
     H   15        0.418141       -0.332274        0.268821
     H   15        0.584358        0.268821       -0.302830

     C   16        0.163207       -0.222606        0.232916
     C   16       -0.222606        0.286584        0.311184
     C   16        0.232916        0.311184       -0.449791

     C   17        0.171525       -0.194343        0.318133
     C   17       -0.194343        0.235344        0.337942
     C   17        0.318133        0.337942       -0.406869

     Cl  18        0.112889       -0.219047        0.017465
     Cl  18       -0.219047        0.066301       -0.013109
     Cl  18        0.017465       -0.013109       -0.179189

     H   19       -0.477198       -0.277084        0.135139
     H   19       -0.277084        0.719378       -0.627955
     H   19        0.135139       -0.627955       -0.242181

     C   20        0.271160        0.116699        0.181004
     C   20        0.116699        0.106499       -0.305228
     C   20        0.181004       -0.305228       -0.377659

     H   21        0.698140       -0.363377        0.553205
     H   21       -0.363377       -0.388758       -0.240281
     H   21        0.553205       -0.240281       -0.309382

     C   22        0.097036        0.175504        0.121045
     C   22        0.175504        0.270712       -0.468374
     C   22        0.121045       -0.468374       -0.367748

     C   23        0.215275        0.153614        0.191609
     C   23        0.153614        0.174506       -0.463630
     C   23        0.191609       -0.463630       -0.389782

     Cl  24        0.152735        0.241303       -0.038829
     Cl  24        0.241303        0.010318       -0.028655
     Cl  24       -0.038829       -0.028655       -0.163052

     ----- GIPAW term -----
     Cl   1       -0.386859       -0.515108       -0.941410
     Cl   1       -0.515108       -0.332106       -1.533364
     Cl   1       -0.941410       -1.533364        0.718965

     C    2        0.041872        0.114297       -0.137485
     C    2        0.114297        0.075230       -0.108339
     C    2       -0.137485       -0.108339       -0.117103

     C    3        0.051079        0.248922       -0.011345
     C    3        0.248922        0.061518       -0.088191
     C    3       -0.011345       -0.088191       -0.112597

     H    4       -0.000000        0.000000        0.000000
     H    4        0.000000        0.000000        0.000000
     H    4        0.000000        0.000000        0.000000

     C    5       -0.074098        0.222213        0.012538
     C    5        0.222213        0.155671        0.098704
     C    5        0.012538        0.098704       -0.081573

     H    6       -0.000000        0.000000        0.000000
     H    6        0.000000        0.000000        0.000000
     H    6        0.000000        0.000000        0.000000

     H    7       -0.000000        0.000000        0.000000
     H    7        0.000000        0.000000        0.000000
     H    7        0.000000        0.000000        0.000000

     C    8       -0.061543        0.178323       -0.094748
     C    8        0.178323        0.159163       -0.001506
     C    8       -0.094748       -0.001506       -0.097620

     H    9       -0.000000        0.000000        0.000000
     H    9        0.000000        0.000000        0.000000
     H    9        0.000000        0.000000        0.000000

     C   10       -0.163305        0.118657       -0.016162
     C   10        0.118657        0.258006        0.011303
     C   10       -0.016162        0.011303       -0.094701

     C   11        0.064256        0.301286       -0.051664
     C   11        0.301286        0.100107        0.110557
     C   11       -0.051664        0.110557       -0.164362

     Cl  12       -0.932760        1.272298        0.116385
     Cl  12        1.272298        2.285559        1.269967
     Cl  12        0.116385        1.269967       -1.352798

     H   13       -0.000000        0.000000        0.000000
     H   13        0.000000        0.000000        0.000000
     H   13        0.000000        0.000000        0.000000

     C   14       -0.011083        0.115571       -0.032402
     C   14        0.115571        0.070649       -0.115241
     C   14       -0.032402       -0.115241       -0.059566

     H   15       -0.000000        0.000000        0.000000
     H   15        0.000000        0.000000        0.000000
     H   15        0.000000        0.000000        0.000000

     C   16       -0.126846        0.165145       -0.067923
     C   16        0.165145        0.214137       -0.023899
     C   16       -0.067923       -0.023899       -0.087291

     C   17        0.038497        0.140684        0.083924
     C   17        0.140684        0.107821        0.067153
     C   17        0.083924        0.067153       -0.146317

     Cl  18        0.251840       -1.579715        0.099509
     Cl  18       -1.579715        0.281225        1.156382
     Cl  18        0.099509        1.156382       -0.533065

     H   19       -0.000000        0.000000        0.000000
     H   19        0.000000        0.000000        0.000000
     H   19        0.000000        0.000000        0.000000

     C   20        0.110320        0.153413       -0.075463
     C   20        0.153413       -0.009053       -0.059838
     C   20       -0.075463       -0.059838       -0.101267

     H   21       -0.000000        0.000000        0.000000
     H   21        0.000000        0.000000        0.000000
     H   21        0.000000        0.000000        0.000000

     C   22       -0.022435        0.164306       -0.122938
     C   22        0.164306        0.024333       -0.078434
     C   22       -0.122938       -0.078434       -0.001899

     C   23       -0.049109        0.154257       -0.145358
     C   23        0.154257        0.065355       -0.134708
     C   23       -0.145358       -0.134708       -0.016246

     Cl  24       -0.014622        2.315639       -0.950469
     Cl  24        2.315639       -0.687112       -1.374536
     Cl  24       -0.950469       -1.374536        0.701734

     ----- total EFG -----
     Cl   1       -0.197047       -0.689735       -0.828054
     Cl   1       -0.689735       -0.326526       -1.435140
     Cl   1       -0.828054       -1.435140        0.523573

     C    2        0.044247        0.226311       -0.295857
     C    2        0.226311        0.376155       -0.029900
     C    2       -0.295857       -0.029900       -0.420402

     C    3        0.293193        0.601841        0.221519
     C    3        0.601841        0.052861       -0.276875
     C    3        0.221519       -0.276875       -0.346054

     H    4        0.221637        0.137558        0.269503
     H    4        0.137558        0.062776        0.272871
     H    4        0.269503        0.272871       -0.284413

     C    5       -0.460656        0.417948       -0.083616
     C    5        0.417948        0.606558        0.296264
     C    5       -0.083616        0.296264       -0.145902

     H    6       -0.165420       -0.011238        0.164089
     H    6       -0.011238        0.179558        0.180141
     H    6        0.164089        0.180141       -0.014138

     H    7       -0.156545       -0.209249        0.130382
     H    7       -0.209249        0.093945       -0.196206
     H    7        0.130382       -0.196206        0.062599

     C    8        0.162788        0.599276       -0.307955
     C    8        0.599276        0.176363        0.127137
     C    8       -0.307955        0.127137       -0.339151

     H    9        0.508894       -0.046882        0.310087
     H    9       -0.046882       -0.670512        0.045360
     H    9        0.310087        0.045360        0.161618

     C   10       -0.540076        0.056252       -0.033919
     C   10        0.056252        0.607510       -0.129089
     C   10       -0.033919       -0.129089       -0.067434

     C   11        0.369279        0.862091       -0.305371
     C   11        0.862091        0.102422        0.456403
     C   11       -0.305371        0.456403       -0.471701

     Cl  12       -1.101611        1.188766        0.129712
     Cl  12        1.188766        2.449883        1.374561
     Cl  12        0.129712        1.374561       -1.348273

     H   13       -0.233865       -0.217745        0.176649
     H   13       -0.217745        0.226858        0.630207
     H   13        0.176649        0.630207        0.007007

     C   14        0.245451        0.171576        0.230816
     C   14        0.171576        0.052372       -0.160242
     C   14        0.230816       -0.160242       -0.297822

     H   15        0.436048       -0.113433        0.404786
     H   15       -0.113433       -0.527326        0.215064
     H   15        0.404786        0.215064        0.091278

     C   16       -0.503557        0.292671       -0.133509
     C   16        0.292671        0.748998        0.137630
     C   16       -0.133509        0.137630       -0.245441

     C   17        0.273266        0.334638        0.388581
     C   17        0.334638        0.134740       -0.071611
     C   17        0.388581       -0.071611       -0.408006

     Cl  18        0.203721       -1.675671        0.125204
     Cl  18       -1.675671        0.363737        1.272482
     Cl  18        0.125204        1.272482       -0.567458

     H   19       -0.708699       -0.047180        0.055445
     H   19       -0.047180        0.501345       -0.235008
     H   19        0.055445       -0.235008        0.207353

     C   20        0.039701       -0.086857       -0.153767
     C   20       -0.086857        0.044219       -0.247708
     C   20       -0.153767       -0.247708       -0.083920

     H   21        0.051548       -0.442267        0.600334
     H   21       -0.442267       -0.054420        0.022349
     H   21        0.600334        0.022349        0.002872

     C   22        0.136682        0.571148       -0.316522
     C   22        0.571148       -0.018800       -0.014980
     C   22       -0.316522       -0.014980       -0.117882

     C   23       -0.436761       -0.062750       -0.315467
     C   23       -0.062750        0.349429       -0.521585
     C   23       -0.315467       -0.521585        0.087332

     Cl  24        0.078776        2.607675       -0.990976
     Cl  24        2.607675       -0.725914       -1.451262
     Cl  24       -0.990976       -1.451262        0.647138

     ----- total EFG (symmetrized) -----
     Cl   1       -0.197047       -0.689735       -0.828054
     Cl   1       -0.689735       -0.326526       -1.435140
     Cl   1       -0.828054       -1.435140        0.523573

     C    2        0.044247        0.226311       -0.295857
     C    2        0.226311        0.376155       -0.029900
     C    2       -0.295857       -0.029900       -0.420402

     C    3        0.293193        0.601841        0.221519
     C    3        0.601841        0.052861       -0.276875
     C    3        0.221519       -0.276875       -0.346054

     H    4        0.221637        0.137558        0.269503
     H    4        0.137558        0.062776        0.272871
     H    4        0.269503        0.272871       -0.284413

     C    5       -0.460656        0.417948       -0.083616
     C    5        0.417948        0.606558        0.296264
     C    5       -0.083616        0.296264       -0.145902

     H    6       -0.165420       -0.011238        0.164089
     H    6       -0.011238        0.179558        0.180141
     H    6        0.164089        0.180141       -0.014138

     H    7       -0.156545       -0.209249        0.130382
     H    7       -0.209249        0.093945       -0.196206
     H    7        0.130382       -0.196206        0.062599

     C    8        0.162788        0.599276       -0.307955
     C    8        0.599276        0.176363        0.127137
     C    8       -0.307955        0.127137       -0.339151

     H    9        0.508894       -0.046882        0.310087
     H    9       -0.046882       -0.670512        0.045360
     H    9        0.310087        0.045360        0.161618

     C   10       -0.540076        0.056252       -0.033919
     C   10        0.056252        0.607510       -0.129089
     C   10       -0.033919       -0.129089       -0.067434

     C   11        0.369279        0.862091       -0.305371
     C   11        0.862091        0.102422        0.456403
     C   11       -0.305371        0.456403       -0.471701

     Cl  12       -1.101611        1.188766        0.129712
     Cl  12        1.188766        2.449883        1.374561
     Cl  12        0.129712        1.374561       -1.348273

     H   13       -0.233865       -0.217745        0.176649
     H   13       -0.217745        0.226858        0.630207
     H   13        0.176649        0.630207        0.007007

     C   14        0.245451        0.171576        0.230816
     C   14        0.171576        0.052372       -0.160242
     C   14        0.230816       -0.160242       -0.297822

     H   15        0.436048       -0.113433        0.404786
     H   15       -0.113433       -0.527326        0.215064
     H   15        0.404786        0.215064        0.091278

     C   16       -0.503557        0.292671       -0.133509
     C   16        0.292671        0.748998        0.137630
     C   16       -0.133509        0.137630       -0.245441

     C   17        0.273266        0.334638        0.388581
     C   17        0.334638        0.134740       -0.071611
     C   17        0.388581       -0.071611       -0.408006

     Cl  18        0.203721       -1.675671        0.125204
     Cl  18       -1.675671        0.363737        1.272482
     Cl  18        0.125204        1.272482       -0.567458

     H   19       -0.708699       -0.047180        0.055445
     H   19       -0.047180        0.501345       -0.235008
     H   19        0.055445       -0.235008        0.207353

     C   20        0.039701       -0.086857       -0.153767
     C   20       -0.086857        0.044219       -0.247708
     C   20       -0.153767       -0.247708       -0.083920

     H   21        0.051548       -0.442267        0.600334
     H   21       -0.442267       -0.054420        0.022349
     H   21        0.600334        0.022349        0.002872

     C   22        0.136682        0.571148       -0.316522
     C   22        0.571148       -0.018800       -0.014980
     C   22       -0.316522       -0.014980       -0.117882

     C   23       -0.436761       -0.062750       -0.315467
     C   23       -0.062750        0.349429       -0.521585
     C   23       -0.315467       -0.521585        0.087332

     Cl  24        0.078776        2.607675       -0.990976
     Cl  24        2.607675       -0.725914       -1.451262
     Cl  24       -0.990976       -1.451262        0.647138


     NQR/NMR SPECTROSCOPIC PARAMETERS:
     Cl   1    Vxx=    0.3721    axis=(  0.847412 -0.505940 -0.160991)
     Cl   1    Vyy=    1.6380    axis=(  0.167529  0.542531 -0.823161)
     Cl   1    Vzz=   -2.0100    axis=(  0.503812  0.670586  0.544507)
     Cl   1  Q=        -8.1650 1e-30 m^2  Cq=        38.5616 MHz  eta= 0.62979

     C    2    Vxx=    0.0485    axis=(  0.726630 -0.540592 -0.423992)
     C    2    Vyy=    0.5216    axis=( -0.513380 -0.837357  0.187814)
     C    2    Vzz=   -0.5701    axis=(  0.456564 -0.081197  0.885978)
     C    2  Q=         1.0000 1e-30 m^2  Cq=        -1.3396 MHz  eta= 0.82982

     C    3    Vxx=   -0.0357    axis=(  0.420711 -0.506836  0.752409)
     C    3    Vyy=   -0.7511    axis=( -0.475700  0.582963  0.658683)
     C    3    Vzz=    0.7868    axis=( -0.772471 -0.635036  0.004157)
     C    3  Q=         1.0000 1e-30 m^2  Cq=         1.8486 MHz  eta= 0.90929

     H    4    Vxx=   -0.0026    axis=(  0.631381 -0.763544 -0.135494)
     H    4    Vyy=   -0.4814    axis=( -0.266144 -0.377470  0.886952)
     H    4    Vzz=    0.4840    axis=( -0.728372 -0.523944 -0.441540)
     H    4  Q=         1.0000 1e-30 m^2  Cq=         1.1371 MHz  eta= 0.98946

     C    5    Vxx=   -0.1492    axis=( -0.411625 -0.126184  0.902576)
     C    5    Vyy=   -0.6694    axis=( -0.865758  0.363476 -0.344018)
     C    5    Vzz=    0.8185    axis=( -0.284655 -0.923018 -0.258860)
     C    5  Q=         1.0000 1e-30 m^2  Cq=         1.9232 MHz  eta= 0.63548

     H    6    Vxx=   -0.0033    axis=(  0.620774 -0.530581  0.577169)
     H    6    Vyy=   -0.2974    axis=(  0.763887  0.243708 -0.597564)
     H    6    Vzz=    0.3006    axis=(  0.176396  0.811844  0.556591)
     H    6  Q=         1.0000 1e-30 m^2  Cq=         0.7063 MHz  eta= 0.97836

     H    7    Vxx=   -0.1080    axis=( -0.220922  0.552178  0.803924)
     H    7    Vyy=   -0.2764    axis=( -0.884452 -0.460813  0.073460)
     H    7    Vzz=    0.3844    axis=(  0.411021 -0.694803  0.590178)
     H    7  Q=         1.0000 1e-30 m^2  Cq=         0.9032 MHz  eta= 0.43810

     C    8    Vxx=   -0.0833    axis=( -0.392696  0.542777  0.742417)
     C    8    Vyy=   -0.7008    axis=(  0.573011 -0.487018  0.659145)
     C    8    Vzz=    0.7841    axis=( -0.719339 -0.684257  0.119767)
     C    8  Q=         1.0000 1e-30 m^2  Cq=         1.8423 MHz  eta= 0.78750

     H    9    Vxx=   -0.0141    axis=( -0.501337  0.095238  0.859995)
     H    9    Vyy=   -0.6768    axis=(  0.059167  0.995371 -0.075739)
     H    9    Vzz=    0.6909    axis=( -0.863227  0.012913 -0.504651)
     H    9  Q=         1.0000 1e-30 m^2  Cq=         1.6233 MHz  eta= 0.95911

     C   10    Vxx=   -0.0901    axis=( -0.050760  0.185676  0.981299)
     C   10    Vyy=   -0.5445    axis=( -0.997341  0.042029 -0.059542)
     C   10    Vzz=    0.6346    axis=( -0.052298 -0.981712  0.183049)
     C   10  Q=         1.0000 1e-30 m^2  Cq=         1.4910 MHz  eta= 0.71602

     C   11    Vxx=   -0.0048    axis=( -0.458448  0.466828  0.756239)
     C   11    Vyy=   -1.1064    axis=( -0.478323  0.587561 -0.652671)
     C   11    Vzz=    1.1112    axis=( -0.749021 -0.660942 -0.046072)
     C   11  Q=         1.0000 1e-30 m^2  Cq=         2.6109 MHz  eta= 0.99129

     Cl  12    Vxx=   -1.3067    axis=(  0.868208 -0.096659 -0.486694)
     Cl  12    Vyy=   -1.9070    axis=( -0.421073  0.375387 -0.825701)
     Cl  12    Vzz=    3.2137    axis=(  0.262510  0.921814  0.285214)
     Cl  12  Q=        -8.1650 1e-30 m^2  Cq=       -61.6534 MHz  eta= 0.18681

     H   13    Vxx=   -0.0699    axis=(  0.853211 -0.291893  0.432237)
     H   13    Vyy=   -0.6898    axis=( -0.518482 -0.564650  0.642142)
     H   13    Vzz=    0.7597    axis=( -0.056626  0.771990  0.633107)
     H   13  Q=         1.0000 1e-30 m^2  Cq=         1.7849 MHz  eta= 0.81602

     C   14    Vxx=    0.0963    axis=( -0.231361  0.846408 -0.479651)
     C   14    Vyy=    0.3729    axis=(  0.901497  0.371875  0.221385)
     C   14    Vzz=   -0.4692    axis=( -0.365752  0.381185  0.849072)
     C   14  Q=         1.0000 1e-30 m^2  Cq=        -1.1024 MHz  eta= 0.58959

     H   15    Vxx=   -0.0531    axis=( -0.503316  0.453827  0.735333)
     H   15    Vyy=   -0.6511    axis=(  0.237218  0.890852 -0.387440)
     H   15    Vzz=    0.7041    axis=( -0.830903 -0.020571 -0.556036)
     H   15  Q=         1.0000 1e-30 m^2  Cq=         1.6544 MHz  eta= 0.84930

     C   16    Vxx=   -0.1889    axis=( -0.398623 -0.010181  0.917058)
     C   16    Vyy=   -0.6356    axis=( -0.894011  0.227343 -0.386081)
     C   16    Vzz=    0.8246    axis=( -0.204556 -0.973762 -0.099726)
     C   16  Q=         1.0000 1e-30 m^2  Cq=         1.9374 MHz  eta= 0.54174

     C   17    Vxx=    0.0244    axis=( -0.365267  0.808140 -0.462049)
     C   17    Vyy=    0.6181    axis=(  0.809857  0.520616  0.270354)
     C   17    Vzz=   -0.6425    axis=( -0.459034  0.275442  0.844642)
     C   17  Q=         1.0000 1e-30 m^2  Cq=        -1.5097 MHz  eta= 0.92395

     Cl  18    Vxx=   -0.1460    axis=( -0.629606 -0.187737 -0.753891)
     Cl  18    Vyy=   -2.0891    axis=( -0.501490 -0.642930  0.578920)
     Cl  18    Vzz=    2.2351    axis=( -0.593384  0.742560  0.310644)
     Cl  18  Q=        -8.1650 1e-30 m^2  Cq=       -42.8794 MHz  eta= 0.86934

     H   19    Vxx=    0.0780    axis=(  0.032226  0.487828  0.872345)
     H   19    Vyy=    0.6350    axis=( -0.050689  0.872473 -0.486027)
     H   19    Vzz=   -0.7130    axis=( -0.998194 -0.028556  0.052844)
     H   19  Q=         1.0000 1e-30 m^2  Cq=        -1.6752 MHz  eta= 0.78125

     C   20    Vxx=    0.1130    axis=( -0.896235  0.393346  0.205039)
     C   20    Vyy=    0.2406    axis=( -0.176486 -0.740280  0.648720)
     C   20    Vzz=   -0.3536    axis=(  0.406958  0.545219  0.732885)
     C   20  Q=         1.0000 1e-30 m^2  Cq=        -0.8308 MHz  eta= 0.36083

     H   21    Vxx=   -0.0128    axis=(  0.045391 -0.801951 -0.595663)
     H   21    Vyy=   -0.7414    axis=(  0.684654  0.459186 -0.566036)
     H   21    Vzz=    0.7542    axis=( -0.727453  0.382130 -0.569902)
     H   21  Q=         1.0000 1e-30 m^2  Cq=         1.7720 MHz  eta= 0.96609

     C   22    Vxx=   -0.1066    axis=( -0.054484  0.501663  0.863346)
     C   22    Vyy=   -0.6059    axis=(  0.659482 -0.631136  0.408351)
     C   22    Vzz=    0.7125    axis=( -0.749743 -0.591610  0.296451)
     C   22  Q=         1.0000 1e-30 m^2  Cq=         1.6741 MHz  eta= 0.70075

     C   23    Vxx=   -0.0944    axis=( -0.613204  0.563677  0.553398)
     C   23    Vyy=   -0.6802    axis=( -0.779787 -0.320083 -0.538032)
     C   23    Vzz=    0.7746    axis=( -0.126143 -0.761456  0.635824)
     C   23  Q=         1.0000 1e-30 m^2  Cq=         1.8199 MHz  eta= 0.75630

     Cl  24    Vxx=   -0.3525    axis=(  0.498154  0.234805  0.834691)
     Cl  24    Vyy=   -3.0286    axis=( -0.608817  0.780153  0.143886)
     Cl  24    Vzz=    3.3811    axis=( -0.617401 -0.579852  0.531590)
     Cl  24  Q=        -8.1650 1e-30 m^2  Cq=       -64.8647 MHz  eta= 0.79146

     Initialization:
     gipaw_setup  :      9.10s CPU     10.70s WALL (       1 calls)

     Linear response

     Apply operators

     Induced current

     Other routines
     efg          :      9.10s CPU     11.86s WALL (       1 calls)

     General routines
     calbec       :      3.25s CPU      4.67s WALL (      16 calls)
     fft          :      1.55s CPU      2.13s WALL (      15 calls)
     ffts         :      0.05s CPU      0.09s WALL (       2 calls)
     fftw         :      3.18s CPU      3.87s WALL (     672 calls)
     davcio       :      0.03s CPU      0.31s WALL (      32 calls)

     Parallel routines
     fft_scatter  :      2.17s CPU      3.24s WALL (     689 calls)

     Plugins

     GIPAW        :     59.78s CPU     72.48s WALL (       1 calls)
