
     Program QE v.6.0 (svn rev. 13079) starts on 18Jan2017 at 15: 6:25 

     This program is part of the open-source Quantum ESPRESSO suite
     for quantum simulation of materials; please cite
         "P. Giannozzi et al., J. Phys.:Condens. Matter 21 395502 (2009);
          URL http://www.quantum-espresso.org", 
     in publications or presentations arising from this work. More details at
     http://www.quantum-espresso.org/quote

     Parallel version (MPI), running on     8 processors
     R & G space division:  proc/nbgrp/npool/nimage =       8

     ***** This is GIPAW svn revision unknown      *****

     Parallelizing q-star over 1 images

     Reading data from directory:
     /users/majewski/paradichlorobenzene/pbe/9_constraint/scratch/pbe.ecut100.np8.dt60.pcl2phi-129368.save
     Message from routine read_xml_file:
     file /users/majewski/paradichlorobenzene/pbe/9_constraint/scratch/pbe.ecut100.np8.dt60.pcl2phi-129368.save not guaranteed to be safe for post-processing

   Info: using nr1, nr2, nr3 values from input

   Info: using nr1, nr2, nr3 values from input

     IMPORTANT: XC functional enforced from input :
     Exchange-correlation      =  SLA  PW   PBX  PBC ( 1  4  3  4 0 0)
     Any further DFT definition will be discarded
     Please, verify this is what you really want

               file C.pbe-n-kjpaw_psl.1.0.0.UPF: wavefunction(s)  2S 2P renormalized
               file Cl.pbe-n-kjpaw_psl.1.0.0.UPF: wavefunction(s)  3S 3P renormalized
               file H.pbe-kjpaw_psl.1.0.0.UPF: wavefunction(s)  1S renormalized

     Parallelization info
     --------------------
     sticks:   dense  smooth     PW     G-vecs:    dense   smooth      PW
     Min        3057    1223    332               144436    36536    5170
     Max        3059    1225    333               144437    36537    5171
     Sum       24467    9791   2657              1155489   292295   41363


     Subspace diagonalization in iterative solution of the eigenvalue problem:
     a serial algorithm will be used

     GIPAW projectors -----------------------------------------------
     atom=  C    l=0  rc=    1.2000  rs=    0.8000
     atom=  C    l=0  rc=    1.2000  rs=    0.8000
     atom=  C    l=1  rc=    1.4000  rs=    0.9333
     atom=  C    l=1  rc=    1.4000  rs=    0.9333
     projs nearly linearly dependent: l=1  n1,n2= 1, 2  s=  0.99951561

     atom=  Cl   l=0  rc=    1.6000  rs=    1.0667
     atom=  Cl   l=0  rc=    1.6000  rs=    1.0667
     atom=  Cl   l=1  rc=    1.6000  rs=    1.0667
     atom=  Cl   l=1  rc=    1.6000  rs=    1.0667
     atom=  Cl   l=2  rc=    1.6000  rs=    1.0667
     atom=  Cl   l=2  rc=    1.6000  rs=    1.0667
     projs nearly linearly dependent: l=2  n1,n2= 1, 2  s=  0.99993509

     atom=  H    l=0  rc=    1.0000  rs=    0.6667
     atom=  H    l=0  rc=    1.0000  rs=    0.6667
     projs nearly linearly dependent: l=0  n1,n2= 1, 2  s=  0.99968852
     -----------------------------------------------------------------

     GIPAW integrals: -------------------------------------------
     Atom  i/j   nmr_para   nmr_dia   epr_rmc  epr_para   epr_dia
       C   1 1   0.83E+03  0.17E-01  0.93E+01  0.24E+08  0.24E+03
       C   2 1   0.86E+03 -0.61E-01  0.94E+01  0.25E+08  0.25E+03
       C   2 2   0.90E+03 -0.15E+00  0.97E+01  0.26E+08  0.26E+03
       C   3 3   0.33E+01  0.34E+00  0.18E+01  0.55E+03  0.21E+02
       C   4 3   0.35E+01  0.37E+00  0.20E+01  0.59E+03  0.22E+02
       C   4 4   0.38E+01  0.39E+00  0.22E+01  0.63E+03  0.24E+02
       Cl  1 1   0.14E+04 -0.47E+00  0.84E+01  0.32E+09  0.42E+03
       Cl  2 1   0.21E+04 -0.37E+00  0.12E+02  0.49E+09  0.65E+03
       Cl  2 2   0.33E+04 -0.16E+00  0.21E+02  0.76E+09  0.10E+04
       Cl  3 3   0.21E+02  0.79E-01  0.89E+01  0.23E+05  0.13E+03
       Cl  4 3   0.24E+02  0.67E-01  0.99E+01  0.27E+05  0.15E+03
       Cl  4 4   0.28E+02  0.44E-01  0.11E+02  0.32E+05  0.18E+03
       Cl  5 5   0.77E+00  0.19E+00  0.18E+01  0.12E+03  0.22E+02
       Cl  6 5   0.80E+00  0.19E+00  0.19E+01  0.12E+03  0.23E+02
       Cl  6 6   0.83E+00  0.20E+00  0.19E+01  0.12E+03  0.23E+02
       H   1 1   0.39E+02  0.19E+00  0.29E+00  0.78E+05  0.13E+02
       H   2 1   0.41E+02  0.21E+00  0.32E+00  0.82E+05  0.14E+02
       H   2 2   0.43E+02  0.22E+00  0.36E+00  0.86E+05  0.15E+02
     ------------------------------------------------------------

     alpha_pv=     34.1128 eV

     Number of occupied bands for each k-point:
     k-point:     1    nbnd_occ=  42
     k-point:     2    nbnd_occ=  42
     k-point:     3    nbnd_occ=  42
     k-point:     4    nbnd_occ=  42
     k-point:     5    nbnd_occ=  42
     k-point:     6    nbnd_occ=  42
     k-point:     7    nbnd_occ=  42
     k-point:     8    nbnd_occ=  42
     k-point:     9    nbnd_occ=  42
     k-point:    10    nbnd_occ=  42
     k-point:    11    nbnd_occ=  42
     k-point:    12    nbnd_occ=  42
     k-point:    13    nbnd_occ=  42
     k-point:    14    nbnd_occ=  42
     k-point:    15    nbnd_occ=  42
     k-point:    16    nbnd_occ=  42


     q-space interpolation up to   110.00 Rydberg

     GIPAW job: efg                                                                             


     ELECTRIC FIELD GRADIENTS TENSORS IN Hartree/bohrradius^2:

     ----- bare term -----
     Cl   1       -0.118115        0.153447       -0.016199
     Cl   1        0.153447       -0.031420       -0.000482
     Cl   1       -0.016199       -0.000482        0.149535

     C    2       -0.044588        0.037150       -0.480590
     C    2        0.037150       -0.164016       -0.406116
     C    2       -0.480590       -0.406116        0.208603

     C    3       -0.009688        0.442007       -0.221278
     C    3        0.442007       -0.267351       -0.237773
     C    3       -0.221278       -0.237773        0.277039

     H    4        0.088706       -0.064573       -0.170441
     H    4       -0.064573        0.499031       -0.150052
     H    4       -0.170441       -0.150052       -0.587737

     C    5       -0.228701        0.106947       -0.519564
     C    5        0.106947       -0.035162       -0.414596
     C    5       -0.519564       -0.414596        0.263864

     H    6        0.090696        0.149906        0.176099
     H    6        0.149906       -0.224225       -0.518013
     H    6        0.176099       -0.518013        0.133529

     H    7        0.357473        0.092711       -0.096680
     H    7        0.092711       -0.401324        0.533033
     H    7       -0.096680        0.533033        0.043851

     C    8       -0.407493       -0.286443       -0.321881
     C    8       -0.286443       -0.039829        0.450206
     C    8       -0.321881        0.450206        0.447323

     H    9       -0.366668        0.207733       -0.520573
     H    9        0.207733        0.319049        0.204530
     H    9       -0.520573        0.204530        0.047619

     C   10       -0.144501       -0.314732       -0.249941
     C   10       -0.314732       -0.211101        0.577616
     C   10       -0.249941        0.577616        0.355602

     C   11       -0.203612       -0.192736       -0.532249
     C   11       -0.192736        0.000385        0.468471
     C   11       -0.532249        0.468471        0.203227

     Cl  12       -0.000430       -0.265723       -0.135776
     Cl  12       -0.265723       -0.064771        0.074951
     Cl  12       -0.135776        0.074951        0.065200

     H   13        0.222160       -0.426314        0.107776
     H   13       -0.426314       -0.560174       -0.125646
     H   13        0.107776       -0.125646        0.338013

     C   14       -0.305175        0.286884       -0.351163
     C   14        0.286884       -0.151262       -0.394788
     C   14       -0.351163       -0.394788        0.456438

     H   15       -0.192240       -0.311867       -0.469407
     H   15       -0.311867        0.101253       -0.369551
     H   15       -0.469407       -0.369551        0.090987

     C   16       -0.289340        0.306979       -0.348197
     C   16        0.306979       -0.065499       -0.447089
     C   16       -0.348197       -0.447089        0.354839

     C   17       -0.045686        0.249537       -0.146366
     C   17        0.249537       -0.333629       -0.482482
     C   17       -0.146366       -0.482482        0.379315

     Cl  18       -0.097925        0.048572       -0.100643
     Cl  18        0.048572       -0.044780       -0.121023
     Cl  18       -0.100643       -0.121023        0.142704

     H   19        0.042410        0.476774        0.103899
     H   19        0.476774       -0.437062        0.166938
     H   19        0.103899        0.166938        0.394653

     C   20       -0.167031       -0.437434       -0.305459
     C   20       -0.437434       -0.250254        0.376745
     C   20       -0.305459        0.376745        0.417285

     H   21       -0.374164       -0.029100       -0.545361
     H   21       -0.029100        0.248045        0.043554
     H   21       -0.545361        0.043554        0.126120

     C   22       -0.036517       -0.024488       -0.372617
     C   22       -0.024488       -0.282557        0.531138
     C   22       -0.372617        0.531138        0.319075

     C   23       -0.410456       -0.040351       -0.346811
     C   23       -0.040351       -0.082925        0.463844
     C   23       -0.346811        0.463844        0.493382

     Cl  24       -0.031074       -0.044395        0.009390
     Cl  24       -0.044395        0.134486       -0.071524
     Cl  24        0.009390       -0.071524       -0.103412

     ----- ionic term -----
     Cl   1        0.193414       -0.201617        0.053198
     Cl   1       -0.201617       -0.053168       -0.018136
     Cl   1        0.053198       -0.018136       -0.140246

     C    2        0.245777       -0.162405        0.363978
     C    2       -0.162405        0.041287        0.366776
     C    2        0.363978        0.366776       -0.287064

     C    3        0.022504       -0.309297        0.287920
     C    3       -0.309297        0.236464        0.333055
     C    3        0.287920        0.333055       -0.258968

     H    4        0.245025        0.267166        0.793494
     H    4        0.267166       -0.396707        0.339685
     H    4        0.793494        0.339685        0.151682

     C    5        0.158539       -0.276957        0.364566
     C    5       -0.276957        0.136239        0.225894
     C    5        0.364566        0.225894       -0.294778

     H    6       -0.526448       -0.040859        0.016095
     H    6       -0.040859        0.690036        0.668018
     H    6        0.016095        0.668018       -0.163588

     H    7       -0.487410       -0.192283        0.099487
     H    7       -0.192283        0.807270       -0.575540
     H    7        0.099487       -0.575540       -0.319861

     C    8        0.326853        0.168923        0.288772
     C    8        0.168923        0.036665       -0.292603
     C    8        0.288772       -0.292603       -0.363518

     H    9        0.598950       -0.402230        0.659871
     H    9       -0.402230       -0.373013       -0.291887
     H    9        0.659871       -0.291887       -0.225937

     C   10        0.164890        0.188124        0.161533
     C   10        0.188124        0.206439       -0.397229
     C   10        0.161533       -0.397229       -0.371328

     C   11        0.230900        0.232137        0.279575
     C   11        0.232137        0.138322       -0.351746
     C   11        0.279575       -0.351746       -0.369221

     Cl  12        0.144302        0.248401        0.006851
     Cl  12        0.248401        0.026942       -0.005137
     Cl  12        0.006851       -0.005137       -0.171244

     H   13       -0.495322        0.192730        0.094888
     H   13        0.192730        0.676284        0.662859
     H   13        0.094888        0.662859       -0.180962

     C   14        0.240900       -0.136386        0.393384
     C   14       -0.136386        0.073045        0.271335
     C   14        0.393384        0.271335       -0.313945

     H   15        0.357159        0.324921        0.746333
     H   15        0.324921       -0.358875        0.314421
     H   15        0.746333        0.314421        0.001715

     C   16        0.051889       -0.221713        0.275046
     C   16       -0.221713        0.299981        0.331864
     C   16        0.275046        0.331864       -0.351870

     C   17        0.030123       -0.195352        0.348539
     C   17       -0.195352        0.284108        0.322486
     C   17        0.348539        0.322486       -0.314231

     Cl  18        0.086119       -0.195976        0.051443
     Cl  18       -0.195976        0.066211       -0.035338
     Cl  18        0.051443       -0.035338       -0.152331

     H   19       -0.463315       -0.290437        0.128769
     H   19       -0.290437        0.751032       -0.574776
     H   19        0.128769       -0.574776       -0.287717

     C   20        0.230978        0.144301        0.304833
     C   20        0.144301        0.108950       -0.253787
     C   20        0.304833       -0.253787       -0.339929

     H   21        0.454363       -0.163584        0.792638
     H   21       -0.163584       -0.498105       -0.196867
     H   21        0.792638       -0.196867        0.043741

     C   22        0.043550        0.221171        0.251224
     C   22        0.221171        0.162146       -0.398845
     C   22        0.251224       -0.398845       -0.205696

     C   23        0.155613        0.123226        0.355429
     C   23        0.123226        0.082019       -0.404487
     C   23        0.355429       -0.404487       -0.237632

     Cl  24        0.078640        0.182607        0.016282
     Cl  24        0.182607        0.058345        0.011594
     Cl  24        0.016282        0.011594       -0.136984

     ----- GIPAW term -----
     Cl   1       -0.937702       -1.039882       -0.566884
     Cl   1       -1.039882       -1.439128        0.304500
     Cl   1       -0.566884        0.304500        2.376831

     C    2        0.020463        0.010444       -0.186320
     C    2        0.010444       -0.067965       -0.137229
     C    2       -0.186320       -0.137229        0.047502

     C    3        0.051311        0.089540       -0.169408
     C    3        0.089540       -0.114976       -0.054460
     C    3       -0.169408       -0.054460        0.063665

     H    4       -0.000000        0.000000        0.000000
     H    4        0.000000        0.000000        0.000000
     H    4        0.000000        0.000000        0.000000

     C    5        0.091530        0.039475       -0.159746
     C    5        0.039475       -0.085760       -0.091906
     C    5       -0.159746       -0.091906       -0.005771

     H    6       -0.000000        0.000000        0.000000
     H    6        0.000000        0.000000        0.000000
     H    6        0.000000        0.000000        0.000000

     H    7       -0.000000        0.000000        0.000000
     H    7        0.000000        0.000000        0.000000
     H    7        0.000000        0.000000        0.000000

     C    8       -0.121915       -0.074240       -0.098902
     C    8       -0.074240       -0.048826        0.192284
     C    8       -0.098902        0.192284        0.170740

     H    9       -0.000000        0.000000        0.000000
     H    9        0.000000        0.000000        0.000000
     H    9        0.000000        0.000000        0.000000

     C   10       -0.068315       -0.070219       -0.076239
     C   10       -0.070219        0.015137        0.150885
     C   10       -0.076239        0.150885        0.053178

     C   11        0.016159       -0.049331       -0.173379
     C   11       -0.049331        0.053097        0.171846
     C   11       -0.173379        0.171846       -0.069256

     Cl  12        1.801873        0.261772       -1.292327
     Cl  12        0.261772       -0.396089        0.739754
     Cl  12       -1.292327        0.739754       -1.405784

     H   13       -0.000000        0.000000        0.000000
     H   13        0.000000        0.000000        0.000000
     H   13        0.000000        0.000000        0.000000

     C   14       -0.065308        0.117940       -0.151347
     C   14        0.117940       -0.054311       -0.190688
     C   14       -0.151347       -0.190688        0.119619

     H   15       -0.000000        0.000000        0.000000
     H   15        0.000000        0.000000        0.000000
     H   15        0.000000        0.000000        0.000000

     C   16       -0.053756        0.110808       -0.120111
     C   16        0.110808        0.040443       -0.099597
     C   16       -0.120111       -0.099597        0.013313

     C   17        0.095223       -0.050182        0.055156
     C   17       -0.050182       -0.096059       -0.042142
     C   17        0.055156       -0.042142        0.000835

     Cl  18       -0.284051       -1.270087       -0.942201
     Cl  18       -1.270087       -0.313415       -1.917494
     Cl  18       -0.942201       -1.917494        0.597466

     H   19       -0.000000        0.000000        0.000000
     H   19        0.000000        0.000000        0.000000
     H   19        0.000000        0.000000        0.000000

     C   20        0.084793       -0.153049       -0.120269
     C   20       -0.153049       -0.104159        0.109861
     C   20       -0.120269        0.109861        0.019366

     H   21       -0.000000        0.000000        0.000000
     H   21        0.000000        0.000000        0.000000
     H   21        0.000000        0.000000        0.000000

     C   22        0.022820        0.085953       -0.148026
     C   22        0.085953       -0.048644        0.044161
     C   22       -0.148026        0.044161        0.025824

     C   23       -0.083687        0.102772       -0.094018
     C   23        0.102772       -0.086339        0.093654
     C   23       -0.094018        0.093654        0.170026

     Cl  24        0.805915        1.523364        0.096201
     Cl  24        1.523364        1.426518       -0.610693
     Cl  24        0.096201       -0.610693       -2.232433

     ----- total EFG -----
     Cl   1       -0.862403       -1.088051       -0.529884
     Cl   1       -1.088051       -1.523716        0.285881
     Cl   1       -0.529884        0.285881        2.386119

     C    2        0.221653       -0.114811       -0.302932
     C    2       -0.114811       -0.190693       -0.176568
     C    2       -0.302932       -0.176568       -0.030959

     C    3        0.064126        0.222251       -0.102766
     C    3        0.222251       -0.145863        0.040822
     C    3       -0.102766        0.040822        0.081737

     H    4        0.333730        0.202594        0.623052
     H    4        0.202594        0.102324        0.189633
     H    4        0.623052        0.189633       -0.436055

     C    5        0.021368       -0.130535       -0.314745
     C    5       -0.130535        0.015317       -0.280608
     C    5       -0.314745       -0.280608       -0.036685

     H    6       -0.435752        0.109047        0.192194
     H    6        0.109047        0.465811        0.150005
     H    6        0.192194        0.150005       -0.030059

     H    7       -0.129936       -0.099572        0.002807
     H    7       -0.099572        0.405946       -0.042506
     H    7        0.002807       -0.042506       -0.276010

     C    8       -0.202555       -0.191760       -0.132011
     C    8       -0.191760       -0.051990        0.349886
     C    8       -0.132011        0.349886        0.254545

     H    9        0.232281       -0.194498        0.139298
     H    9       -0.194498       -0.053963       -0.087357
     H    9        0.139298       -0.087357       -0.178318

     C   10       -0.047926       -0.196827       -0.164647
     C   10       -0.196827        0.010475        0.331273
     C   10       -0.164647        0.331273        0.037451

     C   11        0.043447       -0.009930       -0.426054
     C   11       -0.009930        0.191803        0.288572
     C   11       -0.426054        0.288572       -0.235251

     Cl  12        1.945746        0.244450       -1.421251
     Cl  12        0.244450       -0.433918        0.809568
     Cl  12       -1.421251        0.809568       -1.511828

     H   13       -0.273162       -0.233584        0.202664
     H   13       -0.233584        0.116111        0.537213
     H   13        0.202664        0.537213        0.157051

     C   14       -0.129583        0.268438       -0.109126
     C   14        0.268438       -0.132528       -0.314142
     C   14       -0.109126       -0.314142        0.262111

     H   15        0.164919        0.013054        0.276927
     H   15        0.013054       -0.257621       -0.055130
     H   15        0.276927       -0.055130        0.092702

     C   16       -0.291207        0.196074       -0.193262
     C   16        0.196074        0.274925       -0.214822
     C   16       -0.193262       -0.214822        0.016282

     C   17        0.079661        0.004004        0.257329
     C   17        0.004004       -0.145580       -0.202137
     C   17        0.257329       -0.202137        0.065919

     Cl  18       -0.295857       -1.417491       -0.991401
     Cl  18       -1.417491       -0.291983       -2.073855
     Cl  18       -0.991401       -2.073855        0.587840

     H   19       -0.420906        0.186337        0.232668
     H   19        0.186337        0.313970       -0.407838
     H   19        0.232668       -0.407838        0.106935

     C   20        0.148741       -0.446182       -0.120895
     C   20       -0.446182       -0.245463        0.232819
     C   20       -0.120895        0.232819        0.096722

     H   21        0.080199       -0.192683        0.247277
     H   21       -0.192683       -0.250060       -0.153314
     H   21        0.247277       -0.153314        0.169861

     C   22        0.029852        0.282636       -0.269418
     C   22        0.282636       -0.169055        0.176455
     C   22       -0.269418        0.176455        0.139203

     C   23       -0.338530        0.185646       -0.085400
     C   23        0.185646       -0.087246        0.153011
     C   23       -0.085400        0.153011        0.425776

     Cl  24        0.853481        1.661577        0.121873
     Cl  24        1.661577        1.619349       -0.670623
     Cl  24        0.121873       -0.670623       -2.472829

     ----- total EFG (symmetrized) -----
     Cl   1       -0.862403       -1.088051       -0.529884
     Cl   1       -1.088051       -1.523716        0.285881
     Cl   1       -0.529884        0.285881        2.386119

     C    2        0.221653       -0.114811       -0.302932
     C    2       -0.114811       -0.190693       -0.176568
     C    2       -0.302932       -0.176568       -0.030959

     C    3        0.064126        0.222251       -0.102766
     C    3        0.222251       -0.145863        0.040822
     C    3       -0.102766        0.040822        0.081737

     H    4        0.333730        0.202594        0.623052
     H    4        0.202594        0.102324        0.189633
     H    4        0.623052        0.189633       -0.436055

     C    5        0.021368       -0.130535       -0.314745
     C    5       -0.130535        0.015317       -0.280608
     C    5       -0.314745       -0.280608       -0.036685

     H    6       -0.435752        0.109047        0.192194
     H    6        0.109047        0.465811        0.150005
     H    6        0.192194        0.150005       -0.030059

     H    7       -0.129936       -0.099572        0.002807
     H    7       -0.099572        0.405946       -0.042506
     H    7        0.002807       -0.042506       -0.276010

     C    8       -0.202555       -0.191760       -0.132011
     C    8       -0.191760       -0.051990        0.349886
     C    8       -0.132011        0.349886        0.254545

     H    9        0.232281       -0.194498        0.139298
     H    9       -0.194498       -0.053963       -0.087357
     H    9        0.139298       -0.087357       -0.178318

     C   10       -0.047926       -0.196827       -0.164647
     C   10       -0.196827        0.010475        0.331273
     C   10       -0.164647        0.331273        0.037451

     C   11        0.043447       -0.009930       -0.426054
     C   11       -0.009930        0.191803        0.288572
     C   11       -0.426054        0.288572       -0.235251

     Cl  12        1.945746        0.244450       -1.421251
     Cl  12        0.244450       -0.433918        0.809568
     Cl  12       -1.421251        0.809568       -1.511828

     H   13       -0.273162       -0.233584        0.202664
     H   13       -0.233584        0.116111        0.537213
     H   13        0.202664        0.537213        0.157051

     C   14       -0.129583        0.268438       -0.109126
     C   14        0.268438       -0.132528       -0.314142
     C   14       -0.109126       -0.314142        0.262111

     H   15        0.164919        0.013054        0.276927
     H   15        0.013054       -0.257621       -0.055130
     H   15        0.276927       -0.055130        0.092702

     C   16       -0.291207        0.196074       -0.193262
     C   16        0.196074        0.274925       -0.214822
     C   16       -0.193262       -0.214822        0.016282

     C   17        0.079661        0.004004        0.257329
     C   17        0.004004       -0.145580       -0.202137
     C   17        0.257329       -0.202137        0.065919

     Cl  18       -0.295857       -1.417491       -0.991401
     Cl  18       -1.417491       -0.291983       -2.073855
     Cl  18       -0.991401       -2.073855        0.587840

     H   19       -0.420906        0.186337        0.232668
     H   19        0.186337        0.313970       -0.407838
     H   19        0.232668       -0.407838        0.106935

     C   20        0.148741       -0.446182       -0.120895
     C   20       -0.446182       -0.245463        0.232819
     C   20       -0.120895        0.232819        0.096722

     H   21        0.080199       -0.192683        0.247277
     H   21       -0.192683       -0.250060       -0.153314
     H   21        0.247277       -0.153314        0.169861

     C   22        0.029852        0.282636       -0.269418
     C   22        0.282636       -0.169055        0.176455
     C   22       -0.269418        0.176455        0.139203

     C   23       -0.338530        0.185646       -0.085400
     C   23        0.185646       -0.087246        0.153011
     C   23       -0.085400        0.153011        0.425776

     Cl  24        0.853481        1.661577        0.121873
     Cl  24        1.661577        1.619349       -0.670623
     Cl  24        0.121873       -0.670623       -2.472829


     NQR/NMR SPECTROSCOPIC PARAMETERS:
     Cl   1    Vxx=   -0.1934    axis=( -0.777382  0.587488 -0.224802)
     Cl   1    Vyy=   -2.3319    axis=(  0.599343  0.800271  0.018822)
     Cl   1    Vzz=    2.5252    axis=( -0.190960  0.120102  0.974223)
     Cl   1  Q=        -8.1650 1e-30 m^2  Cq=       -48.4452 MHz  eta= 0.84685

     C    2    Vxx=   -0.0001    axis=( -0.375599  0.741474 -0.556005)
     C    2    Vyy=   -0.4234    axis=( -0.409653 -0.670968 -0.618051)
     C    2    Vzz=    0.4236    axis=( -0.831330 -0.004370  0.555762)
     C    2  Q=         1.0000 1e-30 m^2  Cq=         0.9952 MHz  eta= 0.99937

     C    3    Vxx=    0.0722    axis=( -0.245514 -0.414221 -0.876438)
     C    3    Vyy=    0.2354    axis=( -0.801507 -0.421801  0.423875)
     C    3    Vzz=   -0.3077    axis=(  0.545260 -0.806539  0.228443)
     C    3  Q=         1.0000 1e-30 m^2  Cq=        -0.7229 MHz  eta= 0.53040

     H    4    Vxx=    0.0014    axis=(  0.359147 -0.926803  0.109771)
     H    4    Vyy=    0.7875    axis=( -0.804665 -0.367088 -0.466649)
     H    4    Vzz=   -0.7888    axis=(  0.472787  0.079266 -0.877604)
     H    4  Q=         1.0000 1e-30 m^2  Cq=        -1.8535 MHz  eta= 0.99656

     C    5    Vxx=    0.1472    axis=(  0.645295 -0.761737  0.057887)
     C    5    Vyy=    0.3502    axis=( -0.543473 -0.404500  0.735539)
     C    5    Vzz=   -0.4974    axis=(  0.536872  0.506100  0.675005)
     C    5  Q=         1.0000 1e-30 m^2  Cq=        -1.1687 MHz  eta= 0.40804

     H    6    Vxx=   -0.0194    axis=( -0.317623  0.344466 -0.883435)
     H    6    Vyy=   -0.5146    axis=( -0.933569  0.049527  0.354959)
     H    6    Vzz=    0.5341    axis=(  0.166026  0.937491  0.305852)
     H    6  Q=         1.0000 1e-30 m^2  Cq=         1.2548 MHz  eta= 0.92717

     H    7    Vxx=   -0.1477    axis=(  0.984044  0.174210 -0.036177)
     H    7    Vyy=   -0.2787    axis=( -0.025064 -0.065574 -0.997533)
     H    7    Vzz=    0.4264    axis=( -0.176153  0.982523 -0.060161)
     H    7  Q=         1.0000 1e-30 m^2  Cq=         1.0019 MHz  eta= 0.30738

     C    8    Vxx=   -0.1878    axis=( -0.706020  0.437598 -0.556815)
     C    8    Vyy=   -0.3582    axis=( -0.650630 -0.711293  0.265973)
     C    8    Vzz=    0.5460    axis=( -0.279670  0.550064  0.786902)
     C    8  Q=         1.0000 1e-30 m^2  Cq=         1.2830 MHz  eta= 0.31209

     H    9    Vxx=   -0.1496    axis=(  0.496850  0.849906 -0.175498)
     H    9    Vyy=   -0.2292    axis=( -0.162571  0.289796  0.943180)
     H    9    Vzz=    0.3788    axis=(  0.852473 -0.440088  0.282155)
     H    9  Q=         1.0000 1e-30 m^2  Cq=         0.8900 MHz  eta= 0.20999

     C   10    Vxx=   -0.1669    axis=(  0.884615  0.172345  0.433306)
     C   10    Vyy=   -0.3123    axis=( -0.164841 -0.753638  0.636285)
     C   10    Vzz=    0.4792    axis=( -0.436216  0.634293  0.638269)
     C   10  Q=         1.0000 1e-30 m^2  Cq=         1.1259 MHz  eta= 0.30331

     C   11    Vxx=    0.1284    axis=(  0.636517  0.757593 -0.144566)
     C   11    Vyy=    0.4831    axis=(  0.569630 -0.588148 -0.574111)
     C   11    Vzz=   -0.6115    axis=( -0.519969  0.283082 -0.805914)
     C   11  Q=         1.0000 1e-30 m^2  Cq=        -1.4368 MHz  eta= 0.58007

     Cl  12    Vxx=   -0.0692    axis=(  0.148625  0.917654  0.368541)
     Cl  12    Vyy=   -2.3864    axis=( -0.306245  0.397070 -0.865187)
     Cl  12    Vzz=    2.4556    axis=( -0.940279  0.015724  0.340041)
     Cl  12  Q=        -8.1650 1e-30 m^2  Cq=       -47.1102 MHz  eta= 0.94364

     H   13    Vxx=   -0.0219    axis=(  0.775167 -0.442618  0.450783)
     H   13    Vyy=   -0.6526    axis=(  0.631482  0.563875 -0.532236)
     H   13    Vzz=    0.6745    axis=( -0.018608  0.697233  0.716603)
     H   13  Q=         1.0000 1e-30 m^2  Cq=         1.5848 MHz  eta= 0.93497

     C   14    Vxx=   -0.0808    axis=(  0.736566  0.365368  0.569190)
     C   14    Vyy=   -0.4385    axis=( -0.581020  0.772602  0.255935)
     C   14    Vzz=    0.5192    axis=( -0.346246 -0.519223  0.781358)
     C   14  Q=         1.0000 1e-30 m^2  Cq=         1.2200 MHz  eta= 0.68894

     H   15    Vxx=   -0.1309    axis=(  0.627922  0.363972 -0.687923)
     H   15    Vyy=   -0.2782    axis=(  0.213367 -0.930547 -0.297584)
     H   15    Vzz=    0.4091    axis=( -0.748458  0.040080 -0.661970)
     H   15  Q=         1.0000 1e-30 m^2  Cq=         0.9613 MHz  eta= 0.36012

     C   16    Vxx=   -0.0903    axis=( -0.201786  0.574829  0.793003)
     C   16    Vyy=   -0.3978    axis=(  0.923644 -0.157667  0.349317)
     C   16    Vzz=    0.4880    axis=(  0.325828  0.802940 -0.499123)
     C   16  Q=         1.0000 1e-30 m^2  Cq=         1.1467 MHz  eta= 0.63010

     C   17    Vxx=   -0.0429    axis=(  0.665437  0.670795 -0.327456)
     C   17    Vyy=   -0.3273    axis=( -0.392802  0.687709  0.610543)
     C   17    Vzz=    0.3703    axis=(  0.634744 -0.277653  0.721117)
     C   17  Q=         1.0000 1e-30 m^2  Cq=         0.8700 MHz  eta= 0.76809

     Cl  18    Vxx=    0.7771    axis=( -0.844970  0.368563  0.387540)
     Cl  18    Vyy=    2.2759    axis=(  0.065024 -0.648452  0.758473)
     Cl  18    Vzz=   -3.0530    axis=( -0.530846 -0.666086 -0.523957)
     Cl  18  Q=        -8.1650 1e-30 m^2  Cq=        58.5704 MHz  eta= 0.49091

     H   19    Vxx=    0.0005    axis=(  0.577432  0.498234  0.646788)
     H   19    Vyy=    0.6312    axis=( -0.004459 -0.790270  0.612742)
     H   19    Vzz=   -0.6317    axis=(  0.816426 -0.356701 -0.454106)
     H   19  Q=         1.0000 1e-30 m^2  Cq=        -1.4843 MHz  eta= 0.99845

     C   20    Vxx=    0.0068    axis=(  0.495120 -0.077016  0.865404)
     C   20    Vyy=    0.5567    axis=( -0.714851  0.530012  0.456152)
     C   20    Vzz=   -0.5635    axis=( -0.493806 -0.844485  0.207365)
     C   20  Q=         1.0000 1e-30 m^2  Cq=        -1.3241 MHz  eta= 0.97574

     H   21    Vxx=   -0.1165    axis=( -0.689280  0.192688  0.698401)
     H   21    Vyy=   -0.3424    axis=( -0.362548 -0.926341 -0.102236)
     H   21    Vzz=    0.4589    axis=(  0.627258 -0.323673  0.708367)
     H   21  Q=         1.0000 1e-30 m^2  Cq=         1.0782 MHz  eta= 0.49230

     C   22    Vxx=    0.1467    axis=(  0.447858  0.706918  0.547440)
     C   22    Vyy=    0.3647    axis=( -0.683460 -0.124083  0.719365)
     C   22    Vzz=   -0.5114    axis=( -0.576460  0.696327 -0.427578)
     C   22  Q=         1.0000 1e-30 m^2  Cq=        -1.2016 MHz  eta= 0.42646

     C   23    Vxx=   -0.0074    axis=(  0.517235  0.833897 -0.192572)
     C   23    Vyy=   -0.4620    axis=( -0.854683  0.491575 -0.166944)
     C   23    Vzz=    0.4694    axis=( -0.044551  0.250937  0.966978)
     C   23  Q=         1.0000 1e-30 m^2  Cq=         1.1029 MHz  eta= 0.96834

     Cl  24    Vxx=   -0.3483    axis=( -0.780823  0.581522 -0.228358)
     Cl  24    Vyy=   -2.6307    axis=( -0.131428  0.204444  0.970015)
     Cl  24    Vzz=    2.9790    axis=(  0.610771  0.787423 -0.083206)
     Cl  24  Q=        -8.1650 1e-30 m^2  Cq=       -57.1512 MHz  eta= 0.76614

     Initialization:
     gipaw_setup  :      9.39s CPU     11.16s WALL (       1 calls)

     Linear response

     Apply operators

     Induced current

     Other routines
     efg          :      9.17s CPU     11.46s WALL (       1 calls)

     General routines
     calbec       :      3.20s CPU      3.99s WALL (      16 calls)
     fft          :      1.70s CPU      2.69s WALL (      15 calls)
     ffts         :      0.06s CPU      0.09s WALL (       2 calls)
     fftw         :      3.25s CPU      4.13s WALL (     672 calls)
     davcio       :      0.03s CPU      0.31s WALL (      32 calls)

     Parallel routines
     fft_scatter  :      2.30s CPU      3.85s WALL (     689 calls)

     Plugins

     GIPAW        :     61.38s CPU     74.17s WALL (       1 calls)
