
     Program QE v.6.0 (svn rev. 13079) starts on 14Jan2017 at 15: 3: 6 

     This program is part of the open-source Quantum ESPRESSO suite
     for quantum simulation of materials; please cite
         "P. Giannozzi et al., J. Phys.:Condens. Matter 21 395502 (2009);
          URL http://www.quantum-espresso.org", 
     in publications or presentations arising from this work. More details at
     http://www.quantum-espresso.org/quote

     Parallel version (MPI), running on     8 processors
     R & G space division:  proc/nbgrp/npool/nimage =       8

     ***** This is GIPAW svn revision unknown      *****

     Parallelizing q-star over 1 images

     Reading data from directory:
     /users/majewski/paradichlorobenzene/pbe/9_constraint/scratch/pbe.ecut100.np8.dt60.pcl2phi-129368.save
     Message from routine read_xml_file:
     file /users/majewski/paradichlorobenzene/pbe/9_constraint/scratch/pbe.ecut100.np8.dt60.pcl2phi-129368.save not guaranteed to be safe for post-processing

   Info: using nr1, nr2, nr3 values from input

   Info: using nr1, nr2, nr3 values from input

     IMPORTANT: XC functional enforced from input :
     Exchange-correlation      =  SLA  PW   PBX  PBC ( 1  4  3  4 0 0)
     Any further DFT definition will be discarded
     Please, verify this is what you really want

               file C.pbe-n-kjpaw_psl.1.0.0.UPF: wavefunction(s)  2S 2P renormalized
               file Cl.pbe-n-kjpaw_psl.1.0.0.UPF: wavefunction(s)  3S 3P renormalized
               file H.pbe-kjpaw_psl.1.0.0.UPF: wavefunction(s)  1S renormalized

     Parallelization info
     --------------------
     sticks:   dense  smooth     PW     G-vecs:    dense   smooth      PW
     Min        3057    1223    332               144436    36536    5170
     Max        3059    1225    333               144437    36537    5171
     Sum       24467    9791   2657              1155489   292295   41363


     Subspace diagonalization in iterative solution of the eigenvalue problem:
     a serial algorithm will be used

     GIPAW projectors -----------------------------------------------
     atom=  C    l=0  rc=    1.2000  rs=    0.8000
     atom=  C    l=0  rc=    1.2000  rs=    0.8000
     atom=  C    l=1  rc=    1.4000  rs=    0.9333
     atom=  C    l=1  rc=    1.4000  rs=    0.9333
     projs nearly linearly dependent: l=1  n1,n2= 1, 2  s=  0.99951561

     atom=  Cl   l=0  rc=    1.6000  rs=    1.0667
     atom=  Cl   l=0  rc=    1.6000  rs=    1.0667
     atom=  Cl   l=1  rc=    1.6000  rs=    1.0667
     atom=  Cl   l=1  rc=    1.6000  rs=    1.0667
     atom=  Cl   l=2  rc=    1.6000  rs=    1.0667
     atom=  Cl   l=2  rc=    1.6000  rs=    1.0667
     projs nearly linearly dependent: l=2  n1,n2= 1, 2  s=  0.99993509

     atom=  H    l=0  rc=    1.0000  rs=    0.6667
     atom=  H    l=0  rc=    1.0000  rs=    0.6667
     projs nearly linearly dependent: l=0  n1,n2= 1, 2  s=  0.99968852
     -----------------------------------------------------------------

     GIPAW integrals: -------------------------------------------
     Atom  i/j   nmr_para   nmr_dia   epr_rmc  epr_para   epr_dia
       C   1 1   0.83E+03  0.17E-01  0.93E+01  0.24E+08  0.24E+03
       C   2 1   0.86E+03 -0.61E-01  0.94E+01  0.25E+08  0.25E+03
       C   2 2   0.90E+03 -0.15E+00  0.97E+01  0.26E+08  0.26E+03
       C   3 3   0.33E+01  0.34E+00  0.18E+01  0.55E+03  0.21E+02
       C   4 3   0.35E+01  0.37E+00  0.20E+01  0.59E+03  0.22E+02
       C   4 4   0.38E+01  0.39E+00  0.22E+01  0.63E+03  0.24E+02
       Cl  1 1   0.14E+04 -0.47E+00  0.84E+01  0.32E+09  0.42E+03
       Cl  2 1   0.21E+04 -0.37E+00  0.12E+02  0.49E+09  0.65E+03
       Cl  2 2   0.33E+04 -0.16E+00  0.21E+02  0.76E+09  0.10E+04
       Cl  3 3   0.21E+02  0.79E-01  0.89E+01  0.23E+05  0.13E+03
       Cl  4 3   0.24E+02  0.67E-01  0.99E+01  0.27E+05  0.15E+03
       Cl  4 4   0.28E+02  0.44E-01  0.11E+02  0.32E+05  0.18E+03
       Cl  5 5   0.77E+00  0.19E+00  0.18E+01  0.12E+03  0.22E+02
       Cl  6 5   0.80E+00  0.19E+00  0.19E+01  0.12E+03  0.23E+02
       Cl  6 6   0.83E+00  0.20E+00  0.19E+01  0.12E+03  0.23E+02
       H   1 1   0.39E+02  0.19E+00  0.29E+00  0.78E+05  0.13E+02
       H   2 1   0.41E+02  0.21E+00  0.32E+00  0.82E+05  0.14E+02
       H   2 2   0.43E+02  0.22E+00  0.36E+00  0.86E+05  0.15E+02
     ------------------------------------------------------------

     alpha_pv=     33.7841 eV

     Number of occupied bands for each k-point:
     k-point:     1    nbnd_occ=  42
     k-point:     2    nbnd_occ=  42
     k-point:     3    nbnd_occ=  42
     k-point:     4    nbnd_occ=  42
     k-point:     5    nbnd_occ=  42
     k-point:     6    nbnd_occ=  42
     k-point:     7    nbnd_occ=  42
     k-point:     8    nbnd_occ=  42
     k-point:     9    nbnd_occ=  42
     k-point:    10    nbnd_occ=  42
     k-point:    11    nbnd_occ=  42
     k-point:    12    nbnd_occ=  42
     k-point:    13    nbnd_occ=  42
     k-point:    14    nbnd_occ=  42
     k-point:    15    nbnd_occ=  42
     k-point:    16    nbnd_occ=  42


     q-space interpolation up to   110.00 Rydberg

     GIPAW job: efg                                                                             


     ELECTRIC FIELD GRADIENTS TENSORS IN Hartree/bohrradius^2:

     ----- bare term -----
     Cl   1       -0.021048        0.063803       -0.049823
     Cl   1        0.063803       -0.020252       -0.018710
     Cl   1       -0.049823       -0.018710        0.041299

     C    2       -0.145572        0.041773       -0.473428
     C    2        0.041773       -0.103043       -0.501395
     C    2       -0.473428       -0.501395        0.248615

     C    3       -0.225813        0.266728       -0.281375
     C    3        0.266728       -0.183976       -0.555610
     C    3       -0.281375       -0.555610        0.409789

     H    4       -0.075549       -0.126662       -0.497442
     H    4       -0.126662        0.428511       -0.032843
     H    4       -0.497442       -0.032843       -0.352961

     C    5       -0.304180        0.276086       -0.287386
     C    5        0.276086       -0.140944       -0.413950
     C    5       -0.287386       -0.413950        0.445124

     H    6        0.255068       -0.238298       -0.115704
     H    6       -0.238298       -0.450473       -0.471771
     H    6       -0.115704       -0.471771        0.195405

     H    7        0.527994        0.025609        0.088540
     H    7        0.025609        0.032183        0.216280
     H    7        0.088540        0.216280       -0.560177

     C    8       -0.505972       -0.338524       -0.375561
     C    8       -0.338524        0.177993        0.401824
     C    8       -0.375561        0.401824        0.327979

     H    9        0.058328        0.115978       -0.378386
     H    9        0.115978        0.402012       -0.144124
     H    9       -0.378386       -0.144124       -0.460340

     C   10       -0.087477       -0.305644       -0.218266
     C   10       -0.305644       -0.149758        0.643196
     C   10       -0.218266        0.643196        0.237235

     C   11       -0.240085       -0.091951       -0.421370
     C   11       -0.091951       -0.034396        0.455049
     C   11       -0.421370        0.455049        0.274481

     Cl  12       -0.019045       -0.000639        0.007497
     Cl  12       -0.000639        0.043285       -0.061736
     Cl  12        0.007497       -0.061736       -0.024239

     H   13        0.255641       -0.348235        0.080126
     H   13       -0.348235       -0.551466       -0.216401
     H   13        0.080126       -0.216401        0.295825

     C   14       -0.382420        0.310641       -0.382116
     C   14        0.310641       -0.126613       -0.355003
     C   14       -0.382116       -0.355003        0.509032

     H   15       -0.398402       -0.358259       -0.421388
     H   15       -0.358259        0.181443       -0.206293
     H   15       -0.421388       -0.206293        0.216959

     C   16       -0.150162        0.156541       -0.303743
     C   16        0.156541       -0.208662       -0.536531
     C   16       -0.303743       -0.536531        0.358824

     C   17       -0.191749        0.122434       -0.423783
     C   17        0.122434       -0.177963       -0.525812
     C   17       -0.423783       -0.525812        0.369713

     Cl  18       -0.077410        0.057470       -0.084054
     Cl  18        0.057470       -0.041574       -0.072983
     Cl  18       -0.084054       -0.072983        0.118984

     H   19        0.405006        0.000673        0.268193
     H   19        0.000673        0.060334        0.384543
     H   19        0.268193        0.384543       -0.465340

     C   20       -0.286016       -0.204514       -0.331903
     C   20       -0.204514       -0.218329        0.417210
     C   20       -0.331903        0.417210        0.504344

     H   21        0.106490        0.095483       -0.359684
     H   21        0.095483        0.463389       -0.062427
     H   21       -0.359684       -0.062427       -0.569879

     C   22       -0.319334       -0.294008       -0.320830
     C   22       -0.294008       -0.180435        0.429594
     C   22       -0.320830        0.429594        0.499769

     C   23       -0.101029       -0.098627       -0.302083
     C   23       -0.098627       -0.146235        0.566522
     C   23       -0.302083        0.566522        0.247263

     Cl  24       -0.033969       -0.000220       -0.061181
     Cl  24       -0.000220        0.038280        0.089048
     Cl  24       -0.061181        0.089048       -0.004311

     ----- ionic term -----
     Cl   1        0.147353       -0.214084        0.006291
     Cl   1       -0.214084        0.001837        0.003892
     Cl   1        0.006291        0.003892       -0.149189

     C    2        0.260103       -0.150026        0.300214
     C    2       -0.150026        0.048578        0.408794
     C    2        0.300214        0.408794       -0.308681

     C    3        0.056840       -0.231374        0.257039
     C    3       -0.231374        0.187332        0.370152
     C    3        0.257039        0.370152       -0.244172

     H    4        0.490084        0.283652        0.735917
     H    4        0.283652       -0.435256        0.265104
     H    4        0.735917        0.265104       -0.054828

     C    5        0.151869       -0.199261        0.339340
     C    5       -0.199261        0.127487        0.239955
     C    5        0.339340        0.239955       -0.279357

     H    6       -0.513424        0.178016        0.118432
     H    6        0.178016        0.706732        0.644356
     H    6        0.118432        0.644356       -0.193308

     H    7       -0.528801       -0.045889        0.065384
     H    7       -0.045889        0.337660       -0.802385
     H    7        0.065384       -0.802385        0.191140

     C    8        0.231272        0.231036        0.274748
     C    8        0.231036       -0.080379       -0.322245
     C    8        0.274748       -0.322245       -0.150893

     H    9        0.293968       -0.198322        0.794530
     H    9       -0.198322       -0.491824       -0.264454
     H    9        0.794530       -0.264454        0.197856

     C   10        0.042641        0.253950        0.191356
     C   10        0.253950        0.105956       -0.467459
     C   10        0.191356       -0.467459       -0.148597

     C   11        0.073179        0.214459        0.291768
     C   11        0.214459        0.055767       -0.466480
     C   11        0.291768       -0.466480       -0.128946

     Cl  12        0.122589        0.213551        0.003171
     Cl  12        0.213551        0.007230       -0.007400
     Cl  12        0.003171       -0.007400       -0.129819

     H   13       -0.467177        0.210627        0.100771
     H   13        0.210627        0.752921        0.604209
     H   13        0.100771        0.604209       -0.285744

     C   14        0.311510       -0.129260        0.347035
     C   14       -0.129260        0.085869        0.253402
     C   14        0.347035        0.253402       -0.397379

     H   15        0.531863        0.436167        0.637499
     H   15        0.436167       -0.296008        0.297400
     H   15        0.637499        0.297400       -0.235855

     C   16        0.093948       -0.154010        0.249392
     C   16       -0.154010        0.309149        0.340130
     C   16        0.249392        0.340130       -0.403097

     C   17        0.082518       -0.165472        0.354687
     C   17       -0.165472        0.234487        0.308929
     C   17        0.354687        0.308929       -0.317005

     Cl  18        0.107812       -0.198693        0.054921
     Cl  18       -0.198693        0.041127       -0.031228
     Cl  18        0.054921       -0.031228       -0.148939

     H   19       -0.519675        0.069932       -0.035080
     H   19        0.069932        0.399676       -0.791852
     H   19       -0.035080       -0.791852        0.119999

     C   20        0.196803        0.266687        0.285722
     C   20        0.266687       -0.048456       -0.309448
     C   20        0.285722       -0.309448       -0.148347

     H   21        0.337673       -0.147998        0.841135
     H   21       -0.147998       -0.537926       -0.209393
     H   21        0.841135       -0.209393        0.200254

     C   22        0.069194        0.313081        0.208652
     C   22        0.313081        0.030594       -0.395298
     C   22        0.208652       -0.395298       -0.099788

     C   23        0.090758        0.240924        0.288768
     C   23        0.240924        0.010863       -0.390969
     C   23        0.288768       -0.390969       -0.101621

     Cl  24        0.081914        0.196460        0.023340
     Cl  24        0.196460        0.043628        0.012628
     Cl  24        0.023340        0.012628       -0.125542

     ----- GIPAW term -----
     Cl   1        1.399126       -2.010555       -0.381695
     Cl   1       -2.010555       -0.003744       -0.146365
     Cl   1       -0.381695       -0.146365       -1.395382

     C    2        0.072144       -0.084618       -0.125089
     C    2       -0.084618       -0.010900       -0.105377
     C    2       -0.125089       -0.105377       -0.061245

     C    3       -0.121914        0.049477       -0.097856
     C    3        0.049477       -0.023563       -0.184532
     C    3       -0.097856       -0.184532        0.145477

     H    4       -0.000000        0.000000        0.000000
     H    4        0.000000        0.000000        0.000000
     H    4        0.000000        0.000000        0.000000

     C    5       -0.026377        0.053439       -0.031347
     C    5        0.053439       -0.054866       -0.085088
     C    5       -0.031347       -0.085088        0.081243

     H    6       -0.000000        0.000000        0.000000
     H    6        0.000000        0.000000        0.000000
     H    6        0.000000        0.000000        0.000000

     H    7       -0.000000        0.000000        0.000000
     H    7        0.000000        0.000000        0.000000
     H    7        0.000000        0.000000        0.000000

     C    8       -0.132849       -0.127194       -0.116361
     C    8       -0.127194        0.080388        0.195092
     C    8       -0.116361        0.195092        0.052461

     H    9       -0.000000        0.000000        0.000000
     H    9        0.000000        0.000000        0.000000
     H    9        0.000000        0.000000        0.000000

     C   10       -0.090137       -0.089417       -0.066523
     C   10       -0.089417        0.104553        0.192534
     C   10       -0.066523        0.192534       -0.014416

     C   11        0.034749        0.086442       -0.083906
     C   11        0.086442        0.034362        0.076241
     C   11       -0.083906        0.076241       -0.069111

     Cl  12        1.164964        2.112545        0.043313
     Cl  12        2.112545        0.472794       -0.482412
     Cl  12        0.043313       -0.482412       -1.637758

     H   13       -0.000000        0.000000        0.000000
     H   13        0.000000        0.000000        0.000000
     H   13        0.000000        0.000000        0.000000

     C   14       -0.046629        0.074955       -0.122558
     C   14        0.074955       -0.073686       -0.094791
     C   14       -0.122558       -0.094791        0.120315

     H   15       -0.000000        0.000000        0.000000
     H   15        0.000000        0.000000        0.000000
     H   15        0.000000        0.000000        0.000000

     C   16       -0.026358       -0.018102       -0.074969
     C   16       -0.018102       -0.016867       -0.091962
     C   16       -0.074969       -0.091962        0.043225

     C   17       -0.014521       -0.066186       -0.119777
     C   17       -0.066186       -0.033434       -0.166475
     C   17       -0.119777       -0.166475        0.047955

     Cl  18       -0.434408       -1.019871       -1.042292
     Cl  18       -1.019871       -0.457823       -1.915943
     Cl  18       -1.042292       -1.915943        0.892231

     H   19       -0.000000        0.000000        0.000000
     H   19        0.000000        0.000000        0.000000
     H   19        0.000000        0.000000        0.000000

     C   20       -0.082906       -0.030783       -0.111073
     C   20       -0.030783       -0.150403        0.102154
     C   20       -0.111073        0.102154        0.233309

     H   21       -0.000000        0.000000        0.000000
     H   21        0.000000        0.000000        0.000000
     H   21        0.000000        0.000000        0.000000

     C   22       -0.149167       -0.046263       -0.128294
     C   22       -0.046263       -0.082038        0.124784
     C   22       -0.128294        0.124784        0.231205

     C   23        0.065200        0.080870       -0.059405
     C   23        0.080870        0.011602        0.099211
     C   23       -0.059405        0.099211       -0.076801

     Cl  24        0.997333        2.090088       -0.413676
     Cl  24        2.090088        0.477968        0.780544
     Cl  24       -0.413676        0.780544       -1.475301

     ----- total EFG -----
     Cl   1        1.525431       -2.160836       -0.425227
     Cl   1       -2.160836       -0.022159       -0.161184
     Cl   1       -0.425227       -0.161184       -1.503272

     C    2        0.186675       -0.192870       -0.298303
     C    2       -0.192870       -0.065365       -0.197978
     C    2       -0.298303       -0.197978       -0.121310

     C    3       -0.290886        0.084831       -0.122192
     C    3        0.084831       -0.020207       -0.369991
     C    3       -0.122192       -0.369991        0.311093

     H    4        0.414535        0.156990        0.238475
     H    4        0.156990       -0.006745        0.232261
     H    4        0.238475        0.232261       -0.407789

     C    5       -0.178687        0.130263        0.020607
     C    5        0.130263       -0.068322       -0.259083
     C    5        0.020607       -0.259083        0.247010

     H    6       -0.258356       -0.060282        0.002727
     H    6       -0.060282        0.256259        0.172585
     H    6        0.002727        0.172585        0.002097

     H    7       -0.000806       -0.020279        0.153925
     H    7       -0.020279        0.369843       -0.586105
     H    7        0.153925       -0.586105       -0.369037

     C    8       -0.407549       -0.234682       -0.217175
     C    8       -0.234682        0.178002        0.274672
     C    8       -0.217175        0.274672        0.229547

     H    9        0.352296       -0.082344        0.416144
     H    9       -0.082344       -0.089812       -0.408577
     H    9        0.416144       -0.408577       -0.262484

     C   10       -0.134973       -0.141111       -0.093433
     C   10       -0.141111        0.060751        0.368271
     C   10       -0.093433        0.368271        0.074222

     C   11       -0.132157        0.208950       -0.213507
     C   11        0.208950        0.055733        0.064809
     C   11       -0.213507        0.064809        0.076424

     Cl  12        1.268508        2.325457        0.053981
     Cl  12        2.325457        0.523309       -0.551548
     Cl  12        0.053981       -0.551548       -1.791817

     H   13       -0.211536       -0.137608        0.180898
     H   13       -0.137608        0.201455        0.387808
     H   13        0.180898        0.387808        0.010082

     C   14       -0.117539        0.256336       -0.157640
     C   14        0.256336       -0.114429       -0.196392
     C   14       -0.157640       -0.196392        0.231968

     H   15        0.133461        0.077908        0.216111
     H   15        0.077908       -0.114565        0.091107
     H   15        0.216111        0.091107       -0.018896

     C   16       -0.082572       -0.015571       -0.129319
     C   16       -0.015571        0.083620       -0.288363
     C   16       -0.129319       -0.288363       -0.001048

     C   17       -0.123753       -0.109224       -0.188874
     C   17       -0.109224        0.023090       -0.383358
     C   17       -0.188874       -0.383358        0.100663

     Cl  18       -0.404005       -1.161095       -1.071425
     Cl  18       -1.161095       -0.458270       -2.020154
     Cl  18       -1.071425       -2.020154        0.862275

     H   19       -0.114669        0.070606        0.233114
     H   19        0.070606        0.460010       -0.407309
     H   19        0.233114       -0.407309       -0.345341

     C   20       -0.172119        0.031390       -0.157253
     C   20        0.031390       -0.417188        0.209916
     C   20       -0.157253        0.209916        0.589307

     H   21        0.444162       -0.052515        0.481451
     H   21       -0.052515       -0.074537       -0.271819
     H   21        0.481451       -0.271819       -0.369626

     C   22       -0.399306       -0.027189       -0.240473
     C   22       -0.027189       -0.231879        0.159080
     C   22       -0.240473        0.159080        0.631186

     C   23        0.054929        0.223167       -0.072721
     C   23        0.223167       -0.123770        0.274763
     C   23       -0.072721        0.274763        0.068841

     Cl  24        1.045278        2.286327       -0.451516
     Cl  24        2.286327        0.559876        0.882220
     Cl  24       -0.451516        0.882220       -1.605155

     ----- total EFG (symmetrized) -----
     Cl   1        1.525431       -2.160836       -0.425227
     Cl   1       -2.160836       -0.022159       -0.161184
     Cl   1       -0.425227       -0.161184       -1.503272

     C    2        0.186675       -0.192870       -0.298303
     C    2       -0.192870       -0.065365       -0.197978
     C    2       -0.298303       -0.197978       -0.121310

     C    3       -0.290886        0.084831       -0.122192
     C    3        0.084831       -0.020207       -0.369991
     C    3       -0.122192       -0.369991        0.311093

     H    4        0.414535        0.156990        0.238475
     H    4        0.156990       -0.006745        0.232261
     H    4        0.238475        0.232261       -0.407789

     C    5       -0.178687        0.130263        0.020607
     C    5        0.130263       -0.068322       -0.259083
     C    5        0.020607       -0.259083        0.247010

     H    6       -0.258356       -0.060282        0.002727
     H    6       -0.060282        0.256259        0.172585
     H    6        0.002727        0.172585        0.002097

     H    7       -0.000806       -0.020279        0.153925
     H    7       -0.020279        0.369843       -0.586105
     H    7        0.153925       -0.586105       -0.369037

     C    8       -0.407549       -0.234682       -0.217175
     C    8       -0.234682        0.178002        0.274672
     C    8       -0.217175        0.274672        0.229547

     H    9        0.352296       -0.082344        0.416144
     H    9       -0.082344       -0.089812       -0.408577
     H    9        0.416144       -0.408577       -0.262484

     C   10       -0.134973       -0.141111       -0.093433
     C   10       -0.141111        0.060751        0.368271
     C   10       -0.093433        0.368271        0.074222

     C   11       -0.132157        0.208950       -0.213507
     C   11        0.208950        0.055733        0.064809
     C   11       -0.213507        0.064809        0.076424

     Cl  12        1.268508        2.325457        0.053981
     Cl  12        2.325457        0.523309       -0.551548
     Cl  12        0.053981       -0.551548       -1.791817

     H   13       -0.211536       -0.137608        0.180898
     H   13       -0.137608        0.201455        0.387808
     H   13        0.180898        0.387808        0.010082

     C   14       -0.117539        0.256336       -0.157640
     C   14        0.256336       -0.114429       -0.196392
     C   14       -0.157640       -0.196392        0.231968

     H   15        0.133461        0.077908        0.216111
     H   15        0.077908       -0.114565        0.091107
     H   15        0.216111        0.091107       -0.018896

     C   16       -0.082572       -0.015571       -0.129319
     C   16       -0.015571        0.083620       -0.288363
     C   16       -0.129319       -0.288363       -0.001048

     C   17       -0.123753       -0.109224       -0.188874
     C   17       -0.109224        0.023090       -0.383358
     C   17       -0.188874       -0.383358        0.100663

     Cl  18       -0.404005       -1.161095       -1.071425
     Cl  18       -1.161095       -0.458270       -2.020154
     Cl  18       -1.071425       -2.020154        0.862275

     H   19       -0.114669        0.070606        0.233114
     H   19        0.070606        0.460010       -0.407309
     H   19        0.233114       -0.407309       -0.345341

     C   20       -0.172119        0.031390       -0.157253
     C   20        0.031390       -0.417188        0.209916
     C   20       -0.157253        0.209916        0.589307

     H   21        0.444162       -0.052515        0.481451
     H   21       -0.052515       -0.074537       -0.271819
     H   21        0.481451       -0.271819       -0.369626

     C   22       -0.399306       -0.027189       -0.240473
     C   22       -0.027189       -0.231879        0.159080
     C   22       -0.240473        0.159080        0.631186

     C   23        0.054929        0.223167       -0.072721
     C   23        0.223167       -0.123770        0.274763
     C   23       -0.072721        0.274763        0.068841

     Cl  24        1.045278        2.286327       -0.451516
     Cl  24        2.286327        0.559876        0.882220
     Cl  24       -0.451516        0.882220       -1.605155


     NQR/NMR SPECTROSCOPIC PARAMETERS:
     Cl   1    Vxx=   -1.1544    axis=( -0.364320 -0.593106  0.717981)
     Cl   1    Vyy=   -1.9068    axis=( -0.443285 -0.567579 -0.693796)
     Cl   1    Vzz=    3.0612    axis=( -0.819005  0.571034  0.056134)
     Cl   1  Q=        -8.1650 1e-30 m^2  Cq=       -58.7271 MHz  eta= 0.24581

     C    2    Vxx=    0.1004    axis=(  0.123160 -0.816741  0.563707)
     C    2    Vyy=    0.3796    axis=( -0.874809  0.178842  0.450250)
     C    2    Vzz=   -0.4800    axis=( -0.468553 -0.548588 -0.692466)
     C    2  Q=         1.0000 1e-30 m^2  Cq=        -1.1278 MHz  eta= 0.58183

     C    3    Vxx=   -0.2596    axis=(  0.080749  0.828346  0.554367)
     C    3    Vyy=   -0.3168    axis=( -0.982305  0.160429 -0.096635)
     C    3    Vzz=    0.5763    axis=( -0.168984 -0.536755  0.826643)
     C    3  Q=         1.0000 1e-30 m^2  Cq=         1.3541 MHz  eta= 0.09927

     H    4    Vxx=   -0.0217    axis=(  0.443872 -0.862100 -0.244460)
     H    4    Vyy=   -0.5407    axis=( -0.172384 -0.349862  0.920804)
     H    4    Vzz=    0.5624    axis=( -0.879353 -0.366578 -0.303906)
     H    4  Q=         1.0000 1e-30 m^2  Cq=         1.3214 MHz  eta= 0.92278

     C    5    Vxx=   -0.0740    axis=(  0.747435  0.539580  0.387550)
     C    5    Vyy=   -0.3225    axis=(  0.659121 -0.675255 -0.331045)
     C    5    Vzz=    0.3965    axis=( -0.083070 -0.502877  0.860357)
     C    5  Q=         1.0000 1e-30 m^2  Cq=         0.9315 MHz  eta= 0.62687

     H    6    Vxx=   -0.0804    axis=(  0.158545 -0.427803  0.889858)
     H    6    Vyy=   -0.2677    axis=(  0.983542  0.147522 -0.104315)
     H    6    Vzz=    0.3481    axis=( -0.086647  0.891752  0.444152)
     H    6  Q=         1.0000 1e-30 m^2  Cq=         0.8178 MHz  eta= 0.53810

     H    7    Vxx=    0.0091    axis=(  0.975961  0.199051  0.088760)
     H    7    Vyy=    0.7054    axis=(  0.131370 -0.862245  0.489158)
     H    7    Vzz=   -0.7145    axis=(  0.173901 -0.465739 -0.867667)
     H    7  Q=         1.0000 1e-30 m^2  Cq=        -1.6788 MHz  eta= 0.97465

     C    8    Vxx=   -0.0707    axis=(  0.052286 -0.717669  0.694419)
     C    8    Vyy=   -0.5116    axis=( -0.950380 -0.249298 -0.186086)
     C    8    Vzz=    0.5823    axis=(  0.306665 -0.650232 -0.695093)
     C    8  Q=         1.0000 1e-30 m^2  Cq=         1.3682 MHz  eta= 0.75726

     H    9    Vxx=    0.0116    axis=(  0.557932  0.772189 -0.304034)
     H    9    Vyy=    0.6630    axis=( -0.779750  0.362370 -0.510566)
     H    9    Vzz=   -0.6746    axis=( -0.284081  0.521931  0.804292)
     H    9  Q=         1.0000 1e-30 m^2  Cq=        -1.5851 MHz  eta= 0.96573

     C   10    Vxx=   -0.1706    axis=(  0.933443 -0.001677  0.358723)
     C   10    Vyy=   -0.3098    axis=( -0.246787 -0.728750  0.638764)
     C   10    Vzz=    0.4805    axis=( -0.260348  0.684778  0.680660)
     C   10  Q=         1.0000 1e-30 m^2  Cq=         1.1289 MHz  eta= 0.28974

     C   11    Vxx=    0.1300    axis=(  0.062909  0.750798  0.657530)
     C   11    Vyy=    0.2416    axis=( -0.622276 -0.485579  0.613992)
     C   11    Vzz=   -0.3716    axis=( -0.780266  0.447790 -0.436656)
     C   11  Q=         1.0000 1e-30 m^2  Cq=        -0.8730 MHz  eta= 0.30024

     Cl  12    Vxx=   -1.1487    axis=( -0.566195  0.601610 -0.563461)
     Cl  12    Vyy=   -2.1223    axis=( -0.329527  0.461375  0.823738)
     Cl  12    Vzz=    3.2710    axis=(  0.755536  0.652072 -0.062981)
     Cl  12  Q=        -8.1650 1e-30 m^2  Cq=       -62.7528 MHz  eta= 0.29766

     H   13    Vxx=   -0.0217    axis=(  0.767383 -0.399045  0.501883)
     H   13    Vyy=   -0.4836    axis=( -0.641170 -0.471554  0.605424)
     H   13    Vzz=    0.5052    axis=(  0.004926  0.786384  0.617718)
     H   13  Q=         1.0000 1e-30 m^2  Cq=         1.1871 MHz  eta= 0.91422

     C   14    Vxx=   -0.0675    axis=(  0.581165  0.505657  0.637620)
     C   14    Vyy=   -0.3738    axis=( -0.689048  0.722629  0.054968)
     C   14    Vzz=    0.4413    axis=( -0.432967 -0.471296  0.768388)
     C   14  Q=         1.0000 1e-30 m^2  Cq=         1.0368 MHz  eta= 0.69423

     H   15    Vxx=   -0.1277    axis=( -0.497128  0.811045  0.308336)
     H   15    Vyy=   -0.1901    axis=( -0.382325 -0.523753  0.761256)
     H   15    Vzz=    0.3178    axis=( -0.778904 -0.260557 -0.570455)
     H   15  Q=         1.0000 1e-30 m^2  Cq=         0.7467 MHz  eta= 0.19646

     C   16    Vxx=   -0.0409    axis=(  0.875523 -0.424555 -0.230678)
     C   16    Vyy=   -0.3047    axis=(  0.450298  0.543851  0.708137)
     C   16    Vzz=    0.3457    axis=(  0.175189  0.723864 -0.667330)
     C   16  Q=         1.0000 1e-30 m^2  Cq=         0.8122 MHz  eta= 0.76309

     C   17    Vxx=   -0.0003    axis=(  0.834685 -0.481583 -0.267170)
     C   17    Vyy=   -0.4554    axis=( -0.536005 -0.598953 -0.594940)
     C   17    Vzz=    0.4557    axis=(  0.126491  0.639792 -0.758068)
     C   17  Q=         1.0000 1e-30 m^2  Cq=         1.0708 MHz  eta= 0.99878

     Cl  18    Vxx=    0.5655    axis=(  0.842596 -0.482137 -0.239951)
     Cl  18    Vyy=    2.3432    axis=(  0.085208  0.559292 -0.824580)
     Cl  18    Vzz=   -2.9087    axis=(  0.531763  0.674342  0.512339)
     Cl  18  Q=        -8.1650 1e-30 m^2  Cq=        55.8020 MHz  eta= 0.61117

     H   19    Vxx=   -0.0014    axis=(  0.903965  0.196793  0.379632)
     H   19    Vyy=   -0.6296    axis=(  0.426130 -0.340872 -0.837985)
     H   19    Vzz=    0.6310    axis=( -0.035504  0.919282 -0.391996)
     H   19  Q=         1.0000 1e-30 m^2  Cq=         1.4825 MHz  eta= 0.99556

     C   20    Vxx=   -0.1851    axis=(  0.960715  0.246055  0.128389)
     C   20    Vyy=   -0.4727    axis=( -0.214365  0.951692 -0.219842)
     C   20    Vzz=    0.6578    axis=( -0.176280  0.183684  0.967050)
     C   20  Q=         1.0000 1e-30 m^2  Cq=         1.5457 MHz  eta= 0.43727

     H   21    Vxx=   -0.0240    axis=(  0.344116  0.908920 -0.235475)
     H   21    Vyy=   -0.6792    axis=(  0.353671 -0.357798 -0.864232)
     H   21    Vzz=    0.7032    axis=( -0.869770  0.214115 -0.444583)
     H   21  Q=         1.0000 1e-30 m^2  Cq=         1.6522 MHz  eta= 0.93174

     C   22    Vxx=   -0.2591    axis=(  0.075751  0.984922 -0.155530)
     C   22    Vyy=   -0.4530    axis=( -0.974243  0.039883 -0.221945)
     C   22    Vzz=    0.7121    axis=( -0.212395  0.168337  0.962575)
     C   22  Q=         1.0000 1e-30 m^2  Cq=         1.6731 MHz  eta= 0.27228

     C   23    Vxx=    0.1303    axis=(  0.810346  0.084773 -0.579787)
     C   23    Vyy=    0.2946    axis=( -0.400221 -0.642632 -0.653336)
     C   23    Vzz=   -0.4249    axis=(  0.427975 -0.761471  0.486826)
     C   23  Q=         1.0000 1e-30 m^2  Cq=        -0.9983 MHz  eta= 0.38659

     Cl  24    Vxx=   -0.5997    axis=(  0.522484 -0.510745 -0.682752)
     Cl  24    Vyy=   -2.5164    axis=( -0.433082  0.530793 -0.728490)
     Cl  24    Vzz=    3.1160    axis=( -0.734473 -0.676312 -0.056136)
     Cl  24  Q=        -8.1650 1e-30 m^2  Cq=       -59.7798 MHz  eta= 0.61511

     Initialization:
     gipaw_setup  :      9.11s CPU     10.99s WALL (       1 calls)

     Linear response

     Apply operators

     Induced current

     Other routines
     efg          :      9.45s CPU     11.77s WALL (       1 calls)

     General routines
     calbec       :      3.28s CPU      4.37s WALL (      16 calls)
     fft          :      1.41s CPU      1.90s WALL (      15 calls)
     ffts         :      0.03s CPU      0.04s WALL (       2 calls)
     fftw         :      3.40s CPU      3.98s WALL (     672 calls)
     davcio       :      0.02s CPU      0.31s WALL (      32 calls)

     Parallel routines
     fft_scatter  :      1.98s CPU      2.96s WALL (     689 calls)

     Plugins

     GIPAW        :     60.83s CPU     71.92s WALL (       1 calls)
