
     Program QE v.6.0 (svn rev. 13079) starts on 26Dec2016 at 23:18:10 

     This program is part of the open-source Quantum ESPRESSO suite
     for quantum simulation of materials; please cite
         "P. Giannozzi et al., J. Phys.:Condens. Matter 21 395502 (2009);
          URL http://www.quantum-espresso.org", 
     in publications or presentations arising from this work. More details at
     http://www.quantum-espresso.org/quote

     Parallel version (MPI), running on     8 processors
     R & G space division:  proc/nbgrp/npool/nimage =       8

     ***** This is GIPAW svn revision unknown      *****

     Parallelizing q-star over 1 images

     Reading data from directory:
     /users/majewski/paradichlorobenzene/pbe/9_constraint/scratch/pbe.ecut100.np8.dt60.pcl2phi-129368.save
     Message from routine read_xml_file:
     file /users/majewski/paradichlorobenzene/pbe/9_constraint/scratch/pbe.ecut100.np8.dt60.pcl2phi-129368.save not guaranteed to be safe for post-processing

   Info: using nr1, nr2, nr3 values from input

   Info: using nr1, nr2, nr3 values from input

     IMPORTANT: XC functional enforced from input :
     Exchange-correlation      =  SLA  PW   PBX  PBC ( 1  4  3  4 0 0)
     Any further DFT definition will be discarded
     Please, verify this is what you really want

               file C.pbe-n-kjpaw_psl.1.0.0.UPF: wavefunction(s)  2S 2P renormalized
               file Cl.pbe-n-kjpaw_psl.1.0.0.UPF: wavefunction(s)  3S 3P renormalized
               file H.pbe-kjpaw_psl.1.0.0.UPF: wavefunction(s)  1S renormalized

     Parallelization info
     --------------------
     sticks:   dense  smooth     PW     G-vecs:    dense   smooth      PW
     Min        3057    1223    332               144436    36536    5170
     Max        3059    1225    333               144437    36537    5171
     Sum       24467    9791   2657              1155489   292295   41363


     Subspace diagonalization in iterative solution of the eigenvalue problem:
     a serial algorithm will be used

     GIPAW projectors -----------------------------------------------
     atom=  C    l=0  rc=    1.2000  rs=    0.8000
     atom=  C    l=0  rc=    1.2000  rs=    0.8000
     atom=  C    l=1  rc=    1.4000  rs=    0.9333
     atom=  C    l=1  rc=    1.4000  rs=    0.9333
     projs nearly linearly dependent: l=1  n1,n2= 1, 2  s=  0.99951561

     atom=  Cl   l=0  rc=    1.6000  rs=    1.0667
     atom=  Cl   l=0  rc=    1.6000  rs=    1.0667
     atom=  Cl   l=1  rc=    1.6000  rs=    1.0667
     atom=  Cl   l=1  rc=    1.6000  rs=    1.0667
     atom=  Cl   l=2  rc=    1.6000  rs=    1.0667
     atom=  Cl   l=2  rc=    1.6000  rs=    1.0667
     projs nearly linearly dependent: l=2  n1,n2= 1, 2  s=  0.99993509

     atom=  H    l=0  rc=    1.0000  rs=    0.6667
     atom=  H    l=0  rc=    1.0000  rs=    0.6667
     projs nearly linearly dependent: l=0  n1,n2= 1, 2  s=  0.99968852
     -----------------------------------------------------------------

     GIPAW integrals: -------------------------------------------
     Atom  i/j   nmr_para   nmr_dia   epr_rmc  epr_para   epr_dia
       C   1 1   0.83E+03  0.17E-01  0.93E+01  0.24E+08  0.24E+03
       C   2 1   0.86E+03 -0.61E-01  0.94E+01  0.25E+08  0.25E+03
       C   2 2   0.90E+03 -0.15E+00  0.97E+01  0.26E+08  0.26E+03
       C   3 3   0.33E+01  0.34E+00  0.18E+01  0.55E+03  0.21E+02
       C   4 3   0.35E+01  0.37E+00  0.20E+01  0.59E+03  0.22E+02
       C   4 4   0.38E+01  0.39E+00  0.22E+01  0.63E+03  0.24E+02
       Cl  1 1   0.14E+04 -0.47E+00  0.84E+01  0.32E+09  0.42E+03
       Cl  2 1   0.21E+04 -0.37E+00  0.12E+02  0.49E+09  0.65E+03
       Cl  2 2   0.33E+04 -0.16E+00  0.21E+02  0.76E+09  0.10E+04
       Cl  3 3   0.21E+02  0.79E-01  0.89E+01  0.23E+05  0.13E+03
       Cl  4 3   0.24E+02  0.67E-01  0.99E+01  0.27E+05  0.15E+03
       Cl  4 4   0.28E+02  0.44E-01  0.11E+02  0.32E+05  0.18E+03
       Cl  5 5   0.77E+00  0.19E+00  0.18E+01  0.12E+03  0.22E+02
       Cl  6 5   0.80E+00  0.19E+00  0.19E+01  0.12E+03  0.23E+02
       Cl  6 6   0.83E+00  0.20E+00  0.19E+01  0.12E+03  0.23E+02
       H   1 1   0.39E+02  0.19E+00  0.29E+00  0.78E+05  0.13E+02
       H   2 1   0.41E+02  0.21E+00  0.32E+00  0.82E+05  0.14E+02
       H   2 2   0.43E+02  0.22E+00  0.36E+00  0.86E+05  0.15E+02
     ------------------------------------------------------------

     alpha_pv=     34.7194 eV

     Number of occupied bands for each k-point:
     k-point:     1    nbnd_occ=  42
     k-point:     2    nbnd_occ=  42
     k-point:     3    nbnd_occ=  42
     k-point:     4    nbnd_occ=  42
     k-point:     5    nbnd_occ=  42
     k-point:     6    nbnd_occ=  42
     k-point:     7    nbnd_occ=  42
     k-point:     8    nbnd_occ=  42
     k-point:     9    nbnd_occ=  42
     k-point:    10    nbnd_occ=  42
     k-point:    11    nbnd_occ=  42
     k-point:    12    nbnd_occ=  42
     k-point:    13    nbnd_occ=  42
     k-point:    14    nbnd_occ=  42
     k-point:    15    nbnd_occ=  42
     k-point:    16    nbnd_occ=  42


     q-space interpolation up to   110.00 Rydberg

     GIPAW job: efg                                                                             


     ELECTRIC FIELD GRADIENTS TENSORS IN Hartree/bohrradius^2:

     ----- bare term -----
     Cl   1        0.018936        0.038189        0.040553
     Cl   1        0.038189        0.020857        0.110873
     Cl   1        0.040553        0.110873       -0.039794

     C    2       -0.181635        0.211754       -0.505485
     C    2        0.211754        0.102595       -0.286009
     C    2       -0.505485       -0.286009        0.079041

     C    3        0.112377        0.533443       -0.038787
     C    3        0.533443       -0.239330       -0.578170
     C    3       -0.038787       -0.578170        0.126953

     H    4       -0.266101       -0.218979       -0.452121
     H    4       -0.218979        0.401732       -0.076674
     H    4       -0.452121       -0.076674       -0.135632

     C    5       -0.694533        0.386291       -0.451558
     C    5        0.386291        0.392834       -0.069371
     C    5       -0.451558       -0.069371        0.301699

     H    6        0.411168       -0.079415        0.030368
     H    6       -0.079415       -0.440312       -0.555532
     H    6        0.030368       -0.555532        0.029144

     H    7        0.314681       -0.195259        0.174479
     H    7       -0.195259       -0.350396        0.592747
     H    7        0.174479        0.592747        0.035715

     C    8       -0.131925        0.251944       -0.422741
     C    8        0.251944       -0.000149        0.463920
     C    8       -0.422741        0.463920        0.132074

     H    9       -0.213021        0.341418       -0.392992
     H    9        0.341418       -0.113542        0.198696
     H    9       -0.392992        0.198696        0.326563

     C   10       -0.571838       -0.313433       -0.169540
     C   10       -0.313433        0.191868        0.257266
     C   10       -0.169540        0.257266        0.379970

     C   11       -0.005380        0.404803       -0.426712
     C   11        0.404803       -0.032365        0.711411
     C   11       -0.426712        0.711411        0.037744

     Cl  12       -0.333569       -0.275352        0.026750
     Cl  12       -0.275352        0.177960        0.113712
     Cl  12        0.026750        0.113712        0.155608

     H   13        0.283784       -0.392401        0.090257
     H   13       -0.392401       -0.618177        0.073105
     H   13        0.090257        0.073105        0.334394

     C   14       -0.006016        0.169787       -0.040127
     C   14        0.169787       -0.181040       -0.265033
     C   14       -0.040127       -0.265033        0.187056

     H   15       -0.221629       -0.541955       -0.187227
     H   15       -0.541955       -0.169248       -0.065671
     H   15       -0.187227       -0.065671        0.390877

     C   16       -0.472818        0.340498       -0.309803
     C   16        0.340498        0.213886       -0.167556
     C   16       -0.309803       -0.167556        0.258932

     C   17        0.064135        0.379109       -0.015457
     C   17        0.379109       -0.195066       -0.483648
     C   17       -0.015457       -0.483648        0.130932

     Cl  18       -0.150534        0.105060        0.008570
     Cl  18        0.105060       -0.008412        0.120551
     Cl  18        0.008570        0.120551        0.158947

     H   19       -0.239598        0.230148       -0.095171
     H   19        0.230148       -0.206678        0.390202
     H   19       -0.095171        0.390202        0.446276

     C   20       -0.348879       -0.338779       -0.269106
     C   20       -0.338779       -0.044484        0.133899
     C   20       -0.269106        0.133899        0.393362

     H   21       -0.633948       -0.026975        0.110789
     H   21       -0.026975        0.342799        0.239798
     H   21        0.110789        0.239798        0.291149

     C   22        0.063372        0.247416       -0.336163
     C   22        0.247416       -0.308587        0.527586
     C   22       -0.336163        0.527586        0.245215

     C   23       -0.576749       -0.367963       -0.357890
     C   23       -0.367963        0.091536        0.089759
     C   23       -0.357890        0.089759        0.485213

     Cl  24       -0.059879        0.049875       -0.001466
     Cl  24        0.049875       -0.050086       -0.045777
     Cl  24       -0.001466       -0.045777        0.109966

     ----- ionic term -----
     Cl   1        0.160679       -0.209803        0.069968
     Cl   1       -0.209803       -0.013970       -0.028207
     Cl   1        0.069968       -0.028207       -0.146710

     C    2        0.169889       -0.097538        0.348049
     C    2       -0.097538        0.213818        0.376863
     C    2        0.348049        0.376863       -0.383706

     C    3        0.080061       -0.186748        0.265050
     C    3       -0.186748        0.303306        0.383696
     C    3        0.265050        0.383696       -0.383367

     H    4        0.438795        0.394322        0.697786
     H    4        0.394322       -0.293686        0.339268
     H    4        0.697786        0.339268       -0.145109

     C    5        0.303574       -0.150292        0.378958
     C    5       -0.150292        0.034460        0.280425
     C    5        0.378958        0.280425       -0.338034

     H    6       -0.486028        0.130687        0.124938
     H    6        0.130687        0.530951        0.729191
     H    6        0.124938        0.729191       -0.044923

     H    7       -0.504572       -0.006777        0.017441
     H    7       -0.006777        0.490282       -0.777921
     H    7        0.017441       -0.777921        0.014290

     C    8        0.341252        0.184296        0.195478
     C    8        0.184296        0.006236       -0.325424
     C    8        0.195478       -0.325424       -0.347487

     H    9        0.673660       -0.294725        0.664830
     H    9       -0.294725       -0.454063       -0.227231
     H    9        0.664830       -0.227231       -0.219597

     C   10        0.208622        0.224911        0.157729
     C   10        0.224911        0.127662       -0.379791
     C   10        0.157729       -0.379791       -0.336284

     C   11        0.281345        0.131041        0.200968
     C   11        0.131041        0.067411       -0.380328
     C   11        0.200968       -0.380328       -0.348756

     Cl  12        0.155917        0.189450       -0.006230
     Cl  12        0.189450       -0.012113       -0.013744
     Cl  12       -0.006230       -0.013744       -0.143804

     H   13       -0.508576        0.171462        0.066098
     H   13        0.171462        0.833542        0.558853
     H   13        0.066098        0.558853       -0.324966

     C   14        0.253746       -0.129122        0.314969
     C   14       -0.129122        0.161067        0.254521
     C   14        0.314969        0.254521       -0.414813

     H   15        0.604723        0.411800        0.603898
     H   15        0.411800       -0.334344        0.279178
     H   15        0.603898        0.279178       -0.270379

     C   16        0.122914       -0.188139        0.234173
     C   16       -0.188139        0.313115        0.334477
     C   16        0.234173        0.334477       -0.436030

     C   17        0.159251       -0.157844        0.330938
     C   17       -0.157844        0.255156        0.355029
     C   17        0.330938        0.355029       -0.414407

     Cl  18        0.106487       -0.213469        0.017640
     Cl  18       -0.213469        0.070222       -0.014368
     Cl  18        0.017640       -0.014368       -0.176709

     H   19       -0.460719       -0.308824        0.151748
     H   19       -0.308824        0.700020       -0.627445
     H   19        0.151748       -0.627445       -0.239301

     C   20        0.282448        0.074109        0.193277
     C   20        0.074109        0.090175       -0.310226
     C   20        0.193277       -0.310226       -0.372623

     H   21        0.774011       -0.378421        0.472225
     H   21       -0.378421       -0.385811       -0.213327
     H   21        0.472225       -0.213327       -0.388200

     C   22        0.125155        0.159569        0.104401
     C   22        0.159569        0.252813       -0.448571
     C   22        0.104401       -0.448571       -0.377968

     C   23        0.219975        0.150660        0.190475
     C   23        0.150660        0.170382       -0.459034
     C   23        0.190475       -0.459034       -0.390358

     Cl  24        0.151723        0.241281       -0.040654
     Cl  24        0.241281        0.011302       -0.030424
     Cl  24       -0.040654       -0.030424       -0.163025

     ----- GIPAW term -----
     Cl   1       -0.391965       -0.499977       -0.993518
     Cl   1       -0.499977       -0.383005       -1.538757
     Cl   1       -0.993518       -1.538757        0.774969

     C    2        0.035325        0.111300       -0.134675
     C    2        0.111300        0.076013       -0.108137
     C    2       -0.134675       -0.108137       -0.111338

     C    3        0.009757        0.230826       -0.008418
     C    3        0.230826        0.111258       -0.091576
     C    3       -0.008418       -0.091576       -0.121016

     H    4       -0.000000        0.000000        0.000000
     H    4        0.000000        0.000000        0.000000
     H    4        0.000000        0.000000        0.000000

     C    5       -0.067892        0.217392        0.028279
     C    5        0.217392        0.138388        0.112966
     C    5        0.028279        0.112966       -0.070496

     H    6       -0.000000        0.000000        0.000000
     H    6        0.000000        0.000000        0.000000
     H    6        0.000000        0.000000        0.000000

     H    7       -0.000000        0.000000        0.000000
     H    7        0.000000        0.000000        0.000000
     H    7        0.000000        0.000000        0.000000

     C    8       -0.045687        0.200885       -0.096790
     C    8        0.200885        0.153777        0.013171
     C    8       -0.096790        0.013171       -0.108089

     H    9       -0.000000        0.000000        0.000000
     H    9        0.000000        0.000000        0.000000
     H    9        0.000000        0.000000        0.000000

     C   10       -0.158924        0.109247       -0.014727
     C   10        0.109247        0.243603        0.026202
     C   10       -0.014727        0.026202       -0.084679

     C   11        0.040215        0.289790       -0.037335
     C   11        0.289790        0.122143        0.128460
     C   11       -0.037335        0.128460       -0.162357

     Cl  12       -0.958525        1.324737        0.153159
     Cl  12        1.324737        2.315253        1.234265
     Cl  12        0.153159        1.234265       -1.356728

     H   13       -0.000000        0.000000        0.000000
     H   13        0.000000        0.000000        0.000000
     H   13        0.000000        0.000000        0.000000

     C   14       -0.005301        0.101331       -0.018996
     C   14        0.101331        0.065384       -0.093419
     C   14       -0.018996       -0.093419       -0.060083

     H   15       -0.000000        0.000000        0.000000
     H   15        0.000000        0.000000        0.000000
     H   15        0.000000        0.000000        0.000000

     C   16       -0.091875        0.181693       -0.079410
     C   16        0.181693        0.183744       -0.034771
     C   16       -0.079410       -0.034771       -0.091869

     C   17        0.031602        0.139896        0.079433
     C   17        0.139896        0.120889        0.065066
     C   17        0.079433        0.065066       -0.152491

     Cl  18        0.308755       -1.673420        0.108621
     Cl  18       -1.673420        0.062045        1.064730
     Cl  18        0.108621        1.064730       -0.370801

     H   19       -0.000000        0.000000        0.000000
     H   19        0.000000        0.000000        0.000000
     H   19        0.000000        0.000000        0.000000

     C   20        0.099211        0.148436       -0.076023
     C   20        0.148436       -0.005393       -0.053519
     C   20       -0.076023       -0.053519       -0.093818

     H   21       -0.000000        0.000000        0.000000
     H   21        0.000000        0.000000        0.000000
     H   21        0.000000        0.000000        0.000000

     C   22       -0.006333        0.174429       -0.137209
     C   22        0.174429        0.011460       -0.071386
     C   22       -0.137209       -0.071386       -0.005127

     C   23       -0.033517        0.160726       -0.146524
     C   23        0.160726        0.058733       -0.126404
     C   23       -0.146524       -0.126404       -0.025216

     Cl  24       -0.027067        2.298203       -0.954378
     Cl  24        2.298203       -0.723801       -1.349280
     Cl  24       -0.954378       -1.349280        0.750868

     ----- total EFG -----
     Cl   1       -0.212349       -0.671591       -0.882998
     Cl   1       -0.671591       -0.376117       -1.456090
     Cl   1       -0.882998       -1.456090        0.588466

     C    2        0.023579        0.225515       -0.292111
     C    2        0.225515        0.392425       -0.017283
     C    2       -0.292111       -0.017283       -0.416004

     C    3        0.202195        0.577521        0.217846
     C    3        0.577521        0.175235       -0.286050
     C    3        0.217846       -0.286050       -0.377430

     H    4        0.172694        0.175343        0.245664
     H    4        0.175343        0.108046        0.262594
     H    4        0.245664        0.262594       -0.280740

     C    5       -0.458850        0.453391       -0.044321
     C    5        0.453391        0.565682        0.324020
     C    5       -0.044321        0.324020       -0.106831

     H    6       -0.074860        0.051272        0.155306
     H    6        0.051272        0.090639        0.173659
     H    6        0.155306        0.173659       -0.015780

     H    7       -0.189891       -0.202036        0.191920
     H    7       -0.202036        0.139885       -0.185173
     H    7        0.191920       -0.185173        0.050005

     C    8        0.163639        0.637125       -0.324053
     C    8        0.637125        0.159863        0.151667
     C    8       -0.324053        0.151667       -0.323503

     H    9        0.460640        0.046694        0.271838
     H    9        0.046694       -0.567605       -0.028535
     H    9        0.271838       -0.028535        0.106966

     C   10       -0.522140        0.020725       -0.026539
     C   10        0.020725        0.563133       -0.096323
     C   10       -0.026539       -0.096323       -0.040993

     C   11        0.316181        0.825634       -0.263079
     C   11        0.825634        0.157189        0.459543
     C   11       -0.263079        0.459543       -0.473369

     Cl  12       -1.136177        1.238836        0.173680
     Cl  12        1.238836        2.481100        1.334233
     Cl  12        0.173680        1.334233       -1.344923

     H   13       -0.224793       -0.220938        0.156354
     H   13       -0.220938        0.215365        0.631958
     H   13        0.156354        0.631958        0.009428

     C   14        0.242428        0.141995        0.255846
     C   14        0.141995        0.045412       -0.103931
     C   14        0.255846       -0.103931       -0.287841

     H   15        0.383093       -0.130155        0.416672
     H   15       -0.130155       -0.503592        0.213507
     H   15        0.416672        0.213507        0.120499

     C   16       -0.441778        0.334052       -0.155040
     C   16        0.334052        0.710745        0.132150
     C   16       -0.155040        0.132150       -0.268967

     C   17        0.254987        0.361162        0.394914
     C   17        0.361162        0.180979       -0.063553
     C   17        0.394914       -0.063553       -0.435966

     Cl  18        0.264708       -1.781829        0.134831
     Cl  18       -1.781829        0.123855        1.170913
     Cl  18        0.134831        1.170913       -0.388563

     H   19       -0.700317       -0.078676        0.056576
     H   19       -0.078676        0.493341       -0.237243
     H   19        0.056576       -0.237243        0.206976

     C   20        0.032780       -0.116234       -0.151851
     C   20       -0.116234        0.040299       -0.229845
     C   20       -0.151851       -0.229845       -0.073078

     H   21        0.140063       -0.405396        0.583014
     H   21       -0.405396       -0.043012        0.026471
     H   21        0.583014        0.026471       -0.097050

     C   22        0.182194        0.581414       -0.368971
     C   22        0.581414       -0.044313        0.007629
     C   22       -0.368971        0.007629       -0.137880

     C   23       -0.390290       -0.056577       -0.313939
     C   23       -0.056577        0.320651       -0.495679
     C   23       -0.313939       -0.495679        0.069639

     Cl  24        0.064778        2.589359       -0.996498
     Cl  24        2.589359       -0.762586       -1.425481
     Cl  24       -0.996498       -1.425481        0.697808

     ----- total EFG (symmetrized) -----
     Cl   1       -0.212349       -0.671591       -0.882998
     Cl   1       -0.671591       -0.376117       -1.456090
     Cl   1       -0.882998       -1.456090        0.588466

     C    2        0.023579        0.225515       -0.292111
     C    2        0.225515        0.392425       -0.017283
     C    2       -0.292111       -0.017283       -0.416004

     C    3        0.202195        0.577521        0.217846
     C    3        0.577521        0.175235       -0.286050
     C    3        0.217846       -0.286050       -0.377430

     H    4        0.172694        0.175343        0.245664
     H    4        0.175343        0.108046        0.262594
     H    4        0.245664        0.262594       -0.280740

     C    5       -0.458850        0.453391       -0.044321
     C    5        0.453391        0.565682        0.324020
     C    5       -0.044321        0.324020       -0.106831

     H    6       -0.074860        0.051272        0.155306
     H    6        0.051272        0.090639        0.173659
     H    6        0.155306        0.173659       -0.015780

     H    7       -0.189891       -0.202036        0.191920
     H    7       -0.202036        0.139885       -0.185173
     H    7        0.191920       -0.185173        0.050005

     C    8        0.163639        0.637125       -0.324053
     C    8        0.637125        0.159863        0.151667
     C    8       -0.324053        0.151667       -0.323503

     H    9        0.460640        0.046694        0.271838
     H    9        0.046694       -0.567605       -0.028535
     H    9        0.271838       -0.028535        0.106966

     C   10       -0.522140        0.020725       -0.026539
     C   10        0.020725        0.563133       -0.096323
     C   10       -0.026539       -0.096323       -0.040993

     C   11        0.316181        0.825634       -0.263079
     C   11        0.825634        0.157189        0.459543
     C   11       -0.263079        0.459543       -0.473369

     Cl  12       -1.136177        1.238836        0.173680
     Cl  12        1.238836        2.481100        1.334233
     Cl  12        0.173680        1.334233       -1.344923

     H   13       -0.224793       -0.220938        0.156354
     H   13       -0.220938        0.215365        0.631958
     H   13        0.156354        0.631958        0.009428

     C   14        0.242428        0.141995        0.255846
     C   14        0.141995        0.045412       -0.103931
     C   14        0.255846       -0.103931       -0.287841

     H   15        0.383093       -0.130155        0.416672
     H   15       -0.130155       -0.503592        0.213507
     H   15        0.416672        0.213507        0.120499

     C   16       -0.441778        0.334052       -0.155040
     C   16        0.334052        0.710745        0.132150
     C   16       -0.155040        0.132150       -0.268967

     C   17        0.254987        0.361162        0.394914
     C   17        0.361162        0.180979       -0.063553
     C   17        0.394914       -0.063553       -0.435966

     Cl  18        0.264708       -1.781829        0.134831
     Cl  18       -1.781829        0.123855        1.170913
     Cl  18        0.134831        1.170913       -0.388563

     H   19       -0.700317       -0.078676        0.056576
     H   19       -0.078676        0.493341       -0.237243
     H   19        0.056576       -0.237243        0.206976

     C   20        0.032780       -0.116234       -0.151851
     C   20       -0.116234        0.040299       -0.229845
     C   20       -0.151851       -0.229845       -0.073078

     H   21        0.140063       -0.405396        0.583014
     H   21       -0.405396       -0.043012        0.026471
     H   21        0.583014        0.026471       -0.097050

     C   22        0.182194        0.581414       -0.368971
     C   22        0.581414       -0.044313        0.007629
     C   22       -0.368971        0.007629       -0.137880

     C   23       -0.390290       -0.056577       -0.313939
     C   23       -0.056577        0.320651       -0.495679
     C   23       -0.313939       -0.495679        0.069639

     Cl  24        0.064778        2.589359       -0.996498
     Cl  24        2.589359       -0.762586       -1.425481
     Cl  24       -0.996498       -1.425481        0.697808


     NQR/NMR SPECTROSCOPIC PARAMETERS:
     Cl   1    Vxx=    0.3435    axis=(  0.838871 -0.529757 -0.125112)
     Cl   1    Vyy=    1.7068    axis=(  0.202089  0.516521 -0.832085)
     Cl   1    Vzz=   -2.0503    axis=(  0.505426  0.672728  0.540353)
     Cl   1  Q=        -8.1650 1e-30 m^2  Cq=        39.3332 MHz  eta= 0.66496

     C    2    Vxx=    0.0467    axis=(  0.738639 -0.504114 -0.447529)
     C    2    Vyy=    0.5232    axis=( -0.484964 -0.858512  0.166637)
     C    2    Vzz=   -0.5698    axis=(  0.468213 -0.093951  0.878607)
     C    2  Q=         1.0000 1e-30 m^2  Cq=        -1.3389 MHz  eta= 0.83626

     C    3    Vxx=   -0.0275    axis=(  0.518824 -0.474599  0.711040)
     C    3    Vyy=   -0.7407    axis=(  0.482881 -0.523651 -0.701866)
     C    3    Vzz=    0.7683    axis=( -0.705442 -0.707492  0.042508)
     C    3  Q=         1.0000 1e-30 m^2  Cq=         1.8051 MHz  eta= 0.92830

     H    4    Vxx=   -0.0346    axis=(  0.693151 -0.717065 -0.073201)
     H    4    Vyy=   -0.4510    axis=( -0.259279 -0.342806  0.902917)
     H    4    Vzz=    0.4856    axis=( -0.672544 -0.606878 -0.423536)
     H    4  Q=         1.0000 1e-30 m^2  Cq=         1.1410 MHz  eta= 0.85733

     C    5    Vxx=   -0.1492    axis=( -0.380238 -0.170841  0.908973)
     C    5    Vyy=   -0.6783    axis=( -0.872067  0.393601 -0.290822)
     C    5    Vzz=    0.8275    axis=( -0.308089 -0.903267 -0.298647)
     C    5  Q=         1.0000 1e-30 m^2  Cq=         1.9442 MHz  eta= 0.63940

     H    6    Vxx=   -0.0485    axis=(  0.670927 -0.662668  0.332758)
     H    6    Vyy=   -0.2251    axis=( -0.638752 -0.288553  0.713255)
     H    6    Vzz=    0.2736    axis=(  0.376633  0.691092  0.616879)
     H    6  Q=         1.0000 1e-30 m^2  Cq=         0.6428 MHz  eta= 0.64565

     H    7    Vxx=   -0.0934    axis=(  0.086187  0.664203  0.742567)
     H    7    Vyy=   -0.3200    axis=( -0.904118 -0.260947  0.338346)
     H    7    Vzz=    0.4134    axis=(  0.418501 -0.700529  0.578028)
     H    7  Q=         1.0000 1e-30 m^2  Cq=         0.9713 MHz  eta= 0.54835

     C    8    Vxx=   -0.0652    axis=( -0.367840  0.523152  0.768769)
     C    8    Vyy=   -0.7479    axis=( -0.583041  0.514286 -0.628947)
     C    8    Vzz=    0.8132    axis=( -0.724402 -0.679575  0.115844)
     C    8  Q=         1.0000 1e-30 m^2  Cq=         1.9106 MHz  eta= 0.83954

     H    9    Vxx=   -0.0363    axis=( -0.471622 -0.088565  0.877342)
     H    9    Vyy=   -0.5725    axis=(  0.062603 -0.995796 -0.066870)
     H    9    Vzz=    0.6087    axis=(  0.879576  0.023387  0.475184)
     H    9  Q=         1.0000 1e-30 m^2  Cq=         1.4303 MHz  eta= 0.88079

     C   10    Vxx=   -0.0548    axis=( -0.049139  0.155431  0.986624)
     C   10    Vyy=   -0.5238    axis=(  0.998543 -0.014430  0.052006)
     C   10    Vzz=    0.5787    axis=(  0.022321  0.987741 -0.154496)
     C   10  Q=         1.0000 1e-30 m^2  Cq=         1.3596 MHz  eta= 0.81044

     C   11    Vxx=   -0.0193    axis=( -0.506540  0.441735  0.740464)
     C   11    Vyy=   -1.0563    axis=( -0.473744  0.574955 -0.667078)
     C   11    Vzz=    1.0755    axis=( -0.720405 -0.688692 -0.081968)
     C   11  Q=         1.0000 1e-30 m^2  Cq=         2.5271 MHz  eta= 0.96420

     Cl  12    Vxx=   -1.3813    axis=(  0.853852 -0.097224 -0.511355)
     Cl  12    Vyy=   -1.8671    axis=( -0.444180  0.376074 -0.813187)
     Cl  12    Vzz=    3.2483    axis=( -0.271369 -0.921475 -0.277927)
     Cl  12  Q=        -8.1650 1e-30 m^2  Cq=       -62.3179 MHz  eta= 0.14957

     H   13    Vxx=   -0.0775    axis=(  0.862088 -0.272110  0.427505)
     H   13    Vyy=   -0.6800    axis=( -0.501620 -0.578045  0.643616)
     H   13    Vzz=    0.7575    axis=( -0.071983  0.769299  0.634821)
     H   13  Q=         1.0000 1e-30 m^2  Cq=         1.7799 MHz  eta= 0.79533

     C   14    Vxx=    0.0640    axis=( -0.165249  0.906726 -0.387995)
     C   14    Vyy=    0.3744    axis=(  0.905940  0.295050  0.303675)
     C   14    Vzz=   -0.4384    axis=( -0.389828  0.301319  0.870196)
     C   14  Q=         1.0000 1e-30 m^2  Cq=        -1.0302 MHz  eta= 0.70803

     H   15    Vxx=   -0.0488    axis=( -0.529952  0.479884  0.699187)
     H   15    Vyy=   -0.6403    axis=(  0.272553  0.877126 -0.395429)
     H   15    Vzz=    0.6891    axis=( -0.803035 -0.018993 -0.595629)
     H   15  Q=         1.0000 1e-30 m^2  Cq=         1.6190 MHz  eta= 0.85842

     C   16    Vxx=   -0.1803    axis=( -0.467194  0.044185  0.883050)
     C   16    Vyy=   -0.6275    axis=( -0.848728  0.257473 -0.461919)
     C   16    Vzz=    0.8078    axis=( -0.247772 -0.965275 -0.082789)
     C   16  Q=         1.0000 1e-30 m^2  Cq=         1.8981 MHz  eta= 0.55355

     C   17    Vxx=    0.0245    axis=( -0.419406  0.778399 -0.467112)
     C   17    Vyy=    0.6465    axis=(  0.781021  0.571674  0.251386)
     C   17    Vzz=   -0.6710    axis=( -0.462714  0.259392  0.847710)
     C   17  Q=         1.0000 1e-30 m^2  Cq=        -1.5765 MHz  eta= 0.92691

     Cl  18    Vxx=   -0.0627    axis=(  0.553682  0.163510  0.816517)
     Cl  18    Vyy=   -2.1319    axis=( -0.534897 -0.681663  0.499220)
     Cl  18    Vzz=    2.1945    axis=( -0.638217  0.713162  0.289964)
     Cl  18  Q=        -8.1650 1e-30 m^2  Cq=       -42.1007 MHz  eta= 0.94290

     H   19    Vxx=    0.0732    axis=(  0.013404  0.493556  0.869611)
     H   19    Vyy=    0.6342    axis=( -0.072002  0.867908 -0.491479)
     H   19    Vzz=   -0.7074    axis=( -0.997314 -0.056026  0.047171)
     H   19  Q=         1.0000 1e-30 m^2  Cq=        -1.6621 MHz  eta= 0.79305

     C   20    Vxx=    0.1285    axis=( -0.893868  0.292549  0.339728)
     C   20    Vyy=    0.2204    axis=( -0.019356 -0.782238  0.622679)
     C   20    Vzz=   -0.3489    axis=(  0.447912  0.550017  0.704880)
     C   20  Q=         1.0000 1e-30 m^2  Cq=        -0.8198 MHz  eta= 0.26324

     H   21    Vxx=   -0.0357    axis=( -0.022155 -0.823941 -0.566243)
     H   21    Vyy=   -0.7029    axis=(  0.644173  0.421374 -0.638346)
     H   21    Vzz=    0.7386    axis=(  0.764559 -0.378901  0.521425)
     H   21  Q=         1.0000 1e-30 m^2  Cq=         1.7354 MHz  eta= 0.90327

     C   22    Vxx=   -0.1028    axis=( -0.067013  0.557831  0.827245)
     C   22    Vyy=   -0.6510    axis=(  0.635748 -0.615133  0.466300)
     C   22    Vzz=    0.7538    axis=( -0.768982 -0.557168  0.313418)
     C   22  Q=         1.0000 1e-30 m^2  Cq=         1.7712 MHz  eta= 0.72714

     C   23    Vxx=   -0.0801    axis=( -0.636577  0.562570  0.527527)
     C   23    Vyy=   -0.6474    axis=( -0.758256 -0.331700 -0.561269)
     C   23    Vzz=    0.7276    axis=( -0.140773 -0.757291  0.637725)
     C   23  Q=         1.0000 1e-30 m^2  Cq=         1.7095 MHz  eta= 0.77972

     Cl  24    Vxx=   -0.3216    axis=(  0.499254  0.245301  0.831007)
     Cl  24    Vyy=   -3.0311    axis=( -0.609574  0.781033  0.135671)
     Cl  24    Vzz=    3.3528    axis=( -0.615764 -0.574295  0.539463)
     Cl  24  Q=        -8.1650 1e-30 m^2  Cq=       -64.3212 MHz  eta= 0.80813

     Initialization:
     gipaw_setup  :      8.79s CPU     10.97s WALL (       1 calls)

     Linear response

     Apply operators

     Induced current

     Other routines
     efg          :      9.11s CPU     11.03s WALL (       1 calls)

     General routines
     calbec       :      3.17s CPU      3.80s WALL (      16 calls)
     fft          :      1.62s CPU      2.41s WALL (      15 calls)
     ffts         :      0.04s CPU      0.04s WALL (       2 calls)
     fftw         :      3.19s CPU      3.91s WALL (     672 calls)
     davcio       :      0.02s CPU      0.32s WALL (      32 calls)

     Parallel routines
     fft_scatter  :      2.17s CPU      3.58s WALL (     689 calls)

     Plugins

     GIPAW        :     59.98s CPU     72.58s WALL (       1 calls)
