
     Program QE v.6.0 (svn rev. 13079) starts on 17Dec2016 at 10:43:50 

     This program is part of the open-source Quantum ESPRESSO suite
     for quantum simulation of materials; please cite
         "P. Giannozzi et al., J. Phys.:Condens. Matter 21 395502 (2009);
          URL http://www.quantum-espresso.org", 
     in publications or presentations arising from this work. More details at
     http://www.quantum-espresso.org/quote

     Parallel version (MPI), running on     8 processors
     R & G space division:  proc/nbgrp/npool/nimage =       8

     ***** This is GIPAW svn revision unknown      *****

     Parallelizing q-star over 1 images

     Reading data from directory:
     /users/majewski/paradichlorobenzene/pbe/9_constraint/scratch/pbe.ecut100.np8.dt60.pcl2phi-129368.save
     Message from routine read_xml_file:
     file /users/majewski/paradichlorobenzene/pbe/9_constraint/scratch/pbe.ecut100.np8.dt60.pcl2phi-129368.save not guaranteed to be safe for post-processing

   Info: using nr1, nr2, nr3 values from input

   Info: using nr1, nr2, nr3 values from input

     IMPORTANT: XC functional enforced from input :
     Exchange-correlation      =  SLA  PW   PBX  PBC ( 1  4  3  4 0 0)
     Any further DFT definition will be discarded
     Please, verify this is what you really want

               file C.pbe-n-kjpaw_psl.1.0.0.UPF: wavefunction(s)  2S 2P renormalized
               file Cl.pbe-n-kjpaw_psl.1.0.0.UPF: wavefunction(s)  3S 3P renormalized
               file H.pbe-kjpaw_psl.1.0.0.UPF: wavefunction(s)  1S renormalized

     Parallelization info
     --------------------
     sticks:   dense  smooth     PW     G-vecs:    dense   smooth      PW
     Min        3057    1223    332               144436    36536    5170
     Max        3059    1225    333               144437    36537    5171
     Sum       24467    9791   2657              1155489   292295   41363


     Subspace diagonalization in iterative solution of the eigenvalue problem:
     a serial algorithm will be used

     GIPAW projectors -----------------------------------------------
     atom=  C    l=0  rc=    1.2000  rs=    0.8000
     atom=  C    l=0  rc=    1.2000  rs=    0.8000
     atom=  C    l=1  rc=    1.4000  rs=    0.9333
     atom=  C    l=1  rc=    1.4000  rs=    0.9333
     projs nearly linearly dependent: l=1  n1,n2= 1, 2  s=  0.99951561

     atom=  Cl   l=0  rc=    1.6000  rs=    1.0667
     atom=  Cl   l=0  rc=    1.6000  rs=    1.0667
     atom=  Cl   l=1  rc=    1.6000  rs=    1.0667
     atom=  Cl   l=1  rc=    1.6000  rs=    1.0667
     atom=  Cl   l=2  rc=    1.6000  rs=    1.0667
     atom=  Cl   l=2  rc=    1.6000  rs=    1.0667
     projs nearly linearly dependent: l=2  n1,n2= 1, 2  s=  0.99993509

     atom=  H    l=0  rc=    1.0000  rs=    0.6667
     atom=  H    l=0  rc=    1.0000  rs=    0.6667
     projs nearly linearly dependent: l=0  n1,n2= 1, 2  s=  0.99968852
     -----------------------------------------------------------------

     GIPAW integrals: -------------------------------------------
     Atom  i/j   nmr_para   nmr_dia   epr_rmc  epr_para   epr_dia
       C   1 1   0.83E+03  0.17E-01  0.93E+01  0.24E+08  0.24E+03
       C   2 1   0.86E+03 -0.61E-01  0.94E+01  0.25E+08  0.25E+03
       C   2 2   0.90E+03 -0.15E+00  0.97E+01  0.26E+08  0.26E+03
       C   3 3   0.33E+01  0.34E+00  0.18E+01  0.55E+03  0.21E+02
       C   4 3   0.35E+01  0.37E+00  0.20E+01  0.59E+03  0.22E+02
       C   4 4   0.38E+01  0.39E+00  0.22E+01  0.63E+03  0.24E+02
       Cl  1 1   0.14E+04 -0.47E+00  0.84E+01  0.32E+09  0.42E+03
       Cl  2 1   0.21E+04 -0.37E+00  0.12E+02  0.49E+09  0.65E+03
       Cl  2 2   0.33E+04 -0.16E+00  0.21E+02  0.76E+09  0.10E+04
       Cl  3 3   0.21E+02  0.79E-01  0.89E+01  0.23E+05  0.13E+03
       Cl  4 3   0.24E+02  0.67E-01  0.99E+01  0.27E+05  0.15E+03
       Cl  4 4   0.28E+02  0.44E-01  0.11E+02  0.32E+05  0.18E+03
       Cl  5 5   0.77E+00  0.19E+00  0.18E+01  0.12E+03  0.22E+02
       Cl  6 5   0.80E+00  0.19E+00  0.19E+01  0.12E+03  0.23E+02
       Cl  6 6   0.83E+00  0.20E+00  0.19E+01  0.12E+03  0.23E+02
       H   1 1   0.39E+02  0.19E+00  0.29E+00  0.78E+05  0.13E+02
       H   2 1   0.41E+02  0.21E+00  0.32E+00  0.82E+05  0.14E+02
       H   2 2   0.43E+02  0.22E+00  0.36E+00  0.86E+05  0.15E+02
     ------------------------------------------------------------

     alpha_pv=     34.2331 eV

     Number of occupied bands for each k-point:
     k-point:     1    nbnd_occ=  42
     k-point:     2    nbnd_occ=  42
     k-point:     3    nbnd_occ=  42
     k-point:     4    nbnd_occ=  42
     k-point:     5    nbnd_occ=  42
     k-point:     6    nbnd_occ=  42
     k-point:     7    nbnd_occ=  42
     k-point:     8    nbnd_occ=  42
     k-point:     9    nbnd_occ=  42
     k-point:    10    nbnd_occ=  42
     k-point:    11    nbnd_occ=  42
     k-point:    12    nbnd_occ=  42
     k-point:    13    nbnd_occ=  42
     k-point:    14    nbnd_occ=  42
     k-point:    15    nbnd_occ=  42
     k-point:    16    nbnd_occ=  42


     q-space interpolation up to   110.00 Rydberg

     GIPAW job: efg                                                                             


     ELECTRIC FIELD GRADIENTS TENSORS IN Hartree/bohrradius^2:

     ----- bare term -----
     Cl   1        0.025891       -0.054118       -0.148187
     Cl   1       -0.054118       -0.067939       -0.042685
     Cl   1       -0.148187       -0.042685        0.042048

     C    2       -0.519671        0.345318       -0.380548
     C    2        0.345318       -0.005035       -0.119006
     C    2       -0.380548       -0.119006        0.524705

     C    3       -0.014829        0.055693       -0.251970
     C    3        0.055693       -0.406172       -0.429944
     C    3       -0.251970       -0.429944        0.421001

     H    4       -0.559527       -0.192306       -0.286658
     H    4       -0.192306        0.356100       -0.211975
     H    4       -0.286658       -0.211975        0.203427

     C    5       -0.892250        0.341626       -0.453299
     C    5        0.341626        0.383694        0.019336
     C    5       -0.453299        0.019336        0.508556

     H    6        0.293346        0.013079       -0.190905
     H    6        0.013079       -0.501901       -0.561972
     H    6       -0.190905       -0.561972        0.208556

     H    7        0.448109       -0.045118       -0.047548
     H    7       -0.045118       -0.787380        0.166088
     H    7       -0.047548        0.166088        0.339272

     C    8       -0.239231        0.002134       -0.323331
     C    8        0.002134        0.026888        0.541058
     C    8       -0.323331        0.541058        0.212344

     H    9       -0.323012        0.205873       -0.525820
     H    9        0.205873        0.329638        0.213995
     H    9       -0.525820        0.213995       -0.006626

     C   10       -0.424668       -0.357039       -0.267196
     C   10       -0.357039       -0.017061        0.323070
     C   10       -0.267196        0.323070        0.441730

     C   11       -0.028698       -0.044750       -0.259546
     C   11       -0.044750       -0.203328        0.498298
     C   11       -0.259546        0.498298        0.232026

     Cl  12       -0.157631       -0.200752        0.000355
     Cl  12       -0.200752        0.161943       -0.042609
     Cl  12        0.000355       -0.042609       -0.004312

     H   13        0.257155        0.140416        0.302606
     H   13        0.140416       -0.028872       -0.511910
     H   13        0.302606       -0.511910       -0.228284

     C   14       -0.068878       -0.241427       -0.405291
     C   14       -0.241427       -0.171593       -0.347857
     C   14       -0.405291       -0.347857        0.240471

     H   15        0.036121       -0.202871       -0.352767
     H   15       -0.202871       -0.146400       -0.504647
     H   15       -0.352767       -0.504647        0.110279

     C   16       -0.681743        0.352425       -0.402818
     C   16        0.352425        0.232859        0.010994
     C   16       -0.402818        0.010994        0.448884

     C   17        0.019297       -0.017780       -0.233315
     C   17       -0.017780       -0.134679       -0.482845
     C   17       -0.233315       -0.482845        0.115381

     Cl  18       -0.141345        0.230501       -0.000125
     Cl  18        0.230501       -0.040181       -0.007027
     Cl  18       -0.000125       -0.007027        0.181526

     H   19        0.276752        0.055660        0.369865
     H   19        0.055660        0.091679        0.272070
     H   19        0.369865        0.272070       -0.368431

     C   20       -0.506491       -0.348611       -0.404441
     C   20       -0.348611        0.286871        0.307689
     C   20       -0.404441        0.307689        0.219621

     H   21        0.146016        0.079939       -0.298761
     H   21        0.079939        0.408035       -0.144823
     H   21       -0.298761       -0.144823       -0.554051

     C   22        0.070330       -0.210650       -0.091566
     C   22       -0.210650       -0.108979        0.349313
     C   22       -0.091566        0.349313        0.038649

     C   23       -0.325442       -0.292450       -0.439925
     C   23       -0.292450        0.077827        0.392463
     C   23       -0.439925        0.392463        0.247615

     Cl  24        0.019643       -0.029576       -0.022237
     Cl  24       -0.029576       -0.014500       -0.073478
     Cl  24       -0.022237       -0.073478       -0.005144

     ----- ionic term -----
     Cl   1        0.190974       -0.248705        0.008100
     Cl   1       -0.248705       -0.026038       -0.000808
     Cl   1        0.008100       -0.000808       -0.164936

     C    2        0.243657       -0.234823        0.227670
     C    2       -0.234823        0.056576        0.417929
     C    2        0.227670        0.417929       -0.300232

     C    3        0.183303       -0.264193        0.132052
     C    3       -0.264193        0.133414        0.422687
     C    3        0.132052        0.422687       -0.316717

     H    4        0.531037        0.405653        0.633905
     H    4        0.405653       -0.356128        0.318054
     H    4        0.633905        0.318054       -0.174909

     C    5        0.350574       -0.225131        0.199613
     C    5       -0.225131        0.026051        0.300048
     C    5        0.199613        0.300048       -0.376625

     H    6       -0.485693       -0.116270       -0.047877
     H    6       -0.116270        0.753531        0.648535
     H    6       -0.047877        0.648535       -0.267838

     H    7       -0.534441       -0.035223        0.037761
     H    7       -0.035223        0.771067       -0.645735
     H    7        0.037761       -0.645735       -0.236626

     C    8        0.186203        0.212345        0.356192
     C    8        0.212345        0.072073       -0.276705
     C    8        0.356192       -0.276705       -0.258276

     H    9        0.577945       -0.201023        0.707378
     H    9       -0.201023       -0.479941       -0.213738
     H    9        0.707378       -0.213738       -0.098004

     C   10        0.077587        0.296213        0.220219
     C   10        0.296213        0.224845       -0.378415
     C   10        0.220219       -0.378415       -0.302433

     C   11        0.095458        0.248892        0.299805
     C   11        0.248892        0.118977       -0.420540
     C   11        0.299805       -0.420540       -0.214435

     Cl  12        0.155549        0.218082        0.004871
     Cl  12        0.218082        0.001372       -0.005237
     Cl  12        0.004871       -0.005237       -0.156921

     H   13       -0.514218       -0.047412       -0.019137
     H   13       -0.047412        0.463352        0.784719
     H   13       -0.019137        0.784719        0.050866

     C   14        0.302831       -0.172391        0.240949
     C   14       -0.172391       -0.054337        0.330085
     C   14        0.240949        0.330085       -0.248494

     H   15        0.569967        0.424049        0.646239
     H   15        0.424049       -0.371448        0.294169
     H   15        0.646239        0.294169       -0.198520

     C   16        0.195700       -0.204865        0.145021
     C   16       -0.204865        0.058815        0.399792
     C   16        0.145021        0.399792       -0.254515

     C   17        0.301714       -0.158613        0.186364
     C   17       -0.158613       -0.033451        0.419175
     C   17        0.186364        0.419175       -0.268263

     Cl  18        0.183664       -0.180452       -0.018164
     Cl  18       -0.180452       -0.050371        0.010093
     Cl  18       -0.018164        0.010093       -0.133293

     H   19       -0.505665        0.117409       -0.079206
     H   19        0.117409        0.389397       -0.776082
     H   19       -0.079206       -0.776082        0.116268

     C   20        0.158437        0.262077        0.330761
     C   20        0.262077       -0.022797       -0.277407
     C   20        0.330761       -0.277407       -0.135640

     H   21        0.301796       -0.280347        0.764115
     H   21       -0.280347       -0.397354       -0.321486
     H   21        0.764115       -0.321486        0.095558

     C   22        0.034676        0.253689        0.253998
     C   22        0.253689        0.133824       -0.378506
     C   22        0.253998       -0.378506       -0.168500

     C   23        0.147504        0.217709        0.391147
     C   23        0.217709        0.028430       -0.378652
     C   23        0.391147       -0.378652       -0.175935

     Cl  24        0.145060        0.240667        0.063116
     Cl  24        0.240667       -0.002754        0.026353
     Cl  24        0.063116        0.026353       -0.142306

     ----- GIPAW term -----
     Cl   1        1.606133       -2.135402       -1.828259
     Cl   1       -2.135402       -0.985542       -0.227723
     Cl   1       -1.828259       -0.227723       -0.620591

     C    2       -0.020882       -0.120831       -0.193153
     C    2       -0.120831       -0.041289        0.113398
     C    2       -0.193153        0.113398        0.062171

     C    3       -0.088984       -0.070037       -0.099768
     C    3       -0.070037       -0.027974        0.115082
     C    3       -0.099768        0.115082        0.116958

     H    4       -0.000000        0.000000        0.000000
     H    4        0.000000        0.000000        0.000000
     H    4        0.000000        0.000000        0.000000

     C    5       -0.244267        0.007200       -0.077634
     C    5        0.007200        0.202088        0.193556
     C    5       -0.077634        0.193556        0.042179

     H    6       -0.000000        0.000000        0.000000
     H    6        0.000000        0.000000        0.000000
     H    6        0.000000        0.000000        0.000000

     H    7       -0.000000        0.000000        0.000000
     H    7        0.000000        0.000000        0.000000
     H    7        0.000000        0.000000        0.000000

     C    8       -0.092537        0.046307       -0.039037
     C    8        0.046307        0.165905        0.164356
     C    8       -0.039037        0.164356       -0.073368

     H    9       -0.000000        0.000000        0.000000
     H    9        0.000000        0.000000        0.000000
     H    9        0.000000        0.000000        0.000000

     C   10       -0.123927       -0.005779       -0.070179
     C   10       -0.005779        0.089769        0.009089
     C   10       -0.070179        0.009089        0.034158

     C   11        0.018954        0.088432       -0.018592
     C   11        0.088432        0.045512       -0.021327
     C   11       -0.018592       -0.021327       -0.064467

     Cl  12        0.328239        0.936994       -0.008698
     Cl  12        0.936994        1.558719       -0.425662
     Cl  12       -0.008698       -0.425662       -1.886958

     H   13       -0.000000        0.000000        0.000000
     H   13        0.000000        0.000000        0.000000
     H   13        0.000000        0.000000        0.000000

     C   14       -0.012016       -0.159947       -0.161161
     C   14       -0.159947       -0.049688        0.082724
     C   14       -0.161161        0.082724        0.061705

     H   15       -0.000000        0.000000        0.000000
     H   15        0.000000        0.000000        0.000000
     H   15        0.000000        0.000000        0.000000

     C   16       -0.189424       -0.053441       -0.130461
     C   16       -0.053441        0.128692        0.184900
     C   16       -0.130461        0.184900        0.060732

     C   17       -0.063279       -0.072760       -0.009498
     C   17       -0.072760        0.182802        0.115025
     C   17       -0.009498        0.115025       -0.119523

     Cl  18       -0.601821        0.752983       -0.164349
     Cl  18        0.752983        2.446157       -0.199455
     Cl  18       -0.164349       -0.199455       -1.844337

     H   19       -0.000000        0.000000        0.000000
     H   19        0.000000        0.000000        0.000000
     H   19        0.000000        0.000000        0.000000

     C   20       -0.101371       -0.162040       -0.122335
     C   20       -0.162040        0.121351        0.154018
     C   20       -0.122335        0.154018       -0.019980

     H   21       -0.000000        0.000000        0.000000
     H   21        0.000000        0.000000        0.000000
     H   21        0.000000        0.000000        0.000000

     C   22       -0.046155       -0.054666       -0.048098
     C   22       -0.054666        0.036485        0.119462
     C   22       -0.048098        0.119462        0.009670

     C   23       -0.080549       -0.062980       -0.123391
     C   23       -0.062980        0.120964        0.193294
     C   23       -0.123391        0.193294       -0.040415

     Cl  24       -0.449809        0.710550       -0.912569
     Cl  24        0.710550       -0.222355        1.811069
     Cl  24       -0.912569        1.811069        0.672164

     ----- total EFG -----
     Cl   1        1.822998       -2.438226       -1.968346
     Cl   1       -2.438226       -1.079519       -0.271216
     Cl   1       -1.968346       -0.271216       -0.743479

     C    2       -0.296896       -0.010336       -0.346031
     C    2       -0.010336        0.010253        0.412322
     C    2       -0.346031        0.412322        0.286644

     C    3        0.079490       -0.278536       -0.219686
     C    3       -0.278536       -0.300732        0.107824
     C    3       -0.219686        0.107824        0.221242

     H    4       -0.028490        0.213347        0.347247
     H    4        0.213347       -0.000028        0.106079
     H    4        0.347247        0.106079        0.028518

     C    5       -0.785944        0.123696       -0.331320
     C    5        0.123696        0.611833        0.512939
     C    5       -0.331320        0.512939        0.174111

     H    6       -0.192347       -0.103191       -0.238782
     H    6       -0.103191        0.251629        0.086564
     H    6       -0.238782        0.086564       -0.059282

     H    7       -0.086332       -0.080342       -0.009787
     H    7       -0.080342       -0.016314       -0.479647
     H    7       -0.009787       -0.479647        0.102646

     C    8       -0.145565        0.260786       -0.006176
     C    8        0.260786        0.264866        0.428709
     C    8       -0.006176        0.428709       -0.119301

     H    9        0.254933        0.004850        0.181558
     H    9        0.004850       -0.150303        0.000257
     H    9        0.181558        0.000257       -0.104630

     C   10       -0.471008       -0.066606       -0.117156
     C   10       -0.066606        0.297553       -0.046256
     C   10       -0.117156       -0.046256        0.173455

     C   11        0.085714        0.292575        0.021666
     C   11        0.292575       -0.038839        0.056432
     C   11        0.021666        0.056432       -0.046875

     Cl  12        0.326156        0.954325       -0.003472
     Cl  12        0.954325        1.722034       -0.473508
     Cl  12       -0.003472       -0.473508       -2.048191

     H   13       -0.257063        0.093003        0.283470
     H   13        0.093003        0.434481        0.272809
     H   13        0.283470        0.272809       -0.177418

     C   14        0.221937       -0.573765       -0.325503
     C   14       -0.573765       -0.275619        0.064951
     C   14       -0.325503        0.064951        0.053682

     H   15        0.606089        0.221179        0.293472
     H   15        0.221179       -0.517848       -0.210478
     H   15        0.293472       -0.210478       -0.088241

     C   16       -0.675468        0.094119       -0.388258
     C   16        0.094119        0.420366        0.595686
     C   16       -0.388258        0.595686        0.255101

     C   17        0.257732       -0.249153       -0.056449
     C   17       -0.249153        0.014673        0.051355
     C   17       -0.056449        0.051355       -0.272405

     Cl  18       -0.559502        0.803032       -0.182638
     Cl  18        0.803032        2.355605       -0.196390
     Cl  18       -0.182638       -0.196390       -1.796103

     H   19       -0.228914        0.173069        0.290658
     H   19        0.173069        0.481076       -0.504012
     H   19        0.290658       -0.504012       -0.252162

     C   20       -0.449425       -0.248574       -0.196016
     C   20       -0.248574        0.385425        0.184300
     C   20       -0.196016        0.184300        0.064001

     H   21        0.447811       -0.200407        0.465354
     H   21       -0.200407        0.010682       -0.466309
     H   21        0.465354       -0.466309       -0.458493

     C   22        0.058850       -0.011627        0.114334
     C   22       -0.011627        0.061330        0.090269
     C   22        0.114334        0.090269       -0.120180

     C   23       -0.258486       -0.137721       -0.172169
     C   23       -0.137721        0.227221        0.207104
     C   23       -0.172169        0.207104        0.031265

     Cl  24       -0.285105        0.921640       -0.871690
     Cl  24        0.921640       -0.239609        1.763944
     Cl  24       -0.871690        1.763944        0.524714

     ----- total EFG (symmetrized) -----
     Cl   1        1.822998       -2.438226       -1.968346
     Cl   1       -2.438226       -1.079519       -0.271216
     Cl   1       -1.968346       -0.271216       -0.743479

     C    2       -0.296896       -0.010336       -0.346031
     C    2       -0.010336        0.010253        0.412322
     C    2       -0.346031        0.412322        0.286644

     C    3        0.079490       -0.278536       -0.219686
     C    3       -0.278536       -0.300732        0.107824
     C    3       -0.219686        0.107824        0.221242

     H    4       -0.028490        0.213347        0.347247
     H    4        0.213347       -0.000028        0.106079
     H    4        0.347247        0.106079        0.028518

     C    5       -0.785944        0.123696       -0.331320
     C    5        0.123696        0.611833        0.512939
     C    5       -0.331320        0.512939        0.174111

     H    6       -0.192347       -0.103191       -0.238782
     H    6       -0.103191        0.251629        0.086564
     H    6       -0.238782        0.086564       -0.059282

     H    7       -0.086332       -0.080342       -0.009787
     H    7       -0.080342       -0.016314       -0.479647
     H    7       -0.009787       -0.479647        0.102646

     C    8       -0.145565        0.260786       -0.006176
     C    8        0.260786        0.264866        0.428709
     C    8       -0.006176        0.428709       -0.119301

     H    9        0.254933        0.004850        0.181558
     H    9        0.004850       -0.150303        0.000257
     H    9        0.181558        0.000257       -0.104630

     C   10       -0.471008       -0.066606       -0.117156
     C   10       -0.066606        0.297553       -0.046256
     C   10       -0.117156       -0.046256        0.173455

     C   11        0.085714        0.292575        0.021666
     C   11        0.292575       -0.038839        0.056432
     C   11        0.021666        0.056432       -0.046875

     Cl  12        0.326156        0.954325       -0.003472
     Cl  12        0.954325        1.722034       -0.473508
     Cl  12       -0.003472       -0.473508       -2.048191

     H   13       -0.257063        0.093003        0.283470
     H   13        0.093003        0.434481        0.272809
     H   13        0.283470        0.272809       -0.177418

     C   14        0.221937       -0.573765       -0.325503
     C   14       -0.573765       -0.275619        0.064951
     C   14       -0.325503        0.064951        0.053682

     H   15        0.606089        0.221179        0.293472
     H   15        0.221179       -0.517848       -0.210478
     H   15        0.293472       -0.210478       -0.088241

     C   16       -0.675468        0.094119       -0.388258
     C   16        0.094119        0.420366        0.595686
     C   16       -0.388258        0.595686        0.255101

     C   17        0.257732       -0.249153       -0.056449
     C   17       -0.249153        0.014673        0.051355
     C   17       -0.056449        0.051355       -0.272405

     Cl  18       -0.559502        0.803032       -0.182638
     Cl  18        0.803032        2.355605       -0.196390
     Cl  18       -0.182638       -0.196390       -1.796103

     H   19       -0.228914        0.173069        0.290658
     H   19        0.173069        0.481076       -0.504012
     H   19        0.290658       -0.504012       -0.252162

     C   20       -0.449425       -0.248574       -0.196016
     C   20       -0.248574        0.385425        0.184300
     C   20       -0.196016        0.184300        0.064001

     H   21        0.447811       -0.200407        0.465354
     H   21       -0.200407        0.010682       -0.466309
     H   21        0.465354       -0.466309       -0.458493

     C   22        0.058850       -0.011627        0.114334
     C   22       -0.011627        0.061330        0.090269
     C   22        0.114334        0.090269       -0.120180

     C   23       -0.258486       -0.137721       -0.172169
     C   23       -0.137721        0.227221        0.207104
     C   23       -0.172169        0.207104        0.031265

     Cl  24       -0.285105        0.921640       -0.871690
     Cl  24        0.921640       -0.239609        1.763944
     Cl  24       -0.871690        1.763944        0.524714


     NQR/NMR SPECTROSCOPIC PARAMETERS:
     Cl   1    Vxx=   -0.6085    axis=(  0.029700 -0.609770  0.792021)
     Cl   1    Vyy=   -3.1794    axis=( -0.530529 -0.681167 -0.504530)
     Cl   1    Vzz=    3.7879    axis=( -0.847146  0.405206  0.343731)
     Cl   1  Q=        -8.1650 1e-30 m^2  Cq=       -72.6691 MHz  eta= 0.67872

     C    2    Vxx=   -0.1449    axis=(  0.574679  0.770611 -0.275505)
     C    2    Vyy=   -0.5270    axis=( -0.763594  0.383809 -0.519244)
     C    2    Vzz=    0.6719    axis=( -0.294394  0.508772  0.809001)
     C    2  Q=         1.0000 1e-30 m^2  Cq=         1.5786 MHz  eta= 0.56877

     C    3    Vxx=   -0.0206    axis=(  0.616200 -0.339134  0.710834)
     C    3    Vyy=   -0.4479    axis=( -0.471012 -0.882038 -0.012507)
     C    3    Vzz=    0.4686    axis=(  0.631225 -0.327105 -0.703248)
     C    3  Q=         1.0000 1e-30 m^2  Cq=         1.1010 MHz  eta= 0.91191

     H    4    Vxx=   -0.0864    axis=(  0.092512 -0.855184  0.510002)
     H    4    Vyy=   -0.3722    axis=( -0.762007  0.268889  0.589104)
     H    4    Vzz=    0.4586    axis=(  0.640926  0.443124  0.626781)
     H    4  Q=         1.0000 1e-30 m^2  Cq=         1.0775 MHz  eta= 0.62334

     C    5    Vxx=   -0.0124    axis=( -0.403900 -0.531651  0.744454)
     C    5    Vyy=   -0.9421    axis=( -0.913515  0.191241 -0.359049)
     C    5    Vzz=    0.9545    axis=(  0.048519 -0.825091 -0.562913)
     C    5  Q=         1.0000 1e-30 m^2  Cq=         2.2427 MHz  eta= 0.97392

     H    6    Vxx=    0.0410    axis=(  0.484230  0.524886 -0.700012)
     H    6    Vyy=    0.3342    axis=(  0.346683 -0.849685 -0.397299)
     H    6    Vzz=   -0.3752    axis=(  0.803326  0.050298  0.593411)
     H    6  Q=         1.0000 1e-30 m^2  Cq=        -0.8816 MHz  eta= 0.78152

     H    7    Vxx=   -0.0776    axis=(  0.980775 -0.085849 -0.175242)
     H    7    Vyy=   -0.4524    axis=(  0.180246  0.742647  0.644971)
     H    7    Vzz=    0.5299    axis=(  0.074773 -0.664158  0.743843)
     H    7  Q=         1.0000 1e-30 m^2  Cq=         1.2451 MHz  eta= 0.70731

     C    8    Vxx=   -0.1327    axis=(  0.841861  0.028915 -0.538920)
     C    8    Vyy=   -0.4735    axis=( -0.459645  0.561731 -0.687884)
     C    8    Vzz=    0.6062    axis=( -0.282838 -0.826814 -0.486190)
     C    8  Q=         1.0000 1e-30 m^2  Cq=         1.4243 MHz  eta= 0.56232

     H    9    Vxx=   -0.1503    axis=( -0.012047 -0.998492  0.053558)
     H    9    Vyy=   -0.1804    axis=( -0.384837  0.054066  0.921400)
     H    9    Vzz=    0.3307    axis=(  0.922906  0.009511  0.384908)
     H    9  Q=         1.0000 1e-30 m^2  Cq=         0.7770 MHz  eta= 0.09128

     C   10    Vxx=    0.1845    axis=( -0.195927  0.270339  0.942619)
     C   10    Vyy=    0.3139    axis=(  0.039085 -0.958332  0.282969)
     C   10    Vzz=   -0.4985    axis=(  0.979839  0.092283  0.177197)
     C   10  Q=         1.0000 1e-30 m^2  Cq=        -1.1712 MHz  eta= 0.25957

     C   11    Vxx=   -0.0502    axis=( -0.189946  0.015526  0.981672)
     C   11    Vyy=   -0.2797    axis=( -0.614855  0.777639 -0.131268)
     C   11    Vzz=    0.3299    axis=( -0.765424 -0.628520 -0.138163)
     C   11  Q=         1.0000 1e-30 m^2  Cq=         0.7751 MHz  eta= 0.69579

     Cl  12    Vxx=   -0.1358    axis=(  0.895216 -0.432947  0.105572)
     Cl  12    Vyy=   -2.1126    axis=(  0.051412 -0.134982 -0.989513)
     Cl  12    Vzz=    2.2484    axis=(  0.442657  0.891256 -0.098579)
     Cl  12  Q=        -8.1650 1e-30 m^2  Cq=       -43.1342 MHz  eta= 0.87921

     H   13    Vxx=   -0.0660    axis=(  0.665967 -0.448619  0.596011)
     H   13    Vyy=   -0.5177    axis=(  0.708317  0.129617 -0.693892)
     H   13    Vzz=    0.5838    axis=(  0.234040  0.884274  0.404085)
     H   13  Q=         1.0000 1e-30 m^2  Cq=         1.3716 MHz  eta= 0.77381

     C   14    Vxx=   -0.0632    axis=(  0.243120 -0.384407  0.890575)
     C   14    Vyy=   -0.6758    axis=( -0.576159 -0.795839 -0.186228)
     C   14    Vzz=    0.7390    axis=(  0.780342 -0.467837 -0.414964)
     C   14  Q=         1.0000 1e-30 m^2  Cq=         1.7364 MHz  eta= 0.82893

     H   15    Vxx=   -0.0450    axis=(  0.219464  0.480563 -0.849055)
     H   15    Vyy=   -0.6843    axis=( -0.246441  0.869356  0.428353)
     H   15    Vzz=    0.7292    axis=(  0.943982  0.115234  0.309222)
     H   15  Q=         1.0000 1e-30 m^2  Cq=         1.7134 MHz  eta= 0.87667

     C   16    Vxx=   -0.0676    axis=( -0.481920 -0.638949  0.599581)
     C   16    Vyy=   -0.8936    axis=( -0.868093  0.255211 -0.425772)
     C   16    Vzz=    0.9612    axis=(  0.119026 -0.725680 -0.677658)
     C   16  Q=         1.0000 1e-30 m^2  Cq=         2.2584 MHz  eta= 0.85928

     C   17    Vxx=   -0.1397    axis=(  0.538402  0.837315  0.095012)
     C   17    Vyy=   -0.2818    axis=(  0.039849 -0.137920  0.989641)
     C   17    Vzz=    0.4215    axis=(  0.841745 -0.529039 -0.107622)
     C   17  Q=         1.0000 1e-30 m^2  Cq=         0.9905 MHz  eta= 0.33716

     Cl  18    Vxx=   -0.7507    axis=(  0.959364 -0.255576 -0.119590)
     Cl  18    Vyy=   -1.8242    axis=(  0.129365  0.021725  0.991359)
     Cl  18    Vzz=    2.5749    axis=( -0.250769 -0.966545  0.053905)
     Cl  18  Q=        -8.1650 1e-30 m^2  Cq=       -49.3982 MHz  eta= 0.41694

     H   19    Vxx=   -0.0039    axis=(  0.831059  0.229794  0.506493)
     H   19    Vyy=   -0.7344    axis=( -0.555599  0.384758  0.737069)
     H   19    Vzz=    0.7383    axis=( -0.025503 -0.893955  0.447430)
     H   19  Q=         1.0000 1e-30 m^2  Cq=         1.7347 MHz  eta= 0.98939

     C   20    Vxx=   -0.0108    axis=( -0.117685 -0.478524  0.870153)
     C   20    Vyy=   -0.5526    axis=( -0.948902 -0.204177 -0.240619)
     C   20    Vzz=    0.5635    axis=(  0.292807 -0.854006 -0.430043)
     C   20  Q=         1.0000 1e-30 m^2  Cq=         1.3239 MHz  eta= 0.96152

     H   21    Vxx=   -0.0052    axis=(  0.574954  0.787964 -0.220321)
     H   21    Vyy=   -0.8218    axis=(  0.251230 -0.426294 -0.868998)
     H   21    Vzz=    0.8269    axis=( -0.778660  0.444282 -0.443059)
     H   21  Q=         1.0000 1e-30 m^2  Cq=         1.9430 MHz  eta= 0.98751

     C   22    Vxx=    0.0717    axis=(  0.606137 -0.795255 -0.012951)
     C   22    Vyy=    0.1325    axis=(  0.692977  0.520050  0.499330)
     C   22    Vzz=   -0.2042    axis=( -0.390359 -0.311637  0.866315)
     C   22  Q=         1.0000 1e-30 m^2  Cq=        -0.4797 MHz  eta= 0.29802

     C   23    Vxx=   -0.0812    axis=( -0.249829 -0.614202  0.748559)
     C   23    Vyy=   -0.3418    axis=( -0.921885 -0.085578 -0.377894)
     C   23    Vzz=    0.4231    axis=(  0.296164 -0.784494 -0.544844)
     C   23  Q=         1.0000 1e-30 m^2  Cq=         0.9940 MHz  eta= 0.61610

     Cl  24    Vxx=    0.4613    axis=(  0.857760  0.433798 -0.275803)
     Cl  24    Vyy=    1.9530    axis=( -0.055536  0.611589  0.789224)
     Cl  24    Vzz=   -2.4143    axis=(  0.511042 -0.661648  0.548688)
     Cl  24  Q=        -8.1650 1e-30 m^2  Cq=        46.3163 MHz  eta= 0.61787

     Initialization:
     gipaw_setup  :      9.23s CPU     11.00s WALL (       1 calls)

     Linear response

     Apply operators

     Induced current

     Other routines
     efg          :      9.64s CPU     12.27s WALL (       1 calls)

     General routines
     calbec       :      3.20s CPU      4.16s WALL (      16 calls)
     fft          :      1.64s CPU      2.38s WALL (      15 calls)
     ffts         :      0.03s CPU      0.03s WALL (       2 calls)
     fftw         :      3.52s CPU      4.43s WALL (     672 calls)
     davcio       :      0.04s CPU      0.34s WALL (      32 calls)

     Parallel routines
     fft_scatter  :      2.44s CPU      3.92s WALL (     689 calls)

     Plugins

     GIPAW        :     61.35s CPU     73.28s WALL (       1 calls)
