
     Program QE v.6.0 (svn rev. 13079) starts on 13Jan2017 at  7: 1:52 

     This program is part of the open-source Quantum ESPRESSO suite
     for quantum simulation of materials; please cite
         "P. Giannozzi et al., J. Phys.:Condens. Matter 21 395502 (2009);
          URL http://www.quantum-espresso.org", 
     in publications or presentations arising from this work. More details at
     http://www.quantum-espresso.org/quote

     Parallel version (MPI), running on     8 processors
     R & G space division:  proc/nbgrp/npool/nimage =       8

     ***** This is GIPAW svn revision unknown      *****

     Parallelizing q-star over 1 images

     Reading data from directory:
     /users/majewski/paradichlorobenzene/pbe/9_constraint/scratch/pbe.ecut100.np8.dt60.pcl2phi-129368.save
     Message from routine read_xml_file:
     file /users/majewski/paradichlorobenzene/pbe/9_constraint/scratch/pbe.ecut100.np8.dt60.pcl2phi-129368.save not guaranteed to be safe for post-processing

   Info: using nr1, nr2, nr3 values from input

   Info: using nr1, nr2, nr3 values from input

     IMPORTANT: XC functional enforced from input :
     Exchange-correlation      =  SLA  PW   PBX  PBC ( 1  4  3  4 0 0)
     Any further DFT definition will be discarded
     Please, verify this is what you really want

               file C.pbe-n-kjpaw_psl.1.0.0.UPF: wavefunction(s)  2S 2P renormalized
               file Cl.pbe-n-kjpaw_psl.1.0.0.UPF: wavefunction(s)  3S 3P renormalized
               file H.pbe-kjpaw_psl.1.0.0.UPF: wavefunction(s)  1S renormalized

     Parallelization info
     --------------------
     sticks:   dense  smooth     PW     G-vecs:    dense   smooth      PW
     Min        3057    1223    332               144436    36536    5170
     Max        3059    1225    333               144437    36537    5171
     Sum       24467    9791   2657              1155489   292295   41363


     Subspace diagonalization in iterative solution of the eigenvalue problem:
     a serial algorithm will be used

     GIPAW projectors -----------------------------------------------
     atom=  C    l=0  rc=    1.2000  rs=    0.8000
     atom=  C    l=0  rc=    1.2000  rs=    0.8000
     atom=  C    l=1  rc=    1.4000  rs=    0.9333
     atom=  C    l=1  rc=    1.4000  rs=    0.9333
     projs nearly linearly dependent: l=1  n1,n2= 1, 2  s=  0.99951561

     atom=  Cl   l=0  rc=    1.6000  rs=    1.0667
     atom=  Cl   l=0  rc=    1.6000  rs=    1.0667
     atom=  Cl   l=1  rc=    1.6000  rs=    1.0667
     atom=  Cl   l=1  rc=    1.6000  rs=    1.0667
     atom=  Cl   l=2  rc=    1.6000  rs=    1.0667
     atom=  Cl   l=2  rc=    1.6000  rs=    1.0667
     projs nearly linearly dependent: l=2  n1,n2= 1, 2  s=  0.99993509

     atom=  H    l=0  rc=    1.0000  rs=    0.6667
     atom=  H    l=0  rc=    1.0000  rs=    0.6667
     projs nearly linearly dependent: l=0  n1,n2= 1, 2  s=  0.99968852
     -----------------------------------------------------------------

     GIPAW integrals: -------------------------------------------
     Atom  i/j   nmr_para   nmr_dia   epr_rmc  epr_para   epr_dia
       C   1 1   0.83E+03  0.17E-01  0.93E+01  0.24E+08  0.24E+03
       C   2 1   0.86E+03 -0.61E-01  0.94E+01  0.25E+08  0.25E+03
       C   2 2   0.90E+03 -0.15E+00  0.97E+01  0.26E+08  0.26E+03
       C   3 3   0.33E+01  0.34E+00  0.18E+01  0.55E+03  0.21E+02
       C   4 3   0.35E+01  0.37E+00  0.20E+01  0.59E+03  0.22E+02
       C   4 4   0.38E+01  0.39E+00  0.22E+01  0.63E+03  0.24E+02
       Cl  1 1   0.14E+04 -0.47E+00  0.84E+01  0.32E+09  0.42E+03
       Cl  2 1   0.21E+04 -0.37E+00  0.12E+02  0.49E+09  0.65E+03
       Cl  2 2   0.33E+04 -0.16E+00  0.21E+02  0.76E+09  0.10E+04
       Cl  3 3   0.21E+02  0.79E-01  0.89E+01  0.23E+05  0.13E+03
       Cl  4 3   0.24E+02  0.67E-01  0.99E+01  0.27E+05  0.15E+03
       Cl  4 4   0.28E+02  0.44E-01  0.11E+02  0.32E+05  0.18E+03
       Cl  5 5   0.77E+00  0.19E+00  0.18E+01  0.12E+03  0.22E+02
       Cl  6 5   0.80E+00  0.19E+00  0.19E+01  0.12E+03  0.23E+02
       Cl  6 6   0.83E+00  0.20E+00  0.19E+01  0.12E+03  0.23E+02
       H   1 1   0.39E+02  0.19E+00  0.29E+00  0.78E+05  0.13E+02
       H   2 1   0.41E+02  0.21E+00  0.32E+00  0.82E+05  0.14E+02
       H   2 2   0.43E+02  0.22E+00  0.36E+00  0.86E+05  0.15E+02
     ------------------------------------------------------------

     alpha_pv=     34.4310 eV

     Number of occupied bands for each k-point:
     k-point:     1    nbnd_occ=  42
     k-point:     2    nbnd_occ=  42
     k-point:     3    nbnd_occ=  42
     k-point:     4    nbnd_occ=  42
     k-point:     5    nbnd_occ=  42
     k-point:     6    nbnd_occ=  42
     k-point:     7    nbnd_occ=  42
     k-point:     8    nbnd_occ=  42
     k-point:     9    nbnd_occ=  42
     k-point:    10    nbnd_occ=  42
     k-point:    11    nbnd_occ=  42
     k-point:    12    nbnd_occ=  42
     k-point:    13    nbnd_occ=  42
     k-point:    14    nbnd_occ=  42
     k-point:    15    nbnd_occ=  42
     k-point:    16    nbnd_occ=  42


     q-space interpolation up to   110.00 Rydberg

     GIPAW job: efg                                                                             


     ELECTRIC FIELD GRADIENTS TENSORS IN Hartree/bohrradius^2:

     ----- bare term -----
     Cl   1        0.269646        0.082634       -0.230035
     Cl   1        0.082634        0.364169       -0.038796
     Cl   1       -0.230035       -0.038796       -0.633815

     C    2       -0.149857        0.245127       -0.157641
     C    2        0.245127       -0.415045       -0.426457
     C    2       -0.157641       -0.426457        0.564902

     C    3       -0.155701        0.434259       -0.342251
     C    3        0.434259       -0.284263       -0.367696
     C    3       -0.342251       -0.367696        0.439964

     H    4       -0.015031       -0.111172       -0.269376
     H    4       -0.111172        0.496652       -0.272152
     H    4       -0.269376       -0.272152       -0.481620

     C    5       -0.524460        0.239203       -0.405300
     C    5        0.239203        0.235819       -0.145159
     C    5       -0.405300       -0.145159        0.288641

     H    6       -0.086335        0.221318       -0.220587
     H    6        0.221318       -0.280050       -0.407430
     H    6       -0.220587       -0.407430        0.366386

     H    7        0.312773        0.259016        0.081349
     H    7        0.259016       -0.547910       -0.255808
     H    7        0.081349       -0.255808        0.235137

     C    8       -0.122151        0.033192       -0.170054
     C    8        0.033192       -0.095001        0.200658
     C    8       -0.170054        0.200658        0.217152

     H    9       -0.222742        0.351628        0.147949
     H    9        0.351628       -0.001302       -0.161902
     H    9        0.147949       -0.161902        0.224044

     C   10       -0.063324       -0.045150        0.179975
     C   10       -0.045150       -0.076602       -0.135154
     C   10        0.179975       -0.135154        0.139926

     C   11       -0.088084        0.017390       -0.260556
     C   11        0.017390        0.043796        0.702874
     C   11       -0.260556        0.702874        0.044289

     Cl  12       -0.185648       -0.264915       -0.032174
     Cl  12       -0.264915        0.184827        0.071503
     Cl  12       -0.032174        0.071503        0.000820

     H   13        0.042354        0.328558       -0.063121
     H   13        0.328558       -0.384721       -0.184922
     H   13       -0.063121       -0.184922        0.342366

     C   14       -0.077888       -0.325593       -0.476806
     C   14       -0.325593       -0.085363       -0.506744
     C   14       -0.476806       -0.506744        0.163251

     H   15        0.052405        0.001752       -0.223348
     H   15        0.001752        0.075497       -0.494897
     H   15       -0.223348       -0.494897       -0.127903

     C   16       -0.565412        0.457133       -0.257279
     C   16        0.457133        0.104891       -0.132942
     C   16       -0.257279       -0.132942        0.460521

     C   17        0.196324        0.079756       -0.112991
     C   17        0.079756       -0.402588       -0.542160
     C   17       -0.112991       -0.542160        0.206264

     Cl  18        0.231605        0.045845       -0.231494
     Cl  18        0.045845       -0.097995       -0.613739
     Cl  18       -0.231494       -0.613739       -0.133610

     H   19        0.432224        0.270664        0.112533
     H   19        0.270664       -0.581863       -0.156195
     H   19        0.112533       -0.156195        0.149639

     C   20       -0.739425       -0.221629       -0.413270
     C   20       -0.221629        0.042916        0.107288
     C   20       -0.413270        0.107288        0.696508

     H   21       -0.457668        0.368881        0.207785
     H   21        0.368881        0.307479       -0.050209
     H   21        0.207785       -0.050209        0.150189

     C   22       -0.000213       -0.037101       -0.221127
     C   22       -0.037101       -0.505696        0.380519
     C   22       -0.221127        0.380519        0.505909

     C   23       -0.506014       -0.278189       -0.317930
     C   23       -0.278189        0.139649        0.275509
     C   23       -0.317930        0.275509        0.366364

     Cl  24       -0.055454        0.035473        0.027546
     Cl  24        0.035473       -0.023051       -0.098553
     Cl  24        0.027546       -0.098553        0.078505

     ----- ionic term -----
     Cl   1        0.186620       -0.211565        0.091912
     Cl   1       -0.211565       -0.053500       -0.041764
     Cl   1        0.091912       -0.041764       -0.133120

     C    2        0.093202       -0.190404        0.379234
     C    2       -0.190404        0.156869        0.373903
     C    2        0.379234        0.373903       -0.250071

     C    3        0.125425       -0.263270        0.292329
     C    3       -0.263270        0.188404        0.306517
     C    3        0.292329        0.306517       -0.313828

     H    4        0.312697        0.326068        0.748976
     H    4        0.326068       -0.347137        0.348909
     H    4        0.748976        0.348909        0.034441

     C    5        0.210072       -0.130426        0.381815
     C    5       -0.130426        0.079951        0.290307
     C    5        0.381815        0.290307       -0.290024

     H    6       -0.525443       -0.101595       -0.036602
     H    6       -0.101595        0.816391        0.598185
     H    6       -0.036602        0.598185       -0.290948

     H    7       -0.474792       -0.234030        0.051994
     H    7       -0.234030        1.022978       -0.267286
     H    7        0.051994       -0.267286       -0.548187

     C    8        0.404829        0.084082        0.064536
     C    8        0.084082        0.160402       -0.199543
     C    8        0.064536       -0.199543       -0.565231

     H    9        0.827052       -0.487566        0.266359
     H    9       -0.487566       -0.300073       -0.144148
     H    9        0.266359       -0.144148       -0.526979

     C   10        0.267857        0.126050        0.030197
     C   10        0.126050        0.287785       -0.284706
     C   10        0.030197       -0.284706       -0.555641

     C   11        0.299778       -0.020763        0.138136
     C   11       -0.020763        0.287926       -0.258034
     C   11        0.138136       -0.258034       -0.587704

     Cl  12        0.138733        0.188343        0.013139
     Cl  12        0.188343        0.026030        0.014543
     Cl  12        0.013139        0.014543       -0.164763

     H   13       -0.516768       -0.183890       -0.085758
     H   13       -0.183890        0.730778        0.636300
     H   13       -0.085758        0.636300       -0.214010

     C   14        0.164505       -0.216546        0.348961
     C   14       -0.216546        0.072601        0.294589
     C   14        0.348961        0.294589       -0.237105

     H   15        0.207462        0.247941        0.763312
     H   15        0.247941       -0.397054        0.345895
     H   15        0.763312        0.345895        0.189592

     C   16        0.108321       -0.347038        0.263873
     C   16       -0.347038        0.159176        0.334037
     C   16        0.263873        0.334037       -0.267498

     C   17        0.161847       -0.177978        0.351492
     C   17       -0.177978        0.111567        0.404334
     C   17        0.351492        0.404334       -0.273414

     Cl  18        0.196856       -0.171520        0.084695
     Cl  18       -0.171520       -0.055213       -0.037321
     Cl  18        0.084695       -0.037321       -0.141643

     H   19       -0.497854       -0.233864        0.062231
     H   19       -0.233864        1.013262       -0.292852
     H   19        0.062231       -0.292852       -0.515408

     C   20        0.364537       -0.045579        0.106750
     C   20       -0.045579        0.205412       -0.191547
     C   20        0.106750       -0.191547       -0.569949

     H   21        0.698504       -0.559472        0.360545
     H   21       -0.559472       -0.230504       -0.206513
     H   21        0.360545       -0.206513       -0.467999

     C   22        0.172995        0.064616        0.075459
     C   22        0.064616        0.338218       -0.291602
     C   22        0.075459       -0.291602       -0.511213

     C   23        0.230340        0.069566        0.057104
     C   23        0.069566        0.297625       -0.305828
     C   23        0.057104       -0.305828       -0.527965

     Cl  24        0.126143        0.218089       -0.046785
     Cl  24        0.218089        0.012229       -0.024844
     Cl  24       -0.046785       -0.024844       -0.138372

     ----- GIPAW term -----
     Cl   1        0.156684       -0.568528        0.181339
     Cl   1       -0.568528       -0.184985        0.001571
     Cl   1        0.181339        0.001571        0.028301

     C    2       -0.093008       -0.050607        0.022194
     C    2       -0.050607       -0.144536       -0.143697
     C    2        0.022194       -0.143697        0.237544

     C    3        0.002470        0.084067       -0.200508
     C    3        0.084067       -0.124730       -0.066370
     C    3       -0.200508       -0.066370        0.122260

     H    4       -0.000000        0.000000        0.000000
     H    4        0.000000        0.000000        0.000000
     H    4        0.000000        0.000000        0.000000

     C    5        0.050506        0.171369        0.097005
     C    5        0.171369       -0.003150        0.093757
     C    5        0.097005        0.093757       -0.047357

     H    6       -0.000000        0.000000        0.000000
     H    6        0.000000        0.000000        0.000000
     H    6        0.000000        0.000000        0.000000

     H    7       -0.000000        0.000000        0.000000
     H    7        0.000000        0.000000        0.000000
     H    7        0.000000        0.000000        0.000000

     C    8       -0.052668       -0.010820       -0.023142
     C    8       -0.010820        0.029690        0.117201
     C    8       -0.023142        0.117201        0.022977

     H    9       -0.000000        0.000000        0.000000
     H    9        0.000000        0.000000        0.000000
     H    9        0.000000        0.000000        0.000000

     C   10        0.002956        0.013031        0.023003
     C   10        0.013031        0.007036       -0.025285
     C   10        0.023003       -0.025285       -0.009992

     C   11       -0.065115        0.024357       -0.066185
     C   11        0.024357        0.157555        0.229189
     C   11       -0.066185        0.229189       -0.092440

     Cl  12       -0.154176        0.023581       -0.406961
     Cl  12        0.023581        2.240914        0.769842
     Cl  12       -0.406961        0.769842       -2.086739

     H   13       -0.000000        0.000000        0.000000
     H   13        0.000000        0.000000        0.000000
     H   13        0.000000        0.000000        0.000000

     C   14        0.045832       -0.167224       -0.021095
     C   14       -0.167224        0.032732       -0.088067
     C   14       -0.021095       -0.088067       -0.078564

     H   15       -0.000000        0.000000        0.000000
     H   15        0.000000        0.000000        0.000000
     H   15        0.000000        0.000000        0.000000

     C   16       -0.035683       -0.096117       -0.056289
     C   16       -0.096117        0.086135        0.044802
     C   16       -0.056289        0.044802       -0.050452

     C   17       -0.052620       -0.005610        0.035431
     C   17       -0.005610        0.093002        0.141714
     C   17        0.035431        0.141714       -0.040381

     Cl  18        0.424644       -0.107874        0.087580
     Cl  18       -0.107874       -0.226235       -0.456140
     Cl  18        0.087580       -0.456140       -0.198409

     H   19       -0.000000        0.000000        0.000000
     H   19        0.000000        0.000000        0.000000
     H   19        0.000000        0.000000        0.000000

     C   20       -0.217323       -0.022709       -0.070841
     C   20       -0.022709       -0.082473       -0.067357
     C   20       -0.070841       -0.067357        0.299796

     H   21       -0.000000        0.000000        0.000000
     H   21        0.000000        0.000000        0.000000
     H   21        0.000000        0.000000        0.000000

     C   22       -0.069083        0.040378       -0.142855
     C   22        0.040378       -0.160980       -0.039728
     C   22       -0.142855       -0.039728        0.230063

     C   23       -0.070440        0.151607       -0.057237
     C   23        0.151607        0.172861        0.003662
     C   23       -0.057237        0.003662       -0.102421

     Cl  24       -0.207176        2.122176       -0.313016
     Cl  24        2.122176        0.056412       -1.931695
     Cl  24       -0.313016       -1.931695        0.150765

     ----- total EFG -----
     Cl   1        0.612949       -0.697460        0.043216
     Cl   1       -0.697460        0.125684       -0.078988
     Cl   1        0.043216       -0.078988       -0.738633

     C    2       -0.149663        0.004116        0.243786
     C    2        0.004116       -0.402712       -0.196251
     C    2        0.243786       -0.196251        0.552375

     C    3       -0.027807        0.255055       -0.250429
     C    3        0.255055       -0.220588       -0.127549
     C    3       -0.250429       -0.127549        0.248395

     H    4        0.297665        0.214896        0.479600
     H    4        0.214896        0.149514        0.076757
     H    4        0.479600        0.076757       -0.447180

     C    5       -0.263881        0.280146        0.073520
     C    5        0.280146        0.312620        0.238906
     C    5        0.073520        0.238906       -0.048739

     H    6       -0.611778        0.119723       -0.257189
     H    6        0.119723        0.536340        0.190755
     H    6       -0.257189        0.190755        0.075437

     H    7       -0.162018        0.024985        0.133343
     H    7        0.024985        0.475068       -0.523094
     H    7        0.133343       -0.523094       -0.313050

     C    8        0.230011        0.106454       -0.128659
     C    8        0.106454        0.095091        0.118317
     C    8       -0.128659        0.118317       -0.325102

     H    9        0.604310       -0.135938        0.414308
     H    9       -0.135938       -0.301375       -0.306050
     H    9        0.414308       -0.306050       -0.302934

     C   10        0.207488        0.093931        0.233175
     C   10        0.093931        0.218219       -0.445145
     C   10        0.233175       -0.445145       -0.425707

     C   11        0.146578        0.020984       -0.188604
     C   11        0.020984        0.489277        0.674029
     C   11       -0.188604        0.674029       -0.635856

     Cl  12       -0.201090       -0.052991       -0.425996
     Cl  12       -0.052991        2.451772        0.855887
     Cl  12       -0.425996        0.855887       -2.250682

     H   13       -0.474414        0.144668       -0.148878
     H   13        0.144668        0.346057        0.451378
     H   13       -0.148878        0.451378        0.128357

     C   14        0.132448       -0.709363       -0.148940
     C   14       -0.709363        0.019970       -0.300222
     C   14       -0.148940       -0.300222       -0.152418

     H   15        0.259867        0.249693        0.539964
     H   15        0.249693       -0.321557       -0.149002
     H   15        0.539964       -0.149002        0.061689

     C   16       -0.492773        0.013979       -0.049695
     C   16        0.013979        0.350202        0.245897
     C   16       -0.049695        0.245897        0.142571

     C   17        0.305551       -0.103832        0.273932
     C   17       -0.103832       -0.198019        0.003888
     C   17        0.273932        0.003888       -0.107531

     Cl  18        0.853106       -0.233549       -0.059219
     Cl  18       -0.233549       -0.379443       -1.107199
     Cl  18       -0.059219       -1.107199       -0.473663

     H   19       -0.065630        0.036800        0.174764
     H   19        0.036800        0.431399       -0.449047
     H   19        0.174764       -0.449047       -0.365769

     C   20       -0.592210       -0.289917       -0.377360
     C   20       -0.289917        0.165855       -0.151616
     C   20       -0.377360       -0.151616        0.426355

     H   21        0.240836       -0.190591        0.568330
     H   21       -0.190591        0.076975       -0.256722
     H   21        0.568330       -0.256722       -0.317810

     C   22        0.103699        0.067894       -0.288523
     C   22        0.067894       -0.328458        0.049189
     C   22       -0.288523        0.049189        0.224759

     C   23       -0.346114       -0.057016       -0.318063
     C   23       -0.057016        0.610135       -0.026657
     C   23       -0.318063       -0.026657       -0.264022

     Cl  24       -0.136487        2.375738       -0.332255
     Cl  24        2.375738        0.045590       -2.055092
     Cl  24       -0.332255       -2.055092        0.090897

     ----- total EFG (symmetrized) -----
     Cl   1        0.612949       -0.697460        0.043216
     Cl   1       -0.697460        0.125684       -0.078988
     Cl   1        0.043216       -0.078988       -0.738633

     C    2       -0.149663        0.004116        0.243786
     C    2        0.004116       -0.402712       -0.196251
     C    2        0.243786       -0.196251        0.552375

     C    3       -0.027807        0.255055       -0.250429
     C    3        0.255055       -0.220588       -0.127549
     C    3       -0.250429       -0.127549        0.248395

     H    4        0.297665        0.214896        0.479600
     H    4        0.214896        0.149514        0.076757
     H    4        0.479600        0.076757       -0.447180

     C    5       -0.263881        0.280146        0.073520
     C    5        0.280146        0.312620        0.238906
     C    5        0.073520        0.238906       -0.048739

     H    6       -0.611778        0.119723       -0.257189
     H    6        0.119723        0.536340        0.190755
     H    6       -0.257189        0.190755        0.075437

     H    7       -0.162018        0.024985        0.133343
     H    7        0.024985        0.475068       -0.523094
     H    7        0.133343       -0.523094       -0.313050

     C    8        0.230011        0.106454       -0.128659
     C    8        0.106454        0.095091        0.118317
     C    8       -0.128659        0.118317       -0.325102

     H    9        0.604310       -0.135938        0.414308
     H    9       -0.135938       -0.301375       -0.306050
     H    9        0.414308       -0.306050       -0.302934

     C   10        0.207488        0.093931        0.233175
     C   10        0.093931        0.218219       -0.445145
     C   10        0.233175       -0.445145       -0.425707

     C   11        0.146578        0.020984       -0.188604
     C   11        0.020984        0.489277        0.674029
     C   11       -0.188604        0.674029       -0.635856

     Cl  12       -0.201090       -0.052991       -0.425996
     Cl  12       -0.052991        2.451772        0.855887
     Cl  12       -0.425996        0.855887       -2.250682

     H   13       -0.474414        0.144668       -0.148878
     H   13        0.144668        0.346057        0.451378
     H   13       -0.148878        0.451378        0.128357

     C   14        0.132448       -0.709363       -0.148940
     C   14       -0.709363        0.019970       -0.300222
     C   14       -0.148940       -0.300222       -0.152418

     H   15        0.259867        0.249693        0.539964
     H   15        0.249693       -0.321557       -0.149002
     H   15        0.539964       -0.149002        0.061689

     C   16       -0.492773        0.013979       -0.049695
     C   16        0.013979        0.350202        0.245897
     C   16       -0.049695        0.245897        0.142571

     C   17        0.305551       -0.103832        0.273932
     C   17       -0.103832       -0.198019        0.003888
     C   17        0.273932        0.003888       -0.107531

     Cl  18        0.853106       -0.233549       -0.059219
     Cl  18       -0.233549       -0.379443       -1.107199
     Cl  18       -0.059219       -1.107199       -0.473663

     H   19       -0.065630        0.036800        0.174764
     H   19        0.036800        0.431399       -0.449047
     H   19        0.174764       -0.449047       -0.365769

     C   20       -0.592210       -0.289917       -0.377360
     C   20       -0.289917        0.165855       -0.151616
     C   20       -0.377360       -0.151616        0.426355

     H   21        0.240836       -0.190591        0.568330
     H   21       -0.190591        0.076975       -0.256722
     H   21        0.568330       -0.256722       -0.317810

     C   22        0.103699        0.067894       -0.288523
     C   22        0.067894       -0.328458        0.049189
     C   22       -0.288523        0.049189        0.224759

     C   23       -0.346114       -0.057016       -0.318063
     C   23       -0.057016        0.610135       -0.026657
     C   23       -0.318063       -0.026657       -0.264022

     Cl  24       -0.136487        2.375738       -0.332255
     Cl  24        2.375738        0.045590       -2.055092
     Cl  24       -0.332255       -2.055092        0.090897


     NQR/NMR SPECTROSCOPIC PARAMETERS:
     Cl   1    Vxx=   -0.3654    axis=(  0.580405  0.807695 -0.103721)
     Cl   1    Vyy=   -0.7463    axis=(  0.024755  0.109811  0.993644)
     Cl   1    Vzz=    1.1116    axis=(  0.813952 -0.579284  0.043740)
     Cl   1  Q=        -8.1650 1e-30 m^2  Cq=       -21.3264 MHz  eta= 0.34266

     C    2    Vxx=   -0.2093    axis=( -0.937634 -0.257239  0.233817)
     C    2    Vyy=   -0.4521    axis=( -0.202273  0.950752  0.234854)
     C    2    Vzz=    0.6614    axis=(  0.282716 -0.172912  0.943490)
     C    2  Q=         1.0000 1e-30 m^2  Cq=         1.5540 MHz  eta= 0.36701

     C    3    Vxx=   -0.0827    axis=(  0.588023  0.498677  0.636829)
     C    3    Vyy=   -0.3996    axis=( -0.597405  0.798547 -0.073692)
     C    3    Vzz=    0.4823    axis=( -0.545286 -0.337112  0.767476)
     C    3  Q=         1.0000 1e-30 m^2  Cq=         1.1333 MHz  eta= 0.65701

     H    4    Vxx=    0.0449    axis=(  0.364582 -0.906258  0.213955)
     H    4    Vyy=    0.6379    axis=( -0.818022 -0.421488 -0.391392)
     H    4    Vzz=   -0.6828    axis=(  0.444881 -0.032326 -0.895006)
     H    4  Q=         1.0000 1e-30 m^2  Cq=        -1.6043 MHz  eta= 0.86836

     C    5    Vxx=   -0.1536    axis=( -0.230059 -0.330782  0.915236)
     C    5    Vyy=   -0.3794    axis=(  0.912974 -0.399007  0.085282)
     C    5    Vzz=    0.5330    axis=(  0.336975  0.855206  0.393790)
     C    5  Q=         1.0000 1e-30 m^2  Cq=         1.2524 MHz  eta= 0.42379

     H    6    Vxx=    0.1162    axis=( -0.361189 -0.298213  0.883522)
     H    6    Vyy=    0.6056    axis=(  0.023500  0.944272  0.328325)
     H    6    Vzz=   -0.7218    axis=( -0.932196  0.139350 -0.334053)
     H    6  Q=         1.0000 1e-30 m^2  Cq=        -1.6960 MHz  eta= 0.67806

     H    7    Vxx=   -0.1256    axis=(  0.959330  0.161629  0.231433)
     H    7    Vyy=   -0.6118    axis=( -0.279164  0.421622  0.862729)
     H    7    Vzz=    0.7375    axis=(  0.041865 -0.892250  0.449596)
     H    7  Q=         1.0000 1e-30 m^2  Cq=         1.7328 MHz  eta= 0.65927

     C    8    Vxx=    0.0989    axis=( -0.358669  0.865241  0.350307)
     C    8    Vyy=    0.2946    axis=(  0.902252  0.417571 -0.107592)
     C    8    Vzz=   -0.3935    axis=(  0.239371 -0.277476  0.930435)
     C    8  Q=         1.0000 1e-30 m^2  Cq=        -0.9245 MHz  eta= 0.49749

     H    9    Vxx=   -0.1710    axis=(  0.403381  0.763474 -0.504372)
     H    9    Vyy=   -0.6464    axis=( -0.189032  0.608846  0.770437)
     H    9    Vzz=    0.8175    axis=(  0.895294 -0.215437  0.389918)
     H    9  Q=         1.0000 1e-30 m^2  Cq=         1.9207 MHz  eta= 0.58160

     C   10    Vxx=    0.2723    axis=(  0.957846  0.228313  0.174366)
     C   10    Vyy=    0.4484    axis=( -0.121004  0.871124 -0.475922)
     C   10    Vzz=   -0.7207    axis=( -0.260554  0.434761  0.862029)
     C   10  Q=         1.0000 1e-30 m^2  Cq=        -1.6933 MHz  eta= 0.24427

     C   11    Vxx=    0.1696    axis=(  0.982986  0.152213 -0.102804)
     C   11    Vyy=    0.8104    axis=( -0.093964  0.897640  0.430596)
     C   11    Vzz=   -0.9800    axis=(  0.157824 -0.413611  0.896671)
     C   11  Q=         1.0000 1e-30 m^2  Cq=        -2.3025 MHz  eta= 0.65396

     Cl  12    Vxx=   -0.1327    axis=(  0.983026  0.075526 -0.167199)
     Cl  12    Vyy=   -2.4757    axis=( -0.177759  0.166552 -0.969877)
     Cl  12    Vzz=    2.6084    axis=( -0.045404  0.983136  0.177150)
     Cl  12  Q=        -8.1650 1e-30 m^2  Cq=       -50.0416 MHz  eta= 0.89825

     H   13    Vxx=   -0.1102    axis=( -0.492570 -0.528103  0.691724)
     H   13    Vyy=   -0.5917    axis=( -0.870064  0.316235 -0.378131)
     H   13    Vzz=    0.7019    axis=( -0.019055 -0.788101 -0.615251)
     H   13  Q=         1.0000 1e-30 m^2  Cq=         1.6493 MHz  eta= 0.68591

     C   14    Vxx=   -0.0007    axis=( -0.382932 -0.258133  0.886978)
     C   14    Vyy=   -0.7972    axis=(  0.586326  0.674056  0.449300)
     C   14    Vzz=    0.7979    axis=( -0.713852  0.692110 -0.106767)
     C   14  Q=         1.0000 1e-30 m^2  Cq=         1.8748 MHz  eta= 0.99813

     H   15    Vxx=   -0.0851    axis=(  0.358906  0.738517 -0.570771)
     H   15    Vyy=   -0.6343    axis=( -0.512724  0.666983  0.540599)
     H   15    Vzz=    0.7193    axis=( -0.779936 -0.098624 -0.618039)
     H   15  Q=         1.0000 1e-30 m^2  Cq=         1.6901 MHz  eta= 0.76352

     C   16    Vxx=   -0.0155    axis=( -0.102312 -0.552392  0.827282)
     C   16    Vyy=   -0.4981    axis=( -0.994627  0.043607 -0.093891)
     C   16    Vzz=    0.5135    axis=(  0.015789 -0.832443 -0.553886)
     C   16  Q=         1.0000 1e-30 m^2  Cq=         1.2066 MHz  eta= 0.93974

     C   17    Vxx=   -0.1754    axis=(  0.153736 -0.803862 -0.574605)
     C   17    Vyy=   -0.2795    axis=(  0.427860  0.578331 -0.694600)
     C   17    Vzz=    0.4549    axis=( -0.890674  0.139066 -0.432851)
     C   17  Q=         1.0000 1e-30 m^2  Cq=         1.0688 MHz  eta= 0.22890

     Cl  18    Vxx=    0.6177    axis=(  0.447490  0.615534 -0.648745)
     Cl  18    Vyy=    0.9345    axis=( -0.890249  0.375490 -0.257806)
     Cl  18    Vzz=   -1.5522    axis=(  0.084909  0.692910  0.716007)
     Cl  18  Q=        -8.1650 1e-30 m^2  Cq=        29.7776 MHz  eta= 0.20407

     H   19    Vxx=   -0.0130    axis=(  0.952404  0.174035  0.250278)
     H   19    Vyy=   -0.6224    axis=(  0.299601 -0.382841 -0.873883)
     H   19    Vzz=    0.6354    axis=( -0.056270  0.907273 -0.416760)
     H   19  Q=         1.0000 1e-30 m^2  Cq=         1.4929 MHz  eta= 0.95914

     C   20    Vxx=    0.2625    axis=(  0.346849 -0.935535 -0.066858)
     C   20    Vyy=    0.5599    axis=(  0.268578  0.167367 -0.948606)
     C   20    Vzz=   -0.8225    axis=(  0.898645  0.311066  0.309315)
     C   20  Q=         1.0000 1e-30 m^2  Cq=        -1.9324 MHz  eta= 0.36165

     H   21    Vxx=   -0.0406    axis=(  0.442617  0.893104  0.080341)
     H   21    Vyy=   -0.6914    axis=( -0.488584  0.165068  0.856760)
     H   21    Vzz=    0.7319    axis=(  0.751915 -0.418470  0.509418)
     H   21  Q=         1.0000 1e-30 m^2  Cq=         1.7198 MHz  eta= 0.88913

     C   22    Vxx=   -0.0999    axis=( -0.727173 -0.343893 -0.594102)
     C   22    Vyy=   -0.3591    axis=(  0.270312 -0.938990  0.212671)
     C   22    Vzz=    0.4591    axis=( -0.630992 -0.005944  0.775766)
     C   22  Q=         1.0000 1e-30 m^2  Cq=         1.0786 MHz  eta= 0.56469

     C   23    Vxx=    0.0151    axis=( -0.657944 -0.029333  0.752496)
     C   23    Vyy=    0.6136    axis=( -0.055987  0.998381 -0.010035)
     C   23    Vzz=   -0.6287    axis=( -0.750983 -0.048733 -0.658521)
     C   23  Q=         1.0000 1e-30 m^2  Cq=        -1.4772 MHz  eta= 0.95192

     Cl  24    Vxx=   -0.3342    axis=(  0.648543  0.052228  0.759384)
     Cl  24    Vyy=   -2.9807    axis=( -0.551748  0.719528  0.421727)
     Cl  24    Vzz=    3.3149    axis=( -0.524372 -0.692497  0.495462)
     Cl  24  Q=        -8.1650 1e-30 m^2  Cq=       -63.5947 MHz  eta= 0.79836

     Initialization:
     gipaw_setup  :      8.97s CPU     10.80s WALL (       1 calls)

     Linear response

     Apply operators

     Induced current

     Other routines
     efg          :      9.16s CPU     12.25s WALL (       1 calls)

     General routines
     calbec       :      3.30s CPU      4.71s WALL (      16 calls)
     fft          :      1.67s CPU      2.53s WALL (      15 calls)
     ffts         :      0.04s CPU      0.11s WALL (       2 calls)
     fftw         :      3.16s CPU      4.03s WALL (     672 calls)
     davcio       :      0.04s CPU      0.32s WALL (      32 calls)

     Parallel routines
     fft_scatter  :      2.25s CPU      3.82s WALL (     689 calls)

     Plugins

     GIPAW        :     60.56s CPU     72.16s WALL (       1 calls)
