
     Program QE v.6.0 (svn rev. 13079) starts on 19Dec2016 at 21:48:50 

     This program is part of the open-source Quantum ESPRESSO suite
     for quantum simulation of materials; please cite
         "P. Giannozzi et al., J. Phys.:Condens. Matter 21 395502 (2009);
          URL http://www.quantum-espresso.org", 
     in publications or presentations arising from this work. More details at
     http://www.quantum-espresso.org/quote

     Parallel version (MPI), running on     8 processors
     R & G space division:  proc/nbgrp/npool/nimage =       8

     ***** This is GIPAW svn revision unknown      *****

     Parallelizing q-star over 1 images

     Reading data from directory:
     /users/majewski/paradichlorobenzene/pbe/9_constraint/scratch/pbe.ecut100.np8.dt60.pcl2phi-129368.save
     Message from routine read_xml_file:
     file /users/majewski/paradichlorobenzene/pbe/9_constraint/scratch/pbe.ecut100.np8.dt60.pcl2phi-129368.save not guaranteed to be safe for post-processing

   Info: using nr1, nr2, nr3 values from input

   Info: using nr1, nr2, nr3 values from input

     IMPORTANT: XC functional enforced from input :
     Exchange-correlation      =  SLA  PW   PBX  PBC ( 1  4  3  4 0 0)
     Any further DFT definition will be discarded
     Please, verify this is what you really want

               file C.pbe-n-kjpaw_psl.1.0.0.UPF: wavefunction(s)  2S 2P renormalized
               file Cl.pbe-n-kjpaw_psl.1.0.0.UPF: wavefunction(s)  3S 3P renormalized
               file H.pbe-kjpaw_psl.1.0.0.UPF: wavefunction(s)  1S renormalized

     Parallelization info
     --------------------
     sticks:   dense  smooth     PW     G-vecs:    dense   smooth      PW
     Min        3057    1223    332               144436    36536    5170
     Max        3059    1225    333               144437    36537    5171
     Sum       24467    9791   2657              1155489   292295   41363


     Subspace diagonalization in iterative solution of the eigenvalue problem:
     a serial algorithm will be used

     GIPAW projectors -----------------------------------------------
     atom=  C    l=0  rc=    1.2000  rs=    0.8000
     atom=  C    l=0  rc=    1.2000  rs=    0.8000
     atom=  C    l=1  rc=    1.4000  rs=    0.9333
     atom=  C    l=1  rc=    1.4000  rs=    0.9333
     projs nearly linearly dependent: l=1  n1,n2= 1, 2  s=  0.99951561

     atom=  Cl   l=0  rc=    1.6000  rs=    1.0667
     atom=  Cl   l=0  rc=    1.6000  rs=    1.0667
     atom=  Cl   l=1  rc=    1.6000  rs=    1.0667
     atom=  Cl   l=1  rc=    1.6000  rs=    1.0667
     atom=  Cl   l=2  rc=    1.6000  rs=    1.0667
     atom=  Cl   l=2  rc=    1.6000  rs=    1.0667
     projs nearly linearly dependent: l=2  n1,n2= 1, 2  s=  0.99993509

     atom=  H    l=0  rc=    1.0000  rs=    0.6667
     atom=  H    l=0  rc=    1.0000  rs=    0.6667
     projs nearly linearly dependent: l=0  n1,n2= 1, 2  s=  0.99968852
     -----------------------------------------------------------------

     GIPAW integrals: -------------------------------------------
     Atom  i/j   nmr_para   nmr_dia   epr_rmc  epr_para   epr_dia
       C   1 1   0.83E+03  0.17E-01  0.93E+01  0.24E+08  0.24E+03
       C   2 1   0.86E+03 -0.61E-01  0.94E+01  0.25E+08  0.25E+03
       C   2 2   0.90E+03 -0.15E+00  0.97E+01  0.26E+08  0.26E+03
       C   3 3   0.33E+01  0.34E+00  0.18E+01  0.55E+03  0.21E+02
       C   4 3   0.35E+01  0.37E+00  0.20E+01  0.59E+03  0.22E+02
       C   4 4   0.38E+01  0.39E+00  0.22E+01  0.63E+03  0.24E+02
       Cl  1 1   0.14E+04 -0.47E+00  0.84E+01  0.32E+09  0.42E+03
       Cl  2 1   0.21E+04 -0.37E+00  0.12E+02  0.49E+09  0.65E+03
       Cl  2 2   0.33E+04 -0.16E+00  0.21E+02  0.76E+09  0.10E+04
       Cl  3 3   0.21E+02  0.79E-01  0.89E+01  0.23E+05  0.13E+03
       Cl  4 3   0.24E+02  0.67E-01  0.99E+01  0.27E+05  0.15E+03
       Cl  4 4   0.28E+02  0.44E-01  0.11E+02  0.32E+05  0.18E+03
       Cl  5 5   0.77E+00  0.19E+00  0.18E+01  0.12E+03  0.22E+02
       Cl  6 5   0.80E+00  0.19E+00  0.19E+01  0.12E+03  0.23E+02
       Cl  6 6   0.83E+00  0.20E+00  0.19E+01  0.12E+03  0.23E+02
       H   1 1   0.39E+02  0.19E+00  0.29E+00  0.78E+05  0.13E+02
       H   2 1   0.41E+02  0.21E+00  0.32E+00  0.82E+05  0.14E+02
       H   2 2   0.43E+02  0.22E+00  0.36E+00  0.86E+05  0.15E+02
     ------------------------------------------------------------

     alpha_pv=     34.5709 eV

     Number of occupied bands for each k-point:
     k-point:     1    nbnd_occ=  42
     k-point:     2    nbnd_occ=  42
     k-point:     3    nbnd_occ=  42
     k-point:     4    nbnd_occ=  42
     k-point:     5    nbnd_occ=  42
     k-point:     6    nbnd_occ=  42
     k-point:     7    nbnd_occ=  42
     k-point:     8    nbnd_occ=  42
     k-point:     9    nbnd_occ=  42
     k-point:    10    nbnd_occ=  42
     k-point:    11    nbnd_occ=  42
     k-point:    12    nbnd_occ=  42
     k-point:    13    nbnd_occ=  42
     k-point:    14    nbnd_occ=  42
     k-point:    15    nbnd_occ=  42
     k-point:    16    nbnd_occ=  42


     q-space interpolation up to   110.00 Rydberg

     GIPAW job: efg                                                                             


     ELECTRIC FIELD GRADIENTS TENSORS IN Hartree/bohrradius^2:

     ----- bare term -----
     Cl   1       -0.038790        0.325345       -0.156076
     Cl   1        0.325345       -0.131499       -0.042495
     Cl   1       -0.156076       -0.042495        0.170289

     C    2        0.034530       -0.183647       -0.467734
     C    2       -0.183647       -0.378412       -0.434790
     C    2       -0.467734       -0.434790        0.343883

     C    3       -0.027339        0.296076       -0.014932
     C    3        0.296076        0.045452        0.043363
     C    3       -0.014932        0.043363       -0.018113

     H    4        0.168541       -0.066673       -0.200509
     H    4       -0.066673        0.383281        0.098328
     H    4       -0.200509        0.098328       -0.551822

     C    5       -0.059959       -0.070389       -0.274286
     C    5       -0.070389       -0.017705       -0.269902
     C    5       -0.274286       -0.269902        0.077664

     H    6        0.286657        0.014368        0.310031
     H    6        0.014368        0.138189       -0.294469
     H    6        0.310031       -0.294469       -0.424846

     H    7        0.299311        0.201535        0.032214
     H    7        0.201535       -0.523847        0.401756
     H    7        0.032214        0.401756        0.224536

     C    8       -0.584492       -0.293592       -0.411121
     C    8       -0.293592        0.169702        0.251252
     C    8       -0.411121        0.251252        0.414789

     H    9       -0.366783        0.440439       -0.125596
     H    9        0.440439        0.190958       -0.090581
     H    9       -0.125596       -0.090581        0.175825

     C   10       -0.063078       -0.256647       -0.092964
     C   10       -0.256647       -0.576491        0.422765
     C   10       -0.092964        0.422765        0.639569

     C   11       -0.285644       -0.001668       -0.344844
     C   11       -0.001668        0.005460        0.357907
     C   11       -0.344844        0.357907        0.280184

     Cl  12       -0.108909       -0.159313        0.134867
     Cl  12       -0.159313       -0.092708       -0.087907
     Cl  12        0.134867       -0.087907        0.201617

     H   13        0.551691        0.024319       -0.083156
     H   13        0.024319       -0.165204       -0.260818
     H   13       -0.083156       -0.260818       -0.386487

     C   14       -0.801086        0.361476       -0.372082
     C   14        0.361476        0.413953       -0.157165
     C   14       -0.372082       -0.157165        0.387133

     H   15        0.128878       -0.024845       -0.401495
     H   15       -0.024845        0.196967        0.275565
     H   15       -0.401495        0.275565       -0.325845

     C   16        0.096330        0.179504       -0.128150
     C   16        0.179504       -0.061952       -0.597986
     C   16       -0.128150       -0.597986       -0.034377

     C   17       -0.569708        0.283516       -0.351064
     C   17        0.283516        0.180985       -0.200390
     C   17       -0.351064       -0.200390        0.388723

     Cl  18       -0.035532        0.010194       -0.091784
     Cl  18        0.010194       -0.011747       -0.084307
     Cl  18       -0.091784       -0.084307        0.047280

     H   19       -0.070756        0.333708       -0.320968
     H   19        0.333708       -0.134978        0.422496
     H   19       -0.320968        0.422496        0.205734

     C   20        0.072588       -0.590182       -0.002306
     C   20       -0.590182       -0.424653        0.384571
     C   20       -0.002306        0.384571        0.352065

     H   21       -0.744465        0.203675       -0.054154
     H   21        0.203675        0.422180        0.126007
     H   21       -0.054154        0.126007        0.322285

     C   22       -0.031977       -0.128914       -0.450133
     C   22       -0.128914       -0.216676        0.468846
     C   22       -0.450133        0.468846        0.248652

     C   23       -0.215077       -0.179617       -0.257434
     C   23       -0.179617       -0.066304        0.552076
     C   23       -0.257434        0.552076        0.281381

     Cl  24        0.143445       -0.042141        0.150671
     Cl  24       -0.042141        0.182548       -0.216200
     Cl  24        0.150671       -0.216200       -0.325993

     ----- ionic term -----
     Cl   1        0.110520       -0.222691        0.001138
     Cl   1       -0.222691        0.027667        0.011897
     Cl   1        0.001138        0.011897       -0.138187

     C    2        0.033757       -0.315663        0.288492
     C    2       -0.315663        0.007714        0.424519
     C    2        0.288492        0.424519       -0.041472

     C    3        0.039233       -0.351119        0.232520
     C    3       -0.351119        0.051935        0.343154
     C    3        0.232520        0.343154       -0.091168

     H    4        0.365283        0.059574        0.813321
     H    4        0.059574       -0.541800        0.118372
     H    4        0.813321        0.118372        0.176517

     C    5        0.102593       -0.299410        0.361974
     C    5       -0.299410       -0.071641        0.254702
     C    5        0.361974        0.254702       -0.030952

     H    6       -0.560907       -0.018338       -0.003003
     H    6       -0.018338        0.373651        0.799805
     H    6       -0.003003        0.799805        0.187256

     H    7       -0.442459       -0.295815        0.105062
     H    7       -0.295815        0.779175       -0.578420
     H    7        0.105062       -0.578420       -0.336717

     C    8        0.428706        0.022338        0.120640
     C    8        0.022338        0.034133       -0.312468
     C    8        0.120640       -0.312468       -0.462839

     H    9        0.583468       -0.515608        0.540237
     H    9       -0.515608       -0.245802       -0.309183
     H    9        0.540237       -0.309183       -0.337667

     C   10        0.139158        0.066095        0.097949
     C   10        0.066095        0.272637       -0.445243
     C   10        0.097949       -0.445243       -0.411795

     C   11        0.172733        0.111267        0.187875
     C   11        0.111267        0.236045       -0.408339
     C   11        0.187875       -0.408339       -0.408778

     Cl  12        0.123960        0.212681       -0.012202
     Cl  12        0.212681        0.020116       -0.019845
     Cl  12       -0.012202       -0.019845       -0.144076

     H   13       -0.527629        0.040606        0.061561
     H   13        0.040606        0.273986        0.783075
     H   13        0.061561        0.783075        0.253642

     C   14        0.101927       -0.268401        0.375898
     C   14       -0.268401       -0.050089        0.258857
     C   14        0.375898        0.258857       -0.051838

     H   15        0.261262        0.157772        0.765132
     H   15        0.157772       -0.460237        0.237107
     H   15        0.765132        0.237107        0.198974

     C   16       -0.052661       -0.341591        0.217861
     C   16       -0.341591        0.124425        0.406513
     C   16        0.217861        0.406513       -0.071764

     C   17       -0.009665       -0.328800        0.384124
     C   17       -0.328800        0.006112        0.361552
     C   17        0.384124        0.361552        0.003554

     Cl  18        0.109440       -0.239666        0.066133
     Cl  18       -0.239666        0.026730       -0.044397
     Cl  18        0.066133       -0.044397       -0.136169

     H   19       -0.496813       -0.223670        0.172014
     H   19       -0.223670        0.534382       -0.756331
     H   19        0.172014       -0.756331       -0.037569

     C   20        0.259789        0.126154        0.174951
     C   20        0.126154        0.054794       -0.342115
     C   20        0.174951       -0.342115       -0.314583

     H   21        0.688978       -0.233745        0.635904
     H   21       -0.233745       -0.519987       -0.201933
     H   21        0.635904       -0.201933       -0.168991

     C   22        0.137775        0.200206        0.122142
     C   22        0.200206        0.107747       -0.462901
     C   22        0.122142       -0.462901       -0.245522

     C   23        0.294807        0.063353        0.097446
     C   23        0.063353        0.035023       -0.482068
     C   23        0.097446       -0.482068       -0.329830

     Cl  24        0.110780        0.192431       -0.065718
     Cl  24        0.192431        0.013809       -0.046260
     Cl  24       -0.065718       -0.046260       -0.124588

     ----- GIPAW term -----
     Cl   1        2.011759       -0.072828       -1.882573
     Cl   1       -0.072828       -1.183189       -0.539818
     Cl   1       -1.882573       -0.539818       -0.828570

     C    2        0.010550       -0.125259       -0.195361
     C    2       -0.125259       -0.150293       -0.002639
     C    2       -0.195361       -0.002639        0.139743

     C    3        0.012572        0.008024       -0.030594
     C    3        0.008024       -0.012391        0.022439
     C    3       -0.030594        0.022439       -0.000181

     H    4       -0.000000        0.000000        0.000000
     H    4        0.000000        0.000000        0.000000
     H    4        0.000000        0.000000        0.000000

     C    5        0.030086       -0.021062       -0.126321
     C    5       -0.021062       -0.092475       -0.027386
     C    5       -0.126321       -0.027386        0.062389

     H    6       -0.000000        0.000000        0.000000
     H    6        0.000000        0.000000        0.000000
     H    6        0.000000        0.000000        0.000000

     H    7       -0.000000        0.000000        0.000000
     H    7        0.000000        0.000000        0.000000
     H    7        0.000000        0.000000        0.000000

     C    8       -0.101610       -0.100050       -0.037059
     C    8       -0.100050        0.068345       -0.006829
     C    8       -0.037059       -0.006829        0.033265

     H    9       -0.000000        0.000000        0.000000
     H    9        0.000000        0.000000        0.000000
     H    9        0.000000        0.000000        0.000000

     C   10       -0.116619       -0.022805       -0.015690
     C   10       -0.022805       -0.183081       -0.036266
     C   10       -0.015690       -0.036266        0.299701

     C   11        0.064447        0.059279        0.053222
     C   11        0.059279       -0.032770       -0.018625
     C   11        0.053222       -0.018625       -0.031677

     Cl  12        0.447074        0.828726        1.595935
     Cl  12        0.828726       -0.994166       -1.051105
     Cl  12        1.595935       -1.051105        0.547092

     H   13       -0.000000        0.000000        0.000000
     H   13        0.000000        0.000000        0.000000
     H   13        0.000000        0.000000        0.000000

     C   14       -0.226202        0.033967       -0.046104
     C   14        0.033967        0.275712        0.034533
     C   14       -0.046104        0.034533       -0.049510

     H   15       -0.000000        0.000000        0.000000
     H   15        0.000000        0.000000        0.000000
     H   15        0.000000        0.000000        0.000000

     C   16       -0.090860        0.046890       -0.018126
     C   16        0.046890        0.215090       -0.125306
     C   16       -0.018126       -0.125306       -0.124230

     C   17       -0.097285       -0.139433       -0.080865
     C   17       -0.139433        0.180125        0.064023
     C   17       -0.080865        0.064023       -0.082841

     Cl  18       -0.341375       -1.470543       -0.501883
     Cl  18       -1.470543        0.650313       -2.211947
     Cl  18       -0.501883       -2.211947       -0.308938

     H   19       -0.000000        0.000000        0.000000
     H   19        0.000000        0.000000        0.000000
     H   19        0.000000        0.000000        0.000000

     C   20        0.192334       -0.238300        0.080876
     C   20       -0.238300       -0.130402        0.040966
     C   20        0.080876        0.040966       -0.061932

     H   21       -0.000000        0.000000        0.000000
     H   21        0.000000        0.000000        0.000000
     H   21        0.000000        0.000000        0.000000

     C   22        0.103144       -0.070905       -0.237025
     C   22       -0.070905       -0.096590        0.106398
     C   22       -0.237025        0.106398       -0.006554

     C   23       -0.031168       -0.035023       -0.150592
     C   23       -0.035023       -0.029585        0.197584
     C   23       -0.150592        0.197584        0.060753

     Cl  24       -0.184724        0.542556       -0.648345
     Cl  24        0.542556       -0.596497        0.613678
     Cl  24       -0.648345        0.613678        0.781220

     ----- total EFG -----
     Cl   1        2.083489        0.029825       -2.037511
     Cl   1        0.029825       -1.287021       -0.570417
     Cl   1       -2.037511       -0.570417       -0.796468

     C    2        0.078837       -0.624570       -0.374603
     C    2       -0.624570       -0.520991       -0.012910
     C    2       -0.374603       -0.012910        0.442154

     C    3        0.024466       -0.047019        0.186993
     C    3       -0.047019        0.084996        0.408956
     C    3        0.186993        0.408956       -0.109462

     H    4        0.533824       -0.007099        0.612812
     H    4       -0.007099       -0.158519        0.216699
     H    4        0.612812        0.216699       -0.375305

     C    5        0.072720       -0.390861       -0.038633
     C    5       -0.390861       -0.181821       -0.042586
     C    5       -0.038633       -0.042586        0.109101

     H    6       -0.274250       -0.003970        0.307029
     H    6       -0.003970        0.511840        0.505336
     H    6        0.307029        0.505336       -0.237590

     H    7       -0.143147       -0.094280        0.137276
     H    7       -0.094280        0.255328       -0.176664
     H    7        0.137276       -0.176664       -0.112181

     C    8       -0.257395       -0.371304       -0.327541
     C    8       -0.371304        0.272180       -0.068045
     C    8       -0.327541       -0.068045       -0.014785

     H    9        0.216685       -0.075168        0.414642
     H    9       -0.075168       -0.054844       -0.399764
     H    9        0.414642       -0.399764       -0.161841

     C   10       -0.040539       -0.213357       -0.010705
     C   10       -0.213357       -0.486935       -0.058744
     C   10       -0.010705       -0.058744        0.527475

     C   11       -0.048464        0.168878       -0.103747
     C   11        0.168878        0.208735       -0.069057
     C   11       -0.103747       -0.069057       -0.160271

     Cl  12        0.462125        0.882094        1.718600
     Cl  12        0.882094       -1.066758       -1.158857
     Cl  12        1.718600       -1.158857        0.604633

     H   13        0.024063        0.064925       -0.021595
     H   13        0.064925        0.108782        0.522258
     H   13       -0.021595        0.522258       -0.132845

     C   14       -0.925361        0.127041       -0.042289
     C   14        0.127041        0.639576        0.136226
     C   14       -0.042289        0.136226        0.285785

     H   15        0.390141        0.132927        0.363636
     H   15        0.132927       -0.263270        0.512672
     H   15        0.363636        0.512672       -0.126871

     C   16       -0.047192       -0.115197        0.071585
     C   16       -0.115197        0.277562       -0.316778
     C   16        0.071585       -0.316778       -0.230371

     C   17       -0.676658       -0.184718       -0.047804
     C   17       -0.184718        0.367221        0.225184
     C   17       -0.047804        0.225184        0.309436

     Cl  18       -0.267467       -1.700015       -0.527534
     Cl  18       -1.700015        0.665295       -2.340651
     Cl  18       -0.527534       -2.340651       -0.397827

     H   19       -0.567569        0.110038       -0.148955
     H   19        0.110038        0.399404       -0.333835
     H   19       -0.148955       -0.333835        0.168166

     C   20        0.524711       -0.702329        0.253520
     C   20       -0.702329       -0.500261        0.083421
     C   20        0.253520        0.083421       -0.024451

     H   21       -0.055487       -0.030070        0.581751
     H   21       -0.030070       -0.097807       -0.075927
     H   21        0.581751       -0.075927        0.153295

     C   22        0.208943        0.000387       -0.565016
     C   22        0.000387       -0.205519        0.112343
     C   22       -0.565016        0.112343       -0.003424

     C   23        0.048562       -0.151288       -0.310580
     C   23       -0.151288       -0.060866        0.267592
     C   23       -0.310580        0.267592        0.012304

     Cl  24        0.069501        0.692845       -0.563392
     Cl  24        0.692845       -0.400140        0.351217
     Cl  24       -0.563392        0.351217        0.330639

     ----- total EFG (symmetrized) -----
     Cl   1        2.083489        0.029825       -2.037511
     Cl   1        0.029825       -1.287021       -0.570417
     Cl   1       -2.037511       -0.570417       -0.796468

     C    2        0.078837       -0.624570       -0.374603
     C    2       -0.624570       -0.520991       -0.012910
     C    2       -0.374603       -0.012910        0.442154

     C    3        0.024466       -0.047019        0.186993
     C    3       -0.047019        0.084996        0.408956
     C    3        0.186993        0.408956       -0.109462

     H    4        0.533824       -0.007099        0.612812
     H    4       -0.007099       -0.158519        0.216699
     H    4        0.612812        0.216699       -0.375305

     C    5        0.072720       -0.390861       -0.038633
     C    5       -0.390861       -0.181821       -0.042586
     C    5       -0.038633       -0.042586        0.109101

     H    6       -0.274250       -0.003970        0.307029
     H    6       -0.003970        0.511840        0.505336
     H    6        0.307029        0.505336       -0.237590

     H    7       -0.143147       -0.094280        0.137276
     H    7       -0.094280        0.255328       -0.176664
     H    7        0.137276       -0.176664       -0.112181

     C    8       -0.257395       -0.371304       -0.327541
     C    8       -0.371304        0.272180       -0.068045
     C    8       -0.327541       -0.068045       -0.014785

     H    9        0.216685       -0.075168        0.414642
     H    9       -0.075168       -0.054844       -0.399764
     H    9        0.414642       -0.399764       -0.161841

     C   10       -0.040539       -0.213357       -0.010705
     C   10       -0.213357       -0.486935       -0.058744
     C   10       -0.010705       -0.058744        0.527475

     C   11       -0.048464        0.168878       -0.103747
     C   11        0.168878        0.208735       -0.069057
     C   11       -0.103747       -0.069057       -0.160271

     Cl  12        0.462125        0.882094        1.718600
     Cl  12        0.882094       -1.066758       -1.158857
     Cl  12        1.718600       -1.158857        0.604633

     H   13        0.024063        0.064925       -0.021595
     H   13        0.064925        0.108782        0.522258
     H   13       -0.021595        0.522258       -0.132845

     C   14       -0.925361        0.127041       -0.042289
     C   14        0.127041        0.639576        0.136226
     C   14       -0.042289        0.136226        0.285785

     H   15        0.390141        0.132927        0.363636
     H   15        0.132927       -0.263270        0.512672
     H   15        0.363636        0.512672       -0.126871

     C   16       -0.047192       -0.115197        0.071585
     C   16       -0.115197        0.277562       -0.316778
     C   16        0.071585       -0.316778       -0.230371

     C   17       -0.676658       -0.184718       -0.047804
     C   17       -0.184718        0.367221        0.225184
     C   17       -0.047804        0.225184        0.309436

     Cl  18       -0.267467       -1.700015       -0.527534
     Cl  18       -1.700015        0.665295       -2.340651
     Cl  18       -0.527534       -2.340651       -0.397827

     H   19       -0.567569        0.110038       -0.148955
     H   19        0.110038        0.399404       -0.333835
     H   19       -0.148955       -0.333835        0.168166

     C   20        0.524711       -0.702329        0.253520
     C   20       -0.702329       -0.500261        0.083421
     C   20        0.253520        0.083421       -0.024451

     H   21       -0.055487       -0.030070        0.581751
     H   21       -0.030070       -0.097807       -0.075927
     H   21        0.581751       -0.075927        0.153295

     C   22        0.208943        0.000387       -0.565016
     C   22        0.000387       -0.205519        0.112343
     C   22       -0.565016        0.112343       -0.003424

     C   23        0.048562       -0.151288       -0.310580
     C   23       -0.151288       -0.060866        0.267592
     C   23       -0.310580        0.267592        0.012304

     Cl  24        0.069501        0.692845       -0.563392
     Cl  24        0.692845       -0.400140        0.351217
     Cl  24       -0.563392        0.351217        0.330639


     NQR/NMR SPECTROSCOPIC PARAMETERS:
     Cl   1    Vxx=   -1.0163    axis=( -0.286317  0.859703 -0.423005)
     Cl   1    Vyy=   -2.1412    axis=(  0.371640  0.506572  0.777991)
     Cl   1    Vzz=    3.1575    axis=( -0.883123 -0.065546  0.464540)
     Cl   1  Q=        -8.1650 1e-30 m^2  Cq=       -60.5745 MHz  eta= 0.35626

     C    2    Vxx=    0.1672    axis=( -0.526473  0.490835 -0.694195)
     C    2    Vyy=    0.7802    axis=(  0.644358 -0.302314 -0.702430)
     C    2    Vzz=   -0.9474    axis=(  0.554643  0.817121  0.157113)
     C    2  Q=         1.0000 1e-30 m^2  Cq=        -2.2261 MHz  eta= 0.64707

     C    3    Vxx=    0.0679    axis=(  0.921572 -0.368747  0.121367)
     C    3    Vyy=    0.4252    axis=( -0.211582 -0.739222 -0.639362)
     C    3    Vzz=   -0.4932    axis=(  0.325480  0.563539 -0.759267)
     C    3  Q=         1.0000 1e-30 m^2  Cq=        -1.1587 MHz  eta= 0.72461

     H    4    Vxx=   -0.1009    axis=(  0.224588 -0.943528 -0.243547)
     H    4    Vyy=   -0.7498    axis=(  0.409868  0.318214 -0.854838)
     H    4    Vzz=    0.8507    axis=(  0.884064  0.092165  0.458189)
     H    4  Q=         1.0000 1e-30 m^2  Cq=         1.9988 MHz  eta= 0.76279

     C    5    Vxx=    0.1146    axis=( -0.036817 -0.094389  0.994854)
     C    5    Vyy=    0.3567    axis=( -0.809981  0.585896  0.025613)
     C    5    Vzz=   -0.4712    axis=( -0.585299 -0.804870 -0.098024)
     C    5  Q=         1.0000 1e-30 m^2  Cq=        -1.1072 MHz  eta= 0.51375

     H    6    Vxx=   -0.1005    axis=(  0.810780 -0.369438  0.454039)
     H    6    Vyy=   -0.6838    axis=(  0.569948  0.321481 -0.756181)
     H    6    Vzz=    0.7843    axis=(  0.133397  0.871875  0.471211)
     H    6  Q=         1.0000 1e-30 m^2  Cq=         1.8429 MHz  eta= 0.74372

     H    7    Vxx=   -0.0940    axis=( -0.678607 -0.469043 -0.565236)
     H    7    Vyy=   -0.2715    axis=(  0.682872 -0.119465 -0.720704)
     H    7    Vzz=    0.3655    axis=(  0.270516 -0.875058  0.401366)
     H    7  Q=         1.0000 1e-30 m^2  Cq=         0.8588 MHz  eta= 0.48580

     C    8    Vxx=    0.1378    axis=( -0.309086 -0.422597  0.851984)
     C    8    Vyy=    0.4841    axis=( -0.513759  0.828080  0.224356)
     C    8    Vzz=   -0.6219    axis=( -0.800323 -0.368369 -0.473061)
     C    8  Q=         1.0000 1e-30 m^2  Cq=        -1.4612 MHz  eta= 0.55687

     H    9    Vxx=   -0.0068    axis=(  0.637145  0.741883 -0.208939)
     H    9    Vyy=   -0.6093    axis=( -0.345827  0.517444  0.782723)
     H    9    Vzz=    0.6161    axis=(  0.688803 -0.426451  0.586250)
     H    9  Q=         1.0000 1e-30 m^2  Cq=         1.4477 MHz  eta= 0.97788

     C   10    Vxx=    0.0447    axis=(  0.928716 -0.369986 -0.024428)
     C   10    Vyy=    0.5309    axis=( -0.003049  0.058258 -0.998297)
     C   10    Vzz=   -0.5756    axis=(  0.370779  0.927209  0.052977)
     C   10  Q=         1.0000 1e-30 m^2  Cq=        -1.3525 MHz  eta= 0.84455

     C   11    Vxx=   -0.0925    axis=(  0.681745 -0.503774 -0.530506)
     C   11    Vyy=   -0.2247    axis=(  0.568660 -0.091313  0.817489)
     C   11    Vzz=    0.3172    axis=( -0.460272 -0.858996  0.224224)
     C   11  Q=         1.0000 1e-30 m^2  Cq=         0.7454 MHz  eta= 0.41671

     Cl  12    Vxx=    0.2998    axis=(  0.557381  0.716085 -0.420178)
     Cl  12    Vyy=    2.2720    axis=( -0.664960  0.081988 -0.742366)
     Cl  12    Vzz=   -2.5718    axis=( -0.497147  0.693182  0.521866)
     Cl  12  Q=        -8.1650 1e-30 m^2  Cq=        49.3395 MHz  eta= 0.76684

     H   13    Vxx=    0.0270    axis=(  0.992296  0.003134 -0.123849)
     H   13    Vyy=    0.5268    axis=(  0.074597  0.783032  0.617491)
     H   13    Vzz=   -0.5538    axis=(  0.098913 -0.621973  0.776766)
     H   13  Q=         1.0000 1e-30 m^2  Cq=        -1.3012 MHz  eta= 0.90262

     C   14    Vxx=    0.2449    axis=( -0.067538 -0.306025  0.949625)
     C   14    Vyy=    0.6930    axis=(  0.066332  0.948315  0.310321)
     C   14    Vzz=   -0.9379    axis=( -0.995509  0.083949 -0.043748)
     C   14  Q=         1.0000 1e-30 m^2  Cq=        -2.2038 MHz  eta= 0.47780

     H   15    Vxx=    0.0054    axis=(  0.653952 -0.587017 -0.477240)
     H   15    Vyy=    0.7263    axis=( -0.743782 -0.383519 -0.547450)
     H   15    Vzz=   -0.7318    axis=(  0.138332  0.712969 -0.687415)
     H   15  Q=         1.0000 1e-30 m^2  Cq=        -1.7194 MHz  eta= 0.98512

     C   16    Vxx=   -0.0820    axis=(  0.965906  0.249920 -0.067573)
     C   16    Vyy=   -0.3831    axis=( -0.046792  0.425232  0.903874)
     C   16    Vzz=    0.4651    axis=(  0.254631 -0.869895  0.422428)
     C   16  Q=         1.0000 1e-30 m^2  Cq=         1.0928 MHz  eta= 0.64737

     C   17    Vxx=    0.1199    axis=(  0.099395 -0.628310  0.771587)
     C   17    Vyy=    0.5886    axis=( -0.134954  0.759750  0.636056)
     C   17    Vzz=   -0.7085    axis=( -0.985854 -0.167350 -0.009277)
     C   17  Q=         1.0000 1e-30 m^2  Cq=        -1.6646 MHz  eta= 0.66150

     Cl  18    Vxx=    0.1897    axis=(  0.805469 -0.033002 -0.591718)
     Cl  18    Vyy=    2.8978    axis=( -0.340476  0.791458 -0.507612)
     Cl  18    Vzz=   -3.0876    axis=(  0.485072  0.610332  0.626259)
     Cl  18  Q=        -8.1650 1e-30 m^2  Cq=        59.2332 MHz  eta= 0.87710

     H   19    Vxx=   -0.0635    axis=( -0.104301  0.597959  0.794711)
     H   19    Vyy=   -0.5989    axis=(  0.984330 -0.052171  0.168441)
     H   19    Vzz=    0.6624    axis=(  0.142182  0.799827 -0.583148)
     H   19  Q=         1.0000 1e-30 m^2  Cq=         1.5563 MHz  eta= 0.80835

     C   20    Vxx=   -0.0209    axis=(  0.079701 -0.283092 -0.955775)
     C   20    Vyy=   -0.8991    axis=( -0.462607 -0.859824  0.216096)
     C   20    Vzz=    0.9200    axis=( -0.882974  0.424925 -0.199489)
     C   20  Q=         1.0000 1e-30 m^2  Cq=         2.1616 MHz  eta= 0.95460

     H   21    Vxx=   -0.1044    axis=(  0.110991  0.992934  0.041996)
     H   21    Vyy=   -0.5436    axis=( -0.763271  0.058104  0.643461)
     H   21    Vzz=    0.6480    axis=(  0.636474 -0.103473  0.764326)
     H   21  Q=         1.0000 1e-30 m^2  Cq=         1.5226 MHz  eta= 0.67785

     C   22    Vxx=   -0.1852    axis=(  0.244923  0.954251  0.171519)
     C   22    Vyy=   -0.4982    axis=(  0.597877 -0.287918  0.748095)
     C   22    Vzz=    0.6834    axis=( -0.763254  0.080679  0.641042)
     C   22  Q=         1.0000 1e-30 m^2  Cq=         1.6058 MHz  eta= 0.45796

     C   23    Vxx=   -0.1623    axis=(  0.684487  0.720056  0.114002)
     C   23    Vyy=   -0.3363    axis=(  0.410073 -0.509576  0.756421)
     C   23    Vzz=    0.4987    axis=( -0.602758  0.471011  0.644074)
     C   23  Q=         1.0000 1e-30 m^2  Cq=         1.1716 MHz  eta= 0.34899

     Cl  24    Vxx=    0.3446    axis=(  0.401193  0.668518  0.626201)
     Cl  24    Vyy=    0.8120    axis=( -0.707173 -0.208456  0.675613)
     Cl  24    Vzz=   -1.1566    axis=( -0.582195  0.713883 -0.389127)
     Cl  24  Q=        -8.1650 1e-30 m^2  Cq=        22.1892 MHz  eta= 0.40406

     Initialization:
     gipaw_setup  :      9.32s CPU     11.23s WALL (       1 calls)

     Linear response

     Apply operators

     Induced current

     Other routines
     efg          :      9.54s CPU     12.02s WALL (       1 calls)

     General routines
     calbec       :      3.34s CPU      4.30s WALL (      16 calls)
     fft          :      1.37s CPU      1.74s WALL (      15 calls)
     ffts         :      0.04s CPU      0.04s WALL (       2 calls)
     fftw         :      3.36s CPU      4.09s WALL (     672 calls)
     davcio       :      0.03s CPU      0.32s WALL (      32 calls)

     Parallel routines
     fft_scatter  :      2.00s CPU      2.93s WALL (     689 calls)

     Plugins

     GIPAW        :     63.65s CPU     82.51s WALL (       1 calls)
