
     Program QE v.6.0 (svn rev. 13079) starts on 18Jan2017 at 16: 3: 8 

     This program is part of the open-source Quantum ESPRESSO suite
     for quantum simulation of materials; please cite
         "P. Giannozzi et al., J. Phys.:Condens. Matter 21 395502 (2009);
          URL http://www.quantum-espresso.org", 
     in publications or presentations arising from this work. More details at
     http://www.quantum-espresso.org/quote

     Parallel version (MPI), running on     8 processors
     R & G space division:  proc/nbgrp/npool/nimage =       8

     ***** This is GIPAW svn revision unknown      *****

     Parallelizing q-star over 1 images

     Reading data from directory:
     /users/majewski/paradichlorobenzene/pbe/9_constraint/scratch/pbe.ecut100.np8.dt60.pcl2phi-129368.save
     Message from routine read_xml_file:
     file /users/majewski/paradichlorobenzene/pbe/9_constraint/scratch/pbe.ecut100.np8.dt60.pcl2phi-129368.save not guaranteed to be safe for post-processing

   Info: using nr1, nr2, nr3 values from input

   Info: using nr1, nr2, nr3 values from input

     IMPORTANT: XC functional enforced from input :
     Exchange-correlation      =  SLA  PW   PBX  PBC ( 1  4  3  4 0 0)
     Any further DFT definition will be discarded
     Please, verify this is what you really want

               file C.pbe-n-kjpaw_psl.1.0.0.UPF: wavefunction(s)  2S 2P renormalized
               file Cl.pbe-n-kjpaw_psl.1.0.0.UPF: wavefunction(s)  3S 3P renormalized
               file H.pbe-kjpaw_psl.1.0.0.UPF: wavefunction(s)  1S renormalized

     Parallelization info
     --------------------
     sticks:   dense  smooth     PW     G-vecs:    dense   smooth      PW
     Min        3057    1223    332               144436    36536    5170
     Max        3059    1225    333               144437    36537    5171
     Sum       24467    9791   2657              1155489   292295   41363


     Subspace diagonalization in iterative solution of the eigenvalue problem:
     a serial algorithm will be used

     GIPAW projectors -----------------------------------------------
     atom=  C    l=0  rc=    1.2000  rs=    0.8000
     atom=  C    l=0  rc=    1.2000  rs=    0.8000
     atom=  C    l=1  rc=    1.4000  rs=    0.9333
     atom=  C    l=1  rc=    1.4000  rs=    0.9333
     projs nearly linearly dependent: l=1  n1,n2= 1, 2  s=  0.99951561

     atom=  Cl   l=0  rc=    1.6000  rs=    1.0667
     atom=  Cl   l=0  rc=    1.6000  rs=    1.0667
     atom=  Cl   l=1  rc=    1.6000  rs=    1.0667
     atom=  Cl   l=1  rc=    1.6000  rs=    1.0667
     atom=  Cl   l=2  rc=    1.6000  rs=    1.0667
     atom=  Cl   l=2  rc=    1.6000  rs=    1.0667
     projs nearly linearly dependent: l=2  n1,n2= 1, 2  s=  0.99993509

     atom=  H    l=0  rc=    1.0000  rs=    0.6667
     atom=  H    l=0  rc=    1.0000  rs=    0.6667
     projs nearly linearly dependent: l=0  n1,n2= 1, 2  s=  0.99968852
     -----------------------------------------------------------------

     GIPAW integrals: -------------------------------------------
     Atom  i/j   nmr_para   nmr_dia   epr_rmc  epr_para   epr_dia
       C   1 1   0.83E+03  0.17E-01  0.93E+01  0.24E+08  0.24E+03
       C   2 1   0.86E+03 -0.61E-01  0.94E+01  0.25E+08  0.25E+03
       C   2 2   0.90E+03 -0.15E+00  0.97E+01  0.26E+08  0.26E+03
       C   3 3   0.33E+01  0.34E+00  0.18E+01  0.55E+03  0.21E+02
       C   4 3   0.35E+01  0.37E+00  0.20E+01  0.59E+03  0.22E+02
       C   4 4   0.38E+01  0.39E+00  0.22E+01  0.63E+03  0.24E+02
       Cl  1 1   0.14E+04 -0.47E+00  0.84E+01  0.32E+09  0.42E+03
       Cl  2 1   0.21E+04 -0.37E+00  0.12E+02  0.49E+09  0.65E+03
       Cl  2 2   0.33E+04 -0.16E+00  0.21E+02  0.76E+09  0.10E+04
       Cl  3 3   0.21E+02  0.79E-01  0.89E+01  0.23E+05  0.13E+03
       Cl  4 3   0.24E+02  0.67E-01  0.99E+01  0.27E+05  0.15E+03
       Cl  4 4   0.28E+02  0.44E-01  0.11E+02  0.32E+05  0.18E+03
       Cl  5 5   0.77E+00  0.19E+00  0.18E+01  0.12E+03  0.22E+02
       Cl  6 5   0.80E+00  0.19E+00  0.19E+01  0.12E+03  0.23E+02
       Cl  6 6   0.83E+00  0.20E+00  0.19E+01  0.12E+03  0.23E+02
       H   1 1   0.39E+02  0.19E+00  0.29E+00  0.78E+05  0.13E+02
       H   2 1   0.41E+02  0.21E+00  0.32E+00  0.82E+05  0.14E+02
       H   2 2   0.43E+02  0.22E+00  0.36E+00  0.86E+05  0.15E+02
     ------------------------------------------------------------

     alpha_pv=     34.2585 eV

     Number of occupied bands for each k-point:
     k-point:     1    nbnd_occ=  42
     k-point:     2    nbnd_occ=  42
     k-point:     3    nbnd_occ=  42
     k-point:     4    nbnd_occ=  42
     k-point:     5    nbnd_occ=  42
     k-point:     6    nbnd_occ=  42
     k-point:     7    nbnd_occ=  42
     k-point:     8    nbnd_occ=  42
     k-point:     9    nbnd_occ=  42
     k-point:    10    nbnd_occ=  42
     k-point:    11    nbnd_occ=  42
     k-point:    12    nbnd_occ=  42
     k-point:    13    nbnd_occ=  42
     k-point:    14    nbnd_occ=  42
     k-point:    15    nbnd_occ=  42
     k-point:    16    nbnd_occ=  42


     q-space interpolation up to   110.00 Rydberg

     GIPAW job: efg                                                                             


     ELECTRIC FIELD GRADIENTS TENSORS IN Hartree/bohrradius^2:

     ----- bare term -----
     Cl   1       -0.112246        0.126678       -0.023635
     Cl   1        0.126678       -0.039578       -0.001810
     Cl   1       -0.023635       -0.001810        0.151824

     C    2       -0.062622        0.064052       -0.435335
     C    2        0.064052       -0.161311       -0.374523
     C    2       -0.435335       -0.374523        0.223933

     C    3       -0.068273        0.422205       -0.259880
     C    3        0.422205       -0.234466       -0.196055
     C    3       -0.259880       -0.196055        0.302738

     H    4        0.050907       -0.124101       -0.274360
     H    4       -0.124101        0.515470       -0.052936
     H    4       -0.274360       -0.052936       -0.566378

     C    5       -0.263870        0.145539       -0.510359
     C    5        0.145539        0.005797       -0.398973
     C    5       -0.510359       -0.398973        0.258073

     H    6        0.212235        0.118162        0.027546
     H    6        0.118162       -0.401457       -0.498882
     H    6        0.027546       -0.498882        0.189222

     H    7        0.439467        0.014679        0.135956
     H    7        0.014679       -0.095464        0.455029
     H    7        0.135956        0.455029       -0.344004

     C    8       -0.388714       -0.279123       -0.309293
     C    8       -0.279123       -0.086086        0.450761
     C    8       -0.309293        0.450761        0.474799

     H    9       -0.518843        0.213826       -0.416147
     H    9        0.213826        0.320638        0.183494
     H    9       -0.416147        0.183494        0.198205

     C   10       -0.190007       -0.274480       -0.268833
     C   10       -0.274480       -0.188267        0.578163
     C   10       -0.268833        0.578163        0.378274

     C   11       -0.116903       -0.102619       -0.559034
     C   11       -0.102619       -0.070596        0.493901
     C   11       -0.559034        0.493901        0.187498

     Cl  12        0.016390       -0.272096       -0.119407
     Cl  12       -0.272096       -0.073743        0.059214
     Cl  12       -0.119407        0.059214        0.057353

     H   13        0.230340       -0.431806        0.105048
     H   13       -0.431806       -0.572732       -0.112232
     H   13        0.105048       -0.112232        0.342392

     C   14       -0.246458        0.321570       -0.330724
     C   14        0.321570       -0.177301       -0.377200
     C   14       -0.330724       -0.377200        0.423759

     H   15       -0.347071       -0.355555       -0.490031
     H   15       -0.355555        0.210795       -0.274289
     H   15       -0.490031       -0.274289        0.136276

     C   16       -0.130767        0.202822       -0.403105
     C   16        0.202822       -0.144172       -0.469047
     C   16       -0.403105       -0.469047        0.274938

     C   17       -0.052866        0.248501       -0.181982
     C   17        0.248501       -0.285118       -0.496245
     C   17       -0.181982       -0.496245        0.337984

     Cl  18       -0.106551        0.067316       -0.104758
     Cl  18        0.067316       -0.056428       -0.113275
     Cl  18       -0.104758       -0.113275        0.162979

     H   19       -0.030696        0.409471       -0.018421
     H   19        0.409471       -0.355551        0.324024
     H   19       -0.018421        0.324024        0.386247

     C   20       -0.211653       -0.414321       -0.334742
     C   20       -0.414321       -0.231175        0.360168
     C   20       -0.334742        0.360168        0.442828

     H   21       -0.528550       -0.047454       -0.420618
     H   21       -0.047454        0.268113        0.143087
     H   21       -0.420618        0.143087        0.260437

     C   22       -0.075395       -0.080593       -0.332185
     C   22       -0.080593       -0.256553        0.539992
     C   22       -0.332185        0.539992        0.331948

     C   23       -0.400247       -0.056901       -0.353606
     C   23       -0.056901       -0.086527        0.463758
     C   23       -0.353606        0.463758        0.486773

     Cl  24       -0.038280       -0.043301        0.023136
     Cl  24       -0.043301        0.125140       -0.100925
     Cl  24        0.023136       -0.100925       -0.086861

     ----- ionic term -----
     Cl   1        0.188154       -0.199981        0.047529
     Cl   1       -0.199981       -0.048046       -0.015542
     Cl   1        0.047529       -0.015542       -0.140108

     C    2        0.243527       -0.183346        0.328739
     C    2       -0.183346        0.052342        0.326273
     C    2        0.328739        0.326273       -0.295869

     C    3        0.132698       -0.327728        0.299830
     C    3       -0.327728        0.191967        0.258976
     C    3        0.299830        0.258976       -0.324665

     H    4        0.499337        0.243214        0.769091
     H    4        0.243214       -0.431403        0.247464
     H    4        0.769091        0.247464       -0.067934

     C    5        0.220218       -0.254409        0.408146
     C    5       -0.254409        0.116873        0.203828
     C    5        0.408146        0.203828       -0.337090

     H    6       -0.519444        0.053155        0.069076
     H    6        0.053155        0.776121        0.615629
     H    6        0.069076        0.615629       -0.256677

     H    7       -0.518070       -0.014038        0.029619
     H    7       -0.014038        0.575671       -0.745734
     H    7        0.029619       -0.745734       -0.057601

     C    8        0.302216        0.208971        0.264848
     C    8        0.208971        0.013750       -0.319266
     C    8        0.264848       -0.319266       -0.315966

     H    9        0.729822       -0.428754        0.536645
     H    9       -0.428754       -0.373712       -0.240009
     H    9        0.536645       -0.240009       -0.356110

     C   10        0.183953        0.172672        0.159093
     C   10        0.172672        0.187829       -0.393747
     C   10        0.159093       -0.393747       -0.371782

     C   11        0.226782        0.190019        0.298609
     C   11        0.190019        0.117277       -0.387071
     C   11        0.298609       -0.387071       -0.344059

     Cl  12        0.132074        0.239790        0.005953
     Cl  12        0.239790        0.031278       -0.007840
     Cl  12        0.005953       -0.007840       -0.163352

     H   13       -0.499045        0.172130        0.079115
     H   13        0.172130        0.673579        0.656092
     H   13        0.079115        0.656092       -0.174535

     C   14        0.201240       -0.132163        0.352559
     C   14       -0.132163        0.094242        0.259482
     C   14        0.352559        0.259482       -0.295482

     H   15        0.403970        0.322614        0.734020
     H   15        0.322614       -0.370016        0.296923
     H   15        0.734020        0.296923       -0.033954

     C   16        0.035341       -0.170939        0.276130
     C   16       -0.170939        0.293115        0.348600
     C   16        0.276130        0.348600       -0.328456

     C   17        0.063994       -0.168758        0.386252
     C   17       -0.168758        0.259079        0.329571
     C   17        0.386252        0.329571       -0.323073

     Cl  18        0.085528       -0.203573        0.057190
     Cl  18       -0.203573        0.073360       -0.040336
     Cl  18        0.057190       -0.040336       -0.158888

     H   19       -0.476588       -0.252087        0.146935
     H   19       -0.252087        0.633210       -0.676657
     H   19        0.146935       -0.676657       -0.156622

     C   20        0.248678        0.146695        0.326288
     C   20        0.146695        0.081314       -0.277832
     C   20        0.326288       -0.277832       -0.329993

     H   21        0.610140       -0.197195        0.719389
     H   21       -0.197195       -0.485836       -0.191014
     H   21        0.719389       -0.191014       -0.124304

     C   22        0.087359        0.244912        0.234742
     C   22        0.244912        0.156052       -0.384244
     C   22        0.234742       -0.384244       -0.243411

     C   23        0.144390        0.139773        0.321932
     C   23        0.139773        0.088839       -0.409001
     C   23        0.321932       -0.409001       -0.233230

     Cl  24        0.078082        0.185783        0.012668
     Cl  24        0.185783        0.057368        0.007980
     Cl  24        0.012668        0.007980       -0.135450

     ----- GIPAW term -----
     Cl   1       -0.892522       -1.109268       -0.565358
     Cl   1       -1.109268       -1.477600       -0.028083
     Cl   1       -0.565358       -0.028083        2.370122

     C    2       -0.003346        0.012088       -0.162380
     C    2        0.012088       -0.057355       -0.137497
     C    2       -0.162380       -0.137497        0.060701

     C    3        0.030788        0.066998       -0.183711
     C    3        0.066998       -0.121222       -0.033218
     C    3       -0.183711       -0.033218        0.090434

     H    4       -0.000000        0.000000        0.000000
     H    4        0.000000        0.000000        0.000000
     H    4        0.000000        0.000000        0.000000

     C    5        0.084920        0.067343       -0.140033
     C    5        0.067343       -0.063895       -0.088675
     C    5       -0.140033       -0.088675       -0.021025

     H    6       -0.000000        0.000000        0.000000
     H    6        0.000000        0.000000        0.000000
     H    6        0.000000        0.000000        0.000000

     H    7       -0.000000        0.000000        0.000000
     H    7        0.000000        0.000000        0.000000
     H    7        0.000000        0.000000        0.000000

     C    8       -0.112925       -0.062370       -0.084131
     C    8       -0.062370       -0.070186        0.174181
     C    8       -0.084131        0.174181        0.183112

     H    9       -0.000000        0.000000        0.000000
     H    9        0.000000        0.000000        0.000000
     H    9        0.000000        0.000000        0.000000

     C   10       -0.098582       -0.049738       -0.082535
     C   10       -0.049738        0.004898        0.174311
     C   10       -0.082535        0.174311        0.093685

     C   11        0.080906       -0.009281       -0.187951
     C   11       -0.009281       -0.006539        0.146291
     C   11       -0.187951        0.146291       -0.074367

     Cl  12        1.995478        0.341265       -1.105648
     Cl  12        0.341265       -0.459945        0.558822
     Cl  12       -1.105648        0.558822       -1.535534

     H   13       -0.000000        0.000000        0.000000
     H   13        0.000000        0.000000        0.000000
     H   13        0.000000        0.000000        0.000000

     C   14       -0.031755        0.138626       -0.157557
     C   14        0.138626       -0.055698       -0.181928
     C   14       -0.157557       -0.181928        0.087453

     H   15       -0.000000        0.000000        0.000000
     H   15        0.000000        0.000000        0.000000
     H   15        0.000000        0.000000        0.000000

     C   16        0.065619        0.083787       -0.149834
     C   16        0.083787       -0.038748       -0.091387
     C   16       -0.149834       -0.091387       -0.026871

     C   17        0.117494       -0.051258        0.021499
     C   17       -0.051258       -0.075219       -0.057560
     C   17        0.021499       -0.057560       -0.042275

     Cl  18       -0.277663       -1.162495       -1.092798
     Cl  18       -1.162495       -0.522920       -1.788271
     Cl  18       -1.092798       -1.788271        0.800583

     H   19       -0.000000        0.000000        0.000000
     H   19        0.000000        0.000000        0.000000
     H   19        0.000000        0.000000        0.000000

     C   20        0.064392       -0.131473       -0.134930
     C   20       -0.131473       -0.107548        0.102217
     C   20       -0.134930        0.102217        0.043156

     H   21       -0.000000        0.000000        0.000000
     H   21        0.000000        0.000000        0.000000
     H   21        0.000000        0.000000        0.000000

     C   22       -0.005826        0.061719       -0.111723
     C   22        0.061719       -0.023340        0.059306
     C   22       -0.111723        0.059306        0.029166

     C   23       -0.075148        0.099130       -0.105500
     C   23        0.099130       -0.084222        0.092799
     C   23       -0.105500        0.092799        0.159370

     Cl  24        0.701298        1.493732        0.201405
     Cl  24        1.493732        1.380505       -0.906368
     Cl  24        0.201405       -0.906368       -2.081803

     ----- total EFG -----
     Cl   1       -0.816614       -1.182571       -0.541464
     Cl   1       -1.182571       -1.565224       -0.045435
     Cl   1       -0.541464       -0.045435        2.381837

     C    2        0.177560       -0.107206       -0.268976
     C    2       -0.107206       -0.166325       -0.185747
     C    2       -0.268976       -0.185747       -0.011235

     C    3        0.095214        0.161475       -0.143761
     C    3        0.161475       -0.163720        0.029703
     C    3       -0.143761        0.029703        0.068507

     H    4        0.550244        0.119112        0.494732
     H    4        0.119112        0.084068        0.194528
     H    4        0.494732        0.194528       -0.634312

     C    5        0.041267       -0.041527       -0.242247
     C    5       -0.041527        0.058775       -0.283820
     C    5       -0.242247       -0.283820       -0.100042

     H    6       -0.307209        0.171318        0.096622
     H    6        0.171318        0.374664        0.116747
     H    6        0.096622        0.116747       -0.067454

     H    7       -0.078602        0.000641        0.165575
     H    7        0.000641        0.480207       -0.290705
     H    7        0.165575       -0.290705       -0.401604

     C    8       -0.199423       -0.132521       -0.128576
     C    8       -0.132521       -0.142522        0.305676
     C    8       -0.128576        0.305676        0.341945

     H    9        0.210979       -0.214928        0.120499
     H    9       -0.214928       -0.053074       -0.056515
     H    9        0.120499       -0.056515       -0.157905

     C   10       -0.104636       -0.151545       -0.192275
     C   10       -0.151545        0.004460        0.358727
     C   10       -0.192275        0.358727        0.100177

     C   11        0.190785        0.078119       -0.448375
     C   11        0.078119        0.040143        0.253121
     C   11       -0.448375        0.253121       -0.230928

     Cl  12        2.143942        0.308959       -1.219102
     Cl  12        0.308959       -0.502410        0.610196
     Cl  12       -1.219102        0.610196       -1.641532

     H   13       -0.268705       -0.259677        0.184163
     H   13       -0.259677        0.100847        0.543860
     H   13        0.184163        0.543860        0.167857

     C   14       -0.076972        0.328034       -0.135722
     C   14        0.328034       -0.138757       -0.299647
     C   14       -0.135722       -0.299647        0.215729

     H   15        0.056899       -0.032941        0.243989
     H   15       -0.032941       -0.159221        0.022633
     H   15        0.243989        0.022633        0.102322

     C   16       -0.029807        0.115670       -0.276810
     C   16        0.115670        0.110195       -0.211834
     C   16       -0.276810       -0.211834       -0.080389

     C   17        0.128622        0.028484        0.225770
     C   17        0.028484       -0.101258       -0.224233
     C   17        0.225770       -0.224233       -0.027364

     Cl  18       -0.298686       -1.298752       -1.140366
     Cl  18       -1.298752       -0.505988       -1.941882
     Cl  18       -1.140366       -1.941882        0.804674

     H   19       -0.507284        0.157385        0.128514
     H   19        0.157385        0.277659       -0.352634
     H   19        0.128514       -0.352634        0.229625

     C   20        0.101417       -0.399099       -0.143383
     C   20       -0.399099       -0.257408        0.184553
     C   20       -0.143383        0.184553        0.155991

     H   21        0.081590       -0.244649        0.298770
     H   21       -0.244649       -0.217723       -0.047927
     H   21        0.298770       -0.047927        0.136133

     C   22        0.006139        0.226037       -0.209166
     C   22        0.226037       -0.123842        0.215054
     C   22       -0.209166        0.215054        0.117703

     C   23       -0.331005        0.182002       -0.137173
     C   23        0.182002       -0.081909        0.147555
     C   23       -0.137173        0.147555        0.412914

     Cl  24        0.741100        1.636215        0.237209
     Cl  24        1.636215        1.563013       -0.999313
     Cl  24        0.237209       -0.999313       -2.304114

     ----- total EFG (symmetrized) -----
     Cl   1       -0.816614       -1.182571       -0.541464
     Cl   1       -1.182571       -1.565224       -0.045435
     Cl   1       -0.541464       -0.045435        2.381837

     C    2        0.177560       -0.107206       -0.268976
     C    2       -0.107206       -0.166325       -0.185747
     C    2       -0.268976       -0.185747       -0.011235

     C    3        0.095214        0.161475       -0.143761
     C    3        0.161475       -0.163720        0.029703
     C    3       -0.143761        0.029703        0.068507

     H    4        0.550244        0.119112        0.494732
     H    4        0.119112        0.084068        0.194528
     H    4        0.494732        0.194528       -0.634312

     C    5        0.041267       -0.041527       -0.242247
     C    5       -0.041527        0.058775       -0.283820
     C    5       -0.242247       -0.283820       -0.100042

     H    6       -0.307209        0.171318        0.096622
     H    6        0.171318        0.374664        0.116747
     H    6        0.096622        0.116747       -0.067454

     H    7       -0.078602        0.000641        0.165575
     H    7        0.000641        0.480207       -0.290705
     H    7        0.165575       -0.290705       -0.401604

     C    8       -0.199423       -0.132521       -0.128576
     C    8       -0.132521       -0.142522        0.305676
     C    8       -0.128576        0.305676        0.341945

     H    9        0.210979       -0.214928        0.120499
     H    9       -0.214928       -0.053074       -0.056515
     H    9        0.120499       -0.056515       -0.157905

     C   10       -0.104636       -0.151545       -0.192275
     C   10       -0.151545        0.004460        0.358727
     C   10       -0.192275        0.358727        0.100177

     C   11        0.190785        0.078119       -0.448375
     C   11        0.078119        0.040143        0.253121
     C   11       -0.448375        0.253121       -0.230928

     Cl  12        2.143942        0.308959       -1.219102
     Cl  12        0.308959       -0.502410        0.610196
     Cl  12       -1.219102        0.610196       -1.641532

     H   13       -0.268705       -0.259677        0.184163
     H   13       -0.259677        0.100847        0.543860
     H   13        0.184163        0.543860        0.167857

     C   14       -0.076972        0.328034       -0.135722
     C   14        0.328034       -0.138757       -0.299647
     C   14       -0.135722       -0.299647        0.215729

     H   15        0.056899       -0.032941        0.243989
     H   15       -0.032941       -0.159221        0.022633
     H   15        0.243989        0.022633        0.102322

     C   16       -0.029807        0.115670       -0.276810
     C   16        0.115670        0.110195       -0.211834
     C   16       -0.276810       -0.211834       -0.080389

     C   17        0.128622        0.028484        0.225770
     C   17        0.028484       -0.101258       -0.224233
     C   17        0.225770       -0.224233       -0.027364

     Cl  18       -0.298686       -1.298752       -1.140366
     Cl  18       -1.298752       -0.505988       -1.941882
     Cl  18       -1.140366       -1.941882        0.804674

     H   19       -0.507284        0.157385        0.128514
     H   19        0.157385        0.277659       -0.352634
     H   19        0.128514       -0.352634        0.229625

     C   20        0.101417       -0.399099       -0.143383
     C   20       -0.399099       -0.257408        0.184553
     C   20       -0.143383        0.184553        0.155991

     H   21        0.081590       -0.244649        0.298770
     H   21       -0.244649       -0.217723       -0.047927
     H   21        0.298770       -0.047927        0.136133

     C   22        0.006139        0.226037       -0.209166
     C   22        0.226037       -0.123842        0.215054
     C   22       -0.209166        0.215054        0.117703

     C   23       -0.331005        0.182002       -0.137173
     C   23        0.182002       -0.081909        0.147555
     C   23       -0.137173        0.147555        0.412914

     Cl  24        0.741100        1.636215        0.237209
     Cl  24        1.636215        1.563013       -0.999313
     Cl  24        0.237209       -0.999313       -2.304114


     NQR/NMR SPECTROSCOPIC PARAMETERS:
     Cl   1    Vxx=   -0.0190    axis=(  0.781112 -0.602259  0.164766)
     Cl   1    Vyy=   -2.4580    axis=( -0.599004 -0.797273 -0.074500)
     Cl   1    Vzz=    2.4770    axis=( -0.176231  0.040503  0.983515)
     Cl   1  Q=        -8.1650 1e-30 m^2  Cq=       -47.5198 MHz  eta= 0.98463

     C    2    Vxx=    0.0295    axis=( -0.427084  0.734255 -0.527701)
     C    2    Vyy=    0.3691    axis=(  0.805474  0.043755 -0.591013)
     C    2    Vzz=   -0.3986    axis=(  0.410865  0.677462  0.610110)
     C    2  Q=         1.0000 1e-30 m^2  Cq=        -0.9366 MHz  eta= 0.85186

     C    3    Vxx=    0.0138    axis=( -0.396678 -0.490671 -0.775814)
     C    3    Vyy=    0.2534    axis=( -0.781791 -0.262354  0.565662)
     C    3    Vzz=   -0.2672    axis=(  0.481092 -0.830910  0.279532)
     C    3  Q=         1.0000 1e-30 m^2  Cq=        -0.6278 MHz  eta= 0.89681

     H    4    Vxx=    0.0598    axis=(  0.291859 -0.954608 -0.059511)
     H    4    Vyy=    0.7765    axis=(  0.901332  0.253686  0.351060)
     H    4    Vzz=   -0.8362    axis=( -0.320028 -0.156099  0.934460)
     H    4  Q=         1.0000 1e-30 m^2  Cq=        -1.9648 MHz  eta= 0.85703

     C    5    Vxx=    0.0893    axis=(  0.774607 -0.630805 -0.045476)
     C    5    Vyy=    0.3329    axis=( -0.455336 -0.606150  0.652113)
     C    5    Vzz=   -0.4222    axis=( -0.438922 -0.484425 -0.756756)
     C    5  Q=         1.0000 1e-30 m^2  Cq=        -0.9921 MHz  eta= 0.57697

     H    6    Vxx=   -0.0870    axis=(  0.175927 -0.302220  0.936863)
     H    6    Vyy=   -0.3643    axis=(  0.953713 -0.183459 -0.238273)
     H    6    Vzz=    0.4513    axis=(  0.243887  0.935418  0.255956)
     H    6  Q=         1.0000 1e-30 m^2  Cq=         1.0603 MHz  eta= 0.61455

     H    7    Vxx=   -0.0276    axis=(  0.942908  0.164560  0.289559)
     H    7    Vyy=   -0.5433    axis=(  0.324537 -0.258621 -0.909830)
     H    7    Vzz=    0.5709    axis=( -0.074835  0.951859 -0.297262)
     H    7  Q=         1.0000 1e-30 m^2  Cq=         1.3415 MHz  eta= 0.90316

     C    8    Vxx=   -0.1991    axis=(  0.804327 -0.414765  0.425474)
     C    8    Vyy=   -0.3321    axis=( -0.546851 -0.796797  0.257038)
     C    8    Vzz=    0.5312    axis=( -0.232406  0.439413  0.867700)
     C    8  Q=         1.0000 1e-30 m^2  Cq=         1.2481 MHz  eta= 0.25035

     H    9    Vxx=   -0.1695    axis=( -0.364877 -0.853917 -0.371068)
     H    9    Vyy=   -0.1954    axis=( -0.384373 -0.224843  0.895379)
     H    9    Vzz=    0.3649    axis=(  0.848011 -0.469331  0.246183)
     H    9  Q=         1.0000 1e-30 m^2  Cq=         0.8574 MHz  eta= 0.07117

     C   10    Vxx=   -0.2004    axis=(  0.923867  0.322471  0.206110)
     C   10    Vyy=   -0.3109    axis=(  0.101408 -0.725566  0.680640)
     C   10    Vzz=    0.5113    axis=( -0.369034  0.607920  0.703028)
     C   10  Q=         1.0000 1e-30 m^2  Cq=         1.2014 MHz  eta= 0.21601

     C   11    Vxx=    0.1277    axis=(  0.349159  0.913620  0.208297)
     C   11    Vyy=    0.4881    axis=(  0.805332 -0.178918 -0.565180)
     C   11    Vzz=   -0.6158    axis=( -0.479092  0.365086 -0.798238)
     C   11  Q=         1.0000 1e-30 m^2  Cq=        -1.4469 MHz  eta= 0.58523

     Cl  12    Vxx=   -0.2496    axis=(  0.060754  0.932645  0.355643)
     Cl  12    Vyy=   -2.2583    axis=( -0.272438  0.358267 -0.892985)
     Cl  12    Vzz=    2.5079    axis=( -0.960253 -0.042639  0.275854)
     Cl  12  Q=        -8.1650 1e-30 m^2  Cq=       -48.1123 MHz  eta= 0.80095

     H   13    Vxx=   -0.0181    axis=(  0.778613 -0.422327  0.464114)
     H   13    Vyy=   -0.6634    axis=(  0.625444  0.582200 -0.519483)
     H   13    Vzz=    0.6815    axis=( -0.050815  0.694753  0.717451)
     H   13  Q=         1.0000 1e-30 m^2  Cq=         1.6012 MHz  eta= 0.94694

     C   14    Vxx=   -0.0615    axis=( -0.680244 -0.307443 -0.665392)
     C   14    Vyy=   -0.4681    axis=( -0.577777  0.783512  0.228653)
     C   14    Vzz=    0.5296    axis=(  0.451046  0.539988 -0.710613)
     C   14  Q=         1.0000 1e-30 m^2  Cq=         1.2443 MHz  eta= 0.76784

     H   15    Vxx=   -0.1226    axis=(  0.495977 -0.733926 -0.464068)
     H   15    Vyy=   -0.2021    axis=(  0.547261  0.679134 -0.489164)
     H   15    Vzz=    0.3247    axis=(  0.674175 -0.011352  0.738484)
     H   15  Q=         1.0000 1e-30 m^2  Cq=         0.7630 MHz  eta= 0.24458

     C   16    Vxx=   -0.0551    axis=(  0.601649 -0.755060 -0.260582)
     C   16    Vyy=   -0.3498    axis=(  0.596132  0.207321  0.775658)
     C   16    Vzz=    0.4048    axis=( -0.531644 -0.622015  0.574850)
     C   16  Q=         1.0000 1e-30 m^2  Cq=         0.9512 MHz  eta= 0.72788

     C   17    Vxx=    0.0332    axis=(  0.611909  0.710171 -0.348174)
     C   17    Vyy=    0.3225    axis=( -0.706683  0.293213 -0.643914)
     C   17    Vzz=   -0.3557    axis=( -0.355200  0.640065  0.681285)
     C   17  Q=         1.0000 1e-30 m^2  Cq=        -0.8358 MHz  eta= 0.81324

     Cl  18    Vxx=    0.7836    axis=(  0.837698 -0.494454 -0.231900)
     Cl  18    Vyy=    2.2147    axis=( -0.093651 -0.548387  0.830964)
     Cl  18    Vzz=   -2.9983    axis=( -0.538044 -0.674379 -0.505689)
     Cl  18  Q=        -8.1650 1e-30 m^2  Cq=        57.5212 MHz  eta= 0.47731

     H   19    Vxx=   -0.0173    axis=( -0.379232 -0.619459 -0.687353)
     H   19    Vyy=   -0.5905    axis=( -0.924943  0.274478  0.262951)
     H   19    Vzz=    0.6078    axis=(  0.025776  0.735481 -0.677055)
     H   19  Q=         1.0000 1e-30 m^2  Cq=         1.4281 MHz  eta= 0.94316

     C   20    Vxx=    0.0226    axis=(  0.521276 -0.195480  0.830698)
     C   20    Vyy=    0.5025    axis=( -0.681811  0.490014  0.543158)
     C   20    Vzz=   -0.5251    axis=( -0.513230 -0.849514  0.122152)
     C   20  Q=         1.0000 1e-30 m^2  Cq=        -1.2337 MHz  eta= 0.91397

     H   21    Vxx=   -0.0871    axis=( -0.436693  0.559350  0.704576)
     H   21    Vyy=   -0.3831    axis=( -0.575211 -0.775794  0.259376)
     H   21    Vzz=    0.4702    axis=(  0.691687 -0.292012  0.660528)
     H   21  Q=         1.0000 1e-30 m^2  Cq=         1.1047 MHz  eta= 0.62954

     C   22    Vxx=    0.1664    axis=( -0.664947 -0.703551 -0.250723)
     C   22    Vyy=    0.2841    axis=( -0.500300  0.170315  0.848936)
     C   22    Vzz=   -0.4505    axis=(  0.554568 -0.689934  0.465237)
     C   22  Q=         1.0000 1e-30 m^2  Cq=        -1.0586 MHz  eta= 0.26120

     C   23    Vxx=    0.0051    axis=(  0.513608  0.847516 -0.133882)
     C   23    Vyy=    0.4634    axis=(  0.115993 -0.223185 -0.967850)
     C   23    Vzz=   -0.4685    axis=( -0.850149  0.481566 -0.212936)
     C   23  Q=         1.0000 1e-30 m^2  Cq=        -1.1007 MHz  eta= 0.97832

     Cl  24    Vxx=   -0.2423    axis=( -0.782673  0.520003 -0.342081)
     Cl  24    Vyy=   -2.6786    axis=( -0.207929  0.299583  0.931137)
     Cl  24    Vzz=    2.9209    axis=(  0.586675  0.799905 -0.126352)
     Cl  24  Q=        -8.1650 1e-30 m^2  Cq=       -56.0363 MHz  eta= 0.83408

     Initialization:
     gipaw_setup  :      9.14s CPU     10.86s WALL (       1 calls)

     Linear response

     Apply operators

     Induced current

     Other routines
     efg          :      9.31s CPU     11.53s WALL (       1 calls)

     General routines
     calbec       :      3.19s CPU      4.05s WALL (      16 calls)
     fft          :      1.41s CPU      1.90s WALL (      15 calls)
     ffts         :      0.03s CPU      0.05s WALL (       2 calls)
     fftw         :      3.40s CPU      4.01s WALL (     672 calls)
     davcio       :      0.05s CPU      0.33s WALL (      32 calls)

     Parallel routines
     fft_scatter  :      2.17s CPU      3.06s WALL (     689 calls)

     Plugins

     GIPAW        :     60.77s CPU     70.96s WALL (       1 calls)
