
     Program QE v.6.0 (svn rev. 13079) starts on 25Dec2016 at 18:57:22 

     This program is part of the open-source Quantum ESPRESSO suite
     for quantum simulation of materials; please cite
         "P. Giannozzi et al., J. Phys.:Condens. Matter 21 395502 (2009);
          URL http://www.quantum-espresso.org", 
     in publications or presentations arising from this work. More details at
     http://www.quantum-espresso.org/quote

     Parallel version (MPI), running on     8 processors
     R & G space division:  proc/nbgrp/npool/nimage =       8

     ***** This is GIPAW svn revision unknown      *****

     Parallelizing q-star over 1 images

     Reading data from directory:
     /users/majewski/paradichlorobenzene/pbe/9_constraint/scratch/pbe.ecut100.np8.dt60.pcl2phi-129368.save
     Message from routine read_xml_file:
     file /users/majewski/paradichlorobenzene/pbe/9_constraint/scratch/pbe.ecut100.np8.dt60.pcl2phi-129368.save not guaranteed to be safe for post-processing

   Info: using nr1, nr2, nr3 values from input

   Info: using nr1, nr2, nr3 values from input

     IMPORTANT: XC functional enforced from input :
     Exchange-correlation      =  SLA  PW   PBX  PBC ( 1  4  3  4 0 0)
     Any further DFT definition will be discarded
     Please, verify this is what you really want

               file C.pbe-n-kjpaw_psl.1.0.0.UPF: wavefunction(s)  2S 2P renormalized
               file Cl.pbe-n-kjpaw_psl.1.0.0.UPF: wavefunction(s)  3S 3P renormalized
               file H.pbe-kjpaw_psl.1.0.0.UPF: wavefunction(s)  1S renormalized

     Parallelization info
     --------------------
     sticks:   dense  smooth     PW     G-vecs:    dense   smooth      PW
     Min        3057    1223    332               144436    36536    5170
     Max        3059    1225    333               144437    36537    5171
     Sum       24467    9791   2657              1155489   292295   41363


     Subspace diagonalization in iterative solution of the eigenvalue problem:
     a serial algorithm will be used

     GIPAW projectors -----------------------------------------------
     atom=  C    l=0  rc=    1.2000  rs=    0.8000
     atom=  C    l=0  rc=    1.2000  rs=    0.8000
     atom=  C    l=1  rc=    1.4000  rs=    0.9333
     atom=  C    l=1  rc=    1.4000  rs=    0.9333
     projs nearly linearly dependent: l=1  n1,n2= 1, 2  s=  0.99951561

     atom=  Cl   l=0  rc=    1.6000  rs=    1.0667
     atom=  Cl   l=0  rc=    1.6000  rs=    1.0667
     atom=  Cl   l=1  rc=    1.6000  rs=    1.0667
     atom=  Cl   l=1  rc=    1.6000  rs=    1.0667
     atom=  Cl   l=2  rc=    1.6000  rs=    1.0667
     atom=  Cl   l=2  rc=    1.6000  rs=    1.0667
     projs nearly linearly dependent: l=2  n1,n2= 1, 2  s=  0.99993509

     atom=  H    l=0  rc=    1.0000  rs=    0.6667
     atom=  H    l=0  rc=    1.0000  rs=    0.6667
     projs nearly linearly dependent: l=0  n1,n2= 1, 2  s=  0.99968852
     -----------------------------------------------------------------

     GIPAW integrals: -------------------------------------------
     Atom  i/j   nmr_para   nmr_dia   epr_rmc  epr_para   epr_dia
       C   1 1   0.83E+03  0.17E-01  0.93E+01  0.24E+08  0.24E+03
       C   2 1   0.86E+03 -0.61E-01  0.94E+01  0.25E+08  0.25E+03
       C   2 2   0.90E+03 -0.15E+00  0.97E+01  0.26E+08  0.26E+03
       C   3 3   0.33E+01  0.34E+00  0.18E+01  0.55E+03  0.21E+02
       C   4 3   0.35E+01  0.37E+00  0.20E+01  0.59E+03  0.22E+02
       C   4 4   0.38E+01  0.39E+00  0.22E+01  0.63E+03  0.24E+02
       Cl  1 1   0.14E+04 -0.47E+00  0.84E+01  0.32E+09  0.42E+03
       Cl  2 1   0.21E+04 -0.37E+00  0.12E+02  0.49E+09  0.65E+03
       Cl  2 2   0.33E+04 -0.16E+00  0.21E+02  0.76E+09  0.10E+04
       Cl  3 3   0.21E+02  0.79E-01  0.89E+01  0.23E+05  0.13E+03
       Cl  4 3   0.24E+02  0.67E-01  0.99E+01  0.27E+05  0.15E+03
       Cl  4 4   0.28E+02  0.44E-01  0.11E+02  0.32E+05  0.18E+03
       Cl  5 5   0.77E+00  0.19E+00  0.18E+01  0.12E+03  0.22E+02
       Cl  6 5   0.80E+00  0.19E+00  0.19E+01  0.12E+03  0.23E+02
       Cl  6 6   0.83E+00  0.20E+00  0.19E+01  0.12E+03  0.23E+02
       H   1 1   0.39E+02  0.19E+00  0.29E+00  0.78E+05  0.13E+02
       H   2 1   0.41E+02  0.21E+00  0.32E+00  0.82E+05  0.14E+02
       H   2 2   0.43E+02  0.22E+00  0.36E+00  0.86E+05  0.15E+02
     ------------------------------------------------------------

     alpha_pv=     34.0853 eV

     Number of occupied bands for each k-point:
     k-point:     1    nbnd_occ=  42
     k-point:     2    nbnd_occ=  42
     k-point:     3    nbnd_occ=  42
     k-point:     4    nbnd_occ=  42
     k-point:     5    nbnd_occ=  42
     k-point:     6    nbnd_occ=  42
     k-point:     7    nbnd_occ=  42
     k-point:     8    nbnd_occ=  42
     k-point:     9    nbnd_occ=  42
     k-point:    10    nbnd_occ=  42
     k-point:    11    nbnd_occ=  42
     k-point:    12    nbnd_occ=  42
     k-point:    13    nbnd_occ=  42
     k-point:    14    nbnd_occ=  42
     k-point:    15    nbnd_occ=  42
     k-point:    16    nbnd_occ=  42


     q-space interpolation up to   110.00 Rydberg

     GIPAW job: efg                                                                             


     ELECTRIC FIELD GRADIENTS TENSORS IN Hartree/bohrradius^2:

     ----- bare term -----
     Cl   1       -0.023820       -0.109768       -0.011075
     Cl   1       -0.109768        0.028466       -0.099448
     Cl   1       -0.011075       -0.099448       -0.004646

     C    2       -0.456888        0.444199       -0.187164
     C    2        0.444199        0.059140       -0.120116
     C    2       -0.187164       -0.120116        0.397748

     C    3        0.341797        0.028188       -0.076501
     C    3        0.028188       -0.141835       -0.097990
     C    3       -0.076501       -0.097990       -0.199962

     H    4        0.158396       -0.000067       -0.332896
     H    4       -0.000067        0.215187        0.228782
     H    4       -0.332896        0.228782       -0.373582

     C    5       -0.304817        0.196922        0.010615
     C    5        0.196922        0.156150        0.144385
     C    5        0.010615        0.144385        0.148668

     H    6        0.460655       -0.008537        0.132852
     H    6       -0.008537        0.140204       -0.082262
     H    6        0.132852       -0.082262       -0.600859

     H    7        0.416434        0.270165       -0.030396
     H    7        0.270165       -0.762021        0.269472
     H    7       -0.030396        0.269472        0.345587

     C    8       -0.019417       -0.267410       -0.052813
     C    8       -0.267410       -0.117323        0.396542
     C    8       -0.052813        0.396542        0.136741

     H    9       -0.305889        0.530965       -0.036514
     H    9        0.530965       -0.056489       -0.060157
     H    9       -0.036514       -0.060157        0.362377

     C   10       -0.529200       -0.329282       -0.300627
     C   10       -0.329282        0.229930        0.115233
     C   10       -0.300627        0.115233        0.299269

     C   11        0.085600       -0.092346       -0.142604
     C   11       -0.092346       -0.173481        0.506990
     C   11       -0.142604        0.506990        0.087881

     Cl  12       -0.259359       -0.228858       -0.009336
     Cl  12       -0.228858        0.185532       -0.083380
     Cl  12       -0.009336       -0.083380        0.073827

     H   13        0.437745        0.067604        0.028105
     H   13        0.067604       -0.649770       -0.503699
     H   13        0.028105       -0.503699        0.212025

     C   14       -0.085631       -0.227176       -0.383817
     C   14       -0.227176        0.020793       -0.480723
     C   14       -0.383817       -0.480723        0.064838

     H   15       -0.063374       -0.069353       -0.312046
     H   15       -0.069353        0.170706       -0.525858
     H   15       -0.312046       -0.525858       -0.107332

     C   16       -0.587798        0.309543       -0.196303
     C   16        0.309543        0.203446       -0.179533
     C   16       -0.196303       -0.179533        0.384352

     C   17        0.033896       -0.114657       -0.283612
     C   17       -0.114657        0.011920       -0.640514
     C   17       -0.283612       -0.640514       -0.045816

     Cl  18       -0.245850        0.187303       -0.006046
     Cl  18        0.187303        0.168693       -0.031244
     Cl  18       -0.006046       -0.031244        0.077157

     H   19        0.414666        0.046377       -0.074265
     H   19        0.046377       -0.578091        0.672098
     H   19       -0.074265        0.672098        0.163425

     C   20       -0.952904       -0.380774       -0.452172
     C   20       -0.380774        0.444444       -0.037504
     C   20       -0.452172       -0.037504        0.508460

     H   21       -0.465265       -0.026236       -0.319954
     H   21       -0.026236        0.195330        0.400290
     H   21       -0.319954        0.400290        0.269934

     C   22        0.142348       -0.256705       -0.043384
     C   22       -0.256705       -0.432534        0.504843
     C   22       -0.043384        0.504843        0.290186

     C   23       -0.769491       -0.373953       -0.326846
     C   23       -0.373953        0.300071        0.018240
     C   23       -0.326846        0.018240        0.469420

     Cl  24        0.064272       -0.027628        0.033459
     Cl  24       -0.027628       -0.074599        0.022044
     Cl  24        0.033459        0.022044        0.010328

     ----- ionic term -----
     Cl   1        0.194727       -0.233274       -0.006087
     Cl   1       -0.233274       -0.060726        0.003429
     Cl   1       -0.006087        0.003429       -0.134001

     C    2        0.204260       -0.257303        0.260109
     C    2       -0.257303       -0.062209        0.396414
     C    2        0.260109        0.396414       -0.142051

     C    3        0.089873       -0.305727        0.195463
     C    3       -0.305727        0.055927        0.391186
     C    3        0.195463        0.391186       -0.145801

     H    4        0.312758        0.226048        0.774313
     H    4        0.226048       -0.445824        0.282454
     H    4        0.774313        0.282454        0.133066

     C    5        0.221409       -0.269316        0.308471
     C    5       -0.269316       -0.065193        0.291379
     C    5        0.308471        0.291379       -0.156216

     H    6       -0.524498       -0.033063        0.007837
     H    6       -0.033063        0.420197        0.787690
     H    6        0.007837        0.787690        0.104300

     H    7       -0.502378       -0.036753        0.016451
     H    7       -0.036753        0.669555       -0.696909
     H    7        0.016451       -0.696909       -0.167178

     C    8        0.389500        0.147478        0.183428
     C    8        0.147478        0.082478       -0.291616
     C    8        0.183428       -0.291616       -0.471979

     H    9        0.784585       -0.436296        0.449435
     H    9       -0.436296       -0.371946       -0.207678
     H    9        0.449435       -0.207678       -0.412639

     C   10        0.196902        0.133883        0.156098
     C   10        0.133883        0.282548       -0.369823
     C   10        0.156098       -0.369823       -0.479450

     C   11        0.158814        0.080517        0.257035
     C   11        0.080517        0.271391       -0.406923
     C   11        0.257035       -0.406923       -0.430205

     Cl  12        0.098722        0.196749       -0.002041
     Cl  12        0.196749        0.062200       -0.003444
     Cl  12       -0.002041       -0.003444       -0.160922

     H   13       -0.524246        0.096608        0.076405
     H   13        0.096608        0.532095        0.765004
     H   13        0.076405        0.765004       -0.007849

     C   14        0.182399       -0.221295        0.296710
     C   14       -0.221295        0.000030        0.296386
     C   14        0.296710        0.296386       -0.182428

     H   15        0.388981        0.167680        0.778421
     H   15        0.167680       -0.497505        0.220582
     H   15        0.778421        0.220582        0.108523

     C   16        0.070740       -0.313905        0.197438
     C   16       -0.313905        0.074852        0.389513
     C   16        0.197438        0.389513       -0.145591

     C   17        0.098012       -0.245089        0.316469
     C   17       -0.245089        0.008076        0.372526
     C   17        0.316469        0.372526       -0.106088

     Cl  18        0.106440       -0.178906        0.036190
     Cl  18       -0.178906        0.031169       -0.012473
     Cl  18        0.036190       -0.012473       -0.137609

     H   19       -0.525306       -0.041851        0.031210
     H   19       -0.041851        0.619839       -0.727005
     H   19        0.031210       -0.727005       -0.094533

     C   20        0.252804        0.166172        0.218858
     C   20        0.166172        0.111049       -0.326571
     C   20        0.218858       -0.326571       -0.363853

     H   21        0.643868       -0.359822        0.622288
     H   21       -0.359822       -0.374039       -0.253080
     H   21        0.622288       -0.253080       -0.269829

     C   22        0.122335        0.201277        0.167721
     C   22        0.201277        0.230547       -0.428177
     C   22        0.167721       -0.428177       -0.352881

     C   23        0.252431        0.091016        0.195168
     C   23        0.091016        0.149421       -0.413951
     C   23        0.195168       -0.413951       -0.401852

     Cl  24        0.132680        0.206344        0.008886
     Cl  24        0.206344        0.011851       -0.004645
     Cl  24        0.008886       -0.004645       -0.144532

     ----- GIPAW term -----
     Cl   1        0.642095       -3.025519        0.482739
     Cl   1       -3.025519        0.686712       -1.436895
     Cl   1        0.482739       -1.436895       -1.328807

     C    2       -0.080178       -0.008459       -0.004072
     C    2       -0.008459        0.104769       -0.070915
     C    2       -0.004072       -0.070915       -0.024591

     C    3        0.021037       -0.007132       -0.002261
     C    3       -0.007132        0.016861        0.014608
     C    3       -0.002261        0.014608       -0.037898

     H    4       -0.000000        0.000000        0.000000
     H    4        0.000000        0.000000        0.000000
     H    4        0.000000        0.000000        0.000000

     C    5       -0.019060       -0.013330        0.020675
     C    5       -0.013330        0.023961        0.019563
     C    5        0.020675        0.019563       -0.004900

     H    6       -0.000000        0.000000        0.000000
     H    6        0.000000        0.000000        0.000000
     H    6        0.000000        0.000000        0.000000

     H    7       -0.000000        0.000000        0.000000
     H    7        0.000000        0.000000        0.000000
     H    7        0.000000        0.000000        0.000000

     C    8       -0.039143       -0.155953        0.015930
     C    8       -0.155953        0.168785        0.063165
     C    8        0.015930        0.063165       -0.129642

     H    9       -0.000000        0.000000        0.000000
     H    9        0.000000        0.000000        0.000000
     H    9        0.000000        0.000000        0.000000

     C   10       -0.108765       -0.158707       -0.060886
     C   10       -0.158707        0.191290        0.007163
     C   10       -0.060886        0.007163       -0.082524

     C   11       -0.060799       -0.006191        0.026905
     C   11       -0.006191        0.193718       -0.117275
     C   11        0.026905       -0.117275       -0.132920

     Cl  12       -0.387138        1.105270       -0.093224
     Cl  12        1.105270        1.953505       -0.898536
     Cl  12       -0.093224       -0.898536       -1.566367

     H   13       -0.000000        0.000000        0.000000
     H   13        0.000000        0.000000        0.000000
     H   13        0.000000        0.000000        0.000000

     C   14       -0.070026       -0.146315       -0.055977
     C   14       -0.146315        0.211262       -0.046522
     C   14       -0.055977       -0.046522       -0.141236

     H   15       -0.000000        0.000000        0.000000
     H   15        0.000000        0.000000        0.000000
     H   15        0.000000        0.000000        0.000000

     C   16       -0.131262       -0.143919       -0.033512
     C   16       -0.143919        0.229845        0.027453
     C   16       -0.033512        0.027453       -0.098583

     C   17       -0.050640       -0.055923       -0.038198
     C   17       -0.055923        0.171352       -0.146259
     C   17       -0.038198       -0.146259       -0.120712

     Cl  18       -0.076572       -1.655073       -0.102194
     Cl  18       -1.655073        1.662403       -0.197045
     Cl  18       -0.102194       -0.197045       -1.585831

     H   19       -0.000000        0.000000        0.000000
     H   19        0.000000        0.000000        0.000000
     H   19        0.000000        0.000000        0.000000

     C   20       -0.252798       -0.067773       -0.034133
     C   20       -0.067773        0.212349       -0.206075
     C   20       -0.034133       -0.206075        0.040449

     H   21       -0.000000        0.000000        0.000000
     H   21        0.000000        0.000000        0.000000
     H   21        0.000000        0.000000        0.000000

     C   22       -0.094563       -0.054080        0.042900
     C   22       -0.054080        0.100481       -0.158153
     C   22        0.042900       -0.158153       -0.005919

     C   23       -0.141395       -0.068731        0.041434
     C   23       -0.068731        0.114426       -0.182001
     C   23        0.041434       -0.182001        0.026969

     Cl  24       -0.170623        0.547804        0.580543
     Cl  24        0.547804        1.346209       -1.828907
     Cl  24        0.580543       -1.828907       -1.175586

     ----- total EFG -----
     Cl   1        0.813002       -3.368561        0.465576
     Cl   1       -3.368561        0.654452       -1.532914
     Cl   1        0.465576       -1.532914       -1.467454

     C    2       -0.332806        0.178438        0.068873
     C    2        0.178438        0.101700        0.205382
     C    2        0.068873        0.205382        0.231106

     C    3        0.452708       -0.284671        0.116701
     C    3       -0.284671       -0.069047        0.307803
     C    3        0.116701        0.307803       -0.383661

     H    4        0.471154        0.225981        0.441417
     H    4        0.225981       -0.230637        0.511236
     H    4        0.441417        0.511236       -0.240516

     C    5       -0.102469       -0.085724        0.339761
     C    5       -0.085724        0.114918        0.455326
     C    5        0.339761        0.455326       -0.012449

     H    6       -0.063843       -0.041600        0.140689
     H    6       -0.041600        0.560401        0.705428
     H    6        0.140689        0.705428       -0.496558

     H    7       -0.085943        0.233412       -0.013944
     H    7        0.233412       -0.092466       -0.427437
     H    7       -0.013944       -0.427437        0.178409

     C    8        0.330940       -0.275885        0.146545
     C    8       -0.275885        0.133940        0.168090
     C    8        0.146545        0.168090       -0.464880

     H    9        0.478697        0.094669        0.412921
     H    9        0.094669       -0.428435       -0.267835
     H    9        0.412921       -0.267835       -0.050262

     C   10       -0.441063       -0.354106       -0.205415
     C   10       -0.354106        0.703768       -0.247427
     C   10       -0.205415       -0.247427       -0.262705

     C   11        0.183615       -0.018019        0.141337
     C   11       -0.018019        0.291629       -0.017208
     C   11        0.141337       -0.017208       -0.475244

     Cl  12       -0.547775        1.073161       -0.104601
     Cl  12        1.073161        2.201236       -0.985360
     Cl  12       -0.104601       -0.985360       -1.653461

     H   13       -0.086500        0.164212        0.104510
     H   13        0.164212       -0.117675        0.261304
     H   13        0.104510        0.261304        0.204176

     C   14        0.026741       -0.594786       -0.143084
     C   14       -0.594786        0.232085       -0.230860
     C   14       -0.143084       -0.230860       -0.258825

     H   15        0.325608        0.098327        0.466375
     H   15        0.098327       -0.326799       -0.305276
     H   15        0.466375       -0.305276        0.001191

     C   16       -0.648321       -0.148281       -0.032377
     C   16       -0.148281        0.508143        0.237434
     C   16       -0.032377        0.237434        0.140178

     C   17        0.081268       -0.415669       -0.005341
     C   17       -0.415669        0.191348       -0.414247
     C   17       -0.005341       -0.414247       -0.272616

     Cl  18       -0.215982       -1.646676       -0.072050
     Cl  18       -1.646676        1.862266       -0.240761
     Cl  18       -0.072050       -0.240761       -1.646283

     H   19       -0.110641        0.004526       -0.043056
     H   19        0.004526        0.041748       -0.054907
     H   19       -0.043056       -0.054907        0.068892

     C   20       -0.952898       -0.282375       -0.267448
     C   20       -0.282375        0.767842       -0.570150
     C   20       -0.267448       -0.570150        0.185056

     H   21        0.178603       -0.386058        0.302334
     H   21       -0.386058       -0.178708        0.147210
     H   21        0.302334        0.147210        0.000106

     C   22        0.170120       -0.109508        0.167238
     C   22       -0.109508       -0.101506       -0.081487
     C   22        0.167238       -0.081487       -0.068614

     C   23       -0.658455       -0.351668       -0.090245
     C   23       -0.351668        0.563917       -0.577711
     C   23       -0.090245       -0.577711        0.094537

     Cl  24        0.026329        0.726520        0.622888
     Cl  24        0.726520        1.283461       -1.811508
     Cl  24        0.622888       -1.811508       -1.309790

     ----- total EFG (symmetrized) -----
     Cl   1        0.813002       -3.368561        0.465576
     Cl   1       -3.368561        0.654452       -1.532914
     Cl   1        0.465576       -1.532914       -1.467454

     C    2       -0.332806        0.178438        0.068873
     C    2        0.178438        0.101700        0.205382
     C    2        0.068873        0.205382        0.231106

     C    3        0.452708       -0.284671        0.116701
     C    3       -0.284671       -0.069047        0.307803
     C    3        0.116701        0.307803       -0.383661

     H    4        0.471154        0.225981        0.441417
     H    4        0.225981       -0.230637        0.511236
     H    4        0.441417        0.511236       -0.240516

     C    5       -0.102469       -0.085724        0.339761
     C    5       -0.085724        0.114918        0.455326
     C    5        0.339761        0.455326       -0.012449

     H    6       -0.063843       -0.041600        0.140689
     H    6       -0.041600        0.560401        0.705428
     H    6        0.140689        0.705428       -0.496558

     H    7       -0.085943        0.233412       -0.013944
     H    7        0.233412       -0.092466       -0.427437
     H    7       -0.013944       -0.427437        0.178409

     C    8        0.330940       -0.275885        0.146545
     C    8       -0.275885        0.133940        0.168090
     C    8        0.146545        0.168090       -0.464880

     H    9        0.478697        0.094669        0.412921
     H    9        0.094669       -0.428435       -0.267835
     H    9        0.412921       -0.267835       -0.050262

     C   10       -0.441063       -0.354106       -0.205415
     C   10       -0.354106        0.703768       -0.247427
     C   10       -0.205415       -0.247427       -0.262705

     C   11        0.183615       -0.018019        0.141337
     C   11       -0.018019        0.291629       -0.017208
     C   11        0.141337       -0.017208       -0.475244

     Cl  12       -0.547775        1.073161       -0.104601
     Cl  12        1.073161        2.201236       -0.985360
     Cl  12       -0.104601       -0.985360       -1.653461

     H   13       -0.086500        0.164212        0.104510
     H   13        0.164212       -0.117675        0.261304
     H   13        0.104510        0.261304        0.204176

     C   14        0.026741       -0.594786       -0.143084
     C   14       -0.594786        0.232085       -0.230860
     C   14       -0.143084       -0.230860       -0.258825

     H   15        0.325608        0.098327        0.466375
     H   15        0.098327       -0.326799       -0.305276
     H   15        0.466375       -0.305276        0.001191

     C   16       -0.648321       -0.148281       -0.032377
     C   16       -0.148281        0.508143        0.237434
     C   16       -0.032377        0.237434        0.140178

     C   17        0.081268       -0.415669       -0.005341
     C   17       -0.415669        0.191348       -0.414247
     C   17       -0.005341       -0.414247       -0.272616

     Cl  18       -0.215982       -1.646676       -0.072050
     Cl  18       -1.646676        1.862266       -0.240761
     Cl  18       -0.072050       -0.240761       -1.646283

     H   19       -0.110641        0.004526       -0.043056
     H   19        0.004526        0.041748       -0.054907
     H   19       -0.043056       -0.054907        0.068892

     C   20       -0.952898       -0.282375       -0.267448
     C   20       -0.282375        0.767842       -0.570150
     C   20       -0.267448       -0.570150        0.185056

     H   21        0.178603       -0.386058        0.302334
     H   21       -0.386058       -0.178708        0.147210
     H   21        0.302334        0.147210        0.000106

     C   22        0.170120       -0.109508        0.167238
     C   22       -0.109508       -0.101506       -0.081487
     C   22        0.167238       -0.081487       -0.068614

     C   23       -0.658455       -0.351668       -0.090245
     C   23       -0.351668        0.563917       -0.577711
     C   23       -0.090245       -0.577711        0.094537

     Cl  24        0.026329        0.726520        0.622888
     Cl  24        0.726520        1.283461       -1.811508
     Cl  24        0.622888       -1.811508       -1.309790


     NQR/NMR SPECTROSCOPIC PARAMETERS:
     Cl   1    Vxx=   -1.3614    axis=( -0.506958 -0.211762  0.835554)
     Cl   1    Vyy=   -3.0803    axis=(  0.533043  0.684759  0.496960)
     Cl   1    Vzz=    4.4417    axis=(  0.677391 -0.697324  0.234266)
     Cl   1  Q=        -8.1650 1e-30 m^2  Cq=       -85.2118 MHz  eta= 0.38698

     C    2    Vxx=   -0.0207    axis=(  0.262719  0.711226 -0.652025)
     C    2    Vyy=   -0.3967    axis=( -0.940397  0.339984 -0.008058)
     C    2    Vzz=    0.4174    axis=(  0.215947  0.615279  0.758154)
     C    2  Q=         1.0000 1e-30 m^2  Cq=         0.9807 MHz  eta= 0.90094

     C    3    Vxx=    0.0529    axis=(  0.339763  0.723506  0.600916)
     C    3    Vyy=    0.5783    axis=( -0.911514  0.410740  0.020845)
     C    3    Vzz=   -0.6312    axis=( -0.231739 -0.554826  0.799040)
     C    3  Q=         1.0000 1e-30 m^2  Cq=        -1.4832 MHz  eta= 0.83233

     H    4    Vxx=   -0.0935    axis=(  0.610332 -0.655039 -0.445442)
     H    4    Vyy=   -0.7701    axis=(  0.148267  0.646850 -0.748065)
     H    4    Vzz=    0.8636    axis=(  0.778146  0.390524  0.491914)
     H    4  Q=         1.0000 1e-30 m^2  Cq=         2.0291 MHz  eta= 0.78337

     C    5    Vxx=    0.0540    axis=( -0.796354  0.561398 -0.225059)
     C    5    Vyy=    0.5560    axis=(  0.272269  0.665011  0.695435)
     C    5    Vzz=   -0.6100    axis=( -0.540083 -0.492536  0.682436)
     C    5  Q=         1.0000 1e-30 m^2  Cq=        -1.4332 MHz  eta= 0.82299

     H    6    Vxx=   -0.0388    axis=(  0.984149 -0.102255  0.144894)
     H    6    Vyy=   -0.8752    axis=( -0.175330 -0.438264  0.881581)
     H    6    Vzz=    0.9140    axis=( -0.026644 -0.893011 -0.449245)
     H    6  Q=         1.0000 1e-30 m^2  Cq=         2.1476 MHz  eta= 0.91509

     H    7    Vxx=   -0.0393    axis=( -0.870080 -0.200857 -0.450131)
     H    7    Vyy=   -0.4904    axis=(  0.425754 -0.766422 -0.480969)
     H    7    Vzz=    0.5296    axis=( -0.248385 -0.610126  0.752364)
     H    7  Q=         1.0000 1e-30 m^2  Cq=         1.2444 MHz  eta= 0.85169

     C    8    Vxx=    0.0373    axis=(  0.511556  0.758739  0.403269)
     C    8    Vyy=    0.5260    axis=( -0.822600  0.568057 -0.025295)
     C    8    Vzz=   -0.5632    axis=( -0.248272 -0.318790  0.914732)
     C    8  Q=         1.0000 1e-30 m^2  Cq=        -1.3234 MHz  eta= 0.86765

     H    9    Vxx=   -0.0627    axis=(  0.413117  0.605260 -0.680437)
     H    9    Vyy=   -0.6438    axis=( -0.267402  0.794862  0.544693)
     H    9    Vzz=    0.7065    axis=( -0.870534  0.043071 -0.490219)
     H    9  Q=         1.0000 1e-30 m^2  Cq=         1.6601 MHz  eta= 0.82247

     C   10    Vxx=   -0.1281    axis=(  0.556642 -0.010128 -0.830691)
     C   10    Vyy=   -0.7079    axis=(  0.796036  0.292544  0.529854)
     C   10    Vzz=    0.8360    axis=( -0.237647  0.956199 -0.170905)
     C   10  Q=         1.0000 1e-30 m^2  Cq=         1.9643 MHz  eta= 0.69360

     C   11    Vxx=    0.2074    axis=( -0.951216 -0.242421 -0.190838)
     C   11    Vyy=    0.2971    axis=( -0.234279  0.970029 -0.064483)
     C   11    Vzz=   -0.5045    axis=( -0.200751  0.016628  0.979501)
     C   11  Q=         1.0000 1e-30 m^2  Cq=        -1.1854 MHz  eta= 0.17789

     Cl  12    Vxx=   -0.8705    axis=(  0.942548 -0.263372  0.205520)
     Cl  12    Vyy=   -1.9110    axis=( -0.134502  0.263958  0.955110)
     Cl  12    Vzz=    2.7815    axis=( -0.305797 -0.927880  0.213369)
     Cl  12  Q=        -8.1650 1e-30 m^2  Cq=       -53.3617 MHz  eta= 0.37411

     H   13    Vxx=   -0.0997    axis=( -0.826852 -0.253247  0.502177)
     H   13    Vyy=   -0.3110    axis=( -0.453242  0.828702 -0.328366)
     H   13    Vzz=    0.4107    axis=(  0.332998  0.499118  0.799996)
     H   13  Q=         1.0000 1e-30 m^2  Cq=         0.9650 MHz  eta= 0.51460

     C   14    Vxx=   -0.0927    axis=( -0.481529 -0.295241  0.825205)
     C   14    Vyy=   -0.6478    axis=(  0.612348  0.560281  0.557778)
     C   14    Vzz=    0.7405    axis=( -0.627025  0.773898 -0.089001)
     C   14  Q=         1.0000 1e-30 m^2  Cq=         1.7400 MHz  eta= 0.74955

     H   15    Vxx=   -0.0296    axis=(  0.491205  0.697876 -0.521236)
     H   15    Vyy=   -0.6380    axis=( -0.364810  0.708219  0.604433)
     H   15    Vzz=    0.6676    axis=( -0.790969  0.106748 -0.602473)
     H   15  Q=         1.0000 1e-30 m^2  Cq=         1.5685 MHz  eta= 0.91137

     C   16    Vxx=    0.0256    axis=(  0.050894 -0.428311  0.902197)
     C   16    Vyy=    0.6414    axis=( -0.113727  0.895006  0.431313)
     C   16    Vzz=   -0.6670    axis=( -0.992208 -0.124556 -0.003160)
     C   16  Q=         1.0000 1e-30 m^2  Cq=        -1.5673 MHz  eta= 0.92315

     C   17    Vxx=   -0.0679    axis=( -0.759646 -0.280198  0.586879)
     C   17    Vyy=   -0.5983    axis=( -0.357154 -0.574413 -0.736540)
     C   17    Vzz=    0.6662    axis=(  0.543488 -0.769115  0.336277)
     C   17  Q=         1.0000 1e-30 m^2  Cq=         1.5653 MHz  eta= 0.79608

     Cl  18    Vxx=   -1.0690    axis=(  0.843678  0.449881 -0.292943)
     Cl  18    Vyy=   -1.7083    axis=(  0.238659  0.174483  0.955300)
     Cl  18    Vzz=    2.7773    axis=(  0.480884 -0.875879  0.039839)
     Cl  18  Q=        -8.1650 1e-30 m^2  Cq=       -53.2809 MHz  eta= 0.23016

     H   19    Vxx=    0.0030    axis=( -0.179146  0.810393  0.557826)
     H   19    Vyy=    0.1179    axis=( -0.161503 -0.583531  0.795869)
     H   19    Vzz=   -0.1208    axis=(  0.970476  0.052486  0.235418)
     H   19  Q=         1.0000 1e-30 m^2  Cq=        -0.2839 MHz  eta= 0.95112

     C   20    Vxx=   -0.0149    axis=( -0.368405  0.456839  0.809676)
     C   20    Vyy=   -1.1070    axis=(  0.928241  0.228957  0.293169)
     C   20    Vzz=    1.1220    axis=( -0.051450  0.859579 -0.508405)
     C   20  Q=         1.0000 1e-30 m^2  Cq=         2.6362 MHz  eta= 0.97336

     H   21    Vxx=    0.0760    axis=( -0.091698  0.598752  0.795668)
     H   21    Vyy=    0.5002    axis=(  0.834349 -0.389959  0.389606)
     H   21    Vzz=   -0.5763    axis=(  0.543555  0.699591 -0.463810)
     H   21  Q=         1.0000 1e-30 m^2  Cq=        -1.3540 MHz  eta= 0.73609

     C   22    Vxx=   -0.1291    axis=(  0.517348  0.728925 -0.448351)
     C   22    Vyy=   -0.1722    axis=( -0.183934  0.606381  0.773609)
     C   22    Vzz=    0.3014    axis=( -0.835775  0.317758 -0.447784)
     C   22  Q=         1.0000 1e-30 m^2  Cq=         0.7081 MHz  eta= 0.14316

     C   23    Vxx=   -0.1606    axis=( -0.440179  0.419406  0.793940)
     C   23    Vyy=   -0.8288    axis=(  0.885302  0.350370  0.305746)
     C   23    Vzz=    0.9894    axis=( -0.149941  0.837460 -0.525527)
     C   23  Q=         1.0000 1e-30 m^2  Cq=         2.3247 MHz  eta= 0.67534

     Cl  24    Vxx=    0.2716    axis=(  0.928884 -0.003912  0.370351)
     Cl  24    Vyy=    2.2774    axis=(  0.171307  0.891094 -0.420245)
     Cl  24    Vzz=   -2.5491    axis=( -0.328374  0.453802  0.828392)
     Cl  24  Q=        -8.1650 1e-30 m^2  Cq=        48.9025 MHz  eta= 0.78689

     Initialization:
     gipaw_setup  :      9.06s CPU     10.91s WALL (       1 calls)

     Linear response

     Apply operators

     Induced current

     Other routines
     efg          :      9.20s CPU     11.23s WALL (       1 calls)

     General routines
     calbec       :      3.25s CPU      4.17s WALL (      16 calls)
     fft          :      1.64s CPU      2.48s WALL (      15 calls)
     ffts         :      0.03s CPU      0.04s WALL (       2 calls)
     fftw         :      3.18s CPU      3.72s WALL (     672 calls)
     davcio       :      0.03s CPU      0.33s WALL (      32 calls)

     Parallel routines
     fft_scatter  :      2.23s CPU      3.43s WALL (     689 calls)

     Plugins

     GIPAW        :     60.27s CPU     71.51s WALL (       1 calls)
