
     Program QE v.6.0 (svn rev. 13079) starts on 18Jan2017 at 13:35:52 

     This program is part of the open-source Quantum ESPRESSO suite
     for quantum simulation of materials; please cite
         "P. Giannozzi et al., J. Phys.:Condens. Matter 21 395502 (2009);
          URL http://www.quantum-espresso.org", 
     in publications or presentations arising from this work. More details at
     http://www.quantum-espresso.org/quote

     Parallel version (MPI), running on     8 processors
     R & G space division:  proc/nbgrp/npool/nimage =       8

     ***** This is GIPAW svn revision unknown      *****

     Parallelizing q-star over 1 images

     Reading data from directory:
     /users/majewski/paradichlorobenzene/pbe/9_constraint/scratch/pbe.ecut100.np8.dt60.pcl2phi-129368.save
     Message from routine read_xml_file:
     file /users/majewski/paradichlorobenzene/pbe/9_constraint/scratch/pbe.ecut100.np8.dt60.pcl2phi-129368.save not guaranteed to be safe for post-processing

   Info: using nr1, nr2, nr3 values from input

   Info: using nr1, nr2, nr3 values from input

     IMPORTANT: XC functional enforced from input :
     Exchange-correlation      =  SLA  PW   PBX  PBC ( 1  4  3  4 0 0)
     Any further DFT definition will be discarded
     Please, verify this is what you really want

               file C.pbe-n-kjpaw_psl.1.0.0.UPF: wavefunction(s)  2S 2P renormalized
               file Cl.pbe-n-kjpaw_psl.1.0.0.UPF: wavefunction(s)  3S 3P renormalized
               file H.pbe-kjpaw_psl.1.0.0.UPF: wavefunction(s)  1S renormalized

     Parallelization info
     --------------------
     sticks:   dense  smooth     PW     G-vecs:    dense   smooth      PW
     Min        3057    1223    332               144436    36536    5170
     Max        3059    1225    333               144437    36537    5171
     Sum       24467    9791   2657              1155489   292295   41363


     Subspace diagonalization in iterative solution of the eigenvalue problem:
     a serial algorithm will be used

     GIPAW projectors -----------------------------------------------
     atom=  C    l=0  rc=    1.2000  rs=    0.8000
     atom=  C    l=0  rc=    1.2000  rs=    0.8000
     atom=  C    l=1  rc=    1.4000  rs=    0.9333
     atom=  C    l=1  rc=    1.4000  rs=    0.9333
     projs nearly linearly dependent: l=1  n1,n2= 1, 2  s=  0.99951561

     atom=  Cl   l=0  rc=    1.6000  rs=    1.0667
     atom=  Cl   l=0  rc=    1.6000  rs=    1.0667
     atom=  Cl   l=1  rc=    1.6000  rs=    1.0667
     atom=  Cl   l=1  rc=    1.6000  rs=    1.0667
     atom=  Cl   l=2  rc=    1.6000  rs=    1.0667
     atom=  Cl   l=2  rc=    1.6000  rs=    1.0667
     projs nearly linearly dependent: l=2  n1,n2= 1, 2  s=  0.99993509

     atom=  H    l=0  rc=    1.0000  rs=    0.6667
     atom=  H    l=0  rc=    1.0000  rs=    0.6667
     projs nearly linearly dependent: l=0  n1,n2= 1, 2  s=  0.99968852
     -----------------------------------------------------------------

     GIPAW integrals: -------------------------------------------
     Atom  i/j   nmr_para   nmr_dia   epr_rmc  epr_para   epr_dia
       C   1 1   0.83E+03  0.17E-01  0.93E+01  0.24E+08  0.24E+03
       C   2 1   0.86E+03 -0.61E-01  0.94E+01  0.25E+08  0.25E+03
       C   2 2   0.90E+03 -0.15E+00  0.97E+01  0.26E+08  0.26E+03
       C   3 3   0.33E+01  0.34E+00  0.18E+01  0.55E+03  0.21E+02
       C   4 3   0.35E+01  0.37E+00  0.20E+01  0.59E+03  0.22E+02
       C   4 4   0.38E+01  0.39E+00  0.22E+01  0.63E+03  0.24E+02
       Cl  1 1   0.14E+04 -0.47E+00  0.84E+01  0.32E+09  0.42E+03
       Cl  2 1   0.21E+04 -0.37E+00  0.12E+02  0.49E+09  0.65E+03
       Cl  2 2   0.33E+04 -0.16E+00  0.21E+02  0.76E+09  0.10E+04
       Cl  3 3   0.21E+02  0.79E-01  0.89E+01  0.23E+05  0.13E+03
       Cl  4 3   0.24E+02  0.67E-01  0.99E+01  0.27E+05  0.15E+03
       Cl  4 4   0.28E+02  0.44E-01  0.11E+02  0.32E+05  0.18E+03
       Cl  5 5   0.77E+00  0.19E+00  0.18E+01  0.12E+03  0.22E+02
       Cl  6 5   0.80E+00  0.19E+00  0.19E+01  0.12E+03  0.23E+02
       Cl  6 6   0.83E+00  0.20E+00  0.19E+01  0.12E+03  0.23E+02
       H   1 1   0.39E+02  0.19E+00  0.29E+00  0.78E+05  0.13E+02
       H   2 1   0.41E+02  0.21E+00  0.32E+00  0.82E+05  0.14E+02
       H   2 2   0.43E+02  0.22E+00  0.36E+00  0.86E+05  0.15E+02
     ------------------------------------------------------------

     alpha_pv=     34.1595 eV

     Number of occupied bands for each k-point:
     k-point:     1    nbnd_occ=  42
     k-point:     2    nbnd_occ=  42
     k-point:     3    nbnd_occ=  42
     k-point:     4    nbnd_occ=  42
     k-point:     5    nbnd_occ=  42
     k-point:     6    nbnd_occ=  42
     k-point:     7    nbnd_occ=  42
     k-point:     8    nbnd_occ=  42
     k-point:     9    nbnd_occ=  42
     k-point:    10    nbnd_occ=  42
     k-point:    11    nbnd_occ=  42
     k-point:    12    nbnd_occ=  42
     k-point:    13    nbnd_occ=  42
     k-point:    14    nbnd_occ=  42
     k-point:    15    nbnd_occ=  42
     k-point:    16    nbnd_occ=  42


     q-space interpolation up to   110.00 Rydberg

     GIPAW job: efg                                                                             


     ELECTRIC FIELD GRADIENTS TENSORS IN Hartree/bohrradius^2:

     ----- bare term -----
     Cl   1       -0.126227        0.190982       -0.008798
     Cl   1        0.190982       -0.021230       -0.004195
     Cl   1       -0.008798       -0.004195        0.147456

     C    2       -0.033130       -0.007941       -0.473108
     C    2       -0.007941       -0.292682       -0.439816
     C    2       -0.473108       -0.439816        0.325812

     C    3        0.023285        0.443211       -0.177016
     C    3        0.443211       -0.272136       -0.230808
     C    3       -0.177016       -0.230808        0.248851

     H    4        0.133650       -0.093400       -0.227036
     H    4       -0.093400        0.449734        0.091770
     H    4       -0.227036        0.091770       -0.583384

     C    5       -0.117471        0.028621       -0.555126
     C    5        0.028621       -0.031947       -0.410631
     C    5       -0.555126       -0.410631        0.149418

     H    6        0.112238        0.093802        0.281370
     H    6        0.093802       -0.109738       -0.505188
     H    6        0.281370       -0.505188       -0.002500

     H    7        0.173434        0.209647       -0.169906
     H    7        0.209647       -0.354892        0.490624
     H    7       -0.169906        0.490624        0.181458

     C    8       -0.390092       -0.293882       -0.241530
     C    8       -0.293882       -0.107897        0.457231
     C    8       -0.241530        0.457231        0.497989

     H    9       -0.264031        0.037874       -0.551682
     H    9        0.037874        0.172189        0.013646
     H    9       -0.551682        0.013646        0.091842

     C   10       -0.053527       -0.423902       -0.196462
     C   10       -0.423902       -0.257702        0.576607
     C   10       -0.196462        0.576607        0.311229

     C   11       -0.086350       -0.119371       -0.584907
     C   11       -0.119371       -0.042208        0.466690
     C   11       -0.584907        0.466690        0.128558

     Cl  12       -0.034816       -0.212993       -0.139807
     Cl  12       -0.212993       -0.012562        0.113420
     Cl  12       -0.139807        0.113420        0.047379

     H   13        0.478286       -0.006047       -0.078379
     H   13       -0.006047       -0.724581       -0.009420
     H   13       -0.078379       -0.009420        0.246295

     C   14       -0.335094        0.246555       -0.348578
     C   14        0.246555       -0.115740       -0.443682
     C   14       -0.348578       -0.443682        0.450834

     H   15       -0.311826       -0.298118       -0.494359
     H   15       -0.298118        0.220564       -0.281641
     H   15       -0.494359       -0.281641        0.091262

     C   16       -0.404446        0.349595       -0.292878
     C   16        0.349595       -0.000326       -0.398596
     C   16       -0.292878       -0.398596        0.404772

     C   17       -0.096024        0.213327       -0.175727
     C   17        0.213327       -0.329261       -0.489438
     C   17       -0.175727       -0.489438        0.425285

     Cl  18       -0.090000        0.022340       -0.092350
     Cl  18        0.022340       -0.034075       -0.127376
     Cl  18       -0.092350       -0.127376        0.124074

     H   19        0.234915        0.361196        0.058360
     H   19        0.361196       -0.548514        0.238265
     H   19        0.058360        0.238265        0.313599

     C   20       -0.136849       -0.449217       -0.333546
     C   20       -0.449217       -0.296200        0.303551
     C   20       -0.333546        0.303551        0.433049

     H   21       -0.408196       -0.008195       -0.528740
     H   21       -0.008195        0.259954        0.074461
     H   21       -0.528740        0.074461        0.148242

     C   22       -0.071558       -0.107545       -0.385610
     C   22       -0.107545       -0.308462        0.512364
     C   22       -0.385610        0.512364        0.380020

     C   23       -0.327741       -0.195883       -0.379816
     C   23       -0.195883       -0.120767        0.405157
     C   23       -0.379816        0.405157        0.448508

     Cl  24       -0.019507       -0.058456       -0.009317
     Cl  24       -0.058456        0.121504       -0.025482
     Cl  24       -0.009317       -0.025482       -0.101998

     ----- ionic term -----
     Cl   1        0.196839       -0.216306        0.053468
     Cl   1       -0.216306       -0.048577       -0.016024
     Cl   1        0.053468       -0.016024       -0.148263

     C    2        0.186535       -0.201896        0.328538
     C    2       -0.201896        0.092968        0.429044
     C    2        0.328538        0.429044       -0.279503

     C    3        0.006072       -0.340598        0.278140
     C    3       -0.340598        0.223869        0.354979
     C    3        0.278140        0.354979       -0.229941

     H    4        0.323507        0.138129        0.824820
     H    4        0.138129       -0.483413        0.227743
     H    4        0.824820        0.227743        0.159906

     C    5        0.139676       -0.232406        0.405482
     C    5       -0.232406        0.072901        0.258925
     C    5        0.405482        0.258925       -0.212577

     H    6       -0.538702        0.001153        0.035027
     H    6        0.001153        0.587348        0.725932
     H    6        0.035027        0.725932       -0.048646

     H    7       -0.453264       -0.294639        0.124677
     H    7       -0.294639        0.816446       -0.517790
     H    7        0.124677       -0.517790       -0.363182

     C    8        0.258403        0.208284        0.218995
     C    8        0.208284        0.116272       -0.275970
     C    8        0.218995       -0.275970       -0.374675

     H    9        0.643815       -0.220575        0.721048
     H    9       -0.220575       -0.459220       -0.218686
     H    9        0.721048       -0.218686       -0.184595

     C   10        0.135865        0.239061        0.171632
     C   10        0.239061        0.250446       -0.416265
     C   10        0.171632       -0.416265       -0.386311

     C   11        0.193054        0.146398        0.317596
     C   11        0.146398        0.157731       -0.380906
     C   11        0.317596       -0.380906       -0.350785

     Cl  12        0.124447        0.215071        0.013000
     Cl  12        0.215071        0.022842        0.001157
     Cl  12        0.013000        0.001157       -0.147289

     H   13       -0.513248       -0.048209       -0.035584
     H   13       -0.048209        0.754625        0.634359
     H   13       -0.035584        0.634359       -0.241377

     C   14        0.212646       -0.213147        0.339596
     C   14       -0.213147        0.122254        0.260780
     C   14        0.339596        0.260780       -0.334901

     H   15        0.497163        0.276758        0.739339
     H   15        0.276758       -0.411608        0.240599
     H   15        0.739339        0.240599       -0.085555

     C   16        0.117253       -0.267904        0.278665
     C   16       -0.267904        0.250317        0.277490
     C   16        0.278665        0.277490       -0.367570

     C   17        0.057569       -0.198705        0.384415
     C   17       -0.198705        0.209059        0.314569
     C   17        0.384415        0.314569       -0.266628

     Cl  18        0.097947       -0.195472        0.049639
     Cl  18       -0.195472        0.048920       -0.031152
     Cl  18        0.049639       -0.031152       -0.146866

     H   19       -0.516369       -0.082324        0.047040
     H   19       -0.082324        0.715651       -0.663518
     H   19        0.047040       -0.663518       -0.199282

     C   20        0.263942        0.232894        0.292991
     C   20        0.232894        0.100472       -0.277777
     C   20        0.292991       -0.277777       -0.364414

     H   21        0.444410       -0.129876        0.803748
     H   21       -0.129876       -0.505750       -0.179082
     H   21        0.803748       -0.179082        0.061340

     C   22        0.090037        0.304682        0.231090
     C   22        0.304682        0.199553       -0.364506
     C   22        0.231090       -0.364506       -0.289589

     C   23        0.116990        0.234460        0.273200
     C   23        0.234460        0.186925       -0.347005
     C   23        0.273200       -0.347005       -0.303916

     Cl  24        0.081005        0.207574        0.017963
     Cl  24        0.207574        0.074983        0.012811
     Cl  24        0.017963        0.012811       -0.155988

     ----- GIPAW term -----
     Cl   1       -0.981340       -0.948975       -0.609093
     Cl   1       -0.948975       -1.327863        0.667878
     Cl   1       -0.609093        0.667878        2.309202

     C    2       -0.002799       -0.037379       -0.195246
     C    2       -0.037379       -0.126706       -0.119537
     C    2       -0.195246       -0.119537        0.129505

     C    3        0.062050        0.091433       -0.147985
     C    3        0.091433       -0.104824       -0.052346
     C    3       -0.147985       -0.052346        0.042773

     H    4       -0.000000        0.000000        0.000000
     H    4        0.000000        0.000000        0.000000
     H    4        0.000000        0.000000        0.000000

     C    5        0.197570        0.023488       -0.159398
     C    5        0.023488       -0.118568       -0.076914
     C    5       -0.159398       -0.076914       -0.079002

     H    6       -0.000000        0.000000        0.000000
     H    6        0.000000        0.000000        0.000000
     H    6        0.000000        0.000000        0.000000

     H    7       -0.000000        0.000000        0.000000
     H    7        0.000000        0.000000        0.000000
     H    7        0.000000        0.000000        0.000000

     C    8       -0.131501       -0.052577       -0.046849
     C    8       -0.052577       -0.079030        0.188448
     C    8       -0.046849        0.188448        0.210531

     H    9       -0.000000        0.000000        0.000000
     H    9        0.000000        0.000000        0.000000
     H    9        0.000000        0.000000        0.000000

     C   10       -0.018573       -0.138089       -0.061860
     C   10       -0.138089        0.020995        0.128498
     C   10       -0.061860        0.128498       -0.002422

     C   11        0.097533       -0.055065       -0.203086
     C   11       -0.055065       -0.005186        0.148491
     C   11       -0.203086        0.148491       -0.092348

     Cl  12        1.199167        0.296780       -1.350978
     Cl  12        0.296780        0.092622        1.198350
     Cl  12       -1.350978        1.198350       -1.291789

     H   13       -0.000000        0.000000        0.000000
     H   13        0.000000        0.000000        0.000000
     H   13        0.000000        0.000000        0.000000

     C   14       -0.091699        0.100264       -0.125575
     C   14        0.100264       -0.026675       -0.212402
     C   14       -0.125575       -0.212402        0.118374

     H   15       -0.000000        0.000000        0.000000
     H   15        0.000000        0.000000        0.000000
     H   15        0.000000        0.000000        0.000000

     C   16       -0.128184        0.082029       -0.076460
     C   16        0.082029        0.100473       -0.068652
     C   16       -0.076460       -0.068652        0.027711

     C   17        0.058052       -0.084936        0.043861
     C   17       -0.084936       -0.102771       -0.072812
     C   17        0.043861       -0.072812        0.044720

     Cl  18       -0.285535       -1.486927       -0.701103
     Cl  18       -1.486927       -0.108647       -2.002152
     Cl  18       -0.701103       -2.002152        0.394183

     H   19       -0.000000        0.000000        0.000000
     H   19        0.000000        0.000000        0.000000
     H   19        0.000000        0.000000        0.000000

     C   20        0.130110       -0.129870       -0.163577
     C   20       -0.129870       -0.149899        0.077707
     C   20       -0.163577        0.077707        0.019789

     H   21       -0.000000        0.000000        0.000000
     H   21        0.000000        0.000000        0.000000
     H   21        0.000000        0.000000        0.000000

     C   22        0.015528        0.021521       -0.179784
     C   22        0.021521       -0.092496        0.064708
     C   22       -0.179784        0.064708        0.076968

     C   23        0.012148        0.083104       -0.166624
     C   23        0.083104       -0.082475        0.047035
     C   23       -0.166624        0.047035        0.070327

     Cl  24        1.018378        1.512507       -0.045701
     Cl  24        1.512507        1.237633       -0.182884
     Cl  24       -0.045701       -0.182884       -2.256011

     ----- total EFG -----
     Cl   1       -0.910727       -0.974299       -0.564422
     Cl   1       -0.974299       -1.397669        0.647659
     Cl   1       -0.564422        0.647659        2.308396

     C    2        0.150607       -0.247215       -0.339817
     C    2       -0.247215       -0.326421       -0.130310
     C    2       -0.339817       -0.130310        0.175814

     C    3        0.091407        0.194046       -0.046861
     C    3        0.194046       -0.153091        0.071826
     C    3       -0.046861        0.071826        0.061684

     H    4        0.457157        0.044729        0.597784
     H    4        0.044729       -0.033679        0.319513
     H    4        0.597784        0.319513       -0.423478

     C    5        0.219776       -0.180297       -0.309042
     C    5       -0.180297       -0.077614       -0.228620
     C    5       -0.309042       -0.228620       -0.142161

     H    6       -0.426464        0.094955        0.316398
     H    6        0.094955        0.477610        0.220744
     H    6        0.316398        0.220744       -0.051146

     H    7       -0.279830       -0.084991       -0.045229
     H    7       -0.084991        0.461554       -0.027166
     H    7       -0.045229       -0.027166       -0.181724

     C    8       -0.263190       -0.138174       -0.069384
     C    8       -0.138174       -0.070655        0.369709
     C    8       -0.069384        0.369709        0.333845

     H    9        0.379784       -0.182701        0.169367
     H    9       -0.182701       -0.287032       -0.205040
     H    9        0.169367       -0.205040       -0.092752

     C   10        0.063765       -0.322929       -0.086690
     C   10       -0.322929        0.013739        0.288840
     C   10       -0.086690        0.288840       -0.077504

     C   11        0.204237       -0.028039       -0.470397
     C   11       -0.028039        0.110337        0.234276
     C   11       -0.470397        0.234276       -0.314574

     Cl  12        1.288797        0.298857       -1.477785
     Cl  12        0.298857        0.102902        1.312928
     Cl  12       -1.477785        1.312928       -1.391699

     H   13       -0.034961       -0.054256       -0.113962
     H   13       -0.054256        0.030044        0.624938
     H   13       -0.113962        0.624938        0.004917

     C   14       -0.214147        0.133672       -0.134557
     C   14        0.133672       -0.020161       -0.395304
     C   14       -0.134557       -0.395304        0.234307

     H   15        0.185338       -0.021359        0.244980
     H   15       -0.021359       -0.191044       -0.041043
     H   15        0.244980       -0.041043        0.005706

     C   16       -0.415377        0.163720       -0.090673
     C   16        0.163720        0.350464       -0.189757
     C   16       -0.090673       -0.189757        0.064913

     C   17        0.019597       -0.070315        0.252549
     C   17       -0.070315       -0.222974       -0.247681
     C   17        0.252549       -0.247681        0.203377

     Cl  18       -0.277588       -1.660059       -0.743814
     Cl  18       -1.660059       -0.093802       -2.160680
     Cl  18       -0.743814       -2.160680        0.371390

     H   19       -0.281454        0.278872        0.105400
     H   19        0.278872        0.167136       -0.425253
     H   19        0.105400       -0.425253        0.114318

     C   20        0.257203       -0.346193       -0.204132
     C   20       -0.346193       -0.345626        0.103480
     C   20       -0.204132        0.103480        0.088424

     H   21        0.036215       -0.138071        0.275008
     H   21       -0.138071       -0.245797       -0.104621
     H   21        0.275008       -0.104621        0.209582

     C   22        0.034007        0.218658       -0.334304
     C   22        0.218658       -0.201405        0.212565
     C   22       -0.334304        0.212565        0.167398

     C   23       -0.198603        0.121681       -0.273239
     C   23        0.121681       -0.016316        0.105187
     C   23       -0.273239        0.105187        0.214920

     Cl  24        1.079876        1.661624       -0.037055
     Cl  24        1.661624        1.434121       -0.195555
     Cl  24       -0.037055       -0.195555       -2.513996

     ----- total EFG (symmetrized) -----
     Cl   1       -0.910727       -0.974299       -0.564422
     Cl   1       -0.974299       -1.397669        0.647659
     Cl   1       -0.564422        0.647659        2.308396

     C    2        0.150607       -0.247215       -0.339817
     C    2       -0.247215       -0.326421       -0.130310
     C    2       -0.339817       -0.130310        0.175814

     C    3        0.091407        0.194046       -0.046861
     C    3        0.194046       -0.153091        0.071826
     C    3       -0.046861        0.071826        0.061684

     H    4        0.457157        0.044729        0.597784
     H    4        0.044729       -0.033679        0.319513
     H    4        0.597784        0.319513       -0.423478

     C    5        0.219776       -0.180297       -0.309042
     C    5       -0.180297       -0.077614       -0.228620
     C    5       -0.309042       -0.228620       -0.142161

     H    6       -0.426464        0.094955        0.316398
     H    6        0.094955        0.477610        0.220744
     H    6        0.316398        0.220744       -0.051146

     H    7       -0.279830       -0.084991       -0.045229
     H    7       -0.084991        0.461554       -0.027166
     H    7       -0.045229       -0.027166       -0.181724

     C    8       -0.263190       -0.138174       -0.069384
     C    8       -0.138174       -0.070655        0.369709
     C    8       -0.069384        0.369709        0.333845

     H    9        0.379784       -0.182701        0.169367
     H    9       -0.182701       -0.287032       -0.205040
     H    9        0.169367       -0.205040       -0.092752

     C   10        0.063765       -0.322929       -0.086690
     C   10       -0.322929        0.013739        0.288840
     C   10       -0.086690        0.288840       -0.077504

     C   11        0.204237       -0.028039       -0.470397
     C   11       -0.028039        0.110337        0.234276
     C   11       -0.470397        0.234276       -0.314574

     Cl  12        1.288797        0.298857       -1.477785
     Cl  12        0.298857        0.102902        1.312928
     Cl  12       -1.477785        1.312928       -1.391699

     H   13       -0.034961       -0.054256       -0.113962
     H   13       -0.054256        0.030044        0.624938
     H   13       -0.113962        0.624938        0.004917

     C   14       -0.214147        0.133672       -0.134557
     C   14        0.133672       -0.020161       -0.395304
     C   14       -0.134557       -0.395304        0.234307

     H   15        0.185338       -0.021359        0.244980
     H   15       -0.021359       -0.191044       -0.041043
     H   15        0.244980       -0.041043        0.005706

     C   16       -0.415377        0.163720       -0.090673
     C   16        0.163720        0.350464       -0.189757
     C   16       -0.090673       -0.189757        0.064913

     C   17        0.019597       -0.070315        0.252549
     C   17       -0.070315       -0.222974       -0.247681
     C   17        0.252549       -0.247681        0.203377

     Cl  18       -0.277588       -1.660059       -0.743814
     Cl  18       -1.660059       -0.093802       -2.160680
     Cl  18       -0.743814       -2.160680        0.371390

     H   19       -0.281454        0.278872        0.105400
     H   19        0.278872        0.167136       -0.425253
     H   19        0.105400       -0.425253        0.114318

     C   20        0.257203       -0.346193       -0.204132
     C   20       -0.346193       -0.345626        0.103480
     C   20       -0.204132        0.103480        0.088424

     H   21        0.036215       -0.138071        0.275008
     H   21       -0.138071       -0.245797       -0.104621
     H   21        0.275008       -0.104621        0.209582

     C   22        0.034007        0.218658       -0.334304
     C   22        0.218658       -0.201405        0.212565
     C   22       -0.334304        0.212565        0.167398

     C   23       -0.198603        0.121681       -0.273239
     C   23        0.121681       -0.016316        0.105187
     C   23       -0.273239        0.105187        0.214920

     Cl  24        1.079876        1.661624       -0.037055
     Cl  24        1.661624        1.434121       -0.195555
     Cl  24       -0.037055       -0.195555       -2.513996


     NQR/NMR SPECTROSCOPIC PARAMETERS:
     Cl   1    Vxx=   -0.4102    axis=( -0.769778  0.566205 -0.294709)
     Cl   1    Vyy=   -2.1649    axis=(  0.601838  0.797638 -0.039547)
     Cl   1    Vzz=    2.5751    axis=( -0.212679  0.207810  0.954768)
     Cl   1  Q=        -8.1650 1e-30 m^2  Cq=       -49.4018 MHz  eta= 0.68143

     C    2    Vxx=    0.0225    axis=(  0.508902 -0.593443  0.623574)
     C    2    Vyy=    0.5115    axis=( -0.719002  0.105293  0.686986)
     C    2    Vzz=   -0.5340    axis=( -0.473345 -0.797959 -0.373103)
     C    2  Q=         1.0000 1e-30 m^2  Cq=        -1.2547 MHz  eta= 0.91572

     C    3    Vxx=    0.0827    axis=( -0.070497  0.237157  0.968910)
     C    3    Vyy=    0.1988    axis=(  0.878970  0.474025 -0.052072)
     C    3    Vzz=   -0.2815    axis=( -0.471637  0.847972 -0.241871)
     C    3  Q=         1.0000 1e-30 m^2  Cq=        -0.6614 MHz  eta= 0.41263

     H    4    Vxx=    0.0155    axis=(  0.350430 -0.917058 -0.190274)
     H    4    Vyy=    0.8022    axis=(  0.850791  0.226747  0.474067)
     H    4    Vzz=   -0.8177    axis=( -0.391603 -0.328011  0.859684)
     H    4  Q=         1.0000 1e-30 m^2  Cq=        -1.9212 MHz  eta= 0.96203

     C    5    Vxx=    0.1095    axis=(  0.168991 -0.823888  0.540973)
     C    5    Vyy=    0.4019    axis=( -0.883822  0.116257  0.453148)
     C    5    Vzz=   -0.5114    axis=( -0.436235 -0.554701 -0.708524)
     C    5  Q=         1.0000 1e-30 m^2  Cq=        -1.2016 MHz  eta= 0.57186

     H    6    Vxx=    0.0079    axis=(  0.458392 -0.452254  0.765077)
     H    6    Vyy=    0.5994    axis=(  0.206822  0.891494  0.403066)
     H    6    Vzz=   -0.6074    axis=( -0.864350 -0.026527  0.502190)
     H    6  Q=         1.0000 1e-30 m^2  Cq=        -1.4271 MHz  eta= 0.97387

     H    7    Vxx=   -0.1641    axis=( -0.358761 -0.008208  0.933394)
     H    7    Vyy=   -0.3078    axis=(  0.926892  0.115009  0.357273)
     H    7    Vzz=    0.4719    axis=( -0.110281  0.993331 -0.033653)
     H    7  Q=         1.0000 1e-30 m^2  Cq=         1.1088 MHz  eta= 0.30452

     C    8    Vxx=   -0.2042    axis=(  0.710705 -0.533667  0.458364)
     C    8    Vyy=   -0.3693    axis=( -0.686168 -0.669564  0.284357)
     C    8    Vzz=    0.5735    axis=( -0.155152  0.516608  0.842047)
     C    8  Q=         1.0000 1e-30 m^2  Cq=         1.3474 MHz  eta= 0.28788

     H    9    Vxx=   -0.0847    axis=( -0.449214 -0.402554  0.797595)
     H    9    Vyy=   -0.4228    axis=(  0.093818  0.866549  0.490195)
     H    9    Vzz=    0.5075    axis=(  0.888485 -0.295031  0.351499)
     H    9  Q=         1.0000 1e-30 m^2  Cq=         1.1923 MHz  eta= 0.66635

     C   10    Vxx=   -0.0984    axis=(  0.687989  0.155186  0.708935)
     C   10    Vyy=   -0.3902    axis=( -0.408984 -0.724062  0.555397)
     C   10    Vzz=    0.4886    axis=( -0.599503  0.672050  0.434678)
     C   10  Q=         1.0000 1e-30 m^2  Cq=         1.1481 MHz  eta= 0.59722

     C   11    Vxx=    0.1061    axis=(  0.421124  0.906371  0.033865)
     C   11    Vyy=    0.5343    axis=(  0.778673 -0.342141 -0.525936)
     C   11    Vzz=   -0.6403    axis=( -0.465106  0.247854 -0.849850)
     C   11  Q=         1.0000 1e-30 m^2  Cq=        -1.5045 MHz  eta= 0.66873

     Cl  12    Vxx=    0.6882    axis=(  0.340038  0.885287  0.317238)
     Cl  12    Vyy=    1.9896    axis=( -0.875482  0.174832  0.450516)
     Cl  12    Vzz=   -2.6777    axis=(  0.343373 -0.430929  0.834503)
     Cl  12  Q=        -8.1650 1e-30 m^2  Cq=        51.3712 MHz  eta= 0.48601

     H   13    Vxx=   -0.0518    axis=( -0.982834 -0.173546 -0.062599)
     H   13    Vyy=   -0.6109    axis=(  0.076641 -0.692712  0.717131)
     H   13    Vzz=    0.6627    axis=(  0.167818 -0.700023 -0.694122)
     H   13  Q=         1.0000 1e-30 m^2  Cq=         1.5571 MHz  eta= 0.84367

     C   14    Vxx=   -0.2464    axis=(  0.884996  0.206347  0.417377)
     C   14    Vyy=   -0.3209    axis=( -0.402803  0.788923  0.464058)
     C   14    Vzz=    0.5674    axis=( -0.233521 -0.578810  0.781311)
     C   14  Q=         1.0000 1e-30 m^2  Cq=         1.3331 MHz  eta= 0.13130

     H   15    Vxx=   -0.1540    axis=(  0.536205  0.468834 -0.701911)
     H   15    Vyy=   -0.2055    axis=(  0.216658 -0.880147 -0.422375)
     H   15    Vzz=    0.3595    axis=( -0.815808  0.074405 -0.573516)
     H   15  Q=         1.0000 1e-30 m^2  Cq=         0.8447 MHz  eta= 0.14313

     C   16    Vxx=   -0.0296    axis=( -0.017470  0.452601  0.891542)
     C   16    Vyy=   -0.4544    axis=( -0.978906  0.173800 -0.107413)
     C   16    Vzz=    0.4840    axis=( -0.203565 -0.874612  0.440017)
     C   16  Q=         1.0000 1e-30 m^2  Cq=         1.1373 MHz  eta= 0.87752

     C   17    Vxx=   -0.1242    axis=( -0.850573 -0.358729  0.384498)
     C   17    Vyy=   -0.3431    axis=(  0.156178 -0.870522 -0.466690)
     C   17    Vzz=    0.4674    axis=(  0.502130 -0.336904  0.796468)
     C   17  Q=         1.0000 1e-30 m^2  Cq=         1.0981 MHz  eta= 0.46841

     Cl  18    Vxx=    0.6527    axis=(  0.809052 -0.206896 -0.550117)
     Cl  18    Vyy=    2.4611    axis=(  0.257900 -0.716095  0.648610)
     Cl  18    Vzz=   -3.1138    axis=(  0.528131  0.666635  0.526000)
     Cl  18  Q=        -8.1650 1e-30 m^2  Cq=        59.7370 MHz  eta= 0.58078

     H   19    Vxx=   -0.0297    axis=( -0.682691 -0.380494 -0.623825)
     H   19    Vyy=   -0.5589    axis=( -0.712106  0.537847  0.451250)
     H   19    Vzz=    0.5886    axis=(  0.163825  0.752293 -0.638135)
     H   19  Q=         1.0000 1e-30 m^2  Cq=         1.3829 MHz  eta= 0.89903

     C   20    Vxx=   -0.0292    axis=(  0.424120 -0.173306  0.888869)
     C   20    Vyy=   -0.5034    axis=( -0.410201 -0.911819  0.017945)
     C   20    Vzz=    0.5326    axis=(  0.807377 -0.372226 -0.457811)
     C   20  Q=         1.0000 1e-30 m^2  Cq=         1.2513 MHz  eta= 0.89052

     H   21    Vxx=   -0.1487    axis=( -0.704583  0.318921  0.633919)
     H   21    Vyy=   -0.3023    axis=( -0.394222 -0.918701  0.024026)
     H   21    Vzz=    0.4510    axis=(  0.590044 -0.232977  0.773026)
     H   21  Q=         1.0000 1e-30 m^2  Cq=         1.0597 MHz  eta= 0.34054

     C   22    Vxx=    0.0827    axis=(  0.562173  0.727257  0.393774)
     C   22    Vyy=    0.4429    axis=( -0.615881  0.050376  0.786227)
     C   22    Vzz=   -0.5256    axis=(  0.551953 -0.684514  0.476224)
     C   22  Q=         1.0000 1e-30 m^2  Cq=        -1.2350 MHz  eta= 0.68527

     C   23    Vxx=    0.0428    axis=(  0.392355  0.917721  0.062023)
     C   23    Vyy=    0.3556    axis=(  0.418197 -0.117921 -0.900670)
     C   23    Vzz=   -0.3984    axis=( -0.819249  0.379320 -0.430055)
     C   23  Q=         1.0000 1e-30 m^2  Cq=        -0.9360 MHz  eta= 0.78505

     Cl  24    Vxx=   -0.4090    axis=(  0.744414 -0.665936  0.048761)
     Cl  24    Vyy=   -2.5244    axis=(  0.015466 -0.055811 -0.998322)
     Cl  24    Vzz=    2.9334    axis=(  0.667539  0.743919 -0.031247)
     Cl  24  Q=        -8.1650 1e-30 m^2  Cq=       -56.2750 MHz  eta= 0.72114

     Initialization:
     gipaw_setup  :      9.26s CPU     10.95s WALL (       1 calls)

     Linear response

     Apply operators

     Induced current

     Other routines
     efg          :      9.09s CPU     12.43s WALL (       1 calls)

     General routines
     calbec       :      3.10s CPU      5.13s WALL (      16 calls)
     fft          :      1.75s CPU      2.70s WALL (      15 calls)
     ffts         :      0.05s CPU      0.05s WALL (       2 calls)
     fftw         :      3.30s CPU      3.93s WALL (     672 calls)
     davcio       :      0.02s CPU      0.32s WALL (      32 calls)

     Parallel routines
     fft_scatter  :      2.42s CPU      3.84s WALL (     689 calls)

     Plugins

     GIPAW        :     60.40s CPU     72.80s WALL (       1 calls)
