
     Program QE v.6.0 (svn rev. 13079) starts on 11Jan2017 at  0:37:18 

     This program is part of the open-source Quantum ESPRESSO suite
     for quantum simulation of materials; please cite
         "P. Giannozzi et al., J. Phys.:Condens. Matter 21 395502 (2009);
          URL http://www.quantum-espresso.org", 
     in publications or presentations arising from this work. More details at
     http://www.quantum-espresso.org/quote

     Parallel version (MPI), running on     8 processors
     R & G space division:  proc/nbgrp/npool/nimage =       8

     ***** This is GIPAW svn revision unknown      *****

     Parallelizing q-star over 1 images

     Reading data from directory:
     /users/majewski/paradichlorobenzene/pbe/9_constraint/scratch/pbe.ecut100.np8.dt60.pcl2phi-129368.save
     Message from routine read_xml_file:
     file /users/majewski/paradichlorobenzene/pbe/9_constraint/scratch/pbe.ecut100.np8.dt60.pcl2phi-129368.save not guaranteed to be safe for post-processing

   Info: using nr1, nr2, nr3 values from input

   Info: using nr1, nr2, nr3 values from input

     IMPORTANT: XC functional enforced from input :
     Exchange-correlation      =  SLA  PW   PBX  PBC ( 1  4  3  4 0 0)
     Any further DFT definition will be discarded
     Please, verify this is what you really want

               file C.pbe-n-kjpaw_psl.1.0.0.UPF: wavefunction(s)  2S 2P renormalized
               file Cl.pbe-n-kjpaw_psl.1.0.0.UPF: wavefunction(s)  3S 3P renormalized
               file H.pbe-kjpaw_psl.1.0.0.UPF: wavefunction(s)  1S renormalized

     Parallelization info
     --------------------
     sticks:   dense  smooth     PW     G-vecs:    dense   smooth      PW
     Min        3057    1223    332               144436    36536    5170
     Max        3059    1225    333               144437    36537    5171
     Sum       24467    9791   2657              1155489   292295   41363


     Subspace diagonalization in iterative solution of the eigenvalue problem:
     a serial algorithm will be used

     GIPAW projectors -----------------------------------------------
     atom=  C    l=0  rc=    1.2000  rs=    0.8000
     atom=  C    l=0  rc=    1.2000  rs=    0.8000
     atom=  C    l=1  rc=    1.4000  rs=    0.9333
     atom=  C    l=1  rc=    1.4000  rs=    0.9333
     projs nearly linearly dependent: l=1  n1,n2= 1, 2  s=  0.99951561

     atom=  Cl   l=0  rc=    1.6000  rs=    1.0667
     atom=  Cl   l=0  rc=    1.6000  rs=    1.0667
     atom=  Cl   l=1  rc=    1.6000  rs=    1.0667
     atom=  Cl   l=1  rc=    1.6000  rs=    1.0667
     atom=  Cl   l=2  rc=    1.6000  rs=    1.0667
     atom=  Cl   l=2  rc=    1.6000  rs=    1.0667
     projs nearly linearly dependent: l=2  n1,n2= 1, 2  s=  0.99993509

     atom=  H    l=0  rc=    1.0000  rs=    0.6667
     atom=  H    l=0  rc=    1.0000  rs=    0.6667
     projs nearly linearly dependent: l=0  n1,n2= 1, 2  s=  0.99968852
     -----------------------------------------------------------------

     GIPAW integrals: -------------------------------------------
     Atom  i/j   nmr_para   nmr_dia   epr_rmc  epr_para   epr_dia
       C   1 1   0.83E+03  0.17E-01  0.93E+01  0.24E+08  0.24E+03
       C   2 1   0.86E+03 -0.61E-01  0.94E+01  0.25E+08  0.25E+03
       C   2 2   0.90E+03 -0.15E+00  0.97E+01  0.26E+08  0.26E+03
       C   3 3   0.33E+01  0.34E+00  0.18E+01  0.55E+03  0.21E+02
       C   4 3   0.35E+01  0.37E+00  0.20E+01  0.59E+03  0.22E+02
       C   4 4   0.38E+01  0.39E+00  0.22E+01  0.63E+03  0.24E+02
       Cl  1 1   0.14E+04 -0.47E+00  0.84E+01  0.32E+09  0.42E+03
       Cl  2 1   0.21E+04 -0.37E+00  0.12E+02  0.49E+09  0.65E+03
       Cl  2 2   0.33E+04 -0.16E+00  0.21E+02  0.76E+09  0.10E+04
       Cl  3 3   0.21E+02  0.79E-01  0.89E+01  0.23E+05  0.13E+03
       Cl  4 3   0.24E+02  0.67E-01  0.99E+01  0.27E+05  0.15E+03
       Cl  4 4   0.28E+02  0.44E-01  0.11E+02  0.32E+05  0.18E+03
       Cl  5 5   0.77E+00  0.19E+00  0.18E+01  0.12E+03  0.22E+02
       Cl  6 5   0.80E+00  0.19E+00  0.19E+01  0.12E+03  0.23E+02
       Cl  6 6   0.83E+00  0.20E+00  0.19E+01  0.12E+03  0.23E+02
       H   1 1   0.39E+02  0.19E+00  0.29E+00  0.78E+05  0.13E+02
       H   2 1   0.41E+02  0.21E+00  0.32E+00  0.82E+05  0.14E+02
       H   2 2   0.43E+02  0.22E+00  0.36E+00  0.86E+05  0.15E+02
     ------------------------------------------------------------

     alpha_pv=     33.8452 eV

     Number of occupied bands for each k-point:
     k-point:     1    nbnd_occ=  42
     k-point:     2    nbnd_occ=  42
     k-point:     3    nbnd_occ=  42
     k-point:     4    nbnd_occ=  42
     k-point:     5    nbnd_occ=  42
     k-point:     6    nbnd_occ=  42
     k-point:     7    nbnd_occ=  42
     k-point:     8    nbnd_occ=  42
     k-point:     9    nbnd_occ=  42
     k-point:    10    nbnd_occ=  42
     k-point:    11    nbnd_occ=  42
     k-point:    12    nbnd_occ=  42
     k-point:    13    nbnd_occ=  42
     k-point:    14    nbnd_occ=  42
     k-point:    15    nbnd_occ=  42
     k-point:    16    nbnd_occ=  42


     q-space interpolation up to   110.00 Rydberg

     GIPAW job: efg                                                                             


     ELECTRIC FIELD GRADIENTS TENSORS IN Hartree/bohrradius^2:

     ----- bare term -----
     Cl   1       -0.034891        0.169456       -0.045484
     Cl   1        0.169456        0.034181       -0.032406
     Cl   1       -0.045484       -0.032406        0.000710

     C    2       -0.460067        0.309759       -0.420303
     C    2        0.309759        0.255492       -0.194186
     C    2       -0.420303       -0.194186        0.204576

     C    3        0.077635        0.437205       -0.081541
     C    3        0.437205       -0.159761       -0.599887
     C    3       -0.081541       -0.599887        0.082125

     H    4        0.091727       -0.088742       -0.387719
     H    4       -0.088742        0.254957        0.246008
     H    4       -0.387719        0.246008       -0.346684

     C    5       -0.618165        0.351770       -0.350044
     C    5        0.351770        0.254084       -0.347550
     C    5       -0.350044       -0.347550        0.364081

     H    6        0.480278       -0.051647        0.096362
     H    6       -0.051647       -0.168393       -0.367987
     H    6        0.096362       -0.367987       -0.311885

     H    7        0.403539        0.317803        0.127500
     H    7        0.317803       -0.616449       -0.158392
     H    7        0.127500       -0.158392        0.212910

     C    8       -0.447210       -0.103319       -0.309627
     C    8       -0.103319       -0.076043        0.268491
     C    8       -0.309627        0.268491        0.523253

     H    9       -0.270660        0.392459        0.201169
     H    9        0.392459        0.100147       -0.174667
     H    9        0.201169       -0.174667        0.170513

     C   10        0.039838       -0.226039        0.113079
     C   10       -0.226039       -0.277026        0.197107
     C   10        0.113079        0.197107        0.237188

     C   11       -0.532483        0.083323       -0.211640
     C   11        0.083323       -0.009793        0.313376
     C   11       -0.211640        0.313376        0.542277

     Cl  12       -0.175208       -0.078000       -0.001981
     Cl  12       -0.078000       -0.100487        0.076263
     Cl  12       -0.001981        0.076263        0.275695

     H   13        0.407326       -0.077953       -0.292996
     H   13       -0.077953        0.035199       -0.427281
     H   13       -0.292996       -0.427281       -0.442526

     C   14       -0.191561        0.314267       -0.053553
     C   14        0.314267       -0.394662       -0.363314
     C   14       -0.053553       -0.363314        0.586223

     H   15        0.103414       -0.072765       -0.440566
     H   15       -0.072765        0.444562        0.074497
     H   15       -0.440566        0.074497       -0.547976

     C   16       -0.401114        0.222788       -0.282759
     C   16        0.222788       -0.106493       -0.287794
     C   16       -0.282759       -0.287794        0.507608

     C   17       -0.114241        0.044551       -0.400835
     C   17        0.044551       -0.285909       -0.516174
     C   17       -0.400835       -0.516174        0.400150

     Cl  18       -0.085753        0.074473       -0.112404
     Cl  18        0.074473       -0.021754       -0.129363
     Cl  18       -0.112404       -0.129363        0.107506

     H   19        0.316452        0.353304        0.123216
     H   19        0.353304       -0.585082        0.098136
     H   19        0.123216        0.098136        0.268630

     C   20       -0.099269       -0.447897       -0.254996
     C   20       -0.447897       -0.313748        0.290452
     C   20       -0.254996        0.290452        0.413017

     H   21       -0.579835        0.349552        0.173230
     H   21        0.349552        0.360786        0.003658
     H   21        0.173230        0.003658        0.219049

     C   22       -0.020064       -0.075038       -0.446793
     C   22       -0.075038       -0.305662        0.495893
     C   22       -0.446793        0.495893        0.325727

     C   23       -0.191509       -0.183698       -0.307030
     C   23       -0.183698       -0.152948        0.466350
     C   23       -0.307030        0.466350        0.344457

     Cl  24       -0.064488        0.092631       -0.052410
     Cl  24        0.092631       -0.053014       -0.098325
     Cl  24       -0.052410       -0.098325        0.117502

     ----- ionic term -----
     Cl   1        0.111370       -0.231765        0.034158
     Cl   1       -0.231765        0.051174       -0.016315
     Cl   1        0.034158       -0.016315       -0.162544

     C    2        0.077457       -0.297392        0.346039
     C    2       -0.297392        0.077614        0.351598
     C    2        0.346039        0.351598       -0.155071

     C    3        0.003627       -0.323153        0.223908
     C    3       -0.323153        0.169514        0.394867
     C    3        0.223908        0.394867       -0.173141

     H    4        0.333639        0.148405        0.792093
     H    4        0.148405       -0.483218        0.214016
     H    4        0.792093        0.214016        0.149579

     C    5        0.132748       -0.304011        0.300998
     C    5       -0.304011        0.050279        0.272463
     C    5        0.300998        0.272463       -0.183027

     H    6       -0.543470        0.010372        0.020704
     H    6        0.010372        0.483314        0.773063
     H    6        0.020704        0.773063        0.060156

     H    7       -0.489944       -0.203973        0.067459
     H    7       -0.203973        0.833580       -0.552480
     H    7        0.067459       -0.552480       -0.343636

     C    8        0.390542        0.124918        0.066820
     C    8        0.124918        0.146042       -0.289842
     C    8        0.066820       -0.289842       -0.536584

     H    9        0.824159       -0.498430        0.300521
     H    9       -0.498430       -0.264253       -0.161125
     H    9        0.300521       -0.161125       -0.559905

     C   10        0.274194        0.176267        0.021871
     C   10        0.176267        0.259313       -0.320693
     C   10        0.021871       -0.320693       -0.533507

     C   11        0.408759        0.074278        0.159093
     C   11        0.074278        0.121908       -0.269215
     C   11        0.159093       -0.269215       -0.530667

     Cl  12        0.161898        0.184726        0.004192
     Cl  12        0.184726       -0.006439       -0.004370
     Cl  12        0.004192       -0.004370       -0.155459

     H   13       -0.511944        0.154619        0.134136
     H   13        0.154619        0.480219        0.763460
     H   13        0.134136        0.763460        0.031726

     C   14        0.184352       -0.280387        0.351397
     C   14       -0.280387        0.009389        0.261704
     C   14        0.351397        0.261704       -0.193742

     H   15        0.477259        0.142908        0.773991
     H   15        0.142908       -0.502147        0.179014
     H   15        0.773991        0.179014        0.024888

     C   16        0.103199       -0.330424        0.233602
     C   16       -0.330424        0.118668        0.332881
     C   16        0.233602        0.332881       -0.221867

     C   17        0.074535       -0.243540        0.337665
     C   17       -0.243540        0.056552        0.322189
     C   17        0.337665        0.322189       -0.131088

     Cl  18        0.083004       -0.190841        0.023344
     Cl  18       -0.190841        0.048456       -0.014584
     Cl  18        0.023344       -0.014584       -0.131460

     H   19       -0.511693       -0.085545        0.028993
     H   19       -0.085545        0.925339       -0.494185
     H   19        0.028993       -0.494185       -0.413645

     C   20        0.440226        0.165303        0.115290
     C   20        0.165303        0.128926       -0.251462
     C   20        0.115290       -0.251462       -0.569152

     H   21        0.825794       -0.432302        0.393592
     H   21       -0.432302       -0.364113       -0.180765
     H   21        0.393592       -0.180765       -0.461681

     C   22        0.229203        0.164863        0.086703
     C   22        0.164863        0.260676       -0.375164
     C   22        0.086703       -0.375164       -0.489878

     C   23        0.230558        0.027012        0.102087
     C   23        0.027012        0.234001       -0.384965
     C   23        0.102087       -0.384965       -0.464559

     Cl  24        0.099007        0.177242       -0.030116
     Cl  24        0.177242        0.021704       -0.021165
     Cl  24       -0.030116       -0.021165       -0.120712

     ----- GIPAW term -----
     Cl   1        1.009191        0.876469       -0.737622
     Cl   1        0.876469        1.261278       -0.862936
     Cl   1       -0.737622       -0.862936       -2.270469

     C    2       -0.034201        0.106393       -0.016086
     C    2        0.106393        0.181969        0.065053
     C    2       -0.016086        0.065053       -0.147768

     C    3       -0.037549        0.185642       -0.030329
     C    3        0.185642        0.152519       -0.130346
     C    3       -0.030329       -0.130346       -0.114970

     H    4       -0.000000        0.000000        0.000000
     H    4        0.000000        0.000000        0.000000
     H    4        0.000000        0.000000        0.000000

     C    5       -0.168993        0.087908       -0.058382
     C    5        0.087908        0.167242       -0.123915
     C    5       -0.058382       -0.123915        0.001751

     H    6       -0.000000        0.000000        0.000000
     H    6        0.000000        0.000000        0.000000
     H    6        0.000000        0.000000        0.000000

     H    7       -0.000000        0.000000        0.000000
     H    7        0.000000        0.000000        0.000000
     H    7        0.000000        0.000000        0.000000

     C    8       -0.143666       -0.027541       -0.079749
     C    8       -0.027541       -0.075408        0.142183
     C    8       -0.079749        0.142183        0.219073

     H    9       -0.000000        0.000000        0.000000
     H    9        0.000000        0.000000        0.000000
     H    9        0.000000        0.000000        0.000000

     C   10       -0.028388       -0.010131        0.021027
     C   10       -0.010131       -0.043257        0.034139
     C   10        0.021027        0.034139        0.071646

     C   11       -0.119831        0.094039        0.093783
     C   11        0.094039       -0.125259        0.000513
     C   11        0.093783        0.000513        0.245090

     Cl  12       -0.482007        1.566608       -0.107137
     Cl  12        1.566608       -1.203805        0.907446
     Cl  12       -0.107137        0.907446        1.685812

     H   13       -0.000000        0.000000        0.000000
     H   13        0.000000        0.000000        0.000000
     H   13        0.000000        0.000000        0.000000

     C   14       -0.098348        0.049044        0.067359
     C   14        0.049044       -0.211442       -0.039628
     C   14        0.067359       -0.039628        0.309790

     H   15       -0.000000        0.000000        0.000000
     H   15        0.000000        0.000000        0.000000
     H   15        0.000000        0.000000        0.000000

     C   16       -0.193756        0.013913       -0.087512
     C   16        0.013913       -0.106857       -0.068726
     C   16       -0.087512       -0.068726        0.300613

     C   17        0.010051       -0.111000       -0.109279
     C   17       -0.111000       -0.096075       -0.104769
     C   17       -0.109279       -0.104769        0.086024

     Cl  18       -0.111003       -0.947232       -1.167129
     Cl  18       -0.947232        0.034372       -2.022652
     Cl  18       -1.167129       -2.022652        0.076631

     H   19       -0.000000        0.000000        0.000000
     H   19        0.000000        0.000000        0.000000
     H   19        0.000000        0.000000        0.000000

     C   20        0.191421       -0.067976       -0.088637
     C   20       -0.067976       -0.162898        0.040113
     C   20       -0.088637        0.040113       -0.028523

     H   21       -0.000000        0.000000        0.000000
     H   21        0.000000        0.000000        0.000000
     H   21        0.000000        0.000000        0.000000

     C   22        0.072304       -0.003633       -0.242477
     C   22       -0.003633       -0.125600        0.082048
     C   22       -0.242477        0.082048        0.053296

     C   23        0.078877        0.105513       -0.068092
     C   23        0.105513       -0.034246        0.068530
     C   23       -0.068092        0.068530       -0.044631

     Cl  24        0.415259        2.593481       -0.791762
     Cl  24        2.593481       -0.468523       -1.137550
     Cl  24       -0.791762       -1.137550        0.053264

     ----- total EFG -----
     Cl   1        1.085671        0.814161       -0.748948
     Cl   1        0.814161        1.346633       -0.911657
     Cl   1       -0.748948       -0.911657       -2.432303

     C    2       -0.416811        0.118760       -0.090350
     C    2        0.118760        0.515075        0.222465
     C    2       -0.090350        0.222465       -0.098264

     C    3        0.043713        0.299694        0.112038
     C    3        0.299694        0.162273       -0.335366
     C    3        0.112038       -0.335366       -0.205986

     H    4        0.425367        0.059663        0.404374
     H    4        0.059663       -0.228262        0.460024
     H    4        0.404374        0.460024       -0.197105

     C    5       -0.654411        0.135667       -0.107427
     C    5        0.135667        0.471605       -0.199002
     C    5       -0.107427       -0.199002        0.182805

     H    6       -0.063192       -0.041275        0.117066
     H    6       -0.041275        0.314921        0.405076
     H    6        0.117066        0.405076       -0.251729

     H    7       -0.086405        0.113831        0.194959
     H    7        0.113831        0.217131       -0.710873
     H    7        0.194959       -0.710873       -0.130726

     C    8       -0.200334       -0.005942       -0.322557
     C    8       -0.005942       -0.005408        0.120831
     C    8       -0.322557        0.120831        0.205742

     H    9        0.553498       -0.105971        0.501691
     H    9       -0.105971       -0.164106       -0.335792
     H    9        0.501691       -0.335792       -0.389392

     C   10        0.285644       -0.059903        0.155977
     C   10       -0.059903       -0.060970       -0.089447
     C   10        0.155977       -0.089447       -0.224674

     C   11       -0.243555        0.251640        0.041236
     C   11        0.251640       -0.013145        0.044673
     C   11        0.041236        0.044673        0.256699

     Cl  12       -0.495317        1.673333       -0.104926
     Cl  12        1.673333       -1.310731        0.979339
     Cl  12       -0.104926        0.979339        1.806048

     H   13       -0.104618        0.076667       -0.158860
     H   13        0.076667        0.515418        0.336179
     H   13       -0.158860        0.336179       -0.410800

     C   14       -0.105557        0.082923        0.365203
     C   14        0.082923       -0.596715       -0.141239
     C   14        0.365203       -0.141239        0.702271

     H   15        0.580673        0.070144        0.333425
     H   15        0.070144       -0.057585        0.253511
     H   15        0.333425        0.253511       -0.523088

     C   16       -0.491671       -0.093723       -0.136669
     C   16       -0.093723       -0.094682       -0.023639
     C   16       -0.136669       -0.023639        0.586354

     C   17       -0.029655       -0.309989       -0.172449
     C   17       -0.309989       -0.325431       -0.298755
     C   17       -0.172449       -0.298755        0.355086

     Cl  18       -0.113752       -1.063600       -1.256189
     Cl  18       -1.063600        0.061074       -2.166600
     Cl  18       -1.256189       -2.166600        0.052677

     H   19       -0.195241        0.267759        0.152208
     H   19        0.267759        0.340257       -0.396049
     H   19        0.152208       -0.396049       -0.145015

     C   20        0.532379       -0.350570       -0.228342
     C   20       -0.350570       -0.347721        0.079102
     C   20       -0.228342        0.079102       -0.184658

     H   21        0.245959       -0.082749        0.566822
     H   21       -0.082749       -0.003326       -0.177107
     H   21        0.566822       -0.177107       -0.242632

     C   22        0.281442        0.086192       -0.602567
     C   22        0.086192       -0.170587        0.202777
     C   22       -0.602567        0.202777       -0.110855

     C   23        0.117926       -0.051173       -0.273035
     C   23       -0.051173        0.046807        0.149914
     C   23       -0.273035        0.149914       -0.164733

     Cl  24        0.449778        2.863354       -0.874289
     Cl  24        2.863354       -0.499833       -1.257040
     Cl  24       -0.874289       -1.257040        0.050055

     ----- total EFG (symmetrized) -----
     Cl   1        1.085671        0.814161       -0.748948
     Cl   1        0.814161        1.346633       -0.911657
     Cl   1       -0.748948       -0.911657       -2.432303

     C    2       -0.416811        0.118760       -0.090350
     C    2        0.118760        0.515075        0.222465
     C    2       -0.090350        0.222465       -0.098264

     C    3        0.043713        0.299694        0.112038
     C    3        0.299694        0.162273       -0.335366
     C    3        0.112038       -0.335366       -0.205986

     H    4        0.425367        0.059663        0.404374
     H    4        0.059663       -0.228262        0.460024
     H    4        0.404374        0.460024       -0.197105

     C    5       -0.654411        0.135667       -0.107427
     C    5        0.135667        0.471605       -0.199002
     C    5       -0.107427       -0.199002        0.182805

     H    6       -0.063192       -0.041275        0.117066
     H    6       -0.041275        0.314921        0.405076
     H    6        0.117066        0.405076       -0.251729

     H    7       -0.086405        0.113831        0.194959
     H    7        0.113831        0.217131       -0.710873
     H    7        0.194959       -0.710873       -0.130726

     C    8       -0.200334       -0.005942       -0.322557
     C    8       -0.005942       -0.005408        0.120831
     C    8       -0.322557        0.120831        0.205742

     H    9        0.553498       -0.105971        0.501691
     H    9       -0.105971       -0.164106       -0.335792
     H    9        0.501691       -0.335792       -0.389392

     C   10        0.285644       -0.059903        0.155977
     C   10       -0.059903       -0.060970       -0.089447
     C   10        0.155977       -0.089447       -0.224674

     C   11       -0.243555        0.251640        0.041236
     C   11        0.251640       -0.013145        0.044673
     C   11        0.041236        0.044673        0.256699

     Cl  12       -0.495317        1.673333       -0.104926
     Cl  12        1.673333       -1.310731        0.979339
     Cl  12       -0.104926        0.979339        1.806048

     H   13       -0.104618        0.076667       -0.158860
     H   13        0.076667        0.515418        0.336179
     H   13       -0.158860        0.336179       -0.410800

     C   14       -0.105557        0.082923        0.365203
     C   14        0.082923       -0.596715       -0.141239
     C   14        0.365203       -0.141239        0.702271

     H   15        0.580673        0.070144        0.333425
     H   15        0.070144       -0.057585        0.253511
     H   15        0.333425        0.253511       -0.523088

     C   16       -0.491671       -0.093723       -0.136669
     C   16       -0.093723       -0.094682       -0.023639
     C   16       -0.136669       -0.023639        0.586354

     C   17       -0.029655       -0.309989       -0.172449
     C   17       -0.309989       -0.325431       -0.298755
     C   17       -0.172449       -0.298755        0.355086

     Cl  18       -0.113752       -1.063600       -1.256189
     Cl  18       -1.063600        0.061074       -2.166600
     Cl  18       -1.256189       -2.166600        0.052677

     H   19       -0.195241        0.267759        0.152208
     H   19        0.267759        0.340257       -0.396049
     H   19        0.152208       -0.396049       -0.145015

     C   20        0.532379       -0.350570       -0.228342
     C   20       -0.350570       -0.347721        0.079102
     C   20       -0.228342        0.079102       -0.184658

     H   21        0.245959       -0.082749        0.566822
     H   21       -0.082749       -0.003326       -0.177107
     H   21        0.566822       -0.177107       -0.242632

     C   22        0.281442        0.086192       -0.602567
     C   22        0.086192       -0.170587        0.202777
     C   22       -0.602567        0.202777       -0.110855

     C   23        0.117926       -0.051173       -0.273035
     C   23       -0.051173        0.046807        0.149914
     C   23       -0.273035        0.149914       -0.164733

     Cl  24        0.449778        2.863354       -0.874289
     Cl  24        2.863354       -0.499833       -1.257040
     Cl  24       -0.874289       -1.257040        0.050055


     NQR/NMR SPECTROSCOPIC PARAMETERS:
     Cl   1    Vxx=    0.3917    axis=(  0.763700 -0.645545  0.005858)
     Cl   1    Vyy=    2.3328    axis=(  0.627712  0.740422 -0.240319)
     Cl   1    Vzz=   -2.7245    axis=(  0.150799  0.187209  0.970676)
     Cl   1  Q=        -8.1650 1e-30 m^2  Cq=        52.2678 MHz  eta= 0.71244

     C    2    Vxx=   -0.1213    axis=( -0.371816 -0.243746  0.895735)
     C    2    Vyy=   -0.4733    axis=( -0.924364  0.186044 -0.333075)
     C    2    Vzz=    0.5946    axis=( -0.085460 -0.951828 -0.294484)
     C    2  Q=         1.0000 1e-30 m^2  Cq=         1.3970 MHz  eta= 0.59198

     C    3    Vxx=    0.0502    axis=(  0.762835 -0.211844  0.610906)
     C    3    Vyy=    0.4732    axis=( -0.483858 -0.813753  0.322006)
     C    3    Vzz=   -0.5234    axis=(  0.428911 -0.541229 -0.723261)
     C    3  Q=         1.0000 1e-30 m^2  Cq=        -1.2298 MHz  eta= 0.80813

     H    4    Vxx=    0.0207    axis=(  0.553700 -0.700161 -0.450767)
     H    4    Vyy=    0.7068    axis=( -0.802403 -0.303883 -0.513619)
     H    4    Vzz=   -0.7275    axis=(  0.222636  0.646088 -0.730071)
     H    4  Q=         1.0000 1e-30 m^2  Cq=        -1.7094 MHz  eta= 0.94303

     C    5    Vxx=    0.0828    axis=( -0.042769  0.466979  0.883233)
     C    5    Vyy=    0.5961    axis=(  0.134671  0.878669 -0.458044)
     C    5    Vzz=   -0.6789    axis=( -0.989967  0.099356 -0.100469)
     C    5  Q=         1.0000 1e-30 m^2  Cq=        -1.5952 MHz  eta= 0.75611

     H    6    Vxx=   -0.0289    axis=(  0.961696 -0.152725  0.227632)
     H    6    Vyy=   -0.4975    axis=(  0.272427  0.440374 -0.855485)
     H    6    Vzz=    0.5265    axis=(  0.030411  0.884729  0.465112)
     H    6  Q=         1.0000 1e-30 m^2  Cq=         1.2370 MHz  eta= 0.89010

     H    7    Vxx=   -0.0135    axis=(  0.948617  0.223178  0.224314)
     H    7    Vyy=   -0.7627    axis=( -0.314234  0.581149  0.750681)
     H    7    Vzz=    0.7762    axis=(  0.037176 -0.782597  0.621418)
     H    7  Q=         1.0000 1e-30 m^2  Cq=         1.8237 MHz  eta= 0.96515

     C    8    Vxx=   -0.0262    axis=(  0.248981  0.956497 -0.152061)
     C    8    Vyy=   -0.3862    axis=( -0.856282  0.144039 -0.496017)
     C    8    Vzz=    0.4123    axis=( -0.452536  0.253706  0.854894)
     C    8  Q=         1.0000 1e-30 m^2  Cq=         0.9688 MHz  eta= 0.87310

     H    9    Vxx=   -0.0891    axis=(  0.389600  0.864972 -0.316283)
     H    9    Vyy=   -0.7379    axis=( -0.293081  0.442006  0.847782)
     H    9    Vzz=    0.8270    axis=(  0.873107 -0.237599  0.425713)
     H    9  Q=         1.0000 1e-30 m^2  Cq=         1.9430 MHz  eta= 0.78462

     C   10    Vxx=   -0.0555    axis=(  0.273439  0.931387 -0.240312)
     C   10    Vyy=   -0.2909    axis=( -0.219315  0.303621  0.927208)
     C   10    Vzz=    0.3463    axis=(  0.936553 -0.200831  0.287289)
     C   10  Q=         1.0000 1e-30 m^2  Cq=         0.8137 MHz  eta= 0.67963

     C   11    Vxx=    0.1219    axis=(  0.487033  0.773660 -0.405277)
     C   11    Vyy=    0.2834    axis=(  0.230795  0.333531  0.914052)
     C   11    Vzz=   -0.4053    axis=( -0.842337  0.538710  0.016116)
     C   11  Q=         1.0000 1e-30 m^2  Cq=        -0.9522 MHz  eta= 0.39861

     Cl  12    Vxx=    0.6238    axis=(  0.788945  0.505768 -0.348947)
     Cl  12    Vyy=    2.1561    axis=( -0.183380 -0.348208 -0.919306)
     Cl  12    Vzz=   -2.7799    axis=( -0.586462  0.789272 -0.181970)
     Cl  12  Q=        -8.1650 1e-30 m^2  Cq=        53.3306 MHz  eta= 0.55119

     H   13    Vxx=   -0.0416    axis=(  0.938738  0.073945 -0.336605)
     H   13    Vyy=   -0.5838    axis=( -0.342960  0.296526 -0.891320)
     H   13    Vzz=    0.6254    axis=(  0.033904  0.952158  0.303720)
     H   13  Q=         1.0000 1e-30 m^2  Cq=         1.4694 MHz  eta= 0.86691

     C   14    Vxx=   -0.2053    axis=( -0.899247 -0.303992  0.314555)
     C   14    Vyy=   -0.6449    axis=( -0.261517  0.950021  0.170497)
     C   14    Vzz=    0.8502    axis=(  0.350663 -0.071057  0.933802)
     C   14  Q=         1.0000 1e-30 m^2  Cq=         1.9975 MHz  eta= 0.51710

     H   15    Vxx=   -0.0021    axis=(  0.269270 -0.922507 -0.276540)
     H   15    Vyy=   -0.6971    axis=(  0.220138  0.338502 -0.914853)
     H   15    Vzz=    0.6992    axis=(  0.937568  0.185465  0.294227)
     H   15  Q=         1.0000 1e-30 m^2  Cq=         1.6428 MHz  eta= 0.99410

     C   16    Vxx=   -0.0737    axis=(  0.215782 -0.976393  0.009711)
     C   16    Vyy=   -0.5299    axis=(  0.968745  0.215317  0.123171)
     C   16    Vzz=    0.6036    axis=( -0.122354 -0.017171  0.992338)
     C   16  Q=         1.0000 1e-30 m^2  Cq=         1.4183 MHz  eta= 0.75569

     C   17    Vxx=    0.1654    axis=(  0.855018 -0.517251 -0.037350)
     C   17    Vyy=    0.4750    axis=(  0.139317  0.298471 -0.944196)
     C   17    Vzz=   -0.6404    axis=(  0.499535  0.802101  0.327259)
     C   17  Q=         1.0000 1e-30 m^2  Cq=        -1.5046 MHz  eta= 0.48340

     Cl  18    Vxx=    0.7988    axis=( -0.868075  0.403917  0.288612)
     Cl  18    Vyy=    2.2340    axis=( -0.077613 -0.684645  0.724733)
     Cl  18    Vzz=   -3.0328    axis=( -0.490329 -0.606722 -0.625672)
     Cl  18  Q=        -8.1650 1e-30 m^2  Cq=        58.1819 MHz  eta= 0.47322

     H   19    Vxx=   -0.0310    axis=( -0.769598 -0.114979 -0.628092)
     H   19    Vyy=   -0.5663    axis=(  0.601086 -0.462339 -0.651872)
     H   19    Vzz=    0.5973    axis=( -0.215440 -0.879217  0.424927)
     H   19  Q=         1.0000 1e-30 m^2  Cq=         1.4034 MHz  eta= 0.89614

     C   20    Vxx=   -0.2492    axis=(  0.242729 -0.088077  0.966088)
     C   20    Vyy=   -0.4703    axis=( -0.330644 -0.943751 -0.002967)
     C   20    Vzz=    0.7195    axis=(  0.912007 -0.318711 -0.258198)
     C   20  Q=         1.0000 1e-30 m^2  Cq=         1.6906 MHz  eta= 0.30722

     H   21    Vxx=   -0.0283    axis=(  0.296794  0.954932 -0.004180)
     H   21    Vyy=   -0.6329    axis=(  0.523367 -0.166322 -0.835718)
     H   21    Vzz=    0.6611    axis=( -0.798749  0.245849 -0.549143)
     H   21  Q=         1.0000 1e-30 m^2  Cq=         1.5534 MHz  eta= 0.91448

     C   22    Vxx=   -0.0760    axis=(  0.288466  0.908898  0.301149)
     C   22    Vyy=   -0.6458    axis=( -0.522939  0.413020 -0.745620)
     C   22    Vzz=    0.7218    axis=( -0.802073  0.057603  0.594441)
     C   22  Q=         1.0000 1e-30 m^2  Cq=         1.6960 MHz  eta= 0.78930

     C   23    Vxx=    0.0201    axis=(  0.477851  0.878416  0.006586)
     C   23    Vyy=    0.3377    axis=( -0.748276  0.403106  0.526868)
     C   23    Vzz=   -0.3578    axis=(  0.460154 -0.256692  0.849922)
     C   23  Q=         1.0000 1e-30 m^2  Cq=        -0.8408 MHz  eta= 0.88770

     Cl  24    Vxx=   -0.5284    axis=(  0.396758  0.141394  0.906968)
     Cl  24    Vyy=   -2.9856    axis=(  0.611181 -0.777891 -0.146093)
     Cl  24    Vzz=    3.5140    axis=(  0.684866  0.612285 -0.395052)
     Cl  24  Q=        -8.1650 1e-30 m^2  Cq=       -67.4143 MHz  eta= 0.69927

     Initialization:
     gipaw_setup  :      9.15s CPU     10.97s WALL (       1 calls)

     Linear response

     Apply operators

     Induced current

     Other routines
     efg          :      9.35s CPU     11.74s WALL (       1 calls)

     General routines
     calbec       :      3.29s CPU      4.37s WALL (      16 calls)
     fft          :      1.59s CPU      2.27s WALL (      15 calls)
     ffts         :      0.02s CPU      0.04s WALL (       2 calls)
     fftw         :      3.32s CPU      4.01s WALL (     672 calls)
     davcio       :      0.04s CPU      0.35s WALL (      32 calls)

     Parallel routines
     fft_scatter  :      2.22s CPU      3.21s WALL (     689 calls)

     Plugins

     GIPAW        :     60.51s CPU     72.66s WALL (       1 calls)
