
     Program QE v.6.0 (svn rev. 13079) starts on 30Dec2016 at 16:32:28 

     This program is part of the open-source Quantum ESPRESSO suite
     for quantum simulation of materials; please cite
         "P. Giannozzi et al., J. Phys.:Condens. Matter 21 395502 (2009);
          URL http://www.quantum-espresso.org", 
     in publications or presentations arising from this work. More details at
     http://www.quantum-espresso.org/quote

     Parallel version (MPI), running on     8 processors
     R & G space division:  proc/nbgrp/npool/nimage =       8

     ***** This is GIPAW svn revision unknown      *****

     Parallelizing q-star over 1 images

     Reading data from directory:
     /users/majewski/paradichlorobenzene/pbe/9_constraint/scratch/pbe.ecut100.np8.dt60.pcl2phi-129368.save
     Message from routine read_xml_file:
     file /users/majewski/paradichlorobenzene/pbe/9_constraint/scratch/pbe.ecut100.np8.dt60.pcl2phi-129368.save not guaranteed to be safe for post-processing

   Info: using nr1, nr2, nr3 values from input

   Info: using nr1, nr2, nr3 values from input

     IMPORTANT: XC functional enforced from input :
     Exchange-correlation      =  SLA  PW   PBX  PBC ( 1  4  3  4 0 0)
     Any further DFT definition will be discarded
     Please, verify this is what you really want

               file C.pbe-n-kjpaw_psl.1.0.0.UPF: wavefunction(s)  2S 2P renormalized
               file Cl.pbe-n-kjpaw_psl.1.0.0.UPF: wavefunction(s)  3S 3P renormalized
               file H.pbe-kjpaw_psl.1.0.0.UPF: wavefunction(s)  1S renormalized

     Parallelization info
     --------------------
     sticks:   dense  smooth     PW     G-vecs:    dense   smooth      PW
     Min        3057    1223    332               144436    36536    5170
     Max        3059    1225    333               144437    36537    5171
     Sum       24467    9791   2657              1155489   292295   41363


     Subspace diagonalization in iterative solution of the eigenvalue problem:
     a serial algorithm will be used

     GIPAW projectors -----------------------------------------------
     atom=  C    l=0  rc=    1.2000  rs=    0.8000
     atom=  C    l=0  rc=    1.2000  rs=    0.8000
     atom=  C    l=1  rc=    1.4000  rs=    0.9333
     atom=  C    l=1  rc=    1.4000  rs=    0.9333
     projs nearly linearly dependent: l=1  n1,n2= 1, 2  s=  0.99951561

     atom=  Cl   l=0  rc=    1.6000  rs=    1.0667
     atom=  Cl   l=0  rc=    1.6000  rs=    1.0667
     atom=  Cl   l=1  rc=    1.6000  rs=    1.0667
     atom=  Cl   l=1  rc=    1.6000  rs=    1.0667
     atom=  Cl   l=2  rc=    1.6000  rs=    1.0667
     atom=  Cl   l=2  rc=    1.6000  rs=    1.0667
     projs nearly linearly dependent: l=2  n1,n2= 1, 2  s=  0.99993509

     atom=  H    l=0  rc=    1.0000  rs=    0.6667
     atom=  H    l=0  rc=    1.0000  rs=    0.6667
     projs nearly linearly dependent: l=0  n1,n2= 1, 2  s=  0.99968852
     -----------------------------------------------------------------

     GIPAW integrals: -------------------------------------------
     Atom  i/j   nmr_para   nmr_dia   epr_rmc  epr_para   epr_dia
       C   1 1   0.83E+03  0.17E-01  0.93E+01  0.24E+08  0.24E+03
       C   2 1   0.86E+03 -0.61E-01  0.94E+01  0.25E+08  0.25E+03
       C   2 2   0.90E+03 -0.15E+00  0.97E+01  0.26E+08  0.26E+03
       C   3 3   0.33E+01  0.34E+00  0.18E+01  0.55E+03  0.21E+02
       C   4 3   0.35E+01  0.37E+00  0.20E+01  0.59E+03  0.22E+02
       C   4 4   0.38E+01  0.39E+00  0.22E+01  0.63E+03  0.24E+02
       Cl  1 1   0.14E+04 -0.47E+00  0.84E+01  0.32E+09  0.42E+03
       Cl  2 1   0.21E+04 -0.37E+00  0.12E+02  0.49E+09  0.65E+03
       Cl  2 2   0.33E+04 -0.16E+00  0.21E+02  0.76E+09  0.10E+04
       Cl  3 3   0.21E+02  0.79E-01  0.89E+01  0.23E+05  0.13E+03
       Cl  4 3   0.24E+02  0.67E-01  0.99E+01  0.27E+05  0.15E+03
       Cl  4 4   0.28E+02  0.44E-01  0.11E+02  0.32E+05  0.18E+03
       Cl  5 5   0.77E+00  0.19E+00  0.18E+01  0.12E+03  0.22E+02
       Cl  6 5   0.80E+00  0.19E+00  0.19E+01  0.12E+03  0.23E+02
       Cl  6 6   0.83E+00  0.20E+00  0.19E+01  0.12E+03  0.23E+02
       H   1 1   0.39E+02  0.19E+00  0.29E+00  0.78E+05  0.13E+02
       H   2 1   0.41E+02  0.21E+00  0.32E+00  0.82E+05  0.14E+02
       H   2 2   0.43E+02  0.22E+00  0.36E+00  0.86E+05  0.15E+02
     ------------------------------------------------------------

     alpha_pv=     34.4326 eV

     Number of occupied bands for each k-point:
     k-point:     1    nbnd_occ=  42
     k-point:     2    nbnd_occ=  42
     k-point:     3    nbnd_occ=  42
     k-point:     4    nbnd_occ=  42
     k-point:     5    nbnd_occ=  42
     k-point:     6    nbnd_occ=  42
     k-point:     7    nbnd_occ=  42
     k-point:     8    nbnd_occ=  42
     k-point:     9    nbnd_occ=  42
     k-point:    10    nbnd_occ=  42
     k-point:    11    nbnd_occ=  42
     k-point:    12    nbnd_occ=  42
     k-point:    13    nbnd_occ=  42
     k-point:    14    nbnd_occ=  42
     k-point:    15    nbnd_occ=  42
     k-point:    16    nbnd_occ=  42


     q-space interpolation up to   110.00 Rydberg

     GIPAW job: efg                                                                             


     ELECTRIC FIELD GRADIENTS TENSORS IN Hartree/bohrradius^2:

     ----- bare term -----
     Cl   1       -0.304403        0.334257        0.079801
     Cl   1        0.334257        0.042971       -0.118955
     Cl   1        0.079801       -0.118955        0.261432

     C    2        0.057209       -0.143392       -0.333046
     C    2       -0.143392       -0.000169       -0.655886
     C    2       -0.333046       -0.655886       -0.057039

     C    3       -0.643110        0.332215       -0.359614
     C    3        0.332215        0.225125       -0.036022
     C    3       -0.359614       -0.036022        0.417984

     H    4        0.008017       -0.119850       -0.333846
     H    4       -0.119850        0.143687       -0.540341
     H    4       -0.333846       -0.540341       -0.151704

     C    5       -0.097268       -0.237971       -0.409013
     C    5       -0.237971       -0.122293       -0.364800
     C    5       -0.409013       -0.364800        0.219561

     H    6        0.284277        0.151553        0.278242
     H    6        0.151553       -0.085930       -0.552974
     H    6        0.278242       -0.552974       -0.198346

     H    7        0.378799        0.097880        0.141983
     H    7        0.097880       -0.304949        0.468198
     H    7        0.141983        0.468198       -0.073850

     C    8       -0.840525       -0.422952       -0.429967
     C    8       -0.422952        0.510464        0.079539
     C    8       -0.429967        0.079539        0.330061

     H    9        0.109720        0.080406       -0.372508
     H    9        0.080406        0.281288       -0.245646
     H    9       -0.372508       -0.245646       -0.391008

     C   10        0.188898       -0.228918        0.001026
     C   10       -0.228918       -0.158006        0.409007
     C   10        0.001026        0.409007       -0.030892

     C   11       -0.181246       -0.126082       -0.354651
     C   11       -0.126082        0.070004        0.001278
     C   11       -0.354651        0.001278        0.111243

     Cl  12       -0.026952        0.337201        0.130004
     Cl  12        0.337201       -0.297733       -0.216891
     Cl  12        0.130004       -0.216891        0.324685

     H   13        0.422323        0.117913       -0.226120
     H   13        0.117913        0.067673       -0.147430
     H   13       -0.226120       -0.147430       -0.489996

     C   14       -0.505823        0.289441       -0.040575
     C   14        0.289441        0.188271        0.014681
     C   14       -0.040575        0.014681        0.317552

     H   15       -0.114617        0.185965       -0.522501
     H   15        0.185965       -0.007499        0.127148
     H   15       -0.522501        0.127148        0.122116

     C   16        0.226850        0.008675       -0.230535
     C   16        0.008675       -0.151913       -0.530189
     C   16       -0.230535       -0.530189       -0.074937

     C   17       -0.767249        0.519712       -0.302136
     C   17        0.519712        0.250650       -0.068168
     C   17       -0.302136       -0.068168        0.516599

     Cl  18        0.046187       -0.147061       -0.063989
     Cl  18       -0.147061        0.022569        0.045443
     Cl  18       -0.063989        0.045443       -0.068756

     H   19        0.418541        0.231265       -0.083761
     H   19        0.231265       -0.635186        0.492431
     H   19       -0.083761        0.492431        0.216645

     C   20       -0.059486       -0.304752       -0.078232
     C   20       -0.304752       -0.097246        0.405243
     C   20       -0.078232        0.405243        0.156732

     H   21        0.093538        0.124765       -0.356566
     H   21        0.124765        0.384060        0.397514
     H   21       -0.356566        0.397514       -0.477598

     C   22       -0.695806       -0.341409       -0.355999
     C   22       -0.341409        0.148294        0.030793
     C   22       -0.355999        0.030793        0.547512

     C   23       -0.002796        0.030057       -0.254991
     C   23        0.030057       -0.155763        0.466141
     C   23       -0.254991        0.466141        0.158559

     Cl  24       -0.213468       -0.150606       -0.010764
     Cl  24       -0.150606       -0.069316       -0.121973
     Cl  24       -0.010764       -0.121973        0.282784

     ----- ionic term -----
     Cl   1        0.111084       -0.208579       -0.014392
     Cl   1       -0.208579        0.025928        0.024829
     Cl   1       -0.014392        0.024829       -0.137012

     C    2        0.114486       -0.274489        0.216123
     C    2       -0.274489        0.005823        0.439730
     C    2        0.216123        0.439730       -0.120309

     C    3        0.145510       -0.286196        0.172279
     C    3       -0.286196        0.019058        0.411123
     C    3        0.172279        0.411123       -0.164568

     H    4        0.529282        0.242188        0.760743
     H    4        0.242188       -0.494466        0.231203
     H    4        0.760743        0.231203       -0.034816

     C    5        0.301366       -0.271349        0.256773
     C    5       -0.271349       -0.090496        0.305677
     C    5        0.256773        0.305677       -0.210870

     H    6       -0.528546       -0.041976       -0.022010
     H    6       -0.041976        0.409395        0.811522
     H    6       -0.022010        0.811522        0.119150

     H    7       -0.537444       -0.002945        0.009547
     H    7       -0.002945        0.557072       -0.752036
     H    7        0.009547       -0.752036       -0.019628

     C    8        0.201837        0.224816        0.423566
     C    8        0.224816        0.043798       -0.251936
     C    8        0.423566       -0.251936       -0.245635

     H    9        0.398708       -0.290811        0.764165
     H    9       -0.290811       -0.391344       -0.282261
     H    9        0.764165       -0.282261       -0.007364

     C   10        0.029934        0.218065        0.316337
     C   10        0.218065        0.239735       -0.328718
     C   10        0.316337       -0.328718       -0.269668

     C   11        0.019078        0.216313        0.352682
     C   11        0.216313        0.185744       -0.392727
     C   11        0.352682       -0.392727       -0.204822

     Cl  12        0.116600        0.221160        0.024956
     Cl  12        0.221160        0.036757       -0.001200
     Cl  12        0.024956       -0.001200       -0.153357

     H   13       -0.466346        0.175167        0.185993
     H   13        0.175167        0.355188        0.779216
     H   13        0.185993        0.779216        0.111157

     C   14        0.259652       -0.211938        0.266886
     C   14       -0.211938       -0.100599        0.321128
     C   14        0.266886        0.321128       -0.159053

     H   15        0.529263        0.328268        0.669060
     H   15        0.328268       -0.411160        0.301622
     H   15        0.669060        0.301622       -0.118103

     C   16        0.160325       -0.270764        0.116340
     C   16       -0.270764        0.027227        0.429039
     C   16        0.116340        0.429039       -0.187552

     C   17        0.295208       -0.258423        0.271663
     C   17       -0.258423       -0.112694        0.365298
     C   17        0.271663        0.365298       -0.182514

     Cl  18        0.183268       -0.238867        0.004234
     Cl  18       -0.238867       -0.045220        0.000064
     Cl  18        0.004234        0.000064       -0.138048

     H   19       -0.530754       -0.026844        0.042846
     H   19       -0.026844        0.586391       -0.720565
     H   19        0.042846       -0.720565       -0.055637

     C   20        0.086215        0.266619        0.378040
     C   20        0.266619        0.107062       -0.246528
     C   20        0.378040       -0.246528       -0.193277

     H   21        0.314614       -0.225076        0.795439
     H   21       -0.225076       -0.476598       -0.267166
     H   21        0.795439       -0.267166        0.161984

     C   22       -0.024662        0.277335        0.288081
     C   22        0.277335        0.207160       -0.364258
     C   22        0.288081       -0.364258       -0.182498

     C   23        0.131173        0.177354        0.404614
     C   23        0.177354        0.061007       -0.393299
     C   23        0.404614       -0.393299       -0.192181

     Cl  24        0.098996        0.193065        0.035368
     Cl  24        0.193065        0.046453        0.024859
     Cl  24        0.035368        0.024859       -0.145449

     ----- GIPAW term -----
     Cl   1       -0.822102       -1.458459        0.956581
     Cl   1       -1.458459        0.941529       -2.011343
     Cl   1        0.956581       -2.011343       -0.119427

     C    2       -0.055755       -0.090773       -0.039366
     C    2       -0.090773        0.228036       -0.068486
     C    2       -0.039366       -0.068486       -0.172280

     C    3       -0.153747       -0.105754       -0.120875
     C    3       -0.105754        0.176178        0.149061
     C    3       -0.120875        0.149061       -0.022431

     H    4       -0.000000        0.000000        0.000000
     H    4        0.000000        0.000000        0.000000
     H    4        0.000000        0.000000        0.000000

     C    5       -0.056881       -0.174969       -0.133575
     C    5       -0.174969        0.055210        0.098791
     C    5       -0.133575        0.098791        0.001671

     H    6       -0.000000        0.000000        0.000000
     H    6        0.000000        0.000000        0.000000
     H    6        0.000000        0.000000        0.000000

     H    7       -0.000000        0.000000        0.000000
     H    7        0.000000        0.000000        0.000000
     H    7        0.000000        0.000000        0.000000

     C    8       -0.192785       -0.148786       -0.032763
     C    8       -0.148786        0.279681       -0.053108
     C    8       -0.032763       -0.053108       -0.086897

     H    9       -0.000000        0.000000        0.000000
     H    9        0.000000        0.000000        0.000000
     H    9        0.000000        0.000000        0.000000

     C   10       -0.021948       -0.067778       -0.008309
     C   10       -0.067778        0.089775        0.074613
     C   10       -0.008309        0.074613       -0.067827

     C   11        0.020946       -0.040155       -0.043105
     C   11       -0.040155        0.036304        0.006724
     C   11       -0.043105        0.006724       -0.057250

     Cl  12        0.208329        0.050733       -0.183315
     Cl  12        0.050733        0.581589        0.305767
     Cl  12       -0.183315        0.305767       -0.789918

     H   13       -0.000000        0.000000        0.000000
     H   13        0.000000        0.000000        0.000000
     H   13        0.000000        0.000000        0.000000

     C   14       -0.064205       -0.029326        0.026920
     C   14       -0.029326        0.073967       -0.010058
     C   14        0.026920       -0.010058       -0.009762

     H   15       -0.000000        0.000000        0.000000
     H   15        0.000000        0.000000        0.000000
     H   15        0.000000        0.000000        0.000000

     C   16       -0.045222       -0.038226       -0.022203
     C   16       -0.038226        0.153815       -0.038442
     C   16       -0.022203       -0.038442       -0.108593

     C   17       -0.113145       -0.072137       -0.043922
     C   17       -0.072137        0.174215        0.073149
     C   17       -0.043922        0.073149       -0.061070

     Cl  18        1.734127       -3.461326       -0.811603
     Cl  18       -3.461326        0.305531        0.594623
     Cl  18       -0.811603        0.594623       -2.039658

     H   19       -0.000000        0.000000        0.000000
     H   19        0.000000        0.000000        0.000000
     H   19        0.000000        0.000000        0.000000

     C   20       -0.066324       -0.164601        0.032663
     C   20       -0.164601        0.193094        0.010400
     C   20        0.032663        0.010400       -0.126770

     H   21       -0.000000        0.000000        0.000000
     H   21        0.000000        0.000000        0.000000
     H   21        0.000000        0.000000        0.000000

     C   22       -0.256988       -0.033182       -0.073983
     C   22       -0.033182        0.066987       -0.183958
     C   22       -0.073983       -0.183958        0.190001

     C   23       -0.050311        0.093433       -0.018901
     C   23        0.093433        0.143360       -0.109299
     C   23       -0.018901       -0.109299       -0.093049

     Cl  24       -0.710137        1.298980       -0.017143
     Cl  24        1.298980       -0.676481       -1.565574
     Cl  24       -0.017143       -1.565574        1.386619

     ----- total EFG -----
     Cl   1       -1.015421       -1.332782        1.021990
     Cl   1       -1.332782        1.010428       -2.105469
     Cl   1        1.021990       -2.105469        0.004993

     C    2        0.115939       -0.508654       -0.156288
     C    2       -0.508654        0.233690       -0.284642
     C    2       -0.156288       -0.284642       -0.349629

     C    3       -0.651347       -0.059735       -0.308211
     C    3       -0.059735        0.420361        0.524161
     C    3       -0.308211        0.524161        0.230986

     H    4        0.537299        0.122337        0.426897
     H    4        0.122337       -0.350778       -0.309138
     H    4        0.426897       -0.309138       -0.186520

     C    5        0.147217       -0.684289       -0.285814
     C    5       -0.684289       -0.157579        0.039668
     C    5       -0.285814        0.039668        0.010362

     H    6       -0.244269        0.109577        0.256233
     H    6        0.109577        0.323465        0.258548
     H    6        0.256233        0.258548       -0.079196

     H    7       -0.158644        0.094934        0.151529
     H    7        0.094934        0.252123       -0.283838
     H    7        0.151529       -0.283838       -0.093478

     C    8       -0.831473       -0.346922       -0.039164
     C    8       -0.346922        0.833943       -0.225504
     C    8       -0.039164       -0.225504       -0.002471

     H    9        0.508428       -0.210405        0.391656
     H    9       -0.210405       -0.110056       -0.527906
     H    9        0.391656       -0.527906       -0.398372

     C   10        0.196883       -0.078632        0.309054
     C   10       -0.078632        0.171504        0.154902
     C   10        0.309054        0.154902       -0.368387

     C   11       -0.141222        0.050076       -0.045074
     C   11        0.050076        0.292052       -0.384725
     C   11       -0.045074       -0.384725       -0.150829

     Cl  12        0.297976        0.609094       -0.028355
     Cl  12        0.609094        0.320613        0.087676
     Cl  12       -0.028355        0.087676       -0.618590

     H   13       -0.044023        0.293080       -0.040127
     H   13        0.293080        0.422861        0.631787
     H   13       -0.040127        0.631787       -0.378839

     C   14       -0.310376        0.048177        0.253231
     C   14        0.048177        0.161640        0.325751
     C   14        0.253231        0.325751        0.148736

     H   15        0.414646        0.514233        0.146559
     H   15        0.514233       -0.418659        0.428769
     H   15        0.146559        0.428769        0.004013

     C   16        0.341954       -0.300316       -0.136397
     C   16       -0.300316        0.029129       -0.139592
     C   16       -0.136397       -0.139592       -0.371082

     C   17       -0.585186        0.189151       -0.074395
     C   17        0.189151        0.312171        0.370279
     C   17       -0.074395        0.370279        0.273014

     Cl  18        1.963582       -3.847254       -0.871358
     Cl  18       -3.847254        0.282880        0.640130
     Cl  18       -0.871358        0.640130       -2.246462

     H   19       -0.112213        0.204421       -0.040915
     H   19        0.204421       -0.048795       -0.228134
     H   19       -0.040915       -0.228134        0.161008

     C   20       -0.039595       -0.202734        0.332471
     C   20       -0.202734        0.202910        0.169115
     C   20        0.332471        0.169115       -0.163315

     H   21        0.408152       -0.100311        0.438873
     H   21       -0.100311       -0.092538        0.130348
     H   21        0.438873        0.130348       -0.315614

     C   22       -0.977455       -0.097256       -0.141901
     C   22       -0.097256        0.422440       -0.517423
     C   22       -0.141901       -0.517423        0.555015

     C   23        0.078066        0.300844        0.130722
     C   23        0.300844        0.048605       -0.036456
     C   23        0.130722       -0.036456       -0.126670

     Cl  24       -0.824610        1.341439        0.007461
     Cl  24        1.341439       -0.699344       -1.662688
     Cl  24        0.007461       -1.662688        1.523954

     ----- total EFG (symmetrized) -----
     Cl   1       -1.015421       -1.332782        1.021990
     Cl   1       -1.332782        1.010428       -2.105469
     Cl   1        1.021990       -2.105469        0.004993

     C    2        0.115939       -0.508654       -0.156288
     C    2       -0.508654        0.233690       -0.284642
     C    2       -0.156288       -0.284642       -0.349629

     C    3       -0.651347       -0.059735       -0.308211
     C    3       -0.059735        0.420361        0.524161
     C    3       -0.308211        0.524161        0.230986

     H    4        0.537299        0.122337        0.426897
     H    4        0.122337       -0.350778       -0.309138
     H    4        0.426897       -0.309138       -0.186520

     C    5        0.147217       -0.684289       -0.285814
     C    5       -0.684289       -0.157579        0.039668
     C    5       -0.285814        0.039668        0.010362

     H    6       -0.244269        0.109577        0.256233
     H    6        0.109577        0.323465        0.258548
     H    6        0.256233        0.258548       -0.079196

     H    7       -0.158644        0.094934        0.151529
     H    7        0.094934        0.252123       -0.283838
     H    7        0.151529       -0.283838       -0.093478

     C    8       -0.831473       -0.346922       -0.039164
     C    8       -0.346922        0.833943       -0.225504
     C    8       -0.039164       -0.225504       -0.002471

     H    9        0.508428       -0.210405        0.391656
     H    9       -0.210405       -0.110056       -0.527906
     H    9        0.391656       -0.527906       -0.398372

     C   10        0.196883       -0.078632        0.309054
     C   10       -0.078632        0.171504        0.154902
     C   10        0.309054        0.154902       -0.368387

     C   11       -0.141222        0.050076       -0.045074
     C   11        0.050076        0.292052       -0.384725
     C   11       -0.045074       -0.384725       -0.150829

     Cl  12        0.297976        0.609094       -0.028355
     Cl  12        0.609094        0.320613        0.087676
     Cl  12       -0.028355        0.087676       -0.618590

     H   13       -0.044023        0.293080       -0.040127
     H   13        0.293080        0.422861        0.631787
     H   13       -0.040127        0.631787       -0.378839

     C   14       -0.310376        0.048177        0.253231
     C   14        0.048177        0.161640        0.325751
     C   14        0.253231        0.325751        0.148736

     H   15        0.414646        0.514233        0.146559
     H   15        0.514233       -0.418659        0.428769
     H   15        0.146559        0.428769        0.004013

     C   16        0.341954       -0.300316       -0.136397
     C   16       -0.300316        0.029129       -0.139592
     C   16       -0.136397       -0.139592       -0.371082

     C   17       -0.585186        0.189151       -0.074395
     C   17        0.189151        0.312171        0.370279
     C   17       -0.074395        0.370279        0.273014

     Cl  18        1.963582       -3.847254       -0.871358
     Cl  18       -3.847254        0.282880        0.640130
     Cl  18       -0.871358        0.640130       -2.246462

     H   19       -0.112213        0.204421       -0.040915
     H   19        0.204421       -0.048795       -0.228134
     H   19       -0.040915       -0.228134        0.161008

     C   20       -0.039595       -0.202734        0.332471
     C   20       -0.202734        0.202910        0.169115
     C   20        0.332471        0.169115       -0.163315

     H   21        0.408152       -0.100311        0.438873
     H   21       -0.100311       -0.092538        0.130348
     H   21        0.438873        0.130348       -0.315614

     C   22       -0.977455       -0.097256       -0.141901
     C   22       -0.097256        0.422440       -0.517423
     C   22       -0.141901       -0.517423        0.555015

     C   23        0.078066        0.300844        0.130722
     C   23        0.300844        0.048605       -0.036456
     C   23        0.130722       -0.036456       -0.126670

     Cl  24       -0.824610        1.341439        0.007461
     Cl  24        1.341439       -0.699344       -1.662688
     Cl  24        0.007461       -1.662688        1.523954


     NQR/NMR SPECTROSCOPIC PARAMETERS:
     Cl   1    Vxx=   -1.6389    axis=( -0.592312  0.297193  0.748894)
     Cl   1    Vyy=   -1.6837    axis=( -0.720294 -0.611812 -0.326899)
     Cl   1    Vzz=    3.3225    axis=(  0.361030 -0.733050  0.576450)
     Cl   1  Q=        -8.1650 1e-30 m^2  Cq=       -63.7407 MHz  eta= 0.01348

     C    2    Vxx=   -0.0451    axis=(  0.605058  0.402622 -0.686877)
     C    2    Vyy=   -0.6541    axis=(  0.479205  0.504794  0.718015)
     C    2    Vzz=    0.6992    axis=( -0.635820  0.763596 -0.112491)
     C    2  Q=         1.0000 1e-30 m^2  Cq=         1.6428 MHz  eta= 0.87096

     C    3    Vxx=   -0.1383    axis=( -0.326146 -0.665104  0.671763)
     C    3    Vyy=   -0.7591    axis=( -0.931890  0.106852 -0.346647)
     C    3    Vzz=    0.8975    axis=(  0.158777 -0.739067 -0.654653)
     C    3  Q=         1.0000 1e-30 m^2  Cq=         2.1087 MHz  eta= 0.69172

     H    4    Vxx=   -0.0354    axis=( -0.305838 -0.724347  0.617887)
     H    4    Vyy=   -0.7000    axis=(  0.296292 -0.689169 -0.661254)
     H    4    Vzz=    0.7354    axis=(  0.904806 -0.019162  0.425392)
     H    4  Q=         1.0000 1e-30 m^2  Cq=         1.7279 MHz  eta= 0.90367

     C    5    Vxx=   -0.0402    axis=(  0.114797 -0.355925  0.927437)
     C    5    Vyy=   -0.7372    axis=( -0.639514 -0.740894 -0.205177)
     C    5    Vzz=    0.7775    axis=(  0.760160 -0.569555 -0.312671)
     C    5  Q=         1.0000 1e-30 m^2  Cq=         1.8268 MHz  eta= 0.89649

     H    6    Vxx=   -0.0750    axis=(  0.567253 -0.552324  0.610870)
     H    6    Vyy=   -0.4374    axis=(  0.773070  0.101435 -0.626158)
     H    6    Vzz=    0.5125    axis=(  0.283879  0.827435  0.484524)
     H    6  Q=         1.0000 1e-30 m^2  Cq=         1.2041 MHz  eta= 0.70719

     H    7    Vxx=   -0.0212    axis=(  0.792022  0.285371  0.539689)
     H    7    Vyy=   -0.3906    axis=( -0.610274  0.393731  0.687416)
     H    7    Vzz=    0.4118    axis=( -0.016324 -0.873807  0.485998)
     H    7  Q=         1.0000 1e-30 m^2  Cq=         0.9675 MHz  eta= 0.89710

     C    8    Vxx=   -0.0427    axis=( -0.134663  0.196543  0.971204)
     C    8    Vyy=   -0.9086    axis=(  0.974084  0.206013  0.093371)
     C    8    Vzz=    0.9513    axis=( -0.181729  0.958608 -0.219191)
     C    8  Q=         1.0000 1e-30 m^2  Cq=         2.2351 MHz  eta= 0.91028

     H    9    Vxx=   -0.0031    axis=(  0.584907  0.717370 -0.378502)
     H    9    Vyy=   -0.8297    axis=(  0.151990 -0.555325 -0.817627)
     H    9    Vzz=    0.8328    axis=( -0.796732  0.420708 -0.433846)
     H    9  Q=         1.0000 1e-30 m^2  Cq=         1.9567 MHz  eta= 0.99262

     C   10    Vxx=    0.2127    axis=(  0.024485 -0.969133 -0.245320)
     C   10    Vyy=    0.3338    axis=(  0.918681 -0.074960  0.387822)
     C   10    Vzz=   -0.5465    axis=( -0.394241 -0.234867  0.888488)
     C   10  Q=         1.0000 1e-30 m^2  Cq=        -1.2840 MHz  eta= 0.22154

     C   11    Vxx=   -0.1469    axis=(  0.993205 -0.116329 -0.003458)
     C   11    Vyy=   -0.3741    axis=(  0.061077  0.495713  0.866336)
     C   11    Vzz=    0.5211    axis=( -0.099066 -0.860660  0.499450)
     C   11  Q=         1.0000 1e-30 m^2  Cq=         1.2243 MHz  eta= 0.43605

     Cl  12    Vxx=   -0.2803    axis=( -0.699702  0.675158  0.233621)
     Cl  12    Vyy=   -0.6394    axis=(  0.148159 -0.182766  0.971929)
     Cl  12    Vzz=    0.9197    axis=( -0.698904 -0.714673 -0.027851)
     Cl  12  Q=        -8.1650 1e-30 m^2  Cq=       -17.6437 MHz  eta= 0.39048

     H   13    Vxx=   -0.0646    axis=(  0.931701 -0.112602 -0.345333)
     H   13    Vyy=   -0.7712    axis=( -0.247250  0.499860 -0.830065)
     H   13    Vzz=    0.8358    axis=(  0.266085  0.858755  0.437879)
     H   13  Q=         1.0000 1e-30 m^2  Cq=         1.9638 MHz  eta= 0.84549

     C   14    Vxx=   -0.0964    axis=( -0.444416  0.733018 -0.514956)
     C   14    Vyy=   -0.4395    axis=( -0.859982 -0.188133  0.474380)
     C   14    Vzz=    0.5359    axis=(  0.250849  0.653675  0.713992)
     C   14  Q=         1.0000 1e-30 m^2  Cq=         1.2592 MHz  eta= 0.64020

     H   15    Vxx=    0.0068    axis=( -0.532895  0.187489  0.825149)
     H   15    Vyy=    0.7987    axis=( -0.785370 -0.472582 -0.399826)
     H   15    Vzz=   -0.8055    axis=(  0.314987 -0.861112  0.399085)
     H   15  Q=         1.0000 1e-30 m^2  Cq=        -1.8925 MHz  eta= 0.98315

     C   16    Vxx=   -0.0438    axis=(  0.416216  0.760791 -0.497957)
     C   16    Vyy=   -0.4827    axis=(  0.291452  0.407125  0.865624)
     C   16    Vzz=    0.5265    axis=( -0.861290  0.505417  0.052282)
     C   16  Q=         1.0000 1e-30 m^2  Cq=         1.2370 MHz  eta= 0.83360

     C   17    Vxx=   -0.0194    axis=( -0.303991 -0.627295  0.717001)
     C   17    Vyy=   -0.6501    axis=( -0.950029  0.255663 -0.179113)
     C   17    Vzz=    0.6695    axis=( -0.070954 -0.735621 -0.673667)
     C   17  Q=         1.0000 1e-30 m^2  Cq=         1.5731 MHz  eta= 0.94206

     Cl  18    Vxx=   -2.3974    axis=(  0.040203 -0.177148  0.983363)
     Cl  18    Vyy=   -2.8201    axis=(  0.635064  0.764337  0.111728)
     Cl  18    Vzz=    5.2175    axis=( -0.771413  0.620006  0.143229)
     Cl  18  Q=        -8.1650 1e-30 m^2  Cq=      -100.0954 MHz  eta= 0.08102

     H   19    Vxx=   -0.0339    axis=(  0.698856  0.388010  0.600873)
     H   19    Vyy=   -0.3223    axis=( -0.639970  0.714378  0.283024)
     H   19    Vzz=    0.3562    axis=( -0.319435 -0.582333  0.747562)
     H   19  Q=         1.0000 1e-30 m^2  Cq=         0.8369 MHz  eta= 0.80969

     C   20    Vxx=    0.2124    axis=(  0.560791  0.446479  0.697259)
     C   20    Vyy=    0.3194    axis=( -0.550719  0.829982 -0.088534)
     C   20    Vzz=   -0.5318    axis=( -0.618241 -0.334345  0.711331)
     C   20  Q=         1.0000 1e-30 m^2  Cq=        -1.2494 MHz  eta= 0.20125

     H   21    Vxx=   -0.0408    axis=(  0.088875 -0.947400 -0.307463)
     H   21    Vyy=   -0.5761    axis=(  0.413068  0.315946 -0.854139)
     H   21    Vzz=    0.6169    axis=(  0.906353 -0.051092  0.419420)
     H   21  Q=         1.0000 1e-30 m^2  Cq=         1.4495 MHz  eta= 0.86764

     C   22    Vxx=   -0.0044    axis=( -0.168611  0.744564  0.645906)
     C   22    Vyy=   -1.0069    axis=( -0.985447 -0.113016 -0.126968)
     C   22    Vzz=    1.0113    axis=( -0.021538 -0.657915  0.752784)
     C   22  Q=         1.0000 1e-30 m^2  Cq=         2.3761 MHz  eta= 0.99130

     C   23    Vxx=   -0.0612    axis=( -0.278361  0.488224 -0.827135)
     C   23    Vyy=   -0.3135    axis=( -0.617994  0.568193  0.543360)
     C   23    Vzz=    0.3746    axis=( -0.735254 -0.662415 -0.143557)
     C   23  Q=         1.0000 1e-30 m^2  Cq=         0.8802 MHz  eta= 0.67349

     Cl  24    Vxx=   -0.0607    axis=(  0.774319  0.438397  0.456331)
     Cl  24    Vyy=   -2.4810    axis=(  0.599634 -0.738714 -0.307799)
     Cl  24    Vzz=    2.5417    axis=( -0.202160 -0.511966  0.834879)
     Cl  24  Q=        -8.1650 1e-30 m^2  Cq=       -48.7621 MHz  eta= 0.95221

     Initialization:
     gipaw_setup  :      9.26s CPU     11.42s WALL (       1 calls)

     Linear response

     Apply operators

     Induced current

     Other routines
     efg          :      9.22s CPU     11.68s WALL (       1 calls)

     General routines
     calbec       :      3.18s CPU      4.22s WALL (      16 calls)
     fft          :      1.59s CPU      2.15s WALL (      15 calls)
     ffts         :      0.04s CPU      0.04s WALL (       2 calls)
     fftw         :      3.28s CPU      3.93s WALL (     672 calls)
     davcio       :      0.02s CPU      0.32s WALL (      32 calls)

     Parallel routines
     fft_scatter  :      2.15s CPU      3.22s WALL (     689 calls)

     Plugins

     GIPAW        :     60.65s CPU     77.29s WALL (       1 calls)
