
     Program QE v.6.0 (svn rev. 13079) starts on 21Dec2016 at  1:53:15 

     This program is part of the open-source Quantum ESPRESSO suite
     for quantum simulation of materials; please cite
         "P. Giannozzi et al., J. Phys.:Condens. Matter 21 395502 (2009);
          URL http://www.quantum-espresso.org", 
     in publications or presentations arising from this work. More details at
     http://www.quantum-espresso.org/quote

     Parallel version (MPI), running on     8 processors
     R & G space division:  proc/nbgrp/npool/nimage =       8

     ***** This is GIPAW svn revision unknown      *****

     Parallelizing q-star over 1 images

     Reading data from directory:
     /users/majewski/paradichlorobenzene/pbe/9_constraint/scratch/pbe.ecut100.np8.dt60.pcl2phi-129368.save
     Message from routine read_xml_file:
     file /users/majewski/paradichlorobenzene/pbe/9_constraint/scratch/pbe.ecut100.np8.dt60.pcl2phi-129368.save not guaranteed to be safe for post-processing

   Info: using nr1, nr2, nr3 values from input

   Info: using nr1, nr2, nr3 values from input

     IMPORTANT: XC functional enforced from input :
     Exchange-correlation      =  SLA  PW   PBX  PBC ( 1  4  3  4 0 0)
     Any further DFT definition will be discarded
     Please, verify this is what you really want

               file C.pbe-n-kjpaw_psl.1.0.0.UPF: wavefunction(s)  2S 2P renormalized
               file Cl.pbe-n-kjpaw_psl.1.0.0.UPF: wavefunction(s)  3S 3P renormalized
               file H.pbe-kjpaw_psl.1.0.0.UPF: wavefunction(s)  1S renormalized

     Parallelization info
     --------------------
     sticks:   dense  smooth     PW     G-vecs:    dense   smooth      PW
     Min        3057    1223    332               144436    36536    5170
     Max        3059    1225    333               144437    36537    5171
     Sum       24467    9791   2657              1155489   292295   41363


     Subspace diagonalization in iterative solution of the eigenvalue problem:
     a serial algorithm will be used

     GIPAW projectors -----------------------------------------------
     atom=  C    l=0  rc=    1.2000  rs=    0.8000
     atom=  C    l=0  rc=    1.2000  rs=    0.8000
     atom=  C    l=1  rc=    1.4000  rs=    0.9333
     atom=  C    l=1  rc=    1.4000  rs=    0.9333
     projs nearly linearly dependent: l=1  n1,n2= 1, 2  s=  0.99951561

     atom=  Cl   l=0  rc=    1.6000  rs=    1.0667
     atom=  Cl   l=0  rc=    1.6000  rs=    1.0667
     atom=  Cl   l=1  rc=    1.6000  rs=    1.0667
     atom=  Cl   l=1  rc=    1.6000  rs=    1.0667
     atom=  Cl   l=2  rc=    1.6000  rs=    1.0667
     atom=  Cl   l=2  rc=    1.6000  rs=    1.0667
     projs nearly linearly dependent: l=2  n1,n2= 1, 2  s=  0.99993509

     atom=  H    l=0  rc=    1.0000  rs=    0.6667
     atom=  H    l=0  rc=    1.0000  rs=    0.6667
     projs nearly linearly dependent: l=0  n1,n2= 1, 2  s=  0.99968852
     -----------------------------------------------------------------

     GIPAW integrals: -------------------------------------------
     Atom  i/j   nmr_para   nmr_dia   epr_rmc  epr_para   epr_dia
       C   1 1   0.83E+03  0.17E-01  0.93E+01  0.24E+08  0.24E+03
       C   2 1   0.86E+03 -0.61E-01  0.94E+01  0.25E+08  0.25E+03
       C   2 2   0.90E+03 -0.15E+00  0.97E+01  0.26E+08  0.26E+03
       C   3 3   0.33E+01  0.34E+00  0.18E+01  0.55E+03  0.21E+02
       C   4 3   0.35E+01  0.37E+00  0.20E+01  0.59E+03  0.22E+02
       C   4 4   0.38E+01  0.39E+00  0.22E+01  0.63E+03  0.24E+02
       Cl  1 1   0.14E+04 -0.47E+00  0.84E+01  0.32E+09  0.42E+03
       Cl  2 1   0.21E+04 -0.37E+00  0.12E+02  0.49E+09  0.65E+03
       Cl  2 2   0.33E+04 -0.16E+00  0.21E+02  0.76E+09  0.10E+04
       Cl  3 3   0.21E+02  0.79E-01  0.89E+01  0.23E+05  0.13E+03
       Cl  4 3   0.24E+02  0.67E-01  0.99E+01  0.27E+05  0.15E+03
       Cl  4 4   0.28E+02  0.44E-01  0.11E+02  0.32E+05  0.18E+03
       Cl  5 5   0.77E+00  0.19E+00  0.18E+01  0.12E+03  0.22E+02
       Cl  6 5   0.80E+00  0.19E+00  0.19E+01  0.12E+03  0.23E+02
       Cl  6 6   0.83E+00  0.20E+00  0.19E+01  0.12E+03  0.23E+02
       H   1 1   0.39E+02  0.19E+00  0.29E+00  0.78E+05  0.13E+02
       H   2 1   0.41E+02  0.21E+00  0.32E+00  0.82E+05  0.14E+02
       H   2 2   0.43E+02  0.22E+00  0.36E+00  0.86E+05  0.15E+02
     ------------------------------------------------------------

     alpha_pv=     33.9344 eV

     Number of occupied bands for each k-point:
     k-point:     1    nbnd_occ=  42
     k-point:     2    nbnd_occ=  42
     k-point:     3    nbnd_occ=  42
     k-point:     4    nbnd_occ=  42
     k-point:     5    nbnd_occ=  42
     k-point:     6    nbnd_occ=  42
     k-point:     7    nbnd_occ=  42
     k-point:     8    nbnd_occ=  42
     k-point:     9    nbnd_occ=  42
     k-point:    10    nbnd_occ=  42
     k-point:    11    nbnd_occ=  42
     k-point:    12    nbnd_occ=  42
     k-point:    13    nbnd_occ=  42
     k-point:    14    nbnd_occ=  42
     k-point:    15    nbnd_occ=  42
     k-point:    16    nbnd_occ=  42


     q-space interpolation up to   110.00 Rydberg

     GIPAW job: efg                                                                             


     ELECTRIC FIELD GRADIENTS TENSORS IN Hartree/bohrradius^2:

     ----- bare term -----
     Cl   1       -0.062169        0.315311       -0.129369
     Cl   1        0.315311       -0.095483       -0.054112
     Cl   1       -0.129369       -0.054112        0.157652

     C    2        0.067676       -0.393189       -0.535302
     C    2       -0.393189       -0.192429       -0.567661
     C    2       -0.535302       -0.567661        0.124753

     C    3       -0.525870        0.328004       -0.398416
     C    3        0.328004       -0.023053       -0.096172
     C    3       -0.398416       -0.096172        0.548923

     H    4        0.097388       -0.100908       -0.382655
     H    4       -0.100908        0.462358        0.060950
     H    4       -0.382655        0.060950       -0.559746

     C    5       -0.084870        0.159131       -0.142491
     C    5        0.159131       -0.307676       -0.259468
     C    5       -0.142491       -0.259468        0.392546

     H    6        0.465846        0.003789        0.057604
     H    6        0.003789       -0.149703       -0.627812
     H    6        0.057604       -0.627812       -0.316143

     H    7        0.438998        0.075167        0.148744
     H    7        0.075167       -0.226141        0.390601
     H    7        0.148744        0.390601       -0.212857

     C    8       -0.720545       -0.398566       -0.370062
     C    8       -0.398566        0.436668        0.252222
     C    8       -0.370062        0.252222        0.283878

     H    9       -0.342050       -0.020284       -0.526770
     H    9       -0.020284        0.158948        0.074879
     H    9       -0.526770        0.074879        0.183102

     C   10       -0.026235       -0.158767       -0.195482
     C   10       -0.158767       -0.090055        0.622855
     C   10       -0.195482        0.622855        0.116290

     C   11       -0.400528       -0.312345       -0.462912
     C   11       -0.312345        0.237764        0.269188
     C   11       -0.462912        0.269188        0.162764

     Cl  12       -0.061973       -0.035575        0.055431
     Cl  12       -0.035575        0.065759       -0.159711
     Cl  12        0.055431       -0.159711       -0.003786

     H   13        0.275293        0.038959       -0.214024
     H   13        0.038959       -0.407121       -0.534291
     H   13       -0.214024       -0.534291        0.131828

     C   14       -0.740086        0.318814       -0.202889
     C   14        0.318814        0.379478       -0.208206
     C   14       -0.202889       -0.208206        0.360609

     H   15       -0.000149        0.210950       -0.439892
     H   15        0.210950       -0.078691        0.130061
     H   15       -0.439892        0.130061        0.078840

     C   16        0.287488        0.042051       -0.202283
     C   16        0.042051       -0.214223       -0.510963
     C   16       -0.202283       -0.510963       -0.073265

     C   17       -0.661332        0.471346       -0.377967
     C   17        0.471346        0.222984       -0.040153
     C   17       -0.377967       -0.040153        0.438348

     Cl  18        0.129720       -0.039655       -0.017981
     Cl  18       -0.039655       -0.242442        0.034680
     Cl  18       -0.017981        0.034680        0.112722

     H   19        0.327336        0.313737        0.088778
     H   19        0.313737       -0.617147       -0.167310
     H   19        0.088778       -0.167310        0.289811

     C   20       -0.007831       -0.097384       -0.031694
     C   20       -0.097384       -0.189681        0.171942
     C   20       -0.031694        0.171942        0.197511

     H   21       -0.267622        0.499827        0.025754
     H   21        0.499827       -0.057072       -0.143383
     H   21        0.025754       -0.143383        0.324694

     C   22       -0.236890       -0.138000       -0.040130
     C   22       -0.138000       -0.026278        0.137483
     C   22       -0.040130        0.137483        0.263168

     C   23       -0.054355       -0.112594       -0.229830
     C   23       -0.112594        0.038395        0.690192
     C   23       -0.229830        0.690192        0.015960

     Cl  24       -0.229381       -0.157631        0.015232
     Cl  24       -0.157631       -0.002661        0.175947
     Cl  24        0.015232        0.175947        0.232041

     ----- ionic term -----
     Cl   1        0.059981       -0.176135        0.022654
     Cl   1       -0.176135        0.073799       -0.007187
     Cl   1        0.022654       -0.007187       -0.133780

     C    2        0.046903       -0.166909        0.371688
     C    2       -0.166909        0.105592        0.383413
     C    2        0.371688        0.383413       -0.152494

     C    3        0.036574       -0.299356        0.248756
     C    3       -0.299356        0.163513        0.356682
     C    3        0.248756        0.356682       -0.200087

     H    4        0.431576        0.023369        0.815743
     H    4        0.023369       -0.529600        0.092801
     H    4        0.815743        0.092801        0.098025

     C    5        0.147019       -0.311405        0.284580
     C    5       -0.311405        0.052471        0.265872
     C    5        0.284580        0.265872       -0.199490

     H    6       -0.540636       -0.003031        0.007514
     H    6       -0.003031        0.469262        0.777249
     H    6        0.007514        0.777249        0.071374

     H    7       -0.513186       -0.017272        0.036820
     H    7       -0.017272        0.571136       -0.749416
     H    7        0.036820       -0.749416       -0.057950

     C    8        0.325675        0.169702        0.240279
     C    8        0.169702        0.012554       -0.326998
     C    8        0.240279       -0.326998       -0.338228

     H    9        0.601895       -0.329313        0.679951
     H    9       -0.329313       -0.417389       -0.256225
     H    9        0.679951       -0.256225       -0.184506

     C   10        0.170096        0.150029        0.182885
     C   10        0.150029        0.151537       -0.412810
     C   10        0.182885       -0.412810       -0.321632

     C   11        0.237207        0.035537        0.156936
     C   11        0.035537        0.140571       -0.430314
     C   11        0.156936       -0.430314       -0.377778

     Cl  12        0.133135        0.183901       -0.016962
     Cl  12        0.183901       -0.014758       -0.022021
     Cl  12       -0.016962       -0.022021       -0.118377

     H   13       -0.514161        0.162972        0.094972
     H   13        0.162972        0.705760        0.650395
     H   13        0.094972        0.650395       -0.191599

     C   14        0.130917       -0.183756        0.343705
     C   14       -0.183756        0.097825        0.257940
     C   14        0.343705        0.257940       -0.228742

     H   15        0.515108        0.128477        0.747692
     H   15        0.128477       -0.463849        0.160836
     H   15        0.747692        0.160836       -0.051259

     C   16        0.036595       -0.239724        0.244088
     C   16       -0.239724        0.170499        0.349606
     C   16        0.244088        0.349606       -0.207094

     C   17        0.121126       -0.277732        0.348640
     C   17       -0.277732        0.073674        0.328279
     C   17        0.348640        0.328279       -0.194800

     Cl  18        0.124658       -0.236476        0.018475
     Cl  18       -0.236476        0.038174       -0.005024
     Cl  18        0.018475       -0.005024       -0.162832

     H   19       -0.510976       -0.123545        0.015165
     H   19       -0.123545        0.898323       -0.512475
     H   19        0.015165       -0.512475       -0.387347

     C   20        0.313264        0.132791        0.137034
     C   20        0.132791        0.194772       -0.270196
     C   20        0.137034       -0.270196       -0.508037

     H   21        0.657154       -0.412650        0.581691
     H   21       -0.412650       -0.330265       -0.262132
     H   21        0.581691       -0.262132       -0.326889

     C   22        0.140118        0.167760        0.150243
     C   22        0.167760        0.338751       -0.380314
     C   22        0.150243       -0.380314       -0.478869

     C   23        0.173389        0.133796        0.256722
     C   23        0.133796        0.266124       -0.388767
     C   23        0.256722       -0.388767       -0.439514

     Cl  24        0.113794        0.202242       -0.011734
     Cl  24        0.202242        0.053178       -0.017020
     Cl  24       -0.011734       -0.017020       -0.166972

     ----- GIPAW term -----
     Cl   1        1.806058        0.352045       -1.906880
     Cl   1        0.352045       -0.956925       -0.852346
     Cl   1       -1.906880       -0.852346       -0.849133

     C    2        0.096600       -0.287127       -0.160172
     C    2       -0.287127        0.002268        0.016750
     C    2       -0.160172        0.016750       -0.098868

     C    3       -0.180805       -0.009660       -0.171129
     C    3       -0.009660       -0.040100        0.120455
     C    3       -0.171129        0.120455        0.220905

     H    4       -0.000000        0.000000        0.000000
     H    4        0.000000        0.000000        0.000000
     H    4        0.000000        0.000000        0.000000

     C    5       -0.115118        0.031946        0.010654
     C    5        0.031946       -0.014930        0.165462
     C    5        0.010654        0.165462        0.130049

     H    6       -0.000000        0.000000        0.000000
     H    6        0.000000        0.000000        0.000000
     H    6        0.000000        0.000000        0.000000

     H    7       -0.000000        0.000000        0.000000
     H    7        0.000000        0.000000        0.000000
     H    7        0.000000        0.000000        0.000000

     C    8       -0.196275       -0.133527       -0.063032
     C    8       -0.133527        0.263154        0.098504
     C    8       -0.063032        0.098504       -0.066879

     H    9       -0.000000        0.000000        0.000000
     H    9        0.000000        0.000000        0.000000
     H    9        0.000000        0.000000        0.000000

     C   10       -0.113492       -0.004474       -0.028873
     C   10       -0.004474        0.230019        0.079183
     C   10       -0.028873        0.079183       -0.116528

     C   11       -0.022192       -0.108979       -0.064965
     C   11       -0.108979        0.193216        0.012846
     C   11       -0.064965        0.012846       -0.171024

     Cl  12        0.237246        1.382142        0.469059
     Cl  12        1.382142        0.989483       -1.755166
     Cl  12        0.469059       -1.755166       -1.226729

     H   13       -0.000000        0.000000        0.000000
     H   13        0.000000        0.000000        0.000000
     H   13        0.000000        0.000000        0.000000

     C   14       -0.178911       -0.095148        0.012955
     C   14       -0.095148        0.269755       -0.048180
     C   14        0.012955       -0.048180       -0.090843

     H   15       -0.000000        0.000000        0.000000
     H   15        0.000000        0.000000        0.000000
     H   15        0.000000        0.000000        0.000000

     C   16       -0.029262       -0.019113       -0.017724
     C   16       -0.019113        0.131232       -0.005243
     C   16       -0.017724       -0.005243       -0.101970

     C   17       -0.095331        0.059442       -0.020100
     C   17        0.059442        0.154933        0.044766
     C   17       -0.020100        0.044766       -0.059601

     Cl  18        0.170286        0.113397       -0.178859
     Cl  18        0.113397        1.896631       -0.227902
     Cl  18       -0.178859       -0.227902       -2.066917

     H   19       -0.000000        0.000000        0.000000
     H   19        0.000000        0.000000        0.000000
     H   19        0.000000        0.000000        0.000000

     C   20       -0.003312       -0.063868       -0.019109
     C   20       -0.063868        0.034184        0.074915
     C   20       -0.019109        0.074915       -0.030871

     H   21       -0.000000        0.000000        0.000000
     H   21        0.000000        0.000000        0.000000
     H   21        0.000000        0.000000        0.000000

     C   22       -0.059929       -0.042749       -0.042312
     C   22       -0.042749        0.039005        0.074077
     C   22       -0.042312        0.074077        0.020924

     C   23       -0.033822       -0.037095       -0.068622
     C   23       -0.037095        0.187934        0.192604
     C   23       -0.068622        0.192604       -0.154112

     Cl  24       -0.443263        1.450573        0.078423
     Cl  24        1.450573        0.047634        1.808528
     Cl  24        0.078423        1.808528        0.395629

     ----- total EFG -----
     Cl   1        1.803871        0.491222       -2.013596
     Cl   1        0.491222       -0.978609       -0.913645
     Cl   1       -2.013596       -0.913645       -0.825262

     C    2        0.211179       -0.847225       -0.323786
     C    2       -0.847225       -0.084569       -0.167499
     C    2       -0.323786       -0.167499       -0.126609

     C    3       -0.670101        0.018988       -0.320789
     C    3        0.018988        0.100360        0.380965
     C    3       -0.320789        0.380965        0.569741

     H    4        0.528964       -0.077539        0.433088
     H    4       -0.077539       -0.067242        0.153751
     H    4        0.433088        0.153751       -0.461722

     C    5       -0.052969       -0.120327        0.152743
     C    5       -0.120327       -0.270135        0.171866
     C    5        0.152743        0.171866        0.323104

     H    6       -0.074790        0.000758        0.065117
     H    6        0.000758        0.319559        0.149437
     H    6        0.065117        0.149437       -0.244770

     H    7       -0.074188        0.057895        0.185564
     H    7        0.057895        0.344995       -0.358815
     H    7        0.185564       -0.358815       -0.270807

     C    8       -0.591146       -0.362391       -0.192815
     C    8       -0.362391        0.712375        0.023728
     C    8       -0.192815        0.023728       -0.121229

     H    9        0.259845       -0.349597        0.153180
     H    9       -0.349597       -0.258441       -0.181346
     H    9        0.153180       -0.181346       -0.001404

     C   10        0.030369       -0.013212       -0.041470
     C   10       -0.013212        0.291501        0.289227
     C   10       -0.041470        0.289227       -0.321870

     C   11       -0.185513       -0.385787       -0.370941
     C   11       -0.385787        0.571550       -0.148279
     C   11       -0.370941       -0.148279       -0.386037

     Cl  12        0.308408        1.530468        0.507528
     Cl  12        1.530468        1.040484       -1.936898
     Cl  12        0.507528       -1.936898       -1.348892

     H   13       -0.238868        0.201932       -0.119052
     H   13        0.201932        0.298638        0.116104
     H   13       -0.119052        0.116104       -0.059770

     C   14       -0.788081        0.039910        0.153771
     C   14        0.039910        0.747057        0.001554
     C   14        0.153771        0.001554        0.041024

     H   15        0.514959        0.339427        0.307800
     H   15        0.339427       -0.542540        0.290897
     H   15        0.307800        0.290897        0.027581

     C   16        0.294822       -0.216786        0.024081
     C   16       -0.216786        0.087508       -0.166601
     C   16        0.024081       -0.166601       -0.382330

     C   17       -0.635537        0.253056       -0.049427
     C   17        0.253056        0.451590        0.332892
     C   17       -0.049427        0.332892        0.183947

     Cl  18        0.424664       -0.162733       -0.178366
     Cl  18       -0.162733        1.692363       -0.198245
     Cl  18       -0.178366       -0.198245       -2.117027

     H   19       -0.183640        0.190191        0.103942
     H   19        0.190191        0.281176       -0.679785
     H   19        0.103942       -0.679785       -0.097536

     C   20        0.302121       -0.028462        0.086231
     C   20       -0.028462        0.039275       -0.023338
     C   20        0.086231       -0.023338       -0.341397

     H   21        0.389532        0.087177        0.607445
     H   21        0.087177       -0.387338       -0.405515
     H   21        0.607445       -0.405515       -0.002195

     C   22       -0.156701       -0.012989        0.067801
     C   22       -0.012989        0.351479       -0.168754
     C   22        0.067801       -0.168754       -0.194778

     C   23        0.085213       -0.015894       -0.041729
     C   23       -0.015894        0.492453        0.494029
     C   23       -0.041729        0.494029       -0.577666

     Cl  24       -0.558850        1.495184        0.081921
     Cl  24        1.495184        0.098152        1.967455
     Cl  24        0.081921        1.967455        0.460699

     ----- total EFG (symmetrized) -----
     Cl   1        1.803871        0.491222       -2.013596
     Cl   1        0.491222       -0.978609       -0.913645
     Cl   1       -2.013596       -0.913645       -0.825262

     C    2        0.211179       -0.847225       -0.323786
     C    2       -0.847225       -0.084569       -0.167499
     C    2       -0.323786       -0.167499       -0.126609

     C    3       -0.670101        0.018988       -0.320789
     C    3        0.018988        0.100360        0.380965
     C    3       -0.320789        0.380965        0.569741

     H    4        0.528964       -0.077539        0.433088
     H    4       -0.077539       -0.067242        0.153751
     H    4        0.433088        0.153751       -0.461722

     C    5       -0.052969       -0.120327        0.152743
     C    5       -0.120327       -0.270135        0.171866
     C    5        0.152743        0.171866        0.323104

     H    6       -0.074790        0.000758        0.065117
     H    6        0.000758        0.319559        0.149437
     H    6        0.065117        0.149437       -0.244770

     H    7       -0.074188        0.057895        0.185564
     H    7        0.057895        0.344995       -0.358815
     H    7        0.185564       -0.358815       -0.270807

     C    8       -0.591146       -0.362391       -0.192815
     C    8       -0.362391        0.712375        0.023728
     C    8       -0.192815        0.023728       -0.121229

     H    9        0.259845       -0.349597        0.153180
     H    9       -0.349597       -0.258441       -0.181346
     H    9        0.153180       -0.181346       -0.001404

     C   10        0.030369       -0.013212       -0.041470
     C   10       -0.013212        0.291501        0.289227
     C   10       -0.041470        0.289227       -0.321870

     C   11       -0.185513       -0.385787       -0.370941
     C   11       -0.385787        0.571550       -0.148279
     C   11       -0.370941       -0.148279       -0.386037

     Cl  12        0.308408        1.530468        0.507528
     Cl  12        1.530468        1.040484       -1.936898
     Cl  12        0.507528       -1.936898       -1.348892

     H   13       -0.238868        0.201932       -0.119052
     H   13        0.201932        0.298638        0.116104
     H   13       -0.119052        0.116104       -0.059770

     C   14       -0.788081        0.039910        0.153771
     C   14        0.039910        0.747057        0.001554
     C   14        0.153771        0.001554        0.041024

     H   15        0.514959        0.339427        0.307800
     H   15        0.339427       -0.542540        0.290897
     H   15        0.307800        0.290897        0.027581

     C   16        0.294822       -0.216786        0.024081
     C   16       -0.216786        0.087508       -0.166601
     C   16        0.024081       -0.166601       -0.382330

     C   17       -0.635537        0.253056       -0.049427
     C   17        0.253056        0.451590        0.332892
     C   17       -0.049427        0.332892        0.183947

     Cl  18        0.424664       -0.162733       -0.178366
     Cl  18       -0.162733        1.692363       -0.198245
     Cl  18       -0.178366       -0.198245       -2.117027

     H   19       -0.183640        0.190191        0.103942
     H   19        0.190191        0.281176       -0.679785
     H   19        0.103942       -0.679785       -0.097536

     C   20        0.302121       -0.028462        0.086231
     C   20       -0.028462        0.039275       -0.023338
     C   20        0.086231       -0.023338       -0.341397

     H   21        0.389532        0.087177        0.607445
     H   21        0.087177       -0.387338       -0.405515
     H   21        0.607445       -0.405515       -0.002195

     C   22       -0.156701       -0.012989        0.067801
     C   22       -0.012989        0.351479       -0.168754
     C   22        0.067801       -0.168754       -0.194778

     C   23        0.085213       -0.015894       -0.041729
     C   23       -0.015894        0.492453        0.494029
     C   23       -0.041729        0.494029       -0.577666

     Cl  24       -0.558850        1.495184        0.081921
     Cl  24        1.495184        0.098152        1.967455
     Cl  24        0.081921        1.967455        0.460699


     NQR/NMR SPECTROSCOPIC PARAMETERS:
     Cl   1    Vxx=   -0.8685    axis=( -0.397463  0.860953 -0.317464)
     Cl   1    Vyy=   -2.2136    axis=(  0.351458  0.462415  0.814033)
     Cl   1    Vzz=    3.0821    axis=( -0.847644 -0.211972  0.486382)
     Cl   1  Q=        -8.1650 1e-30 m^2  Cq=       -59.1289 MHz  eta= 0.43643

     C    2    Vxx=   -0.0047    axis=( -0.143938 -0.385068  0.911595)
     C    2    Vyy=   -0.9381    axis=(  0.615266  0.686672  0.387207)
     C    2    Vzz=    0.9429    axis=( -0.775068  0.616607  0.138081)
     C    2  Q=         1.0000 1e-30 m^2  Cq=         2.2154 MHz  eta= 0.98996

     C    3    Vxx=   -0.0689    axis=( -0.243327 -0.881869  0.403855)
     C    3    Vyy=   -0.7635    axis=( -0.952910  0.139655 -0.269183)
     C    3    Vzz=    0.8324    axis=( -0.180984  0.450337  0.874323)
     C    3  Q=         1.0000 1e-30 m^2  Cq=         1.9557 MHz  eta= 0.83453

     H    4    Vxx=   -0.0193    axis=(  0.072193 -0.961924 -0.263611)
     H    4    Vyy=   -0.6728    axis=(  0.341736  0.272159 -0.899526)
     H    4    Vzz=    0.6921    axis=(  0.937019 -0.025146  0.348372)
     H    4  Q=         1.0000 1e-30 m^2  Cq=         1.6261 MHz  eta= 0.94426

     C    5    Vxx=   -0.0095    axis=(  0.859956 -0.490349 -0.141544)
     C    5    Vyy=   -0.3919    axis=(  0.435553  0.849664 -0.297261)
     C    5    Vzz=    0.4014    axis=(  0.266026  0.193981  0.944247)
     C    5  Q=         1.0000 1e-30 m^2  Cq=         0.9432 MHz  eta= 0.95268

     H    6    Vxx=   -0.0577    axis=(  0.961988 -0.102234  0.253232)
     H    6    Vyy=   -0.2996    axis=( -0.270354 -0.225570  0.935963)
     H    6    Vzz=    0.3573    axis=( -0.038565 -0.968848 -0.244635)
     H    6  Q=         1.0000 1e-30 m^2  Cq=         0.8396 MHz  eta= 0.67688

     H    7    Vxx=    0.0083    axis=(  0.916317  0.207458  0.342526)
     H    7    Vyy=    0.5110    axis=( -0.045534  0.903775 -0.425579)
     H    7    Vzz=   -0.5193    axis=( -0.397856  0.374368  0.837591)
     H    7  Q=         1.0000 1e-30 m^2  Cq=        -1.2202 MHz  eta= 0.96809

     C    8    Vxx=   -0.0736    axis=( -0.254010 -0.145977  0.956122)
     C    8    Vyy=   -0.7383    axis=( -0.931780 -0.228146 -0.282375)
     C    8    Vzz=    0.8119    axis=(  0.259356 -0.962621 -0.078067)
     C    8  Q=         1.0000 1e-30 m^2  Cq=         1.9077 MHz  eta= 0.81864

     H    9    Vxx=   -0.0715    axis=( -0.446804 -0.031749  0.894068)
     H    9    Vyy=   -0.4561    axis=(  0.388070  0.893575  0.225667)
     H    9    Vzz=    0.5276    axis=( -0.806082  0.447790 -0.386932)
     H    9  Q=         1.0000 1e-30 m^2  Cq=         1.2396 MHz  eta= 0.72889

     C   10    Vxx=    0.0308    axis=(  0.994752  0.094341 -0.039605)
     C   10    Vyy=    0.4084    axis=( -0.073040  0.925824  0.370830)
     C   10    Vzz=   -0.4392    axis=(  0.071651 -0.365991  0.927856)
     C   10  Q=         1.0000 1e-30 m^2  Cq=        -1.0318 MHz  eta= 0.85988

     C   11    Vxx=    0.0331    axis=(  0.664926  0.286450 -0.689797)
     C   11    Vyy=    0.7335    axis=( -0.389456  0.921018  0.007054)
     C   11    Vzz=   -0.7667    axis=(  0.637336  0.263955  0.723969)
     C   11  Q=         1.0000 1e-30 m^2  Cq=        -1.8013 MHz  eta= 0.91364

     Cl  12    Vxx=    0.2188    axis=( -0.808677  0.227263 -0.542580)
     Cl  12    Vyy=    2.6860    axis=(  0.457559  0.822691 -0.337370)
     Cl  12    Vzz=   -2.9048    axis=( -0.369704  0.521086  0.769278)
     Cl  12  Q=        -8.1650 1e-30 m^2  Cq=        55.7271 MHz  eta= 0.84934

     H   13    Vxx=   -0.0007    axis=( -0.466199 -0.028463  0.884222)
     H   13    Vyy=   -0.3782    axis=( -0.840810  0.325087 -0.432847)
     H   13    Vzz=    0.3790    axis=( -0.275129 -0.945256 -0.175488)
     H   13  Q=         1.0000 1e-30 m^2  Cq=         0.8904 MHz  eta= 0.99610

     C   14    Vxx=    0.0685    axis=(  0.176106 -0.012612  0.984290)
     C   14    Vyy=    0.7481    axis=(  0.026772  0.999609  0.008018)
     C   14    Vzz=   -0.8167    axis=( -0.984007  0.024939  0.176375)
     C   14  Q=         1.0000 1e-30 m^2  Cq=        -1.9188 MHz  eta= 0.83220

     H   15    Vxx=   -0.1023    axis=( -0.510870  0.163753  0.843918)
     H   15    Vyy=   -0.7018    axis=( -0.186811  0.937083 -0.294918)
     H   15    Vzz=    0.8041    axis=( -0.839115 -0.308317 -0.448137)
     H   15  Q=         1.0000 1e-30 m^2  Cq=         1.8892 MHz  eta= 0.74554

     C   16    Vxx=   -0.0082    axis=(  0.570231  0.763449 -0.303286)
     C   16    Vyy=   -0.4382    axis=(  0.065380  0.325844  0.943160)
     C   16    Vzz=    0.4464    axis=(  0.818879 -0.557648  0.135892)
     C   16  Q=         1.0000 1e-30 m^2  Cq=         1.0490 MHz  eta= 0.96314

     C   17    Vxx=    0.0072    axis=( -0.254516 -0.482754  0.837956)
     C   17    Vyy=    0.7022    axis=(  0.139317  0.839149  0.525756)
     C   17    Vzz=   -0.7093    axis=( -0.956981  0.250555 -0.146321)
     C   17  Q=         1.0000 1e-30 m^2  Cq=        -1.6667 MHz  eta= 0.97976

     Cl  18    Vxx=    0.4200    axis=(  0.990321  0.114420 -0.078565)
     Cl  18    Vyy=    1.7209    axis=(  0.118235 -0.991931  0.045742)
     Cl  18    Vzz=   -2.1409    axis=(  0.072697  0.054589  0.995859)
     Cl  18  Q=        -8.1650 1e-30 m^2  Cq=        41.0724 MHz  eta= 0.60763

     H   19    Vxx=   -0.1140    axis=(  0.926068  0.149973  0.346274)
     H   19    Vyy=   -0.6917    axis=(  0.366040 -0.580051 -0.727706)
     H   19    Vzz=    0.8056    axis=( -0.091720 -0.800656  0.592062)
     H   19  Q=         1.0000 1e-30 m^2  Cq=         1.8929 MHz  eta= 0.71706

     C   20    Vxx=    0.0367    axis=(  0.117616  0.992462 -0.034436)
     C   20    Vyy=    0.3170    axis=( -0.984764  0.112091 -0.132948)
     C   20    Vzz=   -0.3537    axis=( -0.128086  0.049548  0.990525)
     C   20  Q=         1.0000 1e-30 m^2  Cq=        -0.8311 MHz  eta= 0.79242

     H   21    Vxx=   -0.0526    axis=(  0.515017  0.712143 -0.477084)
     H   21    Vyy=   -0.8043    axis=( -0.368939  0.686544  0.626531)
     H   21    Vzz=    0.8569    axis=( -0.773719  0.146659 -0.616320)
     H   21  Q=         1.0000 1e-30 m^2  Cq=         2.0133 MHz  eta= 0.87717

     C   22    Vxx=   -0.1260    axis=(  0.883013  0.177586  0.434454)
     C   22    Vyy=   -0.2752    axis=( -0.465982  0.221048  0.856737)
     C   22    Vzz=    0.4011    axis=(  0.056109 -0.958958  0.277941)
     C   22  Q=         1.0000 1e-30 m^2  Cq=         0.9425 MHz  eta= 0.37203

     C   23    Vxx=    0.0850    axis=(  0.998012  0.060470 -0.017766)
     C   23    Vyy=    0.6871    axis=( -0.049840  0.929751  0.364800)
     C   23    Vzz=   -0.7721    axis=(  0.038577 -0.363190  0.930916)
     C   23  Q=         1.0000 1e-30 m^2  Cq=        -1.8142 MHz  eta= 0.77985

     Cl  24    Vxx=   -0.2516    axis=( -0.764895 -0.190887  0.615222)
     Cl  24    Vyy=   -2.3907    axis=( -0.547384  0.696091 -0.464574)
     Cl  24    Vzz=    2.6423    axis=( -0.339569 -0.692112 -0.636925)
     Cl  24  Q=        -8.1650 1e-30 m^2  Cq=       -50.6913 MHz  eta= 0.80956

     Initialization:
     gipaw_setup  :      9.16s CPU     11.12s WALL (       1 calls)

     Linear response

     Apply operators

     Induced current

     Other routines
     efg          :      9.55s CPU     11.78s WALL (       1 calls)

     General routines
     calbec       :      3.29s CPU      4.25s WALL (      16 calls)
     fft          :      1.52s CPU      2.32s WALL (      15 calls)
     ffts         :      0.03s CPU      0.05s WALL (       2 calls)
     fftw         :      3.43s CPU      4.03s WALL (     672 calls)
     davcio       :      0.02s CPU      0.33s WALL (      32 calls)

     Parallel routines
     fft_scatter  :      2.15s CPU      3.42s WALL (     689 calls)

     Plugins

     GIPAW        :     61.27s CPU     73.04s WALL (       1 calls)
