
     Program QE v.6.0 (svn rev. 13079) starts on  6Jan2017 at 23:50:13 

     This program is part of the open-source Quantum ESPRESSO suite
     for quantum simulation of materials; please cite
         "P. Giannozzi et al., J. Phys.:Condens. Matter 21 395502 (2009);
          URL http://www.quantum-espresso.org", 
     in publications or presentations arising from this work. More details at
     http://www.quantum-espresso.org/quote

     Parallel version (MPI), running on     8 processors
     R & G space division:  proc/nbgrp/npool/nimage =       8

     ***** This is GIPAW svn revision unknown      *****

     Parallelizing q-star over 1 images

     Reading data from directory:
     /users/majewski/paradichlorobenzene/pbe/9_constraint/scratch/pbe.ecut100.np8.dt60.pcl2phi-129368.save
     Message from routine read_xml_file:
     file /users/majewski/paradichlorobenzene/pbe/9_constraint/scratch/pbe.ecut100.np8.dt60.pcl2phi-129368.save not guaranteed to be safe for post-processing

   Info: using nr1, nr2, nr3 values from input

   Info: using nr1, nr2, nr3 values from input

     IMPORTANT: XC functional enforced from input :
     Exchange-correlation      =  SLA  PW   PBX  PBC ( 1  4  3  4 0 0)
     Any further DFT definition will be discarded
     Please, verify this is what you really want

               file C.pbe-n-kjpaw_psl.1.0.0.UPF: wavefunction(s)  2S 2P renormalized
               file Cl.pbe-n-kjpaw_psl.1.0.0.UPF: wavefunction(s)  3S 3P renormalized
               file H.pbe-kjpaw_psl.1.0.0.UPF: wavefunction(s)  1S renormalized

     Parallelization info
     --------------------
     sticks:   dense  smooth     PW     G-vecs:    dense   smooth      PW
     Min        3057    1223    332               144436    36536    5170
     Max        3059    1225    333               144437    36537    5171
     Sum       24467    9791   2657              1155489   292295   41363


     Subspace diagonalization in iterative solution of the eigenvalue problem:
     a serial algorithm will be used

     GIPAW projectors -----------------------------------------------
     atom=  C    l=0  rc=    1.2000  rs=    0.8000
     atom=  C    l=0  rc=    1.2000  rs=    0.8000
     atom=  C    l=1  rc=    1.4000  rs=    0.9333
     atom=  C    l=1  rc=    1.4000  rs=    0.9333
     projs nearly linearly dependent: l=1  n1,n2= 1, 2  s=  0.99951561

     atom=  Cl   l=0  rc=    1.6000  rs=    1.0667
     atom=  Cl   l=0  rc=    1.6000  rs=    1.0667
     atom=  Cl   l=1  rc=    1.6000  rs=    1.0667
     atom=  Cl   l=1  rc=    1.6000  rs=    1.0667
     atom=  Cl   l=2  rc=    1.6000  rs=    1.0667
     atom=  Cl   l=2  rc=    1.6000  rs=    1.0667
     projs nearly linearly dependent: l=2  n1,n2= 1, 2  s=  0.99993509

     atom=  H    l=0  rc=    1.0000  rs=    0.6667
     atom=  H    l=0  rc=    1.0000  rs=    0.6667
     projs nearly linearly dependent: l=0  n1,n2= 1, 2  s=  0.99968852
     -----------------------------------------------------------------

     GIPAW integrals: -------------------------------------------
     Atom  i/j   nmr_para   nmr_dia   epr_rmc  epr_para   epr_dia
       C   1 1   0.83E+03  0.17E-01  0.93E+01  0.24E+08  0.24E+03
       C   2 1   0.86E+03 -0.61E-01  0.94E+01  0.25E+08  0.25E+03
       C   2 2   0.90E+03 -0.15E+00  0.97E+01  0.26E+08  0.26E+03
       C   3 3   0.33E+01  0.34E+00  0.18E+01  0.55E+03  0.21E+02
       C   4 3   0.35E+01  0.37E+00  0.20E+01  0.59E+03  0.22E+02
       C   4 4   0.38E+01  0.39E+00  0.22E+01  0.63E+03  0.24E+02
       Cl  1 1   0.14E+04 -0.47E+00  0.84E+01  0.32E+09  0.42E+03
       Cl  2 1   0.21E+04 -0.37E+00  0.12E+02  0.49E+09  0.65E+03
       Cl  2 2   0.33E+04 -0.16E+00  0.21E+02  0.76E+09  0.10E+04
       Cl  3 3   0.21E+02  0.79E-01  0.89E+01  0.23E+05  0.13E+03
       Cl  4 3   0.24E+02  0.67E-01  0.99E+01  0.27E+05  0.15E+03
       Cl  4 4   0.28E+02  0.44E-01  0.11E+02  0.32E+05  0.18E+03
       Cl  5 5   0.77E+00  0.19E+00  0.18E+01  0.12E+03  0.22E+02
       Cl  6 5   0.80E+00  0.19E+00  0.19E+01  0.12E+03  0.23E+02
       Cl  6 6   0.83E+00  0.20E+00  0.19E+01  0.12E+03  0.23E+02
       H   1 1   0.39E+02  0.19E+00  0.29E+00  0.78E+05  0.13E+02
       H   2 1   0.41E+02  0.21E+00  0.32E+00  0.82E+05  0.14E+02
       H   2 2   0.43E+02  0.22E+00  0.36E+00  0.86E+05  0.15E+02
     ------------------------------------------------------------

     alpha_pv=     34.2247 eV

     Number of occupied bands for each k-point:
     k-point:     1    nbnd_occ=  42
     k-point:     2    nbnd_occ=  42
     k-point:     3    nbnd_occ=  42
     k-point:     4    nbnd_occ=  42
     k-point:     5    nbnd_occ=  42
     k-point:     6    nbnd_occ=  42
     k-point:     7    nbnd_occ=  42
     k-point:     8    nbnd_occ=  42
     k-point:     9    nbnd_occ=  42
     k-point:    10    nbnd_occ=  42
     k-point:    11    nbnd_occ=  42
     k-point:    12    nbnd_occ=  42
     k-point:    13    nbnd_occ=  42
     k-point:    14    nbnd_occ=  42
     k-point:    15    nbnd_occ=  42
     k-point:    16    nbnd_occ=  42


     q-space interpolation up to   110.00 Rydberg

     GIPAW job: efg                                                                             


     ELECTRIC FIELD GRADIENTS TENSORS IN Hartree/bohrradius^2:

     ----- bare term -----
     Cl   1       -0.242951        0.180560        0.064889
     Cl   1        0.180560       -0.018923       -0.167946
     Cl   1        0.064889       -0.167946        0.261874

     C    2        0.019018       -0.133222       -0.518069
     C    2       -0.133222       -0.122178       -0.523944
     C    2       -0.518069       -0.523944        0.103160

     C    3        0.018667        0.511982       -0.053671
     C    3        0.511982       -0.433366       -0.491148
     C    3       -0.053671       -0.491148        0.414700

     H    4       -0.453796       -0.311491       -0.434370
     H    4       -0.311491        0.257098       -0.149136
     H    4       -0.434370       -0.149136        0.196698

     C    5       -0.262796        0.122215       -0.488973
     C    5        0.122215       -0.058261       -0.421539
     C    5       -0.488973       -0.421539        0.321057

     H    6        0.349120       -0.126502       -0.068885
     H    6       -0.126502       -0.503532       -0.486692
     H    6       -0.068885       -0.486692        0.154412

     H    7        0.045429       -0.291867        0.045344
     H    7       -0.291867       -0.344904        0.432572
     H    7        0.045344        0.432572        0.299475

     C    8       -0.141150        0.168843       -0.452375
     C    8        0.168843       -0.068094        0.484757
     C    8       -0.452375        0.484757        0.209245

     H    9       -0.159576        0.056445       -0.329996
     H    9        0.056445        0.189183        0.494779
     H    9       -0.329996        0.494779       -0.029606

     C   10       -0.180648       -0.388874       -0.183225
     C   10       -0.388874       -0.208341        0.298709
     C   10       -0.183225        0.298709        0.388988

     C   11       -0.028784        0.098502       -0.482333
     C   11        0.098502       -0.326411        0.495122
     C   11       -0.482333        0.495122        0.355194

     Cl  12       -0.134051       -0.221736       -0.176717
     Cl  12       -0.221736       -0.131541        0.032963
     Cl  12       -0.176717        0.032963        0.265591

     H   13        0.017335       -0.441443        0.135530
     H   13       -0.441443       -0.404849       -0.188849
     H   13        0.135530       -0.188849        0.387514

     C   14       -0.116924        0.426596       -0.338249
     C   14        0.426596       -0.322372       -0.158330
     C   14       -0.338249       -0.158330        0.439296

     H   15       -0.498342       -0.500818        0.023664
     H   15       -0.500818        0.208555        0.055775
     H   15        0.023664        0.055775        0.289787

     C   16       -0.002480       -0.004482       -0.302292
     C   16       -0.004482       -0.291200       -0.391270
     C   16       -0.302292       -0.391270        0.293679

     C   17       -0.259885        0.374956       -0.337377
     C   17        0.374956       -0.182167       -0.323111
     C   17       -0.337377       -0.323111        0.442052

     Cl  18        0.045218       -0.117680       -0.130641
     Cl  18       -0.117680       -0.057127        0.018778
     Cl  18       -0.130641        0.018778        0.011910

     H   19        0.493817        0.100783       -0.031927
     H   19        0.100783       -0.688521        0.003549
     H   19       -0.031927        0.003549        0.194704

     C   20       -0.420237       -0.266779       -0.392748
     C   20       -0.266779       -0.111507        0.377262
     C   20       -0.392748        0.377262        0.531744

     H   21       -0.210386        0.502634       -0.322268
     H   21        0.502634       -0.143104        0.196458
     H   21       -0.322268        0.196458        0.353490

     C   22       -0.247260       -0.317342       -0.392225
     C   22       -0.317342        0.005337        0.381645
     C   22       -0.392225        0.381645        0.241923

     C   23        0.058381       -0.449345       -0.053585
     C   23       -0.449345       -0.353999        0.474338
     C   23       -0.053585        0.474338        0.295618

     Cl  24       -0.023387       -0.120155        0.103675
     Cl  24       -0.120155        0.004352       -0.129213
     Cl  24        0.103675       -0.129213        0.019035

     ----- ionic term -----
     Cl   1        0.171016       -0.195436       -0.043837
     Cl   1       -0.195436       -0.043443        0.030624
     Cl   1       -0.043837        0.030624       -0.127573

     C    2        0.299553       -0.107549        0.154931
     C    2       -0.107549        0.083892        0.441917
     C    2        0.154931        0.441917       -0.383445

     C    3        0.163773       -0.195334        0.117242
     C    3       -0.195334        0.227818        0.443560
     C    3        0.117242        0.443560       -0.391591

     H    4        0.707773        0.412131        0.551113
     H    4        0.412131       -0.366469        0.258089
     H    4        0.551113        0.258089       -0.341304

     C    5        0.343897       -0.156201        0.198613
     C    5       -0.156201        0.084682        0.291474
     C    5        0.198613        0.291474       -0.428579

     H    6       -0.473479        0.246203        0.134525
     H    6        0.246203        0.765737        0.610640
     H    6        0.134525        0.610640       -0.292259

     H    7       -0.519366        0.039691       -0.026026
     H    7        0.039691        0.671893       -0.687871
     H    7       -0.026026       -0.687871       -0.152527

     C    8        0.277498        0.209135        0.247440
     C    8        0.209135        0.095650       -0.291330
     C    8        0.247440       -0.291330       -0.373149

     H    9        0.412103       -0.340531        0.732809
     H    9       -0.340531       -0.357394       -0.322113
     H    9        0.732809       -0.322113       -0.054709

     C   10        0.135904        0.270297        0.208094
     C   10        0.270297        0.251834       -0.354752
     C   10        0.208094       -0.354752       -0.387738

     C   11        0.172005        0.211440        0.282346
     C   11        0.211440        0.228040       -0.355303
     C   11        0.282346       -0.355303       -0.400045

     Cl  12        0.151612        0.234494        0.044763
     Cl  12        0.234494        0.019070        0.016952
     Cl  12        0.044763        0.016952       -0.170682

     H   13       -0.492643        0.161360        0.074216
     H   13        0.161360        0.735460        0.648512
     H   13        0.074216        0.648512       -0.242817

     C   14        0.388219       -0.156610        0.177207
     C   14       -0.156610        0.052118        0.316952
     C   14        0.177207        0.316952       -0.440337

     H   15        0.521155        0.433666        0.607106
     H   15        0.433666       -0.337419        0.321976
     H   15        0.607106        0.321976       -0.183736

     C   16        0.168148       -0.199094        0.123861
     C   16       -0.199094        0.230331        0.421130
     C   16        0.123861        0.421130       -0.398479

     C   17        0.228183       -0.171301        0.214757
     C   17       -0.171301        0.183195        0.343523
     C   17        0.214757        0.343523       -0.411378

     Cl  18        0.114477       -0.221693       -0.003282
     Cl  18       -0.221693        0.046108       -0.005288
     Cl  18       -0.003282       -0.005288       -0.160585

     H   19       -0.499974       -0.002396        0.026513
     H   19       -0.002396        0.840739       -0.557090
     H   19        0.026513       -0.557090       -0.340765

     C   20        0.314242        0.158275        0.304057
     C   20        0.158275        0.072245       -0.259092
     C   20        0.304057       -0.259092       -0.386487

     H   21        0.443429       -0.452176        0.614019
     H   21       -0.452176       -0.280077       -0.351127
     H   21        0.614019       -0.351127       -0.163352

     C   22        0.155965        0.171141        0.211534
     C   22        0.171141        0.215937       -0.359831
     C   22        0.211534       -0.359831       -0.371902

     C   23        0.209994        0.168217        0.277195
     C   23        0.168217        0.175492       -0.359218
     C   23        0.277195       -0.359218       -0.385486

     Cl  24        0.172119        0.221204        0.029421
     Cl  24        0.221204        0.000281        0.014023
     Cl  24        0.029421        0.014023       -0.172401

     ----- GIPAW term -----
     Cl   1       -0.464904       -1.549188        0.595311
     Cl   1       -1.549188       -0.108517       -1.784949
     Cl   1        0.595311       -1.784949        0.573422

     C    2        0.221344       -0.119213       -0.104627
     C    2       -0.119213       -0.074068       -0.075558
     C    2       -0.104627       -0.075558       -0.147276

     C    3        0.109182        0.110875        0.044168
     C    3        0.110875       -0.123402       -0.057282
     C    3        0.044168       -0.057282        0.014220

     H    4       -0.000000        0.000000        0.000000
     H    4        0.000000        0.000000        0.000000
     H    4        0.000000        0.000000        0.000000

     C    5        0.043900        0.029114       -0.151776
     C    5        0.029114       -0.079744       -0.095409
     C    5       -0.151776       -0.095409        0.035844

     H    6       -0.000000        0.000000        0.000000
     H    6        0.000000        0.000000        0.000000
     H    6        0.000000        0.000000        0.000000

     H    7       -0.000000        0.000000        0.000000
     H    7        0.000000        0.000000        0.000000
     H    7        0.000000        0.000000        0.000000

     C    8        0.150443        0.142376       -0.041985
     C    8        0.142376       -0.080750        0.103181
     C    8       -0.041985        0.103181       -0.069693

     H    9       -0.000000        0.000000        0.000000
     H    9        0.000000        0.000000        0.000000
     H    9        0.000000        0.000000        0.000000

     C   10        0.088347        0.086761       -0.054504
     C   10        0.086761       -0.034983       -0.003490
     C   10       -0.054504       -0.003490       -0.053365

     C   11        0.038688        0.155181       -0.171356
     C   11        0.155181       -0.120692        0.039280
     C   11       -0.171356        0.039280        0.082004

     Cl  12        0.563542        0.884643       -2.022801
     Cl  12        0.884643       -1.290427        0.389065
     Cl  12       -2.022801        0.389065        0.726885

     H   13       -0.000000        0.000000        0.000000
     H   13        0.000000        0.000000        0.000000
     H   13        0.000000        0.000000        0.000000

     C   14        0.163090        0.060759       -0.194610
     C   14        0.060759       -0.175068       -0.009399
     C   14       -0.194610       -0.009399        0.011978

     H   15       -0.000000        0.000000        0.000000
     H   15        0.000000        0.000000        0.000000
     H   15        0.000000        0.000000        0.000000

     C   16        0.033654        0.007175       -0.199783
     C   16        0.007175       -0.115497       -0.061307
     C   16       -0.199783       -0.061307        0.081842

     C   17        0.086730       -0.015442       -0.225434
     C   17       -0.015442       -0.141186       -0.033000
     C   17       -0.225434       -0.033000        0.054456

     Cl  18        1.702812       -2.800516       -1.487375
     Cl  18       -2.800516       -0.674897        0.352830
     Cl  18       -1.487375        0.352830       -1.027914

     H   19       -0.000000        0.000000        0.000000
     H   19        0.000000        0.000000        0.000000
     H   19        0.000000        0.000000        0.000000

     C   20       -0.088242       -0.070704       -0.124200
     C   20       -0.070704       -0.070906        0.129272
     C   20       -0.124200        0.129272        0.159148

     H   21       -0.000000        0.000000        0.000000
     H   21        0.000000        0.000000        0.000000
     H   21        0.000000        0.000000        0.000000

     C   22        0.021456       -0.177092       -0.132256
     C   22       -0.177092        0.047081        0.078449
     C   22       -0.132256        0.078449       -0.068537

     C   23        0.203706       -0.071320        0.073286
     C   23       -0.071320       -0.102513        0.028168
     C   23        0.073286        0.028168       -0.101193

     Cl  24        1.189918        0.633003        1.343124
     Cl  24        0.633003       -0.060712       -1.332331
     Cl  24        1.343124       -1.332331       -1.129206

     ----- total EFG -----
     Cl   1       -0.536840       -1.564064        0.616363
     Cl   1       -1.564064       -0.170883       -1.922271
     Cl   1        0.616363       -1.922271        0.707723

     C    2        0.539915       -0.359984       -0.467765
     C    2       -0.359984       -0.112354       -0.157585
     C    2       -0.467765       -0.157585       -0.427561

     C    3        0.291622        0.427522        0.107739
     C    3        0.427522       -0.328950       -0.104871
     C    3        0.107739       -0.104871        0.037329

     H    4        0.253977        0.100640        0.116743
     H    4        0.100640       -0.109371        0.108952
     H    4        0.116743        0.108952       -0.144606

     C    5        0.125000       -0.004872       -0.442136
     C    5       -0.004872       -0.053323       -0.225473
     C    5       -0.442136       -0.225473       -0.071677

     H    6       -0.124359        0.119701        0.065640
     H    6        0.119701        0.262206        0.123948
     H    6        0.065640        0.123948       -0.137846

     H    7       -0.473937       -0.252176        0.019318
     H    7       -0.252176        0.326989       -0.255299
     H    7        0.019318       -0.255299        0.146948

     C    8        0.286792        0.520353       -0.246920
     C    8        0.520353       -0.053194        0.296607
     C    8       -0.246920        0.296607       -0.233598

     H    9        0.252527       -0.284085        0.402813
     H    9       -0.284085       -0.168212        0.172667
     H    9        0.402813        0.172667       -0.084315

     C   10        0.043603       -0.031816       -0.029636
     C   10       -0.031816        0.008511       -0.059533
     C   10       -0.029636       -0.059533       -0.052114

     C   11        0.181909        0.465123       -0.371343
     C   11        0.465123       -0.219062        0.179100
     C   11       -0.371343        0.179100        0.037154

     Cl  12        0.581103        0.897401       -2.154754
     Cl  12        0.897401       -1.402897        0.438980
     Cl  12       -2.154754        0.438980        0.821794

     H   13       -0.475307       -0.280083        0.209746
     H   13       -0.280083        0.330610        0.459663
     H   13        0.209746        0.459663        0.144697

     C   14        0.434385        0.330745       -0.355653
     C   14        0.330745       -0.445321        0.149223
     C   14       -0.355653        0.149223        0.010937

     H   15        0.022813       -0.067152        0.630771
     H   15       -0.067152       -0.128864        0.377752
     H   15        0.630771        0.377752        0.106051

     C   16        0.199323       -0.196401       -0.378214
     C   16       -0.196401       -0.176365       -0.031447
     C   16       -0.378214       -0.031447       -0.022958

     C   17        0.055028        0.188212       -0.348053
     C   17        0.188212       -0.140159       -0.012589
     C   17       -0.348053       -0.012589        0.085131

     Cl  18        1.862506       -3.139889       -1.621298
     Cl  18       -3.139889       -0.685916        0.366320
     Cl  18       -1.621298        0.366320       -1.176590

     H   19       -0.006157        0.098388       -0.005414
     H   19        0.098388        0.152218       -0.553541
     H   19       -0.005414       -0.553541       -0.146062

     C   20       -0.194237       -0.179208       -0.212891
     C   20       -0.179208       -0.110168        0.247442
     C   20       -0.212891        0.247442        0.304406

     H   21        0.233043        0.050459        0.291751
     H   21        0.050459       -0.423181       -0.154670
     H   21        0.291751       -0.154670        0.190138

     C   22       -0.069839       -0.323293       -0.312946
     C   22       -0.323293        0.268355        0.100263
     C   22       -0.312946        0.100263       -0.198516

     C   23        0.472082       -0.352449        0.296897
     C   23       -0.352449       -0.281021        0.143288
     C   23        0.296897        0.143288       -0.191061

     Cl  24        1.338650        0.734051        1.476220
     Cl  24        0.734051       -0.056079       -1.447521
     Cl  24        1.476220       -1.447521       -1.282571

     ----- total EFG (symmetrized) -----
     Cl   1       -0.536840       -1.564064        0.616363
     Cl   1       -1.564064       -0.170883       -1.922271
     Cl   1        0.616363       -1.922271        0.707723

     C    2        0.539915       -0.359984       -0.467765
     C    2       -0.359984       -0.112354       -0.157585
     C    2       -0.467765       -0.157585       -0.427561

     C    3        0.291622        0.427522        0.107739
     C    3        0.427522       -0.328950       -0.104871
     C    3        0.107739       -0.104871        0.037329

     H    4        0.253977        0.100640        0.116743
     H    4        0.100640       -0.109371        0.108952
     H    4        0.116743        0.108952       -0.144606

     C    5        0.125000       -0.004872       -0.442136
     C    5       -0.004872       -0.053323       -0.225473
     C    5       -0.442136       -0.225473       -0.071677

     H    6       -0.124359        0.119701        0.065640
     H    6        0.119701        0.262206        0.123948
     H    6        0.065640        0.123948       -0.137846

     H    7       -0.473937       -0.252176        0.019318
     H    7       -0.252176        0.326989       -0.255299
     H    7        0.019318       -0.255299        0.146948

     C    8        0.286792        0.520353       -0.246920
     C    8        0.520353       -0.053194        0.296607
     C    8       -0.246920        0.296607       -0.233598

     H    9        0.252527       -0.284085        0.402813
     H    9       -0.284085       -0.168212        0.172667
     H    9        0.402813        0.172667       -0.084315

     C   10        0.043603       -0.031816       -0.029636
     C   10       -0.031816        0.008511       -0.059533
     C   10       -0.029636       -0.059533       -0.052114

     C   11        0.181909        0.465123       -0.371343
     C   11        0.465123       -0.219062        0.179100
     C   11       -0.371343        0.179100        0.037154

     Cl  12        0.581103        0.897401       -2.154754
     Cl  12        0.897401       -1.402897        0.438980
     Cl  12       -2.154754        0.438980        0.821794

     H   13       -0.475307       -0.280083        0.209746
     H   13       -0.280083        0.330610        0.459663
     H   13        0.209746        0.459663        0.144697

     C   14        0.434385        0.330745       -0.355653
     C   14        0.330745       -0.445321        0.149223
     C   14       -0.355653        0.149223        0.010937

     H   15        0.022813       -0.067152        0.630771
     H   15       -0.067152       -0.128864        0.377752
     H   15        0.630771        0.377752        0.106051

     C   16        0.199323       -0.196401       -0.378214
     C   16       -0.196401       -0.176365       -0.031447
     C   16       -0.378214       -0.031447       -0.022958

     C   17        0.055028        0.188212       -0.348053
     C   17        0.188212       -0.140159       -0.012589
     C   17       -0.348053       -0.012589        0.085131

     Cl  18        1.862506       -3.139889       -1.621298
     Cl  18       -3.139889       -0.685916        0.366320
     Cl  18       -1.621298        0.366320       -1.176590

     H   19       -0.006157        0.098388       -0.005414
     H   19        0.098388        0.152218       -0.553541
     H   19       -0.005414       -0.553541       -0.146062

     C   20       -0.194237       -0.179208       -0.212891
     C   20       -0.179208       -0.110168        0.247442
     C   20       -0.212891        0.247442        0.304406

     H   21        0.233043        0.050459        0.291751
     H   21        0.050459       -0.423181       -0.154670
     H   21        0.291751       -0.154670        0.190138

     C   22       -0.069839       -0.323293       -0.312946
     C   22       -0.323293        0.268355        0.100263
     C   22       -0.312946        0.100263       -0.198516

     C   23        0.472082       -0.352449        0.296897
     C   23       -0.352449       -0.281021        0.143288
     C   23        0.296897        0.143288       -0.191061

     Cl  24        1.338650        0.734051        1.476220
     Cl  24        0.734051       -0.056079       -1.447521
     Cl  24        1.476220       -1.447521       -1.282571


     NQR/NMR SPECTROSCOPIC PARAMETERS:
     Cl   1    Vxx=   -0.6252    axis=( -0.732518  0.213371  0.646444)
     Cl   1    Vyy=   -2.2637    axis=( -0.546722 -0.750188 -0.371904)
     Cl   1    Vzz=    2.8889    axis=(  0.405601 -0.625852  0.666181)
     Cl   1  Q=        -8.1650 1e-30 m^2  Cq=       -55.4220 MHz  eta= 0.56718

     C    2    Vxx=   -0.0644    axis=( -0.110801 -0.851648  0.512268)
     C    2    Vyy=   -0.7511    axis=(  0.411126  0.429994  0.803791)
     C    2    Vzz=    0.8155    axis=( -0.904820  0.299667  0.302491)
     C    2  Q=         1.0000 1e-30 m^2  Cq=         1.9161 MHz  eta= 0.84206

     C    3    Vxx=    0.0652    axis=(  0.008444 -0.248562  0.968579)
     C    3    Vyy=    0.5147    axis=(  0.892278  0.439128  0.104912)
     C    3    Vzz=   -0.5799    axis=( -0.451407  0.863356  0.225494)
     C    3  Q=         1.0000 1e-30 m^2  Cq=        -1.3625 MHz  eta= 0.77519

     H    4    Vxx=   -0.0844    axis=(  0.405950 -0.734956 -0.543180)
     H    4    Vyy=   -0.2388    axis=(  0.060752  0.614745 -0.786383)
     H    4    Vzz=    0.3232    axis=(  0.911874  0.286233  0.294206)
     H    4  Q=         1.0000 1e-30 m^2  Cq=         0.7595 MHz  eta= 0.47755

     C    5    Vxx=   -0.0139    axis=(  0.434188 -0.888885  0.146165)
     C    5    Vyy=   -0.5010    axis=(  0.534472  0.384809  0.752504)
     C    5    Vzz=    0.5149    axis=( -0.725135 -0.248607  0.642163)
     C    5  Q=         1.0000 1e-30 m^2  Cq=         1.2098 MHz  eta= 0.94613

     H    6    Vxx=   -0.1384    axis=(  0.733506 -0.391118  0.555873)
     H    6    Vyy=   -0.1977    axis=( -0.619937 -0.049695  0.783076)
     H    6    Vzz=    0.3361    axis=(  0.278651  0.918998  0.278920)
     H    6  Q=         1.0000 1e-30 m^2  Cq=         0.7897 MHz  eta= 0.17624

     H    7    Vxx=   -0.0037    axis=( -0.224089  0.482700  0.846631)
     H    7    Vyy=   -0.5510    axis=( -0.951269 -0.297159 -0.082363)
     H    7    Vzz=    0.5548    axis=(  0.211828 -0.823831  0.525768)
     H    7  Q=         1.0000 1e-30 m^2  Cq=         1.3035 MHz  eta= 0.98658

     C    8    Vxx=    0.0647    axis=( -0.332761  0.516447  0.789020)
     C    8    Vyy=    0.6651    axis=( -0.815921 -0.577182  0.033684)
     C    8    Vzz=   -0.7298    axis=(  0.472804 -0.632569  0.613443)
     C    8  Q=         1.0000 1e-30 m^2  Cq=        -1.7147 MHz  eta= 0.82274

     H    9    Vxx=    0.0291    axis=(  0.152375 -0.765892 -0.624653)
     H    9    Vyy=    0.5526    axis=( -0.850259  0.220611 -0.477902)
     H    9    Vzz=   -0.5818    axis=(  0.503826  0.603937 -0.617591)
     H    9  Q=         1.0000 1e-30 m^2  Cq=        -1.3669 MHz  eta= 0.89985

     C   10    Vxx=    0.0380    axis=(  0.506582  0.633476 -0.584878)
     C   10    Vyy=    0.0628    axis=( -0.815407  0.572425 -0.086263)
     C   10    Vzz=   -0.1008    axis=(  0.280153  0.520613  0.806521)
     C   10  Q=         1.0000 1e-30 m^2  Cq=        -0.2369 MHz  eta= 0.24564

     C   11    Vxx=    0.1134    axis=( -0.131626 -0.606575 -0.784054)
     C   11    Vyy=    0.5898    axis=(  0.820731  0.376893 -0.429363)
     C   11    Vzz=   -0.7031    axis=(  0.555945 -0.700013  0.448226)
     C   11  Q=         1.0000 1e-30 m^2  Cq=        -1.6521 MHz  eta= 0.67753

     Cl  12    Vxx=   -0.4893    axis=( -0.465635 -0.710728 -0.527305)
     Cl  12    Vyy=   -2.3920    axis=(  0.545538 -0.699685  0.461334)
     Cl  12    Vzz=    2.8813    axis=( -0.696830 -0.072852  0.713527)
     Cl  12  Q=        -8.1650 1e-30 m^2  Cq=       -55.2764 MHz  eta= 0.66038

     H   13    Vxx=    0.0043    axis=(  0.568661 -0.466399  0.677567)
     H   13    Vyy=    0.7132    axis=( -0.078484  0.789195  0.609108)
     H   13    Vzz=   -0.7176    axis=( -0.818819 -0.399554  0.412179)
     H   13  Q=         1.0000 1e-30 m^2  Cq=        -1.6860 MHz  eta= 0.98795

     C   14    Vxx=   -0.0182    axis=( -0.277598 -0.501332 -0.819516)
     C   14    Vyy=   -0.6628    axis=(  0.378738 -0.841065  0.386222)
     C   14    Vzz=    0.6810    axis=( -0.882891 -0.203167  0.423351)
     C   14  Q=         1.0000 1e-30 m^2  Cq=         1.6002 MHz  eta= 0.94641

     H   15    Vxx=   -0.0273    axis=(  0.529611 -0.838024 -0.131259)
     H   15    Vyy=   -0.7338    axis=(  0.588168  0.474307 -0.655051)
     H   15    Vzz=    0.7611    axis=(  0.611205  0.269720  0.744097)
     H   15  Q=         1.0000 1e-30 m^2  Cq=         1.7883 MHz  eta= 0.92837

     C   16    Vxx=   -0.1066    axis=(  0.192475 -0.798541  0.570338)
     C   16    Vyy=   -0.4047    axis=( -0.561767 -0.566210 -0.603178)
     C   16    Vzz=    0.5113    axis=( -0.804594  0.204300  0.557575)
     C   16  Q=         1.0000 1e-30 m^2  Cq=         1.2013 MHz  eta= 0.58315

     C   17    Vxx=   -0.0915    axis=(  0.244339  0.806194  0.538842)
     C   17    Vyy=   -0.3609    axis=( -0.669838  0.542124 -0.507364)
     C   17    Vzz=    0.4525    axis=( -0.701153 -0.236968  0.672481)
     C   17  Q=         1.0000 1e-30 m^2  Cq=         1.0631 MHz  eta= 0.59541

     Cl  18    Vxx=   -1.3719    axis=(  0.004426 -0.455194  0.890382)
     Cl  18    Vyy=   -3.0385    axis=( -0.584841 -0.723413 -0.366926)
     Cl  18    Vzz=    4.4105    axis=(  0.811136 -0.519107 -0.269418)
     Cl  18  Q=        -8.1650 1e-30 m^2  Cq=       -84.6126 MHz  eta= 0.37788

     H   19    Vxx=   -0.0119    axis=(  0.985788 -0.048618  0.160803)
     H   19    Vyy=   -0.5757    axis=( -0.098044  0.610767  0.785717)
     H   19    Vzz=    0.5876    axis=( -0.136413 -0.790316  0.597320)
     H   19  Q=         1.0000 1e-30 m^2  Cq=         1.3805 MHz  eta= 0.95952

     C   20    Vxx=   -0.1850    axis=( -0.478992  0.681700 -0.553038)
     C   20    Vyy=   -0.3368    axis=( -0.803189 -0.594560 -0.037232)
     C   20    Vzz=    0.5218    axis=( -0.354196  0.426360  0.832324)
     C   20  Q=         1.0000 1e-30 m^2  Cq=         1.2259 MHz  eta= 0.29089

     H   21    Vxx=   -0.0271    axis=( -0.671114 -0.342291  0.657605)
     H   21    Vyy=   -0.4822    axis=(  0.187037 -0.936512 -0.296586)
     H   21    Vzz=    0.5093    axis=(  0.717373 -0.076047  0.692527)
     H   21  Q=         1.0000 1e-30 m^2  Cq=         1.1967 MHz  eta= 0.89359

     C   22    Vxx=   -0.0722    axis=( -0.456158 -0.620692  0.637700)
     C   22    Vyy=   -0.4803    axis=(  0.690444  0.205245  0.693658)
     C   22    Vzz=    0.5526    axis=( -0.561433  0.756714  0.334929)
     C   22  Q=         1.0000 1e-30 m^2  Cq=         1.2984 MHz  eta= 0.73851

     C   23    Vxx=   -0.0866    axis=(  0.024284 -0.621274 -0.783217)
     C   23    Vyy=   -0.5863    axis=( -0.398933 -0.724389  0.562240)
     C   23    Vzz=    0.6729    axis=( -0.916658  0.298798 -0.265438)
     C   23  Q=         1.0000 1e-30 m^2  Cq=         1.5811 MHz  eta= 0.74260

     Cl  24    Vxx=    0.8716    axis=(  0.150923  0.865289 -0.478014)
     Cl  24    Vyy=    2.0063    axis=( -0.919688 -0.054410 -0.388863)
     Cl  24    Vzz=   -2.8779    axis=( -0.362487  0.498312  0.787584)
     Cl  24  Q=        -8.1650 1e-30 m^2  Cq=        55.2104 MHz  eta= 0.39427

     Initialization:
     gipaw_setup  :      9.09s CPU     11.09s WALL (       1 calls)

     Linear response

     Apply operators

     Induced current

     Other routines
     efg          :      9.50s CPU     12.25s WALL (       1 calls)

     General routines
     calbec       :      3.28s CPU      4.43s WALL (      16 calls)
     fft          :      1.64s CPU      2.53s WALL (      15 calls)
     ffts         :      0.04s CPU      0.04s WALL (       2 calls)
     fftw         :      3.54s CPU      4.50s WALL (     672 calls)
     davcio       :      0.04s CPU      0.34s WALL (      32 calls)

     Parallel routines
     fft_scatter  :      2.42s CPU      4.17s WALL (     689 calls)

     Plugins

     GIPAW        :     60.43s CPU     71.95s WALL (       1 calls)
