
     Program QE v.6.0 (svn rev. 13079) starts on  4Jan2017 at 16: 5: 2 

     This program is part of the open-source Quantum ESPRESSO suite
     for quantum simulation of materials; please cite
         "P. Giannozzi et al., J. Phys.:Condens. Matter 21 395502 (2009);
          URL http://www.quantum-espresso.org", 
     in publications or presentations arising from this work. More details at
     http://www.quantum-espresso.org/quote

     Parallel version (MPI), running on     8 processors
     R & G space division:  proc/nbgrp/npool/nimage =       8

     ***** This is GIPAW svn revision unknown      *****

     Parallelizing q-star over 1 images

     Reading data from directory:
     /users/majewski/paradichlorobenzene/pbe/9_constraint/scratch/pbe.ecut100.np8.dt60.pcl2phi-129368.save
     Message from routine read_xml_file:
     file /users/majewski/paradichlorobenzene/pbe/9_constraint/scratch/pbe.ecut100.np8.dt60.pcl2phi-129368.save not guaranteed to be safe for post-processing

   Info: using nr1, nr2, nr3 values from input

   Info: using nr1, nr2, nr3 values from input

     IMPORTANT: XC functional enforced from input :
     Exchange-correlation      =  SLA  PW   PBX  PBC ( 1  4  3  4 0 0)
     Any further DFT definition will be discarded
     Please, verify this is what you really want

               file C.pbe-n-kjpaw_psl.1.0.0.UPF: wavefunction(s)  2S 2P renormalized
               file Cl.pbe-n-kjpaw_psl.1.0.0.UPF: wavefunction(s)  3S 3P renormalized
               file H.pbe-kjpaw_psl.1.0.0.UPF: wavefunction(s)  1S renormalized

     Parallelization info
     --------------------
     sticks:   dense  smooth     PW     G-vecs:    dense   smooth      PW
     Min        3057    1223    332               144436    36536    5170
     Max        3059    1225    333               144437    36537    5171
     Sum       24467    9791   2657              1155489   292295   41363


     Subspace diagonalization in iterative solution of the eigenvalue problem:
     a serial algorithm will be used

     GIPAW projectors -----------------------------------------------
     atom=  C    l=0  rc=    1.2000  rs=    0.8000
     atom=  C    l=0  rc=    1.2000  rs=    0.8000
     atom=  C    l=1  rc=    1.4000  rs=    0.9333
     atom=  C    l=1  rc=    1.4000  rs=    0.9333
     projs nearly linearly dependent: l=1  n1,n2= 1, 2  s=  0.99951561

     atom=  Cl   l=0  rc=    1.6000  rs=    1.0667
     atom=  Cl   l=0  rc=    1.6000  rs=    1.0667
     atom=  Cl   l=1  rc=    1.6000  rs=    1.0667
     atom=  Cl   l=1  rc=    1.6000  rs=    1.0667
     atom=  Cl   l=2  rc=    1.6000  rs=    1.0667
     atom=  Cl   l=2  rc=    1.6000  rs=    1.0667
     projs nearly linearly dependent: l=2  n1,n2= 1, 2  s=  0.99993509

     atom=  H    l=0  rc=    1.0000  rs=    0.6667
     atom=  H    l=0  rc=    1.0000  rs=    0.6667
     projs nearly linearly dependent: l=0  n1,n2= 1, 2  s=  0.99968852
     -----------------------------------------------------------------

     GIPAW integrals: -------------------------------------------
     Atom  i/j   nmr_para   nmr_dia   epr_rmc  epr_para   epr_dia
       C   1 1   0.83E+03  0.17E-01  0.93E+01  0.24E+08  0.24E+03
       C   2 1   0.86E+03 -0.61E-01  0.94E+01  0.25E+08  0.25E+03
       C   2 2   0.90E+03 -0.15E+00  0.97E+01  0.26E+08  0.26E+03
       C   3 3   0.33E+01  0.34E+00  0.18E+01  0.55E+03  0.21E+02
       C   4 3   0.35E+01  0.37E+00  0.20E+01  0.59E+03  0.22E+02
       C   4 4   0.38E+01  0.39E+00  0.22E+01  0.63E+03  0.24E+02
       Cl  1 1   0.14E+04 -0.47E+00  0.84E+01  0.32E+09  0.42E+03
       Cl  2 1   0.21E+04 -0.37E+00  0.12E+02  0.49E+09  0.65E+03
       Cl  2 2   0.33E+04 -0.16E+00  0.21E+02  0.76E+09  0.10E+04
       Cl  3 3   0.21E+02  0.79E-01  0.89E+01  0.23E+05  0.13E+03
       Cl  4 3   0.24E+02  0.67E-01  0.99E+01  0.27E+05  0.15E+03
       Cl  4 4   0.28E+02  0.44E-01  0.11E+02  0.32E+05  0.18E+03
       Cl  5 5   0.77E+00  0.19E+00  0.18E+01  0.12E+03  0.22E+02
       Cl  6 5   0.80E+00  0.19E+00  0.19E+01  0.12E+03  0.23E+02
       Cl  6 6   0.83E+00  0.20E+00  0.19E+01  0.12E+03  0.23E+02
       H   1 1   0.39E+02  0.19E+00  0.29E+00  0.78E+05  0.13E+02
       H   2 1   0.41E+02  0.21E+00  0.32E+00  0.82E+05  0.14E+02
       H   2 2   0.43E+02  0.22E+00  0.36E+00  0.86E+05  0.15E+02
     ------------------------------------------------------------

     alpha_pv=     34.1609 eV

     Number of occupied bands for each k-point:
     k-point:     1    nbnd_occ=  42
     k-point:     2    nbnd_occ=  42
     k-point:     3    nbnd_occ=  42
     k-point:     4    nbnd_occ=  42
     k-point:     5    nbnd_occ=  42
     k-point:     6    nbnd_occ=  42
     k-point:     7    nbnd_occ=  42
     k-point:     8    nbnd_occ=  42
     k-point:     9    nbnd_occ=  42
     k-point:    10    nbnd_occ=  42
     k-point:    11    nbnd_occ=  42
     k-point:    12    nbnd_occ=  42
     k-point:    13    nbnd_occ=  42
     k-point:    14    nbnd_occ=  42
     k-point:    15    nbnd_occ=  42
     k-point:    16    nbnd_occ=  42


     q-space interpolation up to   110.00 Rydberg

     GIPAW job: efg                                                                             


     ELECTRIC FIELD GRADIENTS TENSORS IN Hartree/bohrradius^2:

     ----- bare term -----
     Cl   1        0.017646        0.044819       -0.038344
     Cl   1        0.044819        0.060973       -0.008612
     Cl   1       -0.038344       -0.008612       -0.078619

     C    2       -0.774841        0.462732       -0.360504
     C    2        0.462732        0.354676       -0.046857
     C    2       -0.360504       -0.046857        0.420165

     C    3        0.280728        0.109628       -0.096482
     C    3        0.109628       -0.230206       -0.538370
     C    3       -0.096482       -0.538370       -0.050522

     H    4        0.123842        0.042937       -0.426021
     H    4        0.042937        0.049244        0.268964
     H    4       -0.426021        0.268964       -0.173086

     C    5       -0.913416        0.375368       -0.411339
     C    5        0.375368        0.453702       -0.051897
     C    5       -0.411339       -0.051897        0.459714

     H    6        0.359504       -0.085524        0.010529
     H    6       -0.085524       -0.455547       -0.611887
     H    6        0.010529       -0.611887        0.096043

     H    7        0.272599        0.424715        0.088028
     H    7        0.424715       -0.625985       -0.031307
     H    7        0.088028       -0.031307        0.353387

     C    8        0.015056       -0.059319        0.061031
     C    8       -0.059319       -0.249715        0.064950
     C    8        0.061031        0.064950        0.234660

     H    9       -0.375446        0.360791        0.208532
     H    9        0.360791        0.177914       -0.100401
     H    9        0.208532       -0.100401        0.197532

     C   10       -0.055118       -0.027294        0.120535
     C   10       -0.027294       -0.085623       -0.005182
     C   10        0.120535       -0.005182        0.140741

     C   11       -0.181729        0.052102       -0.168005
     C   11        0.052102        0.005691        0.412451
     C   11       -0.168005        0.412451        0.176037

     Cl  12        0.030323       -0.130700        0.028257
     Cl  12       -0.130700        0.069069       -0.139985
     Cl  12        0.028257       -0.139985       -0.099392

     H   13        0.449657        0.028112        0.049288
     H   13        0.028112       -0.392526       -0.636763
     H   13        0.049288       -0.636763       -0.057131

     C   14       -0.056889       -0.059491       -0.254957
     C   14       -0.059491       -0.195258       -0.332164
     C   14       -0.254957       -0.332164        0.252148

     H   15        0.115662       -0.128999       -0.353164
     H   15       -0.128999        0.323707       -0.419988
     H   15       -0.353164       -0.419988       -0.439369

     C   16       -0.555899        0.371868       -0.334336
     C   16        0.371868        0.274734       -0.095484
     C   16       -0.334336       -0.095484        0.281165

     C   17        0.130386       -0.142629       -0.166316
     C   17       -0.142629       -0.415877       -0.517980
     C   17       -0.166316       -0.517980        0.285491

     Cl  18       -0.161713        0.330277        0.135989
     Cl  18        0.330277        0.083478        0.002270
     Cl  18        0.135989        0.002270        0.078235

     H   19        0.540120       -0.015681       -0.075049
     H   19       -0.015681        0.005575        0.199338
     H   19       -0.075049        0.199338       -0.545695

     C   20       -0.479496       -0.338876        0.023737
     C   20       -0.338876        0.167957        0.310637
     C   20        0.023737        0.310637        0.311539

     H   21       -0.511195       -0.242245       -0.174650
     H   21       -0.242245        0.140198        0.293644
     H   21       -0.174650        0.293644        0.370996

     C   22        0.036816        0.052194       -0.257439
     C   22        0.052194       -0.044052        0.637766
     C   22       -0.257439        0.637766        0.007235

     C   23       -0.466417       -0.371276       -0.455416
     C   23       -0.371276        0.294783        0.126287
     C   23       -0.455416        0.126287        0.171634

     Cl  24       -0.024386       -0.127139        0.044951
     Cl  24       -0.127139        0.054187       -0.081636
     Cl  24        0.044951       -0.081636       -0.029801

     ----- ionic term -----
     Cl   1        0.158673       -0.228021        0.032697
     Cl   1       -0.228021       -0.001443       -0.014532
     Cl   1        0.032697       -0.014532       -0.157230

     C    2        0.114222       -0.239021        0.319292
     C    2       -0.239021        0.054151        0.425338
     C    2        0.319292        0.425338       -0.168373

     C    3       -0.017691       -0.303365        0.250844
     C    3       -0.303365        0.143624        0.402928
     C    3        0.250844        0.402928       -0.125933

     H    4        0.259944        0.166051        0.776214
     H    4        0.166051       -0.464808        0.231716
     H    4        0.776214        0.231716        0.204864

     C    5        0.102658       -0.292354        0.336615
     C    5       -0.292354        0.065725        0.257581
     C    5        0.336615        0.257581       -0.168382

     H    6       -0.525098       -0.091308       -0.017893
     H    6       -0.091308        0.614496        0.706463
     H    6       -0.017893        0.706463       -0.089398

     H    7       -0.519773       -0.089651        0.033148
     H    7       -0.089651        0.661907       -0.719042
     H    7        0.033148       -0.719042       -0.142134

     C    8        0.334464        0.158942        0.082342
     C    8        0.158942        0.121891       -0.334840
     C    8        0.082342       -0.334840       -0.456355

     H    9        0.939501       -0.295894        0.391898
     H    9       -0.295894       -0.444354       -0.160548
     H    9        0.391898       -0.160548       -0.495147

     C   10        0.224343        0.219976        0.057003
     C   10        0.219976        0.235186       -0.378398
     C   10        0.057003       -0.378398       -0.459529

     C   11        0.238072        0.148873        0.164173
     C   11        0.148873        0.167058       -0.350617
     C   11        0.164173       -0.350617       -0.405131

     Cl  12        0.111489        0.186170       -0.022008
     Cl  12        0.186170        0.042367       -0.029546
     Cl  12       -0.022008       -0.029546       -0.153857

     H   13       -0.520914        0.061990        0.038198
     H   13        0.061990        0.606174        0.725851
     H   13        0.038198        0.725851       -0.085260

     C   14        0.221784       -0.232840        0.357622
     C   14       -0.232840        0.043230        0.257861
     C   14        0.357622        0.257861       -0.265014

     H   15        0.531350        0.220461        0.781794
     H   15        0.220461       -0.475068        0.204354
     H   15        0.781794        0.204354       -0.056281

     C   16        0.111054       -0.246981        0.296890
     C   16       -0.246981        0.168504        0.326977
     C   16        0.296890        0.326977       -0.279558

     C   17       -0.021945       -0.200226        0.369401
     C   17       -0.200226        0.176752        0.377711
     C   17        0.369401        0.377711       -0.154807

     Cl  18        0.067668       -0.188129        0.037389
     Cl  18       -0.188129        0.073422       -0.020295
     Cl  18        0.037389       -0.020295       -0.141090

     H   19       -0.521276       -0.002771        0.001795
     H   19       -0.002771        0.471618       -0.792105
     H   19        0.001795       -0.792105        0.049658

     C   20        0.283234        0.219565        0.095461
     C   20        0.219565        0.045188       -0.343126
     C   20        0.095461       -0.343126       -0.328422

     H   21        0.844537       -0.314049        0.469182
     H   21       -0.314049       -0.426246       -0.179872
     H   21        0.469182       -0.179872       -0.418291

     C   22        0.216993        0.154258        0.097223
     C   22        0.154258        0.143286       -0.411986
     C   22        0.097223       -0.411986       -0.360278

     C   23        0.311591        0.041144        0.170922
     C   23        0.041144        0.084602       -0.391066
     C   23        0.170922       -0.391066       -0.396193

     Cl  24        0.117908        0.205633       -0.016096
     Cl  24        0.205633        0.013847       -0.027751
     Cl  24       -0.016096       -0.027751       -0.131755

     ----- GIPAW term -----
     Cl   1       -0.084370       -1.296353       -0.184023
     Cl   1       -1.296353        2.686896       -0.389805
     Cl   1       -0.184023       -0.389805       -2.602526

     C    2       -0.170416        0.005047       -0.033493
     C    2        0.005047        0.256325        0.103578
     C    2       -0.033493        0.103578       -0.085909

     C    3       -0.038761        0.011950        0.005394
     C    3        0.011950        0.153470        0.005722
     C    3        0.005394        0.005722       -0.114709

     H    4       -0.000000        0.000000        0.000000
     H    4        0.000000        0.000000        0.000000
     H    4        0.000000        0.000000        0.000000

     C    5       -0.198601        0.012589       -0.035582
     C    5        0.012589        0.246951        0.087516
     C    5       -0.035582        0.087516       -0.048349

     H    6       -0.000000        0.000000        0.000000
     H    6        0.000000        0.000000        0.000000
     H    6        0.000000        0.000000        0.000000

     H    7       -0.000000        0.000000        0.000000
     H    7        0.000000        0.000000        0.000000
     H    7        0.000000        0.000000        0.000000

     C    8        0.014452       -0.034803        0.001459
     C    8       -0.034803        0.002984        0.028508
     C    8        0.001459        0.028508       -0.017436

     H    9       -0.000000        0.000000        0.000000
     H    9        0.000000        0.000000        0.000000
     H    9        0.000000        0.000000        0.000000

     C   10       -0.010279        0.001544        0.004354
     C   10        0.001544        0.004457        0.002602
     C   10        0.004354        0.002602        0.005822

     C   11       -0.060497        0.031537       -0.049530
     C   11        0.031537       -0.010646        0.137024
     C   11       -0.049530        0.137024        0.071144

     Cl  12       -0.661699        0.561143       -0.545346
     Cl  12        0.561143       -0.734429        1.200024
     Cl  12       -0.545346        1.200024        1.396128

     H   13       -0.000000        0.000000        0.000000
     H   13        0.000000        0.000000        0.000000
     H   13        0.000000        0.000000        0.000000

     C   14       -0.109044       -0.069547       -0.055689
     C   14       -0.069547        0.084572        0.143215
     C   14       -0.055689        0.143215        0.024471

     H   15       -0.000000        0.000000        0.000000
     H   15        0.000000        0.000000        0.000000
     H   15        0.000000        0.000000        0.000000

     C   16       -0.104445       -0.001650       -0.060092
     C   16       -0.001650        0.052695        0.076751
     C   16       -0.060092        0.076751        0.051750

     C   17       -0.057115       -0.082412       -0.011744
     C   17       -0.082412        0.004131        0.098693
     C   17       -0.011744        0.098693        0.052984

     Cl  18       -0.167709       -0.226642       -1.530700
     Cl  18       -0.226642       -1.115877        0.008718
     Cl  18       -1.530700        0.008718        1.283586

     H   19       -0.000000        0.000000        0.000000
     H   19        0.000000        0.000000        0.000000
     H   19        0.000000        0.000000        0.000000

     C   20       -0.117821        0.060886        0.089627
     C   20        0.060886        0.109261        0.162453
     C   20        0.089627        0.162453        0.008560

     H   21       -0.000000        0.000000        0.000000
     H   21        0.000000        0.000000        0.000000
     H   21        0.000000        0.000000        0.000000

     C   22       -0.107069        0.108623       -0.036507
     C   22        0.108623        0.260017        0.067767
     C   22       -0.036507        0.067767       -0.152948

     C   23       -0.023699       -0.161187       -0.021632
     C   23       -0.161187        0.188558       -0.054534
     C   23       -0.021632       -0.054534       -0.164858

     Cl  24        0.518571       -0.198334        0.790291
     Cl  24       -0.198334        1.471784       -1.401998
     Cl  24        0.790291       -1.401998       -1.990354

     ----- total EFG -----
     Cl   1        0.091949       -1.479555       -0.189671
     Cl   1       -1.479555        2.746426       -0.412950
     Cl   1       -0.189671       -0.412950       -2.838375

     C    2       -0.831035        0.228758       -0.074704
     C    2        0.228758        0.665151        0.482059
     C    2       -0.074704        0.482059        0.165883

     C    3        0.224276       -0.181787        0.159756
     C    3       -0.181787        0.066888       -0.129720
     C    3        0.159756       -0.129720       -0.291163

     H    4        0.383786        0.208988        0.350193
     H    4        0.208988       -0.415564        0.500680
     H    4        0.350193        0.500680        0.031778

     C    5       -1.009359        0.095603       -0.110306
     C    5        0.095603        0.766377        0.293200
     C    5       -0.110306        0.293200        0.242982

     H    6       -0.165594       -0.176833       -0.007364
     H    6       -0.176833        0.158948        0.094576
     H    6       -0.007364        0.094576        0.006645

     H    7       -0.247174        0.335064        0.121176
     H    7        0.335064        0.035921       -0.750349
     H    7        0.121176       -0.750349        0.211253

     C    8        0.363972        0.064821        0.144833
     C    8        0.064821       -0.124841       -0.241383
     C    8        0.144833       -0.241383       -0.239131

     H    9        0.564055        0.064897        0.600430
     H    9        0.064897       -0.266440       -0.260949
     H    9        0.600430       -0.260949       -0.297615

     C   10        0.158947        0.194227        0.181892
     C   10        0.194227        0.154020       -0.380978
     C   10        0.181892       -0.380978       -0.312966

     C   11       -0.004154        0.232513       -0.053362
     C   11        0.232513        0.162104        0.198858
     C   11       -0.053362        0.198858       -0.157950

     Cl  12       -0.519886        0.616614       -0.539098
     Cl  12        0.616614       -0.622993        1.030493
     Cl  12       -0.539098        1.030493        1.142879

     H   13       -0.071258        0.090102        0.087486
     H   13        0.090102        0.213649        0.089088
     H   13        0.087486        0.089088       -0.142391

     C   14        0.055850       -0.361877        0.046976
     C   14       -0.361877       -0.067455        0.068911
     C   14        0.046976        0.068911        0.011605

     H   15        0.647012        0.091462        0.428630
     H   15        0.091462       -0.151362       -0.215634
     H   15        0.428630       -0.215634       -0.495650

     C   16       -0.549290        0.123237       -0.097538
     C   16        0.123237        0.495933        0.308244
     C   16       -0.097538        0.308244        0.053357

     C   17        0.051326       -0.425267        0.191341
     C   17       -0.425267       -0.234993       -0.041576
     C   17        0.191341       -0.041576        0.183667

     Cl  18       -0.261754       -0.084494       -1.357321
     Cl  18       -0.084494       -0.958977       -0.009306
     Cl  18       -1.357321       -0.009306        1.220731

     H   19        0.018844       -0.018452       -0.073254
     H   19       -0.018452        0.477193       -0.592766
     H   19       -0.073254       -0.592766       -0.496037

     C   20       -0.314084       -0.058425        0.208825
     C   20       -0.058425        0.322407        0.129963
     C   20        0.208825        0.129963       -0.008323

     H   21        0.333342       -0.556294        0.294531
     H   21       -0.556294       -0.286047        0.113772
     H   21        0.294531        0.113772       -0.047295

     C   22        0.146740        0.315075       -0.196723
     C   22        0.315075        0.359251        0.293547
     C   22       -0.196723        0.293547       -0.505991

     C   23       -0.178526       -0.491320       -0.306127
     C   23       -0.491320        0.567943       -0.319313
     C   23       -0.306127       -0.319313       -0.389417

     Cl  24        0.612092       -0.119841        0.819145
     Cl  24       -0.119841        1.539818       -1.511385
     Cl  24        0.819145       -1.511385       -2.151910

     ----- total EFG (symmetrized) -----
     Cl   1        0.091949       -1.479555       -0.189671
     Cl   1       -1.479555        2.746426       -0.412950
     Cl   1       -0.189671       -0.412950       -2.838375

     C    2       -0.831035        0.228758       -0.074704
     C    2        0.228758        0.665151        0.482059
     C    2       -0.074704        0.482059        0.165883

     C    3        0.224276       -0.181787        0.159756
     C    3       -0.181787        0.066888       -0.129720
     C    3        0.159756       -0.129720       -0.291163

     H    4        0.383786        0.208988        0.350193
     H    4        0.208988       -0.415564        0.500680
     H    4        0.350193        0.500680        0.031778

     C    5       -1.009359        0.095603       -0.110306
     C    5        0.095603        0.766377        0.293200
     C    5       -0.110306        0.293200        0.242982

     H    6       -0.165594       -0.176833       -0.007364
     H    6       -0.176833        0.158948        0.094576
     H    6       -0.007364        0.094576        0.006645

     H    7       -0.247174        0.335064        0.121176
     H    7        0.335064        0.035921       -0.750349
     H    7        0.121176       -0.750349        0.211253

     C    8        0.363972        0.064821        0.144833
     C    8        0.064821       -0.124841       -0.241383
     C    8        0.144833       -0.241383       -0.239131

     H    9        0.564055        0.064897        0.600430
     H    9        0.064897       -0.266440       -0.260949
     H    9        0.600430       -0.260949       -0.297615

     C   10        0.158947        0.194227        0.181892
     C   10        0.194227        0.154020       -0.380978
     C   10        0.181892       -0.380978       -0.312966

     C   11       -0.004154        0.232513       -0.053362
     C   11        0.232513        0.162104        0.198858
     C   11       -0.053362        0.198858       -0.157950

     Cl  12       -0.519886        0.616614       -0.539098
     Cl  12        0.616614       -0.622993        1.030493
     Cl  12       -0.539098        1.030493        1.142879

     H   13       -0.071258        0.090102        0.087486
     H   13        0.090102        0.213649        0.089088
     H   13        0.087486        0.089088       -0.142391

     C   14        0.055850       -0.361877        0.046976
     C   14       -0.361877       -0.067455        0.068911
     C   14        0.046976        0.068911        0.011605

     H   15        0.647012        0.091462        0.428630
     H   15        0.091462       -0.151362       -0.215634
     H   15        0.428630       -0.215634       -0.495650

     C   16       -0.549290        0.123237       -0.097538
     C   16        0.123237        0.495933        0.308244
     C   16       -0.097538        0.308244        0.053357

     C   17        0.051326       -0.425267        0.191341
     C   17       -0.425267       -0.234993       -0.041576
     C   17        0.191341       -0.041576        0.183667

     Cl  18       -0.261754       -0.084494       -1.357321
     Cl  18       -0.084494       -0.958977       -0.009306
     Cl  18       -1.357321       -0.009306        1.220731

     H   19        0.018844       -0.018452       -0.073254
     H   19       -0.018452        0.477193       -0.592766
     H   19       -0.073254       -0.592766       -0.496037

     C   20       -0.314084       -0.058425        0.208825
     C   20       -0.058425        0.322407        0.129963
     C   20        0.208825        0.129963       -0.008323

     H   21        0.333342       -0.556294        0.294531
     H   21       -0.556294       -0.286047        0.113772
     H   21        0.294531        0.113772       -0.047295

     C   22        0.146740        0.315075       -0.196723
     C   22        0.315075        0.359251        0.293547
     C   22       -0.196723        0.293547       -0.505991

     C   23       -0.178526       -0.491320       -0.306127
     C   23       -0.491320        0.567943       -0.319313
     C   23       -0.306127       -0.319313       -0.389417

     Cl  24        0.612092       -0.119841        0.819145
     Cl  24       -0.119841        1.539818       -1.511385
     Cl  24        0.819145       -1.511385       -2.151910


     NQR/NMR SPECTROSCOPIC PARAMETERS:
     Cl   1    Vxx=   -0.5186    axis=(  0.908052  0.393236 -0.144249)
     Cl   1    Vyy=   -2.9026    axis=(  0.112913  0.101825  0.988374)
     Cl   1    Vzz=    3.4212    axis=(  0.403352 -0.913782  0.048061)
     Cl   1  Q=        -8.1650 1e-30 m^2  Cq=       -65.6347 MHz  eta= 0.69681

     C    2    Vxx=   -0.0840    axis=( -0.230578 -0.475766  0.848811)
     C    2    Vyy=   -0.8882    axis=(  0.969067 -0.191157  0.156101)
     C    2    Vzz=    0.9722    axis=(  0.087988  0.858549  0.505125)
     C    2  Q=         1.0000 1e-30 m^2  Cq=         2.2843 MHz  eta= 0.82716

     C    3    Vxx=   -0.0513    axis=(  0.573617  0.816941 -0.059755)
     C    3    Vyy=   -0.3528    axis=(  0.198958 -0.209721 -0.957305)
     C    3    Vzz=    0.4041    axis=( -0.794594  0.537237 -0.282837)
     C    3  Q=         1.0000 1e-30 m^2  Cq=         0.9494 MHz  eta= 0.74624

     H    4    Vxx=   -0.0375    axis=(  0.694943 -0.403777 -0.594994)
     H    4    Vyy=   -0.7405    axis=(  0.015622  0.835738 -0.548906)
     H    4    Vzz=    0.7780    axis=( -0.718895 -0.372163 -0.587098)
     H    4  Q=         1.0000 1e-30 m^2  Cq=         1.8279 MHz  eta= 0.90368

     C    5    Vxx=    0.1288    axis=( -0.121622 -0.399592  0.908589)
     C    5    Vyy=    0.8986    axis=(  0.022386  0.914047  0.404989)
     C    5    Vzz=   -1.0274    axis=( -0.992324  0.069596 -0.102223)
     C    5  Q=         1.0000 1e-30 m^2  Cq=        -2.4140 MHz  eta= 0.74928

     H    6    Vxx=   -0.0202    axis=(  0.251589 -0.245874  0.936082)
     H    6    Vyy=   -0.2475    axis=(  0.897610  0.420975 -0.130675)
     H    6    Vzz=    0.2676    axis=( -0.361937  0.873113  0.326612)
     H    6  Q=         1.0000 1e-30 m^2  Cq=         0.6288 MHz  eta= 0.84923

     H    7    Vxx=   -0.0706    axis=( -0.855345 -0.297441 -0.424162)
     H    7    Vyy=   -0.8248    axis=(  0.503365 -0.670783 -0.544679)
     H    7    Vzz=    0.8954    axis=( -0.122510 -0.679396  0.723472)
     H    7  Q=         1.0000 1e-30 m^2  Cq=         2.1038 MHz  eta= 0.84237

     C    8    Vxx=    0.0617    axis=(  0.110576  0.800510 -0.589030)
     C    8    Vyy=    0.3972    axis=( -0.976621 -0.022411 -0.213795)
     C    8    Vzz=   -0.4589    axis=( -0.184346  0.598900  0.779317)
     C    8  Q=         1.0000 1e-30 m^2  Cq=        -1.0782 MHz  eta= 0.73098

     H    9    Vxx=   -0.1271    axis=(  0.266671  0.876111 -0.401641)
     H    9    Vyy=   -0.7486    axis=( -0.384640  0.478850  0.789148)
     H    9    Vzz=    0.8757    axis=(  0.883707 -0.055956  0.464683)
     H    9  Q=         1.0000 1e-30 m^2  Cq=         2.0575 MHz  eta= 0.70980

     C   10    Vxx=    0.2064    axis=( -0.854225  0.228661 -0.466919)
     C   10    Vyy=    0.4042    axis=(  0.413357  0.843418 -0.343193)
     C   10    Vzz=   -0.6106    axis=( -0.315333  0.486168  0.814988)
     C   10  Q=         1.0000 1e-30 m^2  Cq=        -1.4347 MHz  eta= 0.32403

     C   11    Vxx=   -0.0281    axis=(  0.732582 -0.223171 -0.643054)
     C   11    Vyy=   -0.3345    axis=(  0.474664 -0.509631  0.717615)
     C   11    Vzz=    0.3626    axis=( -0.487871 -0.830946 -0.267415)
     C   11  Q=         1.0000 1e-30 m^2  Cq=         0.8520 MHz  eta= 0.84477

     Cl  12    Vxx=    0.0060    axis=(  0.809033  0.572072 -0.134906)
     Cl  12    Vyy=    1.6447    axis=(  0.118722 -0.383846 -0.915733)
     Cl  12    Vzz=   -1.6507    axis=( -0.575649  0.724842 -0.378461)
     Cl  12  Q=        -8.1650 1e-30 m^2  Cq=        31.6686 MHz  eta= 0.99271

     H   13    Vxx=   -0.0668    axis=(  0.797431 -0.399736  0.452012)
     H   13    Vyy=   -0.2029    axis=(  0.518298  0.070170 -0.852317)
     H   13    Vzz=    0.2698    axis=(  0.308984  0.913940  0.263138)
     H   13  Q=         1.0000 1e-30 m^2  Cq=         0.6338 MHz  eta= 0.50449

     C   14    Vxx=    0.0285    axis=(  0.149721  0.138389  0.978995)
     C   14    Vyy=    0.3615    axis=( -0.762110  0.646961  0.025099)
     C   14    Vzz=   -0.3900    axis=( -0.629899 -0.749860  0.202331)
     C   14  Q=         1.0000 1e-30 m^2  Cq=        -0.9164 MHz  eta= 0.85370

     H   15    Vxx=   -0.0579    axis=(  0.098711  0.927612 -0.360267)
     H   15    Vyy=   -0.7324    axis=( -0.297784  0.372980  0.878755)
     H   15    Vzz=    0.7903    axis=(  0.949516  0.020539  0.313045)
     H   15  Q=         1.0000 1e-30 m^2  Cq=         1.8569 MHz  eta= 0.85352

     C   16    Vxx=   -0.0632    axis=( -0.279093 -0.415685  0.865629)
     C   16    Vyy=   -0.5945    axis=( -0.958682  0.172333 -0.226339)
     C   16    Vzz=    0.6577    axis=( -0.055091 -0.893033 -0.446607)
     C   16  Q=         1.0000 1e-30 m^2  Cq=         1.5453 MHz  eta= 0.80776

     C   17    Vxx=    0.0778    axis=( -0.375699  0.399621  0.836154)
     C   17    Vyy=    0.4714    axis=( -0.708302  0.458014 -0.537150)
     C   17    Vzz=   -0.5492    axis=( -0.597627 -0.794057  0.110977)
     C   17  Q=         1.0000 1e-30 m^2  Cq=        -1.2905 MHz  eta= 0.71662

     Cl  18    Vxx=   -0.9189    axis=(  0.392973 -0.886191  0.245433)
     Cl  18    Vyy=   -1.1075    axis=(  0.764851  0.463170  0.447746)
     Cl  18    Vzz=    2.0264    axis=( -0.510466  0.011767  0.859817)
     Cl  18  Q=        -8.1650 1e-30 m^2  Cq=       -38.8761 MHz  eta= 0.09306

     H   19    Vxx=    0.0254    axis=(  0.995558 -0.057331 -0.074687)
     H   19    Vyy=    0.7578    axis=(  0.019897  0.903430 -0.428273)
     H   19    Vzz=   -0.7832    axis=(  0.092028  0.424885  0.900557)
     H   19  Q=         1.0000 1e-30 m^2  Cq=        -1.8402 MHz  eta= 0.93513

     C   20    Vxx=    0.0689    axis=(  0.491381 -0.304958  0.815809)
     C   20    Vyy=    0.3677    axis=(  0.022879  0.940891  0.337935)
     C   20    Vzz=   -0.4365    axis=( -0.870644 -0.147390  0.469313)
     C   20  Q=         1.0000 1e-30 m^2  Cq=        -1.0257 MHz  eta= 0.68445

     H   21    Vxx=   -0.0047    axis=( -0.043259  0.446822  0.893576)
     H   21    Vyy=   -0.7095    axis=( -0.516289 -0.775726  0.362898)
     H   21    Vzz=    0.7142    axis=(  0.855321 -0.445645  0.264246)
     H   21  Q=         1.0000 1e-30 m^2  Cq=         1.6780 MHz  eta= 0.98694

     C   22    Vxx=    0.0941    axis=( -0.782210  0.418760  0.461289)
     C   22    Vyy=    0.6017    axis=(  0.526197  0.840477  0.129286)
     C   22    Vzz=   -0.6957    axis=(  0.333563 -0.343858  0.877780)
     C   22  Q=         1.0000 1e-30 m^2  Cq=        -1.6347 MHz  eta= 0.72957

     C   23    Vxx=   -0.0035    axis=(  0.683616  0.194725 -0.703386)
     C   23    Vyy=   -0.8290    axis=(  0.611035  0.374348  0.697495)
     C   23    Vzz=    0.8325    axis=( -0.399131  0.906612 -0.136926)
     C   23  Q=         1.0000 1e-30 m^2  Cq=         1.9560 MHz  eta= 0.99160

     Cl  24    Vxx=    0.6647    axis=(  0.943735  0.313100  0.106453)
     Cl  24    Vyy=    2.1829    axis=( -0.256700  0.896505 -0.361088)
     Cl  24    Vzz=   -2.8476    axis=( -0.208493  0.313445  0.926436)
     Cl  24  Q=        -8.1650 1e-30 m^2  Cq=        54.6300 MHz  eta= 0.53313

     Initialization:
     gipaw_setup  :      9.28s CPU     10.78s WALL (       1 calls)

     Linear response

     Apply operators

     Induced current

     Other routines
     efg          :      9.26s CPU     11.58s WALL (       1 calls)

     General routines
     calbec       :      3.26s CPU      4.18s WALL (      16 calls)
     fft          :      1.34s CPU      1.53s WALL (      15 calls)
     ffts         :      0.08s CPU      0.10s WALL (       2 calls)
     fftw         :      3.28s CPU      4.07s WALL (     672 calls)
     davcio       :      0.04s CPU      0.32s WALL (      32 calls)

     Parallel routines
     fft_scatter  :      2.07s CPU      2.90s WALL (     689 calls)

     Plugins

     GIPAW        :     61.38s CPU     71.31s WALL (       1 calls)
