
     Program QE v.6.0 (svn rev. 13079) starts on 15Dec2016 at 10:50:18 

     This program is part of the open-source Quantum ESPRESSO suite
     for quantum simulation of materials; please cite
         "P. Giannozzi et al., J. Phys.:Condens. Matter 21 395502 (2009);
          URL http://www.quantum-espresso.org", 
     in publications or presentations arising from this work. More details at
     http://www.quantum-espresso.org/quote

     Parallel version (MPI), running on     8 processors
     R & G space division:  proc/nbgrp/npool/nimage =       8

     ***** This is GIPAW svn revision unknown      *****

     Parallelizing q-star over 1 images

     Reading data from directory:
     /users/majewski/paradichlorobenzene/pbe/9_constraint/scratch/pbe.ecut100.np8.dt60.pcl2phi-129368.save
     Message from routine read_xml_file:
     file /users/majewski/paradichlorobenzene/pbe/9_constraint/scratch/pbe.ecut100.np8.dt60.pcl2phi-129368.save not guaranteed to be safe for post-processing

   Info: using nr1, nr2, nr3 values from input

   Info: using nr1, nr2, nr3 values from input

     IMPORTANT: XC functional enforced from input :
     Exchange-correlation      =  SLA  PW   PBX  PBC ( 1  4  3  4 0 0)
     Any further DFT definition will be discarded
     Please, verify this is what you really want

               file C.pbe-n-kjpaw_psl.1.0.0.UPF: wavefunction(s)  2S 2P renormalized
               file Cl.pbe-n-kjpaw_psl.1.0.0.UPF: wavefunction(s)  3S 3P renormalized
               file H.pbe-kjpaw_psl.1.0.0.UPF: wavefunction(s)  1S renormalized

     Parallelization info
     --------------------
     sticks:   dense  smooth     PW     G-vecs:    dense   smooth      PW
     Min        3057    1223    332               144436    36536    5170
     Max        3059    1225    333               144437    36537    5171
     Sum       24467    9791   2657              1155489   292295   41363


     Subspace diagonalization in iterative solution of the eigenvalue problem:
     a serial algorithm will be used

     GIPAW projectors -----------------------------------------------
     atom=  C    l=0  rc=    1.2000  rs=    0.8000
     atom=  C    l=0  rc=    1.2000  rs=    0.8000
     atom=  C    l=1  rc=    1.4000  rs=    0.9333
     atom=  C    l=1  rc=    1.4000  rs=    0.9333
     projs nearly linearly dependent: l=1  n1,n2= 1, 2  s=  0.99951561

     atom=  Cl   l=0  rc=    1.6000  rs=    1.0667
     atom=  Cl   l=0  rc=    1.6000  rs=    1.0667
     atom=  Cl   l=1  rc=    1.6000  rs=    1.0667
     atom=  Cl   l=1  rc=    1.6000  rs=    1.0667
     atom=  Cl   l=2  rc=    1.6000  rs=    1.0667
     atom=  Cl   l=2  rc=    1.6000  rs=    1.0667
     projs nearly linearly dependent: l=2  n1,n2= 1, 2  s=  0.99993509

     atom=  H    l=0  rc=    1.0000  rs=    0.6667
     atom=  H    l=0  rc=    1.0000  rs=    0.6667
     projs nearly linearly dependent: l=0  n1,n2= 1, 2  s=  0.99968852
     -----------------------------------------------------------------

     GIPAW integrals: -------------------------------------------
     Atom  i/j   nmr_para   nmr_dia   epr_rmc  epr_para   epr_dia
       C   1 1   0.83E+03  0.17E-01  0.93E+01  0.24E+08  0.24E+03
       C   2 1   0.86E+03 -0.61E-01  0.94E+01  0.25E+08  0.25E+03
       C   2 2   0.90E+03 -0.15E+00  0.97E+01  0.26E+08  0.26E+03
       C   3 3   0.33E+01  0.34E+00  0.18E+01  0.55E+03  0.21E+02
       C   4 3   0.35E+01  0.37E+00  0.20E+01  0.59E+03  0.22E+02
       C   4 4   0.38E+01  0.39E+00  0.22E+01  0.63E+03  0.24E+02
       Cl  1 1   0.14E+04 -0.47E+00  0.84E+01  0.32E+09  0.42E+03
       Cl  2 1   0.21E+04 -0.37E+00  0.12E+02  0.49E+09  0.65E+03
       Cl  2 2   0.33E+04 -0.16E+00  0.21E+02  0.76E+09  0.10E+04
       Cl  3 3   0.21E+02  0.79E-01  0.89E+01  0.23E+05  0.13E+03
       Cl  4 3   0.24E+02  0.67E-01  0.99E+01  0.27E+05  0.15E+03
       Cl  4 4   0.28E+02  0.44E-01  0.11E+02  0.32E+05  0.18E+03
       Cl  5 5   0.77E+00  0.19E+00  0.18E+01  0.12E+03  0.22E+02
       Cl  6 5   0.80E+00  0.19E+00  0.19E+01  0.12E+03  0.23E+02
       Cl  6 6   0.83E+00  0.20E+00  0.19E+01  0.12E+03  0.23E+02
       H   1 1   0.39E+02  0.19E+00  0.29E+00  0.78E+05  0.13E+02
       H   2 1   0.41E+02  0.21E+00  0.32E+00  0.82E+05  0.14E+02
       H   2 2   0.43E+02  0.22E+00  0.36E+00  0.86E+05  0.15E+02
     ------------------------------------------------------------

     alpha_pv=     34.4536 eV

     Number of occupied bands for each k-point:
     k-point:     1    nbnd_occ=  42
     k-point:     2    nbnd_occ=  42
     k-point:     3    nbnd_occ=  42
     k-point:     4    nbnd_occ=  42
     k-point:     5    nbnd_occ=  42
     k-point:     6    nbnd_occ=  42
     k-point:     7    nbnd_occ=  42
     k-point:     8    nbnd_occ=  42
     k-point:     9    nbnd_occ=  42
     k-point:    10    nbnd_occ=  42
     k-point:    11    nbnd_occ=  42
     k-point:    12    nbnd_occ=  42
     k-point:    13    nbnd_occ=  42
     k-point:    14    nbnd_occ=  42
     k-point:    15    nbnd_occ=  42
     k-point:    16    nbnd_occ=  42


     q-space interpolation up to   110.00 Rydberg

     GIPAW job: efg                                                                             


     ELECTRIC FIELD GRADIENTS TENSORS IN Hartree/bohrradius^2:

     ----- bare term -----
     Cl   1        0.010122        0.062878       -0.033656
     Cl   1        0.062878        0.054143       -0.046046
     Cl   1       -0.033656       -0.046046       -0.064265

     C    2       -0.668102        0.067843       -0.191677
     C    2        0.067843        0.183724       -0.146964
     C    2       -0.191677       -0.146964        0.484378

     C    3        0.031373        0.185564       -0.118054
     C    3        0.185564       -0.374545       -0.427869
     C    3       -0.118054       -0.427869        0.343172

     H    4       -0.430475        0.207637       -0.251943
     H    4        0.207637        0.057802       -0.356540
     H    4       -0.251943       -0.356540        0.372674

     C    5       -0.640924        0.314003       -0.262097
     C    5        0.314003        0.253146       -0.270714
     C    5       -0.262097       -0.270714        0.387777

     H    6        0.395785       -0.006911       -0.184307
     H    6       -0.006911       -0.339941       -0.472981
     H    6       -0.184307       -0.472981       -0.055844

     H    7        0.334095       -0.024958        0.145719
     H    7       -0.024958       -0.223646        0.528765
     H    7        0.145719        0.528765       -0.110448

     C    8       -0.365062       -0.259735       -0.330859
     C    8       -0.259735       -0.085704        0.414350
     C    8       -0.330859        0.414350        0.450766

     H    9       -0.107172        0.052675       -0.540614
     H    9        0.052675        0.263468       -0.112478
     H    9       -0.540614       -0.112478       -0.156296

     C   10       -0.223143       -0.349325       -0.284768
     C   10       -0.349325       -0.221361        0.471845
     C   10       -0.284768        0.471845        0.444504

     C   11       -0.108047        0.115897       -0.423621
     C   11        0.115897       -0.086446        0.511115
     C   11       -0.423621        0.511115        0.194492

     Cl  12       -0.039288       -0.147690        0.107122
     Cl  12       -0.147690       -0.075758       -0.040309
     Cl  12        0.107122       -0.040309        0.115046

     H   13        0.407332       -0.016803       -0.043166
     H   13       -0.016803        0.132466       -0.188238
     H   13       -0.043166       -0.188238       -0.539798

     C   14       -0.033710        0.333076        0.045918
     C   14        0.333076       -0.258578       -0.279500
     C   14        0.045918       -0.279500        0.292288

     H   15       -0.151241        0.055844       -0.597863
     H   15        0.055844        0.261186        0.121945
     H   15       -0.597863        0.121945       -0.109945

     C   16       -0.193803        0.035199       -0.236549
     C   16        0.035199       -0.115046       -0.649376
     C   16       -0.236549       -0.649376        0.308849

     C   17       -0.182761       -0.047035       -0.370474
     C   17       -0.047035       -0.098020       -0.549691
     C   17       -0.370474       -0.549691        0.280781

     Cl  18       -0.129985        0.158447        0.014459
     Cl  18        0.158447       -0.032986       -0.003831
     Cl  18        0.014459       -0.003831        0.162971

     H   19        0.432116        0.033338        0.230206
     H   19        0.033338        0.128306        0.185272
     H   19        0.230206        0.185272       -0.560422

     C   20       -0.442266       -0.327522       -0.137301
     C   20       -0.327522       -0.027458        0.463926
     C   20       -0.137301        0.463926        0.469724

     H   21        0.089466       -0.067816       -0.454763
     H   21       -0.067816        0.092122       -0.264229
     H   21       -0.454763       -0.264229       -0.181588

     C   22       -0.107287       -0.180185       -0.220689
     C   22       -0.180185       -0.076412        0.660183
     C   22       -0.220689        0.660183        0.183699

     C   23       -0.339516       -0.166961       -0.365572
     C   23       -0.166961        0.003308        0.399447
     C   23       -0.365572        0.399447        0.336207

     Cl  24       -0.068845       -0.122791       -0.123827
     Cl  24       -0.122791        0.010860        0.136446
     Cl  24       -0.123827        0.136446        0.057985

     ----- ionic term -----
     Cl   1        0.111367       -0.220102       -0.010416
     Cl   1       -0.220102        0.025896        0.021326
     Cl   1       -0.010416        0.021326       -0.137263

     C    2        0.202321       -0.222469        0.283337
     C    2       -0.222469       -0.034085        0.412112
     C    2        0.283337        0.412112       -0.168236

     C    3        0.160093       -0.276533        0.118032
     C    3       -0.276533        0.054773        0.446666
     C    3        0.118032        0.446666       -0.214865

     H    4        0.754036        0.158235        0.626900
     H    4        0.158235       -0.509868        0.162167
     H    4        0.626900        0.162167       -0.244168

     C    5        0.296908       -0.238241        0.188754
     C    5       -0.238241       -0.010837        0.348797
     C    5        0.188754        0.348797       -0.286072

     H    6       -0.511659        0.112007        0.081029
     H    6        0.112007        0.585752        0.775241
     H    6        0.081029        0.775241       -0.074094

     H    7       -0.531512        0.044696       -0.002492
     H    7        0.044696        0.565329       -0.766380
     H    7       -0.002492       -0.766380       -0.033817

     C    8        0.272530        0.294747        0.283805
     C    8        0.294747        0.013563       -0.287816
     C    8        0.283805       -0.287816       -0.286094

     H    9        0.567642       -0.106155        0.749929
     H    9       -0.106155       -0.519714       -0.139670
     H    9        0.749929       -0.139670       -0.047928

     C   10        0.159561        0.308797        0.229173
     C   10        0.308797        0.091375       -0.344780
     C   10        0.229173       -0.344780       -0.250936

     C   11        0.139995        0.218885        0.326268
     C   11        0.218885        0.014696       -0.397639
     C   11        0.326268       -0.397639       -0.154691

     Cl  12        0.124707        0.209881        0.001504
     Cl  12        0.209881        0.014004       -0.012898
     Cl  12        0.001504       -0.012898       -0.138711

     H   13       -0.550029        0.037682        0.044627
     H   13        0.037682        0.205395        0.807798
     H   13        0.044627        0.807798        0.344634

     C   14        0.228512       -0.227531        0.213150
     C   14       -0.227531       -0.106411        0.352988
     C   14        0.213150        0.352988       -0.122100

     H   15        0.604185        0.224492        0.719594
     H   15        0.224492       -0.531028        0.215525
     H   15        0.719594        0.215525       -0.073158

     C   16        0.072325       -0.214077        0.133523
     C   16       -0.214077        0.026170        0.490121
     C   16        0.133523        0.490121       -0.098495

     C   17        0.208509       -0.202971        0.184033
     C   17       -0.202971       -0.065611        0.492564
     C   17        0.184033        0.492564       -0.142898

     Cl  18        0.096708       -0.212096       -0.070856
     Cl  18       -0.212096        0.020084        0.050203
     Cl  18       -0.070856        0.050203       -0.116792

     H   19       -0.506845        0.130161       -0.133165
     H   19        0.130161        0.167939       -0.778851
     H   19       -0.133165       -0.778851        0.338906

     C   20        0.196780        0.298503        0.261803
     C   20        0.298503       -0.075942       -0.312905
     C   20        0.261803       -0.312905       -0.120838

     H   21        0.437412       -0.000620        0.778905
     H   21       -0.000620       -0.500816       -0.099473
     H   21        0.778905       -0.099473        0.063404

     C   22        0.062493        0.350787        0.198987
     C   22        0.350787        0.104646       -0.396923
     C   22        0.198987       -0.396923       -0.167139

     C   23        0.129166        0.263155        0.335660
     C   23        0.263155        0.057839       -0.375332
     C   23        0.335660       -0.375332       -0.187005

     Cl  24        0.097755        0.239827        0.056205
     Cl  24        0.239827        0.050187        0.027458
     Cl  24        0.056205        0.027458       -0.147942

     ----- GIPAW term -----
     Cl   1       -0.544785       -0.809638        0.735418
     Cl   1       -0.809638       -0.983409        1.115677
     Cl   1        0.735418        1.115677        1.528194

     C    2       -0.121815       -0.020559        0.089017
     C    2       -0.020559       -0.055428        0.091078
     C    2        0.089017        0.091078        0.177243

     C    3       -0.118877        0.010656        0.000494
     C    3        0.010656        0.077850        0.168945
     C    3        0.000494        0.168945        0.041027

     H    4       -0.000000        0.000000        0.000000
     H    4        0.000000        0.000000        0.000000
     H    4        0.000000        0.000000        0.000000

     C    5       -0.153966       -0.051209       -0.010072
     C    5       -0.051209        0.195428       -0.056955
     C    5       -0.010072       -0.056955       -0.041462

     H    6       -0.000000        0.000000        0.000000
     H    6        0.000000        0.000000        0.000000
     H    6        0.000000        0.000000        0.000000

     H    7       -0.000000        0.000000        0.000000
     H    7        0.000000        0.000000        0.000000
     H    7        0.000000        0.000000        0.000000

     C    8       -0.055006       -0.046114       -0.057236
     C    8       -0.046114       -0.045243        0.100155
     C    8       -0.057236        0.100155        0.100250

     H    9       -0.000000        0.000000        0.000000
     H    9        0.000000        0.000000        0.000000
     H    9        0.000000        0.000000        0.000000

     C   10       -0.064134       -0.061226       -0.100878
     C   10       -0.061226       -0.043762        0.093990
     C   10       -0.100878        0.093990        0.107896

     C   11        0.135270        0.148210       -0.035931
     C   11        0.148210       -0.042687        0.071115
     C   11       -0.035931        0.071115       -0.092583

     Cl  12        1.332814        1.367518        0.895408
     Cl  12        1.367518       -0.513652       -0.357928
     Cl  12        0.895408       -0.357928       -0.819162

     H   13       -0.000000        0.000000        0.000000
     H   13        0.000000        0.000000        0.000000
     H   13        0.000000        0.000000        0.000000

     C   14       -0.046956        0.023843        0.068766
     C   14        0.023843       -0.127714       -0.052932
     C   14        0.068766       -0.052932        0.174670

     H   15       -0.000000        0.000000        0.000000
     H   15        0.000000        0.000000        0.000000
     H   15        0.000000        0.000000        0.000000

     C   16       -0.135098       -0.070901       -0.005096
     C   16       -0.070901        0.038185       -0.241184
     C   16       -0.005096       -0.241184        0.096913

     C   17        0.044480       -0.157116       -0.057420
     C   17       -0.157116       -0.011726       -0.102447
     C   17       -0.057420       -0.102447       -0.032754

     Cl  18       -0.797653       -1.056464        0.737891
     Cl  18       -1.056464       -1.492610       -0.529476
     Cl  18        0.737891       -0.529476        2.290264

     H   19       -0.000000        0.000000        0.000000
     H   19        0.000000        0.000000        0.000000
     H   19        0.000000        0.000000        0.000000

     C   20       -0.154172       -0.027683        0.021236
     C   20       -0.027683       -0.017175        0.223481
     C   20        0.021236        0.223481        0.171347

     H   21       -0.000000        0.000000        0.000000
     H   21        0.000000        0.000000        0.000000
     H   21        0.000000        0.000000        0.000000

     C   22       -0.135385       -0.029422       -0.054935
     C   22       -0.029422        0.124951        0.246958
     C   22       -0.054935        0.246958        0.010434

     C   23       -0.010721        0.108697       -0.067463
     C   23        0.108697        0.067955        0.049137
     C   23       -0.067463        0.049137       -0.057234

     Cl  24        0.307018        0.504865       -1.317130
     Cl  24        0.504865        0.457234        1.891786
     Cl  24       -1.317130        1.891786       -0.764252

     ----- total EFG -----
     Cl   1       -0.423296       -0.966862        0.691346
     Cl   1       -0.966862       -0.903370        1.090956
     Cl   1        0.691346        1.090956        1.326665

     C    2       -0.587596       -0.175186        0.180678
     C    2       -0.175186        0.094211        0.356226
     C    2        0.180678        0.356226        0.493385

     C    3        0.072589       -0.080313        0.000472
     C    3       -0.080313       -0.241923        0.187742
     C    3        0.000472        0.187742        0.169334

     H    4        0.323561        0.365872        0.374957
     H    4        0.365872       -0.452066       -0.194373
     H    4        0.374957       -0.194373        0.128505

     C    5       -0.497981        0.024553       -0.083415
     C    5        0.024553        0.437738        0.021129
     C    5       -0.083415        0.021129        0.060244

     H    6       -0.115874        0.105096       -0.103279
     H    6        0.105096        0.245812        0.302261
     H    6       -0.103279        0.302261       -0.129937

     H    7       -0.197418        0.019738        0.143228
     H    7        0.019738        0.341683       -0.237615
     H    7        0.143228       -0.237615       -0.144265

     C    8       -0.147539       -0.011103       -0.104290
     C    8       -0.011103       -0.117384        0.226689
     C    8       -0.104290        0.226689        0.264922

     H    9        0.460470       -0.053480        0.209316
     H    9       -0.053480       -0.256247       -0.252149
     H    9        0.209316       -0.252149       -0.204223

     C   10       -0.127717       -0.101753       -0.156473
     C   10       -0.101753       -0.173748        0.221055
     C   10       -0.156473        0.221055        0.301465

     C   11        0.167219        0.482992       -0.133284
     C   11        0.482992       -0.114437        0.184592
     C   11       -0.133284        0.184592       -0.052782

     Cl  12        1.418233        1.429709        1.004034
     Cl  12        1.429709       -0.575406       -0.411134
     Cl  12        1.004034       -0.411134       -0.842827

     H   13       -0.142697        0.020879        0.001461
     H   13        0.020879        0.337862        0.619559
     H   13        0.001461        0.619559       -0.195165

     C   14        0.147846        0.129387        0.327834
     C   14        0.129387       -0.492703        0.020556
     C   14        0.327834        0.020556        0.344857

     H   15        0.452944        0.280336        0.121732
     H   15        0.280336       -0.269841        0.337470
     H   15        0.121732        0.337470       -0.183103

     C   16       -0.256575       -0.249779       -0.108122
     C   16       -0.249779       -0.050691       -0.400439
     C   16       -0.108122       -0.400439        0.307266

     C   17        0.070227       -0.407122       -0.243861
     C   17       -0.407122       -0.175356       -0.159573
     C   17       -0.243861       -0.159573        0.105129

     Cl  18       -0.830931       -1.110113        0.681493
     Cl  18       -1.110113       -1.505512       -0.483104
     Cl  18        0.681493       -0.483104        2.336443

     H   19       -0.074729        0.163498        0.097040
     H   19        0.163498        0.296245       -0.593579
     H   19        0.097040       -0.593579       -0.221515

     C   20       -0.399658       -0.056702        0.145739
     C   20       -0.056702       -0.120575        0.374502
     C   20        0.145739        0.374502        0.520233

     H   21        0.526877       -0.068436        0.324142
     H   21       -0.068436       -0.408693       -0.363701
     H   21        0.324142       -0.363701       -0.118184

     C   22       -0.180179        0.141179       -0.076636
     C   22        0.141179        0.153184        0.510217
     C   22       -0.076636        0.510217        0.026994

     C   23       -0.221070        0.204891       -0.097374
     C   23        0.204891        0.129102        0.073252
     C   23       -0.097374        0.073252        0.091968

     Cl  24        0.335928        0.621901       -1.384751
     Cl  24        0.621901        0.518281        2.055690
     Cl  24       -1.384751        2.055690       -0.854209

     ----- total EFG (symmetrized) -----
     Cl   1       -0.423296       -0.966862        0.691346
     Cl   1       -0.966862       -0.903370        1.090956
     Cl   1        0.691346        1.090956        1.326665

     C    2       -0.587596       -0.175186        0.180678
     C    2       -0.175186        0.094211        0.356226
     C    2        0.180678        0.356226        0.493385

     C    3        0.072589       -0.080313        0.000472
     C    3       -0.080313       -0.241923        0.187742
     C    3        0.000472        0.187742        0.169334

     H    4        0.323561        0.365872        0.374957
     H    4        0.365872       -0.452066       -0.194373
     H    4        0.374957       -0.194373        0.128505

     C    5       -0.497981        0.024553       -0.083415
     C    5        0.024553        0.437738        0.021129
     C    5       -0.083415        0.021129        0.060244

     H    6       -0.115874        0.105096       -0.103279
     H    6        0.105096        0.245812        0.302261
     H    6       -0.103279        0.302261       -0.129937

     H    7       -0.197418        0.019738        0.143228
     H    7        0.019738        0.341683       -0.237615
     H    7        0.143228       -0.237615       -0.144265

     C    8       -0.147539       -0.011103       -0.104290
     C    8       -0.011103       -0.117384        0.226689
     C    8       -0.104290        0.226689        0.264922

     H    9        0.460470       -0.053480        0.209316
     H    9       -0.053480       -0.256247       -0.252149
     H    9        0.209316       -0.252149       -0.204223

     C   10       -0.127717       -0.101753       -0.156473
     C   10       -0.101753       -0.173748        0.221055
     C   10       -0.156473        0.221055        0.301465

     C   11        0.167219        0.482992       -0.133284
     C   11        0.482992       -0.114437        0.184592
     C   11       -0.133284        0.184592       -0.052782

     Cl  12        1.418233        1.429709        1.004034
     Cl  12        1.429709       -0.575406       -0.411134
     Cl  12        1.004034       -0.411134       -0.842827

     H   13       -0.142697        0.020879        0.001461
     H   13        0.020879        0.337862        0.619559
     H   13        0.001461        0.619559       -0.195165

     C   14        0.147846        0.129387        0.327834
     C   14        0.129387       -0.492703        0.020556
     C   14        0.327834        0.020556        0.344857

     H   15        0.452944        0.280336        0.121732
     H   15        0.280336       -0.269841        0.337470
     H   15        0.121732        0.337470       -0.183103

     C   16       -0.256575       -0.249779       -0.108122
     C   16       -0.249779       -0.050691       -0.400439
     C   16       -0.108122       -0.400439        0.307266

     C   17        0.070227       -0.407122       -0.243861
     C   17       -0.407122       -0.175356       -0.159573
     C   17       -0.243861       -0.159573        0.105129

     Cl  18       -0.830931       -1.110113        0.681493
     Cl  18       -1.110113       -1.505512       -0.483104
     Cl  18        0.681493       -0.483104        2.336443

     H   19       -0.074729        0.163498        0.097040
     H   19        0.163498        0.296245       -0.593579
     H   19        0.097040       -0.593579       -0.221515

     C   20       -0.399658       -0.056702        0.145739
     C   20       -0.056702       -0.120575        0.374502
     C   20        0.145739        0.374502        0.520233

     H   21        0.526877       -0.068436        0.324142
     H   21       -0.068436       -0.408693       -0.363701
     H   21        0.324142       -0.363701       -0.118184

     C   22       -0.180179        0.141179       -0.076636
     C   22        0.141179        0.153184        0.510217
     C   22       -0.076636        0.510217        0.026994

     C   23       -0.221070        0.204891       -0.097374
     C   23        0.204891        0.129102        0.073252
     C   23       -0.097374        0.073252        0.091968

     Cl  24        0.335928        0.621901       -1.384751
     Cl  24        0.621901        0.518281        2.055690
     Cl  24       -1.384751        2.055690       -0.854209


     NQR/NMR SPECTROSCOPIC PARAMETERS:
     Cl   1    Vxx=    0.3240    axis=(  0.812655 -0.578618  0.069238)
     Cl   1    Vyy=    1.8133    axis=( -0.149703 -0.322112 -0.934790)
     Cl   1    Vzz=   -2.1373    axis=(  0.563188  0.749297 -0.348387)
     Cl   1  Q=        -8.1650 1e-30 m^2  Cq=        41.0035 MHz  eta= 0.69680

     C    2    Vxx=   -0.0133    axis=(  0.385104 -0.813946  0.434956)
     C    2    Vyy=   -0.6926    axis=( -0.921232 -0.310954  0.233749)
     C    2    Vzz=    0.7058    axis=(  0.055008  0.490713  0.869583)
     C    2  Q=         1.0000 1e-30 m^2  Cq=         1.6584 MHz  eta= 0.96242

     C    3    Vxx=    0.0817    axis=(  0.967816 -0.108438  0.227097)
     C    3    Vyy=    0.2471    axis=( -0.171246  0.377485  0.910044)
     C    3    Vzz=   -0.3288    axis=( -0.184409 -0.919645  0.346767)
     C    3  Q=         1.0000 1e-30 m^2  Cq=        -0.7726 MHz  eta= 0.50308

     H    4    Vxx=    0.0811    axis=( -0.372135 -0.532509  0.760230)
     H    4    Vyy=    0.6451    axis=(  0.827046  0.181550  0.532010)
     H    4    Vzz=   -0.7262    axis=(  0.421319 -0.826725 -0.372848)
     H    4  Q=         1.0000 1e-30 m^2  Cq=        -1.7062 MHz  eta= 0.77661

     C    5    Vxx=    0.0716    axis=( -0.146728 -0.047180  0.988051)
     C    5    Vyy=    0.4393    axis=( -0.021625 -0.998470 -0.050889)
     C    5    Vzz=   -0.5110    axis=(  0.988940 -0.028834  0.145484)
     C    5  Q=         1.0000 1e-30 m^2  Cq=        -1.2006 MHz  eta= 0.71966

     H    6    Vxx=   -0.0417    axis=(  0.872830  0.164112 -0.459602)
     H    6    Vyy=   -0.3755    axis=( -0.481050  0.447964 -0.753604)
     H    6    Vzz=    0.4173    axis=(  0.082210  0.878860  0.469943)
     H    6  Q=         1.0000 1e-30 m^2  Cq=         0.9804 MHz  eta= 0.79998

     H    7    Vxx=   -0.0789    axis=( -0.755818 -0.294820 -0.584654)
     H    7    Vyy=   -0.3617    axis=(  0.652150 -0.258977 -0.712482)
     H    7    Vzz=    0.4407    axis=(  0.058642 -0.919789  0.388006)
     H    7  Q=         1.0000 1e-30 m^2  Cq=         1.0354 MHz  eta= 0.64178

     C    8    Vxx=   -0.1505    axis=(  0.892076  0.451334 -0.022332)
     C    8    Vyy=   -0.2382    axis=( -0.413351  0.795037 -0.443912)
     C    8    Vzz=    0.3887    axis=( -0.182598  0.405233  0.895792)
     C    8  Q=         1.0000 1e-30 m^2  Cq=         0.9134 MHz  eta= 0.22545

     H    9    Vxx=   -0.0458    axis=(  0.338739  0.685814 -0.644139)
     H    9    Vyy=   -0.4951    axis=( -0.112730  0.709264  0.695871)
     H    9    Vzz=    0.5410    axis=(  0.934103 -0.163105  0.317568)
     H    9  Q=         1.0000 1e-30 m^2  Cq=         1.2711 MHz  eta= 0.83054

     C   10    Vxx=   -0.1717    axis=(  0.882682 -0.240024  0.404055)
     C   10    Vyy=   -0.2751    axis=( -0.358235 -0.900124  0.247878)
     C   10    Vzz=    0.4468    axis=( -0.304203  0.363545  0.880509)
     C   10  Q=         1.0000 1e-30 m^2  Cq=         1.0498 MHz  eta= 0.23153

     C   11    Vxx=    0.0463    axis=( -0.245751  0.314556  0.916876)
     C   11    Vyy=    0.5295    axis=( -0.798891 -0.601426 -0.007794)
     C   11    Vzz=   -0.5758    axis=(  0.548981 -0.734399  0.399097)
     C   11  Q=         1.0000 1e-30 m^2  Cq=        -1.3529 MHz  eta= 0.83928

     Cl  12    Vxx=   -0.3390    axis=( -0.106503  0.655778 -0.747404)
     Cl  12    Vyy=   -1.9895    axis=( -0.451449  0.637843  0.623979)
     Cl  12    Vzz=    2.3285    axis=(  0.885918  0.403871  0.228118)
     Cl  12  Q=        -8.1650 1e-30 m^2  Cq=       -44.6718 MHz  eta= 0.70881

     H   13    Vxx=   -0.1428    axis=(  0.999541 -0.004882 -0.029896)
     H   13    Vyy=   -0.6033    axis=( -0.022283  0.550044 -0.834838)
     H   13    Vzz=    0.7462    axis=(  0.020520  0.835121  0.549683)
     H   13  Q=         1.0000 1e-30 m^2  Cq=         1.7532 MHz  eta= 0.61713

     C   14    Vxx=   -0.0764    axis=(  0.766926  0.208412 -0.606950)
     C   14    Vyy=   -0.5204    axis=( -0.217758  0.974196  0.059363)
     C   14    Vzz=    0.5968    axis=(  0.603661  0.086641  0.792520)
     C   14  Q=         1.0000 1e-30 m^2  Cq=         1.4023 MHz  eta= 0.74383

     H   15    Vxx=   -0.0338    axis=(  0.467588 -0.493280 -0.733510)
     H   15    Vyy=   -0.5849    axis=( -0.138542  0.778660 -0.611960)
     H   15    Vzz=    0.6187    axis=( -0.873022 -0.387767 -0.295752)
     H   15  Q=         1.0000 1e-30 m^2  Cq=         1.4537 MHz  eta= 0.89088

     C   16    Vxx=   -0.0156    axis=(  0.738114 -0.532919 -0.413744)
     C   16    Vyy=   -0.5540    axis=(  0.671952  0.635720  0.379921)
     C   16    Vzz=    0.5696    axis=(  0.060558 -0.558442  0.827330)
     C   16  Q=         1.0000 1e-30 m^2  Cq=         1.3384 MHz  eta= 0.94513

     C   17    Vxx=    0.1705    axis=(  0.123772 -0.532160  0.837548)
     C   17    Vyy=    0.4170    axis=( -0.802006  0.443390  0.400240)
     C   17    Vzz=   -0.5875    axis=( -0.584352 -0.721257 -0.371916)
     C   17  Q=         1.0000 1e-30 m^2  Cq=        -1.3804 MHz  eta= 0.41962

     Cl  18    Vxx=   -0.2751    axis=( -0.763599  0.569336  0.304588)
     Cl  18    Vyy=   -2.3285    axis=(  0.596690  0.802462 -0.004066)
     Cl  18    Vzz=    2.6036    axis=(  0.246735 -0.178640  0.952476)
     Cl  18  Q=        -8.1650 1e-30 m^2  Cq=       -49.9485 MHz  eta= 0.78870

     H   19    Vxx=   -0.0339    axis=(  0.952896  0.061922  0.296908)
     H   19    Vyy=   -0.6604    axis=( -0.282144  0.540154  0.792861)
     H   19    Vzz=    0.6943    axis=( -0.111281 -0.839285  0.532182)
     H   19  Q=         1.0000 1e-30 m^2  Cq=         1.6313 MHz  eta= 0.90244

     C   20    Vxx=   -0.2254    axis=(  0.514242 -0.802510  0.302546)
     C   20    Vyy=   -0.4781    axis=( -0.851895 -0.437175  0.288361)
     C   20    Vzz=    0.7035    axis=(  0.099147  0.406025  0.908468)
     C   20  Q=         1.0000 1e-30 m^2  Cq=         1.6530 MHz  eta= 0.35914

     H   21    Vxx=   -0.0327    axis=( -0.462524 -0.571505  0.677830)
     H   21    Vyy=   -0.6696    axis=( -0.115138  0.796765  0.593219)
     H   21    Vzz=    0.7023    axis=(  0.879099 -0.196334  0.434325)
     H   21  Q=         1.0000 1e-30 m^2  Cq=         1.6501 MHz  eta= 0.90684

     C   22    Vxx=   -0.1115    axis=(  0.898331  0.235598 -0.370802)
     C   22    Vyy=   -0.4966    axis=( -0.433442  0.612908 -0.660660)
     C   22    Vzz=    0.6081    axis=( -0.071618 -0.754213 -0.652713)
     C   22  Q=         1.0000 1e-30 m^2  Cq=         1.4289 MHz  eta= 0.63325

     C   23    Vxx=    0.1183    axis=( -0.330220 -0.101019  0.938483)
     C   23    Vyy=    0.2295    axis=(  0.362649  0.904369  0.224951)
     C   23    Vzz=   -0.3478    axis=( -0.871459  0.414623 -0.262007)
     C   23  Q=         1.0000 1e-30 m^2  Cq=        -0.8173 MHz  eta= 0.31952

     Cl  24    Vxx=    0.9271    axis=( -0.880919 -0.437945  0.179404)
     Cl  24    Vyy=    2.0744    axis=(  0.238508 -0.738233 -0.630972)
     Cl  24    Vzz=   -3.0015    axis=(  0.408773 -0.513047  0.754777)
     Cl  24  Q=        -8.1650 1e-30 m^2  Cq=        57.5820 MHz  eta= 0.38223

     Initialization:
     gipaw_setup  :      9.16s CPU     11.10s WALL (       1 calls)

     Linear response

     Apply operators

     Induced current

     Other routines
     efg          :      9.67s CPU     12.53s WALL (       1 calls)

     General routines
     calbec       :      3.48s CPU      4.60s WALL (      16 calls)
     fft          :      1.82s CPU      3.09s WALL (      15 calls)
     ffts         :      0.04s CPU      0.04s WALL (       2 calls)
     fftw         :      3.38s CPU      4.40s WALL (     672 calls)
     davcio       :      0.04s CPU      0.33s WALL (      32 calls)

     Parallel routines
     fft_scatter  :      2.63s CPU      4.56s WALL (     689 calls)

     Plugins

     GIPAW        :     61.42s CPU     77.61s WALL (       1 calls)
