
     Program QE v.6.0 (svn rev. 13079) starts on 21Dec2016 at 21:30:20 

     This program is part of the open-source Quantum ESPRESSO suite
     for quantum simulation of materials; please cite
         "P. Giannozzi et al., J. Phys.:Condens. Matter 21 395502 (2009);
          URL http://www.quantum-espresso.org", 
     in publications or presentations arising from this work. More details at
     http://www.quantum-espresso.org/quote

     Parallel version (MPI), running on     8 processors
     R & G space division:  proc/nbgrp/npool/nimage =       8

     ***** This is GIPAW svn revision unknown      *****

     Parallelizing q-star over 1 images

     Reading data from directory:
     /users/majewski/paradichlorobenzene/pbe/9_constraint/scratch/pbe.ecut100.np8.dt60.pcl2phi-129368.save
     Message from routine read_xml_file:
     file /users/majewski/paradichlorobenzene/pbe/9_constraint/scratch/pbe.ecut100.np8.dt60.pcl2phi-129368.save not guaranteed to be safe for post-processing

   Info: using nr1, nr2, nr3 values from input

   Info: using nr1, nr2, nr3 values from input

     IMPORTANT: XC functional enforced from input :
     Exchange-correlation      =  SLA  PW   PBX  PBC ( 1  4  3  4 0 0)
     Any further DFT definition will be discarded
     Please, verify this is what you really want

               file C.pbe-n-kjpaw_psl.1.0.0.UPF: wavefunction(s)  2S 2P renormalized
               file Cl.pbe-n-kjpaw_psl.1.0.0.UPF: wavefunction(s)  3S 3P renormalized
               file H.pbe-kjpaw_psl.1.0.0.UPF: wavefunction(s)  1S renormalized

     Parallelization info
     --------------------
     sticks:   dense  smooth     PW     G-vecs:    dense   smooth      PW
     Min        3057    1223    332               144436    36536    5170
     Max        3059    1225    333               144437    36537    5171
     Sum       24467    9791   2657              1155489   292295   41363


     Subspace diagonalization in iterative solution of the eigenvalue problem:
     a serial algorithm will be used

     GIPAW projectors -----------------------------------------------
     atom=  C    l=0  rc=    1.2000  rs=    0.8000
     atom=  C    l=0  rc=    1.2000  rs=    0.8000
     atom=  C    l=1  rc=    1.4000  rs=    0.9333
     atom=  C    l=1  rc=    1.4000  rs=    0.9333
     projs nearly linearly dependent: l=1  n1,n2= 1, 2  s=  0.99951561

     atom=  Cl   l=0  rc=    1.6000  rs=    1.0667
     atom=  Cl   l=0  rc=    1.6000  rs=    1.0667
     atom=  Cl   l=1  rc=    1.6000  rs=    1.0667
     atom=  Cl   l=1  rc=    1.6000  rs=    1.0667
     atom=  Cl   l=2  rc=    1.6000  rs=    1.0667
     atom=  Cl   l=2  rc=    1.6000  rs=    1.0667
     projs nearly linearly dependent: l=2  n1,n2= 1, 2  s=  0.99993509

     atom=  H    l=0  rc=    1.0000  rs=    0.6667
     atom=  H    l=0  rc=    1.0000  rs=    0.6667
     projs nearly linearly dependent: l=0  n1,n2= 1, 2  s=  0.99968852
     -----------------------------------------------------------------

     GIPAW integrals: -------------------------------------------
     Atom  i/j   nmr_para   nmr_dia   epr_rmc  epr_para   epr_dia
       C   1 1   0.83E+03  0.17E-01  0.93E+01  0.24E+08  0.24E+03
       C   2 1   0.86E+03 -0.61E-01  0.94E+01  0.25E+08  0.25E+03
       C   2 2   0.90E+03 -0.15E+00  0.97E+01  0.26E+08  0.26E+03
       C   3 3   0.33E+01  0.34E+00  0.18E+01  0.55E+03  0.21E+02
       C   4 3   0.35E+01  0.37E+00  0.20E+01  0.59E+03  0.22E+02
       C   4 4   0.38E+01  0.39E+00  0.22E+01  0.63E+03  0.24E+02
       Cl  1 1   0.14E+04 -0.47E+00  0.84E+01  0.32E+09  0.42E+03
       Cl  2 1   0.21E+04 -0.37E+00  0.12E+02  0.49E+09  0.65E+03
       Cl  2 2   0.33E+04 -0.16E+00  0.21E+02  0.76E+09  0.10E+04
       Cl  3 3   0.21E+02  0.79E-01  0.89E+01  0.23E+05  0.13E+03
       Cl  4 3   0.24E+02  0.67E-01  0.99E+01  0.27E+05  0.15E+03
       Cl  4 4   0.28E+02  0.44E-01  0.11E+02  0.32E+05  0.18E+03
       Cl  5 5   0.77E+00  0.19E+00  0.18E+01  0.12E+03  0.22E+02
       Cl  6 5   0.80E+00  0.19E+00  0.19E+01  0.12E+03  0.23E+02
       Cl  6 6   0.83E+00  0.20E+00  0.19E+01  0.12E+03  0.23E+02
       H   1 1   0.39E+02  0.19E+00  0.29E+00  0.78E+05  0.13E+02
       H   2 1   0.41E+02  0.21E+00  0.32E+00  0.82E+05  0.14E+02
       H   2 2   0.43E+02  0.22E+00  0.36E+00  0.86E+05  0.15E+02
     ------------------------------------------------------------

     alpha_pv=     34.2564 eV

     Number of occupied bands for each k-point:
     k-point:     1    nbnd_occ=  42
     k-point:     2    nbnd_occ=  42
     k-point:     3    nbnd_occ=  42
     k-point:     4    nbnd_occ=  42
     k-point:     5    nbnd_occ=  42
     k-point:     6    nbnd_occ=  42
     k-point:     7    nbnd_occ=  42
     k-point:     8    nbnd_occ=  42
     k-point:     9    nbnd_occ=  42
     k-point:    10    nbnd_occ=  42
     k-point:    11    nbnd_occ=  42
     k-point:    12    nbnd_occ=  42
     k-point:    13    nbnd_occ=  42
     k-point:    14    nbnd_occ=  42
     k-point:    15    nbnd_occ=  42
     k-point:    16    nbnd_occ=  42


     q-space interpolation up to   110.00 Rydberg

     GIPAW job: efg                                                                             


     ELECTRIC FIELD GRADIENTS TENSORS IN Hartree/bohrradius^2:

     ----- bare term -----
     Cl   1       -0.194794        0.218595       -0.029205
     Cl   1        0.218595        0.180514       -0.083912
     Cl   1       -0.029205       -0.083912        0.014280

     C    2        0.090263        0.295549       -0.017184
     C    2        0.295549       -0.200833       -0.497233
     C    2       -0.017184       -0.497233        0.110570

     C    3       -0.754090        0.352309       -0.341152
     C    3        0.352309        0.243628        0.005164
     C    3       -0.341152        0.005164        0.510462

     H    4        0.017436       -0.193454       -0.499251
     H    4       -0.193454        0.386221       -0.364124
     H    4       -0.499251       -0.364124       -0.403658

     C    5       -0.022858        0.094362       -0.146845
     C    5        0.094362       -0.322318       -0.269042
     C    5       -0.146845       -0.269042        0.345177

     H    6        0.465738       -0.058176       -0.031702
     H    6       -0.058176       -0.207151       -0.637565
     H    6       -0.031702       -0.637565       -0.258588

     H    7        0.277204        0.152778        0.022884
     H    7        0.152778       -0.510071        0.495411
     H    7        0.022884        0.495411        0.232867

     C    8       -0.729389       -0.318575       -0.364846
     C    8       -0.318575        0.303894        0.132236
     C    8       -0.364846        0.132236        0.425495

     H    9       -0.094849        0.027888       -0.548171
     H    9        0.027888        0.248266       -0.132950
     H    9       -0.548171       -0.132950       -0.153417

     C   10       -0.074693       -0.072281       -0.249396
     C   10       -0.072281       -0.110354        0.648888
     C   10       -0.249396        0.648888        0.185047

     C   11       -0.562900       -0.381215       -0.302207
     C   11       -0.381215        0.233117        0.314475
     C   11       -0.302207        0.314475        0.329783

     Cl  12       -0.064514        0.009394       -0.082015
     Cl  12        0.009394        0.030413        0.143935
     Cl  12       -0.082015        0.143935        0.034101

     H   13        0.346406       -0.100630        0.239781
     H   13       -0.100630       -0.151536       -0.375277
     H   13        0.239781       -0.375277       -0.194871

     C   14       -0.705944        0.398565       -0.463571
     C   14        0.398565        0.437493       -0.072674
     C   14       -0.463571       -0.072674        0.268451

     H   15       -0.144944       -0.052737       -0.550609
     H   15       -0.052737        0.024850        0.045508
     H   15       -0.550609        0.045508        0.120094

     C   16        0.124617        0.411421        0.005474
     C   16        0.411421       -0.226238       -0.568690
     C   16        0.005474       -0.568690        0.101622

     C   17       -0.757134        0.419681       -0.366500
     C   17        0.419681        0.347660       -0.014416
     C   17       -0.366500       -0.014416        0.409473

     Cl  18       -0.026200       -0.003414       -0.043415
     Cl  18       -0.003414        0.129615       -0.050890
     Cl  18       -0.043415       -0.050890       -0.103415

     H   19        0.312941       -0.182837        0.122531
     H   19       -0.182837       -0.426735        0.560378
     H   19        0.122531        0.560378        0.113794

     C   20       -0.143802        0.244748       -0.436692
     C   20        0.244748       -0.014365        0.498748
     C   20       -0.436692        0.498748        0.158166

     H   21       -0.037249        0.142588       -0.375823
     H   21        0.142588        0.259648        0.470473
     H   21       -0.375823        0.470473       -0.222398

     C   22       -0.684851       -0.327342       -0.330972
     C   22       -0.327342        0.272379        0.059673
     C   22       -0.330972        0.059673        0.412472

     C   23        0.036344        0.194137       -0.353954
     C   23        0.194137       -0.068590        0.593805
     C   23       -0.353954        0.593805        0.032246

     Cl  24       -0.311569       -0.234256        0.009040
     Cl  24       -0.234256        0.185368        0.053285
     Cl  24        0.009040        0.053285        0.126201

     ----- ionic term -----
     Cl   1        0.103139       -0.210751       -0.022178
     Cl   1       -0.210751        0.037152        0.022076
     Cl   1       -0.022178        0.022076       -0.140292

     C    2        0.113305       -0.239748        0.207959
     C    2       -0.239748        0.064643        0.484696
     C    2        0.207959        0.484696       -0.177948

     C    3        0.091155       -0.292800        0.163445
     C    3       -0.292800        0.080851        0.434395
     C    3        0.163445        0.434395       -0.172005

     H    4        0.498962        0.194783        0.787443
     H    4        0.194783       -0.533680        0.214528
     H    4        0.787443        0.214528        0.034718

     C    5        0.213695       -0.200365        0.280837
     C    5       -0.200365       -0.009594        0.318380
     C    5        0.280837        0.318380       -0.204101

     H    6       -0.542909        0.069343        0.062933
     H    6        0.069343        0.569320        0.770605
     H    6        0.062933        0.770605       -0.026411

     H    7       -0.497932       -0.160867        0.066531
     H    7       -0.160867        0.848261       -0.558715
     H    7        0.066531       -0.558715       -0.350330

     C    8        0.263196        0.171399        0.286398
     C    8        0.171399        0.146050       -0.269588
     C    8        0.286398       -0.269588       -0.409246

     H    9        0.399926       -0.230039        0.766567
     H    9       -0.230039       -0.421422       -0.252436
     H    9        0.766567       -0.252436        0.021496

     C   10        0.142443        0.287431        0.249292
     C   10        0.287431        0.202916       -0.310506
     C   10        0.249292       -0.310506       -0.345358

     C   11        0.219960        0.244039        0.382784
     C   11        0.244039        0.078437       -0.307166
     C   11        0.382784       -0.307166       -0.298397

     Cl  12        0.160212        0.245803        0.046078
     Cl  12        0.245803       -0.003742        0.019405
     Cl  12        0.046078        0.019405       -0.156470

     H   13       -0.504670        0.012231        0.032460
     H   13        0.012231        0.437811        0.784610
     H   13        0.032460        0.784610        0.066859

     C   14        0.260080       -0.201758        0.268999
     C   14       -0.201758       -0.042628        0.325928
     C   14        0.268999        0.325928       -0.217453

     H   15        0.503181        0.255521        0.714431
     H   15        0.255521       -0.422644        0.264351
     H   15        0.714431        0.264351       -0.080537

     C   16        0.141079       -0.276581        0.174243
     C   16       -0.276581        0.090307        0.394440
     C   16        0.174243        0.394440       -0.231386

     C   17        0.219141       -0.251377        0.331690
     C   17       -0.251377       -0.012376        0.358143
     C   17        0.331690        0.358143       -0.206765

     Cl  18        0.184145       -0.240855        0.055972
     Cl  18       -0.240855       -0.033468       -0.019302
     Cl  18        0.055972       -0.019302       -0.150677

     H   19       -0.533068        0.000015        0.034212
     H   19        0.000015        0.550182       -0.764275
     H   19        0.034212       -0.764275       -0.017114

     C   20        0.311542        0.274117        0.369678
     C   20        0.274117       -0.051125       -0.289406
     C   20        0.369678       -0.289406       -0.260418

     H   21        0.501454       -0.166258        0.792403
     H   21       -0.166258       -0.526531       -0.192218
     H   21        0.792403       -0.192218        0.025077

     C   22        0.175083        0.302672        0.247800
     C   22        0.302672        0.104499       -0.377673
     C   22        0.247800       -0.377673       -0.279581

     C   23        0.129854        0.144808        0.230320
     C   23        0.144808        0.150756       -0.475622
     C   23        0.230320       -0.475622       -0.280610

     Cl  24        0.128624        0.192248       -0.003891
     Cl  24        0.192248        0.016854       -0.013848
     Cl  24       -0.003891       -0.013848       -0.145478

     ----- GIPAW term -----
     Cl   1        0.007577       -0.834880       -0.315759
     Cl   1       -0.834880        1.805221       -0.739409
     Cl   1       -0.315759       -0.739409       -1.812798

     C    2       -0.013977        0.105037        0.071591
     C    2        0.105037        0.153888        0.090798
     C    2        0.071591        0.090798       -0.139910

     C    3       -0.257897        0.055588       -0.038449
     C    3        0.055588        0.113623        0.203245
     C    3       -0.038449        0.203245        0.144275

     H    4       -0.000000        0.000000        0.000000
     H    4        0.000000        0.000000        0.000000
     H    4        0.000000        0.000000        0.000000

     C    5       -0.105003        0.003172       -0.005096
     C    5        0.003172       -0.009988        0.166733
     C    5       -0.005096        0.166733        0.114991

     H    6       -0.000000        0.000000        0.000000
     H    6        0.000000        0.000000        0.000000
     H    6        0.000000        0.000000        0.000000

     H    7       -0.000000        0.000000        0.000000
     H    7        0.000000        0.000000        0.000000
     H    7        0.000000        0.000000        0.000000

     C    8       -0.176131        0.050419       -0.065319
     C    8        0.050419        0.209286       -0.065480
     C    8       -0.065319       -0.065480       -0.033154

     H    9       -0.000000        0.000000        0.000000
     H    9        0.000000        0.000000        0.000000
     H    9        0.000000        0.000000        0.000000

     C   10       -0.094307        0.059935       -0.043389
     C   10        0.059935        0.156888        0.138826
     C   10       -0.043389        0.138826       -0.062581

     C   11       -0.155142        0.033525       -0.030400
     C   11        0.033525        0.254430        0.133038
     C   11       -0.030400        0.133038       -0.099288

     Cl  12       -0.078099        1.781949       -0.423177
     Cl  12        1.781949        0.833645        2.048243
     Cl  12       -0.423177        2.048243       -0.755545

     H   13       -0.000000        0.000000        0.000000
     H   13        0.000000        0.000000        0.000000
     H   13        0.000000        0.000000        0.000000

     C   14       -0.094035        0.192607       -0.027266
     C   14        0.192607        0.187580        0.049527
     C   14       -0.027266        0.049527       -0.093545

     H   15       -0.000000        0.000000        0.000000
     H   15        0.000000        0.000000        0.000000
     H   15        0.000000        0.000000        0.000000

     C   16       -0.057826        0.159920        0.045047
     C   16        0.159920        0.190672        0.012820
     C   16        0.045047        0.012820       -0.132846

     C   17       -0.160372        0.067109        0.002859
     C   17        0.067109        0.207856        0.169281
     C   17        0.002859        0.169281       -0.047484

     Cl  18        0.884861       -1.969069       -0.281801
     Cl  18       -1.969069        1.321742       -0.490652
     Cl  18       -0.281801       -0.490652       -2.206602

     H   19       -0.000000        0.000000        0.000000
     H   19        0.000000        0.000000        0.000000
     H   19        0.000000        0.000000        0.000000

     C   20        0.000709        0.209967       -0.089681
     C   20        0.209967        0.096620        0.067709
     C   20       -0.089681        0.067709       -0.097329

     H   21       -0.000000        0.000000        0.000000
     H   21        0.000000        0.000000        0.000000
     H   21        0.000000        0.000000        0.000000

     C   22       -0.183713        0.097360       -0.095754
     C   22        0.097360        0.230427       -0.127280
     C   22       -0.095754       -0.127280       -0.046714

     C   23       -0.063706        0.146773       -0.053835
     C   23        0.146773        0.219529       -0.048399
     C   23       -0.053835       -0.048399       -0.155824

     Cl  24       -0.512575        1.720898        0.019872
     Cl  24        1.720898        2.081905        0.411817
     Cl  24        0.019872        0.411817       -1.569330

     ----- total EFG -----
     Cl   1       -0.084078       -0.827036       -0.367142
     Cl   1       -0.827036        2.022888       -0.801245
     Cl   1       -0.367142       -0.801245       -1.938810

     C    2        0.189590        0.160838        0.262367
     C    2        0.160838        0.017697        0.078261
     C    2        0.262367        0.078261       -0.207287

     C    3       -0.920833        0.115097       -0.216157
     C    3        0.115097        0.438101        0.642804
     C    3       -0.216157        0.642804        0.482732

     H    4        0.516398        0.001329        0.288193
     H    4        0.001329       -0.147459       -0.149596
     H    4        0.288193       -0.149596       -0.368940

     C    5        0.085833       -0.102831        0.128896
     C    5       -0.102831       -0.341900        0.216072
     C    5        0.128896        0.216072        0.256067

     H    6       -0.077171        0.011166        0.031232
     H    6        0.011166        0.362170        0.133039
     H    6        0.031232        0.133039       -0.284999

     H    7       -0.220728       -0.008088        0.089415
     H    7       -0.008088        0.338191       -0.063304
     H    7        0.089415       -0.063304       -0.117463

     C    8       -0.642325       -0.096756       -0.143767
     C    8       -0.096756        0.659230       -0.202832
     C    8       -0.143767       -0.202832       -0.016905

     H    9        0.305077       -0.202152        0.218397
     H    9       -0.202152       -0.173156       -0.385386
     H    9        0.218397       -0.385386       -0.131920

     C   10       -0.026557        0.275085       -0.043494
     C   10        0.275085        0.249450        0.477207
     C   10       -0.043494        0.477207       -0.222893

     C   11       -0.498082       -0.103651        0.050176
     C   11       -0.103651        0.565984        0.140347
     C   11        0.050176        0.140347       -0.067902

     Cl  12        0.017598        2.037147       -0.459114
     Cl  12        2.037147        0.860316        2.211584
     Cl  12       -0.459114        2.211584       -0.877914

     H   13       -0.158264       -0.088399        0.272241
     H   13       -0.088399        0.286276        0.409333
     H   13        0.272241        0.409333       -0.128011

     C   14       -0.539898        0.389414       -0.221838
     C   14        0.389414        0.582445        0.302781
     C   14       -0.221838        0.302781       -0.042547

     H   15        0.358237        0.202784        0.163822
     H   15        0.202784       -0.397794        0.309859
     H   15        0.163822        0.309859        0.039557

     C   16        0.207869        0.294760        0.224765
     C   16        0.294760        0.054741       -0.161430
     C   16        0.224765       -0.161430       -0.262610

     C   17       -0.698365        0.235413       -0.031951
     C   17        0.235413        0.543140        0.513007
     C   17       -0.031951        0.513007        0.155225

     Cl  18        1.042806       -2.213338       -0.269244
     Cl  18       -2.213338        1.417888       -0.560844
     Cl  18       -0.269244       -0.560844       -2.460695

     H   19       -0.220127       -0.182822        0.156743
     H   19       -0.182822        0.123448       -0.203897
     H   19        0.156743       -0.203897        0.096679

     C   20        0.168450        0.728832       -0.156695
     C   20        0.728832        0.031131        0.277050
     C   20       -0.156695        0.277050       -0.199581

     H   21        0.464205       -0.023670        0.416580
     H   21       -0.023670       -0.266884        0.278256
     H   21        0.416580        0.278256       -0.197321

     C   22       -0.693481        0.072690       -0.178926
     C   22        0.072690        0.607305       -0.445279
     C   22       -0.178926       -0.445279        0.086176

     C   23        0.102493        0.485718       -0.177469
     C   23        0.485718        0.301695        0.069784
     C   23       -0.177469        0.069784       -0.404187

     Cl  24       -0.695520        1.678891        0.025021
     Cl  24        1.678891        2.284127        0.451254
     Cl  24        0.025021        0.451254       -1.588607

     ----- total EFG (symmetrized) -----
     Cl   1       -0.084078       -0.827036       -0.367142
     Cl   1       -0.827036        2.022888       -0.801245
     Cl   1       -0.367142       -0.801245       -1.938810

     C    2        0.189590        0.160838        0.262367
     C    2        0.160838        0.017697        0.078261
     C    2        0.262367        0.078261       -0.207287

     C    3       -0.920833        0.115097       -0.216157
     C    3        0.115097        0.438101        0.642804
     C    3       -0.216157        0.642804        0.482732

     H    4        0.516398        0.001329        0.288193
     H    4        0.001329       -0.147459       -0.149596
     H    4        0.288193       -0.149596       -0.368940

     C    5        0.085833       -0.102831        0.128896
     C    5       -0.102831       -0.341900        0.216072
     C    5        0.128896        0.216072        0.256067

     H    6       -0.077171        0.011166        0.031232
     H    6        0.011166        0.362170        0.133039
     H    6        0.031232        0.133039       -0.284999

     H    7       -0.220728       -0.008088        0.089415
     H    7       -0.008088        0.338191       -0.063304
     H    7        0.089415       -0.063304       -0.117463

     C    8       -0.642325       -0.096756       -0.143767
     C    8       -0.096756        0.659230       -0.202832
     C    8       -0.143767       -0.202832       -0.016905

     H    9        0.305077       -0.202152        0.218397
     H    9       -0.202152       -0.173156       -0.385386
     H    9        0.218397       -0.385386       -0.131920

     C   10       -0.026557        0.275085       -0.043494
     C   10        0.275085        0.249450        0.477207
     C   10       -0.043494        0.477207       -0.222893

     C   11       -0.498082       -0.103651        0.050176
     C   11       -0.103651        0.565984        0.140347
     C   11        0.050176        0.140347       -0.067902

     Cl  12        0.017598        2.037147       -0.459114
     Cl  12        2.037147        0.860316        2.211584
     Cl  12       -0.459114        2.211584       -0.877914

     H   13       -0.158264       -0.088399        0.272241
     H   13       -0.088399        0.286276        0.409333
     H   13        0.272241        0.409333       -0.128011

     C   14       -0.539898        0.389414       -0.221838
     C   14        0.389414        0.582445        0.302781
     C   14       -0.221838        0.302781       -0.042547

     H   15        0.358237        0.202784        0.163822
     H   15        0.202784       -0.397794        0.309859
     H   15        0.163822        0.309859        0.039557

     C   16        0.207869        0.294760        0.224765
     C   16        0.294760        0.054741       -0.161430
     C   16        0.224765       -0.161430       -0.262610

     C   17       -0.698365        0.235413       -0.031951
     C   17        0.235413        0.543140        0.513007
     C   17       -0.031951        0.513007        0.155225

     Cl  18        1.042806       -2.213338       -0.269244
     Cl  18       -2.213338        1.417888       -0.560844
     Cl  18       -0.269244       -0.560844       -2.460695

     H   19       -0.220127       -0.182822        0.156743
     H   19       -0.182822        0.123448       -0.203897
     H   19        0.156743       -0.203897        0.096679

     C   20        0.168450        0.728832       -0.156695
     C   20        0.728832        0.031131        0.277050
     C   20       -0.156695        0.277050       -0.199581

     H   21        0.464205       -0.023670        0.416580
     H   21       -0.023670       -0.266884        0.278256
     H   21        0.416580        0.278256       -0.197321

     C   22       -0.693481        0.072690       -0.178926
     C   22        0.072690        0.607305       -0.445279
     C   22       -0.178926       -0.445279        0.086176

     C   23        0.102493        0.485718       -0.177469
     C   23        0.485718        0.301695        0.069784
     C   23       -0.177469        0.069784       -0.404187

     Cl  24       -0.695520        1.678891        0.025021
     Cl  24        1.678891        2.284127        0.451254
     Cl  24        0.025021        0.451254       -1.588607


     NQR/NMR SPECTROSCOPIC PARAMETERS:
     Cl   1    Vxx=   -0.1774    axis=(  0.923642  0.237693 -0.300645)
     Cl   1    Vyy=   -2.2278    axis=(  0.248466  0.225894  0.941932)
     Cl   1    Vzz=    2.4052    axis=(  0.291805 -0.944708  0.149587)
     Cl   1  Q=        -8.1650 1e-30 m^2  Cq=       -46.1429 MHz  eta= 0.85248

     C    2    Vxx=   -0.0653    axis=(  0.374564 -0.907068  0.192168)
     C    2    Vyy=   -0.3378    axis=(  0.446641 -0.005112 -0.894699)
     C    2    Vzz=    0.4031    axis=(  0.812535  0.420952  0.403219)
     C    2  Q=         1.0000 1e-30 m^2  Cq=         0.9472 MHz  eta= 0.67603

     C    3    Vxx=   -0.1158    axis=( -0.276434 -0.703024  0.655241)
     C    3    Vyy=   -0.9907    axis=( -0.960281  0.175096 -0.217260)
     C    3    Vzz=    1.1065    axis=(  0.038009 -0.689274 -0.723503)
     C    3  Q=         1.0000 1e-30 m^2  Cq=         2.5998 MHz  eta= 0.79077

     H    4    Vxx=   -0.0928    axis=(  0.157831  0.927859 -0.337886)
     H    4    Vyy=   -0.5115    axis=( -0.251384  0.368656  0.894929)
     H    4    Vzz=    0.6043    axis=(  0.954932 -0.056308  0.291435)
     H    4  Q=         1.0000 1e-30 m^2  Cq=         1.4198 MHz  eta= 0.69300

     C    5    Vxx=    0.0887    axis=(  0.904412 -0.343176 -0.253514)
     C    5    Vyy=    0.3592    axis=( -0.342716 -0.230405 -0.910746)
     C    5    Vzz=   -0.4480    axis=(  0.254135  0.910573 -0.325993)
     C    5  Q=         1.0000 1e-30 m^2  Cq=        -1.0525 MHz  eta= 0.60388

     H    6    Vxx=   -0.0744    axis=(  0.992194 -0.058881  0.109930)
     H    6    Vyy=   -0.3147    axis=( -0.119232 -0.189591  0.974597)
     H    6    Vzz=    0.3891    axis=( -0.036544 -0.980096 -0.195131)
     H    6  Q=         1.0000 1e-30 m^2  Cq=         0.9142 MHz  eta= 0.61769

     H    7    Vxx=   -0.0742    axis=(  0.510056  0.140278  0.848625)
     H    7    Vyy=   -0.2734    axis=( -0.859372  0.041392  0.509673)
     H    7    Vzz=    0.3476    axis=(  0.036370 -0.989247  0.141663)
     H    7  Q=         1.0000 1e-30 m^2  Cq=         0.8166 MHz  eta= 0.57310

     C    8    Vxx=   -0.0293    axis=( -0.257361  0.239609  0.936137)
     C    8    Vyy=   -0.6884    axis=(  0.965430  0.105211  0.238485)
     C    8    Vzz=    0.7177    axis=( -0.041349  0.965152 -0.258403)
     C    8  Q=         1.0000 1e-30 m^2  Cq=         1.6863 MHz  eta= 0.91836

     H    9    Vxx=   -0.0305    axis=(  0.663463  0.518080 -0.539824)
     H    9    Vyy=   -0.5385    axis=( -0.004852  0.724452  0.689308)
     H    9    Vzz=    0.5690    axis=(  0.748193 -0.454711  0.483161)
     H    9  Q=         1.0000 1e-30 m^2  Cq=         1.3368 MHz  eta= 0.89288

     C   10    Vxx=   -0.0347    axis=(  0.886291 -0.097761 -0.452692)
     C   10    Vyy=   -0.5832    axis=( -0.331312  0.549154 -0.767243)
     C   10    Vzz=    0.6179    axis=(  0.323604  0.829983  0.454321)
     C   10  Q=         1.0000 1e-30 m^2  Cq=         1.4519 MHz  eta= 0.88774

     C   11    Vxx=   -0.0859    axis=(  0.163928 -0.182656  0.969415)
     C   11    Vyy=   -0.5174    axis=(  0.982983  0.112827 -0.144963)
     C   11    Vzz=    0.6032    axis=( -0.082898  0.976682  0.198043)
     C   11  Q=         1.0000 1e-30 m^2  Cq=         1.4174 MHz  eta= 0.71533

     Cl  12    Vxx=    0.0774    axis=(  0.751331 -0.124016 -0.648169)
     Cl  12    Vyy=    3.1240    axis=( -0.465069 -0.796339 -0.386724)
     Cl  12    Vzz=   -3.2015    axis=(  0.468202 -0.592001  0.655989)
     Cl  12  Q=        -8.1650 1e-30 m^2  Cq=        61.4183 MHz  eta= 0.95163

     H   13    Vxx=    0.0245    axis=(  0.818910 -0.386642  0.424139)
     H   13    Vyy=    0.5452    axis=( -0.107831 -0.829512 -0.547981)
     H   13    Vzz=   -0.5697    axis=(  0.563701  0.403012 -0.720988)
     H   13  Q=         1.0000 1e-30 m^2  Cq=        -1.3385 MHz  eta= 0.91407

     C   14    Vxx=    0.0191    axis=( -0.456116 -0.155654  0.876202)
     C   14    Vyy=    0.7705    axis=( -0.228546 -0.931074 -0.284373)
     C   14    Vzz=   -0.7897    axis=(  0.860073 -0.329960  0.389103)
     C   14  Q=         1.0000 1e-30 m^2  Cq=        -1.8554 MHz  eta= 0.95151

     H   15    Vxx=    0.0339    axis=(  0.568563 -0.286455 -0.771154)
     H   15    Vyy=    0.5373    axis=( -0.813639 -0.334103 -0.475780)
     H   15    Vzz=   -0.5712    axis=(  0.121355 -0.897953  0.423030)
     H   15  Q=         1.0000 1e-30 m^2  Cq=        -1.3420 MHz  eta= 0.88139

     C   16    Vxx=    0.0445    axis=( -0.368501  0.684180 -0.629369)
     C   16    Vyy=    0.4463    axis=( -0.817299 -0.561040 -0.131366)
     C   16    Vzz=   -0.4908    axis=( -0.442979  0.465974  0.765923)
     C   16  Q=         1.0000 1e-30 m^2  Cq=        -1.1532 MHz  eta= 0.81875

     C   17    Vxx=   -0.1545    axis=( -0.268806 -0.510080  0.817044)
     C   17    Vyy=   -0.7624    axis=(  0.956945 -0.237900  0.166313)
     C   17    Vzz=    0.9170    axis=(  0.109542  0.826573  0.552067)
     C   17  Q=         1.0000 1e-30 m^2  Cq=         2.1545 MHz  eta= 0.66295

     Cl  18    Vxx=   -0.7924    axis=(  0.708219  0.626745 -0.324988)
     Cl  18    Vyy=   -2.6684    axis=(  0.215519  0.246424  0.944895)
     Cl  18    Vzz=    3.4607    axis=( -0.672293  0.739233 -0.039447)
     Cl  18  Q=        -8.1650 1e-30 m^2  Cq=       -66.3923 MHz  eta= 0.54209

     H   19    Vxx=   -0.0939    axis=( -0.039364  0.665911  0.744992)
     H   19    Vyy=   -0.3129    axis=(  0.932740  0.291904 -0.211634)
     H   19    Vzz=    0.4068    axis=( -0.358396  0.686553 -0.632612)
     H   19  Q=         1.0000 1e-30 m^2  Cq=         0.9557 MHz  eta= 0.53852

     C   20    Vxx=   -0.0421    axis=( -0.365251  0.295308  0.882828)
     C   20    Vyy=   -0.7949    axis=( -0.581210  0.668460 -0.464065)
     C   20    Vzz=    0.8370    axis=( -0.727178 -0.682608 -0.072520)
     C   20  Q=         1.0000 1e-30 m^2  Cq=         1.9666 MHz  eta= 0.89945

     H   21    Vxx=   -0.0720    axis=(  0.364506 -0.776964 -0.513286)
     H   21    Vyy=   -0.6047    axis=(  0.296945  0.619415 -0.726738)
     H   21    Vzz=    0.6767    axis=(  0.882586  0.112483  0.456496)
     H   21  Q=         1.0000 1e-30 m^2  Cq=         1.5899 MHz  eta= 0.78732

     C   22    Vxx=   -0.1444    axis=( -0.203657  0.513478  0.833585)
     C   22    Vyy=   -0.7331    axis=(  0.974208  0.021779  0.224598)
     C   22    Vzz=    0.8775    axis=(  0.097171  0.857827 -0.504670)
     C   22  Q=         1.0000 1e-30 m^2  Cq=         2.0618 MHz  eta= 0.67089

     C   23    Vxx=   -0.1605    axis=( -0.599028  0.540281  0.590983)
     C   23    Vyy=   -0.5406    axis=(  0.482795 -0.345107  0.804867)
     C   23    Vzz=    0.7011    axis=( -0.638807 -0.767462  0.054116)
     C   23  Q=         1.0000 1e-30 m^2  Cq=         1.6472 MHz  eta= 0.54211

     Cl  24    Vxx=   -1.3545    axis=(  0.804370 -0.308146 -0.507971)
     Cl  24    Vyy=   -1.7226    axis=( -0.434307  0.278461 -0.856643)
     Cl  24    Vzz=    3.0771    axis=(  0.405421  0.909673  0.090155)
     Cl  24  Q=        -8.1650 1e-30 m^2  Cq=       -59.0325 MHz  eta= 0.11963

     Initialization:
     gipaw_setup  :      8.94s CPU     10.82s WALL (       1 calls)

     Linear response

     Apply operators

     Induced current

     Other routines
     efg          :      9.26s CPU     11.91s WALL (       1 calls)

     General routines
     calbec       :      3.47s CPU      4.86s WALL (      16 calls)
     fft          :      1.50s CPU      2.03s WALL (      15 calls)
     ffts         :      0.03s CPU      0.04s WALL (       2 calls)
     fftw         :      3.07s CPU      3.84s WALL (     672 calls)
     davcio       :      0.02s CPU      0.30s WALL (      32 calls)

     Parallel routines
     fft_scatter  :      1.92s CPU      3.09s WALL (     689 calls)

     Plugins

     GIPAW        :     59.97s CPU     72.49s WALL (       1 calls)
