
     Program QE v.6.0 (svn rev. 13079) starts on 14Jan2017 at 13:10:59 

     This program is part of the open-source Quantum ESPRESSO suite
     for quantum simulation of materials; please cite
         "P. Giannozzi et al., J. Phys.:Condens. Matter 21 395502 (2009);
          URL http://www.quantum-espresso.org", 
     in publications or presentations arising from this work. More details at
     http://www.quantum-espresso.org/quote

     Parallel version (MPI), running on     8 processors
     R & G space division:  proc/nbgrp/npool/nimage =       8

     ***** This is GIPAW svn revision unknown      *****

     Parallelizing q-star over 1 images

     Reading data from directory:
     /users/majewski/paradichlorobenzene/pbe/9_constraint/scratch/pbe.ecut100.np8.dt60.pcl2phi-129368.save
     Message from routine read_xml_file:
     file /users/majewski/paradichlorobenzene/pbe/9_constraint/scratch/pbe.ecut100.np8.dt60.pcl2phi-129368.save not guaranteed to be safe for post-processing

   Info: using nr1, nr2, nr3 values from input

   Info: using nr1, nr2, nr3 values from input

     IMPORTANT: XC functional enforced from input :
     Exchange-correlation      =  SLA  PW   PBX  PBC ( 1  4  3  4 0 0)
     Any further DFT definition will be discarded
     Please, verify this is what you really want

               file C.pbe-n-kjpaw_psl.1.0.0.UPF: wavefunction(s)  2S 2P renormalized
               file Cl.pbe-n-kjpaw_psl.1.0.0.UPF: wavefunction(s)  3S 3P renormalized
               file H.pbe-kjpaw_psl.1.0.0.UPF: wavefunction(s)  1S renormalized

     Parallelization info
     --------------------
     sticks:   dense  smooth     PW     G-vecs:    dense   smooth      PW
     Min        3057    1223    332               144436    36536    5170
     Max        3059    1225    333               144437    36537    5171
     Sum       24467    9791   2657              1155489   292295   41363


     Subspace diagonalization in iterative solution of the eigenvalue problem:
     a serial algorithm will be used

     GIPAW projectors -----------------------------------------------
     atom=  C    l=0  rc=    1.2000  rs=    0.8000
     atom=  C    l=0  rc=    1.2000  rs=    0.8000
     atom=  C    l=1  rc=    1.4000  rs=    0.9333
     atom=  C    l=1  rc=    1.4000  rs=    0.9333
     projs nearly linearly dependent: l=1  n1,n2= 1, 2  s=  0.99951561

     atom=  Cl   l=0  rc=    1.6000  rs=    1.0667
     atom=  Cl   l=0  rc=    1.6000  rs=    1.0667
     atom=  Cl   l=1  rc=    1.6000  rs=    1.0667
     atom=  Cl   l=1  rc=    1.6000  rs=    1.0667
     atom=  Cl   l=2  rc=    1.6000  rs=    1.0667
     atom=  Cl   l=2  rc=    1.6000  rs=    1.0667
     projs nearly linearly dependent: l=2  n1,n2= 1, 2  s=  0.99993509

     atom=  H    l=0  rc=    1.0000  rs=    0.6667
     atom=  H    l=0  rc=    1.0000  rs=    0.6667
     projs nearly linearly dependent: l=0  n1,n2= 1, 2  s=  0.99968852
     -----------------------------------------------------------------

     GIPAW integrals: -------------------------------------------
     Atom  i/j   nmr_para   nmr_dia   epr_rmc  epr_para   epr_dia
       C   1 1   0.83E+03  0.17E-01  0.93E+01  0.24E+08  0.24E+03
       C   2 1   0.86E+03 -0.61E-01  0.94E+01  0.25E+08  0.25E+03
       C   2 2   0.90E+03 -0.15E+00  0.97E+01  0.26E+08  0.26E+03
       C   3 3   0.33E+01  0.34E+00  0.18E+01  0.55E+03  0.21E+02
       C   4 3   0.35E+01  0.37E+00  0.20E+01  0.59E+03  0.22E+02
       C   4 4   0.38E+01  0.39E+00  0.22E+01  0.63E+03  0.24E+02
       Cl  1 1   0.14E+04 -0.47E+00  0.84E+01  0.32E+09  0.42E+03
       Cl  2 1   0.21E+04 -0.37E+00  0.12E+02  0.49E+09  0.65E+03
       Cl  2 2   0.33E+04 -0.16E+00  0.21E+02  0.76E+09  0.10E+04
       Cl  3 3   0.21E+02  0.79E-01  0.89E+01  0.23E+05  0.13E+03
       Cl  4 3   0.24E+02  0.67E-01  0.99E+01  0.27E+05  0.15E+03
       Cl  4 4   0.28E+02  0.44E-01  0.11E+02  0.32E+05  0.18E+03
       Cl  5 5   0.77E+00  0.19E+00  0.18E+01  0.12E+03  0.22E+02
       Cl  6 5   0.80E+00  0.19E+00  0.19E+01  0.12E+03  0.23E+02
       Cl  6 6   0.83E+00  0.20E+00  0.19E+01  0.12E+03  0.23E+02
       H   1 1   0.39E+02  0.19E+00  0.29E+00  0.78E+05  0.13E+02
       H   2 1   0.41E+02  0.21E+00  0.32E+00  0.82E+05  0.14E+02
       H   2 2   0.43E+02  0.22E+00  0.36E+00  0.86E+05  0.15E+02
     ------------------------------------------------------------

     alpha_pv=     33.6172 eV

     Number of occupied bands for each k-point:
     k-point:     1    nbnd_occ=  42
     k-point:     2    nbnd_occ=  42
     k-point:     3    nbnd_occ=  42
     k-point:     4    nbnd_occ=  42
     k-point:     5    nbnd_occ=  42
     k-point:     6    nbnd_occ=  42
     k-point:     7    nbnd_occ=  42
     k-point:     8    nbnd_occ=  42
     k-point:     9    nbnd_occ=  42
     k-point:    10    nbnd_occ=  42
     k-point:    11    nbnd_occ=  42
     k-point:    12    nbnd_occ=  42
     k-point:    13    nbnd_occ=  42
     k-point:    14    nbnd_occ=  42
     k-point:    15    nbnd_occ=  42
     k-point:    16    nbnd_occ=  42


     q-space interpolation up to   110.00 Rydberg

     GIPAW job: efg                                                                             


     ELECTRIC FIELD GRADIENTS TENSORS IN Hartree/bohrradius^2:

     ----- bare term -----
     Cl   1       -0.069777        0.043445       -0.078760
     Cl   1        0.043445       -0.052972       -0.046630
     Cl   1       -0.078760       -0.046630        0.122750

     C    2       -0.120924        0.037227       -0.422802
     C    2        0.037227       -0.229680       -0.519215
     C    2       -0.422802       -0.519215        0.350603

     C    3       -0.199797        0.326855       -0.282603
     C    3        0.326855       -0.216753       -0.523890
     C    3       -0.282603       -0.523890        0.416551

     H    4       -0.015322       -0.062926       -0.502138
     H    4       -0.062926        0.288272        0.170240
     H    4       -0.502138        0.170240       -0.272950

     C    5       -0.438165        0.236129       -0.375354
     C    5        0.236129       -0.007542       -0.362456
     C    5       -0.375354       -0.362456        0.445707

     H    6        0.299045        0.056900       -0.018721
     H    6        0.056900       -0.475018       -0.489734
     H    6       -0.018721       -0.489734        0.175974

     H    7        0.458155        0.038160        0.168651
     H    7        0.038160       -0.065596        0.367702
     H    7        0.168651        0.367702       -0.392559

     C    8       -0.433144       -0.304165       -0.373930
     C    8       -0.304165        0.118640        0.398898
     C    8       -0.373930        0.398898        0.314504

     H    9       -0.029567       -0.000248       -0.524292
     H    9       -0.000248        0.145854       -0.202104
     H    9       -0.524292       -0.202104       -0.116286

     C   10       -0.115963       -0.355632       -0.245021
     C   10       -0.355632       -0.204105        0.598524
     C   10       -0.245021        0.598524        0.320067

     C   11       -0.364597       -0.161057       -0.407965
     C   11       -0.161057        0.082243        0.352292
     C   11       -0.407965        0.352292        0.282354

     Cl  12       -0.009678       -0.002060       -0.005105
     Cl  12       -0.002060        0.006779       -0.018456
     Cl  12       -0.005105       -0.018456        0.002899

     H   13        0.430868       -0.163437       -0.003604
     H   13       -0.163437       -0.666855       -0.186879
     H   13       -0.003604       -0.186879        0.235986

     C   14       -0.359284        0.303998       -0.355153
     C   14        0.303998       -0.118791       -0.381489
     C   14       -0.355153       -0.381489        0.478075

     H   15       -0.499160       -0.066304       -0.486628
     H   15       -0.066304        0.320666       -0.133160
     H   15       -0.486628       -0.133160        0.178494

     C   16       -0.269227        0.258593       -0.292514
     C   16        0.258593       -0.151903       -0.462583
     C   16       -0.292514       -0.462583        0.421131

     C   17       -0.135317        0.056018       -0.433596
     C   17        0.056018       -0.217624       -0.524333
     C   17       -0.433596       -0.524333        0.352942

     Cl  18       -0.061921        0.041972       -0.059614
     Cl  18        0.041972       -0.041309       -0.022439
     Cl  18       -0.059614       -0.022439        0.103229

     H   19        0.473451        0.026817        0.006861
     H   19        0.026817       -0.100892        0.510273
     H   19        0.006861        0.510273       -0.372560

     C   20       -0.292511       -0.230286       -0.283438
     C   20       -0.230286       -0.236357        0.418224
     C   20       -0.283438        0.418224        0.528868

     H   21        0.117048        0.067749       -0.405356
     H   21        0.067749        0.416220       -0.125769
     H   21       -0.405356       -0.125769       -0.533268

     C   22       -0.362361       -0.210777       -0.284577
     C   22       -0.210777       -0.148706        0.437377
     C   22       -0.284577        0.437377        0.511067

     C   23       -0.122194       -0.134885       -0.289031
     C   23       -0.134885       -0.196204        0.510047
     C   23       -0.289031        0.510047        0.318398

     Cl  24       -0.033795       -0.020663       -0.067827
     Cl  24       -0.020663        0.028768        0.085263
     Cl  24       -0.067827        0.085263        0.005027

     ----- ionic term -----
     Cl   1        0.140226       -0.217243        0.018350
     Cl   1       -0.217243        0.009778       -0.002271
     Cl   1        0.018350       -0.002271       -0.150004

     C    2        0.161256       -0.182866        0.283838
     C    2       -0.182866        0.147461        0.425165
     C    2        0.283838        0.425165       -0.308718

     C    3        0.077583       -0.295814        0.272370
     C    3       -0.295814        0.201549        0.358567
     C    3        0.272370        0.358567       -0.279132

     H    4        0.466526        0.129584        0.789813
     H    4        0.129584       -0.496679        0.180616
     H    4        0.789813        0.180616        0.030153

     C    5        0.220358       -0.242105        0.359633
     C    5       -0.242105        0.078532        0.259079
     C    5        0.359633        0.259079       -0.298890

     H    6       -0.532045       -0.020141        0.014694
     H    6       -0.020141        0.690371        0.682174
     H    6        0.014694        0.682174       -0.158326

     H    7       -0.524532       -0.046945        0.058222
     H    7       -0.046945        0.587564       -0.744412
     H    7        0.058222       -0.744412       -0.063032

     C    8        0.218539        0.261282        0.251015
     C    8        0.261282       -0.039957       -0.294430
     C    8        0.251015       -0.294430       -0.178581

     H    9        0.534388       -0.107077        0.757758
     H    9       -0.107077       -0.519770       -0.163046
     H    9        0.757758       -0.163046       -0.014619

     C   10        0.170242        0.297741        0.166537
     C   10        0.297741        0.041392       -0.373791
     C   10        0.166537       -0.373791       -0.211634

     C   11        0.184300        0.242783        0.309039
     C   11        0.242783       -0.020396       -0.377658
     C   11        0.309039       -0.377658       -0.163905

     Cl  12        0.146933        0.223887        0.008511
     Cl  12        0.223887       -0.005649       -0.003369
     Cl  12        0.008511       -0.003369       -0.141284

     H   13       -0.497005        0.077502        0.039384
     H   13        0.077502        0.806544        0.588569
     H   13        0.039384        0.588569       -0.309539

     C   14        0.260915       -0.208415        0.309071
     C   14       -0.208415        0.125517        0.246998
     C   14        0.309071        0.246998       -0.386432

     H   15        0.666079        0.216573        0.682122
     H   15        0.216573       -0.441819        0.184307
     H   15        0.682122        0.184307       -0.224260

     C   16        0.169317       -0.245641        0.263579
     C   16       -0.245641        0.226754        0.302813
     C   16        0.263579        0.302813       -0.396070

     C   17        0.136204       -0.132713        0.408604
     C   17       -0.132713        0.155060        0.323084
     C   17        0.408604        0.323084       -0.291263

     Cl  18        0.108738       -0.190982        0.067830
     Cl  18       -0.190982        0.027672       -0.036656
     Cl  18        0.067830       -0.036656       -0.136410

     H   19       -0.520754       -0.069115        0.068121
     H   19       -0.069115        0.586342       -0.747125
     H   19        0.068121       -0.747125       -0.065589

     C   20        0.218034        0.226725        0.327516
     C   20        0.226725       -0.024180       -0.280598
     C   20        0.327516       -0.280598       -0.193854

     H   21        0.346859       -0.123611        0.851957
     H   21       -0.123611       -0.545212       -0.185169
     H   21        0.851957       -0.185169        0.198353

     C   22        0.076795        0.298827        0.220476
     C   22        0.298827        0.041585       -0.361405
     C   22        0.220476       -0.361405       -0.118380

     C   23        0.083118        0.274438        0.291694
     C   23        0.274438        0.026787       -0.362656
     C   23        0.291694       -0.362656       -0.109905

     Cl  24        0.089578        0.213055        0.017454
     Cl  24        0.213055        0.043398        0.009130
     Cl  24        0.017454        0.009130       -0.132976

     ----- GIPAW term -----
     Cl   1        0.902374       -2.014351       -0.592941
     Cl   1       -2.014351       -0.274816       -0.398553
     Cl   1       -0.592941       -0.398553       -0.627559

     C    2        0.032116       -0.113489       -0.116454
     C    2       -0.113489       -0.067528       -0.107884
     C    2       -0.116454       -0.107884        0.035412

     C    3       -0.078534        0.068919       -0.105498
     C    3        0.068919       -0.033933       -0.139085
     C    3       -0.105498       -0.139085        0.112467

     H    4       -0.000000        0.000000        0.000000
     H    4        0.000000        0.000000        0.000000
     H    4        0.000000        0.000000        0.000000

     C    5       -0.063518        0.041800       -0.056379
     C    5        0.041800       -0.010806       -0.064689
     C    5       -0.056379       -0.064689        0.074323

     H    6       -0.000000        0.000000        0.000000
     H    6        0.000000        0.000000        0.000000
     H    6        0.000000        0.000000        0.000000

     H    7       -0.000000        0.000000        0.000000
     H    7        0.000000        0.000000        0.000000
     H    7        0.000000        0.000000        0.000000

     C    8       -0.109696       -0.119991       -0.137186
     C    8       -0.119991        0.025105        0.198683
     C    8       -0.137186        0.198683        0.084591

     H    9       -0.000000        0.000000        0.000000
     H    9        0.000000        0.000000        0.000000
     H    9        0.000000        0.000000        0.000000

     C   10       -0.069076       -0.105311       -0.092699
     C   10       -0.105311        0.027797        0.181786
     C   10       -0.092699        0.181786        0.041279

     C   11       -0.014571        0.046364       -0.058444
     C   11        0.046364        0.096421        0.012446
     C   11       -0.058444        0.012446       -0.081850

     Cl  12        1.364781        2.261888       -0.054630
     Cl  12        2.261888        0.162505       -0.133376
     Cl  12       -0.054630       -0.133376       -1.527286

     H   13       -0.000000        0.000000        0.000000
     H   13        0.000000        0.000000        0.000000
     H   13        0.000000        0.000000        0.000000

     C   14       -0.036661        0.072788       -0.093004
     C   14        0.072788       -0.055786       -0.098222
     C   14       -0.093004       -0.098222        0.092447

     H   15       -0.000000        0.000000        0.000000
     H   15        0.000000        0.000000        0.000000
     H   15        0.000000        0.000000        0.000000

     C   16       -0.073334        0.030747       -0.064085
     C   16        0.030747       -0.007720       -0.070783
     C   16       -0.064085       -0.070783        0.081054

     C   17        0.023245       -0.098533       -0.124297
     C   17       -0.098533       -0.061715       -0.125730
     C   17       -0.124297       -0.125730        0.038470

     Cl  18       -0.661166       -1.259970       -0.611086
     Cl  18       -1.259970       -0.922260       -1.521610
     Cl  18       -0.611086       -1.521610        1.583426

     H   19       -0.000000        0.000000        0.000000
     H   19        0.000000        0.000000        0.000000
     H   19        0.000000        0.000000        0.000000

     C   20       -0.097433       -0.034977       -0.079719
     C   20       -0.034977       -0.156048        0.106690
     C   20       -0.079719        0.106690        0.253480

     H   21       -0.000000        0.000000        0.000000
     H   21        0.000000        0.000000        0.000000
     H   21        0.000000        0.000000        0.000000

     C   22       -0.184512       -0.012829       -0.071631
     C   22       -0.012829       -0.080061        0.137493
     C   22       -0.071631        0.137493        0.264573

     C   23        0.076505        0.101482       -0.038845
     C   23        0.101482       -0.034731        0.075914
     C   23       -0.038845        0.075914       -0.041774

     Cl  24        1.040396        1.977310       -0.478074
     Cl  24        1.977310        0.397274        0.740156
     Cl  24       -0.478074        0.740156       -1.437670

     ----- total EFG -----
     Cl   1        0.972823       -2.188149       -0.653351
     Cl   1       -2.188149       -0.318010       -0.447455
     Cl   1       -0.653351       -0.447455       -0.654813

     C    2        0.072448       -0.259128       -0.255417
     C    2       -0.259128       -0.149746       -0.201934
     C    2       -0.255417       -0.201934        0.077298

     C    3       -0.200749        0.099959       -0.115732
     C    3        0.099959       -0.049137       -0.304408
     C    3       -0.115732       -0.304408        0.249886

     H    4        0.451203        0.066658        0.287676
     H    4        0.066658       -0.208406        0.350855
     H    4        0.287676        0.350855       -0.242797

     C    5       -0.281325        0.035824       -0.072100
     C    5        0.035824        0.060184       -0.168066
     C    5       -0.072100       -0.168066        0.221141

     H    6       -0.233000        0.036759       -0.004028
     H    6        0.036759        0.215353        0.192440
     H    6       -0.004028        0.192440        0.017647

     H    7       -0.066377       -0.008784        0.226873
     H    7       -0.008784        0.521968       -0.376710
     H    7        0.226873       -0.376710       -0.455591

     C    8       -0.324301       -0.162873       -0.260101
     C    8       -0.162873        0.103787        0.303151
     C    8       -0.260101        0.303151        0.220514

     H    9        0.504821       -0.107325        0.233465
     H    9       -0.107325       -0.373916       -0.365150
     H    9        0.233465       -0.365150       -0.130905

     C   10       -0.014797       -0.163202       -0.171184
     C   10       -0.163202       -0.134916        0.406519
     C   10       -0.171184        0.406519        0.149712

     C   11       -0.194868        0.128091       -0.157369
     C   11        0.128091        0.158268       -0.012921
     C   11       -0.157369       -0.012921        0.036600

     Cl  12        1.502036        2.483715       -0.051225
     Cl  12        2.483715        0.163634       -0.155201
     Cl  12       -0.051225       -0.155201       -1.665670

     H   13       -0.066137       -0.085936        0.035780
     H   13       -0.085936        0.139689        0.401690
     H   13        0.035780        0.401690       -0.073553

     C   14       -0.135030        0.168370       -0.139086
     C   14        0.168370       -0.049061       -0.232713
     C   14       -0.139086       -0.232713        0.184091

     H   15        0.166919        0.150269        0.195493
     H   15        0.150269       -0.121153        0.051146
     H   15        0.195493        0.051146       -0.045765

     C   16       -0.173245        0.043699       -0.093020
     C   16        0.043699        0.067131       -0.230552
     C   16       -0.093020       -0.230552        0.106114

     C   17        0.024132       -0.175227       -0.149290
     C   17       -0.175227       -0.124280       -0.326978
     C   17       -0.149290       -0.326978        0.100148

     Cl  18       -0.614348       -1.408979       -0.602870
     Cl  18       -1.408979       -0.935897       -1.580705
     Cl  18       -0.602870       -1.580705        1.550245

     H   19       -0.047302       -0.042298        0.074981
     H   19       -0.042298        0.485451       -0.236853
     H   19        0.074981       -0.236853       -0.438148

     C   20       -0.171909       -0.038538       -0.035640
     C   20       -0.038538       -0.416585        0.244316
     C   20       -0.035640        0.244316        0.588494

     H   21        0.463907       -0.055862        0.446601
     H   21       -0.055862       -0.128992       -0.310939
     H   21        0.446601       -0.310939       -0.334915

     C   22       -0.470078        0.075222       -0.135732
     C   22        0.075222       -0.187182        0.213465
     C   22       -0.135732        0.213465        0.657260

     C   23        0.037429        0.241035       -0.036183
     C   23        0.241035       -0.204147        0.223305
     C   23       -0.036183        0.223305        0.166719

     Cl  24        1.096180        2.169701       -0.528447
     Cl  24        2.169701        0.469440        0.834549
     Cl  24       -0.528447        0.834549       -1.565619

     ----- total EFG (symmetrized) -----
     Cl   1        0.972823       -2.188149       -0.653351
     Cl   1       -2.188149       -0.318010       -0.447455
     Cl   1       -0.653351       -0.447455       -0.654813

     C    2        0.072448       -0.259128       -0.255417
     C    2       -0.259128       -0.149746       -0.201934
     C    2       -0.255417       -0.201934        0.077298

     C    3       -0.200749        0.099959       -0.115732
     C    3        0.099959       -0.049137       -0.304408
     C    3       -0.115732       -0.304408        0.249886

     H    4        0.451203        0.066658        0.287676
     H    4        0.066658       -0.208406        0.350855
     H    4        0.287676        0.350855       -0.242797

     C    5       -0.281325        0.035824       -0.072100
     C    5        0.035824        0.060184       -0.168066
     C    5       -0.072100       -0.168066        0.221141

     H    6       -0.233000        0.036759       -0.004028
     H    6        0.036759        0.215353        0.192440
     H    6       -0.004028        0.192440        0.017647

     H    7       -0.066377       -0.008784        0.226873
     H    7       -0.008784        0.521968       -0.376710
     H    7        0.226873       -0.376710       -0.455591

     C    8       -0.324301       -0.162873       -0.260101
     C    8       -0.162873        0.103787        0.303151
     C    8       -0.260101        0.303151        0.220514

     H    9        0.504821       -0.107325        0.233465
     H    9       -0.107325       -0.373916       -0.365150
     H    9        0.233465       -0.365150       -0.130905

     C   10       -0.014797       -0.163202       -0.171184
     C   10       -0.163202       -0.134916        0.406519
     C   10       -0.171184        0.406519        0.149712

     C   11       -0.194868        0.128091       -0.157369
     C   11        0.128091        0.158268       -0.012921
     C   11       -0.157369       -0.012921        0.036600

     Cl  12        1.502036        2.483715       -0.051225
     Cl  12        2.483715        0.163634       -0.155201
     Cl  12       -0.051225       -0.155201       -1.665670

     H   13       -0.066137       -0.085936        0.035780
     H   13       -0.085936        0.139689        0.401690
     H   13        0.035780        0.401690       -0.073553

     C   14       -0.135030        0.168370       -0.139086
     C   14        0.168370       -0.049061       -0.232713
     C   14       -0.139086       -0.232713        0.184091

     H   15        0.166919        0.150269        0.195493
     H   15        0.150269       -0.121153        0.051146
     H   15        0.195493        0.051146       -0.045765

     C   16       -0.173245        0.043699       -0.093020
     C   16        0.043699        0.067131       -0.230552
     C   16       -0.093020       -0.230552        0.106114

     C   17        0.024132       -0.175227       -0.149290
     C   17       -0.175227       -0.124280       -0.326978
     C   17       -0.149290       -0.326978        0.100148

     Cl  18       -0.614348       -1.408979       -0.602870
     Cl  18       -1.408979       -0.935897       -1.580705
     Cl  18       -0.602870       -1.580705        1.550245

     H   19       -0.047302       -0.042298        0.074981
     H   19       -0.042298        0.485451       -0.236853
     H   19        0.074981       -0.236853       -0.438148

     C   20       -0.171909       -0.038538       -0.035640
     C   20       -0.038538       -0.416585        0.244316
     C   20       -0.035640        0.244316        0.588494

     H   21        0.463907       -0.055862        0.446601
     H   21       -0.055862       -0.128992       -0.310939
     H   21        0.446601       -0.310939       -0.334915

     C   22       -0.470078        0.075222       -0.135732
     C   22        0.075222       -0.187182        0.213465
     C   22       -0.135732        0.213465        0.657260

     C   23        0.037429        0.241035       -0.036183
     C   23        0.241035       -0.204147        0.223305
     C   23       -0.036183        0.223305        0.166719

     Cl  24        1.096180        2.169701       -0.528447
     Cl  24        2.169701        0.469440        0.834549
     Cl  24       -0.528447        0.834549       -1.565619


     NQR/NMR SPECTROSCOPIC PARAMETERS:
     Cl   1    Vxx=   -0.3308    axis=( -0.187310 -0.381830  0.905053)
     Cl   1    Vyy=   -2.2986    axis=(  0.561320  0.714506  0.417612)
     Cl   1    Vzz=    2.6294    axis=( -0.806123  0.586247  0.080495)
     Cl   1  Q=        -8.1650 1e-30 m^2  Cq=       -50.4433 MHz  eta= 0.74837

     C    2    Vxx=    0.1569    axis=(  0.375467 -0.709800  0.595993)
     C    2    Vyy=    0.3357    axis=(  0.756059 -0.137383 -0.639922)
     C    2    Vzz=   -0.4926    axis=( -0.536096 -0.690876 -0.485068)
     C    2  Q=         1.0000 1e-30 m^2  Cq=        -1.1574 MHz  eta= 0.36304

     C    3    Vxx=   -0.2135    axis=(  0.719442  0.484337  0.497816)
     C    3    Vyy=   -0.2599    axis=(  0.659149 -0.702034 -0.269575)
     C    3    Vzz=    0.4734    axis=( -0.218918 -0.522078  0.824323)
     C    3  Q=         1.0000 1e-30 m^2  Cq=         1.1123 MHz  eta= 0.09790

     H    4    Vxx=    0.0026    axis=(  0.443147 -0.728587 -0.522285)
     H    4    Vyy=    0.6014    axis=( -0.881220 -0.247113 -0.402972)
     H    4    Vzz=   -0.6040    axis=(  0.164536  0.638824 -0.751553)
     H    4  Q=         1.0000 1e-30 m^2  Cq=        -1.4192 MHz  eta= 0.99152

     C    5    Vxx=   -0.0454    axis=( -0.032041  0.849353  0.526852)
     C    5    Vyy=   -0.2920    axis=( -0.991201  0.040729 -0.125942)
     C    5    Vzz=    0.3374    axis=( -0.128428 -0.526251  0.840575)
     C    5  Q=         1.0000 1e-30 m^2  Cq=         0.7927 MHz  eta= 0.73075

     H    6    Vxx=   -0.0962    axis=( -0.160612 -0.504943  0.848078)
     H    6    Vyy=   -0.2382    axis=(  0.985666 -0.127006  0.111051)
     H    6    Vzz=    0.3344    axis=(  0.051637  0.853758  0.518104)
     H    6  Q=         1.0000 1e-30 m^2  Cq=         0.7856 MHz  eta= 0.42476

     H    7    Vxx=    0.0003    axis=(  0.933601  0.219968  0.282848)
     H    7    Vyy=    0.6599    axis=( -0.117205  0.933434 -0.339063)
     H    7    Vzz=   -0.6602    axis=( -0.338603  0.283398  0.897236)
     H    7  Q=         1.0000 1e-30 m^2  Cq=        -1.5512 MHz  eta= 0.99913

     C    8    Vxx=   -0.1418    axis=(  0.118941  0.801841 -0.585581)
     C    8    Vyy=   -0.4324    axis=( -0.939438 -0.100036 -0.327796)
     C    8    Vzz=    0.5742    axis=( -0.321419  0.589105  0.741381)
     C    8  Q=         1.0000 1e-30 m^2  Cq=         1.3491 MHz  eta= 0.50619

     H    9    Vxx=    0.0060    axis=(  0.448084  0.550501 -0.704393)
     H    9    Vyy=    0.6336    axis=( -0.892778  0.234509 -0.384646)
     H    9    Vzz=   -0.6396    axis=( -0.046562  0.801221  0.596554)
     H    9  Q=         1.0000 1e-30 m^2  Cq=        -1.5027 MHz  eta= 0.98138

     C   10    Vxx=   -0.1109    axis=(  0.915297  0.144411  0.376001)
     C   10    Vyy=   -0.4266    axis=(  0.097235  0.826682 -0.554204)
     C   10    Vzz=    0.5375    axis=( -0.390866  0.543822  0.742618)
     C   10  Q=         1.0000 1e-30 m^2  Cq=         1.2629 MHz  eta= 0.58748

     C   11    Vxx=    0.0751    axis=( -0.243859  0.504040  0.828539)
     C   11    Vyy=    0.2257    axis=( -0.398368 -0.830988  0.388280)
     C   11    Vzz=   -0.3008    axis=(  0.884215 -0.235378  0.403438)
     C   11  Q=         1.0000 1e-30 m^2  Cq=        -0.7067 MHz  eta= 0.50090

     Cl  12    Vxx=   -1.6059    axis=(  0.362636 -0.436795  0.823228)
     Cl  12    Vyy=   -1.8028    axis=(  0.489205 -0.662640 -0.567086)
     Cl  12    Vzz=    3.4087    axis=( -0.793204 -0.608374  0.026614)
     Cl  12  Q=        -8.1650 1e-30 m^2  Cq=       -65.3946 MHz  eta= 0.05778

     H   13    Vxx=   -0.0508    axis=(  0.967711 -0.072507  0.241407)
     H   13    Vyy=   -0.4021    axis=(  0.235368  0.602667 -0.762492)
     H   13    Vzz=    0.4529    axis=( -0.090202  0.794692  0.600274)
     H   13  Q=         1.0000 1e-30 m^2  Cq=         1.0640 MHz  eta= 0.77577

     C   14    Vxx=   -0.1376    axis=(  0.595825  0.506026  0.623643)
     C   14    Vyy=   -0.2702    axis=( -0.717681  0.684003  0.130666)
     C   14    Vzz=    0.4078    axis=( -0.360453 -0.525431  0.770711)
     C   14  Q=         1.0000 1e-30 m^2  Cq=         0.9581 MHz  eta= 0.32507

     H   15    Vxx=   -0.1364    axis=(  0.202823  0.598654 -0.774904)
     H   15    Vyy=   -0.1997    axis=( -0.528689  0.733046  0.427937)
     H   15    Vzz=    0.3361    axis=(  0.824227  0.322888  0.465181)
     H   15  Q=         1.0000 1e-30 m^2  Cq=         0.7897 MHz  eta= 0.18810

     C   16    Vxx=   -0.1301    axis=( -0.428090  0.725217  0.539258)
     C   16    Vyy=   -0.2068    axis=( -0.883657 -0.210811 -0.417983)
     C   16    Vzz=    0.3369    axis=( -0.189447 -0.655453  0.731089)
     C   16  Q=         1.0000 1e-30 m^2  Cq=         0.7916 MHz  eta= 0.22771

     C   17    Vxx=    0.1301    axis=( -0.901528  0.395564  0.175431)
     C   17    Vyy=    0.3353    axis=( -0.083283 -0.556448  0.826698)
     C   17    Vzz=   -0.4653    axis=( -0.424630 -0.730681 -0.534597)
     C   17  Q=         1.0000 1e-30 m^2  Cq=        -1.0934 MHz  eta= 0.44098

     Cl  18    Vxx=    0.4638    axis=(  0.816412 -0.504498 -0.280986)
     Cl  18    Vyy=    2.3204    axis=(  0.031173 -0.447369  0.893806)
     Cl  18    Vzz=   -2.7842    axis=( -0.576628 -0.738473 -0.349511)
     Cl  18  Q=        -8.1650 1e-30 m^2  Cq=        53.4137 MHz  eta= 0.66682

     H   19    Vxx=   -0.0444    axis=(  0.985571  0.128125  0.110607)
     H   19    Vyy=   -0.5041    axis=( -0.137505  0.225008  0.964606)
     H   19    Vzz=    0.5485    axis=(  0.098703 -0.965896  0.239379)
     H   19  Q=         1.0000 1e-30 m^2  Cq=         1.2887 MHz  eta= 0.83815

     C   20    Vxx=   -0.1713    axis=(  0.993839 -0.083103  0.073339)
     C   20    Vyy=   -0.4757    axis=(  0.097374  0.970720 -0.219592)
     C   20    Vzz=    0.6470    axis=( -0.052943  0.225380  0.972831)
     C   20  Q=         1.0000 1e-30 m^2  Cq=         1.5203 MHz  eta= 0.47046

     H   21    Vxx=   -0.0372    axis=(  0.385320  0.863928 -0.324279)
     H   21    Vyy=   -0.6671    axis=( -0.308265  0.451736  0.837202)
     H   21    Vzz=    0.7043    axis=(  0.869771 -0.222626  0.440382)
     H   21  Q=         1.0000 1e-30 m^2  Cq=         1.6549 MHz  eta= 0.89438

     C   22    Vxx=   -0.1996    axis=(  0.344464  0.922307 -0.175197)
     C   22    Vyy=   -0.5197    axis=( -0.933794  0.317363 -0.165254)
     C   22    Vzz=    0.7193    axis=( -0.096814  0.220522  0.970565)
     C   22  Q=         1.0000 1e-30 m^2  Cq=         1.6901 MHz  eta= 0.44491

     C   23    Vxx=    0.1283    axis=(  0.810608  0.224405 -0.540885)
     C   23    Vyy=    0.2997    axis=( -0.370497 -0.518749 -0.770475)
     C   23    Vzz=   -0.4280    axis=( -0.453482  0.824949 -0.337361)
     C   23  Q=         1.0000 1e-30 m^2  Cq=        -1.0056 MHz  eta= 0.40043

     Cl  24    Vxx=   -0.5104    axis=( -0.503038  0.537351  0.676909)
     Cl  24    Vyy=   -2.4696    axis=(  0.428494 -0.525118  0.735285)
     Cl  24    Vzz=    2.9800    axis=( -0.750564 -0.659928 -0.033903)
     Cl  24  Q=        -8.1650 1e-30 m^2  Cq=       -57.1699 MHz  eta= 0.65744

     Initialization:
     gipaw_setup  :      9.01s CPU     11.04s WALL (       1 calls)

     Linear response

     Apply operators

     Induced current

     Other routines
     efg          :      9.32s CPU     11.78s WALL (       1 calls)

     General routines
     calbec       :      3.28s CPU      4.19s WALL (      16 calls)
     fft          :      1.52s CPU      2.56s WALL (      15 calls)
     ffts         :      0.03s CPU      0.04s WALL (       2 calls)
     fftw         :      3.27s CPU      4.00s WALL (     672 calls)
     davcio       :      0.01s CPU      0.31s WALL (      32 calls)

     Parallel routines
     fft_scatter  :      2.18s CPU      3.76s WALL (     689 calls)

     Plugins

     GIPAW        :     60.97s CPU     74.71s WALL (       1 calls)
