
     Program QE v.6.0 (svn rev. 13079) starts on 26Dec2016 at 12: 5:52 

     This program is part of the open-source Quantum ESPRESSO suite
     for quantum simulation of materials; please cite
         "P. Giannozzi et al., J. Phys.:Condens. Matter 21 395502 (2009);
          URL http://www.quantum-espresso.org", 
     in publications or presentations arising from this work. More details at
     http://www.quantum-espresso.org/quote

     Parallel version (MPI), running on     8 processors
     R & G space division:  proc/nbgrp/npool/nimage =       8

     ***** This is GIPAW svn revision unknown      *****

     Parallelizing q-star over 1 images

     Reading data from directory:
     /users/majewski/paradichlorobenzene/pbe/9_constraint/scratch/pbe.ecut100.np8.dt60.pcl2phi-129368.save
     Message from routine read_xml_file:
     file /users/majewski/paradichlorobenzene/pbe/9_constraint/scratch/pbe.ecut100.np8.dt60.pcl2phi-129368.save not guaranteed to be safe for post-processing

   Info: using nr1, nr2, nr3 values from input

   Info: using nr1, nr2, nr3 values from input

     IMPORTANT: XC functional enforced from input :
     Exchange-correlation      =  SLA  PW   PBX  PBC ( 1  4  3  4 0 0)
     Any further DFT definition will be discarded
     Please, verify this is what you really want

               file C.pbe-n-kjpaw_psl.1.0.0.UPF: wavefunction(s)  2S 2P renormalized
               file Cl.pbe-n-kjpaw_psl.1.0.0.UPF: wavefunction(s)  3S 3P renormalized
               file H.pbe-kjpaw_psl.1.0.0.UPF: wavefunction(s)  1S renormalized

     Parallelization info
     --------------------
     sticks:   dense  smooth     PW     G-vecs:    dense   smooth      PW
     Min        3057    1223    332               144436    36536    5170
     Max        3059    1225    333               144437    36537    5171
     Sum       24467    9791   2657              1155489   292295   41363


     Subspace diagonalization in iterative solution of the eigenvalue problem:
     a serial algorithm will be used

     GIPAW projectors -----------------------------------------------
     atom=  C    l=0  rc=    1.2000  rs=    0.8000
     atom=  C    l=0  rc=    1.2000  rs=    0.8000
     atom=  C    l=1  rc=    1.4000  rs=    0.9333
     atom=  C    l=1  rc=    1.4000  rs=    0.9333
     projs nearly linearly dependent: l=1  n1,n2= 1, 2  s=  0.99951561

     atom=  Cl   l=0  rc=    1.6000  rs=    1.0667
     atom=  Cl   l=0  rc=    1.6000  rs=    1.0667
     atom=  Cl   l=1  rc=    1.6000  rs=    1.0667
     atom=  Cl   l=1  rc=    1.6000  rs=    1.0667
     atom=  Cl   l=2  rc=    1.6000  rs=    1.0667
     atom=  Cl   l=2  rc=    1.6000  rs=    1.0667
     projs nearly linearly dependent: l=2  n1,n2= 1, 2  s=  0.99993509

     atom=  H    l=0  rc=    1.0000  rs=    0.6667
     atom=  H    l=0  rc=    1.0000  rs=    0.6667
     projs nearly linearly dependent: l=0  n1,n2= 1, 2  s=  0.99968852
     -----------------------------------------------------------------

     GIPAW integrals: -------------------------------------------
     Atom  i/j   nmr_para   nmr_dia   epr_rmc  epr_para   epr_dia
       C   1 1   0.83E+03  0.17E-01  0.93E+01  0.24E+08  0.24E+03
       C   2 1   0.86E+03 -0.61E-01  0.94E+01  0.25E+08  0.25E+03
       C   2 2   0.90E+03 -0.15E+00  0.97E+01  0.26E+08  0.26E+03
       C   3 3   0.33E+01  0.34E+00  0.18E+01  0.55E+03  0.21E+02
       C   4 3   0.35E+01  0.37E+00  0.20E+01  0.59E+03  0.22E+02
       C   4 4   0.38E+01  0.39E+00  0.22E+01  0.63E+03  0.24E+02
       Cl  1 1   0.14E+04 -0.47E+00  0.84E+01  0.32E+09  0.42E+03
       Cl  2 1   0.21E+04 -0.37E+00  0.12E+02  0.49E+09  0.65E+03
       Cl  2 2   0.33E+04 -0.16E+00  0.21E+02  0.76E+09  0.10E+04
       Cl  3 3   0.21E+02  0.79E-01  0.89E+01  0.23E+05  0.13E+03
       Cl  4 3   0.24E+02  0.67E-01  0.99E+01  0.27E+05  0.15E+03
       Cl  4 4   0.28E+02  0.44E-01  0.11E+02  0.32E+05  0.18E+03
       Cl  5 5   0.77E+00  0.19E+00  0.18E+01  0.12E+03  0.22E+02
       Cl  6 5   0.80E+00  0.19E+00  0.19E+01  0.12E+03  0.23E+02
       Cl  6 6   0.83E+00  0.20E+00  0.19E+01  0.12E+03  0.23E+02
       H   1 1   0.39E+02  0.19E+00  0.29E+00  0.78E+05  0.13E+02
       H   2 1   0.41E+02  0.21E+00  0.32E+00  0.82E+05  0.14E+02
       H   2 2   0.43E+02  0.22E+00  0.36E+00  0.86E+05  0.15E+02
     ------------------------------------------------------------

     alpha_pv=     34.3635 eV

     Number of occupied bands for each k-point:
     k-point:     1    nbnd_occ=  42
     k-point:     2    nbnd_occ=  42
     k-point:     3    nbnd_occ=  42
     k-point:     4    nbnd_occ=  42
     k-point:     5    nbnd_occ=  42
     k-point:     6    nbnd_occ=  42
     k-point:     7    nbnd_occ=  42
     k-point:     8    nbnd_occ=  42
     k-point:     9    nbnd_occ=  42
     k-point:    10    nbnd_occ=  42
     k-point:    11    nbnd_occ=  42
     k-point:    12    nbnd_occ=  42
     k-point:    13    nbnd_occ=  42
     k-point:    14    nbnd_occ=  42
     k-point:    15    nbnd_occ=  42
     k-point:    16    nbnd_occ=  42


     q-space interpolation up to   110.00 Rydberg

     GIPAW job: efg                                                                             


     ELECTRIC FIELD GRADIENTS TENSORS IN Hartree/bohrradius^2:

     ----- bare term -----
     Cl   1        0.191286       -0.002650       -0.031785
     Cl   1       -0.002650       -0.126718        0.302890
     Cl   1       -0.031785        0.302890       -0.064568

     C    2       -0.295191        0.249527       -0.341227
     C    2        0.249527       -0.110324       -0.488479
     C    2       -0.341227       -0.488479        0.405515

     C    3       -0.020103        0.222043       -0.135549
     C    3        0.222043       -0.104771       -0.303395
     C    3       -0.135549       -0.303395        0.124875

     H    4        0.132384       -0.069961       -0.372485
     H    4       -0.069961        0.377931        0.174238
     H    4       -0.372485        0.174238       -0.510315

     C    5       -0.436326        0.298179       -0.344827
     C    5        0.298179        0.187325       -0.340124
     C    5       -0.344827       -0.340124        0.249000

     H    6        0.364019       -0.052324        0.316874
     H    6       -0.052324        0.051993       -0.295299
     H    6        0.316874       -0.295299       -0.416013

     H    7        0.416138       -0.103179        0.072477
     H    7       -0.103179       -0.520910        0.563695
     H    7        0.072477        0.563695        0.104772

     C    8       -0.043618        0.035913       -0.245232
     C    8        0.035913       -0.122378        0.388287
     C    8       -0.245232        0.388287        0.165996

     H    9       -0.011363        0.352027       -0.231477
     H    9        0.352027       -0.354464        0.170963
     H    9       -0.231477        0.170963        0.365827

     C   10       -0.766498       -0.348083       -0.329929
     C   10       -0.348083        0.315324        0.055576
     C   10       -0.329929        0.055576        0.451174

     C   11        0.125955       -0.008741       -0.207697
     C   11       -0.008741       -0.106332        0.595151
     C   11       -0.207697        0.595151       -0.019623

     Cl  12       -0.278829       -0.204725        0.012725
     Cl  12       -0.204725        0.166837        0.067999
     Cl  12        0.012725        0.067999        0.111992

     H   13        0.075816        0.292179        0.138001
     H   13        0.292179       -0.310441       -0.479442
     H   13        0.138001       -0.479442        0.234626

     C   14       -0.179718       -0.191920       -0.422223
     C   14       -0.191920       -0.033111       -0.519600
     C   14       -0.422223       -0.519600        0.212829

     H   15       -0.108927       -0.089766       -0.284652
     H   15       -0.089766        0.420490       -0.387240
     H   15       -0.284652       -0.387240       -0.311563

     C   16       -0.272206        0.362358       -0.242975
     C   16        0.362358       -0.119814       -0.234361
     C   16       -0.242975       -0.234361        0.392020

     C   17       -0.063574       -0.032517       -0.306986
     C   17       -0.032517       -0.037409       -0.644612
     C   17       -0.306986       -0.644612        0.100983

     Cl  18       -0.094734        0.156682       -0.008168
     Cl  18        0.156682       -0.067570       -0.021483
     Cl  18       -0.008168       -0.021483        0.162304

     H   19        0.027197        0.110889        0.022891
     H   19        0.110889       -0.418002        0.522812
     H   19        0.022891        0.522812        0.390806

     C   20       -0.765737       -0.367488       -0.461023
     C   20       -0.367488        0.280989       -0.016528
     C   20       -0.461023       -0.016528        0.484747

     H   21       -0.559583        0.041543        0.173675
     H   21        0.041543        0.343743        0.264830
     H   21        0.173675        0.264830        0.215840

     C   22        0.148854        0.049597       -0.105091
     C   22        0.049597       -0.487145        0.445258
     C   22       -0.105091        0.445258        0.338291

     C   23       -0.828059       -0.452546       -0.332337
     C   23       -0.452546        0.290732        0.015808
     C   23       -0.332337        0.015808        0.537327

     Cl  24       -0.039298        0.009630        0.042697
     Cl  24        0.009630        0.012432       -0.113136
     Cl  24        0.042697       -0.113136        0.026866

     ----- ionic term -----
     Cl   1        0.099534       -0.194406        0.054059
     Cl   1       -0.194406        0.019100       -0.022808
     Cl   1        0.054059       -0.022808       -0.118634

     C    2        0.054062       -0.214357        0.357875
     C    2       -0.214357        0.052474        0.381818
     C    2        0.357875        0.381818       -0.106535

     C    3        0.114652       -0.292104        0.239255
     C    3       -0.292104        0.095007        0.351664
     C    3        0.239255        0.351664       -0.209659

     H    4        0.475840        0.240678        0.759302
     H    4        0.240678       -0.440495        0.244543
     H    4        0.759302        0.244543       -0.035345

     C    5        0.192144       -0.229565        0.331692
     C    5       -0.229565       -0.009202        0.298267
     C    5        0.331692        0.298267       -0.182941

     H    6       -0.530265       -0.039166       -0.028961
     H    6       -0.039166        0.529477        0.770661
     H    6       -0.028961        0.770661        0.000788

     H    7       -0.510899        0.007725        0.009424
     H    7        0.007725        0.597547       -0.744928
     H    7        0.009424       -0.744928       -0.086649

     C    8        0.373689        0.159862        0.227842
     C    8        0.159862        0.003747       -0.318106
     C    8        0.227842       -0.318106       -0.377436

     H    9        0.570751       -0.523237        0.534808
     H    9       -0.523237       -0.242826       -0.272927
     H    9        0.534808       -0.272927       -0.327925

     C   10        0.178031        0.149382        0.136687
     C   10        0.149382        0.162340       -0.407415
     C   10        0.136687       -0.407415       -0.340372

     C   11        0.163642        0.143245        0.133583
     C   11        0.143245        0.176007       -0.399194
     C   11        0.133583       -0.399194       -0.339649

     Cl  12        0.088589        0.182125       -0.009902
     Cl  12        0.182125        0.049528       -0.012412
     Cl  12       -0.009902       -0.012412       -0.138118

     H   13       -0.525600       -0.129883       -0.048640
     H   13       -0.129883        0.567051        0.742360
     H   13       -0.048640        0.742360       -0.041450

     C   14        0.196935       -0.320435        0.325790
     C   14       -0.320435        0.006259        0.292858
     C   14        0.325790        0.292858       -0.203194

     H   15        0.373683        0.179810        0.767098
     H   15        0.179810       -0.493700        0.250616
     H   15        0.767098        0.250616        0.120017

     C   16        0.118736       -0.396007        0.203913
     C   16       -0.396007        0.100419        0.374779
     C   16        0.203913        0.374779       -0.219155

     C   17        0.222555       -0.231956        0.302443
     C   17       -0.231956       -0.056215        0.405324
     C   17        0.302443        0.405324       -0.166340

     Cl  18        0.223109       -0.181607        0.027321
     Cl  18       -0.181607       -0.067876       -0.002135
     Cl  18        0.027321       -0.002135       -0.155233

     H   19       -0.481532       -0.203149        0.101398
     H   19       -0.203149        0.674640       -0.667373
     H   19        0.101398       -0.667373       -0.193109

     C   20        0.318325        0.156573        0.115253
     C   20        0.156573        0.105492       -0.315496
     C   20        0.115253       -0.315496       -0.423817

     H   21        0.803129       -0.400062        0.452628
     H   21       -0.400062       -0.351969       -0.197552
     H   21        0.452628       -0.197552       -0.451160

     C   22        0.219153        0.198284        0.078942
     C   22        0.198284        0.247124       -0.384286
     C   22        0.078942       -0.384286       -0.466277

     C   23        0.278045        0.134475        0.262142
     C   23        0.134475        0.159856       -0.364687
     C   23        0.262142       -0.364687       -0.437901

     Cl  24        0.160859        0.256950        0.010165
     Cl  24        0.256950        0.015784        0.001199
     Cl  24        0.010165        0.001199       -0.176642

     ----- GIPAW term -----
     Cl   1       -0.171485       -0.670855       -0.531138
     Cl   1       -0.670855        0.263052       -1.337667
     Cl   1       -0.531138       -1.337667       -0.091568

     C    2       -0.106544       -0.017608       -0.079849
     C    2       -0.017608        0.024550       -0.234098
     C    2       -0.079849       -0.234098        0.081994

     C    3       -0.061488        0.049303       -0.072973
     C    3        0.049303       -0.012697       -0.118696
     C    3       -0.072973       -0.118696        0.074185

     H    4       -0.000000        0.000000        0.000000
     H    4        0.000000        0.000000        0.000000
     H    4        0.000000        0.000000        0.000000

     C    5       -0.107768        0.120771       -0.120374
     C    5        0.120771        0.058387       -0.182747
     C    5       -0.120374       -0.182747        0.049381

     H    6       -0.000000        0.000000        0.000000
     H    6        0.000000        0.000000        0.000000
     H    6        0.000000        0.000000        0.000000

     H    7       -0.000000        0.000000        0.000000
     H    7        0.000000        0.000000        0.000000
     H    7        0.000000        0.000000        0.000000

     C    8       -0.111539        0.042287       -0.034360
     C    8        0.042287        0.175261       -0.096935
     C    8       -0.034360       -0.096935       -0.063722

     H    9       -0.000000        0.000000        0.000000
     H    9        0.000000        0.000000        0.000000
     H    9        0.000000        0.000000        0.000000

     C   10       -0.200975       -0.034980       -0.045424
     C   10       -0.034980        0.235714       -0.089461
     C   10       -0.045424       -0.089461       -0.034738

     C   11       -0.053858        0.015869       -0.007815
     C   11        0.015869        0.224731       -0.037393
     C   11       -0.007815       -0.037393       -0.170873

     Cl  12       -0.248119        1.780010        0.044826
     Cl  12        1.780010        1.745803        0.535602
     Cl  12        0.044826        0.535602       -1.497683

     H   13       -0.000000        0.000000        0.000000
     H   13        0.000000        0.000000        0.000000
     H   13        0.000000        0.000000        0.000000

     C   14        0.032714       -0.180227       -0.057952
     C   14       -0.180227        0.033155       -0.119565
     C   14       -0.057952       -0.119565       -0.065869

     H   15       -0.000000        0.000000        0.000000
     H   15        0.000000        0.000000        0.000000
     H   15        0.000000        0.000000        0.000000

     C   16        0.037484       -0.106760       -0.093748
     C   16       -0.106760        0.008503        0.041855
     C   16       -0.093748        0.041855       -0.045988

     C   17        0.001505       -0.103622       -0.051827
     C   17       -0.103622        0.147539       -0.113118
     C   17       -0.051827       -0.113118       -0.149044

     Cl  18       -0.110764        0.926511        0.196186
     Cl  18        0.926511        1.963639        0.562137
     Cl  18        0.196186        0.562137       -1.852875

     H   19       -0.000000        0.000000        0.000000
     H   19        0.000000        0.000000        0.000000
     H   19        0.000000        0.000000        0.000000

     C   20       -0.119932        0.082223       -0.123898
     C   20        0.082223        0.114588       -0.159891
     C   20       -0.123898       -0.159891        0.005344

     H   21       -0.000000        0.000000        0.000000
     H   21        0.000000        0.000000        0.000000
     H   21        0.000000        0.000000        0.000000

     C   22       -0.060692        0.067925       -0.039865
     C   22        0.067925       -0.015905       -0.125952
     C   22       -0.039865       -0.125952        0.076598

     C   23       -0.154877        0.009409       -0.036012
     C   23        0.009409        0.119552       -0.158456
     C   23       -0.036012       -0.158456        0.035325

     Cl  24       -0.214895        1.815354        0.046063
     Cl  24        1.815354        0.857296       -2.085830
     Cl  24        0.046063       -2.085830       -0.642401

     ----- total EFG -----
     Cl   1        0.119335       -0.867911       -0.508864
     Cl   1       -0.867911        0.155435       -1.057585
     Cl   1       -0.508864       -1.057585       -0.274770

     C    2       -0.347673        0.017562       -0.063202
     C    2        0.017562       -0.033300       -0.340758
     C    2       -0.063202       -0.340758        0.380973

     C    3        0.033061       -0.020758        0.030734
     C    3       -0.020758       -0.022461       -0.070427
     C    3        0.030734       -0.070427       -0.010599

     H    4        0.608224        0.170717        0.386818
     H    4        0.170717       -0.062564        0.418781
     H    4        0.386818        0.418781       -0.545660

     C    5       -0.351950        0.189385       -0.133509
     C    5        0.189385        0.236510       -0.224604
     C    5       -0.133509       -0.224604        0.115440

     H    6       -0.166246       -0.091490        0.287913
     H    6       -0.091490        0.581471        0.475362
     H    6        0.287913        0.475362       -0.415225

     H    7       -0.094761       -0.095454        0.081901
     H    7       -0.095454        0.076637       -0.181234
     H    7        0.081901       -0.181234        0.018124

     C    8        0.218531        0.238062       -0.051750
     C    8        0.238062        0.056630       -0.026754
     C    8       -0.051750       -0.026754       -0.275161

     H    9        0.559388       -0.171210        0.303331
     H    9       -0.171210       -0.597290       -0.101964
     H    9        0.303331       -0.101964        0.037903

     C   10       -0.789442       -0.233681       -0.238665
     C   10       -0.233681        0.713378       -0.441300
     C   10       -0.238665       -0.441300        0.076064

     C   11        0.235739        0.150373       -0.081930
     C   11        0.150373        0.294406        0.158565
     C   11       -0.081930        0.158565       -0.530145

     Cl  12       -0.438359        1.757410        0.047650
     Cl  12        1.757410        1.962168        0.591188
     Cl  12        0.047650        0.591188       -1.523809

     H   13       -0.449785        0.162296        0.089361
     H   13        0.162296        0.256609        0.262917
     H   13        0.089361        0.262917        0.193175

     C   14        0.049932       -0.692581       -0.154384
     C   14       -0.692581        0.006303       -0.346307
     C   14       -0.154384       -0.346307       -0.056234

     H   15        0.264756        0.090044        0.482446
     H   15        0.090044       -0.073210       -0.136624
     H   15        0.482446       -0.136624       -0.191546

     C   16       -0.115987       -0.140409       -0.132810
     C   16       -0.140409       -0.010891        0.182273
     C   16       -0.132810        0.182273        0.126878

     C   17        0.160486       -0.368096       -0.056370
     C   17       -0.368096        0.053915       -0.352405
     C   17       -0.056370       -0.352405       -0.214401

     Cl  18        0.017611        0.901587        0.215339
     Cl  18        0.901587        1.828193        0.538519
     Cl  18        0.215339        0.538519       -1.845804

     H   19       -0.454335       -0.092260        0.124289
     H   19       -0.092260        0.256638       -0.144561
     H   19        0.124289       -0.144561        0.197697

     C   20       -0.567344       -0.128692       -0.469667
     C   20       -0.128692        0.501070       -0.491915
     C   20       -0.469667       -0.491915        0.066274

     H   21        0.243546       -0.358519        0.626303
     H   21       -0.358519       -0.008226        0.067278
     H   21        0.626303        0.067278       -0.235320

     C   22        0.307315        0.315806       -0.066013
     C   22        0.315806       -0.255926       -0.064980
     C   22       -0.066013       -0.064980       -0.051389

     C   23       -0.704892       -0.308662       -0.106207
     C   23       -0.308662        0.570141       -0.507335
     C   23       -0.106207       -0.507335        0.134751

     Cl  24       -0.093334        2.081933        0.098925
     Cl  24        2.081933        0.885511       -2.197768
     Cl  24        0.098925       -2.197768       -0.792178

     ----- total EFG (symmetrized) -----
     Cl   1        0.119335       -0.867911       -0.508864
     Cl   1       -0.867911        0.155435       -1.057585
     Cl   1       -0.508864       -1.057585       -0.274770

     C    2       -0.347673        0.017562       -0.063202
     C    2        0.017562       -0.033300       -0.340758
     C    2       -0.063202       -0.340758        0.380973

     C    3        0.033061       -0.020758        0.030734
     C    3       -0.020758       -0.022461       -0.070427
     C    3        0.030734       -0.070427       -0.010599

     H    4        0.608224        0.170717        0.386818
     H    4        0.170717       -0.062564        0.418781
     H    4        0.386818        0.418781       -0.545660

     C    5       -0.351950        0.189385       -0.133509
     C    5        0.189385        0.236510       -0.224604
     C    5       -0.133509       -0.224604        0.115440

     H    6       -0.166246       -0.091490        0.287913
     H    6       -0.091490        0.581471        0.475362
     H    6        0.287913        0.475362       -0.415225

     H    7       -0.094761       -0.095454        0.081901
     H    7       -0.095454        0.076637       -0.181234
     H    7        0.081901       -0.181234        0.018124

     C    8        0.218531        0.238062       -0.051750
     C    8        0.238062        0.056630       -0.026754
     C    8       -0.051750       -0.026754       -0.275161

     H    9        0.559388       -0.171210        0.303331
     H    9       -0.171210       -0.597290       -0.101964
     H    9        0.303331       -0.101964        0.037903

     C   10       -0.789442       -0.233681       -0.238665
     C   10       -0.233681        0.713378       -0.441300
     C   10       -0.238665       -0.441300        0.076064

     C   11        0.235739        0.150373       -0.081930
     C   11        0.150373        0.294406        0.158565
     C   11       -0.081930        0.158565       -0.530145

     Cl  12       -0.438359        1.757410        0.047650
     Cl  12        1.757410        1.962168        0.591188
     Cl  12        0.047650        0.591188       -1.523809

     H   13       -0.449785        0.162296        0.089361
     H   13        0.162296        0.256609        0.262917
     H   13        0.089361        0.262917        0.193175

     C   14        0.049932       -0.692581       -0.154384
     C   14       -0.692581        0.006303       -0.346307
     C   14       -0.154384       -0.346307       -0.056234

     H   15        0.264756        0.090044        0.482446
     H   15        0.090044       -0.073210       -0.136624
     H   15        0.482446       -0.136624       -0.191546

     C   16       -0.115987       -0.140409       -0.132810
     C   16       -0.140409       -0.010891        0.182273
     C   16       -0.132810        0.182273        0.126878

     C   17        0.160486       -0.368096       -0.056370
     C   17       -0.368096        0.053915       -0.352405
     C   17       -0.056370       -0.352405       -0.214401

     Cl  18        0.017611        0.901587        0.215339
     Cl  18        0.901587        1.828193        0.538519
     Cl  18        0.215339        0.538519       -1.845804

     H   19       -0.454335       -0.092260        0.124289
     H   19       -0.092260        0.256638       -0.144561
     H   19        0.124289       -0.144561        0.197697

     C   20       -0.567344       -0.128692       -0.469667
     C   20       -0.128692        0.501070       -0.491915
     C   20       -0.469667       -0.491915        0.066274

     H   21        0.243546       -0.358519        0.626303
     H   21       -0.358519       -0.008226        0.067278
     H   21        0.626303        0.067278       -0.235320

     C   22        0.307315        0.315806       -0.066013
     C   22        0.315806       -0.255926       -0.064980
     C   22       -0.066013       -0.064980       -0.051389

     C   23       -0.704892       -0.308662       -0.106207
     C   23       -0.308662        0.570141       -0.507335
     C   23       -0.106207       -0.507335        0.134751

     Cl  24       -0.093334        2.081933        0.098925
     Cl  24        2.081933        0.885511       -2.197768
     Cl  24        0.098925       -2.197768       -0.792178


     NQR/NMR SPECTROSCOPIC PARAMETERS:
     Cl   1    Vxx=    0.4581    axis=(  0.758612  0.082815 -0.646258)
     Cl   1    Vyy=    1.1958    axis=(  0.442425 -0.793621  0.417644)
     Cl   1    Vzz=   -1.6539    axis=( -0.478296 -0.602750 -0.638690)
     Cl   1  Q=        -8.1650 1e-30 m^2  Cq=        31.7296 MHz  eta= 0.44606

     C    2    Vxx=   -0.2230    axis=( -0.119940  0.869991  0.478257)
     C    2    Vyy=   -0.3540    axis=(  0.990398  0.071495  0.118321)
     C    2    Vzz=    0.5770    axis=( -0.068745 -0.487857  0.870213)
     C    2  Q=         1.0000 1e-30 m^2  Cq=         1.3557 MHz  eta= 0.22688

     C    3    Vxx=    0.0057    axis=(  0.796695  0.442641 -0.411518)
     C    3    Vyy=    0.0818    axis=(  0.602340 -0.525597  0.600778)
     C    3    Vzz=   -0.0875    axis=(  0.049636 -0.726511 -0.685360)
     C    3  Q=         1.0000 1e-30 m^2  Cq=        -0.2055 MHz  eta= 0.87077

     H    4    Vxx=    0.0077    axis=(  0.444817 -0.835878 -0.321631)
     H    4    Vyy=    0.8267    axis=(  0.876440  0.332330  0.348438)
     H    4    Vzz=   -0.8345    axis=( -0.184364 -0.436882  0.880423)
     H    4  Q=         1.0000 1e-30 m^2  Cq=        -1.9607 MHz  eta= 0.98148

     C    5    Vxx=   -0.0564    axis=(  0.022392  0.599141  0.800330)
     C    5    Vyy=   -0.4171    axis=( -0.962572  0.229198 -0.144650)
     C    5    Vzz=    0.4735    axis=( -0.270100 -0.767136  0.581849)
     C    5  Q=         1.0000 1e-30 m^2  Cq=         1.1126 MHz  eta= 0.76164

     H    6    Vxx=   -0.0135    axis=(  0.890952 -0.191829  0.411589)
     H    6    Vyy=   -0.7588    axis=(  0.453391  0.325263 -0.829844)
     H    6    Vzz=    0.7724    axis=(  0.025313  0.925962  0.376767)
     H    6  Q=         1.0000 1e-30 m^2  Cq=         1.8148 MHz  eta= 0.96494

     H    7    Vxx=   -0.1361    axis=(  0.254910  0.690844  0.676576)
     H    7    Vyy=   -0.1378    axis=( -0.911455 -0.061992  0.406703)
     H    7    Vzz=    0.2739    axis=(  0.322911 -0.720341  0.613871)
     H    7  Q=         1.0000 1e-30 m^2  Cq=         0.6435 MHz  eta= 0.00629

     C    8    Vxx=   -0.1135    axis=(  0.576896 -0.815302 -0.049729)
     C    8    Vyy=   -0.2805    axis=( -0.098788 -0.009207 -0.995066)
     C    8    Vzz=    0.3940    axis=(  0.810822  0.578962 -0.085853)
     C    8  Q=         1.0000 1e-30 m^2  Cq=         0.9257 MHz  eta= 0.42410

     H    9    Vxx=   -0.1005    axis=( -0.425638 -0.038868  0.904059)
     H    9    Vyy=   -0.6277    axis=(  0.117531  0.988240  0.097821)
     H    9    Vzz=    0.7283    axis=( -0.897229  0.147891 -0.416064)
     H    9  Q=         1.0000 1e-30 m^2  Cq=         1.7111 MHz  eta= 0.72394

     C   10    Vxx=   -0.0193    axis=( -0.377950  0.386243  0.841409)
     C   10    Vyy=   -0.9258    axis=(  0.923852  0.216657  0.315528)
     C   10    Vzz=    0.9451    axis=( -0.060427  0.896591 -0.438717)
     C   10  Q=         1.0000 1e-30 m^2  Cq=         2.2205 MHz  eta= 0.95914

     C   11    Vxx=    0.1504    axis=( -0.788121  0.571698  0.228094)
     C   11    Vyy=    0.4240    axis=(  0.600453  0.795582  0.080657)
     C   11    Vzz=   -0.5743    axis=(  0.135356 -0.200527  0.970293)
     C   11  Q=         1.0000 1e-30 m^2  Cq=        -1.3495 MHz  eta= 0.47637

     Cl  12    Vxx=   -1.2206    axis=(  0.781412 -0.333504 -0.527418)
     Cl  12    Vyy=   -1.7360    axis=( -0.424183  0.336009 -0.840932)
     Cl  12    Vzz=    2.9566    axis=(  0.457671  0.880837  0.121094)
     Cl  12  Q=        -8.1650 1e-30 m^2  Cq=       -56.7203 MHz  eta= 0.17433

     H   13    Vxx=   -0.0364    axis=( -0.085475 -0.638730  0.764669)
     H   13    Vyy=   -0.4870    axis=( -0.979370  0.194908  0.053333)
     H   13    Vzz=    0.5234    axis=( -0.183105 -0.744335 -0.642213)
     H   13  Q=         1.0000 1e-30 m^2  Cq=         1.2297 MHz  eta= 0.86079

     C   14    Vxx=    0.0860    axis=( -0.423978 -0.175943  0.888418)
     C   14    Vyy=    0.7449    axis=( -0.674081  0.716438 -0.179807)
     C   14    Vzz=   -0.8309    axis=( -0.604861 -0.675100 -0.422354)
     C   14  Q=         1.0000 1e-30 m^2  Cq=        -1.9522 MHz  eta= 0.79293

     H   15    Vxx=   -0.0174    axis=(  0.168667  0.946448 -0.275297)
     H   15    Vyy=   -0.5529    axis=( -0.507096  0.322821  0.799150)
     H   15    Vzz=    0.5703    axis=(  0.845225  0.004812  0.534389)
     H   15  Q=         1.0000 1e-30 m^2  Cq=         1.3400 MHz  eta= 0.93890

     C   16    Vxx=   -0.1196    axis=( -0.389292  0.627727 -0.674100)
     C   16    Vyy=   -0.2135    axis=( -0.834306 -0.550443 -0.030767)
     C   16    Vzz=    0.3331    axis=( -0.390367  0.550428  0.737999)
     C   16  Q=         1.0000 1e-30 m^2  Cq=         0.7826 MHz  eta= 0.28212

     C   17    Vxx=    0.0251    axis=(  0.662916  0.345463 -0.664227)
     C   17    Vyy=    0.5349    axis=( -0.650532  0.704940 -0.282609)
     C   17    Vzz=   -0.5600    axis=(  0.370609  0.619447  0.692051)
     C   17  Q=         1.0000 1e-30 m^2  Cq=        -1.3158 MHz  eta= 0.91021

     Cl  18    Vxx=   -0.3547    axis=(  0.924613 -0.380887 -0.004031)
     Cl  18    Vyy=   -1.9273    axis=(  0.049303  0.130163 -0.990266)
     Cl  18    Vzz=    2.2820    axis=(  0.377704  0.915414  0.139129)
     Cl  18  Q=        -8.1650 1e-30 m^2  Cq=       -43.7798 MHz  eta= 0.68911

     H   19    Vxx=    0.0820    axis=( -0.061661 -0.655517 -0.752659)
     H   19    Vyy=    0.4012    axis=( -0.173630  0.749641 -0.638664)
     H   19    Vzz=   -0.4831    axis=( -0.982879 -0.091304  0.160041)
     H   19  Q=         1.0000 1e-30 m^2  Cq=        -1.1352 MHz  eta= 0.66065

     C   20    Vxx=    0.0690    axis=( -0.568062  0.538929  0.621982)
     C   20    Vyy=    0.8397    axis=( -0.121616 -0.802436  0.584214)
     C   20    Vzz=   -0.9087    axis=( -0.813950 -0.256227 -0.521376)
     C   20  Q=         1.0000 1e-30 m^2  Cq=        -2.1351 MHz  eta= 0.84814

     H   21    Vxx=   -0.0045    axis=( -0.079358 -0.878356 -0.471373)
     H   21    Vyy=   -0.7611    axis=(  0.582043  0.343061 -0.737249)
     H   21    Vzz=    0.7656    axis=(  0.809276 -0.332865  0.484017)
     H   21  Q=         1.0000 1e-30 m^2  Cq=         1.7988 MHz  eta= 0.98821

     C   22    Vxx=   -0.0630    axis=(  0.190686 -0.018435  0.981478)
     C   22    Vyy=   -0.4005    axis=( -0.398262  0.912390  0.094513)
     C   22    Vzz=    0.4635    axis=( -0.897233 -0.408908  0.166638)
     C   22  Q=         1.0000 1e-30 m^2  Cq=         1.0890 MHz  eta= 0.72818

     C   23    Vxx=   -0.0965    axis=( -0.369530  0.448327  0.813911)
     C   23    Vyy=   -0.8332    axis=(  0.920713  0.294899  0.255581)
     C   23    Vzz=    0.9297    axis=( -0.125438  0.843823 -0.521754)
     C   23  Q=         1.0000 1e-30 m^2  Cq=         2.1845 MHz  eta= 0.79244

     Cl  24    Vxx=   -0.3102    axis=(  0.750609 -0.109139  0.651671)
     Cl  24    Vyy=   -2.9774    axis=(  0.464871 -0.613653 -0.638220)
     Cl  24    Vzz=    3.2876    axis=( -0.469555 -0.781997  0.409878)
     Cl  24  Q=        -8.1650 1e-30 m^2  Cq=       -63.0703 MHz  eta= 0.81131

     Initialization:
     gipaw_setup  :      9.17s CPU     10.93s WALL (       1 calls)

     Linear response

     Apply operators

     Induced current

     Other routines
     efg          :      9.12s CPU     11.26s WALL (       1 calls)

     General routines
     calbec       :      3.24s CPU      4.06s WALL (      16 calls)
     fft          :      1.77s CPU      2.36s WALL (      15 calls)
     ffts         :      0.04s CPU      0.06s WALL (       2 calls)
     fftw         :      3.12s CPU      3.82s WALL (     672 calls)
     davcio       :      0.02s CPU      0.32s WALL (      32 calls)

     Parallel routines
     fft_scatter  :      2.21s CPU      3.42s WALL (     689 calls)

     Plugins

     GIPAW        :     61.41s CPU     74.38s WALL (       1 calls)
