
     Program QE v.6.0 (svn rev. 13079) starts on 31Dec2016 at  3:22: 6 

     This program is part of the open-source Quantum ESPRESSO suite
     for quantum simulation of materials; please cite
         "P. Giannozzi et al., J. Phys.:Condens. Matter 21 395502 (2009);
          URL http://www.quantum-espresso.org", 
     in publications or presentations arising from this work. More details at
     http://www.quantum-espresso.org/quote

     Parallel version (MPI), running on     8 processors
     R & G space division:  proc/nbgrp/npool/nimage =       8

     ***** This is GIPAW svn revision unknown      *****

     Parallelizing q-star over 1 images

     Reading data from directory:
     /users/majewski/paradichlorobenzene/pbe/9_constraint/scratch/pbe.ecut100.np8.dt60.pcl2phi-129368.save
     Message from routine read_xml_file:
     file /users/majewski/paradichlorobenzene/pbe/9_constraint/scratch/pbe.ecut100.np8.dt60.pcl2phi-129368.save not guaranteed to be safe for post-processing

   Info: using nr1, nr2, nr3 values from input

   Info: using nr1, nr2, nr3 values from input

     IMPORTANT: XC functional enforced from input :
     Exchange-correlation      =  SLA  PW   PBX  PBC ( 1  4  3  4 0 0)
     Any further DFT definition will be discarded
     Please, verify this is what you really want

               file C.pbe-n-kjpaw_psl.1.0.0.UPF: wavefunction(s)  2S 2P renormalized
               file Cl.pbe-n-kjpaw_psl.1.0.0.UPF: wavefunction(s)  3S 3P renormalized
               file H.pbe-kjpaw_psl.1.0.0.UPF: wavefunction(s)  1S renormalized

     Parallelization info
     --------------------
     sticks:   dense  smooth     PW     G-vecs:    dense   smooth      PW
     Min        3057    1223    332               144436    36536    5170
     Max        3059    1225    333               144437    36537    5171
     Sum       24467    9791   2657              1155489   292295   41363


     Subspace diagonalization in iterative solution of the eigenvalue problem:
     a serial algorithm will be used

     GIPAW projectors -----------------------------------------------
     atom=  C    l=0  rc=    1.2000  rs=    0.8000
     atom=  C    l=0  rc=    1.2000  rs=    0.8000
     atom=  C    l=1  rc=    1.4000  rs=    0.9333
     atom=  C    l=1  rc=    1.4000  rs=    0.9333
     projs nearly linearly dependent: l=1  n1,n2= 1, 2  s=  0.99951561

     atom=  Cl   l=0  rc=    1.6000  rs=    1.0667
     atom=  Cl   l=0  rc=    1.6000  rs=    1.0667
     atom=  Cl   l=1  rc=    1.6000  rs=    1.0667
     atom=  Cl   l=1  rc=    1.6000  rs=    1.0667
     atom=  Cl   l=2  rc=    1.6000  rs=    1.0667
     atom=  Cl   l=2  rc=    1.6000  rs=    1.0667
     projs nearly linearly dependent: l=2  n1,n2= 1, 2  s=  0.99993509

     atom=  H    l=0  rc=    1.0000  rs=    0.6667
     atom=  H    l=0  rc=    1.0000  rs=    0.6667
     projs nearly linearly dependent: l=0  n1,n2= 1, 2  s=  0.99968852
     -----------------------------------------------------------------

     GIPAW integrals: -------------------------------------------
     Atom  i/j   nmr_para   nmr_dia   epr_rmc  epr_para   epr_dia
       C   1 1   0.83E+03  0.17E-01  0.93E+01  0.24E+08  0.24E+03
       C   2 1   0.86E+03 -0.61E-01  0.94E+01  0.25E+08  0.25E+03
       C   2 2   0.90E+03 -0.15E+00  0.97E+01  0.26E+08  0.26E+03
       C   3 3   0.33E+01  0.34E+00  0.18E+01  0.55E+03  0.21E+02
       C   4 3   0.35E+01  0.37E+00  0.20E+01  0.59E+03  0.22E+02
       C   4 4   0.38E+01  0.39E+00  0.22E+01  0.63E+03  0.24E+02
       Cl  1 1   0.14E+04 -0.47E+00  0.84E+01  0.32E+09  0.42E+03
       Cl  2 1   0.21E+04 -0.37E+00  0.12E+02  0.49E+09  0.65E+03
       Cl  2 2   0.33E+04 -0.16E+00  0.21E+02  0.76E+09  0.10E+04
       Cl  3 3   0.21E+02  0.79E-01  0.89E+01  0.23E+05  0.13E+03
       Cl  4 3   0.24E+02  0.67E-01  0.99E+01  0.27E+05  0.15E+03
       Cl  4 4   0.28E+02  0.44E-01  0.11E+02  0.32E+05  0.18E+03
       Cl  5 5   0.77E+00  0.19E+00  0.18E+01  0.12E+03  0.22E+02
       Cl  6 5   0.80E+00  0.19E+00  0.19E+01  0.12E+03  0.23E+02
       Cl  6 6   0.83E+00  0.20E+00  0.19E+01  0.12E+03  0.23E+02
       H   1 1   0.39E+02  0.19E+00  0.29E+00  0.78E+05  0.13E+02
       H   2 1   0.41E+02  0.21E+00  0.32E+00  0.82E+05  0.14E+02
       H   2 2   0.43E+02  0.22E+00  0.36E+00  0.86E+05  0.15E+02
     ------------------------------------------------------------

     alpha_pv=     34.4844 eV

     Number of occupied bands for each k-point:
     k-point:     1    nbnd_occ=  42
     k-point:     2    nbnd_occ=  42
     k-point:     3    nbnd_occ=  42
     k-point:     4    nbnd_occ=  42
     k-point:     5    nbnd_occ=  42
     k-point:     6    nbnd_occ=  42
     k-point:     7    nbnd_occ=  42
     k-point:     8    nbnd_occ=  42
     k-point:     9    nbnd_occ=  42
     k-point:    10    nbnd_occ=  42
     k-point:    11    nbnd_occ=  42
     k-point:    12    nbnd_occ=  42
     k-point:    13    nbnd_occ=  42
     k-point:    14    nbnd_occ=  42
     k-point:    15    nbnd_occ=  42
     k-point:    16    nbnd_occ=  42


     q-space interpolation up to   110.00 Rydberg

     GIPAW job: efg                                                                             


     ELECTRIC FIELD GRADIENTS TENSORS IN Hartree/bohrradius^2:

     ----- bare term -----
     Cl   1       -0.262322        0.315424       -0.023234
     Cl   1        0.315424        0.031150       -0.000526
     Cl   1       -0.023234       -0.000526        0.231173

     C    2       -0.019481       -0.410904       -0.427980
     C    2       -0.410904       -0.115112       -0.685418
     C    2       -0.427980       -0.685418        0.134593

     C    3       -0.456836        0.320709        0.009988
     C    3        0.320709        0.064446       -0.351849
     C    3        0.009988       -0.351849        0.392391

     H    4       -0.138061       -0.336794       -0.327064
     H    4       -0.336794       -0.287059       -0.039360
     H    4       -0.327064       -0.039360        0.425120

     C    5       -0.163169       -0.284781       -0.384921
     C    5       -0.284781        0.048809       -0.561182
     C    5       -0.384921       -0.561182        0.114360

     H    6        0.393213        0.150831       -0.016107
     H    6        0.150831       -0.724580       -0.312807
     H    6       -0.016107       -0.312807        0.331367

     H    7        0.307414        0.101880        0.273687
     H    7        0.101880       -0.112451        0.371248
     H    7        0.273687        0.371248       -0.194962

     C    8       -0.396212       -0.114135       -0.346941
     C    8       -0.114135        0.277370       -0.047268
     C    8       -0.346941       -0.047268        0.118842

     H    9        0.194635        0.034858       -0.288081
     H    9        0.034858        0.215162       -0.281928
     H    9       -0.288081       -0.281928       -0.409797

     C   10        0.229883       -0.116132        0.205778
     C   10       -0.116132       -0.205998        0.129564
     C   10        0.205778        0.129564       -0.023885

     C   11       -0.238566       -0.186423       -0.424280
     C   11       -0.186423        0.120903        0.055551
     C   11       -0.424280        0.055551        0.117663

     Cl  12        0.011898        0.199882        0.182033
     Cl  12        0.199882       -0.150073       -0.290619
     Cl  12        0.182033       -0.290619        0.138175

     H   13        0.202099        0.100441       -0.429298
     H   13        0.100441        0.007614       -0.283803
     H   13       -0.429298       -0.283803       -0.209713

     C   14       -0.421469        0.466085        0.026325
     C   14        0.466085        0.063289       -0.205904
     C   14        0.026325       -0.205904        0.358180

     H   15       -0.357113        0.287663       -0.384593
     H   15        0.287663        0.090583       -0.030752
     H   15       -0.384593       -0.030752        0.266530

     C   16        0.092185       -0.228256       -0.406967
     C   16       -0.228256       -0.190012       -0.639072
     C   16       -0.406967       -0.639072        0.097827

     C   17       -0.573425        0.466465       -0.252638
     C   17        0.466465        0.103138       -0.131573
     C   17       -0.252638       -0.131573        0.470287

     Cl  18       -0.028426        0.040309        0.091472
     Cl  18        0.040309       -0.027755       -0.051776
     Cl  18        0.091472       -0.051776        0.056181

     H   19        0.403316        0.199469       -0.170471
     H   19        0.199469       -0.339427        0.622620
     H   19       -0.170471        0.622620       -0.063889

     C   20       -0.080070       -0.392636       -0.053637
     C   20       -0.392636       -0.228004        0.347354
     C   20       -0.053637        0.347354        0.308074

     H   21        0.071405        0.104895       -0.462235
     H   21        0.104895        0.485896        0.079198
     H   21       -0.462235        0.079198       -0.557301

     C   22       -0.571729       -0.366345       -0.301053
     C   22       -0.366345        0.156198        0.145313
     C   22       -0.301053        0.145313        0.415531

     C   23        0.074786       -0.503990        0.045020
     C   23       -0.503990       -0.246486        0.483664
     C   23        0.045020        0.483664        0.171700

     Cl  24       -0.032189       -0.009946        0.095029
     Cl  24       -0.009946       -0.071688       -0.076094
     Cl  24        0.095029       -0.076094        0.103877

     ----- ionic term -----
     Cl   1        0.140036       -0.200788        0.040398
     Cl   1       -0.200788        0.017254       -0.012718
     Cl   1        0.040398       -0.012718       -0.157289

     C    2        0.254095       -0.177822        0.340017
     C    2       -0.177822        0.057450        0.324331
     C    2        0.340017        0.324331       -0.311544

     C    3        0.209738       -0.214023        0.173584
     C    3       -0.214023        0.162504        0.376379
     C    3        0.173584        0.376379       -0.372243

     H    4        0.663130        0.371221        0.627707
     H    4        0.371221       -0.373831        0.249571
     H    4        0.627707        0.249571       -0.289300

     C    5        0.368915       -0.206315        0.191374
     C    5       -0.206315        0.037604        0.303263
     C    5        0.191374        0.303263       -0.406519

     H    6       -0.486164        0.089114        0.050659
     H    6        0.089114        0.633072        0.717634
     H    6        0.050659        0.717634       -0.146908

     H    7       -0.509341       -0.133124        0.102071
     H    7       -0.133124        0.663827       -0.687994
     H    7        0.102071       -0.687994       -0.154486

     C    8        0.166093        0.236623        0.372642
     C    8        0.236623        0.026807       -0.239665
     C    8        0.372642       -0.239665       -0.192900

     H    9        0.436187       -0.185932        0.782307
     H    9       -0.185932       -0.458096       -0.223556
     H    9        0.782307       -0.223556        0.021908

     C   10        0.062001        0.296616        0.251912
     C   10        0.296616        0.109076       -0.359100
     C   10        0.251912       -0.359100       -0.171077

     C   11        0.065726        0.290237        0.364024
     C   11        0.290237        0.033208       -0.363865
     C   11        0.364024       -0.363865       -0.098934

     Cl  12        0.132682        0.227306        0.051807
     Cl  12        0.227306        0.010756        0.020825
     Cl  12        0.051807        0.020825       -0.143438

     H   13       -0.521778        0.141871        0.135909
     H   13        0.141871        0.452103        0.796150
     H   13        0.135909        0.796150        0.069675

     C   14        0.284071       -0.183260        0.261890
     C   14       -0.183260       -0.033757        0.333578
     C   14        0.261890        0.333578       -0.250314

     H   15        0.576366        0.221940        0.676822
     H   15        0.221940       -0.480729        0.213701
     H   15        0.676822        0.213701       -0.095638

     C   16        0.136009       -0.227339        0.148229
     C   16       -0.227339        0.104325        0.431495
     C   16        0.148229        0.431495       -0.240334

     C   17        0.248642       -0.169560        0.143798
     C   17       -0.169560        0.049884        0.451269
     C   17        0.143798        0.451269       -0.298526

     Cl  18        0.122049       -0.232573       -0.057229
     Cl  18       -0.232573        0.011167        0.036596
     Cl  18       -0.057229        0.036596       -0.133216

     H   19       -0.535572       -0.049417        0.049894
     H   19       -0.049417        0.511803       -0.762211
     H   19        0.049894       -0.762211        0.023769

     C   20        0.143275        0.262693        0.328541
     C   20        0.262693       -0.020902       -0.285968
     C   20        0.328541       -0.285968       -0.122373

     H   21        0.230404       -0.050130        0.790724
     H   21       -0.050130       -0.535659       -0.134681
     H   21        0.790724       -0.134681        0.305255

     C   22        0.005508        0.346149        0.203431
     C   22        0.346149        0.147720       -0.401415
     C   22        0.203431       -0.401415       -0.153228

     C   23        0.019225        0.279655        0.314806
     C   23        0.279655        0.128172       -0.398423
     C   23        0.314806       -0.398423       -0.147397

     Cl  24        0.071758        0.203813        0.024546
     Cl  24        0.203813        0.067880        0.019375
     Cl  24        0.024546        0.019375       -0.139638

     ----- GIPAW term -----
     Cl   1        0.626491       -2.267441       -0.320279
     Cl   1       -2.267441        0.807784        0.250892
     Cl   1       -0.320279        0.250892       -1.434274

     C    2        0.085508       -0.230332        0.036824
     C    2       -0.230332       -0.008508       -0.134570
     C    2        0.036824       -0.134570       -0.077000

     C    3       -0.099530       -0.130384        0.075658
     C    3       -0.130384        0.165933       -0.117914
     C    3        0.075658       -0.117914       -0.066402

     H    4       -0.000000        0.000000        0.000000
     H    4        0.000000        0.000000        0.000000
     H    4        0.000000        0.000000        0.000000

     C    5       -0.045851       -0.199375       -0.024537
     C    5       -0.199375        0.168790       -0.158690
     C    5       -0.024537       -0.158690       -0.122939

     H    6       -0.000000        0.000000        0.000000
     H    6        0.000000        0.000000        0.000000
     H    6        0.000000        0.000000        0.000000

     H    7       -0.000000        0.000000        0.000000
     H    7        0.000000        0.000000        0.000000
     H    7        0.000000        0.000000        0.000000

     C    8        0.007544       -0.058872       -0.024903
     C    8       -0.058872        0.033299       -0.024134
     C    8       -0.024903       -0.024134       -0.040842

     H    9       -0.000000        0.000000        0.000000
     H    9        0.000000        0.000000        0.000000
     H    9        0.000000        0.000000        0.000000

     C   10        0.012384        0.001954        0.032527
     C   10        0.001954        0.008253       -0.015383
     C   10        0.032527       -0.015383       -0.020638

     C   11        0.023172       -0.076277       -0.055688
     C   11       -0.076277        0.064509        0.013769
     C   11       -0.055688        0.013769       -0.087681

     Cl  12        0.138952       -0.006778       -0.483745
     Cl  12       -0.006778        0.516103        0.771950
     Cl  12       -0.483745        0.771950       -0.655055

     H   13       -0.000000        0.000000        0.000000
     H   13        0.000000        0.000000        0.000000
     H   13        0.000000        0.000000        0.000000

     C   14        0.009611       -0.117115        0.079618
     C   14       -0.117115        0.069756       -0.045094
     C   14        0.079618       -0.045094       -0.079368

     H   15       -0.000000        0.000000        0.000000
     H   15        0.000000        0.000000        0.000000
     H   15        0.000000        0.000000        0.000000

     C   16        0.014792       -0.162330       -0.050967
     C   16       -0.162330        0.066569       -0.053693
     C   16       -0.050967       -0.053693       -0.081361

     C   17       -0.008467       -0.173045       -0.067446
     C   17       -0.173045        0.106259        0.059407
     C   17       -0.067446        0.059407       -0.097791

     Cl  18        0.002706       -2.071757       -0.878593
     Cl  18       -2.071757       -0.343376        1.389037
     Cl  18       -0.878593        1.389037        0.340670

     H   19       -0.000000        0.000000        0.000000
     H   19        0.000000        0.000000        0.000000
     H   19        0.000000        0.000000        0.000000

     C   20       -0.048935       -0.180748        0.075800
     C   20       -0.180748        0.065943       -0.067147
     C   20        0.075800       -0.067147       -0.017008

     H   21       -0.000000        0.000000        0.000000
     H   21        0.000000        0.000000        0.000000
     H   21        0.000000        0.000000        0.000000

     C   22       -0.163100       -0.146901        0.008526
     C   22       -0.146901        0.108072       -0.114060
     C   22        0.008526       -0.114060        0.055027

     C   23        0.087288       -0.183933        0.087863
     C   23       -0.183933        0.060420       -0.034871
     C   23        0.087863       -0.034871       -0.147708

     Cl  24        1.041271        1.890934        1.023409
     Cl  24        1.890934       -0.632260       -0.587976
     Cl  24        1.023409       -0.587976       -0.409011

     ----- total EFG -----
     Cl   1        0.504204       -2.152805       -0.303114
     Cl   1       -2.152805        0.856187        0.237649
     Cl   1       -0.303114        0.237649       -1.360391

     C    2        0.320122       -0.819058       -0.051140
     C    2       -0.819058       -0.066171       -0.495657
     C    2       -0.051140       -0.495657       -0.253951

     C    3       -0.346628       -0.023699        0.259230
     C    3       -0.023699        0.392883       -0.093383
     C    3        0.259230       -0.093383       -0.046255

     H    4        0.525070        0.034428        0.300643
     H    4        0.034428       -0.660890        0.210211
     H    4        0.300643        0.210211        0.135820

     C    5        0.159894       -0.690472       -0.218083
     C    5       -0.690472        0.255203       -0.416609
     C    5       -0.218083       -0.416609       -0.415098

     H    6       -0.092951        0.239945        0.034552
     H    6        0.239945       -0.091508        0.404827
     H    6        0.034552        0.404827        0.184459

     H    7       -0.201927       -0.031245        0.375757
     H    7       -0.031245        0.551376       -0.316746
     H    7        0.375757       -0.316746       -0.349449

     C    8       -0.222575        0.063616        0.000798
     C    8        0.063616        0.337475       -0.311067
     C    8        0.000798       -0.311067       -0.114900

     H    9        0.630822       -0.151074        0.494226
     H    9       -0.151074       -0.242934       -0.505484
     H    9        0.494226       -0.505484       -0.387888

     C   10        0.304268        0.182437        0.490217
     C   10        0.182437       -0.088669       -0.244919
     C   10        0.490217       -0.244919       -0.215599

     C   11       -0.149668        0.027538       -0.115944
     C   11        0.027538        0.218619       -0.294545
     C   11       -0.115944       -0.294545       -0.068951

     Cl  12        0.283532        0.420409       -0.249906
     Cl  12        0.420409        0.376786        0.502156
     Cl  12       -0.249906        0.502156       -0.660318

     H   13       -0.319680        0.242312       -0.293389
     H   13        0.242312        0.459718        0.512346
     H   13       -0.293389        0.512346       -0.140038

     C   14       -0.127787        0.165710        0.367832
     C   14        0.165710        0.099288        0.082580
     C   14        0.367832        0.082580        0.028498

     H   15        0.219253        0.509603        0.292229
     H   15        0.509603       -0.390146        0.182948
     H   15        0.292229        0.182948        0.170893

     C   16        0.242986       -0.617924       -0.309706
     C   16       -0.617924       -0.019118       -0.261269
     C   16       -0.309706       -0.261269       -0.223868

     C   17       -0.333251        0.123859       -0.176286
     C   17        0.123859        0.259281        0.379103
     C   17       -0.176286        0.379103        0.073970

     Cl  18        0.096329       -2.264021       -0.844350
     Cl  18       -2.264021       -0.359964        1.373857
     Cl  18       -0.844350        1.373857        0.263634

     H   19       -0.132256        0.150053       -0.120577
     H   19        0.150053        0.172377       -0.139591
     H   19       -0.120577       -0.139591       -0.040121

     C   20        0.014269       -0.310691        0.350703
     C   20       -0.310691       -0.182962       -0.005761
     C   20        0.350703       -0.005761        0.168694

     H   21        0.301810        0.054765        0.328489
     H   21        0.054765       -0.049763       -0.055484
     H   21        0.328489       -0.055484       -0.252047

     C   22       -0.729320       -0.167098       -0.089096
     C   22       -0.167098        0.411990       -0.370162
     C   22       -0.089096       -0.370162        0.317330

     C   23        0.181299       -0.408267        0.447689
     C   23       -0.408267       -0.057894        0.050370
     C   23        0.447689        0.050370       -0.123405

     Cl  24        1.080840        2.084800        1.142984
     Cl  24        2.084800       -0.636068       -0.644695
     Cl  24        1.142984       -0.644695       -0.444772

     ----- total EFG (symmetrized) -----
     Cl   1        0.504204       -2.152805       -0.303114
     Cl   1       -2.152805        0.856187        0.237649
     Cl   1       -0.303114        0.237649       -1.360391

     C    2        0.320122       -0.819058       -0.051140
     C    2       -0.819058       -0.066171       -0.495657
     C    2       -0.051140       -0.495657       -0.253951

     C    3       -0.346628       -0.023699        0.259230
     C    3       -0.023699        0.392883       -0.093383
     C    3        0.259230       -0.093383       -0.046255

     H    4        0.525070        0.034428        0.300643
     H    4        0.034428       -0.660890        0.210211
     H    4        0.300643        0.210211        0.135820

     C    5        0.159894       -0.690472       -0.218083
     C    5       -0.690472        0.255203       -0.416609
     C    5       -0.218083       -0.416609       -0.415098

     H    6       -0.092951        0.239945        0.034552
     H    6        0.239945       -0.091508        0.404827
     H    6        0.034552        0.404827        0.184459

     H    7       -0.201927       -0.031245        0.375757
     H    7       -0.031245        0.551376       -0.316746
     H    7        0.375757       -0.316746       -0.349449

     C    8       -0.222575        0.063616        0.000798
     C    8        0.063616        0.337475       -0.311067
     C    8        0.000798       -0.311067       -0.114900

     H    9        0.630822       -0.151074        0.494226
     H    9       -0.151074       -0.242934       -0.505484
     H    9        0.494226       -0.505484       -0.387888

     C   10        0.304268        0.182437        0.490217
     C   10        0.182437       -0.088669       -0.244919
     C   10        0.490217       -0.244919       -0.215599

     C   11       -0.149668        0.027538       -0.115944
     C   11        0.027538        0.218619       -0.294545
     C   11       -0.115944       -0.294545       -0.068951

     Cl  12        0.283532        0.420409       -0.249906
     Cl  12        0.420409        0.376786        0.502156
     Cl  12       -0.249906        0.502156       -0.660318

     H   13       -0.319680        0.242312       -0.293389
     H   13        0.242312        0.459718        0.512346
     H   13       -0.293389        0.512346       -0.140038

     C   14       -0.127787        0.165710        0.367832
     C   14        0.165710        0.099288        0.082580
     C   14        0.367832        0.082580        0.028498

     H   15        0.219253        0.509603        0.292229
     H   15        0.509603       -0.390146        0.182948
     H   15        0.292229        0.182948        0.170893

     C   16        0.242986       -0.617924       -0.309706
     C   16       -0.617924       -0.019118       -0.261269
     C   16       -0.309706       -0.261269       -0.223868

     C   17       -0.333251        0.123859       -0.176286
     C   17        0.123859        0.259281        0.379103
     C   17       -0.176286        0.379103        0.073970

     Cl  18        0.096329       -2.264021       -0.844350
     Cl  18       -2.264021       -0.359964        1.373857
     Cl  18       -0.844350        1.373857        0.263634

     H   19       -0.132256        0.150053       -0.120577
     H   19        0.150053        0.172377       -0.139591
     H   19       -0.120577       -0.139591       -0.040121

     C   20        0.014269       -0.310691        0.350703
     C   20       -0.310691       -0.182962       -0.005761
     C   20        0.350703       -0.005761        0.168694

     H   21        0.301810        0.054765        0.328489
     H   21        0.054765       -0.049763       -0.055484
     H   21        0.328489       -0.055484       -0.252047

     C   22       -0.729320       -0.167098       -0.089096
     C   22       -0.167098        0.411990       -0.370162
     C   22       -0.089096       -0.370162        0.317330

     C   23        0.181299       -0.408267        0.447689
     C   23       -0.408267       -0.057894        0.050370
     C   23        0.447689        0.050370       -0.123405

     Cl  24        1.080840        2.084800        1.142984
     Cl  24        2.084800       -0.636068       -0.644695
     Cl  24        1.142984       -0.644695       -0.444772


     NQR/NMR SPECTROSCOPIC PARAMETERS:
     Cl   1    Vxx=   -1.3622    axis=( -0.287215 -0.373219  0.882165)
     Cl   1    Vyy=   -1.5121    axis=( -0.678719 -0.570574 -0.462371)
     Cl   1    Vzz=    2.8743    axis=(  0.675906 -0.731541 -0.089434)
     Cl   1  Q=        -8.1650 1e-30 m^2  Cq=       -55.1424 MHz  eta= 0.05213

     C    2    Vxx=   -0.0557    axis=(  0.494656  0.278347 -0.823310)
     C    2    Vyy=   -0.9734    axis=(  0.470630  0.710613  0.523007)
     C    2    Vzz=    1.0291    axis=( -0.730632  0.646182 -0.220510)
     C    2  Q=         1.0000 1e-30 m^2  Cq=         2.4179 MHz  eta= 0.89184

     C    3    Vxx=    0.0761    axis=(  0.490401  0.279976  0.825300)
     C    3    Vyy=    0.4207    axis=(  0.116265 -0.959544  0.256432)
     C    3    Vzz=   -0.4968    axis=(  0.863707 -0.029801 -0.503113)
     C    3  Q=         1.0000 1e-30 m^2  Cq=        -1.1673 MHz  eta= 0.69364

     H    4    Vxx=    0.0128    axis=( -0.503761  0.233750  0.831617)
     H    4    Vyy=    0.7015    axis=( -0.863171 -0.098230 -0.495265)
     H    4    Vzz=   -0.7143    axis=( -0.034078 -0.967322  0.251250)
     H    4  Q=         1.0000 1e-30 m^2  Cq=        -1.6783 MHz  eta= 0.96419

     C    5    Vxx=   -0.0188    axis=(  0.583640  0.378046 -0.718641)
     C    5    Vyy=   -0.9011    axis=(  0.491699  0.539774  0.683283)
     C    5    Vzz=    0.9200    axis=( -0.646217  0.752147 -0.129149)
     C    5  Q=         1.0000 1e-30 m^2  Cq=         2.1616 MHz  eta= 0.95908

     H    6    Vxx=   -0.0530    axis=( -0.849542 -0.211069  0.483454)
     H    6    Vyy=   -0.4696    axis=( -0.449119  0.770132 -0.452979)
     H    6    Vzz=    0.5225    axis=(  0.276714  0.601953  0.749054)
     H    6  Q=         1.0000 1e-30 m^2  Cq=         1.2278 MHz  eta= 0.79715

     H    7    Vxx=    0.0229    axis=( -0.791408 -0.348022 -0.502547)
     H    7    Vyy=    0.6781    axis=( -0.181985  0.918973 -0.349814)
     H    7    Vzz=   -0.7011    axis=( -0.583570  0.185390  0.790618)
     H    7  Q=         1.0000 1e-30 m^2  Cq=        -1.6472 MHz  eta= 0.93456

     C    8    Vxx=   -0.2126    axis=( -0.896614 -0.134821 -0.421790)
     C    8    Vyy=   -0.2877    axis=( -0.435925  0.436105  0.787263)
     C    8    Vzz=    0.5003    axis=( -0.077805 -0.889739  0.449789)
     C    8  Q=         1.0000 1e-30 m^2  Cq=         1.1755 MHz  eta= 0.14996

     H    9    Vxx=   -0.0509    axis=(  0.482813  0.760970 -0.433378)
     H    9    Vyy=   -0.8825    axis=( -0.200671  0.577850  0.791088)
     H    9    Vzz=    0.9334    axis=(  0.852422 -0.294981  0.431699)
     H    9  Q=         1.0000 1e-30 m^2  Cq=         2.1931 MHz  eta= 0.89092

     C   10    Vxx=    0.0690    axis=( -0.196150 -0.884498  0.423306)
     C   10    Vyy=    0.6007    axis=(  0.862725  0.049522  0.503243)
     C   10    Vzz=   -0.6697    axis=( -0.466081  0.463908  0.753364)
     C   10  Q=         1.0000 1e-30 m^2  Cq=        -1.5735 MHz  eta= 0.79392

     C   11    Vxx=   -0.1134    axis=(  0.849109 -0.388232 -0.358176)
     C   11    Vyy=   -0.3022    axis=(  0.506161  0.404118  0.761899)
     C   11    Vzz=    0.4156    axis=(  0.151049  0.828230 -0.539648)
     C   11  Q=         1.0000 1e-30 m^2  Cq=         0.9764 MHz  eta= 0.45446

     Cl  12    Vxx=    0.1975    axis=( -0.759624  0.440051  0.478881)
     Cl  12    Vyy=    0.7908    axis=(  0.574690  0.798893  0.177487)
     Cl  12    Vzz=   -0.9883    axis=(  0.304471 -0.410032  0.859751)
     Cl  12  Q=        -8.1650 1e-30 m^2  Cq=        18.9602 MHz  eta= 0.60026

     H   13    Vxx=   -0.0005    axis=(  0.754530  0.269079 -0.598566)
     H   13    Vyy=   -0.7573    axis=(  0.652855 -0.400630  0.642866)
     H   13    Vzz=    0.7578    axis=( -0.066822 -0.875838 -0.477957)
     H   13  Q=         1.0000 1e-30 m^2  Cq=         1.7805 MHz  eta= 0.99862

     C   14    Vxx=    0.0199    axis=(  0.183713 -0.866503  0.464136)
     C   14    Vyy=    0.4176    axis=( -0.586641 -0.475515 -0.655544)
     C   14    Vzz=   -0.4375    axis=(  0.788735 -0.151849 -0.595684)
     C   14  Q=         1.0000 1e-30 m^2  Cq=        -1.0279 MHz  eta= 0.90893

     H   15    Vxx=   -0.0437    axis=( -0.470234 -0.243768  0.848208)
     H   15    Vyy=   -0.6795    axis=( -0.488234  0.872485 -0.019924)
     H   15    Vzz=    0.7232    axis=( -0.735192 -0.423493 -0.529288)
     H   15  Q=         1.0000 1e-30 m^2  Cq=         1.6992 MHz  eta= 0.87917

     C   16    Vxx=    0.0472    axis=( -0.290960 -0.500785  0.815203)
     C   16    Vyy=    0.7504    axis=( -0.791203  0.605004  0.089265)
     C   16    Vzz=   -0.7976    axis=( -0.537904 -0.619018 -0.572255)
     C   16  Q=         1.0000 1e-30 m^2  Cq=        -1.8740 MHz  eta= 0.88172

     C   17    Vxx=   -0.0565    axis=( -0.613428 -0.496600  0.614080)
     C   17    Vyy=   -0.5005    axis=( -0.789631  0.372129 -0.487856)
     C   17    Vzz=    0.5570    axis=(  0.013752 -0.784161 -0.620405)
     C   17  Q=         1.0000 1e-30 m^2  Cq=         1.3088 MHz  eta= 0.79712

     Cl  18    Vxx=   -0.5251    axis=(  0.500918 -0.178360  0.846917)
     Cl  18    Vyy=   -2.4985    axis=( -0.607331 -0.769601  0.197136)
     Cl  18    Vzz=    3.0236    axis=(  0.616627 -0.613108 -0.493831)
     Cl  18  Q=        -8.1650 1e-30 m^2  Cq=       -58.0069 MHz  eta= 0.65267

     H   19    Vxx=   -0.0970    axis=(  0.280867 -0.560232 -0.779265)
     H   19    Vyy=   -0.2233    axis=( -0.878603  0.176661 -0.443676)
     H   19    Vzz=    0.3203    axis=(  0.386227  0.809278 -0.442603)
     H   19  Q=         1.0000 1e-30 m^2  Cq=         0.7527 MHz  eta= 0.39427

     C   20    Vxx=   -0.0282    axis=(  0.350557 -0.679566 -0.644438)
     C   20    Vyy=   -0.4860    axis=( -0.658159 -0.668298  0.346705)
     C   20    Vzz=    0.5141    axis=( -0.666285  0.302603 -0.681539)
     C   20  Q=         1.0000 1e-30 m^2  Cq=         1.2079 MHz  eta= 0.89047

     H   21    Vxx=   -0.0365    axis=(  0.034790  0.979359 -0.199111)
     H   21    Vyy=   -0.4194    axis=( -0.418778  0.195182  0.886865)
     H   21    Vzz=    0.4559    axis=(  0.907422  0.052529  0.416925)
     H   21  Q=         1.0000 1e-30 m^2  Cq=         1.0712 MHz  eta= 0.83971

     C   22    Vxx=    0.0324    axis=( -0.224872  0.627745  0.745231)
     C   22    Vyy=    0.7409    axis=(  0.046544 -0.757026  0.651725)
     C   22    Vzz=   -0.7733    axis=( -0.973276 -0.181241 -0.141016)
     C   22  Q=         1.0000 1e-30 m^2  Cq=        -1.8171 MHz  eta= 0.91619

     C   23    Vxx=   -0.0370    axis=(  0.043386  0.748639  0.661557)
     C   23    Vyy=   -0.6094    axis=(  0.607757  0.505784 -0.612220)
     C   23    Vzz=    0.6465    axis=(  0.792937 -0.428628  0.433047)
     C   23  Q=         1.0000 1e-30 m^2  Cq=         1.5190 MHz  eta= 0.88540

     Cl  24    Vxx=    0.0650    axis=(  0.091593 -0.512662  0.853691)
     Cl  24    Vyy=    2.6039    axis=( -0.840714 -0.499260 -0.209617)
     Cl  24    Vzz=   -2.6689    axis=(  0.533677 -0.698511 -0.476731)
     Cl  24  Q=        -8.1650 1e-30 m^2  Cq=        51.2015 MHz  eta= 0.95128

     Initialization:
     gipaw_setup  :      9.00s CPU     10.76s WALL (       1 calls)

     Linear response

     Apply operators

     Induced current

     Other routines
     efg          :      9.50s CPU     12.04s WALL (       1 calls)

     General routines
     calbec       :      3.40s CPU      4.56s WALL (      16 calls)
     fft          :      1.66s CPU      2.76s WALL (      15 calls)
     ffts         :      0.04s CPU      0.04s WALL (       2 calls)
     fftw         :      3.33s CPU      3.98s WALL (     672 calls)
     davcio       :      0.04s CPU      0.33s WALL (      32 calls)

     Parallel routines
     fft_scatter  :      2.33s CPU      3.94s WALL (     689 calls)

     Plugins

     GIPAW        :     61.32s CPU     74.65s WALL (       1 calls)
