
     Program QE v.6.0 (svn rev. 13079) starts on 28Dec2016 at  0:21:16 

     This program is part of the open-source Quantum ESPRESSO suite
     for quantum simulation of materials; please cite
         "P. Giannozzi et al., J. Phys.:Condens. Matter 21 395502 (2009);
          URL http://www.quantum-espresso.org", 
     in publications or presentations arising from this work. More details at
     http://www.quantum-espresso.org/quote

     Parallel version (MPI), running on     8 processors
     R & G space division:  proc/nbgrp/npool/nimage =       8

     ***** This is GIPAW svn revision unknown      *****

     Parallelizing q-star over 1 images

     Reading data from directory:
     /users/majewski/paradichlorobenzene/pbe/9_constraint/scratch/pbe.ecut100.np8.dt60.pcl2phi-129368.save
     Message from routine read_xml_file:
     file /users/majewski/paradichlorobenzene/pbe/9_constraint/scratch/pbe.ecut100.np8.dt60.pcl2phi-129368.save not guaranteed to be safe for post-processing

   Info: using nr1, nr2, nr3 values from input

   Info: using nr1, nr2, nr3 values from input

     IMPORTANT: XC functional enforced from input :
     Exchange-correlation      =  SLA  PW   PBX  PBC ( 1  4  3  4 0 0)
     Any further DFT definition will be discarded
     Please, verify this is what you really want

               file C.pbe-n-kjpaw_psl.1.0.0.UPF: wavefunction(s)  2S 2P renormalized
               file Cl.pbe-n-kjpaw_psl.1.0.0.UPF: wavefunction(s)  3S 3P renormalized
               file H.pbe-kjpaw_psl.1.0.0.UPF: wavefunction(s)  1S renormalized

     Parallelization info
     --------------------
     sticks:   dense  smooth     PW     G-vecs:    dense   smooth      PW
     Min        3057    1223    332               144436    36536    5170
     Max        3059    1225    333               144437    36537    5171
     Sum       24467    9791   2657              1155489   292295   41363


     Subspace diagonalization in iterative solution of the eigenvalue problem:
     a serial algorithm will be used

     GIPAW projectors -----------------------------------------------
     atom=  C    l=0  rc=    1.2000  rs=    0.8000
     atom=  C    l=0  rc=    1.2000  rs=    0.8000
     atom=  C    l=1  rc=    1.4000  rs=    0.9333
     atom=  C    l=1  rc=    1.4000  rs=    0.9333
     projs nearly linearly dependent: l=1  n1,n2= 1, 2  s=  0.99951561

     atom=  Cl   l=0  rc=    1.6000  rs=    1.0667
     atom=  Cl   l=0  rc=    1.6000  rs=    1.0667
     atom=  Cl   l=1  rc=    1.6000  rs=    1.0667
     atom=  Cl   l=1  rc=    1.6000  rs=    1.0667
     atom=  Cl   l=2  rc=    1.6000  rs=    1.0667
     atom=  Cl   l=2  rc=    1.6000  rs=    1.0667
     projs nearly linearly dependent: l=2  n1,n2= 1, 2  s=  0.99993509

     atom=  H    l=0  rc=    1.0000  rs=    0.6667
     atom=  H    l=0  rc=    1.0000  rs=    0.6667
     projs nearly linearly dependent: l=0  n1,n2= 1, 2  s=  0.99968852
     -----------------------------------------------------------------

     GIPAW integrals: -------------------------------------------
     Atom  i/j   nmr_para   nmr_dia   epr_rmc  epr_para   epr_dia
       C   1 1   0.83E+03  0.17E-01  0.93E+01  0.24E+08  0.24E+03
       C   2 1   0.86E+03 -0.61E-01  0.94E+01  0.25E+08  0.25E+03
       C   2 2   0.90E+03 -0.15E+00  0.97E+01  0.26E+08  0.26E+03
       C   3 3   0.33E+01  0.34E+00  0.18E+01  0.55E+03  0.21E+02
       C   4 3   0.35E+01  0.37E+00  0.20E+01  0.59E+03  0.22E+02
       C   4 4   0.38E+01  0.39E+00  0.22E+01  0.63E+03  0.24E+02
       Cl  1 1   0.14E+04 -0.47E+00  0.84E+01  0.32E+09  0.42E+03
       Cl  2 1   0.21E+04 -0.37E+00  0.12E+02  0.49E+09  0.65E+03
       Cl  2 2   0.33E+04 -0.16E+00  0.21E+02  0.76E+09  0.10E+04
       Cl  3 3   0.21E+02  0.79E-01  0.89E+01  0.23E+05  0.13E+03
       Cl  4 3   0.24E+02  0.67E-01  0.99E+01  0.27E+05  0.15E+03
       Cl  4 4   0.28E+02  0.44E-01  0.11E+02  0.32E+05  0.18E+03
       Cl  5 5   0.77E+00  0.19E+00  0.18E+01  0.12E+03  0.22E+02
       Cl  6 5   0.80E+00  0.19E+00  0.19E+01  0.12E+03  0.23E+02
       Cl  6 6   0.83E+00  0.20E+00  0.19E+01  0.12E+03  0.23E+02
       H   1 1   0.39E+02  0.19E+00  0.29E+00  0.78E+05  0.13E+02
       H   2 1   0.41E+02  0.21E+00  0.32E+00  0.82E+05  0.14E+02
       H   2 2   0.43E+02  0.22E+00  0.36E+00  0.86E+05  0.15E+02
     ------------------------------------------------------------

     alpha_pv=     34.2837 eV

     Number of occupied bands for each k-point:
     k-point:     1    nbnd_occ=  42
     k-point:     2    nbnd_occ=  42
     k-point:     3    nbnd_occ=  42
     k-point:     4    nbnd_occ=  42
     k-point:     5    nbnd_occ=  42
     k-point:     6    nbnd_occ=  42
     k-point:     7    nbnd_occ=  42
     k-point:     8    nbnd_occ=  42
     k-point:     9    nbnd_occ=  42
     k-point:    10    nbnd_occ=  42
     k-point:    11    nbnd_occ=  42
     k-point:    12    nbnd_occ=  42
     k-point:    13    nbnd_occ=  42
     k-point:    14    nbnd_occ=  42
     k-point:    15    nbnd_occ=  42
     k-point:    16    nbnd_occ=  42


     q-space interpolation up to   110.00 Rydberg

     GIPAW job: efg                                                                             


     ELECTRIC FIELD GRADIENTS TENSORS IN Hartree/bohrradius^2:

     ----- bare term -----
     Cl   1       -0.104338        0.045508       -0.091042
     Cl   1        0.045508       -0.078907       -0.073200
     Cl   1       -0.091042       -0.073200        0.183245

     C    2       -0.203565        0.074831       -0.442072
     C    2        0.074831        0.026673       -0.392184
     C    2       -0.442072       -0.392184        0.176891

     C    3        0.165791        0.554569        0.020647
     C    3        0.554569       -0.345070       -0.488947
     C    3        0.020647       -0.488947        0.179279

     H    4        0.030225       -0.141681       -0.365958
     H    4       -0.141681        0.311110        0.190502
     H    4       -0.365958        0.190502       -0.341335

     C    5       -0.359698        0.299933       -0.517560
     C    5        0.299933        0.247745       -0.255281
     C    5       -0.517560       -0.255281        0.111953

     H    6        0.215535       -0.064431        0.359262
     H    6       -0.064431        0.007530       -0.358997
     H    6        0.359262       -0.358997       -0.223065

     H    7        0.149956       -0.134668        0.069669
     H    7       -0.134668       -0.336188        0.509142
     H    7        0.069669        0.509142        0.186232

     C    8       -0.410943       -0.115759       -0.382039
     C    8       -0.115759       -0.018329        0.400767
     C    8       -0.382039        0.400767        0.429273

     H    9       -0.423639        0.443446        0.050971
     H    9        0.443446        0.268226       -0.088494
     H    9        0.050971       -0.088494        0.155412

     C   10       -0.189461       -0.305528       -0.123227
     C   10       -0.305528       -0.425819        0.521503
     C   10       -0.123227        0.521503        0.615281

     C   11       -0.439841       -0.004896       -0.318963
     C   11       -0.004896       -0.078976        0.474204
     C   11       -0.318963        0.474204        0.518817

     Cl  12       -0.201741       -0.120541        0.009707
     Cl  12       -0.120541       -0.038262        0.152841
     Cl  12        0.009707        0.152841        0.240003

     H   13        0.451582        0.001152        0.195658
     H   13        0.001152        0.076559       -0.399758
     H   13        0.195658       -0.399758       -0.528141

     C   14       -0.227276        0.191569       -0.237624
     C   14        0.191569       -0.310327       -0.361921
     C   14       -0.237624       -0.361921        0.537603

     H   15        0.145323       -0.079942       -0.344513
     H   15       -0.079942        0.449865        0.002349
     H   15       -0.344513        0.002349       -0.595188

     C   16       -0.377410        0.181740       -0.235443
     C   16        0.181740       -0.041863       -0.221387
     C   16       -0.235443       -0.221387        0.419273

     C   17       -0.059209        0.196502       -0.129266
     C   17        0.196502       -0.482804       -0.414469
     C   17       -0.129266       -0.414469        0.542013

     Cl  18       -0.055373       -0.033940       -0.059711
     Cl  18       -0.033940        0.054472       -0.133840
     Cl  18       -0.059711       -0.133840        0.000901

     H   19        0.407681        0.083619       -0.037048
     H   19        0.083619       -0.657396        0.331551
     H   19       -0.037048        0.331551        0.249715

     C   20       -0.307405       -0.274657       -0.329477
     C   20       -0.274657       -0.112935        0.448776
     C   20       -0.329477        0.448776        0.420340

     H   21       -0.368122        0.518995        0.048905
     H   21        0.518995        0.066121       -0.125712
     H   21        0.048905       -0.125712        0.302001

     C   22       -0.210363       -0.274863       -0.385696
     C   22       -0.274863       -0.095562        0.449276
     C   22       -0.385696        0.449276        0.305926

     C   23       -0.064377       -0.174611       -0.259591
     C   23       -0.174611       -0.158458        0.567869
     C   23       -0.259591        0.567869        0.222835

     Cl  24        0.053678        0.081914       -0.106157
     Cl  24        0.081914       -0.041384        0.010756
     Cl  24       -0.106157        0.010756       -0.012294

     ----- ionic term -----
     Cl   1        0.158143       -0.216380        0.050844
     Cl   1       -0.216380       -0.022770       -0.021885
     Cl   1        0.050844       -0.021885       -0.135374

     C    2        0.055433       -0.258321        0.348551
     C    2       -0.258321       -0.011118        0.461154
     C    2        0.348551        0.461154       -0.044315

     C    3        0.016269       -0.358227        0.190243
     C    3       -0.358227        0.119237        0.460306
     C    3        0.190243        0.460306       -0.135506

     H    4        0.407356        0.181261        0.767262
     H    4        0.181261       -0.473526        0.248742
     H    4        0.767262        0.248742        0.066170

     C    5        0.129744       -0.295856        0.327787
     C    5       -0.295856       -0.030545        0.294186
     C    5        0.327787        0.294186       -0.099200

     H    6       -0.531284       -0.026672        0.010855
     H    6       -0.026672        0.414362        0.781210
     H    6        0.010855        0.781210        0.116922

     H    7       -0.510416        0.067678       -0.041925
     H    7        0.067678        0.560790       -0.744602
     H    7       -0.041925       -0.744602       -0.050374

     C    8        0.303116        0.141892        0.153577
     C    8        0.141892        0.031239       -0.348146
     C    8        0.153577       -0.348146       -0.334355

     H    9        0.748208       -0.457025        0.456904
     H    9       -0.457025       -0.341280       -0.237266
     H    9        0.456904       -0.237266       -0.406928

     C   10        0.204643        0.158489        0.076973
     C   10        0.158489        0.162299       -0.419060
     C   10        0.076973       -0.419060       -0.366942

     C   11        0.339939        0.126008        0.159878
     C   11        0.126008        0.111803       -0.395573
     C   11        0.159878       -0.395573       -0.451742

     Cl  12        0.173375        0.237435        0.003925
     Cl  12        0.237435        0.003668       -0.008658
     Cl  12        0.003925       -0.008658       -0.177044

     H   13       -0.547850       -0.036428       -0.016695
     H   13       -0.036428        0.459854        0.793270
     H   13       -0.016695        0.793270        0.087996

     C   14        0.143136       -0.238340        0.345998
     C   14       -0.238340       -0.047450        0.302229
     C   14        0.345998        0.302229       -0.095686

     H   15        0.316729        0.179740        0.806081
     H   15        0.179740       -0.512470        0.224730
     H   15        0.806081        0.224730        0.195741

     C   16        0.048631       -0.288280        0.235860
     C   16       -0.288280        0.062295        0.370389
     C   16        0.235860        0.370389       -0.110926

     C   17        0.014260       -0.254400        0.310827
     C   17       -0.254400        0.031727        0.414385
     C   17        0.310827        0.414385       -0.045987

     Cl  18        0.084903       -0.199008        0.002891
     Cl  18       -0.199008        0.041998        0.000933
     Cl  18        0.002891        0.000933       -0.126901

     H   19       -0.497955       -0.044892        0.014348
     H   19       -0.044892        0.703531       -0.684125
     H   19        0.014348       -0.684125       -0.205576

     C   20        0.410782        0.068260        0.141146
     C   20        0.068260        0.045088       -0.304653
     C   20        0.141146       -0.304653       -0.455869

     H   21        0.695378       -0.529284        0.421484
     H   21       -0.529284       -0.269626       -0.232063
     H   21        0.421484       -0.232063       -0.425753

     C   22        0.200974        0.074513        0.111059
     C   22        0.074513        0.231238       -0.377595
     C   22        0.111059       -0.377595       -0.432212

     C   23        0.171532        0.040366        0.228971
     C   23        0.040366        0.214648       -0.405250
     C   23        0.228971       -0.405250       -0.386181

     Cl  24        0.109479        0.179962        0.003700
     Cl  24        0.179962        0.018328       -0.004321
     Cl  24        0.003700       -0.004321       -0.127807

     ----- GIPAW term -----
     Cl   1        0.497181       -1.884270       -0.703149
     Cl   1       -1.884270       -0.526708       -0.679718
     Cl   1       -0.703149       -0.679718        0.029527

     C    2        0.105709       -0.014834       -0.040989
     C    2       -0.014834        0.021359       -0.023185
     C    2       -0.040989       -0.023185       -0.127067

     C    3        0.078360        0.204424       -0.018012
     C    3        0.204424        0.006851       -0.074606
     C    3       -0.018012       -0.074606       -0.085211

     H    4       -0.000000        0.000000        0.000000
     H    4        0.000000        0.000000        0.000000
     H    4        0.000000        0.000000        0.000000

     C    5        0.081090        0.210438       -0.101457
     C    5        0.210438        0.043769       -0.044168
     C    5       -0.101457       -0.044168       -0.124859

     H    6       -0.000000        0.000000        0.000000
     H    6        0.000000        0.000000        0.000000
     H    6        0.000000        0.000000        0.000000

     H    7       -0.000000        0.000000        0.000000
     H    7        0.000000        0.000000        0.000000
     H    7        0.000000        0.000000        0.000000

     C    8       -0.042283        0.001009       -0.024149
     C    8        0.001009       -0.035585        0.088784
     C    8       -0.024149        0.088784        0.077868

     H    9       -0.000000        0.000000        0.000000
     H    9        0.000000        0.000000        0.000000
     H    9        0.000000        0.000000        0.000000

     C   10       -0.125306       -0.040958       -0.032917
     C   10       -0.040958       -0.140355        0.127374
     C   10       -0.032917        0.127374        0.265661

     C   11       -0.115314        0.099005       -0.074325
     C   11        0.099005       -0.102568        0.114841
     C   11       -0.074325        0.114841        0.217882

     Cl  12       -0.207291        1.606751        0.025814
     Cl  12        1.606751       -0.315239        1.476140
     Cl  12        0.025814        1.476140        0.522530

     H   13       -0.000000        0.000000        0.000000
     H   13        0.000000        0.000000        0.000000
     H   13        0.000000        0.000000        0.000000

     C   14       -0.109072        0.018426       -0.077676
     C   14        0.018426       -0.197345       -0.059437
     C   14       -0.077676       -0.059437        0.306416

     H   15       -0.000000        0.000000        0.000000
     H   15        0.000000        0.000000        0.000000
     H   15        0.000000        0.000000        0.000000

     C   16       -0.176071        0.002395       -0.051889
     C   16        0.002395       -0.091044       -0.048806
     C   16       -0.051889       -0.048806        0.267115

     C   17       -0.021889       -0.057348        0.068970
     C   17       -0.057348       -0.169142        0.012190
     C   17        0.068970        0.012190        0.191030

     Cl  18        0.592574       -2.191183       -0.336879
     Cl  18       -2.191183        0.704009       -1.295050
     Cl  18       -0.336879       -1.295050       -1.296583

     H   19       -0.000000        0.000000        0.000000
     H   19        0.000000        0.000000        0.000000
     H   19        0.000000        0.000000        0.000000

     C   20       -0.040199       -0.082796       -0.073469
     C   20       -0.082796       -0.017170        0.138699
     C   20       -0.073469        0.138699        0.057369

     H   21       -0.000000        0.000000        0.000000
     H   21        0.000000        0.000000        0.000000
     H   21        0.000000        0.000000        0.000000

     C   22       -0.014780       -0.143134       -0.198053
     C   22       -0.143134       -0.000552        0.152398
     C   22       -0.198053        0.152398        0.015332

     C   23        0.079935        0.028163       -0.047210
     C   23        0.028163        0.020622        0.093211
     C   23       -0.047210        0.093211       -0.100557

     Cl  24        1.736419        2.571525       -0.940198
     Cl  24        2.571525       -0.361385        0.055964
     Cl  24       -0.940198        0.055964       -1.375034

     ----- total EFG -----
     Cl   1        0.550986       -2.055142       -0.743346
     Cl   1       -2.055142       -0.628384       -0.774803
     Cl   1       -0.743346       -0.774803        0.077398

     C    2       -0.042423       -0.198324       -0.134511
     C    2       -0.198324        0.036914        0.045786
     C    2       -0.134511        0.045786        0.005509

     C    3        0.260420        0.400766        0.192878
     C    3        0.400766       -0.218982       -0.103247
     C    3        0.192878       -0.103247       -0.041438

     H    4        0.437581        0.039580        0.401304
     H    4        0.039580       -0.162415        0.439244
     H    4        0.401304        0.439244       -0.275166

     C    5       -0.148863        0.214515       -0.291230
     C    5        0.214515        0.260969       -0.005264
     C    5       -0.291230       -0.005264       -0.112106

     H    6       -0.315749       -0.091103        0.370117
     H    6       -0.091103        0.421892        0.422213
     H    6        0.370117        0.422213       -0.106143

     H    7       -0.360460       -0.066990        0.027744
     H    7       -0.066990        0.224602       -0.235460
     H    7        0.027744       -0.235460        0.135858

     C    8       -0.150111        0.027142       -0.252611
     C    8        0.027142       -0.022675        0.141405
     C    8       -0.252611        0.141405        0.172785

     H    9        0.324569       -0.013579        0.507875
     H    9       -0.013579       -0.073054       -0.325760
     H    9        0.507875       -0.325760       -0.251516

     C   10       -0.110124       -0.187997       -0.079171
     C   10       -0.187997       -0.403876        0.229817
     C   10       -0.079171        0.229817        0.514000

     C   11       -0.215216        0.220117       -0.233409
     C   11        0.220117       -0.069741        0.193472
     C   11       -0.233409        0.193472        0.284957

     Cl  12       -0.235656        1.723645        0.039445
     Cl  12        1.723645       -0.349833        1.620323
     Cl  12        0.039445        1.620323        0.585489

     H   13       -0.096268       -0.035276        0.178962
     H   13       -0.035276        0.536413        0.393512
     H   13        0.178962        0.393512       -0.440145

     C   14       -0.193212       -0.028346        0.030698
     C   14       -0.028346       -0.555122       -0.119129
     C   14        0.030698       -0.119129        0.748333

     H   15        0.462052        0.099799        0.461568
     H   15        0.099799       -0.062606        0.227079
     H   15        0.461568        0.227079       -0.399446

     C   16       -0.504849       -0.104145       -0.051472
     C   16       -0.104145       -0.070613        0.100195
     C   16       -0.051472        0.100195        0.575462

     C   17       -0.066837       -0.115246        0.250530
     C   17       -0.115246       -0.620218        0.012106
     C   17        0.250530        0.012106        0.687056

     Cl  18        0.622103       -2.424131       -0.393699
     Cl  18       -2.424131        0.800480       -1.427958
     Cl  18       -0.393699       -1.427958       -1.422583

     H   19       -0.090274        0.038728       -0.022700
     H   19        0.038728        0.046135       -0.352574
     H   19       -0.022700       -0.352574        0.044139

     C   20        0.063177       -0.289192       -0.261801
     C   20       -0.289192       -0.085017        0.282823
     C   20       -0.261801        0.282823        0.021840

     H   21        0.327256       -0.010289        0.470389
     H   21       -0.010289       -0.203505       -0.357775
     H   21        0.470389       -0.357775       -0.123752

     C   22       -0.024170       -0.343484       -0.472690
     C   22       -0.343484        0.135124        0.224079
     C   22       -0.472690        0.224079       -0.110955

     C   23        0.187091       -0.106082       -0.077829
     C   23       -0.106082        0.076812        0.255829
     C   23       -0.077829        0.255829       -0.263903

     Cl  24        1.899576        2.833401       -1.042655
     Cl  24        2.833401       -0.384441        0.062398
     Cl  24       -1.042655        0.062398       -1.515135

     ----- total EFG (symmetrized) -----
     Cl   1        0.550986       -2.055142       -0.743346
     Cl   1       -2.055142       -0.628384       -0.774803
     Cl   1       -0.743346       -0.774803        0.077398

     C    2       -0.042423       -0.198324       -0.134511
     C    2       -0.198324        0.036914        0.045786
     C    2       -0.134511        0.045786        0.005509

     C    3        0.260420        0.400766        0.192878
     C    3        0.400766       -0.218982       -0.103247
     C    3        0.192878       -0.103247       -0.041438

     H    4        0.437581        0.039580        0.401304
     H    4        0.039580       -0.162415        0.439244
     H    4        0.401304        0.439244       -0.275166

     C    5       -0.148863        0.214515       -0.291230
     C    5        0.214515        0.260969       -0.005264
     C    5       -0.291230       -0.005264       -0.112106

     H    6       -0.315749       -0.091103        0.370117
     H    6       -0.091103        0.421892        0.422213
     H    6        0.370117        0.422213       -0.106143

     H    7       -0.360460       -0.066990        0.027744
     H    7       -0.066990        0.224602       -0.235460
     H    7        0.027744       -0.235460        0.135858

     C    8       -0.150111        0.027142       -0.252611
     C    8        0.027142       -0.022675        0.141405
     C    8       -0.252611        0.141405        0.172785

     H    9        0.324569       -0.013579        0.507875
     H    9       -0.013579       -0.073054       -0.325760
     H    9        0.507875       -0.325760       -0.251516

     C   10       -0.110124       -0.187997       -0.079171
     C   10       -0.187997       -0.403876        0.229817
     C   10       -0.079171        0.229817        0.514000

     C   11       -0.215216        0.220117       -0.233409
     C   11        0.220117       -0.069741        0.193472
     C   11       -0.233409        0.193472        0.284957

     Cl  12       -0.235656        1.723645        0.039445
     Cl  12        1.723645       -0.349833        1.620323
     Cl  12        0.039445        1.620323        0.585489

     H   13       -0.096268       -0.035276        0.178962
     H   13       -0.035276        0.536413        0.393512
     H   13        0.178962        0.393512       -0.440145

     C   14       -0.193212       -0.028346        0.030698
     C   14       -0.028346       -0.555122       -0.119129
     C   14        0.030698       -0.119129        0.748333

     H   15        0.462052        0.099799        0.461568
     H   15        0.099799       -0.062606        0.227079
     H   15        0.461568        0.227079       -0.399446

     C   16       -0.504849       -0.104145       -0.051472
     C   16       -0.104145       -0.070613        0.100195
     C   16       -0.051472        0.100195        0.575462

     C   17       -0.066837       -0.115246        0.250530
     C   17       -0.115246       -0.620218        0.012106
     C   17        0.250530        0.012106        0.687056

     Cl  18        0.622103       -2.424131       -0.393699
     Cl  18       -2.424131        0.800480       -1.427958
     Cl  18       -0.393699       -1.427958       -1.422583

     H   19       -0.090274        0.038728       -0.022700
     H   19        0.038728        0.046135       -0.352574
     H   19       -0.022700       -0.352574        0.044139

     C   20        0.063177       -0.289192       -0.261801
     C   20       -0.289192       -0.085017        0.282823
     C   20       -0.261801        0.282823        0.021840

     H   21        0.327256       -0.010289        0.470389
     H   21       -0.010289       -0.203505       -0.357775
     H   21        0.470389       -0.357775       -0.123752

     C   22       -0.024170       -0.343484       -0.472690
     C   22       -0.343484        0.135124        0.224079
     C   22       -0.472690        0.224079       -0.110955

     C   23        0.187091       -0.106082       -0.077829
     C   23       -0.106082        0.076812        0.255829
     C   23       -0.077829        0.255829       -0.263903

     Cl  24        1.899576        2.833401       -1.042655
     Cl  24        2.833401       -0.384441        0.062398
     Cl  24       -1.042655        0.062398       -1.515135


     NQR/NMR SPECTROSCOPIC PARAMETERS:
     Cl   1    Vxx=    0.4930    axis=( -0.163859 -0.339621  0.926179)
     Cl   1    Vyy=    2.1086    axis=( -0.807263  0.585786  0.071982)
     Cl   1    Vzz=   -2.6016    axis=( -0.566989 -0.735875 -0.370150)
     Cl   1  Q=        -8.1650 1e-30 m^2  Cq=        49.9102 MHz  eta= 0.62098

     C    2    Vxx=   -0.0271    axis=(  0.009539 -0.561790  0.827225)
     C    2    Vyy=   -0.2325    axis=( -0.783392 -0.518328 -0.342976)
     C    2    Vzz=    0.2597    axis=(  0.621454 -0.644770 -0.445046)
     C    2  Q=         1.0000 1e-30 m^2  Cq=         0.6101 MHz  eta= 0.79099

     C    3    Vxx=    0.0059    axis=( -0.008267 -0.429381  0.903086)
     C    3    Vyy=    0.5140    axis=(  0.868742  0.444150  0.219128)
     C    3    Vzz=   -0.5199    axis=( -0.495195  0.786360  0.369350)
     C    3  Q=         1.0000 1e-30 m^2  Cq=        -1.2214 MHz  eta= 0.97735

     H    4    Vxx=    0.0487    axis=(  0.501565 -0.761252 -0.411008)
     H    4    Vyy=    0.6832    axis=(  0.829264  0.287695  0.479117)
     H    4    Vzz=   -0.7318    axis=( -0.246484 -0.581143  0.775576)
     H    4  Q=         1.0000 1e-30 m^2  Cq=        -1.7195 MHz  eta= 0.86702

     C    5    Vxx=    0.0673    axis=( -0.454010  0.522430  0.721763)
     C    5    Vyy=    0.3893    axis=( -0.485931 -0.824169  0.290890)
     C    5    Vzz=   -0.4566    axis=(  0.746824 -0.218660  0.628046)
     C    5  Q=         1.0000 1e-30 m^2  Cq=        -1.0728 MHz  eta= 0.70530

     H    6    Vxx=    0.0320    axis=(  0.706586 -0.437345  0.556296)
     H    6    Vyy=    0.6675    axis=(  0.116524  0.847322  0.518138)
     H    6    Vzz=   -0.6996    axis=(  0.697967  0.301287 -0.649668)
     H    6  Q=         1.0000 1e-30 m^2  Cq=        -1.6437 MHz  eta= 0.90842

     H    7    Vxx=   -0.0579    axis=( -0.068299  0.629137  0.774288)
     H    7    Vyy=   -0.3680    axis=( -0.993789 -0.111249  0.002733)
     H    7    Vzz=    0.4259    axis=(  0.087858 -0.769292  0.632827)
     H    7  Q=         1.0000 1e-30 m^2  Cq=         1.0008 MHz  eta= 0.72809

     C    8    Vxx=   -0.0269    axis=(  0.419437  0.901376 -0.107672)
     C    8    Vyy=   -0.3189    axis=( -0.804638  0.314242 -0.503796)
     C    8    Vzz=    0.3458    axis=( -0.420275  0.297948  0.857086)
     C    8  Q=         1.0000 1e-30 m^2  Cq=         0.8125 MHz  eta= 0.84421

     H    9    Vxx=    0.0113    axis=(  0.431524  0.868771 -0.242948)
     H    9    Vyy=    0.6660    axis=( -0.806455  0.250834 -0.535456)
     H    9    Vzz=   -0.6773    axis=( -0.404249  0.426988  0.808866)
     H    9  Q=         1.0000 1e-30 m^2  Cq=        -1.5914 MHz  eta= 0.96664

     C   10    Vxx=   -0.0641    axis=(  0.908735 -0.329949  0.255604)
     C   10    Vyy=   -0.5257    axis=( -0.378621 -0.909394  0.172189)
     C   10    Vzz=    0.5898    axis=( -0.175632  0.253251  0.951324)
     C   10  Q=         1.0000 1e-30 m^2  Cq=         1.3858 MHz  eta= 0.78252

     C   11    Vxx=    0.0883    axis=(  0.611616  0.789520 -0.050822)
     C   11    Vyy=    0.4038    axis=(  0.258345 -0.260021 -0.930401)
     C   11    Vzz=   -0.4922    axis=( -0.747786  0.555919 -0.363002)
     C   11  Q=         1.0000 1e-30 m^2  Cq=        -1.1564 MHz  eta= 0.64108

     Cl  12    Vxx=    0.1459    axis=( -0.700503 -0.170923  0.692878)
     Cl  12    Vyy=    2.3441    axis=(  0.445842  0.653295  0.611907)
     Cl  12    Vzz=   -2.4900    axis=( -0.557243  0.737558 -0.381430)
     Cl  12  Q=        -8.1650 1e-30 m^2  Cq=        47.7702 MHz  eta= 0.88281

     H   13    Vxx=   -0.0371    axis=(  0.948166 -0.138064  0.286218)
     H   13    Vyy=   -0.6391    axis=(  0.315824  0.309714 -0.896846)
     H   13    Vzz=    0.6762    axis=(  0.035176  0.940753  0.337264)
     H   13  Q=         1.0000 1e-30 m^2  Cq=         1.5887 MHz  eta= 0.89024

     C   14    Vxx=   -0.1926    axis=(  0.997081 -0.064591 -0.040707)
     C   14    Vyy=   -0.5677    axis=(  0.067984  0.993765  0.088374)
     C   14    Vzz=    0.7603    axis=(  0.034745 -0.090884  0.995255)
     C   14  Q=         1.0000 1e-30 m^2  Cq=         1.7864 MHz  eta= 0.49327

     H   15    Vxx=   -0.0565    axis=(  0.330244 -0.928415 -0.170250)
     H   15    Vyy=   -0.6505    axis=(  0.345077  0.286637 -0.893734)
     H   15    Vzz=    0.7070    axis=(  0.878556  0.236401  0.415035)
     H   15  Q=         1.0000 1e-30 m^2  Cq=         1.6611 MHz  eta= 0.84026

     C   16    Vxx=   -0.0655    axis=( -0.208767  0.963532 -0.167396)
     C   16    Vyy=   -0.5293    axis=(  0.976055  0.215978  0.025888)
     C   16    Vzz=    0.5947    axis=( -0.061098  0.157983  0.985550)
     C   16  Q=         1.0000 1e-30 m^2  Cq=         1.3973 MHz  eta= 0.77988

     C   17    Vxx=   -0.1168    axis=(  0.932188 -0.220306 -0.287212)
     C   17    Vyy=   -0.6463    axis=( -0.215302 -0.975302  0.049310)
     C   17    Vzz=    0.7631    axis=(  0.290982 -0.015871  0.956597)
     C   17  Q=         1.0000 1e-30 m^2  Cq=         1.7929 MHz  eta= 0.69389

     Cl  18    Vxx=   -0.3736    axis=(  0.596974  0.361521 -0.716188)
     Cl  18    Vyy=   -2.8940    axis=(  0.467709  0.568479  0.676816)
     Cl  18    Vzz=    3.2676    axis=( -0.651821  0.739009 -0.170280)
     Cl  18  Q=        -8.1650 1e-30 m^2  Cq=       -62.6880 MHz  eta= 0.77133

     H   19    Vxx=   -0.0935    axis=(  0.994741 -0.025294  0.099246)
     H   19    Vyy=   -0.3080    axis=(  0.052336 -0.707415 -0.704858)
     H   19    Vzz=    0.4016    axis=( -0.088037 -0.706345  0.702372)
     H   19  Q=         1.0000 1e-30 m^2  Cq=         0.9435 MHz  eta= 0.53419

     C   20    Vxx=   -0.2194    axis=( -0.712838 -0.064227 -0.698381)
     C   20    Vyy=   -0.3397    axis=( -0.334108 -0.844438  0.418684)
     C   20    Vzz=    0.5590    axis=( -0.616631  0.531789  0.580489)
     C   20  Q=         1.0000 1e-30 m^2  Cq=         1.3135 MHz  eta= 0.21518

     H   21    Vxx=   -0.0345    axis=(  0.513844  0.769930 -0.378382)
     H   21    Vyy=   -0.6388    axis=( -0.348285  0.590303  0.728176)
     H   21    Vzz=    0.6733    axis=(  0.784004 -0.242384  0.571478)
     H   21  Q=         1.0000 1e-30 m^2  Cq=         1.5820 MHz  eta= 0.89739

     C   22    Vxx=   -0.1486    axis=(  0.340472  0.801005 -0.492412)
     C   22    Vyy=   -0.5507    axis=( -0.707213 -0.126954 -0.695509)
     C   22    Vzz=    0.6993    axis=(  0.619620 -0.585042 -0.523257)
     C   22  Q=         1.0000 1e-30 m^2  Cq=         1.6431 MHz  eta= 0.57494

     C   23    Vxx=    0.0699    axis=(  0.741064  0.605113  0.290967)
     C   23    Vyy=    0.3316    axis=( -0.670622  0.645753  0.365060)
     C   23    Vzz=   -0.4015    axis=(  0.033010 -0.465662  0.884347)
     C   23  Q=         1.0000 1e-30 m^2  Cq=        -0.9434 MHz  eta= 0.65176

     Cl  24    Vxx=   -1.2613    axis=( -0.175266  0.506248  0.844390)
     Cl  24    Vyy=   -2.6787    axis=(  0.533051 -0.672282  0.513705)
     Cl  24    Vzz=    3.9400    axis=( -0.827731 -0.540138  0.152028)
     Cl  24  Q=        -8.1650 1e-30 m^2  Cq=       -75.5873 MHz  eta= 0.35975

     Initialization:
     gipaw_setup  :      9.13s CPU     11.25s WALL (       1 calls)

     Linear response

     Apply operators

     Induced current

     Other routines
     efg          :      9.47s CPU     11.71s WALL (       1 calls)

     General routines
     calbec       :      3.26s CPU      4.08s WALL (      16 calls)
     fft          :      1.33s CPU      1.53s WALL (      15 calls)
     ffts         :      0.05s CPU      0.08s WALL (       2 calls)
     fftw         :      3.46s CPU      4.14s WALL (     672 calls)
     davcio       :      0.04s CPU      0.34s WALL (      32 calls)

     Parallel routines
     fft_scatter  :      2.05s CPU      2.84s WALL (     689 calls)

     Plugins

     GIPAW        :     61.16s CPU     74.52s WALL (       1 calls)
