
     Program QE v.6.0 (svn rev. 13079) starts on  1Jan2017 at 17:42:57 

     This program is part of the open-source Quantum ESPRESSO suite
     for quantum simulation of materials; please cite
         "P. Giannozzi et al., J. Phys.:Condens. Matter 21 395502 (2009);
          URL http://www.quantum-espresso.org", 
     in publications or presentations arising from this work. More details at
     http://www.quantum-espresso.org/quote

     Parallel version (MPI), running on     8 processors
     R & G space division:  proc/nbgrp/npool/nimage =       8

     ***** This is GIPAW svn revision unknown      *****

     Parallelizing q-star over 1 images

     Reading data from directory:
     /users/majewski/paradichlorobenzene/pbe/9_constraint/scratch/pbe.ecut100.np8.dt60.pcl2phi-129368.save
     Message from routine read_xml_file:
     file /users/majewski/paradichlorobenzene/pbe/9_constraint/scratch/pbe.ecut100.np8.dt60.pcl2phi-129368.save not guaranteed to be safe for post-processing

   Info: using nr1, nr2, nr3 values from input

   Info: using nr1, nr2, nr3 values from input

     IMPORTANT: XC functional enforced from input :
     Exchange-correlation      =  SLA  PW   PBX  PBC ( 1  4  3  4 0 0)
     Any further DFT definition will be discarded
     Please, verify this is what you really want

               file C.pbe-n-kjpaw_psl.1.0.0.UPF: wavefunction(s)  2S 2P renormalized
               file Cl.pbe-n-kjpaw_psl.1.0.0.UPF: wavefunction(s)  3S 3P renormalized
               file H.pbe-kjpaw_psl.1.0.0.UPF: wavefunction(s)  1S renormalized

     Parallelization info
     --------------------
     sticks:   dense  smooth     PW     G-vecs:    dense   smooth      PW
     Min        3057    1223    332               144436    36536    5170
     Max        3059    1225    333               144437    36537    5171
     Sum       24467    9791   2657              1155489   292295   41363


     Subspace diagonalization in iterative solution of the eigenvalue problem:
     a serial algorithm will be used

     GIPAW projectors -----------------------------------------------
     atom=  C    l=0  rc=    1.2000  rs=    0.8000
     atom=  C    l=0  rc=    1.2000  rs=    0.8000
     atom=  C    l=1  rc=    1.4000  rs=    0.9333
     atom=  C    l=1  rc=    1.4000  rs=    0.9333
     projs nearly linearly dependent: l=1  n1,n2= 1, 2  s=  0.99951561

     atom=  Cl   l=0  rc=    1.6000  rs=    1.0667
     atom=  Cl   l=0  rc=    1.6000  rs=    1.0667
     atom=  Cl   l=1  rc=    1.6000  rs=    1.0667
     atom=  Cl   l=1  rc=    1.6000  rs=    1.0667
     atom=  Cl   l=2  rc=    1.6000  rs=    1.0667
     atom=  Cl   l=2  rc=    1.6000  rs=    1.0667
     projs nearly linearly dependent: l=2  n1,n2= 1, 2  s=  0.99993509

     atom=  H    l=0  rc=    1.0000  rs=    0.6667
     atom=  H    l=0  rc=    1.0000  rs=    0.6667
     projs nearly linearly dependent: l=0  n1,n2= 1, 2  s=  0.99968852
     -----------------------------------------------------------------

     GIPAW integrals: -------------------------------------------
     Atom  i/j   nmr_para   nmr_dia   epr_rmc  epr_para   epr_dia
       C   1 1   0.83E+03  0.17E-01  0.93E+01  0.24E+08  0.24E+03
       C   2 1   0.86E+03 -0.61E-01  0.94E+01  0.25E+08  0.25E+03
       C   2 2   0.90E+03 -0.15E+00  0.97E+01  0.26E+08  0.26E+03
       C   3 3   0.33E+01  0.34E+00  0.18E+01  0.55E+03  0.21E+02
       C   4 3   0.35E+01  0.37E+00  0.20E+01  0.59E+03  0.22E+02
       C   4 4   0.38E+01  0.39E+00  0.22E+01  0.63E+03  0.24E+02
       Cl  1 1   0.14E+04 -0.47E+00  0.84E+01  0.32E+09  0.42E+03
       Cl  2 1   0.21E+04 -0.37E+00  0.12E+02  0.49E+09  0.65E+03
       Cl  2 2   0.33E+04 -0.16E+00  0.21E+02  0.76E+09  0.10E+04
       Cl  3 3   0.21E+02  0.79E-01  0.89E+01  0.23E+05  0.13E+03
       Cl  4 3   0.24E+02  0.67E-01  0.99E+01  0.27E+05  0.15E+03
       Cl  4 4   0.28E+02  0.44E-01  0.11E+02  0.32E+05  0.18E+03
       Cl  5 5   0.77E+00  0.19E+00  0.18E+01  0.12E+03  0.22E+02
       Cl  6 5   0.80E+00  0.19E+00  0.19E+01  0.12E+03  0.23E+02
       Cl  6 6   0.83E+00  0.20E+00  0.19E+01  0.12E+03  0.23E+02
       H   1 1   0.39E+02  0.19E+00  0.29E+00  0.78E+05  0.13E+02
       H   2 1   0.41E+02  0.21E+00  0.32E+00  0.82E+05  0.14E+02
       H   2 2   0.43E+02  0.22E+00  0.36E+00  0.86E+05  0.15E+02
     ------------------------------------------------------------

     alpha_pv=     34.2054 eV

     Number of occupied bands for each k-point:
     k-point:     1    nbnd_occ=  42
     k-point:     2    nbnd_occ=  42
     k-point:     3    nbnd_occ=  42
     k-point:     4    nbnd_occ=  42
     k-point:     5    nbnd_occ=  42
     k-point:     6    nbnd_occ=  42
     k-point:     7    nbnd_occ=  42
     k-point:     8    nbnd_occ=  42
     k-point:     9    nbnd_occ=  42
     k-point:    10    nbnd_occ=  42
     k-point:    11    nbnd_occ=  42
     k-point:    12    nbnd_occ=  42
     k-point:    13    nbnd_occ=  42
     k-point:    14    nbnd_occ=  42
     k-point:    15    nbnd_occ=  42
     k-point:    16    nbnd_occ=  42


     q-space interpolation up to   110.00 Rydberg

     GIPAW job: efg                                                                             


     ELECTRIC FIELD GRADIENTS TENSORS IN Hartree/bohrradius^2:

     ----- bare term -----
     Cl   1       -0.037944        0.087059        0.040961
     Cl   1        0.087059        0.028729        0.078944
     Cl   1        0.040961        0.078944        0.009215

     C    2       -0.004868        0.213208       -0.163591
     C    2        0.213208       -0.238641       -0.490447
     C    2       -0.163591       -0.490447        0.243509

     C    3       -0.417139        0.144619       -0.211225
     C    3        0.144619       -0.071701       -0.312788
     C    3       -0.211225       -0.312788        0.488840

     H    4       -0.157153       -0.073516       -0.642553
     H    4       -0.073516        0.440007       -0.044685
     H    4       -0.642553       -0.044685       -0.282854

     C    5       -0.146088        0.294896       -0.009754
     C    5        0.294896       -0.306352       -0.333366
     C    5       -0.009754       -0.333366        0.452440

     H    6        0.491584       -0.022469        0.043997
     H    6       -0.022469        0.108530       -0.334262
     H    6        0.043997       -0.334262       -0.600114

     H    7        0.351650        0.178351       -0.251756
     H    7        0.178351       -0.196863        0.571108
     H    7       -0.251756        0.571108       -0.154787

     C    8       -0.133259       -0.403993       -0.000899
     C    8       -0.403993       -0.413335        0.367737
     C    8       -0.000899        0.367737        0.546595

     H    9       -0.506055        0.230906       -0.563420
     H    9        0.230906        0.394923        0.181195
     H    9       -0.563420        0.181195        0.111132

     C   10       -0.466061       -0.142120       -0.188416
     C   10       -0.142120       -0.042709        0.257553
     C   10       -0.188416        0.257553        0.508770

     C   11        0.021583       -0.195177       -0.116433
     C   11       -0.195177       -0.556631        0.299022
     C   11       -0.116433        0.299022        0.535048

     Cl  12       -0.108659       -0.033894       -0.090761
     Cl  12       -0.033894       -0.060821        0.117276
     Cl  12       -0.090761        0.117276        0.169480

     H   13        0.195404        0.063697       -0.094604
     H   13        0.063697       -0.426748       -0.521682
     H   13       -0.094604       -0.521682        0.231345

     C   14       -0.682927        0.322277       -0.405457
     C   14        0.322277        0.246113       -0.154936
     C   14       -0.405457       -0.154936        0.436813

     H   15       -0.521791       -0.242210       -0.205025
     H   15       -0.242210        0.407511       -0.211648
     H   15       -0.205025       -0.211648        0.114279

     C   16       -0.044551        0.440487        0.066569
     C   16        0.440487       -0.570927       -0.488269
     C   16        0.066569       -0.488269        0.615479

     C   17       -0.563981       -0.037304       -0.224777
     C   17       -0.037304       -0.006857       -0.305591
     C   17       -0.224777       -0.305591        0.570838

     Cl  18        0.116954        0.088777        0.047989
     Cl  18        0.088777        0.176361        0.105194
     Cl  18        0.047989        0.105194       -0.293315

     H   19        0.388364       -0.084508       -0.186179
     H   19       -0.084508       -0.569074        0.232540
     H   19       -0.186179        0.232540        0.180710

     C   20       -0.643947       -0.062435       -0.308459
     C   20       -0.062435       -0.005743        0.222293
     C   20       -0.308459        0.222293        0.649690

     H   21       -0.528012        0.211496       -0.025687
     H   21        0.211496        0.437118        0.218275
     H   21       -0.025687        0.218275        0.090894

     C   22       -0.022055       -0.359130        0.049393
     C   22       -0.359130       -0.623117        0.421417
     C   22        0.049393        0.421417        0.645172

     C   23       -0.579865        0.044500       -0.204666
     C   23        0.044500        0.022878        0.269747
     C   23       -0.204666        0.269747        0.556987

     Cl  24       -0.094721       -0.115315        0.116335
     Cl  24       -0.115315       -0.098932       -0.041670
     Cl  24        0.116335       -0.041670        0.193652

     ----- ionic term -----
     Cl   1        0.119419       -0.214459        0.004976
     Cl   1       -0.214459        0.011928        0.000450
     Cl   1        0.004976        0.000450       -0.131347

     C    2        0.216163       -0.150823        0.279983
     C    2       -0.150823        0.019104        0.443244
     C    2        0.279983        0.443244       -0.235267

     C    3        0.167691       -0.223219        0.152701
     C    3       -0.223219        0.032515        0.456124
     C    3        0.152701        0.456124       -0.200206

     H    4        0.527979        0.201895        0.771253
     H    4        0.201895       -0.522959        0.226331
     H    4        0.771253        0.226331       -0.005020

     C    5        0.316093       -0.201872        0.186569
     C    5       -0.201872       -0.086483        0.356413
     C    5        0.186569        0.356413       -0.229610

     H    6       -0.510858       -0.016578       -0.005520
     H    6       -0.016578        0.457893        0.791557
     H    6       -0.005520        0.791557        0.052964

     H    7       -0.502111       -0.121490        0.073921
     H    7       -0.121490        0.637356       -0.705082
     H    7        0.073921       -0.705082       -0.135245

     C    8        0.349693        0.119020        0.272912
     C    8        0.119020        0.062962       -0.289486
     C    8        0.272912       -0.289486       -0.412655

     H    9        0.712722       -0.354431        0.572947
     H    9       -0.354431       -0.405922       -0.217378
     H    9        0.572947       -0.217378       -0.306801

     C   10        0.158785        0.163269        0.200471
     C   10        0.163269        0.270882       -0.359364
     C   10        0.200471       -0.359364       -0.429666

     C   11        0.071937        0.121978        0.258266
     C   11        0.121978        0.292309       -0.408120
     C   11        0.258266       -0.408120       -0.364245

     Cl  12        0.087273        0.208793        0.007531
     Cl  12        0.208793        0.046910       -0.001891
     Cl  12        0.007531       -0.001891       -0.134183

     H   13       -0.517837       -0.035712        0.001946
     H   13       -0.035712        0.715923        0.709875
     H   13        0.001946        0.709875       -0.198086

     C   14        0.366372       -0.244123        0.198208
     C   14       -0.244123       -0.012663        0.336260
     C   14        0.198208        0.336260       -0.353709

     H   15        0.761252        0.308616        0.575352
     H   15        0.308616       -0.463251        0.214254
     H   15        0.575352        0.214254       -0.298001

     C   16        0.272291       -0.285805        0.097489
     C   16       -0.285805        0.036691        0.410431
     C   16        0.097489        0.410431       -0.308982

     C   17        0.235691       -0.187220        0.191161
     C   17       -0.187220       -0.027159        0.439721
     C   17        0.191161        0.439721       -0.208532

     Cl  18        0.163484       -0.199458       -0.026740
     Cl  18       -0.199458       -0.034014        0.024997
     Cl  18       -0.026740        0.024997       -0.129471

     H   19       -0.513329        0.035305       -0.012412
     H   19        0.035305        0.580702       -0.725451
     H   19       -0.012412       -0.725451       -0.067373

     C   20        0.211492        0.216512        0.228168
     C   20        0.216512        0.107037       -0.305905
     C   20        0.228168       -0.305905       -0.318529

     H   21        0.769906       -0.285340        0.597296
     H   21       -0.285340       -0.422223       -0.203870
     H   21        0.597296       -0.203870       -0.347683

     C   22        0.152883        0.239165        0.180558
     C   22        0.239165        0.210584       -0.388005
     C   22        0.180558       -0.388005       -0.363467

     C   23        0.257145        0.141353        0.283633
     C   23        0.141353        0.132016       -0.386795
     C   23        0.283633       -0.386795       -0.389162

     Cl  24        0.149989        0.226918        0.039499
     Cl  24        0.226918        0.020057        0.012244
     Cl  24        0.039499        0.012244       -0.170046

     ----- GIPAW term -----
     Cl   1        1.150726       -1.559385        0.369094
     Cl   1       -1.559385        0.312581        0.646422
     Cl   1        0.369094        0.646422       -1.463307

     C    2        0.060373       -0.000210        0.030890
     C    2       -0.000210        0.018226        0.011582
     C    2        0.030890        0.011582       -0.078599

     C    3       -0.120683        0.019815        0.087435
     C    3        0.019815       -0.080086        0.000741
     C    3        0.087435        0.000741        0.200769

     H    4       -0.000000        0.000000        0.000000
     H    4        0.000000        0.000000        0.000000
     H    4        0.000000        0.000000        0.000000

     C    5       -0.094780        0.026429        0.055639
     C    5        0.026429       -0.172857       -0.081466
     C    5        0.055639       -0.081466        0.267637

     H    6       -0.000000        0.000000        0.000000
     H    6        0.000000        0.000000        0.000000
     H    6        0.000000        0.000000        0.000000

     H    7       -0.000000        0.000000        0.000000
     H    7        0.000000        0.000000        0.000000
     H    7        0.000000        0.000000        0.000000

     C    8       -0.023625       -0.104471        0.132316
     C    8       -0.104471       -0.184572        0.005154
     C    8        0.132316        0.005154        0.208197

     H    9       -0.000000        0.000000        0.000000
     H    9        0.000000        0.000000        0.000000
     H    9        0.000000        0.000000        0.000000

     C   10       -0.140702       -0.022537        0.115169
     C   10       -0.022537       -0.091908       -0.024593
     C   10        0.115169       -0.024593        0.232611

     C   11       -0.068580        0.035266        0.035271
     C   11        0.035266       -0.177265       -0.030578
     C   11        0.035271       -0.030578        0.245845

     Cl  12       -0.312502        1.482695       -0.760742
     Cl  12        1.482695       -0.536436        1.750663
     Cl  12       -0.760742        1.750663        0.848938

     H   13       -0.000000        0.000000        0.000000
     H   13        0.000000        0.000000        0.000000
     H   13        0.000000        0.000000        0.000000

     C   14       -0.136179        0.123844       -0.002281
     C   14        0.123844        0.094595        0.079705
     C   14       -0.002281        0.079705        0.041584

     H   15       -0.000000        0.000000        0.000000
     H   15        0.000000        0.000000        0.000000
     H   15        0.000000        0.000000        0.000000

     C   16       -0.048662        0.081063        0.130298
     C   16        0.081063       -0.182369       -0.017394
     C   16        0.130298       -0.017394        0.231030

     C   17       -0.152002       -0.086377        0.033675
     C   17       -0.086377       -0.123312       -0.010768
     C   17        0.033675       -0.010768        0.275314

     Cl  18       -0.477265       -0.744575       -0.402310
     Cl  18       -0.744575       -0.931974       -0.414969
     Cl  18       -0.402310       -0.414969        1.409239

     H   19       -0.000000        0.000000        0.000000
     H   19        0.000000        0.000000        0.000000
     H   19        0.000000        0.000000        0.000000

     C   20       -0.194566        0.007275        0.014137
     C   20        0.007275       -0.110552        0.059021
     C   20        0.014137        0.059021        0.305118

     H   21       -0.000000        0.000000        0.000000
     H   21        0.000000        0.000000        0.000000
     H   21        0.000000        0.000000        0.000000

     C   22       -0.100244       -0.049097        0.079803
     C   22       -0.049097       -0.198578       -0.017821
     C   22        0.079803       -0.017821        0.298822

     C   23       -0.144991        0.078974        0.061144
     C   23        0.078974       -0.117560       -0.010413
     C   23        0.061144       -0.010413        0.262551

     Cl  24        0.761255        1.515967        1.020481
     Cl  24        1.515967       -0.776314       -0.381481
     Cl  24        1.020481       -0.381481        0.015060

     ----- total EFG -----
     Cl   1        1.232200       -1.686785        0.415031
     Cl   1       -1.686785        0.353239        0.725815
     Cl   1        0.415031        0.725815       -1.585439

     C    2        0.271667        0.062175        0.147283
     C    2        0.062175       -0.201310       -0.035621
     C    2        0.147283       -0.035621       -0.070357

     C    3       -0.370130       -0.058785        0.028911
     C    3       -0.058785       -0.119273        0.144077
     C    3        0.028911        0.144077        0.489403

     H    4        0.370826        0.128378        0.128700
     H    4        0.128378       -0.082952        0.181645
     H    4        0.128700        0.181645       -0.287874

     C    5        0.075226        0.119453        0.232453
     C    5        0.119453       -0.565692       -0.058419
     C    5        0.232453       -0.058419        0.490467

     H    6       -0.019274       -0.039047        0.038477
     H    6       -0.039047        0.566423        0.457295
     H    6        0.038477        0.457295       -0.547149

     H    7       -0.150461        0.056861       -0.177835
     H    7        0.056861        0.440493       -0.133974
     H    7       -0.177835       -0.133974       -0.290032

     C    8        0.192809       -0.389444        0.404328
     C    8       -0.389444       -0.534946        0.083405
     C    8        0.404328        0.083405        0.342137

     H    9        0.206667       -0.123524        0.009526
     H    9       -0.123524       -0.010999       -0.036182
     H    9        0.009526       -0.036182       -0.195668

     C   10       -0.447978       -0.001388        0.127224
     C   10       -0.001388        0.136265       -0.126404
     C   10        0.127224       -0.126404        0.311714

     C   11        0.024940       -0.037932        0.177104
     C   11       -0.037932       -0.441587       -0.139676
     C   11        0.177104       -0.139676        0.416647

     Cl  12       -0.333888        1.657594       -0.843972
     Cl  12        1.657594       -0.550347        1.866048
     Cl  12       -0.843972        1.866048        0.884235

     H   13       -0.322433        0.027986       -0.092657
     H   13        0.027986        0.289175        0.188192
     H   13       -0.092657        0.188192        0.033259

     C   14       -0.452733        0.201998       -0.209529
     C   14        0.201998        0.328045        0.261029
     C   14       -0.209529        0.261029        0.124688

     H   15        0.239462        0.066407        0.370327
     H   15        0.066407       -0.055740        0.002607
     H   15        0.370327        0.002607       -0.183722

     C   16        0.179079        0.235746        0.294356
     C   16        0.235746       -0.716605       -0.095232
     C   16        0.294356       -0.095232        0.537527

     C   17       -0.480292       -0.310902        0.000059
     C   17       -0.310902       -0.157328        0.123362
     C   17        0.000059        0.123362        0.637620

     Cl  18       -0.196826       -0.855256       -0.381061
     Cl  18       -0.855256       -0.789626       -0.284778
     Cl  18       -0.381061       -0.284778        0.986453

     H   19       -0.124965       -0.049203       -0.198591
     H   19       -0.049203        0.011628       -0.492911
     H   19       -0.198591       -0.492911        0.113337

     C   20       -0.627021        0.161352       -0.066153
     C   20        0.161352       -0.009258       -0.024591
     C   20       -0.066153       -0.024591        0.636279

     H   21        0.241894       -0.073844        0.571609
     H   21       -0.073844        0.014895        0.014406
     H   21        0.571609        0.014406       -0.256789

     C   22        0.030584       -0.169062        0.309754
     C   22       -0.169062       -0.611111        0.015592
     C   22        0.309754        0.015592        0.580527

     C   23       -0.467710        0.264828        0.140111
     C   23        0.264828        0.037334       -0.127461
     C   23        0.140111       -0.127461        0.430376

     Cl  24        0.816523        1.627570        1.176316
     Cl  24        1.627570       -0.855189       -0.410906
     Cl  24        1.176316       -0.410906        0.038666

     ----- total EFG (symmetrized) -----
     Cl   1        1.232200       -1.686785        0.415031
     Cl   1       -1.686785        0.353239        0.725815
     Cl   1        0.415031        0.725815       -1.585439

     C    2        0.271667        0.062175        0.147283
     C    2        0.062175       -0.201310       -0.035621
     C    2        0.147283       -0.035621       -0.070357

     C    3       -0.370130       -0.058785        0.028911
     C    3       -0.058785       -0.119273        0.144077
     C    3        0.028911        0.144077        0.489403

     H    4        0.370826        0.128378        0.128700
     H    4        0.128378       -0.082952        0.181645
     H    4        0.128700        0.181645       -0.287874

     C    5        0.075226        0.119453        0.232453
     C    5        0.119453       -0.565692       -0.058419
     C    5        0.232453       -0.058419        0.490467

     H    6       -0.019274       -0.039047        0.038477
     H    6       -0.039047        0.566423        0.457295
     H    6        0.038477        0.457295       -0.547149

     H    7       -0.150461        0.056861       -0.177835
     H    7        0.056861        0.440493       -0.133974
     H    7       -0.177835       -0.133974       -0.290032

     C    8        0.192809       -0.389444        0.404328
     C    8       -0.389444       -0.534946        0.083405
     C    8        0.404328        0.083405        0.342137

     H    9        0.206667       -0.123524        0.009526
     H    9       -0.123524       -0.010999       -0.036182
     H    9        0.009526       -0.036182       -0.195668

     C   10       -0.447978       -0.001388        0.127224
     C   10       -0.001388        0.136265       -0.126404
     C   10        0.127224       -0.126404        0.311714

     C   11        0.024940       -0.037932        0.177104
     C   11       -0.037932       -0.441587       -0.139676
     C   11        0.177104       -0.139676        0.416647

     Cl  12       -0.333888        1.657594       -0.843972
     Cl  12        1.657594       -0.550347        1.866048
     Cl  12       -0.843972        1.866048        0.884235

     H   13       -0.322433        0.027986       -0.092657
     H   13        0.027986        0.289175        0.188192
     H   13       -0.092657        0.188192        0.033259

     C   14       -0.452733        0.201998       -0.209529
     C   14        0.201998        0.328045        0.261029
     C   14       -0.209529        0.261029        0.124688

     H   15        0.239462        0.066407        0.370327
     H   15        0.066407       -0.055740        0.002607
     H   15        0.370327        0.002607       -0.183722

     C   16        0.179079        0.235746        0.294356
     C   16        0.235746       -0.716605       -0.095232
     C   16        0.294356       -0.095232        0.537527

     C   17       -0.480292       -0.310902        0.000059
     C   17       -0.310902       -0.157328        0.123362
     C   17        0.000059        0.123362        0.637620

     Cl  18       -0.196826       -0.855256       -0.381061
     Cl  18       -0.855256       -0.789626       -0.284778
     Cl  18       -0.381061       -0.284778        0.986453

     H   19       -0.124965       -0.049203       -0.198591
     H   19       -0.049203        0.011628       -0.492911
     H   19       -0.198591       -0.492911        0.113337

     C   20       -0.627021        0.161352       -0.066153
     C   20        0.161352       -0.009258       -0.024591
     C   20       -0.066153       -0.024591        0.636279

     H   21        0.241894       -0.073844        0.571609
     H   21       -0.073844        0.014895        0.014406
     H   21        0.571609        0.014406       -0.256789

     C   22        0.030584       -0.169062        0.309754
     C   22       -0.169062       -0.611111        0.015592
     C   22        0.309754        0.015592        0.580527

     C   23       -0.467710        0.264828        0.140111
     C   23        0.264828        0.037334       -0.127461
     C   23        0.140111       -0.127461        0.430376

     Cl  24        0.816523        1.627570        1.176316
     Cl  24        1.627570       -0.855189       -0.410906
     Cl  24        1.176316       -0.410906        0.038666


     NQR/NMR SPECTROSCOPIC PARAMETERS:
     Cl   1    Vxx=   -0.3825    axis=(  0.521882  0.638699  0.565423)
     Cl   1    Vyy=   -2.1567    axis=( -0.329957 -0.460103  0.824278)
     Cl   1    Vzz=    2.5392    axis=( -0.786618  0.616741  0.029377)
     Cl   1  Q=        -8.1650 1e-30 m^2  Cq=       -48.7134 MHz  eta= 0.69873

     C    2    Vxx=   -0.0973    axis=( -0.264629 -0.450095  0.852869)
     C    2    Vyy=   -0.2331    axis=( -0.225871  0.888726  0.398935)
     C    2    Vzz=    0.3304    axis=( -0.937525 -0.087068 -0.336846)
     C    2  Q=         1.0000 1e-30 m^2  Cq=         0.7762 MHz  eta= 0.41120

     C    3    Vxx=   -0.1345    axis=( -0.260539  0.943281 -0.205769)
     C    3    Vyy=   -0.3876    axis=(  0.965309  0.250697 -0.073008)
     C    3    Vzz=    0.5220    axis=(  0.017282  0.217652  0.975873)
     C    3  Q=         1.0000 1e-30 m^2  Cq=         1.2266 MHz  eta= 0.48486

     H    4    Vxx=   -0.0493    axis=(  0.380607 -0.823130 -0.421421)
     H    4    Vyy=   -0.3971    axis=(  0.066633  0.478947 -0.875311)
     H    4    Vzz=    0.4464    axis=(  0.922333  0.305069  0.237138)
     H    4  Q=         1.0000 1e-30 m^2  Cq=         1.0488 MHz  eta= 0.77904

     C    5    Vxx=    0.0023    axis=( -0.889434 -0.227821  0.396237)
     C    5    Vyy=    0.5945    axis=(  0.407788 -0.003990  0.913068)
     C    5    Vzz=   -0.5968    axis=( -0.206435  0.973695  0.096451)
     C    5  Q=         1.0000 1e-30 m^2  Cq=        -1.4023 MHz  eta= 0.99241

     H    6    Vxx=   -0.0165    axis=(  0.996977  0.006008  0.077470)
     H    6    Vyy=   -0.7144    axis=( -0.070910 -0.337319  0.938716)
     H    6    Vzz=    0.7309    axis=(  0.031772 -0.941371 -0.335873)
     H    6  Q=         1.0000 1e-30 m^2  Cq=         1.7173 MHz  eta= 0.95480

     H    7    Vxx=   -0.0583    axis=(  0.831792 -0.230479 -0.504977)
     H    7    Vyy=   -0.4188    axis=(  0.535757  0.095352  0.838971)
     H    7    Vzz=    0.4771    axis=( -0.145215 -0.968394  0.202793)
     H    7  Q=         1.0000 1e-30 m^2  Cq=         1.1209 MHz  eta= 0.75579

     C    8    Vxx=    0.0506    axis=( -0.576456  0.477786  0.662887)
     C    8    Vyy=    0.7098    axis=( -0.681943  0.165626 -0.712406)
     C    8    Vzz=   -0.7604    axis=(  0.450169  0.862722 -0.230346)
     C    8  Q=         1.0000 1e-30 m^2  Cq=        -1.7867 MHz  eta= 0.86681

     H    9    Vxx=   -0.0606    axis=(  0.416442  0.885104 -0.207768)
     H    9    Vyy=   -0.2031    axis=(  0.040651  0.210171  0.976819)
     H    9    Vzz=    0.2637    axis=(  0.908253 -0.415234  0.051544)
     H    9  Q=         1.0000 1e-30 m^2  Cq=         0.6195 MHz  eta= 0.54017

     C   10    Vxx=    0.0760    axis=(  0.101332  0.898483  0.427153)
     C   10    Vyy=    0.3933    axis=( -0.135137  0.437815 -0.888851)
     C   10    Vzz=   -0.4693    axis=( -0.985632  0.032345  0.165783)
     C   10  Q=         1.0000 1e-30 m^2  Cq=        -1.1027 MHz  eta= 0.67608

     C   11    Vxx=   -0.0428    axis=( -0.935937 -0.033751  0.350547)
     C   11    Vyy=   -0.4640    axis=(  0.021452  0.988085  0.152410)
     C   11    Vzz=    0.5067    axis=(  0.351514 -0.150166  0.924060)
     C   11  Q=         1.0000 1e-30 m^2  Cq=         1.1906 MHz  eta= 0.83122

     Cl  12    Vxx=    0.8761    axis=(  0.816738  0.371318 -0.441658)
     Cl  12    Vyy=    2.2010    axis=( -0.141836 -0.612745 -0.777449)
     Cl  12    Vzz=   -3.0771    axis=( -0.559304  0.697615 -0.447785)
     Cl  12  Q=        -8.1650 1e-30 m^2  Cq=        59.0323 MHz  eta= 0.43057

     H   13    Vxx=   -0.0351    axis=( -0.312988 -0.456426  0.832895)
     H   13    Vyy=   -0.3542    axis=( -0.949376  0.125523 -0.287973)
     H   13    Vzz=    0.3893    axis=(  0.026891 -0.880863 -0.472607)
     H   13  Q=         1.0000 1e-30 m^2  Cq=         0.9147 MHz  eta= 0.81992

     C   14    Vxx=    0.0950    axis=( -0.459623 -0.455571  0.762366)
     C   14    Vyy=    0.5094    axis=( -0.059314 -0.840747 -0.538170)
     C   14    Vzz=   -0.6044    axis=( -0.886131  0.292574 -0.359405)
     C   14  Q=         1.0000 1e-30 m^2  Cq=        -1.4201 MHz  eta= 0.68556

     H   15    Vxx=   -0.0596    axis=(  0.052280 -0.989437  0.135205)
     H   15    Vyy=   -0.4015    axis=(  0.505252 -0.090576 -0.858206)
     H   15    Vzz=    0.4611    axis=(  0.861387  0.113179  0.495179)
     H   15  Q=         1.0000 1e-30 m^2  Cq=         1.0833 MHz  eta= 0.74145

     C   16    Vxx=    0.0921    axis=( -0.824594 -0.297059  0.481457)
     C   16    Vyy=    0.7037    axis=(  0.497489  0.024433  0.867126)
     C   16    Vzz=   -0.7959    axis=( -0.269351  0.954547  0.127636)
     C   16  Q=         1.0000 1e-30 m^2  Cq=        -1.8700 MHz  eta= 0.76845

     C   17    Vxx=    0.0139    axis=( -0.525221  0.834805 -0.165058)
     C   17    Vyy=    0.6584    axis=( -0.045337  0.166240  0.985043)
     C   17    Vzz=   -0.6723    axis=(  0.849758  0.524848 -0.049465)
     C   17  Q=         1.0000 1e-30 m^2  Cq=        -1.5797 MHz  eta= 0.95869

     Cl  18    Vxx=    0.3826    axis=(  0.768366 -0.608672  0.197817)
     Cl  18    Vyy=    1.0993    axis=( -0.267216 -0.024245  0.963331)
     Cl  18    Vzz=   -1.4819    axis=( -0.581557 -0.793051 -0.181276)
     Cl  18  Q=        -8.1650 1e-30 m^2  Cq=        28.4294 MHz  eta= 0.48367

     H   19    Vxx=   -0.0673    axis=(  0.894976 -0.417852 -0.156263)
     H   19    Vyy=   -0.5101    axis=(  0.413510  0.645558  0.642078)
     H   19    Vzz=    0.5775    axis=( -0.167417 -0.639260  0.750545)
     H   19  Q=         1.0000 1e-30 m^2  Cq=         1.3568 MHz  eta= 0.76685

     C   20    Vxx=    0.0278    axis=( -0.232609 -0.970429 -0.064506)
     C   20    Vyy=    0.6415    axis=(  0.058632  0.052213 -0.996913)
     C   20    Vzz=   -0.6692    axis=(  0.970801 -0.235673  0.044753)
     C   20  Q=         1.0000 1e-30 m^2  Cq=        -1.5724 MHz  eta= 0.91697

     H   21    Vxx=    0.0143    axis=( -0.030125 -0.992762 -0.116258)
     H   21    Vyy=    0.6210    axis=( -0.835333  0.088879 -0.542512)
     H   21    Vzz=   -0.6353    axis=(  0.548918  0.080771 -0.831964)
     H   21  Q=         1.0000 1e-30 m^2  Cq=        -1.4928 MHz  eta= 0.95485

     C   22    Vxx=   -0.0620    axis=(  0.867692 -0.278834 -0.411537)
     C   22    Vyy=   -0.6601    axis=(  0.270550  0.959409 -0.079609)
     C   22    Vzz=    0.7221    axis=(  0.417029 -0.042265  0.907910)
     C   22  Q=         1.0000 1e-30 m^2  Cq=         1.6966 MHz  eta= 0.82827

     C   23    Vxx=    0.1393    axis=(  0.428155  0.885281  0.181550)
     C   23    Vyy=    0.4727    axis=(  0.077777 -0.236247  0.968575)
     C   23    Vzz=   -0.6120    axis=(  0.900352 -0.400581 -0.170004)
     C   23  Q=         1.0000 1e-30 m^2  Cq=        -1.4379 MHz  eta= 0.54485

     Cl  24    Vxx=    0.1346    axis=(  0.123458  0.546791 -0.828117)
     Cl  24    Vyy=    2.1435    axis=(  0.831607  0.398333  0.386990)
     Cl  24    Vzz=   -2.2781    axis=(  0.541468 -0.736445 -0.405538)
     Cl  24  Q=        -8.1650 1e-30 m^2  Cq=        43.7047 MHz  eta= 0.88182

     Initialization:
     gipaw_setup  :      8.84s CPU     10.62s WALL (       1 calls)

     Linear response

     Apply operators

     Induced current

     Other routines
     efg          :      9.21s CPU     11.54s WALL (       1 calls)

     General routines
     calbec       :      3.30s CPU      4.25s WALL (      16 calls)
     fft          :      1.82s CPU      3.10s WALL (      15 calls)
     ffts         :      0.04s CPU      0.05s WALL (       2 calls)
     fftw         :      3.17s CPU      3.83s WALL (     672 calls)
     davcio       :      0.05s CPU      0.32s WALL (      32 calls)

     Parallel routines
     fft_scatter  :      2.28s CPU      4.14s WALL (     689 calls)

     Plugins

     GIPAW        :     60.52s CPU     73.97s WALL (       1 calls)
