
     Program QE v.6.0 (svn rev. 13079) starts on 12Jan2017 at  5:43: 3 

     This program is part of the open-source Quantum ESPRESSO suite
     for quantum simulation of materials; please cite
         "P. Giannozzi et al., J. Phys.:Condens. Matter 21 395502 (2009);
          URL http://www.quantum-espresso.org", 
     in publications or presentations arising from this work. More details at
     http://www.quantum-espresso.org/quote

     Parallel version (MPI), running on     8 processors
     R & G space division:  proc/nbgrp/npool/nimage =       8

     ***** This is GIPAW svn revision unknown      *****

     Parallelizing q-star over 1 images

     Reading data from directory:
     /users/majewski/paradichlorobenzene/pbe/9_constraint/scratch/pbe.ecut100.np8.dt60.pcl2phi-129368.save
     Message from routine read_xml_file:
     file /users/majewski/paradichlorobenzene/pbe/9_constraint/scratch/pbe.ecut100.np8.dt60.pcl2phi-129368.save not guaranteed to be safe for post-processing

   Info: using nr1, nr2, nr3 values from input

   Info: using nr1, nr2, nr3 values from input

     IMPORTANT: XC functional enforced from input :
     Exchange-correlation      =  SLA  PW   PBX  PBC ( 1  4  3  4 0 0)
     Any further DFT definition will be discarded
     Please, verify this is what you really want

               file C.pbe-n-kjpaw_psl.1.0.0.UPF: wavefunction(s)  2S 2P renormalized
               file Cl.pbe-n-kjpaw_psl.1.0.0.UPF: wavefunction(s)  3S 3P renormalized
               file H.pbe-kjpaw_psl.1.0.0.UPF: wavefunction(s)  1S renormalized

     Parallelization info
     --------------------
     sticks:   dense  smooth     PW     G-vecs:    dense   smooth      PW
     Min        3057    1223    332               144436    36536    5170
     Max        3059    1225    333               144437    36537    5171
     Sum       24467    9791   2657              1155489   292295   41363


     Subspace diagonalization in iterative solution of the eigenvalue problem:
     a serial algorithm will be used

     GIPAW projectors -----------------------------------------------
     atom=  C    l=0  rc=    1.2000  rs=    0.8000
     atom=  C    l=0  rc=    1.2000  rs=    0.8000
     atom=  C    l=1  rc=    1.4000  rs=    0.9333
     atom=  C    l=1  rc=    1.4000  rs=    0.9333
     projs nearly linearly dependent: l=1  n1,n2= 1, 2  s=  0.99951561

     atom=  Cl   l=0  rc=    1.6000  rs=    1.0667
     atom=  Cl   l=0  rc=    1.6000  rs=    1.0667
     atom=  Cl   l=1  rc=    1.6000  rs=    1.0667
     atom=  Cl   l=1  rc=    1.6000  rs=    1.0667
     atom=  Cl   l=2  rc=    1.6000  rs=    1.0667
     atom=  Cl   l=2  rc=    1.6000  rs=    1.0667
     projs nearly linearly dependent: l=2  n1,n2= 1, 2  s=  0.99993509

     atom=  H    l=0  rc=    1.0000  rs=    0.6667
     atom=  H    l=0  rc=    1.0000  rs=    0.6667
     projs nearly linearly dependent: l=0  n1,n2= 1, 2  s=  0.99968852
     -----------------------------------------------------------------

     GIPAW integrals: -------------------------------------------
     Atom  i/j   nmr_para   nmr_dia   epr_rmc  epr_para   epr_dia
       C   1 1   0.83E+03  0.17E-01  0.93E+01  0.24E+08  0.24E+03
       C   2 1   0.86E+03 -0.61E-01  0.94E+01  0.25E+08  0.25E+03
       C   2 2   0.90E+03 -0.15E+00  0.97E+01  0.26E+08  0.26E+03
       C   3 3   0.33E+01  0.34E+00  0.18E+01  0.55E+03  0.21E+02
       C   4 3   0.35E+01  0.37E+00  0.20E+01  0.59E+03  0.22E+02
       C   4 4   0.38E+01  0.39E+00  0.22E+01  0.63E+03  0.24E+02
       Cl  1 1   0.14E+04 -0.47E+00  0.84E+01  0.32E+09  0.42E+03
       Cl  2 1   0.21E+04 -0.37E+00  0.12E+02  0.49E+09  0.65E+03
       Cl  2 2   0.33E+04 -0.16E+00  0.21E+02  0.76E+09  0.10E+04
       Cl  3 3   0.21E+02  0.79E-01  0.89E+01  0.23E+05  0.13E+03
       Cl  4 3   0.24E+02  0.67E-01  0.99E+01  0.27E+05  0.15E+03
       Cl  4 4   0.28E+02  0.44E-01  0.11E+02  0.32E+05  0.18E+03
       Cl  5 5   0.77E+00  0.19E+00  0.18E+01  0.12E+03  0.22E+02
       Cl  6 5   0.80E+00  0.19E+00  0.19E+01  0.12E+03  0.23E+02
       Cl  6 6   0.83E+00  0.20E+00  0.19E+01  0.12E+03  0.23E+02
       H   1 1   0.39E+02  0.19E+00  0.29E+00  0.78E+05  0.13E+02
       H   2 1   0.41E+02  0.21E+00  0.32E+00  0.82E+05  0.14E+02
       H   2 2   0.43E+02  0.22E+00  0.36E+00  0.86E+05  0.15E+02
     ------------------------------------------------------------

     alpha_pv=     35.1490 eV

     Number of occupied bands for each k-point:
     k-point:     1    nbnd_occ=  42
     k-point:     2    nbnd_occ=  42
     k-point:     3    nbnd_occ=  42
     k-point:     4    nbnd_occ=  42
     k-point:     5    nbnd_occ=  42
     k-point:     6    nbnd_occ=  42
     k-point:     7    nbnd_occ=  42
     k-point:     8    nbnd_occ=  42
     k-point:     9    nbnd_occ=  42
     k-point:    10    nbnd_occ=  42
     k-point:    11    nbnd_occ=  42
     k-point:    12    nbnd_occ=  42
     k-point:    13    nbnd_occ=  42
     k-point:    14    nbnd_occ=  42
     k-point:    15    nbnd_occ=  42
     k-point:    16    nbnd_occ=  42


     q-space interpolation up to   110.00 Rydberg

     GIPAW job: efg                                                                             


     ELECTRIC FIELD GRADIENTS TENSORS IN Hartree/bohrradius^2:

     ----- bare term -----
     Cl   1       -0.031818        0.013350       -0.070400
     Cl   1        0.013350       -0.016661        0.044051
     Cl   1       -0.070400        0.044051        0.048479

     C    2       -0.192487        0.286255       -0.188495
     C    2        0.286255       -0.217467       -0.335854
     C    2       -0.188495       -0.335854        0.409954

     C    3       -0.016509        0.337992       -0.167018
     C    3        0.337992       -0.176651       -0.335727
     C    3       -0.167018       -0.335727        0.193160

     H    4        0.068036       -0.095016       -0.222323
     H    4       -0.095016        0.517707       -0.157470
     H    4       -0.222323       -0.157470       -0.585742

     C    5       -0.531353        0.350171       -0.477673
     C    5        0.350171        0.338694       -0.137434
     C    5       -0.477673       -0.137434        0.192659

     H    6        0.128369        0.000480       -0.024916
     H    6        0.000480       -0.356844       -0.582295
     H    6       -0.024916       -0.582295        0.228475

     H    7        0.302092        0.154164       -0.356503
     H    7        0.154164       -0.049623        0.498842
     H    7       -0.356503        0.498842       -0.252470

     C    8       -0.138520       -0.337142       -0.146333
     C    8       -0.337142       -0.199577        0.390408
     C    8       -0.146333        0.390408        0.338097

     H    9       -0.304091        0.455106        0.130061
     H    9        0.455106        0.076979       -0.178438
     H    9        0.130061       -0.178438        0.227112

     C   10       -0.333464       -0.285166       -0.037098
     C   10       -0.285166       -0.084063        0.390604
     C   10       -0.037098        0.390604        0.417526

     C   11       -0.200111        0.187372       -0.235402
     C   11        0.187372       -0.021402        0.481304
     C   11       -0.235402        0.481304        0.221513

     Cl  12        0.291805       -0.102621        0.158455
     Cl  12       -0.102621        0.039006       -0.605710
     Cl  12        0.158455       -0.605710       -0.330811

     H   13        0.308870        0.196449       -0.159385
     H   13        0.196449       -0.620447        0.069481
     H   13       -0.159385        0.069481        0.311577

     C   14       -0.224792       -0.237310       -0.306687
     C   14       -0.237310       -0.019354       -0.489470
     C   14       -0.306687       -0.489470        0.244146

     H   15        0.055541       -0.110256       -0.261549
     H   15       -0.110256       -0.216436       -0.410849
     H   15       -0.261549       -0.410849        0.160895

     C   16       -0.707360        0.336066       -0.286570
     C   16        0.336066        0.222650       -0.097957
     C   16       -0.286570       -0.097957        0.484710

     C   17        0.133613        0.163459       -0.075971
     C   17        0.163459       -0.381139       -0.451065
     C   17       -0.075971       -0.451065        0.247526

     Cl  18        0.242656        0.180237       -0.093949
     Cl  18        0.180237        0.168692       -0.413062
     Cl  18       -0.093949       -0.413062       -0.411348

     H   19        0.173742       -0.059756       -0.375869
     H   19       -0.059756       -0.187499        0.416845
     H   19       -0.375869        0.416845        0.013757

     C   20       -0.604728       -0.303708       -0.163162
     C   20       -0.303708        0.239775        0.271872
     C   20       -0.163162        0.271872        0.364953

     H   21       -0.588213        0.103041        0.197998
     H   21        0.103041        0.376769        0.192140
     H   21        0.197998        0.192140        0.211444

     C   22        0.046821        0.150589       -0.332316
     C   22        0.150589       -0.393317        0.437603
     C   22       -0.332316        0.437603        0.346495

     C   23       -0.688096       -0.210704       -0.297086
     C   23       -0.210704        0.077826        0.124276
     C   23       -0.297086        0.124276        0.610270

     Cl  24        0.202303       -0.060987        0.008390
     Cl  24       -0.060987        0.234583        0.104121
     Cl  24        0.008390        0.104121       -0.436885

     ----- ionic term -----
     Cl   1        0.213646       -0.227985        0.046991
     Cl   1       -0.227985       -0.063155       -0.017523
     Cl   1        0.046991       -0.017523       -0.150491

     C    2        0.200749       -0.219032        0.316136
     C    2       -0.219032        0.073749        0.390015
     C    2        0.316136        0.390015       -0.274498

     C    3        0.050992       -0.248400        0.272928
     C    3       -0.248400        0.197538        0.336384
     C    3        0.272928        0.336384       -0.248530

     H    4        0.288850        0.397925        0.691154
     H    4        0.397925       -0.273673        0.386001
     H    4        0.691154        0.386001       -0.015178

     C    5        0.149853       -0.150812        0.415584
     C    5       -0.150812        0.074860        0.245624
     C    5        0.415584        0.245624       -0.224713

     H    6       -0.533053        0.052319        0.055403
     H    6        0.052319        0.761022        0.627710
     H    6        0.055403        0.627710       -0.227969

     H    7       -0.488387       -0.169817        0.153073
     H    7       -0.169817        0.330577       -0.796126
     H    7        0.153073       -0.796126        0.157810

     C    8        0.370652        0.131696        0.040891
     C    8        0.131696       -0.077843       -0.388296
     C    8        0.040891       -0.388296       -0.292809

     H    9        0.840652       -0.460585        0.304498
     H    9       -0.460585       -0.396046       -0.197836
     H    9        0.304498       -0.197836       -0.444606

     C   10        0.244184        0.157334       -0.051869
     C   10        0.157334        0.073164       -0.461320
     C   10       -0.051869       -0.461320       -0.317348

     C   11        0.406891        0.057011        0.086550
     C   11        0.057011       -0.050884       -0.414855
     C   11        0.086550       -0.414855       -0.356007

     Cl  12        0.152375        0.175119       -0.069764
     Cl  12        0.175119       -0.027605       -0.037923
     Cl  12       -0.069764       -0.037923       -0.124770

     H   13       -0.490079       -0.098640       -0.008674
     H   13       -0.098640        0.833075        0.566451
     H   13       -0.008674        0.566451       -0.342996

     C   14        0.305139       -0.235976        0.433987
     C   14       -0.235976        0.031214        0.214734
     C   14        0.433987        0.214734       -0.336353

     H   15        0.270450        0.431148        0.685114
     H   15        0.431148       -0.220926        0.412897
     H   15        0.685114        0.412897       -0.049523

     C   16        0.144643       -0.279270        0.313366
     C   16       -0.279270        0.207584        0.283337
     C   16        0.313366        0.283337       -0.352227

     C   17        0.093781       -0.230307        0.388665
     C   17       -0.230307        0.174356        0.292851
     C   17        0.388665        0.292851       -0.268137

     Cl  18        0.144327       -0.202310        0.102793
     Cl  18       -0.202310       -0.001240       -0.059673
     Cl  18        0.102793       -0.059673       -0.143087

     H   19       -0.495659       -0.216038        0.130190
     H   19       -0.216038        0.578406       -0.767864
     H   19        0.130190       -0.767864       -0.082747

     C   20        0.418553        0.056201        0.100131
     C   20        0.056201       -0.045949       -0.364350
     C   20        0.100131       -0.364350       -0.372604

     H   21        0.832456       -0.424025        0.358123
     H   21       -0.424025       -0.408774       -0.197846
     H   21        0.358123       -0.197846       -0.423683

     C   22        0.213663        0.127525        0.014441
     C   22        0.127525        0.080709       -0.469461
     C   22        0.014441       -0.469461       -0.294372

     C   23        0.244845        0.133415        0.079852
     C   23        0.133415        0.070687       -0.464816
     C   23        0.079852       -0.464816       -0.315533

     Cl  24        0.107110        0.238759       -0.064456
     Cl  24        0.238759        0.030559       -0.045875
     Cl  24       -0.064456       -0.045875       -0.137669

     ----- GIPAW term -----
     Cl   1       -0.432179       -1.649147        0.726645
     Cl   1       -1.649147       -1.293251       -0.638240
     Cl   1        0.726645       -0.638240        1.725430

     C    2       -0.089453       -0.018760       -0.016986
     C    2       -0.018760       -0.034722       -0.160745
     C    2       -0.016986       -0.160745        0.124175

     C    3       -0.031003        0.092470       -0.117446
     C    3        0.092470       -0.040671       -0.123518
     C    3       -0.117446       -0.123518        0.071675

     H    4       -0.000000        0.000000        0.000000
     H    4        0.000000        0.000000        0.000000
     H    4        0.000000        0.000000        0.000000

     C    5        0.021750        0.229272       -0.006253
     C    5        0.229272        0.094959        0.053610
     C    5       -0.006253        0.053610       -0.116708

     H    6       -0.000000        0.000000        0.000000
     H    6        0.000000        0.000000        0.000000
     H    6        0.000000        0.000000        0.000000

     H    7       -0.000000        0.000000        0.000000
     H    7        0.000000        0.000000        0.000000
     H    7        0.000000        0.000000        0.000000

     C    8       -0.037481       -0.139182        0.032705
     C    8       -0.139182        0.033666       -0.004357
     C    8        0.032705       -0.004357        0.003816

     H    9       -0.000000        0.000000        0.000000
     H    9        0.000000        0.000000        0.000000
     H    9        0.000000        0.000000        0.000000

     C   10       -0.148248       -0.040920       -0.019982
     C   10       -0.040920        0.046974        0.190851
     C   10       -0.019982        0.190851        0.101274

     C   11       -0.073723        0.086020       -0.008204
     C   11        0.086020       -0.018483        0.159941
     C   11       -0.008204        0.159941        0.092206

     Cl  12        0.379602        0.047268       -0.155695
     Cl  12        0.047268       -0.163891       -0.424134
     Cl  12       -0.155695       -0.424134       -0.215711

     H   13       -0.000000        0.000000        0.000000
     H   13        0.000000        0.000000        0.000000
     H   13        0.000000        0.000000        0.000000

     C   14       -0.072115       -0.128318        0.034936
     C   14       -0.128318        0.068604       -0.213710
     C   14        0.034936       -0.213710        0.003510

     H   15       -0.000000        0.000000        0.000000
     H   15        0.000000        0.000000        0.000000
     H   15        0.000000        0.000000        0.000000

     C   16       -0.139401       -0.068311       -0.050764
     C   16       -0.068311        0.179151        0.058906
     C   16       -0.050764        0.058906       -0.039750

     C   17       -0.054288        0.021127        0.061055
     C   17        0.021127        0.076974        0.168168
     C   17        0.061055        0.168168       -0.022685

     Cl  18        0.060673       -0.161949        0.278167
     Cl  18       -0.161949       -0.163887        0.003848
     Cl  18        0.278167        0.003848        0.103214

     H   19       -0.000000        0.000000        0.000000
     H   19        0.000000        0.000000        0.000000
     H   19        0.000000        0.000000        0.000000

     C   20       -0.114252        0.123937        0.034149
     C   20        0.123937        0.191920        0.074709
     C   20        0.034149        0.074709       -0.077668

     H   21       -0.000000        0.000000        0.000000
     H   21        0.000000        0.000000        0.000000
     H   21        0.000000        0.000000        0.000000

     C   22       -0.037568        0.152092       -0.166292
     C   22        0.152092       -0.039004       -0.114456
     C   22       -0.166292       -0.114456        0.076572

     C   23       -0.163833        0.057487       -0.086571
     C   23        0.057487       -0.070450       -0.104782
     C   23       -0.086571       -0.104782        0.234284

     Cl  24       -0.283149        0.801271       -0.006467
     Cl  24        0.801271       -0.678171       -0.390713
     Cl  24       -0.006467       -0.390713        0.961321

     ----- total EFG -----
     Cl   1       -0.250352       -1.863782        0.703236
     Cl   1       -1.863782       -1.373067       -0.611712
     Cl   1        0.703236       -0.611712        1.623418

     C    2       -0.081190        0.048463        0.110655
     C    2        0.048463       -0.178441       -0.106585
     C    2        0.110655       -0.106585        0.259631

     C    3        0.003480        0.182062       -0.011536
     C    3        0.182062       -0.019784       -0.122860
     C    3       -0.011536       -0.122860        0.016304

     H    4        0.356886        0.302908        0.468832
     H    4        0.302908        0.244034        0.228531
     H    4        0.468832        0.228531       -0.600920

     C    5       -0.359750        0.428631       -0.068342
     C    5        0.428631        0.508512        0.161801
     C    5       -0.068342        0.161801       -0.148762

     H    6       -0.404684        0.052799        0.030488
     H    6        0.052799        0.404178        0.045415
     H    6        0.030488        0.045415        0.000505

     H    7       -0.186295       -0.015653       -0.203429
     H    7       -0.015653        0.280954       -0.297283
     H    7       -0.203429       -0.297283       -0.094659

     C    8        0.194651       -0.344629       -0.072737
     C    8       -0.344629       -0.243755       -0.002246
     C    8       -0.072737       -0.002246        0.049104

     H    9        0.536561       -0.005479        0.434559
     H    9       -0.005479       -0.319067       -0.376274
     H    9        0.434559       -0.376274       -0.217494

     C   10       -0.237528       -0.168753       -0.108949
     C   10       -0.168753        0.036076        0.120134
     C   10       -0.108949        0.120134        0.201452

     C   11        0.133057        0.330402       -0.157056
     C   11        0.330402       -0.090769        0.226390
     C   11       -0.157056        0.226390       -0.042288

     Cl  12        0.823782        0.119766       -0.067005
     Cl  12        0.119766       -0.152490       -1.067768
     Cl  12       -0.067005       -1.067768       -0.671292

     H   13       -0.181209        0.097809       -0.168058
     H   13        0.097809        0.212628        0.635933
     H   13       -0.168058        0.635933       -0.031419

     C   14        0.008232       -0.601603        0.162236
     C   14       -0.601603        0.080464       -0.488446
     C   14        0.162236       -0.488446       -0.088696

     H   15        0.325991        0.320892        0.423564
     H   15        0.320892       -0.437362        0.002048
     H   15        0.423564        0.002048        0.111371

     C   16       -0.702117       -0.011515       -0.023968
     C   16       -0.011515        0.609385        0.244285
     C   16       -0.023968        0.244285        0.092732

     C   17        0.173106       -0.045721        0.373750
     C   17       -0.045721       -0.129810        0.009954
     C   17        0.373750        0.009954       -0.043296

     Cl  18        0.447656       -0.184021        0.287010
     Cl  18       -0.184021        0.003565       -0.468887
     Cl  18        0.287010       -0.468887       -0.451221

     H   19       -0.321917       -0.275793       -0.245679
     H   19       -0.275793        0.390908       -0.351019
     H   19       -0.245679       -0.351019       -0.068990

     C   20       -0.300427       -0.123570       -0.028882
     C   20       -0.123570        0.385746       -0.017769
     C   20       -0.028882       -0.017769       -0.085319

     H   21        0.244243       -0.320983        0.556121
     H   21       -0.320983       -0.032004       -0.005706
     H   21        0.556121       -0.005706       -0.212239

     C   22        0.222917        0.430206       -0.484167
     C   22        0.430206       -0.351612       -0.146313
     C   22       -0.484167       -0.146313        0.128695

     C   23       -0.607084       -0.019802       -0.303806
     C   23       -0.019802        0.078063       -0.445322
     C   23       -0.303806       -0.445322        0.529021

     Cl  24        0.026264        0.979042       -0.062533
     Cl  24        0.979042       -0.413030       -0.332467
     Cl  24       -0.062533       -0.332467        0.386766

     ----- total EFG (symmetrized) -----
     Cl   1       -0.250352       -1.863782        0.703236
     Cl   1       -1.863782       -1.373067       -0.611712
     Cl   1        0.703236       -0.611712        1.623418

     C    2       -0.081190        0.048463        0.110655
     C    2        0.048463       -0.178441       -0.106585
     C    2        0.110655       -0.106585        0.259631

     C    3        0.003480        0.182062       -0.011536
     C    3        0.182062       -0.019784       -0.122860
     C    3       -0.011536       -0.122860        0.016304

     H    4        0.356886        0.302908        0.468832
     H    4        0.302908        0.244034        0.228531
     H    4        0.468832        0.228531       -0.600920

     C    5       -0.359750        0.428631       -0.068342
     C    5        0.428631        0.508512        0.161801
     C    5       -0.068342        0.161801       -0.148762

     H    6       -0.404684        0.052799        0.030488
     H    6        0.052799        0.404178        0.045415
     H    6        0.030488        0.045415        0.000505

     H    7       -0.186295       -0.015653       -0.203429
     H    7       -0.015653        0.280954       -0.297283
     H    7       -0.203429       -0.297283       -0.094659

     C    8        0.194651       -0.344629       -0.072737
     C    8       -0.344629       -0.243755       -0.002246
     C    8       -0.072737       -0.002246        0.049104

     H    9        0.536561       -0.005479        0.434559
     H    9       -0.005479       -0.319067       -0.376274
     H    9        0.434559       -0.376274       -0.217494

     C   10       -0.237528       -0.168753       -0.108949
     C   10       -0.168753        0.036076        0.120134
     C   10       -0.108949        0.120134        0.201452

     C   11        0.133057        0.330402       -0.157056
     C   11        0.330402       -0.090769        0.226390
     C   11       -0.157056        0.226390       -0.042288

     Cl  12        0.823782        0.119766       -0.067005
     Cl  12        0.119766       -0.152490       -1.067768
     Cl  12       -0.067005       -1.067768       -0.671292

     H   13       -0.181209        0.097809       -0.168058
     H   13        0.097809        0.212628        0.635933
     H   13       -0.168058        0.635933       -0.031419

     C   14        0.008232       -0.601603        0.162236
     C   14       -0.601603        0.080464       -0.488446
     C   14        0.162236       -0.488446       -0.088696

     H   15        0.325991        0.320892        0.423564
     H   15        0.320892       -0.437362        0.002048
     H   15        0.423564        0.002048        0.111371

     C   16       -0.702117       -0.011515       -0.023968
     C   16       -0.011515        0.609385        0.244285
     C   16       -0.023968        0.244285        0.092732

     C   17        0.173106       -0.045721        0.373750
     C   17       -0.045721       -0.129810        0.009954
     C   17        0.373750        0.009954       -0.043296

     Cl  18        0.447656       -0.184021        0.287010
     Cl  18       -0.184021        0.003565       -0.468887
     Cl  18        0.287010       -0.468887       -0.451221

     H   19       -0.321917       -0.275793       -0.245679
     H   19       -0.275793        0.390908       -0.351019
     H   19       -0.245679       -0.351019       -0.068990

     C   20       -0.300427       -0.123570       -0.028882
     C   20       -0.123570        0.385746       -0.017769
     C   20       -0.028882       -0.017769       -0.085319

     H   21        0.244243       -0.320983        0.556121
     H   21       -0.320983       -0.032004       -0.005706
     H   21        0.556121       -0.005706       -0.212239

     C   22        0.222917        0.430206       -0.484167
     C   22        0.430206       -0.351612       -0.146313
     C   22       -0.484167       -0.146313        0.128695

     C   23       -0.607084       -0.019802       -0.303806
     C   23       -0.019802        0.078063       -0.445322
     C   23       -0.303806       -0.445322        0.529021

     Cl  24        0.026264        0.979042       -0.062533
     Cl  24        0.979042       -0.413030       -0.332467
     Cl  24       -0.062533       -0.332467        0.386766


     NQR/NMR SPECTROSCOPIC PARAMETERS:
     Cl   1    Vxx=    0.4188    axis=( -0.643938  0.461452  0.610251)
     Cl   1    Vyy=    2.3406    axis=(  0.483287 -0.373007  0.792022)
     Cl   1    Vzz=   -2.7594    axis=( -0.593108 -0.804940 -0.017180)
     Cl   1  Q=        -8.1650 1e-30 m^2  Cq=        52.9381 MHz  eta= 0.69645

     C    2    Vxx=   -0.0690    axis=(  0.856003  0.501489 -0.125569)
     C    2    Vyy=   -0.2399    axis=( -0.454103  0.845478  0.280995)
     C    2    Vzz=    0.3089    axis=(  0.247082 -0.183511  0.951459)
     C    2  Q=         1.0000 1e-30 m^2  Cq=         0.7258 MHz  eta= 0.55309

     C    3    Vxx=    0.0015    axis=(  0.562497  0.046335  0.825500)
     C    3    Vyy=    0.2199    axis=(  0.591415  0.675164 -0.440888)
     C    3    Vzz=   -0.2215    axis=(  0.577777 -0.736211 -0.352374)
     C    3  Q=         1.0000 1e-30 m^2  Cq=        -0.5204 MHz  eta= 0.98603

     H    4    Vxx=    0.0072    axis=(  0.554793 -0.823543  0.118240)
     H    4    Vyy=    0.7950    axis=(  0.754798  0.557994  0.344853)
     H    4    Vzz=   -0.8022    axis=( -0.349978 -0.102075  0.931180)
     H    4  Q=         1.0000 1e-30 m^2  Cq=        -1.8848 MHz  eta= 0.98214

     C    5    Vxx=   -0.1293    axis=(  0.323119  0.022855 -0.946082)
     C    5    Vyy=   -0.5734    axis=(  0.874366 -0.389666  0.289213)
     C    5    Vzz=    0.7027    axis=( -0.362046 -0.920673 -0.145892)
     C    5  Q=         1.0000 1e-30 m^2  Cq=         1.6511 MHz  eta= 0.63191

     H    6    Vxx=   -0.0031    axis=(  0.059696 -0.118272  0.991185)
     H    6    Vyy=   -0.4100    axis=(  0.995881 -0.060834 -0.067238)
     H    6    Vzz=    0.4130    axis=(  0.068250  0.991116  0.114153)
     H    6  Q=         1.0000 1e-30 m^2  Cq=         0.9705 MHz  eta= 0.98510

     H    7    Vxx=   -0.0418    axis=(  0.752781 -0.425855 -0.501965)
     H    7    Vyy=   -0.4150    axis=(  0.643101  0.313006  0.698891)
     H    7    Vzz=    0.4568    axis=( -0.140508 -0.848926  0.509492)
     H    7  Q=         1.0000 1e-30 m^2  Cq=         1.0733 MHz  eta= 0.81702

     C    8    Vxx=    0.0405    axis=(  0.120091 -0.153320  0.980852)
     C    8    Vyy=    0.3953    axis=(  0.866217 -0.466514 -0.178977)
     C    8    Vzz=   -0.4358    axis=(  0.485022  0.871124  0.076784)
     C    8  Q=         1.0000 1e-30 m^2  Cq=        -1.0240 MHz  eta= 0.81392

     H    9    Vxx=   -0.0426    axis=(  0.414185  0.730618 -0.542815)
     H    9    Vyy=   -0.7187    axis=( -0.242219  0.663345  0.708028)
     H    9    Vzz=    0.7613    axis=(  0.877371 -0.161774  0.451717)
     H    9  Q=         1.0000 1e-30 m^2  Cq=         1.7888 MHz  eta= 0.88804

     C   10    Vxx=    0.0004    axis=( -0.264467  0.757932 -0.596319)
     C   10    Vyy=    0.3222    axis=( -0.311297  0.518145  0.796631)
     C   10    Vzz=   -0.3226    axis=( -0.912771 -0.396315 -0.098910)
     C   10  Q=         1.0000 1e-30 m^2  Cq=        -0.7580 MHz  eta= 0.99727

     C   11    Vxx=    0.1252    axis=( -0.314996  0.413543  0.854260)
     C   11    Vyy=    0.3700    axis=( -0.809304 -0.587220 -0.014150)
     C   11    Vzz=   -0.4953    axis=(  0.495786 -0.695813  0.519654)
     C   11  Q=         1.0000 1e-30 m^2  Cq=        -1.1637 MHz  eta= 0.49434

     Cl  12    Vxx=    0.6036    axis=( -0.523847  0.666373 -0.530595)
     Cl  12    Vyy=    0.9073    axis=( -0.851763 -0.416491  0.317861)
     Cl  12    Vzz=   -1.5109    axis=( -0.009174  0.618451  0.785769)
     Cl  12  Q=        -8.1650 1e-30 m^2  Cq=        28.9861 MHz  eta= 0.20106

     H   13    Vxx=   -0.1016    axis=(  0.920990  0.273947 -0.277002)
     H   13    Vyy=   -0.6377    axis=( -0.387968  0.580203 -0.716132)
     H   13    Vzz=    0.7393    axis=(  0.035465 -0.767018 -0.640644)
     H   13  Q=         1.0000 1e-30 m^2  Cq=         1.7370 MHz  eta= 0.72521

     C   14    Vxx=   -0.2088    axis=( -0.636444 -0.021730  0.771017)
     C   14    Vyy=   -0.6710    axis=(  0.526947  0.717717  0.455202)
     C   14    Vzz=    0.8799    axis=( -0.563264  0.695996 -0.445336)
     C   14  Q=         1.0000 1e-30 m^2  Cq=         2.0673 MHz  eta= 0.52527

     H   15    Vxx=   -0.1223    axis=( -0.433134 -0.436069  0.788821)
     H   15    Vyy=   -0.5916    axis=(  0.420702 -0.871802 -0.250939)
     H   15    Vzz=    0.7140    axis=(  0.797123  0.223169  0.561063)
     H   15  Q=         1.0000 1e-30 m^2  Cq=         1.6775 MHz  eta= 0.65730

     C   16    Vxx=   -0.0040    axis=( -0.025773 -0.370281  0.928562)
     C   16    Vyy=   -0.7029    axis=( -0.999571 -0.003358 -0.029082)
     C   16    Vzz=    0.7069    axis=(  0.013886 -0.928914 -0.370036)
     C   16  Q=         1.0000 1e-30 m^2  Cq=         1.6609 MHz  eta= 0.98864

     C   17    Vxx=   -0.1251    axis=( -0.063632  0.983206  0.171049)
     C   17    Vyy=   -0.3305    axis=( -0.596976 -0.174850  0.782974)
     C   17    Vzz=    0.4556    axis=( -0.799732  0.052290 -0.598076)
     C   17  Q=         1.0000 1e-30 m^2  Cq=         1.0705 MHz  eta= 0.45075

     Cl  18    Vxx=    0.0649    axis=(  0.598498  0.729870 -0.330287)
     Cl  18    Vyy=    0.6990    axis=( -0.790743  0.472041 -0.389747)
     Cl  18    Vzz=   -0.7638    axis=( -0.128556  0.494435  0.859655)
     Cl  18  Q=        -8.1650 1e-30 m^2  Cq=        14.6536 MHz  eta= 0.83019

     H   19    Vxx=    0.0453    axis=(  0.650853 -0.218930 -0.726953)
     H   19    Vyy=    0.6008    axis=(  0.158458 -0.897259  0.412089)
     H   19    Vzz=   -0.6461    axis=(  0.742483  0.383401  0.549292)
     H   19  Q=         1.0000 1e-30 m^2  Cq=        -1.5180 MHz  eta= 0.85990

     C   20    Vxx=   -0.0815    axis=( -0.132300  0.002707  0.991206)
     C   20    Vyy=   -0.3261    axis=(  0.976374  0.172724  0.129848)
     C   20    Vzz=    0.4076    axis=( -0.170854  0.984967 -0.025494)
     C   20  Q=         1.0000 1e-30 m^2  Cq=         0.9578 MHz  eta= 0.60008

     H   21    Vxx=   -0.0772    axis=(  0.117119  0.887936  0.444806)
     H   21    Vyy=   -0.6402    axis=( -0.583514 -0.300897  0.754302)
     H   21    Vzz=    0.7174    axis=(  0.803613 -0.347894  0.482883)
     H   21  Q=         1.0000 1e-30 m^2  Cq=         1.6855 MHz  eta= 0.78477

     C   22    Vxx=   -0.2136    axis=(  0.414804  0.461617  0.784122)
     C   22    Vyy=   -0.6015    axis=( -0.541361  0.817844 -0.195087)
     C   22    Vzz=    0.8150    axis=( -0.731345 -0.343570  0.589147)
     C   22  Q=         1.0000 1e-30 m^2  Cq=         1.9150 MHz  eta= 0.47594

     C   23    Vxx=   -0.1377    axis=( -0.311349  0.849659  0.425607)
     C   23    Vyy=   -0.7083    axis=(  0.934622  0.192779  0.298862)
     C   23    Vzz=    0.8461    axis=( -0.171882 -0.490832  0.854132)
     C   23  Q=         1.0000 1e-30 m^2  Cq=         1.9879 MHz  eta= 0.67438

     Cl  24    Vxx=    0.2922    axis=(  0.425834  0.172422  0.888221)
     Cl  24    Vyy=    0.9352    axis=( -0.672522 -0.596404  0.438197)
     Cl  24    Vzz=   -1.2275    axis=(  0.605293 -0.783947 -0.138012)
     Cl  24  Q=        -8.1650 1e-30 m^2  Cq=        23.5487 MHz  eta= 0.52383

     Initialization:
     gipaw_setup  :      9.38s CPU     11.70s WALL (       1 calls)

     Linear response

     Apply operators

     Induced current

     Other routines
     efg          :      9.86s CPU     12.84s WALL (       1 calls)

     General routines
     calbec       :      3.40s CPU      4.71s WALL (      16 calls)
     fft          :      1.67s CPU      2.62s WALL (      15 calls)
     ffts         :      0.03s CPU      0.04s WALL (       2 calls)
     fftw         :      3.67s CPU      4.69s WALL (     672 calls)
     davcio       :      0.02s CPU      0.33s WALL (      32 calls)

     Parallel routines
     fft_scatter  :      2.52s CPU      4.31s WALL (     689 calls)

     Plugins

     GIPAW        :     61.88s CPU     74.98s WALL (       1 calls)
