
     Program QE v.6.0 (svn rev. 13079) starts on 15Jan2017 at 14: 0:27 

     This program is part of the open-source Quantum ESPRESSO suite
     for quantum simulation of materials; please cite
         "P. Giannozzi et al., J. Phys.:Condens. Matter 21 395502 (2009);
          URL http://www.quantum-espresso.org", 
     in publications or presentations arising from this work. More details at
     http://www.quantum-espresso.org/quote

     Parallel version (MPI), running on     8 processors
     R & G space division:  proc/nbgrp/npool/nimage =       8

     ***** This is GIPAW svn revision unknown      *****

     Parallelizing q-star over 1 images

     Reading data from directory:
     /users/majewski/paradichlorobenzene/pbe/9_constraint/scratch/pbe.ecut100.np8.dt60.pcl2phi-129368.save
     Message from routine read_xml_file:
     file /users/majewski/paradichlorobenzene/pbe/9_constraint/scratch/pbe.ecut100.np8.dt60.pcl2phi-129368.save not guaranteed to be safe for post-processing

   Info: using nr1, nr2, nr3 values from input

   Info: using nr1, nr2, nr3 values from input

     IMPORTANT: XC functional enforced from input :
     Exchange-correlation      =  SLA  PW   PBX  PBC ( 1  4  3  4 0 0)
     Any further DFT definition will be discarded
     Please, verify this is what you really want

               file C.pbe-n-kjpaw_psl.1.0.0.UPF: wavefunction(s)  2S 2P renormalized
               file Cl.pbe-n-kjpaw_psl.1.0.0.UPF: wavefunction(s)  3S 3P renormalized
               file H.pbe-kjpaw_psl.1.0.0.UPF: wavefunction(s)  1S renormalized

     Parallelization info
     --------------------
     sticks:   dense  smooth     PW     G-vecs:    dense   smooth      PW
     Min        3057    1223    332               144436    36536    5170
     Max        3059    1225    333               144437    36537    5171
     Sum       24467    9791   2657              1155489   292295   41363


     Subspace diagonalization in iterative solution of the eigenvalue problem:
     a serial algorithm will be used

     GIPAW projectors -----------------------------------------------
     atom=  C    l=0  rc=    1.2000  rs=    0.8000
     atom=  C    l=0  rc=    1.2000  rs=    0.8000
     atom=  C    l=1  rc=    1.4000  rs=    0.9333
     atom=  C    l=1  rc=    1.4000  rs=    0.9333
     projs nearly linearly dependent: l=1  n1,n2= 1, 2  s=  0.99951561

     atom=  Cl   l=0  rc=    1.6000  rs=    1.0667
     atom=  Cl   l=0  rc=    1.6000  rs=    1.0667
     atom=  Cl   l=1  rc=    1.6000  rs=    1.0667
     atom=  Cl   l=1  rc=    1.6000  rs=    1.0667
     atom=  Cl   l=2  rc=    1.6000  rs=    1.0667
     atom=  Cl   l=2  rc=    1.6000  rs=    1.0667
     projs nearly linearly dependent: l=2  n1,n2= 1, 2  s=  0.99993509

     atom=  H    l=0  rc=    1.0000  rs=    0.6667
     atom=  H    l=0  rc=    1.0000  rs=    0.6667
     projs nearly linearly dependent: l=0  n1,n2= 1, 2  s=  0.99968852
     -----------------------------------------------------------------

     GIPAW integrals: -------------------------------------------
     Atom  i/j   nmr_para   nmr_dia   epr_rmc  epr_para   epr_dia
       C   1 1   0.83E+03  0.17E-01  0.93E+01  0.24E+08  0.24E+03
       C   2 1   0.86E+03 -0.61E-01  0.94E+01  0.25E+08  0.25E+03
       C   2 2   0.90E+03 -0.15E+00  0.97E+01  0.26E+08  0.26E+03
       C   3 3   0.33E+01  0.34E+00  0.18E+01  0.55E+03  0.21E+02
       C   4 3   0.35E+01  0.37E+00  0.20E+01  0.59E+03  0.22E+02
       C   4 4   0.38E+01  0.39E+00  0.22E+01  0.63E+03  0.24E+02
       Cl  1 1   0.14E+04 -0.47E+00  0.84E+01  0.32E+09  0.42E+03
       Cl  2 1   0.21E+04 -0.37E+00  0.12E+02  0.49E+09  0.65E+03
       Cl  2 2   0.33E+04 -0.16E+00  0.21E+02  0.76E+09  0.10E+04
       Cl  3 3   0.21E+02  0.79E-01  0.89E+01  0.23E+05  0.13E+03
       Cl  4 3   0.24E+02  0.67E-01  0.99E+01  0.27E+05  0.15E+03
       Cl  4 4   0.28E+02  0.44E-01  0.11E+02  0.32E+05  0.18E+03
       Cl  5 5   0.77E+00  0.19E+00  0.18E+01  0.12E+03  0.22E+02
       Cl  6 5   0.80E+00  0.19E+00  0.19E+01  0.12E+03  0.23E+02
       Cl  6 6   0.83E+00  0.20E+00  0.19E+01  0.12E+03  0.23E+02
       H   1 1   0.39E+02  0.19E+00  0.29E+00  0.78E+05  0.13E+02
       H   2 1   0.41E+02  0.21E+00  0.32E+00  0.82E+05  0.14E+02
       H   2 2   0.43E+02  0.22E+00  0.36E+00  0.86E+05  0.15E+02
     ------------------------------------------------------------

     alpha_pv=     34.4362 eV

     Number of occupied bands for each k-point:
     k-point:     1    nbnd_occ=  42
     k-point:     2    nbnd_occ=  42
     k-point:     3    nbnd_occ=  42
     k-point:     4    nbnd_occ=  42
     k-point:     5    nbnd_occ=  42
     k-point:     6    nbnd_occ=  42
     k-point:     7    nbnd_occ=  42
     k-point:     8    nbnd_occ=  42
     k-point:     9    nbnd_occ=  42
     k-point:    10    nbnd_occ=  42
     k-point:    11    nbnd_occ=  42
     k-point:    12    nbnd_occ=  42
     k-point:    13    nbnd_occ=  42
     k-point:    14    nbnd_occ=  42
     k-point:    15    nbnd_occ=  42
     k-point:    16    nbnd_occ=  42


     q-space interpolation up to   110.00 Rydberg

     GIPAW job: efg                                                                             


     ELECTRIC FIELD GRADIENTS TENSORS IN Hartree/bohrradius^2:

     ----- bare term -----
     Cl   1       -0.060950        0.204350       -0.083151
     Cl   1        0.204350        0.088739        0.022863
     Cl   1       -0.083151        0.022863       -0.027789

     C    2       -0.169383       -0.138043       -0.212503
     C    2       -0.138043       -0.007275       -0.453211
     C    2       -0.212503       -0.453211        0.176658

     C    3       -0.149354        0.213768       -0.390893
     C    3        0.213768       -0.184560       -0.472885
     C    3       -0.390893       -0.472885        0.333914

     H    4       -0.674499       -0.172221       -0.252090
     H    4       -0.172221        0.385079       -0.160473
     H    4       -0.252090       -0.160473        0.289420

     C    5        0.073493        0.582176        0.050915
     C    5        0.582176       -0.409287       -0.380413
     C    5        0.050915       -0.380413        0.335795

     H    6        0.120339       -0.306151       -0.357538
     H    6       -0.306151       -0.146754       -0.499654
     H    6       -0.357538       -0.499654        0.026415

     H    7        0.232173        0.276394        0.176520
     H    7        0.276394       -0.487347        0.286385
     H    7        0.176520        0.286385        0.255173

     C    8       -0.630985       -0.305825       -0.324428
     C    8       -0.305825        0.224284        0.091161
     C    8       -0.324428        0.091161        0.406701

     H    9       -0.494002       -0.231769       -0.310241
     H    9       -0.231769        0.130150        0.205036
     H    9       -0.310241        0.205036        0.363851

     C   10        0.045812        0.189071       -0.350682
     C   10        0.189071       -0.247223        0.518634
     C   10       -0.350682        0.518634        0.201411

     C   11       -0.737719       -0.458795       -0.367342
     C   11       -0.458795        0.360394        0.075119
     C   11       -0.367342        0.075119        0.377325

     Cl  12        0.026865       -0.061813       -0.035893
     Cl  12       -0.061813        0.047665        0.004856
     Cl  12       -0.035893        0.004856       -0.074530

     H   13        0.420771        0.101893       -0.298088
     H   13        0.101893       -0.008520       -0.212374
     H   13       -0.298088       -0.212374       -0.412251

     C   14       -0.471049        0.347537        0.025680
     C   14        0.347537        0.189572       -0.078026
     C   14        0.025680       -0.078026        0.281478

     H   15       -0.164683        0.309399       -0.343175
     H   15        0.309399       -0.140379       -0.135459
     H   15       -0.343175       -0.135459        0.305062

     C   16        0.214145        0.086771       -0.149990
     C   16        0.086771       -0.161780       -0.570551
     C   16       -0.149990       -0.570551       -0.052365

     C   17       -0.582553        0.356648       -0.435320
     C   17        0.356648        0.232383       -0.051050
     C   17       -0.435320       -0.051050        0.350170

     Cl  18        0.253822       -0.054024       -0.302504
     Cl  18       -0.054024        0.210495       -0.427837
     Cl  18       -0.302504       -0.427837       -0.464317

     H   19        0.326389        0.357618       -0.101681
     H   19        0.357618       -0.609162        0.415309
     H   19       -0.101681        0.415309        0.282773

     C   20       -0.140831       -0.197333       -0.185827
     C   20       -0.197333       -0.061549        0.400683
     C   20       -0.185827        0.400683        0.202380

     H   21       -0.178090        0.170236       -0.501314
     H   21        0.170236        0.390777        0.204120
     H   21       -0.501314        0.204120       -0.212687

     C   22       -0.578746       -0.357258       -0.277538
     C   22       -0.357258        0.171956        0.244173
     C   22       -0.277538        0.244173        0.406789

     C   23       -0.007128        0.345813       -0.424902
     C   23        0.345813       -0.033723        0.659084
     C   23       -0.424902        0.659084        0.040851

     Cl  24       -0.057144       -0.158463        0.061710
     Cl  24       -0.158463       -0.064498        0.041603
     Cl  24        0.061710        0.041603        0.121642

     ----- ionic term -----
     Cl   1        0.042641       -0.191850       -0.029246
     Cl   1       -0.191850        0.096986        0.040583
     Cl   1       -0.029246        0.040583       -0.139627

     C    2        0.170693       -0.175049        0.234380
     C    2       -0.175049        0.068888        0.425392
     C    2        0.234380        0.425392       -0.239581

     C    3        0.106390       -0.220615        0.159090
     C    3       -0.220615        0.073250        0.463965
     C    3        0.159090        0.463965       -0.179640

     H    4        0.603688        0.129917        0.728303
     H    4        0.129917       -0.548190        0.160783
     H    4        0.728303        0.160783       -0.055498

     C    5        0.303432       -0.222365        0.186817
     C    5       -0.222365       -0.040643        0.358829
     C    5        0.186817        0.358829       -0.262788

     H    6       -0.519485        0.142777        0.111348
     H    6        0.142777        0.443403        0.826962
     H    6        0.111348        0.826962        0.076083

     H    7       -0.475807       -0.189760        0.049716
     H    7       -0.189760        0.958353       -0.395356
     H    7        0.049716       -0.395356       -0.482545

     C    8        0.323483        0.179660        0.228465
     C    8        0.179660        0.133052       -0.243068
     C    8        0.228465       -0.243068       -0.456535

     H    9        0.627134       -0.236861        0.689492
     H    9       -0.236861       -0.422292       -0.194536
     H    9        0.689492       -0.194536       -0.204841

     C   10        0.199754        0.228150        0.189447
     C   10        0.228150        0.200857       -0.319054
     C   10        0.189447       -0.319054       -0.400612

     C   11        0.240309        0.196438        0.317511
     C   11        0.196438        0.135037       -0.280362
     C   11        0.317511       -0.280362       -0.375346

     Cl  12        0.139825        0.217461        0.025895
     Cl  12        0.217461        0.023412        0.010055
     Cl  12        0.025895        0.010055       -0.163237

     H   13       -0.525065        0.162306        0.135764
     H   13        0.162306        0.569191        0.803219
     H   13        0.135764        0.803219       -0.044126

     C   14        0.302834       -0.267839        0.163205
     C   14       -0.267839        0.034037        0.350229
     C   14        0.163205        0.350229       -0.336871

     H   15        0.843604        0.042512        0.564104
     H   15        0.042512       -0.529348        0.093623
     H   15        0.564104        0.093623       -0.314256

     C   16        0.202739       -0.299693        0.098853
     C   16       -0.299693        0.072145        0.403857
     C   16        0.098853        0.403857       -0.274884

     C   17        0.254098       -0.155413        0.172649
     C   17       -0.155413       -0.069158        0.443898
     C   17        0.172649        0.443898       -0.184939

     Cl  18        0.087728       -0.190289       -0.088470
     Cl  18       -0.190289       -0.002937        0.061971
     Cl  18       -0.088470        0.061971       -0.084791

     H   19       -0.502307       -0.204271        0.124710
     H   19       -0.204271        0.672452       -0.675218
     H   19        0.124710       -0.675218       -0.170145

     C   20        0.269388        0.221692        0.280870
     C   20        0.221692        0.092403       -0.277772
     C   20        0.280870       -0.277772       -0.361791

     H   21        0.507678       -0.083930        0.784909
     H   21       -0.083930       -0.506852       -0.137222
     H   21        0.784909       -0.137222       -0.000826

     C   22        0.095133        0.282547        0.222688
     C   22        0.282547        0.202854       -0.382545
     C   22        0.222688       -0.382545       -0.297987

     C   23        0.177433        0.116178        0.260559
     C   23        0.116178        0.144454       -0.416175
     C   23        0.260559       -0.416175       -0.321887

     Cl  24        0.103018        0.183254        0.000191
     Cl  24        0.183254        0.032922       -0.012749
     Cl  24        0.000191       -0.012749       -0.135941

     ----- GIPAW term -----
     Cl   1       -0.580471       -0.620383        0.943231
     Cl   1       -0.620383       -1.286333       -0.026074
     Cl   1        0.943231       -0.026074        1.866804

     C    2       -0.066671       -0.061163       -0.027185
     C    2       -0.061163       -0.005831       -0.150600
     C    2       -0.027185       -0.150600        0.072502

     C    3       -0.002056        0.108416       -0.217911
     C    3        0.108416       -0.053625       -0.150233
     C    3       -0.217911       -0.150233        0.055681

     H    4       -0.000000        0.000000        0.000000
     H    4        0.000000        0.000000        0.000000
     H    4        0.000000        0.000000        0.000000

     C    5        0.137481        0.256839        0.105372
     C    5        0.256839       -0.074072       -0.010711
     C    5        0.105372       -0.010711       -0.063409

     H    6       -0.000000        0.000000        0.000000
     H    6        0.000000        0.000000        0.000000
     H    6        0.000000        0.000000        0.000000

     H    7       -0.000000        0.000000        0.000000
     H    7        0.000000        0.000000        0.000000
     H    7        0.000000        0.000000        0.000000

     C    8       -0.074210        0.154264       -0.072585
     C    8        0.154264        0.160013       -0.082923
     C    8       -0.072585       -0.082923       -0.085803

     H    9       -0.000000        0.000000        0.000000
     H    9        0.000000        0.000000        0.000000
     H    9        0.000000        0.000000        0.000000

     C   10       -0.047214        0.196788       -0.129499
     C   10        0.196788        0.097831       -0.082705
     C   10       -0.129499       -0.082705       -0.050618

     C   11       -0.166791       -0.022894       -0.033077
     C   11       -0.022894        0.275723       -0.068679
     C   11       -0.033077       -0.068679       -0.108932

     Cl  12        0.010282        0.601783       -0.225906
     Cl  12        0.601783        2.643022        0.370507
     Cl  12       -0.225906        0.370507       -2.653303

     H   13       -0.000000        0.000000        0.000000
     H   13        0.000000        0.000000        0.000000
     H   13        0.000000        0.000000        0.000000

     C   14       -0.067349       -0.049612        0.053404
     C   14       -0.049612        0.092677       -0.043598
     C   14        0.053404       -0.043598       -0.025328

     H   15       -0.000000        0.000000        0.000000
     H   15        0.000000        0.000000        0.000000
     H   15        0.000000        0.000000        0.000000

     C   16       -0.064082       -0.003687       -0.007126
     C   16       -0.003687        0.197318       -0.016190
     C   16       -0.007126       -0.016190       -0.133237

     C   17       -0.032996        0.115516        0.021658
     C   17        0.115516        0.094602        0.095454
     C   17        0.021658        0.095454       -0.061606

     Cl  18        0.214004       -0.458544       -0.175905
     Cl  18       -0.458544        0.138412        0.069098
     Cl  18       -0.175905        0.069098       -0.352415

     H   19       -0.000000        0.000000        0.000000
     H   19        0.000000        0.000000        0.000000
     H   19        0.000000        0.000000        0.000000

     C   20       -0.100933       -0.080392        0.002466
     C   20       -0.080392        0.184526       -0.017785
     C   20        0.002466       -0.017785       -0.083593

     H   21       -0.000000        0.000000        0.000000
     H   21        0.000000        0.000000        0.000000
     H   21        0.000000        0.000000        0.000000

     C   22       -0.197587       -0.002240       -0.065024
     C   22       -0.002240        0.214917       -0.018781
     C   22       -0.065024       -0.018781       -0.017330

     C   23        0.022322        0.272408       -0.069209
     C   23        0.272408        0.149224        0.074298
     C   23       -0.069209        0.074298       -0.171546

     Cl  24        1.489306        1.835838        0.479167
     Cl  24        1.835838       -0.346095        0.295080
     Cl  24        0.479167        0.295080       -1.143211

     ----- total EFG -----
     Cl   1       -0.598780       -0.607884        0.830834
     Cl   1       -0.607884       -1.100608        0.037372
     Cl   1        0.830834        0.037372        1.699388

     C    2       -0.065361       -0.374256       -0.005308
     C    2       -0.374256        0.055782       -0.178418
     C    2       -0.005308       -0.178418        0.009579

     C    3       -0.045020        0.101569       -0.449714
     C    3        0.101569       -0.164935       -0.159152
     C    3       -0.449714       -0.159152        0.209955

     H    4       -0.070811       -0.042304        0.476213
     H    4       -0.042304       -0.163111        0.000310
     H    4        0.476213        0.000310        0.233922

     C    5        0.514406        0.616650        0.343103
     C    5        0.616650       -0.524003       -0.032295
     C    5        0.343103       -0.032295        0.009597

     H    6       -0.399146       -0.163374       -0.246190
     H    6       -0.163374        0.296648        0.327308
     H    6       -0.246190        0.327308        0.102498

     H    7       -0.243634        0.086634        0.226236
     H    7        0.086634        0.471006       -0.108971
     H    7        0.226236       -0.108971       -0.227372

     C    8       -0.381712        0.028099       -0.168547
     C    8        0.028099        0.517349       -0.234831
     C    8       -0.168547       -0.234831       -0.135637

     H    9        0.133132       -0.468629        0.379252
     H    9       -0.468629       -0.292142        0.010500
     H    9        0.379252        0.010500        0.159010

     C   10        0.198353        0.614010       -0.290734
     C   10        0.614010        0.051466        0.116875
     C   10       -0.290734        0.116875       -0.249818

     C   11       -0.664201       -0.285252       -0.082908
     C   11       -0.285252        0.771153       -0.273921
     C   11       -0.082908       -0.273921       -0.106953

     Cl  12        0.176971        0.757430       -0.235904
     Cl  12        0.757430        2.714098        0.385417
     Cl  12       -0.235904        0.385417       -2.891070

     H   13       -0.104293        0.264199       -0.162324
     H   13        0.264199        0.560671        0.590846
     H   13       -0.162324        0.590846       -0.456377

     C   14       -0.235564        0.030086        0.242289
     C   14        0.030086        0.316285        0.228605
     C   14        0.242289        0.228605       -0.080721

     H   15        0.678921        0.351911        0.220929
     H   15        0.351911       -0.669728       -0.041837
     H   15        0.220929       -0.041837       -0.009193

     C   16        0.352803       -0.216609       -0.058263
     C   16       -0.216609        0.107683       -0.182884
     C   16       -0.058263       -0.182884       -0.460486

     C   17       -0.361452        0.316751       -0.241013
     C   17        0.316751        0.257827        0.488302
     C   17       -0.241013        0.488302        0.103625

     Cl  18        0.555554       -0.702857       -0.566879
     Cl  18       -0.702857        0.345969       -0.296769
     Cl  18       -0.566879       -0.296769       -0.901524

     H   19       -0.175918        0.153347        0.023029
     H   19        0.153347        0.063289       -0.259909
     H   19        0.023029       -0.259909        0.112628

     C   20        0.027624       -0.056033        0.097509
     C   20       -0.056033        0.215380        0.105125
     C   20        0.097509        0.105125       -0.243004

     H   21        0.329588        0.086306        0.283595
     H   21        0.086306       -0.116075        0.066898
     H   21        0.283595        0.066898       -0.213513

     C   22       -0.681200       -0.076950       -0.119874
     C   22       -0.076950        0.589728       -0.157154
     C   22       -0.119874       -0.157154        0.091472

     C   23        0.192626        0.734398       -0.233552
     C   23        0.734398        0.259956        0.317207
     C   23       -0.233552        0.317207       -0.452582

     Cl  24        1.535181        1.860628        0.541068
     Cl  24        1.860628       -0.377672        0.323933
     Cl  24        0.541068        0.323933       -1.157510

     ----- total EFG (symmetrized) -----
     Cl   1       -0.598780       -0.607884        0.830834
     Cl   1       -0.607884       -1.100608        0.037372
     Cl   1        0.830834        0.037372        1.699388

     C    2       -0.065361       -0.374256       -0.005308
     C    2       -0.374256        0.055782       -0.178418
     C    2       -0.005308       -0.178418        0.009579

     C    3       -0.045020        0.101569       -0.449714
     C    3        0.101569       -0.164935       -0.159152
     C    3       -0.449714       -0.159152        0.209955

     H    4       -0.070811       -0.042304        0.476213
     H    4       -0.042304       -0.163111        0.000310
     H    4        0.476213        0.000310        0.233922

     C    5        0.514406        0.616650        0.343103
     C    5        0.616650       -0.524003       -0.032295
     C    5        0.343103       -0.032295        0.009597

     H    6       -0.399146       -0.163374       -0.246190
     H    6       -0.163374        0.296648        0.327308
     H    6       -0.246190        0.327308        0.102498

     H    7       -0.243634        0.086634        0.226236
     H    7        0.086634        0.471006       -0.108971
     H    7        0.226236       -0.108971       -0.227372

     C    8       -0.381712        0.028099       -0.168547
     C    8        0.028099        0.517349       -0.234831
     C    8       -0.168547       -0.234831       -0.135637

     H    9        0.133132       -0.468629        0.379252
     H    9       -0.468629       -0.292142        0.010500
     H    9        0.379252        0.010500        0.159010

     C   10        0.198353        0.614010       -0.290734
     C   10        0.614010        0.051466        0.116875
     C   10       -0.290734        0.116875       -0.249818

     C   11       -0.664201       -0.285252       -0.082908
     C   11       -0.285252        0.771153       -0.273921
     C   11       -0.082908       -0.273921       -0.106953

     Cl  12        0.176971        0.757430       -0.235904
     Cl  12        0.757430        2.714098        0.385417
     Cl  12       -0.235904        0.385417       -2.891070

     H   13       -0.104293        0.264199       -0.162324
     H   13        0.264199        0.560671        0.590846
     H   13       -0.162324        0.590846       -0.456377

     C   14       -0.235564        0.030086        0.242289
     C   14        0.030086        0.316285        0.228605
     C   14        0.242289        0.228605       -0.080721

     H   15        0.678921        0.351911        0.220929
     H   15        0.351911       -0.669728       -0.041837
     H   15        0.220929       -0.041837       -0.009193

     C   16        0.352803       -0.216609       -0.058263
     C   16       -0.216609        0.107683       -0.182884
     C   16       -0.058263       -0.182884       -0.460486

     C   17       -0.361452        0.316751       -0.241013
     C   17        0.316751        0.257827        0.488302
     C   17       -0.241013        0.488302        0.103625

     Cl  18        0.555554       -0.702857       -0.566879
     Cl  18       -0.702857        0.345969       -0.296769
     Cl  18       -0.566879       -0.296769       -0.901524

     H   19       -0.175918        0.153347        0.023029
     H   19        0.153347        0.063289       -0.259909
     H   19        0.023029       -0.259909        0.112628

     C   20        0.027624       -0.056033        0.097509
     C   20       -0.056033        0.215380        0.105125
     C   20        0.097509        0.105125       -0.243004

     H   21        0.329588        0.086306        0.283595
     H   21        0.086306       -0.116075        0.066898
     H   21        0.283595        0.066898       -0.213513

     C   22       -0.681200       -0.076950       -0.119874
     C   22       -0.076950        0.589728       -0.157154
     C   22       -0.119874       -0.157154        0.091472

     C   23        0.192626        0.734398       -0.233552
     C   23        0.734398        0.259956        0.317207
     C   23       -0.233552        0.317207       -0.452582

     Cl  24        1.535181        1.860628        0.541068
     Cl  24        1.860628       -0.377672        0.323933
     Cl  24        0.541068        0.323933       -1.157510


     NQR/NMR SPECTROSCOPIC PARAMETERS:
     Cl   1    Vxx=   -0.3868    axis=( -0.724294  0.631340  0.277141)
     Cl   1    Vyy=   -1.5893    axis=(  0.611978  0.773810 -0.163402)
     Cl   1    Vzz=    1.9761    axis=(  0.317617 -0.051253  0.946833)
     Cl   1  Q=        -8.1650 1e-30 m^2  Cq=       -37.9099 MHz  eta= 0.60850

     C    2    Vxx=    0.0000    axis=( -0.422120  0.060934  0.904490)
     C    2    Vyy=    0.4191    axis=( -0.577014  0.751472 -0.319914)
     C    2    Vzz=   -0.4191    axis=( -0.699193 -0.656945 -0.282051)
     C    2  Q=         1.0000 1e-30 m^2  Cq=        -0.9848 MHz  eta= 0.99983

     C    3    Vxx=   -0.2103    axis=( -0.210449  0.967360  0.141157)
     C    3    Vyy=   -0.3862    axis=( -0.785139 -0.081216 -0.613971)
     C    3    Vzz=    0.5964    axis=( -0.582467 -0.240038  0.776604)
     C    3  Q=         1.0000 1e-30 m^2  Cq=         1.4014 MHz  eta= 0.29497

     H    4    Vxx=   -0.1594    axis=(  0.086644 -0.990782 -0.104130)
     H    4    Vyy=   -0.4230    axis=(  0.802595  0.131342 -0.581885)
     H    4    Vzz=    0.5824    axis=(  0.590198 -0.033157  0.806577)
     H    4  Q=         1.0000 1e-30 m^2  Cq=         1.3683 MHz  eta= 0.45265

     C    5    Vxx=   -0.0539    axis=( -0.201574 -0.327794  0.922995)
     C    5    Vyy=   -0.8486    axis=( -0.446553  0.869460  0.211259)
     C    5    Vzz=    0.9024    axis=( -0.871756 -0.369582 -0.321638)
     C    5  Q=         1.0000 1e-30 m^2  Cq=         2.1203 MHz  eta= 0.88062

     H    6    Vxx=   -0.1170    axis=( -0.240430 -0.658904  0.712768)
     H    6    Vyy=   -0.5010    axis=( -0.933274 -0.044929 -0.356344)
     H    6    Vzz=    0.6180    axis=(  0.266821 -0.750884 -0.604136)
     H    6  Q=         1.0000 1e-30 m^2  Cq=         1.4522 MHz  eta= 0.62129

     H    7    Vxx=   -0.0098    axis=(  0.701502  0.034930  0.711810)
     H    7    Vyy=   -0.4819    axis=(  0.708390 -0.143436 -0.691093)
     H    7    Vzz=    0.4916    axis=( -0.077960 -0.989043  0.125365)
     H    7  Q=         1.0000 1e-30 m^2  Cq=         1.1552 MHz  eta= 0.96030

     C    8    Vxx=   -0.1246    axis=( -0.495348  0.317482  0.808601)
     C    8    Vyy=   -0.4749    axis=(  0.864811  0.092313  0.493538)
     C    8    Vzz=    0.5995    axis=( -0.082045 -0.943760  0.320289)
     C    8  Q=         1.0000 1e-30 m^2  Cq=         1.4086 MHz  eta= 0.58436

     H    9    Vxx=    0.0066    axis=( -0.326696  0.539708  0.775877)
     H    9    Vyy=    0.6507    axis=( -0.741715  0.362385 -0.564390)
     H    9    Vzz=   -0.6573    axis=(  0.585772  0.759864 -0.281919)
     H    9  Q=         1.0000 1e-30 m^2  Cq=        -1.5444 MHz  eta= 0.97985

     C   10    Vxx=   -0.0823    axis=( -0.266701  0.509324  0.818205)
     C   10    Vyy=   -0.6816    axis=(  0.591271 -0.583954  0.556234)
     C   10    Vzz=    0.7639    axis=( -0.761098 -0.632129  0.145407)
     C   10  Q=         1.0000 1e-30 m^2  Cq=         1.7948 MHz  eta= 0.78452

     C   11    Vxx=   -0.1426    axis=( -0.260414  0.201745  0.944184)
     C   11    Vyy=   -0.7482    axis=(  0.951824  0.217640  0.216018)
     C   11    Vzz=    0.8909    axis=( -0.161912  0.954951 -0.248703)
     C   11  Q=         1.0000 1e-30 m^2  Cq=         2.0932 MHz  eta= 0.67982

     Cl  12    Vxx=    0.0052    axis=( -0.961027  0.252789  0.111916)
     Cl  12    Vyy=    2.9395    axis=(  0.259819  0.964190  0.053224)
     Cl  12    Vzz=   -2.9447    axis=(  0.094454 -0.080227  0.992291)
     Cl  12  Q=        -8.1650 1e-30 m^2  Cq=        56.4923 MHz  eta= 0.99646

     H   13    Vxx=   -0.0415    axis=(  0.920507 -0.021045 -0.390158)
     H   13    Vyy=   -0.8223    axis=( -0.345249  0.423731 -0.837410)
     H   13    Vzz=    0.8638    axis=(  0.182946  0.905544  0.382781)
     H   13  Q=         1.0000 1e-30 m^2  Cq=         2.0296 MHz  eta= 0.90384

     C   14    Vxx=   -0.0164    axis=(  0.619229 -0.481938  0.619912)
     C   14    Vyy=   -0.4308    axis=(  0.758413  0.162602 -0.631165)
     C   14    Vzz=    0.4472    axis=(  0.203384  0.860985  0.466196)
     C   14  Q=         1.0000 1e-30 m^2  Cq=         1.0507 MHz  eta= 0.92655

     H   15    Vxx=   -0.0484    axis=( -0.204768 -0.180741  0.961979)
     H   15    Vyy=   -0.7679    axis=( -0.252628  0.959264  0.126456)
     H   15    Vzz=    0.8163    axis=( -0.945647 -0.217129 -0.242087)
     H   15  Q=         1.0000 1e-30 m^2  Cq=         1.9179 MHz  eta= 0.88151

     C   16    Vxx=    0.0496    axis=(  0.501826  0.794426 -0.342137)
     C   16    Vyy=    0.4811    axis=(  0.853665 -0.518614  0.047907)
     C   16    Vzz=   -0.5307    axis=(  0.139379  0.316111  0.938428)
     C   16  Q=         1.0000 1e-30 m^2  Cq=        -1.2470 MHz  eta= 0.81302

     C   17    Vxx=    0.0469    axis=(  0.676980  0.405452 -0.614252)
     C   17    Vyy=    0.6830    axis=( -0.093891 -0.780186 -0.618461)
     C   17    Vzz=   -0.7300    axis=( -0.729988  0.476359 -0.490103)
     C   17  Q=         1.0000 1e-30 m^2  Cq=        -1.7151 MHz  eta= 0.87140

     Cl  18    Vxx=    0.0821    axis=(  0.480815  0.723463 -0.495396)
     Cl  18    Vyy=    1.1914    axis=( -0.784153  0.607592  0.126237)
     Cl  18    Vzz=   -1.2735    axis=(  0.392326  0.327770  0.859446)
     Cl  18  Q=        -8.1650 1e-30 m^2  Cq=        24.4310 MHz  eta= 0.87112

     H   19    Vxx=   -0.0543    axis=( -0.670540 -0.442131 -0.595732)
     H   19    Vyy=   -0.3093    axis=( -0.722861  0.570006  0.390596)
     H   19    Vzz=    0.3636    axis=(  0.166876  0.692541 -0.701811)
     H   19  Q=         1.0000 1e-30 m^2  Cq=         0.8544 MHz  eta= 0.70109

     C   20    Vxx=    0.0569    axis=(  0.934428  0.104524  0.340470)
     C   20    Vyy=    0.2443    axis=(  0.172101 -0.969462 -0.174713)
     C   20    Vzz=   -0.3012    axis=( -0.311811 -0.221852  0.923881)
     C   20  Q=         1.0000 1e-30 m^2  Cq=        -0.7076 MHz  eta= 0.62223

     H   21    Vxx=   -0.1315    axis=(  0.214856 -0.975232 -0.052527)
     H   21    Vyy=   -0.3383    axis=(  0.372991  0.131644 -0.918449)
     H   21    Vzz=    0.4698    axis=(  0.902615  0.177742  0.392037)
     H   21  Q=         1.0000 1e-30 m^2  Cq=         1.1037 MHz  eta= 0.44020

     C   22    Vxx=    0.0707    axis=( -0.177962  0.260922  0.948815)
     C   22    Vyy=    0.6364    axis=(  0.031581 -0.962195  0.270525)
     C   22    Vzz=   -0.7072    axis=(  0.983530  0.078107  0.162994)
     C   22  Q=         1.0000 1e-30 m^2  Cq=        -1.6616 MHz  eta= 0.79994

     C   23    Vxx=   -0.0941    axis=( -0.525904  0.437302  0.729515)
     C   23    Vyy=   -0.8709    axis=( -0.511031  0.523172 -0.682011)
     C   23    Vzz=    0.9650    axis=( -0.679906 -0.731477 -0.051664)
     C   23  Q=         1.0000 1e-30 m^2  Cq=         2.2673 MHz  eta= 0.80504

     Cl  24    Vxx=   -1.2586    axis=( -0.124356 -0.100338  0.987151)
     Cl  24    Vyy=   -1.5134    axis=( -0.523515  0.851767  0.020628)
     Cl  24    Vzz=    2.7720    axis=( -0.842893 -0.514223 -0.158451)
     Cl  24  Q=        -8.1650 1e-30 m^2  Cq=       -53.1795 MHz  eta= 0.09192

     Initialization:
     gipaw_setup  :      8.95s CPU     10.84s WALL (       1 calls)

     Linear response

     Apply operators

     Induced current

     Other routines
     efg          :      9.36s CPU     11.67s WALL (       1 calls)

     General routines
     calbec       :      3.28s CPU      4.32s WALL (      16 calls)
     fft          :      1.39s CPU      1.90s WALL (      15 calls)
     ffts         :      0.04s CPU      0.05s WALL (       2 calls)
     fftw         :      3.32s CPU      3.90s WALL (     672 calls)
     davcio       :      0.04s CPU      0.31s WALL (      32 calls)

     Parallel routines
     fft_scatter  :      2.13s CPU      3.13s WALL (     689 calls)

     Plugins

     GIPAW        :     61.46s CPU     73.95s WALL (       1 calls)
