
     Program QE v.6.0 (svn rev. 13079) starts on  3Jan2017 at 16:32:25 

     This program is part of the open-source Quantum ESPRESSO suite
     for quantum simulation of materials; please cite
         "P. Giannozzi et al., J. Phys.:Condens. Matter 21 395502 (2009);
          URL http://www.quantum-espresso.org", 
     in publications or presentations arising from this work. More details at
     http://www.quantum-espresso.org/quote

     Parallel version (MPI), running on     8 processors
     R & G space division:  proc/nbgrp/npool/nimage =       8

     ***** This is GIPAW svn revision unknown      *****

     Parallelizing q-star over 1 images

     Reading data from directory:
     /users/majewski/paradichlorobenzene/pbe/9_constraint/scratch/pbe.ecut100.np8.dt60.pcl2phi-129368.save
     Message from routine read_xml_file:
     file /users/majewski/paradichlorobenzene/pbe/9_constraint/scratch/pbe.ecut100.np8.dt60.pcl2phi-129368.save not guaranteed to be safe for post-processing

   Info: using nr1, nr2, nr3 values from input

   Info: using nr1, nr2, nr3 values from input

     IMPORTANT: XC functional enforced from input :
     Exchange-correlation      =  SLA  PW   PBX  PBC ( 1  4  3  4 0 0)
     Any further DFT definition will be discarded
     Please, verify this is what you really want

               file C.pbe-n-kjpaw_psl.1.0.0.UPF: wavefunction(s)  2S 2P renormalized
               file Cl.pbe-n-kjpaw_psl.1.0.0.UPF: wavefunction(s)  3S 3P renormalized
               file H.pbe-kjpaw_psl.1.0.0.UPF: wavefunction(s)  1S renormalized

     Parallelization info
     --------------------
     sticks:   dense  smooth     PW     G-vecs:    dense   smooth      PW
     Min        3057    1223    332               144436    36536    5170
     Max        3059    1225    333               144437    36537    5171
     Sum       24467    9791   2657              1155489   292295   41363


     Subspace diagonalization in iterative solution of the eigenvalue problem:
     a serial algorithm will be used

     GIPAW projectors -----------------------------------------------
     atom=  C    l=0  rc=    1.2000  rs=    0.8000
     atom=  C    l=0  rc=    1.2000  rs=    0.8000
     atom=  C    l=1  rc=    1.4000  rs=    0.9333
     atom=  C    l=1  rc=    1.4000  rs=    0.9333
     projs nearly linearly dependent: l=1  n1,n2= 1, 2  s=  0.99951561

     atom=  Cl   l=0  rc=    1.6000  rs=    1.0667
     atom=  Cl   l=0  rc=    1.6000  rs=    1.0667
     atom=  Cl   l=1  rc=    1.6000  rs=    1.0667
     atom=  Cl   l=1  rc=    1.6000  rs=    1.0667
     atom=  Cl   l=2  rc=    1.6000  rs=    1.0667
     atom=  Cl   l=2  rc=    1.6000  rs=    1.0667
     projs nearly linearly dependent: l=2  n1,n2= 1, 2  s=  0.99993509

     atom=  H    l=0  rc=    1.0000  rs=    0.6667
     atom=  H    l=0  rc=    1.0000  rs=    0.6667
     projs nearly linearly dependent: l=0  n1,n2= 1, 2  s=  0.99968852
     -----------------------------------------------------------------

     GIPAW integrals: -------------------------------------------
     Atom  i/j   nmr_para   nmr_dia   epr_rmc  epr_para   epr_dia
       C   1 1   0.83E+03  0.17E-01  0.93E+01  0.24E+08  0.24E+03
       C   2 1   0.86E+03 -0.61E-01  0.94E+01  0.25E+08  0.25E+03
       C   2 2   0.90E+03 -0.15E+00  0.97E+01  0.26E+08  0.26E+03
       C   3 3   0.33E+01  0.34E+00  0.18E+01  0.55E+03  0.21E+02
       C   4 3   0.35E+01  0.37E+00  0.20E+01  0.59E+03  0.22E+02
       C   4 4   0.38E+01  0.39E+00  0.22E+01  0.63E+03  0.24E+02
       Cl  1 1   0.14E+04 -0.47E+00  0.84E+01  0.32E+09  0.42E+03
       Cl  2 1   0.21E+04 -0.37E+00  0.12E+02  0.49E+09  0.65E+03
       Cl  2 2   0.33E+04 -0.16E+00  0.21E+02  0.76E+09  0.10E+04
       Cl  3 3   0.21E+02  0.79E-01  0.89E+01  0.23E+05  0.13E+03
       Cl  4 3   0.24E+02  0.67E-01  0.99E+01  0.27E+05  0.15E+03
       Cl  4 4   0.28E+02  0.44E-01  0.11E+02  0.32E+05  0.18E+03
       Cl  5 5   0.77E+00  0.19E+00  0.18E+01  0.12E+03  0.22E+02
       Cl  6 5   0.80E+00  0.19E+00  0.19E+01  0.12E+03  0.23E+02
       Cl  6 6   0.83E+00  0.20E+00  0.19E+01  0.12E+03  0.23E+02
       H   1 1   0.39E+02  0.19E+00  0.29E+00  0.78E+05  0.13E+02
       H   2 1   0.41E+02  0.21E+00  0.32E+00  0.82E+05  0.14E+02
       H   2 2   0.43E+02  0.22E+00  0.36E+00  0.86E+05  0.15E+02
     ------------------------------------------------------------

     alpha_pv=     33.8047 eV

     Number of occupied bands for each k-point:
     k-point:     1    nbnd_occ=  42
     k-point:     2    nbnd_occ=  42
     k-point:     3    nbnd_occ=  42
     k-point:     4    nbnd_occ=  42
     k-point:     5    nbnd_occ=  42
     k-point:     6    nbnd_occ=  42
     k-point:     7    nbnd_occ=  42
     k-point:     8    nbnd_occ=  42
     k-point:     9    nbnd_occ=  42
     k-point:    10    nbnd_occ=  42
     k-point:    11    nbnd_occ=  42
     k-point:    12    nbnd_occ=  42
     k-point:    13    nbnd_occ=  42
     k-point:    14    nbnd_occ=  42
     k-point:    15    nbnd_occ=  42
     k-point:    16    nbnd_occ=  42


     q-space interpolation up to   110.00 Rydberg

     GIPAW job: efg                                                                             


     ELECTRIC FIELD GRADIENTS TENSORS IN Hartree/bohrradius^2:

     ----- bare term -----
     Cl   1       -0.035671       -0.000635       -0.007095
     Cl   1       -0.000635        0.173526        0.057868
     Cl   1       -0.007095        0.057868       -0.137855

     C    2       -0.761889        0.312739       -0.286144
     C    2        0.312739        0.271873       -0.061014
     C    2       -0.286144       -0.061014        0.490016

     C    3        0.156934        0.387399        0.020403
     C    3        0.387399       -0.551887       -0.481796
     C    3        0.020403       -0.481796        0.394953

     H    4       -0.361519       -0.107269       -0.576041
     H    4       -0.107269        0.086585       -0.261879
     H    4       -0.576041       -0.261879        0.274934

     C    5       -0.856670        0.247221       -0.382373
     C    5        0.247221        0.346279       -0.088974
     C    5       -0.382373       -0.088974        0.510391

     H    6        0.429703       -0.051257       -0.136204
     H    6       -0.051257       -0.594275       -0.606890
     H    6       -0.136204       -0.606890        0.164573

     H    7        0.406486        0.131526       -0.004966
     H    7        0.131526       -0.638215       -0.243197
     H    7       -0.004966       -0.243197        0.231729

     C    8       -0.063305        0.152868       -0.169900
     C    8        0.152868       -0.098960       -0.013832
     C    8       -0.169900       -0.013832        0.162265

     H    9       -0.243201        0.361419        0.195617
     H    9        0.361419        0.062550       -0.168863
     H    9        0.195617       -0.168863        0.180651

     C   10       -0.016719       -0.160442        0.200870
     C   10       -0.160442       -0.084840       -0.111375
     C   10        0.200870       -0.111375        0.101560

     C   11       -0.079347        0.201455       -0.266852
     C   11        0.201455       -0.037101        0.481943
     C   11       -0.266852        0.481943        0.116448

     Cl  12        0.084937       -0.197512        0.017762
     Cl  12       -0.197512        0.077698       -0.264095
     Cl  12        0.017762       -0.264095       -0.162634

     H   13        0.415956       -0.132160       -0.069081
     H   13       -0.132160       -0.400157       -0.559611
     H   13       -0.069081       -0.559611       -0.015799

     C   14        0.197030        0.143604       -0.096519
     C   14        0.143604       -0.424750       -0.434866
     C   14       -0.096519       -0.434866        0.227719

     H   15        0.009063       -0.312156       -0.439430
     H   15       -0.312156        0.051472       -0.459893
     H   15       -0.439430       -0.459893       -0.060536

     C   16       -0.629164        0.316533       -0.308731
     C   16        0.316533        0.287553       -0.130605
     C   16       -0.308731       -0.130605        0.341611

     C   17        0.248935        0.142276       -0.094031
     C   17        0.142276       -0.546018       -0.364018
     C   17       -0.094031       -0.364018        0.297082

     Cl  18       -0.130988        0.194559        0.009305
     Cl  18        0.194559       -0.012723        0.028396
     Cl  18        0.009305        0.028396        0.143710

     H   19        0.526853       -0.006913       -0.112184
     H   19       -0.006913       -0.136906        0.304724
     H   19       -0.112184        0.304724       -0.389947

     C   20       -0.575535       -0.323948       -0.089522
     C   20       -0.323948        0.202895        0.381659
     C   20       -0.089522        0.381659        0.372639

     H   21       -0.730302        0.145245       -0.137934
     H   21        0.145245        0.412039        0.151131
     H   21       -0.137934        0.151131        0.318263

     C   22       -0.058921        0.164910       -0.275357
     C   22        0.164910       -0.143491        0.654225
     C   22       -0.275357        0.654225        0.202412

     C   23       -0.348420       -0.325042       -0.121117
     C   23       -0.325042       -0.100900        0.466658
     C   23       -0.121117        0.466658        0.449320

     Cl  24        0.001670        0.138716       -0.027339
     Cl  24        0.138716        0.124132        0.000808
     Cl  24       -0.027339        0.000808       -0.125801

     ----- ionic term -----
     Cl   1        0.170519       -0.200239        0.059749
     Cl   1       -0.200239       -0.017761       -0.024978
     Cl   1        0.059749       -0.024978       -0.152758

     C    2        0.143529       -0.152828        0.306582
     C    2       -0.152828        0.126396        0.379911
     C    2        0.306582        0.379911       -0.269924

     C    3        0.088348       -0.271658        0.240041
     C    3       -0.271658        0.193990        0.370650
     C    3        0.240041        0.370650       -0.282338

     H    4        0.441219        0.240704        0.745937
     H    4        0.240704       -0.415375        0.257134
     H    4        0.745937        0.257134       -0.025844

     C    5        0.257937       -0.163531        0.348997
     C    5       -0.163531        0.035422        0.294659
     C    5        0.348997        0.294659       -0.293359

     H    6       -0.500086        0.119812        0.092560
     H    6        0.119812        0.572161        0.730447
     H    6        0.092560        0.730447       -0.072075

     H    7       -0.510237       -0.112516        0.036732
     H    7       -0.112516        0.825848       -0.591806
     H    7        0.036732       -0.591806       -0.315611

     C    8        0.375963        0.120913        0.119801
     C    8        0.120913        0.132997       -0.277593
     C    8        0.119801       -0.277593       -0.508960

     H    9        0.970718       -0.365776        0.268276
     H    9       -0.365776       -0.390236       -0.126982
     H    9        0.268276       -0.126982       -0.580482

     C   10        0.289168        0.181380        0.064248
     C   10        0.181380        0.231208       -0.316836
     C   10        0.064248       -0.316836       -0.520376

     C   11        0.274977        0.032347        0.202498
     C   11        0.032347        0.180984       -0.382523
     C   11        0.202498       -0.382523       -0.455961

     Cl  12        0.140370        0.169063       -0.017670
     Cl  12        0.169063        0.003497       -0.027947
     Cl  12       -0.017670       -0.027947       -0.143868

     H   13       -0.536549        0.067083        0.038499
     H   13        0.067083        0.746207        0.650194
     H   13        0.038499        0.650194       -0.209658

     C   14        0.190952       -0.172577        0.259539
     C   14       -0.172577        0.134609        0.289366
     C   14        0.259539        0.289366       -0.325561

     H   15        0.616946        0.386817        0.612459
     H   15        0.386817       -0.382701        0.254635
     H   15        0.612459        0.254635       -0.234245

     C   16        0.132065       -0.210153        0.188802
     C   16       -0.210153        0.222418        0.359565
     C   16        0.188802        0.359565       -0.354483

     C   17        0.216092       -0.158362        0.289285
     C   17       -0.158362        0.094248        0.393772
     C   17        0.289285        0.393772       -0.310340

     Cl  18        0.139164       -0.197115       -0.013177
     Cl  18       -0.197115        0.004218        0.007018
     Cl  18       -0.013177        0.007018       -0.143382

     H   19       -0.505980       -0.023109        0.021930
     H   19       -0.023109        0.538121       -0.764767
     H   19        0.021930       -0.764767       -0.032141

     C   20        0.411903        0.122508        0.199500
     C   20        0.122508        0.003175       -0.332762
     C   20        0.199500       -0.332762       -0.415078

     H   21        0.737604       -0.477040        0.424299
     H   21       -0.477040       -0.325329       -0.218820
     H   21        0.424299       -0.218820       -0.412276

     C   22        0.250076        0.158419        0.103454
     C   22        0.158419        0.181311       -0.369418
     C   22        0.103454       -0.369418       -0.431387

     C   23        0.236732        0.070997        0.120860
     C   23        0.070997        0.192714       -0.385485
     C   23        0.120860       -0.385485       -0.429446

     Cl  24        0.114438        0.209095       -0.020200
     Cl  24        0.209095        0.006584       -0.016422
     Cl  24       -0.020200       -0.016422       -0.121022

     ----- GIPAW term -----
     Cl   1        0.430327       -1.773381       -0.041317
     Cl   1       -1.773381        2.096792        0.541526
     Cl   1       -0.041317        0.541526       -2.527119

     C    2       -0.124949        0.051982        0.063188
     C    2        0.051982        0.048894        0.157728
     C    2        0.063188        0.157728        0.076055

     C    3       -0.065759        0.098897        0.080123
     C    3        0.098897        0.011863        0.153086
     C    3        0.080123        0.153086        0.053896

     H    4       -0.000000        0.000000        0.000000
     H    4        0.000000        0.000000        0.000000
     H    4        0.000000        0.000000        0.000000

     C    5       -0.134946        0.065204        0.059911
     C    5        0.065204        0.023173        0.113613
     C    5        0.059911        0.113613        0.111773

     H    6       -0.000000        0.000000        0.000000
     H    6        0.000000        0.000000        0.000000
     H    6        0.000000        0.000000        0.000000

     H    7       -0.000000        0.000000        0.000000
     H    7        0.000000        0.000000        0.000000
     H    7        0.000000        0.000000        0.000000

     C    8       -0.006997        0.022666        0.006056
     C    8        0.022666       -0.006390        0.021607
     C    8        0.006056        0.021607        0.013388

     H    9       -0.000000        0.000000        0.000000
     H    9        0.000000        0.000000        0.000000
     H    9        0.000000        0.000000        0.000000

     C   10        0.012783        0.009068        0.028625
     C   10        0.009068        0.009277       -0.026519
     C   10        0.028625       -0.026519       -0.022060

     C   11       -0.045072        0.077844       -0.013457
     C   11        0.077844        0.018746        0.140918
     C   11       -0.013457        0.140918        0.026326

     Cl  12       -0.563863        0.321988       -0.295147
     Cl  12        0.321988       -0.440901        0.985746
     Cl  12       -0.295147        0.985746        1.004765

     H   13       -0.000000        0.000000        0.000000
     H   13        0.000000        0.000000        0.000000
     H   13        0.000000        0.000000        0.000000

     C   14       -0.040186        0.029580        0.007513
     C   14        0.029580        0.016858        0.088501
     C   14        0.007513        0.088501        0.023328

     H   15       -0.000000        0.000000        0.000000
     H   15        0.000000        0.000000        0.000000
     H   15        0.000000        0.000000        0.000000

     C   16       -0.127432        0.046137        0.006761
     C   16        0.046137        0.046835        0.076882
     C   16        0.006761        0.076882        0.080597

     C   17       -0.023607       -0.013094        0.031638
     C   17       -0.013094       -0.043368        0.121488
     C   17        0.031638        0.121488        0.066974

     Cl  18       -0.758722       -0.284800        0.782285
     Cl  18       -0.284800        0.189157        2.132590
     Cl  18        0.782285        2.132590        0.569565

     H   19       -0.000000        0.000000        0.000000
     H   19        0.000000        0.000000        0.000000
     H   19        0.000000        0.000000        0.000000

     C   20       -0.157434        0.059511        0.067212
     C   20        0.059511        0.156408        0.183842
     C   20        0.067212        0.183842        0.001026

     H   21       -0.000000        0.000000        0.000000
     H   21        0.000000        0.000000        0.000000
     H   21        0.000000        0.000000        0.000000

     C   22        0.003466        0.193184        0.018240
     C   22        0.193184        0.020341        0.183037
     C   22        0.018240        0.183037       -0.023806

     C   23       -0.055399        0.135566        0.072956
     C   23        0.135566        0.050084        0.195104
     C   23        0.072956        0.195104        0.005315

     Cl  24        0.910941        3.256647       -0.136125
     Cl  24        3.256647        1.578835        0.074738
     Cl  24       -0.136125        0.074738       -2.489776

     ----- total EFG -----
     Cl   1        0.565175       -1.974255        0.011337
     Cl   1       -1.974255        2.252557        0.574416
     Cl   1        0.011337        0.574416       -2.817732

     C    2       -0.743309        0.211893        0.083625
     C    2        0.211893        0.447163        0.476626
     C    2        0.083625        0.476626        0.296146

     C    3        0.179524        0.214638        0.340567
     C    3        0.214638       -0.346035        0.041940
     C    3        0.340567        0.041940        0.166512

     H    4        0.079700        0.133435        0.169896
     H    4        0.133435       -0.328790       -0.004745
     H    4        0.169896       -0.004745        0.249090

     C    5       -0.733678        0.148894        0.026536
     C    5        0.148894        0.404873        0.319297
     C    5        0.026536        0.319297        0.328805

     H    6       -0.070383        0.068554       -0.043644
     H    6        0.068554       -0.022114        0.123556
     H    6       -0.043644        0.123556        0.092498

     H    7       -0.103751        0.019011        0.031766
     H    7        0.019011        0.187634       -0.835004
     H    7        0.031766       -0.835004       -0.083882

     C    8        0.305661        0.296446       -0.044044
     C    8        0.296446        0.027647       -0.269818
     C    8       -0.044044       -0.269818       -0.333307

     H    9        0.727517       -0.004356        0.463892
     H    9       -0.004356       -0.327686       -0.295845
     H    9        0.463892       -0.295845       -0.399831

     C   10        0.285232        0.030006        0.293742
     C   10        0.030006        0.155645       -0.454730
     C   10        0.293742       -0.454730       -0.440877

     C   11        0.150558        0.311646       -0.077811
     C   11        0.311646        0.162630        0.240337
     C   11       -0.077811        0.240337       -0.313187

     Cl  12       -0.338556        0.293538       -0.295055
     Cl  12        0.293538       -0.359707        0.693705
     Cl  12       -0.295055        0.693705        0.698263

     H   13       -0.120593       -0.065077       -0.030582
     H   13       -0.065077        0.346050        0.090583
     H   13       -0.030582        0.090583       -0.225457

     C   14        0.347797        0.000607        0.170533
     C   14        0.000607       -0.273283       -0.057000
     C   14        0.170533       -0.057000       -0.074514

     H   15        0.626009        0.074661        0.173029
     H   15        0.074661       -0.331228       -0.205258
     H   15        0.173029       -0.205258       -0.294781

     C   16       -0.624531        0.152518       -0.113168
     C   16        0.152518        0.556806        0.305842
     C   16       -0.113168        0.305842        0.067725

     C   17        0.441421       -0.029180        0.226892
     C   17       -0.029180       -0.495137        0.151243
     C   17        0.226892        0.151243        0.053716

     Cl  18       -0.750546       -0.287356        0.778414
     Cl  18       -0.287356        0.180653        2.168003
     Cl  18        0.778414        2.168003        0.569893

     H   19        0.020872       -0.030022       -0.090254
     H   19       -0.030022        0.401215       -0.460042
     H   19       -0.090254       -0.460042       -0.422087

     C   20       -0.321065       -0.141928        0.177190
     C   20       -0.141928        0.362478        0.232739
     C   20        0.177190        0.232739       -0.041413

     H   21        0.007302       -0.331794        0.286365
     H   21       -0.331794        0.086710       -0.067689
     H   21        0.286365       -0.067689       -0.094013

     C   22        0.194621        0.516513       -0.153663
     C   22        0.516513        0.058160        0.467844
     C   22       -0.153663        0.467844       -0.252781

     C   23       -0.167087       -0.118479        0.072699
     C   23       -0.118479        0.141897        0.276277
     C   23        0.072699        0.276277        0.025189

     Cl  24        1.027048        3.604458       -0.183665
     Cl  24        3.604458        1.709550        0.059124
     Cl  24       -0.183665        0.059124       -2.736599

     ----- total EFG (symmetrized) -----
     Cl   1        0.565175       -1.974255        0.011337
     Cl   1       -1.974255        2.252557        0.574416
     Cl   1        0.011337        0.574416       -2.817732

     C    2       -0.743309        0.211893        0.083625
     C    2        0.211893        0.447163        0.476626
     C    2        0.083625        0.476626        0.296146

     C    3        0.179524        0.214638        0.340567
     C    3        0.214638       -0.346035        0.041940
     C    3        0.340567        0.041940        0.166512

     H    4        0.079700        0.133435        0.169896
     H    4        0.133435       -0.328790       -0.004745
     H    4        0.169896       -0.004745        0.249090

     C    5       -0.733678        0.148894        0.026536
     C    5        0.148894        0.404873        0.319297
     C    5        0.026536        0.319297        0.328805

     H    6       -0.070383        0.068554       -0.043644
     H    6        0.068554       -0.022114        0.123556
     H    6       -0.043644        0.123556        0.092498

     H    7       -0.103751        0.019011        0.031766
     H    7        0.019011        0.187634       -0.835004
     H    7        0.031766       -0.835004       -0.083882

     C    8        0.305661        0.296446       -0.044044
     C    8        0.296446        0.027647       -0.269818
     C    8       -0.044044       -0.269818       -0.333307

     H    9        0.727517       -0.004356        0.463892
     H    9       -0.004356       -0.327686       -0.295845
     H    9        0.463892       -0.295845       -0.399831

     C   10        0.285232        0.030006        0.293742
     C   10        0.030006        0.155645       -0.454730
     C   10        0.293742       -0.454730       -0.440877

     C   11        0.150558        0.311646       -0.077811
     C   11        0.311646        0.162630        0.240337
     C   11       -0.077811        0.240337       -0.313187

     Cl  12       -0.338556        0.293538       -0.295055
     Cl  12        0.293538       -0.359707        0.693705
     Cl  12       -0.295055        0.693705        0.698263

     H   13       -0.120593       -0.065077       -0.030582
     H   13       -0.065077        0.346050        0.090583
     H   13       -0.030582        0.090583       -0.225457

     C   14        0.347797        0.000607        0.170533
     C   14        0.000607       -0.273283       -0.057000
     C   14        0.170533       -0.057000       -0.074514

     H   15        0.626009        0.074661        0.173029
     H   15        0.074661       -0.331228       -0.205258
     H   15        0.173029       -0.205258       -0.294781

     C   16       -0.624531        0.152518       -0.113168
     C   16        0.152518        0.556806        0.305842
     C   16       -0.113168        0.305842        0.067725

     C   17        0.441421       -0.029180        0.226892
     C   17       -0.029180       -0.495137        0.151243
     C   17        0.226892        0.151243        0.053716

     Cl  18       -0.750546       -0.287356        0.778414
     Cl  18       -0.287356        0.180653        2.168003
     Cl  18        0.778414        2.168003        0.569893

     H   19        0.020872       -0.030022       -0.090254
     H   19       -0.030022        0.401215       -0.460042
     H   19       -0.090254       -0.460042       -0.422087

     C   20       -0.321065       -0.141928        0.177190
     C   20       -0.141928        0.362478        0.232739
     C   20        0.177190        0.232739       -0.041413

     H   21        0.007302       -0.331794        0.286365
     H   21       -0.331794        0.086710       -0.067689
     H   21        0.286365       -0.067689       -0.094013

     C   22        0.194621        0.516513       -0.153663
     C   22        0.516513        0.058160        0.467844
     C   22       -0.153663        0.467844       -0.252781

     C   23       -0.167087       -0.118479        0.072699
     C   23       -0.118479        0.141897        0.276277
     C   23        0.072699        0.276277        0.025189

     Cl  24        1.027048        3.604458       -0.183665
     Cl  24        3.604458        1.709550        0.059124
     Cl  24       -0.183665        0.059124       -2.736599


     NQR/NMR SPECTROSCOPIC PARAMETERS:
     Cl   1    Vxx=   -0.6894    axis=(  0.834353  0.531055  0.147771)
     Cl   1    Vyy=   -2.9015    axis=( -0.084188 -0.142166  0.986256)
     Cl   1    Vzz=    3.5909    axis=(  0.544764 -0.835326 -0.073908)
     Cl   1  Q=        -8.1650 1e-30 m^2  Cq=       -68.8897 MHz  eta= 0.61603

     C    2    Vxx=   -0.1030    axis=( -0.106811 -0.627249  0.771459)
     C    2    Vyy=   -0.7799    axis=( -0.985510  0.169613  0.001460)
     C    2    Vzz=    0.8829    axis=( -0.131766 -0.760125 -0.636277)
     C    2  Q=         1.0000 1e-30 m^2  Cq=         2.0744 MHz  eta= 0.76676

     C    3    Vxx=   -0.1163    axis=( -0.559638 -0.389371  0.731571)
     C    3    Vyy=   -0.4353    axis=( -0.406281  0.898300  0.167314)
     C    3    Vzz=    0.5516    axis=( -0.722317 -0.203588 -0.660916)
     C    3  Q=         1.0000 1e-30 m^2  Cq=         1.2961 MHz  eta= 0.57821

     H    4    Vxx=    0.0125    axis=( -0.774992 -0.310626  0.550363)
     H    4    Vyy=    0.3609    axis=(  0.548982  0.100501  0.829770)
     H    4    Vzz=   -0.3734    axis=(  0.313060 -0.945204 -0.092641)
     H    4  Q=         1.0000 1e-30 m^2  Cq=        -0.8775 MHz  eta= 0.93290

     C    5    Vxx=    0.0530    axis=( -0.096742 -0.646048  0.757141)
     C    5    Vyy=    0.7001    axis=(  0.090171  0.751892  0.653091)
     C    5    Vzz=   -0.7530    axis=( -0.991217  0.131453 -0.014485)
     C    5  Q=         1.0000 1e-30 m^2  Cq=        -1.7693 MHz  eta= 0.85933

     H    6    Vxx=   -0.0030    axis=(  0.769790  0.537724 -0.343914)
     H    6    Vyy=   -0.1684    axis=( -0.638298  0.648918 -0.414104)
     H    6    Vzz=    0.1714    axis=(  0.000499  0.538292  0.842758)
     H    6  Q=         1.0000 1e-30 m^2  Cq=         0.4027 MHz  eta= 0.96502

     H    7    Vxx=   -0.1019    axis=( -0.998593 -0.038768 -0.036176)
     H    7    Vyy=   -0.7960    axis=( -0.052674  0.646846  0.760799)
     H    7    Vzz=    0.8979    axis=(  0.006095 -0.761634  0.647978)
     H    7  Q=         1.0000 1e-30 m^2  Cq=         2.1097 MHz  eta= 0.77310

     C    8    Vxx=   -0.0426    axis=( -0.598962  0.630175 -0.494089)
     C    8    Vyy=   -0.4924    axis=( -0.146778  0.520161  0.841361)
     C    8    Vzz=    0.5350    axis=(  0.787211  0.576465 -0.219061)
     C    8  Q=         1.0000 1e-30 m^2  Cq=         1.2570 MHz  eta= 0.84088

     H    9    Vxx=   -0.1525    axis=(  0.264619  0.828085 -0.494219)
     H    9    Vyy=   -0.7505    axis=( -0.247879  0.553675  0.794984)
     H    9    Vzz=    0.9030    axis=(  0.931951 -0.087861  0.351778)
     H    9  Q=         1.0000 1e-30 m^2  Cq=         2.1218 MHz  eta= 0.66222

     C   10    Vxx=    0.2674    axis=(  0.745842  0.656601 -0.112224)
     C   10    Vyy=    0.4910    axis=( -0.615271  0.614498 -0.493795)
     C   10    Vzz=   -0.7585    axis=( -0.255265  0.437341  0.862306)
     C   10  Q=         1.0000 1e-30 m^2  Cq=        -1.7821 MHz  eta= 0.29476

     C   11    Vxx=   -0.0060    axis=( -0.683643  0.480609  0.549225)
     C   11    Vyy=   -0.4813    axis=(  0.331085 -0.466421  0.820265)
     C   11    Vzz=    0.4873    axis=( -0.650396 -0.742608 -0.159743)
     C   11  Q=         1.0000 1e-30 m^2  Cq=         1.1449 MHz  eta= 0.97529

     Cl  12    Vxx=   -0.0979    axis=(  0.834020  0.530144 -0.152834)
     Cl  12    Vyy=   -0.9576    axis=( -0.542183  0.736192 -0.405041)
     Cl  12    Vzz=    1.0555    axis=( -0.102215  0.420677  0.901434)
     Cl  12  Q=        -8.1650 1e-30 m^2  Cq=       -20.2484 MHz  eta= 0.81449

     H   13    Vxx=   -0.1267    axis=(  0.974779  0.163319 -0.152094)
     H   13    Vyy=   -0.2431    axis=(  0.174200 -0.130826  0.975981)
     H   13    Vzz=    0.3698    axis=(  0.139498 -0.977861 -0.155977)
     H   13  Q=         1.0000 1e-30 m^2  Cq=         0.8688 MHz  eta= 0.31460

     C   14    Vxx=   -0.1163    axis=( -0.325941 -0.323796  0.888211)
     C   14    Vyy=   -0.2922    axis=( -0.084495  0.945735  0.313759)
     C   14    Vzz=    0.4086    axis=( -0.941607  0.027217 -0.335613)
     C   14  Q=         1.0000 1e-30 m^2  Cq=         0.9600 MHz  eta= 0.43061

     H   15    Vxx=   -0.1143    axis=(  0.094473  0.701145 -0.706732)
     H   15    Vyy=   -0.5446    axis=( -0.146907  0.711954  0.686688)
     H   15    Vzz=    0.6589    axis=( -0.984629 -0.038951 -0.170263)
     H   15  Q=         1.0000 1e-30 m^2  Cq=         1.5481 MHz  eta= 0.65312

     C   16    Vxx=   -0.0324    axis=( -0.268486 -0.388107  0.881639)
     C   16    Vyy=   -0.6774    axis=( -0.960886  0.172440 -0.216709)
     C   16    Vzz=    0.7099    axis=( -0.067924 -0.905338 -0.419225)
     C   16  Q=         1.0000 1e-30 m^2  Cq=         1.6679 MHz  eta= 0.90858

     C   17    Vxx=   -0.0054    axis=( -0.418044  0.290703  0.860657)
     C   17    Vyy=   -0.5419    axis=(  0.092517  0.956113 -0.278008)
     C   17    Vzz=    0.5473    axis=( -0.903703 -0.036594 -0.426593)
     C   17  Q=         1.0000 1e-30 m^2  Cq=         1.2860 MHz  eta= 0.98025

     Cl  18    Vxx=   -0.4090    axis=(  0.878098 -0.419332  0.230444)
     Cl  18    Vyy=   -2.1879    axis=(  0.463899  0.628109 -0.624722)
     Cl  18    Vzz=    2.5969    axis=(  0.117222  0.655470  0.746069)
     Cl  18  Q=        -8.1650 1e-30 m^2  Cq=       -49.8208 MHz  eta= 0.68498

     H   19    Vxx=    0.0342    axis=(  0.989802 -0.072638 -0.122535)
     H   19    Vyy=    0.6070    axis=( -0.016286 -0.912283  0.409236)
     H   19    Vzz=   -0.6413    axis=( -0.141513 -0.403067 -0.904163)
     H   19  Q=         1.0000 1e-30 m^2  Cq=        -1.5068 MHz  eta= 0.89319

     C   20    Vxx=    0.0002    axis=(  0.556212 -0.283859  0.781058)
     C   20    Vyy=    0.4730    axis=( -0.077352  0.918092  0.388746)
     C   20    Vzz=   -0.4732    axis=( -0.827433 -0.276642  0.488697)
     C   20  Q=         1.0000 1e-30 m^2  Cq=        -1.1118 MHz  eta= 0.99922

     H   21    Vxx=   -0.0807    axis=(  0.191685  0.669907  0.717274)
     H   21    Vyy=   -0.4069    axis=(  0.716663  0.403784 -0.568641)
     H   21    Vzz=    0.4876    axis=(  0.670560 -0.623044  0.402698)
     H   21  Q=         1.0000 1e-30 m^2  Cq=         1.1456 MHz  eta= 0.66895

     C   22    Vxx=    0.0971    axis=(  0.620217 -0.328921 -0.712139)
     C   22    Vyy=    0.6963    axis=( -0.658248 -0.712017 -0.244418)
     C   22    Vzz=   -0.7934    axis=( -0.426661  0.620356 -0.658117)
     C   22  Q=         1.0000 1e-30 m^2  Cq=        -1.8642 MHz  eta= 0.75514

     C   23    Vxx=   -0.0537    axis=(  0.739529 -0.357536  0.570320)
     C   23    Vyy=   -0.3164    axis=( -0.666972 -0.503512  0.549203)
     C   23    Vzz=    0.3701    axis=( -0.090803  0.786539  0.610828)
     C   23  Q=         1.0000 1e-30 m^2  Cq=         0.8697 MHz  eta= 0.70961

     Cl  24    Vxx=   -2.1954    axis=( -0.701359  0.642727  0.308216)
     Cl  24    Vyy=   -2.7943    axis=(  0.234564 -0.200209  0.951260)
     Cl  24    Vzz=    4.9897    axis=( -0.673108 -0.739472  0.010342)
     Cl  24  Q=        -8.1650 1e-30 m^2  Cq=       -95.7249 MHz  eta= 0.12004

     Initialization:
     gipaw_setup  :      8.97s CPU     10.63s WALL (       1 calls)

     Linear response

     Apply operators

     Induced current

     Other routines
     efg          :      9.54s CPU     11.74s WALL (       1 calls)

     General routines
     calbec       :      3.40s CPU      4.53s WALL (      16 calls)
     fft          :      1.96s CPU      3.73s WALL (      15 calls)
     ffts         :      0.04s CPU      0.04s WALL (       2 calls)
     fftw         :      3.32s CPU      3.91s WALL (     672 calls)
     davcio       :      0.02s CPU      0.33s WALL (      32 calls)

     Parallel routines
     fft_scatter  :      2.54s CPU      4.70s WALL (     689 calls)

     Plugins

     GIPAW        :     61.18s CPU     73.79s WALL (       1 calls)
