
     Program QE v.6.0 (svn rev. 13079) starts on 17Dec2016 at  7:10:49 

     This program is part of the open-source Quantum ESPRESSO suite
     for quantum simulation of materials; please cite
         "P. Giannozzi et al., J. Phys.:Condens. Matter 21 395502 (2009);
          URL http://www.quantum-espresso.org", 
     in publications or presentations arising from this work. More details at
     http://www.quantum-espresso.org/quote

     Parallel version (MPI), running on     8 processors
     R & G space division:  proc/nbgrp/npool/nimage =       8

     ***** This is GIPAW svn revision unknown      *****

     Parallelizing q-star over 1 images

     Reading data from directory:
     /users/majewski/paradichlorobenzene/pbe/9_constraint/scratch/pbe.ecut100.np8.dt60.pcl2phi-129368.save
     Message from routine read_xml_file:
     file /users/majewski/paradichlorobenzene/pbe/9_constraint/scratch/pbe.ecut100.np8.dt60.pcl2phi-129368.save not guaranteed to be safe for post-processing

   Info: using nr1, nr2, nr3 values from input

   Info: using nr1, nr2, nr3 values from input

     IMPORTANT: XC functional enforced from input :
     Exchange-correlation      =  SLA  PW   PBX  PBC ( 1  4  3  4 0 0)
     Any further DFT definition will be discarded
     Please, verify this is what you really want

               file C.pbe-n-kjpaw_psl.1.0.0.UPF: wavefunction(s)  2S 2P renormalized
               file Cl.pbe-n-kjpaw_psl.1.0.0.UPF: wavefunction(s)  3S 3P renormalized
               file H.pbe-kjpaw_psl.1.0.0.UPF: wavefunction(s)  1S renormalized

     Parallelization info
     --------------------
     sticks:   dense  smooth     PW     G-vecs:    dense   smooth      PW
     Min        3057    1223    332               144436    36536    5170
     Max        3059    1225    333               144437    36537    5171
     Sum       24467    9791   2657              1155489   292295   41363


     Subspace diagonalization in iterative solution of the eigenvalue problem:
     a serial algorithm will be used

     GIPAW projectors -----------------------------------------------
     atom=  C    l=0  rc=    1.2000  rs=    0.8000
     atom=  C    l=0  rc=    1.2000  rs=    0.8000
     atom=  C    l=1  rc=    1.4000  rs=    0.9333
     atom=  C    l=1  rc=    1.4000  rs=    0.9333
     projs nearly linearly dependent: l=1  n1,n2= 1, 2  s=  0.99951561

     atom=  Cl   l=0  rc=    1.6000  rs=    1.0667
     atom=  Cl   l=0  rc=    1.6000  rs=    1.0667
     atom=  Cl   l=1  rc=    1.6000  rs=    1.0667
     atom=  Cl   l=1  rc=    1.6000  rs=    1.0667
     atom=  Cl   l=2  rc=    1.6000  rs=    1.0667
     atom=  Cl   l=2  rc=    1.6000  rs=    1.0667
     projs nearly linearly dependent: l=2  n1,n2= 1, 2  s=  0.99993509

     atom=  H    l=0  rc=    1.0000  rs=    0.6667
     atom=  H    l=0  rc=    1.0000  rs=    0.6667
     projs nearly linearly dependent: l=0  n1,n2= 1, 2  s=  0.99968852
     -----------------------------------------------------------------

     GIPAW integrals: -------------------------------------------
     Atom  i/j   nmr_para   nmr_dia   epr_rmc  epr_para   epr_dia
       C   1 1   0.83E+03  0.17E-01  0.93E+01  0.24E+08  0.24E+03
       C   2 1   0.86E+03 -0.61E-01  0.94E+01  0.25E+08  0.25E+03
       C   2 2   0.90E+03 -0.15E+00  0.97E+01  0.26E+08  0.26E+03
       C   3 3   0.33E+01  0.34E+00  0.18E+01  0.55E+03  0.21E+02
       C   4 3   0.35E+01  0.37E+00  0.20E+01  0.59E+03  0.22E+02
       C   4 4   0.38E+01  0.39E+00  0.22E+01  0.63E+03  0.24E+02
       Cl  1 1   0.14E+04 -0.47E+00  0.84E+01  0.32E+09  0.42E+03
       Cl  2 1   0.21E+04 -0.37E+00  0.12E+02  0.49E+09  0.65E+03
       Cl  2 2   0.33E+04 -0.16E+00  0.21E+02  0.76E+09  0.10E+04
       Cl  3 3   0.21E+02  0.79E-01  0.89E+01  0.23E+05  0.13E+03
       Cl  4 3   0.24E+02  0.67E-01  0.99E+01  0.27E+05  0.15E+03
       Cl  4 4   0.28E+02  0.44E-01  0.11E+02  0.32E+05  0.18E+03
       Cl  5 5   0.77E+00  0.19E+00  0.18E+01  0.12E+03  0.22E+02
       Cl  6 5   0.80E+00  0.19E+00  0.19E+01  0.12E+03  0.23E+02
       Cl  6 6   0.83E+00  0.20E+00  0.19E+01  0.12E+03  0.23E+02
       H   1 1   0.39E+02  0.19E+00  0.29E+00  0.78E+05  0.13E+02
       H   2 1   0.41E+02  0.21E+00  0.32E+00  0.82E+05  0.14E+02
       H   2 2   0.43E+02  0.22E+00  0.36E+00  0.86E+05  0.15E+02
     ------------------------------------------------------------

     alpha_pv=     33.5101 eV

     Number of occupied bands for each k-point:
     k-point:     1    nbnd_occ=  42
     k-point:     2    nbnd_occ=  42
     k-point:     3    nbnd_occ=  42
     k-point:     4    nbnd_occ=  42
     k-point:     5    nbnd_occ=  42
     k-point:     6    nbnd_occ=  42
     k-point:     7    nbnd_occ=  42
     k-point:     8    nbnd_occ=  42
     k-point:     9    nbnd_occ=  42
     k-point:    10    nbnd_occ=  42
     k-point:    11    nbnd_occ=  42
     k-point:    12    nbnd_occ=  42
     k-point:    13    nbnd_occ=  42
     k-point:    14    nbnd_occ=  42
     k-point:    15    nbnd_occ=  42
     k-point:    16    nbnd_occ=  42


     q-space interpolation up to   110.00 Rydberg

     GIPAW job: efg                                                                             


     ELECTRIC FIELD GRADIENTS TENSORS IN Hartree/bohrradius^2:

     ----- bare term -----
     Cl   1        0.020258       -0.113578       -0.125266
     Cl   1       -0.113578       -0.061024        0.024922
     Cl   1       -0.125266        0.024922        0.040765

     C    2       -0.625916        0.279780       -0.357939
     C    2        0.279780        0.035121       -0.117266
     C    2       -0.357939       -0.117266        0.590795

     C    3        0.059091        0.072281       -0.108354
     C    3        0.072281       -0.550658       -0.343517
     C    3       -0.108354       -0.343517        0.491568

     H    4       -0.455235       -0.393565       -0.002201
     H    4       -0.393565        0.343697        0.010908
     H    4       -0.002201        0.010908        0.111538

     C    5       -0.805392        0.282956       -0.438806
     C    5        0.282956        0.195659        0.030576
     C    5       -0.438806        0.030576        0.609734

     H    6        0.473721       -0.078684       -0.085661
     H    6       -0.078684       -0.585981       -0.432927
     H    6       -0.085661       -0.432927        0.112261

     H    7        0.411976        0.028836       -0.034796
     H    7        0.028836       -0.670394        0.363249
     H    7       -0.034796        0.363249        0.258418

     C    8       -0.311370       -0.091671       -0.330243
     C    8       -0.091671       -0.025457        0.537100
     C    8       -0.330243        0.537100        0.336827

     H    9       -0.114114        0.182921       -0.451210
     H    9        0.182921        0.347020        0.351948
     H    9       -0.451210        0.351948       -0.232905

     C   10       -0.397818       -0.338241       -0.319366
     C   10       -0.338241       -0.095043        0.315471
     C   10       -0.319366        0.315471        0.492861

     C   11       -0.068447        0.003315       -0.325744
     C   11        0.003315       -0.155349        0.559990
     C   11       -0.325744        0.559990        0.223796

     Cl  12       -0.127583       -0.189422       -0.004870
     Cl  12       -0.189422        0.150549       -0.022080
     Cl  12       -0.004870       -0.022080       -0.022965

     H   13        0.272914        0.230386        0.202495
     H   13        0.230386       -0.306341       -0.563028
     H   13        0.202495       -0.563028        0.033427

     C   14       -0.055474       -0.162544       -0.303825
     C   14       -0.162544       -0.223104       -0.302176
     C   14       -0.303825       -0.302176        0.278578

     H   15       -0.013185       -0.265219       -0.382307
     H   15       -0.265219       -0.160825       -0.457412
     H   15       -0.382307       -0.457412        0.174010

     C   16       -0.728200        0.344831       -0.366073
     C   16        0.344831        0.293956       -0.025232
     C   16       -0.366073       -0.025232        0.434244

     C   17        0.024841       -0.066661       -0.258900
     C   17       -0.066661       -0.147145       -0.483504
     C   17       -0.258900       -0.483504        0.122304

     Cl  18       -0.146875        0.233589       -0.007198
     Cl  18        0.233589        0.021162       -0.018491
     Cl  18       -0.007198       -0.018491        0.125713

     H   19        0.528463        0.019585       -0.021769
     H   19        0.019585       -0.027724        0.322070
     H   19       -0.021769        0.322070       -0.500739

     C   20       -0.435726       -0.303402       -0.316877
     C   20       -0.303402        0.035120        0.437947
     C   20       -0.316877        0.437947        0.400607

     H   21        0.140624        0.086466       -0.277708
     H   21        0.086466        0.444781       -0.089934
     H   21       -0.277708       -0.089934       -0.585405

     C   22       -0.006176       -0.241681       -0.150253
     C   22       -0.241681       -0.113539        0.432069
     C   22       -0.150253        0.432069        0.119716

     C   23       -0.331310       -0.290276       -0.406631
     C   23       -0.290276        0.043527        0.408306
     C   23       -0.406631        0.408306        0.287783

     Cl  24        0.162428        0.023502        0.013597
     Cl  24        0.023502       -0.084358       -0.283585
     Cl  24        0.013597       -0.283585       -0.078070

     ----- ionic term -----
     Cl   1        0.161067       -0.223102        0.027957
     Cl   1       -0.223102       -0.004873       -0.011950
     Cl   1        0.027957       -0.011950       -0.156194

     C    2        0.187200       -0.151974        0.267911
     C    2       -0.151974        0.172144        0.400534
     C    2        0.267911        0.400534       -0.359344

     C    3        0.165849       -0.204052        0.136153
     C    3       -0.204052        0.242156        0.421755
     C    3        0.136153        0.421755       -0.408005

     H    4        0.529679        0.472461        0.594153
     H    4        0.472461       -0.280021        0.333662
     H    4        0.594153        0.333662       -0.249658

     C    5        0.385250       -0.132926        0.165427
     C    5       -0.132926        0.050113        0.324222
     C    5        0.165427        0.324222       -0.435362

     H    6       -0.503833        0.005214       -0.012624
     H    6        0.005214        0.667811        0.711383
     H    6       -0.012624        0.711383       -0.163977

     H    7       -0.528004       -0.028416        0.053003
     H    7       -0.028416        0.624444       -0.719258
     H    7        0.053003       -0.719258       -0.096441

     C    8        0.201005        0.224314        0.389759
     C    8        0.224314        0.041556       -0.247387
     C    8        0.389759       -0.247387       -0.242562

     H    9        0.451004       -0.290771        0.720601
     H    9       -0.290771       -0.439108       -0.280933
     H    9        0.720601       -0.280933       -0.011895

     C   10        0.056559        0.263515        0.251963
     C   10        0.263515        0.165964       -0.356409
     C   10        0.251963       -0.356409       -0.222523

     C   11        0.140893        0.228895        0.279136
     C   11        0.228895        0.054536       -0.400377
     C   11        0.279136       -0.400377       -0.195428

     Cl  12        0.166123        0.205940        0.006426
     Cl  12        0.205940       -0.009618       -0.004076
     Cl  12        0.006426       -0.004076       -0.156505

     H   13       -0.526669       -0.036518       -0.002921
     H   13       -0.036518        0.752529        0.665540
     H   13       -0.002921        0.665540       -0.225860

     C   14        0.312418       -0.176204        0.195738
     C   14       -0.176204        0.027267        0.336418
     C   14        0.195738        0.336418       -0.339684

     H   15        0.634711        0.335357        0.668326
     H   15        0.335357       -0.439397        0.242770
     H   15        0.668326        0.242770       -0.195314

     C   16        0.243192       -0.224434        0.113743
     C   16       -0.224434        0.076599        0.397888
     C   16        0.113743        0.397888       -0.319791

     C   17        0.319093       -0.073198        0.134089
     C   17       -0.073198        0.028061        0.418789
     C   17        0.134089        0.418789       -0.347153

     Cl  18        0.163697       -0.159136       -0.032400
     Cl  18       -0.159136       -0.045721        0.017166
     Cl  18       -0.032400        0.017166       -0.117976

     H   19       -0.512376       -0.111839        0.082896
     H   19       -0.111839        0.513744       -0.747242
     H   19        0.082896       -0.747242       -0.001369

     C   20        0.140658        0.200857        0.321868
     C   20        0.200857        0.054237       -0.279790
     C   20        0.321868       -0.279790       -0.194895

     H   21        0.249368       -0.261720        0.769389
     H   21       -0.261720       -0.391075       -0.322961
     H   21        0.769389       -0.322961        0.141707

     C   22       -0.002384        0.256153        0.239521
     C   22        0.256153        0.193982       -0.382550
     C   22        0.239521       -0.382550       -0.191598

     C   23        0.122514        0.205244        0.377118
     C   23        0.205244        0.073558       -0.345341
     C   23        0.377118       -0.345341       -0.196072

     Cl  24        0.114085        0.214994        0.056012
     Cl  24        0.214994        0.018545        0.027489
     Cl  24        0.056012        0.027489       -0.132630

     ----- GIPAW term -----
     Cl   1        1.440996       -2.769496       -1.525971
     Cl   1       -2.769496       -0.721452        0.454436
     Cl   1       -1.525971        0.454436       -0.719544

     C    2       -0.115361       -0.079276       -0.159083
     C    2       -0.079276       -0.064426        0.112940
     C    2       -0.159083        0.112940        0.179787

     C    3       -0.078624       -0.027961       -0.067835
     C    3       -0.027961       -0.140321        0.078095
     C    3       -0.067835        0.078095        0.218945

     H    4       -0.000000        0.000000        0.000000
     H    4        0.000000        0.000000        0.000000
     H    4        0.000000        0.000000        0.000000

     C    5       -0.196361        0.003791       -0.094563
     C    5        0.003791       -0.011583        0.156857
     C    5       -0.094563        0.156857        0.207944

     H    6       -0.000000        0.000000        0.000000
     H    6        0.000000        0.000000        0.000000
     H    6        0.000000        0.000000        0.000000

     H    7       -0.000000        0.000000        0.000000
     H    7        0.000000        0.000000        0.000000
     H    7        0.000000        0.000000        0.000000

     C    8       -0.093084       -0.005053       -0.046023
     C    8       -0.005053        0.074043        0.206398
     C    8       -0.046023        0.206398        0.019041

     H    9       -0.000000        0.000000        0.000000
     H    9        0.000000        0.000000        0.000000
     H    9        0.000000        0.000000        0.000000

     C   10       -0.125592       -0.027979       -0.102186
     C   10       -0.027979        0.000871       -0.007494
     C   10       -0.102186       -0.007494        0.124722

     C   11        0.050571        0.129559       -0.054603
     C   11        0.129559        0.028994        0.065113
     C   11       -0.054603        0.065113       -0.079565

     Cl  12        0.546939        0.949658       -0.056484
     Cl  12        0.949658        1.416729       -0.228796
     Cl  12       -0.056484       -0.228796       -1.963667

     H   13       -0.000000        0.000000        0.000000
     H   13        0.000000        0.000000        0.000000
     H   13        0.000000        0.000000        0.000000

     C   14       -0.055957       -0.117637       -0.116781
     C   14       -0.117637       -0.048491        0.113423
     C   14       -0.116781        0.113423        0.104448

     H   15       -0.000000        0.000000        0.000000
     H   15        0.000000        0.000000        0.000000
     H   15        0.000000        0.000000        0.000000

     C   16       -0.195627       -0.065624       -0.099161
     C   16       -0.065624        0.209384        0.151091
     C   16       -0.099161        0.151091       -0.013757

     C   17       -0.069475       -0.097680       -0.022635
     C   17       -0.097680        0.177795        0.125164
     C   17       -0.022635        0.125164       -0.108320

     Cl  18       -0.533929        0.649931       -0.476873
     Cl  18        0.649931        2.296610       -0.996026
     Cl  18       -0.476873       -0.996026       -1.762681

     H   19       -0.000000        0.000000        0.000000
     H   19        0.000000        0.000000        0.000000
     H   19        0.000000        0.000000        0.000000

     C   20       -0.134920       -0.088075       -0.103301
     C   20       -0.088075       -0.009537        0.210979
     C   20       -0.103301        0.210979        0.144457

     H   21       -0.000000        0.000000        0.000000
     H   21        0.000000        0.000000        0.000000
     H   21        0.000000        0.000000        0.000000

     C   22       -0.074582       -0.068781       -0.072707
     C   22       -0.068781        0.033271        0.166963
     C   22       -0.072707        0.166963        0.041312

     C   23       -0.096559       -0.042034       -0.110132
     C   23       -0.042034        0.106671        0.207617
     C   23       -0.110132        0.207617       -0.010112

     Cl  24       -0.189971        0.577528       -0.610460
     Cl  24        0.577528        0.197336        1.366447
     Cl  24       -0.610460        1.366447       -0.007364

     ----- total EFG -----
     Cl   1        1.622322       -3.106176       -1.623280
     Cl   1       -3.106176       -0.787348        0.467407
     Cl   1       -1.623280        0.467407       -0.834973

     C    2       -0.554077        0.048531       -0.249111
     C    2        0.048531        0.142840        0.396207
     C    2       -0.249111        0.396207        0.411237

     C    3        0.146316       -0.159732       -0.040036
     C    3       -0.159732       -0.448824        0.156333
     C    3       -0.040036        0.156333        0.302507

     H    4        0.074444        0.078896        0.591952
     H    4        0.078896        0.063676        0.344570
     H    4        0.591952        0.344570       -0.138120

     C    5       -0.616504        0.153820       -0.367942
     C    5        0.153820        0.234188        0.511655
     C    5       -0.367942        0.511655        0.382315

     H    6       -0.030113       -0.073470       -0.098285
     H    6       -0.073470        0.081829        0.278456
     H    6       -0.098285        0.278456       -0.051717

     H    7       -0.116028        0.000420        0.018208
     H    7        0.000420       -0.045950       -0.356010
     H    7        0.018208       -0.356010        0.161978

     C    8       -0.203449        0.127590        0.013494
     C    8        0.127590        0.090143        0.496111
     C    8        0.013494        0.496111        0.113306

     H    9        0.336889       -0.107850        0.269391
     H    9       -0.107850       -0.092089        0.071015
     H    9        0.269391        0.071015       -0.244801

     C   10       -0.466851       -0.102704       -0.169589
     C   10       -0.102704        0.071792       -0.048431
     C   10       -0.169589       -0.048431        0.395059

     C   11        0.123017        0.361770       -0.101211
     C   11        0.361770       -0.071819        0.224727
     C   11       -0.101211        0.224727       -0.051197

     Cl  12        0.585479        0.966176       -0.054928
     Cl  12        0.966176        1.557659       -0.254952
     Cl  12       -0.054928       -0.254952       -2.143138

     H   13       -0.253754        0.193868        0.199574
     H   13        0.193868        0.446187        0.102511
     H   13        0.199574        0.102511       -0.192433

     C   14        0.200987       -0.456385       -0.224868
     C   14       -0.456385       -0.244328        0.147665
     C   14       -0.224868        0.147665        0.043341

     H   15        0.621527        0.070139        0.286019
     H   15        0.070139       -0.600222       -0.214642
     H   15        0.286019       -0.214642       -0.021305

     C   16       -0.680635        0.054773       -0.351492
     C   16        0.054773        0.579939        0.523746
     C   16       -0.351492        0.523746        0.100696

     C   17        0.274459       -0.237539       -0.147445
     C   17       -0.237539        0.058710        0.060449
     C   17       -0.147445        0.060449       -0.333169

     Cl  18       -0.517107        0.724384       -0.516471
     Cl  18        0.724384        2.272050       -0.997350
     Cl  18       -0.516471       -0.997350       -1.754943

     H   19        0.016087       -0.092254        0.061127
     H   19       -0.092254        0.486021       -0.425172
     H   19        0.061127       -0.425172       -0.502108

     C   20       -0.429988       -0.190620       -0.098309
     C   20       -0.190620        0.079819        0.369135
     C   20       -0.098309        0.369135        0.350168

     H   21        0.389992       -0.175254        0.491681
     H   21       -0.175254        0.053706       -0.412895
     H   21        0.491681       -0.412895       -0.443698

     C   22       -0.083143       -0.054309        0.016562
     C   22       -0.054309        0.113714        0.216482
     C   22        0.016562        0.216482       -0.030571

     C   23       -0.305355       -0.127067       -0.139645
     C   23       -0.127067        0.223756        0.270581
     C   23       -0.139645        0.270581        0.081599

     Cl  24        0.086542        0.816023       -0.540851
     Cl  24        0.816023        0.131522        1.110350
     Cl  24       -0.540851        1.110350       -0.218064

     ----- total EFG (symmetrized) -----
     Cl   1        1.622322       -3.106176       -1.623280
     Cl   1       -3.106176       -0.787348        0.467407
     Cl   1       -1.623280        0.467407       -0.834973

     C    2       -0.554077        0.048531       -0.249111
     C    2        0.048531        0.142840        0.396207
     C    2       -0.249111        0.396207        0.411237

     C    3        0.146316       -0.159732       -0.040036
     C    3       -0.159732       -0.448824        0.156333
     C    3       -0.040036        0.156333        0.302507

     H    4        0.074444        0.078896        0.591952
     H    4        0.078896        0.063676        0.344570
     H    4        0.591952        0.344570       -0.138120

     C    5       -0.616504        0.153820       -0.367942
     C    5        0.153820        0.234188        0.511655
     C    5       -0.367942        0.511655        0.382315

     H    6       -0.030113       -0.073470       -0.098285
     H    6       -0.073470        0.081829        0.278456
     H    6       -0.098285        0.278456       -0.051717

     H    7       -0.116028        0.000420        0.018208
     H    7        0.000420       -0.045950       -0.356010
     H    7        0.018208       -0.356010        0.161978

     C    8       -0.203449        0.127590        0.013494
     C    8        0.127590        0.090143        0.496111
     C    8        0.013494        0.496111        0.113306

     H    9        0.336889       -0.107850        0.269391
     H    9       -0.107850       -0.092089        0.071015
     H    9        0.269391        0.071015       -0.244801

     C   10       -0.466851       -0.102704       -0.169589
     C   10       -0.102704        0.071792       -0.048431
     C   10       -0.169589       -0.048431        0.395059

     C   11        0.123017        0.361770       -0.101211
     C   11        0.361770       -0.071819        0.224727
     C   11       -0.101211        0.224727       -0.051197

     Cl  12        0.585479        0.966176       -0.054928
     Cl  12        0.966176        1.557659       -0.254952
     Cl  12       -0.054928       -0.254952       -2.143138

     H   13       -0.253754        0.193868        0.199574
     H   13        0.193868        0.446187        0.102511
     H   13        0.199574        0.102511       -0.192433

     C   14        0.200987       -0.456385       -0.224868
     C   14       -0.456385       -0.244328        0.147665
     C   14       -0.224868        0.147665        0.043341

     H   15        0.621527        0.070139        0.286019
     H   15        0.070139       -0.600222       -0.214642
     H   15        0.286019       -0.214642       -0.021305

     C   16       -0.680635        0.054773       -0.351492
     C   16        0.054773        0.579939        0.523746
     C   16       -0.351492        0.523746        0.100696

     C   17        0.274459       -0.237539       -0.147445
     C   17       -0.237539        0.058710        0.060449
     C   17       -0.147445        0.060449       -0.333169

     Cl  18       -0.517107        0.724384       -0.516471
     Cl  18        0.724384        2.272050       -0.997350
     Cl  18       -0.516471       -0.997350       -1.754943

     H   19        0.016087       -0.092254        0.061127
     H   19       -0.092254        0.486021       -0.425172
     H   19        0.061127       -0.425172       -0.502108

     C   20       -0.429988       -0.190620       -0.098309
     C   20       -0.190620        0.079819        0.369135
     C   20       -0.098309        0.369135        0.350168

     H   21        0.389992       -0.175254        0.491681
     H   21       -0.175254        0.053706       -0.412895
     H   21        0.491681       -0.412895       -0.443698

     C   22       -0.083143       -0.054309        0.016562
     C   22       -0.054309        0.113714        0.216482
     C   22        0.016562        0.216482       -0.030571

     C   23       -0.305355       -0.127067       -0.139645
     C   23       -0.127067        0.223756        0.270581
     C   23       -0.139645        0.270581        0.081599

     Cl  24        0.086542        0.816023       -0.540851
     Cl  24        0.816023        0.131522        1.110350
     Cl  24       -0.540851        1.110350       -0.218064


     NQR/NMR SPECTROSCOPIC PARAMETERS:
     Cl   1    Vxx=   -1.1914    axis=(  0.085345 -0.399655  0.912684)
     Cl   1    Vyy=   -3.0665    axis=( -0.595331 -0.754980 -0.274929)
     Cl   1    Vzz=    4.2579    axis=(  0.798935 -0.519885 -0.302361)
     Cl   1  Q=        -8.1650 1e-30 m^2  Cq=       -81.6860 MHz  eta= 0.44037

     C    2    Vxx=   -0.0755    axis=( -0.334773 -0.807367  0.485885)
     C    2    Vyy=   -0.6444    axis=( -0.931895  0.207257 -0.297686)
     C    2    Vzz=    0.7199    axis=( -0.139638  0.552451  0.821766)
     C    2  Q=         1.0000 1e-30 m^2  Cq=         1.6915 MHz  eta= 0.79031

     C    3    Vxx=    0.1536    axis=(  0.909632 -0.139654  0.391238)
     C    3    Vyy=    0.3603    axis=( -0.351312  0.244008  0.903903)
     C    3    Vzz=   -0.5139    axis=( -0.221699 -0.959665  0.172896)
     C    3  Q=         1.0000 1e-30 m^2  Cq=        -1.2074 MHz  eta= 0.40213

     H    4    Vxx=   -0.0025    axis=(  0.510680 -0.858430  0.048007)
     H    4    Vyy=   -0.6985    axis=( -0.562680 -0.291476  0.773585)
     H    4    Vzz=    0.7010    axis=( -0.650075 -0.422067 -0.631872)
     H    4  Q=         1.0000 1e-30 m^2  Cq=         1.6472 MHz  eta= 0.99278

     C    5    Vxx=   -0.0106    axis=(  0.482622  0.724716 -0.491796)
     C    5    Vyy=   -0.8381    axis=(  0.866013 -0.311043  0.391501)
     C    5    Vzz=    0.8487    axis=(  0.130758 -0.614849 -0.777730)
     C    5  Q=         1.0000 1e-30 m^2  Cq=         1.9940 MHz  eta= 0.97505

     H    6    Vxx=   -0.0638    axis=(  0.941262  0.328928  0.076370)
     H    6    Vyy=   -0.2758    axis=(  0.141624 -0.589853  0.794994)
     H    6    Vzz=    0.3396    axis=( -0.306544  0.737482  0.601790)
     H    6  Q=         1.0000 1e-30 m^2  Cq=         0.7979 MHz  eta= 0.62448

     H    7    Vxx=   -0.1158    axis=(  0.998029  0.061345  0.013206)
     H    7    Vyy=   -0.3135    axis=( -0.056995  0.798139  0.599772)
     H    7    Vzz=    0.4293    axis=(  0.026253 -0.599343  0.800062)
     H    7  Q=         1.0000 1e-30 m^2  Cq=         1.0086 MHz  eta= 0.46066

     C    8    Vxx=   -0.1841    axis=( -0.925597 -0.175782  0.335217)
     C    8    Vyy=   -0.4260    axis=( -0.358461  0.691489 -0.627175)
     C    8    Vzz=    0.6101    axis=( -0.121553 -0.700673 -0.703052)
     C    8  Q=         1.0000 1e-30 m^2  Cq=         1.4334 MHz  eta= 0.39645

     H    9    Vxx=   -0.0642    axis=( -0.002242 -0.929510 -0.368789)
     H    9    Vyy=   -0.3888    axis=(  0.371299  0.341653 -0.863372)
     H    9    Vzz=    0.4529    axis=(  0.928511 -0.138866  0.344360)
     H    9  Q=         1.0000 1e-30 m^2  Cq=         1.0642 MHz  eta= 0.71663

     C   10    Vxx=    0.0899    axis=(  0.195055 -0.979662 -0.047083)
     C   10    Vyy=    0.4296    axis=( -0.176156 -0.082217  0.980923)
     C   10    Vzz=   -0.5195    axis=( -0.964843 -0.183040 -0.188610)
     C   10  Q=         1.0000 1e-30 m^2  Cq=        -1.2206 MHz  eta= 0.65384

     C   11    Vxx=    0.0748    axis=( -0.414576  0.295951  0.860546)
     C   11    Vyy=    0.4085    axis=(  0.756513  0.637666  0.145157)
     C   11    Vzz=   -0.4834    axis=( -0.505781  0.711193 -0.488252)
     C   11  Q=         1.0000 1e-30 m^2  Cq=        -1.1358 MHz  eta= 0.69031

     Cl  12    Vxx=   -0.0065    axis=(  0.853006 -0.520354  0.040162)
     Cl  12    Vyy=   -2.1607    axis=(  0.004526 -0.069575 -0.997566)
     Cl  12    Vzz=    2.1672    axis=(  0.521882  0.851112 -0.056993)
     Cl  12  Q=        -8.1650 1e-30 m^2  Cq=       -41.5760 MHz  eta= 0.99400

     H   13    Vxx=   -0.0954    axis=( -0.546884  0.340546 -0.764818)
     H   13    Vyy=   -0.4333    axis=( -0.786978  0.102561  0.608396)
     H   13    Vzz=    0.5287    axis=(  0.285628  0.934618  0.211913)
     H   13  Q=         1.0000 1e-30 m^2  Cq=         1.2422 MHz  eta= 0.63921

     C   14    Vxx=   -0.0835    axis=(  0.368567 -0.215739  0.904221)
     C   14    Vyy=   -0.5295    axis=( -0.527108 -0.849712  0.012119)
     C   14    Vzz=    0.6131    axis=(  0.765712 -0.481089 -0.426894)
     C   14  Q=         1.0000 1e-30 m^2  Cq=         1.4405 MHz  eta= 0.72745

     H   15    Vxx=   -0.0394    axis=( -0.334839 -0.373069  0.865276)
     H   15    Vyy=   -0.6910    axis=( -0.126111  0.927765  0.351210)
     H   15    Vzz=    0.7305    axis=( -0.933798  0.008478 -0.357700)
     H   15  Q=         1.0000 1e-30 m^2  Cq=         1.7163 MHz  eta= 0.89201

     C   16    Vxx=   -0.0685    axis=(  0.456019  0.535597 -0.710762)
     C   16    Vyy=   -0.8614    axis=( -0.884971  0.188367 -0.425845)
     C   16    Vzz=    0.9299    axis=(  0.094197 -0.823197 -0.559887)
     C   16  Q=         1.0000 1e-30 m^2  Cq=         2.1849 MHz  eta= 0.85275

     C   17    Vxx=   -0.0914    axis=(  0.513223  0.852426 -0.099858)
     C   17    Vyy=   -0.3672    axis=(  0.217978 -0.016927  0.975807)
     C   17    Vzz=    0.4585    axis=(  0.830113 -0.522574 -0.194497)
     C   17  Q=         1.0000 1e-30 m^2  Cq=         1.0774 MHz  eta= 0.60140

     Cl  18    Vxx=   -0.6469    axis=(  0.940073 -0.292922 -0.174525)
     Cl  18    Vyy=   -2.0696    axis=(  0.233618  0.180498  0.955428)
     Cl  18    Vzz=    2.7166    axis=( -0.248365 -0.938945  0.238113)
     Cl  18  Q=        -8.1650 1e-30 m^2  Cq=       -52.1163 MHz  eta= 0.52371

     H   19    Vxx=   -0.0010    axis=(  0.985617  0.167562 -0.021939)
     H   19    Vyy=   -0.6608    axis=(  0.037723 -0.344698 -0.937955)
     H   19    Vzz=    0.6618    axis=( -0.164728  0.923638 -0.346061)
     H   19  Q=         1.0000 1e-30 m^2  Cq=         1.5549 MHz  eta= 0.99711

     C   20    Vxx=   -0.1478    axis=( -0.289256  0.740820 -0.606232)
     C   20    Vyy=   -0.4943    axis=( -0.940895 -0.336604  0.037605)
     C   20    Vzz=    0.6421    axis=( -0.176202  0.581278  0.794399)
     C   20  Q=         1.0000 1e-30 m^2  Cq=         1.5086 MHz  eta= 0.53954

     H   21    Vxx=    0.0064    axis=(  0.556707  0.818380 -0.142588)
     H   21    Vyy=    0.7834    axis=(  0.770104 -0.444073  0.457973)
     H   21    Vzz=   -0.7899    axis=(  0.311477 -0.364764 -0.877456)
     H   21  Q=         1.0000 1e-30 m^2  Cq=        -1.8559 MHz  eta= 0.98372

     C   22    Vxx=   -0.0692    axis=(  0.929079 -0.132732  0.345246)
     C   22    Vyy=   -0.2039    axis=( -0.356874 -0.567037  0.742368)
     C   22    Vzz=    0.2731    axis=( -0.097231  0.812928  0.574190)
     C   22  Q=         1.0000 1e-30 m^2  Cq=         0.6417 MHz  eta= 0.49304

     C   23    Vxx=   -0.1226    axis=( -0.133284 -0.639993  0.756733)
     C   23    Vyy=   -0.3541    axis=( -0.963603 -0.094856 -0.249944)
     C   23    Vzz=    0.4767    axis=(  0.231743 -0.762503 -0.604056)
     C   23  Q=         1.0000 1e-30 m^2  Cq=         1.1201 MHz  eta= 0.48548

     Cl  24    Vxx=    0.4958    axis=(  0.808035  0.014935 -0.588945)
     Cl  24    Vyy=    1.1814    axis=( -0.347371 -0.795336 -0.496763)
     Cl  24    Vzz=   -1.6773    axis=(  0.475828 -0.605984  0.637472)
     Cl  24  Q=        -8.1650 1e-30 m^2  Cq=        32.1777 MHz  eta= 0.40877

     Initialization:
     gipaw_setup  :      9.17s CPU     10.74s WALL (       1 calls)

     Linear response

     Apply operators

     Induced current

     Other routines
     efg          :     10.42s CPU     12.62s WALL (       1 calls)

     General routines
     calbec       :      3.12s CPU      3.82s WALL (      16 calls)
     fft          :      1.56s CPU      2.43s WALL (      15 calls)
     ffts         :      0.04s CPU      0.05s WALL (       2 calls)
     fftw         :      4.17s CPU      4.85s WALL (     672 calls)
     davcio       :      0.04s CPU      0.33s WALL (      32 calls)

     Parallel routines
     fft_scatter  :      2.46s CPU      3.79s WALL (     689 calls)

     Plugins

     GIPAW        :     62.08s CPU     73.33s WALL (       1 calls)
