
     Program QE v.6.0 (svn rev. 13079) starts on 16Dec2016 at 15:22: 8 

     This program is part of the open-source Quantum ESPRESSO suite
     for quantum simulation of materials; please cite
         "P. Giannozzi et al., J. Phys.:Condens. Matter 21 395502 (2009);
          URL http://www.quantum-espresso.org", 
     in publications or presentations arising from this work. More details at
     http://www.quantum-espresso.org/quote

     Parallel version (MPI), running on     8 processors
     R & G space division:  proc/nbgrp/npool/nimage =       8

     ***** This is GIPAW svn revision unknown      *****

     Parallelizing q-star over 1 images

     Reading data from directory:
     /users/majewski/paradichlorobenzene/pbe/9_constraint/scratch/pbe.ecut100.np8.dt60.pcl2phi-129368.save
     Message from routine read_xml_file:
     file /users/majewski/paradichlorobenzene/pbe/9_constraint/scratch/pbe.ecut100.np8.dt60.pcl2phi-129368.save not guaranteed to be safe for post-processing

   Info: using nr1, nr2, nr3 values from input

   Info: using nr1, nr2, nr3 values from input

     IMPORTANT: XC functional enforced from input :
     Exchange-correlation      =  SLA  PW   PBX  PBC ( 1  4  3  4 0 0)
     Any further DFT definition will be discarded
     Please, verify this is what you really want

               file C.pbe-n-kjpaw_psl.1.0.0.UPF: wavefunction(s)  2S 2P renormalized
               file Cl.pbe-n-kjpaw_psl.1.0.0.UPF: wavefunction(s)  3S 3P renormalized
               file H.pbe-kjpaw_psl.1.0.0.UPF: wavefunction(s)  1S renormalized

     Parallelization info
     --------------------
     sticks:   dense  smooth     PW     G-vecs:    dense   smooth      PW
     Min        3057    1223    332               144436    36536    5170
     Max        3059    1225    333               144437    36537    5171
     Sum       24467    9791   2657              1155489   292295   41363


     Subspace diagonalization in iterative solution of the eigenvalue problem:
     a serial algorithm will be used

     GIPAW projectors -----------------------------------------------
     atom=  C    l=0  rc=    1.2000  rs=    0.8000
     atom=  C    l=0  rc=    1.2000  rs=    0.8000
     atom=  C    l=1  rc=    1.4000  rs=    0.9333
     atom=  C    l=1  rc=    1.4000  rs=    0.9333
     projs nearly linearly dependent: l=1  n1,n2= 1, 2  s=  0.99951561

     atom=  Cl   l=0  rc=    1.6000  rs=    1.0667
     atom=  Cl   l=0  rc=    1.6000  rs=    1.0667
     atom=  Cl   l=1  rc=    1.6000  rs=    1.0667
     atom=  Cl   l=1  rc=    1.6000  rs=    1.0667
     atom=  Cl   l=2  rc=    1.6000  rs=    1.0667
     atom=  Cl   l=2  rc=    1.6000  rs=    1.0667
     projs nearly linearly dependent: l=2  n1,n2= 1, 2  s=  0.99993509

     atom=  H    l=0  rc=    1.0000  rs=    0.6667
     atom=  H    l=0  rc=    1.0000  rs=    0.6667
     projs nearly linearly dependent: l=0  n1,n2= 1, 2  s=  0.99968852
     -----------------------------------------------------------------

     GIPAW integrals: -------------------------------------------
     Atom  i/j   nmr_para   nmr_dia   epr_rmc  epr_para   epr_dia
       C   1 1   0.83E+03  0.17E-01  0.93E+01  0.24E+08  0.24E+03
       C   2 1   0.86E+03 -0.61E-01  0.94E+01  0.25E+08  0.25E+03
       C   2 2   0.90E+03 -0.15E+00  0.97E+01  0.26E+08  0.26E+03
       C   3 3   0.33E+01  0.34E+00  0.18E+01  0.55E+03  0.21E+02
       C   4 3   0.35E+01  0.37E+00  0.20E+01  0.59E+03  0.22E+02
       C   4 4   0.38E+01  0.39E+00  0.22E+01  0.63E+03  0.24E+02
       Cl  1 1   0.14E+04 -0.47E+00  0.84E+01  0.32E+09  0.42E+03
       Cl  2 1   0.21E+04 -0.37E+00  0.12E+02  0.49E+09  0.65E+03
       Cl  2 2   0.33E+04 -0.16E+00  0.21E+02  0.76E+09  0.10E+04
       Cl  3 3   0.21E+02  0.79E-01  0.89E+01  0.23E+05  0.13E+03
       Cl  4 3   0.24E+02  0.67E-01  0.99E+01  0.27E+05  0.15E+03
       Cl  4 4   0.28E+02  0.44E-01  0.11E+02  0.32E+05  0.18E+03
       Cl  5 5   0.77E+00  0.19E+00  0.18E+01  0.12E+03  0.22E+02
       Cl  6 5   0.80E+00  0.19E+00  0.19E+01  0.12E+03  0.23E+02
       Cl  6 6   0.83E+00  0.20E+00  0.19E+01  0.12E+03  0.23E+02
       H   1 1   0.39E+02  0.19E+00  0.29E+00  0.78E+05  0.13E+02
       H   2 1   0.41E+02  0.21E+00  0.32E+00  0.82E+05  0.14E+02
       H   2 2   0.43E+02  0.22E+00  0.36E+00  0.86E+05  0.15E+02
     ------------------------------------------------------------

     alpha_pv=     33.6682 eV

     Number of occupied bands for each k-point:
     k-point:     1    nbnd_occ=  42
     k-point:     2    nbnd_occ=  42
     k-point:     3    nbnd_occ=  42
     k-point:     4    nbnd_occ=  42
     k-point:     5    nbnd_occ=  42
     k-point:     6    nbnd_occ=  42
     k-point:     7    nbnd_occ=  42
     k-point:     8    nbnd_occ=  42
     k-point:     9    nbnd_occ=  42
     k-point:    10    nbnd_occ=  42
     k-point:    11    nbnd_occ=  42
     k-point:    12    nbnd_occ=  42
     k-point:    13    nbnd_occ=  42
     k-point:    14    nbnd_occ=  42
     k-point:    15    nbnd_occ=  42
     k-point:    16    nbnd_occ=  42


     q-space interpolation up to   110.00 Rydberg

     GIPAW job: efg                                                                             


     ELECTRIC FIELD GRADIENTS TENSORS IN Hartree/bohrradius^2:

     ----- bare term -----
     Cl   1        0.078378        0.033654        0.096048
     Cl   1        0.033654        0.001542       -0.130437
     Cl   1        0.096048       -0.130437       -0.079920

     C    2       -0.732752        0.223999       -0.207052
     C    2        0.223999        0.227727       -0.105281
     C    2       -0.207052       -0.105281        0.505025

     C    3        0.342321       -0.033697        0.210462
     C    3       -0.033697       -0.263996       -0.132332
     C    3        0.210462       -0.132332       -0.078325

     H    4       -0.330000       -0.250600        0.271826
     H    4       -0.250600        0.201378        0.017745
     H    4        0.271826        0.017745        0.128622

     C    5       -0.446791        0.208279       -0.205944
     C    5        0.208279        0.198065        0.032962
     C    5       -0.205944        0.032962        0.248726

     H    6        0.226698       -0.378221        0.220385
     H    6       -0.378221       -0.474863        0.190511
     H    6        0.220385        0.190511        0.248165

     H    7        0.399453       -0.011366       -0.003705
     H    7       -0.011366       -0.562939        0.509353
     H    7       -0.003705        0.509353        0.163486

     C    8       -0.176280       -0.311969       -0.242242
     C    8       -0.311969       -0.077776        0.501119
     C    8       -0.242242        0.501119        0.254057

     H    9        0.020568        0.043626       -0.489882
     H    9        0.043626        0.252410       -0.212322
     H    9       -0.489882       -0.212322       -0.272977

     C   10       -0.387953       -0.326865       -0.298923
     C   10       -0.326865       -0.046260        0.372882
     C   10       -0.298923        0.372882        0.434213

     C   11       -0.221687        0.108059       -0.331971
     C   11        0.108059       -0.051694        0.675637
     C   11       -0.331971        0.675637        0.273381

     Cl  12        0.014194       -0.163809        0.014439
     Cl  12       -0.163809       -0.000572       -0.018343
     Cl  12        0.014439       -0.018343       -0.013622

     H   13        0.284304       -0.392755        0.093374
     H   13       -0.392755       -0.617305        0.078787
     H   13        0.093374        0.078787        0.333000

     C   14       -0.069701        0.198811       -0.134962
     C   14        0.198811       -0.056355       -0.420297
     C   14       -0.134962       -0.420297        0.126056

     H   15       -0.400413       -0.353309        0.224423
     H   15       -0.353309        0.217006        0.081636
     H   15        0.224423        0.081636        0.183407

     C   16       -0.276452        0.181766       -0.033910
     C   16        0.181766       -0.021334       -0.180937
     C   16       -0.033910       -0.180937        0.297785

     C   17       -0.019579       -0.155594       -0.356657
     C   17       -0.155594       -0.107728       -0.558774
     C   17       -0.356657       -0.558774        0.127306

     Cl  18       -0.202216        0.137147        0.046690
     Cl  18        0.137147        0.001072       -0.150132
     Cl  18        0.046690       -0.150132        0.201144

     H   19        0.426685       -0.009250       -0.258977
     H   19       -0.009250       -0.139695        0.368751
     H   19       -0.258977        0.368751       -0.286990

     C   20       -0.507558       -0.328927       -0.097867
     C   20       -0.328927        0.138770        0.403767
     C   20       -0.097867        0.403767        0.368788

     H   21        0.082734       -0.108717       -0.446100
     H   21       -0.108717        0.025414       -0.242716
     H   21       -0.446100       -0.242716       -0.108148

     C   22        0.176306       -0.130424       -0.077711
     C   22       -0.130424       -0.108633        0.383072
     C   22       -0.077711        0.383072       -0.067673

     C   23       -0.132961       -0.168126       -0.239884
     C   23       -0.168126       -0.014349       -0.011371
     C   23       -0.239884       -0.011371        0.147310

     Cl  24        0.078235        0.033571        0.027679
     Cl  24        0.033571       -0.088180       -0.176981
     Cl  24        0.027679       -0.176981        0.009944

     ----- ionic term -----
     Cl   1        0.131761       -0.178037       -0.006364
     Cl   1       -0.178037        0.014977        0.004867
     Cl   1       -0.006364        0.004867       -0.146738

     C    2        0.283103        0.040623        0.071049
     C    2        0.040623        0.295107        0.272479
     C    2        0.071049        0.272479       -0.578210

     C    3        0.207888       -0.074130        0.017980
     C    3       -0.074130        0.348358        0.308731
     C    3        0.017980        0.308731       -0.556245

     H    4        0.881745        0.494001        0.258932
     H    4        0.494001       -0.281757        0.132435
     H    4        0.258932        0.132435       -0.599988

     C    5        0.393687       -0.007913        0.044705
     C    5       -0.007913        0.174195        0.237076
     C    5        0.044705        0.237076       -0.567882

     H    6       -0.445232        0.327554        0.086580
     H    6        0.327554        0.892457        0.419776
     H    6        0.086580        0.419776       -0.447226

     H    7       -0.530684        0.074792       -0.046995
     H    7        0.074792        0.442684       -0.772044
     H    7       -0.046995       -0.772044        0.088000

     C    8        0.122547        0.291797        0.317168
     C    8        0.291797        0.051101       -0.246241
     C    8        0.317168       -0.246241       -0.173648

     H    9        0.314093        0.079684        0.790379
     H    9        0.079684       -0.525099        0.006828
     H    9        0.790379        0.006828        0.211006

     C   10        0.027603        0.333014        0.272648
     C   10        0.333014        0.133802       -0.271971
     C   10        0.272648       -0.271971       -0.161406

     C   11        0.108656        0.200857        0.319084
     C   11        0.200857        0.091809       -0.349875
     C   11        0.319084       -0.349875       -0.200465

     Cl  12        0.090081        0.181909        0.022425
     Cl  12        0.181909        0.062992        0.005491
     Cl  12        0.022425        0.005491       -0.153073

     H   13       -0.486842        0.273618        0.074284
     H   13        0.273618        0.902136        0.450636
     H   13        0.074284        0.450636       -0.415293

     C   14        0.373026       -0.019881        0.016352
     C   14       -0.019881        0.193235        0.237574
     C   14        0.016352        0.237574       -0.566261

     H   15        0.984209        0.267288        0.228859
     H   15        0.267288       -0.415181        0.098491
     H   15        0.228859        0.098491       -0.569028

     C   16        0.254768       -0.140352       -0.005604
     C   16       -0.140352        0.305752        0.265623
     C   16       -0.005604        0.265623       -0.560520

     C   17        0.310201        0.013155        0.051581
     C   17        0.013155        0.282199        0.273563
     C   17        0.051581        0.273563       -0.592400

     Cl  18        0.112223       -0.178662       -0.042769
     Cl  18       -0.178662        0.030324        0.027370
     Cl  18       -0.042769        0.027370       -0.142547

     H   19       -0.502020       -0.182876        0.108032
     H   19       -0.182876        0.679102       -0.662756
     H   19        0.108032       -0.662756       -0.177082

     C   20        0.162830        0.206654        0.309626
     C   20        0.206654        0.137643       -0.258415
     C   20        0.309626       -0.258415       -0.300473

     H   21        0.592308       -0.121046        0.733059
     H   21       -0.121046       -0.448278       -0.166107
     H   21        0.733059       -0.166107       -0.144030

     C   22        0.035937        0.261440        0.241526
     C   22        0.261440        0.299857       -0.360549
     C   22        0.241526       -0.360549       -0.335794

     C   23        0.085276        0.215060        0.345367
     C   23        0.215060        0.157305       -0.363783
     C   23        0.345367       -0.363783       -0.242581

     Cl  24        0.144209        0.221251        0.013407
     Cl  24        0.221251        0.007906       -0.001297
     Cl  24        0.013407       -0.001297       -0.152115

     ----- GIPAW term -----
     Cl   1       -0.448408       -1.340108       -0.047362
     Cl   1       -1.340108       -0.523881        1.399098
     Cl   1       -0.047362        1.399098        0.972288

     C    2       -0.139725       -0.008920        0.025270
     C    2       -0.008920       -0.020144        0.105636
     C    2        0.025270        0.105636        0.159869

     C    3        0.029057       -0.012572        0.030779
     C    3       -0.012572        0.014425        0.036305
     C    3        0.030779        0.036305       -0.043483

     H    4       -0.000000        0.000000        0.000000
     H    4        0.000000        0.000000        0.000000
     H    4        0.000000        0.000000        0.000000

     C    5       -0.046589        0.005838       -0.035090
     C    5        0.005838       -0.002842        0.034200
     C    5       -0.035090        0.034200        0.049431

     H    6       -0.000000        0.000000        0.000000
     H    6        0.000000        0.000000        0.000000
     H    6        0.000000        0.000000        0.000000

     H    7       -0.000000        0.000000        0.000000
     H    7        0.000000        0.000000        0.000000
     H    7        0.000000        0.000000        0.000000

     C    8       -0.047187       -0.164292       -0.064662
     C    8       -0.164292        0.107484        0.188522
     C    8       -0.064662        0.188522       -0.060297

     H    9       -0.000000        0.000000        0.000000
     H    9        0.000000        0.000000        0.000000
     H    9        0.000000        0.000000        0.000000

     C   10       -0.117994       -0.058258       -0.069428
     C   10       -0.058258        0.055724        0.030501
     C   10       -0.069428        0.030501        0.062270

     C   11       -0.038745        0.145733       -0.050234
     C   11        0.145733        0.021998        0.215475
     C   11       -0.050234        0.215475        0.016746

     Cl  12        1.677560        1.108125        0.123107
     Cl  12        1.108125        0.151177       -0.147565
     Cl  12        0.123107       -0.147565       -1.828737

     H   13       -0.000000        0.000000        0.000000
     H   13        0.000000        0.000000        0.000000
     H   13        0.000000        0.000000        0.000000

     C   14       -0.057044        0.124412       -0.023235
     C   14        0.124412        0.170948       -0.137649
     C   14       -0.023235       -0.137649       -0.113904

     H   15       -0.000000        0.000000        0.000000
     H   15        0.000000        0.000000        0.000000
     H   15        0.000000        0.000000        0.000000

     C   16       -0.083816        0.043086       -0.035865
     C   16        0.043086        0.053907       -0.097580
     C   16       -0.035865       -0.097580        0.029910

     C   17        0.002692       -0.183446       -0.067134
     C   17       -0.183446        0.120828        0.001298
     C   17       -0.067134        0.001298       -0.123520

     Cl  18        0.071749       -1.784167        0.346481
     Cl  18       -1.784167        0.119605       -1.315443
     Cl  18        0.346481       -1.315443       -0.191354

     H   19       -0.000000        0.000000        0.000000
     H   19        0.000000        0.000000        0.000000
     H   19        0.000000        0.000000        0.000000

     C   20       -0.172855       -0.011409        0.029423
     C   20       -0.011409        0.082467        0.224368
     C   20        0.029423        0.224368        0.090388

     H   21       -0.000000        0.000000        0.000000
     H   21        0.000000        0.000000        0.000000
     H   21        0.000000        0.000000        0.000000

     C   22       -0.037310       -0.026899       -0.015693
     C   22       -0.026899        0.088622        0.087677
     C   22       -0.015693        0.087677       -0.051312

     C   23       -0.001417       -0.015416       -0.034452
     C   23       -0.015416        0.019438        0.020516
     C   23       -0.034452        0.020516       -0.018021

     Cl  24       -0.117229        0.244278       -0.868288
     Cl  24        0.244278        0.557234        1.605760
     Cl  24       -0.868288        1.605760       -0.440004

     ----- total EFG -----
     Cl   1       -0.238269       -1.484492        0.042323
     Cl   1       -1.484492       -0.507361        1.273528
     Cl   1        0.042323        1.273528        0.745631

     C    2       -0.589375        0.255702       -0.110733
     C    2        0.255702        0.502691        0.272833
     C    2       -0.110733        0.272833        0.086684

     C    3        0.579266       -0.120399        0.259221
     C    3       -0.120399        0.098787        0.212703
     C    3        0.259221        0.212703       -0.678053

     H    4        0.551745        0.243401        0.530758
     H    4        0.243401       -0.080379        0.150180
     H    4        0.530758        0.150180       -0.471367

     C    5       -0.099693        0.206204       -0.196329
     C    5        0.206204        0.369418        0.304238
     C    5       -0.196329        0.304238       -0.269724

     H    6       -0.218533       -0.050668        0.306965
     H    6       -0.050668        0.417595        0.610287
     H    6        0.306965        0.610287       -0.199061

     H    7       -0.131231        0.063426       -0.050700
     H    7        0.063426       -0.120256       -0.262691
     H    7       -0.050700       -0.262691        0.251486

     C    8       -0.100920       -0.184464        0.010264
     C    8       -0.184464        0.080808        0.443400
     C    8        0.010264        0.443400        0.020112

     H    9        0.334661        0.123310        0.300497
     H    9        0.123310       -0.272690       -0.205495
     H    9        0.300497       -0.205495       -0.061971

     C   10       -0.478344       -0.052109       -0.095703
     C   10       -0.052109        0.143267        0.131412
     C   10       -0.095703        0.131412        0.335077

     C   11       -0.151775        0.454649       -0.063121
     C   11        0.454649        0.062113        0.541236
     C   11       -0.063121        0.541236        0.089663

     Cl  12        1.781835        1.126224        0.159971
     Cl  12        1.126224        0.213597       -0.160417
     Cl  12        0.159971       -0.160417       -1.995432

     H   13       -0.202538       -0.119137        0.167658
     H   13       -0.119137        0.284831        0.529423
     H   13        0.167658        0.529423       -0.082293

     C   14        0.246282        0.303343       -0.141845
     C   14        0.303343        0.307827       -0.320372
     C   14       -0.141845       -0.320372       -0.554109

     H   15        0.583796       -0.086021        0.453282
     H   15       -0.086021       -0.198175        0.180126
     H   15        0.453282        0.180126       -0.385621

     C   16       -0.105500        0.084500       -0.075378
     C   16        0.084500        0.338325       -0.012894
     C   16       -0.075378       -0.012894       -0.232825

     C   17        0.293314       -0.325886       -0.372210
     C   17       -0.325886        0.295300       -0.283913
     C   17       -0.372210       -0.283913       -0.588614

     Cl  18       -0.018244       -1.825682        0.350403
     Cl  18       -1.825682        0.151001       -1.438205
     Cl  18        0.350403       -1.438205       -0.132757

     H   19       -0.075335       -0.192126       -0.150945
     H   19       -0.192126        0.539408       -0.294005
     H   19       -0.150945       -0.294005       -0.464072

     C   20       -0.517583       -0.133682        0.241182
     C   20       -0.133682        0.358880        0.369721
     C   20        0.241182        0.369721        0.158703

     H   21        0.675042       -0.229762        0.286959
     H   21       -0.229762       -0.422864       -0.408823
     H   21        0.286959       -0.408823       -0.252178

     C   22        0.174933        0.104117        0.148121
     C   22        0.104117        0.279846        0.110200
     C   22        0.148121        0.110200       -0.454779

     C   23       -0.049102        0.031518        0.071031
     C   23        0.031518        0.162394       -0.354638
     C   23        0.071031       -0.354638       -0.113292

     Cl  24        0.105215        0.499101       -0.827202
     Cl  24        0.499101        0.476959        1.427482
     Cl  24       -0.827202        1.427482       -0.582174

     ----- total EFG (symmetrized) -----
     Cl   1       -0.238269       -1.484492        0.042323
     Cl   1       -1.484492       -0.507361        1.273528
     Cl   1        0.042323        1.273528        0.745631

     C    2       -0.589375        0.255702       -0.110733
     C    2        0.255702        0.502691        0.272833
     C    2       -0.110733        0.272833        0.086684

     C    3        0.579266       -0.120399        0.259221
     C    3       -0.120399        0.098787        0.212703
     C    3        0.259221        0.212703       -0.678053

     H    4        0.551745        0.243401        0.530758
     H    4        0.243401       -0.080379        0.150180
     H    4        0.530758        0.150180       -0.471367

     C    5       -0.099693        0.206204       -0.196329
     C    5        0.206204        0.369418        0.304238
     C    5       -0.196329        0.304238       -0.269724

     H    6       -0.218533       -0.050668        0.306965
     H    6       -0.050668        0.417595        0.610287
     H    6        0.306965        0.610287       -0.199061

     H    7       -0.131231        0.063426       -0.050700
     H    7        0.063426       -0.120256       -0.262691
     H    7       -0.050700       -0.262691        0.251486

     C    8       -0.100920       -0.184464        0.010264
     C    8       -0.184464        0.080808        0.443400
     C    8        0.010264        0.443400        0.020112

     H    9        0.334661        0.123310        0.300497
     H    9        0.123310       -0.272690       -0.205495
     H    9        0.300497       -0.205495       -0.061971

     C   10       -0.478344       -0.052109       -0.095703
     C   10       -0.052109        0.143267        0.131412
     C   10       -0.095703        0.131412        0.335077

     C   11       -0.151775        0.454649       -0.063121
     C   11        0.454649        0.062113        0.541236
     C   11       -0.063121        0.541236        0.089663

     Cl  12        1.781835        1.126224        0.159971
     Cl  12        1.126224        0.213597       -0.160417
     Cl  12        0.159971       -0.160417       -1.995432

     H   13       -0.202538       -0.119137        0.167658
     H   13       -0.119137        0.284831        0.529423
     H   13        0.167658        0.529423       -0.082293

     C   14        0.246282        0.303343       -0.141845
     C   14        0.303343        0.307827       -0.320372
     C   14       -0.141845       -0.320372       -0.554109

     H   15        0.583796       -0.086021        0.453282
     H   15       -0.086021       -0.198175        0.180126
     H   15        0.453282        0.180126       -0.385621

     C   16       -0.105500        0.084500       -0.075378
     C   16        0.084500        0.338325       -0.012894
     C   16       -0.075378       -0.012894       -0.232825

     C   17        0.293314       -0.325886       -0.372210
     C   17       -0.325886        0.295300       -0.283913
     C   17       -0.372210       -0.283913       -0.588614

     Cl  18       -0.018244       -1.825682        0.350403
     Cl  18       -1.825682        0.151001       -1.438205
     Cl  18        0.350403       -1.438205       -0.132757

     H   19       -0.075335       -0.192126       -0.150945
     H   19       -0.192126        0.539408       -0.294005
     H   19       -0.150945       -0.294005       -0.464072

     C   20       -0.517583       -0.133682        0.241182
     C   20       -0.133682        0.358880        0.369721
     C   20        0.241182        0.369721        0.158703

     H   21        0.675042       -0.229762        0.286959
     H   21       -0.229762       -0.422864       -0.408823
     H   21        0.286959       -0.408823       -0.252178

     C   22        0.174933        0.104117        0.148121
     C   22        0.104117        0.279846        0.110200
     C   22        0.148121        0.110200       -0.454779

     C   23       -0.049102        0.031518        0.071031
     C   23        0.031518        0.162394       -0.354638
     C   23        0.071031       -0.354638       -0.113292

     Cl  24        0.105215        0.499101       -0.827202
     Cl  24        0.499101        0.476959        1.427482
     Cl  24       -0.827202        1.427482       -0.582174


     NQR/NMR SPECTROSCOPIC PARAMETERS:
     Cl   1    Vxx=    0.3186    axis=(  0.706323 -0.246037  0.663757)
     Cl   1    Vyy=    1.8867    axis=( -0.415923  0.614497  0.670374)
     Cl   1    Vzz=   -2.2054    axis=(  0.572814  0.749572 -0.331701)
     Cl   1  Q=        -8.1650 1e-30 m^2  Cq=        42.3086 MHz  eta= 0.71106

     C    2    Vxx=    0.0200    axis=( -0.304759 -0.341154  0.889233)
     C    2    Vyy=    0.6650    axis=( -0.149316 -0.904989 -0.398372)
     C    2    Vzz=   -0.6849    axis=(  0.940652 -0.254184  0.224864)
     C    2  Q=         1.0000 1e-30 m^2  Cq=        -1.6093 MHz  eta= 0.94171

     C    3    Vxx=    0.1479    axis=( -0.099989 -0.955526 -0.277437)
     C    3    Vyy=    0.6423    axis=( -0.974397  0.150470 -0.167060)
     C    3    Vzz=   -0.7902    axis=( -0.201377 -0.253630  0.946108)
     C    3  Q=         1.0000 1e-30 m^2  Cq=        -1.8568 MHz  eta= 0.62557

     H    4    Vxx=   -0.1620    axis=(  0.294499 -0.954738  0.041784)
     H    4    Vyy=   -0.7002    axis=(  0.376664  0.075780 -0.923245)
     H    4    Vzz=    0.8623    axis=(  0.878290  0.287634  0.381933)
     H    4  Q=         1.0000 1e-30 m^2  Cq=         2.0260 MHz  eta= 0.62417

     C    5    Vxx=    0.0292    axis=(  0.831974 -0.008168 -0.554754)
     C    5    Vyy=    0.5170    axis=( -0.212971 -0.927993 -0.305732)
     C    5    Vzz=   -0.5462    axis=(  0.512311 -0.372507  0.773806)
     C    5  Q=         1.0000 1e-30 m^2  Cq=        -1.2833 MHz  eta= 0.89310

     H    6    Vxx=   -0.0701    axis=(  0.862372 -0.358159  0.357823)
     H    6    Vyy=   -0.7372    axis=(  0.491627  0.423634 -0.760814)
     H    6    Vzz=    0.8074    axis=(  0.120907  0.832020  0.541410)
     H    6  Q=         1.0000 1e-30 m^2  Cq=         1.8970 MHz  eta= 0.82629

     H    7    Vxx=   -0.1330    axis=(  0.956876  0.165107  0.239014)
     H    7    Vyy=   -0.2649    axis=( -0.254934  0.871735  0.418434)
     H    7    Vzz=    0.3978    axis=( -0.139271 -0.461322  0.876234)
     H    7  Q=         1.0000 1e-30 m^2  Cq=         0.9348 MHz  eta= 0.33165

     C    8    Vxx=   -0.0740    axis=(  0.903764 -0.108798  0.413973)
     C    8    Vyy=   -0.4480    axis=( -0.374590 -0.669004  0.641963)
     C    8    Vzz=    0.5220    axis=( -0.207105  0.735253  0.645376)
     C    8  Q=         1.0000 1e-30 m^2  Cq=         1.2264 MHz  eta= 0.71641

     H    9    Vxx=   -0.0077    axis=(  0.338687  0.669883 -0.660718)
     H    9    Vyy=   -0.4889    axis=( -0.324960  0.742289  0.586010)
     H    9    Vzz=    0.4966    axis=(  0.883002  0.016233  0.469089)
     H    9  Q=         1.0000 1e-30 m^2  Cq=         1.1667 MHz  eta= 0.96914

     C   10    Vxx=    0.0765    axis=( -0.005238  0.890681 -0.454598)
     C   10    Vyy=    0.4151    axis=( -0.121019  0.450698  0.884435)
     C   10    Vzz=   -0.4916    axis=(  0.992636  0.059648  0.105428)
     C   10  Q=         1.0000 1e-30 m^2  Cq=        -1.1552 MHz  eta= 0.68879

     C   11    Vxx=    0.0120    axis=(  0.745075  0.179131 -0.642476)
     C   11    Vyy=    0.7158    axis=(  0.338434  0.728510  0.595597)
     C   11    Vzz=   -0.7278    axis=(  0.574740 -0.661200  0.482171)
     C   11  Q=         1.0000 1e-30 m^2  Cq=        -1.7100 MHz  eta= 0.96713

     Cl  12    Vxx=   -0.3463    axis=( -0.456146  0.880376 -0.129882)
     Cl  12    Vyy=   -2.0248    axis=( -0.073647  0.108104  0.991408)
     Cl  12    Vzz=    2.3711    axis=( -0.886852 -0.461792 -0.015525)
     Cl  12  Q=        -8.1650 1e-30 m^2  Cq=       -45.4878 MHz  eta= 0.70793

     H   13    Vxx=   -0.0884    axis=(  0.874405 -0.281474  0.395207)
     H   13    Vyy=   -0.5732    axis=( -0.485196 -0.506961  0.712443)
     H   13    Vzz=    0.6616    axis=(  0.000180  0.814717  0.579859)
     H   13  Q=         1.0000 1e-30 m^2  Cq=         1.5545 MHz  eta= 0.73274

     C   14    Vxx=   -0.0114    axis=(  0.786837 -0.599144  0.148033)
     C   14    Vyy=   -0.6621    axis=( -0.048781 -0.299487 -0.952853)
     C   14    Vzz=    0.6735    axis=(  0.615230  0.742518 -0.264874)
     C   14  Q=         1.0000 1e-30 m^2  Cq=         1.5823 MHz  eta= 0.96618

     H   15    Vxx=   -0.1110    axis=(  0.134052 -0.915547 -0.379216)
     H   15    Vyy=   -0.6520    axis=(  0.339861  0.401936 -0.850260)
     H   15    Vzz=    0.7629    axis=(  0.930873 -0.014901  0.365038)
     H   15  Q=         1.0000 1e-30 m^2  Cq=         1.7926 MHz  eta= 0.70909

     C   16    Vxx=   -0.0862    axis=(  0.880020 -0.188388 -0.435975)
     C   16    Vyy=   -0.2688    axis=(  0.436367 -0.041643  0.898805)
     C   16    Vzz=    0.3551    axis=(  0.187479  0.981211 -0.045559)
     C   16  Q=         1.0000 1e-30 m^2  Cq=         0.8343 MHz  eta= 0.51421

     C   17    Vxx=    0.2288    axis=(  0.561473  0.668399 -0.487843)
     C   17    Vyy=    0.6245    axis=( -0.738280  0.670904  0.069504)
     C   17    Vzz=   -0.8533    axis=(  0.373752  0.321140  0.870160)
     C   17  Q=         1.0000 1e-30 m^2  Cq=        -2.0048 MHz  eta= 0.46379

     Cl  18    Vxx=   -0.4295    axis=(  0.616357 -0.012282 -0.787371)
     Cl  18    Vyy=   -2.1104    axis=( -0.554549 -0.716667 -0.422923)
     Cl  18    Vzz=    2.5399    axis=( -0.559088  0.697308 -0.448534)
     Cl  18  Q=        -8.1650 1e-30 m^2  Cq=       -48.7268 MHz  eta= 0.66181

     H   19    Vxx=   -0.0328    axis=(  0.913960  0.105541 -0.391841)
     H   19    Vyy=   -0.6171    axis=(  0.349716  0.284976  0.892462)
     H   19    Vzz=    0.6499    axis=(  0.205857 -0.952706  0.223547)
     H   19  Q=         1.0000 1e-30 m^2  Cq=         1.5270 MHz  eta= 0.89904

     C   20    Vxx=    0.0148    axis=(  0.454018 -0.564439  0.689403)
     C   20    Vyy=    0.6434    axis=(  0.037952  0.785296  0.617956)
     C   20    Vzz=   -0.6582    axis=( -0.890184 -0.254399  0.377960)
     C   20  Q=         1.0000 1e-30 m^2  Cq=        -1.5465 MHz  eta= 0.95492

     H   21    Vxx=   -0.0953    axis=( -0.430664 -0.570612  0.699236)
     H   21    Vyy=   -0.7552    axis=( -0.002128  0.775406  0.631460)
     H   21    Vzz=    0.8505    axis=(  0.902510 -0.270459  0.335154)
     H   21  Q=         1.0000 1e-30 m^2  Cq=         1.9982 MHz  eta= 0.77589

     C   22    Vxx=    0.1175    axis=(  0.806821 -0.582844  0.096601)
     C   22    Vyy=    0.3800    axis=(  0.556885  0.804875  0.205074)
     C   22    Vzz=   -0.4974    axis=( -0.197278 -0.111663  0.973968)
     C   22  Q=         1.0000 1e-30 m^2  Cq=        -1.1687 MHz  eta= 0.52774

     C   23    Vxx=   -0.0316    axis=(  0.972873  0.155349  0.171421)
     C   23    Vyy=   -0.3739    axis=( -0.229182  0.546218  0.805681)
     C   23    Vzz=    0.4055    axis=(  0.031528 -0.823111  0.567004)
     C   23  Q=         1.0000 1e-30 m^2  Cq=         0.9527 MHz  eta= 0.84437

     Cl  24    Vxx=    0.5403    axis=( -0.908257 -0.286610  0.304835)
     Cl  24    Vyy=    1.4736    axis=(  0.058792 -0.808741 -0.585219)
     Cl  24    Vzz=   -2.0140    axis=(  0.414262 -0.513608  0.751395)
     Cl  24  Q=        -8.1650 1e-30 m^2  Cq=        38.6370 MHz  eta= 0.46341

     Initialization:
     gipaw_setup  :      9.13s CPU     11.04s WALL (       1 calls)

     Linear response

     Apply operators

     Induced current

     Other routines
     efg          :      9.14s CPU     11.42s WALL (       1 calls)

     General routines
     calbec       :      3.27s CPU      4.14s WALL (      16 calls)
     fft          :      1.62s CPU      2.28s WALL (      15 calls)
     ffts         :      0.04s CPU      0.09s WALL (       2 calls)
     fftw         :      3.16s CPU      3.87s WALL (     672 calls)
     davcio       :      0.03s CPU      0.33s WALL (      32 calls)

     Parallel routines
     fft_scatter  :      2.20s CPU      3.36s WALL (     689 calls)

     Plugins

     GIPAW        :     60.91s CPU     73.38s WALL (       1 calls)
