
     Program QE v.6.0 (svn rev. 13079) starts on 31Dec2016 at  4:19:59 

     This program is part of the open-source Quantum ESPRESSO suite
     for quantum simulation of materials; please cite
         "P. Giannozzi et al., J. Phys.:Condens. Matter 21 395502 (2009);
          URL http://www.quantum-espresso.org", 
     in publications or presentations arising from this work. More details at
     http://www.quantum-espresso.org/quote

     Parallel version (MPI), running on     8 processors
     R & G space division:  proc/nbgrp/npool/nimage =       8

     ***** This is GIPAW svn revision unknown      *****

     Parallelizing q-star over 1 images

     Reading data from directory:
     /users/majewski/paradichlorobenzene/pbe/9_constraint/scratch/pbe.ecut100.np8.dt60.pcl2phi-129368.save
     Message from routine read_xml_file:
     file /users/majewski/paradichlorobenzene/pbe/9_constraint/scratch/pbe.ecut100.np8.dt60.pcl2phi-129368.save not guaranteed to be safe for post-processing

   Info: using nr1, nr2, nr3 values from input

   Info: using nr1, nr2, nr3 values from input

     IMPORTANT: XC functional enforced from input :
     Exchange-correlation      =  SLA  PW   PBX  PBC ( 1  4  3  4 0 0)
     Any further DFT definition will be discarded
     Please, verify this is what you really want

               file C.pbe-n-kjpaw_psl.1.0.0.UPF: wavefunction(s)  2S 2P renormalized
               file Cl.pbe-n-kjpaw_psl.1.0.0.UPF: wavefunction(s)  3S 3P renormalized
               file H.pbe-kjpaw_psl.1.0.0.UPF: wavefunction(s)  1S renormalized

     Parallelization info
     --------------------
     sticks:   dense  smooth     PW     G-vecs:    dense   smooth      PW
     Min        3057    1223    332               144436    36536    5170
     Max        3059    1225    333               144437    36537    5171
     Sum       24467    9791   2657              1155489   292295   41363


     Subspace diagonalization in iterative solution of the eigenvalue problem:
     a serial algorithm will be used

     GIPAW projectors -----------------------------------------------
     atom=  C    l=0  rc=    1.2000  rs=    0.8000
     atom=  C    l=0  rc=    1.2000  rs=    0.8000
     atom=  C    l=1  rc=    1.4000  rs=    0.9333
     atom=  C    l=1  rc=    1.4000  rs=    0.9333
     projs nearly linearly dependent: l=1  n1,n2= 1, 2  s=  0.99951561

     atom=  Cl   l=0  rc=    1.6000  rs=    1.0667
     atom=  Cl   l=0  rc=    1.6000  rs=    1.0667
     atom=  Cl   l=1  rc=    1.6000  rs=    1.0667
     atom=  Cl   l=1  rc=    1.6000  rs=    1.0667
     atom=  Cl   l=2  rc=    1.6000  rs=    1.0667
     atom=  Cl   l=2  rc=    1.6000  rs=    1.0667
     projs nearly linearly dependent: l=2  n1,n2= 1, 2  s=  0.99993509

     atom=  H    l=0  rc=    1.0000  rs=    0.6667
     atom=  H    l=0  rc=    1.0000  rs=    0.6667
     projs nearly linearly dependent: l=0  n1,n2= 1, 2  s=  0.99968852
     -----------------------------------------------------------------

     GIPAW integrals: -------------------------------------------
     Atom  i/j   nmr_para   nmr_dia   epr_rmc  epr_para   epr_dia
       C   1 1   0.83E+03  0.17E-01  0.93E+01  0.24E+08  0.24E+03
       C   2 1   0.86E+03 -0.61E-01  0.94E+01  0.25E+08  0.25E+03
       C   2 2   0.90E+03 -0.15E+00  0.97E+01  0.26E+08  0.26E+03
       C   3 3   0.33E+01  0.34E+00  0.18E+01  0.55E+03  0.21E+02
       C   4 3   0.35E+01  0.37E+00  0.20E+01  0.59E+03  0.22E+02
       C   4 4   0.38E+01  0.39E+00  0.22E+01  0.63E+03  0.24E+02
       Cl  1 1   0.14E+04 -0.47E+00  0.84E+01  0.32E+09  0.42E+03
       Cl  2 1   0.21E+04 -0.37E+00  0.12E+02  0.49E+09  0.65E+03
       Cl  2 2   0.33E+04 -0.16E+00  0.21E+02  0.76E+09  0.10E+04
       Cl  3 3   0.21E+02  0.79E-01  0.89E+01  0.23E+05  0.13E+03
       Cl  4 3   0.24E+02  0.67E-01  0.99E+01  0.27E+05  0.15E+03
       Cl  4 4   0.28E+02  0.44E-01  0.11E+02  0.32E+05  0.18E+03
       Cl  5 5   0.77E+00  0.19E+00  0.18E+01  0.12E+03  0.22E+02
       Cl  6 5   0.80E+00  0.19E+00  0.19E+01  0.12E+03  0.23E+02
       Cl  6 6   0.83E+00  0.20E+00  0.19E+01  0.12E+03  0.23E+02
       H   1 1   0.39E+02  0.19E+00  0.29E+00  0.78E+05  0.13E+02
       H   2 1   0.41E+02  0.21E+00  0.32E+00  0.82E+05  0.14E+02
       H   2 2   0.43E+02  0.22E+00  0.36E+00  0.86E+05  0.15E+02
     ------------------------------------------------------------

     alpha_pv=     34.0031 eV

     Number of occupied bands for each k-point:
     k-point:     1    nbnd_occ=  42
     k-point:     2    nbnd_occ=  42
     k-point:     3    nbnd_occ=  42
     k-point:     4    nbnd_occ=  42
     k-point:     5    nbnd_occ=  42
     k-point:     6    nbnd_occ=  42
     k-point:     7    nbnd_occ=  42
     k-point:     8    nbnd_occ=  42
     k-point:     9    nbnd_occ=  42
     k-point:    10    nbnd_occ=  42
     k-point:    11    nbnd_occ=  42
     k-point:    12    nbnd_occ=  42
     k-point:    13    nbnd_occ=  42
     k-point:    14    nbnd_occ=  42
     k-point:    15    nbnd_occ=  42
     k-point:    16    nbnd_occ=  42


     q-space interpolation up to   110.00 Rydberg

     GIPAW job: efg                                                                             


     ELECTRIC FIELD GRADIENTS TENSORS IN Hartree/bohrradius^2:

     ----- bare term -----
     Cl   1       -0.250958        0.313318       -0.039492
     Cl   1        0.313318        0.019104        0.013151
     Cl   1       -0.039492        0.013151        0.231854

     C    2       -0.015429       -0.347649       -0.464110
     C    2       -0.347649       -0.116548       -0.673156
     C    2       -0.464110       -0.673156        0.131978

     C    3       -0.400982        0.333423        0.046065
     C    3        0.333423        0.004598       -0.379543
     C    3        0.046065       -0.379543        0.396384

     H    4       -0.283632       -0.380112       -0.338234
     H    4       -0.380112       -0.024615        0.010617
     H    4       -0.338234        0.010617        0.308248

     C    5       -0.181785       -0.278488       -0.372531
     C    5       -0.278488        0.043153       -0.572760
     C    5       -0.372531       -0.572760        0.138632

     H    6        0.246659        0.305912       -0.029425
     H    6        0.305912       -0.604522       -0.281421
     H    6       -0.029425       -0.281421        0.357863

     H    7        0.065486        0.060694        0.350423
     H    7        0.060694        0.020487        0.398454
     H    7        0.350423        0.398454       -0.085973

     C    8       -0.390231       -0.140602       -0.334227
     C    8       -0.140602        0.289039       -0.020834
     C    8       -0.334227       -0.020834        0.101191

     H    9        0.175315        0.015226       -0.348609
     H    9        0.015226        0.141473       -0.291932
     H    9       -0.348609       -0.291932       -0.316788

     C   10        0.215466       -0.111904        0.223215
     C   10       -0.111904       -0.202105        0.104218
     C   10        0.223215        0.104218       -0.013361

     C   11       -0.187819       -0.130325       -0.375520
     C   11       -0.130325        0.085204        0.021882
     C   11       -0.375520        0.021882        0.102614

     Cl  12        0.003230        0.167733        0.175095
     Cl  12        0.167733       -0.119330       -0.271930
     Cl  12        0.175095       -0.271930        0.116100

     H   13        0.133732        0.062814       -0.447906
     H   13        0.062814       -0.053577       -0.347714
     H   13       -0.447906       -0.347714       -0.080155

     C   14       -0.345034        0.464136        0.030344
     C   14        0.464136       -0.013167       -0.255665
     C   14        0.030344       -0.255665        0.358201

     H   15       -0.477682        0.255408       -0.217521
     H   15        0.255408        0.139301       -0.145266
     H   15       -0.217521       -0.145266        0.338381

     C   16        0.065063       -0.202955       -0.409282
     C   16       -0.202955       -0.213455       -0.646000
     C   16       -0.409282       -0.646000        0.148392

     C   17       -0.603519        0.413913       -0.286343
     C   17        0.413913        0.153418       -0.126194
     C   17       -0.286343       -0.126194        0.450101

     Cl  18       -0.020331        0.043742        0.098045
     Cl  18        0.043742       -0.029565       -0.058028
     Cl  18        0.098045       -0.058028        0.049896

     H   19        0.439743       -0.045989        0.091575
     H   19       -0.045989       -0.262709        0.643873
     H   19        0.091575        0.643873       -0.177034

     C   20       -0.032257       -0.465073        0.012450
     C   20       -0.465073       -0.291368        0.343750
     C   20        0.012450        0.343750        0.323624

     H   21        0.103990        0.138784       -0.405696
     H   21        0.138784        0.404866        0.345546
     H   21       -0.405696        0.345546       -0.508855

     C   22       -0.658233       -0.355057       -0.281991
     C   22       -0.355057        0.185244        0.061467
     C   22       -0.281991        0.061467        0.472988

     C   23        0.072735       -0.557807        0.059834
     C   23       -0.557807       -0.266821        0.488644
     C   23        0.059834        0.488644        0.194086

     Cl  24       -0.022769       -0.008257        0.080399
     Cl  24       -0.008257       -0.057406       -0.068199
     Cl  24        0.080399       -0.068199        0.080175

     ----- ionic term -----
     Cl   1        0.122988       -0.189098        0.040873
     Cl   1       -0.189098        0.027099       -0.011679
     Cl   1        0.040873       -0.011679       -0.150087

     C    2        0.166355       -0.119615        0.312082
     C    2       -0.119615        0.138916        0.399161
     C    2        0.312082        0.399161       -0.305271

     C    3        0.208177       -0.243949        0.183232
     C    3       -0.243949        0.178279        0.407209
     C    3        0.183232        0.407209       -0.386456

     H    4        0.752383        0.273514        0.632107
     H    4        0.273514       -0.442721        0.201601
     H    4        0.632107        0.201601       -0.309661

     C    5        0.391622       -0.237686        0.188374
     C    5       -0.237686        0.039839        0.310042
     C    5        0.188374        0.310042       -0.431461

     H    6       -0.480329       -0.019221       -0.011500
     H    6       -0.019221        0.632014        0.722293
     H    6       -0.011500        0.722293       -0.151685

     H    7       -0.518051        0.030190        0.015156
     H    7        0.030190        0.693024       -0.678555
     H    7        0.015156       -0.678555       -0.174973

     C    8        0.161093        0.306808        0.311064
     C    8        0.306808        0.076802       -0.221517
     C    8        0.311064       -0.221517       -0.237895

     H    9        0.575954       -0.178617        0.739456
     H    9       -0.178617       -0.455333       -0.201232
     H    9        0.739456       -0.201232       -0.120621

     C   10        0.086473        0.323786        0.232641
     C   10        0.323786        0.144729       -0.349952
     C   10        0.232641       -0.349952       -0.231202

     C   11        0.039242        0.300505        0.315921
     C   11        0.300505        0.073384       -0.369355
     C   11        0.315921       -0.369355       -0.112626

     Cl  12        0.140640        0.227719        0.047362
     Cl  12        0.227719        0.002116        0.014897
     Cl  12        0.047362        0.014897       -0.142756

     H   13       -0.540355        0.114264        0.088405
     H   13        0.114264        0.576458        0.763029
     H   13        0.088405        0.763029       -0.036103

     C   14        0.218394       -0.131360        0.215211
     C   14       -0.131360        0.049431        0.345693
     C   14        0.215211        0.345693       -0.267825

     H   15        0.703598        0.255728        0.579939
     H   15        0.255728       -0.464500        0.194331
     H   15        0.579939        0.194331       -0.239098

     C   16        0.137772       -0.156306        0.151948
     C   16       -0.156306        0.133343        0.437262
     C   16        0.151948        0.437262       -0.271116

     C   17        0.269689       -0.103005        0.193602
     C   17       -0.103005        0.052406        0.464276
     C   17        0.193602        0.464276       -0.322095

     Cl  18        0.117374       -0.221384       -0.053076
     Cl  18       -0.221384        0.009810        0.037888
     Cl  18       -0.053076        0.037888       -0.127183

     H   19       -0.501348        0.175985       -0.116914
     H   19        0.175985        0.423717       -0.758733
     H   19       -0.116914       -0.758733        0.077631

     C   20        0.136011        0.349293        0.266316
     C   20        0.349293       -0.004980       -0.257303
     C   20        0.266316       -0.257303       -0.131031

     H   21        0.229965       -0.180311        0.773536
     H   21       -0.180311       -0.498456       -0.249843
     H   21        0.773536       -0.249843        0.268491

     C   22        0.040495        0.344632        0.202670
     C   22        0.344632        0.103333       -0.365024
     C   22        0.202670       -0.365024       -0.143828

     C   23        0.058251        0.312192        0.272381
     C   23        0.312192        0.100406       -0.339255
     C   23        0.272381       -0.339255       -0.158657

     Cl  24        0.073641        0.213884        0.023278
     Cl  24        0.213884        0.074438        0.018828
     Cl  24        0.023278        0.018828       -0.148080

     ----- GIPAW term -----
     Cl   1        0.721741       -2.243000       -0.491323
     Cl   1       -2.243000        0.662598        0.402200
     Cl   1       -0.491323        0.402200       -1.384340

     C    2        0.042083       -0.181640        0.005030
     C    2       -0.181640        0.027981       -0.110469
     C    2        0.005030       -0.110469       -0.070064

     C    3       -0.071922       -0.133083        0.096820
     C    3       -0.133083        0.129368       -0.129335
     C    3        0.096820       -0.129335       -0.057446

     H    4       -0.000000        0.000000        0.000000
     H    4        0.000000        0.000000        0.000000
     H    4        0.000000        0.000000        0.000000

     C    5       -0.046761       -0.194982       -0.010242
     C    5       -0.194982        0.151743       -0.183846
     C    5       -0.010242       -0.183846       -0.104982

     H    6       -0.000000        0.000000        0.000000
     H    6        0.000000        0.000000        0.000000
     H    6        0.000000        0.000000        0.000000

     H    7       -0.000000        0.000000        0.000000
     H    7        0.000000        0.000000        0.000000
     H    7        0.000000        0.000000        0.000000

     C    8        0.000322       -0.070640       -0.035027
     C    8       -0.070640        0.045235       -0.008525
     C    8       -0.035027       -0.008525       -0.045557

     H    9       -0.000000        0.000000        0.000000
     H    9        0.000000        0.000000        0.000000
     H    9        0.000000        0.000000        0.000000

     C   10        0.011762        0.006009        0.034172
     C   10        0.006009        0.004636       -0.018351
     C   10        0.034172       -0.018351       -0.016398

     C   11        0.024103       -0.048472       -0.047750
     C   11       -0.048472        0.041938        0.010185
     C   11       -0.047750        0.010185       -0.066041

     Cl  12        0.129476       -0.055607       -0.576738
     Cl  12       -0.055607        0.505496        0.890124
     Cl  12       -0.576738        0.890124       -0.634972

     H   13       -0.000000        0.000000        0.000000
     H   13        0.000000        0.000000        0.000000
     H   13        0.000000        0.000000        0.000000

     C   14        0.052141       -0.128489        0.090406
     C   14       -0.128489        0.036577       -0.056486
     C   14        0.090406       -0.056486       -0.088718

     H   15       -0.000000        0.000000        0.000000
     H   15        0.000000        0.000000        0.000000
     H   15        0.000000        0.000000        0.000000

     C   16        0.015599       -0.134540       -0.058590
     C   16       -0.134540        0.044451       -0.036294
     C   16       -0.058590       -0.036294       -0.060051

     C   17       -0.043547       -0.177373       -0.076639
     C   17       -0.177373        0.142639        0.073027
     C   17       -0.076639        0.073027       -0.099093

     Cl  18       -0.064796       -2.010298       -0.796070
     Cl  18       -2.010298       -0.319602        1.427677
     Cl  18       -0.796070        1.427677        0.384398

     H   19       -0.000000        0.000000        0.000000
     H   19        0.000000        0.000000        0.000000
     H   19        0.000000        0.000000        0.000000

     C   20       -0.016728       -0.215771        0.106915
     C   20       -0.215771        0.033947       -0.070571
     C   20        0.106915       -0.070571       -0.017220

     H   21       -0.000000        0.000000        0.000000
     H   21        0.000000        0.000000        0.000000
     H   21        0.000000        0.000000        0.000000

     C   22       -0.199283       -0.132126        0.043440
     C   22       -0.132126        0.079993       -0.167500
     C   22        0.043440       -0.167500        0.119290

     C   23        0.122380       -0.193019        0.072770
     C   23       -0.193019        0.024320       -0.005562
     C   23        0.072770       -0.005562       -0.146700

     Cl  24        1.155252        1.974483        0.811541
     Cl  24        1.974483       -0.456536       -0.514754
     Cl  24        0.811541       -0.514754       -0.698716

     ----- total EFG -----
     Cl   1        0.593772       -2.118781       -0.489941
     Cl   1       -2.118781        0.708801        0.403673
     Cl   1       -0.489941        0.403673       -1.302573

     C    2        0.193009       -0.648904       -0.146998
     C    2       -0.648904        0.050348       -0.384463
     C    2       -0.146998       -0.384463       -0.243357

     C    3       -0.264727       -0.043608        0.326117
     C    3       -0.043608        0.312245       -0.101669
     C    3        0.326117       -0.101669       -0.047518

     H    4        0.468750       -0.106598        0.293873
     H    4       -0.106598       -0.467337        0.212218
     H    4        0.293873        0.212218       -0.001414

     C    5        0.163076       -0.711156       -0.194399
     C    5       -0.711156        0.234736       -0.446564
     C    5       -0.194399       -0.446564       -0.397812

     H    6       -0.233669        0.286691       -0.040925
     H    6        0.286691        0.027492        0.440872
     H    6       -0.040925        0.440872        0.206178

     H    7       -0.452565        0.090884        0.365579
     H    7        0.090884        0.713511       -0.280102
     H    7        0.365579       -0.280102       -0.260946

     C    8       -0.228816        0.095566       -0.058189
     C    8        0.095566        0.411077       -0.250876
     C    8       -0.058189       -0.250876       -0.182261

     H    9        0.751269       -0.163391        0.390847
     H    9       -0.163391       -0.313860       -0.493164
     H    9        0.390847       -0.493164       -0.437409

     C   10        0.313701        0.217891        0.490028
     C   10        0.217891       -0.052741       -0.264085
     C   10        0.490028       -0.264085       -0.260960

     C   11       -0.124474        0.121708       -0.107349
     C   11        0.121708        0.200526       -0.337287
     C   11       -0.107349       -0.337287       -0.076053

     Cl  12        0.273346        0.339845       -0.354281
     Cl  12        0.339845        0.388282        0.633091
     Cl  12       -0.354281        0.633091       -0.661629

     H   13       -0.406623        0.177078       -0.359502
     H   13        0.177078        0.522881        0.415315
     H   13       -0.359502        0.415315       -0.116258

     C   14       -0.074499        0.204288        0.335961
     C   14        0.204288        0.072840        0.033542
     C   14        0.335961        0.033542        0.001658

     H   15        0.225916        0.511136        0.362418
     H   15        0.511136       -0.325200        0.049066
     H   15        0.362418        0.049066        0.099284

     C   16        0.218435       -0.493801       -0.315923
     C   16       -0.493801       -0.035661       -0.245032
     C   16       -0.315923       -0.245032       -0.182774

     C   17       -0.377377        0.133534       -0.169380
     C   17        0.133534        0.348463        0.411110
     C   17       -0.169380        0.411110        0.028913

     Cl  18        0.032247       -2.187940       -0.751101
     Cl  18       -2.187940       -0.339357        1.407537
     Cl  18       -0.751101        1.407537        0.307111

     H   19       -0.061605        0.129996       -0.025339
     H   19        0.129996        0.161007       -0.114860
     H   19       -0.025339       -0.114860       -0.099403

     C   20        0.087027       -0.331550        0.385681
     C   20       -0.331550       -0.262400        0.015876
     C   20        0.385681        0.015876        0.175373

     H   21        0.333954       -0.041528        0.367840
     H   21       -0.041528       -0.093590        0.095703
     H   21        0.367840        0.095703       -0.240364

     C   22       -0.817020       -0.142551       -0.035880
     C   22       -0.142551        0.368570       -0.471057
     C   22       -0.035880       -0.471057        0.448450

     C   23        0.253365       -0.438634        0.404986
     C   23       -0.438634       -0.142095        0.143828
     C   23        0.404986        0.143828       -0.111271

     Cl  24        1.206124        2.180111        0.915219
     Cl  24        2.180111       -0.439503       -0.564125
     Cl  24        0.915219       -0.564125       -0.766621

     ----- total EFG (symmetrized) -----
     Cl   1        0.593772       -2.118781       -0.489941
     Cl   1       -2.118781        0.708801        0.403673
     Cl   1       -0.489941        0.403673       -1.302573

     C    2        0.193009       -0.648904       -0.146998
     C    2       -0.648904        0.050348       -0.384463
     C    2       -0.146998       -0.384463       -0.243357

     C    3       -0.264727       -0.043608        0.326117
     C    3       -0.043608        0.312245       -0.101669
     C    3        0.326117       -0.101669       -0.047518

     H    4        0.468750       -0.106598        0.293873
     H    4       -0.106598       -0.467337        0.212218
     H    4        0.293873        0.212218       -0.001414

     C    5        0.163076       -0.711156       -0.194399
     C    5       -0.711156        0.234736       -0.446564
     C    5       -0.194399       -0.446564       -0.397812

     H    6       -0.233669        0.286691       -0.040925
     H    6        0.286691        0.027492        0.440872
     H    6       -0.040925        0.440872        0.206178

     H    7       -0.452565        0.090884        0.365579
     H    7        0.090884        0.713511       -0.280102
     H    7        0.365579       -0.280102       -0.260946

     C    8       -0.228816        0.095566       -0.058189
     C    8        0.095566        0.411077       -0.250876
     C    8       -0.058189       -0.250876       -0.182261

     H    9        0.751269       -0.163391        0.390847
     H    9       -0.163391       -0.313860       -0.493164
     H    9        0.390847       -0.493164       -0.437409

     C   10        0.313701        0.217891        0.490028
     C   10        0.217891       -0.052741       -0.264085
     C   10        0.490028       -0.264085       -0.260960

     C   11       -0.124474        0.121708       -0.107349
     C   11        0.121708        0.200526       -0.337287
     C   11       -0.107349       -0.337287       -0.076053

     Cl  12        0.273346        0.339845       -0.354281
     Cl  12        0.339845        0.388282        0.633091
     Cl  12       -0.354281        0.633091       -0.661629

     H   13       -0.406623        0.177078       -0.359502
     H   13        0.177078        0.522881        0.415315
     H   13       -0.359502        0.415315       -0.116258

     C   14       -0.074499        0.204288        0.335961
     C   14        0.204288        0.072840        0.033542
     C   14        0.335961        0.033542        0.001658

     H   15        0.225916        0.511136        0.362418
     H   15        0.511136       -0.325200        0.049066
     H   15        0.362418        0.049066        0.099284

     C   16        0.218435       -0.493801       -0.315923
     C   16       -0.493801       -0.035661       -0.245032
     C   16       -0.315923       -0.245032       -0.182774

     C   17       -0.377377        0.133534       -0.169380
     C   17        0.133534        0.348463        0.411110
     C   17       -0.169380        0.411110        0.028913

     Cl  18        0.032247       -2.187940       -0.751101
     Cl  18       -2.187940       -0.339357        1.407537
     Cl  18       -0.751101        1.407537        0.307111

     H   19       -0.061605        0.129996       -0.025339
     H   19        0.129996        0.161007       -0.114860
     H   19       -0.025339       -0.114860       -0.099403

     C   20        0.087027       -0.331550        0.385681
     C   20       -0.331550       -0.262400        0.015876
     C   20        0.385681        0.015876        0.175373

     H   21        0.333954       -0.041528        0.367840
     H   21       -0.041528       -0.093590        0.095703
     H   21        0.367840        0.095703       -0.240364

     C   22       -0.817020       -0.142551       -0.035880
     C   22       -0.142551        0.368570       -0.471057
     C   22       -0.035880       -0.471057        0.448450

     C   23        0.253365       -0.438634        0.404986
     C   23       -0.438634       -0.142095        0.143828
     C   23        0.404986        0.143828       -0.111271

     Cl  24        1.206124        2.180111        0.915219
     Cl  24        2.180111       -0.439503       -0.564125
     Cl  24        0.915219       -0.564125       -0.766621


     NQR/NMR SPECTROSCOPIC PARAMETERS:
     Cl   1    Vxx=   -1.3560    axis=( -0.284318 -0.456574  0.843033)
     Cl   1    Vyy=   -1.5104    axis=( -0.664271 -0.540236 -0.516613)
     Cl   1    Vzz=    2.8664    axis=(  0.691309 -0.706884 -0.149690)
     Cl   1  Q=        -8.1650 1e-30 m^2  Cq=       -54.9900 MHz  eta= 0.05389

     C    2    Vxx=    0.0045    axis=( -0.498745 -0.326774  0.802790)
     C    2    Vyy=    0.7978    axis=( -0.704707  0.692116 -0.156085)
     C    2    Vzz=   -0.8022    axis=( -0.504620 -0.643579 -0.575470)
     C    2  Q=         1.0000 1e-30 m^2  Cq=        -1.8849 MHz  eta= 0.98888

     C    3    Vxx=    0.1255    axis=(  0.522407  0.498567  0.691753)
     C    3    Vyy=    0.3751    axis=(  0.272432 -0.866324  0.418646)
     C    3    Vzz=   -0.5006    axis=(  0.808005 -0.030248 -0.588399)
     C    3  Q=         1.0000 1e-30 m^2  Cq=        -1.1762 MHz  eta= 0.49863

     H    4    Vxx=   -0.0174    axis=( -0.380357  0.466682  0.798459)
     H    4    Vyy=   -0.5926    axis=(  0.204918  0.884416 -0.419306)
     H    4    Vzz=    0.6100    axis=( -0.901852  0.004132 -0.432025)
     H    4  Q=         1.0000 1e-30 m^2  Cq=         1.4333 MHz  eta= 0.94306

     C    5    Vxx=   -0.0245    axis=(  0.586477  0.353828 -0.728594)
     C    5    Vyy=   -0.9165    axis=(  0.489912  0.561370  0.666971)
     C    5    Vzz=    0.9409    axis=( -0.645004  0.748110 -0.155886)
     C    5  Q=         1.0000 1e-30 m^2  Cq=         2.2108 MHz  eta= 0.94800

     H    6    Vxx=   -0.0516    axis=( -0.738285 -0.390240  0.550134)
     H    6    Vyy=   -0.5444    axis=( -0.646511  0.641908 -0.412283)
     H    6    Vzz=    0.5961    axis=(  0.192246  0.660050  0.726206)
     H    6  Q=         1.0000 1e-30 m^2  Cq=         1.4005 MHz  eta= 0.82674

     H    7    Vxx=   -0.0130    axis=(  0.650628  0.200949  0.732327)
     H    7    Vyy=   -0.7753    axis=(  0.759374 -0.164777 -0.629444)
     H    7    Vzz=    0.7883    axis=(  0.005816 -0.965644  0.259804)
     H    7  Q=         1.0000 1e-30 m^2  Cq=         1.8522 MHz  eta= 0.96699

     C    8    Vxx=   -0.2335    axis=(  0.873794 -0.283371 -0.395201)
     C    8    Vyy=   -0.2856    axis=(  0.464080  0.243086  0.851786)
     C    8    Vzz=    0.5191    axis=(  0.145304  0.927691 -0.343914)
     C    8  Q=         1.0000 1e-30 m^2  Cq=         1.2196 MHz  eta= 0.10032

     H    9    Vxx=   -0.0508    axis=(  0.409937  0.741399 -0.531299)
     H    9    Vyy=   -0.8954    axis=( -0.121926  0.621806  0.773622)
     H    9    Vzz=    0.9462    axis=(  0.903928 -0.252357  0.345297)
     H    9  Q=         1.0000 1e-30 m^2  Cq=         2.2232 MHz  eta= 0.89264

     C   10    Vxx=    0.1140    axis=(  0.133907  0.884105 -0.447692)
     C   10    Vyy=    0.6005    axis=(  0.877850  0.103799  0.467553)
     C   10    Vzz=   -0.7144    axis=( -0.459836  0.455614  0.762212)
     C   10  Q=         1.0000 1e-30 m^2  Cq=        -1.6787 MHz  eta= 0.68091

     C   11    Vxx=   -0.1649    axis=( -0.954297  0.298092 -0.021394)
     C   11    Vyy=   -0.3054    axis=(  0.145006  0.524433  0.839013)
     C   11    Vzz=    0.4703    axis=( -0.261323 -0.797566  0.543690)
     C   11  Q=         1.0000 1e-30 m^2  Cq=         1.1051 MHz  eta= 0.29880

     Cl  12    Vxx=    0.3613    axis=(  0.858106 -0.247091 -0.450111)
     Cl  12    Vyy=    0.7550    axis=( -0.401466 -0.869376 -0.288117)
     Cl  12    Vzz=   -1.1164    axis=(  0.320125 -0.427939  0.845215)
     Cl  12  Q=        -8.1650 1e-30 m^2  Cq=        21.4166 MHz  eta= 0.35267

     H   13    Vxx=    0.0394    axis=(  0.668369  0.328468 -0.667377)
     H   13    Vyy=    0.7273    axis=( -0.000084 -0.897184 -0.441658)
     H   13    Vzz=   -0.7667    axis=( -0.743830  0.295246 -0.599622)
     H   13  Q=         1.0000 1e-30 m^2  Cq=        -1.8015 MHz  eta= 0.89730

     C   14    Vxx=    0.0225    axis=( -0.116689  0.833290 -0.540381)
     C   14    Vyy=    0.3897    axis=(  0.643225  0.477977  0.598163)
     C   14    Vzz=   -0.4122    axis=( -0.756733  0.277788  0.591768)
     C   14  Q=         1.0000 1e-30 m^2  Cq=        -0.9685 MHz  eta= 0.89092

     H   15    Vxx=   -0.0571    axis=( -0.307587 -0.431142  0.848237)
     H   15    Vyy=   -0.6613    axis=(  0.551150 -0.807409 -0.210533)
     H   15    Vzz=    0.7184    axis=(  0.775644  0.402749  0.485973)
     H   15  Q=         1.0000 1e-30 m^2  Cq=         1.6879 MHz  eta= 0.84110

     C   16    Vxx=    0.0917    axis=( -0.244519 -0.566322  0.787077)
     C   16    Vyy=    0.6164    axis=(  0.814509 -0.560380 -0.150166)
     C   16    Vzz=   -0.7081    axis=(  0.526105  0.604363  0.598297)
     C   16  Q=         1.0000 1e-30 m^2  Cq=        -1.6637 MHz  eta= 0.74105

     C   17    Vxx=   -0.0909    axis=(  0.600160  0.441627 -0.666914)
     C   17    Vyy=   -0.5391    axis=( -0.799735  0.347188 -0.489780)
     C   17    Vzz=    0.6300    axis=( -0.015244 -0.827300 -0.561553)
     C   17  Q=         1.0000 1e-30 m^2  Cq=         1.4802 MHz  eta= 0.71143

     Cl  18    Vxx=   -0.4536    axis=(  0.527005 -0.168911  0.832907)
     Cl  18    Vyy=   -2.4720    axis=(  0.601803  0.766177 -0.225400)
     Cl  18    Vzz=    2.9256    axis=( -0.600082  0.620033  0.505430)
     Cl  18  Q=        -8.1650 1e-30 m^2  Cq=       -56.1253 MHz  eta= 0.68992

     H   19    Vxx=   -0.1041    axis=(  0.814018 -0.156874  0.559255)
     H   19    Vyy=   -0.1539    axis=(  0.439840 -0.462375 -0.769903)
     H   19    Vzz=    0.2580    axis=( -0.379363 -0.872697  0.307382)
     H   19  Q=         1.0000 1e-30 m^2  Cq=         0.6061 MHz  eta= 0.19321

     C   20    Vxx=   -0.0375    axis=( -0.395102  0.629682  0.668876)
     C   20    Vyy=   -0.5393    axis=(  0.594063  0.730517 -0.336801)
     C   20    Vzz=    0.5768    axis=( -0.700703  0.264284 -0.662699)
     C   20  Q=         1.0000 1e-30 m^2  Cq=         1.3553 MHz  eta= 0.86998

     H   21    Vxx=   -0.0632    axis=(  0.129948 -0.959835 -0.248656)
     H   21    Vyy=   -0.4503    axis=(  0.419729  0.280455 -0.863234)
     H   21    Vzz=    0.5135    axis=(  0.898299  0.007807  0.439315)
     H   21  Q=         1.0000 1e-30 m^2  Cq=         1.2065 MHz  eta= 0.75394

     C   22    Vxx=   -0.0428    axis=( -0.163557  0.718012  0.676541)
     C   22    Vyy=   -0.8414    axis=( -0.985658 -0.147821 -0.081405)
     C   22    Vzz=    0.8842    axis=(  0.041557 -0.680153  0.731892)
     C   22  Q=         1.0000 1e-30 m^2  Cq=         2.0774 MHz  eta= 0.90317

     C   23    Vxx=    0.0179    axis=(  0.005496 -0.676760 -0.736183)
     C   23    Vyy=    0.6431    axis=( -0.837331  0.399346 -0.373363)
     C   23    Vzz=   -0.6611    axis=(  0.546669  0.618481 -0.564477)
     C   23  Q=         1.0000 1e-30 m^2  Cq=        -1.5532 MHz  eta= 0.94577

     Cl  24    Vxx=   -0.2562    axis=(  0.181366 -0.481598  0.857420)
     Cl  24    Vyy=   -2.5134    axis=( -0.526402  0.688912  0.498298)
     Cl  24    Vzz=    2.7695    axis=( -0.830666 -0.541723 -0.128569)
     Cl  24  Q=        -8.1650 1e-30 m^2  Cq=       -53.1324 MHz  eta= 0.81501

     Initialization:
     gipaw_setup  :      8.78s CPU     10.61s WALL (       1 calls)

     Linear response

     Apply operators

     Induced current

     Other routines
     efg          :      9.40s CPU     11.87s WALL (       1 calls)

     General routines
     calbec       :      3.29s CPU      4.30s WALL (      16 calls)
     fft          :      1.49s CPU      2.22s WALL (      15 calls)
     ffts         :      0.06s CPU      0.09s WALL (       2 calls)
     fftw         :      3.23s CPU      3.98s WALL (     672 calls)
     davcio       :      0.01s CPU      0.31s WALL (      32 calls)

     Parallel routines
     fft_scatter  :      2.02s CPU      3.20s WALL (     689 calls)

     Plugins

     GIPAW        :     61.06s CPU     77.25s WALL (       1 calls)
