
     Program QE v.6.0 (svn rev. 13079) starts on 17Jan2017 at  0:48:32 

     This program is part of the open-source Quantum ESPRESSO suite
     for quantum simulation of materials; please cite
         "P. Giannozzi et al., J. Phys.:Condens. Matter 21 395502 (2009);
          URL http://www.quantum-espresso.org", 
     in publications or presentations arising from this work. More details at
     http://www.quantum-espresso.org/quote

     Parallel version (MPI), running on     8 processors
     R & G space division:  proc/nbgrp/npool/nimage =       8

     ***** This is GIPAW svn revision unknown      *****

     Parallelizing q-star over 1 images

     Reading data from directory:
     /users/majewski/paradichlorobenzene/pbe/9_constraint/scratch/pbe.ecut100.np8.dt60.pcl2phi-129368.save
     Message from routine read_xml_file:
     file /users/majewski/paradichlorobenzene/pbe/9_constraint/scratch/pbe.ecut100.np8.dt60.pcl2phi-129368.save not guaranteed to be safe for post-processing

   Info: using nr1, nr2, nr3 values from input

   Info: using nr1, nr2, nr3 values from input

     IMPORTANT: XC functional enforced from input :
     Exchange-correlation      =  SLA  PW   PBX  PBC ( 1  4  3  4 0 0)
     Any further DFT definition will be discarded
     Please, verify this is what you really want

               file C.pbe-n-kjpaw_psl.1.0.0.UPF: wavefunction(s)  2S 2P renormalized
               file Cl.pbe-n-kjpaw_psl.1.0.0.UPF: wavefunction(s)  3S 3P renormalized
               file H.pbe-kjpaw_psl.1.0.0.UPF: wavefunction(s)  1S renormalized

     Parallelization info
     --------------------
     sticks:   dense  smooth     PW     G-vecs:    dense   smooth      PW
     Min        3057    1223    332               144436    36536    5170
     Max        3059    1225    333               144437    36537    5171
     Sum       24467    9791   2657              1155489   292295   41363


     Subspace diagonalization in iterative solution of the eigenvalue problem:
     a serial algorithm will be used

     GIPAW projectors -----------------------------------------------
     atom=  C    l=0  rc=    1.2000  rs=    0.8000
     atom=  C    l=0  rc=    1.2000  rs=    0.8000
     atom=  C    l=1  rc=    1.4000  rs=    0.9333
     atom=  C    l=1  rc=    1.4000  rs=    0.9333
     projs nearly linearly dependent: l=1  n1,n2= 1, 2  s=  0.99951561

     atom=  Cl   l=0  rc=    1.6000  rs=    1.0667
     atom=  Cl   l=0  rc=    1.6000  rs=    1.0667
     atom=  Cl   l=1  rc=    1.6000  rs=    1.0667
     atom=  Cl   l=1  rc=    1.6000  rs=    1.0667
     atom=  Cl   l=2  rc=    1.6000  rs=    1.0667
     atom=  Cl   l=2  rc=    1.6000  rs=    1.0667
     projs nearly linearly dependent: l=2  n1,n2= 1, 2  s=  0.99993509

     atom=  H    l=0  rc=    1.0000  rs=    0.6667
     atom=  H    l=0  rc=    1.0000  rs=    0.6667
     projs nearly linearly dependent: l=0  n1,n2= 1, 2  s=  0.99968852
     -----------------------------------------------------------------

     GIPAW integrals: -------------------------------------------
     Atom  i/j   nmr_para   nmr_dia   epr_rmc  epr_para   epr_dia
       C   1 1   0.83E+03  0.17E-01  0.93E+01  0.24E+08  0.24E+03
       C   2 1   0.86E+03 -0.61E-01  0.94E+01  0.25E+08  0.25E+03
       C   2 2   0.90E+03 -0.15E+00  0.97E+01  0.26E+08  0.26E+03
       C   3 3   0.33E+01  0.34E+00  0.18E+01  0.55E+03  0.21E+02
       C   4 3   0.35E+01  0.37E+00  0.20E+01  0.59E+03  0.22E+02
       C   4 4   0.38E+01  0.39E+00  0.22E+01  0.63E+03  0.24E+02
       Cl  1 1   0.14E+04 -0.47E+00  0.84E+01  0.32E+09  0.42E+03
       Cl  2 1   0.21E+04 -0.37E+00  0.12E+02  0.49E+09  0.65E+03
       Cl  2 2   0.33E+04 -0.16E+00  0.21E+02  0.76E+09  0.10E+04
       Cl  3 3   0.21E+02  0.79E-01  0.89E+01  0.23E+05  0.13E+03
       Cl  4 3   0.24E+02  0.67E-01  0.99E+01  0.27E+05  0.15E+03
       Cl  4 4   0.28E+02  0.44E-01  0.11E+02  0.32E+05  0.18E+03
       Cl  5 5   0.77E+00  0.19E+00  0.18E+01  0.12E+03  0.22E+02
       Cl  6 5   0.80E+00  0.19E+00  0.19E+01  0.12E+03  0.23E+02
       Cl  6 6   0.83E+00  0.20E+00  0.19E+01  0.12E+03  0.23E+02
       H   1 1   0.39E+02  0.19E+00  0.29E+00  0.78E+05  0.13E+02
       H   2 1   0.41E+02  0.21E+00  0.32E+00  0.82E+05  0.14E+02
       H   2 2   0.43E+02  0.22E+00  0.36E+00  0.86E+05  0.15E+02
     ------------------------------------------------------------

     alpha_pv=     34.2137 eV

     Number of occupied bands for each k-point:
     k-point:     1    nbnd_occ=  42
     k-point:     2    nbnd_occ=  42
     k-point:     3    nbnd_occ=  42
     k-point:     4    nbnd_occ=  42
     k-point:     5    nbnd_occ=  42
     k-point:     6    nbnd_occ=  42
     k-point:     7    nbnd_occ=  42
     k-point:     8    nbnd_occ=  42
     k-point:     9    nbnd_occ=  42
     k-point:    10    nbnd_occ=  42
     k-point:    11    nbnd_occ=  42
     k-point:    12    nbnd_occ=  42
     k-point:    13    nbnd_occ=  42
     k-point:    14    nbnd_occ=  42
     k-point:    15    nbnd_occ=  42
     k-point:    16    nbnd_occ=  42


     q-space interpolation up to   110.00 Rydberg

     GIPAW job: efg                                                                             


     ELECTRIC FIELD GRADIENTS TENSORS IN Hartree/bohrradius^2:

     ----- bare term -----
     Cl   1       -0.151936        0.267664        0.011260
     Cl   1        0.267664       -0.129954        0.009626
     Cl   1        0.011260        0.009626        0.281890

     C    2        0.249149        0.014528       -0.212728
     C    2        0.014528       -0.251824       -0.605569
     C    2       -0.212728       -0.605569        0.002675

     C    3       -0.410876        0.155826        0.013103
     C    3        0.155826       -0.184182        0.092746
     C    3        0.013103        0.092746        0.595058

     H    4       -0.026589       -0.310113       -0.118811
     H    4       -0.310113       -0.357296       -0.000037
     H    4       -0.118811       -0.000037        0.383886

     C    5        0.183648       -0.108744       -0.268038
     C    5       -0.108744       -0.260409       -0.179764
     C    5       -0.268038       -0.179764        0.076761

     H    6        0.353712       -0.075175       -0.004270
     H    6       -0.075175       -0.630344        0.102373
     H    6       -0.004270        0.102373        0.276632

     H    7        0.482007        0.065669        0.149486
     H    7        0.065669       -0.172168        0.311141
     H    7        0.149486        0.311141       -0.309839

     C    8       -0.526945       -0.232967       -0.267973
     C    8       -0.232967        0.283629       -0.010848
     C    8       -0.267973       -0.010848        0.243316

     H    9        0.110294       -0.021196       -0.436245
     H    9       -0.021196        0.102275       -0.276301
     H    9       -0.436245       -0.276301       -0.212569

     C   10        0.147138       -0.222246       -0.068112
     C   10       -0.222246       -0.111846        0.518134
     C   10       -0.068112        0.518134       -0.035292

     C   11       -0.539611       -0.413707       -0.375504
     C   11       -0.413707        0.261413        0.200882
     C   11       -0.375504        0.200882        0.278199

     Cl  12        0.003950       -0.028801       -0.074268
     Cl  12       -0.028801        0.040943        0.055188
     Cl  12       -0.074268        0.055188       -0.044893

     H   13        0.415017       -0.219204        0.092591
     H   13       -0.219204       -0.552891       -0.083128
     H   13        0.092591       -0.083128        0.137874

     C   14       -0.840624        0.345357       -0.432008
     C   14        0.345357        0.334384       -0.034526
     C   14       -0.432008       -0.034526        0.506240

     H   15       -0.521393       -0.231651        0.210273
     H   15       -0.231651        0.396131       -0.122131
     H   15        0.210273       -0.122131        0.125263

     C   16        0.118541        0.031171       -0.106484
     C   16        0.031171       -0.541634       -0.376424
     C   16       -0.106484       -0.376424        0.423093

     C   17       -0.715529        0.473979       -0.275338
     C   17        0.473979        0.268825       -0.125703
     C   17       -0.275338       -0.125703        0.446704

     Cl  18        0.037814       -0.173315       -0.059534
     Cl  18       -0.173315        0.052951        0.059996
     Cl  18       -0.059534        0.059996       -0.090765

     H   19        0.429631       -0.068090        0.076263
     H   19       -0.068090       -0.411177        0.633289
     H   19        0.076263        0.633289       -0.018454

     C   20       -0.138216        0.026296       -0.281798
     C   20        0.026296        0.034564        0.447733
     C   20       -0.281798        0.447733        0.103652

     H   21        0.038098        0.100373       -0.315234
     H   21        0.100373        0.116320        0.550382
     H   21       -0.315234        0.550382       -0.154418

     C   22       -0.741072       -0.345599       -0.266027
     C   22       -0.345599        0.357691        0.143021
     C   22       -0.266027        0.143021        0.383380

     C   23        0.100710       -0.090526       -0.131116
     C   23       -0.090526       -0.021746        0.593469
     C   23       -0.131116        0.593469       -0.078964

     Cl  24       -0.150816       -0.246014       -0.004119
     Cl  24       -0.246014       -0.030529        0.016767
     Cl  24       -0.004119        0.016767        0.181345

     ----- ionic term -----
     Cl   1        0.157767       -0.155564       -0.010659
     Cl   1       -0.155564       -0.005367        0.009484
     Cl   1       -0.010659        0.009484       -0.152400

     C    2        0.290807       -0.031812        0.127687
     C    2       -0.031812        0.227226        0.335229
     C    2        0.127687        0.335229       -0.518033

     C    3        0.227887       -0.203045        0.136191
     C    3       -0.203045        0.270898        0.322748
     C    3        0.136191        0.322748       -0.498786

     H    4        0.583457        0.491384        0.542572
     H    4        0.491384       -0.233063        0.283214
     H    4        0.542572        0.283214       -0.350394

     C    5        0.379126       -0.135372        0.196788
     C    5       -0.135372        0.148337        0.245195
     C    5        0.196788        0.245195       -0.527463

     H    6       -0.528389        0.107113        0.044535
     H    6        0.107113        0.932486        0.473746
     H    6        0.044535        0.473746       -0.404096

     H    7       -0.515852       -0.098107        0.076143
     H    7       -0.098107        0.660589       -0.719509
     H    7        0.076143       -0.719509       -0.144737

     C    8        0.297444        0.177983        0.322740
     C    8        0.177983       -0.037005       -0.319491
     C    8        0.322740       -0.319491       -0.260439

     H    9        0.439986       -0.173501        0.767406
     H    9       -0.173501       -0.461619       -0.214700
     H    9        0.767406       -0.214700        0.021633

     C   10        0.151314        0.279107        0.202318
     C   10        0.279107        0.086183       -0.390456
     C   10        0.202318       -0.390456       -0.237497

     C   11        0.159939        0.209597        0.317551
     C   11        0.209597        0.032250       -0.402565
     C   11        0.317551       -0.402565       -0.192188

     Cl  12        0.155025        0.225108        0.022454
     Cl  12        0.225108       -0.015363        0.006576
     Cl  12        0.022454        0.006576       -0.139661

     H   13       -0.508629        0.178834        0.056677
     H   13        0.178834        0.943752        0.445650
     H   13        0.056677        0.445650       -0.435123

     C   14        0.392272       -0.040982        0.157391
     C   14       -0.040982        0.177765        0.233964
     C   14        0.157391        0.233964       -0.570037

     H   15        0.737105        0.511799        0.399170
     H   15        0.511799       -0.234132        0.206717
     H   15        0.399170        0.206717       -0.502973

     C   16        0.254083       -0.185293        0.102007
     C   16       -0.185293        0.312751        0.248880
     C   16        0.102007        0.248880       -0.566834

     C   17        0.331362       -0.126736        0.174569
     C   17       -0.126736        0.215696        0.273564
     C   17        0.174569        0.273564       -0.547058

     Cl  18        0.217609       -0.243013       -0.002385
     Cl  18       -0.243013       -0.041191        0.004188
     Cl  18       -0.002385        0.004188       -0.176417

     H   19       -0.527859        0.027689        0.002350
     H   19        0.027689        0.429683       -0.788293
     H   19        0.002350       -0.788293        0.098175

     C   20        0.259060        0.255317        0.293537
     C   20        0.255317       -0.057851       -0.326668
     C   20        0.293537       -0.326668       -0.201209

     H   21        0.254639       -0.179209        0.782372
     H   21       -0.179209       -0.509267       -0.272446
     H   21        0.782372       -0.272446        0.254628

     C   22        0.087218        0.329992        0.183853
     C   22        0.329992        0.083752       -0.439018
     C   22        0.183853       -0.439018       -0.170970

     C   23        0.212220        0.230361        0.333209
     C   23        0.230361       -0.004086       -0.412549
     C   23        0.333209       -0.412549       -0.208134

     Cl  24        0.157657        0.204208        0.032034
     Cl  24        0.204208        0.008750        0.013273
     Cl  24        0.032034        0.013273       -0.166407

     ----- GIPAW term -----
     Cl   1       -0.972958        0.485976       -0.173280
     Cl   1        0.485976        2.406747       -0.441661
     Cl   1       -0.173280       -0.441661       -1.433789

     C    2       -0.020561       -0.002444       -0.011747
     C    2       -0.002444        0.138887        0.040433
     C    2       -0.011747        0.040433       -0.118326

     C    3       -0.007706       -0.044212        0.013702
     C    3       -0.044212       -0.019505        0.027581
     C    3        0.013702        0.027581        0.027211

     H    4       -0.000000        0.000000        0.000000
     H    4        0.000000        0.000000        0.000000
     H    4        0.000000        0.000000        0.000000

     C    5        0.016631       -0.010843       -0.019823
     C    5       -0.010843        0.041483        0.004779
     C    5       -0.019823        0.004779       -0.058113

     H    6       -0.000000        0.000000        0.000000
     H    6        0.000000        0.000000        0.000000
     H    6        0.000000        0.000000        0.000000

     H    7       -0.000000        0.000000        0.000000
     H    7        0.000000        0.000000        0.000000
     H    7        0.000000        0.000000        0.000000

     C    8       -0.066652       -0.053286       -0.024887
     C    8       -0.053286        0.090446        0.010697
     C    8       -0.024887        0.010697       -0.023795

     H    9       -0.000000        0.000000        0.000000
     H    9        0.000000        0.000000        0.000000
     H    9        0.000000        0.000000        0.000000

     C   10       -0.056210       -0.071124       -0.015199
     C   10       -0.071124        0.153635        0.107238
     C   10       -0.015199        0.107238       -0.097424

     C   11       -0.127110       -0.060455       -0.055515
     C   11       -0.060455        0.237974        0.079934
     C   11       -0.055515        0.079934       -0.110864

     Cl  12       -0.141607        1.453275       -0.328718
     Cl  12        1.453275        2.155952        1.483655
     Cl  12       -0.328718        1.483655       -2.014344

     H   13       -0.000000        0.000000        0.000000
     H   13        0.000000        0.000000        0.000000
     H   13        0.000000        0.000000        0.000000

     C   14       -0.150982        0.015366       -0.045594
     C   14        0.015366        0.054753        0.128257
     C   14       -0.045594        0.128257        0.096229

     H   15       -0.000000        0.000000        0.000000
     H   15        0.000000        0.000000        0.000000
     H   15        0.000000        0.000000        0.000000

     C   16       -0.076900       -0.048066       -0.046081
     C   16       -0.048066       -0.068331        0.142575
     C   16       -0.046081        0.142575        0.145231

     C   17       -0.131820       -0.080201       -0.025104
     C   17       -0.080201        0.231422        0.014641
     C   17       -0.025104        0.014641       -0.099602

     Cl  18        1.454737       -3.460747       -0.643746
     Cl  18       -3.460747        0.637380        0.621824
     Cl  18       -0.643746        0.621824       -2.092117

     H   19       -0.000000        0.000000        0.000000
     H   19        0.000000        0.000000        0.000000
     H   19        0.000000        0.000000        0.000000

     C   20       -0.116183        0.045053       -0.036933
     C   20        0.045053        0.252357        0.019014
     C   20       -0.036933        0.019014       -0.136174

     H   21       -0.000000        0.000000        0.000000
     H   21        0.000000        0.000000        0.000000
     H   21        0.000000        0.000000        0.000000

     C   22       -0.243218        0.000717       -0.047132
     C   22        0.000717        0.323655       -0.032228
     C   22       -0.047132       -0.032228       -0.080437

     C   23       -0.025138       -0.043417       -0.016724
     C   23       -0.043417        0.199742        0.069282
     C   23       -0.016724        0.069282       -0.174604

     Cl  24       -0.674165       -0.664178        0.202011
     Cl  24       -0.664178        2.363011       -0.835212
     Cl  24        0.202011       -0.835212       -1.688846

     ----- total EFG -----
     Cl   1       -0.967127        0.598076       -0.172680
     Cl   1        0.598076        2.271426       -0.422551
     Cl   1       -0.172680       -0.422551       -1.304299

     C    2        0.519394       -0.019728       -0.096788
     C    2       -0.019728        0.114290       -0.229908
     C    2       -0.096788       -0.229908       -0.633684

     C    3       -0.190695       -0.091431        0.162996
     C    3       -0.091431        0.067212        0.443075
     C    3        0.162996        0.443075        0.123483

     H    4        0.556868        0.181271        0.423761
     H    4        0.181271       -0.590360        0.283177
     H    4        0.423761        0.283177        0.033492

     C    5        0.579405       -0.254959       -0.091074
     C    5       -0.254959       -0.070589        0.070210
     C    5       -0.091074        0.070210       -0.508816

     H    6       -0.174678        0.031939        0.040265
     H    6        0.031939        0.302141        0.576119
     H    6        0.040265        0.576119       -0.127464

     H    7       -0.033845       -0.032438        0.225629
     H    7       -0.032438        0.488421       -0.408368
     H    7        0.225629       -0.408368       -0.454576

     C    8       -0.296153       -0.108270        0.029880
     C    8       -0.108270        0.337071       -0.319643
     C    8        0.029880       -0.319643       -0.040918

     H    9        0.550281       -0.194697        0.331161
     H    9       -0.194697       -0.359344       -0.491001
     H    9        0.331161       -0.491001       -0.190936

     C   10        0.242242       -0.014263        0.119007
     C   10       -0.014263        0.127972        0.234916
     C   10        0.119007        0.234916       -0.370214

     C   11       -0.506783       -0.264566       -0.113468
     C   11       -0.264566        0.531636       -0.121750
     C   11       -0.113468       -0.121750       -0.024853

     Cl  12        0.017368        1.649583       -0.380533
     Cl  12        1.649583        2.181531        1.545418
     Cl  12       -0.380533        1.545418       -2.198898

     H   13       -0.093612       -0.040371        0.149268
     H   13       -0.040371        0.390861        0.362522
     H   13        0.149268        0.362522       -0.297249

     C   14       -0.599334        0.319741       -0.320211
     C   14        0.319741        0.566901        0.327695
     C   14       -0.320211        0.327695        0.032432

     H   15        0.215712        0.280148        0.609442
     H   15        0.280148        0.161999        0.084586
     H   15        0.609442        0.084586       -0.377711

     C   16        0.295724       -0.202188       -0.050559
     C   16       -0.202188       -0.297214        0.015031
     C   16       -0.050559        0.015031        0.001490

     C   17       -0.515988        0.267042       -0.125873
     C   17        0.267042        0.715944        0.162502
     C   17       -0.125873        0.162502       -0.199956

     Cl  18        1.710160       -3.877075       -0.705664
     Cl  18       -3.877075        0.649140        0.686008
     Cl  18       -0.705664        0.686008       -2.359300

     H   19       -0.098228       -0.040401        0.078613
     H   19       -0.040401        0.018507       -0.155005
     H   19        0.078613       -0.155005        0.079721

     C   20        0.004661        0.326666       -0.025195
     C   20        0.326666        0.229070        0.140079
     C   20       -0.025195        0.140079       -0.233732

     H   21        0.292738       -0.078836        0.467137
     H   21       -0.078836       -0.392947        0.277937
     H   21        0.467137        0.277937        0.100210

     C   22       -0.897072       -0.014890       -0.129306
     C   22       -0.014890        0.765098       -0.328225
     C   22       -0.129306       -0.328225        0.131973

     C   23        0.287792        0.096418        0.185370
     C   23        0.096418        0.173910        0.250203
     C   23        0.185370        0.250203       -0.461702

     Cl  24       -0.667324       -0.705983        0.229926
     Cl  24       -0.705983        2.341232       -0.805173
     Cl  24        0.229926       -0.805173       -1.673908

     ----- total EFG (symmetrized) -----
     Cl   1       -0.967127        0.598076       -0.172680
     Cl   1        0.598076        2.271426       -0.422551
     Cl   1       -0.172680       -0.422551       -1.304299

     C    2        0.519394       -0.019728       -0.096788
     C    2       -0.019728        0.114290       -0.229908
     C    2       -0.096788       -0.229908       -0.633684

     C    3       -0.190695       -0.091431        0.162996
     C    3       -0.091431        0.067212        0.443075
     C    3        0.162996        0.443075        0.123483

     H    4        0.556868        0.181271        0.423761
     H    4        0.181271       -0.590360        0.283177
     H    4        0.423761        0.283177        0.033492

     C    5        0.579405       -0.254959       -0.091074
     C    5       -0.254959       -0.070589        0.070210
     C    5       -0.091074        0.070210       -0.508816

     H    6       -0.174678        0.031939        0.040265
     H    6        0.031939        0.302141        0.576119
     H    6        0.040265        0.576119       -0.127464

     H    7       -0.033845       -0.032438        0.225629
     H    7       -0.032438        0.488421       -0.408368
     H    7        0.225629       -0.408368       -0.454576

     C    8       -0.296153       -0.108270        0.029880
     C    8       -0.108270        0.337071       -0.319643
     C    8        0.029880       -0.319643       -0.040918

     H    9        0.550281       -0.194697        0.331161
     H    9       -0.194697       -0.359344       -0.491001
     H    9        0.331161       -0.491001       -0.190936

     C   10        0.242242       -0.014263        0.119007
     C   10       -0.014263        0.127972        0.234916
     C   10        0.119007        0.234916       -0.370214

     C   11       -0.506783       -0.264566       -0.113468
     C   11       -0.264566        0.531636       -0.121750
     C   11       -0.113468       -0.121750       -0.024853

     Cl  12        0.017368        1.649583       -0.380533
     Cl  12        1.649583        2.181531        1.545418
     Cl  12       -0.380533        1.545418       -2.198898

     H   13       -0.093612       -0.040371        0.149268
     H   13       -0.040371        0.390861        0.362522
     H   13        0.149268        0.362522       -0.297249

     C   14       -0.599334        0.319741       -0.320211
     C   14        0.319741        0.566901        0.327695
     C   14       -0.320211        0.327695        0.032432

     H   15        0.215712        0.280148        0.609442
     H   15        0.280148        0.161999        0.084586
     H   15        0.609442        0.084586       -0.377711

     C   16        0.295724       -0.202188       -0.050559
     C   16       -0.202188       -0.297214        0.015031
     C   16       -0.050559        0.015031        0.001490

     C   17       -0.515988        0.267042       -0.125873
     C   17        0.267042        0.715944        0.162502
     C   17       -0.125873        0.162502       -0.199956

     Cl  18        1.710160       -3.877075       -0.705664
     Cl  18       -3.877075        0.649140        0.686008
     Cl  18       -0.705664        0.686008       -2.359300

     H   19       -0.098228       -0.040401        0.078613
     H   19       -0.040401        0.018507       -0.155005
     H   19        0.078613       -0.155005        0.079721

     C   20        0.004661        0.326666       -0.025195
     C   20        0.326666        0.229070        0.140079
     C   20       -0.025195        0.140079       -0.233732

     H   21        0.292738       -0.078836        0.467137
     H   21       -0.078836       -0.392947        0.277937
     H   21        0.467137        0.277937        0.100210

     C   22       -0.897072       -0.014890       -0.129306
     C   22       -0.014890        0.765098       -0.328225
     C   22       -0.129306       -0.328225        0.131973

     C   23        0.287792        0.096418        0.185370
     C   23        0.096418        0.173910        0.250203
     C   23        0.185370        0.250203       -0.461702

     Cl  24       -0.667324       -0.705983        0.229926
     Cl  24       -0.705983        2.341232       -0.805173
     Cl  24        0.229926       -0.805173       -1.673908


     NQR/NMR SPECTROSCOPIC PARAMETERS:
     Cl   1    Vxx=   -1.0452    axis=(  0.935231 -0.205385 -0.288374)
     Cl   1    Vyy=   -1.3865    axis=(  0.306081  0.059711  0.950131)
     Cl   1    Vzz=    2.4317    axis=( -0.177924 -0.976858  0.118709)
     Cl   1  Q=        -8.1650 1e-30 m^2  Cq=       -46.6511 MHz  eta= 0.14034

     C    2    Vxx=    0.1792    axis=( -0.020930  0.962689 -0.269801)
     C    2    Vyy=    0.5275    axis=(  0.996568 -0.001530 -0.082767)
     C    2    Vzz=   -0.7066    axis=(  0.080091  0.270607  0.959353)
     C    2  Q=         1.0000 1e-30 m^2  Cq=        -1.6603 MHz  eta= 0.49293

     C    3    Vxx=   -0.0783    axis=(  0.832464 -0.452126  0.320292)
     C    3    Vyy=   -0.4655    axis=(  0.548237  0.588395 -0.594330)
     C    3    Vzz=    0.5438    axis=(  0.080253  0.670354  0.737689)
     C    3  Q=         1.0000 1e-30 m^2  Cq=         1.2778 MHz  eta= 0.71196

     H    4    Vxx=   -0.1550    axis=( -0.542916  0.287225  0.789141)
     H    4    Vyy=   -0.7000    axis=( -0.016340  0.935901 -0.351883)
     H    4    Vzz=    0.8550    axis=( -0.839628 -0.203937 -0.503422)
     H    4  Q=         1.0000 1e-30 m^2  Cq=         2.0088 MHz  eta= 0.63746

     C    5    Vxx=   -0.1550    axis=(  0.337275  0.936190  0.098963)
     C    5    Vyy=   -0.5225    axis=( -0.053225  0.123918 -0.990864)
     C    5    Vzz=    0.6775    axis=( -0.939900  0.328926  0.091623)
     C    5  Q=         1.0000 1e-30 m^2  Cq=         1.5919 MHz  eta= 0.54238

     H    6    Vxx=   -0.1768    axis=( -0.997545  0.069964 -0.002861)
     H    6    Vyy=   -0.5281    axis=( -0.042227 -0.568475  0.821616)
     H    6    Vzz=    0.7050    axis=( -0.055857 -0.819720 -0.570034)
     H    6  Q=         1.0000 1e-30 m^2  Cq=         1.6564 MHz  eta= 0.49840

     H    7    Vxx=    0.0119    axis=(  0.938753  0.258837  0.227477)
     H    7    Vyy=    0.6587    axis=( -0.162982  0.915144 -0.368712)
     H    7    Vzz=   -0.6706    axis=( -0.303610  0.309055  0.901280)
     H    7  Q=         1.0000 1e-30 m^2  Cq=        -1.5757 MHz  eta= 0.96455

     C    8    Vxx=   -0.2153    axis=( -0.274489  0.440721  0.854646)
     C    8    Vyy=   -0.3184    axis=( -0.952734 -0.244996 -0.179654)
     C    8    Vzz=    0.5337    axis=(  0.130207 -0.863563  0.487139)
     C    8  Q=         1.0000 1e-30 m^2  Cq=         1.2540 MHz  eta= 0.19301

     H    9    Vxx=   -0.0242    axis=( -0.546057 -0.575149  0.609118)
     H    9    Vyy=   -0.7768    axis=(  0.054488 -0.749934 -0.659265)
     H    9    Vzz=    0.8010    axis=(  0.835974 -0.326806  0.440846)
     H    9  Q=         1.0000 1e-30 m^2  Cq=         1.8821 MHz  eta= 0.93959

     C   10    Vxx=    0.2049    axis=(  0.469502 -0.847130 -0.248877)
     C   10    Vyy=    0.2772    axis=(  0.868636  0.392653  0.302152)
     C   10    Vzz=   -0.4821    axis=( -0.158240 -0.358044  0.920198)
     C   10  Q=         1.0000 1e-30 m^2  Cq=        -1.1327 MHz  eta= 0.14997

     C   11    Vxx=   -0.0049    axis=( -0.263567  0.088020  0.960617)
     C   11    Vyy=   -0.6040    axis=(  0.940597  0.244403  0.235680)
     C   11    Vzz=    0.6088    axis=( -0.214034  0.965670 -0.147208)
     C   11  Q=         1.0000 1e-30 m^2  Cq=         1.4305 MHz  eta= 0.98398

     Cl  12    Vxx=   -0.3632    axis=(  0.855064 -0.295541 -0.426054)
     Cl  12    Vyy=   -2.9732    axis=( -0.311984  0.363064 -0.877981)
     Cl  12    Vzz=    3.3364    axis=(  0.414164  0.883651  0.218239)
     Cl  12  Q=        -8.1650 1e-30 m^2  Cq=       -64.0064 MHz  eta= 0.78229

     H   13    Vxx=   -0.0380    axis=(  0.937637 -0.168680  0.303946)
     H   13    Vyy=   -0.5094    axis=(  0.345816  0.363790 -0.864910)
     H   13    Vzz=    0.5474    axis=(  0.035321  0.916081  0.399435)
     H   13  Q=         1.0000 1e-30 m^2  Cq=         1.2861 MHz  eta= 0.86129

     C   14    Vxx=    0.1177    axis=( -0.488112 -0.260273  0.833070)
     C   14    Vyy=    0.7428    axis=(  0.132330  0.921395  0.365403)
     C   14    Vzz=   -0.8604    axis=( -0.862691  0.288598 -0.415302)
     C   14  Q=         1.0000 1e-30 m^2  Cq=        -2.0217 MHz  eta= 0.72649

     H   15    Vxx=    0.0291    axis=(  0.330009 -0.891987  0.308954)
     H   15    Vyy=    0.7366    axis=(  0.771788  0.443405  0.455780)
     H   15    Vzz=   -0.7656    axis=( -0.543542  0.088036  0.834753)
     H   15  Q=         1.0000 1e-30 m^2  Cq=        -1.7989 MHz  eta= 0.92410

     C   16    Vxx=   -0.0061    axis=(  0.136486 -0.043700  0.989678)
     C   16    Vyy=   -0.3596    axis=( -0.294926 -0.955519 -0.001519)
     C   16    Vzz=    0.3657    axis=(  0.945722 -0.291675 -0.143303)
     C   16  Q=         1.0000 1e-30 m^2  Cq=         0.8593 MHz  eta= 0.96639

     C   17    Vxx=   -0.1598    axis=( -0.371432 -0.058678  0.926604)
     C   17    Vyy=   -0.6299    axis=( -0.909660  0.222818 -0.350530)
     C   17    Vzz=    0.7897    axis=( -0.185896 -0.973092 -0.136139)
     C   17  Q=         1.0000 1e-30 m^2  Cq=         1.8555 MHz  eta= 0.59531

     Cl  18    Vxx=   -2.4760    axis=(  0.226493  0.067698  0.971657)
     Cl  18    Vyy=   -2.7443    axis=(  0.625417  0.754656 -0.198363)
     Cl  18    Vzz=    5.2203    axis=( -0.746696  0.652619  0.128585)
     Cl  18  Q=        -8.1650 1e-30 m^2  Cq=      -100.1483 MHz  eta= 0.05139

     H   19    Vxx=   -0.0959    axis=( -0.562739 -0.728350 -0.390936)
     H   19    Vyy=   -0.1340    axis=(  0.786222 -0.325530 -0.525248)
     H   19    Vzz=    0.2299    axis=(  0.255302 -0.602940  0.755833)
     H   19  Q=         1.0000 1e-30 m^2  Cq=         0.5402 MHz  eta= 0.16576

     C   20    Vxx=   -0.1369    axis=(  0.665539 -0.339679 -0.664587)
     C   20    Vyy=   -0.3396    axis=(  0.495210 -0.465233  0.733706)
     C   20    Vzz=    0.4765    axis=( -0.558413 -0.817420 -0.141418)
     C   20  Q=         1.0000 1e-30 m^2  Cq=         1.1195 MHz  eta= 0.42533

     H   21    Vxx=   -0.0724    axis=( -0.567931  0.614473  0.547610)
     H   21    Vyy=   -0.6141    axis=(  0.338425  0.780813 -0.525167)
     H   21    Vzz=    0.6864    axis=( -0.750282 -0.112933 -0.651401)
     H   21  Q=         1.0000 1e-30 m^2  Cq=         1.6129 MHz  eta= 0.78909

     C   22    Vxx=    0.0097    axis=( -0.136158  0.392536  0.909602)
     C   22    Vyy=    0.9053    axis=(  0.020640  0.919078 -0.393535)
     C   22    Vzz=   -0.9150    axis=( -0.990472 -0.034809 -0.133242)
     C   22  Q=         1.0000 1e-30 m^2  Cq=        -2.1499 MHz  eta= 0.97883

     C   23    Vxx=    0.1348    axis=(  0.632393 -0.764627 -0.124198)
     C   23    Vyy=    0.4383    axis=(  0.755822  0.573909  0.315217)
     C   23    Vzz=   -0.5731    axis=( -0.169745 -0.293213  0.940857)
     C   23  Q=         1.0000 1e-30 m^2  Cq=        -1.3466 MHz  eta= 0.52957

     Cl  24    Vxx=   -0.8225    axis=(  0.972383  0.228760  0.046257)
     Cl  24    Vyy=   -1.8374    axis=(  0.087635 -0.174182 -0.980806)
     Cl  24    Vzz=    2.6599    axis=( -0.216313  0.957773 -0.189419)
     Cl  24  Q=        -8.1650 1e-30 m^2  Cq=       -51.0292 MHz  eta= 0.38158

     Initialization:
     gipaw_setup  :      9.21s CPU     11.33s WALL (       1 calls)

     Linear response

     Apply operators

     Induced current

     Other routines
     efg          :      9.29s CPU     11.98s WALL (       1 calls)

     General routines
     calbec       :      3.21s CPU      4.30s WALL (      16 calls)
     fft          :      1.93s CPU      3.29s WALL (      15 calls)
     ffts         :      0.05s CPU      0.07s WALL (       2 calls)
     fftw         :      3.31s CPU      4.22s WALL (     672 calls)
     davcio       :      0.03s CPU      0.34s WALL (      32 calls)

     Parallel routines
     fft_scatter  :      2.70s CPU      4.76s WALL (     689 calls)

     Plugins

     GIPAW        :     61.04s CPU     73.31s WALL (       1 calls)
