
     Program QE v.6.0 (svn rev. 13079) starts on 31Dec2016 at  7:20:21 

     This program is part of the open-source Quantum ESPRESSO suite
     for quantum simulation of materials; please cite
         "P. Giannozzi et al., J. Phys.:Condens. Matter 21 395502 (2009);
          URL http://www.quantum-espresso.org", 
     in publications or presentations arising from this work. More details at
     http://www.quantum-espresso.org/quote

     Parallel version (MPI), running on     8 processors
     R & G space division:  proc/nbgrp/npool/nimage =       8

     ***** This is GIPAW svn revision unknown      *****

     Parallelizing q-star over 1 images

     Reading data from directory:
     /users/majewski/paradichlorobenzene/pbe/9_constraint/scratch/pbe.ecut100.np8.dt60.pcl2phi-129368.save
     Message from routine read_xml_file:
     file /users/majewski/paradichlorobenzene/pbe/9_constraint/scratch/pbe.ecut100.np8.dt60.pcl2phi-129368.save not guaranteed to be safe for post-processing

   Info: using nr1, nr2, nr3 values from input

   Info: using nr1, nr2, nr3 values from input

     IMPORTANT: XC functional enforced from input :
     Exchange-correlation      =  SLA  PW   PBX  PBC ( 1  4  3  4 0 0)
     Any further DFT definition will be discarded
     Please, verify this is what you really want

               file C.pbe-n-kjpaw_psl.1.0.0.UPF: wavefunction(s)  2S 2P renormalized
               file Cl.pbe-n-kjpaw_psl.1.0.0.UPF: wavefunction(s)  3S 3P renormalized
               file H.pbe-kjpaw_psl.1.0.0.UPF: wavefunction(s)  1S renormalized

     Parallelization info
     --------------------
     sticks:   dense  smooth     PW     G-vecs:    dense   smooth      PW
     Min        3057    1223    332               144436    36536    5170
     Max        3059    1225    333               144437    36537    5171
     Sum       24467    9791   2657              1155489   292295   41363


     Subspace diagonalization in iterative solution of the eigenvalue problem:
     a serial algorithm will be used

     GIPAW projectors -----------------------------------------------
     atom=  C    l=0  rc=    1.2000  rs=    0.8000
     atom=  C    l=0  rc=    1.2000  rs=    0.8000
     atom=  C    l=1  rc=    1.4000  rs=    0.9333
     atom=  C    l=1  rc=    1.4000  rs=    0.9333
     projs nearly linearly dependent: l=1  n1,n2= 1, 2  s=  0.99951561

     atom=  Cl   l=0  rc=    1.6000  rs=    1.0667
     atom=  Cl   l=0  rc=    1.6000  rs=    1.0667
     atom=  Cl   l=1  rc=    1.6000  rs=    1.0667
     atom=  Cl   l=1  rc=    1.6000  rs=    1.0667
     atom=  Cl   l=2  rc=    1.6000  rs=    1.0667
     atom=  Cl   l=2  rc=    1.6000  rs=    1.0667
     projs nearly linearly dependent: l=2  n1,n2= 1, 2  s=  0.99993509

     atom=  H    l=0  rc=    1.0000  rs=    0.6667
     atom=  H    l=0  rc=    1.0000  rs=    0.6667
     projs nearly linearly dependent: l=0  n1,n2= 1, 2  s=  0.99968852
     -----------------------------------------------------------------

     GIPAW integrals: -------------------------------------------
     Atom  i/j   nmr_para   nmr_dia   epr_rmc  epr_para   epr_dia
       C   1 1   0.83E+03  0.17E-01  0.93E+01  0.24E+08  0.24E+03
       C   2 1   0.86E+03 -0.61E-01  0.94E+01  0.25E+08  0.25E+03
       C   2 2   0.90E+03 -0.15E+00  0.97E+01  0.26E+08  0.26E+03
       C   3 3   0.33E+01  0.34E+00  0.18E+01  0.55E+03  0.21E+02
       C   4 3   0.35E+01  0.37E+00  0.20E+01  0.59E+03  0.22E+02
       C   4 4   0.38E+01  0.39E+00  0.22E+01  0.63E+03  0.24E+02
       Cl  1 1   0.14E+04 -0.47E+00  0.84E+01  0.32E+09  0.42E+03
       Cl  2 1   0.21E+04 -0.37E+00  0.12E+02  0.49E+09  0.65E+03
       Cl  2 2   0.33E+04 -0.16E+00  0.21E+02  0.76E+09  0.10E+04
       Cl  3 3   0.21E+02  0.79E-01  0.89E+01  0.23E+05  0.13E+03
       Cl  4 3   0.24E+02  0.67E-01  0.99E+01  0.27E+05  0.15E+03
       Cl  4 4   0.28E+02  0.44E-01  0.11E+02  0.32E+05  0.18E+03
       Cl  5 5   0.77E+00  0.19E+00  0.18E+01  0.12E+03  0.22E+02
       Cl  6 5   0.80E+00  0.19E+00  0.19E+01  0.12E+03  0.23E+02
       Cl  6 6   0.83E+00  0.20E+00  0.19E+01  0.12E+03  0.23E+02
       H   1 1   0.39E+02  0.19E+00  0.29E+00  0.78E+05  0.13E+02
       H   2 1   0.41E+02  0.21E+00  0.32E+00  0.82E+05  0.14E+02
       H   2 2   0.43E+02  0.22E+00  0.36E+00  0.86E+05  0.15E+02
     ------------------------------------------------------------

     alpha_pv=     34.1980 eV

     Number of occupied bands for each k-point:
     k-point:     1    nbnd_occ=  42
     k-point:     2    nbnd_occ=  42
     k-point:     3    nbnd_occ=  42
     k-point:     4    nbnd_occ=  42
     k-point:     5    nbnd_occ=  42
     k-point:     6    nbnd_occ=  42
     k-point:     7    nbnd_occ=  42
     k-point:     8    nbnd_occ=  42
     k-point:     9    nbnd_occ=  42
     k-point:    10    nbnd_occ=  42
     k-point:    11    nbnd_occ=  42
     k-point:    12    nbnd_occ=  42
     k-point:    13    nbnd_occ=  42
     k-point:    14    nbnd_occ=  42
     k-point:    15    nbnd_occ=  42
     k-point:    16    nbnd_occ=  42


     q-space interpolation up to   110.00 Rydberg

     GIPAW job: efg                                                                             


     ELECTRIC FIELD GRADIENTS TENSORS IN Hartree/bohrradius^2:

     ----- bare term -----
     Cl   1       -0.206434        0.333975       -0.058549
     Cl   1        0.333975       -0.036883        0.020625
     Cl   1       -0.058549        0.020625        0.243317

     C    2       -0.044578       -0.394440       -0.411561
     C    2       -0.394440       -0.116138       -0.664487
     C    2       -0.411561       -0.664487        0.160716

     C    3       -0.352109        0.365602        0.107967
     C    3        0.365602       -0.045415       -0.366844
     C    3        0.107967       -0.366844        0.397523

     H    4       -0.235231       -0.250373       -0.429544
     H    4       -0.250373       -0.146744       -0.123718
     H    4       -0.429544       -0.123718        0.381975

     C    5       -0.112466       -0.233537       -0.375438
     C    5       -0.233537        0.049494       -0.504626
     C    5       -0.375438       -0.504626        0.062972

     H    6        0.462797       -0.041206       -0.018335
     H    6       -0.041206       -0.804262       -0.282260
     H    6       -0.018335       -0.282260        0.341465

     H    7        0.201394        0.057979        0.388546
     H    7        0.057979        0.138075        0.250586
     H    7        0.388546        0.250586       -0.339469

     C    8       -0.336543       -0.079037       -0.337384
     C    8       -0.079037        0.296677       -0.017165
     C    8       -0.337384       -0.017165        0.039866

     H    9        0.208563        0.052738       -0.160496
     H    9        0.052738        0.324152       -0.228711
     H    9       -0.160496       -0.228711       -0.532715

     C   10        0.126955       -0.140356        0.259958
     C   10       -0.140356       -0.217330        0.078627
     C   10        0.259958        0.078627        0.090375

     C   11       -0.119732        0.004613       -0.299656
     C   11        0.004613        0.085783       -0.032438
     C   11       -0.299656       -0.032438        0.033949

     Cl  12       -0.020727        0.080479        0.147557
     Cl  12        0.080479       -0.049044       -0.210033
     Cl  12        0.147557       -0.210033        0.069771

     H   13       -0.267504       -0.229581       -0.092417
     H   13       -0.229581       -0.197073       -0.369589
     H   13       -0.092417       -0.369589        0.464577

     C   14       -0.343890        0.434207       -0.130780
     C   14        0.434207       -0.064554       -0.164680
     C   14       -0.130780       -0.164680        0.408444

     H   15       -0.725396       -0.089748        0.085569
     H   15       -0.089748        0.410169       -0.153877
     H   15        0.085569       -0.153877        0.315227

     C   16        0.079704       -0.301361       -0.394990
     C   16       -0.301361       -0.231451       -0.618924
     C   16       -0.394990       -0.618924        0.151747

     C   17       -0.576696        0.441531       -0.250207
     C   17        0.441531        0.122850       -0.147224
     C   17       -0.250207       -0.147224        0.453845

     Cl  18        0.001280        0.049222        0.106140
     Cl  18        0.049222       -0.037306       -0.068458
     Cl  18        0.106140       -0.068458        0.036026

     H   19        0.413226        0.168061       -0.137466
     H   19        0.168061       -0.368312        0.617998
     H   19       -0.137466        0.617998       -0.044914

     C   20        0.005104       -0.538100        0.008334
     C   20       -0.538100       -0.304976        0.381358
     C   20        0.008334        0.381358        0.299872

     H   21        0.062285        0.084425       -0.521272
     H   21        0.084425        0.468867        0.045881
     H   21       -0.521272        0.045881       -0.531152

     C   22       -0.603636       -0.277686       -0.234233
     C   22       -0.277686        0.101339        0.107287
     C   22       -0.234233        0.107287        0.502296

     C   23        0.080977       -0.382070        0.036719
     C   23       -0.382070       -0.203781        0.511471
     C   23        0.036719        0.511471        0.122803

     Cl  24       -0.035186       -0.044036        0.022767
     Cl  24       -0.044036        0.006057       -0.055322
     Cl  24        0.022767       -0.055322        0.029129

     ----- ionic term -----
     Cl   1        0.132677       -0.197598        0.047725
     Cl   1       -0.197598        0.027656       -0.020013
     Cl   1        0.047725       -0.020013       -0.160333

     C    2        0.289472       -0.118856        0.290369
     C    2       -0.118856        0.115769        0.324912
     C    2        0.290369        0.324912       -0.405241

     C    3        0.142207       -0.238827        0.153183
     C    3       -0.238827        0.221612        0.407042
     C    3        0.153183        0.407042       -0.363820

     H    4        0.609445        0.253409        0.715706
     H    4        0.253409       -0.429866        0.232851
     H    4        0.715706        0.232851       -0.179579

     C    5        0.281422       -0.176419        0.159123
     C    5       -0.176419        0.112084        0.321281
     C    5        0.159123        0.321281       -0.393506

     H    6       -0.487860        0.175979        0.087396
     H    6        0.175979        0.655538        0.678026
     H    6        0.087396        0.678026       -0.167678

     H    7       -0.531853        0.016518        0.015215
     H    7        0.016518        0.465257       -0.777034
     H    7        0.015215       -0.777034        0.066596

     C    8        0.144183        0.300944        0.346431
     C    8        0.300944        0.023943       -0.281285
     C    8        0.346431       -0.281285       -0.168127

     H    9        0.300877       -0.156655        0.807704
     H    9       -0.156655       -0.469604       -0.231420
     H    9        0.807704       -0.231420        0.168727

     C   10        0.043627        0.366546        0.257534
     C   10        0.366546        0.165953       -0.349337
     C   10        0.257534       -0.349337       -0.209580

     C   11        0.057306        0.293337        0.324943
     C   11        0.293337        0.063126       -0.357905
     C   11        0.324943       -0.357905       -0.120432

     Cl  12        0.155837        0.212664        0.044240
     Cl  12        0.212664       -0.020486        0.012413
     Cl  12        0.044240        0.012413       -0.135351

     H   13       -0.469638        0.292496        0.132085
     H   13        0.292496        0.787871        0.575676
     H   13        0.132085        0.575676       -0.318233

     C   14        0.378299       -0.091765        0.221342
     C   14       -0.091765        0.072755        0.285407
     C   14        0.221342        0.285407       -0.451055

     H   15        0.705017        0.492195        0.440474
     H   15        0.492195       -0.312928        0.237758
     H   15        0.440474        0.237758       -0.392089

     C   16        0.184168       -0.141197        0.106977
     C   16       -0.141197        0.223871        0.384605
     C   16        0.106977        0.384605       -0.408039

     C   17        0.206983       -0.141822        0.135571
     C   17       -0.141822        0.164255        0.409107
     C   17        0.135571        0.409107       -0.371238

     Cl  18        0.118926       -0.225338       -0.057914
     Cl  18       -0.225338        0.013691        0.037452
     Cl  18       -0.057914        0.037452       -0.132617

     H   19       -0.547547        0.063134       -0.032187
     H   19        0.063134        0.502824       -0.768089
     H   19       -0.032187       -0.768089        0.044723

     C   20        0.092520        0.323070        0.332512
     C   20        0.323070        0.029621       -0.245831
     C   20        0.332512       -0.245831       -0.122141

     H   21        0.334392       -0.067110        0.795428
     H   21       -0.067110       -0.552911       -0.128664
     H   21        0.795428       -0.128664        0.218520

     C   22       -0.012948        0.354338        0.253748
     C   22        0.354338        0.106771       -0.387246
     C   22        0.253748       -0.387246       -0.093823

     C   23       -0.043940        0.245261        0.296509
     C   23        0.245261        0.097952       -0.492906
     C   23        0.296509       -0.492906       -0.054011

     Cl  24        0.069353        0.201794        0.007070
     Cl  24        0.201794        0.071389        0.002300
     Cl  24        0.007070        0.002300       -0.140741

     ----- GIPAW term -----
     Cl   1        1.271371       -2.111570       -0.719128
     Cl   1       -2.111570        0.041347        0.476400
     Cl   1       -0.719128        0.476400       -1.312718

     C    2        0.067098       -0.211879        0.048682
     C    2       -0.211879       -0.017244       -0.138862
     C    2        0.048682       -0.138862       -0.049854

     C    3       -0.048944       -0.117615        0.116743
     C    3       -0.117615        0.091027       -0.128811
     C    3        0.116743       -0.128811       -0.042083

     H    4       -0.000000        0.000000        0.000000
     H    4        0.000000        0.000000        0.000000
     H    4        0.000000        0.000000        0.000000

     C    5       -0.074234       -0.150380       -0.044773
     C    5       -0.150380        0.221393       -0.089140
     C    5       -0.044773       -0.089140       -0.147159

     H    6       -0.000000        0.000000        0.000000
     H    6        0.000000        0.000000        0.000000
     H    6        0.000000        0.000000        0.000000

     H    7       -0.000000        0.000000        0.000000
     H    7        0.000000        0.000000        0.000000
     H    7        0.000000        0.000000        0.000000

     C    8        0.025974       -0.059740       -0.028657
     C    8       -0.059740        0.027693       -0.017389
     C    8       -0.028657       -0.017389       -0.053667

     H    9       -0.000000        0.000000        0.000000
     H    9        0.000000        0.000000        0.000000
     H    9        0.000000        0.000000        0.000000

     C   10        0.005820        0.012065        0.036738
     C   10        0.012065       -0.004196       -0.019622
     C   10        0.036738       -0.019622       -0.001624

     C   11        0.033629       -0.008892       -0.018639
     C   11       -0.008892        0.018812       -0.014537
     C   11       -0.018639       -0.014537       -0.052441

     Cl  12        0.102276       -0.145339       -0.851442
     Cl  12       -0.145339        0.385056        1.194795
     Cl  12       -0.851442        1.194795       -0.487332

     H   13       -0.000000        0.000000        0.000000
     H   13        0.000000        0.000000        0.000000
     H   13        0.000000        0.000000        0.000000

     C   14        0.109772       -0.155820       -0.001403
     C   14       -0.155820        0.006286        0.021040
     C   14       -0.001403        0.021040       -0.116057

     H   15       -0.000000        0.000000        0.000000
     H   15        0.000000        0.000000        0.000000
     H   15        0.000000        0.000000        0.000000

     C   16        0.077884       -0.188403       -0.112642
     C   16       -0.188403       -0.003417       -0.014111
     C   16       -0.112642       -0.014111       -0.074467

     C   17       -0.021912       -0.180348       -0.057815
     C   17       -0.180348        0.129768        0.048720
     C   17       -0.057815        0.048720       -0.107856

     Cl  18       -0.197476       -1.873823       -0.579554
     Cl  18       -1.873823       -0.204938        1.546922
     Cl  18       -0.579554        1.546922        0.402413

     H   19       -0.000000        0.000000        0.000000
     H   19        0.000000        0.000000        0.000000
     H   19        0.000000        0.000000        0.000000

     C   20        0.060391       -0.260112        0.089926
     C   20       -0.260112        0.006820       -0.000557
     C   20        0.089926       -0.000557       -0.067212

     H   21       -0.000000        0.000000        0.000000
     H   21        0.000000        0.000000        0.000000
     H   21        0.000000        0.000000        0.000000

     C   22       -0.178528       -0.096572        0.087649
     C   22       -0.096572       -0.008513       -0.133106
     C   22        0.087649       -0.133106        0.187041

     C   23        0.018223       -0.141039        0.073114
     C   23       -0.141039        0.125416       -0.050108
     C   23        0.073114       -0.050108       -0.143639

     Cl  24        1.185053        1.951378        0.208862
     Cl  24        1.951378        0.137673       -0.428683
     Cl  24        0.208862       -0.428683       -1.322726

     ----- total EFG -----
     Cl   1        1.197614       -1.975193       -0.729953
     Cl   1       -1.975193        0.032119        0.477012
     Cl   1       -0.729953        0.477012       -1.229733

     C    2        0.311992       -0.725175       -0.072510
     C    2       -0.725175       -0.017612       -0.478437
     C    2       -0.072510       -0.478437       -0.294379

     C    3       -0.258845        0.009161        0.377892
     C    3        0.009161        0.267225       -0.088613
     C    3        0.377892       -0.088613       -0.008379

     H    4        0.374214        0.003037        0.286162
     H    4        0.003037       -0.576610        0.109134
     H    4        0.286162        0.109134        0.202396

     C    5        0.094722       -0.560335       -0.261089
     C    5       -0.560335        0.382972       -0.272486
     C    5       -0.261089       -0.272486       -0.477693

     H    6       -0.025063        0.134773        0.069061
     H    6        0.134773       -0.148724        0.395766
     H    6        0.069061        0.395766        0.173787

     H    7       -0.330460        0.074498        0.403761
     H    7        0.074498        0.603333       -0.526448
     H    7        0.403761       -0.526448       -0.272873

     C    8       -0.166386        0.162167       -0.019610
     C    8        0.162167        0.348314       -0.315839
     C    8       -0.019610       -0.315839       -0.181928

     H    9        0.509440       -0.103917        0.647207
     H    9       -0.103917       -0.145452       -0.460131
     H    9        0.647207       -0.460131       -0.363988

     C   10        0.176402        0.238256        0.554229
     C   10        0.238256       -0.055574       -0.290332
     C   10        0.554229       -0.290332       -0.120828

     C   11       -0.028797        0.289058        0.006648
     C   11        0.289058        0.167721       -0.404880
     C   11        0.006648       -0.404880       -0.138925

     Cl  12        0.237386        0.147804       -0.659645
     Cl  12        0.147804        0.315526        0.997175
     Cl  12       -0.659645        0.997175       -0.552912

     H   13       -0.737142        0.062915        0.039667
     H   13        0.062915        0.590798        0.206087
     H   13        0.039667        0.206087        0.146344

     C   14        0.144182        0.186622        0.089158
     C   14        0.186622        0.014487        0.141766
     C   14        0.089158        0.141766       -0.158668

     H   15       -0.020378        0.402446        0.526044
     H   15        0.402446        0.097241        0.083881
     H   15        0.526044        0.083881       -0.076862

     C   16        0.341756       -0.630961       -0.400655
     C   16       -0.630961       -0.010996       -0.248430
     C   16       -0.400655       -0.248430       -0.330760

     C   17       -0.391624        0.119361       -0.172451
     C   17        0.119361        0.416874        0.310603
     C   17       -0.172451        0.310603       -0.025249

     Cl  18       -0.077270       -2.049940       -0.531328
     Cl  18       -2.049940       -0.228552        1.515916
     Cl  18       -0.531328        1.515916        0.305822

     H   19       -0.134322        0.231195       -0.169653
     H   19        0.231195        0.134513       -0.150091
     H   19       -0.169653       -0.150091       -0.000191

     C   20        0.158015       -0.475142        0.430771
     C   20       -0.475142       -0.268535        0.134971
     C   20        0.430771        0.134971        0.110520

     H   21        0.396676        0.017315        0.274156
     H   21        0.017315       -0.084044       -0.082783
     H   21        0.274156       -0.082783       -0.312632

     C   22       -0.795112       -0.019920        0.107165
     C   22       -0.019920        0.199597       -0.413065
     C   22        0.107165       -0.413065        0.595515

     C   23        0.055260       -0.277848        0.406342
     C   23       -0.277848        0.019587       -0.031542
     C   23        0.406342       -0.031542       -0.074847

     Cl  24        1.219220        2.109136        0.238698
     Cl  24        2.109136        0.215119       -0.481705
     Cl  24        0.238698       -0.481705       -1.434339

     ----- total EFG (symmetrized) -----
     Cl   1        1.197614       -1.975193       -0.729953
     Cl   1       -1.975193        0.032119        0.477012
     Cl   1       -0.729953        0.477012       -1.229733

     C    2        0.311992       -0.725175       -0.072510
     C    2       -0.725175       -0.017612       -0.478437
     C    2       -0.072510       -0.478437       -0.294379

     C    3       -0.258845        0.009161        0.377892
     C    3        0.009161        0.267225       -0.088613
     C    3        0.377892       -0.088613       -0.008379

     H    4        0.374214        0.003037        0.286162
     H    4        0.003037       -0.576610        0.109134
     H    4        0.286162        0.109134        0.202396

     C    5        0.094722       -0.560335       -0.261089
     C    5       -0.560335        0.382972       -0.272486
     C    5       -0.261089       -0.272486       -0.477693

     H    6       -0.025063        0.134773        0.069061
     H    6        0.134773       -0.148724        0.395766
     H    6        0.069061        0.395766        0.173787

     H    7       -0.330460        0.074498        0.403761
     H    7        0.074498        0.603333       -0.526448
     H    7        0.403761       -0.526448       -0.272873

     C    8       -0.166386        0.162167       -0.019610
     C    8        0.162167        0.348314       -0.315839
     C    8       -0.019610       -0.315839       -0.181928

     H    9        0.509440       -0.103917        0.647207
     H    9       -0.103917       -0.145452       -0.460131
     H    9        0.647207       -0.460131       -0.363988

     C   10        0.176402        0.238256        0.554229
     C   10        0.238256       -0.055574       -0.290332
     C   10        0.554229       -0.290332       -0.120828

     C   11       -0.028797        0.289058        0.006648
     C   11        0.289058        0.167721       -0.404880
     C   11        0.006648       -0.404880       -0.138925

     Cl  12        0.237386        0.147804       -0.659645
     Cl  12        0.147804        0.315526        0.997175
     Cl  12       -0.659645        0.997175       -0.552912

     H   13       -0.737142        0.062915        0.039667
     H   13        0.062915        0.590798        0.206087
     H   13        0.039667        0.206087        0.146344

     C   14        0.144182        0.186622        0.089158
     C   14        0.186622        0.014487        0.141766
     C   14        0.089158        0.141766       -0.158668

     H   15       -0.020378        0.402446        0.526044
     H   15        0.402446        0.097241        0.083881
     H   15        0.526044        0.083881       -0.076862

     C   16        0.341756       -0.630961       -0.400655
     C   16       -0.630961       -0.010996       -0.248430
     C   16       -0.400655       -0.248430       -0.330760

     C   17       -0.391624        0.119361       -0.172451
     C   17        0.119361        0.416874        0.310603
     C   17       -0.172451        0.310603       -0.025249

     Cl  18       -0.077270       -2.049940       -0.531328
     Cl  18       -2.049940       -0.228552        1.515916
     Cl  18       -0.531328        1.515916        0.305822

     H   19       -0.134322        0.231195       -0.169653
     H   19        0.231195        0.134513       -0.150091
     H   19       -0.169653       -0.150091       -0.000191

     C   20        0.158015       -0.475142        0.430771
     C   20       -0.475142       -0.268535        0.134971
     C   20        0.430771        0.134971        0.110520

     H   21        0.396676        0.017315        0.274156
     H   21        0.017315       -0.084044       -0.082783
     H   21        0.274156       -0.082783       -0.312632

     C   22       -0.795112       -0.019920        0.107165
     C   22       -0.019920        0.199597       -0.413065
     C   22        0.107165       -0.413065        0.595515

     C   23        0.055260       -0.277848        0.406342
     C   23       -0.277848        0.019587       -0.031542
     C   23        0.406342       -0.031542       -0.074847

     Cl  24        1.219220        2.109136        0.238698
     Cl  24        2.109136        0.215119       -0.481705
     Cl  24        0.238698       -0.481705       -1.434339


     NQR/NMR SPECTROSCOPIC PARAMETERS:
     Cl   1    Vxx=   -1.3739    axis=( -0.229072 -0.585591  0.777566)
     Cl   1    Vyy=   -1.4855    axis=( -0.575629 -0.562675 -0.593337)
     Cl   1    Vzz=    2.8595    axis=(  0.784970 -0.583506 -0.208190)
     Cl   1  Q=        -8.1650 1e-30 m^2  Cq=       -54.8575 MHz  eta= 0.03903

     C    2    Vxx=   -0.0409    axis=(  0.526463  0.334355 -0.781693)
     C    2    Vyy=   -0.9020    axis=(  0.440657  0.678982  0.587201)
     C    2    Vzz=    0.9429    axis=( -0.727089  0.653597 -0.210123)
     C    2  Q=         1.0000 1e-30 m^2  Cq=         2.2155 MHz  eta= 0.91324

     C    3    Vxx=    0.2017    axis=(  0.469796  0.685770  0.555888)
     C    3    Vyy=    0.3345    axis=( -0.362566  0.724034 -0.586788)
     C    3    Vzz=   -0.5361    axis=(  0.804884 -0.074124 -0.588785)
     C    3  Q=         1.0000 1e-30 m^2  Cq=        -1.2597 MHz  eta= 0.24767

     H    4    Vxx=    0.0021    axis=( -0.603897  0.144655  0.783826)
     H    4    Vyy=    0.5910    axis=(  0.795987  0.058382  0.602492)
     H    4    Vzz=   -0.5931    axis=(  0.041392  0.987758 -0.150400)
     H    4  Q=         1.0000 1e-30 m^2  Cq=        -1.3935 MHz  eta= 0.99304

     C    5    Vxx=   -0.0306    axis=(  0.633619  0.438621 -0.637290)
     C    5    Vyy=   -0.7895    axis=(  0.488334  0.412157  0.769192)
     C    5    Vzz=    0.8200    axis=( -0.600047  0.798585 -0.046957)
     C    5  Q=         1.0000 1e-30 m^2  Cq=         1.9267 MHz  eta= 0.92545

     H    6    Vxx=   -0.0466    axis=(  0.947525  0.012512 -0.319438)
     H    6    Vyy=   -0.4288    axis=( -0.187651  0.830742 -0.524075)
     H    6    Vzz=    0.4754    axis=(  0.258813  0.556517  0.789497)
     H    6  Q=         1.0000 1e-30 m^2  Cq=         1.1170 MHz  eta= 0.80410

     H    7    Vxx=   -0.0243    axis=(  0.776829  0.347997  0.524819)
     H    7    Vyy=   -0.8359    axis=( -0.622339  0.297112  0.724167)
     H    7    Vzz=    0.8602    axis=(  0.096078 -0.889169  0.447378)
     H    7  Q=         1.0000 1e-30 m^2  Cq=         2.0210 MHz  eta= 0.94348

     C    8    Vxx=   -0.1841    axis=( -0.922703  0.054661 -0.381616)
     C    8    Vyy=   -0.3462    axis=( -0.317679  0.452989  0.832995)
     C    8    Vzz=    0.5303    axis=( -0.218401 -0.889839  0.400610)
     C    8  Q=         1.0000 1e-30 m^2  Cq=         1.2460 MHz  eta= 0.30567

     H    9    Vxx=   -0.0543    axis=(  0.467602  0.840969 -0.272250)
     H    9    Vyy=   -0.8925    axis=( -0.344642  0.457074  0.819943)
     H    9    Vzz=    0.9468    axis=(  0.813984 -0.289578  0.503562)
     H    9  Q=         1.0000 1e-30 m^2  Cq=         2.2246 MHz  eta= 0.88535

     C   10    Vxx=    0.1473    axis=(  0.270810  0.879140 -0.392141)
     C   10    Vyy=    0.6019    axis=( -0.797759 -0.023020 -0.602537)
     C   10    Vzz=   -0.7492    axis=( -0.538742  0.476006  0.695108)
     C   10  Q=         1.0000 1e-30 m^2  Cq=        -1.7603 MHz  eta= 0.60672

     C   11    Vxx=   -0.0575    axis=(  0.834493 -0.095409  0.542696)
     C   11    Vyy=   -0.4901    axis=( -0.386490  0.600643  0.699895)
     C   11    Vzz=    0.5476    axis=( -0.392743 -0.793804  0.464358)
     C   11  Q=         1.0000 1e-30 m^2  Cq=         1.2866 MHz  eta= 0.78991

     Cl  12    Vxx=    0.3903    axis=(  0.868376  0.487267 -0.092160)
     Cl  12    Vyy=    1.0570    axis=(  0.345520 -0.727806 -0.592380)
     Cl  12    Vzz=   -1.4473    axis=( -0.355722  0.482566 -0.800370)
     Cl  12  Q=        -8.1650 1e-30 m^2  Cq=        27.7660 MHz  eta= 0.46061

     H   13    Vxx=    0.0657    axis=(  0.017183 -0.367091  0.930026)
     H   13    Vyy=    0.6754    axis=(  0.051661  0.929247  0.365829)
     H   13    Vzz=   -0.7412    axis=( -0.998517  0.041760  0.034932)
     H   13  Q=         1.0000 1e-30 m^2  Cq=        -1.7414 MHz  eta= 0.82262

     C   14    Vxx=   -0.0883    axis=(  0.660808 -0.623272 -0.418167)
     C   14    Vyy=   -0.2389    axis=( -0.053015  0.516993 -0.854346)
     C   14    Vzz=    0.3272    axis=(  0.748680  0.586728  0.308591)
     C   14  Q=         1.0000 1e-30 m^2  Cq=         0.7688 MHz  eta= 0.46048

     H   15    Vxx=   -0.0473    axis=(  0.159074 -0.788028  0.594733)
     H   15    Vyy=   -0.6486    axis=(  0.720250 -0.319377 -0.615823)
     H   15    Vzz=    0.6959    axis=(  0.675230  0.526318  0.516773)
     H   15  Q=         1.0000 1e-30 m^2  Cq=         1.6351 MHz  eta= 0.86405

     C   16    Vxx=    0.0164    axis=( -0.266950 -0.610933  0.745318)
     C   16    Vyy=    0.8481    axis=( -0.817113  0.553523  0.161055)
     C   16    Vzz=   -0.8645    axis=( -0.510944 -0.566016 -0.646964)
     C   16  Q=         1.0000 1e-30 m^2  Cq=        -2.0313 MHz  eta= 0.96211

     C   17    Vxx=   -0.0567    axis=(  0.526111  0.369689 -0.765857)
     C   17    Vyy=   -0.5211    axis=( -0.849900  0.259930 -0.458373)
     C   17    Vzz=    0.5779    axis=( -0.029613 -0.892057 -0.450951)
     C   17  Q=         1.0000 1e-30 m^2  Cq=         1.3577 MHz  eta= 0.80370

     Cl  18    Vxx=   -0.3357    axis=(  0.584716 -0.133676  0.800148)
     Cl  18    Vyy=   -2.4348    axis=(  0.585721  0.751991 -0.302391)
     Cl  18    Vzz=    2.7705    axis=( -0.561282  0.645477  0.517999)
     Cl  18  Q=        -8.1650 1e-30 m^2  Cq=       -53.1512 MHz  eta= 0.75766

     H   19    Vxx=   -0.0964    axis=( -0.058152  0.584391  0.809386)
     H   19    Vyy=   -0.2922    axis=(  0.875031 -0.360442  0.323114)
     H   19    Vzz=    0.3886    axis=(  0.480562  0.727027 -0.490400)
     H   19  Q=         1.0000 1e-30 m^2  Cq=         0.9130 MHz  eta= 0.50397

     C   20    Vxx=    0.0794    axis=( -0.249861  0.627345  0.737569)
     C   20    Vyy=    0.6527    axis=( -0.778577  0.322696 -0.538224)
     C   20    Vzz=   -0.7321    axis=(  0.575663  0.708735 -0.407808)
     C   20  Q=         1.0000 1e-30 m^2  Cq=        -1.7202 MHz  eta= 0.78312

     H   21    Vxx=   -0.0637    axis=(  0.094080  0.971109 -0.219307)
     H   21    Vyy=   -0.4268    axis=( -0.311306  0.237933  0.920041)
     H   21    Vzz=    0.4905    axis=(  0.945641 -0.018285  0.324697)
     H   21  Q=         1.0000 1e-30 m^2  Cq=         1.1524 MHz  eta= 0.74037

     C   22    Vxx=   -0.0583    axis=(  0.053724  0.848156  0.527016)
     C   22    Vyy=   -0.8035    axis=( -0.996686  0.013259  0.080262)
     C   22    Vzz=    0.8618    axis=(  0.061087 -0.529581  0.846057)
     C   22  Q=         1.0000 1e-30 m^2  Cq=         2.0249 MHz  eta= 0.86463

     C   23    Vxx=   -0.0387    axis=( -0.112907 -0.832165 -0.542912)
     C   23    Vyy=   -0.4773    axis=(  0.675816  0.336230 -0.655914)
     C   23    Vzz=    0.5160    axis=(  0.728372 -0.440966  0.524427)
     C   23  Q=         1.0000 1e-30 m^2  Cq=         1.2125 MHz  eta= 0.85005

     Cl  24    Vxx=   -0.9182    axis=(  0.451760 -0.538340  0.711409)
     Cl  24    Vyy=   -1.9699    axis=(  0.428522 -0.568466 -0.702292)
     Cl  24    Vzz=    2.8881    axis=( -0.782484 -0.622122  0.026120)
     Cl  24  Q=        -8.1650 1e-30 m^2  Cq=       -55.4076 MHz  eta= 0.36413

     Initialization:
     gipaw_setup  :      9.30s CPU     10.63s WALL (       1 calls)

     Linear response

     Apply operators

     Induced current

     Other routines
     efg          :      9.04s CPU     11.40s WALL (       1 calls)

     General routines
     calbec       :      3.18s CPU      4.18s WALL (      16 calls)
     fft          :      1.35s CPU      1.57s WALL (      15 calls)
     ffts         :      0.03s CPU      0.05s WALL (       2 calls)
     fftw         :      3.14s CPU      3.79s WALL (     672 calls)
     davcio       :      0.02s CPU      0.33s WALL (      32 calls)

     Parallel routines
     fft_scatter  :      1.95s CPU      2.49s WALL (     689 calls)

     Plugins

     GIPAW        :     60.18s CPU     71.13s WALL (       1 calls)
