
     Program QE v.6.0 (svn rev. 13079) starts on  7Jan2017 at  9:25: 2 

     This program is part of the open-source Quantum ESPRESSO suite
     for quantum simulation of materials; please cite
         "P. Giannozzi et al., J. Phys.:Condens. Matter 21 395502 (2009);
          URL http://www.quantum-espresso.org", 
     in publications or presentations arising from this work. More details at
     http://www.quantum-espresso.org/quote

     Parallel version (MPI), running on     8 processors
     R & G space division:  proc/nbgrp/npool/nimage =       8

     ***** This is GIPAW svn revision unknown      *****

     Parallelizing q-star over 1 images

     Reading data from directory:
     /users/majewski/paradichlorobenzene/pbe/9_constraint/scratch/pbe.ecut100.np8.dt60.pcl2phi-129368.save
     Message from routine read_xml_file:
     file /users/majewski/paradichlorobenzene/pbe/9_constraint/scratch/pbe.ecut100.np8.dt60.pcl2phi-129368.save not guaranteed to be safe for post-processing

   Info: using nr1, nr2, nr3 values from input

   Info: using nr1, nr2, nr3 values from input

     IMPORTANT: XC functional enforced from input :
     Exchange-correlation      =  SLA  PW   PBX  PBC ( 1  4  3  4 0 0)
     Any further DFT definition will be discarded
     Please, verify this is what you really want

               file C.pbe-n-kjpaw_psl.1.0.0.UPF: wavefunction(s)  2S 2P renormalized
               file Cl.pbe-n-kjpaw_psl.1.0.0.UPF: wavefunction(s)  3S 3P renormalized
               file H.pbe-kjpaw_psl.1.0.0.UPF: wavefunction(s)  1S renormalized

     Parallelization info
     --------------------
     sticks:   dense  smooth     PW     G-vecs:    dense   smooth      PW
     Min        3057    1223    332               144436    36536    5170
     Max        3059    1225    333               144437    36537    5171
     Sum       24467    9791   2657              1155489   292295   41363


     Subspace diagonalization in iterative solution of the eigenvalue problem:
     a serial algorithm will be used

     GIPAW projectors -----------------------------------------------
     atom=  C    l=0  rc=    1.2000  rs=    0.8000
     atom=  C    l=0  rc=    1.2000  rs=    0.8000
     atom=  C    l=1  rc=    1.4000  rs=    0.9333
     atom=  C    l=1  rc=    1.4000  rs=    0.9333
     projs nearly linearly dependent: l=1  n1,n2= 1, 2  s=  0.99951561

     atom=  Cl   l=0  rc=    1.6000  rs=    1.0667
     atom=  Cl   l=0  rc=    1.6000  rs=    1.0667
     atom=  Cl   l=1  rc=    1.6000  rs=    1.0667
     atom=  Cl   l=1  rc=    1.6000  rs=    1.0667
     atom=  Cl   l=2  rc=    1.6000  rs=    1.0667
     atom=  Cl   l=2  rc=    1.6000  rs=    1.0667
     projs nearly linearly dependent: l=2  n1,n2= 1, 2  s=  0.99993509

     atom=  H    l=0  rc=    1.0000  rs=    0.6667
     atom=  H    l=0  rc=    1.0000  rs=    0.6667
     projs nearly linearly dependent: l=0  n1,n2= 1, 2  s=  0.99968852
     -----------------------------------------------------------------

     GIPAW integrals: -------------------------------------------
     Atom  i/j   nmr_para   nmr_dia   epr_rmc  epr_para   epr_dia
       C   1 1   0.83E+03  0.17E-01  0.93E+01  0.24E+08  0.24E+03
       C   2 1   0.86E+03 -0.61E-01  0.94E+01  0.25E+08  0.25E+03
       C   2 2   0.90E+03 -0.15E+00  0.97E+01  0.26E+08  0.26E+03
       C   3 3   0.33E+01  0.34E+00  0.18E+01  0.55E+03  0.21E+02
       C   4 3   0.35E+01  0.37E+00  0.20E+01  0.59E+03  0.22E+02
       C   4 4   0.38E+01  0.39E+00  0.22E+01  0.63E+03  0.24E+02
       Cl  1 1   0.14E+04 -0.47E+00  0.84E+01  0.32E+09  0.42E+03
       Cl  2 1   0.21E+04 -0.37E+00  0.12E+02  0.49E+09  0.65E+03
       Cl  2 2   0.33E+04 -0.16E+00  0.21E+02  0.76E+09  0.10E+04
       Cl  3 3   0.21E+02  0.79E-01  0.89E+01  0.23E+05  0.13E+03
       Cl  4 3   0.24E+02  0.67E-01  0.99E+01  0.27E+05  0.15E+03
       Cl  4 4   0.28E+02  0.44E-01  0.11E+02  0.32E+05  0.18E+03
       Cl  5 5   0.77E+00  0.19E+00  0.18E+01  0.12E+03  0.22E+02
       Cl  6 5   0.80E+00  0.19E+00  0.19E+01  0.12E+03  0.23E+02
       Cl  6 6   0.83E+00  0.20E+00  0.19E+01  0.12E+03  0.23E+02
       H   1 1   0.39E+02  0.19E+00  0.29E+00  0.78E+05  0.13E+02
       H   2 1   0.41E+02  0.21E+00  0.32E+00  0.82E+05  0.14E+02
       H   2 2   0.43E+02  0.22E+00  0.36E+00  0.86E+05  0.15E+02
     ------------------------------------------------------------

     alpha_pv=     34.3895 eV

     Number of occupied bands for each k-point:
     k-point:     1    nbnd_occ=  42
     k-point:     2    nbnd_occ=  42
     k-point:     3    nbnd_occ=  42
     k-point:     4    nbnd_occ=  42
     k-point:     5    nbnd_occ=  42
     k-point:     6    nbnd_occ=  42
     k-point:     7    nbnd_occ=  42
     k-point:     8    nbnd_occ=  42
     k-point:     9    nbnd_occ=  42
     k-point:    10    nbnd_occ=  42
     k-point:    11    nbnd_occ=  42
     k-point:    12    nbnd_occ=  42
     k-point:    13    nbnd_occ=  42
     k-point:    14    nbnd_occ=  42
     k-point:    15    nbnd_occ=  42
     k-point:    16    nbnd_occ=  42


     q-space interpolation up to   110.00 Rydberg

     GIPAW job: efg                                                                             


     ELECTRIC FIELD GRADIENTS TENSORS IN Hartree/bohrradius^2:

     ----- bare term -----
     Cl   1       -0.264986        0.289961        0.100952
     Cl   1        0.289961       -0.010800       -0.131859
     Cl   1        0.100952       -0.131859        0.275786

     C    2       -0.025798       -0.380969       -0.407405
     C    2       -0.380969       -0.008054       -0.723416
     C    2       -0.407405       -0.723416        0.033853

     C    3       -0.506109        0.310019       -0.001871
     C    3        0.310019        0.106201       -0.355432
     C    3       -0.001871       -0.355432        0.399908

     H    4       -0.111778       -0.432527       -0.120830
     H    4       -0.432527       -0.295557        0.129285
     H    4       -0.120830        0.129285        0.407335

     C    5       -0.114497       -0.344594       -0.440742
     C    5       -0.344594       -0.026190       -0.550928
     C    5       -0.440742       -0.550928        0.140687

     H    6        0.383664        0.147303       -0.045043
     H    6        0.147303       -0.712315       -0.267178
     H    6       -0.045043       -0.267178        0.328652

     H    7        0.083699        0.020852        0.403855
     H    7        0.020852        0.110624        0.338130
     H    7        0.403855        0.338130       -0.194323

     C    8       -0.260883        0.001722       -0.426177
     C    8        0.001722        0.306750        0.170999
     C    8       -0.426177        0.170999       -0.045867

     H    9        0.040713        0.035103       -0.140241
     H    9        0.035103        0.513049        0.178385
     H    9       -0.140241        0.178385       -0.553762

     C   10        0.096512       -0.385697        0.044462
     C   10       -0.385697       -0.284266        0.181504
     C   10        0.044462        0.181504        0.187754

     C   11       -0.043066       -0.038937       -0.592710
     C   11       -0.038937       -0.132889        0.506424
     C   11       -0.592710        0.506424        0.175955

     Cl  12       -0.179786       -0.089091       -0.065870
     Cl  12       -0.089091       -0.127327       -0.011029
     Cl  12       -0.065870       -0.011029        0.307112

     H   13        0.406199        0.040177       -0.234582
     H   13        0.040177       -0.302694       -0.423156
     H   13       -0.234582       -0.423156       -0.103505

     C   14       -0.524196        0.305151       -0.310913
     C   14        0.305151        0.112551       -0.149846
     C   14       -0.310913       -0.149846        0.411645

     H   15       -0.651098       -0.222032       -0.229386
     H   15       -0.222032        0.376308       -0.152458
     H   15       -0.229386       -0.152458        0.274790

     C   16        0.041605       -0.082929       -0.436525
     C   16       -0.082929       -0.348866       -0.506975
     C   16       -0.436525       -0.506975        0.307260

     C   17       -0.290608        0.428441       -0.317809
     C   17        0.428441       -0.165488       -0.220750
     C   17       -0.317809       -0.220750        0.456096

     Cl  18       -0.093589       -0.010726        0.067846
     Cl  18       -0.010726        0.101988       -0.043641
     Cl  18        0.067846       -0.043641       -0.008399

     H   19        0.389920       -0.027238        0.000824
     H   19       -0.027238       -0.559637        0.502108
     H   19        0.000824        0.502108        0.169717

     C   20       -0.179517       -0.346834       -0.238367
     C   20       -0.346834       -0.121650        0.476747
     C   20       -0.238367        0.476747        0.301167

     H   21       -0.016744        0.290991       -0.434376
     H   21        0.290991        0.008103        0.490988
     H   21       -0.434376        0.490988        0.008641

     C   22       -0.481964       -0.321892       -0.294488
     C   22       -0.321892        0.071137        0.223413
     C   22       -0.294488        0.223413        0.410826

     C   23        0.078636       -0.567690        0.109992
     C   23       -0.567690       -0.494433        0.414823
     C   23        0.109992        0.414823        0.415796

     Cl  24       -0.074631       -0.000546       -0.093186
     Cl  24       -0.000546        0.063362       -0.001608
     Cl  24       -0.093186       -0.001608        0.011270

     ----- ionic term -----
     Cl   1        0.132219       -0.209916       -0.022939
     Cl   1       -0.209916        0.016811        0.025470
     Cl   1       -0.022939        0.025470       -0.149030

     C    2        0.254035       -0.103977        0.202297
     C    2       -0.103977        0.149868        0.414152
     C    2        0.202297        0.414152       -0.403904

     C    3        0.215649       -0.076978        0.089249
     C    3       -0.076978        0.194309        0.394798
     C    3        0.089249        0.394798       -0.409958

     H    4        0.651661        0.545301        0.460457
     H    4        0.545301       -0.254624        0.257580
     H    4        0.460457        0.257580       -0.397037

     C    5        0.392862       -0.058546        0.135240
     C    5       -0.058546        0.028372        0.319860
     C    5        0.135240        0.319860       -0.421234

     H    6       -0.502383        0.147051        0.061069
     H    6        0.147051        0.738512        0.664742
     H    6        0.061069        0.664742       -0.236129

     H    7       -0.526109       -0.020327        0.053218
     H    7       -0.020327        0.438271       -0.780160
     H    7        0.053218       -0.780160        0.087838

     C    8        0.173571        0.221231        0.411576
     C    8        0.221231       -0.089741       -0.282364
     C    8        0.411576       -0.282364       -0.083830

     H    9        0.244859       -0.362523        0.706906
     H    9       -0.362523       -0.308900       -0.411268
     H    9        0.706906       -0.411268        0.064041

     C   10        0.034804        0.282154        0.199947
     C   10        0.282154        0.104474       -0.439642
     C   10        0.199947       -0.439642       -0.139277

     C   11        0.175232        0.214258        0.283676
     C   11        0.214258       -0.008972       -0.444474
     C   11        0.283676       -0.444474       -0.166259

     Cl  12        0.193662        0.205947        0.052370
     Cl  12        0.205947       -0.060737        0.017180
     Cl  12        0.052370        0.017180       -0.132925

     H   13       -0.503915        0.007980        0.031835
     H   13        0.007980        0.433621        0.796017
     H   13        0.031835        0.796017        0.070294

     C   14        0.408618       -0.190186        0.193497
     C   14       -0.190186       -0.047455        0.352136
     C   14        0.193497        0.352136       -0.361162

     H   15        0.523586        0.381495        0.629840
     H   15        0.381495       -0.409917        0.312651
     H   15        0.629840        0.312651       -0.113669

     C   16        0.218640       -0.271141        0.095721
     C   16       -0.271141        0.100385        0.434086
     C   16        0.095721        0.434086       -0.319025

     C   17        0.330696       -0.151990        0.097964
     C   17       -0.151990        0.040808        0.416081
     C   17        0.097964        0.416081       -0.371504

     Cl  18        0.173468       -0.231556       -0.041001
     Cl  18       -0.231556       -0.019424        0.013490
     Cl  18       -0.041001        0.013490       -0.154043

     H   19       -0.512212        0.086871       -0.047754
     H   19        0.086871        0.568744       -0.741898
     H   19       -0.047754       -0.741898       -0.056532

     C   20        0.214259        0.192789        0.317505
     C   20        0.192789        0.027002       -0.301233
     C   20        0.317505       -0.301233       -0.241261

     H   21        0.360705       -0.417721        0.651229
     H   21       -0.417721       -0.310335       -0.382042
     H   21        0.651229       -0.382042       -0.050371

     C   22        0.080182        0.248071        0.216657
     C   22        0.248071        0.202997       -0.370384
     C   22        0.216657       -0.370384       -0.283179

     C   23        0.153416        0.275039        0.384353
     C   23        0.275039        0.030916       -0.331255
     C   23        0.384353       -0.331255       -0.184333

     Cl  24        0.158350        0.230904        0.043210
     Cl  24        0.230904       -0.003006        0.029313
     Cl  24        0.043210        0.029313       -0.155345

     ----- GIPAW term -----
     Cl   1       -0.504172       -1.478453        1.285648
     Cl   1       -1.478453       -0.051564       -1.921813
     Cl   1        1.285648       -1.921813        0.555736

     C    2        0.014280       -0.270265       -0.028191
     C    2       -0.270265        0.141762       -0.148374
     C    2       -0.028191       -0.148374       -0.156043

     C    3       -0.168783       -0.049356        0.048075
     C    3       -0.049356        0.185591       -0.161968
     C    3        0.048075       -0.161968       -0.016808

     H    4       -0.000000        0.000000        0.000000
     H    4        0.000000        0.000000        0.000000
     H    4        0.000000        0.000000        0.000000

     C    5        0.075320       -0.250963       -0.037660
     C    5       -0.250963        0.036913       -0.128668
     C    5       -0.037660       -0.128668       -0.112233

     H    6       -0.000000        0.000000        0.000000
     H    6        0.000000        0.000000        0.000000
     H    6        0.000000        0.000000        0.000000

     H    7       -0.000000        0.000000        0.000000
     H    7        0.000000        0.000000        0.000000
     H    7        0.000000        0.000000        0.000000

     C    8        0.113641       -0.066654       -0.025734
     C    8       -0.066654       -0.007441       -0.004687
     C    8       -0.025734       -0.004687       -0.106200

     H    9       -0.000000        0.000000        0.000000
     H    9        0.000000        0.000000        0.000000
     H    9        0.000000        0.000000        0.000000

     C   10        0.059999       -0.062836       -0.039600
     C   10       -0.062836       -0.052992        0.021274
     C   10       -0.039600        0.021274       -0.007007

     C   11        0.111846        0.005877       -0.220267
     C   11        0.005877       -0.057860        0.142192
     C   11       -0.220267        0.142192       -0.053986

     Cl  12       -0.410839        1.600442       -0.602918
     Cl  12        1.600442       -1.277581       -0.100855
     Cl  12       -0.602918       -0.100855        1.688420

     H   13       -0.000000        0.000000        0.000000
     H   13        0.000000        0.000000        0.000000
     H   13        0.000000        0.000000        0.000000

     C   14       -0.033106       -0.123563       -0.071881
     C   14       -0.123563        0.091632        0.051310
     C   14       -0.071881        0.051310       -0.058525

     H   15       -0.000000        0.000000        0.000000
     H   15        0.000000        0.000000        0.000000
     H   15        0.000000        0.000000        0.000000

     C   16        0.064851       -0.124188       -0.219212
     C   16       -0.124188       -0.099533       -0.007343
     C   16       -0.219212       -0.007343        0.034682

     C   17        0.114615       -0.065822       -0.202998
     C   17       -0.065822       -0.122911        0.030307
     C   17       -0.202998        0.030307        0.008296

     Cl  18        1.126462       -0.661556       -1.882645
     Cl  18       -0.661556       -0.797764       -0.986548
     Cl  18       -1.882645       -0.986548       -0.328698

     H   19       -0.000000        0.000000        0.000000
     H   19        0.000000        0.000000        0.000000
     H   19        0.000000        0.000000        0.000000

     C   20       -0.019293       -0.159199       -0.042911
     C   20       -0.159199        0.059891        0.137018
     C   20       -0.042911        0.137018       -0.040598

     H   21       -0.000000        0.000000        0.000000
     H   21        0.000000        0.000000        0.000000
     H   21        0.000000        0.000000        0.000000

     C   22       -0.122029       -0.123526        0.008125
     C   22       -0.123526        0.056119       -0.068131
     C   22        0.008125       -0.068131        0.065910

     C   23        0.181468       -0.091572        0.189327
     C   23       -0.091572       -0.160687       -0.019045
     C   23        0.189327       -0.019045       -0.020782

     Cl  24        0.807434        0.197324        1.586467
     Cl  24        0.197324       -0.435433       -1.318379
     Cl  24        1.586467       -1.318379       -0.372001

     ----- total EFG -----
     Cl   1       -0.636939       -1.398408        1.363660
     Cl   1       -1.398408       -0.045554       -2.028202
     Cl   1        1.363660       -2.028202        0.682492

     C    2        0.242517       -0.755211       -0.233299
     C    2       -0.755211        0.283576       -0.457638
     C    2       -0.233299       -0.457638       -0.526094

     C    3       -0.459243        0.183685        0.135453
     C    3        0.183685        0.486101       -0.122603
     C    3        0.135453       -0.122603       -0.026858

     H    4        0.539883        0.112773        0.339628
     H    4        0.112773       -0.550181        0.386865
     H    4        0.339628        0.386865        0.010298

     C    5        0.353685       -0.654103       -0.343163
     C    5       -0.654103        0.039095       -0.359736
     C    5       -0.343163       -0.359736       -0.392780

     H    6       -0.118719        0.294353        0.016026
     H    6        0.294353        0.026196        0.397564
     H    6        0.016026        0.397564        0.092523

     H    7       -0.442410        0.000525        0.457073
     H    7        0.000525        0.548895       -0.442030
     H    7        0.457073       -0.442030       -0.106485

     C    8        0.026329        0.156298       -0.040335
     C    8        0.156298        0.209568       -0.116052
     C    8       -0.040335       -0.116052       -0.235897

     H    9        0.285572       -0.327420        0.566666
     H    9       -0.327420        0.204149       -0.232883
     H    9        0.566666       -0.232883       -0.489721

     C   10        0.191316       -0.166379        0.204809
     C   10       -0.166379       -0.232785       -0.236865
     C   10        0.204809       -0.236865        0.041469

     C   11        0.244011        0.181198       -0.529301
     C   11        0.181198       -0.199721        0.204142
     C   11       -0.529301        0.204142       -0.044290

     Cl  12       -0.396963        1.717298       -0.616417
     Cl  12        1.717298       -1.465645       -0.094703
     Cl  12       -0.616417       -0.094703        1.862607

     H   13       -0.097716        0.048156       -0.202747
     H   13        0.048156        0.130927        0.372861
     H   13       -0.202747        0.372861       -0.033211

     C   14       -0.148684       -0.008598       -0.189297
     C   14       -0.008598        0.156727        0.253600
     C   14       -0.189297        0.253600       -0.008043

     H   15       -0.127512        0.159463        0.400453
     H   15        0.159463       -0.033609        0.160193
     H   15        0.400453        0.160193        0.161121

     C   16        0.325096       -0.478258       -0.560015
     C   16       -0.478258       -0.348014       -0.080232
     C   16       -0.560015       -0.080232        0.022918

     C   17        0.154703        0.210629       -0.422843
     C   17        0.210629       -0.247591        0.225638
     C   17       -0.422843        0.225638        0.092888

     Cl  18        1.206341       -0.903838       -1.855800
     Cl  18       -0.903838       -0.715201       -1.016700
     Cl  18       -1.855800       -1.016700       -0.491140

     H   19       -0.122292        0.059633       -0.046930
     H   19        0.059633        0.009107       -0.239790
     H   19       -0.046930       -0.239790        0.113185

     C   20        0.015449       -0.313244        0.036227
     C   20       -0.313244       -0.034756        0.312532
     C   20        0.036227        0.312532        0.019308

     H   21        0.343962       -0.126730        0.216853
     H   21       -0.126730       -0.302232        0.108946
     H   21        0.216853        0.108946       -0.041730

     C   22       -0.523810       -0.197348       -0.069706
     C   22       -0.197348        0.330253       -0.215102
     C   22       -0.069706       -0.215102        0.193557

     C   23        0.413521       -0.384222        0.683672
     C   23       -0.384222       -0.624203        0.064523
     C   23        0.683672        0.064523        0.210682

     Cl  24        0.891153        0.427683        1.536492
     Cl  24        0.427683       -0.375077       -1.290674
     Cl  24        1.536492       -1.290674       -0.516076

     ----- total EFG (symmetrized) -----
     Cl   1       -0.636939       -1.398408        1.363660
     Cl   1       -1.398408       -0.045554       -2.028202
     Cl   1        1.363660       -2.028202        0.682492

     C    2        0.242517       -0.755211       -0.233299
     C    2       -0.755211        0.283576       -0.457638
     C    2       -0.233299       -0.457638       -0.526094

     C    3       -0.459243        0.183685        0.135453
     C    3        0.183685        0.486101       -0.122603
     C    3        0.135453       -0.122603       -0.026858

     H    4        0.539883        0.112773        0.339628
     H    4        0.112773       -0.550181        0.386865
     H    4        0.339628        0.386865        0.010298

     C    5        0.353685       -0.654103       -0.343163
     C    5       -0.654103        0.039095       -0.359736
     C    5       -0.343163       -0.359736       -0.392780

     H    6       -0.118719        0.294353        0.016026
     H    6        0.294353        0.026196        0.397564
     H    6        0.016026        0.397564        0.092523

     H    7       -0.442410        0.000525        0.457073
     H    7        0.000525        0.548895       -0.442030
     H    7        0.457073       -0.442030       -0.106485

     C    8        0.026329        0.156298       -0.040335
     C    8        0.156298        0.209568       -0.116052
     C    8       -0.040335       -0.116052       -0.235897

     H    9        0.285572       -0.327420        0.566666
     H    9       -0.327420        0.204149       -0.232883
     H    9        0.566666       -0.232883       -0.489721

     C   10        0.191316       -0.166379        0.204809
     C   10       -0.166379       -0.232785       -0.236865
     C   10        0.204809       -0.236865        0.041469

     C   11        0.244011        0.181198       -0.529301
     C   11        0.181198       -0.199721        0.204142
     C   11       -0.529301        0.204142       -0.044290

     Cl  12       -0.396963        1.717298       -0.616417
     Cl  12        1.717298       -1.465645       -0.094703
     Cl  12       -0.616417       -0.094703        1.862607

     H   13       -0.097716        0.048156       -0.202747
     H   13        0.048156        0.130927        0.372861
     H   13       -0.202747        0.372861       -0.033211

     C   14       -0.148684       -0.008598       -0.189297
     C   14       -0.008598        0.156727        0.253600
     C   14       -0.189297        0.253600       -0.008043

     H   15       -0.127512        0.159463        0.400453
     H   15        0.159463       -0.033609        0.160193
     H   15        0.400453        0.160193        0.161121

     C   16        0.325096       -0.478258       -0.560015
     C   16       -0.478258       -0.348014       -0.080232
     C   16       -0.560015       -0.080232        0.022918

     C   17        0.154703        0.210629       -0.422843
     C   17        0.210629       -0.247591        0.225638
     C   17       -0.422843        0.225638        0.092888

     Cl  18        1.206341       -0.903838       -1.855800
     Cl  18       -0.903838       -0.715201       -1.016700
     Cl  18       -1.855800       -1.016700       -0.491140

     H   19       -0.122292        0.059633       -0.046930
     H   19        0.059633        0.009107       -0.239790
     H   19       -0.046930       -0.239790        0.113185

     C   20        0.015449       -0.313244        0.036227
     C   20       -0.313244       -0.034756        0.312532
     C   20        0.036227        0.312532        0.019308

     H   21        0.343962       -0.126730        0.216853
     H   21       -0.126730       -0.302232        0.108946
     H   21        0.216853        0.108946       -0.041730

     C   22       -0.523810       -0.197348       -0.069706
     C   22       -0.197348        0.330253       -0.215102
     C   22       -0.069706       -0.215102        0.193557

     C   23        0.413521       -0.384222        0.683672
     C   23       -0.384222       -0.624203        0.064523
     C   23        0.683672        0.064523        0.210682

     Cl  24        0.891153        0.427683        1.536492
     Cl  24        0.427683       -0.375077       -1.290674
     Cl  24        1.536492       -1.290674       -0.516076


     NQR/NMR SPECTROSCOPIC PARAMETERS:
     Cl   1    Vxx=   -1.4725    axis=(  0.747065 -0.178164 -0.640431)
     Cl   1    Vyy=   -1.8598    axis=( -0.498001 -0.788161 -0.361659)
     Cl   1    Vzz=    3.3323    axis=( -0.440328  0.589118 -0.677533)
     Cl   1  Q=        -8.1650 1e-30 m^2  Cq=       -63.9278 MHz  eta= 0.11624

     C    2    Vxx=   -0.0350    axis=(  0.593546  0.428518 -0.681231)
     C    2    Vyy=   -1.0030    axis=(  0.452255  0.522574  0.722760)
     C    2    Vzz=    1.0379    axis=( -0.665709  0.737081 -0.116372)
     C    2  Q=         1.0000 1e-30 m^2  Cq=         2.4387 MHz  eta= 0.93265

     C    3    Vxx=    0.0042    axis=(  0.320992  0.116756  0.939857)
     C    3    Vyy=    0.5374    axis=( -0.155573 -0.972391  0.173931)
     C    3    Vzz=   -0.5416    axis=(  0.934217 -0.202047 -0.293966)
     C    3  Q=         1.0000 1e-30 m^2  Cq=        -1.2725 MHz  eta= 0.98459

     H    4    Vxx=   -0.0158    axis=(  0.533872 -0.419054 -0.734421)
     H    4    Vyy=   -0.7502    axis=(  0.046481  0.881788 -0.469351)
     H    4    Vzz=    0.7660    axis=( -0.844287 -0.216436 -0.490240)
     H    4  Q=         1.0000 1e-30 m^2  Cq=         1.7998 MHz  eta= 0.95863

     C    5    Vxx=    0.0607    axis=( -0.385631 -0.558177  0.734661)
     C    5    Vyy=    0.8712    axis=( -0.794435  0.605806  0.043269)
     C    5    Vzz=   -0.9318    axis=( -0.469214 -0.566954 -0.677053)
     C    5  Q=         1.0000 1e-30 m^2  Cq=        -2.1894 MHz  eta= 0.86979

     H    6    Vxx=   -0.0560    axis=( -0.768083 -0.196745  0.609377)
     H    6    Vyy=   -0.4762    axis=( -0.548957  0.692261 -0.468423)
     H    6    Vzz=    0.5323    axis=( -0.329688 -0.694310 -0.639719)
     H    6  Q=         1.0000 1e-30 m^2  Cq=         1.2506 MHz  eta= 0.78945

     H    7    Vxx=    0.0039    axis=( -0.623002 -0.492390 -0.607799)
     H    7    Vyy=    0.8095    axis=( -0.182029  0.846947 -0.499546)
     H    7    Vzz=   -0.8134    axis=( -0.760745  0.200581  0.617279)
     H    7  Q=         1.0000 1e-30 m^2  Cq=        -1.9112 MHz  eta= 0.99035

     C    8    Vxx=   -0.0608    axis=(  0.879821 -0.463643  0.104645)
     C    8    Vyy=   -0.2643    axis=( -0.008371 -0.235244 -0.971900)
     C    8    Vzz=    0.3252    axis=(  0.475232  0.854222 -0.210854)
     C    8  Q=         1.0000 1e-30 m^2  Cq=         0.7640 MHz  eta= 0.62583

     H    9    Vxx=   -0.0443    axis=(  0.500530  0.843268  0.195878)
     H    9    Vyy=   -0.7919    axis=(  0.450224 -0.060299 -0.890877)
     H    9    Vzz=    0.8361    axis=( -0.739437  0.534100 -0.409841)
     H    9  Q=         1.0000 1e-30 m^2  Cq=         1.9646 MHz  eta= 0.89406

     C   10    Vxx=   -0.0731    axis=(  0.690666  0.273423 -0.669492)
     C   10    Vyy=   -0.3733    axis=(  0.094243  0.883845  0.458188)
     C   10    Vzz=    0.4464    axis=( -0.717007  0.379550 -0.584674)
     C   10  Q=         1.0000 1e-30 m^2  Cq=         1.0489 MHz  eta= 0.67257

     C   11    Vxx=   -0.0253    axis=(  0.308360  0.840893  0.444762)
     C   11    Vyy=   -0.6237    axis=( -0.517514  0.540594 -0.663278)
     C   11    Vzz=    0.6490    axis=( -0.798181 -0.025642  0.601871)
     C   11  Q=         1.0000 1e-30 m^2  Cq=         1.5248 MHz  eta= 0.92203

     Cl  12    Vxx=    0.6253    axis=(  0.716815  0.570567  0.400786)
     Cl  12    Vyy=    2.1230    axis=( -0.356151 -0.194552  0.913951)
     Cl  12    Vzz=   -2.7483    axis=( -0.599443  0.797874 -0.063750)
     Cl  12  Q=        -8.1650 1e-30 m^2  Cq=        52.7245 MHz  eta= 0.54494

     H   13    Vxx=   -0.0073    axis=(  0.852590  0.444472 -0.274836)
     H   13    Vyy=   -0.4394    axis=( -0.491919  0.505113 -0.709138)
     H   13    Vzz=    0.4467    axis=( -0.176369  0.739801  0.649298)
     H   13  Q=         1.0000 1e-30 m^2  Cq=         1.0496 MHz  eta= 0.96752

     C   14    Vxx=   -0.0407    axis=(  0.698464  0.576010 -0.424688)
     C   14    Vyy=   -0.3294    axis=( -0.674637  0.331972 -0.659287)
     C   14    Vzz=    0.3701    axis=(  0.238771 -0.746999 -0.620468)
     C   14  Q=         1.0000 1e-30 m^2  Cq=         0.8696 MHz  eta= 0.78020

     H   15    Vxx=   -0.1172    axis=(  0.111680 -0.922247  0.370119)
     H   15    Vyy=   -0.4134    axis=(  0.829807 -0.118376 -0.545350)
     H   15    Vzz=    0.5306    axis=(  0.546761  0.368032  0.752067)
     H   15  Q=         1.0000 1e-30 m^2  Cq=         1.2468 MHz  eta= 0.55824

     C   16    Vxx=   -0.0858    axis=(  0.233632 -0.648047  0.724880)
     C   16    Vyy=   -0.7676    axis=( -0.542495 -0.705567 -0.455933)
     C   16    Vzz=    0.8534    axis=( -0.806917  0.286724  0.516405)
     C   16  Q=         1.0000 1e-30 m^2  Cq=         2.0052 MHz  eta= 0.79881

     C   17    Vxx=    0.0359    axis=(  0.459867  0.736502  0.496072)
     C   17    Vyy=    0.5478    axis=( -0.732661 -0.000946  0.680593)
     C   17    Vzz=   -0.5837    axis=(  0.501727 -0.676434  0.539172)
     C   17  Q=         1.0000 1e-30 m^2  Cq=        -1.3714 MHz  eta= 0.87698

     Cl  18    Vxx=    0.2156    axis=(  0.245042 -0.813697  0.527116)
     Cl  18    Vyy=    2.4148    axis=(  0.852407 -0.078213 -0.516996)
     Cl  18    Vzz=   -2.6304    axis=( -0.461905 -0.576003 -0.674436)
     Cl  18  Q=        -8.1650 1e-30 m^2  Cq=        50.4638 MHz  eta= 0.83607

     H   19    Vxx=   -0.1296    axis=( -0.942751 -0.127474 -0.308172)
     H   19    Vyy=   -0.1894    axis=(  0.289515 -0.771492 -0.566552)
     H   19    Vzz=    0.3189    axis=( -0.165532 -0.623338  0.764231)
     H   19  Q=         1.0000 1e-30 m^2  Cq=         0.7494 MHz  eta= 0.18748

     C   20    Vxx=    0.0536    axis=(  0.706904 -0.004315  0.707296)
     C   20    Vyy=    0.4158    axis=( -0.502476  0.700717  0.506472)
     C   20    Vzz=   -0.4694    axis=(  0.497800  0.713426 -0.493172)
     C   20  Q=         1.0000 1e-30 m^2  Cq=        -1.1028 MHz  eta= 0.77158

     H   21    Vxx=   -0.0514    axis=( -0.287687  0.500113  0.816776)
     H   21    Vyy=   -0.3970    axis=(  0.273137  0.860256 -0.430530)
     H   21    Vzz=    0.4484    axis=( -0.917950  0.099233 -0.384084)
     H   21  Q=         1.0000 1e-30 m^2  Cq=         1.0536 MHz  eta= 0.77073

     C   22    Vxx=    0.0828    axis=( -0.259488  0.507324  0.821760)
     C   22    Vyy=    0.5021    axis=(  0.121769 -0.826928  0.548965)
     C   22    Vzz=   -0.5849    axis=( -0.958039 -0.242515 -0.152801)
     C   22  Q=         1.0000 1e-30 m^2  Cq=        -1.3742 MHz  eta= 0.71696

     C   23    Vxx=   -0.1929    axis=( -0.469075  0.524248  0.710727)
     C   23    Vyy=   -0.8489    axis=(  0.434311  0.837653 -0.331229)
     C   23    Vzz=    1.0419    axis=( -0.768988  0.153306 -0.620608)
     C   23  Q=         1.0000 1e-30 m^2  Cq=         2.4480 MHz  eta= 0.62962

     Cl  24    Vxx=    0.4393    axis=(  0.458057  0.812395 -0.360829)
     Cl  24    Vyy=    1.9403    axis=( -0.787543  0.182625 -0.588578)
     Cl  24    Vzz=   -2.3796    axis=( -0.412262  0.553771  0.723449)
     Cl  24  Q=        -8.1650 1e-30 m^2  Cq=        45.6517 MHz  eta= 0.63076

     Initialization:
     gipaw_setup  :      9.18s CPU     11.24s WALL (       1 calls)

     Linear response

     Apply operators

     Induced current

     Other routines
     efg          :      9.28s CPU     11.87s WALL (       1 calls)

     General routines
     calbec       :      3.43s CPU      4.54s WALL (      16 calls)
     fft          :      1.60s CPU      2.47s WALL (      15 calls)
     ffts         :      0.04s CPU      0.07s WALL (       2 calls)
     fftw         :      3.10s CPU      3.88s WALL (     672 calls)
     davcio       :      0.02s CPU      0.33s WALL (      32 calls)

     Parallel routines
     fft_scatter  :      2.10s CPU      3.66s WALL (     689 calls)

     Plugins

     GIPAW        :     61.51s CPU     74.47s WALL (       1 calls)
