
     Program QE v.6.0 (svn rev. 13079) starts on 17Jan2017 at  3:43:31 

     This program is part of the open-source Quantum ESPRESSO suite
     for quantum simulation of materials; please cite
         "P. Giannozzi et al., J. Phys.:Condens. Matter 21 395502 (2009);
          URL http://www.quantum-espresso.org", 
     in publications or presentations arising from this work. More details at
     http://www.quantum-espresso.org/quote

     Parallel version (MPI), running on     8 processors
     R & G space division:  proc/nbgrp/npool/nimage =       8

     ***** This is GIPAW svn revision unknown      *****

     Parallelizing q-star over 1 images

     Reading data from directory:
     /users/majewski/paradichlorobenzene/pbe/9_constraint/scratch/pbe.ecut100.np8.dt60.pcl2phi-129368.save
     Message from routine read_xml_file:
     file /users/majewski/paradichlorobenzene/pbe/9_constraint/scratch/pbe.ecut100.np8.dt60.pcl2phi-129368.save not guaranteed to be safe for post-processing

   Info: using nr1, nr2, nr3 values from input

   Info: using nr1, nr2, nr3 values from input

     IMPORTANT: XC functional enforced from input :
     Exchange-correlation      =  SLA  PW   PBX  PBC ( 1  4  3  4 0 0)
     Any further DFT definition will be discarded
     Please, verify this is what you really want

               file C.pbe-n-kjpaw_psl.1.0.0.UPF: wavefunction(s)  2S 2P renormalized
               file Cl.pbe-n-kjpaw_psl.1.0.0.UPF: wavefunction(s)  3S 3P renormalized
               file H.pbe-kjpaw_psl.1.0.0.UPF: wavefunction(s)  1S renormalized

     Parallelization info
     --------------------
     sticks:   dense  smooth     PW     G-vecs:    dense   smooth      PW
     Min        3057    1223    332               144436    36536    5170
     Max        3059    1225    333               144437    36537    5171
     Sum       24467    9791   2657              1155489   292295   41363


     Subspace diagonalization in iterative solution of the eigenvalue problem:
     a serial algorithm will be used

     GIPAW projectors -----------------------------------------------
     atom=  C    l=0  rc=    1.2000  rs=    0.8000
     atom=  C    l=0  rc=    1.2000  rs=    0.8000
     atom=  C    l=1  rc=    1.4000  rs=    0.9333
     atom=  C    l=1  rc=    1.4000  rs=    0.9333
     projs nearly linearly dependent: l=1  n1,n2= 1, 2  s=  0.99951561

     atom=  Cl   l=0  rc=    1.6000  rs=    1.0667
     atom=  Cl   l=0  rc=    1.6000  rs=    1.0667
     atom=  Cl   l=1  rc=    1.6000  rs=    1.0667
     atom=  Cl   l=1  rc=    1.6000  rs=    1.0667
     atom=  Cl   l=2  rc=    1.6000  rs=    1.0667
     atom=  Cl   l=2  rc=    1.6000  rs=    1.0667
     projs nearly linearly dependent: l=2  n1,n2= 1, 2  s=  0.99993509

     atom=  H    l=0  rc=    1.0000  rs=    0.6667
     atom=  H    l=0  rc=    1.0000  rs=    0.6667
     projs nearly linearly dependent: l=0  n1,n2= 1, 2  s=  0.99968852
     -----------------------------------------------------------------

     GIPAW integrals: -------------------------------------------
     Atom  i/j   nmr_para   nmr_dia   epr_rmc  epr_para   epr_dia
       C   1 1   0.83E+03  0.17E-01  0.93E+01  0.24E+08  0.24E+03
       C   2 1   0.86E+03 -0.61E-01  0.94E+01  0.25E+08  0.25E+03
       C   2 2   0.90E+03 -0.15E+00  0.97E+01  0.26E+08  0.26E+03
       C   3 3   0.33E+01  0.34E+00  0.18E+01  0.55E+03  0.21E+02
       C   4 3   0.35E+01  0.37E+00  0.20E+01  0.59E+03  0.22E+02
       C   4 4   0.38E+01  0.39E+00  0.22E+01  0.63E+03  0.24E+02
       Cl  1 1   0.14E+04 -0.47E+00  0.84E+01  0.32E+09  0.42E+03
       Cl  2 1   0.21E+04 -0.37E+00  0.12E+02  0.49E+09  0.65E+03
       Cl  2 2   0.33E+04 -0.16E+00  0.21E+02  0.76E+09  0.10E+04
       Cl  3 3   0.21E+02  0.79E-01  0.89E+01  0.23E+05  0.13E+03
       Cl  4 3   0.24E+02  0.67E-01  0.99E+01  0.27E+05  0.15E+03
       Cl  4 4   0.28E+02  0.44E-01  0.11E+02  0.32E+05  0.18E+03
       Cl  5 5   0.77E+00  0.19E+00  0.18E+01  0.12E+03  0.22E+02
       Cl  6 5   0.80E+00  0.19E+00  0.19E+01  0.12E+03  0.23E+02
       Cl  6 6   0.83E+00  0.20E+00  0.19E+01  0.12E+03  0.23E+02
       H   1 1   0.39E+02  0.19E+00  0.29E+00  0.78E+05  0.13E+02
       H   2 1   0.41E+02  0.21E+00  0.32E+00  0.82E+05  0.14E+02
       H   2 2   0.43E+02  0.22E+00  0.36E+00  0.86E+05  0.15E+02
     ------------------------------------------------------------

     alpha_pv=     33.8110 eV

     Number of occupied bands for each k-point:
     k-point:     1    nbnd_occ=  42
     k-point:     2    nbnd_occ=  42
     k-point:     3    nbnd_occ=  42
     k-point:     4    nbnd_occ=  42
     k-point:     5    nbnd_occ=  42
     k-point:     6    nbnd_occ=  42
     k-point:     7    nbnd_occ=  42
     k-point:     8    nbnd_occ=  42
     k-point:     9    nbnd_occ=  42
     k-point:    10    nbnd_occ=  42
     k-point:    11    nbnd_occ=  42
     k-point:    12    nbnd_occ=  42
     k-point:    13    nbnd_occ=  42
     k-point:    14    nbnd_occ=  42
     k-point:    15    nbnd_occ=  42
     k-point:    16    nbnd_occ=  42


     q-space interpolation up to   110.00 Rydberg

     GIPAW job: efg                                                                             


     ELECTRIC FIELD GRADIENTS TENSORS IN Hartree/bohrradius^2:

     ----- bare term -----
     Cl   1       -0.166149        0.310989       -0.004883
     Cl   1        0.310989       -0.180917       -0.056376
     Cl   1       -0.004883       -0.056376        0.347067

     C    2        0.257304        0.033071       -0.174154
     C    2        0.033071       -0.272018       -0.608395
     C    2       -0.174154       -0.608395        0.014714

     C    3       -0.440336        0.152079       -0.020774
     C    3        0.152079       -0.070780        0.055038
     C    3       -0.020774        0.055038        0.511116

     H    4       -0.073772       -0.394666       -0.101670
     H    4       -0.394666       -0.317126        0.048052
     H    4       -0.101670        0.048052        0.390898

     C    5        0.091336       -0.129541       -0.294676
     C    5       -0.129541       -0.159272       -0.282249
     C    5       -0.294676       -0.282249        0.067936

     H    6        0.278404        0.215493       -0.044342
     H    6        0.215493       -0.612687       -0.106819
     H    6       -0.044342       -0.106819        0.334283

     H    7        0.460789        0.076324        0.156075
     H    7        0.076324       -0.201283        0.352343
     H    7        0.156075        0.352343       -0.259506

     C    8       -0.629801       -0.358135       -0.366700
     C    8       -0.358135        0.405059        0.163820
     C    8       -0.366700        0.163820        0.224742

     H    9        0.013110        0.046815       -0.484340
     H    9        0.046815        0.154644       -0.225626
     H    9       -0.484340       -0.225626       -0.167754

     C   10        0.206966       -0.187171        0.000288
     C   10       -0.187171       -0.151461        0.362347
     C   10        0.000288        0.362347       -0.055505

     C   11       -0.503699       -0.405673       -0.378122
     C   11       -0.405673        0.228611        0.164302
     C   11       -0.378122        0.164302        0.275088

     Cl  12       -0.003934       -0.033068       -0.085003
     Cl  12       -0.033068        0.029764        0.069779
     Cl  12       -0.085003        0.069779       -0.025829

     H   13        0.475246       -0.075714       -0.091013
     H   13       -0.075714       -0.589293       -0.421575
     H   13       -0.091013       -0.421575        0.114048

     C   14       -0.951905        0.371537       -0.467878
     C   14        0.371537        0.406424        0.035604
     C   14       -0.467878        0.035604        0.545481

     H   15       -0.582276       -0.275070        0.012932
     H   15       -0.275070        0.420954       -0.117531
     H   15        0.012932       -0.117531        0.161322

     C   16        0.014645       -0.067823       -0.315462
     C   16       -0.067823       -0.351664       -0.450169
     C   16       -0.315462       -0.450169        0.337019

     C   17       -0.724136        0.414000       -0.319789
     C   17        0.414000        0.312759       -0.116091
     C   17       -0.319789       -0.116091        0.411377

     Cl  18        0.065295       -0.156220       -0.058026
     Cl  18       -0.156220        0.022167        0.032641
     Cl  18       -0.058026        0.032641       -0.087461

     H   19        0.380920       -0.153720        0.122388
     H   19       -0.153720       -0.435851        0.599603
     H   19        0.122388        0.599603        0.054931

     C   20       -0.122649        0.069071       -0.301702
     C   20        0.069071       -0.007141        0.412561
     C   20       -0.301702        0.412561        0.129790

     H   21       -0.036842        0.378639       -0.370865
     H   21        0.378639       -0.206209        0.377855
     H   21       -0.370865        0.377855        0.243051

     C   22       -0.735969       -0.403556       -0.326537
     C   22       -0.403556        0.364177        0.081197
     C   22       -0.326537        0.081197        0.371792

     C   23        0.094728       -0.085547       -0.149498
     C   23       -0.085547       -0.018061        0.605121
     C   23       -0.149498        0.605121       -0.076668

     Cl  24       -0.163709       -0.259734       -0.003329
     Cl  24       -0.259734       -0.018151        0.013340
     Cl  24       -0.003329        0.013340        0.181861

     ----- ionic term -----
     Cl   1        0.170273       -0.188186        0.011516
     Cl   1       -0.188186        0.002694        0.001674
     Cl   1        0.011516        0.001674       -0.172967

     C    2        0.236486       -0.084323        0.203590
     C    2       -0.084323        0.272402        0.374290
     C    2        0.203590        0.374290       -0.508888

     C    3        0.193387       -0.157256        0.139541
     C    3       -0.157256        0.290778        0.355738
     C    3        0.139541        0.355738       -0.484165

     H    4        0.651531        0.455125        0.539592
     H    4        0.455125       -0.291027        0.259394
     H    4        0.539592        0.259394       -0.360504

     C    5        0.371752       -0.142026        0.162413
     C    5       -0.142026        0.072768        0.295833
     C    5        0.162413        0.295833       -0.444520

     H    6       -0.486301       -0.131553       -0.084494
     H    6       -0.131553        0.659884        0.672515
     H    6       -0.084494        0.672515       -0.173583

     H    7       -0.523161       -0.074582        0.058473
     H    7       -0.074582        0.628663       -0.731773
     H    7        0.058473       -0.731773       -0.105503

     C    8        0.213406        0.154748        0.328331
     C    8        0.154748        0.057372       -0.298325
     C    8        0.328331       -0.298325       -0.270778

     H    9        0.565036       -0.356341        0.650827
     H    9       -0.356341       -0.356150       -0.278216
     H    9        0.650827       -0.278216       -0.208886

     C   10        0.111455        0.255575        0.203712
     C   10        0.255575        0.138045       -0.361019
     C   10        0.203712       -0.361019       -0.249500

     C   11        0.151191        0.237436        0.328241
     C   11        0.237436        0.000661       -0.383972
     C   11        0.328241       -0.383972       -0.151851

     Cl  12        0.166068        0.232181        0.026464
     Cl  12        0.232181       -0.024335        0.009045
     Cl  12        0.026464        0.009045       -0.141733

     H   13       -0.509478        0.057263        0.026726
     H   13        0.057263        0.878228        0.533610
     H   13        0.026726        0.533610       -0.368750

     C   14        0.368198       -0.083166        0.218852
     C   14       -0.083166        0.118220        0.257909
     C   14        0.218852        0.257909       -0.486417

     H   15        0.615629        0.522675        0.488629
     H   15        0.522675       -0.236912        0.268473
     H   15        0.488629        0.268473       -0.378717

     C   16        0.244596       -0.147907        0.158324
     C   16       -0.147907        0.201545        0.305034
     C   16        0.158324        0.305034       -0.446141

     C   17        0.320237       -0.066334        0.203802
     C   17       -0.066334        0.130635        0.335108
     C   17        0.203802        0.335108       -0.450871

     Cl  18        0.193655       -0.219366        0.005565
     Cl  18       -0.219366       -0.043281       -0.001798
     Cl  18        0.005565       -0.001798       -0.150373

     H   19       -0.521388        0.057758       -0.019087
     H   19        0.057758        0.492577       -0.764845
     H   19       -0.019087       -0.764845        0.028812

     C   20        0.215903        0.212681        0.298457
     C   20        0.212681       -0.070979       -0.314500
     C   20        0.298457       -0.314500       -0.144924

     H   21        0.494914       -0.360654        0.660314
     H   21       -0.360654       -0.407686       -0.311277
     H   21        0.660314       -0.311277       -0.087227

     C   22        0.124729        0.191513        0.184788
     C   22        0.191513        0.083168       -0.433664
     C   22        0.184788       -0.433664       -0.207898

     C   23        0.198139        0.166591        0.327097
     C   23        0.166591        0.026656       -0.425697
     C   23        0.327097       -0.425697       -0.224795

     Cl  24        0.152826        0.201226        0.026825
     Cl  24        0.201226        0.013221        0.007526
     Cl  24        0.026825        0.007526       -0.166047

     ----- GIPAW term -----
     Cl   1       -1.128045        0.323276       -0.004662
     Cl   1        0.323276        2.349473        0.474609
     Cl   1       -0.004662        0.474609       -1.221427

     C    2       -0.019892        0.003643       -0.001068
     C    2        0.003643        0.138131        0.049839
     C    2       -0.001068        0.049839       -0.118239

     C    3       -0.041672       -0.032158        0.009114
     C    3       -0.032158        0.029494        0.013020
     C    3        0.009114        0.013020        0.012178

     H    4       -0.000000        0.000000        0.000000
     H    4        0.000000        0.000000        0.000000
     H    4        0.000000        0.000000        0.000000

     C    5       -0.012525       -0.030617       -0.022334
     C    5       -0.030617        0.093674       -0.035759
     C    5       -0.022334       -0.035759       -0.081149

     H    6       -0.000000        0.000000        0.000000
     H    6        0.000000        0.000000        0.000000
     H    6        0.000000        0.000000        0.000000

     H    7       -0.000000        0.000000        0.000000
     H    7        0.000000        0.000000        0.000000
     H    7        0.000000        0.000000        0.000000

     C    8       -0.129648       -0.139874       -0.066246
     C    8       -0.139874        0.194975        0.076289
     C    8       -0.066246        0.076289       -0.065327

     H    9       -0.000000        0.000000        0.000000
     H    9        0.000000        0.000000        0.000000
     H    9        0.000000        0.000000        0.000000

     C   10       -0.017872       -0.048366       -0.006082
     C   10       -0.048366        0.076747        0.063267
     C   10       -0.006082        0.063267       -0.058875

     C   11       -0.105512       -0.070619       -0.055587
     C   11       -0.070619        0.204554        0.069445
     C   11       -0.055587        0.069445       -0.099041

     Cl  12       -0.168983        1.136441       -0.539981
     Cl  12        1.136441        1.800676        1.840191
     Cl  12       -0.539981        1.840191       -1.631693

     H   13       -0.000000        0.000000        0.000000
     H   13        0.000000        0.000000        0.000000
     H   13        0.000000        0.000000        0.000000

     C   14       -0.224575        0.027308       -0.050849
     C   14        0.027308        0.156971        0.199504
     C   14       -0.050849        0.199504        0.067603

     H   15       -0.000000        0.000000        0.000000
     H   15        0.000000        0.000000        0.000000
     H   15        0.000000        0.000000        0.000000

     C   16       -0.066147       -0.135620       -0.137261
     C   16       -0.135620        0.011780        0.115359
     C   16       -0.137261        0.115359        0.054367

     C   17       -0.151478       -0.100598       -0.048669
     C   17       -0.100598        0.263496        0.061230
     C   17       -0.048669        0.061230       -0.112018

     Cl  18        1.943495       -3.511624       -0.656452
     Cl  18       -3.511624        0.265300        0.400300
     Cl  18       -0.656452        0.400300       -2.208796

     H   19       -0.000000        0.000000        0.000000
     H   19        0.000000        0.000000        0.000000
     H   19        0.000000        0.000000        0.000000

     C   20       -0.114118        0.076175       -0.051630
     C   20        0.076175        0.221781       -0.039119
     C   20       -0.051630       -0.039119       -0.107663

     H   21       -0.000000        0.000000        0.000000
     H   21        0.000000        0.000000        0.000000
     H   21        0.000000        0.000000        0.000000

     C   22       -0.230030       -0.122062       -0.044537
     C   22       -0.122062        0.291758       -0.087820
     C   22       -0.044537       -0.087820       -0.061728

     C   23       -0.034157       -0.037096       -0.012824
     C   23       -0.037096        0.223649        0.052488
     C   23       -0.012824        0.052488       -0.189492

     Cl  24       -0.758976       -0.603814        0.188875
     Cl  24       -0.603814        2.434343       -0.866898
     Cl  24        0.188875       -0.866898       -1.675367

     ----- total EFG -----
     Cl   1       -1.123922        0.446079        0.001971
     Cl   1        0.446079        2.171250        0.419907
     Cl   1        0.001971        0.419907       -1.047328

     C    2        0.473899       -0.047609        0.028368
     C    2       -0.047609        0.138515       -0.184266
     C    2        0.028368       -0.184266       -0.612413

     C    3       -0.288621       -0.037335        0.127882
     C    3       -0.037335        0.249492        0.423797
     C    3        0.127882        0.423797        0.039129

     H    4        0.577759        0.060459        0.437923
     H    4        0.060459       -0.608153        0.307445
     H    4        0.437923        0.307445        0.030394

     C    5        0.450563       -0.302184       -0.154597
     C    5       -0.302184        0.007170       -0.022175
     C    5       -0.154597       -0.022175       -0.457733

     H    6       -0.207897        0.083941       -0.128836
     H    6        0.083941        0.047196        0.565696
     H    6       -0.128836        0.565696        0.160700

     H    7       -0.062372        0.001742        0.214547
     H    7        0.001742        0.427381       -0.379430
     H    7        0.214547       -0.379430       -0.365009

     C    8       -0.546043       -0.343261       -0.104615
     C    8       -0.343261        0.657406       -0.058216
     C    8       -0.104615       -0.058216       -0.111363

     H    9        0.578146       -0.309526        0.166488
     H    9       -0.309526       -0.201506       -0.503841
     H    9        0.166488       -0.503841       -0.376640

     C   10        0.300549        0.020038        0.197917
     C   10        0.020038        0.063331        0.064595
     C   10        0.197917        0.064595       -0.363880

     C   11       -0.458021       -0.238856       -0.105468
     C   11       -0.238856        0.433825       -0.150225
     C   11       -0.105468       -0.150225        0.024196

     Cl  12       -0.006850        1.335554       -0.598520
     Cl  12        1.335554        1.806104        1.919015
     Cl  12       -0.598520        1.919015       -1.799255

     H   13       -0.034232       -0.018451       -0.064287
     H   13       -0.018451        0.288935        0.112034
     H   13       -0.064287        0.112034       -0.254702

     C   14       -0.808282        0.315679       -0.299874
     C   14        0.315679        0.681615        0.493017
     C   14       -0.299874        0.493017        0.126667

     H   15        0.033352        0.247604        0.501561
     H   15        0.247604        0.184042        0.150942
     H   15        0.501561        0.150942       -0.217394

     C   16        0.193095       -0.351350       -0.294398
     C   16       -0.351350       -0.138339       -0.029776
     C   16       -0.294398       -0.029776       -0.054756

     C   17       -0.555377        0.247068       -0.164656
     C   17        0.247068        0.706889        0.280246
     C   17       -0.164656        0.280246       -0.151512

     Cl  18        2.202445       -3.887210       -0.708913
     Cl  18       -3.887210        0.244186        0.431143
     Cl  18       -0.708913        0.431143       -2.446631

     H   19       -0.140468       -0.095962        0.103301
     H   19       -0.095962        0.056726       -0.165242
     H   19        0.103301       -0.165242        0.083742

     C   20       -0.020864        0.357926       -0.054875
     C   20        0.357926        0.143660        0.058942
     C   20       -0.054875        0.058942       -0.122797

     H   21        0.458071        0.017985        0.289449
     H   21        0.017985       -0.613895        0.066578
     H   21        0.289449        0.066578        0.155824

     C   22       -0.841269       -0.334104       -0.186286
     C   22       -0.334104        0.739103       -0.440287
     C   22       -0.186286       -0.440287        0.102166

     C   23        0.258710        0.043948        0.164776
     C   23        0.043948        0.232244        0.231912
     C   23        0.164776        0.231912       -0.490955

     Cl  24       -0.769859       -0.662322        0.212372
     Cl  24       -0.662322        2.429413       -0.846031
     Cl  24        0.212372       -0.846031       -1.659554

     ----- total EFG (symmetrized) -----
     Cl   1       -1.123922        0.446079        0.001971
     Cl   1        0.446079        2.171250        0.419907
     Cl   1        0.001971        0.419907       -1.047328

     C    2        0.473899       -0.047609        0.028368
     C    2       -0.047609        0.138515       -0.184266
     C    2        0.028368       -0.184266       -0.612413

     C    3       -0.288621       -0.037335        0.127882
     C    3       -0.037335        0.249492        0.423797
     C    3        0.127882        0.423797        0.039129

     H    4        0.577759        0.060459        0.437923
     H    4        0.060459       -0.608153        0.307445
     H    4        0.437923        0.307445        0.030394

     C    5        0.450563       -0.302184       -0.154597
     C    5       -0.302184        0.007170       -0.022175
     C    5       -0.154597       -0.022175       -0.457733

     H    6       -0.207897        0.083941       -0.128836
     H    6        0.083941        0.047196        0.565696
     H    6       -0.128836        0.565696        0.160700

     H    7       -0.062372        0.001742        0.214547
     H    7        0.001742        0.427381       -0.379430
     H    7        0.214547       -0.379430       -0.365009

     C    8       -0.546043       -0.343261       -0.104615
     C    8       -0.343261        0.657406       -0.058216
     C    8       -0.104615       -0.058216       -0.111363

     H    9        0.578146       -0.309526        0.166488
     H    9       -0.309526       -0.201506       -0.503841
     H    9        0.166488       -0.503841       -0.376640

     C   10        0.300549        0.020038        0.197917
     C   10        0.020038        0.063331        0.064595
     C   10        0.197917        0.064595       -0.363880

     C   11       -0.458021       -0.238856       -0.105468
     C   11       -0.238856        0.433825       -0.150225
     C   11       -0.105468       -0.150225        0.024196

     Cl  12       -0.006850        1.335554       -0.598520
     Cl  12        1.335554        1.806104        1.919015
     Cl  12       -0.598520        1.919015       -1.799255

     H   13       -0.034232       -0.018451       -0.064287
     H   13       -0.018451        0.288935        0.112034
     H   13       -0.064287        0.112034       -0.254702

     C   14       -0.808282        0.315679       -0.299874
     C   14        0.315679        0.681615        0.493017
     C   14       -0.299874        0.493017        0.126667

     H   15        0.033352        0.247604        0.501561
     H   15        0.247604        0.184042        0.150942
     H   15        0.501561        0.150942       -0.217394

     C   16        0.193095       -0.351350       -0.294398
     C   16       -0.351350       -0.138339       -0.029776
     C   16       -0.294398       -0.029776       -0.054756

     C   17       -0.555377        0.247068       -0.164656
     C   17        0.247068        0.706889        0.280246
     C   17       -0.164656        0.280246       -0.151512

     Cl  18        2.202445       -3.887210       -0.708913
     Cl  18       -3.887210        0.244186        0.431143
     Cl  18       -0.708913        0.431143       -2.446631

     H   19       -0.140468       -0.095962        0.103301
     H   19       -0.095962        0.056726       -0.165242
     H   19        0.103301       -0.165242        0.083742

     C   20       -0.020864        0.357926       -0.054875
     C   20        0.357926        0.143660        0.058942
     C   20       -0.054875        0.058942       -0.122797

     H   21        0.458071        0.017985        0.289449
     H   21        0.017985       -0.613895        0.066578
     H   21        0.289449        0.066578        0.155824

     C   22       -0.841269       -0.334104       -0.186286
     C   22       -0.334104        0.739103       -0.440287
     C   22       -0.186286       -0.440287        0.102166

     C   23        0.258710        0.043948        0.164776
     C   23        0.043948        0.232244        0.231912
     C   23        0.164776        0.231912       -0.490955

     Cl  24       -0.769859       -0.662322        0.212372
     Cl  24       -0.662322        2.429413       -0.846031
     Cl  24        0.212372       -0.846031       -1.659554


     NQR/NMR SPECTROSCOPIC PARAMETERS:
     Cl   1    Vxx=   -1.0738    axis=( -0.446684 -0.054157  0.893051)
     Cl   1    Vyy=   -1.2089    axis=( -0.885357  0.170568 -0.432492)
     Cl   1    Vzz=    2.2827    axis=( -0.128903 -0.983856 -0.124139)
     Cl   1  Q=        -8.1650 1e-30 m^2  Cq=       -43.7920 MHz  eta= 0.05919

     C    2    Vxx=    0.1721    axis=(  0.172098  0.960348 -0.219351)
     C    2    Vyy=    0.4834    axis=(  0.984966 -0.164372  0.053140)
     C    2    Vzz=   -0.6554    axis=( -0.014978  0.225199  0.974198)
     C    2  Q=         1.0000 1e-30 m^2  Cq=        -1.5400 MHz  eta= 0.47495

     C    3    Vxx=   -0.1684    axis=(  0.707007 -0.471449  0.527140)
     C    3    Vyy=   -0.4154    axis=( -0.704852 -0.408978  0.579586)
     C    3    Vzz=    0.5838    axis=(  0.057656  0.781328  0.621452)
     C    3  Q=         1.0000 1e-30 m^2  Cq=         1.3717 MHz  eta= 0.42318

     H    4    Vxx=   -0.1070    axis=( -0.518438  0.400855  0.755340)
     H    4    Vyy=   -0.7425    axis=(  0.096007  0.905020 -0.414393)
     H    4    Vzz=    0.8495    axis=( -0.849709 -0.142319 -0.507681)
     H    4  Q=         1.0000 1e-30 m^2  Cq=         1.9961 MHz  eta= 0.74805

     C    5    Vxx=   -0.1234    axis=( -0.399703 -0.883728  0.243438)
     C    5    Vyy=   -0.4956    axis=(  0.211426  0.169533  0.962579)
     C    5    Vzz=    0.6190    axis=( -0.891929  0.436215  0.119080)
     C    5  Q=         1.0000 1e-30 m^2  Cq=         1.4544 MHz  eta= 0.60130

     H    6    Vxx=   -0.1414    axis=(  0.907610  0.338969 -0.247677)
     H    6    Vyy=   -0.5329    axis=( -0.417350  0.664702 -0.619669)
     H    6    Vzz=    0.6743    axis=( -0.045417  0.665786  0.744759)
     H    6  Q=         1.0000 1e-30 m^2  Cq=         1.5843 MHz  eta= 0.58061

     H    7    Vxx=    0.0036    axis=(  0.926287  0.249223  0.282632)
     H    7    Vyy=    0.5897    axis=( -0.126116  0.911830 -0.390719)
     H    7    Vzz=   -0.5933    axis=( -0.355089  0.326274  0.876046)
     H    7  Q=         1.0000 1e-30 m^2  Cq=        -1.3940 MHz  eta= 0.98800

     C    8    Vxx=   -0.0879    axis=( -0.208536 -0.019668  0.977817)
     C    8    Vyy=   -0.6616    axis=(  0.944627  0.254956  0.206586)
     C    8    Vzz=    0.7494    axis=( -0.253363  0.966753 -0.034589)
     C    8  Q=         1.0000 1e-30 m^2  Cq=         1.7609 MHz  eta= 0.76548

     H    9    Vxx=    0.0146    axis=(  0.516303  0.625148 -0.585339)
     H    9    Vyy=    0.7899    axis=(  0.854535 -0.421219  0.303882)
     H    9    Vzz=   -0.8045    axis=(  0.056585  0.657087  0.751688)
     H    9  Q=         1.0000 1e-30 m^2  Cq=        -1.8903 MHz  eta= 0.96366

     C   10    Vxx=    0.0654    axis=(  0.150430 -0.985465 -0.078922)
     C   10    Vyy=    0.3596    axis=(  0.954258  0.123874  0.272114)
     C   10    Vzz=   -0.4250    axis=( -0.258383 -0.116246  0.959023)
     C   10  Q=         1.0000 1e-30 m^2  Cq=        -0.9987 MHz  eta= 0.69205

     C   11    Vxx=    0.0285    axis=( -0.290783  0.177133  0.940250)
     C   11    Vyy=    0.5237    axis=(  0.204753 -0.948427  0.241995)
     C   11    Vzz=   -0.5522    axis=(  0.934624  0.262887  0.239518)
     C   11  Q=         1.0000 1e-30 m^2  Cq=        -1.2975 MHz  eta= 0.89674

     Cl  12    Vxx=    0.0505    axis=(  0.874272 -0.166764 -0.455893)
     Cl  12    Vyy=    2.9868    axis=( -0.333568 -0.888680 -0.314612)
     Cl  12    Vzz=   -3.0373    axis=(  0.352677 -0.427128  0.832575)
     Cl  12  Q=        -8.1650 1e-30 m^2  Cq=        58.2687 MHz  eta= 0.96675

     H   13    Vxx=   -0.0231    axis=(  0.969777  0.131207 -0.205710)
     H   13    Vyy=   -0.2908    axis=( -0.227160  0.177817 -0.957486)
     H   13    Vzz=    0.3139    axis=( -0.089050  0.975277  0.202248)
     H   13  Q=         1.0000 1e-30 m^2  Cq=         0.7374 MHz  eta= 0.85285

     C   14    Vxx=    0.0407    axis=( -0.434681 -0.404738  0.804512)
     C   14    Vyy=    0.9789    axis=(  0.073926  0.874271  0.479775)
     C   14    Vzz=   -1.0195    axis=( -0.897545  0.268024 -0.350109)
     C   14  Q=         1.0000 1e-30 m^2  Cq=        -2.3955 MHz  eta= 0.92024

     H   15    Vxx=   -0.0064    axis=(  0.408870 -0.830770  0.377686)
     H   15    Vyy=   -0.6106    axis=(  0.624941 -0.046705 -0.779273)
     H   15    Vzz=    0.6170    axis=(  0.665037  0.554653  0.500086)
     H   15  Q=         1.0000 1e-30 m^2  Cq=         1.4497 MHz  eta= 0.97913

     C   16    Vxx=   -0.0585    axis=(  0.071718 -0.609926  0.789206)
     C   16    Vyy=   -0.4588    axis=(  0.573666  0.672501  0.467601)
     C   16    Vzz=    0.5173    axis=( -0.815944  0.419205  0.398124)
     C   16  Q=         1.0000 1e-30 m^2  Cq=         1.2153 MHz  eta= 0.77382

     C   17    Vxx=   -0.1242    axis=( -0.434654 -0.169076  0.884584)
     C   17    Vyy=   -0.6933    axis=( -0.889343  0.235379 -0.392003)
     C   17    Vzz=    0.8175    axis=(  0.141934  0.957084  0.252675)
     C   17  Q=         1.0000 1e-30 m^2  Cq=         1.9208 MHz  eta= 0.69622

     Cl  18    Vxx=   -2.5021    axis=( -0.116597 -0.313010  0.942566)
     Cl  18    Vyy=   -2.8173    axis=( -0.608282 -0.727712 -0.316906)
     Cl  18    Vzz=    5.3194    axis=(  0.785110 -0.610296 -0.105549)
     Cl  18  Q=        -8.1650 1e-30 m^2  Cq=      -102.0505 MHz  eta= 0.05925

     H   19    Vxx=   -0.0956    axis=( -0.005340  0.733798  0.679347)
     H   19    Vyy=   -0.1874    axis=(  0.948771  0.218343 -0.228386)
     H   19    Vzz=    0.2830    axis=( -0.315920  0.643325 -0.697372)
     H   19  Q=         1.0000 1e-30 m^2  Cq=         0.6649 MHz  eta= 0.32463

     C   20    Vxx=   -0.0932    axis=( -0.287679  0.201709  0.936245)
     C   20    Vyy=   -0.3357    axis=( -0.729205  0.587619 -0.350662)
     C   20    Vzz=    0.4289    axis=( -0.620887 -0.783593 -0.021958)
     C   20  Q=         1.0000 1e-30 m^2  Cq=         1.0078 MHz  eta= 0.56525

     H   21    Vxx=   -0.0158    axis=( -0.521814  0.078863  0.849406)
     H   21    Vyy=   -0.6197    axis=(  0.007052  0.996082 -0.088149)
     H   21    Vzz=    0.6355    axis=( -0.853030 -0.040008 -0.520325)
     H   21  Q=         1.0000 1e-30 m^2  Cq=         1.4931 MHz  eta= 0.95024

     C   22    Vxx=   -0.0079    axis=( -0.338833  0.360630  0.868987)
     C   22    Vyy=   -0.9821    axis=(  0.932997  0.247849  0.260935)
     C   22    Vzz=    0.9900    axis=( -0.121277  0.899176 -0.420446)
     C   22  Q=         1.0000 1e-30 m^2  Cq=         2.3262 MHz  eta= 0.98401

     C   23    Vxx=    0.2046    axis=(  0.726754 -0.684604 -0.056094)
     C   23    Vyy=    0.3798    axis=(  0.664992  0.680768  0.307148)
     C   23    Vzz=   -0.5844    axis=( -0.172088 -0.260524  0.950007)
     C   23  Q=         1.0000 1e-30 m^2  Cq=        -1.3731 MHz  eta= 0.29982

     Cl  24    Vxx=   -0.8996    axis=(  0.977613  0.205724  0.044173)
     Cl  24    Vyy=   -1.8342    axis=( -0.082497  0.181625  0.979901)
     Cl  24    Vzz=    2.7339    axis=(  0.193566 -0.961608  0.194531)
     Cl  24  Q=        -8.1650 1e-30 m^2  Cq=       -52.4482 MHz  eta= 0.34186

     Initialization:
     gipaw_setup  :      9.02s CPU     10.89s WALL (       1 calls)

     Linear response

     Apply operators

     Induced current

     Other routines
     efg          :      9.86s CPU     12.37s WALL (       1 calls)

     General routines
     calbec       :      3.41s CPU      4.56s WALL (      16 calls)
     fft          :      1.38s CPU      1.79s WALL (      15 calls)
     ffts         :      0.04s CPU      0.06s WALL (       2 calls)
     fftw         :      3.57s CPU      4.37s WALL (     672 calls)
     davcio       :      0.04s CPU      0.33s WALL (      32 calls)

     Parallel routines
     fft_scatter  :      2.15s CPU      3.18s WALL (     689 calls)

     Plugins

     GIPAW        :     60.95s CPU     71.96s WALL (       1 calls)
