
     Program QE v.6.0 (svn rev. 13079) starts on  8Jan2017 at  8:32:37 

     This program is part of the open-source Quantum ESPRESSO suite
     for quantum simulation of materials; please cite
         "P. Giannozzi et al., J. Phys.:Condens. Matter 21 395502 (2009);
          URL http://www.quantum-espresso.org", 
     in publications or presentations arising from this work. More details at
     http://www.quantum-espresso.org/quote

     Parallel version (MPI), running on     8 processors
     R & G space division:  proc/nbgrp/npool/nimage =       8

     ***** This is GIPAW svn revision unknown      *****

     Parallelizing q-star over 1 images

     Reading data from directory:
     /users/majewski/paradichlorobenzene/pbe/9_constraint/scratch/pbe.ecut100.np8.dt60.pcl2phi-129368.save
     Message from routine read_xml_file:
     file /users/majewski/paradichlorobenzene/pbe/9_constraint/scratch/pbe.ecut100.np8.dt60.pcl2phi-129368.save not guaranteed to be safe for post-processing

   Info: using nr1, nr2, nr3 values from input

   Info: using nr1, nr2, nr3 values from input

     IMPORTANT: XC functional enforced from input :
     Exchange-correlation      =  SLA  PW   PBX  PBC ( 1  4  3  4 0 0)
     Any further DFT definition will be discarded
     Please, verify this is what you really want

               file C.pbe-n-kjpaw_psl.1.0.0.UPF: wavefunction(s)  2S 2P renormalized
               file Cl.pbe-n-kjpaw_psl.1.0.0.UPF: wavefunction(s)  3S 3P renormalized
               file H.pbe-kjpaw_psl.1.0.0.UPF: wavefunction(s)  1S renormalized

     Parallelization info
     --------------------
     sticks:   dense  smooth     PW     G-vecs:    dense   smooth      PW
     Min        3057    1223    332               144436    36536    5170
     Max        3059    1225    333               144437    36537    5171
     Sum       24467    9791   2657              1155489   292295   41363


     Subspace diagonalization in iterative solution of the eigenvalue problem:
     a serial algorithm will be used

     GIPAW projectors -----------------------------------------------
     atom=  C    l=0  rc=    1.2000  rs=    0.8000
     atom=  C    l=0  rc=    1.2000  rs=    0.8000
     atom=  C    l=1  rc=    1.4000  rs=    0.9333
     atom=  C    l=1  rc=    1.4000  rs=    0.9333
     projs nearly linearly dependent: l=1  n1,n2= 1, 2  s=  0.99951561

     atom=  Cl   l=0  rc=    1.6000  rs=    1.0667
     atom=  Cl   l=0  rc=    1.6000  rs=    1.0667
     atom=  Cl   l=1  rc=    1.6000  rs=    1.0667
     atom=  Cl   l=1  rc=    1.6000  rs=    1.0667
     atom=  Cl   l=2  rc=    1.6000  rs=    1.0667
     atom=  Cl   l=2  rc=    1.6000  rs=    1.0667
     projs nearly linearly dependent: l=2  n1,n2= 1, 2  s=  0.99993509

     atom=  H    l=0  rc=    1.0000  rs=    0.6667
     atom=  H    l=0  rc=    1.0000  rs=    0.6667
     projs nearly linearly dependent: l=0  n1,n2= 1, 2  s=  0.99968852
     -----------------------------------------------------------------

     GIPAW integrals: -------------------------------------------
     Atom  i/j   nmr_para   nmr_dia   epr_rmc  epr_para   epr_dia
       C   1 1   0.83E+03  0.17E-01  0.93E+01  0.24E+08  0.24E+03
       C   2 1   0.86E+03 -0.61E-01  0.94E+01  0.25E+08  0.25E+03
       C   2 2   0.90E+03 -0.15E+00  0.97E+01  0.26E+08  0.26E+03
       C   3 3   0.33E+01  0.34E+00  0.18E+01  0.55E+03  0.21E+02
       C   4 3   0.35E+01  0.37E+00  0.20E+01  0.59E+03  0.22E+02
       C   4 4   0.38E+01  0.39E+00  0.22E+01  0.63E+03  0.24E+02
       Cl  1 1   0.14E+04 -0.47E+00  0.84E+01  0.32E+09  0.42E+03
       Cl  2 1   0.21E+04 -0.37E+00  0.12E+02  0.49E+09  0.65E+03
       Cl  2 2   0.33E+04 -0.16E+00  0.21E+02  0.76E+09  0.10E+04
       Cl  3 3   0.21E+02  0.79E-01  0.89E+01  0.23E+05  0.13E+03
       Cl  4 3   0.24E+02  0.67E-01  0.99E+01  0.27E+05  0.15E+03
       Cl  4 4   0.28E+02  0.44E-01  0.11E+02  0.32E+05  0.18E+03
       Cl  5 5   0.77E+00  0.19E+00  0.18E+01  0.12E+03  0.22E+02
       Cl  6 5   0.80E+00  0.19E+00  0.19E+01  0.12E+03  0.23E+02
       Cl  6 6   0.83E+00  0.20E+00  0.19E+01  0.12E+03  0.23E+02
       H   1 1   0.39E+02  0.19E+00  0.29E+00  0.78E+05  0.13E+02
       H   2 1   0.41E+02  0.21E+00  0.32E+00  0.82E+05  0.14E+02
       H   2 2   0.43E+02  0.22E+00  0.36E+00  0.86E+05  0.15E+02
     ------------------------------------------------------------

     alpha_pv=     34.4359 eV

     Number of occupied bands for each k-point:
     k-point:     1    nbnd_occ=  42
     k-point:     2    nbnd_occ=  42
     k-point:     3    nbnd_occ=  42
     k-point:     4    nbnd_occ=  42
     k-point:     5    nbnd_occ=  42
     k-point:     6    nbnd_occ=  42
     k-point:     7    nbnd_occ=  42
     k-point:     8    nbnd_occ=  42
     k-point:     9    nbnd_occ=  42
     k-point:    10    nbnd_occ=  42
     k-point:    11    nbnd_occ=  42
     k-point:    12    nbnd_occ=  42
     k-point:    13    nbnd_occ=  42
     k-point:    14    nbnd_occ=  42
     k-point:    15    nbnd_occ=  42
     k-point:    16    nbnd_occ=  42


     q-space interpolation up to   110.00 Rydberg

     GIPAW job: efg                                                                             


     ELECTRIC FIELD GRADIENTS TENSORS IN Hartree/bohrradius^2:

     ----- bare term -----
     Cl   1        0.090144        0.069619        0.125746
     Cl   1        0.069619       -0.227960        0.375370
     Cl   1        0.125746        0.375370        0.137815

     C    2        0.032497        0.090212       -0.186344
     C    2        0.090212        0.009675       -0.605217
     C    2       -0.186344       -0.605217       -0.042172

     C    3       -0.390898        0.170582       -0.024751
     C    3        0.170582        0.035949       -0.046126
     C    3       -0.024751       -0.046126        0.354949

     H    4       -0.165914       -0.412545        0.038684
     H    4       -0.412545       -0.150815        0.158344
     H    4        0.038684        0.158344        0.316729

     C    5       -0.131002       -0.035940       -0.254201
     C    5       -0.035940        0.034739       -0.481289
     C    5       -0.254201       -0.481289        0.096263

     H    6        0.431858       -0.210223        0.026191
     H    6       -0.210223       -0.753115        0.098558
     H    6        0.026191        0.098558        0.321257

     H    7       -0.017443       -0.031421        0.057282
     H    7       -0.031421       -0.229250        0.550283
     H    7        0.057282        0.550283        0.246693

     C    8       -0.629984       -0.413523       -0.457498
     C    8       -0.413523        0.406916        0.207327
     C    8       -0.457498        0.207327        0.223068

     H    9        0.155799        0.077261       -0.285827
     H    9        0.077261        0.384733       -0.168544
     H    9       -0.285827       -0.168544       -0.540532

     C   10       -0.039881       -0.358386       -0.201203
     C   10       -0.358386       -0.189144        0.412749
     C   10       -0.201203        0.412749        0.229025

     C   11       -0.363844       -0.312653       -0.231565
     C   11       -0.312653       -0.064437        0.459800
     C   11       -0.231565        0.459800        0.428281

     Cl  12        0.070754       -0.023015       -0.012039
     Cl  12       -0.023015        0.006087       -0.141097
     Cl  12       -0.012039       -0.141097       -0.076841

     H   13        0.494963       -0.067422       -0.096670
     H   13       -0.067422       -0.583756       -0.301579
     H   13       -0.096670       -0.301579        0.088793

     C   14       -0.874893        0.286808       -0.429262
     C   14        0.286808        0.222157        0.030133
     C   14       -0.429262        0.030133        0.652736

     H   15       -0.456318       -0.288951        0.243299
     H   15       -0.288951        0.344614       -0.043642
     H   15        0.243299       -0.043642        0.111703

     C   16        0.118668        0.191336       -0.009129
     C   16        0.191336       -0.584111       -0.330933
     C   16       -0.009129       -0.330933        0.465443

     C   17       -0.714328        0.245021       -0.339312
     C   17        0.245021        0.103524       -0.082295
     C   17       -0.339312       -0.082295        0.610804

     Cl  18       -0.010030       -0.019395       -0.121774
     Cl  18       -0.019395       -0.044975       -0.070397
     Cl  18       -0.121774       -0.070397        0.055005

     H   19        0.389851       -0.163541       -0.055319
     H   19       -0.163541       -0.736606        0.206714
     H   19       -0.055319        0.206714        0.346755

     C   20       -0.181603        0.250384       -0.394123
     C   20        0.250384        0.022531        0.558603
     C   20       -0.394123        0.558603        0.159072

     H   21        0.032621        0.090674       -0.308864
     H   21        0.090674        0.026737        0.555530
     H   21       -0.308864        0.555530       -0.059357

     C   22       -0.624518       -0.338937       -0.360043
     C   22       -0.338937        0.211209        0.033992
     C   22       -0.360043        0.033992        0.413310

     C   23        0.037992        0.041001       -0.225378
     C   23        0.041001       -0.375789        0.371404
     C   23       -0.225378        0.371404        0.337798

     Cl  24       -0.086819       -0.251192       -0.009738
     Cl  24       -0.251192       -0.013903        0.099197
     Cl  24       -0.009738        0.099197        0.100722

     ----- ionic term -----
     Cl   1        0.168711       -0.166809       -0.072881
     Cl   1       -0.166809       -0.040753        0.038909
     Cl   1       -0.072881        0.038909       -0.127957

     C    2        0.326628       -0.032024        0.058033
     C    2       -0.032024        0.165317        0.373180
     C    2        0.058033        0.373180       -0.491944

     C    3        0.243650       -0.115480        0.044469
     C    3       -0.115480        0.259402        0.329044
     C    3        0.044469        0.329044       -0.503053

     H    4        0.731472        0.541167        0.334354
     H    4        0.541167       -0.246088        0.196448
     H    4        0.334354        0.196448       -0.485384

     C    5        0.410615       -0.018647        0.090405
     C    5       -0.018647        0.129727        0.262881
     C    5        0.090405        0.262881       -0.540342

     H    6       -0.523934        0.168455        0.054298
     H    6        0.168455        0.899235        0.527769
     H    6        0.054298        0.527769       -0.375301

     H    7       -0.518789        0.104329       -0.025778
     H    7        0.104329        0.777991       -0.613406
     H    7       -0.025778       -0.613406       -0.259202

     C    8        0.172158        0.291672        0.374763
     C    8        0.291672        0.055600       -0.232136
     C    8        0.374763       -0.232136       -0.227758

     H    9        0.272273       -0.147406        0.790730
     H    9       -0.147406       -0.456327       -0.213130
     H    9        0.790730       -0.213130        0.184054

     C   10        0.107919        0.363821        0.280064
     C   10        0.363821        0.112466       -0.284644
     C   10        0.280064       -0.284644       -0.220385

     C   11        0.141678        0.308879        0.343559
     C   11        0.308879        0.091377       -0.321303
     C   11        0.343559       -0.321303       -0.233056

     Cl  12        0.153350        0.259580        0.066833
     Cl  12        0.259580        0.008430        0.038084
     Cl  12        0.066833        0.038084       -0.161780

     H   13       -0.518881        0.054113        0.008647
     H   13        0.054113        0.798669        0.613409
     H   13        0.008647        0.613409       -0.279788

     C   14        0.391560       -0.116174        0.086216
     C   14       -0.116174        0.109273        0.310689
     C   14        0.086216        0.310689       -0.500833

     H   15        0.814099        0.461870        0.353230
     H   15        0.461870       -0.306480        0.198649
     H   15        0.353230        0.198649       -0.507619

     C   16        0.252641       -0.213708        0.028286
     C   16       -0.213708        0.255962        0.384581
     C   16        0.028286        0.384581       -0.508603

     C   17        0.330789       -0.031956        0.108570
     C   17       -0.031956        0.185618        0.351273
     C   17        0.108570        0.351273       -0.516408

     Cl  18        0.185838       -0.204650        0.002819
     Cl  18       -0.204650       -0.038130       -0.000903
     Cl  18        0.002819       -0.000903       -0.147708

     H   19       -0.521179       -0.034567        0.046985
     H   19       -0.034567        0.764882       -0.640697
     H   19        0.046985       -0.640697       -0.243702

     C   20        0.254179        0.272421        0.389037
     C   20        0.272421        0.043723       -0.234506
     C   20        0.389037       -0.234506       -0.297901

     H   21        0.440933       -0.322234        0.726176
     H   21       -0.322234       -0.397227       -0.307209
     H   21        0.726176       -0.307209       -0.043705

     C   22        0.143263        0.324224        0.269910
     C   22        0.324224        0.203753       -0.324447
     C   22        0.269910       -0.324447       -0.347017

     C   23        0.087893        0.257792        0.349458
     C   23        0.257792        0.136864       -0.358708
     C   23        0.349458       -0.358708       -0.224756

     Cl  24        0.162081        0.213572        0.051297
     Cl  24        0.213572        0.002041        0.024166
     Cl  24        0.051297        0.024166       -0.164122

     ----- GIPAW term -----
     Cl   1       -0.162686        0.191074       -0.423475
     Cl   1        0.191074        0.307149       -0.702334
     Cl   1       -0.423475       -0.702334       -0.144463

     C    2       -0.046887        0.020333       -0.010027
     C    2        0.020333        0.260805       -0.028469
     C    2       -0.010027       -0.028469       -0.213918

     C    3       -0.081142        0.011480       -0.005543
     C    3        0.011480        0.085875       -0.041280
     C    3       -0.005543       -0.041280       -0.004733

     H    4       -0.000000        0.000000        0.000000
     H    4        0.000000        0.000000        0.000000
     H    4        0.000000        0.000000        0.000000

     C    5       -0.099903       -0.008114       -0.023209
     C    5       -0.008114        0.208702       -0.174964
     C    5       -0.023209       -0.174964       -0.108799

     H    6       -0.000000        0.000000        0.000000
     H    6        0.000000        0.000000        0.000000
     H    6        0.000000        0.000000        0.000000

     H    7       -0.000000        0.000000        0.000000
     H    7        0.000000        0.000000        0.000000
     H    7        0.000000        0.000000        0.000000

     C    8       -0.103935       -0.212571       -0.079130
     C    8       -0.212571        0.202619        0.043311
     C    8       -0.079130        0.043311       -0.098684

     H    9       -0.000000        0.000000        0.000000
     H    9        0.000000        0.000000        0.000000
     H    9        0.000000        0.000000        0.000000

     C   10       -0.046556       -0.108959       -0.129461
     C   10       -0.108959       -0.031909        0.158157
     C   10       -0.129461        0.158157        0.078466

     C   11       -0.124417        0.050333       -0.007643
     C   11        0.050333        0.067070        0.232106
     C   11       -0.007643        0.232106        0.057347

     Cl  12       -0.474906        0.819267       -0.663620
     Cl  12        0.819267       -0.359086        1.558614
     Cl  12       -0.663620        1.558614        0.833992

     H   13       -0.000000        0.000000        0.000000
     H   13        0.000000        0.000000        0.000000
     H   13        0.000000        0.000000        0.000000

     C   14       -0.236875        0.027871       -0.051270
     C   14        0.027871        0.007637        0.183333
     C   14       -0.051270        0.183333        0.229238

     H   15       -0.000000        0.000000        0.000000
     H   15        0.000000        0.000000        0.000000
     H   15        0.000000        0.000000        0.000000

     C   16       -0.067196        0.006387        0.000240
     C   16        0.006387       -0.130615        0.075863
     C   16        0.000240        0.075863        0.197811

     C   17       -0.170763       -0.069549       -0.096419
     C   17       -0.069549       -0.025202        0.156505
     C   17       -0.096419        0.156505        0.195965

     Cl  18        1.356949       -1.663161       -2.062215
     Cl  18       -1.663161       -1.129625       -0.546724
     Cl  18       -2.062215       -0.546724       -0.227325

     H   19       -0.000000        0.000000        0.000000
     H   19        0.000000        0.000000        0.000000
     H   19        0.000000        0.000000        0.000000

     C   20       -0.017795        0.203811       -0.033065
     C   20        0.203811        0.119128        0.152839
     C   20       -0.033065        0.152839       -0.101332

     H   21       -0.000000        0.000000        0.000000
     H   21        0.000000        0.000000        0.000000
     H   21        0.000000        0.000000        0.000000

     C   22       -0.137768        0.113367       -0.123401
     C   22        0.113367        0.164794       -0.146522
     C   22       -0.123401       -0.146522       -0.027026

     C   23       -0.079780        0.094622       -0.016044
     C   23        0.094622        0.009112       -0.187275
     C   23       -0.016044       -0.187275        0.070669

     Cl  24       -1.025854        0.407966        0.218740
     Cl  24        0.407966       -0.164781       -1.780032
     Cl  24        0.218740       -1.780032        1.190635

     ----- total EFG -----
     Cl   1        0.096169        0.093884       -0.370611
     Cl   1        0.093884        0.038436       -0.288055
     Cl   1       -0.370611       -0.288055       -0.134605

     C    2        0.312238        0.078521       -0.138338
     C    2        0.078521        0.435797       -0.260507
     C    2       -0.138338       -0.260507       -0.748035

     C    3       -0.228390        0.066583        0.014175
     C    3        0.066583        0.381226        0.241638
     C    3        0.014175        0.241638       -0.152836

     H    4        0.565557        0.128622        0.373038
     H    4        0.128622       -0.396903        0.354792
     H    4        0.373038        0.354792       -0.168655

     C    5        0.179711       -0.062701       -0.187005
     C    5       -0.062701        0.373168       -0.393372
     C    5       -0.187005       -0.393372       -0.552878

     H    6       -0.092076       -0.041768        0.080488
     H    6       -0.041768        0.146120        0.626327
     H    6        0.080488        0.626327       -0.054044

     H    7       -0.536232        0.072909        0.031504
     H    7        0.072909        0.548741       -0.063123
     H    7        0.031504       -0.063123       -0.012509

     C    8       -0.561761       -0.334423       -0.161865
     C    8       -0.334423        0.665135        0.018502
     C    8       -0.161865        0.018502       -0.103374

     H    9        0.428072       -0.070146        0.504903
     H    9       -0.070146       -0.071594       -0.381674
     H    9        0.504903       -0.381674       -0.356478

     C   10        0.021482       -0.103524       -0.050601
     C   10       -0.103524       -0.108588        0.286262
     C   10       -0.050601        0.286262        0.087105

     C   11       -0.346582        0.046559        0.104351
     C   11        0.046559        0.094010        0.370604
     C   11        0.104351        0.370604        0.252572

     Cl  12       -0.250802        1.055832       -0.608826
     Cl  12        1.055832       -0.344569        1.455601
     Cl  12       -0.608826        1.455601        0.595370

     H   13       -0.023918       -0.013309       -0.088022
     H   13       -0.013309        0.214912        0.311830
     H   13       -0.088022        0.311830       -0.190994

     C   14       -0.720208        0.198505       -0.394315
     C   14        0.198505        0.339067        0.524155
     C   14       -0.394315        0.524155        0.381141

     H   15        0.357781        0.172919        0.596529
     H   15        0.172919        0.038134        0.155007
     H   15        0.596529        0.155007       -0.395915

     C   16        0.304114       -0.015985        0.019397
     C   16       -0.015985       -0.458764        0.129512
     C   16        0.019397        0.129512        0.154650

     C   17       -0.554302        0.143516       -0.327161
     C   17        0.143516        0.263940        0.425482
     C   17       -0.327161        0.425482        0.290362

     Cl  18        1.532757       -1.887205       -2.181170
     Cl  18       -1.887205       -1.212730       -0.618024
     Cl  18       -2.181170       -0.618024       -0.320028

     H   19       -0.131328       -0.198109       -0.008334
     H   19       -0.198109        0.028275       -0.433983
     H   19       -0.008334       -0.433983        0.103053

     C   20        0.054780        0.726616       -0.038151
     C   20        0.726616        0.185382        0.476936
     C   20       -0.038151        0.476936       -0.240162

     H   21        0.473553       -0.231560        0.417312
     H   21       -0.231560       -0.370491        0.248321
     H   21        0.417312        0.248321       -0.103063

     C   22       -0.619023        0.098654       -0.213534
     C   22        0.098654        0.579756       -0.436976
     C   22       -0.213534       -0.436976        0.039267

     C   23        0.046104        0.393416        0.108036
     C   23        0.393416       -0.229814       -0.174580
     C   23        0.108036       -0.174580        0.183710

     Cl  24       -0.950592        0.370345        0.260299
     Cl  24        0.370345       -0.176643       -1.656669
     Cl  24        0.260299       -1.656669        1.127234

     ----- total EFG (symmetrized) -----
     Cl   1        0.096169        0.093884       -0.370611
     Cl   1        0.093884        0.038436       -0.288055
     Cl   1       -0.370611       -0.288055       -0.134605

     C    2        0.312238        0.078521       -0.138338
     C    2        0.078521        0.435797       -0.260507
     C    2       -0.138338       -0.260507       -0.748035

     C    3       -0.228390        0.066583        0.014175
     C    3        0.066583        0.381226        0.241638
     C    3        0.014175        0.241638       -0.152836

     H    4        0.565557        0.128622        0.373038
     H    4        0.128622       -0.396903        0.354792
     H    4        0.373038        0.354792       -0.168655

     C    5        0.179711       -0.062701       -0.187005
     C    5       -0.062701        0.373168       -0.393372
     C    5       -0.187005       -0.393372       -0.552878

     H    6       -0.092076       -0.041768        0.080488
     H    6       -0.041768        0.146120        0.626327
     H    6        0.080488        0.626327       -0.054044

     H    7       -0.536232        0.072909        0.031504
     H    7        0.072909        0.548741       -0.063123
     H    7        0.031504       -0.063123       -0.012509

     C    8       -0.561761       -0.334423       -0.161865
     C    8       -0.334423        0.665135        0.018502
     C    8       -0.161865        0.018502       -0.103374

     H    9        0.428072       -0.070146        0.504903
     H    9       -0.070146       -0.071594       -0.381674
     H    9        0.504903       -0.381674       -0.356478

     C   10        0.021482       -0.103524       -0.050601
     C   10       -0.103524       -0.108588        0.286262
     C   10       -0.050601        0.286262        0.087105

     C   11       -0.346582        0.046559        0.104351
     C   11        0.046559        0.094010        0.370604
     C   11        0.104351        0.370604        0.252572

     Cl  12       -0.250802        1.055832       -0.608826
     Cl  12        1.055832       -0.344569        1.455601
     Cl  12       -0.608826        1.455601        0.595370

     H   13       -0.023918       -0.013309       -0.088022
     H   13       -0.013309        0.214912        0.311830
     H   13       -0.088022        0.311830       -0.190994

     C   14       -0.720208        0.198505       -0.394315
     C   14        0.198505        0.339067        0.524155
     C   14       -0.394315        0.524155        0.381141

     H   15        0.357781        0.172919        0.596529
     H   15        0.172919        0.038134        0.155007
     H   15        0.596529        0.155007       -0.395915

     C   16        0.304114       -0.015985        0.019397
     C   16       -0.015985       -0.458764        0.129512
     C   16        0.019397        0.129512        0.154650

     C   17       -0.554302        0.143516       -0.327161
     C   17        0.143516        0.263940        0.425482
     C   17       -0.327161        0.425482        0.290362

     Cl  18        1.532757       -1.887205       -2.181170
     Cl  18       -1.887205       -1.212730       -0.618024
     Cl  18       -2.181170       -0.618024       -0.320028

     H   19       -0.131328       -0.198109       -0.008334
     H   19       -0.198109        0.028275       -0.433983
     H   19       -0.008334       -0.433983        0.103053

     C   20        0.054780        0.726616       -0.038151
     C   20        0.726616        0.185382        0.476936
     C   20       -0.038151        0.476936       -0.240162

     H   21        0.473553       -0.231560        0.417312
     H   21       -0.231560       -0.370491        0.248321
     H   21        0.417312        0.248321       -0.103063

     C   22       -0.619023        0.098654       -0.213534
     C   22        0.098654        0.579756       -0.436976
     C   22       -0.213534       -0.436976        0.039267

     C   23        0.046104        0.393416        0.108036
     C   23        0.393416       -0.229814       -0.174580
     C   23        0.108036       -0.174580        0.183710

     Cl  24       -0.950592        0.370345        0.260299
     Cl  24        0.370345       -0.176643       -1.656669
     Cl  24        0.260299       -1.656669        1.127234


     NQR/NMR SPECTROSCOPIC PARAMETERS:
     Cl   1    Vxx=   -0.0308    axis=(  0.612014 -0.790791  0.009366)
     Cl   1    Vyy=   -0.4774    axis=(  0.461749  0.366924  0.807561)
     Cl   1    Vzz=    0.5082    axis=( -0.642048 -0.489914  0.589710)
     Cl   1  Q=        -8.1650 1e-30 m^2  Cq=        -9.7497 MHz  eta= 0.87874

     C    2    Vxx=    0.2742    axis=(  0.894757 -0.446494 -0.007302)
     C    2    Vyy=    0.5413    axis=(  0.433813  0.872990 -0.222925)
     C    2    Vzz=   -0.8155    axis=(  0.105909  0.196296  0.974808)
     C    2  Q=         1.0000 1e-30 m^2  Cq=        -1.9162 MHz  eta= 0.32759

     C    3    Vxx=   -0.2283    axis=(  0.851719  0.110058 -0.512311)
     C    3    Vyy=   -0.2524    axis=( -0.515425  0.352106 -0.781254)
     C    3    Vzz=    0.4807    axis=( -0.094405 -0.929467 -0.356621)
     C    3  Q=         1.0000 1e-30 m^2  Cq=         1.1295 MHz  eta= 0.05009

     H    4    Vxx=   -0.1126    axis=( -0.470542  0.597413  0.649375)
     H    4    Vyy=   -0.6683    axis=(  0.109821  0.769866 -0.628686)
     H    4    Vzz=    0.7808    axis=(  0.875517  0.224508  0.427863)
     H    4  Q=         1.0000 1e-30 m^2  Cq=         1.8347 MHz  eta= 0.71170

     C    5    Vxx=    0.2219    axis=(  0.977597 -0.089812 -0.190362)
     C    5    Vyy=    0.5178    axis=(  0.018429  0.937448 -0.347638)
     C    5    Vzz=   -0.7397    axis=(  0.209677  0.336341  0.918101)
     C    5  Q=         1.0000 1e-30 m^2  Cq=        -1.7380 MHz  eta= 0.40006

     H    6    Vxx=   -0.0774    axis=(  0.985028 -0.130765  0.112344)
     H    6    Vyy=   -0.6035    axis=( -0.170323 -0.637377  0.751492)
     H    6    Vzz=    0.6809    axis=(  0.026663  0.759375  0.650106)
     H    6  Q=         1.0000 1e-30 m^2  Cq=         1.5997 MHz  eta= 0.77278

     H    7    Vxx=   -0.0166    axis=(  0.074343  0.101186  0.992086)
     H    7    Vyy=   -0.5435    axis=(  0.995244 -0.070329 -0.067407)
     H    7    Vzz=    0.5601    axis=(  0.062951  0.992379 -0.105933)
     H    7  Q=         1.0000 1e-30 m^2  Cq=         1.3160 MHz  eta= 0.94077

     C    8    Vxx=   -0.0675    axis=( -0.228816 -0.128822  0.964908)
     C    8    Vyy=   -0.6869    axis=( -0.939852 -0.229003 -0.253448)
     C    8    Vzz=    0.7544    axis=(  0.253616 -0.964864 -0.068674)
     C    8  Q=         1.0000 1e-30 m^2  Cq=         1.7724 MHz  eta= 0.82115

     H    9    Vxx=    0.0078    axis=(  0.455360  0.851263 -0.260767)
     H    9    Vyy=    0.7466    axis=( -0.826141  0.294831 -0.480172)
     H    9    Vzz=   -0.7544    axis=( -0.331870  0.434081  0.837518)
     H    9  Q=         1.0000 1e-30 m^2  Cq=        -1.7725 MHz  eta= 0.97932

     C   10    Vxx=   -0.0036    axis=(  0.932882  0.051946  0.356417)
     C   10    Vyy=   -0.3224    axis=(  0.165074  0.817840 -0.551260)
     C   10    Vzz=    0.3261    axis=( -0.320128  0.573096  0.754373)
     C   10  Q=         1.0000 1e-30 m^2  Cq=         0.7661 MHz  eta= 0.97783

     C   11    Vxx=   -0.2004    axis=( -0.178157  0.781283 -0.598212)
     C   11    Vyy=   -0.3653    axis=( -0.976620 -0.066065  0.204569)
     C   11    Vzz=    0.5657    axis=(  0.120305  0.620671  0.774786)
     C   11  Q=         1.0000 1e-30 m^2  Cq=         1.3291 MHz  eta= 0.29155

     Cl  12    Vxx=    0.5043    axis=(  0.840410  0.375938 -0.390362)
     Cl  12    Vyy=    1.6666    axis=( -0.089347 -0.614323 -0.783980)
     Cl  12    Vzz=   -2.1709    axis=( -0.534536  0.693742 -0.482694)
     Cl  12  Q=        -8.1650 1e-30 m^2  Cq=        41.6472 MHz  eta= 0.53540

     H   13    Vxx=   -0.0164    axis=(  0.970976  0.210047 -0.114389)
     H   13    Vyy=   -0.3746    axis=(  0.200564 -0.454508  0.867869)
     H   13    Vzz=    0.3911    axis=(  0.130303 -0.865622 -0.483445)
     H   13  Q=         1.0000 1e-30 m^2  Cq=         0.9189 MHz  eta= 0.91599

     C   14    Vxx=    0.0525    axis=(  0.460714  0.693683 -0.553667)
     C   14    Vyy=    0.8995    axis=(  0.100211 -0.660482 -0.744124)
     C   14    Vzz=   -0.9520    axis=( -0.881873  0.287345 -0.373808)
     C   14  Q=         1.0000 1e-30 m^2  Cq=        -2.2369 MHz  eta= 0.88961

     H   15    Vxx=   -0.0294    axis=(  0.297763 -0.951076  0.082410)
     H   15    Vyy=   -0.7284    axis=( -0.471390 -0.071416  0.879029)
     H   15    Vzz=    0.7578    axis=( -0.830138 -0.300590 -0.469593)
     H   15  Q=         1.0000 1e-30 m^2  Cq=         1.7806 MHz  eta= 0.92232

     C   16    Vxx=    0.1789    axis=( -0.124911  0.200493  0.971699)
     C   16    Vyy=    0.3066    axis=(  0.991860  0.000831  0.127331)
     C   16    Vzz=   -0.4855    axis=(  0.024721  0.979695 -0.198965)
     C   16  Q=         1.0000 1e-30 m^2  Cq=        -1.1407 MHz  eta= 0.26307

     C   17    Vxx=    0.0303    axis=(  0.473482  0.694878 -0.541257)
     C   17    Vyy=    0.7187    axis=(  0.116792 -0.658608 -0.743368)
     C   17    Vzz=   -0.7490    axis=( -0.873026  0.288757 -0.392995)
     C   17  Q=         1.0000 1e-30 m^2  Cq=        -1.7600 MHz  eta= 0.91906

     Cl  18    Vxx=   -0.1722    axis=(  0.146886 -0.688327  0.710374)
     Cl  18    Vyy=   -3.1758    axis=( -0.516340 -0.665909 -0.538478)
     Cl  18    Vzz=    3.3480    axis=( -0.843693  0.287700  0.453223)
     Cl  18  Q=        -8.1650 1e-30 m^2  Cq=       -64.2296 MHz  eta= 0.89714

     H   19    Vxx=   -0.0801    axis=( -0.869738  0.205983  0.448471)
     H   19    Vyy=   -0.4470    axis=( -0.452115 -0.696883 -0.556728)
     H   19    Vzz=    0.5271    axis=(  0.197856 -0.686968  0.699234)
     H   19  Q=         1.0000 1e-30 m^2  Cq=         1.2384 MHz  eta= 0.69601

     C   20    Vxx=   -0.1074    axis=(  0.588202 -0.172800 -0.790037)
     C   20    Vyy=   -0.8383    axis=(  0.543288 -0.639199  0.544299)
     C   20    Vzz=    0.9458    axis=( -0.599046 -0.749376 -0.282098)
     C   20  Q=         1.0000 1e-30 m^2  Cq=         2.2222 MHz  eta= 0.77280

     H   21    Vxx=   -0.0230    axis=(  0.267270 -0.671817 -0.690817)
     H   21    Vyy=   -0.6778    axis=( -0.356834 -0.734933  0.576665)
     H   21    Vzz=    0.7008    axis=( -0.895118  0.092383 -0.436153)
     H   21  Q=         1.0000 1e-30 m^2  Cq=         1.6466 MHz  eta= 0.93429

     C   22    Vxx=   -0.1652    axis=( -0.271395  0.513472  0.814058)
     C   22    Vyy=   -0.6831    axis=(  0.953638  0.029151  0.299542)
     C   22    Vzz=    0.8482    axis=(  0.130076  0.857611 -0.497578)
     C   22  Q=         1.0000 1e-30 m^2  Cq=         1.9930 MHz  eta= 0.61056

     C   23    Vxx=    0.2380    axis=(  0.266487 -0.132172  0.954733)
     C   23    Vyy=    0.3268    axis=(  0.788184  0.600012 -0.136935)
     C   23    Vzz=   -0.5649    axis=( -0.554752  0.788997  0.264072)
     C   23  Q=         1.0000 1e-30 m^2  Cq=        -1.3272 MHz  eta= 0.15719

     Cl  24    Vxx=   -0.6417    axis=( -0.826007 -0.466928 -0.315739)
     Cl  24    Vyy=   -1.6139    axis=(  0.563656 -0.682147 -0.465797)
     Cl  24    Vzz=    2.2556    axis=(  0.002113 -0.562720  0.826645)
     Cl  24  Q=        -8.1650 1e-30 m^2  Cq=       -43.2733 MHz  eta= 0.43099

     Initialization:
     gipaw_setup  :      9.35s CPU     11.11s WALL (       1 calls)

     Linear response

     Apply operators

     Induced current

     Other routines
     efg          :      9.33s CPU     12.00s WALL (       1 calls)

     General routines
     calbec       :      3.27s CPU      4.54s WALL (      16 calls)
     fft          :      1.45s CPU      1.90s WALL (      15 calls)
     ffts         :      0.07s CPU      0.07s WALL (       2 calls)
     fftw         :      3.26s CPU      3.94s WALL (     672 calls)
     davcio       :      0.05s CPU      0.31s WALL (      32 calls)

     Parallel routines
     fft_scatter  :      2.08s CPU      2.99s WALL (     689 calls)

     Plugins

     GIPAW        :     61.25s CPU     71.22s WALL (       1 calls)
