
     Program QE v.6.0 (svn rev. 13079) starts on 20Jan2017 at  2: 6:44 

     This program is part of the open-source Quantum ESPRESSO suite
     for quantum simulation of materials; please cite
         "P. Giannozzi et al., J. Phys.:Condens. Matter 21 395502 (2009);
          URL http://www.quantum-espresso.org", 
     in publications or presentations arising from this work. More details at
     http://www.quantum-espresso.org/quote

     Parallel version (MPI), running on     8 processors
     R & G space division:  proc/nbgrp/npool/nimage =       8

     ***** This is GIPAW svn revision unknown      *****

     Parallelizing q-star over 1 images

     Reading data from directory:
     /users/majewski/paradichlorobenzene/pbe/9_constraint/scratch/pbe.ecut100.np8.dt60.pcl2phi-129368.save
     Message from routine read_xml_file:
     file /users/majewski/paradichlorobenzene/pbe/9_constraint/scratch/pbe.ecut100.np8.dt60.pcl2phi-129368.save not guaranteed to be safe for post-processing

   Info: using nr1, nr2, nr3 values from input

   Info: using nr1, nr2, nr3 values from input

     IMPORTANT: XC functional enforced from input :
     Exchange-correlation      =  SLA  PW   PBX  PBC ( 1  4  3  4 0 0)
     Any further DFT definition will be discarded
     Please, verify this is what you really want

               file C.pbe-n-kjpaw_psl.1.0.0.UPF: wavefunction(s)  2S 2P renormalized
               file Cl.pbe-n-kjpaw_psl.1.0.0.UPF: wavefunction(s)  3S 3P renormalized
               file H.pbe-kjpaw_psl.1.0.0.UPF: wavefunction(s)  1S renormalized

     Parallelization info
     --------------------
     sticks:   dense  smooth     PW     G-vecs:    dense   smooth      PW
     Min        3057    1223    332               144436    36536    5170
     Max        3059    1225    333               144437    36537    5171
     Sum       24467    9791   2657              1155489   292295   41363


     Subspace diagonalization in iterative solution of the eigenvalue problem:
     a serial algorithm will be used

     GIPAW projectors -----------------------------------------------
     atom=  C    l=0  rc=    1.2000  rs=    0.8000
     atom=  C    l=0  rc=    1.2000  rs=    0.8000
     atom=  C    l=1  rc=    1.4000  rs=    0.9333
     atom=  C    l=1  rc=    1.4000  rs=    0.9333
     projs nearly linearly dependent: l=1  n1,n2= 1, 2  s=  0.99951561

     atom=  Cl   l=0  rc=    1.6000  rs=    1.0667
     atom=  Cl   l=0  rc=    1.6000  rs=    1.0667
     atom=  Cl   l=1  rc=    1.6000  rs=    1.0667
     atom=  Cl   l=1  rc=    1.6000  rs=    1.0667
     atom=  Cl   l=2  rc=    1.6000  rs=    1.0667
     atom=  Cl   l=2  rc=    1.6000  rs=    1.0667
     projs nearly linearly dependent: l=2  n1,n2= 1, 2  s=  0.99993509

     atom=  H    l=0  rc=    1.0000  rs=    0.6667
     atom=  H    l=0  rc=    1.0000  rs=    0.6667
     projs nearly linearly dependent: l=0  n1,n2= 1, 2  s=  0.99968852
     -----------------------------------------------------------------

     GIPAW integrals: -------------------------------------------
     Atom  i/j   nmr_para   nmr_dia   epr_rmc  epr_para   epr_dia
       C   1 1   0.83E+03  0.17E-01  0.93E+01  0.24E+08  0.24E+03
       C   2 1   0.86E+03 -0.61E-01  0.94E+01  0.25E+08  0.25E+03
       C   2 2   0.90E+03 -0.15E+00  0.97E+01  0.26E+08  0.26E+03
       C   3 3   0.33E+01  0.34E+00  0.18E+01  0.55E+03  0.21E+02
       C   4 3   0.35E+01  0.37E+00  0.20E+01  0.59E+03  0.22E+02
       C   4 4   0.38E+01  0.39E+00  0.22E+01  0.63E+03  0.24E+02
       Cl  1 1   0.14E+04 -0.47E+00  0.84E+01  0.32E+09  0.42E+03
       Cl  2 1   0.21E+04 -0.37E+00  0.12E+02  0.49E+09  0.65E+03
       Cl  2 2   0.33E+04 -0.16E+00  0.21E+02  0.76E+09  0.10E+04
       Cl  3 3   0.21E+02  0.79E-01  0.89E+01  0.23E+05  0.13E+03
       Cl  4 3   0.24E+02  0.67E-01  0.99E+01  0.27E+05  0.15E+03
       Cl  4 4   0.28E+02  0.44E-01  0.11E+02  0.32E+05  0.18E+03
       Cl  5 5   0.77E+00  0.19E+00  0.18E+01  0.12E+03  0.22E+02
       Cl  6 5   0.80E+00  0.19E+00  0.19E+01  0.12E+03  0.23E+02
       Cl  6 6   0.83E+00  0.20E+00  0.19E+01  0.12E+03  0.23E+02
       H   1 1   0.39E+02  0.19E+00  0.29E+00  0.78E+05  0.13E+02
       H   2 1   0.41E+02  0.21E+00  0.32E+00  0.82E+05  0.14E+02
       H   2 2   0.43E+02  0.22E+00  0.36E+00  0.86E+05  0.15E+02
     ------------------------------------------------------------

     alpha_pv=     34.3889 eV

     Number of occupied bands for each k-point:
     k-point:     1    nbnd_occ=  42
     k-point:     2    nbnd_occ=  42
     k-point:     3    nbnd_occ=  42
     k-point:     4    nbnd_occ=  42
     k-point:     5    nbnd_occ=  42
     k-point:     6    nbnd_occ=  42
     k-point:     7    nbnd_occ=  42
     k-point:     8    nbnd_occ=  42
     k-point:     9    nbnd_occ=  42
     k-point:    10    nbnd_occ=  42
     k-point:    11    nbnd_occ=  42
     k-point:    12    nbnd_occ=  42
     k-point:    13    nbnd_occ=  42
     k-point:    14    nbnd_occ=  42
     k-point:    15    nbnd_occ=  42
     k-point:    16    nbnd_occ=  42


     q-space interpolation up to   110.00 Rydberg

     GIPAW job: efg                                                                             


     ELECTRIC FIELD GRADIENTS TENSORS IN Hartree/bohrradius^2:

     ----- bare term -----
     Cl   1        0.141057        0.034667        0.023765
     Cl   1        0.034667       -0.194474       -0.080530
     Cl   1        0.023765       -0.080530        0.053416

     C    2       -0.680478        0.440857       -0.364433
     C    2        0.440857        0.351050       -0.139426
     C    2       -0.364433       -0.139426        0.329428

     C    3        0.240981        0.064470       -0.127141
     C    3        0.064470       -0.129467       -0.410238
     C    3       -0.127141       -0.410238       -0.111514

     H    4        0.079022        0.163101       -0.387067
     H    4        0.163101       -0.032954        0.168151
     H    4       -0.387067        0.168151       -0.046069

     C    5       -0.456413        0.283206       -0.040792
     C    5        0.283206        0.232282       -0.076250
     C    5       -0.040792       -0.076250        0.224131

     H    6        0.487023       -0.003146        0.086961
     H    6       -0.003146        0.114982       -0.106133
     H    6        0.086961       -0.106133       -0.602006

     H    7        0.309427        0.260603        0.065314
     H    7        0.260603       -0.583372       -0.165932
     H    7        0.065314       -0.165932        0.273945

     C    8        0.069634       -0.000679       -0.112736
     C    8       -0.000679       -0.134472        0.302641
     C    8       -0.112736        0.302641        0.064838

     H    9       -0.195514        0.435901        0.019983
     H    9        0.435901       -0.132192       -0.127843
     H    9        0.019983       -0.127843        0.327706

     C   10       -0.309347       -0.062185        0.012980
     C   10       -0.062185       -0.046619       -0.095743
     C   10        0.012980       -0.095743        0.355965

     C   11        0.114311        0.040681       -0.233768
     C   11        0.040681       -0.030163        0.595048
     C   11       -0.233768        0.595048       -0.084148

     Cl  12        0.019710       -0.241822        0.053919
     Cl  12       -0.241822       -0.118663       -0.297697
     Cl  12        0.053919       -0.297697        0.098953

     H   13        0.392496        0.099035        0.140618
     H   13        0.099035       -0.285950       -0.625656
     H   13        0.140618       -0.625656       -0.106546

     C   14       -0.172396        0.017965       -0.318962
     C   14        0.017965       -0.132490       -0.364789
     C   14       -0.318962       -0.364789        0.304887

     H   15       -0.131057       -0.169759       -0.407377
     H   15       -0.169759        0.446259       -0.059749
     H   15       -0.407377       -0.059749       -0.315202

     C   16       -0.209687        0.396983       -0.251300
     C   16        0.396983       -0.205190       -0.292625
     C   16       -0.251300       -0.292625        0.414876

     C   17       -0.064355       -0.335233       -0.367669
     C   17       -0.335233        0.007740       -0.746777
     C   17       -0.367669       -0.746777        0.056614

     Cl  18       -0.233733        0.303882        0.002390
     Cl  18        0.303882        0.059020       -0.039238
     Cl  18        0.002390       -0.039238        0.174714

     H   19        0.452591        0.082344       -0.046457
     H   19        0.082344       -0.598363        0.532049
     H   19       -0.046457        0.532049        0.145772

     C   20       -0.929290       -0.372668       -0.408778
     C   20       -0.372668        0.509438        0.042019
     C   20       -0.408778        0.042019        0.419853

     H   21       -0.537972        0.135280        0.212213
     H   21        0.135280        0.372568        0.200853
     H   21        0.212213        0.200853        0.165403

     C   22        0.163818       -0.023512       -0.061973
     C   22       -0.023512       -0.531539        0.378393
     C   22       -0.061973        0.378393        0.367721

     C   23       -0.821530       -0.424731       -0.311189
     C   23       -0.424731        0.276337        0.026844
     C   23       -0.311189        0.026844        0.545192

     Cl  24        0.012003       -0.013516        0.071105
     Cl  24       -0.013516       -0.036347        0.021409
     Cl  24        0.071105        0.021409        0.024344

     ----- ionic term -----
     Cl   1        0.111838       -0.214984       -0.013821
     Cl   1       -0.214984        0.019133        0.018884
     Cl   1       -0.013821        0.018884       -0.130971

     C    2        0.127350       -0.248153        0.274268
     C    2       -0.248153       -0.015077        0.417427
     C    2        0.274268        0.417427       -0.112273

     C    3        0.117789       -0.331382        0.183966
     C    3       -0.331382        0.043252        0.363427
     C    3        0.183966        0.363427       -0.161040

     H    4        0.555664       -0.019074        0.738397
     H    4       -0.019074       -0.507944        0.058045
     H    4        0.738397        0.058045       -0.047720

     C    5        0.191539       -0.248289        0.291608
     C    5       -0.248289       -0.078212        0.333987
     C    5        0.291608        0.333987       -0.113327

     H    6       -0.555670        0.004657       -0.001188
     H    6        0.004657        0.355407        0.831566
     H    6       -0.001188        0.831566        0.200263

     H    7       -0.492431       -0.247983        0.036441
     H    7       -0.247983        1.006960       -0.320513
     H    7        0.036441       -0.320513       -0.514529

     C    8        0.387843        0.044233        0.056678
     C    8        0.044233        0.156284       -0.216571
     C    8        0.056678       -0.216571       -0.544127

     H    9        0.774351       -0.425224        0.471029
     H    9       -0.425224       -0.347989       -0.223976
     H    9        0.471029       -0.223976       -0.426362

     C   10        0.224054        0.110893        0.081968
     C   10        0.110893        0.220098       -0.364926
     C   10        0.081968       -0.364926       -0.444152

     C   11        0.297956        0.024032        0.152125
     C   11        0.024032        0.150910       -0.406382
     C   11        0.152125       -0.406382       -0.448866

     Cl  12        0.143161        0.176625       -0.042740
     Cl  12        0.176625       -0.001545       -0.040801
     Cl  12       -0.042740       -0.040801       -0.141615

     H   13       -0.521824       -0.023818        0.021804
     H   13       -0.023818        0.530537        0.770873
     H   13        0.021804        0.770873       -0.008713

     C   14        0.208210       -0.332893        0.270214
     C   14       -0.332893        0.023949        0.305793
     C   14        0.270214        0.305793       -0.232158

     H   15        0.479518        0.062956        0.760476
     H   15        0.062956       -0.553370        0.147990
     H   15        0.760476        0.147990        0.073852

     C   16        0.057936       -0.382055        0.179756
     C   16       -0.382055        0.093669        0.441630
     C   16        0.179756        0.441630       -0.151605

     C   17        0.184298       -0.224420        0.323746
     C   17       -0.224420       -0.098259        0.453053
     C   17        0.323746        0.453053       -0.086039

     Cl  18        0.185266       -0.192540        0.003814
     Cl  18       -0.192540       -0.042079        0.012549
     Cl  18        0.003814        0.012549       -0.143187

     H   19       -0.508948       -0.117805        0.027126
     H   19       -0.117805        0.923757       -0.472982
     H   19        0.027126       -0.472982       -0.414809

     C   20        0.388477        0.050685        0.087497
     C   20        0.050685        0.052756       -0.316804
     C   20        0.087497       -0.316804       -0.441233

     H   21        0.811269       -0.423254        0.430164
     H   21       -0.423254       -0.347504       -0.195262
     H   21        0.430164       -0.195262       -0.463765

     C   22        0.255230        0.124025       -0.004754
     C   22        0.124025        0.166840       -0.375672
     C   22       -0.004754       -0.375672       -0.422070

     C   23        0.314587        0.087916        0.074434
     C   23        0.087916        0.180049       -0.322779
     C   23        0.074434       -0.322779       -0.494636

     Cl  24        0.161757        0.234836       -0.008598
     Cl  24        0.234836       -0.003047       -0.008472
     Cl  24       -0.008598       -0.008472       -0.158710

     ----- GIPAW term -----
     Cl   1       -0.095659       -0.486511        0.352058
     Cl   1       -0.486511        1.625066        1.316457
     Cl   1        0.352058        1.316457       -1.529407

     C    2       -0.164641        0.024621       -0.039018
     C    2        0.024621        0.294840        0.008882
     C    2       -0.039018        0.008882       -0.130200

     C    3       -0.030349       -0.001089       -0.010112
     C    3       -0.001089        0.107510       -0.058092
     C    3       -0.010112       -0.058092       -0.077162

     H    4       -0.000000        0.000000        0.000000
     H    4        0.000000        0.000000        0.000000
     H    4        0.000000        0.000000        0.000000

     C    5       -0.091374       -0.006488        0.023875
     C    5       -0.006488        0.096086       -0.065713
     C    5        0.023875       -0.065713       -0.004711

     H    6       -0.000000        0.000000        0.000000
     H    6        0.000000        0.000000        0.000000
     H    6        0.000000        0.000000        0.000000

     H    7       -0.000000        0.000000        0.000000
     H    7        0.000000        0.000000        0.000000
     H    7        0.000000        0.000000        0.000000

     C    8       -0.032412       -0.028645        0.002068
     C    8       -0.028645        0.137164        0.048385
     C    8        0.002068        0.048385       -0.104752

     H    9       -0.000000        0.000000        0.000000
     H    9        0.000000        0.000000        0.000000
     H    9        0.000000        0.000000        0.000000

     C   10       -0.031500        0.007440        0.002766
     C   10        0.007440        0.027212       -0.010362
     C   10        0.002766       -0.010362        0.004288

     C   11       -0.033449        0.015708       -0.032123
     C   11        0.015708        0.178325        0.083462
     C   11       -0.032123        0.083462       -0.144876

     Cl  12       -0.664427       -0.034089       -0.284272
     Cl  12       -0.034089        0.448734        1.243013
     Cl  12       -0.284272        1.243013        0.215693

     H   13       -0.000000        0.000000        0.000000
     H   13        0.000000        0.000000        0.000000
     H   13        0.000000        0.000000        0.000000

     C   14       -0.084870       -0.057186       -0.073745
     C   14       -0.057186        0.057800        0.058791
     C   14       -0.073745        0.058791        0.027070

     H   15       -0.000000        0.000000        0.000000
     H   15        0.000000        0.000000        0.000000
     H   15        0.000000        0.000000        0.000000

     C   16        0.049422       -0.042121       -0.103402
     C   16       -0.042121       -0.046005        0.015535
     C   16       -0.103402        0.015535       -0.003417

     C   17       -0.018991       -0.234171       -0.013055
     C   17       -0.234171        0.142245       -0.197373
     C   17       -0.013055       -0.197373       -0.123253

     Cl  18       -1.151943        0.097550       -0.270586
     Cl  18        0.097550        2.643252       -1.207608
     Cl  18       -0.270586       -1.207608       -1.491309

     H   19       -0.000000        0.000000        0.000000
     H   19        0.000000        0.000000        0.000000
     H   19        0.000000        0.000000        0.000000

     C   20       -0.242851       -0.010150       -0.045708
     C   20       -0.010150        0.306690       -0.108498
     C   20       -0.045708       -0.108498       -0.063839

     H   21       -0.000000        0.000000        0.000000
     H   21        0.000000        0.000000        0.000000
     H   21        0.000000        0.000000        0.000000

     C   22       -0.055619        0.040833       -0.028608
     C   22        0.040833       -0.059325       -0.119647
     C   22       -0.028608       -0.119647        0.114945

     C   23       -0.152636        0.004518       -0.027921
     C   23        0.004518        0.082838       -0.157154
     C   23       -0.027921       -0.157154        0.069798

     Cl  24       -0.459438        1.564181       -0.016256
     Cl  24        1.564181       -0.172746       -1.868694
     Cl  24       -0.016256       -1.868694        0.632183

     ----- total EFG -----
     Cl   1        0.157236       -0.666829        0.362002
     Cl   1       -0.666829        1.449725        1.254810
     Cl   1        0.362002        1.254810       -1.606961

     C    2       -0.717768        0.217326       -0.129183
     C    2        0.217326        0.630814        0.286884
     C    2       -0.129183        0.286884        0.086955

     C    3        0.328421       -0.268001        0.046713
     C    3       -0.268001        0.021295       -0.104902
     C    3        0.046713       -0.104902       -0.349716

     H    4        0.634686        0.144028        0.351330
     H    4        0.144028       -0.540897        0.226196
     H    4        0.351330        0.226196       -0.093789

     C    5       -0.356249        0.028428        0.274690
     C    5        0.028428        0.250155        0.192023
     C    5        0.274690        0.192023        0.106094

     H    6       -0.068646        0.001512        0.085773
     H    6        0.001512        0.470389        0.725433
     H    6        0.085773        0.725433       -0.401743

     H    7       -0.183004        0.012620        0.101755
     H    7        0.012620        0.423588       -0.486445
     H    7        0.101755       -0.486445       -0.240584

     C    8        0.425065        0.014909       -0.053991
     C    8        0.014909        0.158976        0.134455
     C    8       -0.053991        0.134455       -0.584041

     H    9        0.578836        0.010677        0.491011
     H    9        0.010677       -0.480181       -0.351819
     H    9        0.491011       -0.351819       -0.098655

     C   10       -0.116792        0.056148        0.097715
     C   10        0.056148        0.200691       -0.471031
     C   10        0.097715       -0.471031       -0.083899

     C   11        0.378818        0.080421       -0.113765
     C   11        0.080421        0.299072        0.272127
     C   11       -0.113765        0.272127       -0.677890

     Cl  12       -0.501556       -0.099286       -0.273093
     Cl  12       -0.099286        0.328526        0.904515
     Cl  12       -0.273093        0.904515        0.173030

     H   13       -0.129327        0.075217        0.162423
     H   13        0.075217        0.244587        0.145217
     H   13        0.162423        0.145217       -0.115259

     C   14       -0.049057       -0.372114       -0.122492
     C   14       -0.372114       -0.050742       -0.000205
     C   14       -0.122492       -0.000205        0.099798

     H   15        0.348461       -0.106803        0.353098
     H   15       -0.106803       -0.107111        0.088241
     H   15        0.353098        0.088241       -0.241350

     C   16       -0.102329       -0.027193       -0.174946
     C   16       -0.027193       -0.157526        0.164540
     C   16       -0.174946        0.164540        0.259854

     C   17        0.100952       -0.793825       -0.056977
     C   17       -0.793825        0.051726       -0.491096
     C   17       -0.056977       -0.491096       -0.152678

     Cl  18       -1.200411        0.208892       -0.264381
     Cl  18        0.208892        2.660193       -1.234298
     Cl  18       -0.264381       -1.234298       -1.459782

     H   19       -0.056357       -0.035461       -0.019331
     H   19       -0.035461        0.325394        0.059067
     H   19       -0.019331        0.059067       -0.269037

     C   20       -0.783664       -0.332134       -0.366988
     C   20       -0.332134        0.868883       -0.383283
     C   20       -0.366988       -0.383283       -0.085220

     H   21        0.273297       -0.287974        0.642376
     H   21       -0.287974        0.025064        0.005591
     H   21        0.642376        0.005591       -0.298362

     C   22        0.363428        0.141346       -0.095336
     C   22        0.141346       -0.424024       -0.116926
     C   22       -0.095336       -0.116926        0.060596

     C   23       -0.659578       -0.332297       -0.264675
     C   23       -0.332297        0.539224       -0.453089
     C   23       -0.264675       -0.453089        0.120355

     Cl  24       -0.285678        1.785500        0.046251
     Cl  24        1.785500       -0.212141       -1.855757
     Cl  24        0.046251       -1.855757        0.497818

     ----- total EFG (symmetrized) -----
     Cl   1        0.157236       -0.666829        0.362002
     Cl   1       -0.666829        1.449725        1.254810
     Cl   1        0.362002        1.254810       -1.606961

     C    2       -0.717768        0.217326       -0.129183
     C    2        0.217326        0.630814        0.286884
     C    2       -0.129183        0.286884        0.086955

     C    3        0.328421       -0.268001        0.046713
     C    3       -0.268001        0.021295       -0.104902
     C    3        0.046713       -0.104902       -0.349716

     H    4        0.634686        0.144028        0.351330
     H    4        0.144028       -0.540897        0.226196
     H    4        0.351330        0.226196       -0.093789

     C    5       -0.356249        0.028428        0.274690
     C    5        0.028428        0.250155        0.192023
     C    5        0.274690        0.192023        0.106094

     H    6       -0.068646        0.001512        0.085773
     H    6        0.001512        0.470389        0.725433
     H    6        0.085773        0.725433       -0.401743

     H    7       -0.183004        0.012620        0.101755
     H    7        0.012620        0.423588       -0.486445
     H    7        0.101755       -0.486445       -0.240584

     C    8        0.425065        0.014909       -0.053991
     C    8        0.014909        0.158976        0.134455
     C    8       -0.053991        0.134455       -0.584041

     H    9        0.578836        0.010677        0.491011
     H    9        0.010677       -0.480181       -0.351819
     H    9        0.491011       -0.351819       -0.098655

     C   10       -0.116792        0.056148        0.097715
     C   10        0.056148        0.200691       -0.471031
     C   10        0.097715       -0.471031       -0.083899

     C   11        0.378818        0.080421       -0.113765
     C   11        0.080421        0.299072        0.272127
     C   11       -0.113765        0.272127       -0.677890

     Cl  12       -0.501556       -0.099286       -0.273093
     Cl  12       -0.099286        0.328526        0.904515
     Cl  12       -0.273093        0.904515        0.173030

     H   13       -0.129327        0.075217        0.162423
     H   13        0.075217        0.244587        0.145217
     H   13        0.162423        0.145217       -0.115259

     C   14       -0.049057       -0.372114       -0.122492
     C   14       -0.372114       -0.050742       -0.000205
     C   14       -0.122492       -0.000205        0.099798

     H   15        0.348461       -0.106803        0.353098
     H   15       -0.106803       -0.107111        0.088241
     H   15        0.353098        0.088241       -0.241350

     C   16       -0.102329       -0.027193       -0.174946
     C   16       -0.027193       -0.157526        0.164540
     C   16       -0.174946        0.164540        0.259854

     C   17        0.100952       -0.793825       -0.056977
     C   17       -0.793825        0.051726       -0.491096
     C   17       -0.056977       -0.491096       -0.152678

     Cl  18       -1.200411        0.208892       -0.264381
     Cl  18        0.208892        2.660193       -1.234298
     Cl  18       -0.264381       -1.234298       -1.459782

     H   19       -0.056357       -0.035461       -0.019331
     H   19       -0.035461        0.325394        0.059067
     H   19       -0.019331        0.059067       -0.269037

     C   20       -0.783664       -0.332134       -0.366988
     C   20       -0.332134        0.868883       -0.383283
     C   20       -0.366988       -0.383283       -0.085220

     H   21        0.273297       -0.287974        0.642376
     H   21       -0.287974        0.025064        0.005591
     H   21        0.642376        0.005591       -0.298362

     C   22        0.363428        0.141346       -0.095336
     C   22        0.141346       -0.424024       -0.116926
     C   22       -0.095336       -0.116926        0.060596

     C   23       -0.659578       -0.332297       -0.264675
     C   23       -0.332297        0.539224       -0.453089
     C   23       -0.264675       -0.453089        0.120355

     Cl  24       -0.285678        1.785500        0.046251
     Cl  24        1.785500       -0.212141       -1.855757
     Cl  24        0.046251       -1.855757        0.497818


     NQR/NMR SPECTROSCOPIC PARAMETERS:
     Cl   1    Vxx=    0.1551    axis=(  0.932681  0.174352  0.315765)
     Cl   1    Vyy=    2.0406    axis=( -0.269620  0.918507  0.289222)
     Cl   1    Vzz=   -2.1957    axis=( -0.239607 -0.354888  0.903683)
     Cl   1  Q=        -8.1650 1e-30 m^2  Cq=        42.1239 MHz  eta= 0.85869

     C    2    Vxx=    0.0182    axis=( -0.257617 -0.333327  0.906932)
     C    2    Vyy=    0.7696    axis=( -0.102954 -0.923801 -0.368771)
     C    2    Vzz=   -0.7878    axis=(  0.960746 -0.188375  0.203670)
     C    2  Q=         1.0000 1e-30 m^2  Cq=        -1.8509 MHz  eta= 0.95377

     C    3    Vxx=   -0.1158    axis=(  0.518646  0.814034 -0.261449)
     C    3    Vyy=   -0.3783    axis=( -0.043014 -0.280563 -0.958871)
     C    3    Vzz=    0.4941    axis=( -0.853907  0.508560 -0.110498)
     C    3  Q=         1.0000 1e-30 m^2  Cq=         1.1609 MHz  eta= 0.53139

     H    4    Vxx=   -0.1769    axis=( -0.423737  0.351216  0.834922)
     H    4    Vyy=   -0.6354    axis=(  0.002395  0.922197 -0.386713)
     H    4    Vzz=    0.8123    axis=( -0.905782 -0.161865 -0.391610)
     H    4  Q=         1.0000 1e-30 m^2  Cq=         1.9086 MHz  eta= 0.56435

     C    5    Vxx=    0.0585    axis=(  0.369432 -0.684413  0.628568)
     C    5    Vyy=    0.4301    axis=( -0.250448 -0.724723 -0.641913)
     C    5    Vzz=   -0.4885    axis=(  0.894872  0.079720 -0.439146)
     C    5  Q=         1.0000 1e-30 m^2  Cq=        -1.1478 MHz  eta= 0.76068

     H    6    Vxx=   -0.0634    axis=(  0.994116 -0.088228  0.062843)
     H    6    Vyy=   -0.8194    axis=(  0.098125  0.487778 -0.867435)
     H    6    Vzz=    0.8827    axis=(  0.045878  0.868498  0.493566)
     H    6  Q=         1.0000 1e-30 m^2  Cq=         2.0741 MHz  eta= 0.85645

     H    7    Vxx=   -0.1575    axis=(  0.961619  0.163542  0.220323)
     H    7    Vyy=   -0.5245    axis=( -0.271095  0.442262  0.854934)
     H    7    Vzz=    0.6820    axis=(  0.042377 -0.881849  0.469623)
     H    7  Q=         1.0000 1e-30 m^2  Cq=         1.6025 MHz  eta= 0.53802

     C    8    Vxx=    0.1824    axis=( -0.021725  0.984466  0.174223)
     C    8    Vyy=    0.4282    axis=(  0.998318  0.030731 -0.049167)
     C    8    Vzz=   -0.6106    axis=(  0.053757 -0.172862  0.983478)
     C    8  Q=         1.0000 1e-30 m^2  Cq=        -1.4347 MHz  eta= 0.40244

     H    9    Vxx=   -0.1058    axis=(  0.451944  0.617687 -0.643591)
     H    9    Vyy=   -0.7498    axis=( -0.223743  0.776906  0.588520)
     H    9    Vzz=    0.8556    axis=( -0.863531  0.121979 -0.489321)
     H    9  Q=         1.0000 1e-30 m^2  Cq=         2.0102 MHz  eta= 0.75269

     C   10    Vxx=   -0.0815    axis=(  0.952837  0.196484  0.231291)
     C   10    Vyy=   -0.4692    axis=( -0.302815  0.565025  0.767496)
     C   10    Vzz=    0.5507    axis=(  0.020116 -0.801337  0.597875)
     C   10  Q=         1.0000 1e-30 m^2  Cq=         1.2940 MHz  eta= 0.70404

     C   11    Vxx=    0.3314    axis=( -0.613085  0.742681  0.269355)
     C   11    Vyy=    0.4321    axis=(  0.781811  0.619377  0.071719)
     C   11    Vzz=   -0.7635    axis=(  0.113568 -0.254554  0.960367)
     C   11  Q=         1.0000 1e-30 m^2  Cq=        -1.7939 MHz  eta= 0.13192

     Cl  12    Vxx=   -0.4542    axis=(  0.826988  0.466882 -0.313228)
     Cl  12    Vyy=   -0.7438    axis=( -0.541616  0.512144 -0.666604)
     Cl  12    Vzz=    1.1980    axis=(  0.150808 -0.720923 -0.676408)
     Cl  12  Q=        -8.1650 1e-30 m^2  Cq=       -22.9822 MHz  eta= 0.24176

     H   13    Vxx=   -0.0428    axis=(  0.672927 -0.466248  0.574267)
     H   13    Vyy=   -0.2895    axis=(  0.684995  0.099755 -0.721686)
     H   13    Vzz=    0.3323    axis=(  0.279198  0.879012  0.386505)
     H   13  Q=         1.0000 1e-30 m^2  Cq=         0.7808 MHz  eta= 0.74223

     C   14    Vxx=    0.0833    axis=( -0.125643  0.350232 -0.928198)
     C   14    Vyy=    0.3530    axis=(  0.692979 -0.638537 -0.334739)
     C   14    Vzz=   -0.4363    axis=(  0.709925  0.685280  0.162476)
     C   14  Q=         1.0000 1e-30 m^2  Cq=        -1.0251 MHz  eta= 0.61816

     H   15    Vxx=   -0.0670    axis=(  0.059413 -0.933959 -0.352407)
     H   15    Vyy=   -0.4524    axis=(  0.416851  0.343989 -0.841372)
     H   15    Vzz=    0.5194    axis=(  0.907031 -0.096913  0.409759)
     H   15  Q=         1.0000 1e-30 m^2  Cq=         1.2204 MHz  eta= 0.74192

     C   16    Vxx=   -0.1513    axis=(  0.848691  0.504336  0.159278)
     C   16    Vyy=   -0.2287    axis=( -0.404574  0.813038 -0.418675)
     C   16    Vzz=    0.3800    axis=( -0.340652  0.290886  0.894059)
     C   16  Q=         1.0000 1e-30 m^2  Cq=         0.8930 MHz  eta= 0.20367

     C   17    Vxx=   -0.0297    axis=(  0.531250  0.147310 -0.834310)
     C   17    Vyy=   -0.9296    axis=(  0.553758  0.684918  0.473540)
     C   17    Vzz=    0.9593    axis=( -0.641191  0.713574 -0.282289)
     C   17  Q=         1.0000 1e-30 m^2  Cq=         2.2540 MHz  eta= 0.93811

     Cl  18    Vxx=   -1.1567    axis=(  0.953597 -0.138621 -0.267277)
     Cl  18    Vyy=   -1.8625    axis=(  0.294115  0.238970  0.925413)
     Cl  18    Vzz=    3.0192    axis=( -0.064411 -0.961082  0.268651)
     Cl  18  Q=        -8.1650 1e-30 m^2  Cq=       -57.9221 MHz  eta= 0.23379

     H   19    Vxx=   -0.0588    axis=(  0.992870  0.101312 -0.062816)
     H   19    Vyy=   -0.2760    axis=(  0.072341 -0.093265  0.993010)
     H   19    Vzz=    0.3347    axis=(  0.094745 -0.990473 -0.099929)
     H   19  Q=         1.0000 1e-30 m^2  Cq=         0.7865 MHz  eta= 0.64897

     C   20    Vxx=    0.0259    axis=( -0.472360  0.203775  0.857527)
     C   20    Vyy=    1.0261    axis=(  0.115670 -0.950162  0.289504)
     C   20    Vzz=   -1.0520    axis=(  0.873783  0.235941  0.425248)
     C   20  Q=         1.0000 1e-30 m^2  Cq=        -2.4717 MHz  eta= 0.95085

     H   21    Vxx=   -0.0178    axis=( -0.144580 -0.925722 -0.349479)
     H   21    Vyy=   -0.7511    axis=(  0.561451  0.214079 -0.799339)
     H   21    Vzz=    0.7689    axis=(  0.814782 -0.311784  0.488796)
     H   21  Q=         1.0000 1e-30 m^2  Cq=         1.8065 MHz  eta= 0.95369

     C   22    Vxx=    0.0428    axis=(  0.335573 -0.132002  0.932720)
     C   22    Vyy=    0.4248    axis=( -0.931018 -0.197321  0.307035)
     C   22    Vzz=   -0.4677    axis=(  0.143516 -0.971411 -0.189112)
     C   22  Q=         1.0000 1e-30 m^2  Cq=        -1.0988 MHz  eta= 0.81678

     C   23    Vxx=    0.0507    axis=( -0.478398  0.399732  0.781889)
     C   23    Vyy=    0.8430    axis=(  0.101679 -0.859185  0.501461)
     C   23    Vzz=   -0.8937    axis=(  0.872236  0.319400  0.370388)
     C   23  Q=         1.0000 1e-30 m^2  Cq=        -2.0997 MHz  eta= 0.88662

     Cl  24    Vxx=    0.1292    axis=(  0.726077  0.151333  0.670753)
     Cl  24    Vyy=    2.5447    axis=(  0.417691  0.677810 -0.605068)
     Cl  24    Vzz=   -2.6739    axis=(  0.546210 -0.719494 -0.428932)
     Cl  24  Q=        -8.1650 1e-30 m^2  Cq=        51.2982 MHz  eta= 0.90337

     Initialization:
     gipaw_setup  :      9.10s CPU     10.98s WALL (       1 calls)

     Linear response

     Apply operators

     Induced current

     Other routines
     efg          :      9.46s CPU     11.73s WALL (       1 calls)

     General routines
     calbec       :      3.33s CPU      4.16s WALL (      16 calls)
     fft          :      1.67s CPU      2.76s WALL (      15 calls)
     ffts         :      0.04s CPU      0.04s WALL (       2 calls)
     fftw         :      3.41s CPU      4.23s WALL (     672 calls)
     davcio       :      0.06s CPU      0.33s WALL (      32 calls)

     Parallel routines
     fft_scatter  :      2.33s CPU      4.08s WALL (     689 calls)

     Plugins

     GIPAW        :     61.12s CPU     75.26s WALL (       1 calls)
