
     Program QE v.6.0 (svn rev. 13079) starts on 31Dec2016 at  5:19:49 

     This program is part of the open-source Quantum ESPRESSO suite
     for quantum simulation of materials; please cite
         "P. Giannozzi et al., J. Phys.:Condens. Matter 21 395502 (2009);
          URL http://www.quantum-espresso.org", 
     in publications or presentations arising from this work. More details at
     http://www.quantum-espresso.org/quote

     Parallel version (MPI), running on     8 processors
     R & G space division:  proc/nbgrp/npool/nimage =       8

     ***** This is GIPAW svn revision unknown      *****

     Parallelizing q-star over 1 images

     Reading data from directory:
     /users/majewski/paradichlorobenzene/pbe/9_constraint/scratch/pbe.ecut100.np8.dt60.pcl2phi-129368.save
     Message from routine read_xml_file:
     file /users/majewski/paradichlorobenzene/pbe/9_constraint/scratch/pbe.ecut100.np8.dt60.pcl2phi-129368.save not guaranteed to be safe for post-processing

   Info: using nr1, nr2, nr3 values from input

   Info: using nr1, nr2, nr3 values from input

     IMPORTANT: XC functional enforced from input :
     Exchange-correlation      =  SLA  PW   PBX  PBC ( 1  4  3  4 0 0)
     Any further DFT definition will be discarded
     Please, verify this is what you really want

               file C.pbe-n-kjpaw_psl.1.0.0.UPF: wavefunction(s)  2S 2P renormalized
               file Cl.pbe-n-kjpaw_psl.1.0.0.UPF: wavefunction(s)  3S 3P renormalized
               file H.pbe-kjpaw_psl.1.0.0.UPF: wavefunction(s)  1S renormalized

     Parallelization info
     --------------------
     sticks:   dense  smooth     PW     G-vecs:    dense   smooth      PW
     Min        3057    1223    332               144436    36536    5170
     Max        3059    1225    333               144437    36537    5171
     Sum       24467    9791   2657              1155489   292295   41363


     Subspace diagonalization in iterative solution of the eigenvalue problem:
     a serial algorithm will be used

     GIPAW projectors -----------------------------------------------
     atom=  C    l=0  rc=    1.2000  rs=    0.8000
     atom=  C    l=0  rc=    1.2000  rs=    0.8000
     atom=  C    l=1  rc=    1.4000  rs=    0.9333
     atom=  C    l=1  rc=    1.4000  rs=    0.9333
     projs nearly linearly dependent: l=1  n1,n2= 1, 2  s=  0.99951561

     atom=  Cl   l=0  rc=    1.6000  rs=    1.0667
     atom=  Cl   l=0  rc=    1.6000  rs=    1.0667
     atom=  Cl   l=1  rc=    1.6000  rs=    1.0667
     atom=  Cl   l=1  rc=    1.6000  rs=    1.0667
     atom=  Cl   l=2  rc=    1.6000  rs=    1.0667
     atom=  Cl   l=2  rc=    1.6000  rs=    1.0667
     projs nearly linearly dependent: l=2  n1,n2= 1, 2  s=  0.99993509

     atom=  H    l=0  rc=    1.0000  rs=    0.6667
     atom=  H    l=0  rc=    1.0000  rs=    0.6667
     projs nearly linearly dependent: l=0  n1,n2= 1, 2  s=  0.99968852
     -----------------------------------------------------------------

     GIPAW integrals: -------------------------------------------
     Atom  i/j   nmr_para   nmr_dia   epr_rmc  epr_para   epr_dia
       C   1 1   0.83E+03  0.17E-01  0.93E+01  0.24E+08  0.24E+03
       C   2 1   0.86E+03 -0.61E-01  0.94E+01  0.25E+08  0.25E+03
       C   2 2   0.90E+03 -0.15E+00  0.97E+01  0.26E+08  0.26E+03
       C   3 3   0.33E+01  0.34E+00  0.18E+01  0.55E+03  0.21E+02
       C   4 3   0.35E+01  0.37E+00  0.20E+01  0.59E+03  0.22E+02
       C   4 4   0.38E+01  0.39E+00  0.22E+01  0.63E+03  0.24E+02
       Cl  1 1   0.14E+04 -0.47E+00  0.84E+01  0.32E+09  0.42E+03
       Cl  2 1   0.21E+04 -0.37E+00  0.12E+02  0.49E+09  0.65E+03
       Cl  2 2   0.33E+04 -0.16E+00  0.21E+02  0.76E+09  0.10E+04
       Cl  3 3   0.21E+02  0.79E-01  0.89E+01  0.23E+05  0.13E+03
       Cl  4 3   0.24E+02  0.67E-01  0.99E+01  0.27E+05  0.15E+03
       Cl  4 4   0.28E+02  0.44E-01  0.11E+02  0.32E+05  0.18E+03
       Cl  5 5   0.77E+00  0.19E+00  0.18E+01  0.12E+03  0.22E+02
       Cl  6 5   0.80E+00  0.19E+00  0.19E+01  0.12E+03  0.23E+02
       Cl  6 6   0.83E+00  0.20E+00  0.19E+01  0.12E+03  0.23E+02
       H   1 1   0.39E+02  0.19E+00  0.29E+00  0.78E+05  0.13E+02
       H   2 1   0.41E+02  0.21E+00  0.32E+00  0.82E+05  0.14E+02
       H   2 2   0.43E+02  0.22E+00  0.36E+00  0.86E+05  0.15E+02
     ------------------------------------------------------------

     alpha_pv=     34.0791 eV

     Number of occupied bands for each k-point:
     k-point:     1    nbnd_occ=  42
     k-point:     2    nbnd_occ=  42
     k-point:     3    nbnd_occ=  42
     k-point:     4    nbnd_occ=  42
     k-point:     5    nbnd_occ=  42
     k-point:     6    nbnd_occ=  42
     k-point:     7    nbnd_occ=  42
     k-point:     8    nbnd_occ=  42
     k-point:     9    nbnd_occ=  42
     k-point:    10    nbnd_occ=  42
     k-point:    11    nbnd_occ=  42
     k-point:    12    nbnd_occ=  42
     k-point:    13    nbnd_occ=  42
     k-point:    14    nbnd_occ=  42
     k-point:    15    nbnd_occ=  42
     k-point:    16    nbnd_occ=  42


     q-space interpolation up to   110.00 Rydberg

     GIPAW job: efg                                                                             


     ELECTRIC FIELD GRADIENTS TENSORS IN Hartree/bohrradius^2:

     ----- bare term -----
     Cl   1       -0.237853        0.314698       -0.051602
     Cl   1        0.314698        0.003580        0.021693
     Cl   1       -0.051602        0.021693        0.234273

     C    2       -0.024250       -0.326147       -0.465142
     C    2       -0.326147       -0.127697       -0.650831
     C    2       -0.465142       -0.650831        0.151947

     C    3       -0.377888        0.340537        0.069112
     C    3        0.340537       -0.023346       -0.396260
     C    3        0.069112       -0.396260        0.401234

     H    4       -0.412808       -0.351500       -0.374763
     H    4       -0.351500        0.205492       -0.070782
     H    4       -0.374763       -0.070782        0.207316

     C    5       -0.139630       -0.318814       -0.395423
     C    5       -0.318814        0.033414       -0.554716
     C    5       -0.395423       -0.554716        0.106216

     H    6        0.396303        0.153300       -0.018889
     H    6        0.153300       -0.736156       -0.292991
     H    6       -0.018889       -0.292991        0.339853

     H    7        0.117134        0.052900        0.393184
     H    7        0.052900        0.100256        0.322507
     H    7        0.393184        0.322507       -0.217390

     C    8       -0.363133       -0.134019       -0.350994
     C    8       -0.134019        0.298699        0.009480
     C    8       -0.350994        0.009480        0.064434

     H    9        0.164236        0.065010       -0.304953
     H    9        0.065010        0.254460       -0.268427
     H    9       -0.304953       -0.268427       -0.418696

     C   10        0.194879       -0.113750        0.239645
     C   10       -0.113750       -0.206478        0.096361
     C   10        0.239645        0.096361        0.011599

     C   11       -0.155545       -0.050441       -0.339092
     C   11       -0.050441        0.079592       -0.030009
     C   11       -0.339092       -0.030009        0.075953

     Cl  12       -0.002666        0.136728        0.165296
     Cl  12        0.136728       -0.093626       -0.252113
     Cl  12        0.165296       -0.252113        0.096292

     H   13        0.042752        0.005627       -0.330912
     H   13        0.005627       -0.211893       -0.462302
     H   13       -0.330912       -0.462302        0.169141

     C   14       -0.342605        0.497989       -0.007685
     C   14        0.497989       -0.052833       -0.231022
     C   14       -0.007685       -0.231022        0.395438

     H   15       -0.587585        0.170824       -0.071559
     H   15        0.170824        0.232288       -0.199178
     H   15       -0.071559       -0.199178        0.355297

     C   16        0.066438       -0.255140       -0.404196
     C   16       -0.255140       -0.209576       -0.652178
     C   16       -0.404196       -0.652178        0.143138

     C   17       -0.609923        0.380905       -0.300241
     C   17        0.380905        0.177550       -0.135787
     C   17       -0.300241       -0.135787        0.432374

     Cl  18       -0.011498        0.047676        0.103929
     Cl  18        0.047676       -0.031879       -0.064874
     Cl  18        0.103929       -0.064874        0.043377

     H   19        0.456714       -0.021986        0.110992
     H   19       -0.021986       -0.092503        0.584925
     H   19        0.110992        0.584925       -0.364211

     C   20       -0.047165       -0.451125       -0.025406
     C   20       -0.451125       -0.230057        0.369932
     C   20       -0.025406        0.369932        0.277223

     H   21        0.091513        0.174046       -0.430671
     H   21        0.174046        0.314653        0.402549
     H   21       -0.430671        0.402549       -0.406166

     C   22       -0.652061       -0.298140       -0.250282
     C   22       -0.298140        0.181556        0.064289
     C   22       -0.250282        0.064289        0.470506

     C   23        0.067581       -0.509191        0.018032
     C   23       -0.509191       -0.199292        0.519608
     C   23        0.018032        0.519608        0.131711

     Cl  24       -0.019567       -0.013491        0.061511
     Cl  24       -0.013491       -0.038944       -0.062747
     Cl  24        0.061511       -0.062747        0.058511

     ----- ionic term -----
     Cl   1        0.119111       -0.183720        0.043864
     Cl   1       -0.183720        0.028870       -0.012697
     Cl   1        0.043864       -0.012697       -0.147981

     C    2        0.182454       -0.095759        0.307464
     C    2       -0.095759        0.138843        0.398234
     C    2        0.307464        0.398234       -0.321298

     C    3        0.189252       -0.238829        0.189176
     C    3       -0.238829        0.172858        0.404513
     C    3        0.189176        0.404513       -0.362110

     H    4        0.759827        0.157968        0.661584
     H    4        0.157968       -0.479501        0.163475
     H    4        0.661584        0.163475       -0.280326

     C    5        0.361045       -0.144784        0.224105
     C    5       -0.144784        0.043621        0.328899
     C    5        0.224105        0.328899       -0.404666

     H    6       -0.491753        0.116760        0.064048
     H    6        0.116760        0.625801        0.719111
     H    6        0.064048        0.719111       -0.134049

     H    7       -0.523655        0.043791       -0.000295
     H    7        0.043791        0.569588       -0.741551
     H    7       -0.000295       -0.741551       -0.045933

     C    8        0.164840        0.283787        0.329642
     C    8        0.283787        0.045610       -0.248852
     C    8        0.329642       -0.248852       -0.210450

     H    9        0.515605       -0.250420        0.743952
     H    9       -0.250420       -0.424173       -0.249639
     H    9        0.743952       -0.249639       -0.091432

     C   10        0.060305        0.295167        0.237074
     C   10        0.295167        0.168303       -0.361622
     C   10        0.237074       -0.361622       -0.228608

     C   11        0.049417        0.271921        0.350913
     C   11        0.271921        0.045879       -0.371947
     C   11        0.350913       -0.371947       -0.095295

     Cl  12        0.149473        0.220461        0.047012
     Cl  12        0.220461       -0.011307        0.014482
     Cl  12        0.047012        0.014482       -0.138166

     H   13       -0.543046        0.042266        0.033678
     H   13        0.042266        0.736756        0.684739
     H   13        0.033678        0.684739       -0.193710

     C   14        0.256509       -0.171702        0.181798
     C   14       -0.171702        0.097640        0.328088
     C   14        0.181798        0.328088       -0.354148

     H   15        0.799881        0.323570        0.471040
     H   15        0.323570       -0.438274        0.182788
     H   15        0.471040        0.182788       -0.361607

     C   16        0.187973       -0.158688        0.128535
     C   16       -0.158688        0.154222        0.418701
     C   16        0.128535        0.418701       -0.342195

     C   17        0.266907       -0.058543        0.217861
     C   17       -0.058543        0.072136        0.462850
     C   17        0.217861        0.462850       -0.339043

     Cl  18        0.114319       -0.212746       -0.051060
     Cl  18       -0.212746        0.008551        0.035879
     Cl  18       -0.051060        0.035879       -0.122870

     H   19       -0.505054        0.165424       -0.139840
     H   19        0.165424        0.261328       -0.776312
     H   19       -0.139840       -0.776312        0.243726

     C   20        0.131469        0.306015        0.334597
     C   20        0.306015       -0.077920       -0.244872
     C   20        0.334597       -0.244872       -0.053549

     H   21        0.290028       -0.269725        0.746939
     H   21       -0.269725       -0.455925       -0.295836
     H   21        0.746939       -0.295836        0.165897

     C   22        0.063403        0.277274        0.239200
     C   22        0.277274        0.045244       -0.319428
     C   22        0.239200       -0.319428       -0.108647

     C   23        0.091770        0.269691        0.308753
     C   23        0.269691        0.033634       -0.328560
     C   23        0.308753       -0.328560       -0.125404

     Cl  24        0.074952        0.209214        0.023214
     Cl  24        0.209214        0.071112        0.018400
     Cl  24        0.023214        0.018400       -0.146064

     ----- GIPAW term -----
     Cl   1        0.851249       -2.210237       -0.621419
     Cl   1       -2.210237        0.484790        0.492410
     Cl   1       -0.621419        0.492410       -1.336039

     C    2        0.038128       -0.160923        0.009089
     C    2       -0.160923        0.014656       -0.105571
     C    2        0.009089       -0.105571       -0.052784

     C    3       -0.066472       -0.126988        0.108780
     C    3       -0.126988        0.112243       -0.140313
     C    3        0.108780       -0.140313       -0.045771

     H    4       -0.000000        0.000000        0.000000
     H    4        0.000000        0.000000        0.000000
     H    4        0.000000        0.000000        0.000000

     C    5       -0.031777       -0.208063       -0.019127
     C    5       -0.208063        0.154736       -0.153462
     C    5       -0.019127       -0.153462       -0.122959

     H    6       -0.000000        0.000000        0.000000
     H    6        0.000000        0.000000        0.000000
     H    6        0.000000        0.000000        0.000000

     H    7       -0.000000        0.000000        0.000000
     H    7        0.000000        0.000000        0.000000
     H    7        0.000000        0.000000        0.000000

     C    8        0.014292       -0.080704       -0.042488
     C    8       -0.080704        0.042211       -0.002685
     C    8       -0.042488       -0.002685       -0.056503

     H    9       -0.000000        0.000000        0.000000
     H    9        0.000000        0.000000        0.000000
     H    9        0.000000        0.000000        0.000000

     C   10        0.009863        0.008723        0.035972
     C   10        0.008723        0.002177       -0.019517
     C   10        0.035972       -0.019517       -0.012040

     C   11        0.032908       -0.023183       -0.027247
     C   11       -0.023183        0.023045       -0.012183
     C   11       -0.027247       -0.012183       -0.055953

     Cl  12        0.118938       -0.091092       -0.670681
     Cl  12       -0.091092        0.482368        1.005214
     Cl  12       -0.670681        1.005214       -0.601306

     H   13       -0.000000        0.000000        0.000000
     H   13        0.000000        0.000000        0.000000
     H   13        0.000000        0.000000        0.000000

     C   14        0.078369       -0.129751        0.065620
     C   14       -0.129751        0.019833       -0.029851
     C   14        0.065620       -0.029851       -0.098202

     H   15       -0.000000        0.000000        0.000000
     H   15        0.000000        0.000000        0.000000
     H   15        0.000000        0.000000        0.000000

     C   16        0.039939       -0.165174       -0.069517
     C   16       -0.165174        0.033174       -0.036821
     C   16       -0.069517       -0.036821       -0.073114

     C   17       -0.063174       -0.178029       -0.076847
     C   17       -0.178029        0.166111        0.073134
     C   17       -0.076847        0.073134       -0.102937

     Cl  18       -0.122523       -1.948571       -0.711293
     Cl  18       -1.948571       -0.285690        1.465318
     Cl  18       -0.711293        1.465318        0.408213

     H   19       -0.000000        0.000000        0.000000
     H   19        0.000000        0.000000        0.000000
     H   19        0.000000        0.000000        0.000000

     C   20       -0.014982       -0.222061        0.080177
     C   20       -0.222061        0.073921       -0.033309
     C   20        0.080177       -0.033309       -0.058938

     H   21       -0.000000        0.000000        0.000000
     H   21        0.000000        0.000000        0.000000
     H   21        0.000000        0.000000        0.000000

     C   22       -0.174376       -0.107316        0.085065
     C   22       -0.107316        0.019514       -0.150369
     C   22        0.085065       -0.150369        0.154861

     C   23        0.107763       -0.192958        0.039744
     C   23       -0.192958        0.062664        0.023500
     C   23        0.039744        0.023500       -0.170426

     Cl  24        1.218239        2.010416        0.591846
     Cl  24        2.010416       -0.266022       -0.472506
     Cl  24        0.591846       -0.472506       -0.952217

     ----- total EFG -----
     Cl   1        0.732507       -2.079259       -0.629157
     Cl   1       -2.079259        0.517239        0.501406
     Cl   1       -0.629157        0.501406       -1.249746

     C    2        0.196333       -0.582829       -0.148589
     C    2       -0.582829        0.025802       -0.358167
     C    2       -0.148589       -0.358167       -0.222135

     C    3       -0.255108       -0.025280        0.367068
     C    3       -0.025280        0.261754       -0.132060
     C    3        0.367068       -0.132060       -0.006647

     H    4        0.347019       -0.193532        0.286820
     H    4       -0.193532       -0.274009        0.092694
     H    4        0.286820        0.092694       -0.073010

     C    5        0.189637       -0.671662       -0.190445
     C    5       -0.671662        0.231772       -0.379278
     C    5       -0.190445       -0.379278       -0.421409

     H    6       -0.095450        0.270060        0.045159
     H    6        0.270060       -0.110354        0.426120
     H    6        0.045159        0.426120        0.205804

     H    7       -0.406521        0.096691        0.392889
     H    7        0.096691        0.669844       -0.419045
     H    7        0.392889       -0.419045       -0.263323

     C    8       -0.184001        0.069063       -0.063840
     C    8        0.069063        0.386521       -0.242057
     C    8       -0.063840       -0.242057       -0.202519

     H    9        0.679841       -0.185410        0.438999
     H    9       -0.185410       -0.169713       -0.518066
     H    9        0.438999       -0.518066       -0.510128

     C   10        0.265047        0.190140        0.512691
     C   10        0.190140       -0.035998       -0.284779
     C   10        0.512691       -0.284779       -0.229049

     C   11       -0.073220        0.198297       -0.015426
     C   11        0.198297        0.148515       -0.414138
     C   11       -0.015426       -0.414138       -0.075295

     Cl  12        0.265745        0.266097       -0.458372
     Cl  12        0.266097        0.377435        0.767582
     Cl  12       -0.458372        0.767582       -0.643180

     H   13       -0.500293        0.047894       -0.297235
     H   13        0.047894        0.524863        0.222437
     H   13       -0.297235        0.222437       -0.024570

     C   14       -0.007727        0.196536        0.239733
     C   14        0.196536        0.064640        0.067215
     C   14        0.239733        0.067215       -0.056912

     H   15        0.212296        0.494394        0.399481
     H   15        0.494394       -0.205986       -0.016390
     H   15        0.399481       -0.016390       -0.006310

     C   16        0.294350       -0.579002       -0.345178
     C   16       -0.579002       -0.022180       -0.270299
     C   16       -0.345178       -0.270299       -0.272171

     C   17       -0.406191        0.144333       -0.159227
     C   17        0.144333        0.415797        0.400197
     C   17       -0.159227        0.400197       -0.009606

     Cl  18       -0.019702       -2.113642       -0.658424
     Cl  18       -2.113642       -0.309018        1.436323
     Cl  18       -0.658424        1.436323        0.328720

     H   19       -0.048340        0.143438       -0.028848
     H   19        0.143438        0.168825       -0.191387
     H   19       -0.028848       -0.191387       -0.120484

     C   20        0.069321       -0.367171        0.389368
     C   20       -0.367171       -0.234057        0.091751
     C   20        0.389368        0.091751        0.164736

     H   21        0.381541       -0.095680        0.316267
     H   21       -0.095680       -0.141272        0.106713
     H   21        0.316267        0.106713       -0.240269

     C   22       -0.763034       -0.128182        0.073983
     C   22       -0.128182        0.246314       -0.405508
     C   22        0.073983       -0.405508        0.516720

     C   23        0.267114       -0.432459        0.366529
     C   23       -0.432459       -0.102994        0.214548
     C   23        0.366529        0.214548       -0.164120

     Cl  24        1.273624        2.206140        0.676571
     Cl  24        2.206140       -0.233854       -0.516853
     Cl  24        0.676571       -0.516853       -1.039770

     ----- total EFG (symmetrized) -----
     Cl   1        0.732507       -2.079259       -0.629157
     Cl   1       -2.079259        0.517239        0.501406
     Cl   1       -0.629157        0.501406       -1.249746

     C    2        0.196333       -0.582829       -0.148589
     C    2       -0.582829        0.025802       -0.358167
     C    2       -0.148589       -0.358167       -0.222135

     C    3       -0.255108       -0.025280        0.367068
     C    3       -0.025280        0.261754       -0.132060
     C    3        0.367068       -0.132060       -0.006647

     H    4        0.347019       -0.193532        0.286820
     H    4       -0.193532       -0.274009        0.092694
     H    4        0.286820        0.092694       -0.073010

     C    5        0.189637       -0.671662       -0.190445
     C    5       -0.671662        0.231772       -0.379278
     C    5       -0.190445       -0.379278       -0.421409

     H    6       -0.095450        0.270060        0.045159
     H    6        0.270060       -0.110354        0.426120
     H    6        0.045159        0.426120        0.205804

     H    7       -0.406521        0.096691        0.392889
     H    7        0.096691        0.669844       -0.419045
     H    7        0.392889       -0.419045       -0.263323

     C    8       -0.184001        0.069063       -0.063840
     C    8        0.069063        0.386521       -0.242057
     C    8       -0.063840       -0.242057       -0.202519

     H    9        0.679841       -0.185410        0.438999
     H    9       -0.185410       -0.169713       -0.518066
     H    9        0.438999       -0.518066       -0.510128

     C   10        0.265047        0.190140        0.512691
     C   10        0.190140       -0.035998       -0.284779
     C   10        0.512691       -0.284779       -0.229049

     C   11       -0.073220        0.198297       -0.015426
     C   11        0.198297        0.148515       -0.414138
     C   11       -0.015426       -0.414138       -0.075295

     Cl  12        0.265745        0.266097       -0.458372
     Cl  12        0.266097        0.377435        0.767582
     Cl  12       -0.458372        0.767582       -0.643180

     H   13       -0.500293        0.047894       -0.297235
     H   13        0.047894        0.524863        0.222437
     H   13       -0.297235        0.222437       -0.024570

     C   14       -0.007727        0.196536        0.239733
     C   14        0.196536        0.064640        0.067215
     C   14        0.239733        0.067215       -0.056912

     H   15        0.212296        0.494394        0.399481
     H   15        0.494394       -0.205986       -0.016390
     H   15        0.399481       -0.016390       -0.006310

     C   16        0.294350       -0.579002       -0.345178
     C   16       -0.579002       -0.022180       -0.270299
     C   16       -0.345178       -0.270299       -0.272171

     C   17       -0.406191        0.144333       -0.159227
     C   17        0.144333        0.415797        0.400197
     C   17       -0.159227        0.400197       -0.009606

     Cl  18       -0.019702       -2.113642       -0.658424
     Cl  18       -2.113642       -0.309018        1.436323
     Cl  18       -0.658424        1.436323        0.328720

     H   19       -0.048340        0.143438       -0.028848
     H   19        0.143438        0.168825       -0.191387
     H   19       -0.028848       -0.191387       -0.120484

     C   20        0.069321       -0.367171        0.389368
     C   20       -0.367171       -0.234057        0.091751
     C   20        0.389368        0.091751        0.164736

     H   21        0.381541       -0.095680        0.316267
     H   21       -0.095680       -0.141272        0.106713
     H   21        0.316267        0.106713       -0.240269

     C   22       -0.763034       -0.128182        0.073983
     C   22       -0.128182        0.246314       -0.405508
     C   22        0.073983       -0.405508        0.516720

     C   23        0.267114       -0.432459        0.366529
     C   23       -0.432459       -0.102994        0.214548
     C   23        0.366529        0.214548       -0.164120

     Cl  24        1.273624        2.206140        0.676571
     Cl  24        2.206140       -0.233854       -0.516853
     Cl  24        0.676571       -0.516853       -1.039770


     NQR/NMR SPECTROSCOPIC PARAMETERS:
     Cl   1    Vxx=   -1.3586    axis=( -0.276902 -0.522492  0.806429)
     Cl   1    Vyy=   -1.5046    axis=( -0.643198 -0.522713 -0.559524)
     Cl   1    Vzz=    2.8631    axis=(  0.713878 -0.673627 -0.191325)
     Cl   1  Q=        -8.1650 1e-30 m^2  Cq=       -54.9281 MHz  eta= 0.05099

     C    2    Vxx=    0.0252    axis=( -0.491135 -0.347800  0.798637)
     C    2    Vyy=    0.7180    axis=( -0.718424  0.680200 -0.145585)
     C    2    Vzz=   -0.7433    axis=( -0.492599 -0.645262 -0.583938)
     C    2  Q=         1.0000 1e-30 m^2  Cq=        -1.7464 MHz  eta= 0.93213

     C    3    Vxx=    0.1395    axis=(  0.467891  0.691337  0.550574)
     C    3    Vyy=    0.3831    axis=( -0.367808  0.718781 -0.589976)
     C    3    Vzz=   -0.5226    axis=(  0.803614 -0.073539 -0.590590)
     C    3  Q=         1.0000 1e-30 m^2  Cq=        -1.2278 MHz  eta= 0.46619

     H    4    Vxx=   -0.0856    axis=(  0.230226 -0.609586 -0.758552)
     H    4    Vyy=   -0.4297    axis=(  0.379927  0.773934 -0.506637)
     H    4    Vzz=    0.5153    axis=( -0.895908  0.171554 -0.409778)
     H    4  Q=         1.0000 1e-30 m^2  Cq=         1.2107 MHz  eta= 0.66786

     C    5    Vxx=   -0.0510    axis=(  0.573023  0.406988 -0.711340)
     C    5    Vyy=   -0.8480    axis=(  0.476954  0.540230  0.693301)
     C    5    Vzz=    0.8990    axis=( -0.666453  0.736554 -0.115450)
     C    5  Q=         1.0000 1e-30 m^2  Cq=         2.1122 MHz  eta= 0.88655

     H    6    Vxx=   -0.0529    axis=( -0.837637 -0.215864  0.501763)
     H    6    Vyy=   -0.5086    axis=( -0.459420  0.775301 -0.433407)
     H    6    Vzz=    0.5615    axis=(  0.295461  0.593558  0.748593)
     H    6  Q=         1.0000 1e-30 m^2  Cq=         1.3193 MHz  eta= 0.81156

     H    7    Vxx=   -0.0152    axis=( -0.712762 -0.290063 -0.638619)
     H    7    Vyy=   -0.8175    axis=( -0.699948  0.235467  0.674261)
     H    7    Vzz=    0.8327    axis=( -0.045205  0.927588 -0.370861)
     H    7  Q=         1.0000 1e-30 m^2  Cq=         1.9564 MHz  eta= 0.96361

     C    8    Vxx=   -0.1827    axis=(  0.937895 -0.225795 -0.263381)
     C    8    Vyy=   -0.3018    axis=(  0.322153  0.285147  0.902723)
     C    8    Vzz=    0.4845    axis=( -0.128728 -0.931508  0.340179)
     C    8  Q=         1.0000 1e-30 m^2  Cq=         1.1383 MHz  eta= 0.24576

     H    9    Vxx=   -0.0126    axis=(  0.467430  0.785534 -0.405518)
     H    9    Vyy=   -0.9270    axis=(  0.166399 -0.528696 -0.832341)
     H    9    Vzz=    0.9396    axis=( -0.868228  0.321584 -0.377841)
     H    9  Q=         1.0000 1e-30 m^2  Cq=         2.2076 MHz  eta= 0.97318

     C   10    Vxx=    0.1347    axis=( -0.221570 -0.894577  0.388121)
     C   10    Vyy=    0.5873    axis=( -0.849559 -0.018301 -0.527176)
     C   10    Vzz=   -0.7219    axis=(  0.478703 -0.446539 -0.755941)
     C   10  Q=         1.0000 1e-30 m^2  Cq=        -1.6963 MHz  eta= 0.62697

     C   11    Vxx=   -0.0855    axis=(  0.906778 -0.023404  0.420958)
     C   11    Vyy=   -0.4286    axis=(  0.316282 -0.622453 -0.715904)
     C   11    Vzz=    0.5141    axis=( -0.278781 -0.782307  0.557024)
     C   11  Q=         1.0000 1e-30 m^2  Cq=         1.2078 MHz  eta= 0.66735

     Cl  12    Vxx=    0.4511    axis=(  0.942142  0.112354 -0.315824)
     Cl  12    Vyy=    0.7897    axis=(  0.048309  0.886814  0.459595)
     Cl  12    Vzz=   -1.2409    axis=(  0.331715 -0.448261  0.830077)
     Cl  12  Q=        -8.1650 1e-30 m^2  Cq=        23.8054 MHz  eta= 0.27287

     H   13    Vxx=    0.0535    axis=( -0.467581 -0.337969  0.816790)
     H   13    Vyy=    0.6066    axis=(  0.054884 -0.933339 -0.354775)
     H   13    Vzz=   -0.6601    axis=(  0.882245 -0.121057  0.454961)
     H   13  Q=         1.0000 1e-30 m^2  Cq=        -1.5511 MHz  eta= 0.83777

     C   14    Vxx=   -0.0478    axis=(  0.238392 -0.770209  0.591564)
     C   14    Vyy=   -0.2965    axis=(  0.717353 -0.270954 -0.641863)
     C   14    Vzz=    0.3443    axis=(  0.654655  0.577375  0.487919)
     C   14  Q=         1.0000 1e-30 m^2  Cq=         0.8089 MHz  eta= 0.72223

     H   15    Vxx=   -0.0634    axis=(  0.138891  0.574386 -0.806715)
     H   15    Vyy=   -0.6354    axis=(  0.594667 -0.699765 -0.395854)
     H   15    Vzz=    0.6988    axis=( -0.791884 -0.424746 -0.438759)
     H   15  Q=         1.0000 1e-30 m^2  Cq=         1.6419 MHz  eta= 0.81850

     C   16    Vxx=    0.0560    axis=( -0.281382 -0.574184  0.768854)
     C   16    Vyy=    0.7503    axis=( -0.814394  0.566660  0.125136)
     C   16    Vzz=   -0.8063    axis=( -0.507530 -0.590939 -0.627060)
     C   16  Q=         1.0000 1e-30 m^2  Cq=        -1.8944 MHz  eta= 0.86105

     C   17    Vxx=   -0.1041    axis=(  0.569109  0.396506 -0.720346)
     C   17    Vyy=   -0.5539    axis=( -0.821238  0.317802 -0.473888)
     C   17    Vzz=    0.6580    axis=( -0.041028 -0.861269 -0.506490)
     C   17  Q=         1.0000 1e-30 m^2  Cq=         1.5461 MHz  eta= 0.68362

     Cl  18    Vxx=   -0.3914    axis=(  0.550723 -0.158433  0.819514)
     Cl  18    Vyy=   -2.4408    axis=(  0.596182  0.761823 -0.253362)
     Cl  18    Vzz=    2.8322    axis=( -0.584184  0.628112  0.514008)
     Cl  18  Q=        -8.1650 1e-30 m^2  Cq=       -54.3344 MHz  eta= 0.72359

     H   19    Vxx=   -0.0925    axis=(  0.893543 -0.193835  0.404981)
     H   19    Vyy=   -0.2263    axis=( -0.266555  0.496812  0.825910)
     H   19    Vzz=    0.3188    axis=( -0.361290 -0.845935  0.392255)
     H   19  Q=         1.0000 1e-30 m^2  Cq=         0.7491 MHz  eta= 0.41956

     C   20    Vxx=    0.0483    axis=(  0.353114 -0.671072 -0.651900)
     C   20    Vyy=    0.5559    axis=( -0.714446  0.256459 -0.650995)
     C   20    Vzz=   -0.6042    axis=(  0.604050  0.695623 -0.388885)
     C   20  Q=         1.0000 1e-30 m^2  Cq=        -1.4196 MHz  eta= 0.84019

     H   21    Vxx=   -0.0819    axis=(  0.097006 -0.904296 -0.415738)
     H   21    Vyy=   -0.4356    axis=(  0.369870  0.420547 -0.828454)
     H   21    Vzz=    0.5176    axis=(  0.924005 -0.073404  0.375268)
     H   21  Q=         1.0000 1e-30 m^2  Cq=         1.2161 MHz  eta= 0.68334

     C   22    Vxx=   -0.0410    axis=( -0.081408  0.800945  0.593178)
     C   22    Vyy=   -0.7795    axis=( -0.993037 -0.116026  0.020381)
     C   22    Vzz=    0.8205    axis=(  0.085148 -0.587388  0.804814)
     C   22  Q=         1.0000 1e-30 m^2  Cq=         1.9279 MHz  eta= 0.90012

     C   23    Vxx=    0.0751    axis=(  0.091880  0.667251  0.739144)
     C   23    Vyy=    0.6087    axis=( -0.854855  0.433525 -0.285095)
     C   23    Vzz=   -0.6838    axis=( -0.510668 -0.605667  0.610235)
     C   23  Q=         1.0000 1e-30 m^2  Cq=        -1.6066 MHz  eta= 0.78028

     Cl  24    Vxx=   -0.5379    axis=(  0.262254 -0.473257  0.840982)
     Cl  24    Vyy=   -2.3299    axis=( -0.511510  0.670808  0.537004)
     Cl  24    Vzz=    2.8678    axis=( -0.818278 -0.571003 -0.066154)
     Cl  24  Q=        -8.1650 1e-30 m^2  Cq=       -55.0170 MHz  eta= 0.62485

     Initialization:
     gipaw_setup  :      8.86s CPU     10.67s WALL (       1 calls)

     Linear response

     Apply operators

     Induced current

     Other routines
     efg          :      9.40s CPU     11.76s WALL (       1 calls)

     General routines
     calbec       :      3.24s CPU      4.17s WALL (      16 calls)
     fft          :      1.55s CPU      2.56s WALL (      15 calls)
     ffts         :      0.03s CPU      0.05s WALL (       2 calls)
     fftw         :      3.36s CPU      4.06s WALL (     672 calls)
     davcio       :      0.02s CPU      0.31s WALL (      32 calls)

     Parallel routines
     fft_scatter  :      2.20s CPU      3.78s WALL (     689 calls)

     Plugins

     GIPAW        :     60.16s CPU     73.77s WALL (       1 calls)
