
     Program QE v.6.0 (svn rev. 13079) starts on 17Jan2017 at 16:53:57 

     This program is part of the open-source Quantum ESPRESSO suite
     for quantum simulation of materials; please cite
         "P. Giannozzi et al., J. Phys.:Condens. Matter 21 395502 (2009);
          URL http://www.quantum-espresso.org", 
     in publications or presentations arising from this work. More details at
     http://www.quantum-espresso.org/quote

     Parallel version (MPI), running on     8 processors
     R & G space division:  proc/nbgrp/npool/nimage =       8

     ***** This is GIPAW svn revision unknown      *****

     Parallelizing q-star over 1 images

     Reading data from directory:
     /users/majewski/paradichlorobenzene/pbe/9_constraint/scratch/pbe.ecut100.np8.dt60.pcl2phi-129368.save
     Message from routine read_xml_file:
     file /users/majewski/paradichlorobenzene/pbe/9_constraint/scratch/pbe.ecut100.np8.dt60.pcl2phi-129368.save not guaranteed to be safe for post-processing

   Info: using nr1, nr2, nr3 values from input

   Info: using nr1, nr2, nr3 values from input

     IMPORTANT: XC functional enforced from input :
     Exchange-correlation      =  SLA  PW   PBX  PBC ( 1  4  3  4 0 0)
     Any further DFT definition will be discarded
     Please, verify this is what you really want

               file C.pbe-n-kjpaw_psl.1.0.0.UPF: wavefunction(s)  2S 2P renormalized
               file Cl.pbe-n-kjpaw_psl.1.0.0.UPF: wavefunction(s)  3S 3P renormalized
               file H.pbe-kjpaw_psl.1.0.0.UPF: wavefunction(s)  1S renormalized

     Parallelization info
     --------------------
     sticks:   dense  smooth     PW     G-vecs:    dense   smooth      PW
     Min        3057    1223    332               144436    36536    5170
     Max        3059    1225    333               144437    36537    5171
     Sum       24467    9791   2657              1155489   292295   41363


     Subspace diagonalization in iterative solution of the eigenvalue problem:
     a serial algorithm will be used

     GIPAW projectors -----------------------------------------------
     atom=  C    l=0  rc=    1.2000  rs=    0.8000
     atom=  C    l=0  rc=    1.2000  rs=    0.8000
     atom=  C    l=1  rc=    1.4000  rs=    0.9333
     atom=  C    l=1  rc=    1.4000  rs=    0.9333
     projs nearly linearly dependent: l=1  n1,n2= 1, 2  s=  0.99951561

     atom=  Cl   l=0  rc=    1.6000  rs=    1.0667
     atom=  Cl   l=0  rc=    1.6000  rs=    1.0667
     atom=  Cl   l=1  rc=    1.6000  rs=    1.0667
     atom=  Cl   l=1  rc=    1.6000  rs=    1.0667
     atom=  Cl   l=2  rc=    1.6000  rs=    1.0667
     atom=  Cl   l=2  rc=    1.6000  rs=    1.0667
     projs nearly linearly dependent: l=2  n1,n2= 1, 2  s=  0.99993509

     atom=  H    l=0  rc=    1.0000  rs=    0.6667
     atom=  H    l=0  rc=    1.0000  rs=    0.6667
     projs nearly linearly dependent: l=0  n1,n2= 1, 2  s=  0.99968852
     -----------------------------------------------------------------

     GIPAW integrals: -------------------------------------------
     Atom  i/j   nmr_para   nmr_dia   epr_rmc  epr_para   epr_dia
       C   1 1   0.83E+03  0.17E-01  0.93E+01  0.24E+08  0.24E+03
       C   2 1   0.86E+03 -0.61E-01  0.94E+01  0.25E+08  0.25E+03
       C   2 2   0.90E+03 -0.15E+00  0.97E+01  0.26E+08  0.26E+03
       C   3 3   0.33E+01  0.34E+00  0.18E+01  0.55E+03  0.21E+02
       C   4 3   0.35E+01  0.37E+00  0.20E+01  0.59E+03  0.22E+02
       C   4 4   0.38E+01  0.39E+00  0.22E+01  0.63E+03  0.24E+02
       Cl  1 1   0.14E+04 -0.47E+00  0.84E+01  0.32E+09  0.42E+03
       Cl  2 1   0.21E+04 -0.37E+00  0.12E+02  0.49E+09  0.65E+03
       Cl  2 2   0.33E+04 -0.16E+00  0.21E+02  0.76E+09  0.10E+04
       Cl  3 3   0.21E+02  0.79E-01  0.89E+01  0.23E+05  0.13E+03
       Cl  4 3   0.24E+02  0.67E-01  0.99E+01  0.27E+05  0.15E+03
       Cl  4 4   0.28E+02  0.44E-01  0.11E+02  0.32E+05  0.18E+03
       Cl  5 5   0.77E+00  0.19E+00  0.18E+01  0.12E+03  0.22E+02
       Cl  6 5   0.80E+00  0.19E+00  0.19E+01  0.12E+03  0.23E+02
       Cl  6 6   0.83E+00  0.20E+00  0.19E+01  0.12E+03  0.23E+02
       H   1 1   0.39E+02  0.19E+00  0.29E+00  0.78E+05  0.13E+02
       H   2 1   0.41E+02  0.21E+00  0.32E+00  0.82E+05  0.14E+02
       H   2 2   0.43E+02  0.22E+00  0.36E+00  0.86E+05  0.15E+02
     ------------------------------------------------------------

     alpha_pv=     33.9393 eV

     Number of occupied bands for each k-point:
     k-point:     1    nbnd_occ=  42
     k-point:     2    nbnd_occ=  42
     k-point:     3    nbnd_occ=  42
     k-point:     4    nbnd_occ=  42
     k-point:     5    nbnd_occ=  42
     k-point:     6    nbnd_occ=  42
     k-point:     7    nbnd_occ=  42
     k-point:     8    nbnd_occ=  42
     k-point:     9    nbnd_occ=  42
     k-point:    10    nbnd_occ=  42
     k-point:    11    nbnd_occ=  42
     k-point:    12    nbnd_occ=  42
     k-point:    13    nbnd_occ=  42
     k-point:    14    nbnd_occ=  42
     k-point:    15    nbnd_occ=  42
     k-point:    16    nbnd_occ=  42


     q-space interpolation up to   110.00 Rydberg

     GIPAW job: efg                                                                             


     ELECTRIC FIELD GRADIENTS TENSORS IN Hartree/bohrradius^2:

     ----- bare term -----
     Cl   1       -0.122606        0.346654       -0.015533
     Cl   1        0.346654       -0.063681       -0.157680
     Cl   1       -0.015533       -0.157680        0.186287

     C    2        0.117794       -0.042522       -0.230293
     C    2       -0.042522       -0.226555       -0.556555
     C    2       -0.230293       -0.556555        0.108761

     C    3       -0.579562        0.375087       -0.330914
     C    3        0.375087        0.175139       -0.060193
     C    3       -0.330914       -0.060193        0.404423

     H    4        0.051983       -0.032195       -0.239651
     H    4       -0.032195        0.167101       -0.531806
     H    4       -0.239651       -0.531806       -0.219083

     C    5       -0.062629       -0.392279       -0.494145
     C    5       -0.392279       -0.041659       -0.528495
     C    5       -0.494145       -0.528495        0.104288

     H    6       -0.043160        0.297766        0.208585
     H    6        0.297766       -0.128921       -0.421669
     H    6        0.208585       -0.421669        0.172081

     H    7        0.349816        0.074630        0.071884
     H    7        0.074630       -0.385335        0.545188
     H    7        0.071884        0.545188        0.035519

     C    8       -0.813510       -0.413465       -0.410327
     C    8       -0.413465        0.482729        0.150222
     C    8       -0.410327        0.150222        0.330781

     H    9       -0.339422        0.026959       -0.529571
     H    9        0.026959        0.114608        0.137802
     H    9       -0.529571        0.137802        0.224815

     C   10        0.088733       -0.337261       -0.084733
     C   10       -0.337261       -0.128752        0.556565
     C   10       -0.084733        0.556565        0.040019

     C   11       -0.390577       -0.350447       -0.434025
     C   11       -0.350447        0.190343        0.255979
     C   11       -0.434025        0.255979        0.200234

     Cl  12        0.037606       -0.010039       -0.022883
     Cl  12       -0.010039       -0.051902       -0.083329
     Cl  12       -0.022883       -0.083329        0.014296

     H   13        0.079513       -0.062082        0.365953
     H   13       -0.062082        0.052402       -0.370106
     H   13        0.365953       -0.370106       -0.131914

     C   14       -0.634083        0.352421       -0.364241
     C   14        0.352421        0.405072       -0.139500
     C   14       -0.364241       -0.139500        0.229011

     H   15        0.140494       -0.084245       -0.314931
     H   15       -0.084245        0.407410        0.149283
     H   15       -0.314931        0.149283       -0.547904

     C   16        0.070017        0.194198       -0.106482
     C   16        0.194198       -0.100061       -0.408622
     C   16       -0.106482       -0.408622        0.030044

     C   17       -0.462084        0.350311       -0.163027
     C   17        0.350311        0.060739       -0.389633
     C   17       -0.163027       -0.389633        0.401344

     Cl  18        0.170143       -0.091433       -0.008880
     Cl  18       -0.091433       -0.038313        0.004140
     Cl  18       -0.008880        0.004140       -0.131830

     H   19        0.438369       -0.028544       -0.000282
     H   19       -0.028544       -0.695306        0.448389
     H   19       -0.000282        0.448389        0.256938

     C   20       -0.136092       -0.168675       -0.198953
     C   20       -0.168675        0.020425        0.483957
     C   20       -0.198953        0.483957        0.115667

     H   21       -0.170212        0.483381       -0.290749
     H   21        0.483381       -0.217096        0.139940
     H   21       -0.290749        0.139940        0.387308

     C   22       -0.641881       -0.390563       -0.274528
     C   22       -0.390563        0.302097        0.253603
     C   22       -0.274528        0.253603        0.339784

     C   23        0.021424       -0.238962       -0.133713
     C   23       -0.238962       -0.045312        0.573742
     C   23       -0.133713        0.573742        0.023888

     Cl  24       -0.098062       -0.155690        0.070551
     Cl  24       -0.155690        0.046034       -0.139658
     Cl  24        0.070551       -0.139658        0.052029

     ----- ionic term -----
     Cl   1        0.148760       -0.211523        0.061579
     Cl   1       -0.211523       -0.004986       -0.028316
     Cl   1        0.061579       -0.028316       -0.143774

     C    2        0.058823       -0.271144        0.328829
     C    2       -0.271144        0.092615        0.434687
     C    2        0.328829        0.434687       -0.151438

     C    3        0.086885       -0.303950        0.234259
     C    3       -0.303950        0.122689        0.410663
     C    3        0.234259        0.410663       -0.209573

     H    4        0.344735        0.248628        0.809612
     H    4        0.248628       -0.455935        0.297132
     H    4        0.809612        0.297132        0.111200

     C    5        0.264406       -0.233227        0.315301
     C    5       -0.233227       -0.069807        0.312893
     C    5        0.315301        0.312893       -0.194599

     H    6       -0.478463       -0.182960       -0.129688
     H    6       -0.182960        0.435188        0.770053
     H    6       -0.129688        0.770053        0.043275

     H    7       -0.512955        0.002827        0.008388
     H    7        0.002827        0.647843       -0.704566
     H    7        0.008388       -0.704566       -0.134888

     C    8        0.234108        0.225083        0.301478
     C    8        0.225083        0.123472       -0.252947
     C    8        0.301478       -0.252947       -0.357580

     H    9        0.724235       -0.422280        0.517942
     H    9       -0.422280       -0.316379       -0.235415
     H    9        0.517942       -0.235415       -0.407856

     C   10        0.132793        0.246193        0.212935
     C   10        0.246193        0.246697       -0.339000
     C   10        0.212935       -0.339000       -0.379490

     C   11        0.162046        0.198293        0.357351
     C   11        0.198293        0.118581       -0.370724
     C   11        0.357351       -0.370724       -0.280627

     Cl  12        0.144666        0.231119        0.056619
     Cl  12        0.231119        0.003195        0.024111
     Cl  12        0.056619        0.024111       -0.147861

     H   13       -0.494086       -0.216337       -0.111441
     H   13       -0.216337        0.550597        0.729083
     H   13       -0.111441        0.729083       -0.056511

     C   14        0.175287       -0.279519        0.318202
     C   14       -0.279519       -0.021788        0.287108
     C   14        0.318202        0.287108       -0.153498

     H   15        0.280969        0.304382        0.762448
     H   15        0.304382       -0.424144        0.335200
     H   15        0.762448        0.335200        0.143175

     C   16        0.102598       -0.310931        0.214044
     C   16       -0.310931        0.021931        0.361962
     C   16        0.214044        0.361962       -0.124529

     C   17        0.225225       -0.218004        0.246128
     C   17       -0.218004       -0.094777        0.440555
     C   17        0.246128        0.440555       -0.130448

     Cl  18        0.197309       -0.212536       -0.006843
     Cl  18       -0.212536       -0.068851       -0.000710
     Cl  18       -0.006843       -0.000710       -0.128458

     H   19       -0.519166        0.060245       -0.025955
     H   19        0.060245        0.517746       -0.754997
     H   19       -0.025955       -0.754997        0.001420

     C   20        0.251187        0.234599        0.296510
     C   20        0.234599        0.020094       -0.312017
     C   20        0.296510       -0.312017       -0.271282

     H   21        0.600900       -0.390290        0.618032
     H   21       -0.390290       -0.386474       -0.281147
     H   21        0.618032       -0.281147       -0.214426

     C   22        0.136134        0.238341        0.188814
     C   22        0.238341        0.227200       -0.396194
     C   22        0.188814       -0.396194       -0.363335

     C   23        0.148684        0.171943        0.278543
     C   23        0.171943        0.183597       -0.375576
     C   23        0.278543       -0.375576       -0.332281

     Cl  24        0.101064        0.194823        0.032640
     Cl  24        0.194823        0.049398        0.021276
     Cl  24        0.032640        0.021276       -0.150462

     ----- GIPAW term -----
     Cl   1       -1.143793       -0.240413       -0.054810
     Cl   1       -0.240413        0.627844        1.818005
     Cl   1       -0.054810        1.818005        0.515949

     C    2       -0.070188       -0.056780       -0.009985
     C    2       -0.056780        0.170065        0.116880
     C    2       -0.009985        0.116880       -0.099877

     C    3       -0.083335       -0.117205       -0.106343
     C    3       -0.117205        0.127930        0.112890
     C    3       -0.106343        0.112890       -0.044595

     H    4       -0.000000        0.000000        0.000000
     H    4        0.000000        0.000000        0.000000
     H    4        0.000000        0.000000        0.000000

     C    5        0.062869       -0.241978       -0.081257
     C    5       -0.241978        0.054072       -0.055613
     C    5       -0.081257       -0.055613       -0.116941

     H    6       -0.000000        0.000000        0.000000
     H    6        0.000000        0.000000        0.000000
     H    6        0.000000        0.000000        0.000000

     H    7       -0.000000        0.000000        0.000000
     H    7        0.000000        0.000000        0.000000
     H    7        0.000000        0.000000        0.000000

     C    8       -0.217541       -0.133621       -0.045188
     C    8       -0.133621        0.295219       -0.021638
     C    8       -0.045188       -0.021638       -0.077678

     H    9       -0.000000        0.000000        0.000000
     H    9        0.000000        0.000000        0.000000
     H    9        0.000000        0.000000        0.000000

     C   10       -0.052615       -0.129409       -0.039953
     C   10       -0.129409        0.137298        0.147695
     C   10       -0.039953        0.147695       -0.084683

     C   11       -0.075833       -0.096951       -0.094364
     C   11       -0.096951        0.178815        0.118433
     C   11       -0.094364        0.118433       -0.102982

     Cl  12       -0.223772        0.390777       -0.981634
     Cl  12        0.390777        0.518320        1.908329
     Cl  12       -0.981634        1.908329       -0.294548

     H   13       -0.000000        0.000000        0.000000
     H   13        0.000000        0.000000        0.000000
     H   13        0.000000        0.000000        0.000000

     C   14       -0.123874        0.134828       -0.059917
     C   14        0.134828        0.190930       -0.061159
     C   14       -0.059917       -0.061159       -0.067056

     H   15       -0.000000        0.000000        0.000000
     H   15        0.000000        0.000000        0.000000
     H   15        0.000000        0.000000        0.000000

     C   16       -0.059302        0.051567       -0.044758
     C   16        0.051567        0.059799       -0.139124
     C   16       -0.044758       -0.139124       -0.000497

     C   17       -0.082970       -0.146787        0.039592
     C   17       -0.146787        0.154282       -0.154024
     C   17        0.039592       -0.154024       -0.071311

     Cl  18        3.121760       -2.632885        0.007189
     Cl  18       -2.632885       -0.650457       -0.028055
     Cl  18        0.007189       -0.028055       -2.471303

     H   19       -0.000000        0.000000        0.000000
     H   19        0.000000        0.000000        0.000000
     H   19        0.000000        0.000000        0.000000

     C   20       -0.096284       -0.094394       -0.021243
     C   20       -0.094394        0.234162        0.131265
     C   20       -0.021243        0.131265       -0.137878

     H   21       -0.000000        0.000000        0.000000
     H   21        0.000000        0.000000        0.000000
     H   21        0.000000        0.000000        0.000000

     C   22       -0.225476       -0.106317       -0.062441
     C   22       -0.106317        0.298767        0.051746
     C   22       -0.062441        0.051746       -0.073291

     C   23        0.000314       -0.088219        0.007248
     C   23       -0.088219        0.204127        0.025614
     C   23        0.007248        0.025614       -0.204442

     Cl  24        0.597959        0.890290        0.738363
     Cl  24        0.890290        0.511566       -1.333847
     Cl  24        0.738363       -1.333847       -1.109525

     ----- total EFG -----
     Cl   1       -1.117639       -0.105282       -0.008764
     Cl   1       -0.105282        0.559177        1.632009
     Cl   1       -0.008764        1.632009        0.558462

     C    2        0.106429       -0.370446        0.088550
     C    2       -0.370446        0.036125       -0.004987
     C    2        0.088550       -0.004987       -0.142554

     C    3       -0.576013       -0.046068       -0.202997
     C    3       -0.046068        0.425758        0.463361
     C    3       -0.202997        0.463361        0.150255

     H    4        0.396718        0.216433        0.569961
     H    4        0.216433       -0.288835       -0.234674
     H    4        0.569961       -0.234674       -0.107883

     C    5        0.264646       -0.867483       -0.260101
     C    5       -0.867483       -0.057393       -0.271216
     C    5       -0.260101       -0.271216       -0.207253

     H    6       -0.521624        0.114806        0.078897
     H    6        0.114806        0.306267        0.348383
     H    6        0.078897        0.348383        0.215356

     H    7       -0.163139        0.077458        0.080271
     H    7        0.077458        0.262508       -0.159379
     H    7        0.080271       -0.159379       -0.099368

     C    8       -0.796943       -0.322003       -0.154036
     C    8       -0.322003        0.901419       -0.124362
     C    8       -0.154036       -0.124362       -0.104476

     H    9        0.384813       -0.395321       -0.011629
     H    9       -0.395321       -0.201771       -0.097612
     H    9       -0.011629       -0.097612       -0.183042

     C   10        0.168911       -0.220477        0.088250
     C   10       -0.220477        0.255243        0.365260
     C   10        0.088250        0.365260       -0.424154

     C   11       -0.304365       -0.249105       -0.171038
     C   11       -0.249105        0.487739        0.003688
     C   11       -0.171038        0.003688       -0.183375

     Cl  12       -0.041500        0.611857       -0.947898
     Cl  12        0.611857        0.469613        1.849112
     Cl  12       -0.947898        1.849112       -0.428113

     H   13       -0.414573       -0.278419        0.254512
     H   13       -0.278419        0.602998        0.358977
     H   13        0.254512        0.358977       -0.188425

     C   14       -0.582670        0.207730       -0.105955
     C   14        0.207730        0.574214        0.086449
     C   14       -0.105955        0.086449        0.008456

     H   15        0.421463        0.220137        0.447517
     H   15        0.220137       -0.016734        0.484483
     H   15        0.447517        0.484483       -0.404729

     C   16        0.113313       -0.065167        0.062804
     C   16       -0.065167       -0.018331       -0.185784
     C   16        0.062804       -0.185784       -0.094982

     C   17       -0.319829       -0.014480        0.122694
     C   17       -0.014480        0.120244       -0.103102
     C   17        0.122694       -0.103102        0.199585

     Cl  18        3.489211       -2.936854       -0.008534
     Cl  18       -2.936854       -0.757621       -0.024625
     Cl  18       -0.008534       -0.024625       -2.731590

     H   19       -0.080798        0.031701       -0.026236
     H   19        0.031701       -0.177560       -0.306608
     H   19       -0.026236       -0.306608        0.258358

     C   20        0.018811       -0.028470        0.076314
     C   20       -0.028470        0.274681        0.303205
     C   20        0.076314        0.303205       -0.293493

     H   21        0.430688        0.093091        0.327283
     H   21        0.093091       -0.603569       -0.141207
     H   21        0.327283       -0.141207        0.172882

     C   22       -0.731222       -0.258540       -0.148156
     C   22       -0.258540        0.828064       -0.090845
     C   22       -0.148156       -0.090845       -0.096842

     C   23        0.170423       -0.155238        0.152078
     C   23       -0.155238        0.342412        0.223779
     C   23        0.152078        0.223779       -0.512835

     Cl  24        0.600960        0.929422        0.841554
     Cl  24        0.929422        0.606998       -1.452229
     Cl  24        0.841554       -1.452229       -1.207959

     ----- total EFG (symmetrized) -----
     Cl   1       -1.117639       -0.105282       -0.008764
     Cl   1       -0.105282        0.559177        1.632009
     Cl   1       -0.008764        1.632009        0.558462

     C    2        0.106429       -0.370446        0.088550
     C    2       -0.370446        0.036125       -0.004987
     C    2        0.088550       -0.004987       -0.142554

     C    3       -0.576013       -0.046068       -0.202997
     C    3       -0.046068        0.425758        0.463361
     C    3       -0.202997        0.463361        0.150255

     H    4        0.396718        0.216433        0.569961
     H    4        0.216433       -0.288835       -0.234674
     H    4        0.569961       -0.234674       -0.107883

     C    5        0.264646       -0.867483       -0.260101
     C    5       -0.867483       -0.057393       -0.271216
     C    5       -0.260101       -0.271216       -0.207253

     H    6       -0.521624        0.114806        0.078897
     H    6        0.114806        0.306267        0.348383
     H    6        0.078897        0.348383        0.215356

     H    7       -0.163139        0.077458        0.080271
     H    7        0.077458        0.262508       -0.159379
     H    7        0.080271       -0.159379       -0.099368

     C    8       -0.796943       -0.322003       -0.154036
     C    8       -0.322003        0.901419       -0.124362
     C    8       -0.154036       -0.124362       -0.104476

     H    9        0.384813       -0.395321       -0.011629
     H    9       -0.395321       -0.201771       -0.097612
     H    9       -0.011629       -0.097612       -0.183042

     C   10        0.168911       -0.220477        0.088250
     C   10       -0.220477        0.255243        0.365260
     C   10        0.088250        0.365260       -0.424154

     C   11       -0.304365       -0.249105       -0.171038
     C   11       -0.249105        0.487739        0.003688
     C   11       -0.171038        0.003688       -0.183375

     Cl  12       -0.041500        0.611857       -0.947898
     Cl  12        0.611857        0.469613        1.849112
     Cl  12       -0.947898        1.849112       -0.428113

     H   13       -0.414573       -0.278419        0.254512
     H   13       -0.278419        0.602998        0.358977
     H   13        0.254512        0.358977       -0.188425

     C   14       -0.582670        0.207730       -0.105955
     C   14        0.207730        0.574214        0.086449
     C   14       -0.105955        0.086449        0.008456

     H   15        0.421463        0.220137        0.447517
     H   15        0.220137       -0.016734        0.484483
     H   15        0.447517        0.484483       -0.404729

     C   16        0.113313       -0.065167        0.062804
     C   16       -0.065167       -0.018331       -0.185784
     C   16        0.062804       -0.185784       -0.094982

     C   17       -0.319829       -0.014480        0.122694
     C   17       -0.014480        0.120244       -0.103102
     C   17        0.122694       -0.103102        0.199585

     Cl  18        3.489211       -2.936854       -0.008534
     Cl  18       -2.936854       -0.757621       -0.024625
     Cl  18       -0.008534       -0.024625       -2.731590

     H   19       -0.080798        0.031701       -0.026236
     H   19        0.031701       -0.177560       -0.306608
     H   19       -0.026236       -0.306608        0.258358

     C   20        0.018811       -0.028470        0.076314
     C   20       -0.028470        0.274681        0.303205
     C   20        0.076314        0.303205       -0.293493

     H   21        0.430688        0.093091        0.327283
     H   21        0.093091       -0.603569       -0.141207
     H   21        0.327283       -0.141207        0.172882

     C   22       -0.731222       -0.258540       -0.148156
     C   22       -0.258540        0.828064       -0.090845
     C   22       -0.148156       -0.090845       -0.096842

     C   23        0.170423       -0.155238        0.152078
     C   23       -0.155238        0.342412        0.223779
     C   23        0.152078        0.223779       -0.512835

     Cl  24        0.600960        0.929422        0.841554
     Cl  24        0.929422        0.606998       -1.452229
     Cl  24        0.841554       -1.452229       -1.207959


     NQR/NMR SPECTROSCOPIC PARAMETERS:
     Cl   1    Vxx=   -1.0243    axis=( -0.582031  0.564515 -0.585288)
     Cl   1    Vyy=   -1.1685    axis=( -0.812801 -0.425442  0.397936)
     Cl   1    Vzz=    2.1928    axis=( -0.024366  0.707334  0.706459)
     Cl   1  Q=        -8.1650 1e-30 m^2  Cq=       -42.0676 MHz  eta= 0.06572

     C    2    Vxx=   -0.1323    axis=(  0.126960  0.307245  0.943123)
     C    2    Vyy=   -0.3192    axis=(  0.659919  0.683691 -0.311565)
     C    2    Vzz=    0.4514    axis=(  0.740532 -0.661942  0.115955)
     C    2  Q=         1.0000 1e-30 m^2  Cq=         1.0607 MHz  eta= 0.41404

     C    3    Vxx=   -0.1547    axis=( -0.288252 -0.611287  0.737048)
     C    3    Vyy=   -0.6354    axis=( -0.950421  0.088866 -0.297997)
     C    3    Vzz=    0.7900    axis=(  0.116664 -0.786404 -0.606596)
     C    3  Q=         1.0000 1e-30 m^2  Cq=         1.8562 MHz  eta= 0.60848

     H    4    Vxx=   -0.0573    axis=( -0.282546 -0.800239  0.528947)
     H    4    Vyy=   -0.7133    axis=(  0.455444 -0.597212 -0.660234)
     H    4    Vzz=    0.7706    axis=(  0.844239  0.054360  0.533204)
     H    4  Q=         1.0000 1e-30 m^2  Cq=         1.8107 MHz  eta= 0.85129

     C    5    Vxx=   -0.0222    axis=( -0.265609 -0.356418  0.895778)
     C    5    Vyy=   -0.9643    axis=(  0.577548  0.685147  0.443861)
     C    5    Vzz=    0.9866    axis=( -0.771939  0.635248  0.023867)
     C    5  Q=         1.0000 1e-30 m^2  Cq=         2.3180 MHz  eta= 0.95496

     H    6    Vxx=   -0.0899    axis=( -0.035838 -0.654034  0.755615)
     H    6    Vyy=   -0.5389    axis=( -0.992197  0.113637  0.051302)
     H    6    Vzz=    0.6288    axis=( -0.119419 -0.747881 -0.653004)
     H    6  Q=         1.0000 1e-30 m^2  Cq=         1.4774 MHz  eta= 0.71394

     H    7    Vxx=   -0.0613    axis=(  0.689856  0.180091  0.701189)
     H    7    Vyy=   -0.2655    axis=(  0.717853 -0.295566 -0.630339)
     H    7    Vzz=    0.3268    axis=( -0.093729 -0.938194  0.333176)
     H    7  Q=         1.0000 1e-30 m^2  Cq=         0.7680 MHz  eta= 0.62473

     C    8    Vxx=   -0.0744    axis=( -0.228843  0.048394  0.972260)
     C    8    Vyy=   -0.8945    axis=(  0.958300  0.186799  0.216259)
     C    8    Vzz=    0.9689    axis=( -0.171151  0.981206 -0.089124)
     C    8  Q=         1.0000 1e-30 m^2  Cq=         2.2765 MHz  eta= 0.84640

     H    9    Vxx=   -0.1504    axis=( -0.193773 -0.289934  0.937225)
     H    9    Vyy=   -0.4348    axis=(  0.411591  0.843163  0.345932)
     H    9    Vzz=    0.5852    axis=( -0.890531  0.452785 -0.044048)
     H    9  Q=         1.0000 1e-30 m^2  Cq=         1.3751 MHz  eta= 0.48588

     C   10    Vxx=    0.1163    axis=( -0.853794 -0.355902 -0.379961)
     C   10    Vyy=    0.5044    axis=( -0.473619  0.834006  0.283052)
     C   10    Vzz=   -0.6207    axis=( -0.216151 -0.421624  0.880631)
     C   10  Q=         1.0000 1e-30 m^2  Cq=        -1.4584 MHz  eta= 0.62532

     C   11    Vxx=   -0.0931    axis=( -0.460407 -0.202935  0.864201)
     C   11    Vyy=   -0.4701    axis=( -0.839638 -0.216456 -0.498151)
     C   11    Vzz=    0.5632    axis=(  0.288154 -0.954968 -0.070734)
     C   11  Q=         1.0000 1e-30 m^2  Cq=         1.3232 MHz  eta= 0.66931

     Cl  12    Vxx=    0.4841    axis=( -0.901417 -0.316161  0.295788)
     Cl  12    Vyy=    1.9303    axis=(  0.063804 -0.772735 -0.631514)
     Cl  12    Vzz=   -2.4144    axis=(  0.428226 -0.550385  0.716728)
     Cl  12  Q=        -8.1650 1e-30 m^2  Cq=        46.3193 MHz  eta= 0.59896

     H   13    Vxx=   -0.0454    axis=(  0.634464 -0.147614  0.758726)
     H   13    Vyy=   -0.7223    axis=( -0.757483 -0.314142  0.572306)
     H   13    Vzz=    0.7678    axis=( -0.153867  0.937830  0.311127)
     H   13  Q=         1.0000 1e-30 m^2  Cq=         1.8040 MHz  eta= 0.88164

     C   14    Vxx=    0.0230    axis=( -0.197913 -0.078646  0.977060)
     C   14    Vyy=    0.6179    axis=( -0.159886 -0.980837 -0.111336)
     C   14    Vzz=   -0.6408    axis=(  0.967092 -0.178253  0.181546)
     C   14  Q=         1.0000 1e-30 m^2  Cq=        -1.5057 MHz  eta= 0.92835

     H   15    Vxx=   -0.0342    axis=(  0.608789 -0.753098 -0.249440)
     H   15    Vyy=   -0.7912    axis=(  0.229809  0.468347 -0.853134)
     H   15    Vzz=    0.8255    axis=(  0.759318  0.462055  0.458193)
     H   15  Q=         1.0000 1e-30 m^2  Cq=         1.9395 MHz  eta= 0.91709

     C   16    Vxx=    0.0326    axis=( -0.744030 -0.530431  0.406279)
     C   16    Vyy=    0.2140    axis=(  0.667777 -0.570111  0.478590)
     C   16    Vzz=   -0.2465    axis=( -0.022235  0.627389  0.778389)
     C   16  Q=         1.0000 1e-30 m^2  Cq=        -0.5792 MHz  eta= 0.73584

     C   17    Vxx=    0.0571    axis=(  0.131391  0.853442  0.504355)
     C   17    Vyy=    0.2904    axis=(  0.180123 -0.520850  0.834429)
     C   17    Vzz=   -0.3475    axis=(  0.974829 -0.018791 -0.222160)
     C   17  Q=         1.0000 1e-30 m^2  Cq=        -0.8165 MHz  eta= 0.67147

     Cl  18    Vxx=   -2.2569    axis=(  0.454371  0.889157 -0.054294)
     Cl  18    Vyy=   -2.7330    axis=(  0.024290  0.048560  0.998525)
     Cl  18    Vzz=    4.9899    axis=( -0.890481  0.455019 -0.000467)
     Cl  18  Q=        -8.1650 1e-30 m^2  Cq=       -95.7284 MHz  eta= 0.09541

     H   19    Vxx=   -0.0826    axis=(  0.995129  0.021778  0.096147)
     H   19    Vyy=   -0.3368    axis=( -0.063385  0.888318  0.454833)
     H   19    Vzz=    0.4194    axis=( -0.075504 -0.458712  0.885371)
     H   19  Q=         1.0000 1e-30 m^2  Cq=         0.9855 MHz  eta= 0.60596

     C   20    Vxx=    0.0332    axis=(  0.984538 -0.079752  0.155962)
     C   20    Vyy=    0.4061    axis=( -0.011136 -0.917040 -0.398639)
     C   20    Vzz=   -0.4393    axis=(  0.174816  0.390739 -0.903749)
     C   20  Q=         1.0000 1e-30 m^2  Cq=        -1.0323 MHz  eta= 0.84884

     H   21    Vxx=   -0.0024    axis=( -0.542658 -0.270789  0.795107)
     H   21    Vyy=   -0.6511    axis=( -0.150866  0.962636  0.224879)
     H   21    Vzz=    0.6535    axis=( -0.826294  0.002078 -0.563235)
     H   21  Q=         1.0000 1e-30 m^2  Cq=         1.5356 MHz  eta= 0.99266

     C   22    Vxx=   -0.0650    axis=( -0.229028  0.032659  0.972872)
     C   22    Vyy=   -0.8094    axis=(  0.961417  0.164053  0.220824)
     C   22    Vzz=    0.8744    axis=( -0.152390  0.985911 -0.068972)
     C   22  Q=         1.0000 1e-30 m^2  Cq=         2.0544 MHz  eta= 0.85129

     C   23    Vxx=    0.1617    axis=(  0.877143  0.360427  0.317351)
     C   23    Vyy=    0.4505    axis=(  0.419738 -0.896472 -0.141979)
     C   23    Vzz=   -0.6122    axis=( -0.233323 -0.257741  0.937619)
     C   23  Q=         1.0000 1e-30 m^2  Cq=        -1.4384 MHz  eta= 0.47188

     Cl  24    Vxx=    0.8206    axis=( -0.779862  0.308717 -0.544526)
     Cl  24    Vyy=    1.6562    axis=( -0.509365 -0.818602  0.265402)
     Cl  24    Vzz=   -2.4768    axis=( -0.363816  0.484339  0.795647)
     Cl  24  Q=        -8.1650 1e-30 m^2  Cq=        47.5160 MHz  eta= 0.33734

     Initialization:
     gipaw_setup  :      9.00s CPU     10.82s WALL (       1 calls)

     Linear response

     Apply operators

     Induced current

     Other routines
     efg          :      9.49s CPU     12.40s WALL (       1 calls)

     General routines
     calbec       :      3.16s CPU      4.08s WALL (      16 calls)
     fft          :      1.31s CPU      1.57s WALL (      15 calls)
     ffts         :      0.04s CPU      0.05s WALL (       2 calls)
     fftw         :      3.46s CPU      4.39s WALL (     672 calls)
     davcio       :      0.02s CPU      0.32s WALL (      32 calls)

     Parallel routines
     fft_scatter  :      2.13s CPU      3.12s WALL (     689 calls)

     Plugins

     GIPAW        :     60.89s CPU     71.57s WALL (       1 calls)
