
     Program QE v.6.0 (svn rev. 13079) starts on 20Dec2016 at 22:54: 8 

     This program is part of the open-source Quantum ESPRESSO suite
     for quantum simulation of materials; please cite
         "P. Giannozzi et al., J. Phys.:Condens. Matter 21 395502 (2009);
          URL http://www.quantum-espresso.org", 
     in publications or presentations arising from this work. More details at
     http://www.quantum-espresso.org/quote

     Parallel version (MPI), running on     8 processors
     R & G space division:  proc/nbgrp/npool/nimage =       8

     ***** This is GIPAW svn revision unknown      *****

     Parallelizing q-star over 1 images

     Reading data from directory:
     /users/majewski/paradichlorobenzene/pbe/9_constraint/scratch/pbe.ecut100.np8.dt60.pcl2phi-129368.save
     Message from routine read_xml_file:
     file /users/majewski/paradichlorobenzene/pbe/9_constraint/scratch/pbe.ecut100.np8.dt60.pcl2phi-129368.save not guaranteed to be safe for post-processing

   Info: using nr1, nr2, nr3 values from input

   Info: using nr1, nr2, nr3 values from input

     IMPORTANT: XC functional enforced from input :
     Exchange-correlation      =  SLA  PW   PBX  PBC ( 1  4  3  4 0 0)
     Any further DFT definition will be discarded
     Please, verify this is what you really want

               file C.pbe-n-kjpaw_psl.1.0.0.UPF: wavefunction(s)  2S 2P renormalized
               file Cl.pbe-n-kjpaw_psl.1.0.0.UPF: wavefunction(s)  3S 3P renormalized
               file H.pbe-kjpaw_psl.1.0.0.UPF: wavefunction(s)  1S renormalized

     Parallelization info
     --------------------
     sticks:   dense  smooth     PW     G-vecs:    dense   smooth      PW
     Min        3057    1223    332               144436    36536    5170
     Max        3059    1225    333               144437    36537    5171
     Sum       24467    9791   2657              1155489   292295   41363


     Subspace diagonalization in iterative solution of the eigenvalue problem:
     a serial algorithm will be used

     GIPAW projectors -----------------------------------------------
     atom=  C    l=0  rc=    1.2000  rs=    0.8000
     atom=  C    l=0  rc=    1.2000  rs=    0.8000
     atom=  C    l=1  rc=    1.4000  rs=    0.9333
     atom=  C    l=1  rc=    1.4000  rs=    0.9333
     projs nearly linearly dependent: l=1  n1,n2= 1, 2  s=  0.99951561

     atom=  Cl   l=0  rc=    1.6000  rs=    1.0667
     atom=  Cl   l=0  rc=    1.6000  rs=    1.0667
     atom=  Cl   l=1  rc=    1.6000  rs=    1.0667
     atom=  Cl   l=1  rc=    1.6000  rs=    1.0667
     atom=  Cl   l=2  rc=    1.6000  rs=    1.0667
     atom=  Cl   l=2  rc=    1.6000  rs=    1.0667
     projs nearly linearly dependent: l=2  n1,n2= 1, 2  s=  0.99993509

     atom=  H    l=0  rc=    1.0000  rs=    0.6667
     atom=  H    l=0  rc=    1.0000  rs=    0.6667
     projs nearly linearly dependent: l=0  n1,n2= 1, 2  s=  0.99968852
     -----------------------------------------------------------------

     GIPAW integrals: -------------------------------------------
     Atom  i/j   nmr_para   nmr_dia   epr_rmc  epr_para   epr_dia
       C   1 1   0.83E+03  0.17E-01  0.93E+01  0.24E+08  0.24E+03
       C   2 1   0.86E+03 -0.61E-01  0.94E+01  0.25E+08  0.25E+03
       C   2 2   0.90E+03 -0.15E+00  0.97E+01  0.26E+08  0.26E+03
       C   3 3   0.33E+01  0.34E+00  0.18E+01  0.55E+03  0.21E+02
       C   4 3   0.35E+01  0.37E+00  0.20E+01  0.59E+03  0.22E+02
       C   4 4   0.38E+01  0.39E+00  0.22E+01  0.63E+03  0.24E+02
       Cl  1 1   0.14E+04 -0.47E+00  0.84E+01  0.32E+09  0.42E+03
       Cl  2 1   0.21E+04 -0.37E+00  0.12E+02  0.49E+09  0.65E+03
       Cl  2 2   0.33E+04 -0.16E+00  0.21E+02  0.76E+09  0.10E+04
       Cl  3 3   0.21E+02  0.79E-01  0.89E+01  0.23E+05  0.13E+03
       Cl  4 3   0.24E+02  0.67E-01  0.99E+01  0.27E+05  0.15E+03
       Cl  4 4   0.28E+02  0.44E-01  0.11E+02  0.32E+05  0.18E+03
       Cl  5 5   0.77E+00  0.19E+00  0.18E+01  0.12E+03  0.22E+02
       Cl  6 5   0.80E+00  0.19E+00  0.19E+01  0.12E+03  0.23E+02
       Cl  6 6   0.83E+00  0.20E+00  0.19E+01  0.12E+03  0.23E+02
       H   1 1   0.39E+02  0.19E+00  0.29E+00  0.78E+05  0.13E+02
       H   2 1   0.41E+02  0.21E+00  0.32E+00  0.82E+05  0.14E+02
       H   2 2   0.43E+02  0.22E+00  0.36E+00  0.86E+05  0.15E+02
     ------------------------------------------------------------

     alpha_pv=     33.8276 eV

     Number of occupied bands for each k-point:
     k-point:     1    nbnd_occ=  42
     k-point:     2    nbnd_occ=  42
     k-point:     3    nbnd_occ=  42
     k-point:     4    nbnd_occ=  42
     k-point:     5    nbnd_occ=  42
     k-point:     6    nbnd_occ=  42
     k-point:     7    nbnd_occ=  42
     k-point:     8    nbnd_occ=  42
     k-point:     9    nbnd_occ=  42
     k-point:    10    nbnd_occ=  42
     k-point:    11    nbnd_occ=  42
     k-point:    12    nbnd_occ=  42
     k-point:    13    nbnd_occ=  42
     k-point:    14    nbnd_occ=  42
     k-point:    15    nbnd_occ=  42
     k-point:    16    nbnd_occ=  42


     q-space interpolation up to   110.00 Rydberg

     GIPAW job: efg                                                                             


     ELECTRIC FIELD GRADIENTS TENSORS IN Hartree/bohrradius^2:

     ----- bare term -----
     Cl   1       -0.183844        0.279726        0.003014
     Cl   1        0.279726       -0.039590        0.004821
     Cl   1        0.003014        0.004821        0.223434

     C    2        0.016385       -0.257193       -0.460541
     C    2       -0.257193       -0.244212       -0.490195
     C    2       -0.460541       -0.490195        0.227827

     C    3       -0.549734        0.289238       -0.349667
     C    3        0.289238       -0.032242       -0.136135
     C    3       -0.349667       -0.136135        0.581976

     H    4        0.059927       -0.128746       -0.434739
     H    4       -0.128746        0.489328       -0.173814
     H    4       -0.434739       -0.173814       -0.549255

     C    5       -0.080100        0.331838       -0.046065
     C    5        0.331838       -0.341338       -0.283657
     C    5       -0.046065       -0.283657        0.421438

     H    6        0.432669       -0.153221       -0.174480
     H    6       -0.153221       -0.195248       -0.624227
     H    6       -0.174480       -0.624227       -0.237421

     H    7        0.314972       -0.064043       -0.298299
     H    7       -0.064043       -0.284742        0.432931
     H    7       -0.298299        0.432931       -0.030229

     C    8       -0.674814       -0.364423       -0.283478
     C    8       -0.364423        0.382055        0.291685
     C    8       -0.283478        0.291685        0.292759

     H    9       -0.517065        0.010437       -0.277355
     H    9        0.010437        0.270746        0.344734
     H    9       -0.277355        0.344734        0.246319

     C   10        0.066872       -0.205503       -0.118164
     C   10       -0.205503       -0.146317        0.567667
     C   10       -0.118164        0.567667        0.079445

     C   11       -0.600866       -0.415038       -0.406544
     C   11       -0.415038        0.343927        0.187313
     C   11       -0.406544        0.187313        0.256939

     Cl  12       -0.082771       -0.031820        0.067929
     Cl  12       -0.031820       -0.001862       -0.158259
     Cl  12        0.067929       -0.158259        0.084634

     H   13        0.329031        0.173567       -0.349796
     H   13        0.173567       -0.150915       -0.324230
     H   13       -0.349796       -0.324230       -0.178116

     C   14       -0.841690        0.352347       -0.319140
     C   14        0.352347        0.392861       -0.087654
     C   14       -0.319140       -0.087654        0.448829

     H   15        0.049583        0.158848       -0.456918
     H   15        0.158848       -0.084750        0.173640
     H   15       -0.456918        0.173640        0.035167

     C   16        0.332739        0.094517       -0.100602
     C   16        0.094517       -0.280814       -0.519592
     C   16       -0.100602       -0.519592       -0.051925

     C   17       -0.574354        0.417493       -0.419758
     C   17        0.417493        0.213244       -0.033816
     C   17       -0.419758       -0.033816        0.361110

     Cl  18        0.160376        0.029369       -0.037965
     Cl  18        0.029369       -0.252138        0.057026
     Cl  18       -0.037965        0.057026        0.091762

     H   19        0.221032        0.468351        0.060984
     H   19        0.468351       -0.599228        0.062389
     H   19        0.060984        0.062389        0.378196

     C   20       -0.027504       -0.140806       -0.072503
     C   20       -0.140806       -0.156338        0.261501
     C   20       -0.072503        0.261501        0.183842

     H   21       -0.273944        0.465944        0.049250
     H   21        0.465944       -0.040645       -0.125476
     H   21        0.049250       -0.125476        0.314590

     C   22       -0.189965       -0.052844       -0.047838
     C   22       -0.052844       -0.014602        0.065295
     C   22       -0.047838        0.065295        0.204567

     C   23       -0.075359       -0.020276       -0.137912
     C   23       -0.020276       -0.002581        0.460900
     C   23       -0.137912        0.460900        0.077940

     Cl  24       -0.149828       -0.071301       -0.064004
     Cl  24       -0.071301       -0.062505        0.128226
     Cl  24       -0.064004        0.128226        0.212333

     ----- ionic term -----
     Cl   1        0.026109       -0.202224        0.009761
     Cl   1       -0.202224        0.132423       -0.007506
     Cl   1        0.009761       -0.007506       -0.158532

     C    2        0.048738       -0.261028        0.340953
     C    2       -0.261028        0.172436        0.358862
     C    2        0.340953        0.358862       -0.221174

     C    3        0.032475       -0.268645        0.261856
     C    3       -0.268645        0.192776        0.379967
     C    3        0.261856        0.379967       -0.225251

     H    4        0.508316        0.201837        0.779267
     H    4        0.201837       -0.491962        0.208265
     H    4        0.779267        0.208265       -0.016354

     C    5        0.150704       -0.280073        0.338512
     C    5       -0.280073        0.070590        0.256537
     C    5        0.338512        0.256537       -0.221294

     H    6       -0.546795        0.090811        0.054644
     H    6        0.090811        0.519728        0.759660
     H    6        0.054644        0.759660        0.027067

     H    7       -0.447649       -0.300901        0.171663
     H    7       -0.300901        0.671531       -0.651580
     H    7        0.171663       -0.651580       -0.223882

     C    8        0.346585        0.077350        0.201337
     C    8        0.077350        0.050852       -0.314695
     C    8        0.201337       -0.314695       -0.397437

     H    9        0.705400       -0.453413        0.492320
     H    9       -0.453413       -0.307210       -0.253546
     H    9        0.492320       -0.253546       -0.398189

     C   10        0.121310        0.153906        0.077687
     C   10        0.153906        0.262899       -0.459335
     C   10        0.077687       -0.459335       -0.384208

     C   11        0.251079        0.138269        0.111504
     C   11        0.138269        0.150041       -0.446708
     C   11        0.111504       -0.446708       -0.401120

     Cl  12        0.159757        0.213120       -0.043117
     Cl  12        0.213120       -0.031802       -0.037463
     Cl  12       -0.043117       -0.037463       -0.127954

     H   13       -0.493239        0.160967        0.185046
     H   13        0.160967        0.335767        0.772702
     H   13        0.185046        0.772702        0.157472

     C   14        0.198446       -0.282428        0.379789
     C   14       -0.282428        0.031385        0.244574
     C   14        0.379789        0.244574       -0.229831

     H   15        0.461603        0.144799        0.769754
     H   15        0.144799       -0.462161        0.187972
     H   15        0.769754        0.187972        0.000558

     C   16        0.015664       -0.283367        0.276602
     C   16       -0.283367        0.220610        0.382796
     C   16        0.276602        0.382796       -0.236274

     C   17        0.096575       -0.196281        0.379964
     C   17       -0.196281        0.070908        0.370851
     C   17        0.379964        0.370851       -0.167484

     Cl  18        0.123771       -0.195485        0.020866
     Cl  18       -0.195485        0.016551       -0.007482
     Cl  18        0.020866       -0.007482       -0.140322

     H   19       -0.481456       -0.193470        0.099656
     H   19       -0.193470        0.597866       -0.708697
     H   19        0.099656       -0.708697       -0.116411

     C   20        0.341537        0.084988        0.166957
     C   20        0.084988        0.044455       -0.306758
     C   20        0.166957       -0.306758       -0.385992

     H   21        0.652168       -0.449746        0.522624
     H   21       -0.449746       -0.307010       -0.259770
     H   21        0.522624       -0.259770       -0.345158

     C   22        0.174096        0.101269        0.141094
     C   22        0.101269        0.188295       -0.387074
     C   22        0.141094       -0.387074       -0.362391

     C   23        0.238859        0.079467        0.254148
     C   23        0.079467        0.145748       -0.349046
     C   23        0.254148       -0.349046       -0.384608

     Cl  24        0.085648        0.170764        0.010856
     Cl  24        0.170764        0.065690        0.002350
     Cl  24        0.010856        0.002350       -0.151338

     ----- GIPAW term -----
     Cl   1        1.820836        0.984256       -1.434014
     Cl   1        0.984256       -0.772884       -0.720891
     Cl   1       -1.434014       -0.720891       -1.047952

     C    2        0.027134       -0.235379       -0.142922
     C    2       -0.235379       -0.004805        0.059384
     C    2       -0.142922        0.059384       -0.022329

     C    3       -0.219972        0.011108       -0.115833
     C    3        0.011108       -0.070018        0.082826
     C    3       -0.115833        0.082826        0.289990

     H    4       -0.000000        0.000000        0.000000
     H    4        0.000000        0.000000        0.000000
     H    4        0.000000        0.000000        0.000000

     C    5       -0.079235        0.122746        0.084487
     C    5        0.122746       -0.036819        0.131979
     C    5        0.084487        0.131979        0.116054

     H    6       -0.000000        0.000000        0.000000
     H    6        0.000000        0.000000        0.000000
     H    6        0.000000        0.000000        0.000000

     H    7       -0.000000        0.000000        0.000000
     H    7        0.000000        0.000000        0.000000
     H    7        0.000000        0.000000        0.000000

     C    8       -0.199063       -0.086166       -0.044511
     C    8       -0.086166        0.228080        0.153807
     C    8       -0.044511        0.153807       -0.029016

     H    9       -0.000000        0.000000        0.000000
     H    9        0.000000        0.000000        0.000000
     H    9        0.000000        0.000000        0.000000

     C   10       -0.113915       -0.043043        0.005725
     C   10       -0.043043        0.252035       -0.033936
     C   10        0.005725       -0.033936       -0.138120

     C   11       -0.142289       -0.070523       -0.053256
     C   11       -0.070523        0.292570        0.015632
     C   11       -0.053256        0.015632       -0.150281

     Cl  12        0.021131        1.414444        0.608094
     Cl  12        1.414444        0.197296       -1.900904
     Cl  12        0.608094       -1.900904       -0.218427

     H   13       -0.000000        0.000000        0.000000
     H   13        0.000000        0.000000        0.000000
     H   13        0.000000        0.000000        0.000000

     C   14       -0.168650       -0.079650       -0.031011
     C   14       -0.079650        0.240975        0.054113
     C   14       -0.031011        0.054113       -0.072324

     H   15       -0.000000        0.000000        0.000000
     H   15        0.000000        0.000000        0.000000
     H   15        0.000000        0.000000        0.000000

     C   16       -0.020938        0.004697        0.004616
     C   16        0.004697        0.120760        0.020004
     C   16        0.004616        0.020004       -0.099821

     C   17       -0.062354        0.095231       -0.018398
     C   17        0.095231        0.136911        0.048861
     C   17       -0.018398        0.048861       -0.074558

     Cl  18       -0.002634       -0.306543       -0.279289
     Cl  18       -0.306543        1.997772       -0.559657
     Cl  18       -0.279289       -0.559657       -1.995137

     H   19       -0.000000        0.000000        0.000000
     H   19        0.000000        0.000000        0.000000
     H   19        0.000000        0.000000        0.000000

     C   20       -0.016599       -0.089746       -0.027847
     C   20       -0.089746        0.065806        0.106799
     C   20       -0.027847        0.106799       -0.049207

     H   21       -0.000000        0.000000        0.000000
     H   21        0.000000        0.000000        0.000000
     H   21        0.000000        0.000000        0.000000

     C   22       -0.023267       -0.035478       -0.041640
     C   22       -0.035478        0.025884        0.034710
     C   22       -0.041640        0.034710       -0.002617

     C   23       -0.033630       -0.005903       -0.060682
     C   23       -0.005903        0.037512        0.144642
     C   23       -0.060682        0.144642       -0.003882

     Cl  24       -0.000204        1.580290       -0.710975
     Cl  24        1.580290       -0.623160        1.259760
     Cl  24       -0.710975        1.259760        0.623365

     ----- total EFG -----
     Cl   1        1.663101        1.061758       -1.421239
     Cl   1        1.061758       -0.680051       -0.723576
     Cl   1       -1.421239       -0.723576       -0.983050

     C    2        0.092257       -0.753600       -0.262510
     C    2       -0.753600       -0.076581       -0.071949
     C    2       -0.262510       -0.071949       -0.015676

     C    3       -0.737231        0.031700       -0.203645
     C    3        0.031700        0.090516        0.326659
     C    3       -0.203645        0.326659        0.646714

     H    4        0.568243        0.073091        0.344528
     H    4        0.073091       -0.002634        0.034451
     H    4        0.344528        0.034451       -0.565610

     C    5       -0.008631        0.174512        0.376934
     C    5        0.174512       -0.307567        0.104859
     C    5        0.376934        0.104859        0.316198

     H    6       -0.114126       -0.062410       -0.119836
     H    6       -0.062410        0.324479        0.135433
     H    6       -0.119836        0.135433       -0.210354

     H    7       -0.132677       -0.364944       -0.126635
     H    7       -0.364944        0.386789       -0.218649
     H    7       -0.126635       -0.218649       -0.254112

     C    8       -0.527292       -0.373238       -0.126652
     C    8       -0.373238        0.660987        0.130797
     C    8       -0.126652        0.130797       -0.133695

     H    9        0.188335       -0.442976        0.214965
     H    9       -0.442976       -0.036465        0.091188
     H    9        0.214965        0.091188       -0.151870

     C   10        0.074267       -0.094641       -0.034753
     C   10       -0.094641        0.368616        0.074396
     C   10       -0.034753        0.074396       -0.442883

     C   11       -0.492076       -0.347292       -0.348295
     C   11       -0.347292        0.786537       -0.243763
     C   11       -0.348295       -0.243763       -0.294461

     Cl  12        0.098116        1.595744        0.632906
     Cl  12        1.595744        0.163632       -2.096627
     Cl  12        0.632906       -2.096627       -0.261748

     H   13       -0.164208        0.334534       -0.164750
     H   13        0.334534        0.184852        0.448472
     H   13       -0.164750        0.448472       -0.020644

     C   14       -0.811895       -0.009731        0.029638
     C   14       -0.009731        0.665221        0.211033
     C   14        0.029638        0.211033        0.146673

     H   15        0.511186        0.303647        0.312835
     H   15        0.303647       -0.546910        0.361612
     H   15        0.312835        0.361612        0.035724

     C   16        0.327465       -0.184153        0.180616
     C   16       -0.184153        0.060556       -0.116793
     C   16        0.180616       -0.116793       -0.388020

     C   17       -0.540133        0.316443       -0.058193
     C   17        0.316443        0.421064        0.385896
     C   17       -0.058193        0.385896        0.119069

     Cl  18        0.281513       -0.472658       -0.296388
     Cl  18       -0.472658        1.762184       -0.510112
     Cl  18       -0.296388       -0.510112       -2.043697

     H   19       -0.260424        0.274881        0.160640
     H   19        0.274881       -0.001361       -0.646308
     H   19        0.160640       -0.646308        0.261785

     C   20        0.297433       -0.145564        0.066607
     C   20       -0.145564       -0.046077        0.061542
     C   20        0.066607        0.061542       -0.251356

     H   21        0.378224        0.016198        0.571874
     H   21        0.016198       -0.347655       -0.385246
     H   21        0.571874       -0.385246       -0.030568

     C   22       -0.039136        0.012947        0.051615
     C   22        0.012947        0.199577       -0.287069
     C   22        0.051615       -0.287069       -0.160441

     C   23        0.129870        0.053287        0.055554
     C   23        0.053287        0.180679        0.256496
     C   23        0.055554        0.256496       -0.310549

     Cl  24       -0.064385        1.679752       -0.764123
     Cl  24        1.679752       -0.619975        1.390336
     Cl  24       -0.764123        1.390336        0.684360

     ----- total EFG (symmetrized) -----
     Cl   1        1.663101        1.061758       -1.421239
     Cl   1        1.061758       -0.680051       -0.723576
     Cl   1       -1.421239       -0.723576       -0.983050

     C    2        0.092257       -0.753600       -0.262510
     C    2       -0.753600       -0.076581       -0.071949
     C    2       -0.262510       -0.071949       -0.015676

     C    3       -0.737231        0.031700       -0.203645
     C    3        0.031700        0.090516        0.326659
     C    3       -0.203645        0.326659        0.646714

     H    4        0.568243        0.073091        0.344528
     H    4        0.073091       -0.002634        0.034451
     H    4        0.344528        0.034451       -0.565610

     C    5       -0.008631        0.174512        0.376934
     C    5        0.174512       -0.307567        0.104859
     C    5        0.376934        0.104859        0.316198

     H    6       -0.114126       -0.062410       -0.119836
     H    6       -0.062410        0.324479        0.135433
     H    6       -0.119836        0.135433       -0.210354

     H    7       -0.132677       -0.364944       -0.126635
     H    7       -0.364944        0.386789       -0.218649
     H    7       -0.126635       -0.218649       -0.254112

     C    8       -0.527292       -0.373238       -0.126652
     C    8       -0.373238        0.660987        0.130797
     C    8       -0.126652        0.130797       -0.133695

     H    9        0.188335       -0.442976        0.214965
     H    9       -0.442976       -0.036465        0.091188
     H    9        0.214965        0.091188       -0.151870

     C   10        0.074267       -0.094641       -0.034753
     C   10       -0.094641        0.368616        0.074396
     C   10       -0.034753        0.074396       -0.442883

     C   11       -0.492076       -0.347292       -0.348295
     C   11       -0.347292        0.786537       -0.243763
     C   11       -0.348295       -0.243763       -0.294461

     Cl  12        0.098116        1.595744        0.632906
     Cl  12        1.595744        0.163632       -2.096627
     Cl  12        0.632906       -2.096627       -0.261748

     H   13       -0.164208        0.334534       -0.164750
     H   13        0.334534        0.184852        0.448472
     H   13       -0.164750        0.448472       -0.020644

     C   14       -0.811895       -0.009731        0.029638
     C   14       -0.009731        0.665221        0.211033
     C   14        0.029638        0.211033        0.146673

     H   15        0.511186        0.303647        0.312835
     H   15        0.303647       -0.546910        0.361612
     H   15        0.312835        0.361612        0.035724

     C   16        0.327465       -0.184153        0.180616
     C   16       -0.184153        0.060556       -0.116793
     C   16        0.180616       -0.116793       -0.388020

     C   17       -0.540133        0.316443       -0.058193
     C   17        0.316443        0.421064        0.385896
     C   17       -0.058193        0.385896        0.119069

     Cl  18        0.281513       -0.472658       -0.296388
     Cl  18       -0.472658        1.762184       -0.510112
     Cl  18       -0.296388       -0.510112       -2.043697

     H   19       -0.260424        0.274881        0.160640
     H   19        0.274881       -0.001361       -0.646308
     H   19        0.160640       -0.646308        0.261785

     C   20        0.297433       -0.145564        0.066607
     C   20       -0.145564       -0.046077        0.061542
     C   20        0.066607        0.061542       -0.251356

     H   21        0.378224        0.016198        0.571874
     H   21        0.016198       -0.347655       -0.385246
     H   21        0.571874       -0.385246       -0.030568

     C   22       -0.039136        0.012947        0.051615
     C   22        0.012947        0.199577       -0.287069
     C   22        0.051615       -0.287069       -0.160441

     C   23        0.129870        0.053287        0.055554
     C   23        0.053287        0.180679        0.256496
     C   23        0.055554        0.256496       -0.310549

     Cl  24       -0.064385        1.679752       -0.764123
     Cl  24        1.679752       -0.619975        1.390336
     Cl  24       -0.764123        1.390336        0.684360


     NQR/NMR SPECTROSCOPIC PARAMETERS:
     Cl   1    Vxx=   -1.0532    axis=( -0.451432  0.865770 -0.215988)
     Cl   1    Vyy=   -1.6952    axis=(  0.264361  0.360957  0.894328)
     Cl   1    Vzz=    2.7484    axis=( -0.852245 -0.346630  0.391824)
     Cl   1  Q=        -8.1650 1e-30 m^2  Cq=       -52.7260 MHz  eta= 0.23361

     C    2    Vxx=    0.0226    axis=( -0.046195 -0.332410  0.942003)
     C    2    Vyy=    0.7943    axis=( -0.750440  0.633960  0.186908)
     C    2    Vzz=   -0.8169    axis=( -0.659322 -0.698282 -0.278739)
     C    2  Q=         1.0000 1e-30 m^2  Cq=        -1.9193 MHz  eta= 0.94470

     C    3    Vxx=   -0.0425    axis=(  0.154510  0.909685 -0.385486)
     C    3    Vyy=   -0.7742    axis=(  0.981761 -0.097619  0.163145)
     C    3    Vzz=    0.8167    axis=( -0.110780  0.403663  0.908176)
     C    3  Q=         1.0000 1e-30 m^2  Cq=         1.9190 MHz  eta= 0.89587

     H    4    Vxx=   -0.0117    axis=(  0.118158 -0.992925  0.011738)
     H    4    Vyy=   -0.6624    axis=(  0.268410  0.020556 -0.963085)
     H    4    Vzz=    0.6741    axis=(  0.956031  0.116947  0.268940)
     H    4  Q=         1.0000 1e-30 m^2  Cq=         1.5839 MHz  eta= 0.96517

     C    5    Vxx=   -0.2040    axis=(  0.644822  0.509287 -0.569939)
     C    5    Vyy=   -0.3977    axis=( -0.524874  0.837099  0.154180)
     C    5    Vzz=    0.6016    axis=(  0.555618  0.199728  0.807092)
     C    5  Q=         1.0000 1e-30 m^2  Cq=         1.4136 MHz  eta= 0.32198

     H    6    Vxx=   -0.0716    axis=(  0.845641  0.287131 -0.449941)
     H    6    Vyy=   -0.3019    axis=( -0.500751  0.134969 -0.855004)
     H    6    Vzz=    0.3735    axis=( -0.184770  0.948335  0.257916)
     H    6  Q=         1.0000 1e-30 m^2  Cq=         0.8775 MHz  eta= 0.61681

     H    7    Vxx=   -0.0879    axis=(  0.661303  0.172133 -0.730102)
     H    7    Vyy=   -0.5103    axis=(  0.623441  0.415127  0.662565)
     H    7    Vzz=    0.5981    axis=( -0.417134  0.893331 -0.167210)
     H    7  Q=         1.0000 1e-30 m^2  Cq=         1.4053 MHz  eta= 0.70622

     C    8    Vxx=   -0.1469    axis=( -0.116283 -0.210849  0.970578)
     C    8    Vyy=   -0.6495    axis=( -0.952189 -0.254294 -0.169323)
     C    8    Vzz=    0.7964    axis=(  0.282514 -0.943863 -0.171199)
     C    8  Q=         1.0000 1e-30 m^2  Cq=         1.8713 MHz  eta= 0.63101

     H    9    Vxx=   -0.0489    axis=(  0.187262  0.508205  0.840631)
     H    9    Vyy=   -0.5037    axis=(  0.569956  0.640778 -0.514349)
     H    9    Vzz=    0.5525    axis=( -0.800052  0.575440 -0.169661)
     H    9  Q=         1.0000 1e-30 m^2  Cq=         1.2982 MHz  eta= 0.82316

     C   10    Vxx=    0.0468    axis=(  0.957563  0.287195 -0.024327)
     C   10    Vyy=    0.4042    axis=( -0.283744  0.954139  0.095439)
     C   10    Vzz=   -0.4510    axis=(  0.050621 -0.084486  0.995138)
     C   10  Q=         1.0000 1e-30 m^2  Cq=        -1.0596 MHz  eta= 0.79260

     C   11    Vxx=   -0.0314    axis=( -0.596323 -0.013996  0.802623)
     C   11    Vyy=   -0.8642    axis=(  0.775372  0.248829  0.580415)
     C   11    Vzz=    0.8957    axis=( -0.207839  0.968446 -0.137531)
     C   11  Q=         1.0000 1e-30 m^2  Cq=         2.1045 MHz  eta= 0.92980

     Cl  12    Vxx=    0.5762    axis=(  0.795550 -0.001985  0.605884)
     Cl  12    Vyy=    2.3852    axis=(  0.391763  0.764515 -0.511896)
     Cl  12    Vzz=   -2.9613    axis=(  0.462192 -0.644602 -0.608988)
     Cl  12  Q=        -8.1650 1e-30 m^2  Cq=        56.8117 MHz  eta= 0.61088

     H   13    Vxx=    0.0502    axis=(  0.761375  0.181405 -0.622415)
     H   13    Vyy=    0.5824    axis=( -0.244429 -0.808885 -0.534752)
     H   13    Vzz=   -0.6326    axis=(  0.600469 -0.559283  0.571524)
     H   13  Q=         1.0000 1e-30 m^2  Cq=        -1.4864 MHz  eta= 0.84136

     C   14    Vxx=    0.0727    axis=(  0.035230 -0.334817  0.941624)
     C   14    Vyy=    0.7403    axis=(  0.000490  0.942215  0.335008)
     C   14    Vzz=   -0.8130    axis=( -0.999379 -0.011341  0.033358)
     C   14  Q=         1.0000 1e-30 m^2  Cq=        -1.9102 MHz  eta= 0.82105

     H   15    Vxx=   -0.0706    axis=( -0.556006  0.247842  0.793367)
     H   15    Vyy=   -0.7380    axis=( -0.128642  0.917348 -0.376727)
     H   15    Vzz=    0.8085    axis=( -0.821163 -0.311523 -0.478169)
     H   15  Q=         1.0000 1e-30 m^2  Cq=         1.8998 MHz  eta= 0.82549

     C   16    Vxx=   -0.0324    axis=(  0.474041  0.879195 -0.047979)
     C   16    Vyy=   -0.4422    axis=( -0.190270  0.155487  0.969341)
     C   16    Vzz=    0.4746    axis=(  0.859699 -0.450378  0.240991)
     C   16  Q=         1.0000 1e-30 m^2  Cq=         1.1150 MHz  eta= 0.86362

     C   17    Vxx=   -0.0525    axis=( -0.373223 -0.423315  0.825535)
     C   17    Vyy=   -0.6752    axis=( -0.908998  0.344820 -0.234141)
     C   17    Vzz=    0.7277    axis=( -0.185546 -0.837797 -0.513488)
     C   17  Q=         1.0000 1e-30 m^2  Cq=         1.7097 MHz  eta= 0.85570

     Cl  18    Vxx=    0.2208    axis=(  0.955774  0.234228 -0.177857)
     Cl  18    Vyy=    1.9428    axis=(  0.254955 -0.961337  0.104059)
     Cl  18    Vzz=   -2.1636    axis=(  0.146607  0.144802  0.978539)
     Cl  18  Q=        -8.1650 1e-30 m^2  Cq=        41.5073 MHz  eta= 0.79586

     H   19    Vxx=   -0.0549    axis=(  0.832531  0.396481  0.386903)
     H   19    Vyy=   -0.7374    axis=( -0.551666  0.657090  0.513710)
     H   19    Vzz=    0.7923    axis=( -0.050554 -0.641121  0.765773)
     H   19  Q=         1.0000 1e-30 m^2  Cq=         1.8615 MHz  eta= 0.86151

     C   20    Vxx=   -0.0652    axis=(  0.280330  0.876985  0.390271)
     C   20    Vyy=   -0.2885    axis=( -0.190713 -0.347583  0.918049)
     C   20    Vzz=    0.3537    axis=( -0.940767  0.331787 -0.069814)
     C   20  Q=         1.0000 1e-30 m^2  Cq=         0.8311 MHz  eta= 0.63123

     H   21    Vxx=   -0.0908    axis=(  0.529993  0.715652 -0.454918)
     H   21    Vyy=   -0.7305    axis=( -0.347003  0.672514  0.653693)
     H   21    Vzz=    0.8212    axis=( -0.773755  0.188595 -0.604761)
     H   21  Q=         1.0000 1e-30 m^2  Cq=         1.9296 MHz  eta= 0.77895

     C   22    Vxx=   -0.0305    axis=(  0.983924  0.115067  0.136580)
     C   22    Vyy=   -0.3284    axis=( -0.175199  0.473582  0.863149)
     C   22    Vzz=    0.3589    axis=(  0.034638 -0.873201  0.486128)
     C   22  Q=         1.0000 1e-30 m^2  Cq=         0.8432 MHz  eta= 0.83027

     C   23    Vxx=    0.1046    axis=(  0.932954 -0.348450 -0.090445)
     C   23    Vyy=    0.3172    axis=(  0.355722  0.853705  0.380329)
     C   23    Vzz=   -0.4217    axis=( -0.055312 -0.387003  0.920418)
     C   23  Q=         1.0000 1e-30 m^2  Cq=        -0.9909 MHz  eta= 0.50404

     Cl  24    Vxx=    1.0879    axis=(  0.749147  0.231597 -0.620598)
     Cl  24    Vyy=    1.6649    axis=( -0.347329 -0.660425 -0.665733)
     Cl  24    Vzz=   -2.7529    axis=(  0.564040 -0.714284  0.414315)
     Cl  24  Q=        -8.1650 1e-30 m^2  Cq=        52.8122 MHz  eta= 0.20961

     Initialization:
     gipaw_setup  :      9.09s CPU     10.76s WALL (       1 calls)

     Linear response

     Apply operators

     Induced current

     Other routines
     efg          :      9.62s CPU     12.58s WALL (       1 calls)

     General routines
     calbec       :      3.52s CPU      4.87s WALL (      16 calls)
     fft          :      1.61s CPU      2.54s WALL (      15 calls)
     ffts         :      0.05s CPU      0.06s WALL (       2 calls)
     fftw         :      3.27s CPU      4.01s WALL (     672 calls)
     davcio       :      0.05s CPU      0.32s WALL (      32 calls)

     Parallel routines
     fft_scatter  :      2.38s CPU      3.83s WALL (     689 calls)

     Plugins

     GIPAW        :     60.88s CPU     79.85s WALL (       1 calls)
