
     Program QE v.6.0 (svn rev. 13079) starts on  4Jan2017 at  8:41:13 

     This program is part of the open-source Quantum ESPRESSO suite
     for quantum simulation of materials; please cite
         "P. Giannozzi et al., J. Phys.:Condens. Matter 21 395502 (2009);
          URL http://www.quantum-espresso.org", 
     in publications or presentations arising from this work. More details at
     http://www.quantum-espresso.org/quote

     Parallel version (MPI), running on     8 processors
     R & G space division:  proc/nbgrp/npool/nimage =       8

     ***** This is GIPAW svn revision unknown      *****

     Parallelizing q-star over 1 images

     Reading data from directory:
     /users/majewski/paradichlorobenzene/pbe/9_constraint/scratch/pbe.ecut100.np8.dt60.pcl2phi-129368.save
     Message from routine read_xml_file:
     file /users/majewski/paradichlorobenzene/pbe/9_constraint/scratch/pbe.ecut100.np8.dt60.pcl2phi-129368.save not guaranteed to be safe for post-processing

   Info: using nr1, nr2, nr3 values from input

   Info: using nr1, nr2, nr3 values from input

     IMPORTANT: XC functional enforced from input :
     Exchange-correlation      =  SLA  PW   PBX  PBC ( 1  4  3  4 0 0)
     Any further DFT definition will be discarded
     Please, verify this is what you really want

               file C.pbe-n-kjpaw_psl.1.0.0.UPF: wavefunction(s)  2S 2P renormalized
               file Cl.pbe-n-kjpaw_psl.1.0.0.UPF: wavefunction(s)  3S 3P renormalized
               file H.pbe-kjpaw_psl.1.0.0.UPF: wavefunction(s)  1S renormalized

     Parallelization info
     --------------------
     sticks:   dense  smooth     PW     G-vecs:    dense   smooth      PW
     Min        3057    1223    332               144436    36536    5170
     Max        3059    1225    333               144437    36537    5171
     Sum       24467    9791   2657              1155489   292295   41363


     Subspace diagonalization in iterative solution of the eigenvalue problem:
     a serial algorithm will be used

     GIPAW projectors -----------------------------------------------
     atom=  C    l=0  rc=    1.2000  rs=    0.8000
     atom=  C    l=0  rc=    1.2000  rs=    0.8000
     atom=  C    l=1  rc=    1.4000  rs=    0.9333
     atom=  C    l=1  rc=    1.4000  rs=    0.9333
     projs nearly linearly dependent: l=1  n1,n2= 1, 2  s=  0.99951561

     atom=  Cl   l=0  rc=    1.6000  rs=    1.0667
     atom=  Cl   l=0  rc=    1.6000  rs=    1.0667
     atom=  Cl   l=1  rc=    1.6000  rs=    1.0667
     atom=  Cl   l=1  rc=    1.6000  rs=    1.0667
     atom=  Cl   l=2  rc=    1.6000  rs=    1.0667
     atom=  Cl   l=2  rc=    1.6000  rs=    1.0667
     projs nearly linearly dependent: l=2  n1,n2= 1, 2  s=  0.99993509

     atom=  H    l=0  rc=    1.0000  rs=    0.6667
     atom=  H    l=0  rc=    1.0000  rs=    0.6667
     projs nearly linearly dependent: l=0  n1,n2= 1, 2  s=  0.99968852
     -----------------------------------------------------------------

     GIPAW integrals: -------------------------------------------
     Atom  i/j   nmr_para   nmr_dia   epr_rmc  epr_para   epr_dia
       C   1 1   0.83E+03  0.17E-01  0.93E+01  0.24E+08  0.24E+03
       C   2 1   0.86E+03 -0.61E-01  0.94E+01  0.25E+08  0.25E+03
       C   2 2   0.90E+03 -0.15E+00  0.97E+01  0.26E+08  0.26E+03
       C   3 3   0.33E+01  0.34E+00  0.18E+01  0.55E+03  0.21E+02
       C   4 3   0.35E+01  0.37E+00  0.20E+01  0.59E+03  0.22E+02
       C   4 4   0.38E+01  0.39E+00  0.22E+01  0.63E+03  0.24E+02
       Cl  1 1   0.14E+04 -0.47E+00  0.84E+01  0.32E+09  0.42E+03
       Cl  2 1   0.21E+04 -0.37E+00  0.12E+02  0.49E+09  0.65E+03
       Cl  2 2   0.33E+04 -0.16E+00  0.21E+02  0.76E+09  0.10E+04
       Cl  3 3   0.21E+02  0.79E-01  0.89E+01  0.23E+05  0.13E+03
       Cl  4 3   0.24E+02  0.67E-01  0.99E+01  0.27E+05  0.15E+03
       Cl  4 4   0.28E+02  0.44E-01  0.11E+02  0.32E+05  0.18E+03
       Cl  5 5   0.77E+00  0.19E+00  0.18E+01  0.12E+03  0.22E+02
       Cl  6 5   0.80E+00  0.19E+00  0.19E+01  0.12E+03  0.23E+02
       Cl  6 6   0.83E+00  0.20E+00  0.19E+01  0.12E+03  0.23E+02
       H   1 1   0.39E+02  0.19E+00  0.29E+00  0.78E+05  0.13E+02
       H   2 1   0.41E+02  0.21E+00  0.32E+00  0.82E+05  0.14E+02
       H   2 2   0.43E+02  0.22E+00  0.36E+00  0.86E+05  0.15E+02
     ------------------------------------------------------------

     alpha_pv=     33.4874 eV

     Number of occupied bands for each k-point:
     k-point:     1    nbnd_occ=  42
     k-point:     2    nbnd_occ=  42
     k-point:     3    nbnd_occ=  42
     k-point:     4    nbnd_occ=  42
     k-point:     5    nbnd_occ=  42
     k-point:     6    nbnd_occ=  42
     k-point:     7    nbnd_occ=  42
     k-point:     8    nbnd_occ=  42
     k-point:     9    nbnd_occ=  42
     k-point:    10    nbnd_occ=  42
     k-point:    11    nbnd_occ=  42
     k-point:    12    nbnd_occ=  42
     k-point:    13    nbnd_occ=  42
     k-point:    14    nbnd_occ=  42
     k-point:    15    nbnd_occ=  42
     k-point:    16    nbnd_occ=  42


     q-space interpolation up to   110.00 Rydberg

     GIPAW job: efg                                                                             


     ELECTRIC FIELD GRADIENTS TENSORS IN Hartree/bohrradius^2:

     ----- bare term -----
     Cl   1        0.123885       -0.005097       -0.016276
     Cl   1       -0.005097       -0.201352        0.003854
     Cl   1       -0.016276        0.003854        0.077467

     C    2       -0.755054        0.435772       -0.373837
     C    2        0.435772        0.372720       -0.048641
     C    2       -0.373837       -0.048641        0.382334

     C    3        0.108649        0.011450       -0.208556
     C    3        0.011450       -0.184789       -0.577992
     C    3       -0.208556       -0.577992        0.076141

     H    4       -0.253947        0.174824       -0.483401
     H    4        0.174824       -0.041196       -0.069152
     H    4       -0.483401       -0.069152        0.295143

     C    5       -0.859610        0.336555       -0.483532
     C    5        0.336555        0.320607        0.054143
     C    5       -0.483532        0.054143        0.539003

     H    6        0.350738       -0.044486       -0.055951
     H    6       -0.044486       -0.573700       -0.647937
     H    6       -0.055951       -0.647937        0.222962

     H    7        0.384582        0.301582        0.094463
     H    7        0.301582       -0.647283       -0.192046
     H    7        0.094463       -0.192046        0.262701

     C    8       -0.030081        0.085856       -0.055073
     C    8        0.085856       -0.104314       -0.087653
     C    8       -0.055073       -0.087653        0.134394

     H    9       -0.328407        0.426819        0.171914
     H    9        0.426819        0.129847       -0.158462
     H    9        0.171914       -0.158462        0.198560

     C   10        0.067845       -0.063499        0.221878
     C   10       -0.063499       -0.085306       -0.138635
     C   10        0.221878       -0.138635        0.017461

     C   11       -0.111651        0.146729       -0.145244
     C   11        0.146729        0.031392        0.226855
     C   11       -0.145244        0.226855        0.080259

     Cl  12        0.029696       -0.129415        0.037529
     Cl  12       -0.129415        0.054775       -0.156995
     Cl  12        0.037529       -0.156995       -0.084471

     H   13        0.368016        0.114049        0.180560
     H   13        0.114049       -0.176711       -0.588591
     H   13        0.180560       -0.588591       -0.191306

     C   14        0.012505       -0.056267       -0.180637
     C   14       -0.056267       -0.285341       -0.284467
     C   14       -0.180637       -0.284467        0.272836

     H   15        0.135406       -0.090567       -0.292688
     H   15       -0.090567        0.481085       -0.128449
     H   15       -0.292688       -0.128449       -0.616490

     C   16       -0.285798        0.369371       -0.212596
     C   16        0.369371        0.200291       -0.018887
     C   16       -0.212596       -0.018887        0.085507

     C   17        0.076938       -0.109964       -0.246938
     C   17       -0.109964       -0.478115       -0.351946
     C   17       -0.246938       -0.351946        0.401177

     Cl  18       -0.010413        0.231633        0.006334
     Cl  18        0.231633        0.054944       -0.134669
     Cl  18        0.006334       -0.134669       -0.044531

     H   19        0.154195        0.171583       -0.094075
     H   19        0.171583       -0.399340        0.491518
     H   19       -0.094075        0.491518        0.245146

     C   20       -0.423673       -0.327196       -0.045192
     C   20       -0.327196        0.023762        0.392867
     C   20       -0.045192        0.392867        0.399910

     H   21       -0.667046        0.237213        0.013413
     H   21        0.237213        0.421538        0.123256
     H   21        0.013413        0.123256        0.245508

     C   22       -0.044466        0.136621       -0.299813
     C   22        0.136621       -0.124365        0.660664
     C   22       -0.299813        0.660664        0.168831

     C   23       -0.308696       -0.329198       -0.198897
     C   23       -0.329198       -0.109400        0.380907
     C   23       -0.198897        0.380907        0.418096

     Cl  24        0.037274       -0.058396        0.000995
     Cl  24       -0.058396        0.021172       -0.029167
     Cl  24        0.000995       -0.029167       -0.058446

     ----- ionic term -----
     Cl   1        0.110800       -0.219376        0.031195
     Cl   1       -0.219376        0.052844       -0.013951
     Cl   1        0.031195       -0.013951       -0.163644

     C    2        0.001480       -0.212712        0.349599
     C    2       -0.212712        0.195362        0.398680
     C    2        0.349599        0.398680       -0.196842

     C    3        0.022693       -0.194110        0.263286
     C    3       -0.194110        0.245856        0.381885
     C    3        0.263286        0.381885       -0.268548

     H    4        0.518210        0.293725        0.712346
     H    4        0.293725       -0.403243        0.245597
     H    4        0.712346        0.245597       -0.114967

     C    5        0.161878       -0.189296        0.325119
     C    5       -0.189296        0.081171        0.258853
     C    5        0.325119        0.258853       -0.243049

     H    6       -0.524919        0.095478        0.049158
     H    6        0.095478        0.601120        0.720125
     H    6        0.049158        0.720125       -0.076201

     H    7       -0.499843       -0.119689        0.069868
     H    7       -0.119689        0.649209       -0.688503
     H    7        0.069868       -0.688503       -0.149367

     C    8        0.326231        0.177982        0.123362
     C    8        0.177982        0.115788       -0.301821
     C    8        0.123362       -0.301821       -0.442019

     H    9        0.772511       -0.249404        0.592133
     H    9       -0.249404       -0.438036       -0.188913
     H    9        0.592133       -0.188913       -0.334475

     C   10        0.233322        0.220874        0.122994
     C   10        0.220874        0.222170       -0.342758
     C   10        0.122994       -0.342758       -0.455492

     C   11        0.304920        0.051701        0.147206
     C   11        0.051701        0.175533       -0.326357
     C   11        0.147206       -0.326357       -0.480453

     Cl  12        0.145071        0.169580       -0.001209
     Cl  12        0.169580        0.008009       -0.016221
     Cl  12       -0.001209       -0.016221       -0.153080

     H   13       -0.526705       -0.044301        0.005854
     H   13       -0.044301        0.613642        0.714365
     H   13        0.005854        0.714365       -0.086938

     C   14        0.121400       -0.312474        0.330804
     C   14       -0.312474        0.098734        0.248046
     C   14        0.330804        0.248046       -0.220134

     H   15        0.535807        0.096543        0.784948
     H   15        0.096543       -0.509530        0.162611
     H   15        0.784948        0.162611       -0.026277

     C   16        0.093473       -0.378528        0.242985
     C   16       -0.378528        0.154936        0.308994
     C   16        0.242985        0.308994       -0.248409

     C   17        0.187985       -0.236595        0.310685
     C   17       -0.236595        0.020492        0.345938
     C   17        0.310685        0.345938       -0.208477

     Cl  18        0.151070       -0.189934        0.037864
     Cl  18       -0.189934       -0.018194       -0.015897
     Cl  18        0.037864       -0.015897       -0.132876

     H   19       -0.504797       -0.151381        0.046834
     H   19       -0.151381        0.880189       -0.517179
     H   19        0.046834       -0.517179       -0.375392

     C   20        0.380705        0.123023        0.122849
     C   20        0.123023        0.159189       -0.248930
     C   20        0.122849       -0.248930       -0.539895

     H   21        0.755627       -0.535133        0.351868
     H   21       -0.535133       -0.276285       -0.187513
     H   21        0.351868       -0.187513       -0.479343

     C   22        0.197028        0.130184        0.086890
     C   22        0.130184        0.325772       -0.334314
     C   22        0.086890       -0.334314       -0.522800

     C   23        0.140861        0.075876        0.116063
     C   23        0.075876        0.305164       -0.370430
     C   23        0.116063       -0.370430       -0.446025

     Cl  24        0.081569        0.192059       -0.040597
     Cl  24        0.192059        0.030408       -0.031544
     Cl  24       -0.040597       -0.031544       -0.111977

     ----- GIPAW term -----
     Cl   1        0.114958        0.020522       -0.016705
     Cl   1        0.020522        2.091171        0.146837
     Cl   1       -0.016705        0.146837       -2.206129

     C    2       -0.177121        0.027340       -0.029820
     C    2        0.027340        0.270736        0.122598
     C    2       -0.029820        0.122598       -0.093615

     C    3       -0.104562       -0.062430       -0.029365
     C    3       -0.062430        0.225219        0.065143
     C    3       -0.029365        0.065143       -0.120658

     H    4       -0.000000        0.000000        0.000000
     H    4        0.000000        0.000000        0.000000
     H    4        0.000000        0.000000        0.000000

     C    5       -0.198380       -0.040798       -0.117277
     C    5       -0.040798        0.129076        0.204924
     C    5       -0.117277        0.204924        0.069304

     H    6       -0.000000        0.000000        0.000000
     H    6        0.000000        0.000000        0.000000
     H    6        0.000000        0.000000        0.000000

     H    7       -0.000000        0.000000        0.000000
     H    7        0.000000        0.000000        0.000000
     H    7        0.000000        0.000000        0.000000

     C    8        0.001062        0.007396        0.002544
     C    8        0.007396       -0.003808        0.004288
     C    8        0.002544        0.004288        0.002747

     H    9       -0.000000        0.000000        0.000000
     H    9        0.000000        0.000000        0.000000
     H    9        0.000000        0.000000        0.000000

     C   10        0.018710        0.009622        0.025165
     C   10        0.009622        0.006694       -0.032587
     C   10        0.025165       -0.032587       -0.025404

     C   11       -0.022305        0.045071       -0.008261
     C   11        0.045071       -0.017032        0.049294
     C   11       -0.008261        0.049294        0.039338

     Cl  12       -0.627380        0.467303       -0.625241
     Cl  12        0.467303       -0.578948        1.317950
     Cl  12       -0.625241        1.317950        1.206328

     H   13       -0.000000        0.000000        0.000000
     H   13        0.000000        0.000000        0.000000
     H   13        0.000000        0.000000        0.000000

     C   14       -0.072164       -0.062551       -0.049636
     C   14       -0.062551       -0.035207        0.130602
     C   14       -0.049636        0.130602        0.107371

     H   15       -0.000000        0.000000        0.000000
     H   15        0.000000        0.000000        0.000000
     H   15        0.000000        0.000000        0.000000

     C   16       -0.031707       -0.004389       -0.066268
     C   16       -0.004389        0.007916        0.046913
     C   16       -0.066268        0.046913        0.023791

     C   17       -0.061931       -0.106674       -0.062101
     C   17       -0.106674       -0.105080        0.112596
     C   17       -0.062101        0.112596        0.167010

     Cl  18       -0.884366       -0.523169        0.073933
     Cl  18       -0.523169       -0.720288        1.097397
     Cl  18        0.073933        1.097397        1.604654

     H   19       -0.000000        0.000000        0.000000
     H   19        0.000000        0.000000        0.000000
     H   19        0.000000        0.000000        0.000000

     C   20       -0.049190        0.093692        0.104470
     C   20        0.093692        0.053274        0.152816
     C   20        0.104470        0.152816       -0.004084

     H   21       -0.000000        0.000000        0.000000
     H   21        0.000000        0.000000        0.000000
     H   21        0.000000        0.000000        0.000000

     C   22       -0.022810        0.186871       -0.029276
     C   22        0.186871        0.085446        0.157081
     C   22       -0.029276        0.157081       -0.062637

     C   23       -0.112157        0.028388       -0.006267
     C   23        0.028388        0.031034        0.199243
     C   23       -0.006267        0.199243        0.081123

     Cl  24       -0.052694        0.703373        0.082205
     Cl  24        0.703373        2.577247       -0.660828
     Cl  24        0.082205       -0.660828       -2.524553

     ----- total EFG -----
     Cl   1        0.349643       -0.203950       -0.001786
     Cl   1       -0.203950        1.942663        0.136740
     Cl   1       -0.001786        0.136740       -2.292306

     C    2       -0.930695        0.250399       -0.054059
     C    2        0.250399        0.838818        0.472637
     C    2       -0.054059        0.472637        0.091877

     C    3        0.026779       -0.245090        0.025365
     C    3       -0.245090        0.286286       -0.130964
     C    3        0.025365       -0.130964       -0.313065

     H    4        0.264263        0.468549        0.228945
     H    4        0.468549       -0.444438        0.176445
     H    4        0.228945        0.176445        0.180176

     C    5       -0.896113        0.106461       -0.275691
     C    5        0.106461        0.530854        0.517920
     C    5       -0.275691        0.517920        0.365258

     H    6       -0.174181        0.050992       -0.006792
     H    6        0.050992        0.027420        0.072187
     H    6       -0.006792        0.072187        0.146761

     H    7       -0.115260        0.181893        0.164331
     H    7        0.181893        0.001927       -0.880550
     H    7        0.164331       -0.880550        0.113334

     C    8        0.297212        0.271235        0.070832
     C    8        0.271235        0.007666       -0.385186
     C    8        0.070832       -0.385186       -0.304878

     H    9        0.444104        0.177416        0.764048
     H    9        0.177416       -0.308188       -0.347375
     H    9        0.764048       -0.347375       -0.135916

     C   10        0.319877        0.166997        0.370037
     C   10        0.166997        0.143558       -0.513979
     C   10        0.370037       -0.513979       -0.463435

     C   11        0.170963        0.243502       -0.006299
     C   11        0.243502        0.189893       -0.050207
     C   11       -0.006299       -0.050207       -0.360857

     Cl  12       -0.452613        0.507467       -0.588921
     Cl  12        0.507467       -0.516163        1.144735
     Cl  12       -0.588921        1.144735        0.968777

     H   13       -0.158688        0.069747        0.186414
     H   13        0.069747        0.436932        0.125774
     H   13        0.186414        0.125774       -0.278244

     C   14        0.061740       -0.431292        0.100531
     C   14       -0.431292       -0.221814        0.094180
     C   14        0.100531        0.094180        0.160074

     H   15        0.671213        0.005977        0.492260
     H   15        0.005977       -0.028445        0.034162
     H   15        0.492260        0.034162       -0.642767

     C   16       -0.224032       -0.013546       -0.035879
     C   16       -0.013546        0.363144        0.337020
     C   16       -0.035879        0.337020       -0.139111

     C   17        0.202992       -0.453233        0.001646
     C   17       -0.453233       -0.562703        0.106588
     C   17        0.001646        0.106588        0.359711

     Cl  18       -0.743709       -0.481470        0.118132
     Cl  18       -0.481470       -0.683539        0.946830
     Cl  18        0.118132        0.946830        1.427247

     H   19       -0.350602        0.020201       -0.047241
     H   19        0.020201        0.480849       -0.025661
     H   19       -0.047241       -0.025661       -0.130247

     C   20       -0.092157       -0.110482        0.182127
     C   20       -0.110482        0.236225        0.296753
     C   20        0.182127        0.296753       -0.144068

     H   21        0.088582       -0.297921        0.365281
     H   21       -0.297921        0.145253       -0.064258
     H   21        0.365281       -0.064258       -0.233835

     C   22        0.129752        0.453676       -0.242199
     C   22        0.453676        0.286853        0.483431
     C   22       -0.242199        0.483431       -0.416605

     C   23       -0.279992       -0.224934       -0.089101
     C   23       -0.224934        0.226798        0.209720
     C   23       -0.089101        0.209720        0.053195

     Cl  24        0.066149        0.837037        0.042603
     Cl  24        0.837037        2.628827       -0.721539
     Cl  24        0.042603       -0.721539       -2.694976

     ----- total EFG (symmetrized) -----
     Cl   1        0.349643       -0.203950       -0.001786
     Cl   1       -0.203950        1.942663        0.136740
     Cl   1       -0.001786        0.136740       -2.292306

     C    2       -0.930695        0.250399       -0.054059
     C    2        0.250399        0.838818        0.472637
     C    2       -0.054059        0.472637        0.091877

     C    3        0.026779       -0.245090        0.025365
     C    3       -0.245090        0.286286       -0.130964
     C    3        0.025365       -0.130964       -0.313065

     H    4        0.264263        0.468549        0.228945
     H    4        0.468549       -0.444438        0.176445
     H    4        0.228945        0.176445        0.180176

     C    5       -0.896113        0.106461       -0.275691
     C    5        0.106461        0.530854        0.517920
     C    5       -0.275691        0.517920        0.365258

     H    6       -0.174181        0.050992       -0.006792
     H    6        0.050992        0.027420        0.072187
     H    6       -0.006792        0.072187        0.146761

     H    7       -0.115260        0.181893        0.164331
     H    7        0.181893        0.001927       -0.880550
     H    7        0.164331       -0.880550        0.113334

     C    8        0.297212        0.271235        0.070832
     C    8        0.271235        0.007666       -0.385186
     C    8        0.070832       -0.385186       -0.304878

     H    9        0.444104        0.177416        0.764048
     H    9        0.177416       -0.308188       -0.347375
     H    9        0.764048       -0.347375       -0.135916

     C   10        0.319877        0.166997        0.370037
     C   10        0.166997        0.143558       -0.513979
     C   10        0.370037       -0.513979       -0.463435

     C   11        0.170963        0.243502       -0.006299
     C   11        0.243502        0.189893       -0.050207
     C   11       -0.006299       -0.050207       -0.360857

     Cl  12       -0.452613        0.507467       -0.588921
     Cl  12        0.507467       -0.516163        1.144735
     Cl  12       -0.588921        1.144735        0.968777

     H   13       -0.158688        0.069747        0.186414
     H   13        0.069747        0.436932        0.125774
     H   13        0.186414        0.125774       -0.278244

     C   14        0.061740       -0.431292        0.100531
     C   14       -0.431292       -0.221814        0.094180
     C   14        0.100531        0.094180        0.160074

     H   15        0.671213        0.005977        0.492260
     H   15        0.005977       -0.028445        0.034162
     H   15        0.492260        0.034162       -0.642767

     C   16       -0.224032       -0.013546       -0.035879
     C   16       -0.013546        0.363144        0.337020
     C   16       -0.035879        0.337020       -0.139111

     C   17        0.202992       -0.453233        0.001646
     C   17       -0.453233       -0.562703        0.106588
     C   17        0.001646        0.106588        0.359711

     Cl  18       -0.743709       -0.481470        0.118132
     Cl  18       -0.481470       -0.683539        0.946830
     Cl  18        0.118132        0.946830        1.427247

     H   19       -0.350602        0.020201       -0.047241
     H   19        0.020201        0.480849       -0.025661
     H   19       -0.047241       -0.025661       -0.130247

     C   20       -0.092157       -0.110482        0.182127
     C   20       -0.110482        0.236225        0.296753
     C   20        0.182127        0.296753       -0.144068

     H   21        0.088582       -0.297921        0.365281
     H   21       -0.297921        0.145253       -0.064258
     H   21        0.365281       -0.064258       -0.233835

     C   22        0.129752        0.453676       -0.242199
     C   22        0.453676        0.286853        0.483431
     C   22       -0.242199        0.483431       -0.416605

     C   23       -0.279992       -0.224934       -0.089101
     C   23       -0.224934        0.226798        0.209720
     C   23       -0.089101        0.209720        0.053195

     Cl  24        0.066149        0.837037        0.042603
     Cl  24        0.837037        2.628827       -0.721539
     Cl  24        0.042603       -0.721539       -2.694976


     NQR/NMR SPECTROSCOPIC PARAMETERS:
     Cl   1    Vxx=    0.3240    axis=(  0.992199  0.124527  0.005831)
     Cl   1    Vyy=    1.9727    axis=( -0.124650  0.991690  0.031847)
     Cl   1    Vzz=   -2.2967    axis=( -0.001817 -0.032325  0.999476)
     Cl   1  Q=        -8.1650 1e-30 m^2  Cq=        44.0615 MHz  eta= 0.71783

     C    2    Vxx=   -0.1080    axis=( -0.180931 -0.400540  0.898238)
     C    2    Vyy=   -0.9801    axis=(  0.978352 -0.166587  0.122784)
     C    2    Vzz=    1.0881    axis=(  0.100455  0.901008  0.422010)
     C    2  Q=         1.0000 1e-30 m^2  Cq=         2.5566 MHz  eta= 0.80151

     C    3    Vxx=   -0.1117    axis=(  0.862479  0.466997 -0.195048)
     C    3    Vyy=   -0.3427    axis=( -0.090598 -0.236705 -0.967348)
     C    3    Vzz=    0.4544    axis=( -0.497917  0.851989 -0.161844)
     C    3  Q=         1.0000 1e-30 m^2  Cq=         1.0677 MHz  eta= 0.50852

     H    4    Vxx=    0.0172    axis=( -0.485039 -0.163978  0.858981)
     H    4    Vyy=    0.6643    axis=(  0.761981  0.402725  0.507146)
     H    4    Vzz=   -0.6815    axis=( -0.429094  0.900513 -0.070389)
     H    4  Q=         1.0000 1e-30 m^2  Cq=        -1.6012 MHz  eta= 0.94948

     C    5    Vxx=    0.0086    axis=( -0.291497 -0.642944  0.708275)
     C    5    Vyy=    0.9779    axis=(  0.054291 -0.750357 -0.658800)
     C    5    Vzz=   -0.9865    axis=( -0.955030  0.153585 -0.253633)
     C    5  Q=         1.0000 1e-30 m^2  Cq=        -2.3178 MHz  eta= 0.98262

     H    6    Vxx=    0.0066    axis=(  0.259775  0.863532 -0.432238)
     H    6    Vyy=    0.1815    axis=(  0.045379  0.436194  0.898708)
     H    6    Vzz=   -0.1881    axis=( -0.964602  0.253076 -0.074126)
     H    6  Q=         1.0000 1e-30 m^2  Cq=        -0.4419 MHz  eta= 0.92954

     H    7    Vxx=   -0.0388    axis=(  0.954638  0.213950  0.207103)
     H    7    Vyy=   -0.9011    axis=( -0.297734  0.696539  0.652830)
     H    7    Vzz=    0.9400    axis=( -0.004583 -0.684878  0.728643)
     H    7  Q=         1.0000 1e-30 m^2  Cq=         2.2085 MHz  eta= 0.91735

     C    8    Vxx=    0.1230    axis=( -0.603112  0.540593 -0.586527)
     C    8    Vyy=    0.4919    axis=( -0.762613 -0.606344  0.225319)
     C    8    Vzz=   -0.6149    axis=( -0.233832  0.583186  0.777957)
     C    8  Q=         1.0000 1e-30 m^2  Cq=        -1.4448 MHz  eta= 0.60002

     H    9    Vxx=   -0.0620    axis=(  0.341299  0.840300 -0.421201)
     H    9    Vyy=   -0.9115    axis=( -0.465689  0.540411  0.700778)
     H    9    Vzz=    0.9735    axis=(  0.816485 -0.043026  0.575761)
     H    9  Q=         1.0000 1e-30 m^2  Cq=         2.2874 MHz  eta= 0.87262

     C   10    Vxx=    0.4084    axis=(  0.584314  0.782923 -0.213561)
     C   10    Vyy=    0.4834    axis=( -0.747194  0.416342 -0.518035)
     C   10    Vzz=   -0.8918    axis=( -0.316667  0.462267  0.828270)
     C   10  Q=         1.0000 1e-30 m^2  Cq=        -2.0953 MHz  eta= 0.08408

     C   11    Vxx=   -0.0602    axis=(  0.722888 -0.683827  0.099063)
     C   11    Vyy=   -0.3660    axis=(  0.036250 -0.105639 -0.993744)
     C   11    Vzz=    0.4262    axis=(  0.690014  0.721956 -0.051576)
     C   11  Q=         1.0000 1e-30 m^2  Cq=         1.0014 MHz  eta= 0.71730

     Cl  12    Vxx=   -0.0247    axis=(  0.828902  0.543024 -0.134334)
     Cl  12    Vyy=   -1.6060    axis=( -0.540593  0.715870 -0.441915)
     Cl  12    Vzz=    1.6308    axis=( -0.143805  0.438924  0.886942)
     Cl  12  Q=        -8.1650 1e-30 m^2  Cq=       -31.2853 MHz  eta= 0.96968

     H   13    Vxx=   -0.0565    axis=( -0.806342  0.250542 -0.535762)
     H   13    Vyy=   -0.4187    axis=( -0.567783 -0.074224  0.819825)
     H   13    Vzz=    0.4752    axis=(  0.165634  0.965256  0.202104)
     H   13  Q=         1.0000 1e-30 m^2  Cq=         1.1166 MHz  eta= 0.76222

     C   14    Vxx=    0.1820    axis=(  0.000139  0.226969  0.973902)
     C   14    Vyy=    0.3774    axis=(  0.814275 -0.565356  0.131640)
     C   14    Vzz=   -0.5595    axis=(  0.580479  0.793006 -0.184894)
     C   14  Q=         1.0000 1e-30 m^2  Cq=        -1.3146 MHz  eta= 0.34926

     H   15    Vxx=   -0.0276    axis=(  0.030458 -0.999052 -0.031106)
     H   15    Vyy=   -0.8079    axis=( -0.315390 -0.039136  0.948155)
     H   15    Vzz=    0.8355    axis=( -0.948473 -0.019068 -0.316283)
     H   15  Q=         1.0000 1e-30 m^2  Cq=         1.9631 MHz  eta= 0.93402

     C   16    Vxx=   -0.2176    axis=( -0.960637 -0.155854  0.229971)
     C   16    Vyy=   -0.3157    axis=(  0.275299 -0.423070  0.863263)
     C   16    Vzz=    0.5334    axis=(  0.037249 -0.892592 -0.449323)
     C   16  Q=         1.0000 1e-30 m^2  Cq=         1.2532 MHz  eta= 0.18389

     C   17    Vxx=    0.3419    axis=(  0.500435 -0.150269  0.852634)
     C   17    Vyy=    0.4396    axis=( -0.758845  0.397977  0.515528)
     C   17    Vzz=   -0.7815    axis=(  0.416796  0.905005 -0.085130)
     C   17  Q=         1.0000 1e-30 m^2  Cq=        -1.8361 MHz  eta= 0.12500

     Cl  18    Vxx=   -0.3814    axis=(  0.803584 -0.547261  0.234004)
     Cl  18    Vyy=   -1.4099    axis=(  0.594656  0.754871 -0.276684)
     Cl  18    Vzz=    1.7913    axis=( -0.025225  0.361491  0.932034)
     Cl  18  Q=        -8.1650 1e-30 m^2  Cq=       -34.3648 MHz  eta= 0.57414

     H   19    Vxx=   -0.1220    axis=( -0.198008  0.048311  0.979009)
     H   19    Vyy=   -0.3606    axis=(  0.979837 -0.017455  0.199036)
     H   19    Vzz=    0.4825    axis=(  0.026704  0.998680 -0.043881)
     H   19  Q=         1.0000 1e-30 m^2  Cq=         1.1337 MHz  eta= 0.49449

     C   20    Vxx=    0.0388    axis=( -0.851003  0.231961 -0.471156)
     C   20    Vyy=    0.3987    axis=( -0.022352  0.880353  0.473791)
     C   20    Vzz=   -0.4375    axis=( -0.524685 -0.413729  0.743998)
     C   20  Q=         1.0000 1e-30 m^2  Cq=        -1.0280 MHz  eta= 0.82268

     H   21    Vxx=   -0.0450    axis=(  0.390970  0.778115  0.491609)
     H   21    Vyy=   -0.4938    axis=( -0.591269 -0.197003  0.782043)
     H   21    Vzz=    0.5389    axis=(  0.705368 -0.596428  0.383053)
     H   21  Q=         1.0000 1e-30 m^2  Cq=         1.2661 MHz  eta= 0.83284

     C   22    Vxx=    0.1349    axis=( -0.739926  0.310236  0.596877)
     C   22    Vyy=    0.7205    axis=( -0.530178 -0.815073 -0.233595)
     C   22    Vzz=   -0.8554    axis=(  0.414029 -0.489294  0.767575)
     C   22  Q=         1.0000 1e-30 m^2  Cq=        -2.0099 MHz  eta= 0.68457

     C   23    Vxx=   -0.0790    axis=(  0.153618 -0.479490  0.863997)
     C   23    Vyy=   -0.3657    axis=( -0.937571 -0.346838 -0.025785)
     C   23    Vzz=    0.4447    axis=(  0.312030 -0.806097 -0.502836)
     C   23  Q=         1.0000 1e-30 m^2  Cq=         1.0448 MHz  eta= 0.64454

     Cl  24    Vxx=   -0.1604    axis=(  0.960053 -0.264462  0.091423)
     Cl  24    Vyy=   -2.7995    axis=(  0.055582 -0.139975 -0.988594)
     Cl  24    Vzz=    2.9599    axis=(  0.274242  0.954184 -0.119684)
     Cl  24  Q=        -8.1650 1e-30 m^2  Cq=       -56.7842 MHz  eta= 0.89164

     Initialization:
     gipaw_setup  :      9.11s CPU     10.85s WALL (       1 calls)

     Linear response

     Apply operators

     Induced current

     Other routines
     efg          :      9.30s CPU     11.72s WALL (       1 calls)

     General routines
     calbec       :      3.26s CPU      4.37s WALL (      16 calls)
     fft          :      1.49s CPU      2.13s WALL (      15 calls)
     ffts         :      0.03s CPU      0.04s WALL (       2 calls)
     fftw         :      3.20s CPU      3.88s WALL (     672 calls)
     davcio       :      0.03s CPU      0.34s WALL (      32 calls)

     Parallel routines
     fft_scatter  :      2.16s CPU      3.21s WALL (     689 calls)

     Plugins

     GIPAW        :     60.72s CPU     72.09s WALL (       1 calls)
