
     Program QE v.6.0 (svn rev. 13079) starts on 15Jan2017 at  4:35:30 

     This program is part of the open-source Quantum ESPRESSO suite
     for quantum simulation of materials; please cite
         "P. Giannozzi et al., J. Phys.:Condens. Matter 21 395502 (2009);
          URL http://www.quantum-espresso.org", 
     in publications or presentations arising from this work. More details at
     http://www.quantum-espresso.org/quote

     Parallel version (MPI), running on     8 processors
     R & G space division:  proc/nbgrp/npool/nimage =       8

     ***** This is GIPAW svn revision unknown      *****

     Parallelizing q-star over 1 images

     Reading data from directory:
     /users/majewski/paradichlorobenzene/pbe/9_constraint/scratch/pbe.ecut100.np8.dt60.pcl2phi-129368.save
     Message from routine read_xml_file:
     file /users/majewski/paradichlorobenzene/pbe/9_constraint/scratch/pbe.ecut100.np8.dt60.pcl2phi-129368.save not guaranteed to be safe for post-processing

   Info: using nr1, nr2, nr3 values from input

   Info: using nr1, nr2, nr3 values from input

     IMPORTANT: XC functional enforced from input :
     Exchange-correlation      =  SLA  PW   PBX  PBC ( 1  4  3  4 0 0)
     Any further DFT definition will be discarded
     Please, verify this is what you really want

               file C.pbe-n-kjpaw_psl.1.0.0.UPF: wavefunction(s)  2S 2P renormalized
               file Cl.pbe-n-kjpaw_psl.1.0.0.UPF: wavefunction(s)  3S 3P renormalized
               file H.pbe-kjpaw_psl.1.0.0.UPF: wavefunction(s)  1S renormalized

     Parallelization info
     --------------------
     sticks:   dense  smooth     PW     G-vecs:    dense   smooth      PW
     Min        3057    1223    332               144436    36536    5170
     Max        3059    1225    333               144437    36537    5171
     Sum       24467    9791   2657              1155489   292295   41363


     Subspace diagonalization in iterative solution of the eigenvalue problem:
     a serial algorithm will be used

     GIPAW projectors -----------------------------------------------
     atom=  C    l=0  rc=    1.2000  rs=    0.8000
     atom=  C    l=0  rc=    1.2000  rs=    0.8000
     atom=  C    l=1  rc=    1.4000  rs=    0.9333
     atom=  C    l=1  rc=    1.4000  rs=    0.9333
     projs nearly linearly dependent: l=1  n1,n2= 1, 2  s=  0.99951561

     atom=  Cl   l=0  rc=    1.6000  rs=    1.0667
     atom=  Cl   l=0  rc=    1.6000  rs=    1.0667
     atom=  Cl   l=1  rc=    1.6000  rs=    1.0667
     atom=  Cl   l=1  rc=    1.6000  rs=    1.0667
     atom=  Cl   l=2  rc=    1.6000  rs=    1.0667
     atom=  Cl   l=2  rc=    1.6000  rs=    1.0667
     projs nearly linearly dependent: l=2  n1,n2= 1, 2  s=  0.99993509

     atom=  H    l=0  rc=    1.0000  rs=    0.6667
     atom=  H    l=0  rc=    1.0000  rs=    0.6667
     projs nearly linearly dependent: l=0  n1,n2= 1, 2  s=  0.99968852
     -----------------------------------------------------------------

     GIPAW integrals: -------------------------------------------
     Atom  i/j   nmr_para   nmr_dia   epr_rmc  epr_para   epr_dia
       C   1 1   0.83E+03  0.17E-01  0.93E+01  0.24E+08  0.24E+03
       C   2 1   0.86E+03 -0.61E-01  0.94E+01  0.25E+08  0.25E+03
       C   2 2   0.90E+03 -0.15E+00  0.97E+01  0.26E+08  0.26E+03
       C   3 3   0.33E+01  0.34E+00  0.18E+01  0.55E+03  0.21E+02
       C   4 3   0.35E+01  0.37E+00  0.20E+01  0.59E+03  0.22E+02
       C   4 4   0.38E+01  0.39E+00  0.22E+01  0.63E+03  0.24E+02
       Cl  1 1   0.14E+04 -0.47E+00  0.84E+01  0.32E+09  0.42E+03
       Cl  2 1   0.21E+04 -0.37E+00  0.12E+02  0.49E+09  0.65E+03
       Cl  2 2   0.33E+04 -0.16E+00  0.21E+02  0.76E+09  0.10E+04
       Cl  3 3   0.21E+02  0.79E-01  0.89E+01  0.23E+05  0.13E+03
       Cl  4 3   0.24E+02  0.67E-01  0.99E+01  0.27E+05  0.15E+03
       Cl  4 4   0.28E+02  0.44E-01  0.11E+02  0.32E+05  0.18E+03
       Cl  5 5   0.77E+00  0.19E+00  0.18E+01  0.12E+03  0.22E+02
       Cl  6 5   0.80E+00  0.19E+00  0.19E+01  0.12E+03  0.23E+02
       Cl  6 6   0.83E+00  0.20E+00  0.19E+01  0.12E+03  0.23E+02
       H   1 1   0.39E+02  0.19E+00  0.29E+00  0.78E+05  0.13E+02
       H   2 1   0.41E+02  0.21E+00  0.32E+00  0.82E+05  0.14E+02
       H   2 2   0.43E+02  0.22E+00  0.36E+00  0.86E+05  0.15E+02
     ------------------------------------------------------------

     alpha_pv=     33.9874 eV

     Number of occupied bands for each k-point:
     k-point:     1    nbnd_occ=  42
     k-point:     2    nbnd_occ=  42
     k-point:     3    nbnd_occ=  42
     k-point:     4    nbnd_occ=  42
     k-point:     5    nbnd_occ=  42
     k-point:     6    nbnd_occ=  42
     k-point:     7    nbnd_occ=  42
     k-point:     8    nbnd_occ=  42
     k-point:     9    nbnd_occ=  42
     k-point:    10    nbnd_occ=  42
     k-point:    11    nbnd_occ=  42
     k-point:    12    nbnd_occ=  42
     k-point:    13    nbnd_occ=  42
     k-point:    14    nbnd_occ=  42
     k-point:    15    nbnd_occ=  42
     k-point:    16    nbnd_occ=  42


     q-space interpolation up to   110.00 Rydberg

     GIPAW job: efg                                                                             


     ELECTRIC FIELD GRADIENTS TENSORS IN Hartree/bohrradius^2:

     ----- bare term -----
     Cl   1       -0.130016        0.096643        0.058249
     Cl   1        0.096643       -0.080882        0.039509
     Cl   1        0.058249        0.039509        0.210898

     C    2       -0.353787       -0.183702       -0.266939
     C    2       -0.183702       -0.077653       -0.548938
     C    2       -0.266939       -0.548938        0.431440

     C    3       -0.129847        0.162855       -0.319615
     C    3        0.162855       -0.247937       -0.526648
     C    3       -0.319615       -0.526648        0.377785

     H    4       -0.660016       -0.026966       -0.177026
     H    4       -0.026966        0.365234       -0.221156
     H    4       -0.177026       -0.221156        0.294782

     C    5       -0.030430        0.500142        0.019421
     C    5        0.500142       -0.413675       -0.390081
     C    5        0.019421       -0.390081        0.444104

     H    6        0.132370       -0.235970       -0.375628
     H    6       -0.235970       -0.120791       -0.494009
     H    6       -0.375628       -0.494009       -0.011579

     H    7        0.549897       -0.003692       -0.062770
     H    7       -0.003692       -0.115516        0.259583
     H    7       -0.062770        0.259583       -0.434381

     C    8       -0.447369       -0.315401       -0.222801
     C    8       -0.315401        0.042843        0.261119
     C    8       -0.222801        0.261119        0.404526

     H    9       -0.506127       -0.116920       -0.402815
     H    9       -0.116920        0.210648        0.155620
     H    9       -0.402815        0.155620        0.295479

     C   10       -0.014015        0.083360       -0.286909
     C   10        0.083360       -0.090647        0.631951
     C   10       -0.286909        0.631951        0.104661

     C   11       -0.597793       -0.348377       -0.392943
     C   11       -0.348377        0.312979        0.215357
     C   11       -0.392943        0.215357        0.284814

     Cl  12       -0.019952       -0.089999       -0.008643
     Cl  12       -0.089999        0.149857       -0.030805
     Cl  12       -0.008643       -0.030805       -0.129906

     H   13        0.147101        0.038978       -0.450825
     H   13        0.038978       -0.037250       -0.346689
     H   13       -0.450825       -0.346689       -0.109851

     C   14       -0.433724        0.334725        0.025733
     C   14        0.334725        0.066931       -0.387237
     C   14        0.025733       -0.387237        0.366793

     H   15       -0.431522        0.224359       -0.312092
     H   15        0.224359        0.064648       -0.262790
     H   15       -0.312092       -0.262790        0.366874

     C   16        0.077152        0.002749       -0.220362
     C   16        0.002749       -0.161962       -0.569550
     C   16       -0.220362       -0.569550        0.084810

     C   17       -0.610406        0.313505       -0.347153
     C   17        0.313505        0.274662       -0.062790
     C   17       -0.347153       -0.062790        0.335744

     Cl  18        0.034925       -0.019870       -0.040045
     Cl  18       -0.019870       -0.078563       -0.090905
     Cl  18       -0.040045       -0.090905        0.043638

     H   19        0.463570        0.054414       -0.042256
     H   19        0.054414       -0.205503        0.618950
     H   19       -0.042256        0.618950       -0.258067

     C   20       -0.150907       -0.289963       -0.155250
     C   20       -0.289963       -0.212748        0.361360
     C   20       -0.155250        0.361360        0.363656

     H   21       -0.159313        0.143910       -0.551610
     H   21        0.143910        0.406992        0.137817
     H   21       -0.551610        0.137817       -0.247678

     C   22       -0.416536       -0.302389       -0.335614
     C   22       -0.302389       -0.129525        0.322444
     C   22       -0.335614        0.322444        0.546061

     C   23       -0.058419        0.170086       -0.413159
     C   23        0.170086       -0.128061        0.586603
     C   23       -0.413159        0.586603        0.186480

     Cl  24       -0.019664       -0.152304        0.005903
     Cl  24       -0.152304       -0.062476        0.015518
     Cl  24        0.005903        0.015518        0.082141

     ----- ionic term -----
     Cl   1        0.079465       -0.181761       -0.023558
     Cl   1       -0.181761        0.045462        0.029231
     Cl   1       -0.023558        0.029231       -0.124927

     C    2        0.207497       -0.154444        0.244185
     C    2       -0.154444        0.021573        0.405398
     C    2        0.244185        0.405398       -0.229070

     C    3        0.165218       -0.239172        0.146028
     C    3       -0.239172        0.099170        0.418695
     C    3        0.146028        0.418695       -0.264388

     H    4        0.803764        0.213968        0.572051
     H    4        0.213968       -0.502739        0.167776
     H    4        0.572051        0.167776       -0.301025

     C    5        0.297909       -0.210599        0.258923
     C    5       -0.210599        0.009423        0.334982
     C    5        0.258923        0.334982       -0.307332

     H    6       -0.509330        0.186676        0.148600
     H    6        0.186676        0.528505        0.783094
     H    6        0.148600        0.783094       -0.019175

     H    7       -0.515449        0.054757       -0.049927
     H    7        0.054757        0.242907       -0.802864
     H    7       -0.049927       -0.802864        0.272542

     C    8        0.244358        0.253339        0.218511
     C    8        0.253339        0.003320       -0.299068
     C    8        0.218511       -0.299068       -0.247678

     H    9        0.672752       -0.329351        0.620600
     H    9       -0.329351       -0.401101       -0.229702
     H    9        0.620600       -0.229702       -0.271651

     C   10        0.124794        0.213497        0.193289
     C   10        0.213497        0.217166       -0.375289
     C   10        0.193289       -0.375289       -0.341960

     C   11        0.139596        0.195566        0.288357
     C   11        0.195566        0.146420       -0.368187
     C   11        0.288357       -0.368187       -0.286016

     Cl  12        0.118128        0.215274        0.010652
     Cl  12        0.215274        0.033226       -0.006167
     Cl  12        0.010652       -0.006167       -0.151354

     H   13       -0.486580        0.251288        0.168818
     H   13        0.251288        0.525145        0.758079
     H   13        0.168818        0.758079       -0.038565

     C   14        0.255424       -0.165504        0.201758
     C   14       -0.165504        0.037429        0.350263
     C   14        0.201758        0.350263       -0.292853

     H   15        0.707893        0.300714        0.611411
     H   15        0.300714       -0.431980        0.223512
     H   15        0.611411        0.223512       -0.275913

     C   16        0.087105       -0.153798        0.151005
     C   16       -0.153798        0.184178        0.492977
     C   16        0.151005        0.492977       -0.271283

     C   17        0.196521       -0.136850        0.311081
     C   17       -0.136850        0.072909        0.434167
     C   17        0.311081        0.434167       -0.269430

     Cl  18        0.078023       -0.206649       -0.016953
     Cl  18       -0.206649        0.053793        0.025462
     Cl  18       -0.016953        0.025462       -0.131816

     H   19       -0.532663       -0.012477        0.028221
     H   19       -0.012477        0.465554       -0.783471
     H   19        0.028221       -0.783471        0.067108

     C   20        0.178791        0.240533        0.278573
     C   20        0.240533        0.073560       -0.274792
     C   20        0.278573       -0.274792       -0.252351

     H   21        0.604146       -0.226701        0.707249
     H   21       -0.226701       -0.468613       -0.209556
     H   21        0.707249       -0.209556       -0.135533

     C   22        0.080642        0.257500        0.223466
     C   22        0.257500        0.149713       -0.363618
     C   22        0.223466       -0.363618       -0.230355

     C   23        0.186288        0.219110        0.250777
     C   23        0.219110        0.061348       -0.390865
     C   23        0.250777       -0.390865       -0.247636

     Cl  24        0.121565        0.211449        0.003470
     Cl  24        0.211449        0.027072       -0.012454
     Cl  24        0.003470       -0.012454       -0.148637

     ----- GIPAW term -----
     Cl   1       -0.493221       -1.185954        0.987369
     Cl   1       -1.185954       -1.436665        0.677303
     Cl   1        0.987369        0.677303        1.929886

     C    2       -0.075313       -0.162461        0.048964
     C    2       -0.162461       -0.091927       -0.151348
     C    2        0.048964       -0.151348        0.167241

     C    3       -0.016278       -0.007610       -0.104840
     C    3       -0.007610       -0.039642       -0.079276
     C    3       -0.104840       -0.079276        0.055920

     H    4       -0.000000        0.000000        0.000000
     H    4        0.000000        0.000000        0.000000
     H    4        0.000000        0.000000        0.000000

     C    5        0.109365        0.160487        0.143339
     C    5        0.160487       -0.165592       -0.029626
     C    5        0.143339       -0.029626        0.056227

     H    6       -0.000000        0.000000        0.000000
     H    6        0.000000        0.000000        0.000000
     H    6        0.000000        0.000000        0.000000

     H    7       -0.000000        0.000000        0.000000
     H    7        0.000000        0.000000        0.000000
     H    7        0.000000        0.000000        0.000000

     C    8       -0.013345        0.096886       -0.008230
     C    8        0.096886        0.059947        0.030468
     C    8       -0.008230        0.030468       -0.046602

     H    9       -0.000000        0.000000        0.000000
     H    9        0.000000        0.000000        0.000000
     H    9        0.000000        0.000000        0.000000

     C   10       -0.082353        0.150737       -0.057038
     C   10        0.150737        0.200828        0.073433
     C   10       -0.057038        0.073433       -0.118475

     C   11       -0.143021       -0.007173       -0.053667
     C   11       -0.007173        0.279966       -0.016468
     C   11       -0.053667       -0.016468       -0.136946

     Cl  12        0.362653        0.631310       -0.002955
     Cl  12        0.631310        2.368240       -0.305893
     Cl  12       -0.002955       -0.305893       -2.730893

     H   13       -0.000000        0.000000        0.000000
     H   13        0.000000        0.000000        0.000000
     H   13        0.000000        0.000000        0.000000

     C   14       -0.068014       -0.106030        0.126171
     C   14       -0.106030        0.076784       -0.170469
     C   14        0.126171       -0.170469       -0.008770

     H   15       -0.000000        0.000000        0.000000
     H   15        0.000000        0.000000        0.000000
     H   15        0.000000        0.000000        0.000000

     C   16       -0.111365       -0.075532       -0.036681
     C   16       -0.075532        0.233566        0.063743
     C   16       -0.036681        0.063743       -0.122201

     C   17       -0.080265        0.106789        0.063836
     C   17        0.106789        0.127387        0.172494
     C   17        0.063836        0.172494       -0.047123

     Cl  18        0.095292        0.069629        0.869259
     Cl  18        0.069629        0.846946        1.585460
     Cl  18        0.869259        1.585460       -0.942238

     H   19       -0.000000        0.000000        0.000000
     H   19        0.000000        0.000000        0.000000
     H   19        0.000000        0.000000        0.000000

     C   20       -0.062997       -0.103767        0.028277
     C   20       -0.103767        0.020575       -0.042658
     C   20        0.028277       -0.042658        0.042422

     H   21       -0.000000        0.000000        0.000000
     H   21        0.000000        0.000000        0.000000
     H   21        0.000000        0.000000        0.000000

     C   22       -0.163697       -0.029702       -0.111854
     C   22       -0.029702       -0.064876        0.021771
     C   22       -0.111854        0.021771        0.228573

     C   23        0.079265        0.211368       -0.080120
     C   23        0.211368        0.012988        0.085994
     C   23       -0.080120        0.085994       -0.092253

     Cl  24        1.698304        1.750676        0.030526
     Cl  24        1.750676       -0.315028        0.093928
     Cl  24        0.030526        0.093928       -1.383276

     ----- total EFG -----
     Cl   1       -0.543772       -1.271071        1.022061
     Cl   1       -1.271071       -1.472085        0.746043
     Cl   1        1.022061        0.746043        2.015857

     C    2       -0.221603       -0.500608        0.026210
     C    2       -0.500608       -0.148007       -0.294888
     C    2        0.026210       -0.294888        0.369611

     C    3        0.019093       -0.083926       -0.278427
     C    3       -0.083926       -0.188410       -0.187229
     C    3       -0.278427       -0.187229        0.169317

     H    4        0.143748        0.187002        0.395025
     H    4        0.187002       -0.137505       -0.053380
     H    4        0.395025       -0.053380       -0.006243

     C    5        0.376844        0.450030        0.421683
     C    5        0.450030       -0.569843       -0.084725
     C    5        0.421683       -0.084725        0.192999

     H    6       -0.376960       -0.049294       -0.227027
     H    6       -0.049294        0.407714        0.289085
     H    6       -0.227027        0.289085       -0.030754

     H    7        0.034448        0.051065       -0.112698
     H    7        0.051065        0.127391       -0.543281
     H    7       -0.112698       -0.543281       -0.161839

     C    8       -0.216356        0.034824       -0.012520
     C    8        0.034824        0.106110       -0.007480
     C    8       -0.012520       -0.007480        0.110246

     H    9        0.166625       -0.446271        0.217784
     H    9       -0.446271       -0.190453       -0.074082
     H    9        0.217784       -0.074082        0.023828

     C   10        0.028426        0.447594       -0.150657
     C   10        0.447594        0.327347        0.330096
     C   10       -0.150657        0.330096       -0.355773

     C   11       -0.601217       -0.159984       -0.158254
     C   11       -0.159984        0.739365       -0.169298
     C   11       -0.158254       -0.169298       -0.138148

     Cl  12        0.460829        0.756584       -0.000945
     Cl  12        0.756584        2.551323       -0.342865
     Cl  12       -0.000945       -0.342865       -3.012152

     H   13       -0.339479        0.290266       -0.282007
     H   13        0.290266        0.487895        0.411390
     H   13       -0.282007        0.411390       -0.148416

     C   14       -0.246315        0.063191        0.353662
     C   14        0.063191        0.181145       -0.207443
     C   14        0.353662       -0.207443        0.065170

     H   15        0.276371        0.525073        0.299319
     H   15        0.525073       -0.367332       -0.039279
     H   15        0.299319       -0.039279        0.090961

     C   16        0.052891       -0.226581       -0.106039
     C   16       -0.226581        0.255782       -0.012830
     C   16       -0.106039       -0.012830       -0.308673

     C   17       -0.494149        0.283443        0.027763
     C   17        0.283443        0.474958        0.543871
     C   17        0.027763        0.543871        0.019191

     Cl  18        0.208239       -0.156889        0.812261
     Cl  18       -0.156889        0.822177        1.520016
     Cl  18        0.812261        1.520016       -1.030416

     H   19       -0.069092        0.041937       -0.014036
     H   19        0.041937        0.260051       -0.164521
     H   19       -0.014036       -0.164521       -0.190959

     C   20       -0.035113       -0.153198        0.151599
     C   20       -0.153198       -0.118614        0.043911
     C   20        0.151599        0.043911        0.153727

     H   21        0.444833       -0.082791        0.155639
     H   21       -0.082791       -0.061622       -0.071739
     H   21        0.155639       -0.071739       -0.383211

     C   22       -0.499591       -0.074590       -0.224002
     C   22       -0.074590       -0.044688       -0.019404
     C   22       -0.224002       -0.019404        0.544279

     C   23        0.207134        0.600564       -0.242502
     C   23        0.600564       -0.053724        0.281732
     C   23       -0.242502        0.281732       -0.153410

     Cl  24        1.800205        1.809822        0.039899
     Cl  24        1.809822       -0.350432        0.096992
     Cl  24        0.039899        0.096992       -1.449772

     ----- total EFG (symmetrized) -----
     Cl   1       -0.543772       -1.271071        1.022061
     Cl   1       -1.271071       -1.472085        0.746043
     Cl   1        1.022061        0.746043        2.015857

     C    2       -0.221603       -0.500608        0.026210
     C    2       -0.500608       -0.148007       -0.294888
     C    2        0.026210       -0.294888        0.369611

     C    3        0.019093       -0.083926       -0.278427
     C    3       -0.083926       -0.188410       -0.187229
     C    3       -0.278427       -0.187229        0.169317

     H    4        0.143748        0.187002        0.395025
     H    4        0.187002       -0.137505       -0.053380
     H    4        0.395025       -0.053380       -0.006243

     C    5        0.376844        0.450030        0.421683
     C    5        0.450030       -0.569843       -0.084725
     C    5        0.421683       -0.084725        0.192999

     H    6       -0.376960       -0.049294       -0.227027
     H    6       -0.049294        0.407714        0.289085
     H    6       -0.227027        0.289085       -0.030754

     H    7        0.034448        0.051065       -0.112698
     H    7        0.051065        0.127391       -0.543281
     H    7       -0.112698       -0.543281       -0.161839

     C    8       -0.216356        0.034824       -0.012520
     C    8        0.034824        0.106110       -0.007480
     C    8       -0.012520       -0.007480        0.110246

     H    9        0.166625       -0.446271        0.217784
     H    9       -0.446271       -0.190453       -0.074082
     H    9        0.217784       -0.074082        0.023828

     C   10        0.028426        0.447594       -0.150657
     C   10        0.447594        0.327347        0.330096
     C   10       -0.150657        0.330096       -0.355773

     C   11       -0.601217       -0.159984       -0.158254
     C   11       -0.159984        0.739365       -0.169298
     C   11       -0.158254       -0.169298       -0.138148

     Cl  12        0.460829        0.756584       -0.000945
     Cl  12        0.756584        2.551323       -0.342865
     Cl  12       -0.000945       -0.342865       -3.012152

     H   13       -0.339479        0.290266       -0.282007
     H   13        0.290266        0.487895        0.411390
     H   13       -0.282007        0.411390       -0.148416

     C   14       -0.246315        0.063191        0.353662
     C   14        0.063191        0.181145       -0.207443
     C   14        0.353662       -0.207443        0.065170

     H   15        0.276371        0.525073        0.299319
     H   15        0.525073       -0.367332       -0.039279
     H   15        0.299319       -0.039279        0.090961

     C   16        0.052891       -0.226581       -0.106039
     C   16       -0.226581        0.255782       -0.012830
     C   16       -0.106039       -0.012830       -0.308673

     C   17       -0.494149        0.283443        0.027763
     C   17        0.283443        0.474958        0.543871
     C   17        0.027763        0.543871        0.019191

     Cl  18        0.208239       -0.156889        0.812261
     Cl  18       -0.156889        0.822177        1.520016
     Cl  18        0.812261        1.520016       -1.030416

     H   19       -0.069092        0.041937       -0.014036
     H   19        0.041937        0.260051       -0.164521
     H   19       -0.014036       -0.164521       -0.190959

     C   20       -0.035113       -0.153198        0.151599
     C   20       -0.153198       -0.118614        0.043911
     C   20        0.151599        0.043911        0.153727

     H   21        0.444833       -0.082791        0.155639
     H   21       -0.082791       -0.061622       -0.071739
     H   21        0.155639       -0.071739       -0.383211

     C   22       -0.499591       -0.074590       -0.224002
     C   22       -0.074590       -0.044688       -0.019404
     C   22       -0.224002       -0.019404        0.544279

     C   23        0.207134        0.600564       -0.242502
     C   23        0.600564       -0.053724        0.281732
     C   23       -0.242502        0.281732       -0.153410

     Cl  24        1.800205        1.809822        0.039899
     Cl  24        1.809822       -0.350432        0.096992
     Cl  24        0.039899        0.096992       -1.449772


     NQR/NMR SPECTROSCOPIC PARAMETERS:
     Cl   1    Vxx=    0.2718    axis=(  0.758229 -0.627848 -0.175771)
     Cl   1    Vyy=    2.3988    axis=( -0.293000 -0.087292 -0.952119)
     Cl   1    Vzz=   -2.6706    axis=(  0.582443  0.773425 -0.250147)
     Cl   1  Q=        -8.1650 1e-30 m^2  Cq=        51.2337 MHz  eta= 0.79645

     C    2    Vxx=    0.1252    axis=( -0.623838  0.465090  0.628106)
     C    2    Vyy=    0.5934    axis=(  0.358479 -0.543862  0.758753)
     C    2    Vzz=   -0.7186    axis=(  0.694492  0.698502  0.172557)
     C    2  Q=         1.0000 1e-30 m^2  Cq=        -1.6884 MHz  eta= 0.65147

     C    3    Vxx=   -0.0224    axis=(  0.666890 -0.680185  0.304313)
     C    3    Vyy=   -0.3781    axis=(  0.498301  0.710721  0.496561)
     C    3    Vzz=    0.4004    axis=( -0.554035 -0.179512  0.812909)
     C    3  Q=         1.0000 1e-30 m^2  Cq=         0.9408 MHz  eta= 0.88833

     H    4    Vxx=   -0.0644    axis=(  0.187869  0.845762 -0.499392)
     H    4    Vyy=   -0.4266    axis=( -0.597588  0.501936  0.625259)
     H    4    Vzz=    0.4911    axis=( -0.779483 -0.180964 -0.599716)
     H    4  Q=         1.0000 1e-30 m^2  Cq=         1.1539 MHz  eta= 0.73753

     C    5    Vxx=    0.0220    axis=( -0.412135 -0.428481  0.804082)
     C    5    Vyy=    0.7885    axis=(  0.808785  0.234318  0.539409)
     C    5    Vzz=   -0.8105    axis=(  0.419538 -0.872639 -0.249978)
     C    5  Q=         1.0000 1e-30 m^2  Cq=        -1.9043 MHz  eta= 0.94568

     H    6    Vxx=   -0.0760    axis=(  0.473776  0.486865 -0.733824)
     H    6    Vyy=   -0.4985    axis=( -0.866391  0.108371 -0.487464)
     H    6    Vzz=    0.5745    axis=(  0.157804 -0.866728 -0.473160)
     H    6  Q=         1.0000 1e-30 m^2  Cq=         1.3499 MHz  eta= 0.73551

     H    7    Vxx=    0.0175    axis=(  0.974808 -0.217916  0.047561)
     H    7    Vyy=    0.5675    axis=( -0.201709 -0.770272  0.604975)
     H    7    Vzz=   -0.5850    axis=( -0.095199 -0.599328 -0.794823)
     H    7  Q=         1.0000 1e-30 m^2  Cq=        -1.3745 MHz  eta= 0.94005

     C    8    Vxx=    0.1015    axis=( -0.051957 -0.722179 -0.689752)
     C    8    Vyy=    0.1190    axis=( -0.097988 -0.683666  0.723187)
     C    8    Vzz=   -0.2205    axis=( -0.993830  0.105162 -0.035243)
     C    8  Q=         1.0000 1e-30 m^2  Cq=        -0.5181 MHz  eta= 0.07957

     H    9    Vxx=   -0.0606    axis=( -0.245331  0.321410  0.914608)
     H    9    Vyy=   -0.5004    axis=(  0.579928  0.804673 -0.127219)
     H    9    Vzz=    0.5610    axis=( -0.776850  0.499197 -0.383806)
     H    9  Q=         1.0000 1e-30 m^2  Cq=         1.3181 MHz  eta= 0.78387

     C   10    Vxx=   -0.0288    axis=(  0.710302 -0.304447 -0.634652)
     C   10    Vyy=   -0.6554    axis=( -0.470100  0.465898 -0.749630)
     C   10    Vzz=    0.6842    axis=( -0.523906 -0.830813 -0.187808)
     C   10  Q=         1.0000 1e-30 m^2  Cq=         1.6076 MHz  eta= 0.91579

     C   11    Vxx=   -0.1035    axis=( -0.336563  0.123621  0.933511)
     C   11    Vyy=   -0.6796    axis=(  0.936886  0.143663  0.318755)
     C   11    Vzz=    0.7831    axis=( -0.094706  0.981875 -0.164170)
     C   11  Q=         1.0000 1e-30 m^2  Cq=         1.8400 MHz  eta= 0.73564

     Cl  12    Vxx=    0.2191    axis=(  0.952085 -0.304157  0.031995)
     Cl  12    Vyy=    2.8147    axis=(  0.305542  0.950532 -0.055981)
     Cl  12    Vzz=   -3.0338    axis=( -0.013386  0.063074  0.997919)
     Cl  12  Q=        -8.1650 1e-30 m^2  Cq=        58.2021 MHz  eta= 0.85556

     H   13    Vxx=    0.0223    axis=(  0.692157  0.184929 -0.697654)
     H   13    Vyy=    0.7102    axis=( -0.147515 -0.909965 -0.387559)
     H   13    Vzz=   -0.7325    axis=( -0.706512  0.371166 -0.602559)
     H   13  Q=         1.0000 1e-30 m^2  Cq=        -1.7210 MHz  eta= 0.93905

     C   14    Vxx=    0.1184    axis=( -0.509076 -0.768495 -0.387630)
     C   14    Vyy=    0.3996    axis=( -0.341053  0.593594 -0.728923)
     C   14    Vzz=   -0.5179    axis=( -0.790268  0.238875  0.564282)
     C   14  Q=         1.0000 1e-30 m^2  Cq=        -1.2170 MHz  eta= 0.54292

     H   15    Vxx=    0.0298    axis=( -0.233461 -0.396491  0.887858)
     H   15    Vyy=    0.6750    axis=(  0.825880  0.401101  0.396284)
     H   15    Vzz=   -0.7048    axis=( -0.513244  0.825780  0.233813)
     H   15  Q=         1.0000 1e-30 m^2  Cq=        -1.6560 MHz  eta= 0.91545

     C   16    Vxx=   -0.0579    axis=(  0.765713  0.538759 -0.351316)
     C   16    Vyy=   -0.3479    axis=(  0.327894  0.142922  0.933841)
     C   16    Vzz=    0.4058    axis=(  0.553326 -0.830248 -0.067218)
     C   16  Q=         1.0000 1e-30 m^2  Cq=         0.9534 MHz  eta= 0.71470

     C   17    Vxx=   -0.2771    axis=( -0.437191 -0.412984  0.798942)
     C   17    Vyy=   -0.6060    axis=( -0.880890  0.375781 -0.287787)
     C   17    Vzz=    0.8831    axis=( -0.181376 -0.829598 -0.528082)
     C   17  Q=         1.0000 1e-30 m^2  Cq=         2.0750 MHz  eta= 0.37238

     Cl  18    Vxx=    0.4213    axis=(  0.928789 -0.323324  0.181142)
     Cl  18    Vyy=    1.7264    axis=( -0.189976 -0.835027 -0.516371)
     Cl  18    Vzz=   -2.1477    axis=(  0.318214  0.445188 -0.836987)
     Cl  18  Q=        -8.1650 1e-30 m^2  Cq=        41.2028 MHz  eta= 0.60770

     H   19    Vxx=   -0.0741    axis=(  0.993560 -0.108337  0.033199)
     H   19    Vyy=   -0.2446    axis=(  0.002011  0.309805  0.950798)
     H   19    Vzz=    0.3187    axis=( -0.113291 -0.944608  0.308027)
     H   19  Q=         1.0000 1e-30 m^2  Cq=         0.7489 MHz  eta= 0.53482

     C   20    Vxx=    0.0332    axis=(  0.559790 -0.695399 -0.450617)
     C   20    Vyy=    0.2423    axis=(  0.526707 -0.121206  0.841361)
     C   20    Vzz=   -0.2755    axis=( -0.639699 -0.708329  0.298422)
     C   20  Q=         1.0000 1e-30 m^2  Cq=        -0.6472 MHz  eta= 0.75923

     H   21    Vxx=   -0.0689    axis=(  0.194799  0.972770 -0.125583)
     H   21    Vyy=   -0.4204    axis=( -0.160165  0.157864  0.974385)
     H   21    Vzz=    0.4894    axis=(  0.967678 -0.169695  0.186555)
     H   21  Q=         1.0000 1e-30 m^2  Cq=         1.1498 MHz  eta= 0.71824

     C   22    Vxx=   -0.0332    axis=(  0.146756 -0.988889  0.023700)
     C   22    Vyy=   -0.5572    axis=(  0.968558  0.148522  0.199589)
     C   22    Vzz=    0.5903    axis=( -0.200891 -0.006336  0.979593)
     C   22  Q=         1.0000 1e-30 m^2  Cq=         1.3871 MHz  eta= 0.88768

     C   23    Vxx=    0.0725    axis=( -0.313403  0.415122  0.854080)
     C   23    Vyy=    0.6915    axis=( -0.781522 -0.623664  0.016351)
     C   23    Vzz=   -0.7640    axis=(  0.539446 -0.662357  0.519885)
     C   23  Q=         1.0000 1e-30 m^2  Cq=        -1.7950 MHz  eta= 0.81017

     Cl  24    Vxx=   -1.3421    axis=(  0.434532 -0.743251 -0.508685)
     Cl  24    Vyy=   -1.4895    axis=( -0.237317  0.450349 -0.860736)
     Cl  24    Vzz=    2.8317    axis=(  0.868828  0.494737  0.019305)
     Cl  24  Q=        -8.1650 1e-30 m^2  Cq=       -54.3239 MHz  eta= 0.05205

     Initialization:
     gipaw_setup  :      9.78s CPU     12.04s WALL (       1 calls)

     Linear response

     Apply operators

     Induced current

     Other routines
     efg          :     10.83s CPU     19.12s WALL (       1 calls)

     General routines
     calbec       :      3.73s CPU      5.33s WALL (      16 calls)
     fft          :      1.61s CPU      2.19s WALL (      15 calls)
     ffts         :      0.04s CPU      0.05s WALL (       2 calls)
     fftw         :      4.24s CPU      6.92s WALL (     672 calls)
     davcio       :      0.06s CPU      3.38s WALL (      32 calls)

     Parallel routines
     fft_scatter  :      3.12s CPU      6.29s WALL (     689 calls)

     Plugins

     GIPAW        :     64.33s CPU     85.25s WALL (       1 calls)
