
     Program QE v.6.0 (svn rev. 13079) starts on 16Jan2017 at  2:41:28 

     This program is part of the open-source Quantum ESPRESSO suite
     for quantum simulation of materials; please cite
         "P. Giannozzi et al., J. Phys.:Condens. Matter 21 395502 (2009);
          URL http://www.quantum-espresso.org", 
     in publications or presentations arising from this work. More details at
     http://www.quantum-espresso.org/quote

     Parallel version (MPI), running on     8 processors
     R & G space division:  proc/nbgrp/npool/nimage =       8

     ***** This is GIPAW svn revision unknown      *****

     Parallelizing q-star over 1 images

     Reading data from directory:
     /users/majewski/paradichlorobenzene/pbe/9_constraint/scratch/pbe.ecut100.np8.dt60.pcl2phi-129368.save
     Message from routine read_xml_file:
     file /users/majewski/paradichlorobenzene/pbe/9_constraint/scratch/pbe.ecut100.np8.dt60.pcl2phi-129368.save not guaranteed to be safe for post-processing

   Info: using nr1, nr2, nr3 values from input

   Info: using nr1, nr2, nr3 values from input

     IMPORTANT: XC functional enforced from input :
     Exchange-correlation      =  SLA  PW   PBX  PBC ( 1  4  3  4 0 0)
     Any further DFT definition will be discarded
     Please, verify this is what you really want

               file C.pbe-n-kjpaw_psl.1.0.0.UPF: wavefunction(s)  2S 2P renormalized
               file Cl.pbe-n-kjpaw_psl.1.0.0.UPF: wavefunction(s)  3S 3P renormalized
               file H.pbe-kjpaw_psl.1.0.0.UPF: wavefunction(s)  1S renormalized

     Parallelization info
     --------------------
     sticks:   dense  smooth     PW     G-vecs:    dense   smooth      PW
     Min        3057    1223    332               144436    36536    5170
     Max        3059    1225    333               144437    36537    5171
     Sum       24467    9791   2657              1155489   292295   41363


     Subspace diagonalization in iterative solution of the eigenvalue problem:
     a serial algorithm will be used

     GIPAW projectors -----------------------------------------------
     atom=  C    l=0  rc=    1.2000  rs=    0.8000
     atom=  C    l=0  rc=    1.2000  rs=    0.8000
     atom=  C    l=1  rc=    1.4000  rs=    0.9333
     atom=  C    l=1  rc=    1.4000  rs=    0.9333
     projs nearly linearly dependent: l=1  n1,n2= 1, 2  s=  0.99951561

     atom=  Cl   l=0  rc=    1.6000  rs=    1.0667
     atom=  Cl   l=0  rc=    1.6000  rs=    1.0667
     atom=  Cl   l=1  rc=    1.6000  rs=    1.0667
     atom=  Cl   l=1  rc=    1.6000  rs=    1.0667
     atom=  Cl   l=2  rc=    1.6000  rs=    1.0667
     atom=  Cl   l=2  rc=    1.6000  rs=    1.0667
     projs nearly linearly dependent: l=2  n1,n2= 1, 2  s=  0.99993509

     atom=  H    l=0  rc=    1.0000  rs=    0.6667
     atom=  H    l=0  rc=    1.0000  rs=    0.6667
     projs nearly linearly dependent: l=0  n1,n2= 1, 2  s=  0.99968852
     -----------------------------------------------------------------

     GIPAW integrals: -------------------------------------------
     Atom  i/j   nmr_para   nmr_dia   epr_rmc  epr_para   epr_dia
       C   1 1   0.83E+03  0.17E-01  0.93E+01  0.24E+08  0.24E+03
       C   2 1   0.86E+03 -0.61E-01  0.94E+01  0.25E+08  0.25E+03
       C   2 2   0.90E+03 -0.15E+00  0.97E+01  0.26E+08  0.26E+03
       C   3 3   0.33E+01  0.34E+00  0.18E+01  0.55E+03  0.21E+02
       C   4 3   0.35E+01  0.37E+00  0.20E+01  0.59E+03  0.22E+02
       C   4 4   0.38E+01  0.39E+00  0.22E+01  0.63E+03  0.24E+02
       Cl  1 1   0.14E+04 -0.47E+00  0.84E+01  0.32E+09  0.42E+03
       Cl  2 1   0.21E+04 -0.37E+00  0.12E+02  0.49E+09  0.65E+03
       Cl  2 2   0.33E+04 -0.16E+00  0.21E+02  0.76E+09  0.10E+04
       Cl  3 3   0.21E+02  0.79E-01  0.89E+01  0.23E+05  0.13E+03
       Cl  4 3   0.24E+02  0.67E-01  0.99E+01  0.27E+05  0.15E+03
       Cl  4 4   0.28E+02  0.44E-01  0.11E+02  0.32E+05  0.18E+03
       Cl  5 5   0.77E+00  0.19E+00  0.18E+01  0.12E+03  0.22E+02
       Cl  6 5   0.80E+00  0.19E+00  0.19E+01  0.12E+03  0.23E+02
       Cl  6 6   0.83E+00  0.20E+00  0.19E+01  0.12E+03  0.23E+02
       H   1 1   0.39E+02  0.19E+00  0.29E+00  0.78E+05  0.13E+02
       H   2 1   0.41E+02  0.21E+00  0.32E+00  0.82E+05  0.14E+02
       H   2 2   0.43E+02  0.22E+00  0.36E+00  0.86E+05  0.15E+02
     ------------------------------------------------------------

     alpha_pv=     34.0273 eV

     Number of occupied bands for each k-point:
     k-point:     1    nbnd_occ=  42
     k-point:     2    nbnd_occ=  42
     k-point:     3    nbnd_occ=  42
     k-point:     4    nbnd_occ=  42
     k-point:     5    nbnd_occ=  42
     k-point:     6    nbnd_occ=  42
     k-point:     7    nbnd_occ=  42
     k-point:     8    nbnd_occ=  42
     k-point:     9    nbnd_occ=  42
     k-point:    10    nbnd_occ=  42
     k-point:    11    nbnd_occ=  42
     k-point:    12    nbnd_occ=  42
     k-point:    13    nbnd_occ=  42
     k-point:    14    nbnd_occ=  42
     k-point:    15    nbnd_occ=  42
     k-point:    16    nbnd_occ=  42


     q-space interpolation up to   110.00 Rydberg

     GIPAW job: efg                                                                             


     ELECTRIC FIELD GRADIENTS TENSORS IN Hartree/bohrradius^2:

     ----- bare term -----
     Cl   1        0.140834        0.173601        0.026181
     Cl   1        0.173601        0.133690        0.287088
     Cl   1        0.026181        0.287088       -0.274524

     C    2       -0.000253       -0.108710       -0.244095
     C    2       -0.108710       -0.006395       -0.556321
     C    2       -0.244095       -0.556321        0.006648

     C    3       -0.247898        0.218187       -0.271107
     C    3        0.218187        0.011721       -0.289174
     C    3       -0.271107       -0.289174        0.236178

     H    4       -0.534850       -0.441842        0.131841
     H    4       -0.441842        0.259864        0.052525
     H    4        0.131841        0.052525        0.274986

     C    5       -0.014248        0.398951       -0.010054
     C    5        0.398951       -0.195037       -0.390298
     C    5       -0.010054       -0.390298        0.209285

     H    6        0.247626       -0.419476       -0.137729
     H    6       -0.419476       -0.518498       -0.408803
     H    6       -0.137729       -0.408803        0.270872

     H    7        0.164699        0.014986       -0.125409
     H    7        0.014986       -0.436008        0.579800
     H    7       -0.125409        0.579800        0.271309

     C    8       -0.812966       -0.325797       -0.298330
     C    8       -0.325797        0.434278        0.143945
     C    8       -0.298330        0.143945        0.378688

     H    9       -0.263295       -0.175270       -0.533722
     H    9       -0.175270        0.085509       -0.044334
     H    9       -0.533722       -0.044334        0.177787

     C   10        0.054706        0.175172       -0.319340
     C   10        0.175172       -0.091511        0.631333
     C   10       -0.319340        0.631333        0.036804

     C   11       -0.618547       -0.414230       -0.323108
     C   11       -0.414230        0.291382        0.233289
     C   11       -0.323108        0.233289        0.327166

     Cl  12        0.074982       -0.081642       -0.016903
     Cl  12       -0.081642       -0.073489       -0.009259
     Cl  12       -0.016903       -0.009259       -0.001493

     H   13        0.190179        0.060017       -0.189134
     H   13        0.060017       -0.433485       -0.580153
     H   13       -0.189134       -0.580153        0.243306

     C   14       -0.739840        0.361015       -0.242813
     C   14        0.361015        0.299519       -0.114499
     C   14       -0.242813       -0.114499        0.440320

     H   15       -0.471408        0.201110       -0.025286
     H   15        0.201110        0.112595       -0.358278
     H   15       -0.025286       -0.358278        0.358813

     C   16        0.201208       -0.019347       -0.182370
     C   16       -0.019347       -0.423523       -0.641415
     C   16       -0.182370       -0.641415        0.222315

     C   17       -0.715277        0.438948       -0.381741
     C   17        0.438948        0.227867       -0.071728
     C   17       -0.381741       -0.071728        0.487409

     Cl  18        0.300713       -0.050209       -0.167223
     Cl  18       -0.050209        0.087354       -0.467818
     Cl  18       -0.167223       -0.467818       -0.388067

     H   19        0.400219       -0.155088        0.010530
     H   19       -0.155088       -0.721960        0.348415
     H   19        0.010530        0.348415        0.321741

     C   20       -0.115901        0.186577       -0.347642
     C   20        0.186577        0.057049        0.501978
     C   20       -0.347642        0.501978        0.058851

     H   21       -0.069408        0.303621       -0.371650
     H   21        0.303621       -0.247775        0.327516
     H   21       -0.371650        0.327516        0.317183

     C   22       -0.629780       -0.333947       -0.158559
     C   22       -0.333947        0.259759        0.288967
     C   22       -0.158559        0.288967        0.370022

     C   23       -0.021450        0.091568       -0.290105
     C   23        0.091568        0.068557        0.695628
     C   23       -0.290105        0.695628       -0.047107

     Cl  24       -0.273985       -0.202228       -0.009041
     Cl  24       -0.202228        0.165830        0.011849
     Cl  24       -0.009041        0.011849        0.108155

     ----- ionic term -----
     Cl   1        0.077309       -0.158503       -0.049116
     Cl   1       -0.158503        0.036660        0.052141
     Cl   1       -0.049116        0.052141       -0.113968

     C    2        0.229380       -0.031998        0.146038
     C    2       -0.031998        0.089861        0.459622
     C    2        0.146038        0.459622       -0.319241

     C    3        0.173400       -0.095196        0.121357
     C    3       -0.095196        0.114334        0.456624
     C    3        0.121357        0.456624       -0.287734

     H    4        0.848674        0.285959        0.493906
     H    4        0.285959       -0.491533        0.184109
     H    4        0.493906        0.184109       -0.357142

     C    5        0.349239       -0.131062        0.170055
     C    5       -0.131062       -0.009365        0.336737
     C    5        0.170055        0.336737       -0.339874

     H    6       -0.502387        0.174596        0.111644
     H    6        0.174596        0.617391        0.751717
     H    6        0.111644        0.751717       -0.115005

     H    7       -0.478417       -0.223115        0.106008
     H    7       -0.223115        0.758523       -0.606073
     H    7        0.106008       -0.606073       -0.280106

     C    8        0.311771        0.112132        0.254655
     C    8        0.112132        0.085354       -0.273547
     C    8        0.254655       -0.273547       -0.397126

     H    9        0.495751       -0.299404        0.709845
     H    9       -0.299404       -0.393671       -0.254082
     H    9        0.709845       -0.254082       -0.102080

     C   10        0.107068        0.153360        0.217648
     C   10        0.153360        0.230137       -0.381962
     C   10        0.217648       -0.381962       -0.337205

     C   11        0.150537        0.086664        0.321873
     C   11        0.086664        0.163312       -0.418759
     C   11        0.321873       -0.418759       -0.313849

     Cl  12        0.135655        0.201113        0.003209
     Cl  12        0.201113        0.004707       -0.004258
     Cl  12        0.003209       -0.004258       -0.140363

     H   13       -0.515775        0.157594        0.067792
     H   13        0.157594        0.746227        0.682375
     H   13        0.067792        0.682375       -0.230452

     C   14        0.319942       -0.153198        0.089442
     C   14       -0.153198        0.103271        0.323065
     C   14        0.089442        0.323065       -0.423213

     H   15        0.865017        0.287898        0.467828
     H   15        0.287898       -0.444649        0.163122
     H   15        0.467828        0.163122       -0.420367

     C   16        0.190764       -0.157166        0.090155
     C   16       -0.157166        0.181710        0.416646
     C   16        0.090155        0.416646       -0.372475

     C   17        0.294827       -0.111978        0.164912
     C   17       -0.111978        0.060061        0.437453
     C   17        0.164912        0.437453       -0.354888

     Cl  18        0.117463       -0.215760       -0.072342
     Cl  18       -0.215760        0.003288        0.057754
     Cl  18       -0.072342        0.057754       -0.120751

     H   19       -0.510203       -0.024420        0.029656
     H   19       -0.024420        0.593099       -0.729164
     H   19        0.029656       -0.729164       -0.082895

     C   20        0.275591        0.142311        0.288079
     C   20        0.142311        0.006011       -0.330358
     C   20        0.288079       -0.330358       -0.281602

     H   21        0.457858       -0.291646        0.727570
     H   21       -0.291646       -0.409111       -0.292387
     H   21        0.727570       -0.292387       -0.048747

     C   22        0.100434        0.181183        0.193856
     C   22        0.181183        0.186574       -0.413680
     C   22        0.193856       -0.413680       -0.287008

     C   23        0.203373        0.170896        0.257505
     C   23        0.170896        0.167846       -0.379457
     C   23        0.257505       -0.379457       -0.371219

     Cl  24        0.131901        0.208939        0.026621
     Cl  24        0.208939        0.033069        0.002050
     Cl  24        0.026621        0.002050       -0.164969

     ----- GIPAW term -----
     Cl   1       -0.401827       -0.336189       -0.314720
     Cl   1       -0.336189       -0.494996       -0.670422
     Cl   1       -0.314720       -0.670422        0.896823

     C    2       -0.044235       -0.041287       -0.039016
     C    2       -0.041287        0.096164       -0.154316
     C    2       -0.039016       -0.154316       -0.051929

     C    3       -0.033539        0.132049       -0.136146
     C    3        0.132049        0.053368       -0.118264
     C    3       -0.136146       -0.118264       -0.019829

     H    4       -0.000000        0.000000        0.000000
     H    4        0.000000        0.000000        0.000000
     H    4        0.000000        0.000000        0.000000

     C    5       -0.017836        0.211954        0.058869
     C    5        0.211954        0.124431       -0.000889
     C    5        0.058869       -0.000889       -0.106595

     H    6       -0.000000        0.000000        0.000000
     H    6        0.000000        0.000000        0.000000
     H    6        0.000000        0.000000        0.000000

     H    7       -0.000000        0.000000        0.000000
     H    7        0.000000        0.000000        0.000000
     H    7        0.000000        0.000000        0.000000

     C    8       -0.207184        0.074229       -0.024337
     C    8        0.074229        0.299500       -0.017661
     C    8       -0.024337       -0.017661       -0.092315

     H    9       -0.000000        0.000000        0.000000
     H    9        0.000000        0.000000        0.000000
     H    9        0.000000        0.000000        0.000000

     C   10       -0.071401        0.182053       -0.059776
     C   10        0.182053        0.215422        0.037073
     C   10       -0.059776        0.037073       -0.144020

     C   11       -0.160436        0.011572       -0.035056
     C   11        0.011572        0.278551        0.078336
     C   11       -0.035056        0.078336       -0.118115

     Cl  12       -0.142397        1.099711       -0.079764
     Cl  12        1.099711        2.518312       -0.187700
     Cl  12       -0.079764       -0.187700       -2.375915

     H   13       -0.000000        0.000000        0.000000
     H   13        0.000000        0.000000        0.000000
     H   13        0.000000        0.000000        0.000000

     C   14       -0.112440       -0.127579       -0.015034
     C   14       -0.127579        0.198179        0.033139
     C   14       -0.015034        0.033139       -0.085739

     H   15       -0.000000        0.000000        0.000000
     H   15        0.000000        0.000000        0.000000
     H   15        0.000000        0.000000        0.000000

     C   16       -0.069131       -0.056430       -0.024857
     C   16       -0.056430        0.097915        0.093022
     C   16       -0.024857        0.093022       -0.028783

     C   17       -0.076618        0.074562        0.015452
     C   17        0.074562        0.081814        0.090189
     C   17        0.015452        0.090189       -0.005196

     Cl  18        0.207998       -0.533089        0.084698
     Cl  18       -0.533089       -0.007011        0.251101
     Cl  18        0.084698        0.251101       -0.200987

     H   19       -0.000000        0.000000        0.000000
     H   19        0.000000        0.000000        0.000000
     H   19        0.000000        0.000000        0.000000

     C   20       -0.086154        0.124640       -0.038738
     C   20        0.124640        0.236411        0.097088
     C   20       -0.038738        0.097088       -0.150257

     H   21       -0.000000        0.000000        0.000000
     H   21        0.000000        0.000000        0.000000
     H   21        0.000000        0.000000        0.000000

     C   22       -0.221271       -0.022213       -0.021752
     C   22       -0.022213        0.278997        0.113992
     C   22       -0.021752        0.113992       -0.057726

     C   23       -0.064800        0.073768       -0.042176
     C   23        0.073768        0.250959        0.143246
     C   23       -0.042176        0.143246       -0.186159

     Cl  24       -0.188728        1.820582       -0.122386
     Cl  24        1.820582        1.738131        0.005896
     Cl  24       -0.122386        0.005896       -1.549403

     ----- total EFG -----
     Cl   1       -0.183684       -0.321091       -0.337655
     Cl   1       -0.321091       -0.324646       -0.331192
     Cl   1       -0.337655       -0.331192        0.508331

     C    2        0.184893       -0.181996       -0.137073
     C    2       -0.181996        0.179630       -0.251015
     C    2       -0.137073       -0.251015       -0.364523

     C    3       -0.108037        0.255039       -0.285895
     C    3        0.255039        0.179423        0.049186
     C    3       -0.285895        0.049186       -0.071386

     H    4        0.313824       -0.155883        0.625746
     H    4       -0.155883       -0.231669        0.236634
     H    4        0.625746        0.236634       -0.082156

     C    5        0.317155        0.479844        0.218870
     C    5        0.479844       -0.079971       -0.054450
     C    5        0.218870       -0.054450       -0.237184

     H    6       -0.254761       -0.244880       -0.026085
     H    6       -0.244880        0.098893        0.342914
     H    6       -0.026085        0.342914        0.155867

     H    7       -0.313718       -0.208129       -0.019401
     H    7       -0.208129        0.322515       -0.026273
     H    7       -0.019401       -0.026273       -0.008797

     C    8       -0.708379       -0.139435       -0.068013
     C    8       -0.139435        0.819132       -0.147262
     C    8       -0.068013       -0.147262       -0.110753

     H    9        0.232456       -0.474674        0.176123
     H    9       -0.474674       -0.308163       -0.298417
     H    9        0.176123       -0.298417        0.075707

     C   10        0.090374        0.510585       -0.161468
     C   10        0.510585        0.354048        0.286444
     C   10       -0.161468        0.286444       -0.444421

     C   11       -0.628446       -0.315994       -0.036291
     C   11       -0.315994        0.733244       -0.107135
     C   11       -0.036291       -0.107135       -0.104798

     Cl  12        0.068240        1.219182       -0.093458
     Cl  12        1.219182        2.449530       -0.201216
     Cl  12       -0.093458       -0.201216       -2.517771

     H   13       -0.325597        0.217611       -0.121342
     H   13        0.217611        0.312743        0.102222
     H   13       -0.121342        0.102222        0.012854

     C   14       -0.532337        0.080238       -0.168404
     C   14        0.080238        0.600969        0.241705
     C   14       -0.168404        0.241705       -0.068632

     H   15        0.393609        0.489007        0.442542
     H   15        0.489007       -0.332054       -0.195156
     H   15        0.442542       -0.195156       -0.061555

     C   16        0.322841       -0.232943       -0.117071
     C   16       -0.232943       -0.143898       -0.131747
     C   16       -0.117071       -0.131747       -0.178942

     C   17       -0.497067        0.401533       -0.201377
     C   17        0.401533        0.369743        0.455914
     C   17       -0.201377        0.455914        0.127325

     Cl  18        0.626174       -0.799057       -0.154867
     Cl  18       -0.799057        0.083632       -0.158963
     Cl  18       -0.154867       -0.158963       -0.709806

     H   19       -0.109985       -0.179507        0.040187
     H   19       -0.179507       -0.128861       -0.380749
     H   19        0.040187       -0.380749        0.238846

     C   20        0.073536        0.453528       -0.098300
     C   20        0.453528        0.299471        0.268708
     C   20       -0.098300        0.268708       -0.373007

     H   21        0.388450        0.011975        0.355920
     H   21        0.011975       -0.656886        0.035129
     H   21        0.355920        0.035129        0.268436

     C   22       -0.750617       -0.174977        0.013545
     C   22       -0.174977        0.725329       -0.010721
     C   22        0.013545       -0.010721        0.025288

     C   23        0.117123        0.336232       -0.074776
     C   23        0.336232        0.487362        0.459417
     C   23       -0.074776        0.459417       -0.604485

     Cl  24       -0.330812        1.827294       -0.104806
     Cl  24        1.827294        1.937029        0.019795
     Cl  24       -0.104806        0.019795       -1.606217

     ----- total EFG (symmetrized) -----
     Cl   1       -0.183684       -0.321091       -0.337655
     Cl   1       -0.321091       -0.324646       -0.331192
     Cl   1       -0.337655       -0.331192        0.508331

     C    2        0.184893       -0.181996       -0.137073
     C    2       -0.181996        0.179630       -0.251015
     C    2       -0.137073       -0.251015       -0.364523

     C    3       -0.108037        0.255039       -0.285895
     C    3        0.255039        0.179423        0.049186
     C    3       -0.285895        0.049186       -0.071386

     H    4        0.313824       -0.155883        0.625746
     H    4       -0.155883       -0.231669        0.236634
     H    4        0.625746        0.236634       -0.082156

     C    5        0.317155        0.479844        0.218870
     C    5        0.479844       -0.079971       -0.054450
     C    5        0.218870       -0.054450       -0.237184

     H    6       -0.254761       -0.244880       -0.026085
     H    6       -0.244880        0.098893        0.342914
     H    6       -0.026085        0.342914        0.155867

     H    7       -0.313718       -0.208129       -0.019401
     H    7       -0.208129        0.322515       -0.026273
     H    7       -0.019401       -0.026273       -0.008797

     C    8       -0.708379       -0.139435       -0.068013
     C    8       -0.139435        0.819132       -0.147262
     C    8       -0.068013       -0.147262       -0.110753

     H    9        0.232456       -0.474674        0.176123
     H    9       -0.474674       -0.308163       -0.298417
     H    9        0.176123       -0.298417        0.075707

     C   10        0.090374        0.510585       -0.161468
     C   10        0.510585        0.354048        0.286444
     C   10       -0.161468        0.286444       -0.444421

     C   11       -0.628446       -0.315994       -0.036291
     C   11       -0.315994        0.733244       -0.107135
     C   11       -0.036291       -0.107135       -0.104798

     Cl  12        0.068240        1.219182       -0.093458
     Cl  12        1.219182        2.449530       -0.201216
     Cl  12       -0.093458       -0.201216       -2.517771

     H   13       -0.325597        0.217611       -0.121342
     H   13        0.217611        0.312743        0.102222
     H   13       -0.121342        0.102222        0.012854

     C   14       -0.532337        0.080238       -0.168404
     C   14        0.080238        0.600969        0.241705
     C   14       -0.168404        0.241705       -0.068632

     H   15        0.393609        0.489007        0.442542
     H   15        0.489007       -0.332054       -0.195156
     H   15        0.442542       -0.195156       -0.061555

     C   16        0.322841       -0.232943       -0.117071
     C   16       -0.232943       -0.143898       -0.131747
     C   16       -0.117071       -0.131747       -0.178942

     C   17       -0.497067        0.401533       -0.201377
     C   17        0.401533        0.369743        0.455914
     C   17       -0.201377        0.455914        0.127325

     Cl  18        0.626174       -0.799057       -0.154867
     Cl  18       -0.799057        0.083632       -0.158963
     Cl  18       -0.154867       -0.158963       -0.709806

     H   19       -0.109985       -0.179507        0.040187
     H   19       -0.179507       -0.128861       -0.380749
     H   19        0.040187       -0.380749        0.238846

     C   20        0.073536        0.453528       -0.098300
     C   20        0.453528        0.299471        0.268708
     C   20       -0.098300        0.268708       -0.373007

     H   21        0.388450        0.011975        0.355920
     H   21        0.011975       -0.656886        0.035129
     H   21        0.355920        0.035129        0.268436

     C   22       -0.750617       -0.174977        0.013545
     C   22       -0.174977        0.725329       -0.010721
     C   22        0.013545       -0.010721        0.025288

     C   23        0.117123        0.336232       -0.074776
     C   23        0.336232        0.487362        0.459417
     C   23       -0.074776        0.459417       -0.604485

     Cl  24       -0.330812        1.827294       -0.104806
     Cl  24        1.827294        1.937029        0.019795
     Cl  24       -0.104806        0.019795       -1.606217


     NQR/NMR SPECTROSCOPIC PARAMETERS:
     Cl   1    Vxx=    0.0706    axis=(  0.744072 -0.664278  0.071358)
     Cl   1    Vyy=    0.6871    axis=(  0.282654  0.216218 -0.934536)
     Cl   1    Vzz=   -0.7577    axis=(  0.605363  0.715531  0.348642)
     Cl   1  Q=        -8.1650 1e-30 m^2  Cq=        14.5356 MHz  eta= 0.81366

     C    2    Vxx=    0.1418    axis=(  0.729803  0.513021 -0.451882)
     C    2    Vyy=    0.3757    axis=(  0.627065 -0.765634  0.143506)
     C    2    Vzz=   -0.5176    axis=(  0.272355  0.388091  0.880459)
     C    2  Q=         1.0000 1e-30 m^2  Cq=        -1.2161 MHz  eta= 0.45193

     C    3    Vxx=    0.0944    axis=( -0.335247  0.572607  0.748152)
     C    3    Vyy=    0.3615    axis=( -0.591511 -0.746011  0.305912)
     C    3    Vzz=   -0.4558    axis=(  0.733297 -0.339984  0.588801)
     C    3  Q=         1.0000 1e-30 m^2  Cq=        -1.0710 MHz  eta= 0.58596

     H    4    Vxx=   -0.0639    axis=(  0.313333 -0.859753 -0.403296)
     H    4    Vyy=   -0.7085    axis=(  0.504186  0.510492 -0.696559)
     H    4    Vzz=    0.7724    axis=(  0.804748  0.014919  0.593429)
     H    4  Q=         1.0000 1e-30 m^2  Cq=         1.8148 MHz  eta= 0.83465

     C    5    Vxx=   -0.1536    axis=( -0.176716  0.546685 -0.818479)
     C    5    Vyy=   -0.5106    axis=( -0.523123  0.652224  0.548585)
     C    5    Vzz=    0.6642    axis=(  0.833735  0.525109  0.170725)
     C    5  Q=         1.0000 1e-30 m^2  Cq=         1.5606 MHz  eta= 0.53761

     H    6    Vxx=   -0.0961    axis=( -0.585025  0.450853 -0.674149)
     H    6    Vyy=   -0.4218    axis=( -0.773685 -0.559541  0.297196)
     H    6    Vzz=    0.5179    axis=( -0.243222  0.695446  0.676164)
     H    6  Q=         1.0000 1e-30 m^2  Cq=         1.2170 MHz  eta= 0.62891

     H    7    Vxx=   -0.0079    axis=( -0.081977  0.027579  0.996253)
     H    7    Vyy=   -0.3776    axis=(  0.955417  0.286675  0.070681)
     H    7    Vzz=    0.3855    axis=( -0.283652  0.957631 -0.049850)
     H    7  Q=         1.0000 1e-30 m^2  Cq=         0.9058 MHz  eta= 0.95887

     C    8    Vxx=   -0.1206    axis=( -0.144813  0.132184  0.980590)
     C    8    Vyy=   -0.7318    axis=(  0.986074  0.101185  0.131983)
     C    8    Vzz=    0.8524    axis=( -0.081775  0.986047 -0.144996)
     C    8  Q=         1.0000 1e-30 m^2  Cq=         2.0027 MHz  eta= 0.71711

     H    9    Vxx=   -0.0386    axis=( -0.535333  0.007656  0.844607)
     H    9    Vyy=   -0.6300    axis=(  0.424028  0.867256  0.260898)
     H    9    Vzz=    0.6686    axis=( -0.730493  0.497804 -0.467516)
     H    9  Q=         1.0000 1e-30 m^2  Cq=         1.5711 MHz  eta= 0.88445

     C   10    Vxx=   -0.0714    axis=( -0.681048  0.408005  0.608033)
     C   10    Vyy=   -0.6927    axis=(  0.443238 -0.431257  0.785848)
     C   10    Vzz=    0.7640    axis=( -0.582849 -0.804704 -0.112863)
     C   10  Q=         1.0000 1e-30 m^2  Cq=         1.7952 MHz  eta= 0.81322

     C   11    Vxx=   -0.1093    axis=( -0.118671  0.081331  0.989597)
     C   11    Vyy=   -0.7040    axis=(  0.970388  0.220676  0.098231)
     C   11    Vzz=    0.8132    axis=( -0.210391  0.971950 -0.105110)
     C   11  Q=         1.0000 1e-30 m^2  Cq=         1.9108 MHz  eta= 0.73132

     Cl  12    Vxx=   -0.4452    axis=(  0.921494 -0.388374 -0.003847)
     Cl  12    Vyy=   -2.5268    axis=( -0.019215 -0.035694 -0.999178)
     Cl  12    Vzz=    2.9720    axis=(  0.387918  0.920810 -0.040355)
     Cl  12  Q=        -8.1650 1e-30 m^2  Cq=       -57.0156 MHz  eta= 0.70039

     H   13    Vxx=    0.0495    axis=( -0.346731 -0.076391  0.934848)
     H   13    Vyy=    0.3908    axis=(  0.259163  0.950075  0.173758)
     H   13    Vzz=   -0.4403    axis=( -0.901450  0.302525 -0.309623)
     H   13  Q=         1.0000 1e-30 m^2  Cq=        -1.0345 MHz  eta= 0.77513

     C   14    Vxx=   -0.0725    axis=( -0.372534 -0.273837  0.886697)
     C   14    Vyy=   -0.6071    axis=( -0.927782  0.131487 -0.349188)
     C   14    Vzz=    0.6796    axis=( -0.020968 -0.952746 -0.303045)
     C   14  Q=         1.0000 1e-30 m^2  Cq=         1.5968 MHz  eta= 0.78657

     H   15    Vxx=    0.0192    axis=(  0.126587  0.610574 -0.781777)
     H   15    Vyy=    0.7697    axis=( -0.866257 -0.315938 -0.387016)
     H   15    Vzz=   -0.7889    axis=( -0.483295  0.726211  0.488920)
     H   15  Q=         1.0000 1e-30 m^2  Cq=        -1.8535 MHz  eta= 0.95131

     C   16    Vxx=   -0.0445    axis=( -0.159201 -0.632173  0.758296)
     C   16    Vyy=   -0.3806    axis=( -0.334956 -0.687945 -0.643846)
     C   16    Vzz=    0.4251    axis=( -0.928687  0.356496  0.102228)
     C   16  Q=         1.0000 1e-30 m^2  Cq=         0.9989 MHz  eta= 0.79052

     C   17    Vxx=    0.0483    axis=( -0.550239 -0.372566  0.747283)
     C   17    Vyy=    0.7555    axis=( -0.176839 -0.822648 -0.540350)
     C   17    Vzz=   -0.8038    axis=( -0.816067  0.429470 -0.386769)
     C   17  Q=         1.0000 1e-30 m^2  Cq=        -1.8887 MHz  eta= 0.87982

     Cl  18    Vxx=   -0.3539    axis=(  0.486909  0.698794 -0.524029)
     Cl  18    Vyy=   -0.8454    axis=(  0.316570  0.417976  0.851516)
     Cl  18    Vzz=    1.1993    axis=( -0.814066  0.580502  0.017701)
     Cl  18  Q=        -8.1650 1e-30 m^2  Cq=       -23.0087 MHz  eta= 0.40979

     H   19    Vxx=   -0.0806    axis=( -0.890623  0.233393  0.390280)
     H   19    Vyy=   -0.4254    axis=(  0.402280  0.804560  0.436868)
     H   19    Vzz=    0.5059    axis=(  0.212042 -0.546086  0.810449)
     H   19  Q=         1.0000 1e-30 m^2  Cq=         1.1887 MHz  eta= 0.68155

     C   20    Vxx=   -0.0917    axis=( -0.693040  0.384683  0.609684)
     C   20    Vyy=   -0.5853    axis=(  0.430782 -0.457134  0.778110)
     C   20    Vzz=    0.6770    axis=( -0.578033 -0.801902 -0.151098)
     C   20  Q=         1.0000 1e-30 m^2  Cq=         1.5907 MHz  eta= 0.72903

     H   21    Vxx=   -0.0319    axis=( -0.646384  0.030468  0.762403)
     H   21    Vyy=   -0.6582    axis=(  0.001667  0.999256 -0.038521)
     H   21    Vzz=    0.6901    axis=( -0.763010 -0.023629 -0.645955)
     H   21  Q=         1.0000 1e-30 m^2  Cq=         1.6215 MHz  eta= 0.90750

     C   22    Vxx=    0.0253    axis=( -0.013253 -0.018623 -0.999739)
     C   22    Vyy=    0.7460    axis=( -0.116259  0.993074 -0.016957)
     C   22    Vzz=   -0.7713    axis=(  0.993131  0.116004 -0.015326)
     C   22  Q=         1.0000 1e-30 m^2  Cq=        -1.8122 MHz  eta= 0.93448

     C   23    Vxx=    0.0262    axis=(  0.888373 -0.314547 -0.334445)
     C   23    Vyy=    0.7853    axis=(  0.409282  0.872639  0.266438)
     C   23    Vzz=   -0.8116    axis=(  0.208042 -0.373579  0.903968)
     C   23  Q=         1.0000 1e-30 m^2  Cq=        -1.9068 MHz  eta= 0.93537

     Cl  24    Vxx=   -1.3126    axis=( -0.824996  0.461923  0.325588)
     Cl  24    Vyy=   -1.6413    axis=(  0.287895 -0.152245  0.945483)
     Cl  24    Vzz=    2.9539    axis=( -0.486310 -0.873755  0.007384)
     Cl  24  Q=        -8.1650 1e-30 m^2  Cq=       -56.6688 MHz  eta= 0.11129

     Initialization:
     gipaw_setup  :      8.98s CPU     10.94s WALL (       1 calls)

     Linear response

     Apply operators

     Induced current

     Other routines
     efg          :      9.43s CPU     12.20s WALL (       1 calls)

     General routines
     calbec       :      3.22s CPU      4.42s WALL (      16 calls)
     fft          :      1.63s CPU      2.58s WALL (      15 calls)
     ffts         :      0.04s CPU      0.04s WALL (       2 calls)
     fftw         :      3.42s CPU      4.22s WALL (     672 calls)
     davcio       :      0.03s CPU      0.32s WALL (      32 calls)

     Parallel routines
     fft_scatter  :      2.48s CPU      4.03s WALL (     689 calls)

     Plugins

     GIPAW        :     62.46s CPU     74.25s WALL (       1 calls)
