
     Program QE v.6.0 (svn rev. 13079) starts on 24Dec2016 at 22:40:49 

     This program is part of the open-source Quantum ESPRESSO suite
     for quantum simulation of materials; please cite
         "P. Giannozzi et al., J. Phys.:Condens. Matter 21 395502 (2009);
          URL http://www.quantum-espresso.org", 
     in publications or presentations arising from this work. More details at
     http://www.quantum-espresso.org/quote

     Parallel version (MPI), running on     8 processors
     R & G space division:  proc/nbgrp/npool/nimage =       8

     ***** This is GIPAW svn revision unknown      *****

     Parallelizing q-star over 1 images

     Reading data from directory:
     /users/majewski/paradichlorobenzene/pbe/9_constraint/scratch/pbe.ecut100.np8.dt60.pcl2phi-129368.save
     Message from routine read_xml_file:
     file /users/majewski/paradichlorobenzene/pbe/9_constraint/scratch/pbe.ecut100.np8.dt60.pcl2phi-129368.save not guaranteed to be safe for post-processing

   Info: using nr1, nr2, nr3 values from input

   Info: using nr1, nr2, nr3 values from input

     IMPORTANT: XC functional enforced from input :
     Exchange-correlation      =  SLA  PW   PBX  PBC ( 1  4  3  4 0 0)
     Any further DFT definition will be discarded
     Please, verify this is what you really want

               file C.pbe-n-kjpaw_psl.1.0.0.UPF: wavefunction(s)  2S 2P renormalized
               file Cl.pbe-n-kjpaw_psl.1.0.0.UPF: wavefunction(s)  3S 3P renormalized
               file H.pbe-kjpaw_psl.1.0.0.UPF: wavefunction(s)  1S renormalized

     Parallelization info
     --------------------
     sticks:   dense  smooth     PW     G-vecs:    dense   smooth      PW
     Min        3057    1223    332               144436    36536    5170
     Max        3059    1225    333               144437    36537    5171
     Sum       24467    9791   2657              1155489   292295   41363


     Subspace diagonalization in iterative solution of the eigenvalue problem:
     a serial algorithm will be used

     GIPAW projectors -----------------------------------------------
     atom=  C    l=0  rc=    1.2000  rs=    0.8000
     atom=  C    l=0  rc=    1.2000  rs=    0.8000
     atom=  C    l=1  rc=    1.4000  rs=    0.9333
     atom=  C    l=1  rc=    1.4000  rs=    0.9333
     projs nearly linearly dependent: l=1  n1,n2= 1, 2  s=  0.99951561

     atom=  Cl   l=0  rc=    1.6000  rs=    1.0667
     atom=  Cl   l=0  rc=    1.6000  rs=    1.0667
     atom=  Cl   l=1  rc=    1.6000  rs=    1.0667
     atom=  Cl   l=1  rc=    1.6000  rs=    1.0667
     atom=  Cl   l=2  rc=    1.6000  rs=    1.0667
     atom=  Cl   l=2  rc=    1.6000  rs=    1.0667
     projs nearly linearly dependent: l=2  n1,n2= 1, 2  s=  0.99993509

     atom=  H    l=0  rc=    1.0000  rs=    0.6667
     atom=  H    l=0  rc=    1.0000  rs=    0.6667
     projs nearly linearly dependent: l=0  n1,n2= 1, 2  s=  0.99968852
     -----------------------------------------------------------------

     GIPAW integrals: -------------------------------------------
     Atom  i/j   nmr_para   nmr_dia   epr_rmc  epr_para   epr_dia
       C   1 1   0.83E+03  0.17E-01  0.93E+01  0.24E+08  0.24E+03
       C   2 1   0.86E+03 -0.61E-01  0.94E+01  0.25E+08  0.25E+03
       C   2 2   0.90E+03 -0.15E+00  0.97E+01  0.26E+08  0.26E+03
       C   3 3   0.33E+01  0.34E+00  0.18E+01  0.55E+03  0.21E+02
       C   4 3   0.35E+01  0.37E+00  0.20E+01  0.59E+03  0.22E+02
       C   4 4   0.38E+01  0.39E+00  0.22E+01  0.63E+03  0.24E+02
       Cl  1 1   0.14E+04 -0.47E+00  0.84E+01  0.32E+09  0.42E+03
       Cl  2 1   0.21E+04 -0.37E+00  0.12E+02  0.49E+09  0.65E+03
       Cl  2 2   0.33E+04 -0.16E+00  0.21E+02  0.76E+09  0.10E+04
       Cl  3 3   0.21E+02  0.79E-01  0.89E+01  0.23E+05  0.13E+03
       Cl  4 3   0.24E+02  0.67E-01  0.99E+01  0.27E+05  0.15E+03
       Cl  4 4   0.28E+02  0.44E-01  0.11E+02  0.32E+05  0.18E+03
       Cl  5 5   0.77E+00  0.19E+00  0.18E+01  0.12E+03  0.22E+02
       Cl  6 5   0.80E+00  0.19E+00  0.19E+01  0.12E+03  0.23E+02
       Cl  6 6   0.83E+00  0.20E+00  0.19E+01  0.12E+03  0.23E+02
       H   1 1   0.39E+02  0.19E+00  0.29E+00  0.78E+05  0.13E+02
       H   2 1   0.41E+02  0.21E+00  0.32E+00  0.82E+05  0.14E+02
       H   2 2   0.43E+02  0.22E+00  0.36E+00  0.86E+05  0.15E+02
     ------------------------------------------------------------

     alpha_pv=     33.9478 eV

     Number of occupied bands for each k-point:
     k-point:     1    nbnd_occ=  42
     k-point:     2    nbnd_occ=  42
     k-point:     3    nbnd_occ=  42
     k-point:     4    nbnd_occ=  42
     k-point:     5    nbnd_occ=  42
     k-point:     6    nbnd_occ=  42
     k-point:     7    nbnd_occ=  42
     k-point:     8    nbnd_occ=  42
     k-point:     9    nbnd_occ=  42
     k-point:    10    nbnd_occ=  42
     k-point:    11    nbnd_occ=  42
     k-point:    12    nbnd_occ=  42
     k-point:    13    nbnd_occ=  42
     k-point:    14    nbnd_occ=  42
     k-point:    15    nbnd_occ=  42
     k-point:    16    nbnd_occ=  42


     q-space interpolation up to   110.00 Rydberg

     GIPAW job: efg                                                                             


     ELECTRIC FIELD GRADIENTS TENSORS IN Hartree/bohrradius^2:

     ----- bare term -----
     Cl   1        0.017692        0.057550        0.020532
     Cl   1        0.057550        0.043956        0.054810
     Cl   1        0.020532        0.054810       -0.061647

     C    2       -0.791224        0.462121       -0.362954
     C    2        0.462121        0.350355       -0.025738
     C    2       -0.362954       -0.025738        0.440869

     C    3        0.117993       -0.124357       -0.115963
     C    3       -0.124357       -0.436756       -0.459104
     C    3       -0.115963       -0.459104        0.318763

     H    4       -0.580069       -0.027127        0.167444
     H    4       -0.027127        0.341608       -0.258054
     H    4        0.167444       -0.258054        0.238461

     C    5       -0.448208        0.381752       -0.372795
     C    5        0.381752        0.028273        0.040265
     C    5       -0.372795        0.040265        0.419935

     H    6       -0.157899       -0.335469        0.130120
     H    6       -0.335469       -0.313160       -0.260517
     H    6        0.130120       -0.260517        0.471059

     H    7        0.444961        0.099483       -0.088726
     H    7        0.099483       -0.299607        0.629924
     H    7       -0.088726        0.629924       -0.145355

     C    8       -0.150966       -0.279329       -0.154114
     C    8       -0.279329       -0.234643        0.350305
     C    8       -0.154114        0.350305        0.385609

     H    9       -0.167769        0.233908       -0.487365
     H    9        0.233908        0.261353        0.366328
     H    9       -0.487365        0.366328       -0.093583

     C   10       -0.437440       -0.353655       -0.301023
     C   10       -0.353655        0.032435        0.361877
     C   10       -0.301023        0.361877        0.405005

     C   11       -0.089347        0.009215       -0.294798
     C   11        0.009215        0.023439        0.704976
     C   11       -0.294798        0.704976        0.065908

     Cl  12       -0.250462       -0.267945       -0.017055
     Cl  12       -0.267945        0.213800        0.065335
     Cl  12       -0.017055        0.065335        0.036662

     H   13        0.257062       -0.357456        0.100890
     H   13       -0.357456       -0.557500        0.134975
     H   13        0.100890        0.134975        0.300438

     C   14        0.032260       -0.007387       -0.101572
     C   14       -0.007387       -0.138677       -0.224411
     C   14       -0.101572       -0.224411        0.106417

     H   15       -0.207622       -0.405096        0.114470
     H   15       -0.405096       -0.049944        0.189609
     H   15        0.114470        0.189609        0.257566

     C   16       -0.271571        0.221339        0.007639
     C   16        0.221339       -0.061085       -0.241372
     C   16        0.007639       -0.241372        0.332656

     C   17       -0.000430       -0.362445       -0.429152
     C   17       -0.362445       -0.048754       -0.671044
     C   17       -0.429152       -0.671044        0.049185

     Cl  18       -0.106209        0.155314        0.125836
     Cl  18        0.155314       -0.095293       -0.058366
     Cl  18        0.125836       -0.058366        0.201502

     H   19        0.482469       -0.051545       -0.233632
     H   19       -0.051545       -0.141937        0.294217
     H   19       -0.233632        0.294217       -0.340532

     C   20       -0.662685       -0.354079       -0.237284
     C   20       -0.354079        0.340753        0.334865
     C   20       -0.237284        0.334865        0.321931

     H   21       -0.174420       -0.010464       -0.560275
     H   21       -0.010464        0.178780       -0.086333
     H   21       -0.560275       -0.086333       -0.004360

     C   22       -0.045899       -0.144569       -0.206938
     C   22       -0.144569       -0.042304        0.671933
     C   22       -0.206938        0.671933        0.088203

     C   23       -0.495659       -0.291394       -0.400358
     C   23       -0.291394        0.250208        0.176969
     C   23       -0.400358        0.176969        0.245451

     Cl  24       -0.019245       -0.105614        0.003568
     Cl  24       -0.105614        0.138844       -0.046516
     Cl  24        0.003568       -0.046516       -0.119599

     ----- ionic term -----
     Cl   1        0.140056       -0.231992        0.000013
     Cl   1       -0.231992        0.037848       -0.001099
     Cl   1        0.000013       -0.001099       -0.177904

     C    2        0.308895       -0.070287        0.170136
     C    2       -0.070287        0.265409        0.282114
     C    2        0.170136        0.282114       -0.574303

     C    3        0.160198       -0.143884        0.132103
     C    3       -0.143884        0.363044        0.307255
     C    3        0.132103        0.307255       -0.523242

     H    4        0.780700        0.378480        0.498983
     H    4        0.378480       -0.341692        0.188129
     H    4        0.498983        0.188129       -0.439008

     C    5        0.336264       -0.083614        0.161812
     C    5       -0.083614        0.170879        0.255955
     C    5        0.161812        0.255955       -0.507143

     H    6       -0.442139        0.309214        0.149202
     H    6        0.309214        0.669967        0.605620
     H    6        0.149202        0.605620       -0.227829

     H    7       -0.526883       -0.046801        0.053429
     H    7       -0.046801        0.547633       -0.766761
     H    7        0.053429       -0.766761       -0.020750

     C    8        0.265409        0.206281        0.269910
     C    8        0.206281       -0.009591       -0.347968
     C    8        0.269910       -0.347968       -0.255818

     H    9        0.433066       -0.234195        0.751036
     H    9       -0.234195       -0.471645       -0.275434
     H    9        0.751036       -0.275434        0.038579

     C   10        0.082836        0.265469        0.170090
     C   10        0.265469        0.133041       -0.477616
     C   10        0.170090       -0.477616       -0.215877

     C   11        0.207854        0.216953        0.278448
     C   11        0.216953        0.037496       -0.437066
     C   11        0.278448       -0.437066       -0.245351

     Cl  12        0.167050        0.216557        0.003969
     Cl  12        0.216557       -0.002353       -0.009635
     Cl  12        0.003969       -0.009635       -0.164697

     H   13       -0.427899        0.354860        0.104047
     H   13        0.354860        0.838770        0.451331
     H   13        0.104047        0.451331       -0.410871

     C   14        0.358408       -0.026487        0.143061
     C   14       -0.026487        0.180558        0.233699
     C   14        0.143061        0.233699       -0.538966

     H   15        0.774931        0.554992        0.244087
     H   15        0.554992       -0.184987        0.137692
     H   15        0.244087        0.137692       -0.589944

     C   16        0.144729       -0.037737        0.067126
     C   16       -0.037737        0.411485        0.289673
     C   16        0.067126        0.289673       -0.556214

     C   17        0.241734       -0.008608        0.147582
     C   17       -0.008608        0.306060        0.286477
     C   17        0.147582        0.286477       -0.547793

     Cl  18        0.100379       -0.162273       -0.020341
     Cl  18       -0.162273        0.042838        0.013573
     Cl  18       -0.020341        0.013573       -0.143217

     H   19       -0.501908       -0.174526        0.128505
     H   19       -0.174526        0.531411       -0.762810
     H   19        0.128505       -0.762810       -0.029503

     C   20        0.281741        0.177908        0.268803
     C   20        0.177908       -0.020115       -0.327772
     C   20        0.268803       -0.327772       -0.261626

     H   21        0.564113       -0.285267        0.702898
     H   21       -0.285267       -0.442401       -0.247247
     H   21        0.702898       -0.247247       -0.121712

     C   22        0.166317        0.215607        0.192022
     C   22        0.215607        0.076599       -0.408198
     C   22        0.192022       -0.408198       -0.242916

     C   23        0.185770        0.139344        0.337709
     C   23        0.139344        0.017313       -0.405707
     C   23        0.337709       -0.405707       -0.203083

     Cl  24        0.117400        0.197935        0.013685
     Cl  24        0.197935        0.022772       -0.000823
     Cl  24        0.013685       -0.000823       -0.140172

     ----- GIPAW term -----
     Cl   1       -0.021632       -0.672123        0.263900
     Cl   1       -0.672123        2.333847        1.181777
     Cl   1        0.263900        1.181777       -2.312215

     C    2       -0.170552        0.013820       -0.029332
     C    2        0.013820        0.234748        0.130388
     C    2       -0.029332        0.130388       -0.064196

     C    3       -0.049531       -0.084788       -0.052521
     C    3       -0.084788       -0.014284        0.100369
     C    3       -0.052521        0.100369        0.063815

     H    4       -0.000000        0.000000        0.000000
     H    4        0.000000        0.000000        0.000000
     H    4        0.000000        0.000000        0.000000

     C    5        0.007649       -0.044367       -0.153334
     C    5       -0.044367       -0.036211        0.105032
     C    5       -0.153334        0.105032        0.028562

     H    6       -0.000000        0.000000        0.000000
     H    6        0.000000        0.000000        0.000000
     H    6        0.000000        0.000000        0.000000

     H    7       -0.000000        0.000000        0.000000
     H    7        0.000000        0.000000        0.000000
     H    7        0.000000        0.000000        0.000000

     C    8       -0.067153       -0.095355        0.029105
     C    8       -0.095355        0.001257       -0.054634
     C    8        0.029105       -0.054634        0.065896

     H    9       -0.000000        0.000000        0.000000
     H    9        0.000000        0.000000        0.000000
     H    9        0.000000        0.000000        0.000000

     C   10       -0.139228       -0.083480       -0.073298
     C   10       -0.083480        0.115809        0.042964
     C   10       -0.073298        0.042964        0.023419

     C   11       -0.032435        0.062434       -0.061188
     C   11        0.062434        0.180827        0.184633
     C   11       -0.061188        0.184633       -0.148391

     Cl  12       -0.528807        0.481592       -0.238966
     Cl  12        0.481592        2.471064        0.630599
     Cl  12       -0.238966        0.630599       -1.942258

     H   13       -0.000000        0.000000        0.000000
     H   13        0.000000        0.000000        0.000000
     H   13        0.000000        0.000000        0.000000

     C   14       -0.023511        0.028649       -0.007039
     C   14        0.028649        0.085756       -0.076588
     C   14       -0.007039       -0.076588       -0.062246

     H   15       -0.000000        0.000000        0.000000
     H   15        0.000000        0.000000        0.000000
     H   15        0.000000        0.000000        0.000000

     C   16       -0.101086        0.030918       -0.015588
     C   16        0.030918        0.043815       -0.122327
     C   16       -0.015588       -0.122327        0.057271

     C   17        0.044374       -0.285245       -0.064831
     C   17       -0.285245        0.122214       -0.091718
     C   17       -0.064831       -0.091718       -0.166588

     Cl  18        0.986378       -1.711645        1.058087
     Cl  18       -1.711645       -0.687835       -0.462249
     Cl  18        1.058087       -0.462249       -0.298543

     H   19       -0.000000        0.000000        0.000000
     H   19        0.000000        0.000000        0.000000
     H   19        0.000000        0.000000        0.000000

     C   20       -0.206864       -0.052870       -0.022867
     C   20       -0.052870        0.214861        0.178179
     C   20       -0.022867        0.178179       -0.007997

     H   21       -0.000000        0.000000        0.000000
     H   21        0.000000        0.000000        0.000000
     H   21        0.000000        0.000000        0.000000

     C   22       -0.124737       -0.004871       -0.034283
     C   22       -0.004871        0.226440        0.171253
     C   22       -0.034283        0.171253       -0.101702

     C   23       -0.052107       -0.083446       -0.002951
     C   23       -0.083446        0.171817       -0.090257
     C   23       -0.002951       -0.090257       -0.119710

     Cl  24        0.419491        0.434267        0.120112
     Cl  24        0.434267        2.252014       -0.518170
     Cl  24        0.120112       -0.518170       -2.671505

     ----- total EFG -----
     Cl   1        0.136116       -0.846564        0.284445
     Cl   1       -0.846564        2.415650        1.235489
     Cl   1        0.284445        1.235489       -2.551767

     C    2       -0.652881        0.405653       -0.222150
     C    2        0.405653        0.850511        0.386765
     C    2       -0.222150        0.386765       -0.197630

     C    3        0.228660       -0.353029       -0.036381
     C    3       -0.353029       -0.087996       -0.051481
     C    3       -0.036381       -0.051481       -0.140664

     H    4        0.200631        0.351353        0.666427
     H    4        0.351353       -0.000084       -0.069925
     H    4        0.666427       -0.069925       -0.200547

     C    5       -0.104295        0.253771       -0.364318
     C    5        0.253771        0.162941        0.401252
     C    5       -0.364318        0.401252       -0.058646

     H    6       -0.600037       -0.026255        0.279322
     H    6       -0.026255        0.356807        0.345103
     H    6        0.279322        0.345103        0.243230

     H    7       -0.081921        0.052682       -0.035297
     H    7        0.052682        0.248026       -0.136837
     H    7       -0.035297       -0.136837       -0.166105

     C    8        0.047290       -0.168403        0.144900
     C    8       -0.168403       -0.242977       -0.052297
     C    8        0.144900       -0.052297        0.195687

     H    9        0.265297       -0.000288        0.263671
     H    9       -0.000288       -0.210292        0.090894
     H    9        0.263671        0.090894       -0.055005

     C   10       -0.493832       -0.171666       -0.204230
     C   10       -0.171666        0.281285       -0.072775
     C   10       -0.204230       -0.072775        0.212547

     C   11        0.086072        0.288602       -0.077539
     C   11        0.288602        0.241762        0.452542
     C   11       -0.077539        0.452542       -0.327834

     Cl  12       -0.612219        0.430204       -0.252052
     Cl  12        0.430204        2.682512        0.686299
     Cl  12       -0.252052        0.686299       -2.070293

     H   13       -0.170837       -0.002596        0.204937
     H   13       -0.002596        0.281270        0.586306
     H   13        0.204937        0.586306       -0.110432

     C   14        0.367157       -0.005226        0.034450
     C   14       -0.005226        0.127638       -0.067299
     C   14        0.034450       -0.067299       -0.494795

     H   15        0.567309        0.149896        0.358557
     H   15        0.149896       -0.234931        0.327301
     H   15        0.358557        0.327301       -0.332378

     C   16       -0.227928        0.214520        0.059177
     C   16        0.214520        0.394216       -0.074026
     C   16        0.059177       -0.074026       -0.166287

     C   17        0.285677       -0.656298       -0.346400
     C   17       -0.656298        0.379519       -0.476286
     C   17       -0.346400       -0.476286       -0.665197

     Cl  18        0.980548       -1.718605        1.163582
     Cl  18       -1.718605       -0.740290       -0.507042
     Cl  18        1.163582       -0.507042       -0.240259

     H   19       -0.019439       -0.226071       -0.105127
     H   19       -0.226071        0.389474       -0.468593
     H   19       -0.105127       -0.468593       -0.370035

     C   20       -0.587808       -0.229041        0.008652
     C   20       -0.229041        0.535499        0.185271
     C   20        0.008652        0.185271        0.052309

     H   21        0.389693       -0.295732        0.142623
     H   21       -0.295732       -0.263621       -0.333580
     H   21        0.142623       -0.333580       -0.126072

     C   22       -0.004319        0.066167       -0.049198
     C   22        0.066167        0.260735        0.434988
     C   22       -0.049198        0.434988       -0.256415

     C   23       -0.361996       -0.235495       -0.065600
     C   23       -0.235495        0.439338       -0.318996
     C   23       -0.065600       -0.318996       -0.077342

     Cl  24        0.517645        0.526588        0.137364
     Cl  24        0.526588        2.413631       -0.565509
     Cl  24        0.137364       -0.565509       -2.931276

     ----- total EFG (symmetrized) -----
     Cl   1        0.136116       -0.846564        0.284445
     Cl   1       -0.846564        2.415650        1.235489
     Cl   1        0.284445        1.235489       -2.551767

     C    2       -0.652881        0.405653       -0.222150
     C    2        0.405653        0.850511        0.386765
     C    2       -0.222150        0.386765       -0.197630

     C    3        0.228660       -0.353029       -0.036381
     C    3       -0.353029       -0.087996       -0.051481
     C    3       -0.036381       -0.051481       -0.140664

     H    4        0.200631        0.351353        0.666427
     H    4        0.351353       -0.000084       -0.069925
     H    4        0.666427       -0.069925       -0.200547

     C    5       -0.104295        0.253771       -0.364318
     C    5        0.253771        0.162941        0.401252
     C    5       -0.364318        0.401252       -0.058646

     H    6       -0.600037       -0.026255        0.279322
     H    6       -0.026255        0.356807        0.345103
     H    6        0.279322        0.345103        0.243230

     H    7       -0.081921        0.052682       -0.035297
     H    7        0.052682        0.248026       -0.136837
     H    7       -0.035297       -0.136837       -0.166105

     C    8        0.047290       -0.168403        0.144900
     C    8       -0.168403       -0.242977       -0.052297
     C    8        0.144900       -0.052297        0.195687

     H    9        0.265297       -0.000288        0.263671
     H    9       -0.000288       -0.210292        0.090894
     H    9        0.263671        0.090894       -0.055005

     C   10       -0.493832       -0.171666       -0.204230
     C   10       -0.171666        0.281285       -0.072775
     C   10       -0.204230       -0.072775        0.212547

     C   11        0.086072        0.288602       -0.077539
     C   11        0.288602        0.241762        0.452542
     C   11       -0.077539        0.452542       -0.327834

     Cl  12       -0.612219        0.430204       -0.252052
     Cl  12        0.430204        2.682512        0.686299
     Cl  12       -0.252052        0.686299       -2.070293

     H   13       -0.170837       -0.002596        0.204937
     H   13       -0.002596        0.281270        0.586306
     H   13        0.204937        0.586306       -0.110432

     C   14        0.367157       -0.005226        0.034450
     C   14       -0.005226        0.127638       -0.067299
     C   14        0.034450       -0.067299       -0.494795

     H   15        0.567309        0.149896        0.358557
     H   15        0.149896       -0.234931        0.327301
     H   15        0.358557        0.327301       -0.332378

     C   16       -0.227928        0.214520        0.059177
     C   16        0.214520        0.394216       -0.074026
     C   16        0.059177       -0.074026       -0.166287

     C   17        0.285677       -0.656298       -0.346400
     C   17       -0.656298        0.379519       -0.476286
     C   17       -0.346400       -0.476286       -0.665197

     Cl  18        0.980548       -1.718605        1.163582
     Cl  18       -1.718605       -0.740290       -0.507042
     Cl  18        1.163582       -0.507042       -0.240259

     H   19       -0.019439       -0.226071       -0.105127
     H   19       -0.226071        0.389474       -0.468593
     H   19       -0.105127       -0.468593       -0.370035

     C   20       -0.587808       -0.229041        0.008652
     C   20       -0.229041        0.535499        0.185271
     C   20        0.008652        0.185271        0.052309

     H   21        0.389693       -0.295732        0.142623
     H   21       -0.295732       -0.263621       -0.333580
     H   21        0.142623       -0.333580       -0.126072

     C   22       -0.004319        0.066167       -0.049198
     C   22        0.066167        0.260735        0.434988
     C   22       -0.049198        0.434988       -0.256415

     C   23       -0.361996       -0.235495       -0.065600
     C   23       -0.235495        0.439338       -0.318996
     C   23       -0.065600       -0.318996       -0.077342

     Cl  24        0.517645        0.526588        0.137364
     Cl  24        0.526588        2.413631       -0.565509
     Cl  24        0.137364       -0.565509       -2.931276


     NQR/NMR SPECTROSCOPIC PARAMETERS:
     Cl   1    Vxx=    0.0010    axis=(  0.950814  0.223737  0.214230)
     Cl   1    Vyy=    2.9161    axis=( -0.266766  0.942953  0.199186)
     Cl   1    Vzz=   -2.9171    axis=( -0.157444 -0.246538  0.956259)
     Cl   1  Q=        -8.1650 1e-30 m^2  Cq=        55.9636 MHz  eta= 0.99931

     C    2    Vxx=   -0.1365    axis=( -0.482399 -0.140531  0.864605)
     C    2    Vyy=   -0.9032    axis=( -0.854554  0.292334 -0.429276)
     C    2    Vzz=    1.0398    axis=(  0.192427  0.945935  0.261112)
     C    2  Q=         1.0000 1e-30 m^2  Cq=         2.4431 MHz  eta= 0.73736

     C    3    Vxx=   -0.1204    axis=( -0.162643 -0.258954  0.952098)
     C    3    Vyy=   -0.3368    axis=(  0.518298  0.798672  0.305763)
     C    3    Vzz=    0.4573    axis=( -0.839592  0.543200  0.004317)
     C    3  Q=         1.0000 1e-30 m^2  Cq=         1.0744 MHz  eta= 0.47317

     H    4    Vxx=    0.0146    axis=( -0.053246  0.889390 -0.454038)
     H    4    Vyy=    0.7754    axis=(  0.794590  0.313122  0.520174)
     H    4    Vzz=   -0.7899    axis=(  0.604807 -0.333077 -0.723373)
     H    4  Q=         1.0000 1e-30 m^2  Cq=        -1.8560 MHz  eta= 0.96309

     C    5    Vxx=    0.2271    axis=(  0.798334  0.412236 -0.439005)
     C    5    Vyy=    0.4695    axis=(  0.055461 -0.776214 -0.628026)
     C    5    Vzz=   -0.6965    axis=(  0.599656 -0.477027  0.642540)
     C    5  Q=         1.0000 1e-30 m^2  Cq=        -1.6366 MHz  eta= 0.34797

     H    6    Vxx=    0.0291    axis=(  0.323132 -0.673843  0.664471)
     H    6    Vyy=    0.6713    axis=(  0.132866  0.727487  0.673134)
     H    6    Vzz=   -0.7004    axis=( -0.936980 -0.129226  0.324605)
     H    6  Q=         1.0000 1e-30 m^2  Cq=        -1.6457 MHz  eta= 0.91692

     H    7    Vxx=   -0.0887    axis=(  0.975685 -0.194050 -0.101897)
     H    7    Vyy=   -0.2101    axis=(  0.152431  0.266711  0.951646)
     H    7    Vzz=    0.2988    axis=( -0.157490 -0.944039  0.289806)
     H    7  Q=         1.0000 1e-30 m^2  Cq=         0.7021 MHz  eta= 0.40625

     C    8    Vxx=    0.0027    axis=( -0.701683  0.348742  0.621305)
     C    8    Vyy=    0.3178    axis=(  0.571752 -0.244716  0.783080)
     C    8    Vzz=   -0.3205    axis=( -0.425136 -0.904706  0.027681)
     C    8  Q=         1.0000 1e-30 m^2  Cq=        -0.7531 MHz  eta= 0.98324

     H    9    Vxx=   -0.1291    axis=(  0.406039 -0.682172 -0.608091)
     H    9    Vyy=   -0.2877    axis=(  0.295506  0.727673 -0.619005)
     H    9    Vzz=    0.4168    axis=( -0.864759 -0.071645 -0.497050)
     H    9  Q=         1.0000 1e-30 m^2  Cq=         0.9794 MHz  eta= 0.38057

     C   10    Vxx=    0.2573    axis=( -0.320658  0.361463  0.875513)
     C   10    Vyy=    0.3306    axis=(  0.088286 -0.908892  0.407579)
     C   10    Vzz=   -0.5879    axis=(  0.943072  0.207989  0.259531)
     C   10  Q=         1.0000 1e-30 m^2  Cq=        -1.3813 MHz  eta= 0.12467

     C   11    Vxx=    0.0498    axis=(  0.861830 -0.229711 -0.452196)
     C   11    Vyy=    0.5906    axis=( -0.416750 -0.828873 -0.373215)
     C   11    Vzz=   -0.6405    axis=(  0.289082 -0.510101  0.810080)
     C   11  Q=         1.0000 1e-30 m^2  Cq=        -1.5048 MHz  eta= 0.84439

     Cl  12    Vxx=   -0.5963    axis=(  0.974841 -0.084753 -0.206161)
     Cl  12    Vyy=   -2.2280    axis=(  0.191799 -0.152309  0.969544)
     Cl  12    Vzz=    2.8243    axis=( -0.113572 -0.984692 -0.132221)
     Cl  12  Q=        -8.1650 1e-30 m^2  Cq=       -54.1825 MHz  eta= 0.57772

     H   13    Vxx=   -0.1195    axis=(  0.918493 -0.324548  0.225919)
     H   13    Vyy=   -0.6000    axis=( -0.371922 -0.514929  0.772348)
     H   13    Vzz=    0.7195    axis=(  0.134332  0.793421  0.593665)
     H   13  Q=         1.0000 1e-30 m^2  Cq=         1.6906 MHz  eta= 0.66780

     C   14    Vxx=    0.1345    axis=(  0.037755  0.993838 -0.104219)
     C   14    Vyy=    0.3688    axis=(  0.998538 -0.033482  0.042443)
     C   14    Vzz=   -0.5033    axis=( -0.038692  0.105669  0.993648)
     C   14  Q=         1.0000 1e-30 m^2  Cq=        -1.1825 MHz  eta= 0.46553

     H   15    Vxx=   -0.1154    axis=(  0.419216 -0.773927 -0.474653)
     H   15    Vyy=   -0.6437    axis=(  0.164764  0.578983 -0.798518)
     H   15    Vzz=    0.7591    axis=(  0.892811  0.256546  0.370234)
     H   15  Q=         1.0000 1e-30 m^2  Cq=         1.7835 MHz  eta= 0.69597

     C   16    Vxx=   -0.1329    axis=(  0.439319 -0.052845  0.896776)
     C   16    Vyy=   -0.3326    axis=( -0.850964  0.295396  0.434283)
     C   16    Vzz=    0.4655    axis=( -0.287854 -0.953912  0.084804)
     C   16  Q=         1.0000 1e-30 m^2  Cq=         1.0938 MHz  eta= 0.42889

     C   17    Vxx=    0.1022    axis=(  0.637956  0.491346 -0.592951)
     C   17    Vyy=    0.9995    axis=( -0.653521  0.752735 -0.079374)
     C   17    Vzz=   -1.1017    axis=(  0.407335  0.438143  0.801317)
     C   17  Q=         1.0000 1e-30 m^2  Cq=        -2.5886 MHz  eta= 0.81453

     Cl  18    Vxx=   -0.7701    axis=( -0.260008  0.345594  0.901643)
     Cl  18    Vyy=   -1.8293    axis=(  0.560452  0.814392 -0.150533)
     Cl  18    Vzz=    2.5994    axis=( -0.786314  0.466187 -0.405438)
     Cl  18  Q=        -8.1650 1e-30 m^2  Cq=       -49.8688 MHz  eta= 0.40745

     H   19    Vxx=    0.0014    axis=(  0.923770  0.088150 -0.372665)
     H   19    Vyy=    0.6522    axis=( -0.240004  0.891582 -0.384032)
     H   19    Vzz=   -0.6536    axis=(  0.298409  0.444198  0.844772)
     H   19  Q=         1.0000 1e-30 m^2  Cq=        -1.5356 MHz  eta= 0.99572

     C   20    Vxx=   -0.0005    axis=(  0.122150 -0.277228  0.953008)
     C   20    Vyy=   -0.6357    axis=( -0.977193 -0.201642  0.066592)
     C   20    Vzz=    0.6361    axis=(  0.173705 -0.939407 -0.295536)
     C   20  Q=         1.0000 1e-30 m^2  Cq=         1.4947 MHz  eta= 0.99850

     H   21    Vxx=   -0.0420    axis=(  0.527947  0.412745 -0.742236)
     H   21    Vyy=   -0.5590    axis=(  0.166279  0.806811  0.566927)
     H   21    Vzz=    0.6010    axis=(  0.832841 -0.422726  0.357322)
     H   21  Q=         1.0000 1e-30 m^2  Cq=         1.4121 MHz  eta= 0.86016

     C   22    Vxx=    0.0047    axis=(  0.987070  0.015895 -0.159502)
     C   22    Vyy=    0.5104    axis=( -0.065048 -0.869731 -0.489220)
     C   22    Vzz=   -0.5151    axis=( -0.146500  0.493269 -0.857452)
     C   22  Q=         1.0000 1e-30 m^2  Cq=        -1.2102 MHz  eta= 0.98176

     C   23    Vxx=   -0.1352    axis=( -0.502157  0.253259  0.826860)
     C   23    Vyy=   -0.4917    axis=(  0.843946  0.352118  0.404683)
     C   23    Vzz=    0.6269    axis=( -0.188662  0.901040 -0.390556)
     C   23  Q=         1.0000 1e-30 m^2  Cq=         1.4730 MHz  eta= 0.56866

     Cl  24    Vxx=    0.4031    axis=(  0.969567 -0.231653  0.079232)
     Cl  24    Vyy=    2.5980    axis=(  0.238556  0.966671 -0.092941)
     Cl  24    Vzz=   -3.0010    axis=( -0.055061  0.109014  0.992514)
     Cl  24  Q=        -8.1650 1e-30 m^2  Cq=        57.5729 MHz  eta= 0.73139

     Initialization:
     gipaw_setup  :      9.14s CPU     11.18s WALL (       1 calls)

     Linear response

     Apply operators

     Induced current

     Other routines
     efg          :      9.08s CPU     11.50s WALL (       1 calls)

     General routines
     calbec       :      3.33s CPU      4.52s WALL (      16 calls)
     fft          :      1.72s CPU      2.83s WALL (      15 calls)
     ffts         :      0.04s CPU      0.05s WALL (       2 calls)
     fftw         :      3.15s CPU      3.75s WALL (     672 calls)
     davcio       :      0.02s CPU      0.29s WALL (      32 calls)

     Parallel routines
     fft_scatter  :      2.34s CPU      3.86s WALL (     689 calls)

     Plugins

     GIPAW        :     61.67s CPU     77.76s WALL (       1 calls)
