
     Program QE v.6.0 (svn rev. 13079) starts on 14Jan2017 at  7: 8:54 

     This program is part of the open-source Quantum ESPRESSO suite
     for quantum simulation of materials; please cite
         "P. Giannozzi et al., J. Phys.:Condens. Matter 21 395502 (2009);
          URL http://www.quantum-espresso.org", 
     in publications or presentations arising from this work. More details at
     http://www.quantum-espresso.org/quote

     Parallel version (MPI), running on     8 processors
     R & G space division:  proc/nbgrp/npool/nimage =       8

     ***** This is GIPAW svn revision unknown      *****

     Parallelizing q-star over 1 images

     Reading data from directory:
     /users/majewski/paradichlorobenzene/pbe/9_constraint/scratch/pbe.ecut100.np8.dt60.pcl2phi-129368.save
     Message from routine read_xml_file:
     file /users/majewski/paradichlorobenzene/pbe/9_constraint/scratch/pbe.ecut100.np8.dt60.pcl2phi-129368.save not guaranteed to be safe for post-processing

   Info: using nr1, nr2, nr3 values from input

   Info: using nr1, nr2, nr3 values from input

     IMPORTANT: XC functional enforced from input :
     Exchange-correlation      =  SLA  PW   PBX  PBC ( 1  4  3  4 0 0)
     Any further DFT definition will be discarded
     Please, verify this is what you really want

               file C.pbe-n-kjpaw_psl.1.0.0.UPF: wavefunction(s)  2S 2P renormalized
               file Cl.pbe-n-kjpaw_psl.1.0.0.UPF: wavefunction(s)  3S 3P renormalized
               file H.pbe-kjpaw_psl.1.0.0.UPF: wavefunction(s)  1S renormalized

     Parallelization info
     --------------------
     sticks:   dense  smooth     PW     G-vecs:    dense   smooth      PW
     Min        3057    1223    332               144436    36536    5170
     Max        3059    1225    333               144437    36537    5171
     Sum       24467    9791   2657              1155489   292295   41363


     Subspace diagonalization in iterative solution of the eigenvalue problem:
     a serial algorithm will be used

     GIPAW projectors -----------------------------------------------
     atom=  C    l=0  rc=    1.2000  rs=    0.8000
     atom=  C    l=0  rc=    1.2000  rs=    0.8000
     atom=  C    l=1  rc=    1.4000  rs=    0.9333
     atom=  C    l=1  rc=    1.4000  rs=    0.9333
     projs nearly linearly dependent: l=1  n1,n2= 1, 2  s=  0.99951561

     atom=  Cl   l=0  rc=    1.6000  rs=    1.0667
     atom=  Cl   l=0  rc=    1.6000  rs=    1.0667
     atom=  Cl   l=1  rc=    1.6000  rs=    1.0667
     atom=  Cl   l=1  rc=    1.6000  rs=    1.0667
     atom=  Cl   l=2  rc=    1.6000  rs=    1.0667
     atom=  Cl   l=2  rc=    1.6000  rs=    1.0667
     projs nearly linearly dependent: l=2  n1,n2= 1, 2  s=  0.99993509

     atom=  H    l=0  rc=    1.0000  rs=    0.6667
     atom=  H    l=0  rc=    1.0000  rs=    0.6667
     projs nearly linearly dependent: l=0  n1,n2= 1, 2  s=  0.99968852
     -----------------------------------------------------------------

     GIPAW integrals: -------------------------------------------
     Atom  i/j   nmr_para   nmr_dia   epr_rmc  epr_para   epr_dia
       C   1 1   0.83E+03  0.17E-01  0.93E+01  0.24E+08  0.24E+03
       C   2 1   0.86E+03 -0.61E-01  0.94E+01  0.25E+08  0.25E+03
       C   2 2   0.90E+03 -0.15E+00  0.97E+01  0.26E+08  0.26E+03
       C   3 3   0.33E+01  0.34E+00  0.18E+01  0.55E+03  0.21E+02
       C   4 3   0.35E+01  0.37E+00  0.20E+01  0.59E+03  0.22E+02
       C   4 4   0.38E+01  0.39E+00  0.22E+01  0.63E+03  0.24E+02
       Cl  1 1   0.14E+04 -0.47E+00  0.84E+01  0.32E+09  0.42E+03
       Cl  2 1   0.21E+04 -0.37E+00  0.12E+02  0.49E+09  0.65E+03
       Cl  2 2   0.33E+04 -0.16E+00  0.21E+02  0.76E+09  0.10E+04
       Cl  3 3   0.21E+02  0.79E-01  0.89E+01  0.23E+05  0.13E+03
       Cl  4 3   0.24E+02  0.67E-01  0.99E+01  0.27E+05  0.15E+03
       Cl  4 4   0.28E+02  0.44E-01  0.11E+02  0.32E+05  0.18E+03
       Cl  5 5   0.77E+00  0.19E+00  0.18E+01  0.12E+03  0.22E+02
       Cl  6 5   0.80E+00  0.19E+00  0.19E+01  0.12E+03  0.23E+02
       Cl  6 6   0.83E+00  0.20E+00  0.19E+01  0.12E+03  0.23E+02
       H   1 1   0.39E+02  0.19E+00  0.29E+00  0.78E+05  0.13E+02
       H   2 1   0.41E+02  0.21E+00  0.32E+00  0.82E+05  0.14E+02
       H   2 2   0.43E+02  0.22E+00  0.36E+00  0.86E+05  0.15E+02
     ------------------------------------------------------------

     alpha_pv=     34.0155 eV

     Number of occupied bands for each k-point:
     k-point:     1    nbnd_occ=  42
     k-point:     2    nbnd_occ=  42
     k-point:     3    nbnd_occ=  42
     k-point:     4    nbnd_occ=  42
     k-point:     5    nbnd_occ=  42
     k-point:     6    nbnd_occ=  42
     k-point:     7    nbnd_occ=  42
     k-point:     8    nbnd_occ=  42
     k-point:     9    nbnd_occ=  42
     k-point:    10    nbnd_occ=  42
     k-point:    11    nbnd_occ=  42
     k-point:    12    nbnd_occ=  42
     k-point:    13    nbnd_occ=  42
     k-point:    14    nbnd_occ=  42
     k-point:    15    nbnd_occ=  42
     k-point:    16    nbnd_occ=  42


     q-space interpolation up to   110.00 Rydberg

     GIPAW job: efg                                                                             


     ELECTRIC FIELD GRADIENTS TENSORS IN Hartree/bohrradius^2:

     ----- bare term -----
     Cl   1       -0.104125        0.049486       -0.045956
     Cl   1        0.049486       -0.070893       -0.023186
     Cl   1       -0.045956       -0.023186        0.175018

     C    2       -0.148550        0.088298       -0.378947
     C    2        0.088298       -0.262950       -0.517437
     C    2       -0.378947       -0.517437        0.411500

     C    3       -0.232121        0.388618       -0.270299
     C    3        0.388618       -0.195029       -0.297833
     C    3       -0.270299       -0.297833        0.427150

     H    4       -0.133106       -0.099772       -0.351916
     H    4       -0.099772        0.167958       -0.487000
     H    4       -0.351916       -0.487000       -0.034852

     C    5       -0.367951        0.046181       -0.374781
     C    5        0.046181        0.015829       -0.354747
     C    5       -0.374781       -0.354747        0.352122

     H    6        0.205969        0.245280       -0.238028
     H    6        0.245280       -0.499568       -0.196534
     H    6       -0.238028       -0.196534        0.293599

     H    7        0.186032       -0.118030        0.167821
     H    7       -0.118030       -0.255849        0.533169
     H    7        0.167821        0.533169        0.069816

     C    8       -0.342843       -0.242323       -0.337565
     C    8       -0.242323       -0.109280        0.421881
     C    8       -0.337565        0.421881        0.452122

     H    9        0.147527        0.065346       -0.334711
     H    9        0.065346        0.288757       -0.249123
     H    9       -0.334711       -0.249123       -0.436284

     C   10       -0.085426       -0.450758       -0.267172
     C   10       -0.450758       -0.273750        0.526543
     C   10       -0.267172        0.526543        0.359176

     C   11       -0.216454       -0.003786       -0.410143
     C   11       -0.003786       -0.035926        0.448441
     C   11       -0.410143        0.448441        0.252380

     Cl  12       -0.067369       -0.061605       -0.017927
     Cl  12       -0.061605        0.024263        0.011811
     Cl  12       -0.017927        0.011811        0.043106

     H   13        0.160415        0.281996       -0.043045
     H   13        0.281996       -0.482903       -0.356130
     H   13       -0.043045       -0.356130        0.322488

     C   14       -0.233348       -0.025438       -0.429545
     C   14       -0.025438       -0.067991       -0.465169
     C   14       -0.429545       -0.465169        0.301340

     H   15        0.028405       -0.131638       -0.363842
     H   15       -0.131638        0.413716       -0.371321
     H   15       -0.363842       -0.371321       -0.442121

     C   16       -0.509366        0.334094       -0.383474
     C   16        0.334094       -0.047075       -0.155243
     C   16       -0.383474       -0.155243        0.556441

     C   17       -0.021652        0.164426       -0.137365
     C   17        0.164426       -0.438683       -0.383121
     C   17       -0.137365       -0.383121        0.460335

     Cl  18       -0.060596        0.098565       -0.018741
     Cl  18        0.098565       -0.001513        0.004590
     Cl  18       -0.018741        0.004590        0.062110

     H   19        0.402848        0.079122       -0.141131
     H   19        0.079122       -0.233760        0.530165
     H   19       -0.141131        0.530165       -0.169088

     C   20       -0.324377       -0.341688       -0.094024
     C   20       -0.341688       -0.211848        0.453660
     C   20       -0.094024        0.453660        0.536225

     H   21       -0.070498        0.020756       -0.567671
     H   21        0.020756        0.333697       -0.112737
     H   21       -0.567671       -0.112737       -0.263199

     C   22       -0.287094       -0.171530       -0.272068
     C   22       -0.171530       -0.152826        0.530621
     C   22       -0.272068        0.530621        0.439920

     C   23       -0.205631       -0.114152       -0.407750
     C   23       -0.114152       -0.132929        0.508181
     C   23       -0.407750        0.508181        0.338560

     Cl  24       -0.028175       -0.015586       -0.060841
     Cl  24       -0.015586        0.015707        0.068112
     Cl  24       -0.060841        0.068112        0.012468

     ----- ionic term -----
     Cl   1        0.143432       -0.210393        0.075184
     Cl   1       -0.210393        0.000850       -0.039767
     Cl   1        0.075184       -0.039767       -0.144282

     C    2        0.143353       -0.198926        0.371896
     C    2       -0.198926        0.124798        0.318320
     C    2        0.371896        0.318320       -0.268151

     C    3        0.180312       -0.263380        0.256711
     C    3       -0.263380        0.176063        0.306066
     C    3        0.256711        0.306066       -0.356375

     H    4        0.423029        0.387667        0.713733
     H    4        0.387667       -0.333738        0.329739
     H    4        0.713733        0.329739       -0.089291

     C    5        0.274917       -0.209422        0.356133
     C    5       -0.209422        0.076416        0.256287
     C    5        0.356133        0.256287       -0.351333

     H    6       -0.511255       -0.027420        0.010663
     H    6       -0.027420        0.854468        0.554421
     H    6        0.010663        0.554421       -0.343213

     H    7       -0.512231        0.112898       -0.032596
     H    7        0.112898        0.642349       -0.707594
     H    7       -0.032596       -0.707594       -0.130118

     C    8        0.176969        0.319291        0.287488
     C    8        0.319291        0.085151       -0.268134
     C    8        0.287488       -0.268134       -0.262121

     H    9        0.224082        0.014054        0.834590
     H    9        0.014054       -0.551113       -0.067287
     H    9        0.834590       -0.067287        0.327031

     C   10        0.033090        0.381865        0.236658
     C   10        0.381865        0.107183       -0.330220
     C   10        0.236658       -0.330220       -0.140273

     C   11        0.211441        0.236295        0.294031
     C   11        0.236295       -0.031090       -0.384798
     C   11        0.294031       -0.384798       -0.180351

     Cl  12        0.158884        0.212114        0.008872
     Cl  12        0.212114       -0.019095        0.000112
     Cl  12        0.008872        0.000112       -0.139789

     H   13       -0.518150       -0.070555       -0.013087
     H   13       -0.070555        0.758379        0.626645
     H   13       -0.013087        0.626645       -0.240230

     C   14        0.213541       -0.215916        0.366213
     C   14       -0.215916        0.062440        0.261813
     C   14        0.366213        0.261813       -0.275981

     H   15        0.394462        0.292421        0.776669
     H   15        0.292421       -0.416872        0.298202
     H   15        0.776669        0.298202        0.022409

     C   16        0.085849       -0.270219        0.261269
     C   16       -0.270219        0.181314        0.370652
     C   16        0.261269        0.370652       -0.267163

     C   17        0.103332       -0.190669        0.345876
     C   17       -0.190669        0.159578        0.403291
     C   17        0.345876        0.403291       -0.262911

     Cl  18        0.126074       -0.215638        0.074858
     Cl  18       -0.215638        0.013380       -0.040996
     Cl  18        0.074858       -0.040996       -0.139454

     H   19       -0.524532       -0.068587        0.051018
     H   19       -0.068587        0.687640       -0.699891
     H   19        0.051018       -0.699891       -0.163108

     C   20        0.246018        0.258377        0.279900
     C   20        0.258377        0.034669       -0.292526
     C   20        0.279900       -0.292526       -0.280687

     H   21        0.504656       -0.177883        0.804409
     H   21       -0.177883       -0.508039       -0.215642
     H   21        0.804409       -0.215642        0.003383

     C   22        0.143054        0.289281        0.218003
     C   22        0.289281        0.130906       -0.371652
     C   22        0.218003       -0.371652       -0.273960

     C   23        0.132638        0.212830        0.313117
     C   23        0.212830        0.080632       -0.380242
     C   23        0.313117       -0.380242       -0.213269

     Cl  24        0.116901        0.218068        0.010163
     Cl  24        0.218068        0.020206       -0.000725
     Cl  24        0.010163       -0.000725       -0.137107

     ----- GIPAW term -----
     Cl   1       -0.727757       -1.445745       -0.312235
     Cl   1       -1.445745       -1.343484       -0.844150
     Cl   1       -0.312235       -0.844150        2.071240

     C    2       -0.003631       -0.099211       -0.093130
     C    2       -0.099211       -0.081690       -0.127355
     C    2       -0.093130       -0.127355        0.085321

     C    3        0.024228       -0.027476       -0.114001
     C    3       -0.027476       -0.042878        0.013879
     C    3       -0.114001        0.013879        0.018650

     H    4       -0.000000        0.000000        0.000000
     H    4        0.000000        0.000000        0.000000
     H    4        0.000000        0.000000        0.000000

     C    5        0.054736        0.004858        0.052646
     C    5        0.004858       -0.078764       -0.045422
     C    5        0.052646       -0.045422        0.024028

     H    6       -0.000000        0.000000        0.000000
     H    6        0.000000        0.000000        0.000000
     H    6        0.000000        0.000000        0.000000

     H    7       -0.000000        0.000000        0.000000
     H    7        0.000000        0.000000        0.000000
     H    7        0.000000        0.000000        0.000000

     C    8       -0.052203       -0.042127       -0.067112
     C    8       -0.042127       -0.061606        0.100623
     C    8       -0.067112        0.100623        0.113809

     H    9       -0.000000        0.000000        0.000000
     H    9        0.000000        0.000000        0.000000
     H    9        0.000000        0.000000        0.000000

     C   10       -0.011315       -0.142063       -0.138240
     C   10       -0.142063       -0.049522        0.152295
     C   10       -0.138240        0.152295        0.060837

     C   11        0.070285        0.103472       -0.044916
     C   11        0.103472       -0.002215        0.046754
     C   11       -0.044916        0.046754       -0.068070

     Cl  12        1.126139        2.136379       -0.162178
     Cl  12        2.136379        0.309267        0.074094
     Cl  12       -0.162178        0.074094       -1.435405

     H   13       -0.000000        0.000000        0.000000
     H   13        0.000000        0.000000        0.000000
     H   13        0.000000        0.000000        0.000000

     C   14        0.040083       -0.082231       -0.077043
     C   14       -0.082231       -0.037444       -0.097114
     C   14       -0.077043       -0.097114       -0.002639

     H   15       -0.000000        0.000000        0.000000
     H   15        0.000000        0.000000        0.000000
     H   15        0.000000        0.000000        0.000000

     C   16       -0.180494        0.004124       -0.154224
     C   16        0.004124       -0.033076        0.094414
     C   16       -0.154224        0.094414        0.213570

     C   17       -0.021039       -0.043961        0.059855
     C   17       -0.043961       -0.107961        0.091954
     C   17        0.059855        0.091954        0.129000

     Cl  18       -0.868502       -1.135765        0.063573
     Cl  18       -1.135765       -1.425260        0.165033
     Cl  18        0.063573        0.165033        2.293762

     H   19       -0.000000        0.000000        0.000000
     H   19        0.000000        0.000000        0.000000
     H   19        0.000000        0.000000        0.000000

     C   20       -0.086580       -0.030627        0.069872
     C   20       -0.030627       -0.116647        0.157173
     C   20        0.069872        0.157173        0.203227

     H   21       -0.000000        0.000000        0.000000
     H   21        0.000000        0.000000        0.000000
     H   21        0.000000        0.000000        0.000000

     C   22       -0.134955        0.009003       -0.040175
     C   22        0.009003       -0.030311        0.157259
     C   22       -0.040175        0.157259        0.165266

     C   23        0.007664        0.087118       -0.098052
     C   23        0.087118       -0.006945        0.135383
     C   23       -0.098052        0.135383       -0.000719

     Cl  24        1.136439        2.076503       -0.428146
     Cl  24        2.076503        0.276845        0.579819
     Cl  24       -0.428146        0.579819       -1.413284

     ----- total EFG -----
     Cl   1       -0.688450       -1.606653       -0.283007
     Cl   1       -1.606653       -1.413527       -0.907104
     Cl   1       -0.283007       -0.907104        2.101976

     C    2       -0.008828       -0.209839       -0.100181
     C    2       -0.209839       -0.219842       -0.326473
     C    2       -0.100181       -0.326473        0.228670

     C    3       -0.027581        0.097762       -0.127589
     C    3        0.097762       -0.061844        0.022113
     C    3       -0.127589        0.022113        0.089425

     H    4        0.289924        0.287894        0.361817
     H    4        0.287894       -0.165781       -0.157260
     H    4        0.361817       -0.157260       -0.124143

     C    5       -0.038298       -0.158383        0.033997
     C    5       -0.158383        0.013481       -0.143883
     C    5        0.033997       -0.143883        0.024816

     H    6       -0.305286        0.217860       -0.227365
     H    6        0.217860        0.354900        0.357887
     H    6       -0.227365        0.357887       -0.049614

     H    7       -0.326199       -0.005132        0.135225
     H    7       -0.005132        0.386500       -0.174425
     H    7        0.135225       -0.174425       -0.060301

     C    8       -0.218077        0.034842       -0.117189
     C    8        0.034842       -0.085734        0.254369
     C    8       -0.117189        0.254369        0.303811

     H    9        0.371610        0.079399        0.499879
     H    9        0.079399       -0.262356       -0.316410
     H    9        0.499879       -0.316410       -0.109254

     C   10       -0.063651       -0.210956       -0.168754
     C   10       -0.210956       -0.216088        0.348618
     C   10       -0.168754        0.348618        0.279739

     C   11        0.065272        0.335980       -0.161028
     C   11        0.335980       -0.069231        0.110397
     C   11       -0.161028        0.110397        0.003959

     Cl  12        1.217653        2.286888       -0.171233
     Cl  12        2.286888        0.314435        0.086016
     Cl  12       -0.171233        0.086016       -1.532088

     H   13       -0.357735        0.211441       -0.056132
     H   13        0.211441        0.275476        0.270516
     H   13       -0.056132        0.270516        0.082259

     C   14        0.020276       -0.323585       -0.140374
     C   14       -0.323585       -0.042995       -0.300469
     C   14       -0.140374       -0.300469        0.022720

     H   15        0.422867        0.160783        0.412827
     H   15        0.160783       -0.003155       -0.073118
     H   15        0.412827       -0.073118       -0.419712

     C   16       -0.604010        0.067999       -0.276429
     C   16        0.067999        0.101163        0.309823
     C   16       -0.276429        0.309823        0.502848

     C   17        0.060641       -0.070204        0.268366
     C   17       -0.070204       -0.387066        0.112124
     C   17        0.268366        0.112124        0.326425

     Cl  18       -0.803024       -1.252837        0.119690
     Cl  18       -1.252837       -1.413394        0.128627
     Cl  18        0.119690        0.128627        2.216418

     H   19       -0.121684        0.010535       -0.090112
     H   19        0.010535        0.453880       -0.169726
     H   19       -0.090112       -0.169726       -0.332196

     C   20       -0.164938       -0.113937        0.255748
     C   20       -0.113937       -0.293826        0.318307
     C   20        0.255748        0.318307        0.458765

     H   21        0.434158       -0.157127        0.236738
     H   21       -0.157127       -0.174342       -0.328379
     H   21        0.236738       -0.328379       -0.259816

     C   22       -0.278995        0.126754       -0.094240
     C   22        0.126754       -0.052231        0.316228
     C   22       -0.094240        0.316228        0.331226

     C   23       -0.065330        0.185796       -0.192684
     C   23        0.185796       -0.059241        0.263322
     C   23       -0.192684        0.263322        0.124571

     Cl  24        1.225165        2.278986       -0.478824
     Cl  24        2.278986        0.312758        0.647206
     Cl  24       -0.478824        0.647206       -1.537923

     ----- total EFG (symmetrized) -----
     Cl   1       -0.688450       -1.606653       -0.283007
     Cl   1       -1.606653       -1.413527       -0.907104
     Cl   1       -0.283007       -0.907104        2.101976

     C    2       -0.008828       -0.209839       -0.100181
     C    2       -0.209839       -0.219842       -0.326473
     C    2       -0.100181       -0.326473        0.228670

     C    3       -0.027581        0.097762       -0.127589
     C    3        0.097762       -0.061844        0.022113
     C    3       -0.127589        0.022113        0.089425

     H    4        0.289924        0.287894        0.361817
     H    4        0.287894       -0.165781       -0.157260
     H    4        0.361817       -0.157260       -0.124143

     C    5       -0.038298       -0.158383        0.033997
     C    5       -0.158383        0.013481       -0.143883
     C    5        0.033997       -0.143883        0.024816

     H    6       -0.305286        0.217860       -0.227365
     H    6        0.217860        0.354900        0.357887
     H    6       -0.227365        0.357887       -0.049614

     H    7       -0.326199       -0.005132        0.135225
     H    7       -0.005132        0.386500       -0.174425
     H    7        0.135225       -0.174425       -0.060301

     C    8       -0.218077        0.034842       -0.117189
     C    8        0.034842       -0.085734        0.254369
     C    8       -0.117189        0.254369        0.303811

     H    9        0.371610        0.079399        0.499879
     H    9        0.079399       -0.262356       -0.316410
     H    9        0.499879       -0.316410       -0.109254

     C   10       -0.063651       -0.210956       -0.168754
     C   10       -0.210956       -0.216088        0.348618
     C   10       -0.168754        0.348618        0.279739

     C   11        0.065272        0.335980       -0.161028
     C   11        0.335980       -0.069231        0.110397
     C   11       -0.161028        0.110397        0.003959

     Cl  12        1.217653        2.286888       -0.171233
     Cl  12        2.286888        0.314435        0.086016
     Cl  12       -0.171233        0.086016       -1.532088

     H   13       -0.357735        0.211441       -0.056132
     H   13        0.211441        0.275476        0.270516
     H   13       -0.056132        0.270516        0.082259

     C   14        0.020276       -0.323585       -0.140374
     C   14       -0.323585       -0.042995       -0.300469
     C   14       -0.140374       -0.300469        0.022720

     H   15        0.422867        0.160783        0.412827
     H   15        0.160783       -0.003155       -0.073118
     H   15        0.412827       -0.073118       -0.419712

     C   16       -0.604010        0.067999       -0.276429
     C   16        0.067999        0.101163        0.309823
     C   16       -0.276429        0.309823        0.502848

     C   17        0.060641       -0.070204        0.268366
     C   17       -0.070204       -0.387066        0.112124
     C   17        0.268366        0.112124        0.326425

     Cl  18       -0.803024       -1.252837        0.119690
     Cl  18       -1.252837       -1.413394        0.128627
     Cl  18        0.119690        0.128627        2.216418

     H   19       -0.121684        0.010535       -0.090112
     H   19        0.010535        0.453880       -0.169726
     H   19       -0.090112       -0.169726       -0.332196

     C   20       -0.164938       -0.113937        0.255748
     C   20       -0.113937       -0.293826        0.318307
     C   20        0.255748        0.318307        0.458765

     H   21        0.434158       -0.157127        0.236738
     H   21       -0.157127       -0.174342       -0.328379
     H   21        0.236738       -0.328379       -0.259816

     C   22       -0.278995        0.126754       -0.094240
     C   22        0.126754       -0.052231        0.316228
     C   22       -0.094240        0.316228        0.331226

     C   23       -0.065330        0.185796       -0.192684
     C   23        0.185796       -0.059241        0.263322
     C   23       -0.192684        0.263322        0.124571

     Cl  24        1.225165        2.278986       -0.478824
     Cl  24        2.278986        0.312758        0.647206
     Cl  24       -0.478824        0.647206       -1.537923


     NQR/NMR SPECTROSCOPIC PARAMETERS:
     Cl   1    Vxx=    0.5303    axis=(  0.798255 -0.572634 -0.186761)
     Cl   1    Vyy=    2.3269    axis=(  0.044317 -0.253391  0.966348)
     Cl   1    Vzz=   -2.8572    axis=( -0.600688 -0.779669 -0.176893)
     Cl   1  Q=        -8.1650 1e-30 m^2  Cq=        54.8132 MHz  eta= 0.62879

     C    2    Vxx=    0.1006    axis=(  0.903977 -0.364865 -0.222933)
     C    2    Vyy=    0.4007    axis=( -0.026569  0.472443 -0.880961)
     C    2    Vzz=   -0.5013    axis=(  0.426755  0.802291  0.417384)
     C    2  Q=         1.0000 1e-30 m^2  Cq=        -1.1779 MHz  eta= 0.59875

     C    3    Vxx=    0.0072    axis=(  0.435818  0.767810  0.469607)
     C    3    Vyy=    0.1769    axis=(  0.576975  0.162111 -0.800513)
     C    3    Vzz=   -0.1841    axis=( -0.690770  0.619829 -0.372356)
     C    3  Q=         1.0000 1e-30 m^2  Cq=        -0.4325 MHz  eta= 0.92208

     H    4    Vxx=    0.0065    axis=(  0.085618  0.745883 -0.660552)
     H    4    Vyy=    0.5462    axis=(  0.873522  0.262675  0.409830)
     H    4    Vzz=   -0.5528    axis=( -0.479195  0.612096  0.629056)
     H    4  Q=         1.0000 1e-30 m^2  Cq=        -1.2988 MHz  eta= 0.97635

     C    5    Vxx=   -0.0362    axis=(  0.632706 -0.170651 -0.755355)
     C    5    Vyy=   -0.1989    axis=( -0.616204 -0.701714 -0.357617)
     C    5    Vzz=    0.2351    axis=( -0.469016  0.691719 -0.549135)
     C    5  Q=         1.0000 1e-30 m^2  Cq=         0.5524 MHz  eta= 0.69232

     H    6    Vxx=    0.0206    axis=(  0.670865  0.292417 -0.681493)
     H    6    Vyy=    0.5708    axis=( -0.095923 -0.877037 -0.470749)
     H    6    Vzz=   -0.5915    axis=( -0.735350  0.381180 -0.560324)
     H    6  Q=         1.0000 1e-30 m^2  Cq=        -1.3897 MHz  eta= 0.93020

     H    7    Vxx=   -0.0613    axis=(  0.423545  0.333023  0.842440)
     H    7    Vyy=   -0.3885    axis=( -0.903528  0.088396  0.419314)
     H    7    Vzz=    0.4497    axis=(  0.065173 -0.938766  0.338335)
     H    7  Q=         1.0000 1e-30 m^2  Cq=         1.0567 MHz  eta= 0.72753

     C    8    Vxx=   -0.1380    axis=(  0.657945  0.714795 -0.237016)
     C    8    Vyy=   -0.3038    axis=( -0.740545  0.556968 -0.376006)
     C    8    Vzz=    0.4418    axis=( -0.136757  0.422912  0.895792)
     C    8  Q=         1.0000 1e-30 m^2  Cq=         1.0380 MHz  eta= 0.37523

     H    9    Vxx=   -0.0314    axis=(  0.421259  0.779601 -0.463426)
     H    9    Vyy=   -0.6662    axis=( -0.379694  0.615641  0.690520)
     H    9    Vzz=    0.6976    axis=(  0.823634 -0.114927  0.555354)
     H    9  Q=         1.0000 1e-30 m^2  Cq=         1.6390 MHz  eta= 0.91007

     C   10    Vxx=   -0.1235    axis=(  0.863128 -0.142565  0.484443)
     C   10    Vyy=   -0.4358    axis=( -0.338852 -0.874793  0.346290)
     C   10    Vzz=    0.5593    axis=( -0.374418  0.463047  0.803367)
     C   10  Q=         1.0000 1e-30 m^2  Cq=         1.3142 MHz  eta= 0.55832

     C   11    Vxx=    0.0762    axis=( -0.110272  0.426644  0.897672)
     C   11    Vyy=    0.3507    axis=( -0.790613 -0.584981  0.180908)
     C   11    Vzz=   -0.4269    axis=(  0.602304 -0.689762  0.401817)
     C   11  Q=         1.0000 1e-30 m^2  Cq=        -1.0031 MHz  eta= 0.64298

     Cl  12    Vxx=   -1.3733    axis=( -0.418397  0.529300  0.738096)
     Cl  12    Vyy=   -1.7251    axis=(  0.477101 -0.563420  0.674487)
     Cl  12    Vzz=    3.0984    axis=( -0.772864 -0.634350  0.016796)
     Cl  12  Q=        -8.1650 1e-30 m^2  Cq=       -59.4413 MHz  eta= 0.11352

     H   13    Vxx=   -0.0315    axis=( -0.413787 -0.424595  0.805294)
     H   13    Vyy=   -0.4592    axis=( -0.893891  0.357060 -0.271050)
     H   13    Vzz=    0.4907    axis=( -0.172452 -0.832002 -0.527289)
     H   13  Q=         1.0000 1e-30 m^2  Cq=         1.1531 MHz  eta= 0.87150

     C   14    Vxx=    0.1615    axis=(  0.670126  0.029372 -0.741666)
     C   14    Vyy=    0.3626    axis=( -0.516451  0.736131 -0.437482)
     C   14    Vzz=   -0.5240    axis=(  0.533114  0.676202  0.508469)
     C   14  Q=         1.0000 1e-30 m^2  Cq=        -1.2313 MHz  eta= 0.38382

     H   15    Vxx=    0.0001    axis=( -0.102721  0.957958 -0.267889)
     H   15    Vyy=    0.6157    axis=( -0.915497 -0.196365 -0.351149)
     H   15    Vzz=   -0.6157    axis=( -0.388991  0.209182  0.897179)
     H   15  Q=         1.0000 1e-30 m^2  Cq=        -1.4468 MHz  eta= 0.99983

     C   16    Vxx=   -0.0113    axis=(  0.278903  0.881425 -0.381185)
     C   16    Vyy=   -0.6950    axis=( -0.946174  0.184341 -0.266034)
     C   16    Vzz=    0.7063    axis=( -0.164221  0.434865  0.885395)
     C   16  Q=         1.0000 1e-30 m^2  Cq=         1.6595 MHz  eta= 0.96798

     C   17    Vxx=   -0.0632    axis=(  0.817613 -0.338467 -0.465778)
     C   17    Vyy=   -0.4338    axis=( -0.257820 -0.938553  0.229449)
     C   17    Vzz=    0.4969    axis=(  0.514819  0.067514  0.854637)
     C   17  Q=         1.0000 1e-30 m^2  Cq=         1.1676 MHz  eta= 0.74573

     Cl  18    Vxx=    0.1812    axis=(  0.786024 -0.618155 -0.007158)
     Cl  18    Vyy=    2.2232    axis=( -0.029030 -0.025343 -0.999257)
     Cl  18    Vzz=   -2.4043    axis=(  0.617514  0.785648 -0.037865)
     Cl  18  Q=        -8.1650 1e-30 m^2  Cq=        46.1256 MHz  eta= 0.84931

     H   19    Vxx=   -0.0958    axis=(  0.952173 -0.106668 -0.286335)
     H   19    Vyy=   -0.3945    axis=( -0.301879 -0.183404 -0.935538)
     H   19    Vzz=    0.4903    axis=(  0.047277  0.977233 -0.206833)
     H   19  Q=         1.0000 1e-30 m^2  Cq=         1.1520 MHz  eta= 0.60937

     C   20    Vxx=   -0.1016    axis=(  0.820180 -0.569862 -0.050629)
     C   20    Vyy=   -0.5271    axis=(  0.511495  0.770051 -0.381307)
     C   20    Vzz=    0.6287    axis=(  0.256279  0.286844  0.923061)
     C   20  Q=         1.0000 1e-30 m^2  Cq=         1.4772 MHz  eta= 0.67691

     H   21    Vxx=   -0.0408    axis=(  0.490387  0.699897 -0.519293)
     H   21    Vyy=   -0.5545    axis=( -0.084320  0.631166  0.771051)
     H   21    Vzz=    0.5953    axis=(  0.867416 -0.334327  0.368531)
     H   21  Q=         1.0000 1e-30 m^2  Cq=         1.3987 MHz  eta= 0.86296

     C   22    Vxx=   -0.0964    axis=( -0.649651 -0.672640  0.354274)
     C   22    Vyy=   -0.4135    axis=( -0.759776  0.558302 -0.333226)
     C   22    Vzz=    0.5098    axis=( -0.026349  0.485649  0.873757)
     C   22  Q=         1.0000 1e-30 m^2  Cq=         1.1979 MHz  eta= 0.62198

     C   23    Vxx=    0.1142    axis=(  0.791667  0.586086 -0.172529)
     C   23    Vyy=    0.3209    axis=(  0.183606 -0.497571 -0.847769)
     C   23    Vzz=   -0.4351    axis=( -0.582711  0.639473 -0.501520)
     C   23  Q=         1.0000 1e-30 m^2  Cq=        -1.0222 MHz  eta= 0.47497

     Cl  24    Vxx=   -0.7427    axis=( -0.451604  0.539285  0.710792)
     Cl  24    Vyy=   -2.3509    axis=( -0.446618  0.553025 -0.703346)
     Cl  24    Vzz=    3.0935    axis=( -0.772390 -0.635087 -0.008894)
     Cl  24  Q=        -8.1650 1e-30 m^2  Cq=       -59.3475 MHz  eta= 0.51986

     Initialization:
     gipaw_setup  :      9.20s CPU     10.88s WALL (       1 calls)

     Linear response

     Apply operators

     Induced current

     Other routines
     efg          :      9.43s CPU     11.88s WALL (       1 calls)

     General routines
     calbec       :      3.17s CPU      3.92s WALL (      16 calls)
     fft          :      1.32s CPU      1.72s WALL (      15 calls)
     ffts         :      0.03s CPU      0.04s WALL (       2 calls)
     fftw         :      3.35s CPU      4.31s WALL (     672 calls)
     davcio       :      0.04s CPU      0.32s WALL (      32 calls)

     Parallel routines
     fft_scatter  :      2.01s CPU      3.14s WALL (     689 calls)

     Plugins

     GIPAW        :     61.80s CPU     72.31s WALL (       1 calls)
