
     Program QE v.6.0 (svn rev. 13079) starts on 19Jan2017 at  7: 3:23 

     This program is part of the open-source Quantum ESPRESSO suite
     for quantum simulation of materials; please cite
         "P. Giannozzi et al., J. Phys.:Condens. Matter 21 395502 (2009);
          URL http://www.quantum-espresso.org", 
     in publications or presentations arising from this work. More details at
     http://www.quantum-espresso.org/quote

     Parallel version (MPI), running on     8 processors
     R & G space division:  proc/nbgrp/npool/nimage =       8

     ***** This is GIPAW svn revision unknown      *****

     Parallelizing q-star over 1 images

     Reading data from directory:
     /users/majewski/paradichlorobenzene/pbe/9_constraint/scratch/pbe.ecut100.np8.dt60.pcl2phi-129368.save
     Message from routine read_xml_file:
     file /users/majewski/paradichlorobenzene/pbe/9_constraint/scratch/pbe.ecut100.np8.dt60.pcl2phi-129368.save not guaranteed to be safe for post-processing

   Info: using nr1, nr2, nr3 values from input

   Info: using nr1, nr2, nr3 values from input

     IMPORTANT: XC functional enforced from input :
     Exchange-correlation      =  SLA  PW   PBX  PBC ( 1  4  3  4 0 0)
     Any further DFT definition will be discarded
     Please, verify this is what you really want

               file C.pbe-n-kjpaw_psl.1.0.0.UPF: wavefunction(s)  2S 2P renormalized
               file Cl.pbe-n-kjpaw_psl.1.0.0.UPF: wavefunction(s)  3S 3P renormalized
               file H.pbe-kjpaw_psl.1.0.0.UPF: wavefunction(s)  1S renormalized

     Parallelization info
     --------------------
     sticks:   dense  smooth     PW     G-vecs:    dense   smooth      PW
     Min        3057    1223    332               144436    36536    5170
     Max        3059    1225    333               144437    36537    5171
     Sum       24467    9791   2657              1155489   292295   41363


     Subspace diagonalization in iterative solution of the eigenvalue problem:
     a serial algorithm will be used

     GIPAW projectors -----------------------------------------------
     atom=  C    l=0  rc=    1.2000  rs=    0.8000
     atom=  C    l=0  rc=    1.2000  rs=    0.8000
     atom=  C    l=1  rc=    1.4000  rs=    0.9333
     atom=  C    l=1  rc=    1.4000  rs=    0.9333
     projs nearly linearly dependent: l=1  n1,n2= 1, 2  s=  0.99951561

     atom=  Cl   l=0  rc=    1.6000  rs=    1.0667
     atom=  Cl   l=0  rc=    1.6000  rs=    1.0667
     atom=  Cl   l=1  rc=    1.6000  rs=    1.0667
     atom=  Cl   l=1  rc=    1.6000  rs=    1.0667
     atom=  Cl   l=2  rc=    1.6000  rs=    1.0667
     atom=  Cl   l=2  rc=    1.6000  rs=    1.0667
     projs nearly linearly dependent: l=2  n1,n2= 1, 2  s=  0.99993509

     atom=  H    l=0  rc=    1.0000  rs=    0.6667
     atom=  H    l=0  rc=    1.0000  rs=    0.6667
     projs nearly linearly dependent: l=0  n1,n2= 1, 2  s=  0.99968852
     -----------------------------------------------------------------

     GIPAW integrals: -------------------------------------------
     Atom  i/j   nmr_para   nmr_dia   epr_rmc  epr_para   epr_dia
       C   1 1   0.83E+03  0.17E-01  0.93E+01  0.24E+08  0.24E+03
       C   2 1   0.86E+03 -0.61E-01  0.94E+01  0.25E+08  0.25E+03
       C   2 2   0.90E+03 -0.15E+00  0.97E+01  0.26E+08  0.26E+03
       C   3 3   0.33E+01  0.34E+00  0.18E+01  0.55E+03  0.21E+02
       C   4 3   0.35E+01  0.37E+00  0.20E+01  0.59E+03  0.22E+02
       C   4 4   0.38E+01  0.39E+00  0.22E+01  0.63E+03  0.24E+02
       Cl  1 1   0.14E+04 -0.47E+00  0.84E+01  0.32E+09  0.42E+03
       Cl  2 1   0.21E+04 -0.37E+00  0.12E+02  0.49E+09  0.65E+03
       Cl  2 2   0.33E+04 -0.16E+00  0.21E+02  0.76E+09  0.10E+04
       Cl  3 3   0.21E+02  0.79E-01  0.89E+01  0.23E+05  0.13E+03
       Cl  4 3   0.24E+02  0.67E-01  0.99E+01  0.27E+05  0.15E+03
       Cl  4 4   0.28E+02  0.44E-01  0.11E+02  0.32E+05  0.18E+03
       Cl  5 5   0.77E+00  0.19E+00  0.18E+01  0.12E+03  0.22E+02
       Cl  6 5   0.80E+00  0.19E+00  0.19E+01  0.12E+03  0.23E+02
       Cl  6 6   0.83E+00  0.20E+00  0.19E+01  0.12E+03  0.23E+02
       H   1 1   0.39E+02  0.19E+00  0.29E+00  0.78E+05  0.13E+02
       H   2 1   0.41E+02  0.21E+00  0.32E+00  0.82E+05  0.14E+02
       H   2 2   0.43E+02  0.22E+00  0.36E+00  0.86E+05  0.15E+02
     ------------------------------------------------------------

     alpha_pv=     34.3032 eV

     Number of occupied bands for each k-point:
     k-point:     1    nbnd_occ=  42
     k-point:     2    nbnd_occ=  42
     k-point:     3    nbnd_occ=  42
     k-point:     4    nbnd_occ=  42
     k-point:     5    nbnd_occ=  42
     k-point:     6    nbnd_occ=  42
     k-point:     7    nbnd_occ=  42
     k-point:     8    nbnd_occ=  42
     k-point:     9    nbnd_occ=  42
     k-point:    10    nbnd_occ=  42
     k-point:    11    nbnd_occ=  42
     k-point:    12    nbnd_occ=  42
     k-point:    13    nbnd_occ=  42
     k-point:    14    nbnd_occ=  42
     k-point:    15    nbnd_occ=  42
     k-point:    16    nbnd_occ=  42


     q-space interpolation up to   110.00 Rydberg

     GIPAW job: efg                                                                             


     ELECTRIC FIELD GRADIENTS TENSORS IN Hartree/bohrradius^2:

     ----- bare term -----
     Cl   1        0.018358        0.018507       -0.026517
     Cl   1        0.018507       -0.053751        0.042455
     Cl   1       -0.026517        0.042455        0.035393

     C    2       -0.264081        0.269700       -0.353324
     C    2        0.269700       -0.003460       -0.308982
     C    2       -0.353324       -0.308982        0.267541

     C    3       -0.099768        0.272980       -0.223829
     C    3        0.272980       -0.123582       -0.644328
     C    3       -0.223829       -0.644328        0.223350

     H    4       -0.235891        0.056658       -0.553639
     H    4        0.056658        0.127986        0.039847
     H    4       -0.553639        0.039847        0.107905

     C    5       -0.427943        0.308413       -0.289324
     C    5        0.308413       -0.024900       -0.380449
     C    5       -0.289324       -0.380449        0.452843

     H    6        0.353966       -0.204321        0.001831
     H    6       -0.204321       -0.580465       -0.327045
     H    6        0.001831       -0.327045        0.226499

     H    7        0.412473       -0.064445        0.196613
     H    7       -0.064445       -0.067465        0.573863
     H    7        0.196613        0.573863       -0.345008

     C    8       -0.142510       -0.177923       -0.167668
     C    8       -0.177923       -0.385798        0.271701
     C    8       -0.167668        0.271701        0.528308

     H    9       -0.209680        0.200112       -0.504553
     H    9        0.200112        0.350432        0.269321
     H    9       -0.504553        0.269321       -0.140752

     C   10       -0.519601       -0.365414       -0.268454
     C   10       -0.365414        0.111948        0.321988
     C   10       -0.268454        0.321988        0.407653

     C   11       -0.128912        0.096368       -0.319149
     C   11        0.096368        0.018438        0.730821
     C   11       -0.319149        0.730821        0.110474

     Cl  12       -0.186007       -0.128186        0.075568
     Cl  12       -0.128186       -0.056576        0.124045
     Cl  12        0.075568        0.124045        0.242583

     H   13        0.479175       -0.109525       -0.019114
     H   13       -0.109525       -0.797778       -0.027951
     H   13       -0.019114       -0.027951        0.318604

     C   14       -0.242692        0.176887       -0.276994
     C   14        0.176887       -0.029616       -0.519592
     C   14       -0.276994       -0.519592        0.272307

     H   15       -0.447550       -0.229668       -0.479769
     H   15       -0.229668        0.300970       -0.196459
     H   15       -0.479769       -0.196459        0.146580

     C   16       -0.295793        0.353568       -0.194703
     C   16        0.353568       -0.172254       -0.486212
     C   16       -0.194703       -0.486212        0.468047

     C   17       -0.099815       -0.143485       -0.379650
     C   17       -0.143485       -0.100275       -0.612582
     C   17       -0.379650       -0.612582        0.200090

     Cl  18       -0.110616        0.073602       -0.049675
     Cl  18        0.073602       -0.032870        0.049812
     Cl  18       -0.049675        0.049812        0.143485

     H   19        0.094951       -0.088426       -0.384999
     H   19       -0.088426       -0.184627        0.427376
     H   19       -0.384999        0.427376        0.089676

     C   20       -0.670795       -0.318303       -0.151415
     C   20       -0.318303        0.305287        0.210392
     C   20       -0.151415        0.210392        0.365508

     H   21       -0.332849       -0.311085       -0.314168
     H   21       -0.311085       -0.039626        0.191006
     H   21       -0.314168        0.191006        0.372475

     C   22        0.075232        0.073229       -0.268128
     C   22        0.073229       -0.159403        0.578876
     C   22       -0.268128        0.578876        0.084171

     C   23       -0.790947       -0.330037       -0.338427
     C   23       -0.330037        0.266961        0.005094
     C   23       -0.338427        0.005094        0.523986

     Cl  24       -0.024153       -0.008585        0.045584
     Cl  24       -0.008585       -0.024147       -0.004010
     Cl  24        0.045584       -0.004010        0.048300

     ----- ionic term -----
     Cl   1        0.129559       -0.215954        0.020727
     Cl   1       -0.215954        0.027975       -0.001850
     Cl   1        0.020727       -0.001850       -0.157534

     C    2        0.128938       -0.202735        0.309809
     C    2       -0.202735        0.210925        0.339858
     C    2        0.309809        0.339858       -0.339864

     C    3        0.107903       -0.233864        0.233776
     C    3       -0.233864        0.294015        0.293550
     C    3        0.233776        0.293550       -0.401918

     H    4        0.702665        0.267093        0.628046
     H    4        0.267093       -0.402009        0.190387
     H    4        0.628046        0.190387       -0.300656

     C    5        0.207324       -0.135516        0.329047
     C    5       -0.135516        0.188951        0.229280
     C    5        0.329047        0.229280       -0.396275

     H    6       -0.506295        0.192040        0.060822
     H    6        0.192040        0.886588        0.490405
     H    6        0.060822        0.490405       -0.380294

     H    7       -0.510352        0.048471       -0.015821
     H    7        0.048471        0.541836       -0.778275
     H    7       -0.015821       -0.778275       -0.031484

     C    8        0.310668        0.256594        0.166045
     C    8        0.256594       -0.072956       -0.360157
     C    8        0.166045       -0.360157       -0.237713

     H    9        0.494343       -0.144312        0.791756
     H    9       -0.144312       -0.537570       -0.189304
     H    9        0.791756       -0.189304        0.043227

     C   10        0.153311        0.268706        0.110163
     C   10        0.268706        0.049466       -0.447562
     C   10        0.110163       -0.447562       -0.202777

     C   11        0.187815        0.234105        0.182907
     C   11        0.234105        0.077769       -0.389587
     C   11        0.182907       -0.389587       -0.265583

     Cl  12        0.097224        0.200870       -0.012586
     Cl  12        0.200870        0.042402       -0.019195
     Cl  12       -0.012586       -0.019195       -0.139626

     H   13       -0.515504        0.028459        0.031951
     H   13        0.028459        0.719540        0.639388
     H   13        0.031951        0.639388       -0.204036

     C   14        0.172736       -0.230613        0.314809
     C   14       -0.230613        0.147003        0.249087
     C   14        0.314809        0.249087       -0.319739

     H   15        0.590682        0.213461        0.713842
     H   15        0.213461       -0.445922        0.211862
     H   15        0.713842        0.211862       -0.144760

     C   16        0.060476       -0.249416        0.249380
     C   16       -0.249416        0.275337        0.359348
     C   16        0.249380        0.359348       -0.335813

     C   17        0.172119       -0.125580        0.341777
     C   17       -0.125580        0.164478        0.388799
     C   17        0.341777        0.388799       -0.336597

     Cl  18        0.138303       -0.198979        0.037548
     Cl  18       -0.198979        0.018543       -0.014089
     Cl  18        0.037548       -0.014089       -0.156847

     H   19       -0.481136       -0.230183        0.159274
     H   19       -0.230183        0.606571       -0.726664
     H   19        0.159274       -0.726664       -0.125435

     C   20        0.285573        0.210379        0.187727
     C   20        0.210379        0.042268       -0.315865
     C   20        0.187727       -0.315865       -0.327841

     H   21        0.702645       -0.161230        0.647299
     H   21       -0.161230       -0.504124       -0.171944
     H   21        0.647299       -0.171944       -0.198520

     C   22        0.144750        0.263603        0.143263
     C   22        0.263603        0.098297       -0.451904
     C   22        0.143263       -0.451904       -0.243047

     C   23        0.210969        0.185718        0.257155
     C   23        0.185718       -0.016519       -0.463888
     C   23        0.257155       -0.463888       -0.194450

     Cl  24        0.137075        0.225576       -0.034813
     Cl  24        0.225576       -0.000291       -0.029759
     Cl  24       -0.034813       -0.029759       -0.136785

     ----- GIPAW term -----
     Cl   1        0.045052        0.034162       -1.006691
     Cl   1        0.034162        1.104239       -1.736271
     Cl   1       -1.006691       -1.736271       -1.149291

     C    2       -0.076212        0.040210       -0.092518
     C    2        0.040210        0.065512       -0.167119
     C    2       -0.092518       -0.167119        0.010699

     C    3       -0.112885        0.081750       -0.080488
     C    3        0.081750        0.090347       -0.235493
     C    3       -0.080488       -0.235493        0.022537

     H    4       -0.000000        0.000000        0.000000
     H    4        0.000000        0.000000        0.000000
     H    4        0.000000        0.000000        0.000000

     C    5       -0.070361        0.036327       -0.027146
     C    5        0.036327        0.000093       -0.094818
     C    5       -0.027146       -0.094818        0.070268

     H    6       -0.000000        0.000000        0.000000
     H    6        0.000000        0.000000        0.000000
     H    6        0.000000        0.000000        0.000000

     H    7       -0.000000        0.000000        0.000000
     H    7        0.000000        0.000000        0.000000
     H    7        0.000000        0.000000        0.000000

     C    8       -0.110832       -0.014823       -0.018614
     C    8       -0.014823       -0.166310       -0.089461
     C    8       -0.018614       -0.089461        0.277142

     H    9       -0.000000        0.000000        0.000000
     H    9        0.000000        0.000000        0.000000
     H    9        0.000000        0.000000        0.000000

     C   10       -0.181060       -0.040898       -0.060914
     C   10       -0.040898        0.183817        0.033560
     C   10       -0.060914        0.033560       -0.002757

     C   11       -0.044899        0.113725       -0.057546
     C   11        0.113725        0.145573        0.223552
     C   11       -0.057546        0.223552       -0.100674

     Cl  12        0.163937        1.800092        0.627563
     Cl  12        1.800092       -0.420907        1.105278
     Cl  12        0.627563        1.105278        0.256969

     H   13       -0.000000        0.000000        0.000000
     H   13        0.000000        0.000000        0.000000
     H   13        0.000000        0.000000        0.000000

     C   14       -0.100013        0.091058       -0.070186
     C   14        0.091058        0.111948       -0.241211
     C   14       -0.070186       -0.241211       -0.011935

     H   15       -0.000000        0.000000        0.000000
     H   15        0.000000        0.000000        0.000000
     H   15        0.000000        0.000000        0.000000

     C   16       -0.096335        0.041728       -0.033408
     C   16        0.041728        0.013638       -0.115667
     C   16       -0.033408       -0.115667        0.082698

     C   17        0.057781       -0.195767       -0.058093
     C   17       -0.195767        0.023167       -0.119909
     C   17       -0.058093       -0.119909       -0.080948

     Cl  18        0.743105       -2.034520       -0.387447
     Cl  18       -2.034520       -0.112511        0.416719
     Cl  18       -0.387447        0.416719       -0.630594

     H   19       -0.000000        0.000000        0.000000
     H   19        0.000000        0.000000        0.000000
     H   19        0.000000        0.000000        0.000000

     C   20       -0.127594        0.134626        0.032020
     C   20        0.134626        0.223216        0.048860
     C   20        0.032020        0.048860       -0.095623

     H   21       -0.000000        0.000000        0.000000
     H   21        0.000000        0.000000        0.000000
     H   21        0.000000        0.000000        0.000000

     C   22       -0.098391        0.117690       -0.055335
     C   22        0.117690        0.217000       -0.054469
     C   22       -0.055335       -0.054469       -0.118609

     C   23       -0.192099        0.012930       -0.023541
     C   23        0.012930        0.119817       -0.212988
     C   23       -0.023541       -0.212988        0.072282

     Cl  24       -0.593635        1.485444        0.067403
     Cl  24        1.485444       -0.878524       -1.481603
     Cl  24        0.067403       -1.481603        1.472159

     ----- total EFG -----
     Cl   1        0.192969       -0.163285       -1.012482
     Cl   1       -0.163285        1.078462       -1.695666
     Cl   1       -1.012482       -1.695666       -1.271432

     C    2       -0.211355        0.107175       -0.136033
     C    2        0.107175        0.272978       -0.136244
     C    2       -0.136033       -0.136244       -0.061623

     C    3       -0.104750        0.120866       -0.070542
     C    3        0.120866        0.260780       -0.586270
     C    3       -0.070542       -0.586270       -0.156031

     H    4        0.466774        0.323751        0.074407
     H    4        0.323751       -0.274022        0.230235
     H    4        0.074407        0.230235       -0.192751

     C    5       -0.290980        0.209223        0.012577
     C    5        0.209223        0.164143       -0.245986
     C    5        0.012577       -0.245986        0.126837

     H    6       -0.152329       -0.012280        0.062653
     H    6       -0.012280        0.306123        0.163360
     H    6        0.062653        0.163360       -0.153795

     H    7       -0.097879       -0.015974        0.180792
     H    7       -0.015974        0.474371       -0.204412
     H    7        0.180792       -0.204412       -0.376492

     C    8        0.057326        0.063848       -0.020237
     C    8        0.063848       -0.625064       -0.177916
     C    8       -0.020237       -0.177916        0.567738

     H    9        0.284663        0.055800        0.287203
     H    9        0.055800       -0.187138        0.080017
     H    9        0.287203        0.080017       -0.097525

     C   10       -0.547350       -0.137606       -0.219204
     C   10       -0.137606        0.345231       -0.092013
     C   10       -0.219204       -0.092013        0.202119

     C   11        0.014003        0.444198       -0.193789
     C   11        0.444198        0.241780        0.564786
     C   11       -0.193789        0.564786       -0.255783

     Cl  12        0.075154        1.872776        0.690546
     Cl  12        1.872776       -0.435080        1.210127
     Cl  12        0.690546        1.210127        0.359926

     H   13       -0.036329       -0.081066        0.012838
     H   13       -0.081066       -0.078238        0.611437
     H   13        0.012838        0.611437        0.114568

     C   14       -0.169968        0.037331       -0.032372
     C   14        0.037331        0.229335       -0.511715
     C   14       -0.032372       -0.511715       -0.059367

     H   15        0.143132       -0.016208        0.234074
     H   15       -0.016208       -0.144952        0.015403
     H   15        0.234074        0.015403        0.001820

     C   16       -0.331652        0.145880        0.021269
     C   16        0.145880        0.116721       -0.242531
     C   16        0.021269       -0.242531        0.214931

     C   17        0.130085       -0.464832       -0.095966
     C   17       -0.464832        0.087371       -0.343692
     C   17       -0.095966       -0.343692       -0.217456

     Cl  18        0.770792       -2.159897       -0.399573
     Cl  18       -2.159897       -0.126837        0.452442
     Cl  18       -0.399573        0.452442       -0.643955

     H   19       -0.386185       -0.318609       -0.225725
     H   19       -0.318609        0.421944       -0.299288
     H   19       -0.225725       -0.299288       -0.035759

     C   20       -0.512816        0.026702        0.068332
     C   20        0.026702        0.570771       -0.056613
     C   20        0.068332       -0.056613       -0.057955

     H   21        0.369795       -0.472315        0.333131
     H   21       -0.472315       -0.543750        0.019062
     H   21        0.333131        0.019062        0.173955

     C   22        0.121592        0.454522       -0.180199
     C   22        0.454522        0.155893        0.072503
     C   22       -0.180199        0.072503       -0.277485

     C   23       -0.772077       -0.131389       -0.104814
     C   23       -0.131389        0.370259       -0.671783
     C   23       -0.104814       -0.671783        0.401818

     Cl  24       -0.480712        1.702435        0.078173
     Cl  24        1.702435       -0.902962       -1.515371
     Cl  24        0.078173       -1.515371        1.383674

     ----- total EFG (symmetrized) -----
     Cl   1        0.192969       -0.163285       -1.012482
     Cl   1       -0.163285        1.078462       -1.695666
     Cl   1       -1.012482       -1.695666       -1.271432

     C    2       -0.211355        0.107175       -0.136033
     C    2        0.107175        0.272978       -0.136244
     C    2       -0.136033       -0.136244       -0.061623

     C    3       -0.104750        0.120866       -0.070542
     C    3        0.120866        0.260780       -0.586270
     C    3       -0.070542       -0.586270       -0.156031

     H    4        0.466774        0.323751        0.074407
     H    4        0.323751       -0.274022        0.230235
     H    4        0.074407        0.230235       -0.192751

     C    5       -0.290980        0.209223        0.012577
     C    5        0.209223        0.164143       -0.245986
     C    5        0.012577       -0.245986        0.126837

     H    6       -0.152329       -0.012280        0.062653
     H    6       -0.012280        0.306123        0.163360
     H    6        0.062653        0.163360       -0.153795

     H    7       -0.097879       -0.015974        0.180792
     H    7       -0.015974        0.474371       -0.204412
     H    7        0.180792       -0.204412       -0.376492

     C    8        0.057326        0.063848       -0.020237
     C    8        0.063848       -0.625064       -0.177916
     C    8       -0.020237       -0.177916        0.567738

     H    9        0.284663        0.055800        0.287203
     H    9        0.055800       -0.187138        0.080017
     H    9        0.287203        0.080017       -0.097525

     C   10       -0.547350       -0.137606       -0.219204
     C   10       -0.137606        0.345231       -0.092013
     C   10       -0.219204       -0.092013        0.202119

     C   11        0.014003        0.444198       -0.193789
     C   11        0.444198        0.241780        0.564786
     C   11       -0.193789        0.564786       -0.255783

     Cl  12        0.075154        1.872776        0.690546
     Cl  12        1.872776       -0.435080        1.210127
     Cl  12        0.690546        1.210127        0.359926

     H   13       -0.036329       -0.081066        0.012838
     H   13       -0.081066       -0.078238        0.611437
     H   13        0.012838        0.611437        0.114568

     C   14       -0.169968        0.037331       -0.032372
     C   14        0.037331        0.229335       -0.511715
     C   14       -0.032372       -0.511715       -0.059367

     H   15        0.143132       -0.016208        0.234074
     H   15       -0.016208       -0.144952        0.015403
     H   15        0.234074        0.015403        0.001820

     C   16       -0.331652        0.145880        0.021269
     C   16        0.145880        0.116721       -0.242531
     C   16        0.021269       -0.242531        0.214931

     C   17        0.130085       -0.464832       -0.095966
     C   17       -0.464832        0.087371       -0.343692
     C   17       -0.095966       -0.343692       -0.217456

     Cl  18        0.770792       -2.159897       -0.399573
     Cl  18       -2.159897       -0.126837        0.452442
     Cl  18       -0.399573        0.452442       -0.643955

     H   19       -0.386185       -0.318609       -0.225725
     H   19       -0.318609        0.421944       -0.299288
     H   19       -0.225725       -0.299288       -0.035759

     C   20       -0.512816        0.026702        0.068332
     C   20        0.026702        0.570771       -0.056613
     C   20        0.068332       -0.056613       -0.057955

     H   21        0.369795       -0.472315        0.333131
     H   21       -0.472315       -0.543750        0.019062
     H   21        0.333131        0.019062        0.173955

     C   22        0.121592        0.454522       -0.180199
     C   22        0.454522        0.155893        0.072503
     C   22       -0.180199        0.072503       -0.277485

     C   23       -0.772077       -0.131389       -0.104814
     C   23       -0.131389        0.370259       -0.671783
     C   23       -0.104814       -0.671783        0.401818

     Cl  24       -0.480712        1.702435        0.078173
     Cl  24        1.702435       -0.902962       -1.515371
     Cl  24        0.078173       -1.515371        1.383674


     NQR/NMR SPECTROSCOPIC PARAMETERS:
     Cl   1    Vxx=    0.4803    axis=(  0.919167 -0.335229 -0.206770)
     Cl   1    Vyy=    2.0320    axis=( -0.197318 -0.846266  0.494873)
     Cl   1    Vzz=   -2.5123    axis=( -0.340879 -0.414072 -0.844006)
     Cl   1  Q=        -8.1650 1e-30 m^2  Cq=        48.1963 MHz  eta= 0.61765

     C    2    Vxx=   -0.0674    axis=(  0.414998 -0.447742 -0.792025)
     C    2    Vyy=   -0.2929    axis=( -0.873167  0.048607 -0.484992)
     C    2    Vzz=    0.3602    axis=(  0.255649  0.892841 -0.370781)
     C    2  Q=         1.0000 1e-30 m^2  Cq=         0.8464 MHz  eta= 0.62600

     C    3    Vxx=   -0.1286    axis=(  0.984909 -0.124145  0.120592)
     C    3    Vyy=   -0.5702    axis=( -0.026815  0.578896  0.814960)
     C    3    Vzz=    0.6988    axis=( -0.170983 -0.805895  0.566831)
     C    3  Q=         1.0000 1e-30 m^2  Cq=         1.6419 MHz  eta= 0.63187

     H    4    Vxx=   -0.1030    axis=(  0.356273 -0.437182 -0.825797)
     H    4    Vyy=   -0.5146    axis=( -0.228950  0.816004 -0.530773)
     H    4    Vzz=    0.6176    axis=( -0.905898 -0.378166 -0.190628)
     H    4  Q=         1.0000 1e-30 m^2  Cq=         1.4511 MHz  eta= 0.66655

     C    5    Vxx=   -0.0279    axis=(  0.430719  0.496247  0.753804)
     C    5    Vyy=   -0.3956    axis=( -0.877534  0.425337  0.221408)
     C    5    Vzz=    0.4235    axis=( -0.210748 -0.756853  0.618675)
     C    5  Q=         1.0000 1e-30 m^2  Cq=         0.9950 MHz  eta= 0.86816

     H    6    Vxx=   -0.1104    axis=(  0.833127 -0.180499  0.522800)
     H    6    Vyy=   -0.2480    axis=(  0.552890  0.246875 -0.795843)
     H    6    Vzz=    0.3583    axis=(  0.014583  0.952089  0.305475)
     H    6  Q=         1.0000 1e-30 m^2  Cq=         0.8420 MHz  eta= 0.38411

     H    7    Vxx=   -0.0280    axis=(  0.912305  0.178893  0.368370)
     H    7    Vyy=   -0.4982    axis=( -0.398669  0.182363  0.898781)
     H    7    Vzz=    0.5262    axis=(  0.093608 -0.966820  0.237690)
     H    7  Q=         1.0000 1e-30 m^2  Cq=         1.2363 MHz  eta= 0.89353

     C    8    Vxx=    0.0608    axis=(  0.994950  0.075446  0.066199)
     C    8    Vyy=    0.5953    axis=(  0.054579  0.146844 -0.987653)
     C    8    Vzz=   -0.6561    axis=( -0.084236  0.986278  0.141984)
     C    8  Q=         1.0000 1e-30 m^2  Cq=        -1.5416 MHz  eta= 0.81461

     H    9    Vxx=   -0.1742    axis=( -0.340589  0.861409  0.376795)
     H    9    Vyy=   -0.2763    axis=( -0.358369 -0.489439  0.794997)
     H    9    Vzz=    0.4505    axis=( -0.869236 -0.135735 -0.475400)
     H    9  Q=         1.0000 1e-30 m^2  Cq=         1.0584 MHz  eta= 0.22656

     C   10    Vxx=    0.2406    axis=( -0.308223  0.366735  0.877783)
     C   10    Vyy=    0.3914    axis=(  0.041535 -0.916639  0.397553)
     C   10    Vzz=   -0.6320    axis=(  0.950407  0.158993  0.267297)
     C   10  Q=         1.0000 1e-30 m^2  Cq=        -1.4850 MHz  eta= 0.23848

     C   11    Vxx=    0.1010    axis=(  0.794244 -0.105486 -0.598372)
     C   11    Vyy=    0.7294    axis=( -0.405795 -0.825070 -0.393179)
     C   11    Vzz=   -0.8304    axis=( -0.452224  0.555096 -0.698113)
     C   11  Q=         1.0000 1e-30 m^2  Cq=        -1.9511 MHz  eta= 0.75673

     Cl  12    Vxx=   -0.3562    axis=( -0.539253 -0.179212  0.822855)
     Cl  12    Vyy=   -2.1705    axis=( -0.586039  0.781557 -0.213840)
     Cl  12    Vzz=    2.5266    axis=( -0.604785 -0.597539 -0.526482)
     Cl  12  Q=        -8.1650 1e-30 m^2  Cq=       -48.4721 MHz  eta= 0.71806

     H   13    Vxx=   -0.0305    axis=(  0.990546 -0.051012  0.127347)
     H   13    Vyy=   -0.6094    axis=(  0.121498  0.757257 -0.641716)
     H   13    Vzz=    0.6399    axis=( -0.063699  0.651121  0.756296)
     H   13  Q=         1.0000 1e-30 m^2  Cq=         1.5035 MHz  eta= 0.90466

     C   14    Vxx=   -0.1730    axis=( -0.997985  0.056900 -0.028068)
     C   14    Vyy=   -0.4467    axis=(  0.011950  0.603048  0.797616)
     C   14    Vzz=    0.6197    axis=( -0.062311 -0.795673  0.602513)
     C   14  Q=         1.0000 1e-30 m^2  Cq=         1.4562 MHz  eta= 0.44169

     H   15    Vxx=   -0.1327    axis=(  0.285175 -0.872654 -0.396421)
     H   15    Vyy=   -0.1844    axis=(  0.523330  0.488268 -0.698369)
     H   15    Vzz=    0.3170    axis=( -0.802995  0.008302 -0.595928)
     H   15  Q=         1.0000 1e-30 m^2  Cq=         0.7449 MHz  eta= 0.16307

     C   16    Vxx=   -0.0307    axis=(  0.372758  0.676276  0.635375)
     C   16    Vyy=   -0.3905    axis=( -0.922012  0.347133  0.171442)
     C   16    Vzz=    0.4213    axis=( -0.104618 -0.649730  0.752932)
     C   16  Q=         1.0000 1e-30 m^2  Cq=         0.9898 MHz  eta= 0.85408

     C   17    Vxx=    0.0061    axis=(  0.599504  0.312048 -0.737035)
     C   17    Vyy=    0.6128    axis=( -0.652468  0.723881 -0.224238)
     C   17    Vzz=   -0.6189    axis=(  0.463553  0.615323  0.637571)
     C   17  Q=         1.0000 1e-30 m^2  Cq=        -1.4542 MHz  eta= 0.98024

     Cl  18    Vxx=   -0.7438    axis=(  0.192001 -0.046713  0.980282)
     Cl  18    Vyy=   -1.8924    axis=( -0.620000 -0.780064  0.084263)
     Cl  18    Vzz=    2.6362    axis=(  0.760746 -0.623954 -0.178735)
     Cl  18  Q=        -8.1650 1e-30 m^2  Cq=       -50.5740 MHz  eta= 0.43572

     H   19    Vxx=    0.0508    axis=( -0.552590  0.181567  0.813436)
     H   19    Vyy=    0.6105    axis=( -0.212911  0.912848 -0.348393)
     H   19    Vzz=   -0.6613    axis=( -0.805800 -0.365708 -0.465773)
     H   19  Q=         1.0000 1e-30 m^2  Cq=        -1.5537 MHz  eta= 0.84642

     C   20    Vxx=   -0.0523    axis=(  0.150964  0.083038  0.985045)
     C   20    Vyy=   -0.5240    axis=( -0.988357  0.031802  0.148790)
     C   20    Vzz=    0.5762    axis=( -0.018971 -0.996039  0.086872)
     C   20  Q=         1.0000 1e-30 m^2  Cq=         1.3539 MHz  eta= 0.81863

     H   21    Vxx=    0.0347    axis=( -0.379422  0.338201  0.861196)
     H   21    Vyy=    0.7342    axis=(  0.824977 -0.297728  0.480386)
     H   21    Vzz=   -0.7689    axis=(  0.418869  0.892736 -0.166043)
     H   21  Q=         1.0000 1e-30 m^2  Cq=        -1.8066 MHz  eta= 0.90982

     C   22    Vxx=   -0.1197    axis=( -0.433496  0.521528  0.734908)
     C   22    Vyy=   -0.4801    axis=(  0.563596 -0.479439  0.672680)
     C   22    Vzz=    0.5999    axis=( -0.703165 -0.705795  0.086096)
     C   22  Q=         1.0000 1e-30 m^2  Cq=         1.4095 MHz  eta= 0.60079

     C   23    Vxx=   -0.2340    axis=( -0.296665  0.680451  0.670057)
     C   23    Vyy=   -0.8242    axis=( -0.954936 -0.218205 -0.201204)
     C   23    Vzz=    1.0582    axis=(  0.009300 -0.699552  0.714521)
     C   23  Q=         1.0000 1e-30 m^2  Cq=         2.4863 MHz  eta= 0.55776

     Cl  24    Vxx=    0.4154    axis=(  0.761365  0.376519  0.527785)
     Cl  24    Vyy=    2.3520    axis=(  0.293730  0.525404 -0.798545)
     Cl  24    Vzz=   -2.7673    axis=( -0.577968  0.763010  0.289429)
     Cl  24  Q=        -8.1650 1e-30 m^2  Cq=        53.0901 MHz  eta= 0.69979

     Initialization:
     gipaw_setup  :      8.81s CPU     10.74s WALL (       1 calls)

     Linear response

     Apply operators

     Induced current

     Other routines
     efg          :      9.10s CPU     11.69s WALL (       1 calls)

     General routines
     calbec       :      3.14s CPU      4.18s WALL (      16 calls)
     fft          :      1.35s CPU      1.64s WALL (      15 calls)
     ffts         :      0.04s CPU      0.06s WALL (       2 calls)
     fftw         :      3.24s CPU      4.06s WALL (     672 calls)
     davcio       :      0.02s CPU      0.32s WALL (      32 calls)

     Parallel routines
     fft_scatter  :      1.94s CPU      3.00s WALL (     689 calls)

     Plugins

     GIPAW        :     60.82s CPU     75.59s WALL (       1 calls)
