
     Program QE v.6.0 (svn rev. 13079) starts on  4Jan2017 at  4:50:47 

     This program is part of the open-source Quantum ESPRESSO suite
     for quantum simulation of materials; please cite
         "P. Giannozzi et al., J. Phys.:Condens. Matter 21 395502 (2009);
          URL http://www.quantum-espresso.org", 
     in publications or presentations arising from this work. More details at
     http://www.quantum-espresso.org/quote

     Parallel version (MPI), running on     8 processors
     R & G space division:  proc/nbgrp/npool/nimage =       8

     ***** This is GIPAW svn revision unknown      *****

     Parallelizing q-star over 1 images

     Reading data from directory:
     /users/majewski/paradichlorobenzene/pbe/9_constraint/scratch/pbe.ecut100.np8.dt60.pcl2phi-129368.save
     Message from routine read_xml_file:
     file /users/majewski/paradichlorobenzene/pbe/9_constraint/scratch/pbe.ecut100.np8.dt60.pcl2phi-129368.save not guaranteed to be safe for post-processing

   Info: using nr1, nr2, nr3 values from input

   Info: using nr1, nr2, nr3 values from input

     IMPORTANT: XC functional enforced from input :
     Exchange-correlation      =  SLA  PW   PBX  PBC ( 1  4  3  4 0 0)
     Any further DFT definition will be discarded
     Please, verify this is what you really want

               file C.pbe-n-kjpaw_psl.1.0.0.UPF: wavefunction(s)  2S 2P renormalized
               file Cl.pbe-n-kjpaw_psl.1.0.0.UPF: wavefunction(s)  3S 3P renormalized
               file H.pbe-kjpaw_psl.1.0.0.UPF: wavefunction(s)  1S renormalized

     Parallelization info
     --------------------
     sticks:   dense  smooth     PW     G-vecs:    dense   smooth      PW
     Min        3057    1223    332               144436    36536    5170
     Max        3059    1225    333               144437    36537    5171
     Sum       24467    9791   2657              1155489   292295   41363


     Subspace diagonalization in iterative solution of the eigenvalue problem:
     a serial algorithm will be used

     GIPAW projectors -----------------------------------------------
     atom=  C    l=0  rc=    1.2000  rs=    0.8000
     atom=  C    l=0  rc=    1.2000  rs=    0.8000
     atom=  C    l=1  rc=    1.4000  rs=    0.9333
     atom=  C    l=1  rc=    1.4000  rs=    0.9333
     projs nearly linearly dependent: l=1  n1,n2= 1, 2  s=  0.99951561

     atom=  Cl   l=0  rc=    1.6000  rs=    1.0667
     atom=  Cl   l=0  rc=    1.6000  rs=    1.0667
     atom=  Cl   l=1  rc=    1.6000  rs=    1.0667
     atom=  Cl   l=1  rc=    1.6000  rs=    1.0667
     atom=  Cl   l=2  rc=    1.6000  rs=    1.0667
     atom=  Cl   l=2  rc=    1.6000  rs=    1.0667
     projs nearly linearly dependent: l=2  n1,n2= 1, 2  s=  0.99993509

     atom=  H    l=0  rc=    1.0000  rs=    0.6667
     atom=  H    l=0  rc=    1.0000  rs=    0.6667
     projs nearly linearly dependent: l=0  n1,n2= 1, 2  s=  0.99968852
     -----------------------------------------------------------------

     GIPAW integrals: -------------------------------------------
     Atom  i/j   nmr_para   nmr_dia   epr_rmc  epr_para   epr_dia
       C   1 1   0.83E+03  0.17E-01  0.93E+01  0.24E+08  0.24E+03
       C   2 1   0.86E+03 -0.61E-01  0.94E+01  0.25E+08  0.25E+03
       C   2 2   0.90E+03 -0.15E+00  0.97E+01  0.26E+08  0.26E+03
       C   3 3   0.33E+01  0.34E+00  0.18E+01  0.55E+03  0.21E+02
       C   4 3   0.35E+01  0.37E+00  0.20E+01  0.59E+03  0.22E+02
       C   4 4   0.38E+01  0.39E+00  0.22E+01  0.63E+03  0.24E+02
       Cl  1 1   0.14E+04 -0.47E+00  0.84E+01  0.32E+09  0.42E+03
       Cl  2 1   0.21E+04 -0.37E+00  0.12E+02  0.49E+09  0.65E+03
       Cl  2 2   0.33E+04 -0.16E+00  0.21E+02  0.76E+09  0.10E+04
       Cl  3 3   0.21E+02  0.79E-01  0.89E+01  0.23E+05  0.13E+03
       Cl  4 3   0.24E+02  0.67E-01  0.99E+01  0.27E+05  0.15E+03
       Cl  4 4   0.28E+02  0.44E-01  0.11E+02  0.32E+05  0.18E+03
       Cl  5 5   0.77E+00  0.19E+00  0.18E+01  0.12E+03  0.22E+02
       Cl  6 5   0.80E+00  0.19E+00  0.19E+01  0.12E+03  0.23E+02
       Cl  6 6   0.83E+00  0.20E+00  0.19E+01  0.12E+03  0.23E+02
       H   1 1   0.39E+02  0.19E+00  0.29E+00  0.78E+05  0.13E+02
       H   2 1   0.41E+02  0.21E+00  0.32E+00  0.82E+05  0.14E+02
       H   2 2   0.43E+02  0.22E+00  0.36E+00  0.86E+05  0.15E+02
     ------------------------------------------------------------

     alpha_pv=     34.1619 eV

     Number of occupied bands for each k-point:
     k-point:     1    nbnd_occ=  42
     k-point:     2    nbnd_occ=  42
     k-point:     3    nbnd_occ=  42
     k-point:     4    nbnd_occ=  42
     k-point:     5    nbnd_occ=  42
     k-point:     6    nbnd_occ=  42
     k-point:     7    nbnd_occ=  42
     k-point:     8    nbnd_occ=  42
     k-point:     9    nbnd_occ=  42
     k-point:    10    nbnd_occ=  42
     k-point:    11    nbnd_occ=  42
     k-point:    12    nbnd_occ=  42
     k-point:    13    nbnd_occ=  42
     k-point:    14    nbnd_occ=  42
     k-point:    15    nbnd_occ=  42
     k-point:    16    nbnd_occ=  42


     q-space interpolation up to   110.00 Rydberg

     GIPAW job: efg                                                                             


     ELECTRIC FIELD GRADIENTS TENSORS IN Hartree/bohrradius^2:

     ----- bare term -----
     Cl   1        0.151822       -0.049860       -0.017124
     Cl   1       -0.049860       -0.287884        0.013679
     Cl   1       -0.017124        0.013679        0.136062

     C    2       -0.806103        0.383132       -0.325528
     C    2        0.383132        0.245623       -0.008912
     C    2       -0.325528       -0.008912        0.560481

     C    3        0.117025        0.159462       -0.098246
     C    3        0.159462       -0.386834       -0.490274
     C    3       -0.098246       -0.490274        0.269809

     H    4       -0.138063       -0.076955       -0.546244
     H    4       -0.076955        0.038752        0.057974
     H    4       -0.546244        0.057974        0.099311

     C    5       -0.921476        0.338300       -0.466502
     C    5        0.338300        0.340754        0.056510
     C    5       -0.466502        0.056510        0.580722

     H    6        0.426814       -0.039531       -0.083642
     H    6       -0.039531       -0.606854       -0.680545
     H    6       -0.083642       -0.680545        0.180039

     H    7        0.275095        0.264468        0.086651
     H    7        0.264468       -0.512458       -0.253429
     H    7        0.086651       -0.253429        0.237363

     C    8        0.077267        0.156854       -0.034842
     C    8        0.156854       -0.134874       -0.223984
     C    8       -0.034842       -0.223984        0.057607

     H    9       -0.160839        0.316166        0.162268
     H    9        0.316166       -0.032247       -0.177910
     H    9        0.162268       -0.177910        0.193086

     C   10        0.082378       -0.105555        0.226151
     C   10       -0.105555       -0.079580       -0.163505
     C   10        0.226151       -0.163505       -0.002798

     C   11       -0.200547        0.106257       -0.200800
     C   11        0.106257       -0.003629        0.450011
     C   11       -0.200800        0.450011        0.204176

     Cl  12        0.020867       -0.213547        0.003650
     Cl  12       -0.213547        0.051007       -0.193275
     Cl  12        0.003650       -0.193275       -0.071873

     H   13        0.477580       -0.031579       -0.000667
     H   13       -0.031579        0.014781       -0.513063
     H   13       -0.000667       -0.513063       -0.492361

     C   14       -0.037870        0.054326       -0.168142
     C   14        0.054326       -0.330368       -0.229187
     C   14       -0.168142       -0.229187        0.368238

     H   15        0.130075       -0.100117       -0.318306
     H   15       -0.100117        0.420530       -0.292683
     H   15       -0.318306       -0.292683       -0.550604

     C   16       -0.393960        0.325996       -0.252951
     C   16        0.325996        0.221933       -0.041794
     C   16       -0.252951       -0.041794        0.172028

     C   17        0.150566       -0.056696       -0.154994
     C   17       -0.056696       -0.481390       -0.324183
     C   17       -0.154994       -0.324183        0.330824

     Cl  18        0.014432        0.193144       -0.037646
     Cl  18        0.193144        0.025918       -0.183235
     Cl  18       -0.037646       -0.183235       -0.040351

     H   19        0.246955       -0.031127       -0.343171
     H   19       -0.031127       -0.203685        0.421888
     H   19       -0.343171        0.421888       -0.043270

     C   20       -0.500429       -0.314488       -0.061128
     C   20       -0.314488        0.136642        0.333050
     C   20       -0.061128        0.333050        0.363787

     H   21       -0.712310       -0.018059       -0.044472
     H   21       -0.018059        0.386870        0.212724
     H   21       -0.044472        0.212724        0.325440

     C   22        0.043135        0.267127       -0.352487
     C   22        0.267127       -0.126250        0.655939
     C   22       -0.352487        0.655939        0.083115

     C   23       -0.413581       -0.351459       -0.177948
     C   23       -0.351459       -0.011748        0.426574
     C   23       -0.177948        0.426574        0.425328

     Cl  24       -0.031593       -0.029715       -0.046218
     Cl  24       -0.029715        0.165529        0.046269
     Cl  24       -0.046218        0.046269       -0.133936

     ----- ionic term -----
     Cl   1        0.083889       -0.209264        0.053757
     Cl   1       -0.209264        0.077652       -0.040531
     Cl   1        0.053757       -0.040531       -0.161541

     C    2        0.054019       -0.264626        0.335570
     C    2       -0.264626        0.166799        0.345739
     C    2        0.335570        0.345739       -0.220819

     C    3       -0.010863       -0.279482        0.227603
     C    3       -0.279482        0.198269        0.419545
     C    3        0.227603        0.419545       -0.187406

     H    4        0.245810        0.194546        0.774301
     H    4        0.194546       -0.440255        0.262996
     H    4        0.774301        0.262996        0.194445

     C    5        0.172916       -0.208823        0.312053
     C    5       -0.208823        0.035344        0.298836
     C    5        0.312053        0.298836       -0.208260

     H    6       -0.527780        0.065034        0.031320
     H    6        0.065034        0.518200        0.758016
     H    6        0.031320        0.758016        0.009580

     H    7       -0.462891       -0.286984        0.081868
     H    7       -0.286984        0.888501       -0.459357
     H    7        0.081868       -0.459357       -0.425610

     C    8        0.347994        0.091464        0.111917
     C    8        0.091464        0.195415       -0.230600
     C    8        0.111917       -0.230600       -0.543409

     H    9        0.819391       -0.525284        0.212059
     H    9       -0.525284       -0.210640       -0.125007
     H    9        0.212059       -0.125007       -0.608751

     C   10        0.215868        0.173124        0.042176
     C   10        0.173124        0.331527       -0.285558
     C   10        0.042176       -0.285558       -0.547395

     C   11        0.306222        0.170614        0.116567
     C   11        0.170614        0.209404       -0.295899
     C   11        0.116567       -0.295899       -0.515626

     Cl  12        0.161640        0.196110       -0.021315
     Cl  12        0.196110        0.009391       -0.026301
     Cl  12       -0.021315       -0.026301       -0.171031

     H   13       -0.510928        0.077456        0.103279
     H   13        0.077456        0.541300        0.751602
     H   13        0.103279        0.751602       -0.030372

     C   14        0.289000       -0.312997        0.350929
     C   14       -0.312997       -0.000205        0.259188
     C   14        0.350929        0.259188       -0.288795

     H   15        0.502919        0.236419        0.787000
     H   15        0.236419       -0.477073        0.250039
     H   15        0.787000        0.250039       -0.025846

     C   16        0.163249       -0.345106        0.241030
     C   16       -0.345106        0.143347        0.360403
     C   16        0.241030        0.360403       -0.306597

     C   17        0.185594       -0.206793        0.316795
     C   17       -0.206793        0.030455        0.377259
     C   17        0.316795        0.377259       -0.216049

     Cl  18        0.158667       -0.191331        0.018732
     Cl  18       -0.191331       -0.028102       -0.009728
     Cl  18        0.018732       -0.009728       -0.130565

     H   19       -0.497213       -0.131974        0.082168
     H   19       -0.131974        0.635702       -0.692412
     H   19        0.082168       -0.692412       -0.138489

     C   20        0.363729        0.154374        0.138505
     C   20        0.154374        0.088149       -0.283725
     C   20        0.138505       -0.283725       -0.451878

     H   21        0.749382       -0.453290        0.444747
     H   21       -0.453290       -0.328954       -0.220700
     H   21        0.444747       -0.220700       -0.420429

     C   22        0.174923        0.132795        0.102309
     C   22        0.132795        0.312965       -0.381545
     C   22        0.102309       -0.381545       -0.487888

     C   23        0.203103        0.090824        0.100421
     C   23        0.090824        0.314112       -0.380428
     C   23        0.100421       -0.380428       -0.517215

     Cl  24        0.113857        0.236872       -0.024259
     Cl  24        0.236872        0.033545       -0.022936
     Cl  24       -0.024259       -0.022936       -0.147401

     ----- GIPAW term -----
     Cl   1        0.177124        0.072842       -0.066951
     Cl   1        0.072842        1.810566        0.008267
     Cl   1       -0.066951        0.008267       -1.987689

     C    2       -0.168831       -0.033952       -0.056343
     C    2       -0.033952        0.074733        0.182981
     C    2       -0.056343        0.182981        0.094099

     C    3       -0.108238        0.008286        0.012074
     C    3        0.008286        0.118773        0.164637
     C    3        0.012074        0.164637       -0.010535

     H    4       -0.000000        0.000000        0.000000
     H    4        0.000000        0.000000        0.000000
     H    4        0.000000        0.000000        0.000000

     C    5       -0.232652        0.015076       -0.069795
     C    5        0.015076        0.109458        0.214571
     C    5       -0.069795        0.214571        0.123194

     H    6       -0.000000        0.000000        0.000000
     H    6        0.000000        0.000000        0.000000
     H    6        0.000000        0.000000        0.000000

     H    7       -0.000000        0.000000        0.000000
     H    7        0.000000        0.000000        0.000000
     H    7        0.000000        0.000000        0.000000

     C    8        0.025076        0.015285        0.011597
     C    8        0.015285       -0.007302       -0.033604
     C    8        0.011597       -0.033604       -0.017774

     H    9       -0.000000        0.000000        0.000000
     H    9        0.000000        0.000000        0.000000
     H    9        0.000000        0.000000        0.000000

     C   10        0.023963        0.007798        0.023983
     C   10        0.007798        0.007614       -0.036610
     C   10        0.023983       -0.036610       -0.031577

     C   11       -0.073003        0.053224       -0.036980
     C   11        0.053224       -0.014233        0.153158
     C   11       -0.036980        0.153158        0.087237

     Cl  12       -0.751350        0.408933       -0.223615
     Cl  12        0.408933       -0.474980        1.279779
     Cl  12       -0.223615        1.279779        1.226329

     H   13       -0.000000        0.000000        0.000000
     H   13        0.000000        0.000000        0.000000
     H   13        0.000000        0.000000        0.000000

     C   14       -0.076505       -0.028644       -0.060328
     C   14       -0.028644       -0.142346        0.086528
     C   14       -0.060328        0.086528        0.218851

     H   15       -0.000000        0.000000        0.000000
     H   15        0.000000        0.000000        0.000000
     H   15        0.000000        0.000000        0.000000

     C   16       -0.082445       -0.000562       -0.063339
     C   16       -0.000562        0.005297        0.058212
     C   16       -0.063339        0.058212        0.077148

     C   17       -0.043957       -0.072066       -0.020856
     C   17       -0.072066       -0.089584        0.089268
     C   17       -0.020856        0.089268        0.133541

     Cl  18       -0.721806       -0.344185        0.465494
     Cl  18       -0.344185       -0.421089        1.306230
     Cl  18        0.465494        1.306230        1.142895

     H   19       -0.000000        0.000000        0.000000
     H   19        0.000000        0.000000        0.000000
     H   19        0.000000        0.000000        0.000000

     C   20       -0.069031        0.131543        0.086397
     C   20        0.131543        0.126755        0.123318
     C   20        0.086397        0.123318       -0.057724

     H   21       -0.000000        0.000000        0.000000
     H   21        0.000000        0.000000        0.000000
     H   21        0.000000        0.000000        0.000000

     C   22        0.014044        0.253375       -0.059436
     C   22        0.253375        0.110596        0.101765
     C   22       -0.059436        0.101765       -0.124640

     C   23       -0.120493        0.076997        0.026414
     C   23        0.076997        0.104204        0.213405
     C   23        0.026414        0.213405        0.016289

     Cl  24        0.255896        1.400886       -0.276565
     Cl  24        1.400886        2.359079        0.633936
     Cl  24       -0.276565        0.633936       -2.614975

     ----- total EFG -----
     Cl   1        0.412835       -0.186282       -0.030318
     Cl   1       -0.186282        1.600334       -0.018585
     Cl   1       -0.030318       -0.018585       -2.013169

     C    2       -0.920915        0.084554       -0.046302
     C    2        0.084554        0.487155        0.519808
     C    2       -0.046302        0.519808        0.433761

     C    3       -0.002076       -0.111734        0.141432
     C    3       -0.111734       -0.069792        0.093908
     C    3        0.141432        0.093908        0.071868

     H    4        0.107746        0.117591        0.228057
     H    4        0.117591       -0.401502        0.320969
     H    4        0.228057        0.320969        0.293756

     C    5       -0.981211        0.144553       -0.224244
     C    5        0.144553        0.485556        0.569917
     C    5       -0.224244        0.569917        0.495656

     H    6       -0.100966        0.025503       -0.052322
     H    6        0.025503       -0.088653        0.077471
     H    6       -0.052322        0.077471        0.189620

     H    7       -0.187796       -0.022516        0.168518
     H    7       -0.022516        0.376043       -0.712786
     H    7        0.168518       -0.712786       -0.188247

     C    8        0.450337        0.263603        0.088672
     C    8        0.263603        0.053239       -0.488188
     C    8        0.088672       -0.488188       -0.503576

     H    9        0.658553       -0.209118        0.374327
     H    9       -0.209118       -0.242887       -0.302917
     H    9        0.374327       -0.302917       -0.415666

     C   10        0.322209        0.075367        0.292310
     C   10        0.075367        0.259561       -0.485673
     C   10        0.292310       -0.485673       -0.581771

     C   11        0.032672        0.330095       -0.121214
     C   11        0.330095        0.191541        0.307270
     C   11       -0.121214        0.307270       -0.224213

     Cl  12       -0.568843        0.391496       -0.241281
     Cl  12        0.391496       -0.414581        1.060202
     Cl  12       -0.241281        1.060202        0.983425

     H   13       -0.033348        0.045876        0.102612
     H   13        0.045876        0.556081        0.238540
     H   13        0.102612        0.238540       -0.522733

     C   14        0.174625       -0.287315        0.122459
     C   14       -0.287315       -0.472918        0.116528
     C   14        0.122459        0.116528        0.298294

     H   15        0.632993        0.136302        0.468694
     H   15        0.136302       -0.056543       -0.042644
     H   15        0.468694       -0.042644       -0.576450

     C   16       -0.313156       -0.019672       -0.075259
     C   16       -0.019672        0.370577        0.376821
     C   16       -0.075259        0.376821       -0.057421

     C   17        0.292202       -0.335554        0.140945
     C   17       -0.335554       -0.540518        0.142344
     C   17        0.140945        0.142344        0.248316

     Cl  18       -0.548707       -0.342372        0.446581
     Cl  18       -0.342372       -0.423273        1.113267
     Cl  18        0.446581        1.113267        0.971979

     H   19       -0.250258       -0.163101       -0.261003
     H   19       -0.163101        0.432017       -0.270524
     H   19       -0.261003       -0.270524       -0.181759

     C   20       -0.205731       -0.028571        0.163775
     C   20       -0.028571        0.351546        0.172643
     C   20        0.163775        0.172643       -0.145814

     H   21        0.037073       -0.471349        0.400275
     H   21       -0.471349        0.057916       -0.007976
     H   21        0.400275       -0.007976       -0.094989

     C   22        0.232102        0.653296       -0.309614
     C   22        0.653296        0.297311        0.376159
     C   22       -0.309614        0.376159       -0.529413

     C   23       -0.330971       -0.183638       -0.051113
     C   23       -0.183638        0.406568        0.259550
     C   23       -0.051113        0.259550       -0.075598

     Cl  24        0.338160        1.608042       -0.347041
     Cl  24        1.608042        2.558153        0.657270
     Cl  24       -0.347041        0.657270       -2.896313

     ----- total EFG (symmetrized) -----
     Cl   1        0.412835       -0.186282       -0.030318
     Cl   1       -0.186282        1.600334       -0.018585
     Cl   1       -0.030318       -0.018585       -2.013169

     C    2       -0.920915        0.084554       -0.046302
     C    2        0.084554        0.487155        0.519808
     C    2       -0.046302        0.519808        0.433761

     C    3       -0.002076       -0.111734        0.141432
     C    3       -0.111734       -0.069792        0.093908
     C    3        0.141432        0.093908        0.071868

     H    4        0.107746        0.117591        0.228057
     H    4        0.117591       -0.401502        0.320969
     H    4        0.228057        0.320969        0.293756

     C    5       -0.981211        0.144553       -0.224244
     C    5        0.144553        0.485556        0.569917
     C    5       -0.224244        0.569917        0.495656

     H    6       -0.100966        0.025503       -0.052322
     H    6        0.025503       -0.088653        0.077471
     H    6       -0.052322        0.077471        0.189620

     H    7       -0.187796       -0.022516        0.168518
     H    7       -0.022516        0.376043       -0.712786
     H    7        0.168518       -0.712786       -0.188247

     C    8        0.450337        0.263603        0.088672
     C    8        0.263603        0.053239       -0.488188
     C    8        0.088672       -0.488188       -0.503576

     H    9        0.658553       -0.209118        0.374327
     H    9       -0.209118       -0.242887       -0.302917
     H    9        0.374327       -0.302917       -0.415666

     C   10        0.322209        0.075367        0.292310
     C   10        0.075367        0.259561       -0.485673
     C   10        0.292310       -0.485673       -0.581771

     C   11        0.032672        0.330095       -0.121214
     C   11        0.330095        0.191541        0.307270
     C   11       -0.121214        0.307270       -0.224213

     Cl  12       -0.568843        0.391496       -0.241281
     Cl  12        0.391496       -0.414581        1.060202
     Cl  12       -0.241281        1.060202        0.983425

     H   13       -0.033348        0.045876        0.102612
     H   13        0.045876        0.556081        0.238540
     H   13        0.102612        0.238540       -0.522733

     C   14        0.174625       -0.287315        0.122459
     C   14       -0.287315       -0.472918        0.116528
     C   14        0.122459        0.116528        0.298294

     H   15        0.632993        0.136302        0.468694
     H   15        0.136302       -0.056543       -0.042644
     H   15        0.468694       -0.042644       -0.576450

     C   16       -0.313156       -0.019672       -0.075259
     C   16       -0.019672        0.370577        0.376821
     C   16       -0.075259        0.376821       -0.057421

     C   17        0.292202       -0.335554        0.140945
     C   17       -0.335554       -0.540518        0.142344
     C   17        0.140945        0.142344        0.248316

     Cl  18       -0.548707       -0.342372        0.446581
     Cl  18       -0.342372       -0.423273        1.113267
     Cl  18        0.446581        1.113267        0.971979

     H   19       -0.250258       -0.163101       -0.261003
     H   19       -0.163101        0.432017       -0.270524
     H   19       -0.261003       -0.270524       -0.181759

     C   20       -0.205731       -0.028571        0.163775
     C   20       -0.028571        0.351546        0.172643
     C   20        0.163775        0.172643       -0.145814

     H   21        0.037073       -0.471349        0.400275
     H   21       -0.471349        0.057916       -0.007976
     H   21        0.400275       -0.007976       -0.094989

     C   22        0.232102        0.653296       -0.309614
     C   22        0.653296        0.297311        0.376159
     C   22       -0.309614        0.376159       -0.529413

     C   23       -0.330971       -0.183638       -0.051113
     C   23       -0.183638        0.406568        0.259550
     C   23       -0.051113        0.259550       -0.075598

     Cl  24        0.338160        1.608042       -0.347041
     Cl  24        1.608042        2.558153        0.657270
     Cl  24       -0.347041        0.657270       -2.896313


     NQR/NMR SPECTROSCOPIC PARAMETERS:
     Cl   1    Vxx=    0.3847    axis=(  0.988400  0.151258 -0.013669)
     Cl   1    Vyy=    1.6289    axis=(  0.151322 -0.988477  0.003784)
     Cl   1    Vzz=   -2.0137    axis=(  0.012939  0.005809  0.999899)
     Cl   1  Q=        -8.1650 1e-30 m^2  Cq=        38.6312 MHz  eta= 0.61786

     C    2    Vxx=   -0.0504    axis=( -0.104774 -0.682773  0.723079)
     C    2    Vyy=   -0.9310    axis=( -0.994375  0.083275 -0.065451)
     C    2    Vzz=    0.9814    axis=( -0.015526 -0.725869 -0.687658)
     C    2  Q=         1.0000 1e-30 m^2  Cq=         2.3059 MHz  eta= 0.89737

     C    3    Vxx=    0.0566    axis=(  0.541064 -0.754439 -0.371579)
     C    3    Vyy=    0.1813    axis=( -0.597403 -0.033819 -0.801228)
     C    3    Vzz=   -0.2379    axis=(  0.591911  0.655498 -0.469002)
     C    3  Q=         1.0000 1e-30 m^2  Cq=        -0.5589 MHz  eta= 0.52419

     H    4    Vxx=   -0.0344    axis=( -0.870602  0.134823  0.473155)
     H    4    Vyy=   -0.5283    axis=( -0.046587  0.934807 -0.352088)
     H    4    Vzz=    0.5627    axis=(  0.489778  0.328571  0.807563)
     H    4  Q=         1.0000 1e-30 m^2  Cq=         1.3220 MHz  eta= 0.87770

     C    5    Vxx=   -0.0097    axis=( -0.258222 -0.695842  0.670168)
     C    5    Vyy=   -1.0525    axis=( -0.965651  0.165102 -0.200647)
     C    5    Vzz=    1.0622    axis=(  0.028972 -0.698960 -0.714574)
     C    5  Q=         1.0000 1e-30 m^2  Cq=         2.4958 MHz  eta= 0.98175

     H    6    Vxx=   -0.0705    axis=(  0.706492  0.704476 -0.067700)
     H    6    Vyy=   -0.1455    axis=( -0.693713  0.670395 -0.263310)
     H    6    Vzz=    0.2160    axis=( -0.140110  0.232991  0.962333)
     H    6  Q=         1.0000 1e-30 m^2  Cq=         0.5075 MHz  eta= 0.34700

     H    7    Vxx=   -0.1684    axis=(  0.964358  0.224085  0.140711)
     H    7    Vyy=   -0.7043    axis=( -0.241864  0.530849  0.812220)
     H    7    Vzz=    0.8727    axis=(  0.107310 -0.817304  0.566127)
     H    7  Q=         1.0000 1e-30 m^2  Cq=         2.0506 MHz  eta= 0.61399

     C    8    Vxx=    0.2159    axis=( -0.546998  0.659845 -0.515167)
     C    8    Vyy=    0.6064    axis=( -0.820563 -0.544458  0.173903)
     C    8    Vzz=   -0.8223    axis=( -0.165738  0.517851  0.839262)
     C    8  Q=         1.0000 1e-30 m^2  Cq=        -1.9321 MHz  eta= 0.47498

     H    9    Vxx=   -0.1840    axis=(  0.392587  0.813421 -0.429212)
     H    9    Vyy=   -0.6715    axis=( -0.155116  0.518554  0.840857)
     H    9    Vzz=    0.8555    axis=(  0.906540 -0.263532  0.329752)
     H    9  Q=         1.0000 1e-30 m^2  Cq=         2.0101 MHz  eta= 0.56990

     C   10    Vxx=    0.3718    axis=(  0.878103  0.477773  0.025835)
     C   10    Vyy=    0.5056    axis=( -0.413428  0.784808 -0.461685)
     C   10    Vzz=   -0.8774    axis=( -0.240857  0.394726  0.886667)
     C   10  Q=         1.0000 1e-30 m^2  Cq=        -2.0615 MHz  eta= 0.15245

     C   11    Vxx=    0.0286    axis=(  0.722714 -0.246168 -0.645822)
     C   11    Vyy=    0.4971    axis=( -0.512713 -0.817567 -0.262126)
     C   11    Vzz=   -0.5256    axis=( -0.463476  0.520563 -0.717080)
     C   11  Q=         1.0000 1e-30 m^2  Cq=        -1.2350 MHz  eta= 0.89135

     Cl  12    Vxx=   -0.2733    axis=(  0.840436  0.482859 -0.245996)
     Cl  12    Vyy=   -1.2814    axis=( -0.541751  0.737623 -0.403012)
     Cl  12    Vzz=    1.5547    axis=( -0.013146  0.471975  0.881514)
     Cl  12  Q=        -8.1650 1e-30 m^2  Cq=       -29.8256 MHz  eta= 0.64842

     H   13    Vxx=   -0.0252    axis=(  0.981299 -0.134115  0.138079)
     H   13    Vyy=   -0.5881    axis=(  0.162759  0.195109 -0.967183)
     H   13    Vzz=    0.6133    axis=(  0.102773  0.971569  0.213289)
     H   13  Q=         1.0000 1e-30 m^2  Cq=         1.4410 MHz  eta= 0.91789

     C   14    Vxx=    0.2291    axis=(  0.704504 -0.387079 -0.594848)
     C   14    Vyy=    0.3787    axis=( -0.609973  0.098193 -0.786315)
     C   14    Vzz=   -0.6078    axis=(  0.362776  0.916803 -0.166930)
     C   14  Q=         1.0000 1e-30 m^2  Cq=        -1.4281 MHz  eta= 0.24621

     H   15    Vxx=   -0.0615    axis=( -0.085528  0.983520 -0.159290)
     H   15    Vyy=   -0.7473    axis=(  0.329957 -0.122894 -0.935962)
     H   15    Vzz=    0.8088    axis=( -0.940113 -0.132610 -0.314008)
     H   15  Q=         1.0000 1e-30 m^2  Cq=         1.9003 MHz  eta= 0.84794

     C   16    Vxx=   -0.2381    axis=(  0.573559  0.444501 -0.688076)
     C   16    Vyy=   -0.3551    axis=(  0.816916 -0.248185  0.520627)
     C   16    Vzz=    0.5933    axis=(  0.060649 -0.860711 -0.505469)
     C   16  Q=         1.0000 1e-30 m^2  Cq=         1.3939 MHz  eta= 0.19726

     C   17    Vxx=    0.2415    axis=( -0.360225  0.314445  0.878273)
     C   17    Vyy=    0.4525    axis=( -0.868508  0.230585 -0.438776)
     C   17    Vzz=   -0.6940    axis=(  0.340487  0.920845 -0.190035)
     C   17  Q=         1.0000 1e-30 m^2  Cq=        -1.6305 MHz  eta= 0.30409

     Cl  18    Vxx=   -0.2425    axis=(  0.835072 -0.522576  0.171958)
     Cl  18    Vyy=   -1.3702    axis=(  0.539342  0.716034 -0.443176)
     Cl  18    Vzz=    1.6127    axis=(  0.108465  0.462828  0.879787)
     Cl  18  Q=        -8.1650 1e-30 m^2  Cq=       -30.9387 MHz  eta= 0.69927

     H   19    Vxx=    0.0314    axis=(  0.719737 -0.162708 -0.674911)
     H   19    Vyy=    0.5396    axis=( -0.088415  0.942750 -0.321566)
     H   19    Vzz=   -0.5709    axis=(  0.688594  0.291115  0.664146)
     H   19  Q=         1.0000 1e-30 m^2  Cq=        -1.3415 MHz  eta= 0.89014

     C   20    Vxx=   -0.0385    axis=( -0.699239  0.245920 -0.671259)
     C   20    Vyy=   -0.3680    axis=( -0.713868 -0.190068  0.673993)
     C   20    Vzz=    0.4064    axis=(  0.038163  0.950472  0.308457)
     C   20  Q=         1.0000 1e-30 m^2  Cq=         0.9549 MHz  eta= 0.81073

     H   21    Vxx=   -0.0377    axis=(  0.119958  0.653614  0.747261)
     H   21    Vyy=   -0.6043    axis=(  0.691038  0.485448 -0.535544)
     H   21    Vzz=    0.6420    axis=(  0.712795 -0.580628  0.393439)
     H   21  Q=         1.0000 1e-30 m^2  Cq=         1.5084 MHz  eta= 0.88252

     C   22    Vxx=    0.0275    axis=( -0.578038  0.490172  0.652383)
     C   22    Vyy=    0.9216    axis=( -0.676012 -0.735428 -0.046406)
     C   22    Vzz=   -0.9491    axis=(  0.457033 -0.467844  0.756467)
     C   22  Q=         1.0000 1e-30 m^2  Cq=        -2.2300 MHz  eta= 0.94195

     C   23    Vxx=   -0.1852    axis=(  0.133849 -0.362939  0.922150)
     C   23    Vyy=   -0.3746    axis=(  0.969031  0.242785 -0.045098)
     C   23    Vzz=    0.5598    axis=( -0.207516  0.899628  0.384195)
     C   23  Q=         1.0000 1e-30 m^2  Cq=         1.3152 MHz  eta= 0.33841

     Cl  24    Vxx=   -0.3604    axis=( -0.873253  0.429170  0.230742)
     Cl  24    Vyy=   -3.0701    axis=(  0.176054 -0.163658  0.970681)
     Cl  24    Vzz=    3.4305    axis=(  0.454350  0.888273  0.067357)
     Cl  24  Q=        -8.1650 1e-30 m^2  Cq=       -65.8125 MHz  eta= 0.78987

     Initialization:
     gipaw_setup  :      9.12s CPU     10.95s WALL (       1 calls)

     Linear response

     Apply operators

     Induced current

     Other routines
     efg          :      9.30s CPU     11.76s WALL (       1 calls)

     General routines
     calbec       :      3.17s CPU      4.12s WALL (      16 calls)
     fft          :      1.76s CPU      2.84s WALL (      15 calls)
     ffts         :      0.03s CPU      0.06s WALL (       2 calls)
     fftw         :      3.40s CPU      4.29s WALL (     672 calls)
     davcio       :      0.03s CPU      0.32s WALL (      32 calls)

     Parallel routines
     fft_scatter  :      2.64s CPU      4.41s WALL (     689 calls)

     Plugins

     GIPAW        :     61.42s CPU     73.45s WALL (       1 calls)
