
     Program QE v.6.0 (svn rev. 13079) starts on 25Dec2016 at 17: 4:14 

     This program is part of the open-source Quantum ESPRESSO suite
     for quantum simulation of materials; please cite
         "P. Giannozzi et al., J. Phys.:Condens. Matter 21 395502 (2009);
          URL http://www.quantum-espresso.org", 
     in publications or presentations arising from this work. More details at
     http://www.quantum-espresso.org/quote

     Parallel version (MPI), running on     8 processors
     R & G space division:  proc/nbgrp/npool/nimage =       8

     ***** This is GIPAW svn revision unknown      *****

     Parallelizing q-star over 1 images

     Reading data from directory:
     /users/majewski/paradichlorobenzene/pbe/9_constraint/scratch/pbe.ecut100.np8.dt60.pcl2phi-129368.save
     Message from routine read_xml_file:
     file /users/majewski/paradichlorobenzene/pbe/9_constraint/scratch/pbe.ecut100.np8.dt60.pcl2phi-129368.save not guaranteed to be safe for post-processing

   Info: using nr1, nr2, nr3 values from input

   Info: using nr1, nr2, nr3 values from input

     IMPORTANT: XC functional enforced from input :
     Exchange-correlation      =  SLA  PW   PBX  PBC ( 1  4  3  4 0 0)
     Any further DFT definition will be discarded
     Please, verify this is what you really want

               file C.pbe-n-kjpaw_psl.1.0.0.UPF: wavefunction(s)  2S 2P renormalized
               file Cl.pbe-n-kjpaw_psl.1.0.0.UPF: wavefunction(s)  3S 3P renormalized
               file H.pbe-kjpaw_psl.1.0.0.UPF: wavefunction(s)  1S renormalized

     Parallelization info
     --------------------
     sticks:   dense  smooth     PW     G-vecs:    dense   smooth      PW
     Min        3057    1223    332               144436    36536    5170
     Max        3059    1225    333               144437    36537    5171
     Sum       24467    9791   2657              1155489   292295   41363


     Subspace diagonalization in iterative solution of the eigenvalue problem:
     a serial algorithm will be used

     GIPAW projectors -----------------------------------------------
     atom=  C    l=0  rc=    1.2000  rs=    0.8000
     atom=  C    l=0  rc=    1.2000  rs=    0.8000
     atom=  C    l=1  rc=    1.4000  rs=    0.9333
     atom=  C    l=1  rc=    1.4000  rs=    0.9333
     projs nearly linearly dependent: l=1  n1,n2= 1, 2  s=  0.99951561

     atom=  Cl   l=0  rc=    1.6000  rs=    1.0667
     atom=  Cl   l=0  rc=    1.6000  rs=    1.0667
     atom=  Cl   l=1  rc=    1.6000  rs=    1.0667
     atom=  Cl   l=1  rc=    1.6000  rs=    1.0667
     atom=  Cl   l=2  rc=    1.6000  rs=    1.0667
     atom=  Cl   l=2  rc=    1.6000  rs=    1.0667
     projs nearly linearly dependent: l=2  n1,n2= 1, 2  s=  0.99993509

     atom=  H    l=0  rc=    1.0000  rs=    0.6667
     atom=  H    l=0  rc=    1.0000  rs=    0.6667
     projs nearly linearly dependent: l=0  n1,n2= 1, 2  s=  0.99968852
     -----------------------------------------------------------------

     GIPAW integrals: -------------------------------------------
     Atom  i/j   nmr_para   nmr_dia   epr_rmc  epr_para   epr_dia
       C   1 1   0.83E+03  0.17E-01  0.93E+01  0.24E+08  0.24E+03
       C   2 1   0.86E+03 -0.61E-01  0.94E+01  0.25E+08  0.25E+03
       C   2 2   0.90E+03 -0.15E+00  0.97E+01  0.26E+08  0.26E+03
       C   3 3   0.33E+01  0.34E+00  0.18E+01  0.55E+03  0.21E+02
       C   4 3   0.35E+01  0.37E+00  0.20E+01  0.59E+03  0.22E+02
       C   4 4   0.38E+01  0.39E+00  0.22E+01  0.63E+03  0.24E+02
       Cl  1 1   0.14E+04 -0.47E+00  0.84E+01  0.32E+09  0.42E+03
       Cl  2 1   0.21E+04 -0.37E+00  0.12E+02  0.49E+09  0.65E+03
       Cl  2 2   0.33E+04 -0.16E+00  0.21E+02  0.76E+09  0.10E+04
       Cl  3 3   0.21E+02  0.79E-01  0.89E+01  0.23E+05  0.13E+03
       Cl  4 3   0.24E+02  0.67E-01  0.99E+01  0.27E+05  0.15E+03
       Cl  4 4   0.28E+02  0.44E-01  0.11E+02  0.32E+05  0.18E+03
       Cl  5 5   0.77E+00  0.19E+00  0.18E+01  0.12E+03  0.22E+02
       Cl  6 5   0.80E+00  0.19E+00  0.19E+01  0.12E+03  0.23E+02
       Cl  6 6   0.83E+00  0.20E+00  0.19E+01  0.12E+03  0.23E+02
       H   1 1   0.39E+02  0.19E+00  0.29E+00  0.78E+05  0.13E+02
       H   2 1   0.41E+02  0.21E+00  0.32E+00  0.82E+05  0.14E+02
       H   2 2   0.43E+02  0.22E+00  0.36E+00  0.86E+05  0.15E+02
     ------------------------------------------------------------

     alpha_pv=     34.3326 eV

     Number of occupied bands for each k-point:
     k-point:     1    nbnd_occ=  42
     k-point:     2    nbnd_occ=  42
     k-point:     3    nbnd_occ=  42
     k-point:     4    nbnd_occ=  42
     k-point:     5    nbnd_occ=  42
     k-point:     6    nbnd_occ=  42
     k-point:     7    nbnd_occ=  42
     k-point:     8    nbnd_occ=  42
     k-point:     9    nbnd_occ=  42
     k-point:    10    nbnd_occ=  42
     k-point:    11    nbnd_occ=  42
     k-point:    12    nbnd_occ=  42
     k-point:    13    nbnd_occ=  42
     k-point:    14    nbnd_occ=  42
     k-point:    15    nbnd_occ=  42
     k-point:    16    nbnd_occ=  42


     q-space interpolation up to   110.00 Rydberg

     GIPAW job: efg                                                                             


     ELECTRIC FIELD GRADIENTS TENSORS IN Hartree/bohrradius^2:

     ----- bare term -----
     Cl   1       -0.012071       -0.125246       -0.020618
     Cl   1       -0.125246        0.098126       -0.078268
     Cl   1       -0.020618       -0.078268       -0.086055

     C    2       -0.412089        0.416995       -0.195484
     C    2        0.416995        0.042673       -0.124348
     C    2       -0.195484       -0.124348        0.369416

     C    3        0.336782        0.051544       -0.044335
     C    3        0.051544       -0.163093       -0.183892
     C    3       -0.044335       -0.183892       -0.173689

     H    4        0.072924        0.071501       -0.471775
     H    4        0.071501        0.090457        0.257364
     H    4       -0.471775        0.257364       -0.163381

     C    5       -0.321947        0.232210        0.002297
     C    5        0.232210        0.191538        0.041361
     C    5        0.002297        0.041361        0.130410

     H    6        0.518386        0.016305       -0.021941
     H    6        0.016305        0.068049       -0.138919
     H    6       -0.021941       -0.138919       -0.586436

     H    7        0.138608        0.440681       -0.094537
     H    7        0.440681       -0.422319        0.270659
     H    7       -0.094537        0.270659        0.283711

     C    8        0.033546       -0.234674        0.018758
     C    8       -0.234674       -0.247345        0.388944
     C    8        0.018758        0.388944        0.213799

     H    9       -0.329866        0.554607       -0.088869
     H    9        0.554607       -0.048006       -0.012359
     H    9       -0.088869       -0.012359        0.377873

     C   10       -0.501813       -0.275211       -0.271428
     C   10       -0.275211        0.184398        0.084574
     C   10       -0.271428        0.084574        0.317415

     C   11        0.041998       -0.151632       -0.148217
     C   11       -0.151632       -0.019545        0.585373
     C   11       -0.148217        0.585373       -0.022453

     Cl  12       -0.268131       -0.218828       -0.018109
     Cl  12       -0.218828        0.178106       -0.081562
     Cl  12       -0.018109       -0.081562        0.090025

     H   13        0.326721        0.221288        0.076875
     H   13        0.221288       -0.558664       -0.485097
     H   13        0.076875       -0.485097        0.231943

     C   14       -0.115532       -0.221404       -0.349414
     C   14       -0.221404        0.032113       -0.503953
     C   14       -0.349414       -0.503953        0.083419

     H   15       -0.192306       -0.138680       -0.409152
     H   15       -0.138680        0.104727       -0.429439
     H   15       -0.409152       -0.429439        0.087580

     C   16       -0.528145        0.309610       -0.086092
     C   16        0.309610        0.147209       -0.287750
     C   16       -0.086092       -0.287750        0.380936

     C   17        0.009075       -0.150700       -0.296256
     C   17       -0.150700        0.002323       -0.633052
     C   17       -0.296256       -0.633052       -0.011398

     Cl  18       -0.266761        0.199139       -0.013151
     Cl  18        0.199139        0.147427       -0.002575
     Cl  18       -0.013151       -0.002575        0.119334

     H   19        0.382311        0.003801       -0.079030
     H   19        0.003801       -0.598155        0.680573
     H   19       -0.079030        0.680573        0.215844

     C   20       -0.962927       -0.398268       -0.461716
     C   20       -0.398268        0.472596       -0.009642
     C   20       -0.461716       -0.009642        0.490330

     H   21       -0.456757       -0.036657       -0.346006
     H   21       -0.036657        0.174800        0.369094
     H   21       -0.346006        0.369094        0.281957

     C   22        0.114204       -0.213334       -0.071711
     C   22       -0.213334       -0.415222        0.476736
     C   22       -0.071711        0.476736        0.301017

     C   23       -0.754312       -0.430523       -0.364269
     C   23       -0.430523        0.312617        0.019813
     C   23       -0.364269        0.019813        0.441695

     Cl  24       -0.007477       -0.057783        0.048420
     Cl  24       -0.057783        0.012056       -0.074001
     Cl  24        0.048420       -0.074001       -0.004579

     ----- ionic term -----
     Cl   1        0.185800       -0.225429       -0.021930
     Cl   1       -0.225429       -0.056176        0.014523
     Cl   1       -0.021930        0.014523       -0.129624

     C    2        0.194545       -0.230461        0.262169
     C    2       -0.230461       -0.014242        0.457352
     C    2        0.262169        0.457352       -0.180304

     C    3        0.083812       -0.287156        0.157047
     C    3       -0.287156        0.155059        0.444609
     C    3        0.157047        0.444609       -0.238871

     H    4        0.568320        0.320071        0.664616
     H    4        0.320071       -0.393626        0.280876
     H    4        0.664616        0.280876       -0.174694

     C    5        0.184296       -0.219165        0.306349
     C    5       -0.219165        0.014745        0.319266
     C    5        0.306349        0.319266       -0.199042

     H    6       -0.530537        0.092844        0.090628
     H    6        0.092844        0.545149        0.765410
     H    6        0.090628        0.765410       -0.014613

     H    7       -0.450612       -0.294506        0.147370
     H    7       -0.294506        0.654438       -0.638838
     H    7        0.147370       -0.638838       -0.203826

     C    8        0.316513        0.106445        0.185783
     C    8        0.106445        0.075381       -0.310457
     C    8        0.185783       -0.310457       -0.391894

     H    9        0.748035       -0.338097        0.543606
     H    9       -0.338097       -0.424062       -0.215532
     H    9        0.543606       -0.215532       -0.323973

     C   10        0.195148        0.170273        0.121656
     C   10        0.170273        0.216418       -0.383887
     C   10        0.121656       -0.383887       -0.411567

     C   11        0.279379        0.127768        0.273078
     C   11        0.127768        0.167022       -0.343277
     C   11        0.273078       -0.343277       -0.446402

     Cl  12        0.098968        0.210612        0.007930
     Cl  12        0.210612        0.072996        0.006637
     Cl  12        0.007930        0.006637       -0.171964

     H   13       -0.526316       -0.006686       -0.000309
     H   13       -0.006686        0.404272        0.798456
     H   13       -0.000309        0.798456        0.122043

     C   14        0.221367       -0.233832        0.316194
     C   14       -0.233832       -0.028267        0.312104
     C   14        0.316194        0.312104       -0.193100

     H   15        0.470419        0.163631        0.770641
     H   15        0.163631       -0.496431        0.208222
     H   15        0.770641        0.208222        0.026013

     C   16        0.085695       -0.320067        0.216681
     C   16       -0.320067        0.106459        0.388736
     C   16        0.216681        0.388736       -0.192153

     C   17        0.100470       -0.240464        0.334036
     C   17       -0.240464        0.052353        0.388704
     C   17        0.334036        0.388704       -0.152823

     Cl  18        0.110316       -0.194174        0.045544
     Cl  18       -0.194174        0.037634       -0.018934
     Cl  18        0.045544       -0.018934       -0.147950

     H   19       -0.485123       -0.184551        0.119507
     H   19       -0.184551        0.658912       -0.691672
     H   19        0.119507       -0.691672       -0.173788

     C   20        0.398715        0.144147        0.251507
     C   20        0.144147        0.033479       -0.301167
     C   20        0.251507       -0.301167       -0.432194

     H   21        0.610196       -0.338204        0.652134
     H   21       -0.338204       -0.383940       -0.257249
     H   21        0.652134       -0.257249       -0.226256

     C   22        0.182212        0.219949        0.162427
     C   22        0.219949        0.197893       -0.385405
     C   22        0.162427       -0.385405       -0.380105

     C   23        0.240658        0.169846        0.198538
     C   23        0.169846        0.153058       -0.372418
     C   23        0.198538       -0.372418       -0.393716

     Cl  24        0.155716        0.229690        0.003502
     Cl  24        0.229690        0.004518       -0.008153
     Cl  24        0.003502       -0.008153       -0.160234

     ----- GIPAW term -----
     Cl   1        0.745600       -3.107804        0.144527
     Cl   1       -3.107804        1.369202       -0.974989
     Cl   1        0.144527       -0.974989       -2.114801

     C    2       -0.077235       -0.000354       -0.010044
     C    2       -0.000354        0.094870       -0.078640
     C    2       -0.010044       -0.078640       -0.017636

     C    3        0.014259       -0.002104        0.001443
     C    3       -0.002104        0.033243        0.003380
     C    3        0.001443        0.003380       -0.047502

     H    4       -0.000000        0.000000        0.000000
     H    4        0.000000        0.000000        0.000000
     H    4        0.000000        0.000000        0.000000

     C    5       -0.043625       -0.004075        0.020326
     C    5       -0.004075        0.048309       -0.018674
     C    5        0.020326       -0.018674       -0.004685

     H    6       -0.000000        0.000000        0.000000
     H    6        0.000000        0.000000        0.000000
     H    6        0.000000        0.000000        0.000000

     H    7       -0.000000        0.000000        0.000000
     H    7        0.000000        0.000000        0.000000
     H    7        0.000000        0.000000        0.000000

     C    8       -0.048063       -0.115553        0.056027
     C    8       -0.115553        0.125210       -0.027398
     C    8        0.056027       -0.027398       -0.077147

     H    9       -0.000000        0.000000        0.000000
     H    9        0.000000        0.000000        0.000000
     H    9        0.000000        0.000000        0.000000

     C   10       -0.092986       -0.126731       -0.055016
     C   10       -0.126731        0.158459        0.009588
     C   10       -0.055016        0.009588       -0.065472

     C   11       -0.035521       -0.052080        0.003528
     C   11       -0.052080        0.245719        0.010853
     C   11        0.003528        0.010853       -0.210198

     Cl  12       -0.378191        1.318009       -0.176312
     Cl  12        1.318009        1.860911       -0.871906
     Cl  12       -0.176312       -0.871906       -1.482720

     H   13       -0.000000        0.000000        0.000000
     H   13        0.000000        0.000000        0.000000
     H   13        0.000000        0.000000        0.000000

     C   14       -0.069172       -0.129127       -0.019161
     C   14       -0.129127        0.189683       -0.146140
     C   14       -0.019161       -0.146140       -0.120511

     H   15       -0.000000        0.000000        0.000000
     H   15        0.000000        0.000000        0.000000
     H   15        0.000000        0.000000        0.000000

     C   16       -0.123510       -0.137332        0.026665
     C   16       -0.137332        0.215442       -0.062147
     C   16        0.026665       -0.062147       -0.091932

     C   17       -0.051242       -0.071496       -0.034749
     C   17       -0.071496        0.140994       -0.161857
     C   17       -0.034749       -0.161857       -0.089753

     Cl  18       -0.070660       -1.933928       -0.165739
     Cl  18       -1.933928        1.573747        0.091839
     Cl  18       -0.165739        0.091839       -1.503088

     H   19       -0.000000        0.000000        0.000000
     H   19        0.000000        0.000000        0.000000
     H   19        0.000000        0.000000        0.000000

     C   20       -0.223965       -0.068604       -0.026782
     C   20       -0.068604        0.221790       -0.170677
     C   20       -0.026782       -0.170677        0.002175

     H   21       -0.000000        0.000000        0.000000
     H   21        0.000000        0.000000        0.000000
     H   21        0.000000        0.000000        0.000000

     C   22       -0.106074       -0.031314        0.026979
     C   22       -0.031314        0.098755       -0.170717
     C   22        0.026979       -0.170717        0.007319

     C   23       -0.128952       -0.082409        0.019572
     C   23       -0.082409        0.152321       -0.151714
     C   23        0.019572       -0.151714       -0.023369

     Cl  24       -0.025490        0.458698        0.761444
     Cl  24        0.458698        1.321628       -1.940861
     Cl  24        0.761444       -1.940861       -1.296138

     ----- total EFG -----
     Cl   1        0.919328       -3.458480        0.101980
     Cl   1       -3.458480        1.411152       -1.038733
     Cl   1        0.101980       -1.038733       -2.330480

     C    2       -0.294778        0.186180        0.056640
     C    2        0.186180        0.123302        0.254365
     C    2        0.056640        0.254365        0.171476

     C    3        0.434853       -0.237716        0.114155
     C    3       -0.237716        0.025209        0.264097
     C    3        0.114155        0.264097       -0.460062

     H    4        0.641244        0.391572        0.192841
     H    4        0.391572       -0.303169        0.538240
     H    4        0.192841        0.538240       -0.338075

     C    5       -0.181275        0.008970        0.328973
     C    5        0.008970        0.254592        0.341953
     C    5        0.328973        0.341953       -0.073317

     H    6       -0.012151        0.109148        0.068687
     H    6        0.109148        0.613199        0.626491
     H    6        0.068687        0.626491       -0.601048

     H    7       -0.312005        0.146175        0.052833
     H    7        0.146175        0.232119       -0.368179
     H    7        0.052833       -0.368179        0.079885

     C    8        0.301996       -0.243782        0.260568
     C    8       -0.243782       -0.046754        0.051088
     C    8        0.260568        0.051088       -0.255242

     H    9        0.418169        0.216510        0.454738
     H    9        0.216510       -0.472069       -0.227892
     H    9        0.454738       -0.227892        0.053900

     C   10       -0.399651       -0.231670       -0.204787
     C   10       -0.231670        0.559275       -0.289725
     C   10       -0.204787       -0.289725       -0.159624

     C   11        0.285856       -0.075944        0.128390
     C   11       -0.075944        0.393197        0.252949
     C   11        0.128390        0.252949       -0.679053

     Cl  12       -0.547354        1.309794       -0.186492
     Cl  12        1.309794        2.112013       -0.946831
     Cl  12       -0.186492       -0.946831       -1.564659

     H   13       -0.199595        0.214602        0.076565
     H   13        0.214602       -0.154391        0.313358
     H   13        0.076565        0.313358        0.353986

     C   14        0.036663       -0.584362       -0.052381
     C   14       -0.584362        0.193528       -0.337989
     C   14       -0.052381       -0.337989       -0.230191

     H   15        0.278112        0.024951        0.361488
     H   15        0.024951       -0.391705       -0.221217
     H   15        0.361488       -0.221217        0.113592

     C   16       -0.565960       -0.147789        0.157254
     C   16       -0.147789        0.469109        0.038838
     C   16        0.157254        0.038838        0.096851

     C   17        0.058303       -0.462660        0.003032
     C   17       -0.462660        0.195671       -0.406205
     C   17        0.003032       -0.406205       -0.253973

     Cl  18       -0.227105       -1.928963       -0.133347
     Cl  18       -1.928963        1.758809        0.070329
     Cl  18       -0.133347        0.070329       -1.531704

     H   19       -0.102812       -0.180750        0.040477
     H   19       -0.180750        0.060756       -0.011099
     H   19        0.040477       -0.011099        0.042056

     C   20       -0.788177       -0.322726       -0.236991
     C   20       -0.322726        0.727865       -0.481486
     C   20       -0.236991       -0.481486        0.060312

     H   21        0.153438       -0.374862        0.306128
     H   21       -0.374862       -0.209140        0.111846
     H   21        0.306128        0.111846        0.055701

     C   22        0.190342       -0.024698        0.117694
     C   22       -0.024698       -0.118573       -0.079385
     C   22        0.117694       -0.079385       -0.071769

     C   23       -0.642607       -0.343086       -0.146159
     C   23       -0.343086        0.617996       -0.504319
     C   23       -0.146159       -0.504319        0.024611

     Cl  24        0.122749        0.630605        0.813367
     Cl  24        0.630605        1.338202       -2.023014
     Cl  24        0.813367       -2.023014       -1.460951

     ----- total EFG (symmetrized) -----
     Cl   1        0.919328       -3.458480        0.101980
     Cl   1       -3.458480        1.411152       -1.038733
     Cl   1        0.101980       -1.038733       -2.330480

     C    2       -0.294778        0.186180        0.056640
     C    2        0.186180        0.123302        0.254365
     C    2        0.056640        0.254365        0.171476

     C    3        0.434853       -0.237716        0.114155
     C    3       -0.237716        0.025209        0.264097
     C    3        0.114155        0.264097       -0.460062

     H    4        0.641244        0.391572        0.192841
     H    4        0.391572       -0.303169        0.538240
     H    4        0.192841        0.538240       -0.338075

     C    5       -0.181275        0.008970        0.328973
     C    5        0.008970        0.254592        0.341953
     C    5        0.328973        0.341953       -0.073317

     H    6       -0.012151        0.109148        0.068687
     H    6        0.109148        0.613199        0.626491
     H    6        0.068687        0.626491       -0.601048

     H    7       -0.312005        0.146175        0.052833
     H    7        0.146175        0.232119       -0.368179
     H    7        0.052833       -0.368179        0.079885

     C    8        0.301996       -0.243782        0.260568
     C    8       -0.243782       -0.046754        0.051088
     C    8        0.260568        0.051088       -0.255242

     H    9        0.418169        0.216510        0.454738
     H    9        0.216510       -0.472069       -0.227892
     H    9        0.454738       -0.227892        0.053900

     C   10       -0.399651       -0.231670       -0.204787
     C   10       -0.231670        0.559275       -0.289725
     C   10       -0.204787       -0.289725       -0.159624

     C   11        0.285856       -0.075944        0.128390
     C   11       -0.075944        0.393197        0.252949
     C   11        0.128390        0.252949       -0.679053

     Cl  12       -0.547354        1.309794       -0.186492
     Cl  12        1.309794        2.112013       -0.946831
     Cl  12       -0.186492       -0.946831       -1.564659

     H   13       -0.199595        0.214602        0.076565
     H   13        0.214602       -0.154391        0.313358
     H   13        0.076565        0.313358        0.353986

     C   14        0.036663       -0.584362       -0.052381
     C   14       -0.584362        0.193528       -0.337989
     C   14       -0.052381       -0.337989       -0.230191

     H   15        0.278112        0.024951        0.361488
     H   15        0.024951       -0.391705       -0.221217
     H   15        0.361488       -0.221217        0.113592

     C   16       -0.565960       -0.147789        0.157254
     C   16       -0.147789        0.469109        0.038838
     C   16        0.157254        0.038838        0.096851

     C   17        0.058303       -0.462660        0.003032
     C   17       -0.462660        0.195671       -0.406205
     C   17        0.003032       -0.406205       -0.253973

     Cl  18       -0.227105       -1.928963       -0.133347
     Cl  18       -1.928963        1.758809        0.070329
     Cl  18       -0.133347        0.070329       -1.531704

     H   19       -0.102812       -0.180750        0.040477
     H   19       -0.180750        0.060756       -0.011099
     H   19        0.040477       -0.011099        0.042056

     C   20       -0.788177       -0.322726       -0.236991
     C   20       -0.322726        0.727865       -0.481486
     C   20       -0.236991       -0.481486        0.060312

     H   21        0.153438       -0.374862        0.306128
     H   21       -0.374862       -0.209140        0.111846
     H   21        0.306128        0.111846        0.055701

     C   22        0.190342       -0.024698        0.117694
     C   22       -0.024698       -0.118573       -0.079385
     C   22        0.117694       -0.079385       -0.071769

     C   23       -0.642607       -0.343086       -0.146159
     C   23       -0.343086        0.617996       -0.504319
     C   23       -0.146159       -0.504319        0.024611

     Cl  24        0.122749        0.630605        0.813367
     Cl  24        0.630605        1.338202       -2.023014
     Cl  24        0.813367       -2.023014       -1.460951


     NQR/NMR SPECTROSCOPIC PARAMETERS:
     Cl   1    Vxx=   -1.7333    axis=(  0.601535  0.441740 -0.665599)
     Cl   1    Vyy=   -2.9974    axis=(  0.436496  0.516069  0.736983)
     Cl   1    Vzz=    4.7307    axis=(  0.669050 -0.733852  0.117616)
     Cl   1  Q=        -8.1650 1e-30 m^2  Cq=       -90.7563 MHz  eta= 0.26723

     C    2    Vxx=   -0.0728    axis=( -0.332051 -0.613819  0.716218)
     C    2    Vyy=   -0.3690    axis=( -0.915680  0.392034 -0.088541)
     C    2    Vzz=    0.4418    axis=( -0.226434 -0.685227 -0.692237)
     C    2  Q=         1.0000 1e-30 m^2  Cq=         1.0380 MHz  eta= 0.67052

     C    3    Vxx=    0.0718    axis=(  0.372267  0.796978  0.475650)
     C    3    Vyy=    0.5439    axis=( -0.907649  0.419669  0.007192)
     C    3    Vzz=   -0.6157    axis=( -0.193884 -0.434401  0.879605)
     C    3  Q=         1.0000 1e-30 m^2  Cq=        -1.4465 MHz  eta= 0.76678

     H    4    Vxx=   -0.0309    axis=(  0.512013 -0.556749 -0.654120)
     H    4    Vyy=   -0.8724    axis=(  0.098185 -0.718586  0.688472)
     H    4    Vzz=    0.9033    axis=( -0.853348 -0.416732 -0.313261)
     H    4  Q=         1.0000 1e-30 m^2  Cq=         2.1223 MHz  eta= 0.93157

     C    5    Vxx=    0.0034    axis=(  0.701576 -0.582975  0.409794)
     C    5    Vyy=    0.5244    axis=( -0.284305 -0.756315 -0.589202)
     C    5    Vzz=   -0.5278    axis=(  0.653424  0.296863 -0.696355)
     C    5  Q=         1.0000 1e-30 m^2  Cq=        -1.2401 MHz  eta= 0.98702

     H    6    Vxx=   -0.0295    axis=(  0.990019 -0.137354 -0.031579)
     H    6    Vyy=   -0.8668    axis=( -0.024468 -0.388163  0.921266)
     H    6    Vzz=    0.8963    axis=( -0.138797 -0.911298 -0.387649)
     H    6  Q=         1.0000 1e-30 m^2  Cq=         2.1060 MHz  eta= 0.93421

     H    7    Vxx=   -0.1282    axis=(  0.565861  0.465697  0.680388)
     H    7    Vyy=   -0.4115    axis=( -0.818882  0.413613  0.397942)
     H    7    Vzz=    0.5397    axis=( -0.096097 -0.782337  0.615398)
     H    7  Q=         1.0000 1e-30 m^2  Cq=         1.2681 MHz  eta= 0.52499

     C    8    Vxx=   -0.0719    axis=( -0.193056 -0.839309 -0.508223)
     C    8    Vyy=   -0.4172    axis=(  0.428207  0.393968 -0.813282)
     C    8    Vzz=    0.4891    axis=(  0.882818 -0.374633  0.283340)
     C    8  Q=         1.0000 1e-30 m^2  Cq=         1.1491 MHz  eta= 0.70601

     H    9    Vxx=   -0.0354    axis=(  0.425525  0.575460 -0.698409)
     H    9    Vyy=   -0.6929    axis=( -0.347735  0.816493  0.460890)
     H    9    Vzz=    0.7283    axis=( -0.835470 -0.046741 -0.547545)
     H    9  Q=         1.0000 1e-30 m^2  Cq=         1.7112 MHz  eta= 0.90282

     C   10    Vxx=   -0.0632    axis=(  0.587845 -0.151111 -0.794735)
     C   10    Vyy=   -0.6207    axis=(  0.795395  0.287206  0.533723)
     C   10    Vzz=    0.6840    axis=(  0.147601 -0.945874  0.289025)
     C   10  Q=         1.0000 1e-30 m^2  Cq=         1.6070 MHz  eta= 0.81509

     C   11    Vxx=    0.2920    axis=( -0.951686 -0.242103 -0.188891)
     C   11    Vyy=    0.4631    axis=( -0.275669  0.944589  0.178210)
     C   11    Vzz=   -0.7551    axis=( -0.135279 -0.221671  0.965692)
     C   11  Q=         1.0000 1e-30 m^2  Cq=        -1.7742 MHz  eta= 0.22654

     Cl  12    Vxx=   -1.0389    axis=(  0.920510 -0.311949  0.235266)
     Cl  12    Vyy=   -1.8133    axis=( -0.148208  0.278360  0.948973)
     Cl  12    Vzz=    2.8522    axis=( -0.361520 -0.908407  0.209999)
     Cl  12  Q=        -8.1650 1e-30 m^2  Cq=       -54.7171 MHz  eta= 0.27150

     H   13    Vxx=   -0.1092    axis=( -0.755284 -0.478096  0.448298)
     H   13    Vyy=   -0.4308    axis=( -0.616724  0.749937 -0.239260)
     H   13    Vzz=    0.5400    axis=(  0.221806  0.457185  0.861269)
     H   13  Q=         1.0000 1e-30 m^2  Cq=         1.2689 MHz  eta= 0.59560

     C   14    Vxx=   -0.1045    axis=(  0.567158  0.208427 -0.796800)
     C   14    Vyy=   -0.6521    axis=(  0.560749  0.610868  0.558929)
     C   14    Vzz=    0.7566    axis=(  0.603235 -0.763805  0.229584)
     C   14  Q=         1.0000 1e-30 m^2  Cq=         1.7778 MHz  eta= 0.72379

     H   15    Vxx=   -0.0712    axis=( -0.614026 -0.480146  0.626444)
     H   15    Vyy=   -0.5106    axis=(  0.229350 -0.867978 -0.440469)
     H   15    Vzz=    0.5817    axis=(  0.755229 -0.126784  0.643082)
     H   15  Q=         1.0000 1e-30 m^2  Cq=         1.3668 MHz  eta= 0.75530

     C   16    Vxx=    0.1322    axis=(  0.222675 -0.014692  0.974782)
     C   16    Vyy=    0.4905    axis=( -0.131817  0.990250  0.045037)
     C   16    Vzz=   -0.6227    axis=( -0.965940 -0.138521  0.218567)
     C   16  Q=         1.0000 1e-30 m^2  Cq=        -1.4632 MHz  eta= 0.57546

     C   17    Vxx=   -0.1019    axis=(  0.724100  0.246530 -0.644129)
     C   17    Vyy=   -0.6005    axis=(  0.413136  0.592796  0.691312)
     C   17    Vzz=    0.7024    axis=(  0.552266 -0.766691  0.327394)
     C   17  Q=         1.0000 1e-30 m^2  Cq=         1.6503 MHz  eta= 0.70981

     Cl  18    Vxx=   -1.3681    axis=(  0.768695  0.483619 -0.418593)
     Cl  18    Vyy=   -1.5710    axis=( -0.371105 -0.195807 -0.907712)
     Cl  18    Vzz=    2.9391    axis=( -0.520950  0.853096  0.028958)
     Cl  18  Q=        -8.1650 1e-30 m^2  Cq=       -56.3858 MHz  eta= 0.06906

     H   19    Vxx=    0.0381    axis=( -0.029439  0.240228  0.970270)
     H   19    Vyy=    0.1843    axis=(  0.541743 -0.811926  0.217461)
     H   19    Vzz=   -0.2224    axis=(  0.840028  0.532039 -0.106240)
     H   19  Q=         1.0000 1e-30 m^2  Cq=        -0.5226 MHz  eta= 0.65757

     C   20    Vxx=   -0.0282    axis=( -0.412950  0.357250  0.837762)
     C   20    Vyy=   -0.9702    axis=(  0.904766  0.266219  0.332453)
     C   20    Vzz=    0.9984    axis=( -0.104260  0.895265 -0.433163)
     C   20  Q=         1.0000 1e-30 m^2  Cq=         2.3459 MHz  eta= 0.94353

     H   21    Vxx=    0.0633    axis=( -0.196555  0.591412  0.782047)
     H   21    Vyy=    0.4965    axis=( -0.807747  0.354457 -0.471068)
     H   21    Vzz=   -0.5598    axis=( -0.555797 -0.724287  0.408041)
     H   21  Q=         1.0000 1e-30 m^2  Cq=        -1.3153 MHz  eta= 0.77370

     C   22    Vxx=   -0.0567    axis=( -0.371960 -0.672627  0.639702)
     C   22    Vyy=   -0.1863    axis=( -0.161479  0.725529  0.668978)
     C   22    Vzz=    0.2430    axis=(  0.914095 -0.145534  0.378483)
     C   22  Q=         1.0000 1e-30 m^2  Cq=         0.5710 MHz  eta= 0.53308

     C   23    Vxx=   -0.1117    axis=( -0.453282  0.352659  0.818637)
     C   23    Vyy=   -0.8283    axis=(  0.879076  0.328854  0.345081)
     C   23    Vzz=    0.9400    axis=( -0.147516  0.876063 -0.459078)
     C   23  Q=         1.0000 1e-30 m^2  Cq=         2.2087 MHz  eta= 0.76232

     Cl  24    Vxx=    0.4513    axis=(  0.942893  0.071606  0.325308)
     Cl  24    Vyy=    2.4143    axis=( -0.086494 -0.890487  0.446711)
     Cl  24    Vzz=   -2.8656    axis=(  0.321670 -0.449338 -0.833441)
     Cl  24  Q=        -8.1650 1e-30 m^2  Cq=        54.9742 MHz  eta= 0.68505

     Initialization:
     gipaw_setup  :      9.13s CPU     11.05s WALL (       1 calls)

     Linear response

     Apply operators

     Induced current

     Other routines
     efg          :      9.49s CPU     12.37s WALL (       1 calls)

     General routines
     calbec       :      3.49s CPU      4.81s WALL (      16 calls)
     fft          :      1.55s CPU      2.19s WALL (      15 calls)
     ffts         :      0.04s CPU      0.04s WALL (       2 calls)
     fftw         :      3.28s CPU      4.10s WALL (     672 calls)
     davcio       :      0.03s CPU      0.32s WALL (      32 calls)

     Parallel routines
     fft_scatter  :      2.27s CPU      3.57s WALL (     689 calls)

     Plugins

     GIPAW        :     61.40s CPU     75.44s WALL (       1 calls)
