
     Program QE v.6.0 (svn rev. 13079) starts on 30Dec2016 at 23:28:59 

     This program is part of the open-source Quantum ESPRESSO suite
     for quantum simulation of materials; please cite
         "P. Giannozzi et al., J. Phys.:Condens. Matter 21 395502 (2009);
          URL http://www.quantum-espresso.org", 
     in publications or presentations arising from this work. More details at
     http://www.quantum-espresso.org/quote

     Parallel version (MPI), running on     8 processors
     R & G space division:  proc/nbgrp/npool/nimage =       8

     ***** This is GIPAW svn revision unknown      *****

     Parallelizing q-star over 1 images

     Reading data from directory:
     /users/majewski/paradichlorobenzene/pbe/9_constraint/scratch/pbe.ecut100.np8.dt60.pcl2phi-129368.save
     Message from routine read_xml_file:
     file /users/majewski/paradichlorobenzene/pbe/9_constraint/scratch/pbe.ecut100.np8.dt60.pcl2phi-129368.save not guaranteed to be safe for post-processing

   Info: using nr1, nr2, nr3 values from input

   Info: using nr1, nr2, nr3 values from input

     IMPORTANT: XC functional enforced from input :
     Exchange-correlation      =  SLA  PW   PBX  PBC ( 1  4  3  4 0 0)
     Any further DFT definition will be discarded
     Please, verify this is what you really want

               file C.pbe-n-kjpaw_psl.1.0.0.UPF: wavefunction(s)  2S 2P renormalized
               file Cl.pbe-n-kjpaw_psl.1.0.0.UPF: wavefunction(s)  3S 3P renormalized
               file H.pbe-kjpaw_psl.1.0.0.UPF: wavefunction(s)  1S renormalized

     Parallelization info
     --------------------
     sticks:   dense  smooth     PW     G-vecs:    dense   smooth      PW
     Min        3057    1223    332               144436    36536    5170
     Max        3059    1225    333               144437    36537    5171
     Sum       24467    9791   2657              1155489   292295   41363


     Subspace diagonalization in iterative solution of the eigenvalue problem:
     a serial algorithm will be used

     GIPAW projectors -----------------------------------------------
     atom=  C    l=0  rc=    1.2000  rs=    0.8000
     atom=  C    l=0  rc=    1.2000  rs=    0.8000
     atom=  C    l=1  rc=    1.4000  rs=    0.9333
     atom=  C    l=1  rc=    1.4000  rs=    0.9333
     projs nearly linearly dependent: l=1  n1,n2= 1, 2  s=  0.99951561

     atom=  Cl   l=0  rc=    1.6000  rs=    1.0667
     atom=  Cl   l=0  rc=    1.6000  rs=    1.0667
     atom=  Cl   l=1  rc=    1.6000  rs=    1.0667
     atom=  Cl   l=1  rc=    1.6000  rs=    1.0667
     atom=  Cl   l=2  rc=    1.6000  rs=    1.0667
     atom=  Cl   l=2  rc=    1.6000  rs=    1.0667
     projs nearly linearly dependent: l=2  n1,n2= 1, 2  s=  0.99993509

     atom=  H    l=0  rc=    1.0000  rs=    0.6667
     atom=  H    l=0  rc=    1.0000  rs=    0.6667
     projs nearly linearly dependent: l=0  n1,n2= 1, 2  s=  0.99968852
     -----------------------------------------------------------------

     GIPAW integrals: -------------------------------------------
     Atom  i/j   nmr_para   nmr_dia   epr_rmc  epr_para   epr_dia
       C   1 1   0.83E+03  0.17E-01  0.93E+01  0.24E+08  0.24E+03
       C   2 1   0.86E+03 -0.61E-01  0.94E+01  0.25E+08  0.25E+03
       C   2 2   0.90E+03 -0.15E+00  0.97E+01  0.26E+08  0.26E+03
       C   3 3   0.33E+01  0.34E+00  0.18E+01  0.55E+03  0.21E+02
       C   4 3   0.35E+01  0.37E+00  0.20E+01  0.59E+03  0.22E+02
       C   4 4   0.38E+01  0.39E+00  0.22E+01  0.63E+03  0.24E+02
       Cl  1 1   0.14E+04 -0.47E+00  0.84E+01  0.32E+09  0.42E+03
       Cl  2 1   0.21E+04 -0.37E+00  0.12E+02  0.49E+09  0.65E+03
       Cl  2 2   0.33E+04 -0.16E+00  0.21E+02  0.76E+09  0.10E+04
       Cl  3 3   0.21E+02  0.79E-01  0.89E+01  0.23E+05  0.13E+03
       Cl  4 3   0.24E+02  0.67E-01  0.99E+01  0.27E+05  0.15E+03
       Cl  4 4   0.28E+02  0.44E-01  0.11E+02  0.32E+05  0.18E+03
       Cl  5 5   0.77E+00  0.19E+00  0.18E+01  0.12E+03  0.22E+02
       Cl  6 5   0.80E+00  0.19E+00  0.19E+01  0.12E+03  0.23E+02
       Cl  6 6   0.83E+00  0.20E+00  0.19E+01  0.12E+03  0.23E+02
       H   1 1   0.39E+02  0.19E+00  0.29E+00  0.78E+05  0.13E+02
       H   2 1   0.41E+02  0.21E+00  0.32E+00  0.82E+05  0.14E+02
       H   2 2   0.43E+02  0.22E+00  0.36E+00  0.86E+05  0.15E+02
     ------------------------------------------------------------

     alpha_pv=     33.6565 eV

     Number of occupied bands for each k-point:
     k-point:     1    nbnd_occ=  42
     k-point:     2    nbnd_occ=  42
     k-point:     3    nbnd_occ=  42
     k-point:     4    nbnd_occ=  42
     k-point:     5    nbnd_occ=  42
     k-point:     6    nbnd_occ=  42
     k-point:     7    nbnd_occ=  42
     k-point:     8    nbnd_occ=  42
     k-point:     9    nbnd_occ=  42
     k-point:    10    nbnd_occ=  42
     k-point:    11    nbnd_occ=  42
     k-point:    12    nbnd_occ=  42
     k-point:    13    nbnd_occ=  42
     k-point:    14    nbnd_occ=  42
     k-point:    15    nbnd_occ=  42
     k-point:    16    nbnd_occ=  42


     q-space interpolation up to   110.00 Rydberg

     GIPAW job: efg                                                                             


     ELECTRIC FIELD GRADIENTS TENSORS IN Hartree/bohrradius^2:

     ----- bare term -----
     Cl   1       -0.245827        0.261626        0.066649
     Cl   1        0.261626        0.044288       -0.089144
     Cl   1        0.066649       -0.089144        0.201539

     C    2       -0.002441       -0.377291       -0.446846
     C    2       -0.377291       -0.065118       -0.707362
     C    2       -0.446846       -0.707362        0.067559

     C    3       -0.496241        0.338443       -0.076897
     C    3        0.338443        0.097348       -0.227951
     C    3       -0.076897       -0.227951        0.398893

     H    4       -0.146106       -0.197743       -0.401726
     H    4       -0.197743       -0.211879       -0.284925
     H    4       -0.401726       -0.284925        0.357985

     C    5       -0.094762       -0.344197       -0.455794
     C    5       -0.344197        0.002373       -0.503262
     C    5       -0.455794       -0.503262        0.092389

     H    6        0.239506        0.287726        0.130870
     H    6        0.287726       -0.451404       -0.491215
     H    6        0.130870       -0.491215        0.211899

     H    7        0.350031        0.047163        0.308832
     H    7        0.047163        0.155239        0.158252
     H    7        0.308832        0.158252       -0.505270

     C    8       -0.376923       -0.251693       -0.409688
     C    8       -0.251693        0.286679        0.178040
     C    8       -0.409688        0.178040        0.090244

     H    9        0.204369       -0.028435       -0.302990
     H    9       -0.028435        0.097864       -0.282594
     H    9       -0.302990       -0.282594       -0.302233

     C   10        0.235212       -0.165531        0.129560
     C   10       -0.165531       -0.203887        0.230683
     C   10        0.129560        0.230683       -0.031326

     C   11       -0.325194       -0.285335       -0.479678
     C   11       -0.285335        0.201863        0.114080
     C   11       -0.479678        0.114080        0.123331

     Cl  12        0.075289        0.309406        0.170415
     Cl  12        0.309406       -0.314109       -0.330908
     Cl  12        0.170415       -0.330908        0.238821

     H   13        0.514141        0.066392       -0.192216
     H   13        0.066392       -0.080702       -0.221915
     H   13       -0.192216       -0.221915       -0.433439

     C   14       -0.537575        0.356650        0.001357
     C   14        0.356650        0.216332       -0.160510
     C   14        0.001357       -0.160510        0.321242

     H   15       -0.194575        0.287549       -0.422516
     H   15        0.287549       -0.028541        0.020774
     H   15       -0.422516        0.020774        0.223116

     C   16        0.178171       -0.069107       -0.298994
     C   16       -0.069107       -0.133739       -0.541034
     C   16       -0.298994       -0.541034       -0.044432

     C   17       -0.643810        0.452256       -0.255891
     C   17        0.452256        0.186341       -0.136025
     C   17       -0.255891       -0.136025        0.457469

     Cl  18       -0.061094        0.051606        0.066359
     Cl  18        0.051606       -0.017538       -0.042366
     Cl  18        0.066359       -0.042366        0.078632

     H   19        0.354734        0.263411       -0.175076
     H   19        0.263411       -0.428184        0.575530
     H   19       -0.175076        0.575530        0.073451

     C   20       -0.039595       -0.470333       -0.044391
     C   20       -0.470333       -0.209949        0.397774
     C   20       -0.044391        0.397774        0.249544

     H   21       -0.295680        0.330492       -0.572017
     H   21        0.330492        0.290582        0.304787
     H   21       -0.572017        0.304787        0.005098

     C   22       -0.507122       -0.281526       -0.253372
     C   22       -0.281526        0.052876        0.187163
     C   22       -0.253372        0.187163        0.454246

     C   23        0.043094       -0.381892       -0.066135
     C   23       -0.381892       -0.269685        0.478830
     C   23       -0.066135        0.478830        0.226591

     Cl  24       -0.132274       -0.092744        0.070491
     Cl  24       -0.092744       -0.065256       -0.125390
     Cl  24        0.070491       -0.125390        0.197530

     ----- ionic term -----
     Cl   1        0.125605       -0.189561        0.022242
     Cl   1       -0.189561        0.017489        0.000865
     Cl   1        0.022242        0.000865       -0.143095

     C    2        0.173037       -0.191255        0.335577
     C    2       -0.191255        0.048887        0.385425
     C    2        0.335577        0.385425       -0.221925

     C    3        0.197808       -0.259213        0.170380
     C    3       -0.259213        0.115858        0.391223
     C    3        0.170380        0.391223       -0.313666

     H    4        0.643629        0.278788        0.693633
     H    4        0.278788       -0.446590        0.225204
     H    4        0.693633        0.225204       -0.197039

     C    5        0.330354       -0.223826        0.224489
     C    5       -0.223826       -0.011586        0.335815
     C    5        0.224489        0.335815       -0.318768

     H    6       -0.512972        0.007876        0.005527
     H    6        0.007876        0.557522        0.772631
     H    6        0.005527        0.772631       -0.044549

     H    7       -0.544185        0.007752       -0.011603
     H    7        0.007752        0.219654       -0.789695
     H    7       -0.011603       -0.789695        0.324531

     C    8        0.095609        0.215067        0.314593
     C    8        0.215067       -0.032612       -0.276975
     C    8        0.314593       -0.276975       -0.062997

     H    9        0.414055       -0.013178        0.796021
     H    9       -0.013178       -0.493073       -0.097289
     H    9        0.796021       -0.097289        0.079018

     C   10        0.020257        0.289375        0.243145
     C   10        0.289375        0.105112       -0.335142
     C   10        0.243145       -0.335142       -0.125368

     C   11        0.104575        0.211477        0.378060
     C   11        0.211477        0.028597       -0.359867
     C   11        0.378060       -0.359867       -0.133172

     Cl  12        0.100904        0.202343        0.051631
     Cl  12        0.202343        0.034407        0.020046
     Cl  12        0.051631        0.020046       -0.135311

     H   13       -0.534185        0.028556        0.052096
     H   13        0.028556        0.548018        0.779443
     H   13        0.052096        0.779443       -0.013833

     C   14        0.231207       -0.222618        0.294661
     C   14       -0.222618       -0.015042        0.332010
     C   14        0.294661        0.332010       -0.216164

     H   15        0.652719        0.217091        0.636203
     H   15        0.217091       -0.475372        0.206719
     H   15        0.636203        0.206719       -0.177347

     C   16        0.141154       -0.283816        0.141883
     C   16       -0.283816        0.061858        0.415963
     C   16        0.141883        0.415963       -0.203011

     C   17        0.230011       -0.175818        0.193480
     C   17       -0.175818       -0.041215        0.464820
     C   17        0.193480        0.464820       -0.188796

     Cl  18        0.143184       -0.217481       -0.046262
     Cl  18       -0.217481       -0.023138        0.021412
     Cl  18       -0.046262        0.021412       -0.120046

     H   19       -0.523118       -0.031276        0.046355
     H   19       -0.031276        0.518753       -0.754240
     H   19        0.046355       -0.754240        0.004365

     C   20        0.196622        0.222843        0.366550
     C   20        0.222843        0.013276       -0.266648
     C   20        0.366550       -0.266648       -0.209897

     H   21        0.595425       -0.312556        0.643080
     H   21       -0.312556       -0.434655       -0.256852
     H   21        0.643080       -0.256852       -0.160769

     C   22        0.085666        0.249243        0.220852
     C   22        0.249243        0.165534       -0.359816
     C   22        0.220852       -0.359816       -0.251200

     C   23        0.084758        0.251289        0.355358
     C   23        0.251289        0.074537       -0.344137
     C   23        0.355358       -0.344137       -0.159295

     Cl  24        0.102442        0.214261        0.042916
     Cl  24        0.214261        0.051900        0.029225
     Cl  24        0.042916        0.029225       -0.154343

     ----- GIPAW term -----
     Cl   1        0.481771       -2.190902        0.598775
     Cl   1       -2.190902        0.773702       -0.776777
     Cl   1        0.598775       -0.776777       -1.255473

     C    2        0.023195       -0.222921       -0.013034
     C    2       -0.222921        0.091097       -0.123965
     C    2       -0.013034       -0.123965       -0.114292

     C    3       -0.061026       -0.163072        0.024446
     C    3       -0.163072        0.165093       -0.023576
     C    3        0.024446       -0.023576       -0.104067

     H    4       -0.000000        0.000000        0.000000
     H    4        0.000000        0.000000        0.000000
     H    4        0.000000        0.000000        0.000000

     C    5       -0.012142       -0.230053       -0.084178
     C    5       -0.230053        0.141016       -0.042473
     C    5       -0.084178       -0.042473       -0.128873

     H    6       -0.000000        0.000000        0.000000
     H    6        0.000000        0.000000        0.000000
     H    6        0.000000        0.000000        0.000000

     H    7       -0.000000        0.000000        0.000000
     H    7        0.000000        0.000000        0.000000
     H    7        0.000000        0.000000        0.000000

     C    8       -0.005720       -0.146302       -0.108381
     C    8       -0.146302        0.065640        0.077145
     C    8       -0.108381        0.077145       -0.059919

     H    9       -0.000000        0.000000        0.000000
     H    9        0.000000        0.000000        0.000000
     H    9        0.000000        0.000000        0.000000

     C   10        0.008890       -0.024013        0.019334
     C   10       -0.024013        0.027791        0.009522
     C   10        0.019334        0.009522       -0.036681

     C   11        0.019228       -0.131924       -0.057317
     C   11       -0.131924        0.118345        0.005414
     C   11       -0.057317        0.005414       -0.137572

     Cl  12        0.204019        0.231415       -0.205466
     Cl  12        0.231415        0.435478        0.357171
     Cl  12       -0.205466        0.357171       -0.639498

     H   13       -0.000000        0.000000        0.000000
     H   13        0.000000        0.000000        0.000000
     H   13        0.000000        0.000000        0.000000

     C   14       -0.090279       -0.074971        0.064074
     C   14       -0.074971        0.130520       -0.071902
     C   14        0.064074       -0.071902       -0.040241

     H   15       -0.000000        0.000000        0.000000
     H   15        0.000000        0.000000        0.000000
     H   15        0.000000        0.000000        0.000000

     C   16       -0.041678       -0.078608       -0.027125
     C   16       -0.078608        0.133899       -0.065588
     C   16       -0.027125       -0.065588       -0.092221

     C   17       -0.066956       -0.158633       -0.045597
     C   17       -0.158633        0.173344        0.043342
     C   17       -0.045597        0.043342       -0.106388

     Cl  18        0.488536       -2.307820       -1.179810
     Cl  18       -2.307820       -0.318821        1.132560
     Cl  18       -1.179810        1.132560       -0.169715

     H   19       -0.000000        0.000000        0.000000
     H   19        0.000000        0.000000        0.000000
     H   19        0.000000        0.000000        0.000000

     C   20        0.009564       -0.241252        0.057184
     C   20       -0.241252        0.081289        0.015337
     C   20        0.057184        0.015337       -0.090853

     H   21       -0.000000        0.000000        0.000000
     H   21        0.000000        0.000000        0.000000
     H   21        0.000000        0.000000        0.000000

     C   22       -0.130450       -0.106930        0.064496
     C   22       -0.106930        0.002695       -0.092013
     C   22        0.064496       -0.092013        0.127755

     C   23        0.108911       -0.098212        0.072593
     C   23       -0.098212        0.004245       -0.016770
     C   23        0.072593       -0.016770       -0.113156

     Cl  24       -0.056910        1.223505        1.034346
     Cl  24        1.223505       -0.715840       -1.415659
     Cl  24        1.034346       -1.415659        0.772750

     ----- total EFG -----
     Cl   1        0.361549       -2.118837        0.687666
     Cl   1       -2.118837        0.835480       -0.865056
     Cl   1        0.687666       -0.865056       -1.197029

     C    2        0.193791       -0.791467       -0.124303
     C    2       -0.791467        0.074867       -0.445903
     C    2       -0.124303       -0.445903       -0.268658

     C    3       -0.359459       -0.083842        0.117929
     C    3       -0.083842        0.378299        0.139697
     C    3        0.117929        0.139697       -0.018840

     H    4        0.497523        0.081044        0.291907
     H    4        0.081044       -0.658469       -0.059720
     H    4        0.291907       -0.059720        0.160946

     C    5        0.223450       -0.798075       -0.315482
     C    5       -0.798075        0.131802       -0.209920
     C    5       -0.315482       -0.209920       -0.355252

     H    6       -0.273467        0.295602        0.136397
     H    6        0.295602        0.106117        0.281416
     H    6        0.136397        0.281416        0.167349

     H    7       -0.194154        0.054914        0.297230
     H    7        0.054914        0.374893       -0.631443
     H    7        0.297230       -0.631443       -0.180739

     C    8       -0.287034       -0.182928       -0.203476
     C    8       -0.182928        0.319706       -0.021789
     C    8       -0.203476       -0.021789       -0.032672

     H    9        0.618424       -0.041613        0.493031
     H    9       -0.041613       -0.395209       -0.379883
     H    9        0.493031       -0.379883       -0.223215

     C   10        0.264358        0.099831        0.392039
     C   10        0.099831       -0.070984       -0.094937
     C   10        0.392039       -0.094937       -0.193374

     C   11       -0.201391       -0.205782       -0.158935
     C   11       -0.205782        0.348805       -0.240373
     C   11       -0.158935       -0.240373       -0.147413

     Cl  12        0.380212        0.743163        0.016580
     Cl  12        0.743163        0.155776        0.046309
     Cl  12        0.016580        0.046309       -0.535988

     H   13       -0.020044        0.094948       -0.140120
     H   13        0.094948        0.467315        0.557528
     H   13       -0.140120        0.557528       -0.447271

     C   14       -0.396647        0.059062        0.360093
     C   14        0.059062        0.331810        0.099598
     C   14        0.360093        0.099598        0.064837

     H   15        0.458144        0.504640        0.213687
     H   15        0.504640       -0.503913        0.227493
     H   15        0.213687        0.227493        0.045769

     C   16        0.277647       -0.431531       -0.184237
     C   16       -0.431531        0.062018       -0.190659
     C   16       -0.184237       -0.190659       -0.339664

     C   17       -0.480755        0.117806       -0.108008
     C   17        0.117806        0.318470        0.372138
     C   17       -0.108008        0.372138        0.162286

     Cl  18        0.570626       -2.473695       -1.159713
     Cl  18       -2.473695       -0.359498        1.111606
     Cl  18       -1.159713        1.111606       -0.211129

     H   19       -0.168384        0.232136       -0.128721
     H   19        0.232136        0.090569       -0.178710
     H   19       -0.128721       -0.178710        0.077815

     C   20        0.166591       -0.488743        0.379343
     C   20       -0.488743       -0.115385        0.146463
     C   20        0.379343        0.146463       -0.051206

     H   21        0.299744        0.017936        0.071064
     H   21        0.017936       -0.144073        0.047934
     H   21        0.071064        0.047934       -0.155671

     C   22       -0.551906       -0.139213        0.031977
     C   22       -0.139213        0.221105       -0.264666
     C   22        0.031977       -0.264666        0.330801

     C   23        0.236763       -0.228815        0.361816
     C   23       -0.228815       -0.190902        0.117923
     C   23        0.361816        0.117923       -0.045861

     Cl  24       -0.086742        1.345022        1.147753
     Cl  24        1.345022       -0.729196       -1.511824
     Cl  24        1.147753       -1.511824        0.815938

     ----- total EFG (symmetrized) -----
     Cl   1        0.361549       -2.118837        0.687666
     Cl   1       -2.118837        0.835480       -0.865056
     Cl   1        0.687666       -0.865056       -1.197029

     C    2        0.193791       -0.791467       -0.124303
     C    2       -0.791467        0.074867       -0.445903
     C    2       -0.124303       -0.445903       -0.268658

     C    3       -0.359459       -0.083842        0.117929
     C    3       -0.083842        0.378299        0.139697
     C    3        0.117929        0.139697       -0.018840

     H    4        0.497523        0.081044        0.291907
     H    4        0.081044       -0.658469       -0.059720
     H    4        0.291907       -0.059720        0.160946

     C    5        0.223450       -0.798075       -0.315482
     C    5       -0.798075        0.131802       -0.209920
     C    5       -0.315482       -0.209920       -0.355252

     H    6       -0.273467        0.295602        0.136397
     H    6        0.295602        0.106117        0.281416
     H    6        0.136397        0.281416        0.167349

     H    7       -0.194154        0.054914        0.297230
     H    7        0.054914        0.374893       -0.631443
     H    7        0.297230       -0.631443       -0.180739

     C    8       -0.287034       -0.182928       -0.203476
     C    8       -0.182928        0.319706       -0.021789
     C    8       -0.203476       -0.021789       -0.032672

     H    9        0.618424       -0.041613        0.493031
     H    9       -0.041613       -0.395209       -0.379883
     H    9        0.493031       -0.379883       -0.223215

     C   10        0.264358        0.099831        0.392039
     C   10        0.099831       -0.070984       -0.094937
     C   10        0.392039       -0.094937       -0.193374

     C   11       -0.201391       -0.205782       -0.158935
     C   11       -0.205782        0.348805       -0.240373
     C   11       -0.158935       -0.240373       -0.147413

     Cl  12        0.380212        0.743163        0.016580
     Cl  12        0.743163        0.155776        0.046309
     Cl  12        0.016580        0.046309       -0.535988

     H   13       -0.020044        0.094948       -0.140120
     H   13        0.094948        0.467315        0.557528
     H   13       -0.140120        0.557528       -0.447271

     C   14       -0.396647        0.059062        0.360093
     C   14        0.059062        0.331810        0.099598
     C   14        0.360093        0.099598        0.064837

     H   15        0.458144        0.504640        0.213687
     H   15        0.504640       -0.503913        0.227493
     H   15        0.213687        0.227493        0.045769

     C   16        0.277647       -0.431531       -0.184237
     C   16       -0.431531        0.062018       -0.190659
     C   16       -0.184237       -0.190659       -0.339664

     C   17       -0.480755        0.117806       -0.108008
     C   17        0.117806        0.318470        0.372138
     C   17       -0.108008        0.372138        0.162286

     Cl  18        0.570626       -2.473695       -1.159713
     Cl  18       -2.473695       -0.359498        1.111606
     Cl  18       -1.159713        1.111606       -0.211129

     H   19       -0.168384        0.232136       -0.128721
     H   19        0.232136        0.090569       -0.178710
     H   19       -0.128721       -0.178710        0.077815

     C   20        0.166591       -0.488743        0.379343
     C   20       -0.488743       -0.115385        0.146463
     C   20        0.379343        0.146463       -0.051206

     H   21        0.299744        0.017936        0.071064
     H   21        0.017936       -0.144073        0.047934
     H   21        0.071064        0.047934       -0.155671

     C   22       -0.551906       -0.139213        0.031977
     C   22       -0.139213        0.221105       -0.264666
     C   22        0.031977       -0.264666        0.330801

     C   23        0.236763       -0.228815        0.361816
     C   23       -0.228815       -0.190902        0.117923
     C   23        0.361816        0.117923       -0.045861

     Cl  24       -0.086742        1.345022        1.147753
     Cl  24        1.345022       -0.729196       -1.511824
     Cl  24        1.147753       -1.511824        0.815938


     NQR/NMR SPECTROSCOPIC PARAMETERS:
     Cl   1    Vxx=   -1.4431    axis=(  0.562099  0.220006 -0.797272)
     Cl   1    Vyy=   -1.5761    axis=( -0.521088 -0.654378 -0.547956)
     Cl   1    Vzz=    3.0193    axis=( -0.642271  0.723455 -0.253182)
     Cl   1  Q=        -8.1650 1e-30 m^2  Cq=       -57.9235 MHz  eta= 0.04405

     C    2    Vxx=   -0.0412    axis=( -0.502140 -0.277730  0.818976)
     C    2    Vyy=   -0.9265    axis=(  0.523714  0.655954  0.543552)
     C    2    Vzz=    0.9678    axis=( -0.688171  0.701848 -0.183929)
     C    2  Q=         1.0000 1e-30 m^2  Cq=         2.2739 MHz  eta= 0.91479

     C    3    Vxx=   -0.0095    axis=(  0.361928 -0.245664  0.899254)
     C    3    Vyy=   -0.4156    axis=(  0.930315  0.156604 -0.331647)
     C    3    Vzz=    0.4252    axis=( -0.059353  0.956621  0.285224)
     C    3  Q=         1.0000 1e-30 m^2  Cq=         0.9989 MHz  eta= 0.95512

     H    4    Vxx=    0.0051    axis=( -0.488281 -0.137206  0.861833)
     H    4    Vyy=    0.6674    axis=( -0.867550 -0.030670 -0.496403)
     H    4    Vzz=   -0.6725    axis=(  0.094542 -0.990068 -0.104057)
     H    4  Q=         1.0000 1e-30 m^2  Cq=        -1.5801 MHz  eta= 0.98492

     C    5    Vxx=   -0.1005    axis=( -0.349139 -0.463624  0.814343)
     C    5    Vyy=   -0.8823    axis=(  0.579944  0.575697  0.576401)
     C    5    Vzz=    0.9828    axis=( -0.736048  0.673517  0.067878)
     C    5  Q=         1.0000 1e-30 m^2  Cq=         2.3092 MHz  eta= 0.79552

     H    6    Vxx=   -0.0985    axis=( -0.341193 -0.552785  0.760274)
     H    6    Vyy=   -0.4355    axis=( -0.870028  0.491912 -0.032785)
     H    6    Vzz=    0.5339    axis=( -0.355865 -0.672645 -0.648775)
     H    6  Q=         1.0000 1e-30 m^2  Cq=         1.2545 MHz  eta= 0.63113

     H    7    Vxx=   -0.0632    axis=(  0.878354  0.353570  0.321688)
     H    7    Vyy=   -0.7382    axis=( -0.461933  0.454763  0.761452)
     H    7    Vzz=    0.8014    axis=(  0.122934 -0.817422  0.562768)
     H    7  Q=         1.0000 1e-30 m^2  Cq=         1.8829 MHz  eta= 0.84229

     C    8    Vxx=    0.0648    axis=( -0.403491 -0.213531  0.889719)
     C    8    Vyy=    0.3738    axis=( -0.292777  0.951394  0.095558)
     C    8    Vzz=   -0.4386    axis=( -0.866878 -0.221932 -0.446395)
     C    8  Q=         1.0000 1e-30 m^2  Cq=        -1.0306 MHz  eta= 0.70439

     H    9    Vxx=   -0.1154    axis=( -0.421238 -0.707638  0.567281)
     H    9    Vyy=   -0.7629    axis=(  0.225629 -0.687582 -0.690161)
     H    9    Vzz=    0.8783    axis=(  0.878436 -0.162727  0.449300)
     H    9  Q=         1.0000 1e-30 m^2  Cq=         2.0637 MHz  eta= 0.73712

     C   10    Vxx=   -0.0292    axis=(  0.097442  0.944578 -0.313491)
     C   10    Vyy=   -0.4631    axis=( -0.483101  0.320283  0.814882)
     C   10    Vzz=    0.4923    axis=(  0.870126  0.072045  0.487535)
     C   10  Q=         1.0000 1e-30 m^2  Cq=         1.1567 MHz  eta= 0.88146

     C   11    Vxx=   -0.0170    axis=(  0.697998 -0.075283 -0.712132)
     C   11    Vyy=   -0.4575    axis=(  0.684302  0.363168  0.632329)
     C   11    Vzz=    0.4745    axis=( -0.211020  0.928677 -0.305006)
     C   11  Q=         1.0000 1e-30 m^2  Cq=         1.1149 MHz  eta= 0.92816

     Cl  12    Vxx=   -0.4742    axis=(  0.616278 -0.700526 -0.359813)
     Cl  12    Vyy=   -0.5465    axis=(  0.215453 -0.289482  0.932620)
     Cl  12    Vzz=    1.0208    axis=( -0.757484 -0.652276 -0.027471)
     Cl  12  Q=        -8.1650 1e-30 m^2  Cq=       -19.5827 MHz  eta= 0.07084

     H   13    Vxx=    0.0174    axis=(  0.974029  0.063698 -0.217279)
     H   13    Vyy=    0.7320    axis=(  0.035327  0.905110  0.423708)
     H   13    Vzz=   -0.7494    axis=(  0.223650 -0.420380  0.879353)
     H   13  Q=         1.0000 1e-30 m^2  Cq=        -1.7609 MHz  eta= 0.95351

     C   14    Vxx=    0.1759    axis=(  0.382580 -0.595937  0.706040)
     C   14    Vyy=    0.4177    axis=(  0.288760  0.803019  0.521323)
     C   14    Vzz=   -0.5936    axis=(  0.877639 -0.004428 -0.479302)
     C   14  Q=         1.0000 1e-30 m^2  Cq=        -1.3947 MHz  eta= 0.40737

     H   15    Vxx=   -0.0448    axis=( -0.401524  0.012428  0.915764)
     H   15    Vyy=   -0.7415    axis=( -0.356498  0.918925 -0.168780)
     H   15    Vzz=    0.7863    axis=( -0.843616 -0.394237 -0.364540)
     H   15  Q=         1.0000 1e-30 m^2  Cq=         1.8475 MHz  eta= 0.88596

     C   16    Vxx=   -0.0422    axis=(  0.439092  0.607890 -0.661565)
     C   16    Vyy=   -0.5733    axis=(  0.421349  0.511020  0.749216)
     C   16    Vzz=    0.6155    axis=( -0.793513  0.607724  0.031749)
     C   16  Q=         1.0000 1e-30 m^2  Cq=         1.4462 MHz  eta= 0.86290

     C   17    Vxx=   -0.0779    axis=( -0.364717 -0.577385  0.730485)
     C   17    Vyy=   -0.5432    axis=( -0.930862  0.244517 -0.271492)
     C   17    Vzz=    0.6211    axis=( -0.021861 -0.778998 -0.626645)
     C   17  Q=         1.0000 1e-30 m^2  Cq=         1.4594 MHz  eta= 0.74907

     Cl  18    Vxx=   -0.9257    axis=(  0.360951 -0.207870  0.909123)
     Cl  18    Vyy=   -2.4193    axis=(  0.620305  0.781442 -0.067605)
     Cl  18    Vzz=    3.3450    axis=( -0.696374  0.588335  0.411005)
     Cl  18  Q=        -8.1650 1e-30 m^2  Cq=       -64.1724 MHz  eta= 0.44650

     H   19    Vxx=   -0.0780    axis=(  0.231737  0.539175  0.809684)
     H   19    Vyy=   -0.3061    axis=( -0.874349  0.480283 -0.069581)
     H   19    Vzz=    0.3842    axis=( -0.426394 -0.691822  0.582727)
     H   19  Q=         1.0000 1e-30 m^2  Cq=         0.9026 MHz  eta= 0.59377

     C   20    Vxx=    0.0666    axis=(  0.007873  0.614131  0.789165)
     C   20    Vyy=    0.6169    axis=(  0.808496 -0.468322  0.356383)
     C   20    Vzz=   -0.6835    axis=(  0.588449  0.635231 -0.500209)
     C   20  Q=         1.0000 1e-30 m^2  Cq=        -1.6059 MHz  eta= 0.80524

     H   21    Vxx=   -0.1101    axis=(  0.139400 -0.782808 -0.606448)
     H   21    Vyy=   -0.2018    axis=(  0.088315  0.619815 -0.779762)
     H   21    Vzz=    0.3120    axis=(  0.986290  0.055141  0.155536)
     H   21  Q=         1.0000 1e-30 m^2  Cq=         0.7330 MHz  eta= 0.29392

     C   22    Vxx=    0.0186    axis=( -0.145974  0.747170  0.648405)
     C   22    Vyy=    0.5578    axis=(  0.102282 -0.640514  0.761104)
     C   22    Vzz=   -0.5765    axis=( -0.983987 -0.177422 -0.017077)
     C   22  Q=         1.0000 1e-30 m^2  Cq=        -1.3544 MHz  eta= 0.93539

     C   23    Vxx=   -0.0273    axis=( -0.211776  0.748779  0.628077)
     C   23    Vyy=   -0.4802    axis=(  0.499826  0.635231 -0.588775)
     C   23    Vzz=    0.5075    axis=(  0.839836 -0.189241  0.508786)
     C   23  Q=         1.0000 1e-30 m^2  Cq=         1.1925 MHz  eta= 0.89252

     Cl  24    Vxx=    0.9738    axis=(  0.797653  0.602310  0.031188)
     Cl  24    Vyy=    1.8160    axis=(  0.258800 -0.388527  0.884347)
     Cl  24    Vzz=   -2.7898    axis=( -0.544768  0.697330  0.465787)
     Cl  24  Q=        -8.1650 1e-30 m^2  Cq=        53.5207 MHz  eta= 0.30191

     Initialization:
     gipaw_setup  :      9.30s CPU     10.93s WALL (       1 calls)

     Linear response

     Apply operators

     Induced current

     Other routines
     efg          :      9.21s CPU     11.34s WALL (       1 calls)

     General routines
     calbec       :      3.18s CPU      4.03s WALL (      16 calls)
     fft          :      1.56s CPU      2.08s WALL (      15 calls)
     ffts         :      0.03s CPU      0.05s WALL (       2 calls)
     fftw         :      3.24s CPU      3.87s WALL (     672 calls)
     davcio       :      0.03s CPU      0.32s WALL (      32 calls)

     Parallel routines
     fft_scatter  :      2.14s CPU      3.16s WALL (     689 calls)

     Plugins

     GIPAW        :     61.27s CPU     73.32s WALL (       1 calls)
