
     Program QE v.6.0 (svn rev. 13079) starts on 18Jan2017 at 11:34:28 

     This program is part of the open-source Quantum ESPRESSO suite
     for quantum simulation of materials; please cite
         "P. Giannozzi et al., J. Phys.:Condens. Matter 21 395502 (2009);
          URL http://www.quantum-espresso.org", 
     in publications or presentations arising from this work. More details at
     http://www.quantum-espresso.org/quote

     Parallel version (MPI), running on     8 processors
     R & G space division:  proc/nbgrp/npool/nimage =       8

     ***** This is GIPAW svn revision unknown      *****

     Parallelizing q-star over 1 images

     Reading data from directory:
     /users/majewski/paradichlorobenzene/pbe/9_constraint/scratch/pbe.ecut100.np8.dt60.pcl2phi-129368.save
     Message from routine read_xml_file:
     file /users/majewski/paradichlorobenzene/pbe/9_constraint/scratch/pbe.ecut100.np8.dt60.pcl2phi-129368.save not guaranteed to be safe for post-processing

   Info: using nr1, nr2, nr3 values from input

   Info: using nr1, nr2, nr3 values from input

     IMPORTANT: XC functional enforced from input :
     Exchange-correlation      =  SLA  PW   PBX  PBC ( 1  4  3  4 0 0)
     Any further DFT definition will be discarded
     Please, verify this is what you really want

               file C.pbe-n-kjpaw_psl.1.0.0.UPF: wavefunction(s)  2S 2P renormalized
               file Cl.pbe-n-kjpaw_psl.1.0.0.UPF: wavefunction(s)  3S 3P renormalized
               file H.pbe-kjpaw_psl.1.0.0.UPF: wavefunction(s)  1S renormalized

     Parallelization info
     --------------------
     sticks:   dense  smooth     PW     G-vecs:    dense   smooth      PW
     Min        3057    1223    332               144436    36536    5170
     Max        3059    1225    333               144437    36537    5171
     Sum       24467    9791   2657              1155489   292295   41363


     Subspace diagonalization in iterative solution of the eigenvalue problem:
     a serial algorithm will be used

     GIPAW projectors -----------------------------------------------
     atom=  C    l=0  rc=    1.2000  rs=    0.8000
     atom=  C    l=0  rc=    1.2000  rs=    0.8000
     atom=  C    l=1  rc=    1.4000  rs=    0.9333
     atom=  C    l=1  rc=    1.4000  rs=    0.9333
     projs nearly linearly dependent: l=1  n1,n2= 1, 2  s=  0.99951561

     atom=  Cl   l=0  rc=    1.6000  rs=    1.0667
     atom=  Cl   l=0  rc=    1.6000  rs=    1.0667
     atom=  Cl   l=1  rc=    1.6000  rs=    1.0667
     atom=  Cl   l=1  rc=    1.6000  rs=    1.0667
     atom=  Cl   l=2  rc=    1.6000  rs=    1.0667
     atom=  Cl   l=2  rc=    1.6000  rs=    1.0667
     projs nearly linearly dependent: l=2  n1,n2= 1, 2  s=  0.99993509

     atom=  H    l=0  rc=    1.0000  rs=    0.6667
     atom=  H    l=0  rc=    1.0000  rs=    0.6667
     projs nearly linearly dependent: l=0  n1,n2= 1, 2  s=  0.99968852
     -----------------------------------------------------------------

     GIPAW integrals: -------------------------------------------
     Atom  i/j   nmr_para   nmr_dia   epr_rmc  epr_para   epr_dia
       C   1 1   0.83E+03  0.17E-01  0.93E+01  0.24E+08  0.24E+03
       C   2 1   0.86E+03 -0.61E-01  0.94E+01  0.25E+08  0.25E+03
       C   2 2   0.90E+03 -0.15E+00  0.97E+01  0.26E+08  0.26E+03
       C   3 3   0.33E+01  0.34E+00  0.18E+01  0.55E+03  0.21E+02
       C   4 3   0.35E+01  0.37E+00  0.20E+01  0.59E+03  0.22E+02
       C   4 4   0.38E+01  0.39E+00  0.22E+01  0.63E+03  0.24E+02
       Cl  1 1   0.14E+04 -0.47E+00  0.84E+01  0.32E+09  0.42E+03
       Cl  2 1   0.21E+04 -0.37E+00  0.12E+02  0.49E+09  0.65E+03
       Cl  2 2   0.33E+04 -0.16E+00  0.21E+02  0.76E+09  0.10E+04
       Cl  3 3   0.21E+02  0.79E-01  0.89E+01  0.23E+05  0.13E+03
       Cl  4 3   0.24E+02  0.67E-01  0.99E+01  0.27E+05  0.15E+03
       Cl  4 4   0.28E+02  0.44E-01  0.11E+02  0.32E+05  0.18E+03
       Cl  5 5   0.77E+00  0.19E+00  0.18E+01  0.12E+03  0.22E+02
       Cl  6 5   0.80E+00  0.19E+00  0.19E+01  0.12E+03  0.23E+02
       Cl  6 6   0.83E+00  0.20E+00  0.19E+01  0.12E+03  0.23E+02
       H   1 1   0.39E+02  0.19E+00  0.29E+00  0.78E+05  0.13E+02
       H   2 1   0.41E+02  0.21E+00  0.32E+00  0.82E+05  0.14E+02
       H   2 2   0.43E+02  0.22E+00  0.36E+00  0.86E+05  0.15E+02
     ------------------------------------------------------------

     alpha_pv=     33.7337 eV

     Number of occupied bands for each k-point:
     k-point:     1    nbnd_occ=  42
     k-point:     2    nbnd_occ=  42
     k-point:     3    nbnd_occ=  42
     k-point:     4    nbnd_occ=  42
     k-point:     5    nbnd_occ=  42
     k-point:     6    nbnd_occ=  42
     k-point:     7    nbnd_occ=  42
     k-point:     8    nbnd_occ=  42
     k-point:     9    nbnd_occ=  42
     k-point:    10    nbnd_occ=  42
     k-point:    11    nbnd_occ=  42
     k-point:    12    nbnd_occ=  42
     k-point:    13    nbnd_occ=  42
     k-point:    14    nbnd_occ=  42
     k-point:    15    nbnd_occ=  42
     k-point:    16    nbnd_occ=  42


     q-space interpolation up to   110.00 Rydberg

     GIPAW job: efg                                                                             


     ELECTRIC FIELD GRADIENTS TENSORS IN Hartree/bohrradius^2:

     ----- bare term -----
     Cl   1       -0.129374        0.207013       -0.005961
     Cl   1        0.207013       -0.017390       -0.007120
     Cl   1       -0.005961       -0.007120        0.146764

     C    2       -0.028757       -0.041529       -0.476956
     C    2       -0.041529       -0.358433       -0.453630
     C    2       -0.476956       -0.453630        0.387189

     C    3       -0.070574        0.398625       -0.190227
     C    3        0.398625       -0.155137       -0.084501
     C    3       -0.190227       -0.084501        0.225711

     H    4        0.063906       -0.073290       -0.198270
     H    4       -0.073290        0.498938       -0.234319
     H    4       -0.198270       -0.234319       -0.562844

     C    5       -0.110341        0.041283       -0.575268
     C    5        0.041283       -0.048623       -0.406306
     C    5       -0.575268       -0.406306        0.158964

     H    6       -0.029096        0.205175        0.220114
     H    6        0.205175       -0.142434       -0.494818
     H    6        0.220114       -0.494818        0.171530

     H    7        0.475476        0.023604        0.104556
     H    7        0.023604       -0.062369        0.416166
     H    7        0.104556        0.416166       -0.413107

     C    8       -0.327158       -0.198429       -0.405552
     C    8       -0.198429       -0.088339        0.424701
     C    8       -0.405552        0.424701        0.415497

     H    9       -0.354319        0.026172       -0.530146
     H    9        0.026172        0.184839        0.096720
     H    9       -0.530146        0.096720        0.169480

     C   10       -0.069607       -0.427683       -0.240716
     C   10       -0.427683       -0.229251        0.580248
     C   10       -0.240716        0.580248        0.298859

     C   11       -0.089430       -0.130984       -0.583827
     C   11       -0.130984       -0.013997        0.453074
     C   11       -0.583827        0.453074        0.103427

     Cl  12       -0.057253       -0.137759       -0.121166
     Cl  12       -0.137759        0.036281        0.135389
     Cl  12       -0.121166        0.135389        0.020973

     H   13        0.456366       -0.038906       -0.055523
     H   13       -0.038906       -0.712174       -0.137458
     H   13       -0.055523       -0.137458        0.255808

     C   14       -0.412292        0.110426       -0.345621
     C   14        0.110426       -0.054742       -0.488978
     C   14       -0.345621       -0.488978        0.467034

     H   15       -0.243993       -0.278382       -0.509797
     H   15       -0.278382        0.237867       -0.322274
     H   15       -0.509797       -0.322274        0.006127

     C   16       -0.331528        0.270875       -0.300577
     C   16        0.270875       -0.102223       -0.410541
     C   16       -0.300577       -0.410541        0.433752

     C   17       -0.075508        0.283833       -0.084153
     C   17        0.283833       -0.399226       -0.473835
     C   17       -0.084153       -0.473835        0.474734

     Cl  18       -0.091856       -0.006285       -0.075931
     Cl  18       -0.006285       -0.038772       -0.128894
     Cl  18       -0.075931       -0.128894        0.130628

     H   19        0.043323        0.211918       -0.268510
     H   19        0.211918       -0.228041        0.475544
     H   19       -0.268510        0.475544        0.184718

     C   20       -0.085159       -0.459675       -0.303015
     C   20       -0.459675       -0.320839        0.296683
     C   20       -0.303015        0.296683        0.405998

     H   21       -0.686580        0.272433       -0.085166
     H   21        0.272433        0.395259        0.112617
     H   21       -0.085166        0.112617        0.291320

     C   22        0.025618        0.009325       -0.455259
     C   22        0.009325       -0.336886        0.498727
     C   22       -0.455259        0.498727        0.311267

     C   23       -0.368303       -0.137441       -0.373871
     C   23       -0.137441       -0.063314        0.382276
     C   23       -0.373871        0.382276        0.431617

     Cl  24       -0.011562       -0.061884       -0.038043
     Cl  24       -0.061884        0.083117        0.028142
     Cl  24       -0.038043        0.028142       -0.071555

     ----- ionic term -----
     Cl   1        0.193881       -0.214610        0.057576
     Cl   1       -0.214610       -0.045349       -0.020159
     Cl   1        0.057576       -0.020159       -0.148533

     C    2        0.202750       -0.203001        0.340042
     C    2       -0.203001        0.035418        0.404663
     C    2        0.340042        0.404663       -0.238168

     C    3        0.096630       -0.330804        0.262284
     C    3       -0.330804        0.159803        0.334865
     C    3        0.262284        0.334865       -0.256433

     H    4        0.427620        0.317129        0.764758
     H    4        0.317129       -0.398283        0.314079
     H    4        0.764758        0.314079       -0.029337

     C    5        0.155617       -0.312414        0.365316
     C    5       -0.312414        0.086167        0.217179
     C    5        0.365316        0.217179       -0.241784

     H    6       -0.526238       -0.064040        0.005764
     H    6       -0.064040        0.731613        0.645033
     H    6        0.005764        0.645033       -0.205375

     H    7       -0.517667       -0.051080        0.063366
     H    7       -0.051080        0.406018       -0.787399
     H    7        0.063366       -0.787399        0.111649

     C    8        0.268277        0.178320        0.323005
     C    8        0.178320        0.024103       -0.299781
     C    8        0.323005       -0.299781       -0.292380

     H    9        0.750336       -0.287626        0.606027
     H    9       -0.287626       -0.430774       -0.207295
     H    9        0.606027       -0.207295       -0.319561

     C   10        0.139552        0.207389        0.210962
     C   10        0.207389        0.214859       -0.359338
     C   10        0.210962       -0.359338       -0.354412

     C   11        0.192350        0.120132        0.305734
     C   11        0.120132        0.120378       -0.374317
     C   11        0.305734       -0.374317       -0.312728

     Cl  12        0.112728        0.192942        0.024266
     Cl  12        0.192942        0.018500        0.004988
     Cl  12        0.024266        0.004988       -0.131228

     H   13       -0.521963        0.052760        0.019459
     H   13        0.052760        0.714888        0.663529
     H   13        0.019459        0.663529       -0.192926

     C   14        0.172754       -0.116196        0.372668
     C   14       -0.116196        0.082866        0.282917
     C   14        0.372668        0.282917       -0.255621

     H   15        0.467397        0.357596        0.706131
     H   15        0.357596       -0.360352        0.290209
     H   15        0.706131        0.290209       -0.107045

     C   16        0.054351       -0.201989        0.261267
     C   16       -0.201989        0.247548        0.330669
     C   16        0.261267        0.330669       -0.301898

     C   17        0.006849       -0.240551        0.331616
     C   17       -0.240551        0.222608        0.344356
     C   17        0.331616        0.344356       -0.229457

     Cl  18        0.101722       -0.202243        0.040597
     Cl  18       -0.202243        0.042540       -0.024408
     Cl  18        0.040597       -0.024408       -0.144261

     H   19       -0.523455       -0.078359        0.066407
     H   19       -0.078359        0.351072       -0.785747
     H   19        0.066407       -0.785747        0.172382

     C   20        0.246847        0.170385        0.277922
     C   20        0.170385        0.034622       -0.305330
     C   20        0.277922       -0.305330       -0.281469

     H   21        0.617290       -0.339687        0.640644
     H   21       -0.339687       -0.403569       -0.246209
     H   21        0.640644       -0.246209       -0.213721

     C   22        0.102338        0.169464        0.214884
     C   22        0.169464        0.254340       -0.378418
     C   22        0.214884       -0.378418       -0.356677

     C   23        0.194532        0.145417        0.360473
     C   23        0.145417        0.164792       -0.353946
     C   23        0.360473       -0.353946       -0.359324

     Cl  24        0.094714        0.215438        0.025735
     Cl  24        0.215438        0.067597        0.014929
     Cl  24        0.025735        0.014929       -0.162312

     ----- GIPAW term -----
     Cl   1       -1.015462       -0.911972       -0.549076
     Cl   1       -0.911972       -1.226835        0.896492
     Cl   1       -0.549076        0.896492        2.242297

     C    2       -0.008740       -0.072135       -0.198460
     C    2       -0.072135       -0.156831       -0.091862
     C    2       -0.198460       -0.091862        0.165571

     C    3        0.033911        0.033347       -0.137013
     C    3        0.033347       -0.090393        0.007989
     C    3       -0.137013        0.007989        0.056482

     H    4       -0.000000        0.000000        0.000000
     H    4        0.000000        0.000000        0.000000
     H    4        0.000000        0.000000        0.000000

     C    5        0.160654        0.034038       -0.220604
     C    5        0.034038       -0.129939       -0.088358
     C    5       -0.220604       -0.088358       -0.030715

     H    6       -0.000000        0.000000        0.000000
     H    6        0.000000        0.000000        0.000000
     H    6        0.000000        0.000000        0.000000

     H    7       -0.000000        0.000000        0.000000
     H    7        0.000000        0.000000        0.000000
     H    7        0.000000        0.000000        0.000000

     C    8       -0.032208       -0.038975       -0.112999
     C    8       -0.038975       -0.068424        0.103787
     C    8       -0.112999        0.103787        0.100632

     H    9       -0.000000        0.000000        0.000000
     H    9        0.000000        0.000000        0.000000
     H    9        0.000000        0.000000        0.000000

     C   10       -0.039769       -0.150216       -0.118629
     C   10       -0.150216        0.007038        0.187151
     C   10       -0.118629        0.187151        0.032731

     C   11        0.110492       -0.067442       -0.191608
     C   11       -0.067442        0.007707        0.137017
     C   11       -0.191608        0.137017       -0.118199

     Cl  12        0.504386        0.413308       -1.223485
     Cl  12        0.413308        0.733773        1.729187
     Cl  12       -1.223485        1.729187       -1.238159

     H   13       -0.000000        0.000000        0.000000
     H   13        0.000000        0.000000        0.000000
     H   13        0.000000        0.000000        0.000000

     C   14       -0.126492        0.013556       -0.052148
     C   14        0.013556       -0.008934       -0.213305
     C   14       -0.052148       -0.213305        0.135426

     H   15       -0.000000        0.000000        0.000000
     H   15        0.000000        0.000000        0.000000
     H   15        0.000000        0.000000        0.000000

     C   16       -0.094734        0.042449       -0.057476
     C   16        0.042449        0.004733       -0.043970
     C   16       -0.057476       -0.043970        0.090001

     C   17        0.064626       -0.065276        0.105135
     C   17       -0.065276       -0.141065       -0.068461
     C   17        0.105135       -0.068461        0.076440

     Cl  18       -0.245878       -1.803738       -0.395852
     Cl  18       -1.803738       -0.159887       -1.914388
     Cl  18       -0.395852       -1.914388        0.405764

     H   19       -0.000000        0.000000        0.000000
     H   19        0.000000        0.000000        0.000000
     H   19        0.000000        0.000000        0.000000

     C   20        0.134050       -0.159506       -0.169249
     C   20       -0.159506       -0.141541        0.096917
     C   20       -0.169249        0.096917        0.007492

     H   21       -0.000000        0.000000        0.000000
     H   21        0.000000        0.000000        0.000000
     H   21        0.000000        0.000000        0.000000

     C   22        0.087505        0.056870       -0.243122
     C   22        0.056870       -0.131558        0.047893
     C   22       -0.243122        0.047893        0.044053

     C   23       -0.017271        0.113883       -0.113312
     C   23        0.113883       -0.033527        0.018400
     C   23       -0.113312        0.018400        0.050798

     Cl  24        1.201742        1.621636       -0.267978
     Cl  24        1.621636        0.856116        0.267184
     Cl  24       -0.267978        0.267184       -2.057858

     ----- total EFG -----
     Cl   1       -0.950954       -0.919569       -0.497461
     Cl   1       -0.919569       -1.289575        0.869213
     Cl   1       -0.497461        0.869213        2.240529

     C    2        0.165254       -0.316666       -0.335373
     C    2       -0.316666       -0.479846       -0.140829
     C    2       -0.335373       -0.140829        0.314592

     C    3        0.059967        0.101168       -0.064955
     C    3        0.101168       -0.085727        0.258354
     C    3       -0.064955        0.258354        0.025760

     H    4        0.491526        0.243839        0.566488
     H    4        0.243839        0.100655        0.079760
     H    4        0.566488        0.079760       -0.592181

     C    5        0.205930       -0.237092       -0.430555
     C    5       -0.237092       -0.092395       -0.277485
     C    5       -0.430555       -0.277485       -0.113535

     H    6       -0.555334        0.141135        0.225878
     H    6        0.141135        0.589179        0.150215
     H    6        0.225878        0.150215       -0.033846

     H    7       -0.042191       -0.027476        0.167923
     H    7       -0.027476        0.343649       -0.371233
     H    7        0.167923       -0.371233       -0.301458

     C    8       -0.091089       -0.059085       -0.195546
     C    8       -0.059085       -0.132660        0.228708
     C    8       -0.195546        0.228708        0.223749

     H    9        0.396016       -0.261453        0.075882
     H    9       -0.261453       -0.245935       -0.110576
     H    9        0.075882       -0.110576       -0.150081

     C   10        0.030176       -0.370509       -0.148383
     C   10       -0.370509       -0.007354        0.408060
     C   10       -0.148383        0.408060       -0.022822

     C   11        0.213412       -0.078294       -0.469701
     C   11       -0.078294        0.114088        0.215774
     C   11       -0.469701        0.215774       -0.327500

     Cl  12        0.559861        0.468491       -1.320385
     Cl  12        0.468491        0.788554        1.869564
     Cl  12       -1.320385        1.869564       -1.348415

     H   13       -0.065596        0.013855       -0.036063
     H   13        0.013855        0.002714        0.526070
     H   13       -0.036063        0.526070        0.062882

     C   14       -0.366029        0.007785       -0.025101
     C   14        0.007785        0.019190       -0.419366
     C   14       -0.025101       -0.419366        0.346839

     H   15        0.223404        0.079213        0.196334
     H   15        0.079213       -0.122485       -0.032066
     H   15        0.196334       -0.032066       -0.100919

     C   16       -0.371912        0.111335       -0.096786
     C   16        0.111335        0.150058       -0.123842
     C   16       -0.096786       -0.123842        0.221854

     C   17       -0.004033       -0.021994        0.352598
     C   17       -0.021994       -0.317684       -0.197940
     C   17        0.352598       -0.197940        0.321717

     Cl  18       -0.236012       -2.012266       -0.431185
     Cl  18       -2.012266       -0.156119       -2.067689
     Cl  18       -0.431185       -2.067689        0.392131

     H   19       -0.480132        0.133559       -0.202104
     H   19        0.133559        0.123031       -0.310203
     H   19       -0.202104       -0.310203        0.357100

     C   20        0.295738       -0.448797       -0.194342
     C   20       -0.448797       -0.427759        0.088269
     C   20       -0.194342        0.088269        0.132020

     H   21       -0.069290       -0.067254        0.555478
     H   21       -0.067254       -0.008309       -0.133592
     H   21        0.555478       -0.133592        0.077599

     C   22        0.215461        0.235659       -0.483498
     C   22        0.235659       -0.214104        0.168202
     C   22       -0.483498        0.168202       -0.001357

     C   23       -0.191042        0.121859       -0.126710
     C   23        0.121859        0.067951        0.046730
     C   23       -0.126710        0.046730        0.123091

     Cl  24        1.284895        1.775190       -0.280286
     Cl  24        1.775190        1.006831        0.310254
     Cl  24       -0.280286        0.310254       -2.291725

     ----- total EFG (symmetrized) -----
     Cl   1       -0.950954       -0.919569       -0.497461
     Cl   1       -0.919569       -1.289575        0.869213
     Cl   1       -0.497461        0.869213        2.240529

     C    2        0.165254       -0.316666       -0.335373
     C    2       -0.316666       -0.479846       -0.140829
     C    2       -0.335373       -0.140829        0.314592

     C    3        0.059967        0.101168       -0.064955
     C    3        0.101168       -0.085727        0.258354
     C    3       -0.064955        0.258354        0.025760

     H    4        0.491526        0.243839        0.566488
     H    4        0.243839        0.100655        0.079760
     H    4        0.566488        0.079760       -0.592181

     C    5        0.205930       -0.237092       -0.430555
     C    5       -0.237092       -0.092395       -0.277485
     C    5       -0.430555       -0.277485       -0.113535

     H    6       -0.555334        0.141135        0.225878
     H    6        0.141135        0.589179        0.150215
     H    6        0.225878        0.150215       -0.033846

     H    7       -0.042191       -0.027476        0.167923
     H    7       -0.027476        0.343649       -0.371233
     H    7        0.167923       -0.371233       -0.301458

     C    8       -0.091089       -0.059085       -0.195546
     C    8       -0.059085       -0.132660        0.228708
     C    8       -0.195546        0.228708        0.223749

     H    9        0.396016       -0.261453        0.075882
     H    9       -0.261453       -0.245935       -0.110576
     H    9        0.075882       -0.110576       -0.150081

     C   10        0.030176       -0.370509       -0.148383
     C   10       -0.370509       -0.007354        0.408060
     C   10       -0.148383        0.408060       -0.022822

     C   11        0.213412       -0.078294       -0.469701
     C   11       -0.078294        0.114088        0.215774
     C   11       -0.469701        0.215774       -0.327500

     Cl  12        0.559861        0.468491       -1.320385
     Cl  12        0.468491        0.788554        1.869564
     Cl  12       -1.320385        1.869564       -1.348415

     H   13       -0.065596        0.013855       -0.036063
     H   13        0.013855        0.002714        0.526070
     H   13       -0.036063        0.526070        0.062882

     C   14       -0.366029        0.007785       -0.025101
     C   14        0.007785        0.019190       -0.419366
     C   14       -0.025101       -0.419366        0.346839

     H   15        0.223404        0.079213        0.196334
     H   15        0.079213       -0.122485       -0.032066
     H   15        0.196334       -0.032066       -0.100919

     C   16       -0.371912        0.111335       -0.096786
     C   16        0.111335        0.150058       -0.123842
     C   16       -0.096786       -0.123842        0.221854

     C   17       -0.004033       -0.021994        0.352598
     C   17       -0.021994       -0.317684       -0.197940
     C   17        0.352598       -0.197940        0.321717

     Cl  18       -0.236012       -2.012266       -0.431185
     Cl  18       -2.012266       -0.156119       -2.067689
     Cl  18       -0.431185       -2.067689        0.392131

     H   19       -0.480132        0.133559       -0.202104
     H   19        0.133559        0.123031       -0.310203
     H   19       -0.202104       -0.310203        0.357100

     C   20        0.295738       -0.448797       -0.194342
     C   20       -0.448797       -0.427759        0.088269
     C   20       -0.194342        0.088269        0.132020

     H   21       -0.069290       -0.067254        0.555478
     H   21       -0.067254       -0.008309       -0.133592
     H   21        0.555478       -0.133592        0.077599

     C   22        0.215461        0.235659       -0.483498
     C   22        0.235659       -0.214104        0.168202
     C   22       -0.483498        0.168202       -0.001357

     C   23       -0.191042        0.121859       -0.126710
     C   23        0.121859        0.067951        0.046730
     C   23       -0.126710        0.046730        0.123091

     Cl  24        1.284895        1.775190       -0.280286
     Cl  24        1.775190        1.006831        0.310254
     Cl  24       -0.280286        0.310254       -2.291725


     NQR/NMR SPECTROSCOPIC PARAMETERS:
     Cl   1    Vxx=   -0.4979    axis=( -0.772532  0.551170 -0.315286)
     Cl   1    Vyy=   -2.0869    axis=(  0.602520  0.793010 -0.090022)
     Cl   1    Vzz=    2.5848    axis=( -0.200408  0.259511  0.944717)
     Cl   1  Q=        -8.1650 1e-30 m^2  Cq=       -49.5886 MHz  eta= 0.61475

     C    2    Vxx=    0.0886    axis=( -0.618785  0.495678 -0.609433)
     C    2    Vyy=    0.5921    axis=( -0.658193  0.096348  0.746658)
     C    2    Vzz=   -0.6807    axis=(  0.428820  0.863145  0.266633)
     C    2  Q=         1.0000 1e-30 m^2  Cq=        -1.5993 MHz  eta= 0.73962

     C    3    Vxx=    0.0954    axis=(  0.952238  0.171258 -0.252812)
     C    3    Vyy=    0.2355    axis=(  0.087206  0.640922  0.762636)
     C    3    Vzz=   -0.3309    axis=( -0.292640  0.748258 -0.595376)
     C    3  Q=         1.0000 1e-30 m^2  Cq=        -0.7774 MHz  eta= 0.42328

     H    4    Vxx=    0.0109    axis=(  0.296639 -0.942492  0.153997)
     H    4    Vyy=    0.8239    axis=(  0.868760  0.333284  0.366304)
     H    4    Vzz=   -0.8348    axis=( -0.396563  0.025126  0.917664)
     H    4  Q=         1.0000 1e-30 m^2  Cq=        -1.9614 MHz  eta= 0.97394

     C    5    Vxx=    0.1418    axis=(  0.243592 -0.833785  0.495444)
     C    5    Vyy=    0.5083    axis=( -0.835709  0.078793  0.543490)
     C    5    Vzz=   -0.6500    axis=( -0.492192 -0.546437 -0.677609)
     C    5  Q=         1.0000 1e-30 m^2  Cq=        -1.5273 MHz  eta= 0.56386

     H    6    Vxx=   -0.0090    axis=(  0.297947 -0.298030  0.906866)
     H    6    Vyy=   -0.6449    axis=(  0.941116 -0.067299 -0.331317)
     H    6    Vzz=    0.6539    axis=(  0.159773  0.952181  0.260429)
     H    6  Q=         1.0000 1e-30 m^2  Cq=         1.5365 MHz  eta= 0.97247

     H    7    Vxx=   -0.0153    axis=(  0.941341  0.274740  0.195945)
     H    7    Vyy=   -0.5139    axis=(  0.291995 -0.372074 -0.881079)
     H    7    Vzz=    0.5291    axis=( -0.169162  0.886611 -0.430471)
     H    7  Q=         1.0000 1e-30 m^2  Cq=         1.2433 MHz  eta= 0.94234

     C    8    Vxx=   -0.1603    axis=(  0.871329  0.460538  0.169382)
     C    8    Vyy=   -0.2556    axis=( -0.321737  0.796820 -0.511432)
     C    8    Vzz=    0.4159    axis=( -0.370501  0.391130  0.842465)
     C    8  Q=         1.0000 1e-30 m^2  Cq=         0.9773 MHz  eta= 0.22905

     H    9    Vxx=   -0.1380    axis=( -0.270665 -0.286068  0.919187)
     H    9    Vyy=   -0.3691    axis=(  0.269986  0.893951  0.357715)
     H    9    Vzz=    0.5072    axis=(  0.924039 -0.344988  0.164727)
     H    9  Q=         1.0000 1e-30 m^2  Cq=         1.1916 MHz  eta= 0.45574

     C   10    Vxx=   -0.1406    axis=(  0.751252  0.084175  0.654626)
     C   10    Vyy=   -0.4880    axis=( -0.383584 -0.751451  0.536829)
     C   10    Vzz=    0.6286    axis=( -0.537107  0.654398  0.532240)
     C   10  Q=         1.0000 1e-30 m^2  Cq=         1.4770 MHz  eta= 0.55257

     C   11    Vxx=    0.0718    axis=(  0.431508  0.901883 -0.020227)
     C   11    Vyy=    0.5577    axis=(  0.774603 -0.381916 -0.504113)
     C   11    Vzz=   -0.6295    axis=( -0.462376  0.201861 -0.863401)
     C   11  Q=         1.0000 1e-30 m^2  Cq=        -1.4790 MHz  eta= 0.77191

     Cl  12    Vxx=    1.0291    axis=(  0.893994  0.414282 -0.170720)
     Cl  12    Vyy=    1.9432    axis=( -0.260723  0.790814  0.553748)
     Cl  12    Vzz=   -2.9723    axis=(  0.364415 -0.450537  0.814996)
     Cl  12  Q=        -8.1650 1e-30 m^2  Cq=        57.0225 MHz  eta= 0.30754

     H   13    Vxx=   -0.0632    axis=( -0.996392 -0.076907  0.035881)
     H   13    Vyy=   -0.4969    axis=(  0.080544 -0.723775  0.685319)
     H   13    Vzz=    0.5602    axis=( -0.026735  0.685737  0.727358)
     H   13  Q=         1.0000 1e-30 m^2  Cq=         1.3162 MHz  eta= 0.77426

     C   14    Vxx=   -0.2666    axis=( -0.076955  0.824554  0.560525)
     C   14    Vyy=   -0.3673    axis=( -0.996718 -0.049460 -0.064082)
     C   14    Vzz=    0.6339    axis=( -0.025115 -0.563617  0.825654)
     C   14  Q=         1.0000 1e-30 m^2  Cq=         1.4894 MHz  eta= 0.15877

     H   15    Vxx=   -0.0919    axis=(  0.113891  0.844335 -0.523571)
     H   15    Vyy=   -0.2316    axis=( -0.413142  0.519523  0.747937)
     H   15    Vzz=    0.3236    axis=(  0.903517  0.131126  0.407999)
     H   15  Q=         1.0000 1e-30 m^2  Cq=         0.7602 MHz  eta= 0.43184

     C   16    Vxx=    0.0589    axis=(  0.060155  0.777236  0.626327)
     C   16    Vyy=    0.3441    axis=( -0.198342 -0.605644  0.770620)
     C   16    Vzz=   -0.4030    axis=( -0.978285  0.170584 -0.117726)
     C   16  Q=         1.0000 1e-30 m^2  Cq=        -0.9468 MHz  eta= 0.70778

     C   17    Vxx=   -0.1854    axis=( -0.807181 -0.445412  0.387385)
     C   17    Vyy=   -0.3976    axis=( -0.296833  0.873505  0.385848)
     C   17    Vzz=    0.5830    axis=(  0.510244 -0.196461  0.837290)
     C   17  Q=         1.0000 1e-30 m^2  Cq=         1.3699 MHz  eta= 0.36405

     Cl  18    Vxx=    0.4917    axis=(  0.729986 -0.119817 -0.672878)
     Cl  18    Vyy=    2.6603    axis=(  0.409431 -0.711646  0.570900)
     Cl  18    Vzz=   -3.1521    axis=(  0.547254  0.692245  0.470435)
     Cl  18  Q=        -8.1650 1e-30 m^2  Cq=        60.4709 MHz  eta= 0.68800

     H   19    Vxx=   -0.0914    axis=( -0.010686  0.824662  0.565525)
     H   19    Vyy=   -0.5333    axis=( -0.976746  0.112503 -0.182512)
     H   19    Vzz=    0.6247    axis=( -0.214134 -0.554324  0.804283)
     H   19  Q=         1.0000 1e-30 m^2  Cq=         1.4678 MHz  eta= 0.70730

     C   20    Vxx=    0.0360    axis=(  0.367630 -0.182175  0.911954)
     C   20    Vyy=    0.6064    axis=( -0.823288  0.392290  0.410251)
     C   20    Vzz=   -0.6425    axis=( -0.432488 -0.901621 -0.005765)
     C   20  Q=         1.0000 1e-30 m^2  Cq=        -1.5096 MHz  eta= 0.88780

     H   21    Vxx=   -0.0403    axis=(  0.206101  0.970093  0.128226)
     H   21    Vyy=   -0.5588    axis=( -0.744159  0.070295  0.664293)
     H   21    Vzz=    0.5991    axis=(  0.635413 -0.232333  0.736392)
     H   21  Q=         1.0000 1e-30 m^2  Cq=         1.4075 MHz  eta= 0.86560

     C   22    Vxx=   -0.0159    axis=(  0.293024  0.796742  0.528525)
     C   22    Vyy=   -0.5950    axis=(  0.532236 -0.595151  0.602097)
     C   22    Vzz=    0.6109    axis=( -0.794268 -0.104871  0.598448)
     C   22  Q=         1.0000 1e-30 m^2  Cq=         1.4353 MHz  eta= 0.94809

     C   23    Vxx=    0.1161    axis=(  0.348192  0.935752  0.055947)
     C   23    Vyy=    0.1680    axis=(  0.313940 -0.060165 -0.947535)
     C   23    Vzz=   -0.2841    axis=( -0.883292  0.347488 -0.314719)
     C   23  Q=         1.0000 1e-30 m^2  Cq=        -0.6676 MHz  eta= 0.18284

     Cl  24    Vxx=   -0.5352    axis=( -0.660727  0.714019  0.231555)
     Cl  24    Vyy=   -2.3912    axis=(  0.156559 -0.170610  0.972821)
     Cl  24    Vzz=    2.9265    axis=( -0.734118 -0.679021 -0.000940)
     Cl  24  Q=        -8.1650 1e-30 m^2  Cq=       -56.1433 MHz  eta= 0.63420

     Initialization:
     gipaw_setup  :      9.01s CPU     11.26s WALL (       1 calls)

     Linear response

     Apply operators

     Induced current

     Other routines
     efg          :      9.25s CPU     11.47s WALL (       1 calls)

     General routines
     calbec       :      3.20s CPU      4.19s WALL (      16 calls)
     fft          :      1.46s CPU      2.06s WALL (      15 calls)
     ffts         :      0.04s CPU      0.07s WALL (       2 calls)
     fftw         :      3.28s CPU      3.87s WALL (     672 calls)
     davcio       :      0.02s CPU      0.32s WALL (      32 calls)

     Parallel routines
     fft_scatter  :      2.10s CPU      3.14s WALL (     689 calls)

     Plugins

     GIPAW        :     61.06s CPU     72.09s WALL (       1 calls)
