
     Program QE v.6.0 (svn rev. 13079) starts on 29Dec2016 at 16:54:50 

     This program is part of the open-source Quantum ESPRESSO suite
     for quantum simulation of materials; please cite
         "P. Giannozzi et al., J. Phys.:Condens. Matter 21 395502 (2009);
          URL http://www.quantum-espresso.org", 
     in publications or presentations arising from this work. More details at
     http://www.quantum-espresso.org/quote

     Parallel version (MPI), running on     8 processors
     R & G space division:  proc/nbgrp/npool/nimage =       8

     ***** This is GIPAW svn revision unknown      *****

     Parallelizing q-star over 1 images

     Reading data from directory:
     /users/majewski/paradichlorobenzene/pbe/9_constraint/scratch/pbe.ecut100.np8.dt60.pcl2phi-129368.save
     Message from routine read_xml_file:
     file /users/majewski/paradichlorobenzene/pbe/9_constraint/scratch/pbe.ecut100.np8.dt60.pcl2phi-129368.save not guaranteed to be safe for post-processing

   Info: using nr1, nr2, nr3 values from input

   Info: using nr1, nr2, nr3 values from input

     IMPORTANT: XC functional enforced from input :
     Exchange-correlation      =  SLA  PW   PBX  PBC ( 1  4  3  4 0 0)
     Any further DFT definition will be discarded
     Please, verify this is what you really want

               file C.pbe-n-kjpaw_psl.1.0.0.UPF: wavefunction(s)  2S 2P renormalized
               file Cl.pbe-n-kjpaw_psl.1.0.0.UPF: wavefunction(s)  3S 3P renormalized
               file H.pbe-kjpaw_psl.1.0.0.UPF: wavefunction(s)  1S renormalized

     Parallelization info
     --------------------
     sticks:   dense  smooth     PW     G-vecs:    dense   smooth      PW
     Min        3057    1223    332               144436    36536    5170
     Max        3059    1225    333               144437    36537    5171
     Sum       24467    9791   2657              1155489   292295   41363


     Subspace diagonalization in iterative solution of the eigenvalue problem:
     a serial algorithm will be used

     GIPAW projectors -----------------------------------------------
     atom=  C    l=0  rc=    1.2000  rs=    0.8000
     atom=  C    l=0  rc=    1.2000  rs=    0.8000
     atom=  C    l=1  rc=    1.4000  rs=    0.9333
     atom=  C    l=1  rc=    1.4000  rs=    0.9333
     projs nearly linearly dependent: l=1  n1,n2= 1, 2  s=  0.99951561

     atom=  Cl   l=0  rc=    1.6000  rs=    1.0667
     atom=  Cl   l=0  rc=    1.6000  rs=    1.0667
     atom=  Cl   l=1  rc=    1.6000  rs=    1.0667
     atom=  Cl   l=1  rc=    1.6000  rs=    1.0667
     atom=  Cl   l=2  rc=    1.6000  rs=    1.0667
     atom=  Cl   l=2  rc=    1.6000  rs=    1.0667
     projs nearly linearly dependent: l=2  n1,n2= 1, 2  s=  0.99993509

     atom=  H    l=0  rc=    1.0000  rs=    0.6667
     atom=  H    l=0  rc=    1.0000  rs=    0.6667
     projs nearly linearly dependent: l=0  n1,n2= 1, 2  s=  0.99968852
     -----------------------------------------------------------------

     GIPAW integrals: -------------------------------------------
     Atom  i/j   nmr_para   nmr_dia   epr_rmc  epr_para   epr_dia
       C   1 1   0.83E+03  0.17E-01  0.93E+01  0.24E+08  0.24E+03
       C   2 1   0.86E+03 -0.61E-01  0.94E+01  0.25E+08  0.25E+03
       C   2 2   0.90E+03 -0.15E+00  0.97E+01  0.26E+08  0.26E+03
       C   3 3   0.33E+01  0.34E+00  0.18E+01  0.55E+03  0.21E+02
       C   4 3   0.35E+01  0.37E+00  0.20E+01  0.59E+03  0.22E+02
       C   4 4   0.38E+01  0.39E+00  0.22E+01  0.63E+03  0.24E+02
       Cl  1 1   0.14E+04 -0.47E+00  0.84E+01  0.32E+09  0.42E+03
       Cl  2 1   0.21E+04 -0.37E+00  0.12E+02  0.49E+09  0.65E+03
       Cl  2 2   0.33E+04 -0.16E+00  0.21E+02  0.76E+09  0.10E+04
       Cl  3 3   0.21E+02  0.79E-01  0.89E+01  0.23E+05  0.13E+03
       Cl  4 3   0.24E+02  0.67E-01  0.99E+01  0.27E+05  0.15E+03
       Cl  4 4   0.28E+02  0.44E-01  0.11E+02  0.32E+05  0.18E+03
       Cl  5 5   0.77E+00  0.19E+00  0.18E+01  0.12E+03  0.22E+02
       Cl  6 5   0.80E+00  0.19E+00  0.19E+01  0.12E+03  0.23E+02
       Cl  6 6   0.83E+00  0.20E+00  0.19E+01  0.12E+03  0.23E+02
       H   1 1   0.39E+02  0.19E+00  0.29E+00  0.78E+05  0.13E+02
       H   2 1   0.41E+02  0.21E+00  0.32E+00  0.82E+05  0.14E+02
       H   2 2   0.43E+02  0.22E+00  0.36E+00  0.86E+05  0.15E+02
     ------------------------------------------------------------

     alpha_pv=     33.8258 eV

     Number of occupied bands for each k-point:
     k-point:     1    nbnd_occ=  42
     k-point:     2    nbnd_occ=  42
     k-point:     3    nbnd_occ=  42
     k-point:     4    nbnd_occ=  42
     k-point:     5    nbnd_occ=  42
     k-point:     6    nbnd_occ=  42
     k-point:     7    nbnd_occ=  42
     k-point:     8    nbnd_occ=  42
     k-point:     9    nbnd_occ=  42
     k-point:    10    nbnd_occ=  42
     k-point:    11    nbnd_occ=  42
     k-point:    12    nbnd_occ=  42
     k-point:    13    nbnd_occ=  42
     k-point:    14    nbnd_occ=  42
     k-point:    15    nbnd_occ=  42
     k-point:    16    nbnd_occ=  42


     q-space interpolation up to   110.00 Rydberg

     GIPAW job: efg                                                                             


     ELECTRIC FIELD GRADIENTS TENSORS IN Hartree/bohrradius^2:

     ----- bare term -----
     Cl   1       -0.166937        0.160401       -0.058787
     Cl   1        0.160401        0.075784       -0.163592
     Cl   1       -0.058787       -0.163592        0.091153

     C    2        0.085783        0.203325       -0.048561
     C    2        0.203325       -0.045650       -0.570664
     C    2       -0.048561       -0.570664       -0.040133

     C    3       -0.305100        0.088284       -0.153673
     C    3        0.088284        0.045914       -0.014133
     C    3       -0.153673       -0.014133        0.259186

     H    4       -0.271487       -0.481420       -0.001617
     H    4       -0.481420       -0.067490        0.077071
     H    4       -0.001617        0.077071        0.338977

     C    5        0.025630        0.124858        0.079176
     C    5        0.124858       -0.275134       -0.190024
     C    5        0.079176       -0.190024        0.249504

     H    6        0.179091       -0.460226        0.049310
     H    6       -0.460226       -0.537713       -0.054324
     H    6        0.049310       -0.054324        0.358622

     H    7        0.249162       -0.090476       -0.328301
     H    7       -0.090476       -0.275697        0.439867
     H    7       -0.328301        0.439867        0.026535

     C    8       -0.554334       -0.365542       -0.119470
     C    8       -0.365542        0.165564        0.184863
     C    8       -0.119470        0.184863        0.388770

     H    9       -0.490876       -0.289320       -0.279746
     H    9       -0.289320        0.121844        0.155025
     H    9       -0.279746        0.155025        0.369032

     C   10        0.096590        0.199871       -0.345071
     C   10        0.199871       -0.113099        0.635250
     C   10       -0.345071        0.635250        0.016509

     C   11       -0.667959       -0.450938       -0.242985
     C   11       -0.450938        0.233301        0.165074
     C   11       -0.242985        0.165074        0.434658

     Cl  12        0.027634       -0.062137        0.011307
     Cl  12       -0.062137       -0.008558       -0.027405
     Cl  12        0.011307       -0.027405       -0.019077

     H   13        0.426620       -0.046592       -0.066698
     H   13       -0.046592       -0.572708       -0.658798
     H   13       -0.066698       -0.658798        0.146088

     C   14       -0.837314        0.432191       -0.446190
     C   14        0.432191        0.487658       -0.047668
     C   14       -0.446190       -0.047668        0.349656

     H   15       -0.441146       -0.094094       -0.502028
     H   15       -0.094094        0.197086       -0.298638
     H   15       -0.502028       -0.298638        0.244059

     C   16        0.106436        0.382599       -0.006675
     C   16        0.382599       -0.268424       -0.538944
     C   16       -0.006675       -0.538944        0.161988

     C   17       -0.385144        0.302032       -0.468039
     C   17        0.302032        0.201243       -0.068818
     C   17       -0.468039       -0.068818        0.183901

     Cl  18       -0.033544        0.105087       -0.078701
     Cl  18        0.105087        0.120368       -0.092412
     Cl  18       -0.078701       -0.092412       -0.086824

     H   19        0.404577       -0.095068        0.169389
     H   19       -0.095068       -0.182811        0.623212
     H   19        0.169389        0.623212       -0.221766

     C   20       -0.099583        0.226164       -0.399686
     C   20        0.226164       -0.081654        0.391123
     C   20       -0.399686        0.391123        0.181237

     H   21       -0.030698        0.067956       -0.239525
     H   21        0.067956        0.443496        0.378118
     H   21       -0.239525        0.378118       -0.412797

     C   22       -0.291388       -0.392416       -0.345233
     C   22       -0.392416       -0.089030        0.074385
     C   22       -0.345233        0.074385        0.380419

     C   23        0.022687        0.370077       -0.463758
     C   23        0.370077       -0.089293        0.607673
     C   23       -0.463758        0.607673        0.066606

     Cl  24       -0.284713       -0.226831       -0.084928
     Cl  24       -0.226831        0.069442       -0.133528
     Cl  24       -0.084928       -0.133528        0.215270

     ----- ionic term -----
     Cl   1        0.086802       -0.184257       -0.014349
     Cl   1       -0.184257        0.073108        0.012679
     Cl   1       -0.014349        0.012679       -0.159911

     C    2        0.178769       -0.077290        0.228229
     C    2       -0.077290        0.261806        0.404609
     C    2        0.228229        0.404609       -0.440575

     C    3        0.185427       -0.180557        0.154420
     C    3       -0.180557        0.279156        0.387544
     C    3        0.154420        0.387544       -0.464583

     H    4        0.716417        0.421885        0.513993
     H    4        0.421885       -0.344733        0.245914
     H    4        0.513993        0.245914       -0.371684

     C    5        0.348390       -0.170202        0.223044
     C    5       -0.170202        0.098316        0.295831
     C    5        0.223044        0.295831       -0.446707

     H    6       -0.516241        0.158341        0.075615
     H    6        0.158341        0.703130        0.670967
     H    6        0.075615        0.670967       -0.186889

     H    7       -0.527956       -0.062870        0.048071
     H    7       -0.062870        0.613205       -0.734771
     H    7        0.048071       -0.734771       -0.085249

     C    8        0.219777        0.249568        0.247810
     C    8        0.249568        0.074594       -0.273430
     C    8        0.247810       -0.273430       -0.294370

     H    9        0.760945       -0.326234        0.523748
     H    9       -0.326234       -0.406597       -0.189320
     H    9        0.523748       -0.189320       -0.354348

     C   10        0.161460        0.245875        0.171715
     C   10        0.245875        0.172736       -0.356586
     C   10        0.171715       -0.356586       -0.334195

     C   11        0.120198        0.230635        0.252931
     C   11        0.230635        0.115724       -0.389764
     C   11        0.252931       -0.389764       -0.235922

     Cl  12        0.128190        0.226356       -0.013871
     Cl  12        0.226356        0.024752       -0.013791
     Cl  12       -0.013871       -0.013791       -0.152942

     H   13       -0.479189        0.156681        0.099106
     H   13        0.156681        0.701304        0.653312
     H   13        0.099106        0.653312       -0.222115

     C   14        0.339139       -0.118036        0.237024
     C   14       -0.118036        0.099583        0.295472
     C   14        0.237024        0.295472       -0.438722

     H   15        0.615124        0.410690        0.608604
     H   15        0.410690       -0.317452        0.278078
     H   15        0.608604        0.278078       -0.297672

     C   16        0.166205       -0.156062        0.184486
     C   16       -0.156062        0.262185        0.367255
     C   16        0.184486        0.367255       -0.428390

     C   17        0.295308       -0.081135        0.272053
     C   17       -0.081135        0.135679        0.340253
     C   17        0.272053        0.340253       -0.430987

     Cl  18        0.169592       -0.204801        0.028945
     Cl  18       -0.204801       -0.023695       -0.004820
     Cl  18        0.028945       -0.004820       -0.145897

     H   19       -0.520192       -0.028764        0.050694
     H   19       -0.028764        0.409014       -0.785767
     H   19        0.050694       -0.785767        0.111178

     C   20        0.179714        0.275365        0.275082
     C   20        0.275365        0.048320       -0.285214
     C   20        0.275082       -0.285214       -0.228034

     H   21        0.442781       -0.168941        0.797197
     H   21       -0.168941       -0.495367       -0.222324
     H   21        0.797197       -0.222324        0.052587

     C   22        0.055937        0.340596        0.205810
     C   22        0.340596        0.160822       -0.388476
     C   22        0.205810       -0.388476       -0.216759

     C   23        0.168534        0.251898        0.245518
     C   23        0.251898        0.055275       -0.367797
     C   23        0.245518       -0.367797       -0.223810

     Cl  24        0.139287        0.193670        0.024648
     Cl  24        0.193670        0.004078        0.005475
     Cl  24        0.024648        0.005475       -0.143365

     ----- GIPAW term -----
     Cl   1        0.103867       -1.118377       -0.608482
     Cl   1       -1.118377        0.773739       -1.515716
     Cl   1       -0.608482       -1.515716       -0.877606

     C    2       -0.000708        0.090073       -0.006107
     C    2        0.090073        0.169242       -0.066698
     C    2       -0.006107       -0.066698       -0.168535

     C    3       -0.026144        0.058183       -0.041849
     C    3        0.058183        0.056308       -0.010323
     C    3       -0.041849       -0.010323       -0.030164

     H    4       -0.000000        0.000000        0.000000
     H    4        0.000000        0.000000        0.000000
     H    4        0.000000        0.000000        0.000000

     C    5        0.014108        0.066033        0.015144
     C    5        0.066033        0.026522       -0.037211
     C    5        0.015144       -0.037211       -0.040631

     H    6       -0.000000        0.000000        0.000000
     H    6        0.000000        0.000000        0.000000
     H    6        0.000000        0.000000        0.000000

     H    7       -0.000000        0.000000        0.000000
     H    7        0.000000        0.000000        0.000000
     H    7        0.000000        0.000000        0.000000

     C    8       -0.030973        0.166399        0.032398
     C    8        0.166399        0.138949        0.015398
     C    8        0.032398        0.015398       -0.107977

     H    9       -0.000000        0.000000        0.000000
     H    9        0.000000        0.000000        0.000000
     H    9        0.000000        0.000000        0.000000

     C   10       -0.036762        0.169304       -0.034512
     C   10        0.169304        0.150902        0.087732
     C   10       -0.034512        0.087732       -0.114140

     C   11       -0.110202        0.124067       -0.018799
     C   11        0.124067        0.221373        0.003628
     C   11       -0.018799        0.003628       -0.111171

     Cl  12       -0.107418        1.719214       -0.088554
     Cl  12        1.719214        2.280641       -0.924196
     Cl  12       -0.088554       -0.924196       -2.173223

     H   13       -0.000000        0.000000        0.000000
     H   13        0.000000        0.000000        0.000000
     H   13        0.000000        0.000000        0.000000

     C   14       -0.174666        0.178809       -0.010645
     C   14        0.178809        0.243905        0.107668
     C   14       -0.010645        0.107668       -0.069240

     H   15       -0.000000        0.000000        0.000000
     H   15        0.000000        0.000000        0.000000
     H   15        0.000000        0.000000        0.000000

     C   16       -0.078858        0.137303        0.056697
     C   16        0.137303        0.182938        0.074640
     C   16        0.056697        0.074640       -0.104080

     C   17        0.004928        0.123212       -0.036664
     C   17        0.123212        0.113861        0.022424
     C   17       -0.036664        0.022424       -0.118788

     Cl  18        0.433391       -0.577693       -0.662915
     Cl  18       -0.577693        1.834097       -1.208136
     Cl  18       -0.662915       -1.208136       -2.267488

     H   19       -0.000000        0.000000        0.000000
     H   19        0.000000        0.000000        0.000000
     H   19        0.000000        0.000000        0.000000

     C   20       -0.068311        0.172766       -0.114947
     C   20        0.172766        0.110545       -0.082333
     C   20       -0.114947       -0.082333       -0.042234

     H   21       -0.000000        0.000000        0.000000
     H   21        0.000000        0.000000        0.000000
     H   21        0.000000        0.000000        0.000000

     C   22        0.049534        0.109171       -0.176415
     C   22        0.109171       -0.029071       -0.114383
     C   22       -0.176415       -0.114383       -0.020463

     C   23        0.032481        0.283004       -0.102435
     C   23        0.283004        0.118314        0.006265
     C   23       -0.102435        0.006265       -0.150794

     Cl  24       -0.389028        1.744481       -0.806388
     Cl  24        1.744481        0.961840       -1.510424
     Cl  24       -0.806388       -1.510424       -0.572813

     ----- total EFG -----
     Cl   1        0.023732       -1.142233       -0.681618
     Cl   1       -1.142233        0.922632       -1.666629
     Cl   1       -0.681618       -1.666629       -0.946364

     C    2        0.263844        0.216108        0.173561
     C    2        0.216108        0.385398       -0.232753
     C    2        0.173561       -0.232753       -0.649242

     C    3       -0.145817       -0.034091       -0.041102
     C    3       -0.034091        0.381378        0.363088
     C    3       -0.041102        0.363088       -0.235561

     H    4        0.444931       -0.059534        0.512376
     H    4       -0.059534       -0.412224        0.322985
     H    4        0.512376        0.322985       -0.032707

     C    5        0.388129        0.020689        0.317364
     C    5        0.020689       -0.150295        0.068596
     C    5        0.317364        0.068596       -0.237834

     H    6       -0.337150       -0.301885        0.124925
     H    6       -0.301885        0.165417        0.616644
     H    6        0.124925        0.616644        0.171733

     H    7       -0.278794       -0.153347       -0.280230
     H    7       -0.153347        0.337507       -0.294904
     H    7       -0.280230       -0.294904       -0.058713

     C    8       -0.365530        0.050425        0.160737
     C    8        0.050425        0.379107       -0.073169
     C    8        0.160737       -0.073169       -0.013577

     H    9        0.270069       -0.615554        0.244002
     H    9       -0.615554       -0.284753       -0.034295
     H    9        0.244002       -0.034295        0.014684

     C   10        0.221288        0.615050       -0.207868
     C   10        0.615050        0.210538        0.366396
     C   10       -0.207868        0.366396       -0.431826

     C   11       -0.657964       -0.096235       -0.008852
     C   11       -0.096235        0.570398       -0.221063
     C   11       -0.008852       -0.221063        0.087565

     Cl  12        0.048407        1.883433       -0.091117
     Cl  12        1.883433        2.296835       -0.965393
     Cl  12       -0.091117       -0.965393       -2.345241

     H   13       -0.052569        0.110089        0.032409
     H   13        0.110089        0.128596       -0.005486
     H   13        0.032409       -0.005486       -0.076027

     C   14       -0.672841        0.492964       -0.219811
     C   14        0.492964        0.831146        0.355472
     C   14       -0.219811        0.355472       -0.158306

     H   15        0.173978        0.316597        0.106575
     H   15        0.316597       -0.120365       -0.020559
     H   15        0.106575       -0.020559       -0.053613

     C   16        0.193783        0.363841        0.234508
     C   16        0.363841        0.176699       -0.097049
     C   16        0.234508       -0.097049       -0.370482

     C   17       -0.084908        0.344108       -0.232650
     C   17        0.344108        0.450782        0.293860
     C   17       -0.232650        0.293860       -0.365874

     Cl  18        0.569439       -0.677407       -0.712672
     Cl  18       -0.677407        1.930770       -1.305368
     Cl  18       -0.712672       -1.305368       -2.500209

     H   19       -0.115615       -0.123833        0.220083
     H   19       -0.123833        0.226203       -0.162555
     H   19        0.220083       -0.162555       -0.110588

     C   20        0.011820        0.674295       -0.239551
     C   20        0.674295        0.077212        0.023576
     C   20       -0.239551        0.023576       -0.089032

     H   21        0.412082       -0.100985        0.557672
     H   21       -0.100985       -0.051871        0.155794
     H   21        0.557672        0.155794       -0.360211

     C   22       -0.185917        0.057351       -0.315838
     C   22        0.057351        0.042720       -0.428474
     C   22       -0.315838       -0.428474        0.143197

     C   23        0.223702        0.904979       -0.320676
     C   23        0.904979        0.084296        0.246141
     C   23       -0.320676        0.246141       -0.307998

     Cl  24       -0.534454        1.711320       -0.866669
     Cl  24        1.711320        1.035361       -1.638477
     Cl  24       -0.866669       -1.638477       -0.500907

     ----- total EFG (symmetrized) -----
     Cl   1        0.023732       -1.142233       -0.681618
     Cl   1       -1.142233        0.922632       -1.666629
     Cl   1       -0.681618       -1.666629       -0.946364

     C    2        0.263844        0.216108        0.173561
     C    2        0.216108        0.385398       -0.232753
     C    2        0.173561       -0.232753       -0.649242

     C    3       -0.145817       -0.034091       -0.041102
     C    3       -0.034091        0.381378        0.363088
     C    3       -0.041102        0.363088       -0.235561

     H    4        0.444931       -0.059534        0.512376
     H    4       -0.059534       -0.412224        0.322985
     H    4        0.512376        0.322985       -0.032707

     C    5        0.388129        0.020689        0.317364
     C    5        0.020689       -0.150295        0.068596
     C    5        0.317364        0.068596       -0.237834

     H    6       -0.337150       -0.301885        0.124925
     H    6       -0.301885        0.165417        0.616644
     H    6        0.124925        0.616644        0.171733

     H    7       -0.278794       -0.153347       -0.280230
     H    7       -0.153347        0.337507       -0.294904
     H    7       -0.280230       -0.294904       -0.058713

     C    8       -0.365530        0.050425        0.160737
     C    8        0.050425        0.379107       -0.073169
     C    8        0.160737       -0.073169       -0.013577

     H    9        0.270069       -0.615554        0.244002
     H    9       -0.615554       -0.284753       -0.034295
     H    9        0.244002       -0.034295        0.014684

     C   10        0.221288        0.615050       -0.207868
     C   10        0.615050        0.210538        0.366396
     C   10       -0.207868        0.366396       -0.431826

     C   11       -0.657964       -0.096235       -0.008852
     C   11       -0.096235        0.570398       -0.221063
     C   11       -0.008852       -0.221063        0.087565

     Cl  12        0.048407        1.883433       -0.091117
     Cl  12        1.883433        2.296835       -0.965393
     Cl  12       -0.091117       -0.965393       -2.345241

     H   13       -0.052569        0.110089        0.032409
     H   13        0.110089        0.128596       -0.005486
     H   13        0.032409       -0.005486       -0.076027

     C   14       -0.672841        0.492964       -0.219811
     C   14        0.492964        0.831146        0.355472
     C   14       -0.219811        0.355472       -0.158306

     H   15        0.173978        0.316597        0.106575
     H   15        0.316597       -0.120365       -0.020559
     H   15        0.106575       -0.020559       -0.053613

     C   16        0.193783        0.363841        0.234508
     C   16        0.363841        0.176699       -0.097049
     C   16        0.234508       -0.097049       -0.370482

     C   17       -0.084908        0.344108       -0.232650
     C   17        0.344108        0.450782        0.293860
     C   17       -0.232650        0.293860       -0.365874

     Cl  18        0.569439       -0.677407       -0.712672
     Cl  18       -0.677407        1.930770       -1.305368
     Cl  18       -0.712672       -1.305368       -2.500209

     H   19       -0.115615       -0.123833        0.220083
     H   19       -0.123833        0.226203       -0.162555
     H   19        0.220083       -0.162555       -0.110588

     C   20        0.011820        0.674295       -0.239551
     C   20        0.674295        0.077212        0.023576
     C   20       -0.239551        0.023576       -0.089032

     H   21        0.412082       -0.100985        0.557672
     H   21       -0.100985       -0.051871        0.155794
     H   21        0.557672        0.155794       -0.360211

     C   22       -0.185917        0.057351       -0.315838
     C   22        0.057351        0.042720       -0.428474
     C   22       -0.315838       -0.428474        0.143197

     C   23        0.223702        0.904979       -0.320676
     C   23        0.904979        0.084296        0.246141
     C   23       -0.320676        0.246141       -0.307998

     Cl  24       -0.534454        1.711320       -0.866669
     Cl  24        1.711320        1.035361       -1.638477
     Cl  24       -0.866669       -1.638477       -0.500907


     NQR/NMR SPECTROSCOPIC PARAMETERS:
     Cl   1    Vxx=    0.3542    axis=(  0.834995  0.083000 -0.543962)
     Cl   1    Vyy=    2.1308    axis=( -0.338592  0.856748 -0.389022)
     Cl   1    Vzz=   -2.4851    axis=(  0.433749  0.509013  0.743483)
     Cl   1  Q=        -8.1650 1e-30 m^2  Cq=        47.6744 MHz  eta= 0.71491

     C    2    Vxx=    0.1908    axis=( -0.798181  0.517537 -0.308321)
     C    2    Vyy=    0.5554    axis=(  0.563367  0.822540 -0.077756)
     C    2    Vzz=   -0.7462    axis=( -0.213365  0.235762  0.948099)
     C    2  Q=         1.0000 1e-30 m^2  Cq=        -1.7532 MHz  eta= 0.48869

     C    3    Vxx=   -0.1471    axis=(  0.993647  0.099815 -0.051985)
     C    3    Vyy=   -0.4056    axis=( -0.088990  0.414099 -0.905871)
     C    3    Vzz=    0.5527    axis=( -0.068893  0.904742  0.420351)
     C    3  Q=         1.0000 1e-30 m^2  Cq=         1.2985 MHz  eta= 0.46770

     H    4    Vxx=   -0.0881    axis=(  0.479621 -0.662038 -0.575907)
     H    4    Vyy=   -0.6969    axis=(  0.306535  0.741385 -0.596979)
     H    4    Vzz=    0.7850    axis=( -0.822192 -0.109788 -0.558522)
     H    4  Q=         1.0000 1e-30 m^2  Cq=         1.8445 MHz  eta= 0.77548

     C    5    Vxx=   -0.1402    axis=(  0.151538 -0.970213 -0.189006)
     C    5    Vyy=   -0.3838    axis=(  0.364477  0.232587 -0.901698)
     C    5    Vzz=    0.5240    axis=(  0.918800  0.067753  0.388866)
     C    5  Q=         1.0000 1e-30 m^2  Cq=         1.2311 MHz  eta= 0.46500

     H    6    Vxx=   -0.0957    axis=( -0.754860  0.383633 -0.531990)
     H    6    Vyy=   -0.7041    axis=( -0.645535 -0.578087  0.499099)
     H    6    Vzz=    0.7998    axis=( -0.116065  0.720168  0.684023)
     H    6  Q=         1.0000 1e-30 m^2  Cq=         1.8791 MHz  eta= 0.76072

     H    7    Vxx=    0.0736    axis=(  0.671531 -0.343494 -0.656550)
     H    7    Vyy=    0.4947    axis=(  0.005615 -0.883677  0.468064)
     H    7    Vzz=   -0.5683    axis=(  0.740955  0.318006  0.591487)
     H    7  Q=         1.0000 1e-30 m^2  Cq=        -1.3353 MHz  eta= 0.74090

     C    8    Vxx=    0.0416    axis=(  0.378632  0.141727  0.914632)
     C    8    Vyy=    0.3929    axis=(  0.030489  0.985760 -0.165371)
     C    8    Vzz=   -0.4346    axis=( -0.925045  0.090501  0.368919)
     C    8  Q=         1.0000 1e-30 m^2  Cq=        -1.0211 MHz  eta= 0.80843

     H    9    Vxx=   -0.0393    axis=( -0.167838  0.289224  0.942433)
     H    9    Vyy=   -0.6984    axis=( -0.557118 -0.816522  0.151366)
     H    9    Vzz=    0.7377    axis=(  0.813296 -0.499642  0.298175)
     H    9  Q=         1.0000 1e-30 m^2  Cq=         1.7333 MHz  eta= 0.89346

     C   10    Vxx=   -0.0155    axis=(  0.573230 -0.451695 -0.683651)
     C   10    Vyy=   -0.8262    axis=( -0.450658  0.523021 -0.723434)
     C   10    Vzz=    0.8417    axis=( -0.684335 -0.722787 -0.096251)
     C   10  Q=         1.0000 1e-30 m^2  Cq=         1.9776 MHz  eta= 0.96329

     C   11    Vxx=    0.0044    axis=( -0.063851  0.353627  0.933205)
     C   11    Vyy=    0.6620    axis=( -0.065524  0.931609 -0.357506)
     C   11    Vzz=   -0.6664    axis=( -0.995806 -0.083974 -0.036313)
     C   11  Q=         1.0000 1e-30 m^2  Cq=        -1.5658 MHz  eta= 0.98679

     Cl  12    Vxx=   -0.9225    axis=(  0.867560 -0.435593  0.239999)
     Cl  12    Vyy=   -2.5782    axis=(  0.142341 -0.244907 -0.959041)
     Cl  12    Vzz=    3.5007    axis=(  0.476528  0.866187 -0.150469)
     Cl  12  Q=        -8.1650 1e-30 m^2  Cq=       -67.1591 MHz  eta= 0.47299

     H   13    Vxx=   -0.0558    axis=(  0.478759 -0.260878  0.838291)
     H   13    Vyy=   -0.1251    axis=( -0.765307  0.343893  0.544098)
     H   13    Vzz=    0.1809    axis=( -0.430225 -0.902042 -0.035010)
     H   13  Q=         1.0000 1e-30 m^2  Cq=         0.4250 MHz  eta= 0.38293

     C   14    Vxx=   -0.0955    axis=( -0.435155 -0.111242  0.893457)
     C   14    Vyy=   -0.9498    axis=( -0.867698  0.316657 -0.383183)
     C   14    Vzz=    1.0453    axis=( -0.240294 -0.941994 -0.234320)
     C   14  Q=         1.0000 1e-30 m^2  Cq=         2.4561 MHz  eta= 0.81727

     H   15    Vxx=   -0.0479    axis=( -0.009871 -0.312799  0.949768)
     H   15    Vyy=   -0.3422    axis=( -0.543262  0.799091  0.257529)
     H   15    Vzz=    0.3902    axis=(  0.839505  0.513430  0.177820)
     H   15  Q=         1.0000 1e-30 m^2  Cq=         0.9168 MHz  eta= 0.75422

     C   16    Vxx=   -0.0276    axis=( -0.516821  0.663308 -0.541220)
     C   16    Vyy=   -0.5332    axis=( -0.437984  0.338329  0.832889)
     C   16    Vzz=    0.5608    axis=( -0.735572 -0.667500 -0.115662)
     C   16  Q=         1.0000 1e-30 m^2  Cq=         1.3177 MHz  eta= 0.90156

     C   17    Vxx=    0.0158    axis=( -0.765851  0.191053  0.613980)
     C   17    Vyy=    0.6485    axis=( -0.370806 -0.911306 -0.178955)
     C   17    Vzz=   -0.6643    axis=(  0.525334 -0.364720  0.768768)
     C   17  Q=         1.0000 1e-30 m^2  Cq=        -1.5608 MHz  eta= 0.95254

     Cl  18    Vxx=    0.6505    axis=(  0.935731  0.196348 -0.293009)
     Cl  18    Vyy=    2.4143    axis=(  0.263762 -0.941067  0.211712)
     Cl  18    Vzz=   -3.0648    axis=(  0.234172  0.275391  0.932375)
     Cl  18  Q=        -8.1650 1e-30 m^2  Cq=        58.7959 MHz  eta= 0.57552

     H   19    Vxx=   -0.0438    axis=(  0.601639  0.596071  0.531724)
     H   19    Vyy=   -0.3347    axis=( -0.691737  0.055943  0.719979)
     H   19    Vzz=    0.3785    axis=(  0.399413 -0.800981  0.445982)
     H   19  Q=         1.0000 1e-30 m^2  Cq=         0.8892 MHz  eta= 0.76857

     C   20    Vxx=   -0.0549    axis=( -0.099629  0.341833  0.934465)
     C   20    Vyy=   -0.6919    axis=( -0.710861  0.632683 -0.307229)
     C   20    Vzz=    0.7467    axis=( -0.696241 -0.694883  0.179962)
     C   20  Q=         1.0000 1e-30 m^2  Cq=         1.7545 MHz  eta= 0.85304

     H   21    Vxx=    0.0001    axis=(  0.105719 -0.961862 -0.252279)
     H   21    Vyy=    0.7046    axis=(  0.887032 -0.023447  0.461112)
     H   21    Vzz=   -0.7047    axis=( -0.449441 -0.272527  0.850724)
     H   21  Q=         1.0000 1e-30 m^2  Cq=        -1.6559 MHz  eta= 0.99975

     C   22    Vxx=   -0.1496    axis=( -0.716483  0.667241  0.203572)
     C   22    Vyy=   -0.4714    axis=( -0.613637 -0.464009 -0.638863)
     C   22    Vzz=    0.6210    axis=( -0.331816 -0.582654  0.741898)
     C   22  Q=         1.0000 1e-30 m^2  Cq=         1.4590 MHz  eta= 0.51820

     C   23    Vxx=   -0.0773    axis=( -0.306688  0.406904  0.860449)
     C   23    Vyy=   -0.9880    axis=( -0.597940  0.620994 -0.506789)
     C   23    Vzz=    1.0653    axis=( -0.740547 -0.669923  0.052852)
     C   23  Q=         1.0000 1e-30 m^2  Cq=         2.5029 MHz  eta= 0.85487

     Cl  24    Vxx=   -1.3779    axis=(  0.621129  0.088251  0.778724)
     Cl  24    Vyy=   -1.7079    axis=( -0.629262  0.648444  0.428428)
     Cl  24    Vzz=    3.0857    axis=( -0.467150 -0.756130  0.458300)
     Cl  24  Q=        -8.1650 1e-30 m^2  Cq=       -59.1985 MHz  eta= 0.10695

     Initialization:
     gipaw_setup  :      9.06s CPU     10.95s WALL (       1 calls)

     Linear response

     Apply operators

     Induced current

     Other routines
     efg          :      9.17s CPU     11.42s WALL (       1 calls)

     General routines
     calbec       :      3.14s CPU      4.14s WALL (      16 calls)
     fft          :      1.19s CPU      1.72s WALL (      15 calls)
     ffts         :      0.04s CPU      0.05s WALL (       2 calls)
     fftw         :      3.24s CPU      3.91s WALL (     672 calls)
     davcio       :      0.04s CPU      0.33s WALL (      32 calls)

     Parallel routines
     fft_scatter  :      1.96s CPU      2.87s WALL (     689 calls)

     Plugins

     GIPAW        :     60.62s CPU     73.56s WALL (       1 calls)
