
     Program QE v.6.0 (svn rev. 13079) starts on 13Jan2017 at 22:45:33 

     This program is part of the open-source Quantum ESPRESSO suite
     for quantum simulation of materials; please cite
         "P. Giannozzi et al., J. Phys.:Condens. Matter 21 395502 (2009);
          URL http://www.quantum-espresso.org", 
     in publications or presentations arising from this work. More details at
     http://www.quantum-espresso.org/quote

     Parallel version (MPI), running on     8 processors
     R & G space division:  proc/nbgrp/npool/nimage =       8

     ***** This is GIPAW svn revision unknown      *****

     Parallelizing q-star over 1 images

     Reading data from directory:
     /users/majewski/paradichlorobenzene/pbe/9_constraint/scratch/pbe.ecut100.np8.dt60.pcl2phi-129368.save
     Message from routine read_xml_file:
     file /users/majewski/paradichlorobenzene/pbe/9_constraint/scratch/pbe.ecut100.np8.dt60.pcl2phi-129368.save not guaranteed to be safe for post-processing

   Info: using nr1, nr2, nr3 values from input

   Info: using nr1, nr2, nr3 values from input

     IMPORTANT: XC functional enforced from input :
     Exchange-correlation      =  SLA  PW   PBX  PBC ( 1  4  3  4 0 0)
     Any further DFT definition will be discarded
     Please, verify this is what you really want

               file C.pbe-n-kjpaw_psl.1.0.0.UPF: wavefunction(s)  2S 2P renormalized
               file Cl.pbe-n-kjpaw_psl.1.0.0.UPF: wavefunction(s)  3S 3P renormalized
               file H.pbe-kjpaw_psl.1.0.0.UPF: wavefunction(s)  1S renormalized

     Parallelization info
     --------------------
     sticks:   dense  smooth     PW     G-vecs:    dense   smooth      PW
     Min        3057    1223    332               144436    36536    5170
     Max        3059    1225    333               144437    36537    5171
     Sum       24467    9791   2657              1155489   292295   41363


     Subspace diagonalization in iterative solution of the eigenvalue problem:
     a serial algorithm will be used

     GIPAW projectors -----------------------------------------------
     atom=  C    l=0  rc=    1.2000  rs=    0.8000
     atom=  C    l=0  rc=    1.2000  rs=    0.8000
     atom=  C    l=1  rc=    1.4000  rs=    0.9333
     atom=  C    l=1  rc=    1.4000  rs=    0.9333
     projs nearly linearly dependent: l=1  n1,n2= 1, 2  s=  0.99951561

     atom=  Cl   l=0  rc=    1.6000  rs=    1.0667
     atom=  Cl   l=0  rc=    1.6000  rs=    1.0667
     atom=  Cl   l=1  rc=    1.6000  rs=    1.0667
     atom=  Cl   l=1  rc=    1.6000  rs=    1.0667
     atom=  Cl   l=2  rc=    1.6000  rs=    1.0667
     atom=  Cl   l=2  rc=    1.6000  rs=    1.0667
     projs nearly linearly dependent: l=2  n1,n2= 1, 2  s=  0.99993509

     atom=  H    l=0  rc=    1.0000  rs=    0.6667
     atom=  H    l=0  rc=    1.0000  rs=    0.6667
     projs nearly linearly dependent: l=0  n1,n2= 1, 2  s=  0.99968852
     -----------------------------------------------------------------

     GIPAW integrals: -------------------------------------------
     Atom  i/j   nmr_para   nmr_dia   epr_rmc  epr_para   epr_dia
       C   1 1   0.83E+03  0.17E-01  0.93E+01  0.24E+08  0.24E+03
       C   2 1   0.86E+03 -0.61E-01  0.94E+01  0.25E+08  0.25E+03
       C   2 2   0.90E+03 -0.15E+00  0.97E+01  0.26E+08  0.26E+03
       C   3 3   0.33E+01  0.34E+00  0.18E+01  0.55E+03  0.21E+02
       C   4 3   0.35E+01  0.37E+00  0.20E+01  0.59E+03  0.22E+02
       C   4 4   0.38E+01  0.39E+00  0.22E+01  0.63E+03  0.24E+02
       Cl  1 1   0.14E+04 -0.47E+00  0.84E+01  0.32E+09  0.42E+03
       Cl  2 1   0.21E+04 -0.37E+00  0.12E+02  0.49E+09  0.65E+03
       Cl  2 2   0.33E+04 -0.16E+00  0.21E+02  0.76E+09  0.10E+04
       Cl  3 3   0.21E+02  0.79E-01  0.89E+01  0.23E+05  0.13E+03
       Cl  4 3   0.24E+02  0.67E-01  0.99E+01  0.27E+05  0.15E+03
       Cl  4 4   0.28E+02  0.44E-01  0.11E+02  0.32E+05  0.18E+03
       Cl  5 5   0.77E+00  0.19E+00  0.18E+01  0.12E+03  0.22E+02
       Cl  6 5   0.80E+00  0.19E+00  0.19E+01  0.12E+03  0.23E+02
       Cl  6 6   0.83E+00  0.20E+00  0.19E+01  0.12E+03  0.23E+02
       H   1 1   0.39E+02  0.19E+00  0.29E+00  0.78E+05  0.13E+02
       H   2 1   0.41E+02  0.21E+00  0.32E+00  0.82E+05  0.14E+02
       H   2 2   0.43E+02  0.22E+00  0.36E+00  0.86E+05  0.15E+02
     ------------------------------------------------------------

     alpha_pv=     33.8257 eV

     Number of occupied bands for each k-point:
     k-point:     1    nbnd_occ=  42
     k-point:     2    nbnd_occ=  42
     k-point:     3    nbnd_occ=  42
     k-point:     4    nbnd_occ=  42
     k-point:     5    nbnd_occ=  42
     k-point:     6    nbnd_occ=  42
     k-point:     7    nbnd_occ=  42
     k-point:     8    nbnd_occ=  42
     k-point:     9    nbnd_occ=  42
     k-point:    10    nbnd_occ=  42
     k-point:    11    nbnd_occ=  42
     k-point:    12    nbnd_occ=  42
     k-point:    13    nbnd_occ=  42
     k-point:    14    nbnd_occ=  42
     k-point:    15    nbnd_occ=  42
     k-point:    16    nbnd_occ=  42


     q-space interpolation up to   110.00 Rydberg

     GIPAW job: efg                                                                             


     ELECTRIC FIELD GRADIENTS TENSORS IN Hartree/bohrradius^2:

     ----- bare term -----
     Cl   1        0.250347        0.108627       -0.029696
     Cl   1        0.108627        0.310385        0.053133
     Cl   1       -0.029696        0.053133       -0.560732

     C    2       -0.201136        0.154070       -0.343369
     C    2        0.154070       -0.255017       -0.522647
     C    2       -0.343369       -0.522647        0.456152

     C    3       -0.111623        0.444712       -0.288821
     C    3        0.444712       -0.304095       -0.324013
     C    3       -0.288821       -0.324013        0.415718

     H    4       -0.120758       -0.153797       -0.341554
     H    4       -0.153797        0.483651       -0.202916
     H    4       -0.341554       -0.202916       -0.362893

     C    5       -0.497928       -0.050535       -0.276948
     C    5       -0.050535       -0.013338       -0.340257
     C    5       -0.276948       -0.340257        0.511266

     H    6        0.003055        0.299633       -0.224873
     H    6        0.299633       -0.363700       -0.278012
     H    6       -0.224873       -0.278012        0.360645

     H    7        0.346644       -0.119892        0.104373
     H    7       -0.119892       -0.398898        0.578505
     H    7        0.104373        0.578505        0.052254

     C    8       -0.224963        0.026482       -0.340684
     C    8        0.026482        0.007597        0.516207
     C    8       -0.340684        0.516207        0.217366

     H    9       -0.176921        0.504901       -0.151250
     H    9        0.504901       -0.223425       -0.063579
     H    9       -0.151250       -0.063579        0.400346

     C   10       -0.572882       -0.386246       -0.278766
     C   10       -0.386246        0.207649        0.317832
     C   10       -0.278766        0.317832        0.365233

     C   11       -0.068995        0.047645       -0.309262
     C   11        0.047645       -0.011781        0.659908
     C   11       -0.309262        0.659908        0.080776

     Cl  12       -0.023497       -0.016571       -0.020776
     Cl  12       -0.016571        0.010988        0.002388
     Cl  12       -0.020776        0.002388        0.012510

     H   13       -0.076745        0.371300        0.022617
     H   13        0.371300       -0.270885       -0.335976
     H   13        0.022617       -0.335976        0.347630

     C   14       -0.047977       -0.277275       -0.537860
     C   14       -0.277275       -0.108206       -0.463914
     C   14       -0.537860       -0.463914        0.156183

     H   15        0.082243       -0.043915       -0.217332
     H   15       -0.043915        0.358779       -0.413674
     H   15       -0.217332       -0.413674       -0.441021

     C   16       -0.337876        0.398173       -0.347102
     C   16        0.398173        0.016188       -0.009268
     C   16       -0.347102       -0.009268        0.321689

     C   17        0.084224        0.044967       -0.159007
     C   17        0.044967       -0.538400       -0.309105
     C   17       -0.159007       -0.309105        0.454175

     Cl  18        0.053778        0.135666       -0.094509
     Cl  18        0.135666       -0.003660       -0.260446
     Cl  18       -0.094509       -0.260446       -0.050119

     H   19        0.339037       -0.023695       -0.087891
     H   19       -0.023695       -0.526608        0.468778
     H   19       -0.087891        0.468778        0.187571

     C   20       -0.622571       -0.298944       -0.402979
     C   20       -0.298944        0.118213        0.208911
     C   20       -0.402979        0.208911        0.504358

     H   21       -0.593779        0.175136       -0.289867
     H   21        0.175136        0.353612        0.178827
     H   21       -0.289867        0.178827        0.240167

     C   22       -0.109324       -0.147157       -0.264197
     C   22       -0.147157       -0.187364        0.589837
     C   22       -0.264197        0.589837        0.296688

     C   23       -0.458534       -0.255622       -0.325186
     C   23       -0.255622        0.108426        0.335212
     C   23       -0.325186        0.335212        0.350109

     Cl  24        0.002922        0.108152       -0.023109
     Cl  24        0.108152        0.073351        0.054715
     Cl  24       -0.023109        0.054715       -0.076273

     ----- ionic term -----
     Cl   1        0.142927       -0.198359        0.116732
     Cl   1       -0.198359       -0.025397       -0.056380
     Cl   1        0.116732       -0.056380       -0.117531

     C    2        0.081716       -0.207902        0.442393
     C    2       -0.207902        0.093809        0.295617
     C    2        0.442393        0.295617       -0.175525

     C    3        0.110218       -0.304577        0.313097
     C    3       -0.304577        0.183823        0.243336
     C    3        0.313097        0.243336       -0.294041

     H    4        0.411113        0.228875        0.775250
     H    4        0.228875       -0.410507        0.253466
     H    4        0.775250        0.253466       -0.000606

     C    5        0.163028       -0.193010        0.360547
     C    5       -0.193010        0.105590        0.264731
     C    5        0.360547        0.264731       -0.268618

     H    6       -0.503158       -0.144301       -0.083660
     H    6       -0.144301        0.686585        0.670569
     H    6       -0.083660        0.670569       -0.183427

     H    7       -0.511178        0.024356       -0.006614
     H    7        0.024356        0.459309       -0.776228
     H    7       -0.006614       -0.776228        0.051870

     C    8        0.306378        0.170786        0.241413
     C    8        0.170786       -0.012000       -0.316878
     C    8        0.241413       -0.316878       -0.294378

     H    9        0.632210       -0.535340        0.493043
     H    9       -0.535340       -0.274529       -0.247144
     H    9        0.493043       -0.247144       -0.357681

     C   10        0.173215        0.125907        0.150078
     C   10        0.125907        0.189554       -0.386535
     C   10        0.150078       -0.386535       -0.362769

     C   11        0.184306        0.070192        0.258124
     C   11        0.070192        0.162232       -0.398768
     C   11        0.258124       -0.398768       -0.346538

     Cl  12        0.100108        0.183196        0.013671
     Cl  12        0.183196        0.034585        0.005660
     Cl  12        0.013671        0.005660       -0.134693

     H   13       -0.513856       -0.216330       -0.076092
     H   13       -0.216330        0.769925        0.596014
     H   13       -0.076092        0.596014       -0.256069

     C   14        0.140770       -0.285521        0.384103
     C   14       -0.285521        0.073847        0.239439
     C   14        0.384103        0.239439       -0.214617

     H   15        0.349582        0.312022        0.773467
     H   15        0.312022       -0.401158        0.335907
     H   15        0.773467        0.335907        0.051576

     C   16        0.072894       -0.337623        0.263476
     C   16       -0.337623        0.186456        0.351306
     C   16        0.263476        0.351306       -0.259350

     C   17        0.158212       -0.207000        0.290064
     C   17       -0.207000        0.100911        0.444970
     C   17        0.290064        0.444970       -0.259123

     Cl  18        0.199615       -0.198934        0.042823
     Cl  18       -0.198934       -0.054977       -0.017585
     Cl  18        0.042823       -0.017585       -0.144638

     H   19       -0.497470        0.027382        0.001696
     H   19        0.027382        0.729322       -0.652912
     H   19        0.001696       -0.652912       -0.231851

     C   20        0.306697        0.149390        0.260586
     C   20        0.149390        0.100152       -0.274064
     C   20        0.260586       -0.274064       -0.406849

     H   21        0.668726       -0.421043        0.557278
     H   21       -0.421043       -0.353892       -0.258857
     H   21        0.557278       -0.258857       -0.314834

     C   22        0.178938        0.204729        0.185546
     C   22        0.204729        0.182780       -0.337270
     C   22        0.185546       -0.337270       -0.361717

     C   23        0.232268        0.188341        0.265356
     C   23        0.188341        0.107899       -0.360923
     C   23        0.265356       -0.360923       -0.340166

     Cl  24        0.145717        0.239456        0.021403
     Cl  24        0.239456        0.007023        0.007474
     Cl  24        0.021403        0.007474       -0.152740

     ----- GIPAW term -----
     Cl   1       -0.118244       -0.607456        0.133249
     Cl   1       -0.607456       -0.395364       -0.152787
     Cl   1        0.133249       -0.152787        0.513608

     C    2       -0.049959       -0.074947       -0.074079
     C    2       -0.074947       -0.071743       -0.175776
     C    2       -0.074079       -0.175776        0.121703

     C    3        0.089085        0.028219       -0.152914
     C    3        0.028219       -0.119216       -0.008130
     C    3       -0.152914       -0.008130        0.030131

     H    4       -0.000000        0.000000        0.000000
     H    4        0.000000        0.000000        0.000000
     H    4        0.000000        0.000000        0.000000

     C    5       -0.055473       -0.047384        0.140701
     C    5       -0.047384       -0.114925       -0.069969
     C    5        0.140701       -0.069969        0.170398

     H    6       -0.000000        0.000000        0.000000
     H    6        0.000000        0.000000        0.000000
     H    6        0.000000        0.000000        0.000000

     H    7       -0.000000        0.000000        0.000000
     H    7        0.000000        0.000000        0.000000
     H    7        0.000000        0.000000        0.000000

     C    8       -0.075933        0.071016       -0.047975
     C    8        0.071016        0.146375        0.123168
     C    8       -0.047975        0.123168       -0.070442

     H    9       -0.000000        0.000000        0.000000
     H    9        0.000000        0.000000        0.000000
     H    9        0.000000        0.000000        0.000000

     C   10       -0.206696       -0.093528       -0.067331
     C   10       -0.093528        0.246654        0.063492
     C   10       -0.067331        0.063492       -0.039958

     C   11       -0.011422        0.104560       -0.052574
     C   11        0.104560        0.169070        0.125643
     C   11       -0.052574        0.125643       -0.157648

     Cl  12        1.344406        2.278899       -0.169933
     Cl  12        2.278899        0.186940        0.016857
     Cl  12       -0.169933        0.016857       -1.531346

     H   13       -0.000000        0.000000        0.000000
     H   13        0.000000        0.000000        0.000000
     H   13        0.000000        0.000000        0.000000

     C   14        0.139693       -0.210348       -0.165142
     C   14       -0.210348       -0.067127       -0.035977
     C   14       -0.165142       -0.035977       -0.072566

     H   15       -0.000000        0.000000        0.000000
     H   15        0.000000        0.000000        0.000000
     H   15        0.000000        0.000000        0.000000

     C   16       -0.033648       -0.033922       -0.170239
     C   16       -0.033922       -0.042588        0.101720
     C   16       -0.170239        0.101720        0.076236

     C   17       -0.070927       -0.061566        0.004331
     C   17       -0.061566       -0.117336        0.136200
     C   17        0.004331        0.136200        0.188263

     Cl  18       -0.417352       -0.143165        0.651266
     Cl  18       -0.143165       -0.179489        1.192033
     Cl  18        0.651266        1.192033        0.596841

     H   19       -0.000000        0.000000        0.000000
     H   19        0.000000        0.000000        0.000000
     H   19        0.000000        0.000000        0.000000

     C   20       -0.140789       -0.043034       -0.066049
     C   20       -0.043034        0.048495       -0.035406
     C   20       -0.066049       -0.035406        0.092294

     H   21       -0.000000        0.000000        0.000000
     H   21        0.000000        0.000000        0.000000
     H   21        0.000000        0.000000        0.000000

     C   22       -0.061938        0.027674       -0.056875
     C   22        0.027674        0.057598        0.108264
     C   22       -0.056875        0.108264        0.004340

     C   23       -0.065637        0.127856       -0.050535
     C   23        0.127856        0.158665        0.043867
     C   23       -0.050535        0.043867       -0.093028

     Cl  24        1.189354        2.813638       -0.090698
     Cl  24        2.813638        0.749589        0.508424
     Cl  24       -0.090698        0.508424       -1.938943

     ----- total EFG -----
     Cl   1        0.275031       -0.697188        0.220286
     Cl   1       -0.697188       -0.110376       -0.156033
     Cl   1        0.220286       -0.156033       -0.164655

     C    2       -0.169379       -0.128780        0.024946
     C    2       -0.128780       -0.232951       -0.402807
     C    2        0.024946       -0.402807        0.402330

     C    3        0.087680        0.168354       -0.128638
     C    3        0.168354       -0.239487       -0.088808
     C    3       -0.128638       -0.088808        0.151808

     H    4        0.290354        0.075079        0.433696
     H    4        0.075079        0.073144        0.050550
     H    4        0.433696        0.050550       -0.363499

     C    5       -0.390373       -0.290929        0.224300
     C    5       -0.290929       -0.022673       -0.145495
     C    5        0.224300       -0.145495        0.413046

     H    6       -0.500103        0.155331       -0.308533
     H    6        0.155331        0.322885        0.392557
     H    6       -0.308533        0.392557        0.177218

     H    7       -0.164535       -0.095535        0.097760
     H    7       -0.095535        0.060410       -0.197722
     H    7        0.097760       -0.197722        0.104124

     C    8        0.005481        0.268285       -0.147246
     C    8        0.268285        0.141973        0.322497
     C    8       -0.147246        0.322497       -0.147454

     H    9        0.455289       -0.030440        0.341794
     H    9       -0.030440       -0.497954       -0.310723
     H    9        0.341794       -0.310723        0.042665

     C   10       -0.606363       -0.353867       -0.196019
     C   10       -0.353867        0.643857       -0.005211
     C   10       -0.196019       -0.005211       -0.037494

     C   11        0.103889        0.222396       -0.103712
     C   11        0.222396        0.319521        0.386783
     C   11       -0.103712        0.386783       -0.423410

     Cl  12        1.421017        2.445524       -0.177037
     Cl  12        2.445524        0.232513        0.024905
     Cl  12       -0.177037        0.024905       -1.653530

     H   13       -0.590601        0.154970       -0.053475
     H   13        0.154970        0.499040        0.260038
     H   13       -0.053475        0.260038        0.091561

     C   14        0.232487       -0.773145       -0.318899
     C   14       -0.773145       -0.101487       -0.260452
     C   14       -0.318899       -0.260452       -0.131000

     H   15        0.431824        0.268106        0.556135
     H   15        0.268106       -0.042379       -0.077767
     H   15        0.556135       -0.077767       -0.389445

     C   16       -0.298630        0.026629       -0.253864
     C   16        0.026629        0.160056        0.443759
     C   16       -0.253864        0.443759        0.138574

     C   17        0.171509       -0.223599        0.135388
     C   17       -0.223599       -0.554825        0.272066
     C   17        0.135388        0.272066        0.383316

     Cl  18       -0.163959       -0.206433        0.599580
     Cl  18       -0.206433       -0.238125        0.914002
     Cl  18        0.599580        0.914002        0.402084

     H   19       -0.158433        0.003686       -0.086195
     H   19        0.003686        0.202713       -0.184134
     H   19       -0.086195       -0.184134       -0.044280

     C   20       -0.456663       -0.192588       -0.208443
     C   20       -0.192588        0.266860       -0.100559
     C   20       -0.208443       -0.100559        0.189802

     H   21        0.074947       -0.245907        0.267411
     H   21       -0.245907       -0.000280       -0.080029
     H   21        0.267411       -0.080029       -0.074667

     C   22        0.007676        0.085245       -0.135526
     C   22        0.085245        0.053014        0.360831
     C   22       -0.135526        0.360831       -0.060689

     C   23       -0.291903        0.060575       -0.110366
     C   23        0.060575        0.374989        0.018156
     C   23       -0.110366        0.018156       -0.083086

     Cl  24        1.337993        3.161246       -0.092405
     Cl  24        3.161246        0.829962        0.570613
     Cl  24       -0.092405        0.570613       -2.167955

     ----- total EFG (symmetrized) -----
     Cl   1        0.275031       -0.697188        0.220286
     Cl   1       -0.697188       -0.110376       -0.156033
     Cl   1        0.220286       -0.156033       -0.164655

     C    2       -0.169379       -0.128780        0.024946
     C    2       -0.128780       -0.232951       -0.402807
     C    2        0.024946       -0.402807        0.402330

     C    3        0.087680        0.168354       -0.128638
     C    3        0.168354       -0.239487       -0.088808
     C    3       -0.128638       -0.088808        0.151808

     H    4        0.290354        0.075079        0.433696
     H    4        0.075079        0.073144        0.050550
     H    4        0.433696        0.050550       -0.363499

     C    5       -0.390373       -0.290929        0.224300
     C    5       -0.290929       -0.022673       -0.145495
     C    5        0.224300       -0.145495        0.413046

     H    6       -0.500103        0.155331       -0.308533
     H    6        0.155331        0.322885        0.392557
     H    6       -0.308533        0.392557        0.177218

     H    7       -0.164535       -0.095535        0.097760
     H    7       -0.095535        0.060410       -0.197722
     H    7        0.097760       -0.197722        0.104124

     C    8        0.005481        0.268285       -0.147246
     C    8        0.268285        0.141973        0.322497
     C    8       -0.147246        0.322497       -0.147454

     H    9        0.455289       -0.030440        0.341794
     H    9       -0.030440       -0.497954       -0.310723
     H    9        0.341794       -0.310723        0.042665

     C   10       -0.606363       -0.353867       -0.196019
     C   10       -0.353867        0.643857       -0.005211
     C   10       -0.196019       -0.005211       -0.037494

     C   11        0.103889        0.222396       -0.103712
     C   11        0.222396        0.319521        0.386783
     C   11       -0.103712        0.386783       -0.423410

     Cl  12        1.421017        2.445524       -0.177037
     Cl  12        2.445524        0.232513        0.024905
     Cl  12       -0.177037        0.024905       -1.653530

     H   13       -0.590601        0.154970       -0.053475
     H   13        0.154970        0.499040        0.260038
     H   13       -0.053475        0.260038        0.091561

     C   14        0.232487       -0.773145       -0.318899
     C   14       -0.773145       -0.101487       -0.260452
     C   14       -0.318899       -0.260452       -0.131000

     H   15        0.431824        0.268106        0.556135
     H   15        0.268106       -0.042379       -0.077767
     H   15        0.556135       -0.077767       -0.389445

     C   16       -0.298630        0.026629       -0.253864
     C   16        0.026629        0.160056        0.443759
     C   16       -0.253864        0.443759        0.138574

     C   17        0.171509       -0.223599        0.135388
     C   17       -0.223599       -0.554825        0.272066
     C   17        0.135388        0.272066        0.383316

     Cl  18       -0.163959       -0.206433        0.599580
     Cl  18       -0.206433       -0.238125        0.914002
     Cl  18        0.599580        0.914002        0.402084

     H   19       -0.158433        0.003686       -0.086195
     H   19        0.003686        0.202713       -0.184134
     H   19       -0.086195       -0.184134       -0.044280

     C   20       -0.456663       -0.192588       -0.208443
     C   20       -0.192588        0.266860       -0.100559
     C   20       -0.208443       -0.100559        0.189802

     H   21        0.074947       -0.245907        0.267411
     H   21       -0.245907       -0.000280       -0.080029
     H   21        0.267411       -0.080029       -0.074667

     C   22        0.007676        0.085245       -0.135526
     C   22        0.085245        0.053014        0.360831
     C   22       -0.135526        0.360831       -0.060689

     C   23       -0.291903        0.060575       -0.110366
     C   23        0.060575        0.374989        0.018156
     C   23       -0.110366        0.018156       -0.083086

     Cl  24        1.337993        3.161246       -0.092405
     Cl  24        3.161246        0.829962        0.570613
     Cl  24       -0.092405        0.570613       -2.167955


     NQR/NMR SPECTROSCOPIC PARAMETERS:
     Cl   1    Vxx=   -0.2344    axis=( -0.186414  0.169549  0.967731)
     Cl   1    Vyy=   -0.6412    axis=(  0.608707  0.793098 -0.021698)
     Cl   1    Vzz=    0.8756    axis=( -0.771184  0.585020 -0.251050)
     Cl   1  Q=        -8.1650 1e-30 m^2  Cq=       -16.7985 MHz  eta= 0.46455

     C    2    Vxx=   -0.1396    axis=(  0.935101 -0.262453 -0.238126)
     C    2    Vyy=   -0.4662    axis=(  0.339288  0.857050  0.387750)
     C    2    Vzz=    0.6058    axis=(  0.102320 -0.443379  0.890475)
     C    2  Q=         1.0000 1e-30 m^2  Cq=         1.4233 MHz  eta= 0.53913

     C    3    Vxx=    0.0038    axis=( -0.673443 -0.206921 -0.709689)
     C    3    Vyy=    0.3092    axis=(  0.642668  0.310540 -0.700387)
     C    3    Vzz=   -0.3131    axis=( -0.365312  0.927765  0.076149)
     C    3  Q=         1.0000 1e-30 m^2  Cq=        -0.7356 MHz  eta= 0.97543

     H    4    Vxx=    0.0555    axis=(  0.182714 -0.980612  0.070816)
     H    4    Vyy=    0.5244    axis=( -0.876843 -0.195112 -0.439406)
     H    4    Vzz=   -0.5799    axis=(  0.444704  0.018191 -0.895493)
     H    4  Q=         1.0000 1e-30 m^2  Cq=        -1.3625 MHz  eta= 0.80857

     C    5    Vxx=    0.0092    axis=( -0.327303  0.816356  0.475852)
     C    5    Vyy=    0.5592    axis=(  0.320880 -0.377640  0.868576)
     C    5    Vzz=   -0.5683    axis=(  0.888768  0.436978 -0.138350)
     C    5  Q=         1.0000 1e-30 m^2  Cq=        -1.3353 MHz  eta= 0.96776

     H    6    Vxx=    0.0522    axis=(  0.512328  0.598764 -0.615631)
     H    6    Vyy=    0.6553    axis=(  0.076448 -0.745810 -0.661757)
     H    6    Vzz=   -0.7075    axis=( -0.855380  0.291973 -0.427874)
     H    6  Q=         1.0000 1e-30 m^2  Cq=        -1.6622 MHz  eta= 0.85249

     H    7    Vxx=   -0.1163    axis=( -0.062384  0.729020  0.681644)
     H    7    Vyy=   -0.2034    axis=( -0.960426 -0.229612  0.157672)
     H    7    Vzz=    0.3197    axis=(  0.271459 -0.644832  0.714494)
     H    7  Q=         1.0000 1e-30 m^2  Cq=         0.7512 MHz  eta= 0.27255

     C    8    Vxx=    0.0884    axis=(  0.773026 -0.104582 -0.625695)
     C    8    Vyy=    0.4171    axis=( -0.411329 -0.833515 -0.368865)
     C    8    Vzz=   -0.5055    axis=( -0.482949  0.542509 -0.687346)
     C    8  Q=         1.0000 1e-30 m^2  Cq=        -1.1876 MHz  eta= 0.65034

     H    9    Vxx=   -0.0248    axis=(  0.539748  0.437564 -0.719173)
     H    9    Vyy=   -0.6527    axis=( -0.115086  0.884634  0.451861)
     H    9    Vzz=    0.6775    axis=( -0.833923  0.161124 -0.527837)
     H    9  Q=         1.0000 1e-30 m^2  Cq=         1.5919 MHz  eta= 0.92678

     C   10    Vxx=    0.0110    axis=( -0.235244 -0.123602  0.964045)
     C   10    Vyy=    0.7397    axis=( -0.261899  0.963254  0.059593)
     C   10    Vzz=   -0.7508    axis=( -0.935986 -0.238463 -0.258971)
     C   10  Q=         1.0000 1e-30 m^2  Cq=        -1.7640 MHz  eta= 0.97068

     C   11    Vxx=    0.0859    axis=(  0.897062 -0.244321 -0.368222)
     C   11    Vyy=    0.5490    axis=( -0.366193 -0.877403 -0.309946)
     C   11    Vzz=   -0.6349    axis=(  0.247353 -0.412881  0.876553)
     C   11  Q=         1.0000 1e-30 m^2  Cq=        -1.4917 MHz  eta= 0.72942

     Cl  12    Vxx=   -1.5432    axis=( -0.393081  0.530812  0.750817)
     Cl  12    Vyy=   -1.8033    axis=(  0.476643 -0.580647  0.660046)
     Cl  12    Vzz=    3.3465    axis=(  0.786320  0.617323 -0.024766)
     Cl  12  Q=        -8.1650 1e-30 m^2  Cq=       -64.2013 MHz  eta= 0.07771

     H   13    Vxx=   -0.0126    axis=( -0.189870 -0.398521  0.897291)
     H   13    Vyy=   -0.6242    axis=(  0.977148 -0.165655  0.133194)
     H   13    Vzz=    0.6368    axis=(  0.095560  0.902075  0.420867)
     H   13  Q=         1.0000 1e-30 m^2  Cq=         1.4962 MHz  eta= 0.96037

     C   14    Vxx=    0.0653    axis=( -0.210075 -0.411277  0.886972)
     C   14    Vyy=    0.8645    axis=( -0.789490  0.606487  0.094233)
     C   14    Vzz=   -0.9298    axis=( -0.576693 -0.680459 -0.452107)
     C   14  Q=         1.0000 1e-30 m^2  Cq=        -2.1846 MHz  eta= 0.85954

     H   15    Vxx=   -0.0404    axis=( -0.098377  0.926526 -0.363140)
     H   15    Vyy=   -0.7254    axis=( -0.467687  0.279054  0.838688)
     H   15    Vzz=    0.7658    axis=(  0.878402  0.252344  0.405872)
     H   15  Q=         1.0000 1e-30 m^2  Cq=         1.7994 MHz  eta= 0.89458

     C   16    Vxx=   -0.1131    axis=( -0.664018 -0.618313  0.420440)
     C   16    Vyy=   -0.5087    axis=( -0.726335  0.399888 -0.559042)
     C   16    Vzz=    0.6218    axis=(  0.177534 -0.676594 -0.714635)
     C   16  Q=         1.0000 1e-30 m^2  Cq=         1.4609 MHz  eta= 0.63622

     C   17    Vxx=    0.2230    axis=(  0.919073 -0.336151 -0.205686)
     C   17    Vyy=    0.4777    axis=(  0.279370  0.187629  0.941673)
     C   17    Vzz=   -0.7007    axis=( -0.277952 -0.922929  0.266356)
     C   17  Q=         1.0000 1e-30 m^2  Cq=        -1.6463 MHz  eta= 0.36350

     Cl  18    Vxx=    0.0038    axis=(  0.827684 -0.559854  0.038774)
     Cl  18    Vyy=    1.1644    axis=( -0.293812 -0.491161 -0.820021)
     Cl  18    Vzz=   -1.1681    axis=(  0.478136  0.667326 -0.571018)
     Cl  18  Q=        -8.1650 1e-30 m^2  Cq=        22.4099 MHz  eta= 0.99356

     H   19    Vxx=   -0.0779    axis=(  0.653896 -0.421017 -0.628622)
     H   19    Vyy=   -0.2272    axis=(  0.750389  0.254774  0.609924)
     H   19    Vzz=    0.3052    axis=(  0.096631  0.870537 -0.482522)
     H   19  Q=         1.0000 1e-30 m^2  Cq=         0.7171 MHz  eta= 0.48921

     C   20    Vxx=    0.2325    axis=( -0.366239  0.402689  0.838875)
     C   20    Vyy=    0.3398    axis=(  0.091902 -0.881450  0.463250)
     C   20    Vzz=   -0.5723    axis=(  0.925971  0.246754  0.285813)
     C   20  Q=         1.0000 1e-30 m^2  Cq=        -1.3447 MHz  eta= 0.18740

     H   21    Vxx=   -0.1107    axis=(  0.150425  0.777538  0.610580)
     H   21    Vyy=   -0.3118    axis=(  0.675928  0.369814 -0.637462)
     H   21    Vzz=    0.4225    axis=(  0.721452 -0.508599  0.469930)
     H   21  Q=         1.0000 1e-30 m^2  Cq=         0.9927 MHz  eta= 0.47596

     C   22    Vxx=    0.0638    axis=( -0.936593 -0.278305  0.212934)
     C   22    Vyy=    0.3631    axis=(  0.072222 -0.747914 -0.659855)
     C   22    Vzz=   -0.4269    axis=(  0.342897 -0.602637  0.720590)
     C   22  Q=         1.0000 1e-30 m^2  Cq=        -1.0032 MHz  eta= 0.70105

     C   23    Vxx=   -0.0357    axis=( -0.392131  0.017178  0.919749)
     C   23    Vyy=   -0.3449    axis=( -0.915814  0.086949 -0.392077)
     C   23    Vzz=    0.3806    axis=( -0.086706 -0.996065 -0.018364)
     C   23  Q=         1.0000 1e-30 m^2  Cq=         0.8943 MHz  eta= 0.81244

     Cl  24    Vxx=   -1.6519    axis=(  0.529431 -0.520312 -0.670058)
     Cl  24    Vyy=   -2.6195    axis=( -0.429826  0.516435 -0.740638)
     Cl  24    Vzz=    4.2713    axis=( -0.731404 -0.680125 -0.049773)
     Cl  24  Q=        -8.1650 1e-30 m^2  Cq=       -81.9430 MHz  eta= 0.22654

     Initialization:
     gipaw_setup  :      9.14s CPU     10.80s WALL (       1 calls)

     Linear response

     Apply operators

     Induced current

     Other routines
     efg          :      9.35s CPU     12.10s WALL (       1 calls)

     General routines
     calbec       :      3.30s CPU      4.58s WALL (      16 calls)
     fft          :      1.33s CPU      1.66s WALL (      15 calls)
     ffts         :      0.05s CPU      0.09s WALL (       2 calls)
     fftw         :      3.29s CPU      4.09s WALL (     672 calls)
     davcio       :      0.03s CPU      0.34s WALL (      32 calls)

     Parallel routines
     fft_scatter  :      1.97s CPU      3.00s WALL (     689 calls)

     Plugins

     GIPAW        :     61.36s CPU     75.29s WALL (       1 calls)
