
     Program QE v.6.0 (svn rev. 13079) starts on 22Jan2017 at 11:35:18 

     This program is part of the open-source Quantum ESPRESSO suite
     for quantum simulation of materials; please cite
         "P. Giannozzi et al., J. Phys.:Condens. Matter 21 395502 (2009);
          URL http://www.quantum-espresso.org", 
     in publications or presentations arising from this work. More details at
     http://www.quantum-espresso.org/quote

     Parallel version (MPI), running on     8 processors
     R & G space division:  proc/nbgrp/npool/nimage =       8

     ***** This is GIPAW svn revision unknown      *****

     Parallelizing q-star over 1 images

     Reading data from directory:
     /users/majewski/paradichlorobenzene/pbe/9_constraint/scratch/pbe.ecut100.np8.dt60.pcl2phi-129368.save
     Message from routine read_xml_file:
     file /users/majewski/paradichlorobenzene/pbe/9_constraint/scratch/pbe.ecut100.np8.dt60.pcl2phi-129368.save not guaranteed to be safe for post-processing

   Info: using nr1, nr2, nr3 values from input

   Info: using nr1, nr2, nr3 values from input

     IMPORTANT: XC functional enforced from input :
     Exchange-correlation      =  SLA  PW   PBX  PBC ( 1  4  3  4 0 0)
     Any further DFT definition will be discarded
     Please, verify this is what you really want

               file C.pbe-n-kjpaw_psl.1.0.0.UPF: wavefunction(s)  2S 2P renormalized
               file Cl.pbe-n-kjpaw_psl.1.0.0.UPF: wavefunction(s)  3S 3P renormalized
               file H.pbe-kjpaw_psl.1.0.0.UPF: wavefunction(s)  1S renormalized

     Parallelization info
     --------------------
     sticks:   dense  smooth     PW     G-vecs:    dense   smooth      PW
     Min        3057    1223    332               144436    36536    5170
     Max        3059    1225    333               144437    36537    5171
     Sum       24467    9791   2657              1155489   292295   41363


     Subspace diagonalization in iterative solution of the eigenvalue problem:
     a serial algorithm will be used

     GIPAW projectors -----------------------------------------------
     atom=  C    l=0  rc=    1.2000  rs=    0.8000
     atom=  C    l=0  rc=    1.2000  rs=    0.8000
     atom=  C    l=1  rc=    1.4000  rs=    0.9333
     atom=  C    l=1  rc=    1.4000  rs=    0.9333
     projs nearly linearly dependent: l=1  n1,n2= 1, 2  s=  0.99951561

     atom=  Cl   l=0  rc=    1.6000  rs=    1.0667
     atom=  Cl   l=0  rc=    1.6000  rs=    1.0667
     atom=  Cl   l=1  rc=    1.6000  rs=    1.0667
     atom=  Cl   l=1  rc=    1.6000  rs=    1.0667
     atom=  Cl   l=2  rc=    1.6000  rs=    1.0667
     atom=  Cl   l=2  rc=    1.6000  rs=    1.0667
     projs nearly linearly dependent: l=2  n1,n2= 1, 2  s=  0.99993509

     atom=  H    l=0  rc=    1.0000  rs=    0.6667
     atom=  H    l=0  rc=    1.0000  rs=    0.6667
     projs nearly linearly dependent: l=0  n1,n2= 1, 2  s=  0.99968852
     -----------------------------------------------------------------

     GIPAW integrals: -------------------------------------------
     Atom  i/j   nmr_para   nmr_dia   epr_rmc  epr_para   epr_dia
       C   1 1   0.83E+03  0.17E-01  0.93E+01  0.24E+08  0.24E+03
       C   2 1   0.86E+03 -0.61E-01  0.94E+01  0.25E+08  0.25E+03
       C   2 2   0.90E+03 -0.15E+00  0.97E+01  0.26E+08  0.26E+03
       C   3 3   0.33E+01  0.34E+00  0.18E+01  0.55E+03  0.21E+02
       C   4 3   0.35E+01  0.37E+00  0.20E+01  0.59E+03  0.22E+02
       C   4 4   0.38E+01  0.39E+00  0.22E+01  0.63E+03  0.24E+02
       Cl  1 1   0.14E+04 -0.47E+00  0.84E+01  0.32E+09  0.42E+03
       Cl  2 1   0.21E+04 -0.37E+00  0.12E+02  0.49E+09  0.65E+03
       Cl  2 2   0.33E+04 -0.16E+00  0.21E+02  0.76E+09  0.10E+04
       Cl  3 3   0.21E+02  0.79E-01  0.89E+01  0.23E+05  0.13E+03
       Cl  4 3   0.24E+02  0.67E-01  0.99E+01  0.27E+05  0.15E+03
       Cl  4 4   0.28E+02  0.44E-01  0.11E+02  0.32E+05  0.18E+03
       Cl  5 5   0.77E+00  0.19E+00  0.18E+01  0.12E+03  0.22E+02
       Cl  6 5   0.80E+00  0.19E+00  0.19E+01  0.12E+03  0.23E+02
       Cl  6 6   0.83E+00  0.20E+00  0.19E+01  0.12E+03  0.23E+02
       H   1 1   0.39E+02  0.19E+00  0.29E+00  0.78E+05  0.13E+02
       H   2 1   0.41E+02  0.21E+00  0.32E+00  0.82E+05  0.14E+02
       H   2 2   0.43E+02  0.22E+00  0.36E+00  0.86E+05  0.15E+02
     ------------------------------------------------------------

     alpha_pv=     34.1362 eV

     Number of occupied bands for each k-point:
     k-point:     1    nbnd_occ=  42
     k-point:     2    nbnd_occ=  42
     k-point:     3    nbnd_occ=  42
     k-point:     4    nbnd_occ=  42
     k-point:     5    nbnd_occ=  42
     k-point:     6    nbnd_occ=  42
     k-point:     7    nbnd_occ=  42
     k-point:     8    nbnd_occ=  42
     k-point:     9    nbnd_occ=  42
     k-point:    10    nbnd_occ=  42
     k-point:    11    nbnd_occ=  42
     k-point:    12    nbnd_occ=  42
     k-point:    13    nbnd_occ=  42
     k-point:    14    nbnd_occ=  42
     k-point:    15    nbnd_occ=  42
     k-point:    16    nbnd_occ=  42


     q-space interpolation up to   110.00 Rydberg

     GIPAW job: efg                                                                             


     ELECTRIC FIELD GRADIENTS TENSORS IN Hartree/bohrradius^2:

     ----- bare term -----
     Cl   1       -0.038025       -0.099073       -0.060138
     Cl   1       -0.099073       -0.037194        0.081284
     Cl   1       -0.060138        0.081284        0.075219

     C    2       -0.533829        0.238184       -0.395507
     C    2        0.238184       -0.022341       -0.196103
     C    2       -0.395507       -0.196103        0.556170

     C    3       -0.029971        0.047126       -0.249547
     C    3        0.047126       -0.152477       -0.580697
     C    3       -0.249547       -0.580697        0.182449

     H    4       -0.265664        0.030781       -0.551036
     H    4        0.030781        0.150779        0.008300
     H    4       -0.551036        0.008300        0.114885

     C    5       -0.897761        0.378407       -0.421579
     C    5        0.378407        0.482792       -0.047515
     C    5       -0.421579       -0.047515        0.414969

     H    6        0.297234       -0.100976        0.124763
     H    6       -0.100976       -0.326383       -0.529526
     H    6        0.124763       -0.529526        0.029149

     H    7        0.323494        0.238096       -0.111567
     H    7        0.238096       -0.506398        0.487997
     H    7       -0.111567        0.487997        0.182904

     C    8       -0.210165       -0.310271       -0.261244
     C    8       -0.310271       -0.128802        0.469988
     C    8       -0.261244        0.469988        0.338967

     H    9        0.045651        0.062225       -0.455772
     H    9        0.062225        0.224547       -0.235547
     H    9       -0.455772       -0.235547       -0.270198

     C   10       -0.111863       -0.407615       -0.243048
     C   10       -0.407615       -0.263882        0.536512
     C   10       -0.243048        0.536512        0.375745

     C   11       -0.091321        0.148533       -0.418099
     C   11        0.148533       -0.093280        0.523073
     C   11       -0.418099        0.523073        0.184601

     Cl  12       -0.001215       -0.272490       -0.087589
     Cl  12       -0.272490        0.011425        0.066507
     Cl  12       -0.087589        0.066507       -0.010209

     H   13        0.227416        0.083652        0.351486
     H   13        0.083652        0.079127       -0.416378
     H   13        0.351486       -0.416378       -0.306543

     C   14       -0.073020       -0.041407       -0.303159
     C   14       -0.041407       -0.166032       -0.280017
     C   14       -0.303159       -0.280017        0.239052

     H   15        0.084654       -0.113897       -0.400022
     H   15       -0.113897        0.498713       -0.116462
     H   15       -0.400022       -0.116462       -0.583367

     C   16       -0.322523        0.315280       -0.265504
     C   16        0.315280        0.060144       -0.043054
     C   16       -0.265504       -0.043054        0.262379

     C   17        0.031663       -0.093057       -0.276240
     C   17       -0.093057       -0.451564       -0.354245
     C   17       -0.276240       -0.354245        0.419901

     Cl  18       -0.169971        0.254784        0.001450
     Cl  18        0.254784        0.189306        0.030153
     Cl  18        0.001450        0.030153       -0.019335

     H   19        0.497622       -0.000233        0.001964
     H   19       -0.000233        0.111788        0.160973
     H   19        0.001964        0.160973       -0.609410

     C   20       -0.388440       -0.298275       -0.066280
     C   20       -0.298275        0.113266        0.301197
     C   20       -0.066280        0.301197        0.275173

     H   21        0.160759       -0.001537       -0.343729
     H   21       -0.001537        0.212383       -0.247606
     H   21       -0.343729       -0.247606       -0.373142

     C   22        0.227277       -0.076719       -0.040551
     C   22       -0.076719       -0.103068        0.176876
     C   22       -0.040551        0.176876       -0.124208

     C   23       -0.249141       -0.250598       -0.420437
     C   23       -0.250598        0.019175        0.340982
     C   23       -0.420437        0.340982        0.229966

     Cl  24        0.053236        0.269982        0.320842
     Cl  24        0.269982       -0.110863       -0.455406
     Cl  24        0.320842       -0.455406        0.057627

     ----- ionic term -----
     Cl   1        0.145229       -0.235116        0.020599
     Cl   1       -0.235116        0.004851       -0.002008
     Cl   1        0.020599       -0.002008       -0.150079

     C    2        0.149332       -0.264903        0.299560
     C    2       -0.264903       -0.003034        0.433856
     C    2        0.299560        0.433856       -0.146298

     C    3        0.141813       -0.277771        0.199241
     C    3       -0.277771        0.030753        0.412975
     C    3        0.199241        0.412975       -0.172566

     H    4        0.486941        0.255252        0.743657
     H    4        0.255252       -0.474374        0.256127
     H    4        0.743657        0.256127       -0.012567

     C    5        0.247361       -0.277293        0.262420
     C    5       -0.277293       -0.065150        0.302386
     C    5        0.262420        0.302386       -0.182212

     H    6       -0.499463       -0.115317       -0.067133
     H    6       -0.115317        0.495590        0.767364
     H    6       -0.067133        0.767364        0.003873

     H    7       -0.533823       -0.116014        0.078556
     H    7       -0.116014        0.572943       -0.723006
     H    7        0.078556       -0.723006       -0.039120

     C    8        0.076114        0.231749        0.339723
     C    8        0.231749        0.126551       -0.246983
     C    8        0.339723       -0.246983       -0.202665

     H    9        0.377869       -0.027047        0.804029
     H    9       -0.027047       -0.510638       -0.098312
     H    9        0.804029       -0.098312        0.132769

     C   10       -0.040123        0.296871        0.275924
     C   10        0.296871        0.206570       -0.340254
     C   10        0.275924       -0.340254       -0.166447

     C   11       -0.003394        0.241847        0.383628
     C   11        0.241847        0.096022       -0.356734
     C   11        0.383628       -0.356734       -0.092628

     Cl  12        0.075819        0.196784        0.026327
     Cl  12        0.196784        0.064683        0.016133
     Cl  12        0.026327        0.016133       -0.140502

     H   13       -0.511097       -0.094360       -0.027878
     H   13       -0.094360        0.546230        0.761351
     H   13       -0.027878        0.761351       -0.035132

     C   14        0.257796       -0.270083        0.304731
     C   14       -0.270083       -0.050873        0.295732
     C   14        0.304731        0.295732       -0.206922

     H   15        0.668556        0.224333        0.736139
     H   15        0.224333       -0.523294        0.200449
     H   15        0.736139        0.200449       -0.145262

     C   16        0.166927       -0.295229        0.197484
     C   16       -0.295229        0.028566        0.398271
     C   16        0.197484        0.398271       -0.195494

     C   17        0.122334       -0.208221        0.228936
     C   17       -0.208221       -0.041112        0.476438
     C   17        0.228936        0.476438       -0.081222

     Cl  18        0.146791       -0.174345       -0.018430
     Cl  18       -0.174345       -0.046377        0.010656
     Cl  18       -0.018430        0.010656       -0.100415

     H   19       -0.542576       -0.047600        0.045047
     H   19       -0.047600        0.341789       -0.784017
     H   19        0.045047       -0.784017        0.200787

     C   20        0.079407        0.275243        0.347583
     C   20        0.275243        0.007532       -0.260868
     C   20        0.347583       -0.260868       -0.086939

     H   21        0.391252       -0.174470        0.798007
     H   21       -0.174470       -0.452862       -0.229910
     H   21        0.798007       -0.229910        0.061610

     C   22       -0.042513        0.268513        0.253605
     C   22        0.268513        0.198477       -0.427458
     C   22        0.253605       -0.427458       -0.155963

     C   23       -0.023652        0.260872        0.364468
     C   23        0.260872        0.169683       -0.390723
     C   23        0.364468       -0.390723       -0.146030

     Cl  24        0.064554        0.238164        0.054029
     Cl  24        0.238164        0.090088        0.030447
     Cl  24        0.054029        0.030447       -0.154642

     ----- GIPAW term -----
     Cl   1        0.837565       -2.692677       -0.655223
     Cl   1       -2.692677       -0.261823        0.770303
     Cl   1       -0.655223        0.770303       -0.575742

     C    2       -0.077538       -0.105034       -0.176829
     C    2       -0.105034       -0.061996        0.086111
     C    2       -0.176829        0.086111        0.139534

     C    3       -0.089779       -0.074896       -0.055730
     C    3       -0.074896        0.165983       -0.025660
     C    3       -0.055730       -0.025660       -0.076204

     H    4       -0.000000        0.000000        0.000000
     H    4        0.000000        0.000000        0.000000
     H    4        0.000000        0.000000        0.000000

     C    5       -0.251033        0.058156       -0.045418
     C    5        0.058156        0.291359        0.124915
     C    5       -0.045418        0.124915       -0.040326

     H    6       -0.000000        0.000000        0.000000
     H    6        0.000000        0.000000        0.000000
     H    6        0.000000        0.000000        0.000000

     H    7       -0.000000        0.000000        0.000000
     H    7        0.000000        0.000000        0.000000
     H    7        0.000000        0.000000        0.000000

     C    8       -0.022955       -0.124665       -0.042679
     C    8       -0.124665        0.033219        0.126074
     C    8       -0.042679        0.126074       -0.010264

     H    9       -0.000000        0.000000        0.000000
     H    9        0.000000        0.000000        0.000000
     H    9        0.000000        0.000000        0.000000

     C   10       -0.022198       -0.111160       -0.092293
     C   10       -0.111160       -0.028284        0.126610
     C   10       -0.092293        0.126610        0.050482

     C   11        0.147192        0.160891       -0.023587
     C   11        0.160891       -0.051967        0.075032
     C   11       -0.023587        0.075032       -0.095224

     Cl  12        1.677651       -0.390189       -0.906160
     Cl  12       -0.390189        0.375605        0.769113
     Cl  12       -0.906160        0.769113       -2.053256

     H   13       -0.000000        0.000000        0.000000
     H   13        0.000000        0.000000        0.000000
     H   13        0.000000        0.000000        0.000000

     C   14       -0.010347       -0.038366       -0.153205
     C   14       -0.038366       -0.140743       -0.005691
     C   14       -0.153205       -0.005691        0.151090

     H   15       -0.000000        0.000000        0.000000
     H   15        0.000000        0.000000        0.000000
     H   15        0.000000        0.000000        0.000000

     C   16       -0.086800        0.004039       -0.111916
     C   16        0.004039       -0.051667        0.044680
     C   16       -0.111916        0.044680        0.138468

     C   17       -0.073086       -0.123181       -0.060201
     C   17       -0.123181       -0.081805        0.153765
     C   17       -0.060201        0.153765        0.154891

     Cl  18        0.092409       -0.253628        0.008913
     Cl  18       -0.253628        2.055887        0.370090
     Cl  18        0.008913        0.370090       -2.148296

     H   19       -0.000000        0.000000        0.000000
     H   19        0.000000        0.000000        0.000000
     H   19        0.000000        0.000000        0.000000

     C   20       -0.130851       -0.024097        0.008960
     C   20       -0.024097        0.036262        0.174717
     C   20        0.008960        0.174717        0.094589

     H   21       -0.000000        0.000000        0.000000
     H   21        0.000000        0.000000        0.000000
     H   21        0.000000        0.000000        0.000000

     C   22       -0.004053       -0.004045       -0.005228
     C   22       -0.004045        0.031182        0.029063
     C   22       -0.005228        0.029063       -0.027128

     C   23       -0.058274       -0.059523       -0.123450
     C   23       -0.059523        0.069174        0.173376
     C   23       -0.123450        0.173376       -0.010900

     Cl  24        0.075145        0.395984        0.016832
     Cl  24        0.395984        0.230832        0.179204
     Cl  24        0.016832        0.179204       -0.305977

     ----- total EFG -----
     Cl   1        0.944768       -3.026866       -0.694762
     Cl   1       -3.026866       -0.294166        0.849579
     Cl   1       -0.694762        0.849579       -0.650602

     C    2       -0.462035       -0.131753       -0.272776
     C    2       -0.131753       -0.087371        0.323863
     C    2       -0.272776        0.323863        0.549406

     C    3        0.022063       -0.305542       -0.106036
     C    3       -0.305542        0.044258       -0.193382
     C    3       -0.106036       -0.193382       -0.066321

     H    4        0.221278        0.286034        0.192621
     H    4        0.286034       -0.323595        0.264427
     H    4        0.192621        0.264427        0.102317

     C    5       -0.901432        0.159271       -0.204576
     C    5        0.159271        0.709001        0.379787
     C    5       -0.204576        0.379787        0.192431

     H    6       -0.202229       -0.216293        0.057630
     H    6       -0.216293        0.169207        0.237838
     H    6        0.057630        0.237838        0.033022

     H    7       -0.210329        0.122083       -0.033011
     H    7        0.122083        0.066545       -0.235009
     H    7       -0.033011       -0.235009        0.143783

     C    8       -0.157006       -0.203187        0.035800
     C    8       -0.203187        0.030967        0.349079
     C    8        0.035800        0.349079        0.126039

     H    9        0.423520        0.035179        0.348257
     H    9        0.035179       -0.286090       -0.333859
     H    9        0.348257       -0.333859       -0.137430

     C   10       -0.174185       -0.221904       -0.059417
     C   10       -0.221904       -0.085596        0.322867
     C   10       -0.059417        0.322867        0.259780

     C   11        0.052477        0.551270       -0.058057
     C   11        0.551270       -0.049225        0.241372
     C   11       -0.058057        0.241372       -0.003251

     Cl  12        1.752255       -0.465894       -0.967423
     Cl  12       -0.465894        0.451713        0.851753
     Cl  12       -0.967423        0.851753       -2.203968

     H   13       -0.283681       -0.010708        0.323608
     H   13       -0.010708        0.625357        0.344973
     H   13        0.323608        0.344973       -0.341676

     C   14        0.174428       -0.349856       -0.151633
     C   14       -0.349856       -0.357648        0.010024
     C   14       -0.151633        0.010024        0.183220

     H   15        0.753210        0.110436        0.336117
     H   15        0.110436       -0.024581        0.083987
     H   15        0.336117        0.083987       -0.728629

     C   16       -0.242396        0.024090       -0.179935
     C   16        0.024090        0.037043        0.399897
     C   16       -0.179935        0.399897        0.205353

     C   17        0.080911       -0.424459       -0.107505
     C   17       -0.424459       -0.574481        0.275958
     C   17       -0.107505        0.275958        0.493570

     Cl  18        0.069230       -0.173189       -0.008066
     Cl  18       -0.173189        2.198815        0.410899
     Cl  18       -0.008066        0.410899       -2.268045

     H   19       -0.044954       -0.047833        0.047010
     H   19       -0.047833        0.453577       -0.623043
     H   19        0.047010       -0.623043       -0.408623

     C   20       -0.439883       -0.047130        0.290263
     C   20       -0.047130        0.157060        0.215045
     C   20        0.290263        0.215045        0.282823

     H   21        0.552011       -0.176007        0.454278
     H   21       -0.176007       -0.240479       -0.477516
     H   21        0.454278       -0.477516       -0.311532

     C   22        0.180710        0.187749        0.207826
     C   22        0.187749        0.126590       -0.221520
     C   22        0.207826       -0.221520       -0.307300

     C   23       -0.331067       -0.049249       -0.179419
     C   23       -0.049249        0.258032        0.123635
     C   23       -0.179419        0.123635        0.073036

     Cl  24        0.192935        0.904130        0.391703
     Cl  24        0.904130        0.210057       -0.245756
     Cl  24        0.391703       -0.245756       -0.402992

     ----- total EFG (symmetrized) -----
     Cl   1        0.944768       -3.026866       -0.694762
     Cl   1       -3.026866       -0.294166        0.849579
     Cl   1       -0.694762        0.849579       -0.650602

     C    2       -0.462035       -0.131753       -0.272776
     C    2       -0.131753       -0.087371        0.323863
     C    2       -0.272776        0.323863        0.549406

     C    3        0.022063       -0.305542       -0.106036
     C    3       -0.305542        0.044258       -0.193382
     C    3       -0.106036       -0.193382       -0.066321

     H    4        0.221278        0.286034        0.192621
     H    4        0.286034       -0.323595        0.264427
     H    4        0.192621        0.264427        0.102317

     C    5       -0.901432        0.159271       -0.204576
     C    5        0.159271        0.709001        0.379787
     C    5       -0.204576        0.379787        0.192431

     H    6       -0.202229       -0.216293        0.057630
     H    6       -0.216293        0.169207        0.237838
     H    6        0.057630        0.237838        0.033022

     H    7       -0.210329        0.122083       -0.033011
     H    7        0.122083        0.066545       -0.235009
     H    7       -0.033011       -0.235009        0.143783

     C    8       -0.157006       -0.203187        0.035800
     C    8       -0.203187        0.030967        0.349079
     C    8        0.035800        0.349079        0.126039

     H    9        0.423520        0.035179        0.348257
     H    9        0.035179       -0.286090       -0.333859
     H    9        0.348257       -0.333859       -0.137430

     C   10       -0.174185       -0.221904       -0.059417
     C   10       -0.221904       -0.085596        0.322867
     C   10       -0.059417        0.322867        0.259780

     C   11        0.052477        0.551270       -0.058057
     C   11        0.551270       -0.049225        0.241372
     C   11       -0.058057        0.241372       -0.003251

     Cl  12        1.752255       -0.465894       -0.967423
     Cl  12       -0.465894        0.451713        0.851753
     Cl  12       -0.967423        0.851753       -2.203968

     H   13       -0.283681       -0.010708        0.323608
     H   13       -0.010708        0.625357        0.344973
     H   13        0.323608        0.344973       -0.341676

     C   14        0.174428       -0.349856       -0.151633
     C   14       -0.349856       -0.357648        0.010024
     C   14       -0.151633        0.010024        0.183220

     H   15        0.753210        0.110436        0.336117
     H   15        0.110436       -0.024581        0.083987
     H   15        0.336117        0.083987       -0.728629

     C   16       -0.242396        0.024090       -0.179935
     C   16        0.024090        0.037043        0.399897
     C   16       -0.179935        0.399897        0.205353

     C   17        0.080911       -0.424459       -0.107505
     C   17       -0.424459       -0.574481        0.275958
     C   17       -0.107505        0.275958        0.493570

     Cl  18        0.069230       -0.173189       -0.008066
     Cl  18       -0.173189        2.198815        0.410899
     Cl  18       -0.008066        0.410899       -2.268045

     H   19       -0.044954       -0.047833        0.047010
     H   19       -0.047833        0.453577       -0.623043
     H   19        0.047010       -0.623043       -0.408623

     C   20       -0.439883       -0.047130        0.290263
     C   20       -0.047130        0.157060        0.215045
     C   20        0.290263        0.215045        0.282823

     H   21        0.552011       -0.176007        0.454278
     H   21       -0.176007       -0.240479       -0.477516
     H   21        0.454278       -0.477516       -0.311532

     C   22        0.180710        0.187749        0.207826
     C   22        0.187749        0.126590       -0.221520
     C   22        0.207826       -0.221520       -0.307300

     C   23       -0.331067       -0.049249       -0.179419
     C   23       -0.049249        0.258032        0.123635
     C   23       -0.179419        0.123635        0.073036

     Cl  24        0.192935        0.904130        0.391703
     Cl  24        0.904130        0.210057       -0.245756
     Cl  24        0.391703       -0.245756       -0.402992


     NQR/NMR SPECTROSCOPIC PARAMETERS:
     Cl   1    Vxx=   -0.8934    axis=(  0.257769 -0.064736  0.964036)
     Cl   1    Vyy=   -2.7889    axis=( -0.613231 -0.782001  0.111456)
     Cl   1    Vzz=    3.6823    axis=(  0.746662 -0.619906 -0.241274)
     Cl   1  Q=        -8.1650 1e-30 m^2  Cq=       -70.6428 MHz  eta= 0.51475

     C    2    Vxx=   -0.2224    axis=( -0.047075  0.915038 -0.400612)
     C    2    Vyy=   -0.5377    axis=(  0.969551  0.138346  0.202067)
     C    2    Vzz=    0.7601    axis=( -0.240322  0.378901  0.893689)
     C    2  Q=         1.0000 1e-30 m^2  Cq=         1.7859 MHz  eta= 0.41483

     C    3    Vxx=    0.0542    axis=( -0.514759 -0.232216  0.825287)
     C    3    Vyy=    0.3513    axis=( -0.635616  0.749362 -0.185603)
     C    3    Vzz=   -0.4055    axis=( -0.575339 -0.620107 -0.533341)
     C    3  Q=         1.0000 1e-30 m^2  Cq=        -0.9529 MHz  eta= 0.73256

     H    4    Vxx=   -0.0370    axis=( -0.641657  0.064740  0.764254)
     H    4    Vyy=   -0.5010    axis=( -0.277454  0.909359 -0.309978)
     H    4    Vzz=    0.5380    axis=( -0.715049 -0.410944 -0.565535)
     H    4  Q=         1.0000 1e-30 m^2  Cq=         1.2641 MHz  eta= 0.86244

     C    5    Vxx=    0.0591    axis=( -0.256265 -0.440121  0.860594)
     C    5    Vyy=    0.9112    axis=( -0.025869 -0.886883 -0.461269)
     C    5    Vzz=   -0.9703    axis=(  0.966260 -0.140470  0.215892)
     C    5  Q=         1.0000 1e-30 m^2  Cq=        -2.2798 MHz  eta= 0.87814

     H    6    Vxx=   -0.0160    axis=( -0.579852  0.297004 -0.758657)
     H    6    Vyy=   -0.3685    axis=( -0.774806 -0.488920  0.400790)
     H    6    Vzz=    0.3846    axis=( -0.251886  0.820211  0.513622)
     H    6  Q=         1.0000 1e-30 m^2  Cq=         0.9036 MHz  eta= 0.91658

     H    7    Vxx=   -0.0960    axis=(  0.455692  0.603581  0.654244)
     H    7    Vyy=   -0.2666    axis=( -0.871327  0.452765  0.189191)
     H    7    Vzz=    0.3626    axis=( -0.182027 -0.656273  0.732237)
     H    7  Q=         1.0000 1e-30 m^2  Cq=         0.8520 MHz  eta= 0.47041

     C    8    Vxx=   -0.0448    axis=(  0.779719 -0.337879  0.527140)
     C    8    Vyy=   -0.4062    axis=( -0.598069 -0.651119  0.467288)
     C    8    Vzz=    0.4509    axis=( -0.185345  0.679619  0.709764)
     C    8  Q=         1.0000 1e-30 m^2  Cq=         1.0595 MHz  eta= 0.80150

     H    9    Vxx=    0.0103    axis=(  0.425490  0.698506 -0.575367)
     H    9    Vyy=    0.6063    axis=(  0.870458 -0.142006  0.471315)
     H    9    Vzz=   -0.6167    axis=( -0.247511  0.701373  0.668442)
     H    9  Q=         1.0000 1e-30 m^2  Cq=        -1.4490 MHz  eta= 0.96646

     C   10    Vxx=   -0.0896    axis=(  0.744583 -0.422328  0.516947)
     C   10    Vyy=   -0.4064    axis=( -0.618797 -0.727151  0.297224)
     C   10    Vzz=    0.4960    axis=( -0.250373  0.541193  0.802760)
     C   10  Q=         1.0000 1e-30 m^2  Cq=         1.1654 MHz  eta= 0.63881

     C   11    Vxx=    0.0474    axis=( -0.384278  0.100189  0.917765)
     C   11    Vyy=    0.5816    axis=(  0.693120  0.687976  0.215113)
     C   11    Vzz=   -0.6290    axis=( -0.609848  0.718784 -0.333817)
     C   11  Q=         1.0000 1e-30 m^2  Cq=        -1.4780 MHz  eta= 0.84927

     Cl  12    Vxx=    0.3779    axis=(  0.407533  0.901645  0.144750)
     Cl  12    Vyy=    2.2271    axis=( -0.893982  0.361578  0.264683)
     Cl  12    Vzz=   -2.6050    axis=(  0.186312 -0.237271  0.953410)
     Cl  12  Q=        -8.1650 1e-30 m^2  Cq=        49.9754 MHz  eta= 0.70988

     H   13    Vxx=   -0.0515    axis=(  0.786401 -0.270584  0.555301)
     H   13    Vyy=   -0.6926    axis=(  0.610672  0.205160 -0.764846)
     H   13    Vzz=    0.7441    axis=(  0.093029  0.940582  0.326576)
     H   13  Q=         1.0000 1e-30 m^2  Cq=         1.7483 MHz  eta= 0.86161

     C   14    Vxx=    0.1069    axis=(  0.414297 -0.293428  0.861544)
     C   14    Vyy=    0.4291    axis=( -0.788522  0.357012  0.500775)
     C   14    Vzz=   -0.5360    axis=( -0.454523 -0.886816 -0.083465)
     C   14  Q=         1.0000 1e-30 m^2  Cq=        -1.2594 MHz  eta= 0.60118

     H   15    Vxx=   -0.0383    axis=(  0.156324 -0.986728 -0.043937)
     H   15    Vyy=   -0.8058    axis=(  0.205006  0.075929 -0.975811)
     H   15    Vzz=    0.8441    axis=(  0.966196  0.143535  0.214154)
     H   15  Q=         1.0000 1e-30 m^2  Cq=         1.9833 MHz  eta= 0.90917

     C   16    Vxx=   -0.1439    axis=(  0.729199  0.605889 -0.318067)
     C   16    Vyy=   -0.4061    axis=( -0.665498  0.519691 -0.535755)
     C   16    Vzz=    0.5500    axis=( -0.159311  0.602345  0.782176)
     C   16  Q=         1.0000 1e-30 m^2  Cq=         1.2922 MHz  eta= 0.47671

     C   17    Vxx=    0.1621    axis=(  0.817632 -0.283392  0.501165)
     C   17    Vyy=    0.6526    axis=( -0.406602  0.332059  0.851124)
     C   17    Vzz=   -0.8147    axis=( -0.407619 -0.899681  0.156274)
     C   17  Q=         1.0000 1e-30 m^2  Cq=        -1.9143 MHz  eta= 0.60199

     Cl  18    Vxx=    0.0555    axis=(  0.996856  0.078551  0.010430)
     Cl  18    Vyy=    2.2501    axis=( -0.079173  0.992751  0.090427)
     Cl  18    Vzz=   -2.3056    axis=( -0.003252 -0.090969  0.995848)
     Cl  18  Q=        -8.1650 1e-30 m^2  Cq=        44.2309 MHz  eta= 0.95186

     H   19    Vxx=   -0.0494    axis=(  0.996622  0.081419 -0.010789)
     H   19    Vyy=   -0.7357    axis=( -0.028232  0.462977  0.885921)
     H   19    Vzz=    0.7851    axis=(  0.077126 -0.882623  0.463711)
     H   19  Q=         1.0000 1e-30 m^2  Cq=         1.8446 MHz  eta= 0.87423

     C   20    Vxx=    0.0684    axis=(  0.318824 -0.849525  0.420308)
     C   20    Vyy=    0.4934    axis=( -0.234020 -0.500276 -0.833641)
     C   20    Vzz=   -0.5617    axis=(  0.918469  0.167425 -0.358306)
     C   20  Q=         1.0000 1e-30 m^2  Cq=        -1.3198 MHz  eta= 0.75663

     H   21    Vxx=   -0.0741    axis=(  0.527054  0.723254 -0.446226)
     H   21    Vyy=   -0.7942    axis=( -0.181113  0.608607  0.772525)
     H   21    Vzz=    0.8684    axis=(  0.830308 -0.326345  0.451760)
     H   21  Q=         1.0000 1e-30 m^2  Cq=         2.0403 MHz  eta= 0.82927

     C   22    Vxx=    0.1605    axis=( -0.522120  0.657467 -0.543257)
     C   22    Vyy=    0.3437    axis=( -0.770753 -0.636451 -0.029487)
     C   22    Vzz=   -0.5042    axis=( -0.365143  0.403321  0.839049)
     C   22  Q=         1.0000 1e-30 m^2  Cq=        -1.1847 MHz  eta= 0.36326

     C   23    Vxx=    0.0543    axis=( -0.294946 -0.546806  0.783588)
     C   23    Vyy=    0.3449    axis=(  0.196438 -0.837252 -0.510315)
     C   23    Vzz=   -0.3992    axis=( -0.935104 -0.003411 -0.354358)
     C   23  Q=         1.0000 1e-30 m^2  Cq=        -0.9381 MHz  eta= 0.72801

     Cl  24    Vxx=   -0.0830    axis=(  0.368966 -0.462006  0.806483)
     Cl  24    Vyy=   -1.0299    axis=( -0.594436  0.549741  0.586882)
     Cl  24    Vzz=    1.1129    axis=( -0.714500 -0.695942 -0.071797)
     Cl  24  Q=        -8.1650 1e-30 m^2  Cq=       -21.3512 MHz  eta= 0.85084

     Initialization:
     gipaw_setup  :      9.07s CPU     10.73s WALL (       1 calls)

     Linear response

     Apply operators

     Induced current

     Other routines
     efg          :      9.04s CPU     11.21s WALL (       1 calls)

     General routines
     calbec       :      3.17s CPU      3.77s WALL (      16 calls)
     fft          :      1.66s CPU      2.59s WALL (      15 calls)
     ffts         :      0.04s CPU      0.05s WALL (       2 calls)
     fftw         :      3.10s CPU      3.89s WALL (     672 calls)
     davcio       :      0.02s CPU      0.34s WALL (      32 calls)

     Parallel routines
     fft_scatter  :      2.17s CPU      3.64s WALL (     689 calls)

     Plugins

     GIPAW        :     60.11s CPU     70.49s WALL (       1 calls)
