
     Program QE v.6.0 (svn rev. 13079) starts on 24Jan2017 at 11:22:39 

     This program is part of the open-source Quantum ESPRESSO suite
     for quantum simulation of materials; please cite
         "P. Giannozzi et al., J. Phys.:Condens. Matter 21 395502 (2009);
          URL http://www.quantum-espresso.org", 
     in publications or presentations arising from this work. More details at
     http://www.quantum-espresso.org/quote

     Parallel version (MPI), running on     8 processors
     R & G space division:  proc/nbgrp/npool/nimage =       8

     ***** This is GIPAW svn revision unknown      *****

     Parallelizing q-star over 1 images

     Reading data from directory:
     /users/majewski/paradichlorobenzene/pbe/9_constraint/scratch/pbe.ecut100.np8.dt60.pcl2phi-129368.save
     Message from routine read_xml_file:
     file /users/majewski/paradichlorobenzene/pbe/9_constraint/scratch/pbe.ecut100.np8.dt60.pcl2phi-129368.save not guaranteed to be safe for post-processing

   Info: using nr1, nr2, nr3 values from input

   Info: using nr1, nr2, nr3 values from input

     IMPORTANT: XC functional enforced from input :
     Exchange-correlation      =  SLA  PW   PBX  PBC ( 1  4  3  4 0 0)
     Any further DFT definition will be discarded
     Please, verify this is what you really want

               file C.pbe-n-kjpaw_psl.1.0.0.UPF: wavefunction(s)  2S 2P renormalized
               file Cl.pbe-n-kjpaw_psl.1.0.0.UPF: wavefunction(s)  3S 3P renormalized
               file H.pbe-kjpaw_psl.1.0.0.UPF: wavefunction(s)  1S renormalized

     Parallelization info
     --------------------
     sticks:   dense  smooth     PW     G-vecs:    dense   smooth      PW
     Min        3057    1223    332               144436    36536    5170
     Max        3059    1225    333               144437    36537    5171
     Sum       24467    9791   2657              1155489   292295   41363


     Subspace diagonalization in iterative solution of the eigenvalue problem:
     a serial algorithm will be used

     GIPAW projectors -----------------------------------------------
     atom=  C    l=0  rc=    1.2000  rs=    0.8000
     atom=  C    l=0  rc=    1.2000  rs=    0.8000
     atom=  C    l=1  rc=    1.4000  rs=    0.9333
     atom=  C    l=1  rc=    1.4000  rs=    0.9333
     projs nearly linearly dependent: l=1  n1,n2= 1, 2  s=  0.99951561

     atom=  Cl   l=0  rc=    1.6000  rs=    1.0667
     atom=  Cl   l=0  rc=    1.6000  rs=    1.0667
     atom=  Cl   l=1  rc=    1.6000  rs=    1.0667
     atom=  Cl   l=1  rc=    1.6000  rs=    1.0667
     atom=  Cl   l=2  rc=    1.6000  rs=    1.0667
     atom=  Cl   l=2  rc=    1.6000  rs=    1.0667
     projs nearly linearly dependent: l=2  n1,n2= 1, 2  s=  0.99993509

     atom=  H    l=0  rc=    1.0000  rs=    0.6667
     atom=  H    l=0  rc=    1.0000  rs=    0.6667
     projs nearly linearly dependent: l=0  n1,n2= 1, 2  s=  0.99968852
     -----------------------------------------------------------------

     GIPAW integrals: -------------------------------------------
     Atom  i/j   nmr_para   nmr_dia   epr_rmc  epr_para   epr_dia
       C   1 1   0.83E+03  0.17E-01  0.93E+01  0.24E+08  0.24E+03
       C   2 1   0.86E+03 -0.61E-01  0.94E+01  0.25E+08  0.25E+03
       C   2 2   0.90E+03 -0.15E+00  0.97E+01  0.26E+08  0.26E+03
       C   3 3   0.33E+01  0.34E+00  0.18E+01  0.55E+03  0.21E+02
       C   4 3   0.35E+01  0.37E+00  0.20E+01  0.59E+03  0.22E+02
       C   4 4   0.38E+01  0.39E+00  0.22E+01  0.63E+03  0.24E+02
       Cl  1 1   0.14E+04 -0.47E+00  0.84E+01  0.32E+09  0.42E+03
       Cl  2 1   0.21E+04 -0.37E+00  0.12E+02  0.49E+09  0.65E+03
       Cl  2 2   0.33E+04 -0.16E+00  0.21E+02  0.76E+09  0.10E+04
       Cl  3 3   0.21E+02  0.79E-01  0.89E+01  0.23E+05  0.13E+03
       Cl  4 3   0.24E+02  0.67E-01  0.99E+01  0.27E+05  0.15E+03
       Cl  4 4   0.28E+02  0.44E-01  0.11E+02  0.32E+05  0.18E+03
       Cl  5 5   0.77E+00  0.19E+00  0.18E+01  0.12E+03  0.22E+02
       Cl  6 5   0.80E+00  0.19E+00  0.19E+01  0.12E+03  0.23E+02
       Cl  6 6   0.83E+00  0.20E+00  0.19E+01  0.12E+03  0.23E+02
       H   1 1   0.39E+02  0.19E+00  0.29E+00  0.78E+05  0.13E+02
       H   2 1   0.41E+02  0.21E+00  0.32E+00  0.82E+05  0.14E+02
       H   2 2   0.43E+02  0.22E+00  0.36E+00  0.86E+05  0.15E+02
     ------------------------------------------------------------

     alpha_pv=     34.2958 eV

     Number of occupied bands for each k-point:
     k-point:     1    nbnd_occ=  42
     k-point:     2    nbnd_occ=  42
     k-point:     3    nbnd_occ=  42
     k-point:     4    nbnd_occ=  42
     k-point:     5    nbnd_occ=  42
     k-point:     6    nbnd_occ=  42
     k-point:     7    nbnd_occ=  42
     k-point:     8    nbnd_occ=  42
     k-point:     9    nbnd_occ=  42
     k-point:    10    nbnd_occ=  42
     k-point:    11    nbnd_occ=  42
     k-point:    12    nbnd_occ=  42
     k-point:    13    nbnd_occ=  42
     k-point:    14    nbnd_occ=  42
     k-point:    15    nbnd_occ=  42
     k-point:    16    nbnd_occ=  42


     q-space interpolation up to   110.00 Rydberg

     GIPAW job: efg                                                                             


     ELECTRIC FIELD GRADIENTS TENSORS IN Hartree/bohrradius^2:

     ----- bare term -----
     Cl   1       -0.199932        0.136797        0.049692
     Cl   1        0.136797       -0.002472       -0.147924
     Cl   1        0.049692       -0.147924        0.202404

     C    2       -0.039049       -0.058873       -0.269351
     C    2       -0.058873        0.061271       -0.699204
     C    2       -0.269351       -0.699204       -0.022222

     C    3       -0.637094        0.361839       -0.266282
     C    3        0.361839        0.263138       -0.253263
     C    3       -0.266282       -0.253263        0.373957

     H    4       -0.252569       -0.340303       -0.455179
     H    4       -0.340303        0.092127       -0.315388
     H    4       -0.455179       -0.315388        0.160442

     C    5       -0.154124        0.093526       -0.241849
     C    5        0.093526       -0.091521       -0.368633
     C    5       -0.241849       -0.368633        0.245645

     H    6        0.456454       -0.000004        0.034221
     H    6       -0.000004       -0.296534       -0.649948
     H    6        0.034221       -0.649948       -0.159919

     H    7        0.462643        0.046792       -0.101072
     H    7        0.046792       -0.583669        0.331915
     H    7       -0.101072        0.331915        0.121027

     C    8       -0.737157       -0.320477       -0.425178
     C    8       -0.320477        0.232877        0.088593
     C    8       -0.425178        0.088593        0.504280

     H    9       -0.544040        0.347526       -0.082823
     H    9        0.347526        0.359813        0.070606
     H    9       -0.082823        0.070606        0.184227

     C   10       -0.006673        0.020918       -0.321138
     C   10        0.020918       -0.347829        0.467265
     C   10       -0.321138        0.467265        0.354501

     C   11       -0.492324       -0.305624       -0.367558
     C   11       -0.305624        0.195237        0.364039
     C   11       -0.367558        0.364039        0.297087

     Cl  12       -0.022509        0.021147       -0.031316
     Cl  12        0.021147        0.141842        0.016751
     Cl  12       -0.031316        0.016751       -0.119333

     H   13        0.539167        0.006898        0.026904
     H   13        0.006898        0.005299       -0.163442
     H   13        0.026904       -0.163442       -0.544466

     C   14       -0.524893        0.292027       -0.064699
     C   14        0.292027        0.253925       -0.069796
     C   14       -0.064699       -0.069796        0.270968

     H   15       -0.081170        0.120226       -0.532880
     H   15        0.120226        0.003161        0.149349
     H   15       -0.532880        0.149349        0.078009

     C   16        0.091522        0.076809       -0.182184
     C   16        0.076809       -0.050947       -0.621417
     C   16       -0.182184       -0.621417       -0.040575

     C   17       -0.726515        0.415830       -0.382134
     C   17        0.415830        0.374694       -0.065526
     C   17       -0.382134       -0.065526        0.351821

     Cl  18       -0.067377       -0.002902        0.044347
     Cl  18       -0.002902       -0.045305        0.079539
     Cl  18        0.044347        0.079539        0.112681

     H   19        0.422981        0.256550        0.043222
     H   19        0.256550       -0.748679       -0.087899
     H   19        0.043222       -0.087899        0.325698

     C   20       -0.153227        0.043363       -0.256226
     C   20        0.043363        0.025443        0.480859
     C   20       -0.256226        0.480859        0.127784

     H   21       -0.276478        0.470256       -0.305223
     H   21        0.470256       -0.071933        0.106837
     H   21       -0.305223        0.106837        0.348411

     C   22       -0.507658       -0.353685       -0.198536
     C   22       -0.353685        0.136241        0.395342
     C   22       -0.198536        0.395342        0.371418

     C   23       -0.059256        0.121288       -0.306007
     C   23        0.121288        0.069218        0.721415
     C   23       -0.306007        0.721415       -0.009962

     Cl  24       -0.219958       -0.280539       -0.012585
     Cl  24       -0.280539        0.205483        0.021128
     Cl  24       -0.012585        0.021128        0.014475

     ----- ionic term -----
     Cl   1        0.085611       -0.193305        0.001474
     Cl   1       -0.193305        0.055116        0.009150
     Cl   1        0.001474        0.009150       -0.140727

     C    2        0.110703       -0.222660        0.253320
     C    2       -0.222660        0.069943        0.414264
     C    2        0.253320        0.414264       -0.180646

     C    3        0.151906       -0.266693        0.156600
     C    3       -0.266693        0.071925        0.434780
     C    3        0.156600        0.434780       -0.223830

     H    4        0.591585        0.231400        0.713944
     H    4        0.231400       -0.500586        0.219560
     H    4        0.713944        0.219560       -0.090999

     C    5        0.317376       -0.212935        0.245183
     C    5       -0.212935       -0.060666        0.349314
     C    5        0.245183        0.349314       -0.256711

     H    6       -0.520182        0.033017        0.033418
     H    6        0.033017        0.460746        0.807951
     H    6        0.033418        0.807951        0.059437

     H    7       -0.513452       -0.024515        0.004621
     H    7       -0.024515        0.891516       -0.518150
     H    7        0.004621       -0.518150       -0.378063

     C    8        0.345306        0.103055        0.195688
     C    8        0.103055        0.138048       -0.275736
     C    8        0.195688       -0.275736       -0.483354

     H    9        0.609286       -0.516009        0.519106
     H    9       -0.516009       -0.233197       -0.282691
     H    9        0.519106       -0.282691       -0.376089

     C   10        0.155017        0.113931        0.149300
     C   10        0.113931        0.317634       -0.364728
     C   10        0.149300       -0.364728       -0.472651

     C   11        0.233760        0.089140        0.249178
     C   11        0.089140        0.241464       -0.373540
     C   11        0.249178       -0.373540       -0.475224

     Cl  12        0.163269        0.224809        0.006852
     Cl  12        0.224809        0.000363       -0.005048
     Cl  12        0.006852       -0.005048       -0.163632

     H   13       -0.530063        0.011768        0.034512
     H   13        0.011768        0.506091        0.790164
     H   13        0.034512        0.790164        0.023972

     C   14        0.269793       -0.267231        0.188473
     C   14       -0.267231       -0.043086        0.341370
     C   14        0.188473        0.341370       -0.226707

     H   15        0.538798        0.268685        0.700173
     H   15        0.268685       -0.461113        0.247396
     H   15        0.700173        0.247396       -0.077686

     C   16        0.159143       -0.249225        0.124399
     C   16       -0.249225        0.047254        0.449803
     C   16        0.124399        0.449803       -0.206397

     C   17        0.255232       -0.179939        0.228761
     C   17       -0.179939       -0.054302        0.457155
     C   17        0.228761        0.457155       -0.200931

     Cl  18        0.159977       -0.229597       -0.042529
     Cl  18       -0.229597       -0.026360        0.026305
     Cl  18       -0.042529        0.026305       -0.133617

     H   19       -0.491424       -0.206399        0.097203
     H   19       -0.206399        0.812252       -0.557401
     H   19        0.097203       -0.557401       -0.320828

     C   20        0.289843        0.058853        0.266205
     C   20        0.058853        0.130345       -0.275674
     C   20        0.266205       -0.275674       -0.420188

     H   21        0.564188       -0.290897        0.694578
     H   21       -0.290897       -0.423708       -0.263013
     H   21        0.694578       -0.263013       -0.140479

     C   22        0.106125        0.160383        0.220758
     C   22        0.160383        0.230200       -0.406627
     C   22        0.220758       -0.406627       -0.336325

     C   23        0.259425        0.031059        0.256498
     C   23        0.031059        0.161153       -0.420008
     C   23        0.256498       -0.420008       -0.420578

     Cl  24        0.152768        0.186803        0.022475
     Cl  24        0.186803        0.001484        0.002136
     Cl  24        0.022475        0.002136       -0.154253

     ----- GIPAW term -----
     Cl   1        0.092592       -1.795472        0.376367
     Cl   1       -1.795472        0.094766       -1.294000
     Cl   1        0.376367       -1.294000       -0.187358

     C    2       -0.064726       -0.043942       -0.049781
     C    2       -0.043942        0.204654       -0.192591
     C    2       -0.049781       -0.192591       -0.139928

     C    3       -0.230747        0.033276       -0.055341
     C    3        0.033276        0.284589       -0.014270
     C    3       -0.055341       -0.014270       -0.053842

     H    4       -0.000000        0.000000        0.000000
     H    4        0.000000        0.000000        0.000000
     H    4        0.000000        0.000000        0.000000

     C    5       -0.108578        0.008888       -0.024842
     C    5        0.008888        0.140472        0.062695
     C    5       -0.024842        0.062695       -0.031894

     H    6       -0.000000        0.000000        0.000000
     H    6        0.000000        0.000000        0.000000
     H    6        0.000000        0.000000        0.000000

     H    7       -0.000000        0.000000        0.000000
     H    7        0.000000        0.000000        0.000000
     H    7        0.000000        0.000000        0.000000

     C    8       -0.185640        0.000849       -0.091181
     C    8        0.000849        0.128885       -0.116863
     C    8       -0.091181       -0.116863        0.056755

     H    9       -0.000000        0.000000        0.000000
     H    9        0.000000        0.000000        0.000000
     H    9        0.000000        0.000000        0.000000

     C   10       -0.054074        0.116370       -0.137904
     C   10        0.116370       -0.008076       -0.077277
     C   10       -0.137904       -0.077277        0.062150

     C   11       -0.119058        0.035743       -0.059510
     C   11        0.035743        0.228538        0.109621
     C   11       -0.059510        0.109621       -0.109480

     Cl  12        0.896284        2.092151       -0.199319
     Cl  12        2.092151        1.420502        0.191091
     Cl  12       -0.199319        0.191091       -2.316786

     H   13       -0.000000        0.000000        0.000000
     H   13        0.000000        0.000000        0.000000
     H   13        0.000000        0.000000        0.000000

     C   14       -0.100929       -0.011599        0.022252
     C   14       -0.011599        0.114431       -0.056848
     C   14        0.022252       -0.056848       -0.013502

     H   15       -0.000000        0.000000        0.000000
     H   15        0.000000        0.000000        0.000000
     H   15        0.000000        0.000000        0.000000

     C   16       -0.103702       -0.017011       -0.017746
     C   16       -0.017011        0.253351       -0.087711
     C   16       -0.017746       -0.087711       -0.149649

     C   17       -0.172685        0.040969       -0.027991
     C   17        0.040969        0.276499        0.121159
     C   17       -0.027991        0.121159       -0.103814

     Cl  18       -0.458193       -1.648206        0.155718
     Cl  18       -1.648206       -0.569477        1.788728
     Cl  18        0.155718        1.788728        1.027670

     H   19       -0.000000        0.000000        0.000000
     H   19        0.000000        0.000000        0.000000
     H   19        0.000000        0.000000        0.000000

     C   20       -0.101602        0.014718       -0.021705
     C   20        0.014718        0.184053        0.196170
     C   20       -0.021705        0.196170       -0.082451

     H   21       -0.000000        0.000000        0.000000
     H   21        0.000000        0.000000        0.000000
     H   21        0.000000        0.000000        0.000000

     C   22       -0.194096       -0.094055       -0.066527
     C   22       -0.094055        0.194778        0.181719
     C   22       -0.066527        0.181719       -0.000682

     C   23       -0.064120        0.098487       -0.045560
     C   23        0.098487        0.229212        0.181951
     C   23       -0.045560        0.181951       -0.165092

     Cl  24       -0.392946        0.101305       -0.165074
     Cl  24        0.101305        2.539221        0.161681
     Cl  24       -0.165074        0.161681       -2.146275

     ----- total EFG -----
     Cl   1       -0.021729       -1.851979        0.427533
     Cl   1       -1.851979        0.147410       -1.432775
     Cl   1        0.427533       -1.432775       -0.125681

     C    2        0.006928       -0.325475       -0.065812
     C    2       -0.325475        0.335867       -0.477531
     C    2       -0.065812       -0.477531       -0.342795

     C    3       -0.715936        0.128422       -0.165023
     C    3        0.128422        0.619651        0.167247
     C    3       -0.165023        0.167247        0.096284

     H    4        0.339017       -0.108903        0.258766
     H    4       -0.108903       -0.408459       -0.095828
     H    4        0.258766       -0.095828        0.069443

     C    5        0.054675       -0.110521       -0.021508
     C    5       -0.110521       -0.011714        0.043377
     C    5       -0.021508        0.043377       -0.042960

     H    6       -0.063729        0.033013        0.067639
     H    6        0.033013        0.164211        0.158004
     H    6        0.067639        0.158004       -0.100482

     H    7       -0.050809        0.022277       -0.096450
     H    7        0.022277        0.307846       -0.186235
     H    7       -0.096450       -0.186235       -0.257037

     C    8       -0.577491       -0.216573       -0.320671
     C    8       -0.216573        0.499809       -0.304005
     C    8       -0.320671       -0.304005        0.077682

     H    9        0.065246       -0.168484        0.436283
     H    9       -0.168484        0.126616       -0.212085
     H    9        0.436283       -0.212085       -0.191862

     C   10        0.094269        0.251219       -0.309743
     C   10        0.251219       -0.038270        0.025260
     C   10       -0.309743        0.025260       -0.056000

     C   11       -0.377622       -0.180741       -0.177890
     C   11       -0.180741        0.665239        0.100120
     C   11       -0.177890        0.100120       -0.287617

     Cl  12        1.037044        2.338107       -0.223783
     Cl  12        2.338107        1.562707        0.202794
     Cl  12       -0.223783        0.202794       -2.599751

     H   13        0.009104        0.018666        0.061415
     H   13        0.018666        0.511390        0.626722
     H   13        0.061415        0.626722       -0.520494

     C   14       -0.356030        0.013196        0.146026
     C   14        0.013196        0.325271        0.214725
     C   14        0.146026        0.214725        0.030759

     H   15        0.457629        0.388911        0.167294
     H   15        0.388911       -0.457952        0.396746
     H   15        0.167294        0.396746        0.000323

     C   16        0.146963       -0.189427       -0.075531
     C   16       -0.189427        0.249659       -0.259325
     C   16       -0.075531       -0.259325       -0.396622

     C   17       -0.643967        0.276859       -0.181364
     C   17        0.276859        0.596891        0.512787
     C   17       -0.181364        0.512787        0.047076

     Cl  18       -0.365593       -1.880705        0.157536
     Cl  18       -1.880705       -0.641141        1.894572
     Cl  18        0.157536        1.894572        1.006734

     H   19       -0.068442        0.050151        0.140426
     H   19        0.050151        0.063573       -0.645299
     H   19        0.140426       -0.645299        0.004870

     C   20        0.035014        0.116934       -0.011726
     C   20        0.116934        0.339841        0.401355
     C   20       -0.011726        0.401355       -0.374855

     H   21        0.287709        0.179360        0.389355
     H   21        0.179360       -0.495641       -0.156177
     H   21        0.389355       -0.156177        0.207932

     C   22       -0.595630       -0.287357       -0.044305
     C   22       -0.287357        0.561219        0.170434
     C   22       -0.044305        0.170434        0.034411

     C   23        0.136049        0.250834       -0.095068
     C   23        0.250834        0.459582        0.483358
     C   23       -0.095068        0.483358       -0.595631

     Cl  24       -0.460136        0.007569       -0.155184
     Cl  24        0.007569        2.746188        0.184945
     Cl  24       -0.155184        0.184945       -2.286052

     ----- total EFG (symmetrized) -----
     Cl   1       -0.021729       -1.851979        0.427533
     Cl   1       -1.851979        0.147410       -1.432775
     Cl   1        0.427533       -1.432775       -0.125681

     C    2        0.006928       -0.325475       -0.065812
     C    2       -0.325475        0.335867       -0.477531
     C    2       -0.065812       -0.477531       -0.342795

     C    3       -0.715936        0.128422       -0.165023
     C    3        0.128422        0.619651        0.167247
     C    3       -0.165023        0.167247        0.096284

     H    4        0.339017       -0.108903        0.258766
     H    4       -0.108903       -0.408459       -0.095828
     H    4        0.258766       -0.095828        0.069443

     C    5        0.054675       -0.110521       -0.021508
     C    5       -0.110521       -0.011714        0.043377
     C    5       -0.021508        0.043377       -0.042960

     H    6       -0.063729        0.033013        0.067639
     H    6        0.033013        0.164211        0.158004
     H    6        0.067639        0.158004       -0.100482

     H    7       -0.050809        0.022277       -0.096450
     H    7        0.022277        0.307846       -0.186235
     H    7       -0.096450       -0.186235       -0.257037

     C    8       -0.577491       -0.216573       -0.320671
     C    8       -0.216573        0.499809       -0.304005
     C    8       -0.320671       -0.304005        0.077682

     H    9        0.065246       -0.168484        0.436283
     H    9       -0.168484        0.126616       -0.212085
     H    9        0.436283       -0.212085       -0.191862

     C   10        0.094269        0.251219       -0.309743
     C   10        0.251219       -0.038270        0.025260
     C   10       -0.309743        0.025260       -0.056000

     C   11       -0.377622       -0.180741       -0.177890
     C   11       -0.180741        0.665239        0.100120
     C   11       -0.177890        0.100120       -0.287617

     Cl  12        1.037044        2.338107       -0.223783
     Cl  12        2.338107        1.562707        0.202794
     Cl  12       -0.223783        0.202794       -2.599751

     H   13        0.009104        0.018666        0.061415
     H   13        0.018666        0.511390        0.626722
     H   13        0.061415        0.626722       -0.520494

     C   14       -0.356030        0.013196        0.146026
     C   14        0.013196        0.325271        0.214725
     C   14        0.146026        0.214725        0.030759

     H   15        0.457629        0.388911        0.167294
     H   15        0.388911       -0.457952        0.396746
     H   15        0.167294        0.396746        0.000323

     C   16        0.146963       -0.189427       -0.075531
     C   16       -0.189427        0.249659       -0.259325
     C   16       -0.075531       -0.259325       -0.396622

     C   17       -0.643967        0.276859       -0.181364
     C   17        0.276859        0.596891        0.512787
     C   17       -0.181364        0.512787        0.047076

     Cl  18       -0.365593       -1.880705        0.157536
     Cl  18       -1.880705       -0.641141        1.894572
     Cl  18        0.157536        1.894572        1.006734

     H   19       -0.068442        0.050151        0.140426
     H   19        0.050151        0.063573       -0.645299
     H   19        0.140426       -0.645299        0.004870

     C   20        0.035014        0.116934       -0.011726
     C   20        0.116934        0.339841        0.401355
     C   20       -0.011726        0.401355       -0.374855

     H   21        0.287709        0.179360        0.389355
     H   21        0.179360       -0.495641       -0.156177
     H   21        0.389355       -0.156177        0.207932

     C   22       -0.595630       -0.287357       -0.044305
     C   22       -0.287357        0.561219        0.170434
     C   22       -0.044305        0.170434        0.034411

     C   23        0.136049        0.250834       -0.095068
     C   23        0.250834        0.459582        0.483358
     C   23       -0.095068        0.483358       -0.595631

     Cl  24       -0.460136        0.007569       -0.155184
     Cl  24        0.007569        2.746188        0.184945
     Cl  24       -0.155184        0.184945       -2.286052


     NQR/NMR SPECTROSCOPIC PARAMETERS:
     Cl   1    Vxx=   -0.5002    axis=(  0.605734 -0.027092 -0.795206)
     Cl   1    Vyy=   -2.0945    axis=( -0.561965 -0.722088 -0.403465)
     Cl   1    Vzz=    2.5946    axis=( -0.563278  0.691270 -0.452618)
     Cl   1  Q=        -8.1650 1e-30 m^2  Cq=       -49.7763 MHz  eta= 0.61446

     C    2    Vxx=   -0.0266    axis=(  0.871283  0.181812 -0.455862)
     C    2    Vyy=   -0.6597    axis=(  0.320445  0.492783  0.808999)
     C    2    Vzz=    0.6863    axis=(  0.371727 -0.850946  0.371093)
     C    2  Q=         1.0000 1e-30 m^2  Cq=         1.6125 MHz  eta= 0.92261

     C    3    Vxx=    0.0935    axis=(  0.230660  0.243190 -0.942154)
     C    3    Vyy=    0.6730    axis=( -0.057832 -0.963126 -0.262762)
     C    3    Vzz=   -0.7665    axis=(  0.971314 -0.115095  0.208091)
     C    3  Q=         1.0000 1e-30 m^2  Cq=        -1.8010 MHz  eta= 0.75600

     H    4    Vxx=   -0.0857    axis=( -0.532169 -0.070931  0.843661)
     H    4    Vyy=   -0.4323    axis=(  0.091922  0.985753  0.140860)
     H    4    Vzz=    0.5180    axis=( -0.841633  0.152513 -0.518067)
     H    4  Q=         1.0000 1e-30 m^2  Cq=         1.2172 MHz  eta= 0.66903

     C    5    Vxx=   -0.0437    axis=(  0.405157  0.186323  0.895060)
     C    5    Vyy=   -0.1031    axis=(  0.493452  0.779600 -0.385654)
     C    5    Vzz=    0.1468    axis=( -0.769645  0.597919  0.223919)
     C    5  Q=         1.0000 1e-30 m^2  Cq=         0.3449 MHz  eta= 0.40506

     H    6    Vxx=   -0.0564    axis=(  0.912600 -0.319408  0.255225)
     H    6    Vyy=   -0.1927    axis=(  0.363633  0.348727 -0.863806)
     H    6    Vzz=    0.2491    axis=(  0.186903  0.881118  0.434395)
     H    6  Q=         1.0000 1e-30 m^2  Cq=         0.5853 MHz  eta= 0.54745

     H    7    Vxx=   -0.0307    axis=(  0.949886 -0.196315 -0.243262)
     H    7    Vyy=   -0.3389    axis=(  0.289099  0.255695  0.922519)
     H    7    Vzz=    0.3696    axis=( -0.118904 -0.946615  0.299636)
     H    7  Q=         1.0000 1e-30 m^2  Cq=         0.8684 MHz  eta= 0.83380

     C    8    Vxx=    0.1274    axis=(  0.476704 -0.372676 -0.796157)
     C    8    Vyy=    0.6606    axis=( -0.041602  0.895108 -0.443904)
     C    8    Vzz=   -0.7880    axis=(  0.878079  0.244733  0.411197)
     C    8  Q=         1.0000 1e-30 m^2  Cq=        -1.8515 MHz  eta= 0.67670

     H    9    Vxx=   -0.0275    axis=(  0.492395  0.841972  0.220521)
     H    9    Vyy=   -0.5264    axis=( -0.567306  0.118320  0.814963)
     H    9    Vzz=    0.5538    axis=(  0.660084 -0.526387  0.535916)
     H    9  Q=         1.0000 1e-30 m^2  Cq=         1.3013 MHz  eta= 0.90083

     C   10    Vxx=   -0.0206    axis=( -0.008355  0.778148  0.628025)
     C   10    Vyy=   -0.3973    axis=( -0.630031  0.483614 -0.607600)
     C   10    Vzz=    0.4179    axis=( -0.776525 -0.400752  0.486217)
     C   10  Q=         1.0000 1e-30 m^2  Cq=         0.9818 MHz  eta= 0.90149

     C   11    Vxx=   -0.1904    axis=( -0.557899 -0.211753  0.802440)
     C   11    Vyy=   -0.5221    axis=(  0.809527  0.074118  0.582385)
     C   11    Vzz=    0.7125    axis=( -0.182797  0.974509  0.130070)
     C   11  Q=         1.0000 1e-30 m^2  Cq=         1.6741 MHz  eta= 0.46566

     Cl  12    Vxx=   -0.9961    axis=( -0.732733  0.654870  0.185062)
     Cl  12    Vyy=   -2.6566    axis=(  0.137761 -0.123572  0.982727)
     Cl  12    Vzz=    3.6527    axis=( -0.666427 -0.745570 -0.000330)
     Cl  12  Q=        -8.1650 1e-30 m^2  Cq=       -70.0754 MHz  eta= 0.45460

     H   13    Vxx=    0.0095    axis=(  0.996896 -0.073216  0.028940)
     H   13    Vyy=    0.8095    axis=( -0.053855 -0.902330 -0.427669)
     H   13    Vzz=   -0.8191    axis=(  0.057426  0.424783 -0.903472)
     H   13  Q=         1.0000 1e-30 m^2  Cq=        -1.9245 MHz  eta= 0.97676

     C   14    Vxx=   -0.0368    axis=(  0.346402 -0.487790  0.801290)
     C   14    Vyy=   -0.4098    axis=(  0.932476  0.085768 -0.350903)
     C   14    Vzz=    0.4466    axis=(  0.102442  0.868738  0.484562)
     C   14  Q=         1.0000 1e-30 m^2  Cq=         1.0493 MHz  eta= 0.83507

     H   15    Vxx=    0.0141    axis=( -0.525889  0.250011  0.812979)
     H   15    Vyy=    0.7319    axis=( -0.819863 -0.403444 -0.406273)
     H   15    Vzz=   -0.7460    axis=(  0.226418 -0.880186  0.417142)
     H   15  Q=         1.0000 1e-30 m^2  Cq=        -1.7529 MHz  eta= 0.96216

     C   16    Vxx=    0.0858    axis=(  0.839933  0.412133 -0.353071)
     C   16    Vyy=    0.4303    axis=(  0.501946 -0.837306  0.216724)
     C   16    Vzz=   -0.5161    axis=(  0.206310  0.359256  0.910149)
     C   16  Q=         1.0000 1e-30 m^2  Cq=        -1.2126 MHz  eta= 0.66764

     C   17    Vxx=   -0.1022    axis=( -0.466839 -0.395363  0.791043)
     C   17    Vyy=   -0.8157    axis=( -0.879043  0.305236 -0.366215)
     C   17    Vzz=    0.9178    axis=( -0.096667 -0.866325 -0.490038)
     C   17  Q=         1.0000 1e-30 m^2  Cq=         2.1566 MHz  eta= 0.77734

     Cl  18    Vxx=    0.4015    axis=(  0.752827 -0.256277  0.606279)
     Cl  18    Vyy=    2.5938    axis=( -0.355053  0.617487  0.701889)
     Cl  18    Vzz=   -2.9953    axis=( -0.554247 -0.743662  0.373869)
     Cl  18  Q=        -8.1650 1e-30 m^2  Cq=        57.4633 MHz  eta= 0.73191

     H   19    Vxx=   -0.0411    axis=( -0.969443 -0.218853 -0.110831)
     H   19    Vyy=   -0.6441    axis=( -0.231243  0.664420  0.710684)
     H   19    Vzz=    0.6852    axis=(  0.081897 -0.714597  0.694726)
     H   19  Q=         1.0000 1e-30 m^2  Cq=         1.6099 MHz  eta= 0.88013

     C   20    Vxx=    0.0202    axis=(  0.974995 -0.140770 -0.171954)
     C   20    Vyy=    0.5405    axis=( -0.198754 -0.898500 -0.391400)
     C   20    Vzz=   -0.5607    axis=( -0.099403  0.415790 -0.904012)
     C   20  Q=         1.0000 1e-30 m^2  Cq=        -1.3175 MHz  eta= 0.92796

     H   21    Vxx=   -0.0253    axis=( -0.584832 -0.447667  0.676436)
     H   21    Vyy=   -0.6146    axis=(  0.315279 -0.893801 -0.318935)
     H   21    Vzz=    0.6400    axis=(  0.747375  0.026742  0.663863)
     H   21  Q=         1.0000 1e-30 m^2  Cq=         1.5037 MHz  eta= 0.92081

     C   22    Vxx=   -0.0138    axis=(  0.054331 -0.258702  0.964428)
     C   22    Vyy=   -0.6631    axis=( -0.973718 -0.227673 -0.006218)
     C   22    Vzz=    0.6769    axis=(  0.221183 -0.938743 -0.264272)
     C   22  Q=         1.0000 1e-30 m^2  Cq=         1.5905 MHz  eta= 0.95922

     C   23    Vxx=    0.1000    axis=(  0.923003 -0.245208 -0.296543)
     C   23    Vyy=    0.7184    axis=(  0.334615  0.892002  0.303917)
     C   23    Vzz=   -0.8183    axis=(  0.189994 -0.379744  0.905371)
     C   23  Q=         1.0000 1e-30 m^2  Cq=        -1.9227 MHz  eta= 0.75571

     Cl  24    Vxx=   -0.4471    axis=(  0.996476  0.002494 -0.083837)
     Cl  24    Vyy=   -2.3059    axis=( -0.083872  0.036580 -0.995805)
     Cl  24    Vzz=    2.7530    axis=(  0.000583  0.999328  0.036660)
     Cl  24  Q=        -8.1650 1e-30 m^2  Cq=       -52.8145 MHz  eta= 0.67522

     Initialization:
     gipaw_setup  :      9.08s CPU     10.74s WALL (       1 calls)

     Linear response

     Apply operators

     Induced current

     Other routines
     efg          :      8.96s CPU     11.34s WALL (       1 calls)

     General routines
     calbec       :      3.15s CPU      4.13s WALL (      16 calls)
     fft          :      1.59s CPU      2.50s WALL (      15 calls)
     ffts         :      0.04s CPU      0.05s WALL (       2 calls)
     fftw         :      3.07s CPU      3.91s WALL (     672 calls)
     davcio       :      0.03s CPU      0.32s WALL (      32 calls)

     Parallel routines
     fft_scatter  :      2.20s CPU      3.57s WALL (     689 calls)

     Plugins

     GIPAW        :     60.22s CPU     70.58s WALL (       1 calls)
