
     Program QE v.6.0 (svn rev. 13079) starts on  3Jan2017 at  2:11:17 

     This program is part of the open-source Quantum ESPRESSO suite
     for quantum simulation of materials; please cite
         "P. Giannozzi et al., J. Phys.:Condens. Matter 21 395502 (2009);
          URL http://www.quantum-espresso.org", 
     in publications or presentations arising from this work. More details at
     http://www.quantum-espresso.org/quote

     Parallel version (MPI), running on     8 processors
     R & G space division:  proc/nbgrp/npool/nimage =       8

     ***** This is GIPAW svn revision unknown      *****

     Parallelizing q-star over 1 images

     Reading data from directory:
     /users/majewski/paradichlorobenzene/pbe/9_constraint/scratch/pbe.ecut100.np8.dt60.pcl2phi-129368.save
     Message from routine read_xml_file:
     file /users/majewski/paradichlorobenzene/pbe/9_constraint/scratch/pbe.ecut100.np8.dt60.pcl2phi-129368.save not guaranteed to be safe for post-processing

   Info: using nr1, nr2, nr3 values from input

   Info: using nr1, nr2, nr3 values from input

     IMPORTANT: XC functional enforced from input :
     Exchange-correlation      =  SLA  PW   PBX  PBC ( 1  4  3  4 0 0)
     Any further DFT definition will be discarded
     Please, verify this is what you really want

               file C.pbe-n-kjpaw_psl.1.0.0.UPF: wavefunction(s)  2S 2P renormalized
               file Cl.pbe-n-kjpaw_psl.1.0.0.UPF: wavefunction(s)  3S 3P renormalized
               file H.pbe-kjpaw_psl.1.0.0.UPF: wavefunction(s)  1S renormalized

     Parallelization info
     --------------------
     sticks:   dense  smooth     PW     G-vecs:    dense   smooth      PW
     Min        3057    1223    332               144436    36536    5170
     Max        3059    1225    333               144437    36537    5171
     Sum       24467    9791   2657              1155489   292295   41363


     Subspace diagonalization in iterative solution of the eigenvalue problem:
     a serial algorithm will be used

     GIPAW projectors -----------------------------------------------
     atom=  C    l=0  rc=    1.2000  rs=    0.8000
     atom=  C    l=0  rc=    1.2000  rs=    0.8000
     atom=  C    l=1  rc=    1.4000  rs=    0.9333
     atom=  C    l=1  rc=    1.4000  rs=    0.9333
     projs nearly linearly dependent: l=1  n1,n2= 1, 2  s=  0.99951561

     atom=  Cl   l=0  rc=    1.6000  rs=    1.0667
     atom=  Cl   l=0  rc=    1.6000  rs=    1.0667
     atom=  Cl   l=1  rc=    1.6000  rs=    1.0667
     atom=  Cl   l=1  rc=    1.6000  rs=    1.0667
     atom=  Cl   l=2  rc=    1.6000  rs=    1.0667
     atom=  Cl   l=2  rc=    1.6000  rs=    1.0667
     projs nearly linearly dependent: l=2  n1,n2= 1, 2  s=  0.99993509

     atom=  H    l=0  rc=    1.0000  rs=    0.6667
     atom=  H    l=0  rc=    1.0000  rs=    0.6667
     projs nearly linearly dependent: l=0  n1,n2= 1, 2  s=  0.99968852
     -----------------------------------------------------------------

     GIPAW integrals: -------------------------------------------
     Atom  i/j   nmr_para   nmr_dia   epr_rmc  epr_para   epr_dia
       C   1 1   0.83E+03  0.17E-01  0.93E+01  0.24E+08  0.24E+03
       C   2 1   0.86E+03 -0.61E-01  0.94E+01  0.25E+08  0.25E+03
       C   2 2   0.90E+03 -0.15E+00  0.97E+01  0.26E+08  0.26E+03
       C   3 3   0.33E+01  0.34E+00  0.18E+01  0.55E+03  0.21E+02
       C   4 3   0.35E+01  0.37E+00  0.20E+01  0.59E+03  0.22E+02
       C   4 4   0.38E+01  0.39E+00  0.22E+01  0.63E+03  0.24E+02
       Cl  1 1   0.14E+04 -0.47E+00  0.84E+01  0.32E+09  0.42E+03
       Cl  2 1   0.21E+04 -0.37E+00  0.12E+02  0.49E+09  0.65E+03
       Cl  2 2   0.33E+04 -0.16E+00  0.21E+02  0.76E+09  0.10E+04
       Cl  3 3   0.21E+02  0.79E-01  0.89E+01  0.23E+05  0.13E+03
       Cl  4 3   0.24E+02  0.67E-01  0.99E+01  0.27E+05  0.15E+03
       Cl  4 4   0.28E+02  0.44E-01  0.11E+02  0.32E+05  0.18E+03
       Cl  5 5   0.77E+00  0.19E+00  0.18E+01  0.12E+03  0.22E+02
       Cl  6 5   0.80E+00  0.19E+00  0.19E+01  0.12E+03  0.23E+02
       Cl  6 6   0.83E+00  0.20E+00  0.19E+01  0.12E+03  0.23E+02
       H   1 1   0.39E+02  0.19E+00  0.29E+00  0.78E+05  0.13E+02
       H   2 1   0.41E+02  0.21E+00  0.32E+00  0.82E+05  0.14E+02
       H   2 2   0.43E+02  0.22E+00  0.36E+00  0.86E+05  0.15E+02
     ------------------------------------------------------------

     alpha_pv=     34.1703 eV

     Number of occupied bands for each k-point:
     k-point:     1    nbnd_occ=  42
     k-point:     2    nbnd_occ=  42
     k-point:     3    nbnd_occ=  42
     k-point:     4    nbnd_occ=  42
     k-point:     5    nbnd_occ=  42
     k-point:     6    nbnd_occ=  42
     k-point:     7    nbnd_occ=  42
     k-point:     8    nbnd_occ=  42
     k-point:     9    nbnd_occ=  42
     k-point:    10    nbnd_occ=  42
     k-point:    11    nbnd_occ=  42
     k-point:    12    nbnd_occ=  42
     k-point:    13    nbnd_occ=  42
     k-point:    14    nbnd_occ=  42
     k-point:    15    nbnd_occ=  42
     k-point:    16    nbnd_occ=  42


     q-space interpolation up to   110.00 Rydberg

     GIPAW job: efg                                                                             


     ELECTRIC FIELD GRADIENTS TENSORS IN Hartree/bohrradius^2:

     ----- bare term -----
     Cl   1       -0.106037       -0.038813       -0.041529
     Cl   1       -0.038813       -0.101436        0.039772
     Cl   1       -0.041529        0.039772        0.207473

     C    2       -0.539765        0.285376       -0.361023
     C    2        0.285376        0.211691       -0.272070
     C    2       -0.361023       -0.272070        0.328074

     C    3       -0.017206        0.020044       -0.299217
     C    3        0.020044       -0.366797       -0.462969
     C    3       -0.299217       -0.462969        0.384002

     H    4       -0.560943       -0.313635        0.018861
     H    4       -0.313635        0.406812       -0.086443
     H    4        0.018861       -0.086443        0.154131

     C    5       -0.748521        0.310162       -0.440703
     C    5        0.310162        0.215832       -0.065753
     C    5       -0.440703       -0.065753        0.532689

     H    6        0.325835       -0.190637        0.055521
     H    6       -0.190637       -0.529224       -0.410427
     H    6        0.055521       -0.410427        0.203389

     H    7        0.448745       -0.044078       -0.044968
     H    7       -0.044078       -0.790688        0.171892
     H    7       -0.044968        0.171892        0.341943

     C    8       -0.192687       -0.216656       -0.245491
     C    8       -0.216656       -0.048201        0.480892
     C    8       -0.245491        0.480892        0.240889

     H    9       -0.424345        0.522078        0.025085
     H    9        0.522078        0.133744       -0.098233
     H    9        0.025085       -0.098233        0.290601

     C   10       -0.390738       -0.282325       -0.168503
     C   10       -0.282325        0.052566        0.323762
     C   10       -0.168503        0.323762        0.338172

     C   11       -0.067477        0.054449       -0.191028
     C   11        0.054449       -0.001275        0.510230
     C   11       -0.191028        0.510230        0.068752

     Cl  12        0.100076       -0.160674        0.039133
     Cl  12       -0.160674        0.088894       -0.260585
     Cl  12        0.039133       -0.260585       -0.188970

     H   13        0.456418       -0.061711       -0.027133
     H   13       -0.061711       -0.776410        0.088981
     H   13       -0.027133        0.088981        0.319992

     C   14       -0.130137       -0.045552       -0.240982
     C   14       -0.045552       -0.004870       -0.433482
     C   14       -0.240982       -0.433482        0.135008

     H   15       -0.193400       -0.473079       -0.014301
     H   15       -0.473079       -0.157644        0.125187
     H   15       -0.014301        0.125187        0.351044

     C   16       -0.399905        0.165288       -0.041478
     C   16        0.165288        0.043969       -0.041111
     C   16       -0.041478       -0.041111        0.355936

     C   17        0.027247        0.068641       -0.199906
     C   17        0.068641        0.013261       -0.611577
     C   17       -0.199906       -0.611577       -0.040509

     Cl  18       -0.206105        0.243698        0.018572
     Cl  18        0.243698        0.032200        0.104731
     Cl  18        0.018572        0.104731        0.173905

     H   19        0.535988        0.009483       -0.040937
     H   19        0.009483       -0.150048        0.306870
     H   19       -0.040937        0.306870       -0.385940

     C   20       -0.562040       -0.325590       -0.097845
     C   20       -0.325590        0.254635        0.309625
     C   20       -0.097845        0.309625        0.307405

     H   21       -0.302851       -0.086779       -0.529722
     H   21       -0.086779        0.118828        0.023415
     H   21       -0.529722        0.023415        0.184022

     C   22       -0.058938       -0.129575       -0.233149
     C   22       -0.129575       -0.139447        0.604722
     C   22       -0.233149        0.604722        0.198385

     C   23       -0.590147       -0.217003       -0.372029
     C   23       -0.217003        0.150776        0.170729
     C   23       -0.372029        0.170729        0.439372

     Cl  24       -0.080817        0.073477       -0.039009
     Cl  24        0.073477       -0.068587       -0.089253
     Cl  24       -0.039009       -0.089253        0.149404

     ----- ionic term -----
     Cl   1        0.190171       -0.217884       -0.043654
     Cl   1       -0.217884       -0.042880        0.029912
     Cl   1       -0.043654        0.029912       -0.147291

     C    2        0.292459       -0.065628        0.138697
     C    2       -0.065628        0.168473        0.417976
     C    2        0.138697        0.417976       -0.460932

     C    3        0.169432       -0.139007        0.126151
     C    3       -0.139007        0.282085        0.368255
     C    3        0.126151        0.368255       -0.451517

     H    4        0.704603        0.511393        0.465934
     H    4        0.511393       -0.266260        0.249348
     H    4        0.465934        0.249348       -0.438343

     C    5        0.279560       -0.109096        0.192813
     C    5       -0.109096        0.154882        0.267971
     C    5        0.192813        0.267971       -0.434442

     H    6       -0.522177        0.161309        0.078848
     H    6        0.161309        0.815480        0.581527
     H    6        0.078848        0.581527       -0.293303

     H    7       -0.510912        0.017100       -0.004927
     H    7        0.017100        0.802094       -0.640847
     H    7       -0.004927       -0.640847       -0.291182

     C    8        0.358671        0.148150        0.124656
     C    8        0.148150        0.019705       -0.330910
     C    8        0.124656       -0.330910       -0.378377

     H    9        0.780711       -0.307817        0.567331
     H    9       -0.307817       -0.481673       -0.209352
     H    9        0.567331       -0.209352       -0.299038

     C   10        0.236881        0.172756        0.089322
     C   10        0.172756        0.057762       -0.428082
     C   10        0.089322       -0.428082       -0.294643

     C   11        0.221981        0.137410        0.169550
     C   11        0.137410        0.061149       -0.445870
     C   11        0.169550       -0.445870       -0.283130

     Cl  12        0.120928        0.201389       -0.032488
     Cl  12        0.201389        0.017366       -0.036002
     Cl  12       -0.032488       -0.036002       -0.138294

     H   13       -0.486677        0.056451        0.013480
     H   13        0.056451        0.792860        0.594728
     H   13        0.013480        0.594728       -0.306184

     C   14        0.407118       -0.092042        0.178760
     C   14       -0.092042        0.073560        0.286381
     C   14        0.178760        0.286381       -0.480679

     H   15        0.743057        0.438088        0.495744
     H   15        0.438088       -0.313061        0.229067
     H   15        0.495744        0.229067       -0.429995

     C   16        0.259234       -0.143553        0.136165
     C   16       -0.143553        0.241653        0.303356
     C   16        0.136165        0.303356       -0.500887

     C   17        0.210346       -0.097834        0.256169
     C   17       -0.097834        0.258107        0.271830
     C   17        0.256169        0.271830       -0.468453

     Cl  18        0.135836       -0.190956        0.057537
     Cl  18       -0.190956        0.028388       -0.032102
     Cl  18        0.057537       -0.032102       -0.164224

     H   19       -0.506648       -0.048846        0.038777
     H   19       -0.048846        0.658048       -0.732879
     H   19        0.038777       -0.732879       -0.151400

     C   20        0.366781        0.206091        0.116586
     C   20        0.206091       -0.017739       -0.357945
     C   20        0.116586       -0.357945       -0.349043

     H   21        0.590999       -0.230399        0.697566
     H   21       -0.230399       -0.483292       -0.223849
     H   21        0.697566       -0.223849       -0.107707

     C   22        0.220843        0.256388        0.082276
     C   22        0.256388        0.037170       -0.446520
     C   22        0.082276       -0.446520       -0.258013

     C   23        0.257884        0.106982        0.178695
     C   23        0.106982        0.018286       -0.431251
     C   23        0.178695       -0.431251       -0.276170

     Cl  24        0.147455        0.207240       -0.023072
     Cl  24        0.207240       -0.011099       -0.015191
     Cl  24       -0.023072       -0.015191       -0.136356

     ----- GIPAW term -----
     Cl   1        0.056033       -2.171764       -0.649613
     Cl   1       -2.171764       -1.067098        0.524863
     Cl   1       -0.649613        0.524863        1.011066

     C    2       -0.113290       -0.079274       -0.058684
     C    2       -0.079274        0.222275       -0.002990
     C    2       -0.058684       -0.002990       -0.108986

     C    3       -0.062738       -0.091901       -0.125492
     C    3       -0.091901       -0.023400        0.075587
     C    3       -0.125492        0.075587        0.086138

     H    4       -0.000000        0.000000        0.000000
     H    4        0.000000        0.000000        0.000000
     H    4        0.000000        0.000000        0.000000

     C    5       -0.192334        0.002126       -0.098356
     C    5        0.002126        0.103020        0.136469
     C    5       -0.098356        0.136469        0.089314

     H    6       -0.000000        0.000000        0.000000
     H    6        0.000000        0.000000        0.000000
     H    6        0.000000        0.000000        0.000000

     H    7       -0.000000        0.000000        0.000000
     H    7        0.000000        0.000000        0.000000
     H    7        0.000000        0.000000        0.000000

     C    8       -0.072190       -0.089058       -0.027100
     C    8       -0.089058        0.142217        0.103651
     C    8       -0.027100        0.103651       -0.070027

     H    9       -0.000000        0.000000        0.000000
     H    9        0.000000        0.000000        0.000000
     H    9        0.000000        0.000000        0.000000

     C   10       -0.133998       -0.097255       -0.082076
     C   10       -0.097255        0.113685        0.163369
     C   10       -0.082076        0.163369        0.020313

     C   11       -0.047523        0.020733       -0.051231
     C   11        0.020733        0.053427        0.162451
     C   11       -0.051231        0.162451       -0.005904

     Cl  12       -0.499631        0.350089       -0.409452
     Cl  12        0.350089       -0.480993        0.945591
     Cl  12       -0.409452        0.945591        0.980624

     H   13       -0.000000        0.000000        0.000000
     H   13        0.000000        0.000000        0.000000
     H   13        0.000000        0.000000        0.000000

     C   14       -0.089538       -0.007621       -0.020546
     C   14       -0.007621        0.154643       -0.183741
     C   14       -0.020546       -0.183741       -0.065105

     H   15       -0.000000        0.000000        0.000000
     H   15        0.000000        0.000000        0.000000
     H   15        0.000000        0.000000        0.000000

     C   16       -0.081285        0.017889       -0.011021
     C   16        0.017889        0.088427       -0.038680
     C   16       -0.011021       -0.038680       -0.007142

     C   17       -0.049843        0.006687       -0.013379
     C   17        0.006687        0.264179       -0.030986
     C   17       -0.013379       -0.030986       -0.214336

     Cl  18       -0.880675       -0.336586        0.491486
     Cl  18       -0.336586        0.956294        2.261162
     Cl  18        0.491486        2.261162       -0.075620

     H   19       -0.000000        0.000000        0.000000
     H   19        0.000000        0.000000        0.000000
     H   19        0.000000        0.000000        0.000000

     C   20       -0.171183       -0.003259        0.024986
     C   20       -0.003259        0.147656        0.181366
     C   20        0.024986        0.181366        0.023527

     H   21       -0.000000        0.000000        0.000000
     H   21        0.000000        0.000000        0.000000
     H   21        0.000000        0.000000        0.000000

     C   22       -0.091642        0.027940       -0.044872
     C   22        0.027940        0.157384        0.077333
     C   22       -0.044872        0.077333       -0.065742

     C   23       -0.123276        0.070485       -0.057794
     C   23        0.070485        0.100638       -0.122184
     C   23       -0.057794       -0.122184        0.022638

     Cl  24        0.168901        2.416373       -0.740434
     Cl  24        2.416373       -0.691406       -1.146809
     Cl  24       -0.740434       -1.146809        0.522505

     ----- total EFG -----
     Cl   1        0.140167       -2.428461       -0.734796
     Cl   1       -2.428461       -1.211414        0.594547
     Cl   1       -0.734796        0.594547        1.071248

     C    2       -0.360596        0.140474       -0.281010
     C    2        0.140474        0.602439        0.142916
     C    2       -0.281010        0.142916       -0.241843

     C    3        0.089488       -0.210864       -0.298558
     C    3       -0.210864       -0.108111       -0.019127
     C    3       -0.298558       -0.019127        0.018623

     H    4        0.143660        0.197758        0.484795
     H    4        0.197758        0.140552        0.162905
     H    4        0.484795        0.162905       -0.284212

     C    5       -0.661295        0.203191       -0.346246
     C    5        0.203191        0.473734        0.338687
     C    5       -0.346246        0.338687        0.187561

     H    6       -0.196341       -0.029327        0.134369
     H    6       -0.029327        0.286256        0.171100
     H    6        0.134369        0.171100       -0.089914

     H    7       -0.062166       -0.026978       -0.049895
     H    7       -0.026978        0.011406       -0.468955
     H    7       -0.049895       -0.468955        0.050761

     C    8        0.093794       -0.157564       -0.147935
     C    8       -0.157564        0.113721        0.253633
     C    8       -0.147935        0.253633       -0.207515

     H    9        0.356366        0.214261        0.592416
     H    9        0.214261       -0.347929       -0.307585
     H    9        0.592416       -0.307585       -0.008437

     C   10       -0.287855       -0.206824       -0.161257
     C   10       -0.206824        0.224014        0.059049
     C   10       -0.161257        0.059049        0.063842

     C   11        0.106981        0.212592       -0.072709
     C   11        0.212592        0.113301        0.226812
     C   11       -0.072709        0.226812       -0.220282

     Cl  12       -0.278627        0.390805       -0.402808
     Cl  12        0.390805       -0.374733        0.649005
     Cl  12       -0.402808        0.649005        0.653360

     H   13       -0.030259       -0.005260       -0.013653
     H   13       -0.005260        0.016451        0.683708
     H   13       -0.013653        0.683708        0.013808

     C   14        0.187442       -0.145216       -0.082768
     C   14       -0.145216        0.223334       -0.330842
     C   14       -0.082768       -0.330842       -0.410776

     H   15        0.549657       -0.034991        0.481443
     H   15       -0.034991       -0.470705        0.354255
     H   15        0.481443        0.354255       -0.078952

     C   16       -0.221956        0.039624        0.083666
     C   16        0.039624        0.374049        0.223566
     C   16        0.083666        0.223566       -0.152093

     C   17        0.187751       -0.022506        0.042884
     C   17       -0.022506        0.535547       -0.370733
     C   17        0.042884       -0.370733       -0.723298

     Cl  18       -0.950943       -0.283845        0.567594
     Cl  18       -0.283845        1.016883        2.333791
     Cl  18        0.567594        2.333791       -0.065939

     H   19        0.029340       -0.039364       -0.002160
     H   19       -0.039364        0.508000       -0.426009
     H   19       -0.002160       -0.426009       -0.537340

     C   20       -0.366441       -0.122759        0.043726
     C   20       -0.122759        0.384552        0.133045
     C   20        0.043726        0.133045       -0.018111

     H   21        0.288148       -0.317178        0.167844
     H   21       -0.317178       -0.364463       -0.200434
     H   21        0.167844       -0.200434        0.076315

     C   22        0.070262        0.154753       -0.195746
     C   22        0.154753        0.055107        0.235535
     C   22       -0.195746        0.235535       -0.125370

     C   23       -0.455539       -0.039536       -0.251129
     C   23       -0.039536        0.269700       -0.382705
     C   23       -0.251129       -0.382705        0.185839

     Cl  24        0.235540        2.697090       -0.802514
     Cl  24        2.697090       -0.771093       -1.251254
     Cl  24       -0.802514       -1.251254        0.535553

     ----- total EFG (symmetrized) -----
     Cl   1        0.140167       -2.428461       -0.734796
     Cl   1       -2.428461       -1.211414        0.594547
     Cl   1       -0.734796        0.594547        1.071248

     C    2       -0.360596        0.140474       -0.281010
     C    2        0.140474        0.602439        0.142916
     C    2       -0.281010        0.142916       -0.241843

     C    3        0.089488       -0.210864       -0.298558
     C    3       -0.210864       -0.108111       -0.019127
     C    3       -0.298558       -0.019127        0.018623

     H    4        0.143660        0.197758        0.484795
     H    4        0.197758        0.140552        0.162905
     H    4        0.484795        0.162905       -0.284212

     C    5       -0.661295        0.203191       -0.346246
     C    5        0.203191        0.473734        0.338687
     C    5       -0.346246        0.338687        0.187561

     H    6       -0.196341       -0.029327        0.134369
     H    6       -0.029327        0.286256        0.171100
     H    6        0.134369        0.171100       -0.089914

     H    7       -0.062166       -0.026978       -0.049895
     H    7       -0.026978        0.011406       -0.468955
     H    7       -0.049895       -0.468955        0.050761

     C    8        0.093794       -0.157564       -0.147935
     C    8       -0.157564        0.113721        0.253633
     C    8       -0.147935        0.253633       -0.207515

     H    9        0.356366        0.214261        0.592416
     H    9        0.214261       -0.347929       -0.307585
     H    9        0.592416       -0.307585       -0.008437

     C   10       -0.287855       -0.206824       -0.161257
     C   10       -0.206824        0.224014        0.059049
     C   10       -0.161257        0.059049        0.063842

     C   11        0.106981        0.212592       -0.072709
     C   11        0.212592        0.113301        0.226812
     C   11       -0.072709        0.226812       -0.220282

     Cl  12       -0.278627        0.390805       -0.402808
     Cl  12        0.390805       -0.374733        0.649005
     Cl  12       -0.402808        0.649005        0.653360

     H   13       -0.030259       -0.005260       -0.013653
     H   13       -0.005260        0.016451        0.683708
     H   13       -0.013653        0.683708        0.013808

     C   14        0.187442       -0.145216       -0.082768
     C   14       -0.145216        0.223334       -0.330842
     C   14       -0.082768       -0.330842       -0.410776

     H   15        0.549657       -0.034991        0.481443
     H   15       -0.034991       -0.470705        0.354255
     H   15        0.481443        0.354255       -0.078952

     C   16       -0.221956        0.039624        0.083666
     C   16        0.039624        0.374049        0.223566
     C   16        0.083666        0.223566       -0.152093

     C   17        0.187751       -0.022506        0.042884
     C   17       -0.022506        0.535547       -0.370733
     C   17        0.042884       -0.370733       -0.723298

     Cl  18       -0.950943       -0.283845        0.567594
     Cl  18       -0.283845        1.016883        2.333791
     Cl  18        0.567594        2.333791       -0.065939

     H   19        0.029340       -0.039364       -0.002160
     H   19       -0.039364        0.508000       -0.426009
     H   19       -0.002160       -0.426009       -0.537340

     C   20       -0.366441       -0.122759        0.043726
     C   20       -0.122759        0.384552        0.133045
     C   20        0.043726        0.133045       -0.018111

     H   21        0.288148       -0.317178        0.167844
     H   21       -0.317178       -0.364463       -0.200434
     H   21        0.167844       -0.200434        0.076315

     C   22        0.070262        0.154753       -0.195746
     C   22        0.154753        0.055107        0.235535
     C   22       -0.195746        0.235535       -0.125370

     C   23       -0.455539       -0.039536       -0.251129
     C   23       -0.039536        0.269700       -0.382705
     C   23       -0.251129       -0.382705        0.185839

     Cl  24        0.235540        2.697090       -0.802514
     Cl  24        2.697090       -0.771093       -1.251254
     Cl  24       -0.802514       -1.251254        0.535553


     NQR/NMR SPECTROSCOPIC PARAMETERS:
     Cl   1    Vxx=    0.4789    axis=(  0.427289 -0.315919  0.847124)
     Cl   1    Vyy=    2.5777    axis=( -0.672912  0.514648  0.531345)
     Cl   1    Vzz=   -3.0566    axis=( -0.603832 -0.797078  0.007318)
     Cl   1  Q=        -8.1650 1e-30 m^2  Cq=        58.6388 MHz  eta= 0.68665

     C    2    Vxx=   -0.0147    axis=( -0.638259 -0.032827  0.769121)
     C    2    Vyy=   -0.6209    axis=( -0.762888  0.160764 -0.626225)
     C    2    Vzz=    0.6356    axis=( -0.103090 -0.986447 -0.127653)
     C    2  Q=         1.0000 1e-30 m^2  Cq=         1.4934 MHz  eta= 0.95360

     C    3    Vxx=   -0.0435    axis=(  0.177958 -0.764670  0.619363)
     C    3    Vyy=   -0.3558    axis=( -0.625904 -0.573637 -0.528379)
     C    3    Vzz=    0.3994    axis=( -0.759325  0.293632  0.580693)
     C    3  Q=         1.0000 1e-30 m^2  Cq=         0.9383 MHz  eta= 0.78192

     H    4    Vxx=    0.0006    axis=(  0.428695 -0.873699  0.229936)
     H    4    Vyy=    0.6007    axis=(  0.726456  0.484666  0.487196)
     H    4    Vzz=   -0.6014    axis=( -0.537105 -0.041820  0.842478)
     H    4  Q=         1.0000 1e-30 m^2  Cq=        -1.4130 MHz  eta= 0.99785

     C    5    Vxx=    0.1587    axis=( -0.438720 -0.511434  0.738891)
     C    5    Vyy=    0.6987    axis=(  0.019273 -0.827414 -0.561262)
     C    5    Vzz=   -0.8575    axis=( -0.898417  0.231997 -0.372860)
     C    5  Q=         1.0000 1e-30 m^2  Cq=        -2.0147 MHz  eta= 0.62979

     H    6    Vxx=   -0.0393    axis=(  0.651316 -0.306197  0.694284)
     H    6    Vyy=   -0.3140    axis=( -0.757692 -0.212874  0.616917)
     H    6    Vzz=    0.3533    axis=(  0.041103  0.927862  0.370651)
     H    6  Q=         1.0000 1e-30 m^2  Cq=         0.8301 MHz  eta= 0.77742

     H    7    Vxx=   -0.0551    axis=( -0.989741  0.122064  0.074247)
     H    7    Vyy=   -0.4459    axis=( -0.139479 -0.712950 -0.687203)
     H    7    Vzz=    0.5010    axis=( -0.030948 -0.690509  0.722662)
     H    7  Q=         1.0000 1e-30 m^2  Cq=         1.1771 MHz  eta= 0.78005

     C    8    Vxx=   -0.0441    axis=(  0.809278  0.568159  0.149211)
     C    8    Vyy=   -0.3547    axis=( -0.140868  0.434301 -0.889685)
     C    8    Vzz=    0.3989    axis=( -0.570285  0.698983  0.431506)
     C    8  Q=         1.0000 1e-30 m^2  Cq=         0.9371 MHz  eta= 0.77886

     H    9    Vxx=   -0.0191    axis=(  0.399593  0.751447 -0.525027)
     H    9    Vyy=   -0.7748    axis=( -0.442910  0.659717  0.607128)
     H    9    Vzz=    0.7939    axis=( -0.802593  0.010064 -0.596442)
     H    9  Q=         1.0000 1e-30 m^2  Cq=         1.8654 MHz  eta= 0.95192

     C   10    Vxx=    0.0562    axis=(  0.129282  0.467000 -0.874756)
     C   10    Vyy=    0.3440    axis=(  0.375076 -0.839648 -0.392823)
     C   10    Vzz=   -0.4002    axis=(  0.917935  0.277315  0.283712)
     C   10  Q=         1.0000 1e-30 m^2  Cq=        -0.9403 MHz  eta= 0.71937

     C   11    Vxx=    0.0427    axis=( -0.725916  0.408695  0.553186)
     C   11    Vyy=    0.3487    axis=( -0.603577 -0.764166 -0.227474)
     C   11    Vzz=   -0.3914    axis=(  0.329759 -0.499018  0.801399)
     C   11  Q=         1.0000 1e-30 m^2  Cq=        -0.9197 MHz  eta= 0.78183

     Cl  12    Vxx=    0.0547    axis=(  0.803857  0.587092 -0.095589)
     Cl  12    Vyy=    1.0005    axis=(  0.169937 -0.380675 -0.908960)
     Cl  12    Vzz=   -1.0552    axis=( -0.570032  0.714429 -0.405777)
     Cl  12  Q=        -8.1650 1e-30 m^2  Cq=        20.2429 MHz  eta= 0.89633

     H   13    Vxx=   -0.0304    axis=( -0.999789 -0.019554 -0.006350)
     H   13    Vyy=   -0.6686    axis=(  0.009319 -0.706328  0.707823)
     H   13    Vzz=    0.6991    axis=(  0.018326 -0.707614 -0.706361)
     H   13  Q=         1.0000 1e-30 m^2  Cq=         1.6426 MHz  eta= 0.91289

     C   14    Vxx=    0.1619    axis=(  0.882665  0.340299 -0.324191)
     C   14    Vyy=    0.4137    axis=(  0.436504 -0.849273  0.296985)
     C   14    Vzz=   -0.5755    axis=(  0.174262  0.403649  0.898165)
     C   14  Q=         1.0000 1e-30 m^2  Cq=        -1.3522 MHz  eta= 0.43753

     H   15    Vxx=   -0.0789    axis=( -0.455505  0.619105  0.639706)
     H   15    Vyy=   -0.7472    axis=(  0.237392  0.777035 -0.582976)
     H   15    Vzz=    0.8261    axis=(  0.857998  0.113687  0.500914)
     H   15  Q=         1.0000 1e-30 m^2  Cq=         1.9410 MHz  eta= 0.80894

     C   16    Vxx=   -0.1667    axis=(  0.719287 -0.309792  0.621816)
     C   16    Vyy=   -0.2960    axis=( -0.687925 -0.192795  0.699707)
     C   16    Vzz=    0.4626    axis=(  0.096880  0.931053  0.351788)
     C   16  Q=         1.0000 1e-30 m^2  Cq=         1.0870 MHz  eta= 0.27939

     C   17    Vxx=    0.1866    axis=(  0.996714  0.079691  0.014506)
     C   17    Vyy=    0.6390    axis=( -0.073053  0.961746 -0.264021)
     C   17    Vzz=   -0.8256    axis=( -0.034991  0.262094  0.964408)
     C   17  Q=         1.0000 1e-30 m^2  Cq=        -1.9398 MHz  eta= 0.54803

     Cl  18    Vxx=   -0.6518    axis=(  0.897654 -0.299479  0.323309)
     Cl  18    Vyy=   -2.2240    axis=( -0.439315 -0.549974  0.710304)
     Cl  18    Vzz=    2.8758    axis=(  0.034910  0.779642  0.625252)
     Cl  18  Q=        -8.1650 1e-30 m^2  Cq=       -55.1710 MHz  eta= 0.54669

     H   19    Vxx=    0.0276    axis=(  0.998125  0.046981 -0.039246)
     H   19    Vyy=    0.6617    axis=( -0.057419  0.940772 -0.334142)
     H   19    Vzz=   -0.6893    axis=(  0.021223  0.335769  0.941705)
     H   19  Q=         1.0000 1e-30 m^2  Cq=        -1.6195 MHz  eta= 0.92000

     C   20    Vxx=   -0.0410    axis=(  0.215704 -0.234140  0.947972)
     C   20    Vyy=   -0.3974    axis=(  0.967601  0.181724 -0.175286)
     C   20    Vzz=    0.4384    axis=( -0.131227  0.955068  0.265752)
     C   20  Q=         1.0000 1e-30 m^2  Cq=         1.0302 MHz  eta= 0.81287

     H   21    Vxx=   -0.0155    axis=( -0.508716 -0.031780  0.860348)
     H   21    Vyy=   -0.5210    axis=(  0.315882  0.922734  0.220862)
     H   21    Vzz=    0.5365    axis=( -0.800891  0.384124 -0.459371)
     H   21  Q=         1.0000 1e-30 m^2  Cq=         1.2607 MHz  eta= 0.94213

     C   22    Vxx=    0.1900    axis=( -0.779413  0.162404  0.605095)
     C   22    Vyy=    0.2252    axis=( -0.428926 -0.842301 -0.326423)
     C   22    Vzz=   -0.4152    axis=(  0.456660 -0.513959  0.726160)
     C   22  Q=         1.0000 1e-30 m^2  Cq=        -0.9755 MHz  eta= 0.08480

     C   23    Vxx=   -0.0519    axis=( -0.440711  0.664269  0.603756)
     C   23    Vyy=   -0.5794    axis=( -0.887742 -0.222878 -0.402790)
     C   23    Vzz=    0.6313    axis=( -0.132997 -0.713493  0.687924)
     C   23  Q=         1.0000 1e-30 m^2  Cq=         1.4834 MHz  eta= 0.83554

     Cl  24    Vxx=   -0.1563    axis=(  0.448926  0.194304  0.872188)
     Cl  24    Vyy=   -3.0737    axis=( -0.605614  0.783861  0.137090)
     Cl  24    Vzz=    3.2300    axis=( -0.657037 -0.589753  0.469568)
     Cl  24  Q=        -8.1650 1e-30 m^2  Cq=       -61.9653 MHz  eta= 0.90324

     Initialization:
     gipaw_setup  :      8.89s CPU     10.86s WALL (       1 calls)

     Linear response

     Apply operators

     Induced current

     Other routines
     efg          :      9.23s CPU     11.53s WALL (       1 calls)

     General routines
     calbec       :      3.19s CPU      3.96s WALL (      16 calls)
     fft          :      1.72s CPU      2.88s WALL (      15 calls)
     ffts         :      0.03s CPU      0.05s WALL (       2 calls)
     fftw         :      3.36s CPU      4.19s WALL (     672 calls)
     davcio       :      0.02s CPU      0.33s WALL (      32 calls)

     Parallel routines
     fft_scatter  :      2.47s CPU      4.29s WALL (     689 calls)

     Plugins

     GIPAW        :     60.41s CPU     74.83s WALL (       1 calls)
