
     Program QE v.6.0 (svn rev. 13079) starts on  2Jan2017 at 18:32: 0 

     This program is part of the open-source Quantum ESPRESSO suite
     for quantum simulation of materials; please cite
         "P. Giannozzi et al., J. Phys.:Condens. Matter 21 395502 (2009);
          URL http://www.quantum-espresso.org", 
     in publications or presentations arising from this work. More details at
     http://www.quantum-espresso.org/quote

     Parallel version (MPI), running on     8 processors
     R & G space division:  proc/nbgrp/npool/nimage =       8

     ***** This is GIPAW svn revision unknown      *****

     Parallelizing q-star over 1 images

     Reading data from directory:
     /users/majewski/paradichlorobenzene/pbe/9_constraint/scratch/pbe.ecut100.np8.dt60.pcl2phi-129368.save
     Message from routine read_xml_file:
     file /users/majewski/paradichlorobenzene/pbe/9_constraint/scratch/pbe.ecut100.np8.dt60.pcl2phi-129368.save not guaranteed to be safe for post-processing

   Info: using nr1, nr2, nr3 values from input

   Info: using nr1, nr2, nr3 values from input

     IMPORTANT: XC functional enforced from input :
     Exchange-correlation      =  SLA  PW   PBX  PBC ( 1  4  3  4 0 0)
     Any further DFT definition will be discarded
     Please, verify this is what you really want

               file C.pbe-n-kjpaw_psl.1.0.0.UPF: wavefunction(s)  2S 2P renormalized
               file Cl.pbe-n-kjpaw_psl.1.0.0.UPF: wavefunction(s)  3S 3P renormalized
               file H.pbe-kjpaw_psl.1.0.0.UPF: wavefunction(s)  1S renormalized

     Parallelization info
     --------------------
     sticks:   dense  smooth     PW     G-vecs:    dense   smooth      PW
     Min        3057    1223    332               144436    36536    5170
     Max        3059    1225    333               144437    36537    5171
     Sum       24467    9791   2657              1155489   292295   41363


     Subspace diagonalization in iterative solution of the eigenvalue problem:
     a serial algorithm will be used

     GIPAW projectors -----------------------------------------------
     atom=  C    l=0  rc=    1.2000  rs=    0.8000
     atom=  C    l=0  rc=    1.2000  rs=    0.8000
     atom=  C    l=1  rc=    1.4000  rs=    0.9333
     atom=  C    l=1  rc=    1.4000  rs=    0.9333
     projs nearly linearly dependent: l=1  n1,n2= 1, 2  s=  0.99951561

     atom=  Cl   l=0  rc=    1.6000  rs=    1.0667
     atom=  Cl   l=0  rc=    1.6000  rs=    1.0667
     atom=  Cl   l=1  rc=    1.6000  rs=    1.0667
     atom=  Cl   l=1  rc=    1.6000  rs=    1.0667
     atom=  Cl   l=2  rc=    1.6000  rs=    1.0667
     atom=  Cl   l=2  rc=    1.6000  rs=    1.0667
     projs nearly linearly dependent: l=2  n1,n2= 1, 2  s=  0.99993509

     atom=  H    l=0  rc=    1.0000  rs=    0.6667
     atom=  H    l=0  rc=    1.0000  rs=    0.6667
     projs nearly linearly dependent: l=0  n1,n2= 1, 2  s=  0.99968852
     -----------------------------------------------------------------

     GIPAW integrals: -------------------------------------------
     Atom  i/j   nmr_para   nmr_dia   epr_rmc  epr_para   epr_dia
       C   1 1   0.83E+03  0.17E-01  0.93E+01  0.24E+08  0.24E+03
       C   2 1   0.86E+03 -0.61E-01  0.94E+01  0.25E+08  0.25E+03
       C   2 2   0.90E+03 -0.15E+00  0.97E+01  0.26E+08  0.26E+03
       C   3 3   0.33E+01  0.34E+00  0.18E+01  0.55E+03  0.21E+02
       C   4 3   0.35E+01  0.37E+00  0.20E+01  0.59E+03  0.22E+02
       C   4 4   0.38E+01  0.39E+00  0.22E+01  0.63E+03  0.24E+02
       Cl  1 1   0.14E+04 -0.47E+00  0.84E+01  0.32E+09  0.42E+03
       Cl  2 1   0.21E+04 -0.37E+00  0.12E+02  0.49E+09  0.65E+03
       Cl  2 2   0.33E+04 -0.16E+00  0.21E+02  0.76E+09  0.10E+04
       Cl  3 3   0.21E+02  0.79E-01  0.89E+01  0.23E+05  0.13E+03
       Cl  4 3   0.24E+02  0.67E-01  0.99E+01  0.27E+05  0.15E+03
       Cl  4 4   0.28E+02  0.44E-01  0.11E+02  0.32E+05  0.18E+03
       Cl  5 5   0.77E+00  0.19E+00  0.18E+01  0.12E+03  0.22E+02
       Cl  6 5   0.80E+00  0.19E+00  0.19E+01  0.12E+03  0.23E+02
       Cl  6 6   0.83E+00  0.20E+00  0.19E+01  0.12E+03  0.23E+02
       H   1 1   0.39E+02  0.19E+00  0.29E+00  0.78E+05  0.13E+02
       H   2 1   0.41E+02  0.21E+00  0.32E+00  0.82E+05  0.14E+02
       H   2 2   0.43E+02  0.22E+00  0.36E+00  0.86E+05  0.15E+02
     ------------------------------------------------------------

     alpha_pv=     34.0236 eV

     Number of occupied bands for each k-point:
     k-point:     1    nbnd_occ=  42
     k-point:     2    nbnd_occ=  42
     k-point:     3    nbnd_occ=  42
     k-point:     4    nbnd_occ=  42
     k-point:     5    nbnd_occ=  42
     k-point:     6    nbnd_occ=  42
     k-point:     7    nbnd_occ=  42
     k-point:     8    nbnd_occ=  42
     k-point:     9    nbnd_occ=  42
     k-point:    10    nbnd_occ=  42
     k-point:    11    nbnd_occ=  42
     k-point:    12    nbnd_occ=  42
     k-point:    13    nbnd_occ=  42
     k-point:    14    nbnd_occ=  42
     k-point:    15    nbnd_occ=  42
     k-point:    16    nbnd_occ=  42


     q-space interpolation up to   110.00 Rydberg

     GIPAW job: efg                                                                             


     ELECTRIC FIELD GRADIENTS TENSORS IN Hartree/bohrradius^2:

     ----- bare term -----
     Cl   1        0.021856       -0.023671       -0.149607
     Cl   1       -0.023671       -0.057761       -0.068356
     Cl   1       -0.149607       -0.068356        0.035905

     C    2       -0.464473        0.229756       -0.358262
     C    2        0.229756        0.075799       -0.273015
     C    2       -0.358262       -0.273015        0.388673

     C    3       -0.031984        0.045944       -0.318523
     C    3        0.045944       -0.373901       -0.481712
     C    3       -0.318523       -0.481712        0.405885

     H    4       -0.641657       -0.109953       -0.078521
     H    4       -0.109953        0.404012       -0.225350
     H    4       -0.078521       -0.225350        0.237645

     C    5       -0.799726        0.355849       -0.394449
     C    5        0.355849        0.396978       -0.134699
     C    5       -0.394449       -0.134699        0.402749

     H    6        0.221436        0.008400       -0.093171
     H    6        0.008400       -0.440244       -0.577520
     H    6       -0.093171       -0.577520        0.218808

     H    7        0.093972        0.443835       -0.202018
     H    7        0.443835       -0.357958        0.421202
     H    7       -0.202018        0.421202        0.263985

     C    8       -0.004888       -0.526836        0.024381
     C    8       -0.526836       -0.339544        0.362975
     C    8        0.024381        0.362975        0.344432

     H    9       -0.575326        0.460782       -0.009354
     H    9        0.460782        0.277520        0.000241
     H    9       -0.009354        0.000241        0.297807

     C   10       -0.285276       -0.323054       -0.374477
     C   10       -0.323054       -0.028409        0.435722
     C   10       -0.374477        0.435722        0.313684

     C   11       -0.082770       -0.161702       -0.254077
     C   11       -0.161702       -0.008919        0.688588
     C   11       -0.254077        0.688588        0.091689

     Cl  12       -0.023261       -0.135868        0.018677
     Cl  12       -0.135868        0.026904       -0.092245
     Cl  12        0.018677       -0.092245       -0.003643

     H   13        0.425131       -0.072596       -0.031959
     H   13       -0.072596       -0.689166        0.193672
     H   13       -0.031959        0.193672        0.264035

     C   14       -0.160465       -0.017673       -0.227842
     C   14       -0.017673       -0.034550       -0.395008
     C   14       -0.227842       -0.395008        0.195015

     H   15       -0.286128       -0.486693        0.070316
     H   15       -0.486693       -0.000492        0.166563
     H   15        0.070316        0.166563        0.286621

     C   16       -0.331951        0.182464        0.022249
     C   16        0.182464        0.010286       -0.089554
     C   16        0.022249       -0.089554        0.321665

     C   17       -0.009899       -0.016699       -0.258259
     C   17       -0.016699        0.054911       -0.665376
     C   17       -0.258259       -0.665376       -0.045012

     Cl  18       -0.202218        0.213093       -0.017065
     Cl  18        0.213093        0.189721       -0.035594
     Cl  18       -0.017065       -0.035594        0.012497

     H   19        0.491733        0.044690        0.075808
     H   19        0.044690       -0.200016        0.366546
     H   19        0.075808        0.366546       -0.291716

     C   20       -0.679483       -0.355671       -0.287586
     C   20       -0.355671        0.316743        0.332033
     C   20       -0.287586        0.332033        0.362741

     H   21       -0.344771       -0.120768       -0.469420
     H   21       -0.120768        0.054268        0.140487
     H   21       -0.469420        0.140487        0.290503

     C   22       -0.023384       -0.232532       -0.165410
     C   22       -0.232532       -0.199250        0.541794
     C   22       -0.165410        0.541794        0.222634

     C   23       -0.645499       -0.230659       -0.315464
     C   23       -0.230659        0.199074        0.089996
     C   23       -0.315464        0.089996        0.446425

     Cl  24       -0.102777        0.014289       -0.001516
     Cl  24        0.014289       -0.084209       -0.038342
     Cl  24       -0.001516       -0.038342        0.186986

     ----- ionic term -----
     Cl   1        0.187646       -0.200950       -0.022365
     Cl   1       -0.200950       -0.051433        0.013323
     Cl   1       -0.022365        0.013323       -0.136213

     C    2        0.300083       -0.045089        0.113320
     C    2       -0.045089        0.138077        0.396131
     C    2        0.113320        0.396131       -0.438159

     C    3        0.245893       -0.183400        0.115679
     C    3       -0.183400        0.166425        0.384996
     C    3        0.115679        0.384996       -0.412319

     H    4        0.728288        0.369653        0.556264
     H    4        0.369653       -0.388912        0.232102
     H    4        0.556264        0.232102       -0.339376

     C    5        0.357107       -0.178434        0.178792
     C    5       -0.178434        0.056981        0.308548
     C    5        0.178792        0.308548       -0.414088

     H    6       -0.497226       -0.103538       -0.029368
     H    6       -0.103538        0.760008        0.621409
     H    6       -0.029368        0.621409       -0.262782

     H    7       -0.505316       -0.221254        0.123543
     H    7       -0.221254        0.689416       -0.696234
     H    7        0.123543       -0.696234       -0.184100

     C    8        0.269442        0.145651        0.164835
     C    8        0.145651        0.078595       -0.332028
     C    8        0.164835       -0.332028       -0.348036

     H    9        0.811658       -0.369454        0.486296
     H    9       -0.369454       -0.449280       -0.222752
     H    9        0.486296       -0.222752       -0.362378

     C   10        0.134338        0.197521        0.088129
     C   10        0.197521        0.181708       -0.482558
     C   10        0.088129       -0.482558       -0.316046

     C   11        0.163015        0.153631        0.140673
     C   11        0.153631        0.106372       -0.501223
     C   11        0.140673       -0.501223       -0.269386

     Cl  12        0.114167        0.206905       -0.060256
     Cl  12        0.206905        0.016260       -0.047956
     Cl  12       -0.060256       -0.047956       -0.130427

     H   13       -0.507716        0.031025       -0.014390
     H   13        0.031025        0.925399        0.485901
     H   13       -0.014390        0.485901       -0.417683

     C   14        0.379759       -0.119451        0.112045
     C   14       -0.119451        0.148101        0.255818
     C   14        0.112045        0.255818       -0.527859

     H   15        0.841804        0.365498        0.491741
     H   15        0.365498       -0.384428        0.190518
     H   15        0.491741        0.190518       -0.457376

     C   16        0.260210       -0.170064        0.122937
     C   16       -0.170064        0.266406        0.316871
     C   16        0.122937        0.316871       -0.526616

     C   17        0.202423       -0.077908        0.255672
     C   17       -0.077908        0.263289        0.342295
     C   17        0.255672        0.342295       -0.465713

     Cl  18        0.134704       -0.190702        0.020707
     Cl  18       -0.190702        0.025897       -0.002887
     Cl  18        0.020707       -0.002887       -0.160601

     H   19       -0.504653        0.001647        0.010651
     H   19        0.001647        0.518545       -0.780534
     H   19        0.010651       -0.780534       -0.013892

     C   20        0.299159        0.230071        0.153129
     C   20        0.230071        0.012060       -0.340039
     C   20        0.153129       -0.340039       -0.311220

     H   21        0.649768       -0.206044        0.666863
     H   21       -0.206044       -0.487311       -0.190619
     H   21        0.666863       -0.190619       -0.162457

     C   22        0.196100        0.258951        0.137532
     C   22        0.258951        0.071627       -0.400684
     C   22        0.137532       -0.400684       -0.267726

     C   23        0.258804        0.128632        0.178409
     C   23        0.128632        0.003801       -0.404349
     C   23        0.178409       -0.404349       -0.262605

     Cl  24        0.157028        0.196468       -0.023990
     Cl  24        0.196468       -0.025245       -0.018538
     Cl  24       -0.023990       -0.018538       -0.131783

     ----- GIPAW term -----
     Cl   1        1.612569       -1.796870       -1.911244
     Cl   1       -1.796870       -0.975804       -0.523253
     Cl   1       -1.911244       -0.523253       -0.636765

     C    2       -0.051222       -0.132213       -0.086573
     C    2       -0.132213        0.101372        0.034919
     C    2       -0.086573        0.034919       -0.050150

     C    3       -0.043051       -0.076483       -0.139873
     C    3       -0.076483       -0.059680        0.033200
     C    3       -0.139873        0.033200        0.102730

     H    4       -0.000000        0.000000        0.000000
     H    4        0.000000        0.000000        0.000000
     H    4        0.000000        0.000000        0.000000

     C    5       -0.223797        0.044815       -0.051055
     C    5        0.044815        0.256392        0.062320
     C    5       -0.051055        0.062320       -0.032595

     H    6       -0.000000        0.000000        0.000000
     H    6        0.000000        0.000000        0.000000
     H    6        0.000000        0.000000        0.000000

     H    7       -0.000000        0.000000        0.000000
     H    7        0.000000        0.000000        0.000000
     H    7        0.000000        0.000000        0.000000

     C    8        0.045979       -0.242232        0.117566
     C    8       -0.242232       -0.024672       -0.032589
     C    8        0.117566       -0.032589       -0.021306

     H    9       -0.000000        0.000000        0.000000
     H    9        0.000000        0.000000        0.000000
     H    9        0.000000        0.000000        0.000000

     C   10       -0.039485       -0.150440       -0.149221
     C   10       -0.150440        0.054667        0.119920
     C   10       -0.149221        0.119920       -0.015182

     C   11       -0.005983       -0.042153       -0.088756
     C   11       -0.042153        0.133878        0.203481
     C   11       -0.088756        0.203481       -0.127895

     Cl  12       -0.723927        0.513655       -0.686521
     Cl  12        0.513655       -0.551622        1.583996
     Cl  12       -0.686521        1.583996        1.275549

     H   13       -0.000000        0.000000        0.000000
     H   13        0.000000        0.000000        0.000000
     H   13        0.000000        0.000000        0.000000

     C   14       -0.089306        0.009742       -0.027242
     C   14        0.009742        0.105053       -0.192453
     C   14       -0.027242       -0.192453       -0.015746

     H   15       -0.000000        0.000000        0.000000
     H   15        0.000000        0.000000        0.000000
     H   15        0.000000        0.000000        0.000000

     C   16       -0.080766        0.012176       -0.000140
     C   16        0.012176        0.073199       -0.062333
     C   16       -0.000140       -0.062333        0.007568

     C   17       -0.056308       -0.042432       -0.035690
     C   17       -0.042432        0.265840       -0.097816
     C   17       -0.035690       -0.097816       -0.209531

     Cl  18        0.024675       -0.992856       -0.191139
     Cl  18       -0.992856        1.850070       -0.267883
     Cl  18       -0.191139       -0.267883       -1.874745

     H   19       -0.000000        0.000000        0.000000
     H   19        0.000000        0.000000        0.000000
     H   19        0.000000        0.000000        0.000000

     C   20       -0.202026       -0.041302       -0.026160
     C   20       -0.041302        0.221200        0.130263
     C   20       -0.026160        0.130263       -0.019174

     H   21       -0.000000        0.000000        0.000000
     H   21        0.000000        0.000000        0.000000
     H   21        0.000000        0.000000        0.000000

     C   22       -0.096272       -0.036898       -0.015774
     C   22       -0.036898        0.156047       -0.012471
     C   22       -0.015774       -0.012471       -0.059775

     C   23       -0.129911       -0.018634        0.044375
     C   23       -0.018634        0.076194       -0.179872
     C   23        0.044375       -0.179872        0.053717

     Cl  24       -0.418190        1.869935       -0.434315
     Cl  24        1.869935       -1.285844       -0.779136
     Cl  24       -0.434315       -0.779136        1.704034

     ----- total EFG -----
     Cl   1        1.822071       -2.021490       -2.083216
     Cl   1       -2.021490       -1.084998       -0.578286
     Cl   1       -2.083216       -0.578286       -0.737073

     C    2       -0.215612        0.052455       -0.331514
     C    2        0.052455        0.315248        0.158035
     C    2       -0.331514        0.158035       -0.099636

     C    3        0.170858       -0.213939       -0.342717
     C    3       -0.213939       -0.267155       -0.063517
     C    3       -0.342717       -0.063517        0.096297

     H    4        0.086631        0.259700        0.477742
     H    4        0.259700        0.015100        0.006753
     H    4        0.477742        0.006753       -0.101731

     C    5       -0.666416        0.222230       -0.266713
     C    5        0.222230        0.710351        0.236169
     C    5       -0.266713        0.236169       -0.043935

     H    6       -0.275790       -0.095138       -0.122539
     H    6       -0.095138        0.319764        0.043889
     H    6       -0.122539        0.043889       -0.043974

     H    7       -0.411344        0.222581       -0.078475
     H    7        0.222581        0.331458       -0.275032
     H    7       -0.078475       -0.275032        0.079886

     C    8        0.310532       -0.623417        0.306783
     C    8       -0.623417       -0.285622       -0.001643
     C    8        0.306783       -0.001643       -0.024911

     H    9        0.236332        0.091328        0.476942
     H    9        0.091328       -0.171760       -0.222511
     H    9        0.476942       -0.222511       -0.064571

     C   10       -0.190422       -0.275972       -0.435570
     C   10       -0.275972        0.207966        0.073084
     C   10       -0.435570        0.073084       -0.017544

     C   11        0.074262       -0.050225       -0.202160
     C   11       -0.050225        0.231331        0.390847
     C   11       -0.202160        0.390847       -0.305593

     Cl  12       -0.633022        0.584692       -0.728100
     Cl  12        0.584692       -0.508458        1.443796
     Cl  12       -0.728100        1.443796        1.141480

     H   13       -0.082585       -0.041571       -0.046349
     H   13       -0.041571        0.236233        0.679573
     H   13       -0.046349        0.679573       -0.153648

     C   14        0.129988       -0.127382       -0.143039
     C   14       -0.127382        0.218603       -0.331643
     C   14       -0.143039       -0.331643       -0.348591

     H   15        0.555675       -0.121195        0.562057
     H   15       -0.121195       -0.384920        0.357081
     H   15        0.562057        0.357081       -0.170755

     C   16       -0.152507        0.024576        0.145046
     C   16        0.024576        0.349891        0.164985
     C   16        0.145046        0.164985       -0.197384

     C   17        0.136216       -0.137039       -0.038278
     C   17       -0.137039        0.584040       -0.420897
     C   17       -0.038278       -0.420897       -0.720256

     Cl  18       -0.042838       -0.970465       -0.187497
     Cl  18       -0.970465        2.065688       -0.306365
     Cl  18       -0.187497       -0.306365       -2.022850

     H   19       -0.012920        0.046337        0.086459
     H   19        0.046337        0.318529       -0.413989
     H   19        0.086459       -0.413989       -0.305608

     C   20       -0.582351       -0.166901       -0.160618
     C   20       -0.166901        0.550003        0.122257
     C   20       -0.160618        0.122257        0.032347

     H   21        0.304997       -0.326812        0.197443
     H   21       -0.326812       -0.433043       -0.050132
     H   21        0.197443       -0.050132        0.128046

     C   22        0.076444       -0.010479       -0.043652
     C   22       -0.010479        0.028424        0.128639
     C   22       -0.043652        0.128639       -0.104867

     C   23       -0.516606       -0.120661       -0.092680
     C   23       -0.120661        0.279069       -0.494224
     C   23       -0.092680       -0.494224        0.237537

     Cl  24       -0.363939        2.080692       -0.459821
     Cl  24        2.080692       -1.395298       -0.836016
     Cl  24       -0.459821       -0.836016        1.759237

     ----- total EFG (symmetrized) -----
     Cl   1        1.822071       -2.021490       -2.083216
     Cl   1       -2.021490       -1.084998       -0.578286
     Cl   1       -2.083216       -0.578286       -0.737073

     C    2       -0.215612        0.052455       -0.331514
     C    2        0.052455        0.315248        0.158035
     C    2       -0.331514        0.158035       -0.099636

     C    3        0.170858       -0.213939       -0.342717
     C    3       -0.213939       -0.267155       -0.063517
     C    3       -0.342717       -0.063517        0.096297

     H    4        0.086631        0.259700        0.477742
     H    4        0.259700        0.015100        0.006753
     H    4        0.477742        0.006753       -0.101731

     C    5       -0.666416        0.222230       -0.266713
     C    5        0.222230        0.710351        0.236169
     C    5       -0.266713        0.236169       -0.043935

     H    6       -0.275790       -0.095138       -0.122539
     H    6       -0.095138        0.319764        0.043889
     H    6       -0.122539        0.043889       -0.043974

     H    7       -0.411344        0.222581       -0.078475
     H    7        0.222581        0.331458       -0.275032
     H    7       -0.078475       -0.275032        0.079886

     C    8        0.310532       -0.623417        0.306783
     C    8       -0.623417       -0.285622       -0.001643
     C    8        0.306783       -0.001643       -0.024911

     H    9        0.236332        0.091328        0.476942
     H    9        0.091328       -0.171760       -0.222511
     H    9        0.476942       -0.222511       -0.064571

     C   10       -0.190422       -0.275972       -0.435570
     C   10       -0.275972        0.207966        0.073084
     C   10       -0.435570        0.073084       -0.017544

     C   11        0.074262       -0.050225       -0.202160
     C   11       -0.050225        0.231331        0.390847
     C   11       -0.202160        0.390847       -0.305593

     Cl  12       -0.633022        0.584692       -0.728100
     Cl  12        0.584692       -0.508458        1.443796
     Cl  12       -0.728100        1.443796        1.141480

     H   13       -0.082585       -0.041571       -0.046349
     H   13       -0.041571        0.236233        0.679573
     H   13       -0.046349        0.679573       -0.153648

     C   14        0.129988       -0.127382       -0.143039
     C   14       -0.127382        0.218603       -0.331643
     C   14       -0.143039       -0.331643       -0.348591

     H   15        0.555675       -0.121195        0.562057
     H   15       -0.121195       -0.384920        0.357081
     H   15        0.562057        0.357081       -0.170755

     C   16       -0.152507        0.024576        0.145046
     C   16        0.024576        0.349891        0.164985
     C   16        0.145046        0.164985       -0.197384

     C   17        0.136216       -0.137039       -0.038278
     C   17       -0.137039        0.584040       -0.420897
     C   17       -0.038278       -0.420897       -0.720256

     Cl  18       -0.042838       -0.970465       -0.187497
     Cl  18       -0.970465        2.065688       -0.306365
     Cl  18       -0.187497       -0.306365       -2.022850

     H   19       -0.012920        0.046337        0.086459
     H   19        0.046337        0.318529       -0.413989
     H   19        0.086459       -0.413989       -0.305608

     C   20       -0.582351       -0.166901       -0.160618
     C   20       -0.166901        0.550003        0.122257
     C   20       -0.160618        0.122257        0.032347

     H   21        0.304997       -0.326812        0.197443
     H   21       -0.326812       -0.433043       -0.050132
     H   21        0.197443       -0.050132        0.128046

     C   22        0.076444       -0.010479       -0.043652
     C   22       -0.010479        0.028424        0.128639
     C   22       -0.043652        0.128639       -0.104867

     C   23       -0.516606       -0.120661       -0.092680
     C   23       -0.120661        0.279069       -0.494224
     C   23       -0.092680       -0.494224        0.237537

     Cl  24       -0.363939        2.080692       -0.459821
     Cl  24        2.080692       -1.395298       -0.836016
     Cl  24       -0.459821       -0.836016        1.759237


     NQR/NMR SPECTROSCOPIC PARAMETERS:
     Cl   1    Vxx=   -0.3310    axis=(  0.050797 -0.689984  0.722040)
     Cl   1    Vyy=   -3.1809    axis=( -0.501007 -0.643027 -0.579231)
     Cl   1    Vzz=    3.5120    axis=( -0.863951  0.332324  0.378350)
     Cl   1  Q=        -8.1650 1e-30 m^2  Cq=       -67.3750 MHz  eta= 0.81149

     C    2    Vxx=    0.1418    axis=( -0.656307 -0.390009  0.645875)
     C    2    Vyy=    0.3768    axis=( -0.143871  0.905020  0.400299)
     C    2    Vzz=   -0.5186    axis=( -0.740650  0.169796 -0.650082)
     C    2  Q=         1.0000 1e-30 m^2  Cq=        -1.2185 MHz  eta= 0.45314

     C    3    Vxx=   -0.0574    axis=( -0.413382  0.622869 -0.664191)
     C    3    Vyy=   -0.4400    axis=(  0.497222  0.765491  0.408403)
     C    3    Vzz=    0.4974    axis=(  0.762814 -0.161424 -0.626144)
     C    3  Q=         1.0000 1e-30 m^2  Cq=         1.1688 MHz  eta= 0.76906

     H    4    Vxx=   -0.0163    axis=(  0.094704 -0.883049  0.459626)
     H    4    Vyy=   -0.5437    axis=(  0.651305 -0.294215 -0.699456)
     H    4    Vzz=    0.5600    axis=(  0.752883  0.365598  0.547271)
     H    4  Q=         1.0000 1e-30 m^2  Cq=         1.3158 MHz  eta= 0.94190

     C    5    Vxx=    0.0283    axis=( -0.402191 -0.179794  0.897728)
     C    5    Vyy=    0.7927    axis=( -0.103233 -0.965370 -0.239591)
     C    5    Vzz=   -0.8210    axis=(  0.909717 -0.189037  0.369703)
     C    5  Q=         1.0000 1e-30 m^2  Cq=        -1.9290 MHz  eta= 0.93117

     H    6    Vxx=   -0.0089    axis=( -0.340856 -0.220721  0.913838)
     H    6    Vyy=   -0.3362    axis=( -0.922456 -0.109000 -0.370397)
     H    6    Vzz=    0.3451    axis=(  0.181363 -0.969227 -0.166452)
     H    6  Q=         1.0000 1e-30 m^2  Cq=         0.8109 MHz  eta= 0.94860

     H    7    Vxx=   -0.0896    axis=(  0.131012  0.492698  0.860282)
     H    7    Vyy=   -0.4729    axis=( -0.964209  0.265095 -0.004986)
     H    7    Vzz=    0.5625    axis=( -0.230513 -0.828839  0.509794)
     H    7  Q=         1.0000 1e-30 m^2  Cq=         1.3217 MHz  eta= 0.68151

     C    8    Vxx=   -0.0695    axis=( -0.131430  0.372058  0.918857)
     C    8    Vyy=   -0.7192    axis=( -0.554317 -0.796031  0.243037)
     C    8    Vzz=    0.7887    axis=(  0.821863 -0.477396  0.310860)
     C    8  Q=         1.0000 1e-30 m^2  Cq=         1.8531 MHz  eta= 0.82387

     H    9    Vxx=   -0.0339    axis=(  0.372319  0.849579 -0.373622)
     H    9    Vyy=   -0.5568    axis=( -0.483085  0.521130  0.703599)
     H    9    Vzz=    0.5907    axis=(  0.792469 -0.081473  0.604446)
     H    9  Q=         1.0000 1e-30 m^2  Cq=         1.3880 MHz  eta= 0.88529

     C   10    Vxx=    0.0613    axis=(  0.237427  0.752675 -0.614091)
     C   10    Vyy=    0.5246    axis=(  0.568568 -0.620247 -0.540393)
     C   10    Vzz=   -0.5859    axis=(  0.787628  0.220849  0.575211)
     C   10  Q=         1.0000 1e-30 m^2  Cq=        -1.3766 MHz  eta= 0.79080

     C   11    Vxx=    0.0647    axis=(  0.908554  0.413497 -0.059578)
     C   11    Vyy=    0.4865    axis=(  0.335901 -0.807838 -0.484322)
     C   11    Vzz=   -0.5512    axis=( -0.248396  0.420020 -0.872859)
     C   11  Q=         1.0000 1e-30 m^2  Cq=        -1.2951 MHz  eta= 0.76538

     Cl  12    Vxx=   -0.0857    axis=(  0.815388  0.554001 -0.168006)
     Cl  12    Vyy=   -1.9401    axis=( -0.562526  0.689641 -0.456026)
     Cl  12    Vzz=    2.0258    axis=( -0.136775  0.466345  0.873965)
     Cl  12  Q=        -8.1650 1e-30 m^2  Cq=       -38.8646 MHz  eta= 0.91535

     H   13    Vxx=   -0.0868    axis=(  0.997122  0.070701  0.027388)
     H   13    Vyy=   -0.6659    axis=( -0.020662  0.600932 -0.799033)
     H   13    Vzz=    0.7527    axis=( -0.072950  0.796167  0.600663)
     H   13  Q=         1.0000 1e-30 m^2  Cq=         1.7686 MHz  eta= 0.76936

     C   14    Vxx=    0.1652    axis=(  0.932933  0.122281 -0.338649)
     C   14    Vyy=    0.3857    axis=(  0.248008 -0.900094  0.358221)
     C   14    Vzz=   -0.5509    axis=(  0.261013  0.418184  0.870054)
     C   14  Q=         1.0000 1e-30 m^2  Cq=        -1.2944 MHz  eta= 0.40021

     H   15    Vxx=   -0.0590    axis=(  0.363094 -0.746219 -0.557961)
     H   15    Vyy=   -0.8063    axis=(  0.335135  0.663346 -0.669071)
     H   15    Vzz=    0.8653    axis=(  0.869395  0.055943  0.490941)
     H   15  Q=         1.0000 1e-30 m^2  Cq=         2.0330 MHz  eta= 0.86373

     C   16    Vxx=   -0.0628    axis=(  0.799885 -0.263250  0.539335)
     C   16    Vyy=   -0.3404    axis=(  0.588530  0.168060 -0.790815)
     C   16    Vzz=    0.4032    axis=(  0.117541  0.949976  0.289359)
     C   16  Q=         1.0000 1e-30 m^2  Cq=         0.9473 MHz  eta= 0.68850

     C   17    Vxx=    0.1175    axis=(  0.976888  0.169740 -0.129915)
     C   17    Vyy=    0.7326    axis=( -0.199401  0.942609 -0.267820)
     C   17    Vzz=   -0.8501    axis=(  0.076999  0.287535  0.954670)
     C   17  Q=         1.0000 1e-30 m^2  Cq=        -1.9974 MHz  eta= 0.72358

     Cl  18    Vxx=   -0.3724    axis=(  0.922843  0.346081 -0.169082)
     Cl  18    Vyy=   -2.0825    axis=(  0.140747  0.105629  0.984395)
     Cl  18    Vzz=    2.4550    axis=(  0.358541 -0.932239  0.048769)
     Cl  18  Q=        -8.1650 1e-30 m^2  Cq=       -47.0971 MHz  eta= 0.69659

     H   19    Vxx=    0.0056    axis=(  0.982512  0.078122  0.169016)
     H   19    Vyy=    0.5249    axis=( -0.005485 -0.895189  0.445654)
     H   19    Vzz=   -0.5305    axis=(  0.186117 -0.438788 -0.879105)
     H   19  Q=         1.0000 1e-30 m^2  Cq=        -1.2466 MHz  eta= 0.97875

     C   20    Vxx=    0.0262    axis=( -0.173807 -0.276009  0.945309)
     C   20    Vyy=    0.6110    axis=( -0.166848  0.954295  0.247956)
     C   20    Vzz=   -0.6371    axis=( -0.970543 -0.114626 -0.211915)
     C   20  Q=         1.0000 1e-30 m^2  Cq=        -1.4970 MHz  eta= 0.91781

     H   21    Vxx=    0.0270    axis=( -0.407788  0.192411  0.892573)
     H   21    Vyy=    0.5308    axis=( -0.838611  0.307743 -0.449474)
     H   21    Vzz=   -0.5578    axis=( -0.361166 -0.931812  0.035864)
     H   21  Q=         1.0000 1e-30 m^2  Cq=        -1.3106 MHz  eta= 0.90307

     C   22    Vxx=    0.0594    axis=(  0.825898  0.529090  0.194822)
     C   22    Vyy=    0.1276    axis=( -0.550557  0.682292  0.481004)
     C   22    Vzz=   -0.1870    axis=(  0.121569 -0.504521  0.854798)
     C   22  Q=         1.0000 1e-30 m^2  Cq=        -0.4394 MHz  eta= 0.36435

     C   23    Vxx=   -0.1710    axis=( -0.398479  0.627603  0.668827)
     C   23    Vyy=   -0.5824    axis=( -0.916993 -0.287242 -0.276796)
     C   23    Vzz=    0.7534    axis=(  0.018398 -0.723607  0.689967)
     C   23  Q=         1.0000 1e-30 m^2  Cq=         1.7702 MHz  eta= 0.54603

     Cl  24    Vxx=    0.6139    axis=(  0.669362  0.445910  0.594238)
     Cl  24    Vyy=    2.4397    axis=( -0.436457 -0.411253  0.800235)
     Cl  24    Vzz=   -3.0536    axis=( -0.601215  0.795006  0.080656)
     Cl  24  Q=        -8.1650 1e-30 m^2  Cq=        58.5821 MHz  eta= 0.59789

     Initialization:
     gipaw_setup  :      8.82s CPU     10.61s WALL (       1 calls)

     Linear response

     Apply operators

     Induced current

     Other routines
     efg          :      9.38s CPU     12.24s WALL (       1 calls)

     General routines
     calbec       :      3.40s CPU      4.68s WALL (      16 calls)
     fft          :      1.76s CPU      2.82s WALL (      15 calls)
     ffts         :      0.02s CPU      0.04s WALL (       2 calls)
     fftw         :      3.19s CPU      4.08s WALL (     672 calls)
     davcio       :      0.03s CPU      0.34s WALL (      32 calls)

     Parallel routines
     fft_scatter  :      2.36s CPU      4.04s WALL (     689 calls)

     Plugins

     GIPAW        :     60.96s CPU     73.84s WALL (       1 calls)
