
     Program QE v.6.0 (svn rev. 13079) starts on  3Jan2017 at  9:43:28 

     This program is part of the open-source Quantum ESPRESSO suite
     for quantum simulation of materials; please cite
         "P. Giannozzi et al., J. Phys.:Condens. Matter 21 395502 (2009);
          URL http://www.quantum-espresso.org", 
     in publications or presentations arising from this work. More details at
     http://www.quantum-espresso.org/quote

     Parallel version (MPI), running on     8 processors
     R & G space division:  proc/nbgrp/npool/nimage =       8

     ***** This is GIPAW svn revision unknown      *****

     Parallelizing q-star over 1 images

     Reading data from directory:
     /users/majewski/paradichlorobenzene/pbe/9_constraint/scratch/pbe.ecut100.np8.dt60.pcl2phi-129368.save
     Message from routine read_xml_file:
     file /users/majewski/paradichlorobenzene/pbe/9_constraint/scratch/pbe.ecut100.np8.dt60.pcl2phi-129368.save not guaranteed to be safe for post-processing

   Info: using nr1, nr2, nr3 values from input

   Info: using nr1, nr2, nr3 values from input

     IMPORTANT: XC functional enforced from input :
     Exchange-correlation      =  SLA  PW   PBX  PBC ( 1  4  3  4 0 0)
     Any further DFT definition will be discarded
     Please, verify this is what you really want

               file C.pbe-n-kjpaw_psl.1.0.0.UPF: wavefunction(s)  2S 2P renormalized
               file Cl.pbe-n-kjpaw_psl.1.0.0.UPF: wavefunction(s)  3S 3P renormalized
               file H.pbe-kjpaw_psl.1.0.0.UPF: wavefunction(s)  1S renormalized

     Parallelization info
     --------------------
     sticks:   dense  smooth     PW     G-vecs:    dense   smooth      PW
     Min        3057    1223    332               144436    36536    5170
     Max        3059    1225    333               144437    36537    5171
     Sum       24467    9791   2657              1155489   292295   41363


     Subspace diagonalization in iterative solution of the eigenvalue problem:
     a serial algorithm will be used

     GIPAW projectors -----------------------------------------------
     atom=  C    l=0  rc=    1.2000  rs=    0.8000
     atom=  C    l=0  rc=    1.2000  rs=    0.8000
     atom=  C    l=1  rc=    1.4000  rs=    0.9333
     atom=  C    l=1  rc=    1.4000  rs=    0.9333
     projs nearly linearly dependent: l=1  n1,n2= 1, 2  s=  0.99951561

     atom=  Cl   l=0  rc=    1.6000  rs=    1.0667
     atom=  Cl   l=0  rc=    1.6000  rs=    1.0667
     atom=  Cl   l=1  rc=    1.6000  rs=    1.0667
     atom=  Cl   l=1  rc=    1.6000  rs=    1.0667
     atom=  Cl   l=2  rc=    1.6000  rs=    1.0667
     atom=  Cl   l=2  rc=    1.6000  rs=    1.0667
     projs nearly linearly dependent: l=2  n1,n2= 1, 2  s=  0.99993509

     atom=  H    l=0  rc=    1.0000  rs=    0.6667
     atom=  H    l=0  rc=    1.0000  rs=    0.6667
     projs nearly linearly dependent: l=0  n1,n2= 1, 2  s=  0.99968852
     -----------------------------------------------------------------

     GIPAW integrals: -------------------------------------------
     Atom  i/j   nmr_para   nmr_dia   epr_rmc  epr_para   epr_dia
       C   1 1   0.83E+03  0.17E-01  0.93E+01  0.24E+08  0.24E+03
       C   2 1   0.86E+03 -0.61E-01  0.94E+01  0.25E+08  0.25E+03
       C   2 2   0.90E+03 -0.15E+00  0.97E+01  0.26E+08  0.26E+03
       C   3 3   0.33E+01  0.34E+00  0.18E+01  0.55E+03  0.21E+02
       C   4 3   0.35E+01  0.37E+00  0.20E+01  0.59E+03  0.22E+02
       C   4 4   0.38E+01  0.39E+00  0.22E+01  0.63E+03  0.24E+02
       Cl  1 1   0.14E+04 -0.47E+00  0.84E+01  0.32E+09  0.42E+03
       Cl  2 1   0.21E+04 -0.37E+00  0.12E+02  0.49E+09  0.65E+03
       Cl  2 2   0.33E+04 -0.16E+00  0.21E+02  0.76E+09  0.10E+04
       Cl  3 3   0.21E+02  0.79E-01  0.89E+01  0.23E+05  0.13E+03
       Cl  4 3   0.24E+02  0.67E-01  0.99E+01  0.27E+05  0.15E+03
       Cl  4 4   0.28E+02  0.44E-01  0.11E+02  0.32E+05  0.18E+03
       Cl  5 5   0.77E+00  0.19E+00  0.18E+01  0.12E+03  0.22E+02
       Cl  6 5   0.80E+00  0.19E+00  0.19E+01  0.12E+03  0.23E+02
       Cl  6 6   0.83E+00  0.20E+00  0.19E+01  0.12E+03  0.23E+02
       H   1 1   0.39E+02  0.19E+00  0.29E+00  0.78E+05  0.13E+02
       H   2 1   0.41E+02  0.21E+00  0.32E+00  0.82E+05  0.14E+02
       H   2 2   0.43E+02  0.22E+00  0.36E+00  0.86E+05  0.15E+02
     ------------------------------------------------------------

     alpha_pv=     34.5328 eV

     Number of occupied bands for each k-point:
     k-point:     1    nbnd_occ=  42
     k-point:     2    nbnd_occ=  42
     k-point:     3    nbnd_occ=  42
     k-point:     4    nbnd_occ=  42
     k-point:     5    nbnd_occ=  42
     k-point:     6    nbnd_occ=  42
     k-point:     7    nbnd_occ=  42
     k-point:     8    nbnd_occ=  42
     k-point:     9    nbnd_occ=  42
     k-point:    10    nbnd_occ=  42
     k-point:    11    nbnd_occ=  42
     k-point:    12    nbnd_occ=  42
     k-point:    13    nbnd_occ=  42
     k-point:    14    nbnd_occ=  42
     k-point:    15    nbnd_occ=  42
     k-point:    16    nbnd_occ=  42


     q-space interpolation up to   110.00 Rydberg

     GIPAW job: efg                                                                             


     ELECTRIC FIELD GRADIENTS TENSORS IN Hartree/bohrradius^2:

     ----- bare term -----
     Cl   1       -0.066542       -0.046463        0.017184
     Cl   1       -0.046463        0.033460        0.156079
     Cl   1        0.017184        0.156079        0.033082

     C    2       -0.675585        0.337517       -0.368376
     C    2        0.337517        0.305535       -0.075071
     C    2       -0.368376       -0.075071        0.370050

     C    3       -0.014655        0.210542       -0.118378
     C    3        0.210542       -0.522866       -0.392944
     C    3       -0.118378       -0.392944        0.537521

     H    4       -0.458221       -0.372014       -0.116066
     H    4       -0.372014        0.346608       -0.034203
     H    4       -0.116066       -0.034203        0.111613

     C    5       -0.889412        0.303378       -0.385961
     C    5        0.303378        0.300403        0.008539
     C    5       -0.385961        0.008539        0.589009

     H    6        0.358755        0.050195       -0.252681
     H    6        0.050195       -0.524303       -0.391753
     H    6       -0.252681       -0.391753        0.165549

     H    7        0.440530        0.200552        0.003335
     H    7        0.200552       -0.741123        0.128034
     H    7        0.003335        0.128034        0.300593

     C    8       -0.311737        0.034567       -0.275772
     C    8        0.034567       -0.029653        0.462293
     C    8       -0.275772        0.462293        0.341390

     H    9       -0.234124        0.490884       -0.058777
     H    9        0.490884       -0.068974       -0.184561
     H    9       -0.058777       -0.184561        0.303097

     C   10       -0.211648       -0.262592        0.090868
     C   10       -0.262592       -0.126420        0.255874
     C   10        0.090868        0.255874        0.338068

     C   11       -0.105328        0.209102       -0.217806
     C   11        0.209102        0.022799        0.157526
     C   11       -0.217806        0.157526        0.082529

     Cl  12        0.099713       -0.148342        0.078568
     Cl  12       -0.148342       -0.008330       -0.335551
     Cl  12        0.078568       -0.335551       -0.091382

     H   13        0.445542       -0.185998       -0.035400
     H   13       -0.185998       -0.759392       -0.347246
     H   13       -0.035400       -0.347246        0.313850

     C   14       -0.085825        0.068125       -0.203087
     C   14        0.068125        0.000540       -0.429338
     C   14       -0.203087       -0.429338        0.085285

     H   15       -0.136833       -0.482297       -0.289630
     H   15       -0.482297       -0.247958       -0.169252
     H   15       -0.289630       -0.169252        0.384790

     C   16       -0.763133        0.359402       -0.299573
     C   16        0.359402        0.366008       -0.091989
     C   16       -0.299573       -0.091989        0.397125

     C   17        0.095602        0.155290       -0.094750
     C   17        0.155290       -0.234373       -0.479507
     C   17       -0.094750       -0.479507        0.138771

     Cl  18       -0.092816        0.165476       -0.005381
     Cl  18        0.165476       -0.015258       -0.012472
     Cl  18       -0.005381       -0.012472        0.108074

     H   19        0.208992        0.064372       -0.405084
     H   19        0.064372       -0.067625        0.421098
     H   19       -0.405084        0.421098       -0.141367

     C   20       -0.203000       -0.407507        0.143006
     C   20       -0.407507       -0.168721        0.418968
     C   20        0.143006        0.418968        0.371721

     H   21       -0.729763       -0.003016       -0.007922
     H   21       -0.003016        0.397085        0.196168
     H   21       -0.007922        0.196168        0.332678

     C   22        0.028710        0.278629       -0.312431
     C   22        0.278629       -0.137734        0.675205
     C   22       -0.312431        0.675205        0.109024

     C   23       -0.464951       -0.335326       -0.232973
     C   23       -0.335326        0.078559        0.422350
     C   23       -0.232973        0.422350        0.386392

     Cl  24       -0.056300        0.073702       -0.008574
     Cl  24        0.073702        0.026614       -0.137664
     Cl  24       -0.008574       -0.137664        0.029686

     ----- ionic term -----
     Cl   1        0.171607       -0.206052        0.008050
     Cl   1       -0.206052       -0.019990        0.002646
     Cl   1        0.008050        0.002646       -0.151617

     C    2        0.254154       -0.074289        0.251409
     C    2       -0.074289        0.150714        0.377439
     C    2        0.251409        0.377439       -0.404868

     C    3        0.188644       -0.114385        0.164857
     C    3       -0.114385        0.228654        0.346558
     C    3        0.164857        0.346558       -0.417298

     H    4        0.613349        0.526672        0.519686
     H    4        0.526672       -0.236149        0.281289
     H    4        0.519686        0.281289       -0.377200

     C    5        0.305242       -0.103679        0.239548
     C    5       -0.103679        0.099661        0.299080
     C    5        0.239548        0.299080       -0.404903

     H    6       -0.520242        0.004777        0.007217
     H    6        0.004777        0.784503        0.618461
     H    6        0.007217        0.618461       -0.264260

     H    7       -0.495088       -0.113780        0.090890
     H    7       -0.113780        0.543802       -0.761149
     H    7        0.090890       -0.761149       -0.048715

     C    8        0.384042        0.177423        0.195191
     C    8        0.177423       -0.013168       -0.332781
     C    8        0.195191       -0.332781       -0.370874

     H    9        0.665634       -0.349100        0.605329
     H    9       -0.349100       -0.412100       -0.261817
     H    9        0.605329       -0.261817       -0.253534

     C   10        0.237095        0.214188        0.130551
     C   10        0.214188        0.088009       -0.394821
     C   10        0.130551       -0.394821       -0.325104

     C   11        0.326795        0.055624        0.183052
     C   11        0.055624        0.015604       -0.367688
     C   11        0.183052       -0.367688       -0.342398

     Cl  12        0.165523        0.167531        0.003403
     Cl  12        0.167531       -0.023182       -0.015880
     Cl  12        0.003403       -0.015880       -0.142341

     H   13       -0.504324        0.109070        0.061880
     H   13        0.109070        0.693694        0.672854
     H   13        0.061880        0.672854       -0.189370

     C   14        0.330560       -0.137276        0.263013
     C   14       -0.137276        0.090851        0.305979
     C   14        0.263013        0.305979       -0.421410

     H   15        0.683402        0.364857        0.587498
     H   15        0.364857       -0.366818        0.248080
     H   15        0.587498        0.248080       -0.316583

     C   16        0.176839       -0.250758        0.169836
     C   16       -0.250758        0.264095        0.379719
     C   16        0.169836        0.379719       -0.440935

     C   17        0.178855       -0.100804        0.278321
     C   17       -0.100804        0.223296        0.390408
     C   17        0.278321        0.390408       -0.402150

     Cl  18        0.131947       -0.188714        0.042280
     Cl  18       -0.188714        0.014468       -0.024888
     Cl  18        0.042280       -0.024888       -0.146415

     H   19       -0.528999       -0.130117        0.061262
     H   19       -0.130117        0.735618       -0.678000
     H   19        0.061262       -0.678000       -0.206619

     C   20        0.305696        0.105696        0.125734
     C   20        0.105696        0.108017       -0.326635
     C   20        0.125734       -0.326635       -0.413713

     H   21        0.815591       -0.438937        0.337553
     H   21       -0.438937       -0.363538       -0.186181
     H   21        0.337553       -0.186181       -0.452053

     C   22        0.197770        0.140568        0.062311
     C   22        0.140568        0.209343       -0.393007
     C   22        0.062311       -0.393007       -0.407113

     C   23        0.277347        0.118258        0.169631
     C   23        0.118258        0.099029       -0.414546
     C   23        0.169631       -0.414546       -0.376376

     Cl  24        0.131241        0.229243       -0.065287
     Cl  24        0.229243        0.003390       -0.042030
     Cl  24       -0.065287       -0.042030       -0.134631

     ----- GIPAW term -----
     Cl   1        0.121368       -2.173353       -0.069074
     Cl   1       -2.173353        0.638724        1.795472
     Cl   1       -0.069074        1.795472       -0.760091

     C    2       -0.152675        0.033752       -0.010054
     C    2        0.033752        0.207183        0.161125
     C    2       -0.010054        0.161125       -0.054508

     C    3       -0.112353        0.009634       -0.015646
     C    3        0.009634       -0.094206        0.133801
     C    3       -0.015646        0.133801        0.206559

     H    4       -0.000000        0.000000        0.000000
     H    4        0.000000        0.000000        0.000000
     H    4        0.000000        0.000000        0.000000

     C    5       -0.215454        0.096862        0.048884
     C    5        0.096862        0.055114        0.197020
     C    5        0.048884        0.197020        0.160340

     H    6       -0.000000        0.000000        0.000000
     H    6        0.000000        0.000000        0.000000
     H    6        0.000000        0.000000        0.000000

     H    7       -0.000000        0.000000        0.000000
     H    7        0.000000        0.000000        0.000000
     H    7        0.000000        0.000000        0.000000

     C    8       -0.130832        0.018013       -0.021200
     C    8        0.018013        0.050220        0.243590
     C    8       -0.021200        0.243590        0.080612

     H    9       -0.000000        0.000000        0.000000
     H    9        0.000000        0.000000        0.000000
     H    9        0.000000        0.000000        0.000000

     C   10       -0.087582       -0.007237        0.028382
     C   10       -0.007237        0.016619        0.114277
     C   10        0.028382        0.114277        0.070963

     C   11       -0.002002        0.048921        0.006290
     C   11        0.048921       -0.030063        0.011056
     C   11        0.006290        0.011056        0.032065

     Cl  12       -0.397617        0.111218       -0.484318
     Cl  12        0.111218       -0.099953        1.018140
     Cl  12       -0.484318        1.018140        0.497570

     H   13       -0.000000        0.000000        0.000000
     H   13        0.000000        0.000000        0.000000
     H   13        0.000000        0.000000        0.000000

     C   14       -0.109931        0.029006       -0.010261
     C   14        0.029006        0.256127       -0.014909
     C   14       -0.010261       -0.014909       -0.146196

     H   15       -0.000000        0.000000        0.000000
     H   15        0.000000        0.000000        0.000000
     H   15        0.000000        0.000000        0.000000

     C   16       -0.236959        0.044647       -0.048556
     C   16        0.044647        0.305739        0.064631
     C   16       -0.048556        0.064631       -0.068780

     C   17       -0.053107        0.031888        0.050549
     C   17        0.031888        0.156778        0.138842
     C   17        0.050549        0.138842       -0.103672

     Cl  18       -0.609156       -0.213569        0.931504
     Cl  18       -0.213569        0.032863        1.992788
     Cl  18        0.931504        1.992788        0.576293

     H   19       -0.000000        0.000000        0.000000
     H   19        0.000000        0.000000        0.000000
     H   19        0.000000        0.000000        0.000000

     C   20        0.010575        0.058220        0.181862
     C   20        0.058220       -0.069372        0.158069
     C   20        0.181862        0.158069        0.058797

     H   21       -0.000000        0.000000        0.000000
     H   21        0.000000        0.000000        0.000000
     H   21        0.000000        0.000000        0.000000

     C   22        0.038521        0.249865        0.002871
     C   22        0.249865        0.050574        0.163479
     C   22        0.002871        0.163479       -0.089095

     C   23       -0.127828        0.084303        0.003902
     C   23        0.084303        0.164793        0.196526
     C   23        0.003902        0.196526       -0.036965

     Cl  24        0.543788        2.465982       -0.206143
     Cl  24        2.465982        0.397918       -1.301534
     Cl  24       -0.206143       -1.301534       -0.941705

     ----- total EFG -----
     Cl   1        0.226433       -2.425868       -0.043840
     Cl   1       -2.425868        0.652194        1.954197
     Cl   1       -0.043840        1.954197       -0.878626

     C    2       -0.574106        0.296980       -0.127022
     C    2        0.296980        0.663432        0.463493
     C    2       -0.127022        0.463493       -0.089326

     C    3        0.061637        0.105791        0.030834
     C    3        0.105791       -0.388419        0.087415
     C    3        0.030834        0.087415        0.326782

     H    4        0.155128        0.154658        0.403620
     H    4        0.154658        0.110459        0.247085
     H    4        0.403620        0.247085       -0.265587

     C    5       -0.799624        0.296561       -0.097528
     C    5        0.296561        0.455179        0.504639
     C    5       -0.097528        0.504639        0.344445

     H    6       -0.161488        0.054972       -0.245463
     H    6        0.054972        0.260199        0.226708
     H    6       -0.245463        0.226708       -0.098712

     H    7       -0.054557        0.086771        0.094225
     H    7        0.086771       -0.197321       -0.633115
     H    7        0.094225       -0.633115        0.251878

     C    8       -0.058527        0.230003       -0.101780
     C    8        0.230003        0.007399        0.373102
     C    8       -0.101780        0.373102        0.051128

     H    9        0.431510        0.141784        0.546551
     H    9        0.141784       -0.481073       -0.446378
     H    9        0.546551       -0.446378        0.049563

     C   10       -0.062135       -0.055640        0.249801
     C   10       -0.055640       -0.021792       -0.024670
     C   10        0.249801       -0.024670        0.083927

     C   11        0.219465        0.313648       -0.028464
     C   11        0.313648        0.008339       -0.199107
     C   11       -0.028464       -0.199107       -0.227804

     Cl  12       -0.132381        0.130407       -0.402346
     Cl  12        0.130407       -0.131466        0.666709
     Cl  12       -0.402346        0.666709        0.263847

     H   13       -0.058782       -0.076928        0.026480
     H   13       -0.076928       -0.065699        0.325608
     H   13        0.026480        0.325608        0.124481

     C   14        0.134804       -0.040145        0.049665
     C   14       -0.040145        0.347517       -0.138268
     C   14        0.049665       -0.138268       -0.482321

     H   15        0.546569       -0.117440        0.297867
     H   15       -0.117440       -0.614776        0.078828
     H   15        0.297867        0.078828        0.068207

     C   16       -0.823253        0.153290       -0.178294
     C   16        0.153290        0.935843        0.352360
     C   16       -0.178294        0.352360       -0.112590

     C   17        0.221349        0.086374        0.234119
     C   17        0.086374        0.145702        0.049742
     C   17        0.234119        0.049742       -0.367051

     Cl  18       -0.570025       -0.236807        0.968403
     Cl  18       -0.236807        0.032073        1.955428
     Cl  18        0.968403        1.955428        0.537952

     H   19       -0.320006       -0.065745       -0.343821
     H   19       -0.065745        0.667992       -0.256902
     H   19       -0.343821       -0.256902       -0.347986

     C   20        0.113271       -0.243590        0.450603
     C   20       -0.243590       -0.130076        0.250403
     C   20        0.450603        0.250403        0.016805

     H   21        0.085828       -0.441953        0.329631
     H   21       -0.441953        0.033547        0.009986
     H   21        0.329631        0.009986       -0.119375

     C   22        0.265001        0.669062       -0.247249
     C   22        0.669062        0.122183        0.445678
     C   22       -0.247249        0.445678       -0.387184

     C   23       -0.315432       -0.132765       -0.059439
     C   23       -0.132765        0.342380        0.204330
     C   23       -0.059439        0.204330       -0.026949

     Cl  24        0.618728        2.768927       -0.280003
     Cl  24        2.768927        0.427923       -1.481228
     Cl  24       -0.280003       -1.481228       -1.046651

     ----- total EFG (symmetrized) -----
     Cl   1        0.226433       -2.425868       -0.043840
     Cl   1       -2.425868        0.652194        1.954197
     Cl   1       -0.043840        1.954197       -0.878626

     C    2       -0.574106        0.296980       -0.127022
     C    2        0.296980        0.663432        0.463493
     C    2       -0.127022        0.463493       -0.089326

     C    3        0.061637        0.105791        0.030834
     C    3        0.105791       -0.388419        0.087415
     C    3        0.030834        0.087415        0.326782

     H    4        0.155128        0.154658        0.403620
     H    4        0.154658        0.110459        0.247085
     H    4        0.403620        0.247085       -0.265587

     C    5       -0.799624        0.296561       -0.097528
     C    5        0.296561        0.455179        0.504639
     C    5       -0.097528        0.504639        0.344445

     H    6       -0.161488        0.054972       -0.245463
     H    6        0.054972        0.260199        0.226708
     H    6       -0.245463        0.226708       -0.098712

     H    7       -0.054557        0.086771        0.094225
     H    7        0.086771       -0.197321       -0.633115
     H    7        0.094225       -0.633115        0.251878

     C    8       -0.058527        0.230003       -0.101780
     C    8        0.230003        0.007399        0.373102
     C    8       -0.101780        0.373102        0.051128

     H    9        0.431510        0.141784        0.546551
     H    9        0.141784       -0.481073       -0.446378
     H    9        0.546551       -0.446378        0.049563

     C   10       -0.062135       -0.055640        0.249801
     C   10       -0.055640       -0.021792       -0.024670
     C   10        0.249801       -0.024670        0.083927

     C   11        0.219465        0.313648       -0.028464
     C   11        0.313648        0.008339       -0.199107
     C   11       -0.028464       -0.199107       -0.227804

     Cl  12       -0.132381        0.130407       -0.402346
     Cl  12        0.130407       -0.131466        0.666709
     Cl  12       -0.402346        0.666709        0.263847

     H   13       -0.058782       -0.076928        0.026480
     H   13       -0.076928       -0.065699        0.325608
     H   13        0.026480        0.325608        0.124481

     C   14        0.134804       -0.040145        0.049665
     C   14       -0.040145        0.347517       -0.138268
     C   14        0.049665       -0.138268       -0.482321

     H   15        0.546569       -0.117440        0.297867
     H   15       -0.117440       -0.614776        0.078828
     H   15        0.297867        0.078828        0.068207

     C   16       -0.823253        0.153290       -0.178294
     C   16        0.153290        0.935843        0.352360
     C   16       -0.178294        0.352360       -0.112590

     C   17        0.221349        0.086374        0.234119
     C   17        0.086374        0.145702        0.049742
     C   17        0.234119        0.049742       -0.367051

     Cl  18       -0.570025       -0.236807        0.968403
     Cl  18       -0.236807        0.032073        1.955428
     Cl  18        0.968403        1.955428        0.537952

     H   19       -0.320006       -0.065745       -0.343821
     H   19       -0.065745        0.667992       -0.256902
     H   19       -0.343821       -0.256902       -0.347986

     C   20        0.113271       -0.243590        0.450603
     C   20       -0.243590       -0.130076        0.250403
     C   20        0.450603        0.250403        0.016805

     H   21        0.085828       -0.441953        0.329631
     H   21       -0.441953        0.033547        0.009986
     H   21        0.329631        0.009986       -0.119375

     C   22        0.265001        0.669062       -0.247249
     C   22        0.669062        0.122183        0.445678
     C   22       -0.247249        0.445678       -0.387184

     C   23       -0.315432       -0.132765       -0.059439
     C   23       -0.132765        0.342380        0.204330
     C   23       -0.059439        0.204330       -0.026949

     Cl  24        0.618728        2.768927       -0.280003
     Cl  24        2.768927        0.427923       -1.481228
     Cl  24       -0.280003       -1.481228       -1.046651


     NQR/NMR SPECTROSCOPIC PARAMETERS:
     Cl   1    Vxx=   -0.4534    axis=(  0.664503  0.173088  0.726964)
     Cl   1    Vyy=   -2.9632    axis=( -0.481859 -0.644309  0.593866)
     Cl   1    Vzz=    3.4167    axis=( -0.571181  0.744920  0.344742)
     Cl   1  Q=        -8.1650 1e-30 m^2  Cq=       -65.5468 MHz  eta= 0.73459

     C    2    Vxx=   -0.1767    axis=( -0.479841 -0.287667  0.828855)
     C    2    Vyy=   -0.7391    axis=( -0.865050  0.312795 -0.392234)
     C    2    Vzz=    0.9157    axis=( -0.146428 -0.905211 -0.398938)
     C    2  Q=         1.0000 1e-30 m^2  Cq=         2.1516 MHz  eta= 0.61419

     C    3    Vxx=    0.0761    axis=(  0.965409  0.185360 -0.183375)
     C    3    Vyy=    0.3443    axis=( -0.158858 -0.139546 -0.977390)
     C    3    Vzz=   -0.4204    axis=( -0.206758  0.972712 -0.105273)
     C    3  Q=         1.0000 1e-30 m^2  Cq=        -0.9877 MHz  eta= 0.63797

     H    4    Vxx=   -0.0172    axis=(  0.555704 -0.827541  0.079802)
     H    4    Vyy=   -0.5401    axis=( -0.452561 -0.220580  0.864022)
     H    4    Vzz=    0.5573    axis=( -0.697411 -0.516256 -0.497090)
     H    4  Q=         1.0000 1e-30 m^2  Cq=         1.3094 MHz  eta= 0.93819

     C    5    Vxx=   -0.0173    axis=( -0.316883 -0.592295  0.740791)
     C    5    Vyy=   -0.9049    axis=( -0.943805  0.274243 -0.184456)
     C    5    Vzz=    0.9222    axis=( -0.093904 -0.757613 -0.645914)
     C    5  Q=         1.0000 1e-30 m^2  Cq=         2.1667 MHz  eta= 0.96244

     H    6    Vxx=    0.0554    axis=(  0.726384  0.413080 -0.549301)
     H    6    Vyy=    0.3774    axis=(  0.130211 -0.867466 -0.480155)
     H    6    Vzz=   -0.4328    axis=( -0.674842  0.277251 -0.683900)
     H    6  Q=         1.0000 1e-30 m^2  Cq=        -1.0170 MHz  eta= 0.74402

     H    7    Vxx=   -0.0300    axis=(  0.979216  0.183859  0.085623)
     H    7    Vyy=   -0.6700    axis=( -0.199564  0.798105  0.568509)
     H    7    Vzz=    0.7000    axis=(  0.036189 -0.573780  0.818209)
     H    7  Q=         1.0000 1e-30 m^2  Cq=         1.6448 MHz  eta= 0.91421

     C    8    Vxx=    0.0601    axis=( -0.844144 -0.218571  0.489537)
     C    8    Vyy=    0.4203    axis=( -0.201992 -0.716161 -0.668066)
     C    8    Vzz=   -0.4804    axis=( -0.496608  0.662827 -0.560394)
     C    8  Q=         1.0000 1e-30 m^2  Cq=        -1.1287 MHz  eta= 0.74998

     H    9    Vxx=    0.0313    axis=( -0.536361 -0.633898  0.557216)
     H    9    Vyy=    0.8372    axis=( -0.781274  0.123168 -0.611915)
     H    9    Vzz=   -0.8685    axis=(  0.319261 -0.763546 -0.561311)
     H    9  Q=         1.0000 1e-30 m^2  Cq=        -2.0406 MHz  eta= 0.92798

     C   10    Vxx=   -0.0273    axis=( -0.000357  0.976091  0.217361)
     C   10    Vyy=   -0.2533    axis=( -0.801210 -0.130344  0.584014)
     C   10    Vzz=    0.2805    axis=(  0.598383 -0.173944  0.782101)
     C   10  Q=         1.0000 1e-30 m^2  Cq=         0.6591 MHz  eta= 0.80562

     C   11    Vxx=   -0.0935    axis=( -0.572513  0.513206 -0.639413)
     C   11    Vyy=   -0.3803    axis=( -0.282932  0.608302  0.741565)
     C   11    Vzz=    0.4738    axis=(  0.769531  0.605466 -0.203058)
     C   11  Q=         1.0000 1e-30 m^2  Cq=         1.1131 MHz  eta= 0.60535

     Cl  12    Vxx=   -0.0152    axis=(  0.840643  0.536943 -0.070794)
     Cl  12    Vyy=   -0.8142    axis=( -0.471189  0.660646 -0.584404)
     Cl  12    Vzz=    0.8294    axis=( -0.267022  0.524633  0.808369)
     Cl  12  Q=        -8.1650 1e-30 m^2  Cq=       -15.9125 MHz  eta= 0.96334

     H   13    Vxx=   -0.0382    axis=(  0.960005 -0.183674  0.211318)
     H   13    Vyy=   -0.3318    axis=(  0.273629  0.775376 -0.569139)
     H   13    Vzz=    0.3701    axis=( -0.059315  0.604198  0.794623)
     H   13  Q=         1.0000 1e-30 m^2  Cq=         0.8695 MHz  eta= 0.79337

     C   14    Vxx=    0.1283    axis=(  0.979030  0.200832  0.034153)
     C   14    Vyy=    0.3793    axis=( -0.192581  0.967088 -0.166296)
     C   14    Vzz=   -0.5076    axis=( -0.066427  0.156231  0.985484)
     C   14  Q=         1.0000 1e-30 m^2  Cq=        -1.1926 MHz  eta= 0.49447

     H   15    Vxx=   -0.0487    axis=( -0.404586  0.207952  0.890543)
     H   15    Vyy=   -0.6447    axis=(  0.137656  0.976556 -0.165498)
     H   15    Vzz=    0.6934    axis=( -0.904080  0.055630 -0.423726)
     H   15  Q=         1.0000 1e-30 m^2  Cq=         1.6292 MHz  eta= 0.85950

     C   16    Vxx=   -0.1518    axis=( -0.302106 -0.255003  0.918534)
     C   16    Vyy=   -0.8964    axis=( -0.951882  0.132759 -0.276217)
     C   16    Vzz=    1.0481    axis=( -0.051507 -0.957783 -0.282840)
     C   16  Q=         1.0000 1e-30 m^2  Cq=         2.4627 MHz  eta= 0.71040

     C   17    Vxx=    0.0993    axis=(  0.418651 -0.900953  0.114083)
     C   17    Vyy=    0.3502    axis=(  0.847722  0.432757  0.306738)
     C   17    Vzz=   -0.4494    axis=( -0.325726 -0.031706  0.944932)
     C   17  Q=         1.0000 1e-30 m^2  Cq=        -1.0560 MHz  eta= 0.55825

     Cl  18    Vxx=   -0.2393    axis=(  0.854016 -0.491139  0.171578)
     Cl  18    Vyy=   -2.1348    axis=(  0.479822  0.616125 -0.624628)
     Cl  18    Vzz=    2.3740    axis=(  0.201066  0.615769  0.761840)
     Cl  18  Q=        -8.1650 1e-30 m^2  Cq=       -45.5447 MHz  eta= 0.79842

     H   19    Vxx=   -0.0123    axis=(  0.750274 -0.168877 -0.639195)
     H   19    Vyy=   -0.7172    axis=(  0.660915  0.167055  0.731631)
     H   19    Vzz=    0.7295    axis=(  0.016775  0.971377 -0.236950)
     H   19  Q=         1.0000 1e-30 m^2  Cq=         1.7141 MHz  eta= 0.96631

     C   20    Vxx=    0.1127    axis=( -0.361265  0.820095  0.443769)
     C   20    Vyy=    0.5186    axis=( -0.750382  0.026832 -0.660460)
     C   20    Vzz=   -0.6313    axis=(  0.553547  0.571597 -0.605691)
     C   20  Q=         1.0000 1e-30 m^2  Cq=        -1.4833 MHz  eta= 0.64288

     H   21    Vxx=   -0.0525    axis=( -0.138052 -0.619542 -0.772728)
     H   21    Vyy=   -0.5336    axis=( -0.660233 -0.523995  0.538072)
     H   21    Vzz=    0.5860    axis=( -0.738264  0.584463 -0.336704)
     H   21  Q=         1.0000 1e-30 m^2  Cq=         1.3770 MHz  eta= 0.82091

     C   22    Vxx=    0.0569    axis=( -0.528397  0.433985  0.729694)
     C   22    Vyy=    0.8785    axis=( -0.713474 -0.692831 -0.104590)
     C   22    Vzz=   -0.9354    axis=(  0.460164 -0.575883  0.675727)
     C   22  Q=         1.0000 1e-30 m^2  Cq=        -2.1978 MHz  eta= 0.87829

     C   23    Vxx=   -0.1177    axis=( -0.001841 -0.406336  0.913722)
     C   23    Vyy=   -0.3427    axis=( -0.982872 -0.167647 -0.076534)
     C   23    Vzz=    0.4604    axis=(  0.184281 -0.898213 -0.399067)
     C   23  Q=         1.0000 1e-30 m^2  Cq=         1.0818 MHz  eta= 0.48873

     Cl  24    Vxx=   -0.8632    axis=(  0.533687 -0.202594  0.821057)
     Cl  24    Vyy=   -2.7639    axis=(  0.520197 -0.686830 -0.507602)
     Cl  24    Vzz=    3.6271    axis=( -0.666763 -0.698012  0.261163)
     Cl  24  Q=        -8.1650 1e-30 m^2  Cq=       -69.5840 MHz  eta= 0.52405

     Initialization:
     gipaw_setup  :      9.19s CPU     11.00s WALL (       1 calls)

     Linear response

     Apply operators

     Induced current

     Other routines
     efg          :      9.25s CPU     11.53s WALL (       1 calls)

     General routines
     calbec       :      3.32s CPU      4.24s WALL (      16 calls)
     fft          :      1.92s CPU      3.61s WALL (      15 calls)
     ffts         :      0.04s CPU      0.04s WALL (       2 calls)
     fftw         :      3.07s CPU      3.84s WALL (     672 calls)
     davcio       :      0.00s CPU      0.33s WALL (      32 calls)

     Parallel routines
     fft_scatter  :      2.41s CPU      4.70s WALL (     689 calls)

     Plugins

     GIPAW        :     62.97s CPU     76.70s WALL (       1 calls)
