
     Program QE v.6.0 (svn rev. 13079) starts on 18Jan2017 at  5: 8:24 

     This program is part of the open-source Quantum ESPRESSO suite
     for quantum simulation of materials; please cite
         "P. Giannozzi et al., J. Phys.:Condens. Matter 21 395502 (2009);
          URL http://www.quantum-espresso.org", 
     in publications or presentations arising from this work. More details at
     http://www.quantum-espresso.org/quote

     Parallel version (MPI), running on     8 processors
     R & G space division:  proc/nbgrp/npool/nimage =       8

     ***** This is GIPAW svn revision unknown      *****

     Parallelizing q-star over 1 images

     Reading data from directory:
     /users/majewski/paradichlorobenzene/pbe/9_constraint/scratch/pbe.ecut100.np8.dt60.pcl2phi-129368.save
     Message from routine read_xml_file:
     file /users/majewski/paradichlorobenzene/pbe/9_constraint/scratch/pbe.ecut100.np8.dt60.pcl2phi-129368.save not guaranteed to be safe for post-processing

   Info: using nr1, nr2, nr3 values from input

   Info: using nr1, nr2, nr3 values from input

     IMPORTANT: XC functional enforced from input :
     Exchange-correlation      =  SLA  PW   PBX  PBC ( 1  4  3  4 0 0)
     Any further DFT definition will be discarded
     Please, verify this is what you really want

               file C.pbe-n-kjpaw_psl.1.0.0.UPF: wavefunction(s)  2S 2P renormalized
               file Cl.pbe-n-kjpaw_psl.1.0.0.UPF: wavefunction(s)  3S 3P renormalized
               file H.pbe-kjpaw_psl.1.0.0.UPF: wavefunction(s)  1S renormalized

     Parallelization info
     --------------------
     sticks:   dense  smooth     PW     G-vecs:    dense   smooth      PW
     Min        3057    1223    332               144436    36536    5170
     Max        3059    1225    333               144437    36537    5171
     Sum       24467    9791   2657              1155489   292295   41363


     Subspace diagonalization in iterative solution of the eigenvalue problem:
     a serial algorithm will be used

     GIPAW projectors -----------------------------------------------
     atom=  C    l=0  rc=    1.2000  rs=    0.8000
     atom=  C    l=0  rc=    1.2000  rs=    0.8000
     atom=  C    l=1  rc=    1.4000  rs=    0.9333
     atom=  C    l=1  rc=    1.4000  rs=    0.9333
     projs nearly linearly dependent: l=1  n1,n2= 1, 2  s=  0.99951561

     atom=  Cl   l=0  rc=    1.6000  rs=    1.0667
     atom=  Cl   l=0  rc=    1.6000  rs=    1.0667
     atom=  Cl   l=1  rc=    1.6000  rs=    1.0667
     atom=  Cl   l=1  rc=    1.6000  rs=    1.0667
     atom=  Cl   l=2  rc=    1.6000  rs=    1.0667
     atom=  Cl   l=2  rc=    1.6000  rs=    1.0667
     projs nearly linearly dependent: l=2  n1,n2= 1, 2  s=  0.99993509

     atom=  H    l=0  rc=    1.0000  rs=    0.6667
     atom=  H    l=0  rc=    1.0000  rs=    0.6667
     projs nearly linearly dependent: l=0  n1,n2= 1, 2  s=  0.99968852
     -----------------------------------------------------------------

     GIPAW integrals: -------------------------------------------
     Atom  i/j   nmr_para   nmr_dia   epr_rmc  epr_para   epr_dia
       C   1 1   0.83E+03  0.17E-01  0.93E+01  0.24E+08  0.24E+03
       C   2 1   0.86E+03 -0.61E-01  0.94E+01  0.25E+08  0.25E+03
       C   2 2   0.90E+03 -0.15E+00  0.97E+01  0.26E+08  0.26E+03
       C   3 3   0.33E+01  0.34E+00  0.18E+01  0.55E+03  0.21E+02
       C   4 3   0.35E+01  0.37E+00  0.20E+01  0.59E+03  0.22E+02
       C   4 4   0.38E+01  0.39E+00  0.22E+01  0.63E+03  0.24E+02
       Cl  1 1   0.14E+04 -0.47E+00  0.84E+01  0.32E+09  0.42E+03
       Cl  2 1   0.21E+04 -0.37E+00  0.12E+02  0.49E+09  0.65E+03
       Cl  2 2   0.33E+04 -0.16E+00  0.21E+02  0.76E+09  0.10E+04
       Cl  3 3   0.21E+02  0.79E-01  0.89E+01  0.23E+05  0.13E+03
       Cl  4 3   0.24E+02  0.67E-01  0.99E+01  0.27E+05  0.15E+03
       Cl  4 4   0.28E+02  0.44E-01  0.11E+02  0.32E+05  0.18E+03
       Cl  5 5   0.77E+00  0.19E+00  0.18E+01  0.12E+03  0.22E+02
       Cl  6 5   0.80E+00  0.19E+00  0.19E+01  0.12E+03  0.23E+02
       Cl  6 6   0.83E+00  0.20E+00  0.19E+01  0.12E+03  0.23E+02
       H   1 1   0.39E+02  0.19E+00  0.29E+00  0.78E+05  0.13E+02
       H   2 1   0.41E+02  0.21E+00  0.32E+00  0.82E+05  0.14E+02
       H   2 2   0.43E+02  0.22E+00  0.36E+00  0.86E+05  0.15E+02
     ------------------------------------------------------------

     alpha_pv=     34.0866 eV

     Number of occupied bands for each k-point:
     k-point:     1    nbnd_occ=  42
     k-point:     2    nbnd_occ=  42
     k-point:     3    nbnd_occ=  42
     k-point:     4    nbnd_occ=  42
     k-point:     5    nbnd_occ=  42
     k-point:     6    nbnd_occ=  42
     k-point:     7    nbnd_occ=  42
     k-point:     8    nbnd_occ=  42
     k-point:     9    nbnd_occ=  42
     k-point:    10    nbnd_occ=  42
     k-point:    11    nbnd_occ=  42
     k-point:    12    nbnd_occ=  42
     k-point:    13    nbnd_occ=  42
     k-point:    14    nbnd_occ=  42
     k-point:    15    nbnd_occ=  42
     k-point:    16    nbnd_occ=  42


     q-space interpolation up to   110.00 Rydberg

     GIPAW job: efg                                                                             


     ELECTRIC FIELD GRADIENTS TENSORS IN Hartree/bohrradius^2:

     ----- bare term -----
     Cl   1       -0.158476        0.204627       -0.016163
     Cl   1        0.204627       -0.039159        0.017757
     Cl   1       -0.016163        0.017757        0.197636

     C    2        0.025958       -0.064057       -0.259887
     C    2       -0.064057       -0.462561       -0.343180
     C    2       -0.259887       -0.343180        0.436603

     C    3       -0.286410        0.417374       -0.271760
     C    3        0.417374        0.064190       -0.004566
     C    3       -0.271760       -0.004566        0.222219

     H    4        0.084134       -0.040351       -0.207774
     H    4       -0.040351        0.356260       -0.405813
     H    4       -0.207774       -0.405813       -0.440393

     C    5       -0.031643       -0.235372       -0.460776
     C    5       -0.235372       -0.075024       -0.405795
     C    5       -0.460776       -0.405795        0.106667

     H    6        0.137849        0.166087        0.350535
     H    6        0.166087       -0.007301       -0.487461
     H    6        0.350535       -0.487461       -0.130548

     H    7        0.388633        0.030346        0.023353
     H    7        0.030346       -0.338031        0.522785
     H    7        0.023353        0.522785       -0.050603

     C    8       -0.538864       -0.298723       -0.378831
     C    8       -0.298723        0.098626        0.306508
     C    8       -0.378831        0.306508        0.440237

     H    9       -0.307608        0.232274       -0.498269
     H    9        0.232274        0.278457        0.275395
     H    9       -0.498269        0.275395        0.029151

     C   10       -0.156021       -0.261841       -0.248894
     C   10       -0.261841       -0.145262        0.604294
     C   10       -0.248894        0.604294        0.301282

     C   11       -0.255012       -0.253362       -0.414717
     C   11       -0.253362        0.002416        0.365031
     C   11       -0.414717        0.365031        0.252596

     Cl  12       -0.062432       -0.115566       -0.040384
     Cl  12       -0.115566       -0.005466        0.025079
     Cl  12       -0.040384        0.025079        0.067898

     H   13        0.387066       -0.084372        0.218383
     H   13       -0.084372       -0.164803       -0.376645
     H   13        0.218383       -0.376645       -0.222263

     C   14       -0.724793        0.401588       -0.412122
     C   14        0.401588        0.400544       -0.214067
     C   14       -0.412122       -0.214067        0.324250

     H   15        0.009209       -0.140158       -0.303915
     H   15       -0.140158        0.497815       -0.004027
     H   15       -0.303915       -0.004027       -0.507024

     C   16       -0.029663        0.426358       -0.197025
     C   16        0.426358       -0.192362       -0.618273
     C   16       -0.197025       -0.618273        0.222025

     C   17       -0.348505        0.252287       -0.302053
     C   17        0.252287       -0.032271       -0.334372
     C   17       -0.302053       -0.334372        0.380775

     Cl  18       -0.064355       -0.047990        0.044167
     Cl  18       -0.047990       -0.095768        0.000216
     Cl  18        0.044167        0.000216        0.160122

     H   19        0.181298        0.392724       -0.008734
     H   19        0.392724       -0.518493        0.302470
     H   19       -0.008734        0.302470        0.337195

     C   20       -0.238281       -0.180842       -0.258563
     C   20       -0.180842       -0.109960        0.359867
     C   20       -0.258563        0.359867        0.348242

     H   21       -0.583983        0.339357       -0.204632
     H   21        0.339357        0.320713        0.107757
     H   21       -0.204632        0.107757        0.263270

     C   22       -0.313523       -0.326241       -0.299975
     C   22       -0.326241       -0.109159        0.493891
     C   22       -0.299975        0.493891        0.422682

     C   23       -0.113244       -0.025690       -0.331732
     C   23       -0.025690       -0.129959        0.573122
     C   23       -0.331732        0.573122        0.243204

     Cl  24       -0.040496        0.038609       -0.030775
     Cl  24        0.038609       -0.021211        0.064253
     Cl  24       -0.030775        0.064253        0.061707

     ----- ionic term -----
     Cl   1        0.140400       -0.212558        0.051698
     Cl   1       -0.212558       -0.006792       -0.022423
     Cl   1        0.051698       -0.022423       -0.133609

     C    2        0.098419       -0.312185        0.283184
     C    2       -0.312185        0.047113        0.359307
     C    2        0.283184        0.359307       -0.145532

     C    3        0.136955       -0.298056        0.219360
     C    3       -0.298056        0.077749        0.362357
     C    3        0.219360        0.362357       -0.214704

     H    4        0.423428        0.315774        0.767518
     H    4        0.315774       -0.411017        0.310091
     H    4        0.767518        0.310091       -0.012410

     C    5        0.206317       -0.196664        0.391153
     C    5       -0.196664       -0.065164        0.312087
     C    5        0.391153        0.312087       -0.141154

     H    6       -0.534605       -0.005569        0.015723
     H    6       -0.005569        0.563308        0.760807
     H    6        0.015723        0.760807       -0.028704

     H    7       -0.518875       -0.025154        0.027593
     H    7       -0.025154        0.563147       -0.731754
     H    7        0.027593       -0.731754       -0.044272

     C    8        0.254368        0.164475        0.347611
     C    8        0.164475        0.087465       -0.251553
     C    8        0.347611       -0.251553       -0.341833

     H    9        0.561918       -0.528567        0.570038
     H    9       -0.528567       -0.231516       -0.295614
     H    9        0.570038       -0.295614       -0.330402

     C   10        0.093189        0.151646        0.238783
     C   10        0.151646        0.287665       -0.309578
     C   10        0.238783       -0.309578       -0.380854

     C   11        0.225869        0.214983        0.297108
     C   11        0.214983        0.173874       -0.340047
     C   11        0.297108       -0.340047       -0.399743

     Cl  12        0.134567        0.246781        0.018610
     Cl  12        0.246781        0.038652        0.001593
     Cl  12        0.018610        0.001593       -0.173220

     H   13       -0.526629       -0.079343       -0.038889
     H   13       -0.079343        0.444245        0.776236
     H   13       -0.038889        0.776236        0.082385

     C   14        0.182389       -0.320552        0.298555
     C   14       -0.320552       -0.024618        0.280554
     C   14        0.298555        0.280554       -0.157771

     H   15        0.260219        0.263024        0.774189
     H   15        0.263024       -0.428856        0.339851
     H   15        0.774189        0.339851        0.168637

     C   16        0.088795       -0.374979        0.199674
     C   16       -0.374979        0.087829        0.394286
     C   16        0.199674        0.394286       -0.176624

     C   17        0.132004       -0.248774        0.383090
     C   17       -0.248774       -0.037024        0.388451
     C   17        0.383090        0.388451       -0.094980

     Cl  18        0.152701       -0.217922        0.067552
     Cl  18       -0.217922       -0.022774       -0.038056
     Cl  18        0.067552       -0.038056       -0.129927

     H   19       -0.494873       -0.125743        0.120143
     H   19       -0.125743        0.413568       -0.756664
     H   19        0.120143       -0.756664        0.081305

     C   20        0.269270        0.163669        0.353243
     C   20        0.163669        0.047688       -0.262303
     C   20        0.353243       -0.262303       -0.316958

     H   21        0.647882       -0.260838        0.663874
     H   21       -0.260838       -0.447963       -0.205096
     H   21        0.663874       -0.205096       -0.199919

     C   22        0.106622        0.213686        0.253872
     C   22        0.213686        0.276095       -0.316505
     C   22        0.253872       -0.316505       -0.382717

     C   23        0.160182        0.098641        0.334744
     C   23        0.098641        0.205426       -0.352799
     C   23        0.334744       -0.352799       -0.365608

     Cl  24        0.096472        0.185735        0.030193
     Cl  24        0.185735        0.049710        0.018818
     Cl  24        0.030193        0.018818       -0.146182

     ----- GIPAW term -----
     Cl   1       -1.051007       -0.974476       -0.441577
     Cl   1       -0.974476       -1.111237        1.210321
     Cl   1       -0.441577        1.210321        2.162244

     C    2       -0.075481       -0.113280       -0.048800
     C    2       -0.113280       -0.091749        0.152563
     C    2       -0.048800        0.152563        0.167230

     C    3       -0.006300       -0.026672       -0.123358
     C    3       -0.026672       -0.021331        0.078420
     C    3       -0.123358        0.078420        0.027631

     H    4       -0.000000        0.000000        0.000000
     H    4        0.000000        0.000000        0.000000
     H    4        0.000000        0.000000        0.000000

     C    5        0.110547       -0.114280       -0.175149
     C    5       -0.114280       -0.105871       -0.007925
     C    5       -0.175149       -0.007925       -0.004676

     H    6       -0.000000        0.000000        0.000000
     H    6        0.000000        0.000000        0.000000
     H    6        0.000000        0.000000        0.000000

     H    7       -0.000000        0.000000        0.000000
     H    7        0.000000        0.000000        0.000000
     H    7        0.000000        0.000000        0.000000

     C    8       -0.105323       -0.061080       -0.056344
     C    8       -0.061080        0.054869        0.038757
     C    8       -0.056344        0.038757        0.050454

     H    9       -0.000000        0.000000        0.000000
     H    9        0.000000        0.000000        0.000000
     H    9        0.000000        0.000000        0.000000

     C   10       -0.128141       -0.066486       -0.093936
     C   10       -0.066486        0.031792        0.237977
     C   10       -0.093936        0.237977        0.096349

     C   11       -0.067054       -0.052673       -0.123395
     C   11       -0.052673        0.065564        0.186086
     C   11       -0.123395        0.186086        0.001490

     Cl  12        0.511768       -0.476724       -1.411160
     Cl  12       -0.476724        0.521983        1.663383
     Cl  12       -1.411160        1.663383       -1.033751

     H   13       -0.000000        0.000000        0.000000
     H   13        0.000000        0.000000        0.000000
     H   13        0.000000        0.000000        0.000000

     C   14       -0.180723        0.147164       -0.055806
     C   14        0.147164        0.240826       -0.016914
     C   14       -0.055806       -0.016914       -0.060104

     H   15       -0.000000        0.000000        0.000000
     H   15        0.000000        0.000000        0.000000
     H   15        0.000000        0.000000        0.000000

     C   16       -0.046529        0.163478       -0.087051
     C   16        0.163478        0.071940       -0.188088
     C   16       -0.087051       -0.188088       -0.025411

     C   17        0.031046       -0.161076       -0.071380
     C   17       -0.161076        0.043630       -0.013603
     C   17       -0.071380       -0.013603       -0.074676

     Cl  18        0.365940       -2.231689        1.260066
     Cl  18       -2.231689       -1.204202       -0.470420
     Cl  18        1.260066       -0.470420        0.838261

     H   19       -0.000000        0.000000        0.000000
     H   19        0.000000        0.000000        0.000000
     H   19        0.000000        0.000000        0.000000

     C   20       -0.076907       -0.092223       -0.099409
     C   20       -0.092223        0.006619        0.197119
     C   20       -0.099409        0.197119        0.070288

     H   21       -0.000000        0.000000        0.000000
     H   21        0.000000        0.000000        0.000000
     H   21        0.000000        0.000000        0.000000

     C   22       -0.105538       -0.100139       -0.124505
     C   22       -0.100139        0.029560        0.160411
     C   22       -0.124505        0.160411        0.075978

     C   23        0.053675        0.119088       -0.063406
     C   23        0.119088        0.017288        0.101452
     C   23       -0.063406        0.101452       -0.070964

     Cl  24        0.990001        2.425729       -0.158511
     Cl  24        2.425729       -0.036996        0.571842
     Cl  24       -0.158511        0.571842       -0.953005

     ----- total EFG -----
     Cl   1       -1.069083       -0.982407       -0.406041
     Cl   1       -0.982407       -1.157188        1.205655
     Cl   1       -0.406041        1.205655        2.226271

     C    2        0.048896       -0.489522       -0.025502
     C    2       -0.489522       -0.507197        0.168690
     C    2       -0.025502        0.168690        0.458301

     C    3       -0.155754        0.092646       -0.175759
     C    3        0.092646        0.120608        0.436211
     C    3       -0.175759        0.436211        0.035146

     H    4        0.507561        0.275423        0.559744
     H    4        0.275423       -0.054758       -0.095721
     H    4        0.559744       -0.095721       -0.452804

     C    5        0.285221       -0.546317       -0.244772
     C    5       -0.546317       -0.246058       -0.101634
     C    5       -0.244772       -0.101634       -0.039163

     H    6       -0.396755        0.160519        0.366258
     H    6        0.160519        0.556007        0.273345
     H    6        0.366258        0.273345       -0.159252

     H    7       -0.130242        0.005192        0.050946
     H    7        0.005192        0.225117       -0.208969
     H    7        0.050946       -0.208969       -0.094875

     C    8       -0.389818       -0.195329       -0.087564
     C    8       -0.195329        0.240960        0.093712
     C    8       -0.087564        0.093712        0.148858

     H    9        0.254310       -0.296294        0.071769
     H    9       -0.296294        0.046941       -0.020219
     H    9        0.071769       -0.020219       -0.301251

     C   10       -0.190973       -0.176681       -0.104046
     C   10       -0.176681        0.174195        0.532693
     C   10       -0.104046        0.532693        0.016777

     C   11       -0.096197       -0.091052       -0.241004
     C   11       -0.091052        0.241854        0.211069
     C   11       -0.241004        0.211069       -0.145657

     Cl  12        0.583903       -0.345509       -1.432935
     Cl  12       -0.345509        0.555170        1.690054
     Cl  12       -1.432935        1.690054       -1.139072

     H   13       -0.139563       -0.163715        0.179494
     H   13       -0.163715        0.279442        0.399592
     H   13        0.179494        0.399592       -0.139879

     C   14       -0.723128        0.228200       -0.169373
     C   14        0.228200        0.616753        0.049573
     C   14       -0.169373        0.049573        0.106375

     H   15        0.269429        0.122866        0.470273
     H   15        0.122866        0.068959        0.335823
     H   15        0.470273        0.335823       -0.338387

     C   16        0.012603        0.214857       -0.084402
     C   16        0.214857       -0.032593       -0.412075
     C   16       -0.084402       -0.412075        0.019990

     C   17       -0.185454       -0.157563        0.009656
     C   17       -0.157563       -0.025665        0.040476
     C   17        0.009656        0.040476        0.211119

     Cl  18        0.454287       -2.497601        1.371784
     Cl  18       -2.497601       -1.322743       -0.508259
     Cl  18        1.371784       -0.508259        0.868457

     H   19       -0.313574        0.266981        0.111409
     H   19        0.266981       -0.104925       -0.454194
     H   19        0.111409       -0.454194        0.418500

     C   20       -0.045917       -0.109395       -0.004728
     C   20       -0.109395       -0.055654        0.294683
     C   20       -0.004728        0.294683        0.101571

     H   21        0.063899        0.078519        0.459242
     H   21        0.078519       -0.127251       -0.097339
     H   21        0.459242       -0.097339        0.063351

     C   22       -0.312439       -0.212694       -0.170608
     C   22       -0.212694        0.196495        0.337798
     C   22       -0.170608        0.337798        0.115943

     C   23        0.100613        0.192039       -0.060394
     C   23        0.192039        0.092755        0.321775
     C   23       -0.060394        0.321775       -0.193368

     Cl  24        1.045976        2.650072       -0.159093
     Cl  24        2.650072       -0.008497        0.654912
     Cl  24       -0.159093        0.654912       -1.037479

     ----- total EFG (symmetrized) -----
     Cl   1       -1.069083       -0.982407       -0.406041
     Cl   1       -0.982407       -1.157188        1.205655
     Cl   1       -0.406041        1.205655        2.226271

     C    2        0.048896       -0.489522       -0.025502
     C    2       -0.489522       -0.507197        0.168690
     C    2       -0.025502        0.168690        0.458301

     C    3       -0.155754        0.092646       -0.175759
     C    3        0.092646        0.120608        0.436211
     C    3       -0.175759        0.436211        0.035146

     H    4        0.507561        0.275423        0.559744
     H    4        0.275423       -0.054758       -0.095721
     H    4        0.559744       -0.095721       -0.452804

     C    5        0.285221       -0.546317       -0.244772
     C    5       -0.546317       -0.246058       -0.101634
     C    5       -0.244772       -0.101634       -0.039163

     H    6       -0.396755        0.160519        0.366258
     H    6        0.160519        0.556007        0.273345
     H    6        0.366258        0.273345       -0.159252

     H    7       -0.130242        0.005192        0.050946
     H    7        0.005192        0.225117       -0.208969
     H    7        0.050946       -0.208969       -0.094875

     C    8       -0.389818       -0.195329       -0.087564
     C    8       -0.195329        0.240960        0.093712
     C    8       -0.087564        0.093712        0.148858

     H    9        0.254310       -0.296294        0.071769
     H    9       -0.296294        0.046941       -0.020219
     H    9        0.071769       -0.020219       -0.301251

     C   10       -0.190973       -0.176681       -0.104046
     C   10       -0.176681        0.174195        0.532693
     C   10       -0.104046        0.532693        0.016777

     C   11       -0.096197       -0.091052       -0.241004
     C   11       -0.091052        0.241854        0.211069
     C   11       -0.241004        0.211069       -0.145657

     Cl  12        0.583903       -0.345509       -1.432935
     Cl  12       -0.345509        0.555170        1.690054
     Cl  12       -1.432935        1.690054       -1.139072

     H   13       -0.139563       -0.163715        0.179494
     H   13       -0.163715        0.279442        0.399592
     H   13        0.179494        0.399592       -0.139879

     C   14       -0.723128        0.228200       -0.169373
     C   14        0.228200        0.616753        0.049573
     C   14       -0.169373        0.049573        0.106375

     H   15        0.269429        0.122866        0.470273
     H   15        0.122866        0.068959        0.335823
     H   15        0.470273        0.335823       -0.338387

     C   16        0.012603        0.214857       -0.084402
     C   16        0.214857       -0.032593       -0.412075
     C   16       -0.084402       -0.412075        0.019990

     C   17       -0.185454       -0.157563        0.009656
     C   17       -0.157563       -0.025665        0.040476
     C   17        0.009656        0.040476        0.211119

     Cl  18        0.454287       -2.497601        1.371784
     Cl  18       -2.497601       -1.322743       -0.508259
     Cl  18        1.371784       -0.508259        0.868457

     H   19       -0.313574        0.266981        0.111409
     H   19        0.266981       -0.104925       -0.454194
     H   19        0.111409       -0.454194        0.418500

     C   20       -0.045917       -0.109395       -0.004728
     C   20       -0.109395       -0.055654        0.294683
     C   20       -0.004728        0.294683        0.101571

     H   21        0.063899        0.078519        0.459242
     H   21        0.078519       -0.127251       -0.097339
     H   21        0.459242       -0.097339        0.063351

     C   22       -0.312439       -0.212694       -0.170608
     C   22       -0.212694        0.196495        0.337798
     C   22       -0.170608        0.337798        0.115943

     C   23        0.100613        0.192039       -0.060394
     C   23        0.192039        0.092755        0.321775
     C   23       -0.060394        0.321775       -0.193368

     Cl  24        1.045976        2.650072       -0.159093
     Cl  24        2.650072       -0.008497        0.654912
     Cl  24       -0.159093        0.654912       -1.037479


     NQR/NMR SPECTROSCOPIC PARAMETERS:
     Cl   1    Vxx=   -0.5522    axis=( -0.762735  0.545101 -0.347994)
     Cl   1    Vyy=   -2.1884    axis=(  0.619886  0.769599 -0.153163)
     Cl   1    Vzz=    2.7407    axis=( -0.184326  0.332540  0.924901)
     Cl   1  Q=        -8.1650 1e-30 m^2  Cq=       -52.5784 MHz  eta= 0.59700

     C    2    Vxx=    0.2763    axis=(  0.789296 -0.391276  0.473196)
     C    2    Vyy=    0.5299    axis=( -0.367781  0.315847  0.874630)
     C    2    Vzz=   -0.8062    axis=( -0.491680 -0.864375  0.105393)
     C    2  Q=         1.0000 1e-30 m^2  Cq=        -1.8943 MHz  eta= 0.31464

     C    3    Vxx=   -0.0433    axis=( -0.852457 -0.403322  0.332637)
     C    3    Vyy=   -0.4767    axis=( -0.516981  0.555690 -0.651106)
     C    3    Vzz=    0.5200    axis=(  0.077763 -0.727007 -0.682212)
     C    3  Q=         1.0000 1e-30 m^2  Cq=         1.2219 MHz  eta= 0.83333

     H    4    Vxx=   -0.0476    axis=( -0.100096  0.928497 -0.357595)
     H    4    Vyy=   -0.7696    axis=( -0.435503  0.282260  0.854790)
     H    4    Vzz=    0.8172    axis=(  0.894605  0.241295  0.376110)
     H    4  Q=         1.0000 1e-30 m^2  Cq=         1.9200 MHz  eta= 0.88354

     C    5    Vxx=    0.0022    axis=(  0.012981 -0.403234  0.915005)
     C    5    Vyy=    0.6626    axis=( -0.845942  0.483458  0.225056)
     C    5    Vzz=   -0.6647    axis=( -0.533116 -0.776963 -0.334837)
     C    5  Q=         1.0000 1e-30 m^2  Cq=        -1.5618 MHz  eta= 0.99352

     H    6    Vxx=   -0.0554    axis=(  0.541523 -0.457521  0.705285)
     H    6    Vyy=   -0.6639    axis=( -0.801640 -0.028318  0.597135)
     H    6    Vzz=    0.7193    axis=(  0.253229  0.888748  0.382102)
     H    6  Q=         1.0000 1e-30 m^2  Cq=         1.6900 MHz  eta= 0.84608

     H    7    Vxx=   -0.1060    axis=( -0.886247 -0.237211 -0.397865)
     H    7    Vyy=   -0.2230    axis=( -0.461540  0.379291  0.801947)
     H    7    Vzz=    0.3290    axis=(  0.039324 -0.894354  0.445628)
     H    7  Q=         1.0000 1e-30 m^2  Cq=         0.7730 MHz  eta= 0.35576

     C    8    Vxx=    0.0917    axis=(  0.041372 -0.491862  0.869690)
     C    8    Vyy=    0.3596    axis=(  0.273248 -0.831682 -0.483365)
     C    8    Vzz=   -0.4513    axis=( -0.961054 -0.257638 -0.099992)
     C    8  Q=         1.0000 1e-30 m^2  Cq=        -1.0604 MHz  eta= 0.59364

     H    9    Vxx=   -0.1591    axis=(  0.555557  0.815029  0.164571)
     H    9    Vyy=   -0.3118    axis=(  0.168275  0.083620 -0.982187)
     H    9    Vzz=    0.4709    axis=( -0.814272  0.573354 -0.090693)
     H    9  Q=         1.0000 1e-30 m^2  Cq=         1.1065 MHz  eta= 0.32429

     C   10    Vxx=   -0.2316    axis=(  0.960285  0.060552  0.272372)
     C   10    Vyy=   -0.4491    axis=( -0.163971 -0.667356  0.726464)
     C   10    Vzz=    0.6807    axis=( -0.225758  0.742273  0.630923)
     C   10  Q=         1.0000 1e-30 m^2  Cq=         1.5994 MHz  eta= 0.31947

     C   11    Vxx=   -0.0265    axis=(  0.706545  0.569819 -0.419643)
     C   11    Vyy=   -0.3803    axis=( -0.603525  0.175541 -0.777781)
     C   11    Vzz=    0.4068    axis=( -0.369530  0.802802  0.467927)
     C   11  Q=         1.0000 1e-30 m^2  Cq=         0.9558 MHz  eta= 0.86977

     Cl  12    Vxx=    0.2299    axis=(  0.751651  0.659016  0.026814)
     Cl  12    Vyy=    2.3269    axis=( -0.566319  0.624018  0.538409)
     Cl  12    Vzz=   -2.5568    axis=(  0.338088 -0.419880  0.842257)
     Cl  12  Q=        -8.1650 1e-30 m^2  Cq=        49.0506 MHz  eta= 0.82020

     H   13    Vxx=    0.0036    axis=(  0.847788 -0.205231  0.489015)
     H   13    Vyy=    0.5247    axis=(  0.078246 -0.863591 -0.498085)
     H   13    Vzz=   -0.5283    axis=(  0.524531  0.460534 -0.716083)
     H   13  Q=         1.0000 1e-30 m^2  Cq=        -1.2414 MHz  eta= 0.98636

     C   14    Vxx=    0.1396    axis=( -0.194858 -0.008706  0.980793)
     C   14    Vyy=    0.6554    axis=( -0.158371 -0.986560 -0.040221)
     C   14    Vzz=   -0.7950    axis=(  0.967961 -0.163167  0.190860)
     C   14  Q=         1.0000 1e-30 m^2  Cq=        -1.8679 MHz  eta= 0.64884

     H   15    Vxx=    0.0180    axis=(  0.543058 -0.836624 -0.071753)
     H   15    Vyy=    0.6579    axis=( -0.745206 -0.440805 -0.500358)
     H   15    Vzz=   -0.6759    axis=(  0.386983  0.325194 -0.862840)
     H   15  Q=         1.0000 1e-30 m^2  Cq=        -1.5880 MHz  eta= 0.94671

     C   16    Vxx=   -0.0548    axis=(  0.884567 -0.098427  0.455910)
     C   16    Vyy=   -0.4434    axis=(  0.237011 -0.747012 -0.621127)
     C   16    Vzz=    0.4982    axis=( -0.401706 -0.657484  0.637454)
     C   16  Q=         1.0000 1e-30 m^2  Cq=         1.1706 MHz  eta= 0.77999

     C   17    Vxx=    0.0653    axis=(  0.527289 -0.827099  0.194613)
     C   17    Vyy=    0.2187    axis=( -0.053196  0.196458  0.979068)
     C   17    Vzz=   -0.2840    axis=( -0.848019 -0.526605  0.059592)
     C   17  Q=         1.0000 1e-30 m^2  Cq=        -0.6672 MHz  eta= 0.54038

     Cl  18    Vxx=    0.0087    axis=( -0.379674  0.392405  0.837774)
     Cl  18    Vyy=    3.1155    axis=( -0.707903  0.459775 -0.536172)
     Cl  18    Vzz=   -3.1242    axis=( -0.595584 -0.796633  0.103220)
     Cl  18  Q=        -8.1650 1e-30 m^2  Cq=        59.9355 MHz  eta= 0.99442

     H   19    Vxx=   -0.0534    axis=(  0.737790  0.564890  0.369546)
     H   19    Vyy=   -0.6291    axis=( -0.673818  0.649088  0.353064)
     H   19    Vzz=    0.6825    axis=( -0.040426 -0.509494  0.859524)
     H   19  Q=         1.0000 1e-30 m^2  Cq=         1.6036 MHz  eta= 0.84364

     C   20    Vxx=   -0.0316    axis=(  0.932301 -0.136425  0.334966)
     C   20    Vyy=   -0.3095    axis=(  0.311337  0.774055 -0.551278)
     C   20    Vzz=    0.3411    axis=( -0.184074  0.618245  0.764127)
     C   20  Q=         1.0000 1e-30 m^2  Cq=         0.8015 MHz  eta= 0.81469

     H   21    Vxx=   -0.0787    axis=( -0.272707 -0.930687  0.243828)
     H   21    Vyy=   -0.4444    axis=(  0.654512 -0.365216 -0.661991)
     H   21    Vzz=    0.5231    axis=(  0.705156 -0.020941  0.708743)
     H   21  Q=         1.0000 1e-30 m^2  Cq=         1.2292 MHz  eta= 0.69897

     C   22    Vxx=   -0.1832    axis=(  0.057089 -0.645567  0.761567)
     C   22    Vyy=   -0.3964    axis=(  0.954696  0.258448  0.147515)
     C   22    Vzz=    0.5796    axis=( -0.292057  0.718643  0.631074)
     C   22  Q=         1.0000 1e-30 m^2  Cq=         1.3618 MHz  eta= 0.36784

     C   23    Vxx=    0.0776    axis=(  0.835907 -0.253221 -0.486969)
     C   23    Vyy=    0.3706    axis=( -0.470689 -0.787086 -0.398682)
     C   23    Vzz=   -0.4482    axis=(  0.282332 -0.562472  0.777119)
     C   23  Q=         1.0000 1e-30 m^2  Cq=        -1.0531 MHz  eta= 0.65364

     Cl  24    Vxx=   -0.7935    axis=( -0.304911  0.266537  0.914323)
     Cl  24    Vyy=   -2.4476    axis=( -0.565628  0.721702 -0.399013)
     Cl  24    Vzz=    3.2411    axis=( -0.766220 -0.638831 -0.069294)
     Cl  24  Q=        -8.1650 1e-30 m^2  Cq=       -62.1782 MHz  eta= 0.51034

     Initialization:
     gipaw_setup  :      9.37s CPU     10.98s WALL (       1 calls)

     Linear response

     Apply operators

     Induced current

     Other routines
     efg          :      9.14s CPU     11.62s WALL (       1 calls)

     General routines
     calbec       :      3.23s CPU      4.37s WALL (      16 calls)
     fft          :      1.65s CPU      2.58s WALL (      15 calls)
     ffts         :      0.03s CPU      0.04s WALL (       2 calls)
     fftw         :      3.24s CPU      3.90s WALL (     672 calls)
     davcio       :      0.03s CPU      0.32s WALL (      32 calls)

     Parallel routines
     fft_scatter  :      2.33s CPU      3.68s WALL (     689 calls)

     Plugins

     GIPAW        :     61.39s CPU     74.18s WALL (       1 calls)
