
     Program QE v.6.0 (svn rev. 13079) starts on 12Jan2017 at 21: 5:47 

     This program is part of the open-source Quantum ESPRESSO suite
     for quantum simulation of materials; please cite
         "P. Giannozzi et al., J. Phys.:Condens. Matter 21 395502 (2009);
          URL http://www.quantum-espresso.org", 
     in publications or presentations arising from this work. More details at
     http://www.quantum-espresso.org/quote

     Parallel version (MPI), running on     8 processors
     R & G space division:  proc/nbgrp/npool/nimage =       8

     ***** This is GIPAW svn revision unknown      *****

     Parallelizing q-star over 1 images

     Reading data from directory:
     /users/majewski/paradichlorobenzene/pbe/9_constraint/scratch/pbe.ecut100.np8.dt60.pcl2phi-129368.save
     Message from routine read_xml_file:
     file /users/majewski/paradichlorobenzene/pbe/9_constraint/scratch/pbe.ecut100.np8.dt60.pcl2phi-129368.save not guaranteed to be safe for post-processing

   Info: using nr1, nr2, nr3 values from input

   Info: using nr1, nr2, nr3 values from input

     IMPORTANT: XC functional enforced from input :
     Exchange-correlation      =  SLA  PW   PBX  PBC ( 1  4  3  4 0 0)
     Any further DFT definition will be discarded
     Please, verify this is what you really want

               file C.pbe-n-kjpaw_psl.1.0.0.UPF: wavefunction(s)  2S 2P renormalized
               file Cl.pbe-n-kjpaw_psl.1.0.0.UPF: wavefunction(s)  3S 3P renormalized
               file H.pbe-kjpaw_psl.1.0.0.UPF: wavefunction(s)  1S renormalized

     Parallelization info
     --------------------
     sticks:   dense  smooth     PW     G-vecs:    dense   smooth      PW
     Min        3057    1223    332               144436    36536    5170
     Max        3059    1225    333               144437    36537    5171
     Sum       24467    9791   2657              1155489   292295   41363


     Subspace diagonalization in iterative solution of the eigenvalue problem:
     a serial algorithm will be used

     GIPAW projectors -----------------------------------------------
     atom=  C    l=0  rc=    1.2000  rs=    0.8000
     atom=  C    l=0  rc=    1.2000  rs=    0.8000
     atom=  C    l=1  rc=    1.4000  rs=    0.9333
     atom=  C    l=1  rc=    1.4000  rs=    0.9333
     projs nearly linearly dependent: l=1  n1,n2= 1, 2  s=  0.99951561

     atom=  Cl   l=0  rc=    1.6000  rs=    1.0667
     atom=  Cl   l=0  rc=    1.6000  rs=    1.0667
     atom=  Cl   l=1  rc=    1.6000  rs=    1.0667
     atom=  Cl   l=1  rc=    1.6000  rs=    1.0667
     atom=  Cl   l=2  rc=    1.6000  rs=    1.0667
     atom=  Cl   l=2  rc=    1.6000  rs=    1.0667
     projs nearly linearly dependent: l=2  n1,n2= 1, 2  s=  0.99993509

     atom=  H    l=0  rc=    1.0000  rs=    0.6667
     atom=  H    l=0  rc=    1.0000  rs=    0.6667
     projs nearly linearly dependent: l=0  n1,n2= 1, 2  s=  0.99968852
     -----------------------------------------------------------------

     GIPAW integrals: -------------------------------------------
     Atom  i/j   nmr_para   nmr_dia   epr_rmc  epr_para   epr_dia
       C   1 1   0.83E+03  0.17E-01  0.93E+01  0.24E+08  0.24E+03
       C   2 1   0.86E+03 -0.61E-01  0.94E+01  0.25E+08  0.25E+03
       C   2 2   0.90E+03 -0.15E+00  0.97E+01  0.26E+08  0.26E+03
       C   3 3   0.33E+01  0.34E+00  0.18E+01  0.55E+03  0.21E+02
       C   4 3   0.35E+01  0.37E+00  0.20E+01  0.59E+03  0.22E+02
       C   4 4   0.38E+01  0.39E+00  0.22E+01  0.63E+03  0.24E+02
       Cl  1 1   0.14E+04 -0.47E+00  0.84E+01  0.32E+09  0.42E+03
       Cl  2 1   0.21E+04 -0.37E+00  0.12E+02  0.49E+09  0.65E+03
       Cl  2 2   0.33E+04 -0.16E+00  0.21E+02  0.76E+09  0.10E+04
       Cl  3 3   0.21E+02  0.79E-01  0.89E+01  0.23E+05  0.13E+03
       Cl  4 3   0.24E+02  0.67E-01  0.99E+01  0.27E+05  0.15E+03
       Cl  4 4   0.28E+02  0.44E-01  0.11E+02  0.32E+05  0.18E+03
       Cl  5 5   0.77E+00  0.19E+00  0.18E+01  0.12E+03  0.22E+02
       Cl  6 5   0.80E+00  0.19E+00  0.19E+01  0.12E+03  0.23E+02
       Cl  6 6   0.83E+00  0.20E+00  0.19E+01  0.12E+03  0.23E+02
       H   1 1   0.39E+02  0.19E+00  0.29E+00  0.78E+05  0.13E+02
       H   2 1   0.41E+02  0.21E+00  0.32E+00  0.82E+05  0.14E+02
       H   2 2   0.43E+02  0.22E+00  0.36E+00  0.86E+05  0.15E+02
     ------------------------------------------------------------

     alpha_pv=     34.7947 eV

     Number of occupied bands for each k-point:
     k-point:     1    nbnd_occ=  42
     k-point:     2    nbnd_occ=  42
     k-point:     3    nbnd_occ=  42
     k-point:     4    nbnd_occ=  42
     k-point:     5    nbnd_occ=  42
     k-point:     6    nbnd_occ=  42
     k-point:     7    nbnd_occ=  42
     k-point:     8    nbnd_occ=  42
     k-point:     9    nbnd_occ=  42
     k-point:    10    nbnd_occ=  42
     k-point:    11    nbnd_occ=  42
     k-point:    12    nbnd_occ=  42
     k-point:    13    nbnd_occ=  42
     k-point:    14    nbnd_occ=  42
     k-point:    15    nbnd_occ=  42
     k-point:    16    nbnd_occ=  42


     q-space interpolation up to   110.00 Rydberg

     GIPAW job: efg                                                                             


     ELECTRIC FIELD GRADIENTS TENSORS IN Hartree/bohrradius^2:

     ----- bare term -----
     Cl   1        0.091302        0.032997       -0.280250
     Cl   1        0.032997        0.236923       -0.034128
     Cl   1       -0.280250       -0.034128       -0.328226

     C    2       -0.082832        0.291202       -0.129747
     C    2        0.291202       -0.291683       -0.252431
     C    2       -0.129747       -0.252431        0.374514

     C    3       -0.001679        0.428579       -0.204802
     C    3        0.428579       -0.254357       -0.300444
     C    3       -0.204802       -0.300444        0.256036

     H    4       -0.070771       -0.075305       -0.235322
     H    4       -0.075305        0.455831       -0.370779
     H    4       -0.235322       -0.370779       -0.385060

     C    5       -0.483256        0.249917       -0.500849
     C    5        0.249917        0.320807       -0.115925
     C    5       -0.500849       -0.115925        0.162449

     H    6       -0.077930        0.200907       -0.256110
     H    6        0.200907       -0.286943       -0.423503
     H    6       -0.256110       -0.423503        0.364873

     H    7        0.240178        0.440114       -0.095800
     H    7        0.440114       -0.562628        0.342117
     H    7       -0.095800        0.342117        0.322450

     C    8       -0.045970       -0.182141       -0.114908
     C    8       -0.182141       -0.051836        0.416309
     C    8       -0.114908        0.416309        0.097806

     H    9       -0.228662        0.528770       -0.074551
     H    9        0.528770       -0.147864       -0.093698
     H    9       -0.074551       -0.093698        0.376526

     C   10       -0.192627       -0.060814        0.038014
     C   10       -0.060814       -0.034380       -0.002087
     C   10        0.038014       -0.002087        0.227007

     C   11        0.041104        0.005270       -0.174067
     C   11        0.005270       -0.002557        0.554362
     C   11       -0.174067        0.554362       -0.038547

     Cl  12       -0.061958       -0.239905        0.027250
     Cl  12       -0.239905       -0.049649       -0.148589
     Cl  12        0.027250       -0.148589        0.111607

     H   13        0.136785        0.236008       -0.123123
     H   13        0.236008       -0.459428       -0.031869
     H   13       -0.123123       -0.031869        0.322643

     C   14       -0.008236       -0.180726       -0.436311
     C   14       -0.180726       -0.221447       -0.185836
     C   14       -0.436311       -0.185836        0.229683

     H   15        0.021859       -0.111963       -0.233157
     H   15       -0.111963       -0.277431       -0.314510
     H   15       -0.233157       -0.314510        0.255572

     C   16       -0.582232        0.336663       -0.122687
     C   16        0.336663       -0.037372       -0.092346
     C   16       -0.122687       -0.092346        0.619605

     C   17        0.294417        0.111137       -0.025298
     C   17        0.111137       -0.475196       -0.672291
     C   17       -0.025298       -0.672291        0.180779

     Cl  18        0.291884        0.179945       -0.130594
     Cl  18        0.179945        0.109993       -0.553758
     Cl  18       -0.130594       -0.553758       -0.401878

     H   19        0.468100        0.096474       -0.038215
     H   19        0.096474       -0.586270        0.426225
     H   19       -0.038215        0.426225        0.118170

     C   20       -0.906999       -0.358839       -0.445529
     C   20       -0.358839        0.423531       -0.006697
     C   20       -0.445529       -0.006697        0.483468

     H   21       -0.533943        0.219662        0.165229
     H   21        0.219662        0.419701        0.150211
     H   21        0.165229        0.150211        0.114242

     C   22        0.080891       -0.076927       -0.126682
     C   22       -0.076927       -0.531943        0.378603
     C   22       -0.126682        0.378603        0.451052

     C   23       -0.750169       -0.380948       -0.360885
     C   23       -0.380948        0.336987        0.020221
     C   23       -0.360885        0.020221        0.413181

     Cl  24       -0.033941       -0.015197        0.030694
     Cl  24       -0.015197       -0.005614        0.011370
     Cl  24        0.030694        0.011370        0.039555

     ----- ionic term -----
     Cl   1        0.238877       -0.207683        0.063819
     Cl   1       -0.207683       -0.101951       -0.019245
     Cl   1        0.063819       -0.019245       -0.136927

     C    2        0.191304       -0.168310        0.322548
     C    2       -0.168310        0.111040        0.420814
     C    2        0.322548        0.420814       -0.302345

     C    3        0.132442       -0.263764        0.254734
     C    3       -0.263764        0.215446        0.315843
     C    3        0.254734        0.315843       -0.347888

     H    4        0.381294        0.479130        0.627298
     H    4        0.479130       -0.193834        0.383139
     H    4        0.627298        0.383139       -0.187460

     C    5        0.186540       -0.152076        0.379114
     C    5       -0.152076        0.130068        0.227826
     C    5        0.379114        0.227826       -0.316608

     H    6       -0.538187       -0.036444        0.015221
     H    6       -0.036444        0.947327        0.455920
     H    6        0.015221        0.455920       -0.409140

     H    7       -0.498567       -0.196211        0.129990
     H    7       -0.196211        0.528348       -0.743105
     H    7        0.129990       -0.743105       -0.029782

     C    8        0.344741        0.033697        0.128032
     C    8        0.033697        0.007908       -0.355168
     C    8        0.128032       -0.355168       -0.352649

     H    9        0.481920       -0.335770        0.696652
     H    9       -0.335770       -0.451368       -0.305223
     H    9        0.696652       -0.305223       -0.030551

     C   10        0.101385        0.089114        0.101580
     C   10        0.089114        0.229651       -0.458794
     C   10        0.101580       -0.458794       -0.331036

     C   11        0.283244        0.040956        0.109784
     C   11        0.040956        0.221173       -0.419852
     C   11        0.109784       -0.419852       -0.504417

     Cl  12        0.120072        0.214107       -0.045455
     Cl  12        0.214107        0.043354       -0.031169
     Cl  12       -0.045455       -0.031169       -0.163425

     H   13       -0.492643       -0.162393       -0.085175
     H   13       -0.162393        0.703009        0.646869
     H   13       -0.085175        0.646869       -0.210366

     C   14        0.221598       -0.136364        0.369632
     C   14       -0.136364        0.053415        0.312418
     C   14        0.369632        0.312418       -0.275013

     H   15        0.205870        0.434566        0.666138
     H   15        0.434566       -0.173004        0.448763
     H   15        0.666138        0.448763       -0.032866

     C   16        0.090272       -0.277193        0.249872
     C   16       -0.277193        0.262584        0.344557
     C   16        0.249872        0.344557       -0.352855

     C   17        0.047314       -0.236250        0.346992
     C   17       -0.236250        0.265137        0.321023
     C   17        0.346992        0.321023       -0.312450

     Cl  18        0.125352       -0.188473        0.117370
     Cl  18       -0.188473        0.008273       -0.072062
     Cl  18        0.117370       -0.072062       -0.133624

     H   19       -0.502678       -0.110326        0.033113
     H   19       -0.110326        0.902809       -0.522853
     H   19        0.033113       -0.522853       -0.400131

     C   20        0.395066        0.071811        0.079581
     C   20        0.071811        0.116714       -0.288862
     C   20        0.079581       -0.288862       -0.511780

     H   21        0.717119       -0.499214        0.426909
     H   21       -0.499214       -0.299894       -0.242367
     H   21        0.426909       -0.242367       -0.417225

     C   22        0.201880        0.113661        0.053238
     C   22        0.113661        0.247112       -0.391566
     C   22        0.053238       -0.391566       -0.448993

     C   23        0.316754        0.048745        0.116200
     C   23        0.048745        0.131160       -0.394116
     C   23        0.116200       -0.394116       -0.447914

     Cl  24        0.170820        0.215103       -0.058575
     Cl  24        0.215103       -0.036326       -0.031411
     Cl  24       -0.058575       -0.031411       -0.134494

     ----- GIPAW term -----
     Cl   1       -0.024462       -0.785217        0.679238
     Cl   1       -0.785217       -0.685952        0.360344
     Cl   1        0.679238        0.360344        0.710414

     C    2       -0.058389       -0.017313        0.002023
     C    2       -0.017313       -0.066373       -0.096448
     C    2        0.002023       -0.096448        0.124761

     C    3        0.026991        0.108879       -0.157420
     C    3        0.108879       -0.091750       -0.090769
     C    3       -0.157420       -0.090769        0.064759

     H    4       -0.000000        0.000000        0.000000
     H    4        0.000000        0.000000        0.000000
     H    4        0.000000        0.000000        0.000000

     C    5        0.070328        0.185709        0.010192
     C    5        0.185709        0.042266        0.060160
     C    5        0.010192        0.060160       -0.112593

     H    6       -0.000000        0.000000        0.000000
     H    6        0.000000        0.000000        0.000000
     H    6        0.000000        0.000000        0.000000

     H    7       -0.000000        0.000000        0.000000
     H    7        0.000000        0.000000        0.000000
     H    7        0.000000        0.000000        0.000000

     C    8       -0.064934       -0.114691       -0.002580
     C    8       -0.114691        0.202485        0.091769
     C    8       -0.002580        0.091769       -0.137551

     H    9       -0.000000        0.000000        0.000000
     H    9        0.000000        0.000000        0.000000
     H    9        0.000000        0.000000        0.000000

     C   10       -0.030418       -0.011575       -0.009936
     C   10       -0.011575        0.026257        0.018761
     C   10       -0.009936        0.018761        0.004161

     C   11       -0.029927       -0.005614       -0.043852
     C   11       -0.005614        0.122561        0.136694
     C   11       -0.043852        0.136694       -0.092635

     Cl  12       -0.904062        0.114480       -0.375401
     Cl  12        0.114480        0.551049        1.806244
     Cl  12       -0.375401        1.806244        0.353013

     H   13       -0.000000        0.000000        0.000000
     H   13        0.000000        0.000000        0.000000
     H   13        0.000000        0.000000        0.000000

     C   14        0.025013       -0.035081       -0.013662
     C   14       -0.035081       -0.017907       -0.020768
     C   14       -0.013662       -0.020768       -0.007106

     H   15       -0.000000        0.000000        0.000000
     H   15        0.000000        0.000000        0.000000
     H   15        0.000000        0.000000        0.000000

     C   16       -0.043705       -0.072515       -0.002883
     C   16       -0.072515        0.043352        0.008720
     C   16       -0.002883        0.008720        0.000353

     C   17       -0.016603        0.011047        0.040373
     C   17        0.011047        0.071321        0.068228
     C   17        0.040373        0.068228       -0.054718

     Cl  18        0.398571       -0.033666        0.161874
     Cl  18       -0.033666       -0.040829       -0.509484
     Cl  18        0.161874       -0.509484       -0.357742

     H   19       -0.000000        0.000000        0.000000
     H   19        0.000000        0.000000        0.000000
     H   19        0.000000        0.000000        0.000000

     C   20       -0.250939       -0.024149       -0.064746
     C   20       -0.024149        0.234117       -0.180390
     C   20       -0.064746       -0.180390        0.016822

     H   21       -0.000000        0.000000        0.000000
     H   21        0.000000        0.000000        0.000000
     H   21        0.000000        0.000000        0.000000

     C   22       -0.098363        0.039717       -0.041729
     C   22        0.039717       -0.056040       -0.167801
     C   22       -0.041729       -0.167801        0.154403

     C   23       -0.171841       -0.045311       -0.002137
     C   23       -0.045311        0.205880       -0.185479
     C   23       -0.002137       -0.185479       -0.034039

     Cl  24       -0.631485        1.489601       -0.416442
     Cl  24        1.489601       -1.385598       -0.536517
     Cl  24       -0.416442       -0.536517        2.017083

     ----- total EFG -----
     Cl   1        0.305718       -0.959902        0.462807
     Cl   1       -0.959902       -0.550980        0.306971
     Cl   1        0.462807        0.306971        0.245262

     C    2        0.050084        0.105579        0.194824
     C    2        0.105579       -0.247015        0.071936
     C    2        0.194824        0.071936        0.196931

     C    3        0.157754        0.273694       -0.107489
     C    3        0.273694       -0.130661       -0.075369
     C    3       -0.107489       -0.075369       -0.027093

     H    4        0.310523        0.403824        0.391976
     H    4        0.403824        0.261997        0.012360
     H    4        0.391976        0.012360       -0.572520

     C    5       -0.226388        0.283550       -0.111543
     C    5        0.283550        0.493141        0.172061
     C    5       -0.111543        0.172061       -0.266753

     H    6       -0.616117        0.164463       -0.240889
     H    6        0.164463        0.660385        0.032417
     H    6       -0.240889        0.032417       -0.044268

     H    7       -0.258389        0.243903        0.034190
     H    7        0.243903       -0.034280       -0.400988
     H    7        0.034190       -0.400988        0.292669

     C    8        0.233838       -0.263135        0.010544
     C    8       -0.263135        0.158557        0.152909
     C    8        0.010544        0.152909       -0.392394

     H    9        0.253258        0.193000        0.622101
     H    9        0.193000       -0.599232       -0.398920
     H    9        0.622101       -0.398920        0.345975

     C   10       -0.121661        0.016725        0.129658
     C   10        0.016725        0.221529       -0.442120
     C   10        0.129658       -0.442120       -0.099868

     C   11        0.294421        0.040611       -0.108135
     C   11        0.040611        0.341177        0.271203
     C   11       -0.108135        0.271203       -0.635599

     Cl  12       -0.845949        0.088683       -0.393606
     Cl  12        0.088683        0.544753        1.626487
     Cl  12       -0.393606        1.626487        0.301195

     H   13       -0.355858        0.073615       -0.208298
     H   13        0.073615        0.243581        0.614999
     H   13       -0.208298        0.614999        0.112277

     C   14        0.238374       -0.352171       -0.080341
     C   14       -0.352171       -0.185939        0.105814
     C   14       -0.080341        0.105814       -0.052435

     H   15        0.227729        0.322602        0.432981
     H   15        0.322602       -0.450435        0.134253
     H   15        0.432981        0.134253        0.222706

     C   16       -0.535666       -0.013046        0.124301
     C   16       -0.013046        0.268563        0.260932
     C   16        0.124301        0.260932        0.267103

     C   17        0.325128       -0.114066        0.362067
     C   17       -0.114066       -0.138739       -0.283040
     C   17        0.362067       -0.283040       -0.186390

     Cl  18        0.815807       -0.042194        0.148650
     Cl  18       -0.042194        0.077437       -1.135304
     Cl  18        0.148650       -1.135304       -0.893244

     H   19       -0.034578       -0.013852       -0.005102
     H   19       -0.013852        0.316539       -0.096628
     H   19       -0.005102       -0.096628       -0.281961

     C   20       -0.762872       -0.311177       -0.430694
     C   20       -0.311177        0.774362       -0.475949
     C   20       -0.430694       -0.475949       -0.011490

     H   21        0.183177       -0.279552        0.592139
     H   21       -0.279552        0.119807       -0.092156
     H   21        0.592139       -0.092156       -0.302984

     C   22        0.184408        0.076451       -0.115173
     C   22        0.076451       -0.340870       -0.180764
     C   22       -0.115173       -0.180764        0.156462

     C   23       -0.605256       -0.377514       -0.246822
     C   23       -0.377514        0.674027       -0.559374
     C   23       -0.246822       -0.559374       -0.068772

     Cl  24       -0.494606        1.689507       -0.444323
     Cl  24        1.689507       -1.427538       -0.556559
     Cl  24       -0.444323       -0.556559        1.922144

     ----- total EFG (symmetrized) -----
     Cl   1        0.305718       -0.959902        0.462807
     Cl   1       -0.959902       -0.550980        0.306971
     Cl   1        0.462807        0.306971        0.245262

     C    2        0.050084        0.105579        0.194824
     C    2        0.105579       -0.247015        0.071936
     C    2        0.194824        0.071936        0.196931

     C    3        0.157754        0.273694       -0.107489
     C    3        0.273694       -0.130661       -0.075369
     C    3       -0.107489       -0.075369       -0.027093

     H    4        0.310523        0.403824        0.391976
     H    4        0.403824        0.261997        0.012360
     H    4        0.391976        0.012360       -0.572520

     C    5       -0.226388        0.283550       -0.111543
     C    5        0.283550        0.493141        0.172061
     C    5       -0.111543        0.172061       -0.266753

     H    6       -0.616117        0.164463       -0.240889
     H    6        0.164463        0.660385        0.032417
     H    6       -0.240889        0.032417       -0.044268

     H    7       -0.258389        0.243903        0.034190
     H    7        0.243903       -0.034280       -0.400988
     H    7        0.034190       -0.400988        0.292669

     C    8        0.233838       -0.263135        0.010544
     C    8       -0.263135        0.158557        0.152909
     C    8        0.010544        0.152909       -0.392394

     H    9        0.253258        0.193000        0.622101
     H    9        0.193000       -0.599232       -0.398920
     H    9        0.622101       -0.398920        0.345975

     C   10       -0.121661        0.016725        0.129658
     C   10        0.016725        0.221529       -0.442120
     C   10        0.129658       -0.442120       -0.099868

     C   11        0.294421        0.040611       -0.108135
     C   11        0.040611        0.341177        0.271203
     C   11       -0.108135        0.271203       -0.635599

     Cl  12       -0.845949        0.088683       -0.393606
     Cl  12        0.088683        0.544753        1.626487
     Cl  12       -0.393606        1.626487        0.301195

     H   13       -0.355858        0.073615       -0.208298
     H   13        0.073615        0.243581        0.614999
     H   13       -0.208298        0.614999        0.112277

     C   14        0.238374       -0.352171       -0.080341
     C   14       -0.352171       -0.185939        0.105814
     C   14       -0.080341        0.105814       -0.052435

     H   15        0.227729        0.322602        0.432981
     H   15        0.322602       -0.450435        0.134253
     H   15        0.432981        0.134253        0.222706

     C   16       -0.535666       -0.013046        0.124301
     C   16       -0.013046        0.268563        0.260932
     C   16        0.124301        0.260932        0.267103

     C   17        0.325128       -0.114066        0.362067
     C   17       -0.114066       -0.138739       -0.283040
     C   17        0.362067       -0.283040       -0.186390

     Cl  18        0.815807       -0.042194        0.148650
     Cl  18       -0.042194        0.077437       -1.135304
     Cl  18        0.148650       -1.135304       -0.893244

     H   19       -0.034578       -0.013852       -0.005102
     H   19       -0.013852        0.316539       -0.096628
     H   19       -0.005102       -0.096628       -0.281961

     C   20       -0.762872       -0.311177       -0.430694
     C   20       -0.311177        0.774362       -0.475949
     C   20       -0.430694       -0.475949       -0.011490

     H   21        0.183177       -0.279552        0.592139
     H   21       -0.279552        0.119807       -0.092156
     H   21        0.592139       -0.092156       -0.302984

     C   22        0.184408        0.076451       -0.115173
     C   22        0.076451       -0.340870       -0.180764
     C   22       -0.115173       -0.180764        0.156462

     C   23       -0.605256       -0.377514       -0.246822
     C   23       -0.377514        0.674027       -0.559374
     C   23       -0.246822       -0.559374       -0.068772

     Cl  24       -0.494606        1.689507       -0.444323
     Cl  24        1.689507       -1.427538       -0.556559
     Cl  24       -0.444323       -0.556559        1.922144


     NQR/NMR SPECTROSCOPIC PARAMETERS:
     Cl   1    Vxx=    0.3349    axis=( -0.115038  0.434246  0.893418)
     Cl   1    Vyy=    1.0049    axis=(  0.832076 -0.449147  0.325447)
     Cl   1    Vzz=   -1.3398    axis=(  0.542600  0.780831 -0.309657)
     Cl   1  Q=        -8.1650 1e-30 m^2  Cq=        25.7025 MHz  eta= 0.50010

     C    2    Vxx=   -0.0745    axis=(  0.765369  0.215590 -0.606409)
     C    2    Vyy=   -0.2810    axis=( -0.289934  0.956698 -0.025811)
     C    2    Vzz=    0.3555    axis=(  0.574586  0.195573  0.794734)
     C    2  Q=         1.0000 1e-30 m^2  Cq=         0.8353 MHz  eta= 0.58065

     C    3    Vxx=   -0.0704    axis=(  0.289891  0.130740  0.948088)
     C    3    Vyy=   -0.2961    axis=( -0.509528  0.859648  0.037251)
     C    3    Vzz=    0.3665    axis=( -0.810151 -0.493875  0.315819)
     C    3  Q=         1.0000 1e-30 m^2  Cq=         0.8611 MHz  eta= 0.61609

     H    4    Vxx=   -0.0185    axis=(  0.525962 -0.772942  0.354859)
     H    4    Vyy=   -0.7411    axis=( -0.394730  0.147731  0.906843)
     H    4    Vzz=    0.7596    axis=( -0.753360 -0.617038 -0.227403)
     H    4  Q=         1.0000 1e-30 m^2  Cq=         1.7847 MHz  eta= 0.95138

     C    5    Vxx=   -0.1438    axis=( -0.666145  0.096787  0.739516)
     C    5    Vyy=   -0.4664    axis=(  0.682860 -0.319588  0.656937)
     C    5    Vzz=    0.6102    axis=(  0.299923  0.942601  0.146800)
     C    5  Q=         1.0000 1e-30 m^2  Cq=         1.4336 MHz  eta= 0.52879

     H    6    Vxx=    0.0427    axis=( -0.334416  0.039621  0.941592)
     H    6    Vyy=    0.6812    axis=( -0.125260 -0.992120 -0.002740)
     H    6    Vzz=   -0.7239    axis=(  0.934064 -0.118861  0.336744)
     H    6  Q=         1.0000 1e-30 m^2  Cq=        -1.7009 MHz  eta= 0.88216

     H    7    Vxx=   -0.0684    axis=(  0.722771  0.495458  0.481792)
     H    7    Vyy=   -0.5087    axis=(  0.677427 -0.645859 -0.352078)
     H    7    Vzz=    0.5771    axis=( -0.136729 -0.580851  0.802445)
     H    7  Q=         1.0000 1e-30 m^2  Cq=         1.3560 MHz  eta= 0.76294

     C    8    Vxx=   -0.0301    axis=(  0.665853  0.680223  0.306491)
     C    8    Vyy=   -0.4420    axis=( -0.130778 -0.298027  0.945556)
     C    8    Vzz=    0.4722    axis=(  0.734531 -0.669684 -0.109484)
     C    8  Q=         1.0000 1e-30 m^2  Cq=         1.1094 MHz  eta= 0.87241

     H    9    Vxx=   -0.0356    axis=( -0.663106 -0.570267  0.484857)
     H    9    Vyy=   -0.9062    axis=( -0.374211  0.813553  0.445080)
     H    9    Vzz=    0.9419    axis=(  0.648272 -0.113696  0.752873)
     H    9  Q=         1.0000 1e-30 m^2  Cq=         2.2131 MHz  eta= 0.92433

     C   10    Vxx=   -0.0862    axis=(  0.937474  0.268049  0.222017)
     C   10    Vyy=   -0.4508    axis=( -0.335189  0.523468  0.783345)
     C   10    Vzz=    0.5370    axis=(  0.093756 -0.808784  0.580585)
     C   10  Q=         1.0000 1e-30 m^2  Cq=         1.2617 MHz  eta= 0.67904

     C   11    Vxx=    0.3060    axis=(  0.987110 -0.082530 -0.137125)
     C   11    Vyy=    0.4128    axis=(  0.113685  0.964637  0.237805)
     C   11    Vzz=   -0.7189    axis=(  0.112650 -0.250329  0.961585)
     C   11  Q=         1.0000 1e-30 m^2  Cq=        -1.6891 MHz  eta= 0.14853

     Cl  12    Vxx=   -0.6450    axis=(  0.848333  0.404229 -0.341951)
     Cl  12    Vyy=   -1.4233    axis=( -0.524778  0.556210 -0.644390)
     Cl  12    Vzz=    2.0683    axis=(  0.070284 -0.726106 -0.683982)
     Cl  12  Q=        -8.1650 1e-30 m^2  Cq=       -39.6792 MHz  eta= 0.37627

     H   13    Vxx=   -0.1940    axis=(  0.768569  0.474214 -0.429445)
     H   13    Vyy=   -0.6087    axis=( -0.635369  0.487191 -0.599125)
     H   13    Vzz=    0.8028    axis=(  0.074892 -0.733325 -0.675741)
     H   13  Q=         1.0000 1e-30 m^2  Cq=         1.8862 MHz  eta= 0.51655

     C   14    Vxx=   -0.0727    axis=(  0.279410  0.027891  0.959767)
     C   14    Vyy=   -0.3935    axis=(  0.464861  0.870690 -0.160634)
     C   14    Vzz=    0.4662    axis=( -0.840140  0.491041  0.230314)
     C   14  Q=         1.0000 1e-30 m^2  Cq=         1.0955 MHz  eta= 0.68793

     H   15    Vxx=   -0.1653    axis=( -0.582064 -0.303368  0.754433)
     H   15    Vyy=   -0.5816    axis=( -0.397700  0.915466  0.061286)
     H   15    Vzz=    0.7469    axis=( -0.709250 -0.264366 -0.653510)
     H   15  Q=         1.0000 1e-30 m^2  Cq=         1.7550 MHz  eta= 0.55729

     C   16    Vxx=    0.0234    axis=( -0.167714  0.714329 -0.679416)
     C   16    Vyy=    0.5346    axis=(  0.074411  0.696385  0.713801)
     C   16    Vzz=   -0.5581    axis=( -0.983023 -0.069158  0.169947)
     C   16  Q=         1.0000 1e-30 m^2  Cq=        -1.3112 MHz  eta= 0.91597

     C   17    Vxx=   -0.0890    axis=(  0.518179  0.782030 -0.346294)
     C   17    Vyy=   -0.5015    axis=( -0.275567  0.535960  0.798003)
     C   17    Vzz=    0.5905    axis=(  0.809663 -0.318081  0.493225)
     C   17  Q=         1.0000 1e-30 m^2  Cq=         1.3874 MHz  eta= 0.69861

     Cl  18    Vxx=    0.7063    axis=( -0.716742 -0.598373  0.358093)
     Cl  18    Vyy=    0.9404    axis=(  0.696132 -0.583768  0.417870)
     Cl  18    Vzz=   -1.6467    axis=( -0.040999  0.548785  0.834957)
     Cl  18  Q=        -8.1650 1e-30 m^2  Cq=        31.5918 MHz  eta= 0.14216

     H   19    Vxx=   -0.0348    axis=(  0.999007  0.030437 -0.032527)
     H   19    Vyy=   -0.2974    axis=( -0.027394 -0.156028 -0.987373)
     H   19    Vzz=    0.3322    axis=( -0.035128  0.987284 -0.155039)
     H   19  Q=         1.0000 1e-30 m^2  Cq=         0.7806 MHz  eta= 0.79029

     C   20    Vxx=    0.0828    axis=(  0.519947 -0.313032 -0.794774)
     C   20    Vyy=    1.0048    axis=(  0.063111 -0.913812  0.401204)
     C   20    Vzz=   -1.0876    axis=( -0.851864 -0.258764 -0.455378)
     C   20  Q=         1.0000 1e-30 m^2  Cq=        -2.5555 MHz  eta= 0.84772

     H   21    Vxx=   -0.0078    axis=(  0.301778  0.896029  0.325671)
     H   21    Vyy=   -0.7082    axis=( -0.572579 -0.102790  0.813380)
     H   21    Vzz=    0.7160    axis=(  0.762288 -0.431932  0.482028)
     H   21  Q=         1.0000 1e-30 m^2  Cq=         1.6823 MHz  eta= 0.97810

     C   22    Vxx=    0.0674    axis=(  0.741697 -0.150513  0.653630)
     C   22    Vyy=    0.3347    axis=( -0.667444 -0.262038  0.697033)
     C   22    Vzz=   -0.4021    axis=(  0.066363 -0.953248 -0.294811)
     C   22  Q=         1.0000 1e-30 m^2  Cq=        -0.9448 MHz  eta= 0.66478

     C   23    Vxx=   -0.0890    axis=(  0.573260 -0.280721 -0.769785)
     C   23    Vyy=   -0.9163    axis=(  0.806843  0.357071  0.470642)
     C   23    Vzz=    1.0053    axis=( -0.142749  0.890896 -0.431192)
     C   23  Q=         1.0000 1e-30 m^2  Cq=         2.3619 MHz  eta= 0.82302

     Cl  24    Vxx=    0.4661    axis=(  0.733637  0.529275  0.426199)
     Cl  24    Vyy=    2.2543    axis=( -0.320420 -0.283653  0.903810)
     Cl  24    Vzz=   -2.7205    axis=( -0.599256  0.799631  0.038508)
     Cl  24  Q=        -8.1650 1e-30 m^2  Cq=        52.1911 MHz  eta= 0.65731

     Initialization:
     gipaw_setup  :      9.00s CPU     10.77s WALL (       1 calls)

     Linear response

     Apply operators

     Induced current

     Other routines
     efg          :      9.30s CPU     11.57s WALL (       1 calls)

     General routines
     calbec       :      3.18s CPU      4.18s WALL (      16 calls)
     fft          :      1.45s CPU      1.95s WALL (      15 calls)
     ffts         :      0.04s CPU      0.04s WALL (       2 calls)
     fftw         :      3.31s CPU      3.96s WALL (     672 calls)
     davcio       :      0.02s CPU      0.33s WALL (      32 calls)

     Parallel routines
     fft_scatter  :      2.01s CPU      3.01s WALL (     689 calls)

     Plugins

     GIPAW        :     61.05s CPU     74.84s WALL (       1 calls)
