
     Program QE v.6.0 (svn rev. 13079) starts on 16Dec2016 at 12:26: 7 

     This program is part of the open-source Quantum ESPRESSO suite
     for quantum simulation of materials; please cite
         "P. Giannozzi et al., J. Phys.:Condens. Matter 21 395502 (2009);
          URL http://www.quantum-espresso.org", 
     in publications or presentations arising from this work. More details at
     http://www.quantum-espresso.org/quote

     Parallel version (MPI), running on     8 processors
     R & G space division:  proc/nbgrp/npool/nimage =       8

     ***** This is GIPAW svn revision unknown      *****

     Parallelizing q-star over 1 images

     Reading data from directory:
     /users/majewski/paradichlorobenzene/pbe/9_constraint/scratch/pbe.ecut100.np8.dt60.pcl2phi-129368.save
     Message from routine read_xml_file:
     file /users/majewski/paradichlorobenzene/pbe/9_constraint/scratch/pbe.ecut100.np8.dt60.pcl2phi-129368.save not guaranteed to be safe for post-processing

   Info: using nr1, nr2, nr3 values from input

   Info: using nr1, nr2, nr3 values from input

     IMPORTANT: XC functional enforced from input :
     Exchange-correlation      =  SLA  PW   PBX  PBC ( 1  4  3  4 0 0)
     Any further DFT definition will be discarded
     Please, verify this is what you really want

               file C.pbe-n-kjpaw_psl.1.0.0.UPF: wavefunction(s)  2S 2P renormalized
               file Cl.pbe-n-kjpaw_psl.1.0.0.UPF: wavefunction(s)  3S 3P renormalized
               file H.pbe-kjpaw_psl.1.0.0.UPF: wavefunction(s)  1S renormalized

     Parallelization info
     --------------------
     sticks:   dense  smooth     PW     G-vecs:    dense   smooth      PW
     Min        3057    1223    332               144436    36536    5170
     Max        3059    1225    333               144437    36537    5171
     Sum       24467    9791   2657              1155489   292295   41363


     Subspace diagonalization in iterative solution of the eigenvalue problem:
     a serial algorithm will be used

     GIPAW projectors -----------------------------------------------
     atom=  C    l=0  rc=    1.2000  rs=    0.8000
     atom=  C    l=0  rc=    1.2000  rs=    0.8000
     atom=  C    l=1  rc=    1.4000  rs=    0.9333
     atom=  C    l=1  rc=    1.4000  rs=    0.9333
     projs nearly linearly dependent: l=1  n1,n2= 1, 2  s=  0.99951561

     atom=  Cl   l=0  rc=    1.6000  rs=    1.0667
     atom=  Cl   l=0  rc=    1.6000  rs=    1.0667
     atom=  Cl   l=1  rc=    1.6000  rs=    1.0667
     atom=  Cl   l=1  rc=    1.6000  rs=    1.0667
     atom=  Cl   l=2  rc=    1.6000  rs=    1.0667
     atom=  Cl   l=2  rc=    1.6000  rs=    1.0667
     projs nearly linearly dependent: l=2  n1,n2= 1, 2  s=  0.99993509

     atom=  H    l=0  rc=    1.0000  rs=    0.6667
     atom=  H    l=0  rc=    1.0000  rs=    0.6667
     projs nearly linearly dependent: l=0  n1,n2= 1, 2  s=  0.99968852
     -----------------------------------------------------------------

     GIPAW integrals: -------------------------------------------
     Atom  i/j   nmr_para   nmr_dia   epr_rmc  epr_para   epr_dia
       C   1 1   0.83E+03  0.17E-01  0.93E+01  0.24E+08  0.24E+03
       C   2 1   0.86E+03 -0.61E-01  0.94E+01  0.25E+08  0.25E+03
       C   2 2   0.90E+03 -0.15E+00  0.97E+01  0.26E+08  0.26E+03
       C   3 3   0.33E+01  0.34E+00  0.18E+01  0.55E+03  0.21E+02
       C   4 3   0.35E+01  0.37E+00  0.20E+01  0.59E+03  0.22E+02
       C   4 4   0.38E+01  0.39E+00  0.22E+01  0.63E+03  0.24E+02
       Cl  1 1   0.14E+04 -0.47E+00  0.84E+01  0.32E+09  0.42E+03
       Cl  2 1   0.21E+04 -0.37E+00  0.12E+02  0.49E+09  0.65E+03
       Cl  2 2   0.33E+04 -0.16E+00  0.21E+02  0.76E+09  0.10E+04
       Cl  3 3   0.21E+02  0.79E-01  0.89E+01  0.23E+05  0.13E+03
       Cl  4 3   0.24E+02  0.67E-01  0.99E+01  0.27E+05  0.15E+03
       Cl  4 4   0.28E+02  0.44E-01  0.11E+02  0.32E+05  0.18E+03
       Cl  5 5   0.77E+00  0.19E+00  0.18E+01  0.12E+03  0.22E+02
       Cl  6 5   0.80E+00  0.19E+00  0.19E+01  0.12E+03  0.23E+02
       Cl  6 6   0.83E+00  0.20E+00  0.19E+01  0.12E+03  0.23E+02
       H   1 1   0.39E+02  0.19E+00  0.29E+00  0.78E+05  0.13E+02
       H   2 1   0.41E+02  0.21E+00  0.32E+00  0.82E+05  0.14E+02
       H   2 2   0.43E+02  0.22E+00  0.36E+00  0.86E+05  0.15E+02
     ------------------------------------------------------------

     alpha_pv=     33.7613 eV

     Number of occupied bands for each k-point:
     k-point:     1    nbnd_occ=  42
     k-point:     2    nbnd_occ=  42
     k-point:     3    nbnd_occ=  42
     k-point:     4    nbnd_occ=  42
     k-point:     5    nbnd_occ=  42
     k-point:     6    nbnd_occ=  42
     k-point:     7    nbnd_occ=  42
     k-point:     8    nbnd_occ=  42
     k-point:     9    nbnd_occ=  42
     k-point:    10    nbnd_occ=  42
     k-point:    11    nbnd_occ=  42
     k-point:    12    nbnd_occ=  42
     k-point:    13    nbnd_occ=  42
     k-point:    14    nbnd_occ=  42
     k-point:    15    nbnd_occ=  42
     k-point:    16    nbnd_occ=  42


     q-space interpolation up to   110.00 Rydberg

     GIPAW job: efg                                                                             


     ELECTRIC FIELD GRADIENTS TENSORS IN Hartree/bohrradius^2:

     ----- bare term -----
     Cl   1        0.192742        0.038711        0.061935
     Cl   1        0.038711        0.098292       -0.238417
     Cl   1        0.061935       -0.238417       -0.291034

     C    2       -0.779494        0.339220       -0.251214
     C    2        0.339220        0.272073       -0.086738
     C    2       -0.251214       -0.086738        0.507420

     C    3        0.313122       -0.063018        0.200338
     C    3       -0.063018       -0.308145       -0.217941
     C    3        0.200338       -0.217941       -0.004977

     H    4       -0.364802       -0.260738        0.274514
     H    4       -0.260738        0.229169        0.008572
     H    4        0.274514        0.008572        0.135633

     C    5       -0.504747        0.281487       -0.306749
     C    5        0.281487        0.130721        0.031118
     C    5       -0.306749        0.031118        0.374026

     H    6        0.184771       -0.396881        0.243577
     H    6       -0.396881       -0.469685        0.039076
     H    6        0.243577        0.039076        0.284913

     H    7       -0.055394        0.455260       -0.124287
     H    7        0.455260       -0.311280        0.341708
     H    7       -0.124287        0.341708        0.366673

     C    8       -0.155748       -0.342987       -0.237607
     C    8       -0.342987       -0.111662        0.480343
     C    8       -0.237607        0.480343        0.267411

     H    9       -0.266113        0.237075       -0.477189
     H    9        0.237075        0.216752        0.324150
     H    9       -0.477189        0.324150        0.049361

     C   10       -0.185324       -0.287865       -0.247706
     C   10       -0.287865       -0.253609        0.507849
     C   10       -0.247706        0.507849        0.438934

     C   11       -0.203450        0.069509       -0.354251
     C   11        0.069509       -0.083750        0.597472
     C   11       -0.354251        0.597472        0.287200

     Cl  12        0.023554       -0.227601        0.018334
     Cl  12       -0.227601        0.006417       -0.021745
     Cl  12        0.018334       -0.021745       -0.029972

     H   13        0.291120       -0.385336        0.106843
     H   13       -0.385336       -0.611348        0.112532
     H   13        0.106843        0.112532        0.320228

     C   14       -0.100188        0.193536       -0.164817
     C   14        0.193536       -0.059941       -0.424334
     C   14       -0.164817       -0.424334        0.160129

     H   15       -0.250683       -0.397714        0.144773
     H   15       -0.397714        0.016548        0.171947
     H   15        0.144773        0.171947        0.234135

     C   16       -0.278166        0.199584       -0.006726
     C   16        0.199584       -0.034419       -0.198950
     C   16       -0.006726       -0.198950        0.312584

     C   17       -0.055273       -0.127082       -0.334995
     C   17       -0.127082       -0.019675       -0.653600
     C   17       -0.334995       -0.653600        0.074948

     Cl  18       -0.127015        0.085243        0.060319
     Cl  18        0.085243       -0.071904       -0.061178
     Cl  18        0.060319       -0.061178        0.198919

     H   19        0.545763        0.007076       -0.032234
     H   19        0.007076       -0.084706        0.267350
     H   19       -0.032234        0.267350       -0.461057

     C   20       -0.557655       -0.330051       -0.197858
     C   20       -0.330051        0.262779        0.324570
     C   20       -0.197858        0.324570        0.294876

     H   21        0.148134        0.054398       -0.346700
     H   21        0.054398        0.321416       -0.223645
     H   21       -0.346700       -0.223645       -0.469550

     C   22        0.234677       -0.103799        0.005257
     C   22       -0.103799       -0.119234        0.175384
     C   22        0.005257        0.175384       -0.115442

     C   23       -0.196826       -0.225026       -0.319209
     C   23       -0.225026        0.000649        0.167234
     C   23       -0.319209        0.167234        0.196177

     Cl  24        0.096094        0.017018       -0.020346
     Cl  24        0.017018       -0.123594       -0.140474
     Cl  24       -0.020346       -0.140474        0.027501

     ----- ionic term -----
     Cl   1        0.143326       -0.195397       -0.035047
     Cl   1       -0.195397        0.005233        0.025115
     Cl   1       -0.035047        0.025115       -0.148559

     C    2        0.397061        0.002213        0.048817
     C    2        0.002213        0.196499        0.277546
     C    2        0.048817        0.277546       -0.593560

     C    3        0.189133       -0.050869        0.020074
     C    3       -0.050869        0.332458        0.313158
     C    3        0.020074        0.313158       -0.521590

     H    4        0.813981        0.527913        0.294680
     H    4        0.527913       -0.247775        0.162242
     H    4        0.294680        0.162242       -0.566206

     C    5        0.349247       -0.036467        0.037485
     C    5       -0.036467        0.170034        0.261193
     C    5        0.037485        0.261193       -0.519281

     H    6       -0.475724        0.272083        0.094368
     H    6        0.272083        0.814258        0.531082
     H    6        0.094368        0.531082       -0.338534

     H    7       -0.461446       -0.281674        0.196757
     H    7       -0.281674        0.470146       -0.710731
     H    7        0.196757       -0.710731       -0.008700

     C    8        0.126741        0.161621        0.344362
     C    8        0.161621        0.091282       -0.261089
     C    8        0.344362       -0.261089       -0.218023

     H    9        0.427063       -0.320646        0.712574
     H    9       -0.320646       -0.367948       -0.312654
     H    9        0.712574       -0.312654       -0.059115

     C   10       -0.047267        0.199780        0.245237
     C   10        0.199780        0.281925       -0.428815
     C   10        0.245237       -0.428815       -0.234657

     C   11        0.064195        0.236888        0.364303
     C   11        0.236888        0.153625       -0.385137
     C   11        0.364303       -0.385137       -0.217820

     Cl  12        0.088291        0.199463        0.015503
     Cl  12        0.199463        0.073761        0.006214
     Cl  12        0.015503        0.006214       -0.162052

     H   13       -0.465557        0.284880        0.065723
     H   13        0.284880        0.897525        0.453222
     H   13        0.065723        0.453222       -0.431968

     C   14        0.468097       -0.054142        0.025712
     C   14       -0.054142        0.137846        0.238298
     C   14        0.025712        0.238298       -0.605943

     H   15        0.840295        0.505634        0.214936
     H   15        0.505634       -0.263231        0.117363
     H   15        0.214936        0.117363       -0.577064

     C   16        0.223627       -0.117217       -0.002435
     C   16       -0.117217        0.340676        0.300117
     C   16       -0.002435        0.300117       -0.564304

     C   17        0.243582       -0.026720        0.062544
     C   17       -0.026720        0.311422        0.281506
     C   17        0.062544        0.281506       -0.555005

     Cl  18        0.093496       -0.167349       -0.023936
     Cl  18       -0.167349        0.046684        0.014692
     Cl  18       -0.023936        0.014692       -0.140181

     H   19       -0.514992       -0.097603        0.101297
     H   19       -0.097603        0.574544       -0.730378
     H   19        0.101297       -0.730378       -0.059552

     C   20        0.179328        0.264019        0.392373
     C   20        0.264019        0.060658       -0.237234
     C   20        0.392373       -0.237234       -0.239986

     H   21        0.420005       -0.300215        0.753303
     H   21       -0.300215       -0.394206       -0.299032
     H   21        0.753303       -0.299032       -0.025799

     C   22       -0.012664        0.257160        0.258952
     C   22        0.257160        0.239956       -0.407177
     C   22        0.258952       -0.407177       -0.227293

     C   23        0.066837        0.222501        0.292185
     C   23        0.222501        0.130291       -0.414750
     C   23        0.292185       -0.414750       -0.197128

     Cl  24        0.125108        0.200620        0.009460
     Cl  24        0.200620        0.013313       -0.001021
     Cl  24        0.009460       -0.001021       -0.138421

     ----- GIPAW term -----
     Cl   1       -0.281868       -0.942081        0.138356
     Cl   1       -0.942081       -0.513787        0.872772
     Cl   1        0.138356        0.872772        0.795655

     C    2       -0.129644        0.017904        0.023673
     C    2        0.017904        0.027222        0.122037
     C    2        0.023673        0.122037        0.102422

     C    3        0.020783       -0.018750        0.035911
     C    3       -0.018750        0.012912        0.039879
     C    3        0.035911        0.039879       -0.033696

     H    4       -0.000000        0.000000        0.000000
     H    4        0.000000        0.000000        0.000000
     H    4        0.000000        0.000000        0.000000

     C    5       -0.061581        0.001115       -0.092653
     C    5        0.001115       -0.028430        0.062161
     C    5       -0.092653        0.062161        0.090011

     H    6       -0.000000        0.000000        0.000000
     H    6        0.000000        0.000000        0.000000
     H    6        0.000000        0.000000        0.000000

     H    7       -0.000000        0.000000        0.000000
     H    7        0.000000        0.000000        0.000000
     H    7        0.000000        0.000000        0.000000

     C    8       -0.027638       -0.183759       -0.081363
     C    8       -0.183759        0.077090        0.194489
     C    8       -0.081363        0.194489       -0.049451

     H    9       -0.000000        0.000000        0.000000
     H    9        0.000000        0.000000        0.000000
     H    9        0.000000        0.000000        0.000000

     C   10       -0.051707       -0.036341       -0.062798
     C   10       -0.036341       -0.032875        0.081868
     C   10       -0.062798        0.081868        0.084582

     C   11        0.012708        0.156274       -0.054767
     C   11        0.156274       -0.003808        0.144194
     C   11       -0.054767        0.144194       -0.008900

     Cl  12        1.800229        0.468899        0.180355
     Cl  12        0.468899        0.236341       -0.189028
     Cl  12        0.180355       -0.189028       -2.036570

     H   13       -0.000000        0.000000        0.000000
     H   13        0.000000        0.000000        0.000000
     H   13        0.000000        0.000000        0.000000

     C   14       -0.059169        0.120528       -0.042102
     C   14        0.120528        0.143300       -0.169868
     C   14       -0.042102       -0.169868       -0.084131

     H   15       -0.000000        0.000000        0.000000
     H   15        0.000000        0.000000        0.000000
     H   15        0.000000        0.000000        0.000000

     C   16       -0.091857        0.034585       -0.023036
     C   16        0.034585        0.052403       -0.105865
     C   16       -0.023036       -0.105865        0.039454

     C   17       -0.007380       -0.154890       -0.053347
     C   17       -0.154890        0.166809       -0.105409
     C   17       -0.053347       -0.105409       -0.159429

     Cl  18        0.595279       -1.931839        0.461952
     Cl  18       -1.931839       -0.504637       -0.500591
     Cl  18        0.461952       -0.500591       -0.090642

     H   19       -0.000000        0.000000        0.000000
     H   19        0.000000        0.000000        0.000000
     H   19        0.000000        0.000000        0.000000

     C   20       -0.174160       -0.060219       -0.030277
     C   20       -0.060219        0.138441        0.192067
     C   20       -0.030277        0.192067        0.035718

     H   21       -0.000000        0.000000        0.000000
     H   21        0.000000        0.000000        0.000000
     H   21        0.000000        0.000000        0.000000

     C   22        0.000848       -0.011468       -0.001404
     C   22       -0.011468        0.030002        0.023839
     C   22       -0.001404        0.023839       -0.030850

     C   23       -0.036537       -0.037612       -0.073134
     C   23       -0.037612        0.045133        0.097477
     C   23       -0.073134        0.097477       -0.008596

     Cl  24       -0.125550        0.320804       -0.790053
     Cl  24        0.320804        0.946111        1.667786
     Cl  24       -0.790053        1.667786       -0.820562

     ----- total EFG -----
     Cl   1        0.054200       -1.098767        0.165243
     Cl   1       -1.098767       -0.410262        0.659470
     Cl   1        0.165243        0.659470        0.356062

     C    2       -0.512077        0.359337       -0.178724
     C    2        0.359337        0.495794        0.312845
     C    2       -0.178724        0.312845        0.016283

     C    3        0.523038       -0.132638        0.256323
     C    3       -0.132638        0.037225        0.135097
     C    3        0.256323        0.135097       -0.560264

     H    4        0.449179        0.267175        0.569194
     H    4        0.267175       -0.018606        0.170814
     H    4        0.569194        0.170814       -0.430573

     C    5       -0.217080        0.246136       -0.361917
     C    5        0.246136        0.272326        0.354472
     C    5       -0.361917        0.354472       -0.055245

     H    6       -0.290952       -0.124799        0.337945
     H    6       -0.124799        0.344573        0.570158
     H    6        0.337945        0.570158       -0.053621

     H    7       -0.516839        0.173586        0.072470
     H    7        0.173586        0.158866       -0.369023
     H    7        0.072470       -0.369023        0.357973

     C    8       -0.056646       -0.365126        0.025392
     C    8       -0.365126        0.056709        0.413743
     C    8        0.025392        0.413743       -0.000063

     H    9        0.160950       -0.083571        0.235385
     H    9       -0.083571       -0.151197        0.011496
     H    9        0.235385        0.011496       -0.009753

     C   10       -0.284299       -0.124427       -0.065267
     C   10       -0.124427       -0.004560        0.160901
     C   10       -0.065267        0.160901        0.288859

     C   11       -0.126547        0.462671       -0.044715
     C   11        0.462671        0.066067        0.356529
     C   11       -0.044715        0.356529        0.060481

     Cl  12        1.912074        0.440761        0.214192
     Cl  12        0.440761        0.316520       -0.204558
     Cl  12        0.214192       -0.204558       -2.228594

     H   13       -0.174437       -0.100456        0.172567
     H   13       -0.100456        0.286176        0.565754
     H   13        0.172567        0.565754       -0.111739

     C   14        0.308740        0.259923       -0.181207
     C   14        0.259923        0.221205       -0.355903
     C   14       -0.181207       -0.355903       -0.529945

     H   15        0.589612        0.107920        0.359708
     H   15        0.107920       -0.246683        0.289310
     H   15        0.359708        0.289310       -0.342930

     C   16       -0.146396        0.116952       -0.032197
     C   16        0.116952        0.358661       -0.004698
     C   16       -0.032197       -0.004698       -0.212265

     C   17        0.180929       -0.308692       -0.325798
     C   17       -0.308692        0.458556       -0.477502
     C   17       -0.325798       -0.477502       -0.639485

     Cl  18        0.561760       -2.013945        0.498335
     Cl  18       -2.013945       -0.529856       -0.547077
     Cl  18        0.498335       -0.547077       -0.031904

     H   19        0.030770       -0.090527        0.069063
     H   19       -0.090527        0.489839       -0.463028
     H   19        0.069063       -0.463028       -0.520609

     C   20       -0.552487       -0.126251        0.164239
     C   20       -0.126251        0.461879        0.279403
     C   20        0.164239        0.279403        0.090608

     H   21        0.568139       -0.245817        0.406603
     H   21       -0.245817       -0.072790       -0.522678
     H   21        0.406603       -0.522678       -0.495349

     C   22        0.222861        0.141893        0.262806
     C   22        0.141893        0.150724       -0.207954
     C   22        0.262806       -0.207954       -0.373585

     C   23       -0.166526       -0.040136       -0.100157
     C   23       -0.040136        0.176072       -0.150039
     C   23       -0.100157       -0.150039       -0.009547

     Cl  24        0.095652        0.538442       -0.800939
     Cl  24        0.538442        0.835829        1.526291
     Cl  24       -0.800939        1.526291       -0.931482

     ----- total EFG (symmetrized) -----
     Cl   1        0.054200       -1.098767        0.165243
     Cl   1       -1.098767       -0.410262        0.659470
     Cl   1        0.165243        0.659470        0.356062

     C    2       -0.512077        0.359337       -0.178724
     C    2        0.359337        0.495794        0.312845
     C    2       -0.178724        0.312845        0.016283

     C    3        0.523038       -0.132638        0.256323
     C    3       -0.132638        0.037225        0.135097
     C    3        0.256323        0.135097       -0.560264

     H    4        0.449179        0.267175        0.569194
     H    4        0.267175       -0.018606        0.170814
     H    4        0.569194        0.170814       -0.430573

     C    5       -0.217080        0.246136       -0.361917
     C    5        0.246136        0.272326        0.354472
     C    5       -0.361917        0.354472       -0.055245

     H    6       -0.290952       -0.124799        0.337945
     H    6       -0.124799        0.344573        0.570158
     H    6        0.337945        0.570158       -0.053621

     H    7       -0.516839        0.173586        0.072470
     H    7        0.173586        0.158866       -0.369023
     H    7        0.072470       -0.369023        0.357973

     C    8       -0.056646       -0.365126        0.025392
     C    8       -0.365126        0.056709        0.413743
     C    8        0.025392        0.413743       -0.000063

     H    9        0.160950       -0.083571        0.235385
     H    9       -0.083571       -0.151197        0.011496
     H    9        0.235385        0.011496       -0.009753

     C   10       -0.284299       -0.124427       -0.065267
     C   10       -0.124427       -0.004560        0.160901
     C   10       -0.065267        0.160901        0.288859

     C   11       -0.126547        0.462671       -0.044715
     C   11        0.462671        0.066067        0.356529
     C   11       -0.044715        0.356529        0.060481

     Cl  12        1.912074        0.440761        0.214192
     Cl  12        0.440761        0.316520       -0.204558
     Cl  12        0.214192       -0.204558       -2.228594

     H   13       -0.174437       -0.100456        0.172567
     H   13       -0.100456        0.286176        0.565754
     H   13        0.172567        0.565754       -0.111739

     C   14        0.308740        0.259923       -0.181207
     C   14        0.259923        0.221205       -0.355903
     C   14       -0.181207       -0.355903       -0.529945

     H   15        0.589612        0.107920        0.359708
     H   15        0.107920       -0.246683        0.289310
     H   15        0.359708        0.289310       -0.342930

     C   16       -0.146396        0.116952       -0.032197
     C   16        0.116952        0.358661       -0.004698
     C   16       -0.032197       -0.004698       -0.212265

     C   17        0.180929       -0.308692       -0.325798
     C   17       -0.308692        0.458556       -0.477502
     C   17       -0.325798       -0.477502       -0.639485

     Cl  18        0.561760       -2.013945        0.498335
     Cl  18       -2.013945       -0.529856       -0.547077
     Cl  18        0.498335       -0.547077       -0.031904

     H   19        0.030770       -0.090527        0.069063
     H   19       -0.090527        0.489839       -0.463028
     H   19        0.069063       -0.463028       -0.520609

     C   20       -0.552487       -0.126251        0.164239
     C   20       -0.126251        0.461879        0.279403
     C   20        0.164239        0.279403        0.090608

     H   21        0.568139       -0.245817        0.406603
     H   21       -0.245817       -0.072790       -0.522678
     H   21        0.406603       -0.522678       -0.495349

     C   22        0.222861        0.141893        0.262806
     C   22        0.141893        0.150724       -0.207954
     C   22        0.262806       -0.207954       -0.373585

     C   23       -0.166526       -0.040136       -0.100157
     C   23       -0.040136        0.176072       -0.150039
     C   23       -0.100157       -0.150039       -0.009547

     Cl  24        0.095652        0.538442       -0.800939
     Cl  24        0.538442        0.835829        1.526291
     Cl  24       -0.800939        1.526291       -0.931482


     NQR/NMR SPECTROSCOPIC PARAMETERS:
     Cl   1    Vxx=    0.4200    axis=( -0.544191  0.055252 -0.837140)
     Cl   1    Vyy=    1.0886    axis=( -0.617914  0.648548  0.444486)
     Cl   1    Vzz=   -1.5085    axis=(  0.567484  0.759166 -0.318793)
     Cl   1  Q=        -8.1650 1e-30 m^2  Cq=        28.9404 MHz  eta= 0.44323

     C    2    Vxx=    0.0237    axis=( -0.445209 -0.233895  0.864339)
     C    2    Vyy=    0.7042    axis=( -0.215997 -0.908724 -0.357163)
     C    2    Vzz=   -0.7278    axis=(  0.868985 -0.345707  0.354052)
     C    2  Q=         1.0000 1e-30 m^2  Cq=        -1.7102 MHz  eta= 0.93492

     C    3    Vxx=    0.0566    axis=( -0.127705 -0.956436 -0.262531)
     C    3    Vyy=    0.5991    axis=(  0.964448 -0.181500  0.192088)
     C    3    Vzz=   -0.6556    axis=( -0.231369 -0.228667  0.945611)
     C    3  Q=         1.0000 1e-30 m^2  Cq=        -1.5405 MHz  eta= 0.82735

     H    4    Vxx=   -0.1318    axis=(  0.333576 -0.937453  0.099542)
     H    4    Vyy=   -0.7121    axis=(  0.428836  0.056859 -0.901591)
     H    4    Vzz=    0.8439    axis=(  0.839540  0.343437  0.420981)
     H    4  Q=         1.0000 1e-30 m^2  Cq=         1.9828 MHz  eta= 0.68761

     C    5    Vxx=    0.1889    axis=(  0.732273  0.341974 -0.588923)
     C    5    Vyy=    0.4993    axis=( -0.026218 -0.849980 -0.526163)
     C    5    Vzz=   -0.6883    axis=(  0.680506 -0.400735  0.613452)
     C    5  Q=         1.0000 1e-30 m^2  Cq=        -1.6172 MHz  eta= 0.45100

     H    6    Vxx=   -0.0239    axis=(  0.777207 -0.437109  0.452642)
     H    6    Vyy=   -0.7347    axis=(  0.621521  0.420903 -0.660721)
     H    6    Vzz=    0.7587    axis=(  0.098289  0.794844  0.598801)
     H    6  Q=         1.0000 1e-30 m^2  Cq=         1.7826 MHz  eta= 0.93687

     H    7    Vxx=   -0.0530    axis=(  0.362669  0.724286  0.586414)
     H    7    Vyy=   -0.5897    axis=( -0.930926  0.310584  0.192129)
     H    7    Vzz=    0.6427    axis=( -0.042975 -0.615587  0.786896)
     H    7  Q=         1.0000 1e-30 m^2  Cq=         1.5101 MHz  eta= 0.83510

     C    8    Vxx=   -0.0065    axis=(  0.744350 -0.055998  0.665438)
     C    8    Vyy=   -0.5520    axis=( -0.521582 -0.671012  0.526968)
     C    8    Vzz=    0.5585    axis=( -0.417007  0.739329  0.528675)
     C    8  Q=         1.0000 1e-30 m^2  Cq=         1.3123 MHz  eta= 0.97680

     H    9    Vxx=   -0.1095    axis=(  0.290122 -0.746755 -0.598487)
     H    9    Vyy=   -0.2245    axis=(  0.492937  0.652650 -0.575380)
     H    9    Vzz=    0.3340    axis=( -0.820270  0.128086 -0.557451)
     H    9  Q=         1.0000 1e-30 m^2  Cq=         0.7847 MHz  eta= 0.34416

     C   10    Vxx=   -0.0469    axis=( -0.310145  0.832461 -0.459150)
     C   10    Vyy=   -0.3317    axis=( -0.935781 -0.352511 -0.007020)
     C   10    Vzz=    0.3786    axis=( -0.167699  0.427487  0.888331)
     C   10  Q=         1.0000 1e-30 m^2  Cq=         0.8896 MHz  eta= 0.75199

     C   11    Vxx=    0.0346    axis=(  0.599341  0.132461 -0.789459)
     C   11    Vyy=    0.5779    axis=( -0.461482 -0.748661 -0.475963)
     C   11    Vzz=   -0.6125    axis=(  0.654084 -0.649585  0.387575)
     C   11  Q=         1.0000 1e-30 m^2  Cq=        -1.4392 MHz  eta= 0.88700

     Cl  12    Vxx=    0.2285    axis=( -0.239879  0.965504 -0.101292)
     Cl  12    Vyy=    2.0315    axis=(  0.968917  0.244606  0.036970)
     Cl  12    Vzz=   -2.2600    axis=( -0.060472  0.089276  0.994170)
     Cl  12  Q=        -8.1650 1e-30 m^2  Cq=        43.3568 MHz  eta= 0.79781

     H   13    Vxx=   -0.0828    axis=(  0.907310 -0.259838  0.330563)
     H   13    Vyy=   -0.6045    axis=(  0.419914  0.519876 -0.743909)
     H   13    Vzz=    0.6873    axis=(  0.021444  0.813765  0.580798)
     H   13  Q=         1.0000 1e-30 m^2  Cq=         1.6149 MHz  eta= 0.75907

     C   14    Vxx=    0.0302    axis=(  0.731342 -0.657504  0.181184)
     C   14    Vyy=    0.6474    axis=(  0.677269  0.668885 -0.306430)
     C   14    Vzz=   -0.6776    axis=(  0.080288  0.346816  0.934491)
     C   14  Q=         1.0000 1e-30 m^2  Cq=        -1.5921 MHz  eta= 0.91096

     H   15    Vxx=   -0.1247    axis=(  0.359757 -0.804165 -0.473174)
     H   15    Vyy=   -0.6276    axis=(  0.188904  0.559401 -0.807085)
     H   15    Vzz=    0.7524    axis=(  0.913723  0.200970  0.353158)
     H   15  Q=         1.0000 1e-30 m^2  Cq=         1.7678 MHz  eta= 0.66843

     C   16    Vxx=   -0.1558    axis=(  0.858213 -0.199407 -0.472978)
     C   16    Vyy=   -0.2288    axis=(  0.465563 -0.085637  0.880862)
     C   16    Vzz=    0.3847    axis=(  0.216154  0.976168 -0.019341)
     C   16  Q=         1.0000 1e-30 m^2  Cq=         0.9038 MHz  eta= 0.18978

     C   17    Vxx=    0.2587    axis=(  0.857151  0.255919 -0.446988)
     C   17    Vyy=    0.7105    axis=(  0.384252 -0.895625  0.224065)
     C   17    Vzz=   -0.9691    axis=(  0.342991  0.363814  0.866023)
     C   17  Q=         1.0000 1e-30 m^2  Cq=        -2.2770 MHz  eta= 0.46619

     Cl  18    Vxx=   -0.2480    axis=( -0.276314  0.124700  0.952943)
     Cl  18    Vyy=   -2.0797    axis=( -0.596703 -0.799542 -0.068393)
     Cl  18    Vzz=    2.3277    axis=(  0.753389 -0.587522  0.295334)
     Cl  18  Q=        -8.1650 1e-30 m^2  Cq=       -44.6550 MHz  eta= 0.78692

     H   19    Vxx=    0.0139    axis=(  0.985443  0.168941 -0.019019)
     H   19    Vyy=    0.6881    axis=( -0.164340  0.917962 -0.361025)
     H   19    Vzz=   -0.7021    axis=( -0.043533  0.358895  0.932362)
     H   19  Q=         1.0000 1e-30 m^2  Cq=        -1.6496 MHz  eta= 0.96035

     C   20    Vxx=    0.0143    axis=(  0.338204 -0.427823  0.838204)
     C   20    Vyy=    0.6127    axis=(  0.030495 -0.885240 -0.464134)
     C   20    Vzz=   -0.6270    axis=(  0.940579  0.182534 -0.286345)
     C   20  Q=         1.0000 1e-30 m^2  Cq=        -1.4732 MHz  eta= 0.95449

     H   21    Vxx=   -0.0149    axis=(  0.559108  0.753289 -0.346345)
     H   21    Vyy=   -0.8788    axis=(  0.153115 -0.504367 -0.849806)
     H   21    Vzz=    0.8937    axis=( -0.814834  0.422102 -0.397335)
     H   21  Q=         1.0000 1e-30 m^2  Cq=         2.1000 MHz  eta= 0.96660

     C   22    Vxx=    0.2079    axis=( -0.303015  0.845661 -0.439362)
     C   22    Vyy=    0.3499    axis=(  0.884638  0.421056  0.200317)
     C   22    Vzz=   -0.5578    axis=( -0.354397  0.327978  0.875690)
     C   22  Q=         1.0000 1e-30 m^2  Cq=        -1.3107 MHz  eta= 0.25453

     C   23    Vxx=   -0.0169    axis=(  0.579889 -0.421424 -0.697231)
     C   23    Vyy=   -0.2432    axis=(  0.813956  0.263223  0.517870)
     C   23    Vzz=    0.2602    axis=(  0.034716  0.867822 -0.495660)
     C   23  Q=         1.0000 1e-30 m^2  Cq=         0.6113 MHz  eta= 0.86983

     Cl  24    Vxx=    0.4941    axis=(  0.921611  0.148829 -0.358445)
     Cl  24    Vyy=    1.7191    axis=(  0.048742  0.871859  0.487325)
     Cl  24    Vzz=   -2.2132    axis=(  0.385041 -0.466596  0.796261)
     Cl  24  Q=        -8.1650 1e-30 m^2  Cq=        42.4585 MHz  eta= 0.55348

     Initialization:
     gipaw_setup  :     10.09s CPU     13.10s WALL (       1 calls)

     Linear response

     Apply operators

     Induced current

     Other routines
     efg          :      9.50s CPU     12.22s WALL (       1 calls)

     General routines
     calbec       :      3.40s CPU      4.91s WALL (      16 calls)
     fft          :      1.39s CPU      1.69s WALL (      15 calls)
     ffts         :      0.05s CPU      0.07s WALL (       2 calls)
     fftw         :      3.28s CPU      3.88s WALL (     672 calls)
     davcio       :      0.02s CPU      0.33s WALL (      32 calls)

     Parallel routines
     fft_scatter  :      2.07s CPU      2.87s WALL (     689 calls)

     Plugins

     GIPAW        :     63.48s CPU     79.36s WALL (       1 calls)
