
     Program QE v.6.0 (svn rev. 13079) starts on 26Dec2016 at 15: 0:30 

     This program is part of the open-source Quantum ESPRESSO suite
     for quantum simulation of materials; please cite
         "P. Giannozzi et al., J. Phys.:Condens. Matter 21 395502 (2009);
          URL http://www.quantum-espresso.org", 
     in publications or presentations arising from this work. More details at
     http://www.quantum-espresso.org/quote

     Parallel version (MPI), running on     8 processors
     R & G space division:  proc/nbgrp/npool/nimage =       8

     ***** This is GIPAW svn revision unknown      *****

     Parallelizing q-star over 1 images

     Reading data from directory:
     /users/majewski/paradichlorobenzene/pbe/9_constraint/scratch/pbe.ecut100.np8.dt60.pcl2phi-129368.save
     Message from routine read_xml_file:
     file /users/majewski/paradichlorobenzene/pbe/9_constraint/scratch/pbe.ecut100.np8.dt60.pcl2phi-129368.save not guaranteed to be safe for post-processing

   Info: using nr1, nr2, nr3 values from input

   Info: using nr1, nr2, nr3 values from input

     IMPORTANT: XC functional enforced from input :
     Exchange-correlation      =  SLA  PW   PBX  PBC ( 1  4  3  4 0 0)
     Any further DFT definition will be discarded
     Please, verify this is what you really want

               file C.pbe-n-kjpaw_psl.1.0.0.UPF: wavefunction(s)  2S 2P renormalized
               file Cl.pbe-n-kjpaw_psl.1.0.0.UPF: wavefunction(s)  3S 3P renormalized
               file H.pbe-kjpaw_psl.1.0.0.UPF: wavefunction(s)  1S renormalized

     Parallelization info
     --------------------
     sticks:   dense  smooth     PW     G-vecs:    dense   smooth      PW
     Min        3057    1223    332               144436    36536    5170
     Max        3059    1225    333               144437    36537    5171
     Sum       24467    9791   2657              1155489   292295   41363


     Subspace diagonalization in iterative solution of the eigenvalue problem:
     a serial algorithm will be used

     GIPAW projectors -----------------------------------------------
     atom=  C    l=0  rc=    1.2000  rs=    0.8000
     atom=  C    l=0  rc=    1.2000  rs=    0.8000
     atom=  C    l=1  rc=    1.4000  rs=    0.9333
     atom=  C    l=1  rc=    1.4000  rs=    0.9333
     projs nearly linearly dependent: l=1  n1,n2= 1, 2  s=  0.99951561

     atom=  Cl   l=0  rc=    1.6000  rs=    1.0667
     atom=  Cl   l=0  rc=    1.6000  rs=    1.0667
     atom=  Cl   l=1  rc=    1.6000  rs=    1.0667
     atom=  Cl   l=1  rc=    1.6000  rs=    1.0667
     atom=  Cl   l=2  rc=    1.6000  rs=    1.0667
     atom=  Cl   l=2  rc=    1.6000  rs=    1.0667
     projs nearly linearly dependent: l=2  n1,n2= 1, 2  s=  0.99993509

     atom=  H    l=0  rc=    1.0000  rs=    0.6667
     atom=  H    l=0  rc=    1.0000  rs=    0.6667
     projs nearly linearly dependent: l=0  n1,n2= 1, 2  s=  0.99968852
     -----------------------------------------------------------------

     GIPAW integrals: -------------------------------------------
     Atom  i/j   nmr_para   nmr_dia   epr_rmc  epr_para   epr_dia
       C   1 1   0.83E+03  0.17E-01  0.93E+01  0.24E+08  0.24E+03
       C   2 1   0.86E+03 -0.61E-01  0.94E+01  0.25E+08  0.25E+03
       C   2 2   0.90E+03 -0.15E+00  0.97E+01  0.26E+08  0.26E+03
       C   3 3   0.33E+01  0.34E+00  0.18E+01  0.55E+03  0.21E+02
       C   4 3   0.35E+01  0.37E+00  0.20E+01  0.59E+03  0.22E+02
       C   4 4   0.38E+01  0.39E+00  0.22E+01  0.63E+03  0.24E+02
       Cl  1 1   0.14E+04 -0.47E+00  0.84E+01  0.32E+09  0.42E+03
       Cl  2 1   0.21E+04 -0.37E+00  0.12E+02  0.49E+09  0.65E+03
       Cl  2 2   0.33E+04 -0.16E+00  0.21E+02  0.76E+09  0.10E+04
       Cl  3 3   0.21E+02  0.79E-01  0.89E+01  0.23E+05  0.13E+03
       Cl  4 3   0.24E+02  0.67E-01  0.99E+01  0.27E+05  0.15E+03
       Cl  4 4   0.28E+02  0.44E-01  0.11E+02  0.32E+05  0.18E+03
       Cl  5 5   0.77E+00  0.19E+00  0.18E+01  0.12E+03  0.22E+02
       Cl  6 5   0.80E+00  0.19E+00  0.19E+01  0.12E+03  0.23E+02
       Cl  6 6   0.83E+00  0.20E+00  0.19E+01  0.12E+03  0.23E+02
       H   1 1   0.39E+02  0.19E+00  0.29E+00  0.78E+05  0.13E+02
       H   2 1   0.41E+02  0.21E+00  0.32E+00  0.82E+05  0.14E+02
       H   2 2   0.43E+02  0.22E+00  0.36E+00  0.86E+05  0.15E+02
     ------------------------------------------------------------

     alpha_pv=     33.9752 eV

     Number of occupied bands for each k-point:
     k-point:     1    nbnd_occ=  42
     k-point:     2    nbnd_occ=  42
     k-point:     3    nbnd_occ=  42
     k-point:     4    nbnd_occ=  42
     k-point:     5    nbnd_occ=  42
     k-point:     6    nbnd_occ=  42
     k-point:     7    nbnd_occ=  42
     k-point:     8    nbnd_occ=  42
     k-point:     9    nbnd_occ=  42
     k-point:    10    nbnd_occ=  42
     k-point:    11    nbnd_occ=  42
     k-point:    12    nbnd_occ=  42
     k-point:    13    nbnd_occ=  42
     k-point:    14    nbnd_occ=  42
     k-point:    15    nbnd_occ=  42
     k-point:    16    nbnd_occ=  42


     q-space interpolation up to   110.00 Rydberg

     GIPAW job: efg                                                                             


     ELECTRIC FIELD GRADIENTS TENSORS IN Hartree/bohrradius^2:

     ----- bare term -----
     Cl   1        0.126262       -0.026984        0.035084
     Cl   1       -0.026984       -0.061066        0.246863
     Cl   1        0.035084        0.246863       -0.065196

     C    2       -0.261869        0.341021       -0.172949
     C    2        0.341021       -0.116536       -0.290690
     C    2       -0.172949       -0.290690        0.378405

     C    3       -0.087497        0.218165       -0.200572
     C    3        0.218165       -0.111752       -0.534870
     C    3       -0.200572       -0.534870        0.199248

     H    4        0.107423       -0.089147       -0.383114
     H    4       -0.089147        0.414569        0.137658
     H    4       -0.383114        0.137658       -0.521991

     C    5       -0.593690        0.372545       -0.391635
     C    5        0.372545        0.315311       -0.334892
     C    5       -0.391635       -0.334892        0.278379

     H    6        0.212597       -0.034898        0.171015
     H    6       -0.034898       -0.239561       -0.511606
     H    6        0.171015       -0.511606        0.026964

     H    7        0.434944        0.203671       -0.063296
     H    7        0.203671       -0.670463        0.462961
     H    7       -0.063296        0.462961        0.235519

     C    8       -0.083123       -0.031004       -0.220939
     C    8       -0.031004       -0.110202        0.358975
     C    8       -0.220939        0.358975        0.193325

     H    9       -0.392449        0.292117       -0.488877
     H    9        0.292117        0.265624        0.234586
     H    9       -0.488877        0.234586        0.126825

     C   10       -0.767203       -0.339494       -0.294204
     C   10       -0.339494        0.351800        0.088230
     C   10       -0.294204        0.088230        0.415403

     C   11        0.045335        0.067460       -0.265422
     C   11        0.067460       -0.059000        0.568222
     C   11       -0.265422        0.568222        0.013665

     Cl  12       -0.286693       -0.212731        0.036190
     Cl  12       -0.212731        0.146269        0.115874
     Cl  12        0.036190        0.115874        0.140424

     H   13        0.211194        0.257777       -0.004089
     H   13        0.257777       -0.510006       -0.390648
     H   13       -0.004089       -0.390648        0.298811

     C   14       -0.255876       -0.162956       -0.366098
     C   14       -0.162956       -0.012077       -0.551641
     C   14       -0.366098       -0.551641        0.267954

     H   15       -0.143229       -0.203472       -0.454916
     H   15       -0.203472        0.260286       -0.389610
     H   15       -0.454916       -0.389610       -0.117057

     C   16       -0.633678        0.328434       -0.330125
     C   16        0.328434        0.215276       -0.097686
     C   16       -0.330125       -0.097686        0.418402

     C   17       -0.034535        0.125960       -0.231801
     C   17        0.125960       -0.003196       -0.651425
     C   17       -0.231801       -0.651425        0.037730

     Cl  18       -0.087237        0.179709        0.007811
     Cl  18        0.179709        0.043816        0.021652
     Cl  18        0.007811        0.021652        0.043422

     H   19        0.461841        0.086139       -0.062831
     H   19        0.086139       -0.588605        0.438004
     H   19       -0.062831        0.438004        0.126764

     C   20       -0.890362       -0.371014       -0.476815
     C   20       -0.371014        0.362220       -0.008353
     C   20       -0.476815       -0.008353        0.528142

     H   21       -0.588271        0.040504        0.077733
     H   21        0.040504        0.391839        0.293547
     H   21        0.077733        0.293547        0.196432

     C   22        0.100980        0.029436       -0.161020
     C   22        0.029436       -0.481572        0.418092
     C   22       -0.161020        0.418092        0.380592

     C   23       -0.810579       -0.426996       -0.353185
     C   23       -0.426996        0.287942        0.003133
     C   23       -0.353185        0.003133        0.522637

     Cl  24       -0.022405       -0.014298        0.050350
     Cl  24       -0.014298       -0.029127       -0.025630
     Cl  24        0.050350       -0.025630        0.051531

     ----- ionic term -----
     Cl   1        0.127560       -0.255230        0.050515
     Cl   1       -0.255230        0.032547       -0.021674
     Cl   1        0.050515       -0.021674       -0.160107

     C    2        0.081848       -0.334544        0.324406
     C    2       -0.334544        0.181558        0.318468
     C    2        0.324406        0.318468       -0.263405

     C    3        0.079549       -0.262984        0.245035
     C    3       -0.262984        0.209580        0.342662
     C    3        0.245035        0.342662       -0.289129

     H    4        0.369332        0.283279        0.767998
     H    4        0.283279       -0.393020        0.295930
     H    4        0.767998        0.295930        0.023688

     C    5        0.242057       -0.197614        0.312351
     C    5       -0.197614        0.064858        0.264003
     C    5        0.312351        0.264003       -0.306915

     H    6       -0.512323       -0.019961       -0.010429
     H    6       -0.019961        0.741872        0.654261
     H    6       -0.010429        0.654261       -0.229549

     H    7       -0.518906       -0.163180        0.086644
     H    7       -0.163180        0.734337       -0.662989
     H    7        0.086644       -0.662989       -0.215431

     C    8        0.320736        0.192178        0.200353
     C    8        0.192178        0.086454       -0.305777
     C    8        0.200353       -0.305777       -0.407190

     H    9        0.698238       -0.030923        0.724798
     H    9       -0.030923       -0.530962       -0.110397
     H    9        0.724798       -0.110397       -0.167276

     C   10        0.208923        0.321286        0.154175
     C   10        0.321286        0.162227       -0.371229
     C   10        0.154175       -0.371229       -0.371149

     C   11        0.260710        0.114502        0.194493
     C   11        0.114502        0.137968       -0.433566
     C   11        0.194493       -0.433566       -0.398678

     Cl  12        0.110223        0.195819       -0.023997
     Cl  12        0.195819        0.030586       -0.024346
     Cl  12       -0.023997       -0.024346       -0.140809

     H   13       -0.514286       -0.073683        0.005987
     H   13       -0.073683        0.595212        0.722989
     H   13        0.005987        0.722989       -0.080925

     C   14        0.248372       -0.324179        0.359238
     C   14       -0.324179       -0.027274        0.232688
     C   14        0.359238        0.232688       -0.221099

     H   15        0.562804        0.172066        0.713584
     H   15        0.172066       -0.505189        0.200746
     H   15        0.713584        0.200746       -0.057615

     C   16        0.220103       -0.351831        0.240009
     C   16       -0.351831        0.032113        0.299503
     C   16        0.240009        0.299503       -0.252216

     C   17        0.248696       -0.192265        0.289750
     C   17       -0.192265       -0.027271        0.368461
     C   17        0.289750        0.368461       -0.221425

     Cl  18        0.181871       -0.174215        0.030380
     Cl  18       -0.174215       -0.029532       -0.005613
     Cl  18        0.030380       -0.005613       -0.152339

     H   19       -0.479532       -0.039312        0.027760
     H   19       -0.039312        0.811589       -0.596432
     H   19        0.027760       -0.596432       -0.332057

     C   20        0.429022        0.151675        0.204100
     C   20        0.151675        0.053566       -0.291465
     C   20        0.204100       -0.291465       -0.482588

     H   21        0.688957       -0.410410        0.549985
     H   21       -0.410410       -0.356590       -0.238965
     H   21        0.549985       -0.238965       -0.332367

     C   22        0.226080        0.190466        0.141466
     C   22        0.190466        0.207220       -0.363917
     C   22        0.141466       -0.363917       -0.433300

     C   23        0.221320        0.146267        0.215532
     C   23        0.146267        0.169689       -0.360709
     C   23        0.215532       -0.360709       -0.391009

     Cl  24        0.146962        0.224879       -0.000888
     Cl  24        0.224879        0.003973       -0.001310
     Cl  24       -0.000888       -0.001310       -0.150935

     ----- GIPAW term -----
     Cl   1       -0.214200       -0.498319       -0.708057
     Cl   1       -0.498319        0.186196       -1.449252
     Cl   1       -0.708057       -1.449252        0.028004

     C    2       -0.089482       -0.015279       -0.006857
     C    2       -0.015279        0.022097       -0.154587
     C    2       -0.006857       -0.154587        0.067386

     C    3       -0.116224        0.057443       -0.079078
     C    3        0.057443        0.038749       -0.219531
     C    3       -0.079078       -0.219531        0.077476

     H    4       -0.000000        0.000000        0.000000
     H    4        0.000000        0.000000        0.000000
     H    4        0.000000        0.000000        0.000000

     C    5       -0.150792        0.149673       -0.097490
     C    5        0.149673        0.173612       -0.153536
     C    5       -0.097490       -0.153536       -0.022820

     H    6       -0.000000        0.000000        0.000000
     H    6        0.000000        0.000000        0.000000
     H    6        0.000000        0.000000        0.000000

     H    7       -0.000000        0.000000        0.000000
     H    7        0.000000        0.000000        0.000000
     H    7        0.000000        0.000000        0.000000

     C    8       -0.122295        0.013603       -0.022701
     C    8        0.013603        0.176119       -0.107196
     C    8       -0.022701       -0.107196       -0.053823

     H    9       -0.000000        0.000000        0.000000
     H    9        0.000000        0.000000        0.000000
     H    9        0.000000        0.000000        0.000000

     C   10       -0.229847        0.016004       -0.053290
     C   10        0.016004        0.296342       -0.073752
     C   10       -0.053290       -0.073752       -0.066495

     C   11       -0.070490        0.076974       -0.023950
     C   11        0.076974        0.244583       -0.057133
     C   11       -0.023950       -0.057133       -0.174093

     Cl  12       -0.332870        1.779130        0.247700
     Cl  12        1.779130        1.601431        1.030958
     Cl  12        0.247700        1.030958       -1.268561

     H   13       -0.000000        0.000000        0.000000
     H   13        0.000000        0.000000        0.000000
     H   13        0.000000        0.000000        0.000000

     C   14       -0.015166       -0.154264        0.000703
     C   14       -0.154264        0.039107       -0.184710
     C   14        0.000703       -0.184710       -0.023941

     H   15       -0.000000        0.000000        0.000000
     H   15        0.000000        0.000000        0.000000
     H   15        0.000000        0.000000        0.000000

     C   16       -0.188131       -0.078290       -0.104869
     C   16       -0.078290        0.209823        0.122841
     C   16       -0.104869        0.122841       -0.021692

     C   17       -0.007076        0.017252       -0.042588
     C   17        0.017252        0.194441       -0.119560
     C   17       -0.042588       -0.119560       -0.187365

     Cl  18        0.410189        0.893944        0.465317
     Cl  18        0.893944        1.707136        0.891144
     Cl  18        0.465317        0.891144       -2.117326

     H   19       -0.000000        0.000000        0.000000
     H   19        0.000000        0.000000        0.000000
     H   19        0.000000        0.000000        0.000000

     C   20       -0.179371        0.011303       -0.078338
     C   20        0.011303        0.120581       -0.169218
     C   20       -0.078338       -0.169218        0.058791

     H   21       -0.000000        0.000000        0.000000
     H   21        0.000000        0.000000        0.000000
     H   21        0.000000        0.000000        0.000000

     C   22       -0.081641        0.077513       -0.064139
     C   22        0.077513       -0.020177       -0.154247
     C   22       -0.064139       -0.154247        0.101818

     C   23       -0.163533        0.055116       -0.069236
     C   23        0.055116        0.151926       -0.174139
     C   23       -0.069236       -0.174139        0.011607

     Cl  24       -0.036883        2.250037       -0.570758
     Cl  24        2.250037        0.488678       -1.764230
     Cl  24       -0.570758       -1.764230       -0.451795

     ----- total EFG -----
     Cl   1        0.039622       -0.780533       -0.622458
     Cl   1       -0.780533        0.157677       -1.224064
     Cl   1       -0.622458       -1.224064       -0.197299

     C    2       -0.269504       -0.008802        0.144600
     C    2       -0.008802        0.087119       -0.126809
     C    2        0.144600       -0.126809        0.182385

     C    3       -0.124172        0.012624       -0.034615
     C    3        0.012624        0.136578       -0.411739
     C    3       -0.034615       -0.411739       -0.012405

     H    4        0.476755        0.194132        0.384884
     H    4        0.194132        0.021549        0.433588
     H    4        0.384884        0.433588       -0.498303

     C    5       -0.502425        0.324604       -0.176774
     C    5        0.324604        0.553781       -0.224425
     C    5       -0.176774       -0.224425       -0.051356

     H    6       -0.299726       -0.054860        0.160586
     H    6       -0.054860        0.502311        0.142655
     H    6        0.160586        0.142655       -0.202585

     H    7       -0.083962        0.040492        0.023347
     H    7        0.040492        0.063874       -0.200028
     H    7        0.023347       -0.200028        0.020088

     C    8        0.115318        0.174777       -0.043287
     C    8        0.174777        0.152371       -0.053997
     C    8       -0.043287       -0.053997       -0.267689

     H    9        0.305789        0.261194        0.235921
     H    9        0.261194       -0.265338        0.124188
     H    9        0.235921        0.124188       -0.040452

     C   10       -0.788127       -0.002203       -0.193320
     C   10       -0.002203        0.810369       -0.356750
     C   10       -0.193320       -0.356750       -0.022241

     C   11        0.235555        0.258936       -0.094879
     C   11        0.258936        0.323551        0.077524
     C   11       -0.094879        0.077524       -0.559106

     Cl  12       -0.509340        1.762219        0.259894
     Cl  12        1.762219        1.778286        1.122487
     Cl  12        0.259894        1.122487       -1.268946

     H   13       -0.303092        0.184094        0.001898
     H   13        0.184094        0.085206        0.332342
     H   13        0.001898        0.332342        0.217886

     C   14       -0.022670       -0.641399       -0.006158
     C   14       -0.641399       -0.000244       -0.503663
     C   14       -0.006158       -0.503663        0.022914

     H   15        0.419575       -0.031406        0.258668
     H   15       -0.031406       -0.244903       -0.188864
     H   15        0.258668       -0.188864       -0.174671

     C   16       -0.601706       -0.101687       -0.194985
     C   16       -0.101687        0.457212        0.324658
     C   16       -0.194985        0.324658        0.144494

     C   17        0.207085       -0.049053        0.015362
     C   17       -0.049053        0.163974       -0.402523
     C   17        0.015362       -0.402523       -0.371059

     Cl  18        0.504823        0.899438        0.503508
     Cl  18        0.899438        1.721420        0.907182
     Cl  18        0.503508        0.907182       -2.226243

     H   19       -0.017691        0.046827       -0.035070
     H   19        0.046827        0.222984       -0.158427
     H   19       -0.035070       -0.158427       -0.205293

     C   20       -0.640711       -0.208036       -0.351053
     C   20       -0.208036        0.536367       -0.469037
     C   20       -0.351053       -0.469037        0.104344

     H   21        0.100686       -0.369906        0.627718
     H   21       -0.369906        0.035249        0.054582
     H   21        0.627718        0.054582       -0.135935

     C   22        0.245419        0.297414       -0.083693
     C   22        0.297414       -0.294529       -0.100073
     C   22       -0.083693       -0.100073        0.049110

     C   23       -0.752792       -0.225613       -0.206889
     C   23       -0.225613        0.609557       -0.531715
     C   23       -0.206889       -0.531715        0.143235

     Cl  24        0.087674        2.460619       -0.521296
     Cl  24        2.460619        0.463525       -1.791170
     Cl  24       -0.521296       -1.791170       -0.551199

     ----- total EFG (symmetrized) -----
     Cl   1        0.039622       -0.780533       -0.622458
     Cl   1       -0.780533        0.157677       -1.224064
     Cl   1       -0.622458       -1.224064       -0.197299

     C    2       -0.269504       -0.008802        0.144600
     C    2       -0.008802        0.087119       -0.126809
     C    2        0.144600       -0.126809        0.182385

     C    3       -0.124172        0.012624       -0.034615
     C    3        0.012624        0.136578       -0.411739
     C    3       -0.034615       -0.411739       -0.012405

     H    4        0.476755        0.194132        0.384884
     H    4        0.194132        0.021549        0.433588
     H    4        0.384884        0.433588       -0.498303

     C    5       -0.502425        0.324604       -0.176774
     C    5        0.324604        0.553781       -0.224425
     C    5       -0.176774       -0.224425       -0.051356

     H    6       -0.299726       -0.054860        0.160586
     H    6       -0.054860        0.502311        0.142655
     H    6        0.160586        0.142655       -0.202585

     H    7       -0.083962        0.040492        0.023347
     H    7        0.040492        0.063874       -0.200028
     H    7        0.023347       -0.200028        0.020088

     C    8        0.115318        0.174777       -0.043287
     C    8        0.174777        0.152371       -0.053997
     C    8       -0.043287       -0.053997       -0.267689

     H    9        0.305789        0.261194        0.235921
     H    9        0.261194       -0.265338        0.124188
     H    9        0.235921        0.124188       -0.040452

     C   10       -0.788127       -0.002203       -0.193320
     C   10       -0.002203        0.810369       -0.356750
     C   10       -0.193320       -0.356750       -0.022241

     C   11        0.235555        0.258936       -0.094879
     C   11        0.258936        0.323551        0.077524
     C   11       -0.094879        0.077524       -0.559106

     Cl  12       -0.509340        1.762219        0.259894
     Cl  12        1.762219        1.778286        1.122487
     Cl  12        0.259894        1.122487       -1.268946

     H   13       -0.303092        0.184094        0.001898
     H   13        0.184094        0.085206        0.332342
     H   13        0.001898        0.332342        0.217886

     C   14       -0.022670       -0.641399       -0.006158
     C   14       -0.641399       -0.000244       -0.503663
     C   14       -0.006158       -0.503663        0.022914

     H   15        0.419575       -0.031406        0.258668
     H   15       -0.031406       -0.244903       -0.188864
     H   15        0.258668       -0.188864       -0.174671

     C   16       -0.601706       -0.101687       -0.194985
     C   16       -0.101687        0.457212        0.324658
     C   16       -0.194985        0.324658        0.144494

     C   17        0.207085       -0.049053        0.015362
     C   17       -0.049053        0.163974       -0.402523
     C   17        0.015362       -0.402523       -0.371059

     Cl  18        0.504823        0.899438        0.503508
     Cl  18        0.899438        1.721420        0.907182
     Cl  18        0.503508        0.907182       -2.226243

     H   19       -0.017691        0.046827       -0.035070
     H   19        0.046827        0.222984       -0.158427
     H   19       -0.035070       -0.158427       -0.205293

     C   20       -0.640711       -0.208036       -0.351053
     C   20       -0.208036        0.536367       -0.469037
     C   20       -0.351053       -0.469037        0.104344

     H   21        0.100686       -0.369906        0.627718
     H   21       -0.369906        0.035249        0.054582
     H   21        0.627718        0.054582       -0.135935

     C   22        0.245419        0.297414       -0.083693
     C   22        0.297414       -0.294529       -0.100073
     C   22       -0.083693       -0.100073        0.049110

     C   23       -0.752792       -0.225613       -0.206889
     C   23       -0.225613        0.609557       -0.531715
     C   23       -0.206889       -0.531715        0.143235

     Cl  24        0.087674        2.460619       -0.521296
     Cl  24        2.460619        0.463525       -1.791170
     Cl  24       -0.521296       -1.791170       -0.551199


     NQR/NMR SPECTROSCOPIC PARAMETERS:
     Cl   1    Vxx=    0.5301    axis=(  0.853557 -0.135040 -0.503194)
     Cl   1    Vyy=    1.2571    axis=(  0.213336 -0.790551  0.574035)
     Cl   1    Vzz=   -1.7872    axis=(  0.475319  0.597322  0.645971)
     Cl   1  Q=        -8.1650 1e-30 m^2  Cq=        34.2864 MHz  eta= 0.40682

     C    2    Vxx=    0.0156    axis=(  0.211322  0.857605  0.468888)
     C    2    Vyy=    0.2982    axis=(  0.219855 -0.509135  0.832133)
     C    2    Vzz=   -0.3138    axis=(  0.952369 -0.072761 -0.296140)
     C    2  Q=         1.0000 1e-30 m^2  Cq=        -0.7373 MHz  eta= 0.90046

     C    3    Vxx=   -0.1244    axis=( -0.995471  0.091091  0.027211)
     C    3    Vyy=   -0.3578    axis=(  0.079232  0.636751  0.766988)
     C    3    Vzz=    0.4822    axis=( -0.052539 -0.765670  0.641084)
     C    3  Q=         1.0000 1e-30 m^2  Cq=         1.1329 MHz  eta= 0.48409

     H    4    Vxx=    0.0235    axis=(  0.553556 -0.793954 -0.251423)
     H    4    Vyy=    0.7702    axis=( -0.807618 -0.438066 -0.394781)
     H    4    Vzz=   -0.7937    axis=(  0.203298  0.421587 -0.883705)
     H    4  Q=         1.0000 1e-30 m^2  Cq=        -1.8649 MHz  eta= 0.94078

     C    5    Vxx=   -0.1177    axis=( -0.116473  0.364999  0.923694)
     C    5    Vyy=   -0.6175    axis=(  0.952045 -0.223896  0.208520)
     C    5    Vzz=    0.7352    axis=(  0.282921  0.903685 -0.321417)
     C    5  Q=         1.0000 1e-30 m^2  Cq=         1.7275 MHz  eta= 0.67970

     H    6    Vxx=   -0.0937    axis=(  0.630521 -0.125297  0.765992)
     H    6    Vyy=   -0.4370    axis=( -0.775624 -0.138810  0.615743)
     H    6    Vzz=    0.5308    axis=( -0.029177  0.982361  0.184706)
     H    6  Q=         1.0000 1e-30 m^2  Cq=         1.2471 MHz  eta= 0.64679

     H    7    Vxx=   -0.0640    axis=(  0.905549  0.249770  0.342923)
     H    7    Vyy=   -0.1799    axis=(  0.421843 -0.615965 -0.665309)
     H    7    Vzz=    0.2439    axis=( -0.045054 -0.747129  0.663150)
     H    7  Q=         1.0000 1e-30 m^2  Cq=         0.5730 MHz  eta= 0.47550

     C    8    Vxx=   -0.0418    axis=(  0.745497 -0.666307  0.016422)
     C    8    Vyy=   -0.2759    axis=( -0.065962 -0.098275 -0.992971)
     C    8    Vzz=    0.3178    axis=(  0.663237  0.739173 -0.117215)
     C    8  Q=         1.0000 1e-30 m^2  Cq=         0.7466 MHz  eta= 0.73661

     H    9    Vxx=   -0.1597    axis=( -0.438797 -0.029130  0.898114)
     H    9    Vyy=   -0.3706    axis=(  0.319020 -0.939416  0.125396)
     H    9    Vzz=    0.5304    axis=(  0.840050  0.341540  0.421506)
     H    9  Q=         1.0000 1e-30 m^2  Cq=         1.2461 MHz  eta= 0.39760

     C   10    Vxx=   -0.1059    axis=( -0.256411  0.350162  0.900911)
     C   10    Vyy=   -0.8389    axis=(  0.965815  0.056038  0.253103)
     C   10    Vzz=    0.9448    axis=(  0.038142  0.935012 -0.352560)
     C   10  Q=         1.0000 1e-30 m^2  Cq=         2.2199 MHz  eta= 0.77587

     C   11    Vxx=    0.0419    axis=( -0.748135  0.632772  0.199734)
     C   11    Vyy=    0.5422    axis=(  0.645496  0.763761 -0.001847)
     C   11    Vzz=   -0.5841    axis=(  0.153718 -0.127545  0.979848)
     C   11  Q=         1.0000 1e-30 m^2  Cq=        -1.3724 MHz  eta= 0.85660

     Cl  12    Vxx=   -1.2112    axis=(  0.749857 -0.205944 -0.628730)
     Cl  12    Vyy=   -1.8128    axis=( -0.488017  0.469482 -0.735817)
     Cl  12    Vzz=    3.0240    axis=(  0.446714  0.858588  0.251541)
     Cl  12  Q=        -8.1650 1e-30 m^2  Cq=       -58.0140 MHz  eta= 0.19892

     H   13    Vxx=   -0.0996    axis=(  0.524886  0.586430 -0.616924)
     H   13    Vyy=   -0.4087    axis=( -0.837985  0.483119 -0.253728)
     H   13    Vzz=    0.5083    axis=(  0.149254  0.650151  0.745002)
     H   13  Q=         1.0000 1e-30 m^2  Cq=         1.1943 MHz  eta= 0.60793

     C   14    Vxx=    0.0115    axis=(  0.617688 -0.025362 -0.786015)
     C   14    Vyy=    0.8100    axis=(  0.542980 -0.709258  0.449585)
     C   14    Vzz=   -0.8215    axis=(  0.568889  0.704493  0.424328)
     C   14  Q=         1.0000 1e-30 m^2  Cq=        -1.9303 MHz  eta= 0.97200

     H   15    Vxx=   -0.0996    axis=( -0.345894 -0.715064  0.607487)
     H   15    Vyy=   -0.4291    axis=(  0.188411 -0.687198 -0.701612)
     H   15    Vzz=    0.5288    axis=(  0.919162 -0.128227  0.372424)
     H   15  Q=         1.0000 1e-30 m^2  Cq=         1.2424 MHz  eta= 0.62310

     C   16    Vxx=   -0.0394    axis=( -0.177770 -0.563703  0.806620)
     C   16    Vyy=   -0.6501    axis=( -0.972991 -0.021978 -0.229796)
     C   16    Vzz=    0.6895    axis=(  0.147264 -0.825685 -0.544571)
     C   16  Q=         1.0000 1e-30 m^2  Cq=         1.6200 MHz  eta= 0.88565

     C   17    Vxx=    0.1935    axis=(  0.965096  0.224948 -0.134120)
     C   17    Vyy=    0.3935    axis=( -0.261613  0.851854 -0.453765)
     C   17    Vzz=   -0.5870    axis=(  0.012177  0.473015  0.880970)
     C   17  Q=         1.0000 1e-30 m^2  Cq=        -1.3791 MHz  eta= 0.34063

     Cl  18    Vxx=    0.0274    axis=(  0.881637 -0.471876  0.007026)
     Cl  18    Vyy=    2.4301    axis=(  0.459247  0.861279  0.217462)
     Cl  18    Vzz=   -2.4575    axis=( -0.108667 -0.188496  0.976043)
     Cl  18  Q=        -8.1650 1e-30 m^2  Cq=        47.1459 MHz  eta= 0.97767

     H   19    Vxx=   -0.0264    axis=(  0.980434 -0.195963 -0.018658)
     H   19    Vyy=   -0.2590    axis=( -0.078899 -0.304361 -0.949284)
     H   19    Vzz=    0.2854    axis=(  0.180345  0.932182 -0.313867)
     H   19  Q=         1.0000 1e-30 m^2  Cq=         0.6705 MHz  eta= 0.81511

     C   20    Vxx=    0.0461    axis=( -0.510428  0.471411  0.719191)
     C   20    Vyy=    0.8369    axis=( -0.010733 -0.839773  0.542832)
     C   20    Vzz=   -0.8829    axis=( -0.859853 -0.269357 -0.433704)
     C   20  Q=         1.0000 1e-30 m^2  Cq=        -2.0746 MHz  eta= 0.89568

     H   21    Vxx=    0.0391    axis=( -0.064983 -0.862491 -0.501884)
     H   21    Vyy=    0.7204    axis=( -0.760903  0.368219 -0.534267)
     H   21    Vzz=   -0.7596    axis=(  0.645603  0.347167 -0.680200)
     H   21  Q=         1.0000 1e-30 m^2  Cq=        -1.7847 MHz  eta= 0.89694

     C   22    Vxx=    0.0184    axis=(  0.330998  0.012847  0.943544)
     C   22    Vyy=    0.4150    axis=(  0.861274  0.404429 -0.307644)
     C   22    Vzz=   -0.4334    axis=( -0.385549  0.914479  0.122800)
     C   22  Q=         1.0000 1e-30 m^2  Cq=        -1.0182 MHz  eta= 0.91514

     C   23    Vxx=   -0.0754    axis=( -0.398176  0.477067  0.783494)
     C   23    Vyy=   -0.8851    axis=(  0.916146  0.249808  0.313484)
     C   23    Vzz=    0.9605    axis=( -0.046171  0.842617 -0.536531)
     C   23  Q=         1.0000 1e-30 m^2  Cq=         2.2568 MHz  eta= 0.84303

     Cl  24    Vxx=   -0.8226    axis=(  0.606699 -0.056445  0.792925)
     Cl  24    Vyy=   -2.6367    axis=( -0.542717  0.699422  0.465044)
     Cl  24    Vzz=    3.4593    axis=( -0.580839 -0.712476  0.393706)
     Cl  24  Q=        -8.1650 1e-30 m^2  Cq=       -66.3649 MHz  eta= 0.52444

     Initialization:
     gipaw_setup  :      9.45s CPU     11.84s WALL (       1 calls)

     Linear response

     Apply operators

     Induced current

     Other routines
     efg          :      9.29s CPU     11.58s WALL (       1 calls)

     General routines
     calbec       :      3.25s CPU      4.28s WALL (      16 calls)
     fft          :      1.48s CPU      1.90s WALL (      15 calls)
     ffts         :      0.04s CPU      0.05s WALL (       2 calls)
     fftw         :      3.14s CPU      3.79s WALL (     672 calls)
     davcio       :      0.05s CPU      0.34s WALL (      32 calls)

     Parallel routines
     fft_scatter  :      2.04s CPU      2.87s WALL (     689 calls)

     Plugins

     GIPAW        :     61.67s CPU     75.34s WALL (       1 calls)
