
     Program QE v.6.0 (svn rev. 13079) starts on 18Jan2017 at 22:47:52 

     This program is part of the open-source Quantum ESPRESSO suite
     for quantum simulation of materials; please cite
         "P. Giannozzi et al., J. Phys.:Condens. Matter 21 395502 (2009);
          URL http://www.quantum-espresso.org", 
     in publications or presentations arising from this work. More details at
     http://www.quantum-espresso.org/quote

     Parallel version (MPI), running on     8 processors
     R & G space division:  proc/nbgrp/npool/nimage =       8

     ***** This is GIPAW svn revision unknown      *****

     Parallelizing q-star over 1 images

     Reading data from directory:
     /users/majewski/paradichlorobenzene/pbe/9_constraint/scratch/pbe.ecut100.np8.dt60.pcl2phi-129368.save
     Message from routine read_xml_file:
     file /users/majewski/paradichlorobenzene/pbe/9_constraint/scratch/pbe.ecut100.np8.dt60.pcl2phi-129368.save not guaranteed to be safe for post-processing

   Info: using nr1, nr2, nr3 values from input

   Info: using nr1, nr2, nr3 values from input

     IMPORTANT: XC functional enforced from input :
     Exchange-correlation      =  SLA  PW   PBX  PBC ( 1  4  3  4 0 0)
     Any further DFT definition will be discarded
     Please, verify this is what you really want

               file C.pbe-n-kjpaw_psl.1.0.0.UPF: wavefunction(s)  2S 2P renormalized
               file Cl.pbe-n-kjpaw_psl.1.0.0.UPF: wavefunction(s)  3S 3P renormalized
               file H.pbe-kjpaw_psl.1.0.0.UPF: wavefunction(s)  1S renormalized

     Parallelization info
     --------------------
     sticks:   dense  smooth     PW     G-vecs:    dense   smooth      PW
     Min        3057    1223    332               144436    36536    5170
     Max        3059    1225    333               144437    36537    5171
     Sum       24467    9791   2657              1155489   292295   41363


     Subspace diagonalization in iterative solution of the eigenvalue problem:
     a serial algorithm will be used

     GIPAW projectors -----------------------------------------------
     atom=  C    l=0  rc=    1.2000  rs=    0.8000
     atom=  C    l=0  rc=    1.2000  rs=    0.8000
     atom=  C    l=1  rc=    1.4000  rs=    0.9333
     atom=  C    l=1  rc=    1.4000  rs=    0.9333
     projs nearly linearly dependent: l=1  n1,n2= 1, 2  s=  0.99951561

     atom=  Cl   l=0  rc=    1.6000  rs=    1.0667
     atom=  Cl   l=0  rc=    1.6000  rs=    1.0667
     atom=  Cl   l=1  rc=    1.6000  rs=    1.0667
     atom=  Cl   l=1  rc=    1.6000  rs=    1.0667
     atom=  Cl   l=2  rc=    1.6000  rs=    1.0667
     atom=  Cl   l=2  rc=    1.6000  rs=    1.0667
     projs nearly linearly dependent: l=2  n1,n2= 1, 2  s=  0.99993509

     atom=  H    l=0  rc=    1.0000  rs=    0.6667
     atom=  H    l=0  rc=    1.0000  rs=    0.6667
     projs nearly linearly dependent: l=0  n1,n2= 1, 2  s=  0.99968852
     -----------------------------------------------------------------

     GIPAW integrals: -------------------------------------------
     Atom  i/j   nmr_para   nmr_dia   epr_rmc  epr_para   epr_dia
       C   1 1   0.83E+03  0.17E-01  0.93E+01  0.24E+08  0.24E+03
       C   2 1   0.86E+03 -0.61E-01  0.94E+01  0.25E+08  0.25E+03
       C   2 2   0.90E+03 -0.15E+00  0.97E+01  0.26E+08  0.26E+03
       C   3 3   0.33E+01  0.34E+00  0.18E+01  0.55E+03  0.21E+02
       C   4 3   0.35E+01  0.37E+00  0.20E+01  0.59E+03  0.22E+02
       C   4 4   0.38E+01  0.39E+00  0.22E+01  0.63E+03  0.24E+02
       Cl  1 1   0.14E+04 -0.47E+00  0.84E+01  0.32E+09  0.42E+03
       Cl  2 1   0.21E+04 -0.37E+00  0.12E+02  0.49E+09  0.65E+03
       Cl  2 2   0.33E+04 -0.16E+00  0.21E+02  0.76E+09  0.10E+04
       Cl  3 3   0.21E+02  0.79E-01  0.89E+01  0.23E+05  0.13E+03
       Cl  4 3   0.24E+02  0.67E-01  0.99E+01  0.27E+05  0.15E+03
       Cl  4 4   0.28E+02  0.44E-01  0.11E+02  0.32E+05  0.18E+03
       Cl  5 5   0.77E+00  0.19E+00  0.18E+01  0.12E+03  0.22E+02
       Cl  6 5   0.80E+00  0.19E+00  0.19E+01  0.12E+03  0.23E+02
       Cl  6 6   0.83E+00  0.20E+00  0.19E+01  0.12E+03  0.23E+02
       H   1 1   0.39E+02  0.19E+00  0.29E+00  0.78E+05  0.13E+02
       H   2 1   0.41E+02  0.21E+00  0.32E+00  0.82E+05  0.14E+02
       H   2 2   0.43E+02  0.22E+00  0.36E+00  0.86E+05  0.15E+02
     ------------------------------------------------------------

     alpha_pv=     33.9632 eV

     Number of occupied bands for each k-point:
     k-point:     1    nbnd_occ=  42
     k-point:     2    nbnd_occ=  42
     k-point:     3    nbnd_occ=  42
     k-point:     4    nbnd_occ=  42
     k-point:     5    nbnd_occ=  42
     k-point:     6    nbnd_occ=  42
     k-point:     7    nbnd_occ=  42
     k-point:     8    nbnd_occ=  42
     k-point:     9    nbnd_occ=  42
     k-point:    10    nbnd_occ=  42
     k-point:    11    nbnd_occ=  42
     k-point:    12    nbnd_occ=  42
     k-point:    13    nbnd_occ=  42
     k-point:    14    nbnd_occ=  42
     k-point:    15    nbnd_occ=  42
     k-point:    16    nbnd_occ=  42


     q-space interpolation up to   110.00 Rydberg

     GIPAW job: efg                                                                             


     ELECTRIC FIELD GRADIENTS TENSORS IN Hartree/bohrradius^2:

     ----- bare term -----
     Cl   1       -0.059567        0.089908       -0.029074
     Cl   1        0.089908       -0.013682       -0.007508
     Cl   1       -0.029074       -0.007508        0.073249

     C    2       -0.163802        0.140139       -0.394819
     C    2        0.140139       -0.271158       -0.480912
     C    2       -0.394819       -0.480912        0.434960

     C    3       -0.282260        0.285876       -0.308443
     C    3        0.285876       -0.189167       -0.460478
     C    3       -0.308443       -0.460478        0.471427

     H    4       -0.072879       -0.137474       -0.494222
     H    4       -0.137474        0.445486       -0.092187
     H    4       -0.494222       -0.092187       -0.372607

     C    5       -0.298214        0.186308       -0.387309
     C    5        0.186308       -0.150786       -0.428183
     C    5       -0.387309       -0.428183        0.449000

     H    6        0.373600        0.023553        0.101534
     H    6        0.023553       -0.246597       -0.556104
     H    6        0.101534       -0.556104       -0.127003

     H    7        0.494926        0.047540       -0.117054
     H    7        0.047540        0.005306        0.449669
     H    7       -0.117054        0.449669       -0.500232

     C    8       -0.213587       -0.201690       -0.250767
     C    8       -0.201690       -0.262204        0.373645
     C    8       -0.250767        0.373645        0.475791

     H    9       -0.275337        0.065200       -0.566762
     H    9        0.065200        0.298246        0.029759
     H    9       -0.566762        0.029759       -0.022909

     C   10       -0.259304       -0.340288       -0.329785
     C   10       -0.340288       -0.210863        0.418834
     C   10       -0.329785        0.418834        0.470168

     C   11        0.043115        0.269666       -0.517042
     C   11        0.269666       -0.183304        0.574599
     C   11       -0.517042        0.574599        0.140189

     Cl  12       -0.005225       -0.142519        0.056907
     Cl  12       -0.142519       -0.046282       -0.024313
     Cl  12        0.056907       -0.024313        0.051507

     H   13        0.484182       -0.087545       -0.042347
     H   13       -0.087545       -0.683374        0.191201
     H   13       -0.042347        0.191201        0.199192

     C   14       -0.381901        0.058246       -0.281549
     C   14        0.058246       -0.070377       -0.321215
     C   14       -0.281549       -0.321215        0.452278

     H   15       -0.496027       -0.376902       -0.186379
     H   15       -0.376902        0.292077       -0.061517
     H   15       -0.186379       -0.061517        0.203950

     C   16       -0.285982        0.330849       -0.127781
     C   16        0.330849       -0.267348       -0.543839
     C   16       -0.127781       -0.543839        0.553330

     C   17       -0.250583        0.085893       -0.358258
     C   17        0.085893       -0.096660       -0.476336
     C   17       -0.358258       -0.476336        0.347243

     Cl  18       -0.142054        0.052299       -0.069509
     Cl  18        0.052299       -0.105757       -0.059481
     Cl  18       -0.069509       -0.059481        0.247811

     H   19        0.412191       -0.009659       -0.186393
     H   19       -0.009659       -0.327682        0.457146
     H   19       -0.186393        0.457146       -0.084509

     C   20       -0.632301       -0.315016       -0.301823
     C   20       -0.315016        0.223706        0.217300
     C   20       -0.301823        0.217300        0.408595

     H   21       -0.605580        0.221346       -0.084395
     H   21        0.221346        0.407192        0.161099
     H   21       -0.084395        0.161099        0.198388

     C   22       -0.000850        0.072158       -0.304372
     C   22        0.072158       -0.180328        0.543561
     C   22       -0.304372        0.543561        0.181178

     C   23       -0.717449       -0.294633       -0.372578
     C   23       -0.294633        0.229197        0.058748
     C   23       -0.372578        0.058748        0.488252

     Cl  24       -0.089843        0.012823        0.040690
     Cl  24        0.012823       -0.025034       -0.146191
     Cl  24        0.040690       -0.146191        0.114876

     ----- ionic term -----
     Cl   1        0.122578       -0.223264        0.036884
     Cl   1       -0.223264        0.038924       -0.011945
     Cl   1        0.036884       -0.011945       -0.161502

     C    2        0.180173       -0.150587        0.307620
     C    2       -0.150587        0.211647        0.377762
     C    2        0.307620        0.377762       -0.391820

     C    3        0.100612       -0.205622        0.231421
     C    3       -0.205622        0.244611        0.353339
     C    3        0.231421        0.353339       -0.345223

     H    4        0.544385        0.321276        0.708677
     H    4        0.321276       -0.391576        0.261239
     H    4        0.708677        0.261239       -0.152809

     C    5        0.215218       -0.178616        0.324133
     C    5       -0.178616        0.085610        0.275109
     C    5        0.324133        0.275109       -0.300827

     H    6       -0.536675        0.051071        0.030258
     H    6        0.051071        0.656142        0.688486
     H    6        0.030258        0.688486       -0.119468

     H    7       -0.522446       -0.095206        0.107063
     H    7       -0.095206        0.364771       -0.809397
     H    7        0.107063       -0.809397        0.157675

     C    8        0.247480        0.214011        0.310880
     C    8        0.214011        0.020301       -0.283459
     C    8        0.310880       -0.283459       -0.267781

     H    9        0.753111       -0.246945        0.636022
     H    9       -0.246945       -0.487005       -0.192576
     H    9        0.636022       -0.192576       -0.266105

     C   10        0.093967        0.243231        0.219750
     C   10        0.243231        0.135212       -0.395371
     C   10        0.219750       -0.395371       -0.229179

     C   11        0.156059        0.145804        0.327317
     C   11        0.145804        0.003187       -0.463677
     C   11        0.327317       -0.463677       -0.159246

     Cl  12        0.096217        0.183969       -0.008549
     Cl  12        0.183969        0.021220       -0.016395
     Cl  12       -0.008549       -0.016395       -0.117438

     H   13       -0.483810        0.038829        0.026641
     H   13        0.038829        0.823594        0.563839
     H   13        0.026641        0.563839       -0.339784

     C   14        0.286655       -0.168330        0.319064
     C   14       -0.168330        0.144157        0.244478
     C   14        0.319064        0.244478       -0.430813

     H   15        0.655334        0.277810        0.656901
     H   15        0.277810       -0.392183        0.211115
     H   15        0.656901        0.211115       -0.263150

     C   16        0.151615       -0.251029        0.241643
     C   16       -0.251029        0.268452        0.277501
     C   16        0.241643        0.277501       -0.420068

     C   17        0.151034       -0.168122        0.392017
     C   17       -0.168122        0.184989        0.264653
     C   17        0.392017        0.264653       -0.336024

     Cl  18        0.121609       -0.192604        0.081378
     Cl  18       -0.192604        0.029792       -0.049384
     Cl  18        0.081378       -0.049384       -0.151401

     H   19       -0.521159       -0.061777        0.065851
     H   19       -0.061777        0.510123       -0.783135
     H   19        0.065851       -0.783135        0.011036

     C   20        0.283500        0.202278        0.303938
     C   20        0.202278       -0.036281       -0.333669
     C   20        0.303938       -0.333669       -0.247219

     H   21        0.653777       -0.501622        0.489548
     H   21       -0.501622       -0.301698       -0.267595
     H   21        0.489548       -0.267595       -0.352079

     C   22        0.149734        0.173498        0.138170
     C   22        0.173498        0.162132       -0.410549
     C   22        0.138170       -0.410549       -0.311865

     C   23        0.246080        0.224609        0.255359
     C   23        0.224609        0.051908       -0.388844
     C   23        0.255359       -0.388844       -0.297989

     Cl  24        0.134982        0.228855       -0.020367
     Cl  24        0.228855        0.022457       -0.019336
     Cl  24       -0.020367       -0.019336       -0.157439

     ----- GIPAW term -----
     Cl   1       -0.016008       -0.097554       -1.490436
     Cl   1       -0.097554       -0.096372       -1.839451
     Cl   1       -1.490436       -1.839451        0.112380

     C    2       -0.071096       -0.027667       -0.131847
     C    2       -0.027667       -0.091273       -0.188514
     C    2       -0.131847       -0.188514        0.162369

     C    3       -0.142061        0.051827       -0.130360
     C    3        0.051827       -0.077577       -0.150131
     C    3       -0.130360       -0.150131        0.219638

     H    4       -0.000000        0.000000        0.000000
     H    4        0.000000        0.000000        0.000000
     H    4        0.000000        0.000000        0.000000

     C    5       -0.050458        0.031894       -0.123796
     C    5        0.031894       -0.108425       -0.106302
     C    5       -0.123796       -0.106302        0.158883

     H    6       -0.000000        0.000000        0.000000
     H    6        0.000000        0.000000        0.000000
     H    6        0.000000        0.000000        0.000000

     H    7       -0.000000        0.000000        0.000000
     H    7        0.000000        0.000000        0.000000
     H    7        0.000000        0.000000        0.000000

     C    8       -0.066275       -0.027581       -0.033658
     C    8       -0.027581       -0.099606       -0.003091
     C    8       -0.033658       -0.003091        0.165881

     H    9       -0.000000        0.000000        0.000000
     H    9        0.000000        0.000000        0.000000
     H    9        0.000000        0.000000        0.000000

     C   10       -0.115176       -0.069482       -0.164350
     C   10       -0.069482       -0.094987        0.128508
     C   10       -0.164350        0.128508        0.210162

     C   11        0.160588        0.238178       -0.137390
     C   11        0.238178       -0.051031        0.061812
     C   11       -0.137390        0.061812       -0.109558

     Cl  12        1.605611        1.440406        0.449141
     Cl  12        1.440406       -0.233327       -0.206469
     Cl  12        0.449141       -0.206469       -1.372284

     H   13       -0.000000        0.000000        0.000000
     H   13        0.000000        0.000000        0.000000
     H   13        0.000000        0.000000        0.000000

     C   14       -0.133387        0.020142       -0.058047
     C   14        0.020142       -0.038101       -0.180027
     C   14       -0.058047       -0.180027        0.171488

     H   15       -0.000000        0.000000        0.000000
     H   15        0.000000        0.000000        0.000000
     H   15        0.000000        0.000000        0.000000

     C   16       -0.147308        0.050026       -0.033388
     C   16        0.050026       -0.049112       -0.197357
     C   16       -0.033388       -0.197357        0.196421

     C   17        0.028980       -0.121585       -0.081524
     C   17       -0.121585       -0.019166       -0.068714
     C   17       -0.081524       -0.068714       -0.009814

     Cl  18       -0.487220       -1.561333       -0.600271
     Cl  18       -1.561333       -1.209371       -0.919753
     Cl  18       -0.600271       -0.919753        1.696591

     H   19       -0.000000        0.000000        0.000000
     H   19        0.000000        0.000000        0.000000
     H   19        0.000000        0.000000        0.000000

     C   20       -0.131964        0.060693       -0.036527
     C   20        0.060693        0.168592        0.003194
     C   20       -0.036527        0.003194       -0.036628

     H   21       -0.000000        0.000000        0.000000
     H   21        0.000000        0.000000        0.000000
     H   21        0.000000        0.000000        0.000000

     C   22       -0.074650        0.147753       -0.091563
     C   22        0.147753        0.146532       -0.033775
     C   22       -0.091563       -0.033775       -0.071882

     C   23       -0.171254        0.069637       -0.073150
     C   23        0.069637        0.138876       -0.183520
     C   23       -0.073150       -0.183520        0.032377

     Cl  24       -0.103267        1.840511        0.210948
     Cl  24        1.840511       -0.092832       -1.809439
     Cl  24        0.210948       -1.809439        0.196099

     ----- total EFG -----
     Cl   1        0.047003       -0.230909       -1.482625
     Cl   1       -0.230909       -0.071131       -1.858904
     Cl   1       -1.482625       -1.858904        0.024128

     C    2       -0.054725       -0.038116       -0.219046
     C    2       -0.038116       -0.150784       -0.291664
     C    2       -0.219046       -0.291664        0.205509

     C    3       -0.323709        0.132081       -0.207383
     C    3        0.132081       -0.022133       -0.257270
     C    3       -0.207383       -0.257270        0.345842

     H    4        0.471506        0.183802        0.214455
     H    4        0.183802        0.053910        0.169053
     H    4        0.214455        0.169053       -0.525416

     C    5       -0.133454        0.039586       -0.186971
     C    5        0.039586       -0.173601       -0.259376
     C    5       -0.186971       -0.259376        0.307055

     H    6       -0.163075        0.074624        0.131791
     H    6        0.074624        0.409545        0.132382
     H    6        0.131791        0.132382       -0.246471

     H    7       -0.027520       -0.047665       -0.009990
     H    7       -0.047665        0.370077       -0.359728
     H    7       -0.009990       -0.359728       -0.342557

     C    8       -0.032382       -0.015260        0.026455
     C    8       -0.015260       -0.341509        0.087096
     C    8        0.026455        0.087096        0.373891

     H    9        0.477773       -0.181745        0.069261
     H    9       -0.181745       -0.188759       -0.162816
     H    9        0.069261       -0.162816       -0.289014

     C   10       -0.280513       -0.166539       -0.274385
     C   10       -0.166539       -0.170638        0.151971
     C   10       -0.274385        0.151971        0.451151

     C   11        0.359762        0.653647       -0.327115
     C   11        0.653647       -0.231148        0.172733
     C   11       -0.327115        0.172733       -0.128614

     Cl  12        1.696604        1.481856        0.497499
     Cl  12        1.481856       -0.258389       -0.247177
     Cl  12        0.497499       -0.247177       -1.438215

     H   13        0.000372       -0.048717       -0.015705
     H   13       -0.048717        0.140221        0.755040
     H   13       -0.015705        0.755040       -0.140593

     C   14       -0.228632       -0.089942       -0.020532
     C   14       -0.089942        0.035680       -0.256764
     C   14       -0.020532       -0.256764        0.192953

     H   15        0.159306       -0.099091        0.470522
     H   15       -0.099091       -0.100106        0.149598
     H   15        0.470522        0.149598       -0.059200

     C   16       -0.281676        0.129846        0.080474
     C   16        0.129846       -0.048007       -0.463695
     C   16        0.080474       -0.463695        0.329683

     C   17       -0.070568       -0.203814       -0.047765
     C   17       -0.203814        0.069163       -0.280397
     C   17       -0.047765       -0.280397        0.001405

     Cl  18       -0.507664       -1.701637       -0.588403
     Cl  18       -1.701637       -1.285336       -1.028618
     Cl  18       -0.588403       -1.028618        1.793000

     H   19       -0.108968       -0.071437       -0.120542
     H   19       -0.071437        0.182441       -0.325989
     H   19       -0.120542       -0.325989       -0.073473

     C   20       -0.480765       -0.052045       -0.034412
     C   20       -0.052045        0.356017       -0.113175
     C   20       -0.034412       -0.113175        0.124748

     H   21        0.048197       -0.280276        0.405153
     H   21       -0.280276        0.105494       -0.106495
     H   21        0.405153       -0.106495       -0.153690

     C   22        0.074233        0.393410       -0.257766
     C   22        0.393410        0.128336        0.099237
     C   22       -0.257766        0.099237       -0.202570

     C   23       -0.642622       -0.000387       -0.190370
     C   23       -0.000387        0.419982       -0.513616
     C   23       -0.190370       -0.513616        0.222640

     Cl  24       -0.058127        2.082189        0.231271
     Cl  24        2.082189       -0.095409       -1.974965
     Cl  24        0.231271       -1.974965        0.153536

     ----- total EFG (symmetrized) -----
     Cl   1        0.047003       -0.230909       -1.482625
     Cl   1       -0.230909       -0.071131       -1.858904
     Cl   1       -1.482625       -1.858904        0.024128

     C    2       -0.054725       -0.038116       -0.219046
     C    2       -0.038116       -0.150784       -0.291664
     C    2       -0.219046       -0.291664        0.205509

     C    3       -0.323709        0.132081       -0.207383
     C    3        0.132081       -0.022133       -0.257270
     C    3       -0.207383       -0.257270        0.345842

     H    4        0.471506        0.183802        0.214455
     H    4        0.183802        0.053910        0.169053
     H    4        0.214455        0.169053       -0.525416

     C    5       -0.133454        0.039586       -0.186971
     C    5        0.039586       -0.173601       -0.259376
     C    5       -0.186971       -0.259376        0.307055

     H    6       -0.163075        0.074624        0.131791
     H    6        0.074624        0.409545        0.132382
     H    6        0.131791        0.132382       -0.246471

     H    7       -0.027520       -0.047665       -0.009990
     H    7       -0.047665        0.370077       -0.359728
     H    7       -0.009990       -0.359728       -0.342557

     C    8       -0.032382       -0.015260        0.026455
     C    8       -0.015260       -0.341509        0.087096
     C    8        0.026455        0.087096        0.373891

     H    9        0.477773       -0.181745        0.069261
     H    9       -0.181745       -0.188759       -0.162816
     H    9        0.069261       -0.162816       -0.289014

     C   10       -0.280513       -0.166539       -0.274385
     C   10       -0.166539       -0.170638        0.151971
     C   10       -0.274385        0.151971        0.451151

     C   11        0.359762        0.653647       -0.327115
     C   11        0.653647       -0.231148        0.172733
     C   11       -0.327115        0.172733       -0.128614

     Cl  12        1.696604        1.481856        0.497499
     Cl  12        1.481856       -0.258389       -0.247177
     Cl  12        0.497499       -0.247177       -1.438215

     H   13        0.000372       -0.048717       -0.015705
     H   13       -0.048717        0.140221        0.755040
     H   13       -0.015705        0.755040       -0.140593

     C   14       -0.228632       -0.089942       -0.020532
     C   14       -0.089942        0.035680       -0.256764
     C   14       -0.020532       -0.256764        0.192953

     H   15        0.159306       -0.099091        0.470522
     H   15       -0.099091       -0.100106        0.149598
     H   15        0.470522        0.149598       -0.059200

     C   16       -0.281676        0.129846        0.080474
     C   16        0.129846       -0.048007       -0.463695
     C   16        0.080474       -0.463695        0.329683

     C   17       -0.070568       -0.203814       -0.047765
     C   17       -0.203814        0.069163       -0.280397
     C   17       -0.047765       -0.280397        0.001405

     Cl  18       -0.507664       -1.701637       -0.588403
     Cl  18       -1.701637       -1.285336       -1.028618
     Cl  18       -0.588403       -1.028618        1.793000

     H   19       -0.108968       -0.071437       -0.120542
     H   19       -0.071437        0.182441       -0.325989
     H   19       -0.120542       -0.325989       -0.073473

     C   20       -0.480765       -0.052045       -0.034412
     C   20       -0.052045        0.356017       -0.113175
     C   20       -0.034412       -0.113175        0.124748

     H   21        0.048197       -0.280276        0.405153
     H   21       -0.280276        0.105494       -0.106495
     H   21        0.405153       -0.106495       -0.153690

     C   22        0.074233        0.393410       -0.257766
     C   22        0.393410        0.128336        0.099237
     C   22       -0.257766        0.099237       -0.202570

     C   23       -0.642622       -0.000387       -0.190370
     C   23       -0.000387        0.419982       -0.513616
     C   23       -0.190370       -0.513616        0.222640

     Cl  24       -0.058127        2.082189        0.231271
     Cl  24        2.082189       -0.095409       -1.974965
     Cl  24        0.231271       -1.974965        0.153536


     NQR/NMR SPECTROSCOPIC PARAMETERS:
     Cl   1    Vxx=    0.2262    axis=( -0.781647  0.623716 -0.002668)
     Cl   1    Vyy=    2.2686    axis=( -0.429658 -0.535341  0.727189)
     Cl   1    Vzz=   -2.4948    axis=( -0.452131 -0.569551 -0.686432)
     Cl   1  Q=        -8.1650 1e-30 m^2  Cq=        47.8618 MHz  eta= 0.81867

     C    2    Vxx=   -0.0507    axis=(  0.829834 -0.552108  0.080947)
     C    2    Vyy=   -0.3827    axis=(  0.435442  0.731424  0.524795)
     C    2    Vzz=    0.4335    axis=( -0.348950 -0.400245  0.847371)
     C    2  Q=         1.0000 1e-30 m^2  Cq=         1.0185 MHz  eta= 0.76593

     C    3    Vxx=   -0.1525    axis=(  0.084602  0.870609  0.484647)
     C    3    Vyy=   -0.3945    axis=(  0.958890 -0.203362  0.197926)
     C    3    Vzz=    0.5470    axis=( -0.270875 -0.447978  0.852023)
     C    3  Q=         1.0000 1e-30 m^2  Cq=         1.2853 MHz  eta= 0.44240

     H    4    Vxx=   -0.0049    axis=(  0.406129 -0.905003 -0.126605)
     H    4    Vyy=   -0.5967    axis=(  0.158387  0.206162 -0.965614)
     H    4    Vzz=    0.6016    axis=(  0.899985  0.372112  0.227069)
     H    4  Q=         1.0000 1e-30 m^2  Cq=         1.4135 MHz  eta= 0.98363

     C    5    Vxx=   -0.1783    axis=(  0.903934 -0.407249  0.130583)
     C    5    Vyy=   -0.2995    axis=(  0.310952  0.835473  0.453093)
     C    5    Vzz=    0.4778    axis=( -0.293620 -0.368961  0.881847)
     C    5  Q=         1.0000 1e-30 m^2  Cq=         1.1227 MHz  eta= 0.25372

     H    6    Vxx=   -0.1028    axis=(  0.817714 -0.252737  0.517174)
     H    6    Vyy=   -0.3487    axis=(  0.552141  0.090367 -0.828839)
     H    6    Vzz=    0.4515    axis=(  0.162743  0.963306  0.213441)
     H    6  Q=         1.0000 1e-30 m^2  Cq=         1.0608 MHz  eta= 0.54468

     H    7    Vxx=   -0.0288    axis=(  0.995588  0.044432 -0.082648)
     H    7    Vyy=   -0.4942    axis=(  0.059167  0.386369  0.920444)
     H    7    Vzz=    0.5230    axis=(  0.072830 -0.921273  0.382036)
     H    7  Q=         1.0000 1e-30 m^2  Cq=         1.2289 MHz  eta= 0.88980

     C    8    Vxx=   -0.0328    axis=(  0.996655 -0.063703 -0.051194)
     C    8    Vyy=   -0.3530    axis=(  0.057137  0.991028 -0.120823)
     C    8    Vzz=    0.3858    axis=(  0.058431  0.117494  0.991353)
     C    8  Q=         1.0000 1e-30 m^2  Cq=         0.9064 MHz  eta= 0.83013

     H    9    Vxx=   -0.1258    axis=(  0.291779  0.736273 -0.610547)
     H    9    Vyy=   -0.4127    axis=(  0.066073  0.621283  0.780796)
     H    9    Vzz=    0.5385    axis=(  0.954201 -0.268160  0.132629)
     H    9  Q=         1.0000 1e-30 m^2  Cq=         1.2652 MHz  eta= 0.53287

     C   10    Vxx=   -0.1665    axis=( -0.359466  0.856480 -0.370440)
     C   10    Vyy=   -0.4276    axis=(  0.871672  0.449904  0.194357)
     C   10    Vzz=    0.5941    axis=( -0.333126  0.253037  0.908295)
     C   10  Q=         1.0000 1e-30 m^2  Cq=         1.3959 MHz  eta= 0.43961

     C   11    Vxx=   -0.0087    axis=( -0.069058  0.477324  0.876010)
     C   11    Vyy=   -0.8103    axis=( -0.528635  0.727177 -0.437901)
     C   11    Vzz=    0.8191    axis=( -0.846035 -0.493330  0.202113)
     C   11  Q=         1.0000 1e-30 m^2  Cq=         1.9245 MHz  eta= 0.97874

     Cl  12    Vxx=   -0.7645    axis=( -0.351316  0.764797 -0.540058)
     Cl  12    Vyy=   -1.7562    axis=( -0.312864  0.447770  0.837627)
     Cl  12    Vzz=    2.5207    axis=(  0.882436  0.463236  0.081969)
     Cl  12  Q=        -8.1650 1e-30 m^2  Cq=       -48.3587 MHz  eta= 0.39339

     H   13    Vxx=   -0.0021    axis=(  0.997794  0.031477  0.058447)
     H   13    Vyy=   -0.7686    axis=( -0.024828 -0.639602  0.768306)
     H   13    Vzz=    0.7707    axis=(  0.061567 -0.768062 -0.637409)
     H   13  Q=         1.0000 1e-30 m^2  Cq=         1.8109 MHz  eta= 0.99459

     C   14    Vxx=   -0.0999    axis=( -0.540087  0.651240  0.533097)
     C   14    Vyy=   -0.2852    axis=( -0.839363 -0.463057 -0.284691)
     C   14    Vzz=    0.3851    axis=(  0.061452 -0.601220  0.796717)
     C   14  Q=         1.0000 1e-30 m^2  Cq=         0.9049 MHz  eta= 0.48114

     H   15    Vxx=   -0.0227    axis=(  0.268331 -0.916473 -0.296775)
     H   15    Vyy=   -0.5108    axis=(  0.565648  0.399267 -0.721546)
     H   15    Vzz=    0.5335    axis=(  0.779770  0.025743  0.625536)
     H   15  Q=         1.0000 1e-30 m^2  Cq=         1.2535 MHz  eta= 0.91509

     C   16    Vxx=   -0.1632    axis=( -0.789889 -0.505750 -0.346831)
     C   16    Vyy=   -0.4783    axis=(  0.613217 -0.657213 -0.438219)
     C   16    Vzz=    0.6415    axis=( -0.006312 -0.558828  0.829260)
     C   16  Q=         1.0000 1e-30 m^2  Cq=         1.5074 MHz  eta= 0.49122

     C   17    Vxx=    0.0011    axis=( -0.785693  0.134598  0.603796)
     C   17    Vyy=    0.3563    axis=( -0.303035  0.767173 -0.565346)
     C   17    Vzz=   -0.3574    axis=( -0.539310 -0.627160 -0.561974)
     C   17  Q=         1.0000 1e-30 m^2  Cq=        -0.8396 MHz  eta= 0.99410

     Cl  18    Vxx=    0.8249    axis=(  0.802037 -0.582605 -0.131558)
     Cl  18    Vyy=    2.1078    axis=(  0.039595  0.271643 -0.961583)
     Cl  18    Vzz=   -2.9327    axis=(  0.595960  0.766016  0.240936)
     Cl  18  Q=        -8.1650 1e-30 m^2  Cq=        56.2632 MHz  eta= 0.43743

     H   19    Vxx=   -0.0343    axis=(  0.881604 -0.280412 -0.379662)
     H   19    Vyy=   -0.3705    axis=(  0.471636  0.492245  0.731611)
     H   19    Vzz=    0.4048    axis=( -0.018266 -0.824054  0.566217)
     H   19  Q=         1.0000 1e-30 m^2  Cq=         0.9512 MHz  eta= 0.83038

     C   20    Vxx=    0.0833    axis=( -0.090346  0.366920  0.925855)
     C   20    Vyy=    0.4036    axis=( -0.040131  0.927561 -0.371512)
     C   20    Vzz=   -0.4869    axis=( -0.995102 -0.070720 -0.069076)
     C   20  Q=         1.0000 1e-30 m^2  Cq=        -1.1439 MHz  eta= 0.65799

     H   21    Vxx=   -0.0657    axis=(  0.318916  0.819024  0.476962)
     H   21    Vyy=   -0.4862    axis=( -0.651683 -0.175911  0.737811)
     H   21    Vzz=    0.5518    axis=(  0.688187 -0.546127  0.477643)
     H   21  Q=         1.0000 1e-30 m^2  Cq=         1.2966 MHz  eta= 0.76202

     C   22    Vxx=   -0.0001    axis=( -0.369535  0.557125  0.743677)
     C   22    Vyy=   -0.5123    axis=(  0.599440 -0.468597  0.648913)
     C   22    Vzz=    0.5125    axis=( -0.710011 -0.685586  0.160800)
     C   22  Q=         1.0000 1e-30 m^2  Cq=         1.2041 MHz  eta= 0.99945

     C   23    Vxx=   -0.1584    axis=( -0.282516  0.636863  0.717350)
     C   23    Vyy=   -0.6959    axis=(  0.955782  0.123235  0.267010)
     C   23    Vzz=    0.8542    axis=(  0.081646  0.761064 -0.643518)
     C   23  Q=         1.0000 1e-30 m^2  Cq=         2.0071 MHz  eta= 0.62920

     Cl  24    Vxx=    0.2838    axis=(  0.690981  0.033275  0.722106)
     Cl  24    Vyy=    2.7299    axis=(  0.490376  0.712363 -0.502065)
     Cl  24    Vzz=   -3.0137    axis=(  0.531108 -0.701022 -0.475912)
     Cl  24  Q=        -8.1650 1e-30 m^2  Cq=        57.8161 MHz  eta= 0.81164

     Initialization:
     gipaw_setup  :      9.16s CPU     11.44s WALL (       1 calls)

     Linear response

     Apply operators

     Induced current

     Other routines
     efg          :      9.54s CPU     12.36s WALL (       1 calls)

     General routines
     calbec       :      3.34s CPU      4.37s WALL (      16 calls)
     fft          :      1.34s CPU      1.63s WALL (      15 calls)
     ffts         :      0.04s CPU      0.05s WALL (       2 calls)
     fftw         :      3.48s CPU      4.67s WALL (     672 calls)
     davcio       :      0.04s CPU      0.33s WALL (      32 calls)

     Parallel routines
     fft_scatter  :      2.39s CPU      3.51s WALL (     689 calls)

     Plugins

     GIPAW        :     61.16s CPU     75.09s WALL (       1 calls)
