
     Program QE v.6.0 (svn rev. 13079) starts on 26Dec2016 at  4:39:32 

     This program is part of the open-source Quantum ESPRESSO suite
     for quantum simulation of materials; please cite
         "P. Giannozzi et al., J. Phys.:Condens. Matter 21 395502 (2009);
          URL http://www.quantum-espresso.org", 
     in publications or presentations arising from this work. More details at
     http://www.quantum-espresso.org/quote

     Parallel version (MPI), running on     8 processors
     R & G space division:  proc/nbgrp/npool/nimage =       8

     ***** This is GIPAW svn revision unknown      *****

     Parallelizing q-star over 1 images

     Reading data from directory:
     /users/majewski/paradichlorobenzene/pbe/9_constraint/scratch/pbe.ecut100.np8.dt60.pcl2phi-129368.save
     Message from routine read_xml_file:
     file /users/majewski/paradichlorobenzene/pbe/9_constraint/scratch/pbe.ecut100.np8.dt60.pcl2phi-129368.save not guaranteed to be safe for post-processing

   Info: using nr1, nr2, nr3 values from input

   Info: using nr1, nr2, nr3 values from input

     IMPORTANT: XC functional enforced from input :
     Exchange-correlation      =  SLA  PW   PBX  PBC ( 1  4  3  4 0 0)
     Any further DFT definition will be discarded
     Please, verify this is what you really want

               file C.pbe-n-kjpaw_psl.1.0.0.UPF: wavefunction(s)  2S 2P renormalized
               file Cl.pbe-n-kjpaw_psl.1.0.0.UPF: wavefunction(s)  3S 3P renormalized
               file H.pbe-kjpaw_psl.1.0.0.UPF: wavefunction(s)  1S renormalized

     Parallelization info
     --------------------
     sticks:   dense  smooth     PW     G-vecs:    dense   smooth      PW
     Min        3057    1223    332               144436    36536    5170
     Max        3059    1225    333               144437    36537    5171
     Sum       24467    9791   2657              1155489   292295   41363


     Subspace diagonalization in iterative solution of the eigenvalue problem:
     a serial algorithm will be used

     GIPAW projectors -----------------------------------------------
     atom=  C    l=0  rc=    1.2000  rs=    0.8000
     atom=  C    l=0  rc=    1.2000  rs=    0.8000
     atom=  C    l=1  rc=    1.4000  rs=    0.9333
     atom=  C    l=1  rc=    1.4000  rs=    0.9333
     projs nearly linearly dependent: l=1  n1,n2= 1, 2  s=  0.99951561

     atom=  Cl   l=0  rc=    1.6000  rs=    1.0667
     atom=  Cl   l=0  rc=    1.6000  rs=    1.0667
     atom=  Cl   l=1  rc=    1.6000  rs=    1.0667
     atom=  Cl   l=1  rc=    1.6000  rs=    1.0667
     atom=  Cl   l=2  rc=    1.6000  rs=    1.0667
     atom=  Cl   l=2  rc=    1.6000  rs=    1.0667
     projs nearly linearly dependent: l=2  n1,n2= 1, 2  s=  0.99993509

     atom=  H    l=0  rc=    1.0000  rs=    0.6667
     atom=  H    l=0  rc=    1.0000  rs=    0.6667
     projs nearly linearly dependent: l=0  n1,n2= 1, 2  s=  0.99968852
     -----------------------------------------------------------------

     GIPAW integrals: -------------------------------------------
     Atom  i/j   nmr_para   nmr_dia   epr_rmc  epr_para   epr_dia
       C   1 1   0.83E+03  0.17E-01  0.93E+01  0.24E+08  0.24E+03
       C   2 1   0.86E+03 -0.61E-01  0.94E+01  0.25E+08  0.25E+03
       C   2 2   0.90E+03 -0.15E+00  0.97E+01  0.26E+08  0.26E+03
       C   3 3   0.33E+01  0.34E+00  0.18E+01  0.55E+03  0.21E+02
       C   4 3   0.35E+01  0.37E+00  0.20E+01  0.59E+03  0.22E+02
       C   4 4   0.38E+01  0.39E+00  0.22E+01  0.63E+03  0.24E+02
       Cl  1 1   0.14E+04 -0.47E+00  0.84E+01  0.32E+09  0.42E+03
       Cl  2 1   0.21E+04 -0.37E+00  0.12E+02  0.49E+09  0.65E+03
       Cl  2 2   0.33E+04 -0.16E+00  0.21E+02  0.76E+09  0.10E+04
       Cl  3 3   0.21E+02  0.79E-01  0.89E+01  0.23E+05  0.13E+03
       Cl  4 3   0.24E+02  0.67E-01  0.99E+01  0.27E+05  0.15E+03
       Cl  4 4   0.28E+02  0.44E-01  0.11E+02  0.32E+05  0.18E+03
       Cl  5 5   0.77E+00  0.19E+00  0.18E+01  0.12E+03  0.22E+02
       Cl  6 5   0.80E+00  0.19E+00  0.19E+01  0.12E+03  0.23E+02
       Cl  6 6   0.83E+00  0.20E+00  0.19E+01  0.12E+03  0.23E+02
       H   1 1   0.39E+02  0.19E+00  0.29E+00  0.78E+05  0.13E+02
       H   2 1   0.41E+02  0.21E+00  0.32E+00  0.82E+05  0.14E+02
       H   2 2   0.43E+02  0.22E+00  0.36E+00  0.86E+05  0.15E+02
     ------------------------------------------------------------

     alpha_pv=     34.3611 eV

     Number of occupied bands for each k-point:
     k-point:     1    nbnd_occ=  42
     k-point:     2    nbnd_occ=  42
     k-point:     3    nbnd_occ=  42
     k-point:     4    nbnd_occ=  42
     k-point:     5    nbnd_occ=  42
     k-point:     6    nbnd_occ=  42
     k-point:     7    nbnd_occ=  42
     k-point:     8    nbnd_occ=  42
     k-point:     9    nbnd_occ=  42
     k-point:    10    nbnd_occ=  42
     k-point:    11    nbnd_occ=  42
     k-point:    12    nbnd_occ=  42
     k-point:    13    nbnd_occ=  42
     k-point:    14    nbnd_occ=  42
     k-point:    15    nbnd_occ=  42
     k-point:    16    nbnd_occ=  42


     q-space interpolation up to   110.00 Rydberg

     GIPAW job: efg                                                                             


     ELECTRIC FIELD GRADIENTS TENSORS IN Hartree/bohrradius^2:

     ----- bare term -----
     Cl   1        0.000872        0.018448       -0.079852
     Cl   1        0.018448       -0.037543        0.019507
     Cl   1       -0.079852        0.019507        0.036671

     C    2       -0.411807        0.392069       -0.188830
     C    2        0.392069        0.026824       -0.298585
     C    2       -0.188830       -0.298585        0.384983

     C    3        0.204289        0.073364       -0.007934
     C    3        0.073364       -0.056453       -0.066297
     C    3       -0.007934       -0.066297       -0.147836

     H    4        0.160884       -0.036953       -0.333035
     H    4       -0.036953        0.304802        0.199634
     H    4       -0.333035        0.199634       -0.465685

     C    5       -0.325334        0.174080       -0.063885
     C    5        0.174080        0.209262        0.079603
     C    5       -0.063885        0.079603        0.116073

     H    6        0.359174       -0.051272        0.301940
     H    6       -0.051272        0.150897       -0.151047
     H    6        0.301940       -0.151047       -0.510071

     H    7        0.391489        0.304813       -0.012331
     H    7        0.304813       -0.747703        0.186662
     H    7       -0.012331        0.186662        0.356214

     C    8       -0.036497       -0.283716       -0.056442
     C    8       -0.283716       -0.148168        0.381796
     C    8       -0.056442        0.381796        0.184665

     H    9       -0.403236        0.548950       -0.114962
     H    9        0.548950        0.051199       -0.019810
     H    9       -0.114962       -0.019810        0.352037

     C   10       -0.650357       -0.398059       -0.291830
     C   10       -0.398059        0.316042        0.224694
     C   10       -0.291830        0.224694        0.334315

     C   11        0.010646        0.202187       -0.353391
     C   11        0.202187       -0.071064        0.555141
     C   11       -0.353391        0.555141        0.060418

     Cl  12       -0.305941       -0.285840       -0.007777
     Cl  12       -0.285840        0.206088       -0.059418
     Cl  12       -0.007777       -0.059418        0.099852

     H   13        0.028670        0.129573        0.361300
     H   13        0.129573        0.081451       -0.391067
     H   13        0.361300       -0.391067       -0.110121

     C   14       -0.035035       -0.337886       -0.536043
     C   14       -0.337886       -0.100471       -0.460430
     C   14       -0.536043       -0.460430        0.135506

     H   15        0.082914       -0.055602       -0.191366
     H   15       -0.055602        0.470146       -0.265950
     H   15       -0.191366       -0.265950       -0.553060

     C   16       -0.427007        0.393627       -0.372218
     C   16        0.393627        0.054435       -0.016981
     C   16       -0.372218       -0.016981        0.372572

     C   17        0.067122       -0.063081       -0.268806
     C   17       -0.063081        0.011922       -0.646853
     C   17       -0.268806       -0.646853       -0.079044

     Cl  18       -0.220908        0.294483       -0.006928
     Cl  18        0.294483        0.110559       -0.029699
     Cl  18       -0.006928       -0.029699        0.110349

     H   19        0.463268        0.146924        0.023588
     H   19        0.146924       -0.578184        0.312961
     H   19        0.023588        0.312961        0.114916

     C   20       -0.782587       -0.348027       -0.485422
     C   20       -0.348027        0.260403       -0.050011
     C   20       -0.485422       -0.050011        0.522185

     H   21       -0.548274       -0.088398       -0.049359
     H   21       -0.088398        0.281039        0.377352
     H   21       -0.049359        0.377352        0.267235

     C   22        0.097537       -0.039786       -0.147082
     C   22       -0.039786       -0.473942        0.424402
     C   22       -0.147082        0.424402        0.376405

     C   23       -0.808836       -0.446628       -0.340996
     C   23       -0.446628        0.303817        0.023344
     C   23       -0.340996        0.023344        0.505019

     Cl  24        0.077911       -0.034720        0.047172
     Cl  24       -0.034720       -0.091028        0.041005
     Cl  24        0.047172        0.041005        0.013117

     ----- ionic term -----
     Cl   1        0.161894       -0.272853        0.048056
     Cl   1       -0.272853       -0.016523       -0.023935
     Cl   1        0.048056       -0.023935       -0.145371

     C    2        0.123764       -0.376961        0.318919
     C    2       -0.376961       -0.051275        0.319301
     C    2        0.318919        0.319301       -0.072489

     C    3        0.168408       -0.343195        0.204895
     C    3       -0.343195        0.012534        0.337565
     C    3        0.204895        0.337565       -0.180942

     H    4        0.418044        0.259154        0.760107
     H    4        0.259154       -0.439262        0.281467
     H    4        0.760107        0.281467        0.021218

     C    5        0.216904       -0.306227        0.291745
     C    5       -0.306227       -0.066481        0.278236
     C    5        0.291745        0.278236       -0.150422

     H    6       -0.511330       -0.120478       -0.072757
     H    6       -0.120478        0.491688        0.765246
     H    6       -0.072757        0.765246        0.019642

     H    7       -0.505424       -0.127541        0.059084
     H    7       -0.127541        0.850748       -0.549770
     H    7        0.059084       -0.549770       -0.345323

     C    8        0.315421        0.194208        0.186310
     C    8        0.194208        0.145592       -0.278073
     C    8        0.186310       -0.278073       -0.461013

     H    9        0.786044       -0.322206        0.539222
     H    9       -0.322206       -0.431526       -0.202269
     H    9        0.539222       -0.202269       -0.354518

     C   10        0.171760        0.188042        0.146951
     C   10        0.188042        0.271583       -0.410101
     C   10        0.146951       -0.410101       -0.443343

     C   11        0.278089        0.043244        0.253619
     C   11        0.043244        0.168093       -0.406899
     C   11        0.253619       -0.406899       -0.446182

     Cl  12        0.132684        0.190690       -0.002933
     Cl  12        0.190690        0.018764       -0.004504
     Cl  12       -0.002933       -0.004504       -0.151448

     H   13       -0.485415       -0.209932       -0.189351
     H   13       -0.209932        0.221115        0.750608
     H   13       -0.189351        0.750608        0.264300

     C   14        0.183561       -0.365151        0.288232
     C   14       -0.365151       -0.144249        0.244738
     C   14        0.288232        0.244738       -0.039312

     H   15        0.278671        0.094668        0.791964
     H   15        0.094668       -0.563332        0.149602
     H   15        0.791964        0.149602        0.284661

     C   16        0.110157       -0.385345        0.199416
     C   16       -0.385345       -0.069689        0.334974
     C   16        0.199416        0.334974       -0.040468

     C   17        0.116023       -0.273774        0.243804
     C   17       -0.273774       -0.111888        0.413267
     C   17        0.243804        0.413267       -0.004134

     Cl  18        0.161037       -0.184194        0.020257
     Cl  18       -0.184194       -0.026223       -0.002205
     Cl  18        0.020257       -0.002205       -0.134814

     H   19       -0.513007       -0.041051        0.013191
     H   19       -0.041051        0.854708       -0.562168
     H   19        0.013191       -0.562168       -0.341700

     C   20        0.350935        0.183059        0.206217
     C   20        0.183059        0.147280       -0.275669
     C   20        0.206217       -0.275669       -0.498215

     H   21        0.708597       -0.310347        0.605592
     H   21       -0.310347       -0.399430       -0.202756
     H   21        0.605592       -0.202756       -0.309167

     C   22        0.212057        0.240873        0.170133
     C   22        0.240873        0.221539       -0.333119
     C   22        0.170133       -0.333119       -0.433595

     C   23        0.269934        0.147821        0.221890
     C   23        0.147821        0.147713       -0.331265
     C   23        0.221890       -0.331265       -0.417647

     Cl  24        0.138692        0.223573        0.007242
     Cl  24        0.223573        0.016588       -0.001390
     Cl  24        0.007242       -0.001390       -0.155279

     ----- GIPAW term -----
     Cl   1       -0.544319       -1.287099       -0.474012
     Cl   1       -1.287099       -0.214348       -1.958127
     Cl   1       -0.474012       -1.958127        0.758667

     C    2       -0.113750       -0.028377        0.000966
     C    2       -0.028377        0.112062       -0.162862
     C    2        0.000966       -0.162862        0.001687

     C    3        0.003260        0.000019       -0.002022
     C    3        0.000019        0.012663       -0.009318
     C    3       -0.002022       -0.009318       -0.015924

     H    4       -0.000000        0.000000        0.000000
     H    4        0.000000        0.000000        0.000000
     H    4        0.000000        0.000000        0.000000

     C    5       -0.036158        0.007948        0.003754
     C    5        0.007948        0.041483       -0.005937
     C    5        0.003754       -0.005937       -0.005325

     H    6       -0.000000        0.000000        0.000000
     H    6        0.000000        0.000000        0.000000
     H    6        0.000000        0.000000        0.000000

     H    7       -0.000000        0.000000        0.000000
     H    7        0.000000        0.000000        0.000000
     H    7        0.000000        0.000000        0.000000

     C    8       -0.075550       -0.145989        0.048092
     C    8       -0.145989        0.175112       -0.042812
     C    8        0.048092       -0.042812       -0.099561

     H    9       -0.000000        0.000000        0.000000
     H    9        0.000000        0.000000        0.000000
     H    9        0.000000        0.000000        0.000000

     C   10       -0.221810       -0.123398       -0.064033
     C   10       -0.123398        0.301393        0.027397
     C   10       -0.064033        0.027397       -0.079583

     C   11       -0.054516        0.172860       -0.061412
     C   11        0.172860        0.204702       -0.061601
     C   11       -0.061412       -0.061601       -0.150187

     Cl  12       -0.924252        0.731014       -0.085867
     Cl  12        0.731014        2.636162       -0.867428
     Cl  12       -0.085867       -0.867428       -1.711910

     H   13       -0.000000        0.000000        0.000000
     H   13        0.000000        0.000000        0.000000
     H   13        0.000000        0.000000        0.000000

     C   14        0.116586       -0.233643       -0.169250
     C   14       -0.233643       -0.042720       -0.009097
     C   14       -0.169250       -0.009097       -0.073867

     H   15       -0.000000        0.000000        0.000000
     H   15        0.000000        0.000000        0.000000
     H   15        0.000000        0.000000        0.000000

     C   16       -0.030524       -0.096779       -0.167818
     C   16       -0.096779        0.023510        0.137380
     C   16       -0.167818        0.137380        0.007014

     C   17       -0.056880       -0.045965       -0.032104
     C   17       -0.045965        0.245496       -0.068416
     C   17       -0.032104       -0.068416       -0.188617

     Cl  18       -0.856221        0.349637       -0.221918
     Cl  18        0.349637        2.834839       -0.467052
     Cl  18       -0.221918       -0.467052       -1.978618

     H   19       -0.000000        0.000000        0.000000
     H   19        0.000000        0.000000        0.000000
     H   19        0.000000        0.000000        0.000000

     C   20       -0.147814        0.055079       -0.138386
     C   20        0.055079        0.078105       -0.183407
     C   20       -0.138386       -0.183407        0.069709

     H   21       -0.000000        0.000000        0.000000
     H   21        0.000000        0.000000        0.000000
     H   21        0.000000        0.000000        0.000000

     C   22       -0.099285        0.054590       -0.040278
     C   22        0.054590        0.011967       -0.176341
     C   22       -0.040278       -0.176341        0.087318

     C   23       -0.145034       -0.043245        0.002960
     C   23       -0.043245        0.129677       -0.152035
     C   23        0.002960       -0.152035        0.015356

     Cl  24       -0.254705        0.818363        0.447749
     Cl  24        0.818363        1.220887       -1.867121
     Cl  24        0.447749       -1.867121       -0.966182

     ----- total EFG -----
     Cl   1       -0.381553       -1.541504       -0.505808
     Cl   1       -1.541504       -0.268414       -1.962555
     Cl   1       -0.505808       -1.962555        0.649967

     C    2       -0.401792       -0.013270        0.131055
     C    2       -0.013270        0.087611       -0.142147
     C    2        0.131055       -0.142147        0.314181

     C    3        0.375958       -0.269813        0.194939
     C    3       -0.269813       -0.031256        0.261950
     C    3        0.194939        0.261950       -0.344701

     H    4        0.578928        0.222201        0.427072
     H    4        0.222201       -0.134460        0.481102
     H    4        0.427072        0.481102       -0.444468

     C    5       -0.144589       -0.124199        0.231614
     C    5       -0.124199        0.184263        0.351902
     C    5        0.231614        0.351902       -0.039674

     H    6       -0.152157       -0.171751        0.229183
     H    6       -0.171751        0.642585        0.614199
     H    6        0.229183        0.614199       -0.490429

     H    7       -0.113935        0.177272        0.046754
     H    7        0.177272        0.103045       -0.363108
     H    7        0.046754       -0.363108        0.010890

     C    8        0.203374       -0.235497        0.177959
     C    8       -0.235497        0.172535        0.060910
     C    8        0.177959        0.060910       -0.375909

     H    9        0.382808        0.226744        0.424260
     H    9        0.226744       -0.380327       -0.222079
     H    9        0.424260       -0.222079       -0.002481

     C   10       -0.700407       -0.333415       -0.208912
     C   10       -0.333415        0.889019       -0.158010
     C   10       -0.208912       -0.158010       -0.188612

     C   11        0.234220        0.418292       -0.161185
     C   11        0.418292        0.301731        0.086641
     C   11       -0.161185        0.086641       -0.535951

     Cl  12       -1.097509        0.635863       -0.096577
     Cl  12        0.635863        2.861014       -0.931350
     Cl  12       -0.096577       -0.931350       -1.763505

     H   13       -0.456745       -0.080359        0.171950
     H   13       -0.080359        0.302566        0.359540
     H   13        0.171950        0.359540        0.154179

     C   14        0.265112       -0.936680       -0.417061
     C   14       -0.936680       -0.287439       -0.224789
     C   14       -0.417061       -0.224789        0.022327

     H   15        0.361585        0.039066        0.600598
     H   15        0.039066       -0.093186       -0.116348
     H   15        0.600598       -0.116348       -0.268399

     C   16       -0.347374       -0.088498       -0.340620
     C   16       -0.088498        0.008256        0.455374
     C   16       -0.340620        0.455374        0.339118

     C   17        0.126265       -0.382819       -0.057106
     C   17       -0.382819        0.145530       -0.302002
     C   17       -0.057106       -0.302002       -0.271795

     Cl  18       -0.916093        0.459926       -0.208589
     Cl  18        0.459926        2.919176       -0.498955
     Cl  18       -0.208589       -0.498955       -2.003083

     H   19       -0.049739        0.105873        0.036779
     H   19        0.105873        0.276523       -0.249206
     H   19        0.036779       -0.249206       -0.226784

     C   20       -0.579466       -0.109890       -0.417590
     C   20       -0.109890        0.485787       -0.509087
     C   20       -0.417590       -0.509087        0.093679

     H   21        0.160323       -0.398745        0.556233
     H   21       -0.398745       -0.118391        0.174596
     H   21        0.556233        0.174596       -0.041932

     C   22        0.210308        0.255677       -0.017226
     C   22        0.255677       -0.240436       -0.085058
     C   22       -0.017226       -0.085058        0.030127

     C   23       -0.683936       -0.342052       -0.116147
     C   23       -0.342052        0.581207       -0.459957
     C   23       -0.116147       -0.459957        0.102729

     Cl  24       -0.038102        1.007216        0.502163
     Cl  24        1.007216        1.146447       -1.827506
     Cl  24        0.502163       -1.827506       -1.108344

     ----- total EFG (symmetrized) -----
     Cl   1       -0.381553       -1.541504       -0.505808
     Cl   1       -1.541504       -0.268414       -1.962555
     Cl   1       -0.505808       -1.962555        0.649967

     C    2       -0.401792       -0.013270        0.131055
     C    2       -0.013270        0.087611       -0.142147
     C    2        0.131055       -0.142147        0.314181

     C    3        0.375958       -0.269813        0.194939
     C    3       -0.269813       -0.031256        0.261950
     C    3        0.194939        0.261950       -0.344701

     H    4        0.578928        0.222201        0.427072
     H    4        0.222201       -0.134460        0.481102
     H    4        0.427072        0.481102       -0.444468

     C    5       -0.144589       -0.124199        0.231614
     C    5       -0.124199        0.184263        0.351902
     C    5        0.231614        0.351902       -0.039674

     H    6       -0.152157       -0.171751        0.229183
     H    6       -0.171751        0.642585        0.614199
     H    6        0.229183        0.614199       -0.490429

     H    7       -0.113935        0.177272        0.046754
     H    7        0.177272        0.103045       -0.363108
     H    7        0.046754       -0.363108        0.010890

     C    8        0.203374       -0.235497        0.177959
     C    8       -0.235497        0.172535        0.060910
     C    8        0.177959        0.060910       -0.375909

     H    9        0.382808        0.226744        0.424260
     H    9        0.226744       -0.380327       -0.222079
     H    9        0.424260       -0.222079       -0.002481

     C   10       -0.700407       -0.333415       -0.208912
     C   10       -0.333415        0.889019       -0.158010
     C   10       -0.208912       -0.158010       -0.188612

     C   11        0.234220        0.418292       -0.161185
     C   11        0.418292        0.301731        0.086641
     C   11       -0.161185        0.086641       -0.535951

     Cl  12       -1.097509        0.635863       -0.096577
     Cl  12        0.635863        2.861014       -0.931350
     Cl  12       -0.096577       -0.931350       -1.763505

     H   13       -0.456745       -0.080359        0.171950
     H   13       -0.080359        0.302566        0.359540
     H   13        0.171950        0.359540        0.154179

     C   14        0.265112       -0.936680       -0.417061
     C   14       -0.936680       -0.287439       -0.224789
     C   14       -0.417061       -0.224789        0.022327

     H   15        0.361585        0.039066        0.600598
     H   15        0.039066       -0.093186       -0.116348
     H   15        0.600598       -0.116348       -0.268399

     C   16       -0.347374       -0.088498       -0.340620
     C   16       -0.088498        0.008256        0.455374
     C   16       -0.340620        0.455374        0.339118

     C   17        0.126265       -0.382819       -0.057106
     C   17       -0.382819        0.145530       -0.302002
     C   17       -0.057106       -0.302002       -0.271795

     Cl  18       -0.916093        0.459926       -0.208589
     Cl  18        0.459926        2.919176       -0.498955
     Cl  18       -0.208589       -0.498955       -2.003083

     H   19       -0.049739        0.105873        0.036779
     H   19        0.105873        0.276523       -0.249206
     H   19        0.036779       -0.249206       -0.226784

     C   20       -0.579466       -0.109890       -0.417590
     C   20       -0.109890        0.485787       -0.509087
     C   20       -0.417590       -0.509087        0.093679

     H   21        0.160323       -0.398745        0.556233
     H   21       -0.398745       -0.118391        0.174596
     H   21        0.556233        0.174596       -0.041932

     C   22        0.210308        0.255677       -0.017226
     C   22        0.255677       -0.240436       -0.085058
     C   22       -0.017226       -0.085058        0.030127

     C   23       -0.683936       -0.342052       -0.116147
     C   23       -0.342052        0.581207       -0.459957
     C   23       -0.116147       -0.459957        0.102729

     Cl  24       -0.038102        1.007216        0.502163
     Cl  24        1.007216        1.146447       -1.827506
     Cl  24        0.502163       -1.827506       -1.108344


     NQR/NMR SPECTROSCOPIC PARAMETERS:
     Cl   1    Vxx=    0.4548    axis=( -0.803578  0.260342  0.535243)
     Cl   1    Vyy=    2.3511    axis=( -0.248636  0.670216 -0.699279)
     Cl   1    Vzz=   -2.8059    axis=( -0.540780 -0.695006 -0.473840)
     Cl   1  Q=        -8.1650 1e-30 m^2  Cq=        53.8294 MHz  eta= 0.67585

     C    2    Vxx=    0.0234    axis=(  0.095522  0.910582  0.402140)
     C    2    Vyy=    0.4019    axis=(  0.153239 -0.412623  0.897920)
     C    2    Vzz=   -0.4253    axis=(  0.983561 -0.024148 -0.178952)
     C    2  Q=         1.0000 1e-30 m^2  Cq=        -0.9993 MHz  eta= 0.88976

     C    3    Vxx=    0.0757    axis=(  0.284341  0.748921  0.598554)
     C    3    Vyy=    0.5151    axis=( -0.908558  0.409803 -0.081145)
     C    3    Vzz=   -0.5907    axis=( -0.306060 -0.520748  0.796962)
     C    3  Q=         1.0000 1e-30 m^2  Cq=        -1.3880 MHz  eta= 0.74384

     H    4    Vxx=   -0.0522    axis=(  0.522171 -0.767226 -0.372428)
     H    4    Vyy=   -0.8322    axis=(  0.170757  0.521902 -0.835739)
     H    4    Vzz=    0.8843    axis=(  0.835572  0.372804  0.403531)
     H    4  Q=         1.0000 1e-30 m^2  Cq=         2.0778 MHz  eta= 0.88205

     C    5    Vxx=    0.0482    axis=(  0.796330 -0.413931  0.441044)
     C    5    Vyy=    0.4443    axis=(  0.073064  0.789652  0.609189)
     C    5    Vzz=   -0.4925    axis=( -0.600434 -0.452891  0.659067)
     C    5  Q=         1.0000 1e-30 m^2  Cq=        -1.1572 MHz  eta= 0.80407

     H    6    Vxx=   -0.0474    axis=(  0.929283 -0.088009  0.358730)
     H    6    Vyy=   -0.8684    axis=(  0.363809  0.385954 -0.847752)
     H    6    Vzz=    0.9158    axis=( -0.063843  0.918311  0.390679)
     H    6  Q=         1.0000 1e-30 m^2  Cq=         2.1518 MHz  eta= 0.89644

     H    7    Vxx=   -0.0475    axis=(  0.849433  0.188566  0.492856)
     H    7    Vyy=   -0.3954    axis=(  0.492136 -0.620136 -0.610928)
     H    7    Vzz=    0.4428    axis=( -0.190437 -0.761495  0.619564)
     H    7  Q=         1.0000 1e-30 m^2  Cq=         1.0404 MHz  eta= 0.78566

     C    8    Vxx=    0.0186    axis=(  0.573320  0.730348  0.371343)
     C    8    Vyy=    0.4343    axis=(  0.751678 -0.649195  0.116298)
     C    8    Vzz=   -0.4529    axis=( -0.326012 -0.212454  0.921184)
     C    8  Q=         1.0000 1e-30 m^2  Cq=        -1.0642 MHz  eta= 0.91769

     H    9    Vxx=   -0.0172    axis=(  0.358485  0.639704 -0.679902)
     H    9    Vyy=   -0.6442    axis=( -0.382856  0.764988  0.517895)
     H    9    Vzz=    0.6614    axis=( -0.851416 -0.074648 -0.519151)
     H    9  Q=         1.0000 1e-30 m^2  Cq=         1.5540 MHz  eta= 0.94790

     C   10    Vxx=   -0.1153    axis=( -0.351481  0.030529  0.935697)
     C   10    Vyy=   -0.8523    axis=(  0.918158  0.206483  0.338156)
     C   10    Vzz=    0.9676    axis=( -0.182883  0.977974 -0.100605)
     C   10  Q=         1.0000 1e-30 m^2  Cq=         2.2735 MHz  eta= 0.76170

     C   11    Vxx=   -0.0828    axis=( -0.670351  0.647615  0.362250)
     C   11    Vyy=   -0.6066    axis=(  0.288908 -0.221876  0.931291)
     C   11    Vzz=    0.6894    axis=( -0.683492 -0.728949  0.038367)
     C   11  Q=         1.0000 1e-30 m^2  Cq=         1.6198 MHz  eta= 0.75984

     Cl  12    Vxx=   -1.1941    axis=(  0.988097 -0.140608  0.062395)
     Cl  12    Vyy=   -1.9449    axis=( -0.034225  0.194503  0.980305)
     Cl  12    Vzz=    3.1390    axis=( -0.149975 -0.970772  0.187376)
     Cl  12  Q=        -8.1650 1e-30 m^2  Cq=       -60.2204 MHz  eta= 0.23919

     H   13    Vxx=   -0.0551    axis=( -0.413609  0.597590 -0.686887)
     H   13    Vyy=   -0.5425    axis=( -0.909298 -0.233121  0.344719)
     H   13    Vzz=    0.5976    axis=(  0.045873  0.767164  0.639809)
     H   13  Q=         1.0000 1e-30 m^2  Cq=         1.4042 MHz  eta= 0.81567

     C   14    Vxx=    0.1383    axis=( -0.032300 -0.410191  0.911427)
     C   14    Vyy=    1.0098    axis=(  0.808869 -0.546387 -0.217238)
     C   14    Vzz=   -1.1481    axis=(  0.587101  0.730209  0.349439)
     C   14  Q=         1.0000 1e-30 m^2  Cq=        -2.6976 MHz  eta= 0.75913

     H   15    Vxx=   -0.0686    axis=(  0.135854  0.977577 -0.160895)
     H   15    Vyy=   -0.6571    axis=( -0.502699  0.207959  0.839075)
     H   15    Vzz=    0.7257    axis=(  0.853720 -0.033110  0.519679)
     H   15  Q=         1.0000 1e-30 m^2  Cq=         1.7050 MHz  eta= 0.81091

     C   16    Vxx=   -0.2434    axis=(  0.473145  0.806747 -0.353968)
     C   16    Vyy=   -0.5144    axis=( -0.832185  0.277408 -0.480117)
     C   16    Vzz=    0.7578    axis=( -0.289139  0.521732  0.802617)
     C   16  Q=         1.0000 1e-30 m^2  Cq=         1.7806 MHz  eta= 0.35752

     C   17    Vxx=   -0.0326    axis=(  0.675434  0.375071 -0.634910)
     C   17    Vyy=   -0.5275    axis=(  0.387644  0.551836  0.738383)
     C   17    Vzz=    0.5601    axis=(  0.627312 -0.744848  0.227335)
     C   17  Q=         1.0000 1e-30 m^2  Cq=         1.3160 MHz  eta= 0.88346

     Cl  18    Vxx=   -0.9508    axis=(  0.982285 -0.133672 -0.131330)
     Cl  18    Vyy=   -2.0766    axis=( -0.143428 -0.085271 -0.985980)
     Cl  18    Vzz=    3.0274    axis=(  0.120599  0.987350 -0.102933)
     Cl  18  Q=        -8.1650 1e-30 m^2  Cq=       -58.0786 MHz  eta= 0.37187

     H   19    Vxx=   -0.0467    axis=(  0.950023 -0.078143  0.302241)
     H   19    Vyy=   -0.3484    axis=( -0.248884  0.394846  0.884394)
     H   19    Vzz=    0.3951    axis=( -0.188448 -0.915418  0.355665)
     H   19  Q=         1.0000 1e-30 m^2  Cq=         0.9284 MHz  eta= 0.76339

     C   20    Vxx=    0.0119    axis=( -0.547442  0.550322  0.630438)
     C   20    Vyy=    0.8518    axis=( -0.112847 -0.795018  0.595996)
     C   20    Vzz=   -0.8637    axis=(  0.829200  0.255131  0.497329)
     C   20  Q=         1.0000 1e-30 m^2  Cq=        -2.0294 MHz  eta= 0.97244

     H   21    Vxx=    0.0744    axis=(  0.126571 -0.796841 -0.590783)
     H   21    Vyy=    0.6808    axis=( -0.792654  0.276826 -0.543200)
     H   21    Vzz=   -0.7552    axis=( -0.596388 -0.537040  0.596581)
     H   21  Q=         1.0000 1e-30 m^2  Cq=        -1.7743 MHz  eta= 0.80298

     C   22    Vxx=    0.0340    axis=(  0.225762 -0.090295  0.969989)
     C   22    Vyy=    0.3344    axis=(  0.891201  0.421268 -0.168209)
     C   22    Vzz=   -0.3685    axis=( -0.393437  0.902430  0.175578)
     C   22  Q=         1.0000 1e-30 m^2  Cq=        -0.8657 MHz  eta= 0.81525

     C   23    Vxx=   -0.0636    axis=( -0.375957  0.397613  0.836995)
     C   23    Vyy=   -0.8325    axis=(  0.914093  0.307258  0.264625)
     C   23    Vzz=    0.8961    axis=( -0.151955  0.864579 -0.478971)
     C   23  Q=         1.0000 1e-30 m^2  Cq=         2.1056 MHz  eta= 0.85805

     Cl  24    Vxx=    0.1430    axis=( -0.888805  0.066275 -0.453468)
     Cl  24    Vyy=    2.3499    axis=(  0.277344  0.865508 -0.417104)
     Cl  24    Vzz=   -2.4929    axis=( -0.364837  0.496491  0.787649)
     Cl  24  Q=        -8.1650 1e-30 m^2  Cq=        47.8251 MHz  eta= 0.88528

     Initialization:
     gipaw_setup  :      9.30s CPU     11.08s WALL (       1 calls)

     Linear response

     Apply operators

     Induced current

     Other routines
     efg          :      9.34s CPU     11.69s WALL (       1 calls)

     General routines
     calbec       :      3.24s CPU      4.31s WALL (      16 calls)
     fft          :      1.57s CPU      2.31s WALL (      15 calls)
     ffts         :      0.05s CPU      0.08s WALL (       2 calls)
     fftw         :      3.31s CPU      3.95s WALL (     672 calls)
     davcio       :      0.04s CPU      0.32s WALL (      32 calls)

     Parallel routines
     fft_scatter  :      2.15s CPU      3.48s WALL (     689 calls)

     Plugins

     GIPAW        :     61.53s CPU     73.42s WALL (       1 calls)
