
     Program QE v.6.0 (svn rev. 13079) starts on  7Jan2017 at  8:54:17 

     This program is part of the open-source Quantum ESPRESSO suite
     for quantum simulation of materials; please cite
         "P. Giannozzi et al., J. Phys.:Condens. Matter 21 395502 (2009);
          URL http://www.quantum-espresso.org", 
     in publications or presentations arising from this work. More details at
     http://www.quantum-espresso.org/quote

     Parallel version (MPI), running on     8 processors
     R & G space division:  proc/nbgrp/npool/nimage =       8

     ***** This is GIPAW svn revision unknown      *****

     Parallelizing q-star over 1 images

     Reading data from directory:
     /users/majewski/paradichlorobenzene/pbe/9_constraint/scratch/pbe.ecut100.np8.dt60.pcl2phi-129368.save
     Message from routine read_xml_file:
     file /users/majewski/paradichlorobenzene/pbe/9_constraint/scratch/pbe.ecut100.np8.dt60.pcl2phi-129368.save not guaranteed to be safe for post-processing

   Info: using nr1, nr2, nr3 values from input

   Info: using nr1, nr2, nr3 values from input

     IMPORTANT: XC functional enforced from input :
     Exchange-correlation      =  SLA  PW   PBX  PBC ( 1  4  3  4 0 0)
     Any further DFT definition will be discarded
     Please, verify this is what you really want

               file C.pbe-n-kjpaw_psl.1.0.0.UPF: wavefunction(s)  2S 2P renormalized
               file Cl.pbe-n-kjpaw_psl.1.0.0.UPF: wavefunction(s)  3S 3P renormalized
               file H.pbe-kjpaw_psl.1.0.0.UPF: wavefunction(s)  1S renormalized

     Parallelization info
     --------------------
     sticks:   dense  smooth     PW     G-vecs:    dense   smooth      PW
     Min        3057    1223    332               144436    36536    5170
     Max        3059    1225    333               144437    36537    5171
     Sum       24467    9791   2657              1155489   292295   41363


     Subspace diagonalization in iterative solution of the eigenvalue problem:
     a serial algorithm will be used

     GIPAW projectors -----------------------------------------------
     atom=  C    l=0  rc=    1.2000  rs=    0.8000
     atom=  C    l=0  rc=    1.2000  rs=    0.8000
     atom=  C    l=1  rc=    1.4000  rs=    0.9333
     atom=  C    l=1  rc=    1.4000  rs=    0.9333
     projs nearly linearly dependent: l=1  n1,n2= 1, 2  s=  0.99951561

     atom=  Cl   l=0  rc=    1.6000  rs=    1.0667
     atom=  Cl   l=0  rc=    1.6000  rs=    1.0667
     atom=  Cl   l=1  rc=    1.6000  rs=    1.0667
     atom=  Cl   l=1  rc=    1.6000  rs=    1.0667
     atom=  Cl   l=2  rc=    1.6000  rs=    1.0667
     atom=  Cl   l=2  rc=    1.6000  rs=    1.0667
     projs nearly linearly dependent: l=2  n1,n2= 1, 2  s=  0.99993509

     atom=  H    l=0  rc=    1.0000  rs=    0.6667
     atom=  H    l=0  rc=    1.0000  rs=    0.6667
     projs nearly linearly dependent: l=0  n1,n2= 1, 2  s=  0.99968852
     -----------------------------------------------------------------

     GIPAW integrals: -------------------------------------------
     Atom  i/j   nmr_para   nmr_dia   epr_rmc  epr_para   epr_dia
       C   1 1   0.83E+03  0.17E-01  0.93E+01  0.24E+08  0.24E+03
       C   2 1   0.86E+03 -0.61E-01  0.94E+01  0.25E+08  0.25E+03
       C   2 2   0.90E+03 -0.15E+00  0.97E+01  0.26E+08  0.26E+03
       C   3 3   0.33E+01  0.34E+00  0.18E+01  0.55E+03  0.21E+02
       C   4 3   0.35E+01  0.37E+00  0.20E+01  0.59E+03  0.22E+02
       C   4 4   0.38E+01  0.39E+00  0.22E+01  0.63E+03  0.24E+02
       Cl  1 1   0.14E+04 -0.47E+00  0.84E+01  0.32E+09  0.42E+03
       Cl  2 1   0.21E+04 -0.37E+00  0.12E+02  0.49E+09  0.65E+03
       Cl  2 2   0.33E+04 -0.16E+00  0.21E+02  0.76E+09  0.10E+04
       Cl  3 3   0.21E+02  0.79E-01  0.89E+01  0.23E+05  0.13E+03
       Cl  4 3   0.24E+02  0.67E-01  0.99E+01  0.27E+05  0.15E+03
       Cl  4 4   0.28E+02  0.44E-01  0.11E+02  0.32E+05  0.18E+03
       Cl  5 5   0.77E+00  0.19E+00  0.18E+01  0.12E+03  0.22E+02
       Cl  6 5   0.80E+00  0.19E+00  0.19E+01  0.12E+03  0.23E+02
       Cl  6 6   0.83E+00  0.20E+00  0.19E+01  0.12E+03  0.23E+02
       H   1 1   0.39E+02  0.19E+00  0.29E+00  0.78E+05  0.13E+02
       H   2 1   0.41E+02  0.21E+00  0.32E+00  0.82E+05  0.14E+02
       H   2 2   0.43E+02  0.22E+00  0.36E+00  0.86E+05  0.15E+02
     ------------------------------------------------------------

     alpha_pv=     34.2491 eV

     Number of occupied bands for each k-point:
     k-point:     1    nbnd_occ=  42
     k-point:     2    nbnd_occ=  42
     k-point:     3    nbnd_occ=  42
     k-point:     4    nbnd_occ=  42
     k-point:     5    nbnd_occ=  42
     k-point:     6    nbnd_occ=  42
     k-point:     7    nbnd_occ=  42
     k-point:     8    nbnd_occ=  42
     k-point:     9    nbnd_occ=  42
     k-point:    10    nbnd_occ=  42
     k-point:    11    nbnd_occ=  42
     k-point:    12    nbnd_occ=  42
     k-point:    13    nbnd_occ=  42
     k-point:    14    nbnd_occ=  42
     k-point:    15    nbnd_occ=  42
     k-point:    16    nbnd_occ=  42


     q-space interpolation up to   110.00 Rydberg

     GIPAW job: efg                                                                             


     ELECTRIC FIELD GRADIENTS TENSORS IN Hartree/bohrradius^2:

     ----- bare term -----
     Cl   1       -0.260282        0.282800        0.103301
     Cl   1        0.282800       -0.017626       -0.132451
     Cl   1        0.103301       -0.132451        0.277908

     C    2       -0.041517       -0.356664       -0.393310
     C    2       -0.356664       -0.000369       -0.725169
     C    2       -0.393310       -0.725169        0.041886

     C    3       -0.505233        0.316048       -0.019960
     C    3        0.316048        0.099738       -0.390849
     C    3       -0.019960       -0.390849        0.405495

     H    4       -0.097169       -0.416735       -0.126799
     H    4       -0.416735       -0.320354        0.116890
     H    4       -0.126799        0.116890        0.417522

     C    5       -0.085342       -0.361362       -0.461552
     C    5       -0.361362       -0.042835       -0.543206
     C    5       -0.461552       -0.543206        0.128177

     H    6        0.301549        0.254103       -0.056549
     H    6        0.254103       -0.651903       -0.252266
     H    6       -0.056549       -0.252266        0.350354

     H    7        0.018128        0.007720        0.388778
     H    7        0.007720        0.088862        0.375594
     H    7        0.388778        0.375594       -0.106990

     C    8       -0.272620       -0.036208       -0.449687
     C    8       -0.036208        0.298351        0.164299
     C    8       -0.449687        0.164299       -0.025732

     H    9        0.066869        0.062396       -0.154216
     H    9        0.062396        0.516496        0.091456
     H    9       -0.154216        0.091456       -0.583365

     C   10        0.079938       -0.426050       -0.004025
     C   10       -0.426050       -0.303327        0.165497
     C   10       -0.004025        0.165497        0.223388

     C   11       -0.038877       -0.047242       -0.597187
     C   11       -0.047242       -0.115008        0.499174
     C   11       -0.597187        0.499174        0.153885

     Cl  12       -0.176972       -0.085596       -0.069124
     Cl  12       -0.085596       -0.127976       -0.004068
     Cl  12       -0.069124       -0.004068        0.304948

     H   13        0.397761        0.041138       -0.225550
     H   13        0.041138       -0.336390       -0.446048
     H   13       -0.225550       -0.446048       -0.061371

     C   14       -0.575867        0.304016       -0.349023
     C   14        0.304016        0.149852       -0.114359
     C   14       -0.349023       -0.114359        0.426015

     H   15       -0.721376       -0.097518       -0.119126
     H   15       -0.097518        0.410667       -0.175521
     H   15       -0.119126       -0.175521        0.310709

     C   16        0.070170       -0.114084       -0.457225
     C   16       -0.114084       -0.347512       -0.507792
     C   16       -0.457225       -0.507792        0.277342

     C   17       -0.305893        0.424839       -0.320007
     C   17        0.424839       -0.155668       -0.214649
     C   17       -0.320007       -0.214649        0.461561

     Cl  18       -0.083724       -0.004562        0.040681
     Cl  18       -0.004562        0.086674       -0.052955
     Cl  18        0.040681       -0.052955       -0.002950

     H   19        0.405752        0.016090       -0.025989
     H   19        0.016090       -0.641760        0.419709
     H   19       -0.025989        0.419709        0.236008

     C   20       -0.190849       -0.349280       -0.251523
     C   20       -0.349280       -0.133705        0.472729
     C   20       -0.251523        0.472729        0.324555

     H   21       -0.031607        0.272789       -0.447759
     H   21        0.272789        0.074279        0.487422
     H   21       -0.447759        0.487422       -0.042673

     C   22       -0.458844       -0.329108       -0.308982
     C   22       -0.329108        0.065281        0.256601
     C   22       -0.308982        0.256601        0.393563

     C   23        0.079198       -0.568395        0.108902
     C   23       -0.568395       -0.494023        0.416778
     C   23        0.108902        0.416778        0.414825

     Cl  24       -0.077022       -0.000520       -0.090447
     Cl  24       -0.000520        0.064877       -0.006691
     Cl  24       -0.090447       -0.006691        0.012145

     ----- ionic term -----
     Cl   1        0.133465       -0.215510       -0.024332
     Cl   1       -0.215510        0.018069        0.026613
     Cl   1       -0.024332        0.026613       -0.151534

     C    2        0.265045       -0.114535        0.195998
     C    2       -0.114535        0.145558        0.416890
     C    2        0.195998        0.416890       -0.410603

     C    3        0.184075       -0.052606        0.088925
     C    3       -0.052606        0.208821        0.403714
     C    3        0.088925        0.403714       -0.392895

     H    4        0.598946        0.582197        0.444094
     H    4        0.582197       -0.197819        0.271776
     H    4        0.444094        0.271776       -0.401127

     C    5        0.387519       -0.046144        0.143996
     C    5       -0.046144        0.029203        0.317096
     C    5        0.143996        0.317096       -0.416722

     H    6       -0.507464        0.106874        0.038857
     H    6        0.106874        0.769415        0.648214
     H    6        0.038857        0.648214       -0.261952

     H    7       -0.528878        0.007229        0.032050
     H    7        0.007229        0.500740       -0.772443
     H    7        0.032050       -0.772443        0.028138

     C    8        0.218896        0.259023        0.414824
     C    8        0.259023       -0.085016       -0.271328
     C    8        0.414824       -0.271328       -0.133880

     H    9        0.304350       -0.282896        0.752803
     H    9       -0.282896       -0.404684       -0.330400
     H    9        0.752803       -0.330400        0.100334

     C   10        0.108628        0.319065        0.232082
     C   10        0.319065        0.067174       -0.377489
     C   10        0.232082       -0.377489       -0.175802

     C   11        0.204194        0.205099        0.304564
     C   11        0.205099       -0.020285       -0.412305
     C   11        0.304564       -0.412305       -0.183909

     Cl  12        0.192133        0.202080        0.052196
     Cl  12        0.202080       -0.059942        0.017305
     Cl  12        0.052196        0.017305       -0.132191

     H   13       -0.499467        0.018034        0.039630
     H   13        0.018034        0.434968        0.793840
     H   13        0.039630        0.793840        0.064499

     C   14        0.424328       -0.169119        0.198862
     C   14       -0.169119       -0.063267        0.342694
     C   14        0.198862        0.342694       -0.361061

     H   15        0.594204        0.337023        0.609189
     H   15        0.337023       -0.442620        0.269102
     H   15        0.609189        0.269102       -0.151584

     C   16        0.238788       -0.253214        0.104428
     C   16       -0.253214        0.079897        0.413065
     C   16        0.104428        0.413065       -0.318685

     C   17        0.341125       -0.135204        0.123650
     C   17       -0.135204        0.036857        0.416097
     C   17        0.123650        0.416097       -0.377982

     Cl  18        0.174051       -0.234178       -0.036535
     Cl  18       -0.234178       -0.016300        0.013146
     Cl  18       -0.036535        0.013146       -0.157751

     H   19       -0.517259        0.060581       -0.024340
     H   19        0.060581        0.642295       -0.716239
     H   19       -0.024340       -0.716239       -0.125037

     C   20        0.229070        0.199103        0.329089
     C   20        0.199103        0.034497       -0.300472
     C   20        0.329089       -0.300472       -0.263567

     H   21        0.351097       -0.381078        0.677232
     H   21       -0.381078       -0.343519       -0.370987
     H   21        0.677232       -0.370987       -0.007577

     C   22        0.086336        0.269430        0.218906
     C   22        0.269430        0.206583       -0.372751
     C   22        0.218906       -0.372751       -0.292919

     C   23        0.165014        0.280780        0.382459
     C   23        0.280780        0.041104       -0.327334
     C   23        0.382459       -0.327334       -0.206119

     Cl  24        0.159589        0.231073        0.040453
     Cl  24        0.231073       -0.003489        0.028817
     Cl  24        0.040453        0.028817       -0.156100

     ----- GIPAW term -----
     Cl   1       -0.471357       -1.477712        1.309412
     Cl   1       -1.477712       -0.153655       -1.886945
     Cl   1        1.309412       -1.886945        0.625012

     C    2        0.006780       -0.262425       -0.028198
     C    2       -0.262425        0.145346       -0.159964
     C    2       -0.028198       -0.159964       -0.152126

     C    3       -0.179816       -0.039559        0.042592
     C    3       -0.039559        0.187126       -0.178212
     C    3        0.042592       -0.178212       -0.007310

     H    4       -0.000000        0.000000        0.000000
     H    4        0.000000        0.000000        0.000000
     H    4        0.000000        0.000000        0.000000

     C    5        0.107870       -0.256935       -0.049836
     C    5       -0.256935        0.011129       -0.112824
     C    5       -0.049836       -0.112824       -0.118999

     H    6       -0.000000        0.000000        0.000000
     H    6        0.000000        0.000000        0.000000
     H    6        0.000000        0.000000        0.000000

     H    7       -0.000000        0.000000        0.000000
     H    7        0.000000        0.000000        0.000000
     H    7        0.000000        0.000000        0.000000

     C    8        0.118994       -0.085364       -0.032016
     C    8       -0.085364       -0.006497       -0.005931
     C    8       -0.032016       -0.005931       -0.112497

     H    9       -0.000000        0.000000        0.000000
     H    9        0.000000        0.000000        0.000000
     H    9        0.000000        0.000000        0.000000

     C   10        0.081509       -0.062577       -0.061690
     C   10       -0.062577       -0.076881        0.015042
     C   10       -0.061690        0.015042       -0.004628

     C   11        0.120386       -0.007540       -0.219054
     C   11       -0.007540       -0.051504        0.141049
     C   11       -0.219054        0.141049       -0.068882

     Cl  12       -0.368373        1.617632       -0.627054
     Cl  12        1.617632       -1.261010       -0.018280
     Cl  12       -0.627054       -0.018280        1.629383

     H   13       -0.000000        0.000000        0.000000
     H   13        0.000000        0.000000        0.000000
     H   13        0.000000        0.000000        0.000000

     C   14       -0.061990       -0.117501       -0.092000
     C   14       -0.117501        0.107920        0.078860
     C   14       -0.092000        0.078860       -0.045930

     H   15       -0.000000        0.000000        0.000000
     H   15        0.000000        0.000000        0.000000
     H   15        0.000000        0.000000        0.000000

     C   16        0.097550       -0.127504       -0.234412
     C   16       -0.127504       -0.113933       -0.013052
     C   16       -0.234412       -0.013052        0.016383

     C   17        0.102859       -0.063641       -0.204939
     C   17       -0.063641       -0.121258        0.031892
     C   17       -0.204939        0.031892        0.018400

     Cl  18        1.210939       -0.700474       -1.940736
     Cl  18       -0.700474       -0.829654       -0.988201
     Cl  18       -1.940736       -0.988201       -0.381285

     H   19       -0.000000        0.000000        0.000000
     H   19        0.000000        0.000000        0.000000
     H   19        0.000000        0.000000        0.000000

     C   20       -0.012739       -0.153738       -0.049804
     C   20       -0.153738        0.037044        0.139306
     C   20       -0.049804        0.139306       -0.024305

     H   21       -0.000000        0.000000        0.000000
     H   21        0.000000        0.000000        0.000000
     H   21        0.000000        0.000000        0.000000

     C   22       -0.114809       -0.122831       -0.017642
     C   22       -0.122831        0.071163       -0.043824
     C   22       -0.017642       -0.043824        0.043646

     C   23        0.186905       -0.088693        0.188068
     C   23       -0.088693       -0.162994       -0.015053
     C   23        0.188068       -0.015053       -0.023912

     Cl  24        0.859746        0.199176        1.598976
     Cl  24        0.199176       -0.442408       -1.305740
     Cl  24        1.598976       -1.305740       -0.417339

     ----- total EFG -----
     Cl   1       -0.598174       -1.410422        1.388381
     Cl   1       -1.410422       -0.153213       -1.992784
     Cl   1        1.388381       -1.992784        0.751387

     C    2        0.230308       -0.733624       -0.225510
     C    2       -0.733624        0.290535       -0.468243
     C    2       -0.225510       -0.468243       -0.520843

     C    3       -0.500974        0.223883        0.111558
     C    3        0.223883        0.495684       -0.165347
     C    3        0.111558       -0.165347        0.005289

     H    4        0.501777        0.165462        0.317295
     H    4        0.165462       -0.518173        0.388667
     H    4        0.317295        0.388667        0.016396

     C    5        0.410047       -0.664442       -0.367392
     C    5       -0.664442       -0.002503       -0.338934
     C    5       -0.367392       -0.338934       -0.407544

     H    6       -0.205915        0.360978       -0.017692
     H    6        0.360978        0.117512        0.395948
     H    6       -0.017692        0.395948        0.088403

     H    7       -0.510750        0.014949        0.420828
     H    7        0.014949        0.589602       -0.396849
     H    7        0.420828       -0.396849       -0.078852

     C    8        0.065270        0.137452       -0.066879
     C    8        0.137452        0.206838       -0.112960
     C    8       -0.066879       -0.112960       -0.272108

     H    9        0.371218       -0.220500        0.598587
     H    9       -0.220500        0.111812       -0.238944
     H    9        0.598587       -0.238944       -0.483031

     C   10        0.270075       -0.169562        0.166367
     C   10       -0.169562       -0.313033       -0.196950
     C   10        0.166367       -0.196950        0.042958

     C   11        0.285704        0.150318       -0.511677
     C   11        0.150318       -0.186798        0.227918
     C   11       -0.511677        0.227918       -0.098906

     Cl  12       -0.353212        1.734117       -0.643983
     Cl  12        1.734117       -1.448928       -0.005044
     Cl  12       -0.643983       -0.005044        1.802140

     H   13       -0.101706        0.059172       -0.185920
     H   13        0.059172        0.098578        0.347792
     H   13       -0.185920        0.347792        0.003128

     C   14       -0.213529        0.017396       -0.242160
     C   14        0.017396        0.194505        0.307195
     C   14       -0.242160        0.307195        0.019024

     H   15       -0.127172        0.239506        0.490063
     H   15        0.239506       -0.031953        0.093581
     H   15        0.490063        0.093581        0.159125

     C   16        0.406507       -0.494802       -0.587209
     C   16       -0.494802       -0.381547       -0.107779
     C   16       -0.587209       -0.107779       -0.024960

     C   17        0.138091        0.225993       -0.401296
     C   17        0.225993       -0.240069        0.233340
     C   17       -0.401296        0.233340        0.101978

     Cl  18        1.301266       -0.939215       -1.936590
     Cl  18       -0.939215       -0.759280       -1.028010
     Cl  18       -1.936590       -1.028010       -0.541987

     H   19       -0.111507        0.076671       -0.050329
     H   19        0.076671        0.000535       -0.296529
     H   19       -0.050329       -0.296529        0.110972

     C   20        0.025482       -0.303916        0.027761
     C   20       -0.303916       -0.062164        0.311562
     C   20        0.027761        0.311562        0.036682

     H   21        0.319490       -0.108289        0.229473
     H   21       -0.108289       -0.269240        0.116435
     H   21        0.229473        0.116435       -0.050250

     C   22       -0.487316       -0.182510       -0.107718
     C   22       -0.182510        0.343027       -0.159974
     C   22       -0.107718       -0.159974        0.144290

     C   23        0.431118       -0.376308        0.679428
     C   23       -0.376308       -0.615912        0.074391
     C   23        0.679428        0.074391        0.184794

     Cl  24        0.942313        0.429729        1.548982
     Cl  24        0.429729       -0.381020       -1.283615
     Cl  24        1.548982       -1.283615       -0.561293

     ----- total EFG (symmetrized) -----
     Cl   1       -0.598174       -1.410422        1.388381
     Cl   1       -1.410422       -0.153213       -1.992784
     Cl   1        1.388381       -1.992784        0.751387

     C    2        0.230308       -0.733624       -0.225510
     C    2       -0.733624        0.290535       -0.468243
     C    2       -0.225510       -0.468243       -0.520843

     C    3       -0.500974        0.223883        0.111558
     C    3        0.223883        0.495684       -0.165347
     C    3        0.111558       -0.165347        0.005289

     H    4        0.501777        0.165462        0.317295
     H    4        0.165462       -0.518173        0.388667
     H    4        0.317295        0.388667        0.016396

     C    5        0.410047       -0.664442       -0.367392
     C    5       -0.664442       -0.002503       -0.338934
     C    5       -0.367392       -0.338934       -0.407544

     H    6       -0.205915        0.360978       -0.017692
     H    6        0.360978        0.117512        0.395948
     H    6       -0.017692        0.395948        0.088403

     H    7       -0.510750        0.014949        0.420828
     H    7        0.014949        0.589602       -0.396849
     H    7        0.420828       -0.396849       -0.078852

     C    8        0.065270        0.137452       -0.066879
     C    8        0.137452        0.206838       -0.112960
     C    8       -0.066879       -0.112960       -0.272108

     H    9        0.371218       -0.220500        0.598587
     H    9       -0.220500        0.111812       -0.238944
     H    9        0.598587       -0.238944       -0.483031

     C   10        0.270075       -0.169562        0.166367
     C   10       -0.169562       -0.313033       -0.196950
     C   10        0.166367       -0.196950        0.042958

     C   11        0.285704        0.150318       -0.511677
     C   11        0.150318       -0.186798        0.227918
     C   11       -0.511677        0.227918       -0.098906

     Cl  12       -0.353212        1.734117       -0.643983
     Cl  12        1.734117       -1.448928       -0.005044
     Cl  12       -0.643983       -0.005044        1.802140

     H   13       -0.101706        0.059172       -0.185920
     H   13        0.059172        0.098578        0.347792
     H   13       -0.185920        0.347792        0.003128

     C   14       -0.213529        0.017396       -0.242160
     C   14        0.017396        0.194505        0.307195
     C   14       -0.242160        0.307195        0.019024

     H   15       -0.127172        0.239506        0.490063
     H   15        0.239506       -0.031953        0.093581
     H   15        0.490063        0.093581        0.159125

     C   16        0.406507       -0.494802       -0.587209
     C   16       -0.494802       -0.381547       -0.107779
     C   16       -0.587209       -0.107779       -0.024960

     C   17        0.138091        0.225993       -0.401296
     C   17        0.225993       -0.240069        0.233340
     C   17       -0.401296        0.233340        0.101978

     Cl  18        1.301266       -0.939215       -1.936590
     Cl  18       -0.939215       -0.759280       -1.028010
     Cl  18       -1.936590       -1.028010       -0.541987

     H   19       -0.111507        0.076671       -0.050329
     H   19        0.076671        0.000535       -0.296529
     H   19       -0.050329       -0.296529        0.110972

     C   20        0.025482       -0.303916        0.027761
     C   20       -0.303916       -0.062164        0.311562
     C   20        0.027761        0.311562        0.036682

     H   21        0.319490       -0.108289        0.229473
     H   21       -0.108289       -0.269240        0.116435
     H   21        0.229473        0.116435       -0.050250

     C   22       -0.487316       -0.182510       -0.107718
     C   22       -0.182510        0.343027       -0.159974
     C   22       -0.107718       -0.159974        0.144290

     C   23        0.431118       -0.376308        0.679428
     C   23       -0.376308       -0.615912        0.074391
     C   23        0.679428        0.074391        0.184794

     Cl  24        0.942313        0.429729        1.548982
     Cl  24        0.429729       -0.381020       -1.283615
     Cl  24        1.548982       -1.283615       -0.561293


     NQR/NMR SPECTROSCOPIC PARAMETERS:
     Cl   1    Vxx=   -1.4380    axis=(  0.732699 -0.203124 -0.649532)
     Cl   1    Vyy=   -1.8907    axis=( -0.511937 -0.793365 -0.329382)
     Cl   1    Vzz=    3.3286    axis=( -0.448411  0.573857 -0.685285)
     Cl   1  Q=        -8.1650 1e-30 m^2  Cq=       -63.8579 MHz  eta= 0.13600

     C    2    Vxx=   -0.0250    axis=(  0.609660  0.418978 -0.672884)
     C    2    Vyy=   -0.9936    axis=(  0.446079  0.520362  0.728174)
     C    2    Vzz=    1.0186    axis=( -0.655232  0.744097 -0.130347)
     C    2  Q=         1.0000 1e-30 m^2  Cq=         2.3932 MHz  eta= 0.95098

     C    3    Vxx=    0.0068    axis=(  0.288248  0.185718  0.939373)
     C    3    Vyy=    0.5782    axis=(  0.173074  0.954749 -0.241866)
     C    3    Vzz=   -0.5850    axis=( -0.941785  0.232299  0.243061)
     C    3  Q=         1.0000 1e-30 m^2  Cq=        -1.3745 MHz  eta= 0.97665

     H    4    Vxx=   -0.0231    axis=(  0.563280 -0.385512 -0.730819)
     H    4    Vyy=   -0.7226    axis=(  0.001152  0.884849 -0.465876)
     H    4    Vzz=    0.7457    axis=( -0.826265 -0.261577 -0.498862)
     H    4  Q=         1.0000 1e-30 m^2  Cq=         1.7522 MHz  eta= 0.93795

     C    5    Vxx=    0.0372    axis=( -0.337325 -0.593379  0.730831)
     C    5    Vyy=    0.9074    axis=( -0.819231  0.567480  0.082623)
     C    5    Vzz=   -0.9446    axis=( -0.463758 -0.570849 -0.677540)
     C    5  Q=         1.0000 1e-30 m^2  Cq=        -2.2194 MHz  eta= 0.92119

     H    6    Vxx=   -0.0426    axis=( -0.657675 -0.262948  0.705919)
     H    6    Vyy=   -0.5427    axis=( -0.678730  0.613361 -0.403874)
     H    6    Vzz=    0.5853    axis=( -0.326785 -0.744746 -0.581863)
     H    6  Q=         1.0000 1e-30 m^2  Cq=         1.3751 MHz  eta= 0.85442

     H    7    Vxx=    0.0081    axis=(  0.569292  0.453406  0.685806)
     H    7    Vyy=    0.7973    axis=(  0.139036 -0.875257  0.463243)
     H    7    Vzz=   -0.8054    axis=(  0.810293 -0.168369 -0.561317)
     H    7  Q=         1.0000 1e-30 m^2  Cq=        -1.8923 MHz  eta= 0.97985

     C    8    Vxx=   -0.0185    axis=(  0.854976 -0.518638  0.005545)
     C    8    Vyy=   -0.3012    axis=( -0.107668 -0.187928 -0.976264)
     C    8    Vzz=    0.3198    axis=(  0.507370  0.834085 -0.216515)
     C    8  Q=         1.0000 1e-30 m^2  Cq=         0.7513 MHz  eta= 0.88402

     H    9    Vxx=   -0.0080    axis=(  0.417008  0.906232  0.069633)
     H    9    Vyy=   -0.8058    axis=( -0.430155  0.129287  0.893449)
     H    9    Vzz=    0.8138    axis=(  0.800669 -0.402528  0.443733)
     H    9  Q=         1.0000 1e-30 m^2  Cq=         1.9121 MHz  eta= 0.98031

     C   10    Vxx=   -0.0245    axis=( -0.569178 -0.208411  0.795362)
     C   10    Vyy=   -0.4134    axis=(  0.145441  0.926567  0.346872)
     C   10    Vzz=    0.4379    axis=( -0.809248  0.313111 -0.497070)
     C   10  Q=         1.0000 1e-30 m^2  Cq=         1.0288 MHz  eta= 0.88814

     C   11    Vxx=   -0.0163    axis=(  0.308188  0.848064  0.431055)
     C   11    Vyy=   -0.6237    axis=( -0.480691  0.529832 -0.698723)
     C   11    Vzz=    0.6401    axis=( -0.820948  0.008134  0.570944)
     C   11  Q=         1.0000 1e-30 m^2  Cq=         1.5039 MHz  eta= 0.94899

     Cl  12    Vxx=    0.6825    axis=(  0.708037  0.575081  0.409836)
     Cl  12    Vyy=    2.0688    axis=( -0.374680 -0.186006  0.908304)
     Cl  12    Vzz=   -2.7513    axis=(  0.598580 -0.796670  0.083773)
     Cl  12  Q=        -8.1650 1e-30 m^2  Cq=        52.7829 MHz  eta= 0.50387

     H   13    Vxx=   -0.0071    axis=(  0.842443  0.458662 -0.282698)
     H   13    Vyy=   -0.4076    axis=( -0.513771  0.525851 -0.677879)
     H   13    Vzz=    0.4147    axis=(  0.162260 -0.716317 -0.678647)
     H   13  Q=         1.0000 1e-30 m^2  Cq=         0.9743 MHz  eta= 0.96575

     C   14    Vxx=   -0.0276    axis=(  0.659934  0.590648 -0.464352)
     C   14    Vyy=   -0.4274    axis=( -0.720732  0.323111 -0.613306)
     C   14    Vzz=    0.4550    axis=(  0.212211 -0.739415 -0.638931)
     C   14  Q=         1.0000 1e-30 m^2  Cq=         1.0690 MHz  eta= 0.87881

     H   15    Vxx=   -0.0690    axis=( -0.031156 -0.899460  0.435890)
     H   15    Vyy=   -0.5347    axis=(  0.800906 -0.283372 -0.527493)
     H   15    Vzz=    0.6037    axis=(  0.597979  0.332673  0.729212)
     H   15  Q=         1.0000 1e-30 m^2  Cq=         1.4184 MHz  eta= 0.77138

     C   16    Vxx=   -0.0993    axis=(  0.211699 -0.649877  0.729962)
     C   16    Vyy=   -0.8161    axis=( -0.517349 -0.708181 -0.480448)
     C   16    Vzz=    0.9154    axis=( -0.829177  0.275935  0.486134)
     C   16  Q=         1.0000 1e-30 m^2  Cq=         2.1509 MHz  eta= 0.78305

     C   17    Vxx=    0.0646    axis=(  0.470334  0.729340  0.496840)
     C   17    Vyy=    0.5217    axis=(  0.723754  0.003343 -0.690050)
     C   17    Vzz=   -0.5864    axis=( -0.504942  0.684143 -0.526290)
     C   17  Q=         1.0000 1e-30 m^2  Cq=        -1.3777 MHz  eta= 0.77958

     Cl  18    Vxx=    0.1807    axis=( -0.234367  0.814542 -0.530653)
     Cl  18    Vyy=    2.5453    axis=(  0.856569 -0.085119 -0.508965)
     Cl  18    Vzz=   -2.7260    axis=(  0.459742  0.573825  0.677763)
     Cl  18  Q=        -8.1650 1e-30 m^2  Cq=        52.2966 MHz  eta= 0.86744

     H   19    Vxx=   -0.1218    axis=( -0.962182 -0.047262 -0.268277)
     H   19    Vyy=   -0.2515    axis=(  0.205828 -0.771248 -0.602338)
     H   19    Vzz=    0.3733    axis=( -0.178440 -0.634778  0.751808)
     H   19  Q=         1.0000 1e-30 m^2  Cq=         0.8771 MHz  eta= 0.34756

     C   20    Vxx=    0.0587    axis=(  0.718653 -0.014973  0.695208)
     C   20    Vyy=    0.4072    axis=( -0.502490  0.679899  0.534080)
     C   20    Vzz=   -0.4659    axis=(  0.480668  0.733153 -0.481087)
     C   20  Q=         1.0000 1e-30 m^2  Cq=        -1.0946 MHz  eta= 0.74812

     H   21    Vxx=   -0.0549    axis=(  0.303983 -0.568712 -0.764304)
     H   21    Vyy=   -0.3778    axis=(  0.289962  0.819438 -0.494412)
     H   21    Vzz=    0.4327    axis=( -0.907478  0.071326 -0.414000)
     H   21  Q=         1.0000 1e-30 m^2  Cq=         1.0166 MHz  eta= 0.74633

     C   22    Vxx=    0.1083    axis=(  0.277098 -0.384639 -0.880494)
     C   22    Vyy=    0.4455    axis=(  0.125273 -0.894093  0.430004)
     C   22    Vzz=   -0.5538    axis=(  0.952640  0.229456  0.199566)
     C   22  Q=         1.0000 1e-30 m^2  Cq=        -1.3013 MHz  eta= 0.60889

     C   23    Vxx=   -0.1936    axis=( -0.455767  0.531897  0.713696)
     C   23    Vyy=   -0.8414    axis=(  0.431088  0.833409 -0.345823)
     C   23    Vzz=    1.0351    axis=( -0.778742  0.150051 -0.609135)
     C   23  Q=         1.0000 1e-30 m^2  Cq=         2.4320 MHz  eta= 0.62583

     Cl  24    Vxx=    0.4328    axis=(  0.439399  0.817899 -0.371443)
     Cl  24    Vyy=    1.9666    axis=( -0.800097  0.168357 -0.575762)
     Cl  24    Vzz=   -2.3993    axis=( -0.408379  0.550180  0.728374)
     Cl  24  Q=        -8.1650 1e-30 m^2  Cq=        46.0303 MHz  eta= 0.63924

     Initialization:
     gipaw_setup  :      9.20s CPU     11.15s WALL (       1 calls)

     Linear response

     Apply operators

     Induced current

     Other routines
     efg          :      9.16s CPU     11.28s WALL (       1 calls)

     General routines
     calbec       :      3.14s CPU      4.01s WALL (      16 calls)
     fft          :      1.73s CPU      2.69s WALL (      15 calls)
     ffts         :      0.03s CPU      0.05s WALL (       2 calls)
     fftw         :      3.19s CPU      3.76s WALL (     672 calls)
     davcio       :      0.05s CPU      0.37s WALL (      32 calls)

     Parallel routines
     fft_scatter  :      2.22s CPU      3.64s WALL (     689 calls)

     Plugins

     GIPAW        :     60.78s CPU     71.67s WALL (       1 calls)
