
     Program QE v.6.0 (svn rev. 13079) starts on 21Dec2016 at 22:29:32 

     This program is part of the open-source Quantum ESPRESSO suite
     for quantum simulation of materials; please cite
         "P. Giannozzi et al., J. Phys.:Condens. Matter 21 395502 (2009);
          URL http://www.quantum-espresso.org", 
     in publications or presentations arising from this work. More details at
     http://www.quantum-espresso.org/quote

     Parallel version (MPI), running on     8 processors
     R & G space division:  proc/nbgrp/npool/nimage =       8

     ***** This is GIPAW svn revision unknown      *****

     Parallelizing q-star over 1 images

     Reading data from directory:
     /users/majewski/paradichlorobenzene/pbe/9_constraint/scratch/pbe.ecut100.np8.dt60.pcl2phi-129368.save
     Message from routine read_xml_file:
     file /users/majewski/paradichlorobenzene/pbe/9_constraint/scratch/pbe.ecut100.np8.dt60.pcl2phi-129368.save not guaranteed to be safe for post-processing

   Info: using nr1, nr2, nr3 values from input

   Info: using nr1, nr2, nr3 values from input

     IMPORTANT: XC functional enforced from input :
     Exchange-correlation      =  SLA  PW   PBX  PBC ( 1  4  3  4 0 0)
     Any further DFT definition will be discarded
     Please, verify this is what you really want

               file C.pbe-n-kjpaw_psl.1.0.0.UPF: wavefunction(s)  2S 2P renormalized
               file Cl.pbe-n-kjpaw_psl.1.0.0.UPF: wavefunction(s)  3S 3P renormalized
               file H.pbe-kjpaw_psl.1.0.0.UPF: wavefunction(s)  1S renormalized

     Parallelization info
     --------------------
     sticks:   dense  smooth     PW     G-vecs:    dense   smooth      PW
     Min        3057    1223    332               144436    36536    5170
     Max        3059    1225    333               144437    36537    5171
     Sum       24467    9791   2657              1155489   292295   41363


     Subspace diagonalization in iterative solution of the eigenvalue problem:
     a serial algorithm will be used

     GIPAW projectors -----------------------------------------------
     atom=  C    l=0  rc=    1.2000  rs=    0.8000
     atom=  C    l=0  rc=    1.2000  rs=    0.8000
     atom=  C    l=1  rc=    1.4000  rs=    0.9333
     atom=  C    l=1  rc=    1.4000  rs=    0.9333
     projs nearly linearly dependent: l=1  n1,n2= 1, 2  s=  0.99951561

     atom=  Cl   l=0  rc=    1.6000  rs=    1.0667
     atom=  Cl   l=0  rc=    1.6000  rs=    1.0667
     atom=  Cl   l=1  rc=    1.6000  rs=    1.0667
     atom=  Cl   l=1  rc=    1.6000  rs=    1.0667
     atom=  Cl   l=2  rc=    1.6000  rs=    1.0667
     atom=  Cl   l=2  rc=    1.6000  rs=    1.0667
     projs nearly linearly dependent: l=2  n1,n2= 1, 2  s=  0.99993509

     atom=  H    l=0  rc=    1.0000  rs=    0.6667
     atom=  H    l=0  rc=    1.0000  rs=    0.6667
     projs nearly linearly dependent: l=0  n1,n2= 1, 2  s=  0.99968852
     -----------------------------------------------------------------

     GIPAW integrals: -------------------------------------------
     Atom  i/j   nmr_para   nmr_dia   epr_rmc  epr_para   epr_dia
       C   1 1   0.83E+03  0.17E-01  0.93E+01  0.24E+08  0.24E+03
       C   2 1   0.86E+03 -0.61E-01  0.94E+01  0.25E+08  0.25E+03
       C   2 2   0.90E+03 -0.15E+00  0.97E+01  0.26E+08  0.26E+03
       C   3 3   0.33E+01  0.34E+00  0.18E+01  0.55E+03  0.21E+02
       C   4 3   0.35E+01  0.37E+00  0.20E+01  0.59E+03  0.22E+02
       C   4 4   0.38E+01  0.39E+00  0.22E+01  0.63E+03  0.24E+02
       Cl  1 1   0.14E+04 -0.47E+00  0.84E+01  0.32E+09  0.42E+03
       Cl  2 1   0.21E+04 -0.37E+00  0.12E+02  0.49E+09  0.65E+03
       Cl  2 2   0.33E+04 -0.16E+00  0.21E+02  0.76E+09  0.10E+04
       Cl  3 3   0.21E+02  0.79E-01  0.89E+01  0.23E+05  0.13E+03
       Cl  4 3   0.24E+02  0.67E-01  0.99E+01  0.27E+05  0.15E+03
       Cl  4 4   0.28E+02  0.44E-01  0.11E+02  0.32E+05  0.18E+03
       Cl  5 5   0.77E+00  0.19E+00  0.18E+01  0.12E+03  0.22E+02
       Cl  6 5   0.80E+00  0.19E+00  0.19E+01  0.12E+03  0.23E+02
       Cl  6 6   0.83E+00  0.20E+00  0.19E+01  0.12E+03  0.23E+02
       H   1 1   0.39E+02  0.19E+00  0.29E+00  0.78E+05  0.13E+02
       H   2 1   0.41E+02  0.21E+00  0.32E+00  0.82E+05  0.14E+02
       H   2 2   0.43E+02  0.22E+00  0.36E+00  0.86E+05  0.15E+02
     ------------------------------------------------------------

     alpha_pv=     34.2531 eV

     Number of occupied bands for each k-point:
     k-point:     1    nbnd_occ=  42
     k-point:     2    nbnd_occ=  42
     k-point:     3    nbnd_occ=  42
     k-point:     4    nbnd_occ=  42
     k-point:     5    nbnd_occ=  42
     k-point:     6    nbnd_occ=  42
     k-point:     7    nbnd_occ=  42
     k-point:     8    nbnd_occ=  42
     k-point:     9    nbnd_occ=  42
     k-point:    10    nbnd_occ=  42
     k-point:    11    nbnd_occ=  42
     k-point:    12    nbnd_occ=  42
     k-point:    13    nbnd_occ=  42
     k-point:    14    nbnd_occ=  42
     k-point:    15    nbnd_occ=  42
     k-point:    16    nbnd_occ=  42


     q-space interpolation up to   110.00 Rydberg

     GIPAW job: efg                                                                             


     ELECTRIC FIELD GRADIENTS TENSORS IN Hartree/bohrradius^2:

     ----- bare term -----
     Cl   1       -0.166823        0.220368       -0.037717
     Cl   1        0.220368        0.171863       -0.083842
     Cl   1       -0.037717       -0.083842       -0.005041

     C    2        0.093183        0.251086       -0.043667
     C    2        0.251086       -0.147821       -0.527067
     C    2       -0.043667       -0.527067        0.054638

     C    3       -0.773276        0.364751       -0.355960
     C    3        0.364751        0.295783        0.004486
     C    3       -0.355960        0.004486        0.477493

     H    4        0.040851       -0.220133       -0.458291
     H    4       -0.220133        0.256189       -0.470544
     H    4       -0.458291       -0.470544       -0.297039

     C    5       -0.022320        0.120685       -0.135797
     C    5        0.120685       -0.296144       -0.294383
     C    5       -0.135797       -0.294383        0.318465

     H    6        0.445473       -0.100785       -0.125393
     H    6       -0.100785       -0.071247       -0.568797
     H    6       -0.125393       -0.568797       -0.374226

     H    7        0.376137        0.058651       -0.074117
     H    7        0.058651       -0.515834        0.577973
     H    7       -0.074117        0.577973        0.139697

     C    8       -0.702047       -0.320081       -0.356139
     C    8       -0.320081        0.275949        0.159335
     C    8       -0.356139        0.159335        0.426099

     H    9       -0.091191        0.009461       -0.547634
     H    9        0.009461        0.202688       -0.149253
     H    9       -0.547634       -0.149253       -0.111497

     C   10       -0.056131       -0.105308       -0.222395
     C   10       -0.105308       -0.061205        0.670629
     C   10       -0.222395        0.670629        0.117336

     C   11       -0.503654       -0.334384       -0.303824
     C   11       -0.334384        0.167262        0.388513
     C   11       -0.303824        0.388513        0.336392

     Cl  12       -0.062113        0.026718       -0.072889
     Cl  12        0.026718        0.027258        0.139978
     Cl  12       -0.072889        0.139978        0.034855

     H   13        0.242999       -0.103692        0.205885
     H   13       -0.103692       -0.221459       -0.479603
     H   13        0.205885       -0.479603       -0.021541

     C   14       -0.716482        0.403854       -0.455988
     C   14        0.403854        0.447860       -0.079820
     C   14       -0.455988       -0.079820        0.268622

     H   15       -0.339216       -0.168764       -0.566115
     H   15       -0.168764        0.226492       -0.110581
     H   15       -0.566115       -0.110581        0.112724

     C   16        0.098199        0.389839       -0.032141
     C   16        0.389839       -0.177397       -0.579523
     C   16       -0.032141       -0.579523        0.079199

     C   17       -0.741830        0.417755       -0.373530
     C   17        0.417755        0.357357       -0.025976
     C   17       -0.373530       -0.025976        0.384474

     Cl  18       -0.016929       -0.010594       -0.037867
     Cl  18       -0.010594        0.104998       -0.036345
     Cl  18       -0.037867       -0.036345       -0.088069

     H   19        0.377025       -0.121318        0.103972
     H   19       -0.121318       -0.421456        0.598142
     H   19        0.103972        0.598142        0.044431

     C   20       -0.165884        0.163093       -0.391322
     C   20        0.163093        0.002587        0.472647
     C   20       -0.391322        0.472647        0.163297

     H   21        0.031307        0.128105       -0.334645
     H   21        0.128105        0.001105        0.549009
     H   21       -0.334645        0.549009       -0.032412

     C   22       -0.684846       -0.332923       -0.357043
     C   22       -0.332923        0.259292        0.041707
     C   22       -0.357043        0.041707        0.425554

     C   23        0.013699        0.230765       -0.371996
     C   23        0.230765       -0.090400        0.549869
     C   23       -0.371996        0.549869        0.076701

     Cl  24       -0.324102       -0.248887        0.002798
     Cl  24       -0.248887        0.180074        0.031723
     Cl  24        0.002798        0.031723        0.144028

     ----- ionic term -----
     Cl   1        0.099684       -0.196159       -0.015394
     Cl   1       -0.196159        0.036628        0.015909
     Cl   1       -0.015394        0.015909       -0.136312

     C    2        0.138059       -0.205492        0.221636
     C    2       -0.205492        0.042547        0.449224
     C    2        0.221636        0.449224       -0.180606

     C    3        0.129212       -0.297802        0.172352
     C    3       -0.297802        0.063999        0.400872
     C    3        0.172352        0.400872       -0.193210

     H    4        0.504047        0.225846        0.775726
     H    4        0.225846       -0.518285        0.226463
     H    4        0.775726        0.226463        0.014238

     C    5        0.235459       -0.205278        0.286133
     C    5       -0.205278       -0.039658        0.320531
     C    5        0.286133        0.320531       -0.195801

     H    6       -0.533107        0.091527        0.097582
     H    6        0.091527        0.392903        0.808173
     H    6        0.097582        0.808173        0.140204

     H    7       -0.510762       -0.049787        0.031616
     H    7       -0.049787        0.720405       -0.666613
     H    7        0.031616       -0.666613       -0.209643

     C    8        0.225653        0.201515        0.289422
     C    8        0.201515        0.129633       -0.282710
     C    8        0.289422       -0.282710       -0.355286

     H    9        0.434844       -0.251380        0.751490
     H    9       -0.251380       -0.412915       -0.264228
     H    9        0.751490       -0.264228       -0.021929

     C   10        0.080978        0.280149        0.247371
     C   10        0.280149        0.244457       -0.362445
     C   10        0.247371       -0.362445       -0.325435

     C   11        0.136871        0.216429        0.334199
     C   11        0.216429        0.144475       -0.374116
     C   11        0.334199       -0.374116       -0.281346

     Cl  12        0.145072        0.232028        0.043017
     Cl  12        0.232028        0.000189        0.014837
     Cl  12        0.043017        0.014837       -0.145261

     H   13       -0.498787       -0.013308        0.016050
     H   13       -0.013308        0.570011        0.746257
     H   13        0.016050        0.746257       -0.071224

     C   14        0.275833       -0.198472        0.265065
     C   14       -0.198472       -0.015604        0.318062
     C   14        0.265065        0.318062       -0.260229

     H   15        0.501991        0.401806        0.647800
     H   15        0.401806       -0.325082        0.326378
     H   15        0.647800        0.326378       -0.176909

     C   16        0.148790       -0.232626        0.163678
     C   16       -0.232626        0.108817        0.403474
     C   16        0.163678        0.403474       -0.257607

     C   17        0.236276       -0.244719        0.311941
     C   17       -0.244719       -0.008248        0.358127
     C   17        0.311941        0.358127       -0.228028

     Cl  18        0.192136       -0.242894        0.050126
     Cl  18       -0.242894       -0.037882       -0.015844
     Cl  18        0.050126       -0.015844       -0.154254

     H   19       -0.534619        0.000958        0.025043
     H   19        0.000958        0.528112       -0.768299
     H   19        0.025043       -0.768299        0.006507

     C   20        0.256102        0.257805        0.328654
     C   20        0.257805        0.002954       -0.293246
     C   20        0.328654       -0.293246       -0.259056

     H   21        0.450053       -0.325529        0.747164
     H   21       -0.325529       -0.426029       -0.301728
     H   21        0.747164       -0.301728       -0.024024

     C   22        0.133197        0.261258        0.237938
     C   22        0.261258        0.152843       -0.392581
     C   22        0.237938       -0.392581       -0.286040

     C   23        0.158568        0.180133        0.237024
     C   23        0.180133        0.132477       -0.452370
     C   23        0.237024       -0.452370       -0.291046

     Cl  24        0.144199        0.208994       -0.007074
     Cl  24        0.208994        0.011025       -0.016288
     Cl  24       -0.007074       -0.016288       -0.155224

     ----- GIPAW term -----
     Cl   1        0.173544       -0.662658       -0.393846
     Cl   1       -0.662658        1.724171       -0.754861
     Cl   1       -0.393846       -0.754861       -1.897715

     C    2       -0.020297        0.093558        0.051812
     C    2        0.093558        0.185902        0.064605
     C    2        0.051812        0.064605       -0.165605

     C    3       -0.239199        0.050255       -0.042049
     C    3        0.050255        0.146274        0.190141
     C    3       -0.042049        0.190141        0.092925

     H    4       -0.000000        0.000000        0.000000
     H    4        0.000000        0.000000        0.000000
     H    4        0.000000        0.000000        0.000000

     C    5       -0.108281        0.023436        0.008729
     C    5        0.023436        0.035823        0.163066
     C    5        0.008729        0.163066        0.072458

     H    6       -0.000000        0.000000        0.000000
     H    6        0.000000        0.000000        0.000000
     H    6        0.000000        0.000000        0.000000

     H    7       -0.000000        0.000000        0.000000
     H    7        0.000000        0.000000        0.000000
     H    7        0.000000        0.000000        0.000000

     C    8       -0.167300        0.040189       -0.060659
     C    8        0.040189        0.192905       -0.046633
     C    8       -0.060659       -0.046633       -0.025604

     H    9       -0.000000        0.000000        0.000000
     H    9        0.000000        0.000000        0.000000
     H    9        0.000000        0.000000        0.000000

     C   10       -0.118520        0.026470       -0.035304
     C   10        0.026470        0.213412        0.159413
     C   10       -0.035304        0.159413       -0.094892

     C   11       -0.139150        0.055292       -0.031633
     C   11        0.055292        0.219991        0.163640
     C   11       -0.031633        0.163640       -0.080841

     Cl  12       -0.059723        1.986749       -0.262296
     Cl  12        1.986749        0.804305        2.019370
     Cl  12       -0.262296        2.019370       -0.744582

     H   13       -0.000000        0.000000        0.000000
     H   13        0.000000        0.000000        0.000000
     H   13        0.000000        0.000000        0.000000

     C   14       -0.107859        0.188719       -0.033085
     C   14        0.188719        0.202470        0.039703
     C   14       -0.033085        0.039703       -0.094612

     H   15       -0.000000        0.000000        0.000000
     H   15        0.000000        0.000000        0.000000
     H   15        0.000000        0.000000        0.000000

     C   16       -0.069859        0.152944        0.028428
     C   16        0.152944        0.213399       -0.012849
     C   16        0.028428       -0.012849       -0.143539

     C   17       -0.161988        0.066826       -0.004112
     C   17        0.066826        0.229427        0.159825
     C   17       -0.004112        0.159825       -0.067439

     Cl  18        1.055810       -2.098993       -0.251040
     Cl  18       -2.098993        1.041853       -0.341979
     Cl  18       -0.251040       -0.341979       -2.097664

     H   19       -0.000000        0.000000        0.000000
     H   19        0.000000        0.000000        0.000000
     H   19        0.000000        0.000000        0.000000

     C   20       -0.057169        0.157768       -0.080984
     C   20        0.157768        0.151594        0.041048
     C   20       -0.080984        0.041048       -0.094425

     H   21       -0.000000        0.000000        0.000000
     H   21        0.000000        0.000000        0.000000
     H   21        0.000000        0.000000        0.000000

     C   22       -0.198217        0.078805       -0.111127
     C   22        0.078805        0.213610       -0.152088
     C   22       -0.111127       -0.152088       -0.015393

     C   23       -0.052034        0.187039       -0.070585
     C   23        0.187039        0.187552       -0.072764
     C   23       -0.070585       -0.072764       -0.135519

     Cl  24       -0.552601        1.802916       -0.034976
     Cl  24        1.802916        2.136161        0.179677
     Cl  24       -0.034976        0.179677       -1.583559

     ----- total EFG -----
     Cl   1        0.106406       -0.638450       -0.446957
     Cl   1       -0.638450        1.932662       -0.822795
     Cl   1       -0.446957       -0.822795       -2.039068

     C    2        0.210945        0.139152        0.229782
     C    2        0.139152        0.080628       -0.013238
     C    2        0.229782       -0.013238       -0.291573

     C    3       -0.883264        0.117204       -0.225658
     C    3        0.117204        0.506056        0.595499
     C    3       -0.225658        0.595499        0.377208

     H    4        0.544898        0.005712        0.317435
     H    4        0.005712       -0.262097       -0.244080
     H    4        0.317435       -0.244080       -0.282801

     C    5        0.104858       -0.061157        0.159064
     C    5       -0.061157       -0.299979        0.189213
     C    5        0.159064        0.189213        0.195121

     H    6       -0.087634       -0.009258       -0.027811
     H    6       -0.009258        0.321656        0.239376
     H    6       -0.027811        0.239376       -0.234022

     H    7       -0.134625        0.008864       -0.042501
     H    7        0.008864        0.204571       -0.088640
     H    7       -0.042501       -0.088640       -0.069946

     C    8       -0.643695       -0.078378       -0.127377
     C    8       -0.078378        0.598486       -0.170008
     C    8       -0.127377       -0.170008        0.045209

     H    9        0.343653       -0.241919        0.203855
     H    9       -0.241919       -0.210227       -0.413482
     H    9        0.203855       -0.413482       -0.133426

     C   10       -0.093673        0.201311       -0.010329
     C   10        0.201311        0.396664        0.467596
     C   10       -0.010329        0.467596       -0.302991

     C   11       -0.505933       -0.062663       -0.001257
     C   11       -0.062663        0.531728        0.178037
     C   11       -0.001257        0.178037       -0.025794

     Cl  12        0.023236        2.245495       -0.292168
     Cl  12        2.245495        0.831753        2.174186
     Cl  12       -0.292168        2.174186       -0.854989

     H   13       -0.255787       -0.117000        0.221935
     H   13       -0.117000        0.348552        0.266654
     H   13        0.221935        0.266654       -0.092765

     C   14       -0.548507        0.394102       -0.224008
     C   14        0.394102        0.634726        0.277946
     C   14       -0.224008        0.277946       -0.086219

     H   15        0.162774        0.233042        0.081685
     H   15        0.233042       -0.098590        0.215797
     H   15        0.081685        0.215797       -0.064185

     C   16        0.177130        0.310157        0.159964
     C   16        0.310157        0.144818       -0.188898
     C   16        0.159964       -0.188898       -0.321948

     C   17       -0.667542        0.239861       -0.065701
     C   17        0.239861        0.578535        0.491975
     C   17       -0.065701        0.491975        0.089007

     Cl  18        1.231017       -2.352482       -0.238781
     Cl  18       -2.352482        1.108970       -0.394168
     Cl  18       -0.238781       -0.394168       -2.339986

     H   19       -0.157594       -0.120360        0.129015
     H   19       -0.120360        0.106656       -0.170157
     H   19        0.129015       -0.170157        0.050939

     C   20        0.033048        0.578666       -0.143653
     C   20        0.578666        0.157135        0.220450
     C   20       -0.143653        0.220450       -0.190183

     H   21        0.481360       -0.197424        0.412519
     H   21       -0.197424       -0.424924        0.247280
     H   21        0.412519        0.247280       -0.056436

     C   22       -0.749866        0.007141       -0.230232
     C   22        0.007141        0.625745       -0.502962
     C   22       -0.230232       -0.502962        0.124121

     C   23        0.120234        0.597937       -0.205558
     C   23        0.597937        0.229629        0.024736
     C   23       -0.205558        0.024736       -0.349863

     Cl  24       -0.732505        1.763024       -0.039251
     Cl  24        1.763024        2.327260        0.195112
     Cl  24       -0.039251        0.195112       -1.594755

     ----- total EFG (symmetrized) -----
     Cl   1        0.106406       -0.638450       -0.446957
     Cl   1       -0.638450        1.932662       -0.822795
     Cl   1       -0.446957       -0.822795       -2.039068

     C    2        0.210945        0.139152        0.229782
     C    2        0.139152        0.080628       -0.013238
     C    2        0.229782       -0.013238       -0.291573

     C    3       -0.883264        0.117204       -0.225658
     C    3        0.117204        0.506056        0.595499
     C    3       -0.225658        0.595499        0.377208

     H    4        0.544898        0.005712        0.317435
     H    4        0.005712       -0.262097       -0.244080
     H    4        0.317435       -0.244080       -0.282801

     C    5        0.104858       -0.061157        0.159064
     C    5       -0.061157       -0.299979        0.189213
     C    5        0.159064        0.189213        0.195121

     H    6       -0.087634       -0.009258       -0.027811
     H    6       -0.009258        0.321656        0.239376
     H    6       -0.027811        0.239376       -0.234022

     H    7       -0.134625        0.008864       -0.042501
     H    7        0.008864        0.204571       -0.088640
     H    7       -0.042501       -0.088640       -0.069946

     C    8       -0.643695       -0.078378       -0.127377
     C    8       -0.078378        0.598486       -0.170008
     C    8       -0.127377       -0.170008        0.045209

     H    9        0.343653       -0.241919        0.203855
     H    9       -0.241919       -0.210227       -0.413482
     H    9        0.203855       -0.413482       -0.133426

     C   10       -0.093673        0.201311       -0.010329
     C   10        0.201311        0.396664        0.467596
     C   10       -0.010329        0.467596       -0.302991

     C   11       -0.505933       -0.062663       -0.001257
     C   11       -0.062663        0.531728        0.178037
     C   11       -0.001257        0.178037       -0.025794

     Cl  12        0.023236        2.245495       -0.292168
     Cl  12        2.245495        0.831753        2.174186
     Cl  12       -0.292168        2.174186       -0.854989

     H   13       -0.255787       -0.117000        0.221935
     H   13       -0.117000        0.348552        0.266654
     H   13        0.221935        0.266654       -0.092765

     C   14       -0.548507        0.394102       -0.224008
     C   14        0.394102        0.634726        0.277946
     C   14       -0.224008        0.277946       -0.086219

     H   15        0.162774        0.233042        0.081685
     H   15        0.233042       -0.098590        0.215797
     H   15        0.081685        0.215797       -0.064185

     C   16        0.177130        0.310157        0.159964
     C   16        0.310157        0.144818       -0.188898
     C   16        0.159964       -0.188898       -0.321948

     C   17       -0.667542        0.239861       -0.065701
     C   17        0.239861        0.578535        0.491975
     C   17       -0.065701        0.491975        0.089007

     Cl  18        1.231017       -2.352482       -0.238781
     Cl  18       -2.352482        1.108970       -0.394168
     Cl  18       -0.238781       -0.394168       -2.339986

     H   19       -0.157594       -0.120360        0.129015
     H   19       -0.120360        0.106656       -0.170157
     H   19        0.129015       -0.170157        0.050939

     C   20        0.033048        0.578666       -0.143653
     C   20        0.578666        0.157135        0.220450
     C   20       -0.143653        0.220450       -0.190183

     H   21        0.481360       -0.197424        0.412519
     H   21       -0.197424       -0.424924        0.247280
     H   21        0.412519        0.247280       -0.056436

     C   22       -0.749866        0.007141       -0.230232
     C   22        0.007141        0.625745       -0.502962
     C   22       -0.230232       -0.502962        0.124121

     C   23        0.120234        0.597937       -0.205558
     C   23        0.597937        0.229629        0.024736
     C   23       -0.205558        0.024736       -0.349863

     Cl  24       -0.732505        1.763024       -0.039251
     Cl  24        1.763024        2.327260        0.195112
     Cl  24       -0.039251        0.195112       -1.594755


     NQR/NMR SPECTROSCOPIC PARAMETERS:
     Cl   1    Vxx=    0.0987    axis=(  0.939632  0.203783 -0.274888)
     Cl   1    Vyy=    2.2374    axis=(  0.253024 -0.954600  0.157221)
     Cl   1    Vzz=   -2.3361    axis=(  0.230369  0.217283  0.948535)
     Cl   1  Q=        -8.1650 1e-30 m^2  Cq=        44.8169 MHz  eta= 0.91550

     C    2    Vxx=    0.0320    axis=( -0.340527  0.898014 -0.278588)
     C    2    Vyy=    0.3576    axis=( -0.859234 -0.417529 -0.295613)
     C    2    Vzz=   -0.3896    axis=( -0.381784  0.138708  0.913784)
     C    2  Q=         1.0000 1e-30 m^2  Cq=        -0.9154 MHz  eta= 0.83589

     C    3    Vxx=   -0.0820    axis=( -0.292499 -0.651004  0.700456)
     C    3    Vyy=   -0.9607    axis=( -0.955667  0.173075 -0.238215)
     C    3    Vzz=    1.0428    axis=(  0.033848 -0.739080 -0.672767)
     C    3  Q=         1.0000 1e-30 m^2  Cq=         2.4501 MHz  eta= 0.84269

     H    4    Vxx=   -0.0892    axis=(  0.269485  0.788754 -0.552489)
     H    4    Vyy=   -0.5696    axis=( -0.220165  0.608982  0.762016)
     H    4    Vzz=    0.6588    axis=(  0.937499 -0.083713  0.337768)
     H    4  Q=         1.0000 1e-30 m^2  Cq=         1.5478 MHz  eta= 0.72926

     C    5    Vxx=    0.0509    axis=(  0.826148 -0.372109 -0.423100)
     C    5    Vyy=    0.3384    axis=( -0.515900 -0.197626 -0.833541)
     C    5    Vzz=   -0.3894    axis=(  0.226553  0.906906 -0.355239)
     C    5  Q=         1.0000 1e-30 m^2  Cq=        -0.9149 MHz  eta= 0.73834

     H    6    Vxx=   -0.0861    axis=(  0.994705  0.067884 -0.077167)
     H    6    Vyy=   -0.3251    axis=( -0.095949  0.344287 -0.933949)
     H    6    Vzz=    0.4112    axis=( -0.036833  0.936407  0.348977)
     H    6  Q=         1.0000 1e-30 m^2  Cq=         0.9662 MHz  eta= 0.58121

     H    7    Vxx=   -0.0729    axis=(  0.518019 -0.275276 -0.809864)
     H    7    Vyy=   -0.1590    axis=( -0.853495 -0.103704 -0.510677)
     H    7    Vzz=    0.2319    axis=(  0.056591  0.955756 -0.288667)
     H    7  Q=         1.0000 1e-30 m^2  Cq=         0.5448 MHz  eta= 0.37128

     C    8    Vxx=    0.0279    axis=( -0.208699  0.252801  0.944741)
     C    8    Vyy=    0.6479    axis=( -0.032345  0.963700 -0.265019)
     C    8    Vzz=   -0.6757    axis=( -0.977445 -0.085867 -0.192947)
     C    8  Q=         1.0000 1e-30 m^2  Cq=        -1.5877 MHz  eta= 0.91756

     H    9    Vxx=   -0.0228    axis=( -0.646399 -0.477861  0.594826)
     H    9    Vyy=   -0.5892    axis=( -0.050833 -0.750885 -0.658474)
     H    9    Vzz=    0.6120    axis=(  0.761305 -0.455873  0.461080)
     H    9  Q=         1.0000 1e-30 m^2  Cq=         1.4379 MHz  eta= 0.92555

     C   10    Vxx=   -0.1119    axis=(  0.949002 -0.101095 -0.298622)
     C   10    Vyy=   -0.5596    axis=( -0.220150  0.465522 -0.857219)
     C   10    Vzz=    0.6714    axis=(  0.225675  0.879244  0.419525)
     C   10  Q=         1.0000 1e-30 m^2  Cq=         1.5776 MHz  eta= 0.66678

     C   11    Vxx=   -0.0772    axis=(  0.037649 -0.276867  0.960170)
     C   11    Vyy=   -0.5099    axis=( -0.997760 -0.063578  0.020790)
     C   11    Vzz=    0.5871    axis=(  0.055289 -0.958803 -0.278641)
     C   11  Q=         1.0000 1e-30 m^2  Cq=         1.3794 MHz  eta= 0.73707

     Cl  12    Vxx=   -0.1195    axis=(  0.718105 -0.134488 -0.682817)
     Cl  12    Vyy=   -3.1892    axis=(  0.483277 -0.609630  0.628326)
     Cl  12    Vzz=    3.3087    axis=( -0.500768 -0.781194 -0.372784)
     Cl  12  Q=        -8.1650 1e-30 m^2  Cq=       -63.4756 MHz  eta= 0.92777

     H   13    Vxx=    0.0142    axis=(  0.679869 -0.296875  0.670555)
     H   13    Vyy=    0.4742    axis=( -0.017809  0.907439  0.419807)
     H   13    Vzz=   -0.4884    axis=( -0.733118 -0.297355  0.611652)
     H   13  Q=         1.0000 1e-30 m^2  Cq=        -1.1476 MHz  eta= 0.94186

     C   14    Vxx=   -0.0076    axis=( -0.447415 -0.109561  0.887590)
     C   14    Vyy=   -0.7951    axis=( -0.862634  0.314737 -0.395985)
     C   14    Vzz=    0.8027    axis=( -0.235973 -0.942835 -0.235329)
     C   14  Q=         1.0000 1e-30 m^2  Cq=         1.8861 MHz  eta= 0.98104

     H   15    Vxx=   -0.0463    axis=( -0.613342  0.293083  0.733426)
     H   15    Vyy=   -0.3320    axis=( -0.280246  0.787424 -0.549022)
     H   15    Vzz=    0.3783    axis=(  0.738427  0.542278  0.400825)
     H   15  Q=         1.0000 1e-30 m^2  Cq=         0.8887 MHz  eta= 0.75540

     C   16    Vxx=    0.0258    axis=( -0.574551  0.578794 -0.578696)
     C   16    Vyy=    0.4718    axis=( -0.719571 -0.694126  0.020174)
     C   16    Vzz=   -0.4976    axis=( -0.390011  0.428003  0.815294)
     C   16  Q=         1.0000 1e-30 m^2  Cq=        -1.1692 MHz  eta= 0.89631

     C   17    Vxx=   -0.1544    axis=( -0.318780 -0.454133  0.831951)
     C   17    Vyy=   -0.7475    axis=( -0.941507  0.252925 -0.222696)
     C   17    Vzz=    0.9019    axis=( -0.109287 -0.854279 -0.508197)
     C   17  Q=         1.0000 1e-30 m^2  Cq=         2.1191 MHz  eta= 0.65767

     Cl  18    Vxx=   -1.0297    axis=(  0.665604  0.672495 -0.323608)
     Cl  18    Vyy=   -2.4954    axis=(  0.214180  0.243246  0.946023)
     Cl  18    Vzz=    3.5251    axis=( -0.714912  0.698986 -0.017870)
     Cl  18  Q=        -8.1650 1e-30 m^2  Cq=       -67.6278 MHz  eta= 0.41578

     H   19    Vxx=   -0.0910    axis=(  0.129016  0.690988  0.711260)
     H   19    Vyy=   -0.2252    axis=( -0.928747 -0.167178  0.330879)
     H   19    Vzz=    0.3162    axis=(  0.347540 -0.703269  0.620184)
     H   19  Q=         1.0000 1e-30 m^2  Cq=         0.7429 MHz  eta= 0.42461

     C   20    Vxx=   -0.0490    axis=( -0.426149  0.274413  0.862029)
     C   20    Vyy=   -0.6337    axis=( -0.626550  0.597821 -0.500045)
     C   20    Vzz=    0.6827    axis=( -0.652558 -0.753198 -0.082827)
     C   20  Q=         1.0000 1e-30 m^2  Cq=         1.6041 MHz  eta= 0.85648

     H   21    Vxx=   -0.0343    axis=( -0.332594  0.618645  0.711800)
     H   21    Vyy=   -0.6736    axis=(  0.323337  0.783825 -0.530162)
     H   21    Vzz=    0.7079    axis=(  0.885909 -0.053823  0.460726)
     H   21  Q=         1.0000 1e-30 m^2  Cq=         1.6633 MHz  eta= 0.90318

     C   22    Vxx=   -0.1291    axis=( -0.288896  0.532737  0.795444)
     C   22    Vyy=   -0.8176    axis=(  0.954321  0.094098  0.283577)
     C   22    Vzz=    0.9467    axis=(  0.076222  0.841033 -0.535587)
     C   22  Q=         1.0000 1e-30 m^2  Cq=         2.2243 MHz  eta= 0.72723

     C   23    Vxx=   -0.2237    axis=( -0.409303  0.498190  0.764380)
     C   23    Vyy=   -0.5647    axis=(  0.607031 -0.476759  0.635778)
     C   23    Vzz=    0.7883    axis=( -0.681164 -0.724229  0.107278)
     C   23  Q=         1.0000 1e-30 m^2  Cq=         1.8523 MHz  eta= 0.43256

     Cl  24    Vxx=   -1.4477    axis=(  0.731593 -0.310301 -0.607030)
     Cl  24    Vyy=   -1.6894    axis=( -0.541585  0.276281 -0.793949)
     Cl  24    Vzz=    3.1371    axis=(  0.414074  0.909605  0.034071)
     Cl  24  Q=        -8.1650 1e-30 m^2  Cq=       -60.1844 MHz  eta= 0.07705

     Initialization:
     gipaw_setup  :      9.16s CPU     11.01s WALL (       1 calls)

     Linear response

     Apply operators

     Induced current

     Other routines
     efg          :      9.35s CPU     11.96s WALL (       1 calls)

     General routines
     calbec       :      3.29s CPU      4.37s WALL (      16 calls)
     fft          :      1.87s CPU      3.30s WALL (      15 calls)
     ffts         :      0.05s CPU      0.05s WALL (       2 calls)
     fftw         :      3.36s CPU      4.19s WALL (     672 calls)
     davcio       :      0.05s CPU      0.34s WALL (      32 calls)

     Parallel routines
     fft_scatter  :      2.63s CPU      4.73s WALL (     689 calls)

     Plugins

     GIPAW        :     61.70s CPU     74.03s WALL (       1 calls)
