
     Program QE v.6.0 (svn rev. 13079) starts on 22Dec2016 at 12:53:37 

     This program is part of the open-source Quantum ESPRESSO suite
     for quantum simulation of materials; please cite
         "P. Giannozzi et al., J. Phys.:Condens. Matter 21 395502 (2009);
          URL http://www.quantum-espresso.org", 
     in publications or presentations arising from this work. More details at
     http://www.quantum-espresso.org/quote

     Parallel version (MPI), running on     8 processors
     R & G space division:  proc/nbgrp/npool/nimage =       8

     ***** This is GIPAW svn revision unknown      *****

     Parallelizing q-star over 1 images

     Reading data from directory:
     /users/majewski/paradichlorobenzene/pbe/9_constraint/scratch/pbe.ecut100.np8.dt60.pcl2phi-129368.save
     Message from routine read_xml_file:
     file /users/majewski/paradichlorobenzene/pbe/9_constraint/scratch/pbe.ecut100.np8.dt60.pcl2phi-129368.save not guaranteed to be safe for post-processing

   Info: using nr1, nr2, nr3 values from input

   Info: using nr1, nr2, nr3 values from input

     IMPORTANT: XC functional enforced from input :
     Exchange-correlation      =  SLA  PW   PBX  PBC ( 1  4  3  4 0 0)
     Any further DFT definition will be discarded
     Please, verify this is what you really want

               file C.pbe-n-kjpaw_psl.1.0.0.UPF: wavefunction(s)  2S 2P renormalized
               file Cl.pbe-n-kjpaw_psl.1.0.0.UPF: wavefunction(s)  3S 3P renormalized
               file H.pbe-kjpaw_psl.1.0.0.UPF: wavefunction(s)  1S renormalized

     Parallelization info
     --------------------
     sticks:   dense  smooth     PW     G-vecs:    dense   smooth      PW
     Min        3057    1223    332               144436    36536    5170
     Max        3059    1225    333               144437    36537    5171
     Sum       24467    9791   2657              1155489   292295   41363


     Subspace diagonalization in iterative solution of the eigenvalue problem:
     a serial algorithm will be used

     GIPAW projectors -----------------------------------------------
     atom=  C    l=0  rc=    1.2000  rs=    0.8000
     atom=  C    l=0  rc=    1.2000  rs=    0.8000
     atom=  C    l=1  rc=    1.4000  rs=    0.9333
     atom=  C    l=1  rc=    1.4000  rs=    0.9333
     projs nearly linearly dependent: l=1  n1,n2= 1, 2  s=  0.99951561

     atom=  Cl   l=0  rc=    1.6000  rs=    1.0667
     atom=  Cl   l=0  rc=    1.6000  rs=    1.0667
     atom=  Cl   l=1  rc=    1.6000  rs=    1.0667
     atom=  Cl   l=1  rc=    1.6000  rs=    1.0667
     atom=  Cl   l=2  rc=    1.6000  rs=    1.0667
     atom=  Cl   l=2  rc=    1.6000  rs=    1.0667
     projs nearly linearly dependent: l=2  n1,n2= 1, 2  s=  0.99993509

     atom=  H    l=0  rc=    1.0000  rs=    0.6667
     atom=  H    l=0  rc=    1.0000  rs=    0.6667
     projs nearly linearly dependent: l=0  n1,n2= 1, 2  s=  0.99968852
     -----------------------------------------------------------------

     GIPAW integrals: -------------------------------------------
     Atom  i/j   nmr_para   nmr_dia   epr_rmc  epr_para   epr_dia
       C   1 1   0.83E+03  0.17E-01  0.93E+01  0.24E+08  0.24E+03
       C   2 1   0.86E+03 -0.61E-01  0.94E+01  0.25E+08  0.25E+03
       C   2 2   0.90E+03 -0.15E+00  0.97E+01  0.26E+08  0.26E+03
       C   3 3   0.33E+01  0.34E+00  0.18E+01  0.55E+03  0.21E+02
       C   4 3   0.35E+01  0.37E+00  0.20E+01  0.59E+03  0.22E+02
       C   4 4   0.38E+01  0.39E+00  0.22E+01  0.63E+03  0.24E+02
       Cl  1 1   0.14E+04 -0.47E+00  0.84E+01  0.32E+09  0.42E+03
       Cl  2 1   0.21E+04 -0.37E+00  0.12E+02  0.49E+09  0.65E+03
       Cl  2 2   0.33E+04 -0.16E+00  0.21E+02  0.76E+09  0.10E+04
       Cl  3 3   0.21E+02  0.79E-01  0.89E+01  0.23E+05  0.13E+03
       Cl  4 3   0.24E+02  0.67E-01  0.99E+01  0.27E+05  0.15E+03
       Cl  4 4   0.28E+02  0.44E-01  0.11E+02  0.32E+05  0.18E+03
       Cl  5 5   0.77E+00  0.19E+00  0.18E+01  0.12E+03  0.22E+02
       Cl  6 5   0.80E+00  0.19E+00  0.19E+01  0.12E+03  0.23E+02
       Cl  6 6   0.83E+00  0.20E+00  0.19E+01  0.12E+03  0.23E+02
       H   1 1   0.39E+02  0.19E+00  0.29E+00  0.78E+05  0.13E+02
       H   2 1   0.41E+02  0.21E+00  0.32E+00  0.82E+05  0.14E+02
       H   2 2   0.43E+02  0.22E+00  0.36E+00  0.86E+05  0.15E+02
     ------------------------------------------------------------

     alpha_pv=     34.2494 eV

     Number of occupied bands for each k-point:
     k-point:     1    nbnd_occ=  42
     k-point:     2    nbnd_occ=  42
     k-point:     3    nbnd_occ=  42
     k-point:     4    nbnd_occ=  42
     k-point:     5    nbnd_occ=  42
     k-point:     6    nbnd_occ=  42
     k-point:     7    nbnd_occ=  42
     k-point:     8    nbnd_occ=  42
     k-point:     9    nbnd_occ=  42
     k-point:    10    nbnd_occ=  42
     k-point:    11    nbnd_occ=  42
     k-point:    12    nbnd_occ=  42
     k-point:    13    nbnd_occ=  42
     k-point:    14    nbnd_occ=  42
     k-point:    15    nbnd_occ=  42
     k-point:    16    nbnd_occ=  42


     q-space interpolation up to   110.00 Rydberg

     GIPAW job: efg                                                                             


     ELECTRIC FIELD GRADIENTS TENSORS IN Hartree/bohrradius^2:

     ----- bare term -----
     Cl   1       -0.090197        0.168924       -0.004256
     Cl   1        0.168924        0.018243       -0.001563
     Cl   1       -0.004256       -0.001563        0.071954

     C    2       -0.090814        0.097761       -0.174442
     C    2        0.097761       -0.004586       -0.563250
     C    2       -0.174442       -0.563250        0.095400

     C    3       -0.062983        0.067229        0.178084
     C    3        0.067229       -0.081297        0.131845
     C    3        0.178084        0.131845        0.144280

     H    4       -0.127182       -0.399727        0.018503
     H    4       -0.399727       -0.207813        0.168070
     H    4        0.018503        0.168070        0.334995

     C    5       -0.146489       -0.107124       -0.149027
     C    5       -0.107124       -0.052311       -0.007188
     C    5       -0.149027       -0.007188        0.198800

     H    6        0.440973       -0.121232       -0.018156
     H    6       -0.121232       -0.655712        0.238159
     H    6       -0.018156        0.238159        0.214739

     H    7        0.250321        0.067969        0.372511
     H    7        0.067969        0.097486        0.262244
     H    7        0.372511        0.262244       -0.347807

     C    8       -0.690596       -0.385405       -0.343506
     C    8       -0.385405        0.404254        0.284228
     C    8       -0.343506        0.284228        0.286342

     H    9        0.094803        0.111212       -0.314347
     H    9        0.111212        0.484786       -0.032499
     H    9       -0.314347       -0.032499       -0.579588

     C   10       -0.057293       -0.201074       -0.191674
     C   10       -0.201074       -0.085998        0.595374
     C   10       -0.191674        0.595374        0.143291

     C   11       -0.289697       -0.249814       -0.257852
     C   11       -0.249814       -0.083606        0.400186
     C   11       -0.257852        0.400186        0.373302

     Cl  12       -0.025631        0.066326       -0.034554
     Cl  12        0.066326        0.157085        0.038932
     Cl  12       -0.034554        0.038932       -0.131454

     H   13        0.427224       -0.035030       -0.081878
     H   13       -0.035030       -0.597583       -0.316848
     H   13       -0.081878       -0.316848        0.170359

     C   14       -0.494251        0.310108       -0.430494
     C   14        0.310108        0.147363       -0.349443
     C   14       -0.430494       -0.349443        0.346888

     H   15       -0.320499       -0.503259       -0.065581
     H   15       -0.503259        0.053834        0.135871
     H   15       -0.065581        0.135871        0.266665

     C   16       -0.207725        0.290314       -0.256638
     C   16        0.290314       -0.238451       -0.505869
     C   16       -0.256638       -0.505869        0.446176

     C   17       -0.256973        0.235626       -0.217518
     C   17        0.235626       -0.202177       -0.514353
     C   17       -0.217518       -0.514353        0.459150

     Cl  18       -0.069999        0.006274       -0.075972
     Cl  18        0.006274       -0.055536       -0.065583
     Cl  18       -0.075972       -0.065583        0.125535

     H   19        0.339073       -0.105056        0.234310
     H   19       -0.105056       -0.133126        0.577691
     H   19        0.234310        0.577691       -0.205947

     C   20       -0.137520        0.129066       -0.469415
     C   20        0.129066       -0.148836        0.400975
     C   20       -0.469415        0.400975        0.286356

     H   21       -0.036082        0.109389       -0.343656
     H   21        0.109389        0.085145        0.529626
     H   21       -0.343656        0.529626       -0.049063

     C   22       -0.500986       -0.334624       -0.347304
     C   22       -0.334624        0.073513        0.107833
     C   22       -0.347304        0.107833        0.427473

     C   23        0.002695        0.239743       -0.400352
     C   23        0.239743       -0.156198        0.506794
     C   23       -0.400352        0.506794        0.153503

     Cl  24       -0.244471       -0.230315       -0.099066
     Cl  24       -0.230315       -0.073126       -0.099995
     Cl  24       -0.099066       -0.099995        0.317596

     ----- ionic term -----
     Cl   1        0.176859       -0.184013        0.061436
     Cl   1       -0.184013       -0.008932       -0.031256
     Cl   1        0.061436       -0.031256       -0.167927

     C    2        0.320708       -0.084189        0.252809
     C    2       -0.084189        0.176154        0.269598
     C    2        0.252809        0.269598       -0.496862

     C    3        0.251336       -0.177305        0.129114
     C    3       -0.177305        0.247898        0.318252
     C    3        0.129114        0.318252       -0.499233

     H    4        0.549382        0.515438        0.526478
     H    4        0.515438       -0.188745        0.317099
     H    4        0.526478        0.317099       -0.360637

     C    5        0.450875       -0.104880        0.133518
     C    5       -0.104880        0.076709        0.264684
     C    5        0.133518        0.264684       -0.527584

     H    6       -0.490642        0.050685        0.010330
     H    6        0.050685        0.784555        0.606070
     H    6        0.010330        0.606070       -0.293913

     H    7       -0.482726        0.211116       -0.161506
     H    7        0.211116        0.301784       -0.772359
     H    7       -0.161506       -0.772359        0.180942

     C    8        0.209765        0.295475        0.312261
     C    8        0.295475       -0.083973       -0.300088
     C    8        0.312261       -0.300088       -0.125792

     H    9        0.241425       -0.335230        0.742976
     H    9       -0.335230       -0.388295       -0.377890
     H    9        0.742976       -0.377890        0.146870

     C   10        0.055626        0.293482        0.197717
     C   10        0.293482        0.058311       -0.428786
     C   10        0.197717       -0.428786       -0.113937

     C   11        0.099267        0.271390        0.215976
     C   11        0.271390        0.047046       -0.436101
     C   11        0.215976       -0.436101       -0.146313

     Cl  12        0.126381        0.241450        0.010583
     Cl  12        0.241450        0.029232        0.006416
     Cl  12        0.010583        0.006416       -0.155613

     H   13       -0.526718        0.134870        0.046775
     H   13        0.134870        0.968393        0.438047
     H   13        0.046775        0.438047       -0.441675

     C   14        0.387884       -0.059315        0.161832
     C   14       -0.059315        0.111912        0.259920
     C   14        0.161832        0.259920       -0.499797

     H   15        0.661442        0.589220        0.364339
     H   15        0.589220       -0.189187        0.227368
     H   15        0.364339        0.227368       -0.472256

     C   16        0.238802       -0.123731        0.052381
     C   16       -0.123731        0.250504        0.334222
     C   16        0.052381        0.334222       -0.489305

     C   17        0.324312       -0.093607        0.051483
     C   17       -0.093607        0.177485        0.366204
     C   17        0.051483        0.366204       -0.501797

     Cl  18        0.177183       -0.214104       -0.058635
     Cl  18       -0.214104       -0.040954        0.034232
     Cl  18       -0.058635        0.034232       -0.136229

     H   19       -0.518884        0.015047        0.002815
     H   19        0.015047        0.487832       -0.776128
     H   19        0.002815       -0.776128        0.031052

     C   20        0.266319        0.268446        0.243918
     C   20        0.268446       -0.009400       -0.322172
     C   20        0.243918       -0.322172       -0.256919

     H   21        0.479189       -0.340677        0.716362
     H   21       -0.340677       -0.397529       -0.311696
     H   21        0.716362       -0.311696       -0.081660

     C   22        0.139850        0.278729        0.190288
     C   22        0.278729        0.168861       -0.431652
     C   22        0.190288       -0.431652       -0.308711

     C   23        0.070790        0.234647        0.369675
     C   23        0.234647        0.107356       -0.399276
     C   23        0.369675       -0.399276       -0.178147

     Cl  24        0.121768        0.220258        0.051357
     Cl  24        0.220258        0.026894        0.026430
     Cl  24        0.051357        0.026430       -0.148661

     ----- GIPAW term -----
     Cl   1        0.289321        1.012579        0.010499
     Cl   1        1.012579        1.943821        0.185145
     Cl   1        0.010499        0.185145       -2.233143

     C    2       -0.034344        0.034510       -0.086429
     C    2        0.034510        0.060654       -0.188282
     C    2       -0.086429       -0.188282       -0.026310

     C    3        0.003406       -0.012587        0.023896
     C    3       -0.012587        0.007270        0.025027
     C    3        0.023896        0.025027       -0.010676

     H    4       -0.000000        0.000000        0.000000
     H    4        0.000000        0.000000        0.000000
     H    4        0.000000        0.000000        0.000000

     C    5       -0.027685       -0.015518        0.001938
     C    5       -0.015518       -0.010049       -0.035038
     C    5        0.001938       -0.035038        0.037734

     H    6       -0.000000        0.000000        0.000000
     H    6        0.000000        0.000000        0.000000
     H    6        0.000000        0.000000        0.000000

     H    7       -0.000000        0.000000        0.000000
     H    7        0.000000        0.000000        0.000000
     H    7        0.000000        0.000000        0.000000

     C    8       -0.194854       -0.120253       -0.062921
     C    8       -0.120253        0.242397        0.131912
     C    8       -0.062921        0.131912       -0.047543

     H    9       -0.000000        0.000000        0.000000
     H    9        0.000000        0.000000        0.000000
     H    9        0.000000        0.000000        0.000000

     C   10       -0.118937       -0.051183       -0.061395
     C   10       -0.051183        0.099040        0.231069
     C   10       -0.061395        0.231069        0.019897

     C   11        0.044944        0.151999       -0.028230
     C   11        0.151999        0.026590        0.065924
     C   11       -0.028230        0.065924       -0.071534

     Cl  12        0.725121        2.414522       -0.185011
     Cl  12        2.414522        1.673392        0.418940
     Cl  12       -0.185011        0.418940       -2.398513

     H   13       -0.000000        0.000000        0.000000
     H   13        0.000000        0.000000        0.000000
     H   13        0.000000        0.000000        0.000000

     C   14       -0.070738        0.120223       -0.091633
     C   14        0.120223        0.064304       -0.088123
     C   14       -0.091633       -0.088123        0.006433

     H   15       -0.000000        0.000000        0.000000
     H   15        0.000000        0.000000        0.000000
     H   15        0.000000        0.000000        0.000000

     C   16       -0.060347        0.041612       -0.072257
     C   16        0.041612       -0.031156       -0.091503
     C   16       -0.072257       -0.091503        0.091503

     C   17       -0.041866       -0.104386        0.018813
     C   17       -0.104386       -0.024094       -0.183099
     C   17        0.018813       -0.183099        0.065960

     Cl  18        0.803118       -2.082575       -0.710800
     Cl  18       -2.082575       -0.446183       -0.532463
     Cl  18       -0.710800       -0.532463       -0.356936

     H   19       -0.000000        0.000000        0.000000
     H   19        0.000000        0.000000        0.000000
     H   19        0.000000        0.000000        0.000000

     C   20        0.011198        0.145557       -0.165808
     C   20        0.145557       -0.043230       -0.013308
     C   20       -0.165808       -0.013308        0.032032

     H   21       -0.000000        0.000000        0.000000
     H   21        0.000000        0.000000        0.000000
     H   21        0.000000        0.000000        0.000000

     C   22       -0.106284        0.097495       -0.139647
     C   22        0.097495        0.103042       -0.121413
     C   22       -0.139647       -0.121413        0.003241

     C   23       -0.017428        0.217555       -0.096486
     C   23        0.217555        0.103265       -0.076738
     C   23       -0.096486       -0.076738       -0.085836

     Cl  24       -0.663805        1.348077       -1.221639
     Cl  24        1.348077       -0.739234       -1.487514
     Cl  24       -1.221639       -1.487514        1.403038

     ----- total EFG -----
     Cl   1        0.375983        0.997491        0.067679
     Cl   1        0.997491        1.953133        0.152326
     Cl   1        0.067679        0.152326       -2.329116

     C    2        0.195550        0.048083       -0.008062
     C    2        0.048083        0.232222       -0.481934
     C    2       -0.008062       -0.481934       -0.427772

     C    3        0.191759       -0.122663        0.331093
     C    3       -0.122663        0.173871        0.475124
     C    3        0.331093        0.475124       -0.365629

     H    4        0.422200        0.115711        0.544980
     H    4        0.115711       -0.396558        0.485169
     H    4        0.544980        0.485169       -0.025642

     C    5        0.276701       -0.227522       -0.013572
     C    5       -0.227522        0.014350        0.222458
     C    5       -0.013572        0.222458       -0.291051

     H    6       -0.049669       -0.070547       -0.007826
     H    6       -0.070547        0.128843        0.844229
     H    6       -0.007826        0.844229       -0.079174

     H    7       -0.232405        0.279086        0.211005
     H    7        0.279086        0.399270       -0.510115
     H    7        0.211005       -0.510115       -0.166865

     C    8       -0.675684       -0.210183       -0.094166
     C    8       -0.210183        0.562677        0.116053
     C    8       -0.094166        0.116053        0.113007

     H    9        0.336227       -0.224018        0.428629
     H    9       -0.224018        0.096491       -0.410388
     H    9        0.428629       -0.410388       -0.432718

     C   10       -0.120604        0.041224       -0.055352
     C   10        0.041224        0.071352        0.397657
     C   10       -0.055352        0.397657        0.049251

     C   11       -0.145486        0.173576       -0.070106
     C   11        0.173576       -0.009970        0.030008
     C   11       -0.070106        0.030008        0.155456

     Cl  12        0.825871        2.722298       -0.208982
     Cl  12        2.722298        1.859709        0.464288
     Cl  12       -0.208982        0.464288       -2.685580

     H   13       -0.099494        0.099841       -0.035103
     H   13        0.099841        0.370810        0.121199
     H   13       -0.035103        0.121199       -0.271316

     C   14       -0.177104        0.371016       -0.360295
     C   14        0.371016        0.323579       -0.177646
     C   14       -0.360295       -0.177646       -0.146475

     H   15        0.340943        0.085961        0.298758
     H   15        0.085961       -0.135353        0.363239
     H   15        0.298758        0.363239       -0.205591

     C   16       -0.029271        0.208196       -0.276514
     C   16        0.208196       -0.019103       -0.263150
     C   16       -0.276514       -0.263150        0.048374

     C   17        0.025473        0.037632       -0.147223
     C   17        0.037632       -0.048787       -0.331247
     C   17       -0.147223       -0.331247        0.023314

     Cl  18        0.910303       -2.290404       -0.845406
     Cl  18       -2.290404       -0.542674       -0.563815
     Cl  18       -0.845406       -0.563815       -0.367629

     H   19       -0.179811       -0.090008        0.237125
     H   19       -0.090008        0.354706       -0.198436
     H   19        0.237125       -0.198436       -0.174895

     C   20        0.139998        0.543069       -0.391304
     C   20        0.543069       -0.201466        0.065495
     C   20       -0.391304        0.065495        0.061468

     H   21        0.443107       -0.231288        0.372707
     H   21       -0.231288       -0.312384        0.217930
     H   21        0.372707        0.217930       -0.130723

     C   22       -0.467419        0.041599       -0.296663
     C   22        0.041599        0.345417       -0.445231
     C   22       -0.296663       -0.445231        0.122003

     C   23        0.056057        0.691945       -0.127164
     C   23        0.691945        0.054423        0.030780
     C   23       -0.127164        0.030780       -0.110480

     Cl  24       -0.786508        1.338019       -1.269347
     Cl  24        1.338019       -0.785466       -1.561079
     Cl  24       -1.269347       -1.561079        1.571973

     ----- total EFG (symmetrized) -----
     Cl   1        0.375983        0.997491        0.067679
     Cl   1        0.997491        1.953133        0.152326
     Cl   1        0.067679        0.152326       -2.329116

     C    2        0.195550        0.048083       -0.008062
     C    2        0.048083        0.232222       -0.481934
     C    2       -0.008062       -0.481934       -0.427772

     C    3        0.191759       -0.122663        0.331093
     C    3       -0.122663        0.173871        0.475124
     C    3        0.331093        0.475124       -0.365629

     H    4        0.422200        0.115711        0.544980
     H    4        0.115711       -0.396558        0.485169
     H    4        0.544980        0.485169       -0.025642

     C    5        0.276701       -0.227522       -0.013572
     C    5       -0.227522        0.014350        0.222458
     C    5       -0.013572        0.222458       -0.291051

     H    6       -0.049669       -0.070547       -0.007826
     H    6       -0.070547        0.128843        0.844229
     H    6       -0.007826        0.844229       -0.079174

     H    7       -0.232405        0.279086        0.211005
     H    7        0.279086        0.399270       -0.510115
     H    7        0.211005       -0.510115       -0.166865

     C    8       -0.675684       -0.210183       -0.094166
     C    8       -0.210183        0.562677        0.116053
     C    8       -0.094166        0.116053        0.113007

     H    9        0.336227       -0.224018        0.428629
     H    9       -0.224018        0.096491       -0.410388
     H    9        0.428629       -0.410388       -0.432718

     C   10       -0.120604        0.041224       -0.055352
     C   10        0.041224        0.071352        0.397657
     C   10       -0.055352        0.397657        0.049251

     C   11       -0.145486        0.173576       -0.070106
     C   11        0.173576       -0.009970        0.030008
     C   11       -0.070106        0.030008        0.155456

     Cl  12        0.825871        2.722298       -0.208982
     Cl  12        2.722298        1.859709        0.464288
     Cl  12       -0.208982        0.464288       -2.685580

     H   13       -0.099494        0.099841       -0.035103
     H   13        0.099841        0.370810        0.121199
     H   13       -0.035103        0.121199       -0.271316

     C   14       -0.177104        0.371016       -0.360295
     C   14        0.371016        0.323579       -0.177646
     C   14       -0.360295       -0.177646       -0.146475

     H   15        0.340943        0.085961        0.298758
     H   15        0.085961       -0.135353        0.363239
     H   15        0.298758        0.363239       -0.205591

     C   16       -0.029271        0.208196       -0.276514
     C   16        0.208196       -0.019103       -0.263150
     C   16       -0.276514       -0.263150        0.048374

     C   17        0.025473        0.037632       -0.147223
     C   17        0.037632       -0.048787       -0.331247
     C   17       -0.147223       -0.331247        0.023314

     Cl  18        0.910303       -2.290404       -0.845406
     Cl  18       -2.290404       -0.542674       -0.563815
     Cl  18       -0.845406       -0.563815       -0.367629

     H   19       -0.179811       -0.090008        0.237125
     H   19       -0.090008        0.354706       -0.198436
     H   19        0.237125       -0.198436       -0.174895

     C   20        0.139998        0.543069       -0.391304
     C   20        0.543069       -0.201466        0.065495
     C   20       -0.391304        0.065495        0.061468

     H   21        0.443107       -0.231288        0.372707
     H   21       -0.231288       -0.312384        0.217930
     H   21        0.372707        0.217930       -0.130723

     C   22       -0.467419        0.041599       -0.296663
     C   22        0.041599        0.345417       -0.445231
     C   22       -0.296663       -0.445231        0.122003

     C   23        0.056057        0.691945       -0.127164
     C   23        0.691945        0.054423        0.030780
     C   23       -0.127164        0.030780       -0.110480

     Cl  24       -0.786508        1.338019       -1.269347
     Cl  24        1.338019       -0.785466       -1.561079
     Cl  24       -1.269347       -1.561079        1.571973


     NQR/NMR SPECTROSCOPIC PARAMETERS:
     Cl   1    Vxx=   -0.1070    axis=(  0.900114 -0.435648 -0.002449)
     Cl   1    Vyy=   -2.3349    axis=(  0.013000  0.032477 -0.999388)
     Cl   1    Vzz=    2.4419    axis=(  0.435460  0.899531  0.034897)
     Cl   1  Q=        -8.1650 1e-30 m^2  Cq=       -46.8471 MHz  eta= 0.91238

     C    2    Vxx=    0.1886    axis=(  0.987975 -0.127809  0.087007)
     C    2    Vyy=    0.4935    axis=(  0.153625  0.875014 -0.459075)
     C    2    Vzz=   -0.6821    axis=( -0.017458  0.466921  0.884127)
     C    2  Q=         1.0000 1e-30 m^2  Cq=        -1.6027 MHz  eta= 0.44697

     C    3    Vxx=    0.2968    axis=(  0.879597 -0.463480  0.107217)
     C    3    Vyy=    0.4719    axis=(  0.331245  0.758474  0.561242)
     C    3    Vzz=   -0.7686    axis=( -0.341446 -0.458152  0.820677)
     C    3  Q=         1.0000 1e-30 m^2  Cq=        -1.8060 MHz  eta= 0.22784

     H    4    Vxx=   -0.1204    axis=(  0.624648 -0.605249 -0.493446)
     H    4    Vyy=   -0.7782    axis=(  0.216812  0.741463 -0.635000)
     H    4    Vzz=    0.8987    axis=( -0.750205 -0.289667 -0.594378)
     H    4  Q=         1.0000 1e-30 m^2  Cq=         2.1115 MHz  eta= 0.73198

     C    5    Vxx=   -0.0087    axis=(  0.554788  0.666257  0.498308)
     C    5    Vyy=   -0.4224    axis=( -0.149351 -0.509453  0.847438)
     C    5    Vzz=    0.4311    axis=(  0.818477 -0.544572 -0.183132)
     C    5  Q=         1.0000 1e-30 m^2  Cq=         1.0130 MHz  eta= 0.95952

     H    6    Vxx=   -0.0511    axis=(  0.996664  0.011920  0.080744)
     H    6    Vyy=   -0.8279    axis=(  0.052579  0.662891 -0.746867)
     H    6    Vzz=    0.8791    axis=( -0.062427  0.748621  0.660053)
     H    6  Q=         1.0000 1e-30 m^2  Cq=         2.0655 MHz  eta= 0.88364

     H    7    Vxx=   -0.0221    axis=( -0.800086 -0.167449 -0.576040)
     H    7    Vyy=   -0.6981    axis=(  0.580196 -0.459997 -0.672142)
     H    7    Vzz=    0.7202    axis=( -0.152427 -0.871988  0.465191)
     H    7  Q=         1.0000 1e-30 m^2  Cq=         1.6922 MHz  eta= 0.93869

     C    8    Vxx=    0.0869    axis=( -0.048414 -0.256808  0.965249)
     C    8    Vyy=    0.6302    axis=(  0.171262 -0.954205 -0.245280)
     C    8    Vzz=   -0.7171    axis=(  0.984035  0.153436  0.090178)
     C    8  Q=         1.0000 1e-30 m^2  Cq=        -1.6849 MHz  eta= 0.75776

     H    9    Vxx=   -0.0218    axis=(  0.624935  0.771596 -0.118730)
     H    9    Vyy=   -0.7353    axis=( -0.279595  0.363210  0.888766)
     H    9    Vzz=    0.7571    axis=(  0.728892 -0.522225  0.442717)
     H    9  Q=         1.0000 1e-30 m^2  Cq=         1.7788 MHz  eta= 0.94242

     C   10    Vxx=   -0.1010    axis=(  0.960506  0.204839 -0.188334)
     C   10    Vyy=   -0.3573    axis=( -0.277813  0.667559 -0.690786)
     C   10    Vzz=    0.4583    axis=(  0.015776 -0.715825 -0.698102)
     C   10  Q=         1.0000 1e-30 m^2  Cq=         1.0767 MHz  eta= 0.55938

     C   11    Vxx=    0.1053    axis=(  0.512819  0.829775  0.220204)
     C   11    Vyy=    0.1718    axis=( -0.262819 -0.092443  0.960406)
     C   11    Vzz=   -0.2770    axis=(  0.817278 -0.550389  0.170674)
     C   11  Q=         1.0000 1e-30 m^2  Cq=        -0.6509 MHz  eta= 0.24000

     Cl  12    Vxx=   -1.2805    axis=( -0.741022  0.596954  0.307459)
     Cl  12    Vyy=   -2.8407    axis=(  0.217450 -0.219873  0.950985)
     Cl  12    Vzz=    4.1212    axis=( -0.635296 -0.771558 -0.033123)
     Cl  12  Q=        -8.1650 1e-30 m^2  Cq=       -79.0625 MHz  eta= 0.37860

     H   13    Vxx=   -0.1022    axis=(  0.949292 -0.126646 -0.287759)
     H   13    Vyy=   -0.3075    axis=(  0.258478 -0.206663  0.943652)
     H   13    Vzz=    0.4096    axis=( -0.178979 -0.970181 -0.163449)
     H   13  Q=         1.0000 1e-30 m^2  Cq=         0.9625 MHz  eta= 0.50116

     C   14    Vxx=   -0.1083    axis=( -0.374513  0.609271  0.698948)
     C   14    Vyy=   -0.5533    axis=(  0.775537 -0.207334  0.596284)
     C   14    Vzz=    0.6616    axis=( -0.508214 -0.765377  0.394863)
     C   14  Q=         1.0000 1e-30 m^2  Cq=         1.5545 MHz  eta= 0.67268

     H   15    Vxx=    0.0102    axis=(  0.563404 -0.712192 -0.418759)
     H   15    Vyy=    0.5578    axis=( -0.802694 -0.351863 -0.481533)
     H   15    Vzz=   -0.5681    axis=(  0.195598  0.607433 -0.769913)
     H   15  Q=         1.0000 1e-30 m^2  Cq=        -1.3347 MHz  eta= 0.96400

     C   16    Vxx=   -0.2297    axis=(  0.572967 -0.798274 -0.185654)
     C   16    Vyy=   -0.2740    axis=(  0.612960  0.267011  0.743629)
     C   16    Vzz=    0.5038    axis=(  0.544048  0.539874 -0.642299)
     C   16  Q=         1.0000 1e-30 m^2  Cq=         1.1837 MHz  eta= 0.08794

     C   17    Vxx=   -0.0139    axis=(  0.910166 -0.388307  0.144274)
     C   17    Vyy=   -0.3597    axis=(  0.192276  0.704507  0.683154)
     C   17    Vzz=    0.3736    axis=( -0.366916 -0.594043  0.715881)
     C   17  Q=         1.0000 1e-30 m^2  Cq=         0.8779 MHz  eta= 0.92550

     Cl  18    Vxx=   -0.0036    axis=( -0.132729 -0.389390  0.911459)
     Cl  18    Vyy=   -2.6264    axis=(  0.564219  0.726371  0.392481)
     Cl  18    Vzz=    2.6301    axis=( -0.814886  0.566357  0.123291)
     Cl  18  Q=        -8.1650 1e-30 m^2  Cq=       -50.4566 MHz  eta= 0.99723

     H   19    Vxx=   -0.0417    axis=(  0.691363  0.442821  0.570900)
     H   19    Vyy=   -0.4228    axis=( -0.673423  0.108670  0.731227)
     H   19    Vzz=    0.4644    axis=(  0.261762 -0.890000  0.373336)
     H   19  Q=         1.0000 1e-30 m^2  Cq=         1.0912 MHz  eta= 0.82062

     C   20    Vxx=    0.0361    axis=( -0.146498 -0.559691 -0.815650)
     C   20    Vyy=    0.6772    axis=( -0.775957 -0.446389  0.445676)
     C   20    Vzz=   -0.7133    axis=(  0.613538 -0.698200  0.368901)
     C   20  Q=         1.0000 1e-30 m^2  Cq=        -1.6759 MHz  eta= 0.89870

     H   21    Vxx=   -0.0250    axis=(  0.208482 -0.691919 -0.691219)
     H   21    Vyy=   -0.6159    axis=( -0.366560 -0.710512  0.600672)
     H   21    Vzz=    0.6409    axis=( -0.906735  0.128144 -0.401759)
     H   21  Q=         1.0000 1e-30 m^2  Cq=         1.5059 MHz  eta= 0.92203

     C   22    Vxx=   -0.1185    axis=(  0.453124 -0.638111 -0.622489)
     C   22    Vyy=   -0.6144    axis=(  0.872444  0.174026  0.456679)
     C   22    Vzz=    0.7329    axis=(  0.183083  0.750019 -0.635572)
     C   22  Q=         1.0000 1e-30 m^2  Cq=         1.7219 MHz  eta= 0.67674

     C   23    Vxx=   -0.0931    axis=( -0.085628  0.197911  0.976473)
     C   23    Vyy=   -0.6595    axis=( -0.699195  0.686268 -0.200406)
     C   23    Vzz=    0.7526    axis=( -0.709785 -0.699905  0.079614)
     C   23  Q=         1.0000 1e-30 m^2  Cq=         1.7684 MHz  eta= 0.75263

     Cl  24    Vxx=   -0.9894    axis=(  0.634543  0.479117  0.606467)
     Cl  24    Vyy=   -2.1430    axis=( -0.654421  0.750540  0.091780)
     Cl  24    Vzz=    3.1324    axis=( -0.411204 -0.455123  0.789794)
     Cl  24  Q=        -8.1650 1e-30 m^2  Cq=       -60.0942 MHz  eta= 0.36828

     Initialization:
     gipaw_setup  :      8.99s CPU     10.65s WALL (       1 calls)

     Linear response

     Apply operators

     Induced current

     Other routines
     efg          :      8.98s CPU     14.06s WALL (       1 calls)

     General routines
     calbec       :      3.26s CPU      6.89s WALL (      16 calls)
     fft          :      1.54s CPU      1.93s WALL (      15 calls)
     ffts         :      0.03s CPU      0.05s WALL (       2 calls)
     fftw         :      3.22s CPU      3.70s WALL (     672 calls)
     davcio       :      0.04s CPU      0.35s WALL (      32 calls)

     Parallel routines
     fft_scatter  :      2.02s CPU      2.82s WALL (     689 calls)

     Plugins

     GIPAW        :     60.06s CPU     73.60s WALL (       1 calls)
