
     Program QE v.6.0 (svn rev. 13079) starts on 16Dec2016 at 11:55:18 

     This program is part of the open-source Quantum ESPRESSO suite
     for quantum simulation of materials; please cite
         "P. Giannozzi et al., J. Phys.:Condens. Matter 21 395502 (2009);
          URL http://www.quantum-espresso.org", 
     in publications or presentations arising from this work. More details at
     http://www.quantum-espresso.org/quote

     Parallel version (MPI), running on     8 processors
     R & G space division:  proc/nbgrp/npool/nimage =       8

     ***** This is GIPAW svn revision unknown      *****

     Parallelizing q-star over 1 images

     Reading data from directory:
     /users/majewski/paradichlorobenzene/pbe/9_constraint/scratch/pbe.ecut100.np8.dt60.pcl2phi-129368.save
     Message from routine read_xml_file:
     file /users/majewski/paradichlorobenzene/pbe/9_constraint/scratch/pbe.ecut100.np8.dt60.pcl2phi-129368.save not guaranteed to be safe for post-processing

   Info: using nr1, nr2, nr3 values from input

   Info: using nr1, nr2, nr3 values from input

     IMPORTANT: XC functional enforced from input :
     Exchange-correlation      =  SLA  PW   PBX  PBC ( 1  4  3  4 0 0)
     Any further DFT definition will be discarded
     Please, verify this is what you really want

               file C.pbe-n-kjpaw_psl.1.0.0.UPF: wavefunction(s)  2S 2P renormalized
               file Cl.pbe-n-kjpaw_psl.1.0.0.UPF: wavefunction(s)  3S 3P renormalized
               file H.pbe-kjpaw_psl.1.0.0.UPF: wavefunction(s)  1S renormalized

     Parallelization info
     --------------------
     sticks:   dense  smooth     PW     G-vecs:    dense   smooth      PW
     Min        3057    1223    332               144436    36536    5170
     Max        3059    1225    333               144437    36537    5171
     Sum       24467    9791   2657              1155489   292295   41363


     Subspace diagonalization in iterative solution of the eigenvalue problem:
     a serial algorithm will be used

     GIPAW projectors -----------------------------------------------
     atom=  C    l=0  rc=    1.2000  rs=    0.8000
     atom=  C    l=0  rc=    1.2000  rs=    0.8000
     atom=  C    l=1  rc=    1.4000  rs=    0.9333
     atom=  C    l=1  rc=    1.4000  rs=    0.9333
     projs nearly linearly dependent: l=1  n1,n2= 1, 2  s=  0.99951561

     atom=  Cl   l=0  rc=    1.6000  rs=    1.0667
     atom=  Cl   l=0  rc=    1.6000  rs=    1.0667
     atom=  Cl   l=1  rc=    1.6000  rs=    1.0667
     atom=  Cl   l=1  rc=    1.6000  rs=    1.0667
     atom=  Cl   l=2  rc=    1.6000  rs=    1.0667
     atom=  Cl   l=2  rc=    1.6000  rs=    1.0667
     projs nearly linearly dependent: l=2  n1,n2= 1, 2  s=  0.99993509

     atom=  H    l=0  rc=    1.0000  rs=    0.6667
     atom=  H    l=0  rc=    1.0000  rs=    0.6667
     projs nearly linearly dependent: l=0  n1,n2= 1, 2  s=  0.99968852
     -----------------------------------------------------------------

     GIPAW integrals: -------------------------------------------
     Atom  i/j   nmr_para   nmr_dia   epr_rmc  epr_para   epr_dia
       C   1 1   0.83E+03  0.17E-01  0.93E+01  0.24E+08  0.24E+03
       C   2 1   0.86E+03 -0.61E-01  0.94E+01  0.25E+08  0.25E+03
       C   2 2   0.90E+03 -0.15E+00  0.97E+01  0.26E+08  0.26E+03
       C   3 3   0.33E+01  0.34E+00  0.18E+01  0.55E+03  0.21E+02
       C   4 3   0.35E+01  0.37E+00  0.20E+01  0.59E+03  0.22E+02
       C   4 4   0.38E+01  0.39E+00  0.22E+01  0.63E+03  0.24E+02
       Cl  1 1   0.14E+04 -0.47E+00  0.84E+01  0.32E+09  0.42E+03
       Cl  2 1   0.21E+04 -0.37E+00  0.12E+02  0.49E+09  0.65E+03
       Cl  2 2   0.33E+04 -0.16E+00  0.21E+02  0.76E+09  0.10E+04
       Cl  3 3   0.21E+02  0.79E-01  0.89E+01  0.23E+05  0.13E+03
       Cl  4 3   0.24E+02  0.67E-01  0.99E+01  0.27E+05  0.15E+03
       Cl  4 4   0.28E+02  0.44E-01  0.11E+02  0.32E+05  0.18E+03
       Cl  5 5   0.77E+00  0.19E+00  0.18E+01  0.12E+03  0.22E+02
       Cl  6 5   0.80E+00  0.19E+00  0.19E+01  0.12E+03  0.23E+02
       Cl  6 6   0.83E+00  0.20E+00  0.19E+01  0.12E+03  0.23E+02
       H   1 1   0.39E+02  0.19E+00  0.29E+00  0.78E+05  0.13E+02
       H   2 1   0.41E+02  0.21E+00  0.32E+00  0.82E+05  0.14E+02
       H   2 2   0.43E+02  0.22E+00  0.36E+00  0.86E+05  0.15E+02
     ------------------------------------------------------------

     alpha_pv=     34.1362 eV

     Number of occupied bands for each k-point:
     k-point:     1    nbnd_occ=  42
     k-point:     2    nbnd_occ=  42
     k-point:     3    nbnd_occ=  42
     k-point:     4    nbnd_occ=  42
     k-point:     5    nbnd_occ=  42
     k-point:     6    nbnd_occ=  42
     k-point:     7    nbnd_occ=  42
     k-point:     8    nbnd_occ=  42
     k-point:     9    nbnd_occ=  42
     k-point:    10    nbnd_occ=  42
     k-point:    11    nbnd_occ=  42
     k-point:    12    nbnd_occ=  42
     k-point:    13    nbnd_occ=  42
     k-point:    14    nbnd_occ=  42
     k-point:    15    nbnd_occ=  42
     k-point:    16    nbnd_occ=  42


     q-space interpolation up to   110.00 Rydberg

     GIPAW job: efg                                                                             


     ELECTRIC FIELD GRADIENTS TENSORS IN Hartree/bohrradius^2:

     ----- bare term -----
     Cl   1        0.211494        0.038220        0.049356
     Cl   1        0.038220        0.119307       -0.251553
     Cl   1        0.049356       -0.251553       -0.330802

     C    2       -0.789126        0.330396       -0.260181
     C    2        0.330396        0.264543       -0.066547
     C    2       -0.260181       -0.066547        0.524582

     C    3        0.319955       -0.063995        0.196241
     C    3       -0.063995       -0.322187       -0.238039
     C    3        0.196241       -0.238039        0.002232

     H    4       -0.389771       -0.246651        0.277298
     H    4       -0.246651        0.248565       -0.020109
     H    4        0.277298       -0.020109        0.141205

     C    5       -0.540352        0.297542       -0.329307
     C    5        0.297542        0.152357        0.026747
     C    5       -0.329307        0.026747        0.387995

     H    6        0.112926       -0.401299        0.251158
     H    6       -0.401299       -0.441200       -0.004126
     H    6        0.251158       -0.004126        0.328275

     H    7       -0.019607        0.483371       -0.047687
     H    7        0.483371       -0.374863        0.283925
     H    7       -0.047687        0.283925        0.394470

     C    8       -0.157752       -0.365446       -0.251660
     C    8       -0.365446       -0.137955        0.471145
     C    8       -0.251660        0.471145        0.295707

     H    9       -0.428102        0.239559       -0.488050
     H    9        0.239559        0.297830        0.204777
     H    9       -0.488050        0.204777        0.130273

     C   10       -0.234403       -0.312519       -0.247699
     C   10       -0.312519       -0.213836        0.490654
     C   10       -0.247699        0.490654        0.448239

     C   11       -0.234997        0.031457       -0.360416
     C   11        0.031457       -0.086086        0.541719
     C   11       -0.360416        0.541719        0.321084

     Cl  12        0.026454       -0.239511        0.018367
     Cl  12       -0.239511        0.000915       -0.020213
     Cl  12        0.018367       -0.020213       -0.027369

     H   13        0.282588       -0.407799        0.111715
     H   13       -0.407799       -0.613469        0.090359
     H   13        0.111715        0.090359        0.330880

     C   14       -0.131875        0.186859       -0.193232
     C   14        0.186859       -0.049867       -0.443953
     C   14       -0.193232       -0.443953        0.181743

     H   15       -0.288579       -0.379501        0.183950
     H   15       -0.379501        0.087018        0.152178
     H   15        0.183950        0.152178        0.201561

     C   16       -0.289826        0.213122       -0.015477
     C   16        0.213122       -0.034896       -0.226238
     C   16       -0.015477       -0.226238        0.324722

     C   17       -0.063189       -0.119826       -0.329012
     C   17       -0.119826       -0.001025       -0.673370
     C   17       -0.329012       -0.673370        0.064214

     Cl  18       -0.120509        0.085295        0.065741
     Cl  18        0.085295       -0.076214       -0.050530
     Cl  18        0.065741       -0.050530        0.196723

     H   19        0.539603        0.023367        0.061989
     H   19        0.023367       -0.031128        0.236978
     H   19        0.061989        0.236978       -0.508475

     C   20       -0.550747       -0.327137       -0.203726
     C   20       -0.327137        0.267258        0.310583
     C   20       -0.203726        0.310583        0.283488

     H   21        0.148693        0.038304       -0.361811
     H   21        0.038304        0.284899       -0.242729
     H   21       -0.361811       -0.242729       -0.433592

     C   22        0.230425       -0.103498        0.021428
     C   22       -0.103498       -0.110736        0.135884
     C   22        0.021428        0.135884       -0.119689

     C   23       -0.233919       -0.255508       -0.326189
     C   23       -0.255508        0.007514        0.206713
     C   23       -0.326189        0.206713        0.226406

     Cl  24        0.096258        0.015739       -0.023213
     Cl  24        0.015739       -0.126739       -0.134845
     Cl  24       -0.023213       -0.134845        0.030481

     ----- ionic term -----
     Cl   1        0.139467       -0.196828       -0.041612
     Cl   1       -0.196828        0.006069        0.029191
     Cl   1       -0.041612        0.029191       -0.145536

     C    2        0.395557        0.018964        0.054666
     C    2        0.018964        0.212147        0.298044
     C    2        0.054666        0.298044       -0.607704

     C    3        0.181744       -0.044406        0.029451
     C    3       -0.044406        0.346737        0.329217
     C    3        0.029451        0.329217       -0.528481

     H    4        0.819724        0.506001        0.333206
     H    4        0.506001       -0.272932        0.175314
     H    4        0.333206        0.175314       -0.546792

     C    5        0.366159       -0.025286        0.043152
     C    5       -0.025286        0.156561        0.265223
     C    5        0.043152        0.265223       -0.522720

     H    6       -0.453233        0.318397        0.116431
     H    6        0.318397        0.790553        0.536923
     H    6        0.116431        0.536923       -0.337320

     H    7       -0.469429       -0.282138        0.170067
     H    7       -0.282138        0.552822       -0.688895
     H    7        0.170067       -0.688895       -0.083393

     C    8        0.146944        0.193750        0.327811
     C    8        0.193750        0.114114       -0.249864
     C    8        0.327811       -0.249864       -0.261057

     H    9        0.588518       -0.253841        0.702196
     H    9       -0.253841       -0.437241       -0.225760
     H    9        0.702196       -0.225760       -0.151277

     C   10        0.034659        0.250766        0.240512
     C   10        0.250766        0.253147       -0.362171
     C   10        0.240512       -0.362171       -0.287806

     C   11        0.095511        0.269595        0.367708
     C   11        0.269595        0.136941       -0.335690
     C   11        0.367708       -0.335690       -0.232452

     Cl  12        0.093681        0.208252        0.016252
     Cl  12        0.208252        0.073643        0.006877
     Cl  12        0.016252        0.006877       -0.167324

     H   13       -0.458725        0.297833        0.080448
     H   13        0.297833        0.857602        0.498164
     H   13        0.080448        0.498164       -0.398877

     C   14        0.490292       -0.046096        0.042296
     C   14       -0.046096        0.118836        0.249093
     C   14        0.042296        0.249093       -0.609128

     H   15        0.915357        0.449638        0.148410
     H   15        0.449638       -0.318036        0.089312
     H   15        0.148410        0.089312       -0.597322

     C   16        0.246823       -0.137178       -0.010346
     C   16       -0.137178        0.322250        0.302926
     C   16       -0.010346        0.302926       -0.569074

     C   17        0.245758       -0.030790        0.066783
     C   17       -0.030790        0.310785        0.292835
     C   17        0.066783        0.292835       -0.556543

     Cl  18        0.089323       -0.168807       -0.021358
     Cl  18       -0.168807        0.051636        0.013639
     Cl  18       -0.021358        0.013639       -0.140960

     H   19       -0.522298       -0.049036        0.077654
     H   19       -0.049036        0.522688       -0.754805
     H   19        0.077654       -0.754805       -0.000390

     C   20        0.183206        0.298836        0.397518
     C   20        0.298836        0.042274       -0.225520
     C   20        0.397518       -0.225520       -0.225480

     H   21        0.479830       -0.274620        0.747468
     H   21       -0.274620       -0.419882       -0.266339
     H   21        0.747468       -0.266339       -0.059948

     C   22        0.015979        0.288225        0.253016
     C   22        0.288225        0.208341       -0.379440
     C   22        0.253016       -0.379440       -0.224321

     C   23        0.082761        0.246747        0.271959
     C   23        0.246747        0.113215       -0.398941
     C   23        0.271959       -0.398941       -0.195975

     Cl  24        0.124019        0.203061        0.009856
     Cl  24        0.203061        0.015821       -0.000721
     Cl  24        0.009856       -0.000721       -0.139839

     ----- GIPAW term -----
     Cl   1       -0.236539       -0.887014        0.146845
     Cl   1       -0.887014       -0.485770        0.781989
     Cl   1        0.146845        0.781989        0.722309

     C    2       -0.143831        0.016358        0.023535
     C    2        0.016358        0.031350        0.142227
     C    2        0.023535        0.142227        0.112481

     C    3        0.020269       -0.019301        0.036815
     C    3       -0.019301        0.013849        0.041082
     C    3        0.036815        0.041082       -0.034118

     H    4       -0.000000        0.000000        0.000000
     H    4        0.000000        0.000000        0.000000
     H    4        0.000000        0.000000        0.000000

     C    5       -0.068295       -0.002231       -0.095665
     C    5       -0.002231       -0.021775        0.072735
     C    5       -0.095665        0.072735        0.090070

     H    6       -0.000000        0.000000        0.000000
     H    6        0.000000        0.000000        0.000000
     H    6        0.000000        0.000000        0.000000

     H    7       -0.000000        0.000000        0.000000
     H    7        0.000000        0.000000        0.000000
     H    7        0.000000        0.000000        0.000000

     C    8       -0.012528       -0.189516       -0.093696
     C    8       -0.189516        0.045916        0.192321
     C    8       -0.093696        0.192321       -0.033388

     H    9       -0.000000        0.000000        0.000000
     H    9        0.000000        0.000000        0.000000
     H    9        0.000000        0.000000        0.000000

     C   10       -0.066319       -0.044889       -0.062094
     C   10       -0.044889       -0.016950        0.089532
     C   10       -0.062094        0.089532        0.083269

     C   11        0.016149        0.147620       -0.056588
     C   11        0.147620       -0.021154        0.108808
     C   11       -0.056588        0.108808        0.005005

     Cl  12        1.855950        0.373660        0.183860
     Cl  12        0.373660        0.192217       -0.179423
     Cl  12        0.183860       -0.179423       -2.048168

     H   13       -0.000000        0.000000        0.000000
     H   13        0.000000        0.000000        0.000000
     H   13        0.000000        0.000000        0.000000

     C   14       -0.069203        0.114750       -0.051934
     C   14        0.114750        0.136825       -0.191390
     C   14       -0.051934       -0.191390       -0.067622

     H   15       -0.000000        0.000000        0.000000
     H   15        0.000000        0.000000        0.000000
     H   15        0.000000        0.000000        0.000000

     C   16       -0.100523        0.037718       -0.025371
     C   16        0.037718        0.055232       -0.118495
     C   16       -0.025371       -0.118495        0.045292

     C   17       -0.016284       -0.144290       -0.051890
     C   17       -0.144290        0.178359       -0.127197
     C   17       -0.051890       -0.127197       -0.162074

     Cl  18        0.645805       -1.922353        0.508608
     Cl  18       -1.922353       -0.538123       -0.410450
     Cl  18        0.508608       -0.410450       -0.107683

     H   19       -0.000000        0.000000        0.000000
     H   19        0.000000        0.000000        0.000000
     H   19        0.000000        0.000000        0.000000

     C   20       -0.168552       -0.064802       -0.035214
     C   20       -0.064802        0.136394        0.185551
     C   20       -0.035214        0.185551        0.032159

     H   21       -0.000000        0.000000        0.000000
     H   21        0.000000        0.000000        0.000000
     H   21        0.000000        0.000000        0.000000

     C   22        0.004512       -0.009400        0.000243
     C   22       -0.009400        0.022158        0.016216
     C   22        0.000243        0.016216       -0.026671

     C   23       -0.053307       -0.039657       -0.076043
     C   23       -0.039657        0.057835        0.118877
     C   23       -0.076043        0.118877       -0.004528

     Cl  24       -0.117504        0.310918       -0.781918
     Cl  24        0.310918        1.007407        1.658294
     Cl  24       -0.781918        1.658294       -0.889903

     ----- total EFG -----
     Cl   1        0.114423       -1.045622        0.154589
     Cl   1       -1.045622       -0.360394        0.559626
     Cl   1        0.154589        0.559626        0.245971

     C    2       -0.537400        0.365718       -0.181981
     C    2        0.365718        0.508041        0.373724
     C    2       -0.181981        0.373724        0.029360

     C    3        0.521968       -0.127702        0.262507
     C    3       -0.127702        0.038399        0.132260
     C    3        0.262507        0.132260       -0.560367

     H    4        0.429954        0.259350        0.610505
     H    4        0.259350       -0.024367        0.155205
     H    4        0.610505        0.155205       -0.405587

     C    5       -0.242488        0.270025       -0.381820
     C    5        0.270025        0.287143        0.364705
     C    5       -0.381820        0.364705       -0.044655

     H    6       -0.340307       -0.082902        0.367589
     H    6       -0.082902        0.349353        0.532797
     H    6        0.367589        0.532797       -0.009046

     H    7       -0.489036        0.201233        0.122380
     H    7        0.201233        0.177959       -0.404970
     H    7        0.122380       -0.404970        0.311077

     C    8       -0.023337       -0.361212       -0.017546
     C    8       -0.361212        0.022075        0.413602
     C    8       -0.017546        0.413602        0.001262

     H    9        0.160416       -0.014283        0.214146
     H    9       -0.014283       -0.139411       -0.020984
     H    9        0.214146       -0.020984       -0.021005

     C   10       -0.266063       -0.106642       -0.069281
     C   10       -0.106642        0.022361        0.218015
     C   10       -0.069281        0.218015        0.243702

     C   11       -0.123337        0.448672       -0.049296
     C   11        0.448672        0.029701        0.314838
     C   11       -0.049296        0.314838        0.093637

     Cl  12        1.976084        0.342401        0.218478
     Cl  12        0.342401        0.266776       -0.192759
     Cl  12        0.218478       -0.192759       -2.242860

     H   13       -0.176137       -0.109966        0.192162
     H   13       -0.109966        0.244134        0.588523
     H   13        0.192162        0.588523       -0.067997

     C   14        0.289214        0.255513       -0.202870
     C   14        0.255513        0.205793       -0.386250
     C   14       -0.202870       -0.386250       -0.495007

     H   15        0.626779        0.070137        0.332359
     H   15        0.070137       -0.231018        0.241490
     H   15        0.332359        0.241490       -0.395761

     C   16       -0.143526        0.113662       -0.051195
     C   16        0.113662        0.342586       -0.041806
     C   16       -0.051195       -0.041806       -0.199060

     C   17        0.166285       -0.294906       -0.314119
     C   17       -0.294906        0.488118       -0.507732
     C   17       -0.314119       -0.507732       -0.654403

     Cl  18        0.614619       -2.005866        0.552991
     Cl  18       -2.005866       -0.562700       -0.447340
     Cl  18        0.552991       -0.447340       -0.051919

     H   19        0.017305       -0.025669        0.139643
     H   19       -0.025669        0.491560       -0.517827
     H   19        0.139643       -0.517827       -0.508865

     C   20       -0.536093       -0.093103        0.158579
     C   20       -0.093103        0.445927        0.270614
     C   20        0.158579        0.270614        0.090166

     H   21        0.628523       -0.236316        0.385657
     H   21       -0.236316       -0.134983       -0.509068
     H   21        0.385657       -0.509068       -0.493541

     C   22        0.250917        0.175327        0.274687
     C   22        0.175327        0.119763       -0.227340
     C   22        0.274687       -0.227340       -0.370680

     C   23       -0.204465       -0.048418       -0.130274
     C   23       -0.048418        0.178563       -0.073351
     C   23       -0.130274       -0.073351        0.025902

     Cl  24        0.102773        0.529718       -0.795275
     Cl  24        0.529718        0.896489        1.522728
     Cl  24       -0.795275        1.522728       -0.999262

     ----- total EFG (symmetrized) -----
     Cl   1        0.114423       -1.045622        0.154589
     Cl   1       -1.045622       -0.360394        0.559626
     Cl   1        0.154589        0.559626        0.245971

     C    2       -0.537400        0.365718       -0.181981
     C    2        0.365718        0.508041        0.373724
     C    2       -0.181981        0.373724        0.029360

     C    3        0.521968       -0.127702        0.262507
     C    3       -0.127702        0.038399        0.132260
     C    3        0.262507        0.132260       -0.560367

     H    4        0.429954        0.259350        0.610505
     H    4        0.259350       -0.024367        0.155205
     H    4        0.610505        0.155205       -0.405587

     C    5       -0.242488        0.270025       -0.381820
     C    5        0.270025        0.287143        0.364705
     C    5       -0.381820        0.364705       -0.044655

     H    6       -0.340307       -0.082902        0.367589
     H    6       -0.082902        0.349353        0.532797
     H    6        0.367589        0.532797       -0.009046

     H    7       -0.489036        0.201233        0.122380
     H    7        0.201233        0.177959       -0.404970
     H    7        0.122380       -0.404970        0.311077

     C    8       -0.023337       -0.361212       -0.017546
     C    8       -0.361212        0.022075        0.413602
     C    8       -0.017546        0.413602        0.001262

     H    9        0.160416       -0.014283        0.214146
     H    9       -0.014283       -0.139411       -0.020984
     H    9        0.214146       -0.020984       -0.021005

     C   10       -0.266063       -0.106642       -0.069281
     C   10       -0.106642        0.022361        0.218015
     C   10       -0.069281        0.218015        0.243702

     C   11       -0.123337        0.448672       -0.049296
     C   11        0.448672        0.029701        0.314838
     C   11       -0.049296        0.314838        0.093637

     Cl  12        1.976084        0.342401        0.218478
     Cl  12        0.342401        0.266776       -0.192759
     Cl  12        0.218478       -0.192759       -2.242860

     H   13       -0.176137       -0.109966        0.192162
     H   13       -0.109966        0.244134        0.588523
     H   13        0.192162        0.588523       -0.067997

     C   14        0.289214        0.255513       -0.202870
     C   14        0.255513        0.205793       -0.386250
     C   14       -0.202870       -0.386250       -0.495007

     H   15        0.626779        0.070137        0.332359
     H   15        0.070137       -0.231018        0.241490
     H   15        0.332359        0.241490       -0.395761

     C   16       -0.143526        0.113662       -0.051195
     C   16        0.113662        0.342586       -0.041806
     C   16       -0.051195       -0.041806       -0.199060

     C   17        0.166285       -0.294906       -0.314119
     C   17       -0.294906        0.488118       -0.507732
     C   17       -0.314119       -0.507732       -0.654403

     Cl  18        0.614619       -2.005866        0.552991
     Cl  18       -2.005866       -0.562700       -0.447340
     Cl  18        0.552991       -0.447340       -0.051919

     H   19        0.017305       -0.025669        0.139643
     H   19       -0.025669        0.491560       -0.517827
     H   19        0.139643       -0.517827       -0.508865

     C   20       -0.536093       -0.093103        0.158579
     C   20       -0.093103        0.445927        0.270614
     C   20        0.158579        0.270614        0.090166

     H   21        0.628523       -0.236316        0.385657
     H   21       -0.236316       -0.134983       -0.509068
     H   21        0.385657       -0.509068       -0.493541

     C   22        0.250917        0.175327        0.274687
     C   22        0.175327        0.119763       -0.227340
     C   22        0.274687       -0.227340       -0.370680

     C   23       -0.204465       -0.048418       -0.130274
     C   23       -0.048418        0.178563       -0.073351
     C   23       -0.130274       -0.073351        0.025902

     Cl  24        0.102773        0.529718       -0.795275
     Cl  24        0.529718        0.896489        1.522728
     Cl  24       -0.795275        1.522728       -0.999262


     NQR/NMR SPECTROSCOPIC PARAMETERS:
     Cl   1    Vxx=    0.3447    axis=(  0.455149  0.031310  0.889865)
     Cl   1    Vyy=    1.0289    axis=( -0.686442  0.648873  0.328271)
     Cl   1    Vzz=   -1.3736    axis=( -0.567131 -0.760253  0.316826)
     Cl   1  Q=        -8.1650 1e-30 m^2  Cq=        26.3522 MHz  eta= 0.49807

     C    2    Vxx=    0.0060    axis=( -0.469497 -0.281042  0.837012)
     C    2    Vyy=    0.7589    axis=( -0.194285 -0.891869 -0.408440)
     C    2    Vzz=   -0.7648    axis=(  0.861293 -0.354380  0.364127)
     C    2  Q=         1.0000 1e-30 m^2  Cq=        -1.7970 MHz  eta= 0.98444

     C    3    Vxx=    0.0578    axis=( -0.119222 -0.959329 -0.255879)
     C    3    Vyy=    0.5989    axis=(  0.964687 -0.172890  0.198716)
     C    3    Vzz=   -0.6567    axis=( -0.234873 -0.223152  0.946064)
     C    3  Q=         1.0000 1e-30 m^2  Cq=        -1.5431 MHz  eta= 0.82396

     H    4    Vxx=   -0.1275    axis=(  0.298990 -0.945542  0.128671)
     H    4    Vyy=   -0.7280    axis=(  0.461779  0.025364 -0.886632)
     H    4    Vzz=    0.8555    axis=(  0.835084  0.324512  0.444215)
     H    4  Q=         1.0000 1e-30 m^2  Cq=         2.0101 MHz  eta= 0.70193

     C    5    Vxx=    0.2059    axis=(  0.719671  0.335931 -0.607638)
     C    5    Vyy=    0.5228    axis=( -0.041289 -0.852907 -0.520428)
     C    5    Vzz=   -0.7287    axis=(  0.693087 -0.399626  0.599942)
     C    5  Q=         1.0000 1e-30 m^2  Cq=        -1.7121 MHz  eta= 0.43477

     H    6    Vxx=   -0.0332    axis=(  0.712131 -0.513060  0.479207)
     H    6    Vyy=   -0.7210    axis=( -0.686483 -0.365959  0.628343)
     H    6    Vzz=    0.7542    axis=(  0.147007  0.776430  0.612817)
     H    6  Q=         1.0000 1e-30 m^2  Cq=         1.7720 MHz  eta= 0.91190

     H    7    Vxx=   -0.0447    axis=(  0.462023  0.660000  0.592397)
     H    7    Vyy=   -0.6115    axis=( -0.886208  0.369348  0.279675)
     H    7    Vzz=    0.6562    axis=( -0.034215 -0.654203  0.755545)
     H    7  Q=         1.0000 1e-30 m^2  Cq=         1.5418 MHz  eta= 0.86388

     C    8    Vxx=   -0.0301    axis=(  0.751951 -0.018008  0.658973)
     C    8    Vyy=   -0.5342    axis=( -0.478541 -0.702433  0.526865)
     C    8    Vzz=    0.5643    axis=( -0.453397  0.711522  0.536813)
     C    8  Q=         1.0000 1e-30 m^2  Cq=         1.3259 MHz  eta= 0.89345

     H    9    Vxx=   -0.1371    axis=(  0.234350  0.935858 -0.263154)
     H    9    Vyy=   -0.1664    axis=( -0.503007  0.348370  0.790963)
     H    9    Vzz=    0.3035    axis=( -0.831904  0.052994 -0.552383)
     H    9  Q=         1.0000 1e-30 m^2  Cq=         0.7131 MHz  eta= 0.09668

     C   10    Vxx=   -0.0964    axis=( -0.266044  0.785965 -0.558103)
     C   10    Vyy=   -0.3012    axis=( -0.948501 -0.316715  0.006121)
     C   10    Vzz=    0.3976    axis=( -0.171948  0.530990  0.829749)
     C   10  Q=         1.0000 1e-30 m^2  Cq=         0.9341 MHz  eta= 0.51531

     C   11    Vxx=    0.0675    axis=( -0.576106 -0.156868  0.802181)
     C   11    Vyy=    0.5247    axis=( -0.473027 -0.736385 -0.483718)
     C   11    Vzz=   -0.5922    axis=( -0.666594  0.658126 -0.350033)
     C   11  Q=         1.0000 1e-30 m^2  Cq=        -1.3914 MHz  eta= 0.77213

     Cl  12    Vxx=    0.2222    axis=( -0.179670  0.979368 -0.092508)
     Cl  12    Vyy=    2.0496    axis=(  0.982022  0.184097  0.041716)
     Cl  12    Vzz=   -2.2717    axis=( -0.057886  0.083350  0.994838)
     Cl  12  Q=        -8.1650 1e-30 m^2  Cq=        43.5819 MHz  eta= 0.80441

     H   13    Vxx=   -0.0705    axis=(  0.898462 -0.294726  0.325425)
     H   13    Vyy=   -0.6275    axis=( -0.437577 -0.540414  0.718665)
     H   13    Vzz=    0.6980    axis=(  0.035945  0.788092  0.614507)
     H   13  Q=         1.0000 1e-30 m^2  Cq=         1.6401 MHz  eta= 0.79811

     C   14    Vxx=    0.0198    axis=(  0.746144 -0.639369  0.185680)
     C   14    Vyy=    0.6541    axis=(  0.659117  0.669993 -0.341576)
     C   14    Vzz=   -0.6739    axis=(  0.093989  0.377250  0.921330)
     C   14  Q=         1.0000 1e-30 m^2  Cq=        -1.5833 MHz  eta= 0.94129

     H   15    Vxx=   -0.1298    axis=(  0.271907 -0.856794 -0.438144)
     H   15    Vyy=   -0.6152    axis=(  0.198342  0.495419 -0.845707)
     H   15    Vzz=    0.7450    axis=(  0.941662  0.143051  0.304646)
     H   15  Q=         1.0000 1e-30 m^2  Cq=         1.7504 MHz  eta= 0.65157

     C   16    Vxx=   -0.1420    axis=( -0.802959  0.235588  0.547499)
     C   16    Vyy=   -0.2306    axis=( -0.552836  0.048953 -0.831851)
     C   16    Vzz=    0.3726    axis=( -0.222776 -0.970619  0.090934)
     C   16  Q=         1.0000 1e-30 m^2  Cq=         0.8754 MHz  eta= 0.23795

     C   17    Vxx=    0.2488    axis=(  0.885249  0.199649 -0.420089)
     C   17    Vyy=    0.7382    axis=(  0.327294 -0.909121  0.257638)
     C   17    Vzz=   -0.9870    axis=(  0.330475  0.365566  0.870142)
     C   17  Q=         1.0000 1e-30 m^2  Cq=        -2.3191 MHz  eta= 0.49578

     Cl  18    Vxx=   -0.2638    axis=( -0.237531  0.160116  0.958093)
     Cl  18    Vyy=   -2.0649    axis=( -0.597357 -0.801852 -0.014093)
     Cl  18    Vzz=    2.3287    axis=(  0.765992 -0.575671  0.286111)
     Cl  18  Q=        -8.1650 1e-30 m^2  Cq=       -44.6740 MHz  eta= 0.77345

     H   19    Vxx=    0.0270    axis=(  0.981688  0.163393  0.097935)
     H   19    Vyy=    0.7201    axis=(  0.112079 -0.911114  0.396623)
     H   19    Vzz=   -0.7471    axis=(  0.154035 -0.378384 -0.912742)
     H   19  Q=         1.0000 1e-30 m^2  Cq=        -1.7554 MHz  eta= 0.92782

     C   20    Vxx=    0.0064    axis=(  0.320775 -0.446417  0.835353)
     C   20    Vyy=    0.5919    axis=(  0.006193 -0.880953 -0.473164)
     C   20    Vzz=   -0.5984    axis=(  0.947135  0.156952 -0.279823)
     C   20  Q=         1.0000 1e-30 m^2  Cq=        -1.4059 MHz  eta= 0.97846

     H   21    Vxx=   -0.0245    axis=(  0.512202  0.758765 -0.402399)
     H   21    Vyy=   -0.8775    axis=(  0.130765 -0.531957 -0.836614)
     H   21    Vzz=    0.9020    axis=( -0.848852  0.375896 -0.371689)
     H   21  Q=         1.0000 1e-30 m^2  Cq=         2.1194 MHz  eta= 0.94561

     C   22    Vxx=    0.1907    axis=( -0.275514  0.836553 -0.473572)
     C   22    Vyy=    0.3924    axis=(  0.891472  0.406672  0.199737)
     C   22    Vzz=   -0.5832    axis=( -0.359679  0.367146  0.857808)
     C   22  Q=         1.0000 1e-30 m^2  Cq=        -1.3702 MHz  eta= 0.34592

     C   23    Vxx=    0.0674    axis=( -0.454947  0.343759  0.821494)
     C   23    Vyy=    0.2081    axis=(  0.011628  0.924704 -0.380509)
     C   23    Vzz=   -0.2755    axis=( -0.890443 -0.163559 -0.424688)
     C   23  Q=         1.0000 1e-30 m^2  Cq=        -0.6473 MHz  eta= 0.51103

     Cl  24    Vxx=    0.4870    axis=(  0.924281  0.133772 -0.357504)
     Cl  24    Vyy=    1.7465    axis=(  0.055207  0.879885  0.471969)
     Cl  24    Vzz=   -2.2336    axis=(  0.377698 -0.455969  0.805876)
     Cl  24  Q=        -8.1650 1e-30 m^2  Cq=        42.8497 MHz  eta= 0.56388

     Initialization:
     gipaw_setup  :      9.48s CPU     12.10s WALL (       1 calls)

     Linear response

     Apply operators

     Induced current

     Other routines
     efg          :     11.06s CPU     25.59s WALL (       1 calls)

     General routines
     calbec       :      3.32s CPU      4.43s WALL (      16 calls)
     fft          :      1.73s CPU      2.79s WALL (      15 calls)
     ffts         :      0.04s CPU      0.05s WALL (       2 calls)
     fftw         :      4.72s CPU      8.65s WALL (     672 calls)
     davcio       :      0.14s CPU      9.13s WALL (      32 calls)

     Parallel routines
     fft_scatter  :      3.80s CPU      8.61s WALL (     689 calls)

     Plugins

     GIPAW        :     62.73s CPU     89.16s WALL (       1 calls)
