
     Program QE v.6.0 (svn rev. 13079) starts on 29Dec2016 at  9:34:18 

     This program is part of the open-source Quantum ESPRESSO suite
     for quantum simulation of materials; please cite
         "P. Giannozzi et al., J. Phys.:Condens. Matter 21 395502 (2009);
          URL http://www.quantum-espresso.org", 
     in publications or presentations arising from this work. More details at
     http://www.quantum-espresso.org/quote

     Parallel version (MPI), running on     8 processors
     R & G space division:  proc/nbgrp/npool/nimage =       8

     ***** This is GIPAW svn revision unknown      *****

     Parallelizing q-star over 1 images

     Reading data from directory:
     /users/majewski/paradichlorobenzene/pbe/9_constraint/scratch/pbe.ecut100.np8.dt60.pcl2phi-129368.save
     Message from routine read_xml_file:
     file /users/majewski/paradichlorobenzene/pbe/9_constraint/scratch/pbe.ecut100.np8.dt60.pcl2phi-129368.save not guaranteed to be safe for post-processing

   Info: using nr1, nr2, nr3 values from input

   Info: using nr1, nr2, nr3 values from input

     IMPORTANT: XC functional enforced from input :
     Exchange-correlation      =  SLA  PW   PBX  PBC ( 1  4  3  4 0 0)
     Any further DFT definition will be discarded
     Please, verify this is what you really want

               file C.pbe-n-kjpaw_psl.1.0.0.UPF: wavefunction(s)  2S 2P renormalized
               file Cl.pbe-n-kjpaw_psl.1.0.0.UPF: wavefunction(s)  3S 3P renormalized
               file H.pbe-kjpaw_psl.1.0.0.UPF: wavefunction(s)  1S renormalized

     Parallelization info
     --------------------
     sticks:   dense  smooth     PW     G-vecs:    dense   smooth      PW
     Min        3057    1223    332               144436    36536    5170
     Max        3059    1225    333               144437    36537    5171
     Sum       24467    9791   2657              1155489   292295   41363


     Subspace diagonalization in iterative solution of the eigenvalue problem:
     a serial algorithm will be used

     GIPAW projectors -----------------------------------------------
     atom=  C    l=0  rc=    1.2000  rs=    0.8000
     atom=  C    l=0  rc=    1.2000  rs=    0.8000
     atom=  C    l=1  rc=    1.4000  rs=    0.9333
     atom=  C    l=1  rc=    1.4000  rs=    0.9333
     projs nearly linearly dependent: l=1  n1,n2= 1, 2  s=  0.99951561

     atom=  Cl   l=0  rc=    1.6000  rs=    1.0667
     atom=  Cl   l=0  rc=    1.6000  rs=    1.0667
     atom=  Cl   l=1  rc=    1.6000  rs=    1.0667
     atom=  Cl   l=1  rc=    1.6000  rs=    1.0667
     atom=  Cl   l=2  rc=    1.6000  rs=    1.0667
     atom=  Cl   l=2  rc=    1.6000  rs=    1.0667
     projs nearly linearly dependent: l=2  n1,n2= 1, 2  s=  0.99993509

     atom=  H    l=0  rc=    1.0000  rs=    0.6667
     atom=  H    l=0  rc=    1.0000  rs=    0.6667
     projs nearly linearly dependent: l=0  n1,n2= 1, 2  s=  0.99968852
     -----------------------------------------------------------------

     GIPAW integrals: -------------------------------------------
     Atom  i/j   nmr_para   nmr_dia   epr_rmc  epr_para   epr_dia
       C   1 1   0.83E+03  0.17E-01  0.93E+01  0.24E+08  0.24E+03
       C   2 1   0.86E+03 -0.61E-01  0.94E+01  0.25E+08  0.25E+03
       C   2 2   0.90E+03 -0.15E+00  0.97E+01  0.26E+08  0.26E+03
       C   3 3   0.33E+01  0.34E+00  0.18E+01  0.55E+03  0.21E+02
       C   4 3   0.35E+01  0.37E+00  0.20E+01  0.59E+03  0.22E+02
       C   4 4   0.38E+01  0.39E+00  0.22E+01  0.63E+03  0.24E+02
       Cl  1 1   0.14E+04 -0.47E+00  0.84E+01  0.32E+09  0.42E+03
       Cl  2 1   0.21E+04 -0.37E+00  0.12E+02  0.49E+09  0.65E+03
       Cl  2 2   0.33E+04 -0.16E+00  0.21E+02  0.76E+09  0.10E+04
       Cl  3 3   0.21E+02  0.79E-01  0.89E+01  0.23E+05  0.13E+03
       Cl  4 3   0.24E+02  0.67E-01  0.99E+01  0.27E+05  0.15E+03
       Cl  4 4   0.28E+02  0.44E-01  0.11E+02  0.32E+05  0.18E+03
       Cl  5 5   0.77E+00  0.19E+00  0.18E+01  0.12E+03  0.22E+02
       Cl  6 5   0.80E+00  0.19E+00  0.19E+01  0.12E+03  0.23E+02
       Cl  6 6   0.83E+00  0.20E+00  0.19E+01  0.12E+03  0.23E+02
       H   1 1   0.39E+02  0.19E+00  0.29E+00  0.78E+05  0.13E+02
       H   2 1   0.41E+02  0.21E+00  0.32E+00  0.82E+05  0.14E+02
       H   2 2   0.43E+02  0.22E+00  0.36E+00  0.86E+05  0.15E+02
     ------------------------------------------------------------

     alpha_pv=     34.0849 eV

     Number of occupied bands for each k-point:
     k-point:     1    nbnd_occ=  42
     k-point:     2    nbnd_occ=  42
     k-point:     3    nbnd_occ=  42
     k-point:     4    nbnd_occ=  42
     k-point:     5    nbnd_occ=  42
     k-point:     6    nbnd_occ=  42
     k-point:     7    nbnd_occ=  42
     k-point:     8    nbnd_occ=  42
     k-point:     9    nbnd_occ=  42
     k-point:    10    nbnd_occ=  42
     k-point:    11    nbnd_occ=  42
     k-point:    12    nbnd_occ=  42
     k-point:    13    nbnd_occ=  42
     k-point:    14    nbnd_occ=  42
     k-point:    15    nbnd_occ=  42
     k-point:    16    nbnd_occ=  42


     q-space interpolation up to   110.00 Rydberg

     GIPAW job: efg                                                                             


     ELECTRIC FIELD GRADIENTS TENSORS IN Hartree/bohrradius^2:

     ----- bare term -----
     Cl   1        0.032974        0.072968       -0.055192
     Cl   1        0.072968        0.037823       -0.039066
     Cl   1       -0.055192       -0.039066       -0.070797

     C    2       -0.021425        0.379307       -0.128037
     C    2        0.379307       -0.100162       -0.570122
     C    2       -0.128037       -0.570122        0.121587

     C    3       -0.189271        0.040278       -0.096424
     C    3        0.040278        0.003070       -0.074744
     C    3       -0.096424       -0.074744        0.186201

     H    4       -0.406312       -0.473160        0.092561
     H    4       -0.473160        0.105998        0.093284
     H    4        0.092561        0.093284        0.300314

     C    5        0.077531       -0.066663        0.096397
     C    5       -0.066663       -0.254631        0.033428
     C    5        0.096397        0.033428        0.177100

     H    6        0.329629       -0.301035        0.073923
     H    6       -0.301035       -0.626225        0.144081
     H    6        0.073923        0.144081        0.296596

     H    7        0.336565       -0.054575       -0.199267
     H    7       -0.054575       -0.449108        0.546863
     H    7       -0.199267        0.546863        0.112542

     C    8       -0.643152       -0.354187       -0.186490
     C    8       -0.354187        0.236682        0.147283
     C    8       -0.186490        0.147283        0.406470

     H    9       -0.384167       -0.282975       -0.380321
     H    9       -0.282975        0.034167        0.121451
     H    9       -0.380321        0.121451        0.350000

     C   10        0.068115        0.178638       -0.328381
     C   10        0.178638       -0.147045        0.600802
     C   10       -0.328381        0.600802        0.078930

     C   11       -0.628746       -0.419116       -0.345516
     C   11       -0.419116        0.119288        0.058135
     C   11       -0.345516        0.058135        0.509459

     Cl  12       -0.003720        0.121662       -0.039316
     Cl  12        0.121662        0.070465       -0.075363
     Cl  12       -0.039316       -0.075363       -0.066745

     H   13        0.403556       -0.043361       -0.087723
     H   13       -0.043361       -0.566651       -0.596941
     H   13       -0.087723       -0.596941        0.163095

     C   14       -0.719087        0.413123       -0.440366
     C   14        0.413123        0.404657       -0.105770
     C   14       -0.440366       -0.105770        0.314429

     H   15       -0.490991       -0.090701       -0.405154
     H   15       -0.090701        0.269082       -0.317908
     H   15       -0.405154       -0.317908        0.221908

     C   16        0.067806        0.500765       -0.034300
     C   16        0.500765       -0.265186       -0.553720
     C   16       -0.034300       -0.553720        0.197381

     C   17       -0.247739        0.242337       -0.431332
     C   17        0.242337        0.118249       -0.163945
     C   17       -0.431332       -0.163945        0.129490

     Cl  18       -0.010885        0.128615       -0.027514
     Cl  18        0.128615        0.051407       -0.006870
     Cl  18       -0.027514       -0.006870       -0.040522

     H   19        0.054678       -0.293644        0.227346
     H   19       -0.293644       -0.177832        0.456947
     H   19        0.227346        0.456947        0.123154

     C   20       -0.065869        0.262141       -0.418728
     C   20        0.262141       -0.155205        0.367944
     C   20       -0.418728        0.367944        0.221074

     H   21       -0.009221        0.085555       -0.314357
     H   21        0.085555        0.146971        0.539507
     H   21       -0.314357        0.539507       -0.137750

     C   22       -0.584532       -0.338334       -0.332226
     C   22       -0.338334        0.182497        0.056792
     C   22       -0.332226        0.056792        0.402035

     C   23        0.026181        0.333892       -0.466279
     C   23        0.333892       -0.124122        0.631579
     C   23       -0.466279        0.631579        0.097941

     Cl  24       -0.230912       -0.232234       -0.008423
     Cl  24       -0.232234        0.060041        0.013984
     Cl  24       -0.008423        0.013984        0.170870

     ----- ionic term -----
     Cl   1        0.104690       -0.195929        0.014527
     Cl   1       -0.195929        0.069116       -0.012225
     Cl   1        0.014527       -0.012225       -0.173805

     C    2        0.259024       -0.114766        0.247742
     C    2       -0.114766        0.221276        0.301570
     C    2        0.247742        0.301570       -0.480300

     C    3        0.149588       -0.141751        0.178413
     C    3       -0.141751        0.277888        0.314777
     C    3        0.178413        0.314777       -0.427476

     H    4        0.750473        0.359416        0.524060
     H    4        0.359416       -0.388480        0.218480
     H    4        0.524060        0.218480       -0.361993

     C    5        0.259217       -0.105520        0.212208
     C    5       -0.105520        0.165692        0.257420
     C    5        0.212208        0.257420       -0.424910

     H    6       -0.501156        0.060252        0.015472
     H    6        0.060252        0.765326        0.593513
     H    6        0.015472        0.593513       -0.264170

     H    7       -0.522876       -0.004980        0.018235
     H    7       -0.004980        0.687932       -0.705675
     H    7        0.018235       -0.705675       -0.165056

     C    8        0.255980        0.269754        0.219951
     C    8        0.269754        0.059824       -0.323251
     C    8        0.219951       -0.323251       -0.315804

     H    9        0.597434       -0.250609        0.668534
     H    9       -0.250609       -0.454044       -0.229225
     H    9        0.668534       -0.229225       -0.143389

     C   10        0.152295        0.322080        0.145041
     C   10        0.322080        0.120858       -0.441850
     C   10        0.145041       -0.441850       -0.273152

     C   11        0.179698        0.226546        0.278812
     C   11        0.226546        0.051895       -0.428511
     C   11        0.278812       -0.428511       -0.231593

     Cl  12        0.151525        0.239316        0.010498
     Cl  12        0.239316        0.014142        0.006006
     Cl  12        0.010498        0.006006       -0.165668

     H   13       -0.487345        0.187815        0.094633
     H   13        0.187815        0.790193        0.578965
     H   13        0.094633        0.578965       -0.302848

     C   14        0.378068       -0.128586        0.240834
     C   14       -0.128586        0.109831        0.240711
     C   14        0.240834        0.240711       -0.487898

     H   15        0.740159        0.392469        0.531789
     H   15        0.392469       -0.336980        0.209445
     H   15        0.531789        0.209445       -0.403179

     C   16        0.191749       -0.169674        0.164710
     C   16       -0.169674        0.296628        0.300164
     C   16        0.164710        0.300164       -0.488377

     C   17        0.216389       -0.090082        0.194055
     C   17       -0.090082        0.251178        0.348963
     C   17        0.194055        0.348963       -0.467568

     Cl  18        0.154464       -0.204937       -0.005621
     Cl  18       -0.204937       -0.006406        0.018034
     Cl  18       -0.005621        0.018034       -0.148058

     H   19       -0.483979        0.153399       -0.057634
     H   19        0.153399        0.652137       -0.700390
     H   19       -0.057634       -0.700390       -0.168159

     C   20        0.321071        0.257546        0.211385
     C   20        0.257546       -0.017792       -0.320942
     C   20        0.211385       -0.320942       -0.303279

     H   21        0.512542       -0.242719        0.766925
     H   21       -0.242719       -0.482602       -0.239201
     H   21        0.766925       -0.239201       -0.029940

     C   22        0.170641        0.224917        0.183067
     C   22        0.224917        0.088335       -0.425103
     C   22        0.183067       -0.425103       -0.258976

     C   23        0.140603        0.165690        0.265782
     C   23        0.165690        0.092386       -0.432388
     C   23        0.265782       -0.432388       -0.232988

     Cl  24        0.120115        0.185030        0.004615
     Cl  24        0.185030        0.015011       -0.011566
     Cl  24        0.004615       -0.011566       -0.135126

     ----- GIPAW term -----
     Cl   1        1.684304       -1.519490       -0.474449
     Cl   1       -1.519490        0.313621       -0.316880
     Cl   1       -0.474449       -0.316880       -1.997926

     C    2        0.071720        0.140789       -0.096517
     C    2        0.140789        0.038872       -0.151407
     C    2       -0.096517       -0.151407       -0.110591

     C    3       -0.010469        0.045770       -0.051955
     C    3        0.045770        0.027843       -0.030902
     C    3       -0.051955       -0.030902       -0.017374

     H    4       -0.000000        0.000000        0.000000
     H    4        0.000000        0.000000        0.000000
     H    4        0.000000        0.000000        0.000000

     C    5        0.015440       -0.002009        0.020297
     C    5       -0.002009        0.001380        0.004250
     C    5        0.020297        0.004250       -0.016820

     H    6       -0.000000        0.000000        0.000000
     H    6        0.000000        0.000000        0.000000
     H    6        0.000000        0.000000        0.000000

     H    7       -0.000000        0.000000        0.000000
     H    7        0.000000        0.000000        0.000000
     H    7        0.000000        0.000000        0.000000

     C    8       -0.071227        0.158193        0.003952
     C    8        0.158193        0.175359       -0.011964
     C    8        0.003952       -0.011964       -0.104133

     H    9       -0.000000        0.000000        0.000000
     H    9        0.000000        0.000000        0.000000
     H    9        0.000000        0.000000        0.000000

     C   10       -0.068366        0.178669       -0.076802
     C   10        0.178669        0.191590       -0.021402
     C   10       -0.076802       -0.021402       -0.123224

     C   11       -0.049379        0.136636       -0.137835
     C   11        0.136636        0.057525       -0.133797
     C   11       -0.137835       -0.133797       -0.008146

     Cl  12        0.918128        3.257425       -0.607019
     Cl  12        3.257425        1.093252       -0.938225
     Cl  12       -0.607019       -0.938225       -2.011380

     H   13       -0.000000        0.000000        0.000000
     H   13        0.000000        0.000000        0.000000
     H   13        0.000000        0.000000        0.000000

     C   14       -0.118468        0.208696       -0.005647
     C   14        0.208696        0.185921        0.086087
     C   14       -0.005647        0.086087       -0.067453

     H   15       -0.000000        0.000000        0.000000
     H   15        0.000000        0.000000        0.000000
     H   15        0.000000        0.000000        0.000000

     C   16       -0.026238        0.204969        0.039108
     C   16        0.204969        0.126151       -0.009711
     C   16        0.039108       -0.009711       -0.099913

     C   17       -0.006369        0.090402       -0.089555
     C   17        0.090402        0.092727       -0.073563
     C   17       -0.089555       -0.073563       -0.086358

     Cl  18        0.692809        0.632802       -0.292583
     Cl  18        0.632802        1.904317       -0.347635
     Cl  18       -0.292583       -0.347635       -2.597126

     H   19       -0.000000        0.000000        0.000000
     H   19        0.000000        0.000000        0.000000
     H   19        0.000000        0.000000        0.000000

     C   20       -0.003970        0.170721       -0.160194
     C   20        0.170721       -0.036845       -0.076005
     C   20       -0.160194       -0.076005        0.040816

     H   21       -0.000000        0.000000        0.000000
     H   21        0.000000        0.000000        0.000000
     H   21        0.000000        0.000000        0.000000

     C   22       -0.107646        0.133326       -0.114137
     C   22        0.133326        0.158301       -0.127271
     C   22       -0.114137       -0.127271       -0.050655

     C   23       -0.011568        0.215311       -0.089767
     C   23        0.215311        0.125788       -0.028528
     C   23       -0.089767       -0.028528       -0.114220

     Cl  24        0.552052        2.234580       -0.124822
     Cl  24        2.234580        0.891470       -0.016022
     Cl  24       -0.124822       -0.016022       -1.443522

     ----- total EFG -----
     Cl   1        1.821967       -1.642451       -0.515114
     Cl   1       -1.642451        0.420560       -0.368171
     Cl   1       -0.515114       -0.368171       -2.242528

     C    2        0.309319        0.405330        0.023188
     C    2        0.405330        0.159985       -0.419959
     C    2        0.023188       -0.419959       -0.469304

     C    3       -0.050152       -0.055703        0.030034
     C    3       -0.055703        0.308801        0.209131
     C    3        0.030034        0.209131       -0.258649

     H    4        0.344161       -0.113744        0.616621
     H    4       -0.113744       -0.282482        0.311764
     H    4        0.616621        0.311764       -0.061679

     C    5        0.352188       -0.174192        0.328902
     C    5       -0.174192       -0.087558        0.295097
     C    5        0.328902        0.295097       -0.264630

     H    6       -0.171527       -0.240783        0.089395
     H    6       -0.240783        0.139101        0.737594
     H    6        0.089395        0.737594        0.032426

     H    7       -0.186310       -0.059555       -0.181032
     H    7       -0.059555        0.238824       -0.158812
     H    7       -0.181032       -0.158812       -0.052514

     C    8       -0.458399        0.073760        0.037414
     C    8        0.073760        0.471866       -0.187932
     C    8        0.037414       -0.187932       -0.013467

     H    9        0.213266       -0.533584        0.288212
     H    9       -0.533584       -0.419877       -0.107775
     H    9        0.288212       -0.107775        0.206611

     C   10        0.152043        0.679387       -0.260141
     C   10        0.679387        0.165403        0.137550
     C   10       -0.260141        0.137550       -0.317446

     C   11       -0.498428       -0.055934       -0.204539
     C   11       -0.055934        0.228708       -0.504173
     C   11       -0.204539       -0.504173        0.269720

     Cl  12        1.065933        3.618403       -0.635837
     Cl  12        3.618403        1.177860       -1.007582
     Cl  12       -0.635837       -1.007582       -2.243793

     H   13       -0.083789        0.144454        0.006910
     H   13        0.144454        0.223542       -0.017976
     H   13        0.006910       -0.017976       -0.139753

     C   14       -0.459487        0.493233       -0.205179
     C   14        0.493233        0.700409        0.221029
     C   14       -0.205179        0.221029       -0.240922

     H   15        0.249168        0.301769        0.126635
     H   15        0.301769       -0.067898       -0.108463
     H   15        0.126635       -0.108463       -0.181270

     C   16        0.233316        0.536061        0.169518
     C   16        0.536061        0.157593       -0.263268
     C   16        0.169518       -0.263268       -0.390909

     C   17       -0.037718        0.242657       -0.326832
     C   17        0.242657        0.462155        0.111455
     C   17       -0.326832        0.111455       -0.424436

     Cl  18        0.836388        0.556480       -0.325718
     Cl  18        0.556480        1.949318       -0.336471
     Cl  18       -0.325718       -0.336471       -2.785706

     H   19       -0.429301       -0.140245        0.169712
     H   19       -0.140245        0.474305       -0.243443
     H   19        0.169712       -0.243443       -0.045004

     C   20        0.251232        0.690407       -0.367537
     C   20        0.690407       -0.209842       -0.029004
     C   20       -0.367537       -0.029004       -0.041390

     H   21        0.503321       -0.157164        0.452568
     H   21       -0.157164       -0.335631        0.300307
     H   21        0.452568        0.300307       -0.167690

     C   22       -0.521537        0.019909       -0.263297
     C   22        0.019909        0.429133       -0.495583
     C   22       -0.263297       -0.495583        0.092404

     C   23        0.155216        0.714892       -0.290264
     C   23        0.714892        0.094052        0.170663
     C   23       -0.290264        0.170663       -0.249267

     Cl  24        0.441255        2.187376       -0.128630
     Cl  24        2.187376        0.966523       -0.013603
     Cl  24       -0.128630       -0.013603       -1.407778

     ----- total EFG (symmetrized) -----
     Cl   1        1.821967       -1.642451       -0.515114
     Cl   1       -1.642451        0.420560       -0.368171
     Cl   1       -0.515114       -0.368171       -2.242528

     C    2        0.309319        0.405330        0.023188
     C    2        0.405330        0.159985       -0.419959
     C    2        0.023188       -0.419959       -0.469304

     C    3       -0.050152       -0.055703        0.030034
     C    3       -0.055703        0.308801        0.209131
     C    3        0.030034        0.209131       -0.258649

     H    4        0.344161       -0.113744        0.616621
     H    4       -0.113744       -0.282482        0.311764
     H    4        0.616621        0.311764       -0.061679

     C    5        0.352188       -0.174192        0.328902
     C    5       -0.174192       -0.087558        0.295097
     C    5        0.328902        0.295097       -0.264630

     H    6       -0.171527       -0.240783        0.089395
     H    6       -0.240783        0.139101        0.737594
     H    6        0.089395        0.737594        0.032426

     H    7       -0.186310       -0.059555       -0.181032
     H    7       -0.059555        0.238824       -0.158812
     H    7       -0.181032       -0.158812       -0.052514

     C    8       -0.458399        0.073760        0.037414
     C    8        0.073760        0.471866       -0.187932
     C    8        0.037414       -0.187932       -0.013467

     H    9        0.213266       -0.533584        0.288212
     H    9       -0.533584       -0.419877       -0.107775
     H    9        0.288212       -0.107775        0.206611

     C   10        0.152043        0.679387       -0.260141
     C   10        0.679387        0.165403        0.137550
     C   10       -0.260141        0.137550       -0.317446

     C   11       -0.498428       -0.055934       -0.204539
     C   11       -0.055934        0.228708       -0.504173
     C   11       -0.204539       -0.504173        0.269720

     Cl  12        1.065933        3.618403       -0.635837
     Cl  12        3.618403        1.177860       -1.007582
     Cl  12       -0.635837       -1.007582       -2.243793

     H   13       -0.083789        0.144454        0.006910
     H   13        0.144454        0.223542       -0.017976
     H   13        0.006910       -0.017976       -0.139753

     C   14       -0.459487        0.493233       -0.205179
     C   14        0.493233        0.700409        0.221029
     C   14       -0.205179        0.221029       -0.240922

     H   15        0.249168        0.301769        0.126635
     H   15        0.301769       -0.067898       -0.108463
     H   15        0.126635       -0.108463       -0.181270

     C   16        0.233316        0.536061        0.169518
     C   16        0.536061        0.157593       -0.263268
     C   16        0.169518       -0.263268       -0.390909

     C   17       -0.037718        0.242657       -0.326832
     C   17        0.242657        0.462155        0.111455
     C   17       -0.326832        0.111455       -0.424436

     Cl  18        0.836388        0.556480       -0.325718
     Cl  18        0.556480        1.949318       -0.336471
     Cl  18       -0.325718       -0.336471       -2.785706

     H   19       -0.429301       -0.140245        0.169712
     H   19       -0.140245        0.474305       -0.243443
     H   19        0.169712       -0.243443       -0.045004

     C   20        0.251232        0.690407       -0.367537
     C   20        0.690407       -0.209842       -0.029004
     C   20       -0.367537       -0.029004       -0.041390

     H   21        0.503321       -0.157164        0.452568
     H   21       -0.157164       -0.335631        0.300307
     H   21        0.452568        0.300307       -0.167690

     C   22       -0.521537        0.019909       -0.263297
     C   22        0.019909        0.429133       -0.495583
     C   22       -0.263297       -0.495583        0.092404

     C   23        0.155216        0.714892       -0.290264
     C   23        0.714892        0.094052        0.170663
     C   23       -0.290264        0.170663       -0.249267

     Cl  24        0.441255        2.187376       -0.128630
     Cl  24        2.187376        0.966523       -0.013603
     Cl  24       -0.128630       -0.013603       -1.407778


     NQR/NMR SPECTROSCOPIC PARAMETERS:
     Cl   1    Vxx=   -0.4691    axis=(  0.505635  0.803691 -0.313711)
     Cl   1    Vyy=   -2.4480    axis=(  0.206782  0.240126  0.948462)
     Cl   1    Vzz=    2.9171    axis=( -0.837600  0.544446  0.044773)
     Cl   1  Q=        -8.1650 1e-30 m^2  Cq=       -55.9632 MHz  eta= 0.67841

     C    2    Vxx=    0.0169    axis=( -0.693671  0.528415 -0.489487)
     C    2    Vyy=    0.7069    axis=(  0.687740  0.687873 -0.232044)
     C    2    Vzz=   -0.7238    axis=( -0.214090  0.497602  0.840570)
     C    2  Q=         1.0000 1e-30 m^2  Cq=        -1.7007 MHz  eta= 0.95327

     C    3    Vxx=   -0.0471    axis=(  0.981828  0.045396  0.184263)
     C    3    Vyy=   -0.3349    axis=(  0.160704  0.317538 -0.934529)
     C    3    Vzz=    0.3820    axis=( -0.100934  0.947158  0.304473)
     C    3  Q=         1.0000 1e-30 m^2  Cq=         0.8975 MHz  eta= 0.75343

     H    4    Vxx=   -0.0630    axis=(  0.410173 -0.809456 -0.420167)
     H    4    Vyy=   -0.7356    axis=(  0.449130  0.580248 -0.679408)
     H    4    Vzz=    0.7986    axis=( -0.793751 -0.089965 -0.601552)
     H    4  Q=         1.0000 1e-30 m^2  Cq=         1.8763 MHz  eta= 0.84218

     C    5    Vxx=    0.1249    axis=( -0.124526  0.838659  0.530231)
     C    5    Vyy=    0.4986    axis=( -0.926915  0.092337 -0.363735)
     C    5    Vzz=   -0.6235    axis=( -0.354009 -0.536773  0.765867)
     C    5  Q=         1.0000 1e-30 m^2  Cq=        -1.4649 MHz  eta= 0.59942

     H    6    Vxx=   -0.0923    axis=(  0.919476 -0.171266  0.353881)
     H    6    Vyy=   -0.7467    axis=( -0.375177 -0.651263  0.659621)
     H    6    Vzz=    0.8389    axis=( -0.117499  0.739273  0.663075)
     H    6  Q=         1.0000 1e-30 m^2  Cq=         1.9712 MHz  eta= 0.78003

     H    7    Vxx=    0.0375    axis=(  0.643828 -0.347389 -0.681767)
     H    7    Vyy=    0.3095    axis=( -0.044443 -0.906474  0.419917)
     H    7    Vzz=   -0.3470    axis=(  0.763878  0.240055  0.599052)
     H    7  Q=         1.0000 1e-30 m^2  Cq=        -0.8153 MHz  eta= 0.78372

     C    8    Vxx=   -0.0688    axis=(  0.148344  0.306556  0.940222)
     C    8    Vyy=   -0.4706    axis=( -0.987231  0.101705  0.122600)
     C    8    Vzz=    0.5395    axis=( -0.058042 -0.946403  0.317729)
     C    8  Q=         1.0000 1e-30 m^2  Cq=         1.2676 MHz  eta= 0.74480

     H    9    Vxx=    0.0230    axis=( -0.426833  0.307246  0.850537)
     H    9    Vyy=    0.7035    axis=( -0.749464  0.406148 -0.522826)
     H    9    Vzz=   -0.7265    axis=( -0.506080 -0.860607  0.056912)
     H    9  Q=         1.0000 1e-30 m^2  Cq=        -1.7070 MHz  eta= 0.93657

     C   10    Vxx=   -0.1247    axis=( -0.360096  0.457911  0.812803)
     C   10    Vyy=   -0.7200    axis=( -0.601951  0.551575 -0.577425)
     C   10    Vzz=    0.8447    axis=( -0.712731 -0.697196  0.077021)
     C   10  Q=         1.0000 1e-30 m^2  Cq=         1.9848 MHz  eta= 0.70475

     C   11    Vxx=   -0.1609    axis=( -0.460155  0.677117  0.574256)
     C   11    Vyy=   -0.6026    axis=( -0.883452 -0.284990 -0.371878)
     C   11    Vzz=    0.7634    axis=( -0.088148 -0.678449  0.729340)
     C   11  Q=         1.0000 1e-30 m^2  Cq=         1.7938 MHz  eta= 0.57858

     Cl  12    Vxx=   -2.2123    axis=(  0.557596 -0.375037  0.740563)
     Cl  12    Vyy=   -2.7176    axis=(  0.463560 -0.599385 -0.652572)
     Cl  12    Vzz=    4.9299    axis=( -0.688621 -0.707167  0.160362)
     Cl  12  Q=        -8.1650 1e-30 m^2  Cq=       -94.5768 MHz  eta= 0.10250

     H   13    Vxx=   -0.1276    axis=(  0.656427 -0.233327  0.717399)
     H   13    Vyy=   -0.1537    axis=(  0.658994 -0.285521 -0.695848)
     H   13    Vzz=    0.2813    axis=( -0.367193 -0.929535  0.033663)
     H   13  Q=         1.0000 1e-30 m^2  Cq=         0.6608 MHz  eta= 0.09276

     C   14    Vxx=   -0.1206    axis=( -0.469251  0.044476  0.881944)
     C   14    Vyy=   -0.7783    axis=( -0.822239  0.342244 -0.454743)
     C   14    Vzz=    0.8989    axis=( -0.322065 -0.938558 -0.124029)
     C   14  Q=         1.0000 1e-30 m^2  Cq=         2.1120 MHz  eta= 0.73165

     H   15    Vxx=   -0.0571    axis=(  0.256135 -0.583386  0.770750)
     H   15    Vyy=   -0.3791    axis=( -0.435568  0.642160  0.630802)
     H   15    Vzz=    0.4362    axis=( -0.862946 -0.497284 -0.089625)
     H   15  Q=         1.0000 1e-30 m^2  Cq=         1.0249 MHz  eta= 0.73825

     C   16    Vxx=   -0.0591    axis=( -0.536283  0.506105 -0.675469)
     C   16    Vyy=   -0.6767    axis=( -0.440336  0.514981  0.735458)
     C   16    Vzz=    0.7358    axis=( -0.720072 -0.691847  0.053319)
     C   16  Q=         1.0000 1e-30 m^2  Cq=         1.7289 MHz  eta= 0.83946

     C   17    Vxx=    0.0931    axis=( -0.762710  0.334337  0.553617)
     C   17    Vyy=    0.5610    axis=( -0.386704 -0.921892  0.023986)
     C   17    Vzz=   -0.6542    axis=(  0.518395 -0.195792  0.832426)
     C   17  Q=         1.0000 1e-30 m^2  Cq=        -1.5371 MHz  eta= 0.71524

     Cl  18    Vxx=    0.6143    axis=(  0.917491 -0.394747 -0.048830)
     Cl  18    Vyy=    2.2179    axis=(  0.389808  0.916775 -0.087025)
     Cl  18    Vzz=   -2.8322    axis=(  0.079119  0.060810  0.995009)
     Cl  18  Q=        -8.1650 1e-30 m^2  Cq=        54.3337 MHz  eta= 0.56620

     H   19    Vxx=   -0.1110    axis=(  0.273221  0.424499  0.863221)
     H   19    Vyy=   -0.4960    axis=( -0.943900 -0.054722  0.325667)
     H   19    Vzz=    0.6070    axis=(  0.185482 -0.903773  0.385733)
     H   19  Q=         1.0000 1e-30 m^2  Cq=         1.4262 MHz  eta= 0.63425

     C   20    Vxx=   -0.0985    axis=(  0.106253  0.424775  0.899042)
     C   20    Vyy=   -0.7630    axis=(  0.607455 -0.743551  0.279518)
     C   20    Vzz=    0.8615    axis=(  0.787216  0.516428 -0.337036)
     C   20  Q=         1.0000 1e-30 m^2  Cq=         2.0242 MHz  eta= 0.77126

     H   21    Vxx=   -0.0254    axis=(  0.299030 -0.737555 -0.605470)
     H   21    Vyy=   -0.7058    axis=(  0.333923  0.675264 -0.657658)
     H   21    Vzz=    0.7312    axis=(  0.893911 -0.005521  0.448211)
     H   21  Q=         1.0000 1e-30 m^2  Cq=         1.7181 MHz  eta= 0.93057

     C   22    Vxx=   -0.1585    axis=(  0.455907 -0.582777 -0.672696)
     C   22    Vyy=   -0.6480    axis=(  0.880440  0.184665  0.436721)
     C   22    Vzz=    0.8065    axis=(  0.130287  0.791372 -0.597290)
     C   22  Q=         1.0000 1e-30 m^2  Cq=         1.8948 MHz  eta= 0.60695

     C   23    Vxx=   -0.0606    axis=( -0.296996  0.434822  0.850131)
     C   23    Vyy=   -0.7878    axis=( -0.612080  0.596651 -0.519005)
     C   23    Vzz=    0.8484    axis=( -0.732906 -0.674491  0.088943)
     C   23  Q=         1.0000 1e-30 m^2  Cq=         1.9933 MHz  eta= 0.85720

     Cl  24    Vxx=   -1.3566    axis=( -0.377499  0.360436  0.852983)
     Cl  24    Vyy=   -1.5525    axis=(  0.645664 -0.557843  0.521469)
     Cl  24    Vzz=    2.9091    axis=( -0.663787 -0.747594  0.022135)
     Cl  24  Q=        -8.1650 1e-30 m^2  Cq=       -55.8094 MHz  eta= 0.06734

     Initialization:
     gipaw_setup  :      9.04s CPU     10.89s WALL (       1 calls)

     Linear response

     Apply operators

     Induced current

     Other routines
     efg          :      9.35s CPU     12.19s WALL (       1 calls)

     General routines
     calbec       :      3.40s CPU      4.58s WALL (      16 calls)
     fft          :      1.62s CPU      2.56s WALL (      15 calls)
     ffts         :      0.04s CPU      0.08s WALL (       2 calls)
     fftw         :      3.20s CPU      4.12s WALL (     672 calls)
     davcio       :      0.03s CPU      0.32s WALL (      32 calls)

     Parallel routines
     fft_scatter  :      2.28s CPU      3.91s WALL (     689 calls)

     Plugins

     GIPAW        :     61.38s CPU     76.38s WALL (       1 calls)
