
     Program QE v.6.0 (svn rev. 13079) starts on  2Jan2017 at 13: 8:30 

     This program is part of the open-source Quantum ESPRESSO suite
     for quantum simulation of materials; please cite
         "P. Giannozzi et al., J. Phys.:Condens. Matter 21 395502 (2009);
          URL http://www.quantum-espresso.org", 
     in publications or presentations arising from this work. More details at
     http://www.quantum-espresso.org/quote

     Parallel version (MPI), running on     8 processors
     R & G space division:  proc/nbgrp/npool/nimage =       8

     ***** This is GIPAW svn revision unknown      *****

     Parallelizing q-star over 1 images

     Reading data from directory:
     /users/majewski/paradichlorobenzene/pbe/9_constraint/scratch/pbe.ecut100.np8.dt60.pcl2phi-129368.save
     Message from routine read_xml_file:
     file /users/majewski/paradichlorobenzene/pbe/9_constraint/scratch/pbe.ecut100.np8.dt60.pcl2phi-129368.save not guaranteed to be safe for post-processing

   Info: using nr1, nr2, nr3 values from input

   Info: using nr1, nr2, nr3 values from input

     IMPORTANT: XC functional enforced from input :
     Exchange-correlation      =  SLA  PW   PBX  PBC ( 1  4  3  4 0 0)
     Any further DFT definition will be discarded
     Please, verify this is what you really want

               file C.pbe-n-kjpaw_psl.1.0.0.UPF: wavefunction(s)  2S 2P renormalized
               file Cl.pbe-n-kjpaw_psl.1.0.0.UPF: wavefunction(s)  3S 3P renormalized
               file H.pbe-kjpaw_psl.1.0.0.UPF: wavefunction(s)  1S renormalized

     Parallelization info
     --------------------
     sticks:   dense  smooth     PW     G-vecs:    dense   smooth      PW
     Min        3057    1223    332               144436    36536    5170
     Max        3059    1225    333               144437    36537    5171
     Sum       24467    9791   2657              1155489   292295   41363


     Subspace diagonalization in iterative solution of the eigenvalue problem:
     a serial algorithm will be used

     GIPAW projectors -----------------------------------------------
     atom=  C    l=0  rc=    1.2000  rs=    0.8000
     atom=  C    l=0  rc=    1.2000  rs=    0.8000
     atom=  C    l=1  rc=    1.4000  rs=    0.9333
     atom=  C    l=1  rc=    1.4000  rs=    0.9333
     projs nearly linearly dependent: l=1  n1,n2= 1, 2  s=  0.99951561

     atom=  Cl   l=0  rc=    1.6000  rs=    1.0667
     atom=  Cl   l=0  rc=    1.6000  rs=    1.0667
     atom=  Cl   l=1  rc=    1.6000  rs=    1.0667
     atom=  Cl   l=1  rc=    1.6000  rs=    1.0667
     atom=  Cl   l=2  rc=    1.6000  rs=    1.0667
     atom=  Cl   l=2  rc=    1.6000  rs=    1.0667
     projs nearly linearly dependent: l=2  n1,n2= 1, 2  s=  0.99993509

     atom=  H    l=0  rc=    1.0000  rs=    0.6667
     atom=  H    l=0  rc=    1.0000  rs=    0.6667
     projs nearly linearly dependent: l=0  n1,n2= 1, 2  s=  0.99968852
     -----------------------------------------------------------------

     GIPAW integrals: -------------------------------------------
     Atom  i/j   nmr_para   nmr_dia   epr_rmc  epr_para   epr_dia
       C   1 1   0.83E+03  0.17E-01  0.93E+01  0.24E+08  0.24E+03
       C   2 1   0.86E+03 -0.61E-01  0.94E+01  0.25E+08  0.25E+03
       C   2 2   0.90E+03 -0.15E+00  0.97E+01  0.26E+08  0.26E+03
       C   3 3   0.33E+01  0.34E+00  0.18E+01  0.55E+03  0.21E+02
       C   4 3   0.35E+01  0.37E+00  0.20E+01  0.59E+03  0.22E+02
       C   4 4   0.38E+01  0.39E+00  0.22E+01  0.63E+03  0.24E+02
       Cl  1 1   0.14E+04 -0.47E+00  0.84E+01  0.32E+09  0.42E+03
       Cl  2 1   0.21E+04 -0.37E+00  0.12E+02  0.49E+09  0.65E+03
       Cl  2 2   0.33E+04 -0.16E+00  0.21E+02  0.76E+09  0.10E+04
       Cl  3 3   0.21E+02  0.79E-01  0.89E+01  0.23E+05  0.13E+03
       Cl  4 3   0.24E+02  0.67E-01  0.99E+01  0.27E+05  0.15E+03
       Cl  4 4   0.28E+02  0.44E-01  0.11E+02  0.32E+05  0.18E+03
       Cl  5 5   0.77E+00  0.19E+00  0.18E+01  0.12E+03  0.22E+02
       Cl  6 5   0.80E+00  0.19E+00  0.19E+01  0.12E+03  0.23E+02
       Cl  6 6   0.83E+00  0.20E+00  0.19E+01  0.12E+03  0.23E+02
       H   1 1   0.39E+02  0.19E+00  0.29E+00  0.78E+05  0.13E+02
       H   2 1   0.41E+02  0.21E+00  0.32E+00  0.82E+05  0.14E+02
       H   2 2   0.43E+02  0.22E+00  0.36E+00  0.86E+05  0.15E+02
     ------------------------------------------------------------

     alpha_pv=     34.6297 eV

     Number of occupied bands for each k-point:
     k-point:     1    nbnd_occ=  42
     k-point:     2    nbnd_occ=  42
     k-point:     3    nbnd_occ=  42
     k-point:     4    nbnd_occ=  42
     k-point:     5    nbnd_occ=  42
     k-point:     6    nbnd_occ=  42
     k-point:     7    nbnd_occ=  42
     k-point:     8    nbnd_occ=  42
     k-point:     9    nbnd_occ=  42
     k-point:    10    nbnd_occ=  42
     k-point:    11    nbnd_occ=  42
     k-point:    12    nbnd_occ=  42
     k-point:    13    nbnd_occ=  42
     k-point:    14    nbnd_occ=  42
     k-point:    15    nbnd_occ=  42
     k-point:    16    nbnd_occ=  42


     q-space interpolation up to   110.00 Rydberg

     GIPAW job: efg                                                                             


     ELECTRIC FIELD GRADIENTS TENSORS IN Hartree/bohrradius^2:

     ----- bare term -----
     Cl   1        0.074480       -0.013370       -0.136127
     Cl   1       -0.013370       -0.039562       -0.059981
     Cl   1       -0.136127       -0.059981       -0.034918

     C    2       -0.303698        0.247454       -0.300637
     C    2        0.247454       -0.075549       -0.357386
     C    2       -0.300637       -0.357386        0.379247

     C    3       -0.083029        0.122491       -0.338907
     C    3        0.122491       -0.319840       -0.519944
     C    3       -0.338907       -0.519944        0.402869

     H    4       -0.621004       -0.294242       -0.053029
     H    4       -0.294242        0.393654       -0.110342
     H    4       -0.053029       -0.110342        0.227349

     C    5       -0.614217        0.313366       -0.389335
     C    5        0.313366        0.178100       -0.249969
     C    5       -0.389335       -0.249969        0.436117

     H    6        0.399998       -0.024795       -0.091973
     H    6       -0.024795       -0.572540       -0.397391
     H    6       -0.091973       -0.397391        0.172542

     H    7        0.305855        0.202518       -0.295974
     H    7        0.202518       -0.173357        0.556488
     H    7       -0.295974        0.556488       -0.132498

     C    8       -0.119312       -0.409592       -0.044446
     C    8       -0.409592       -0.362775        0.363663
     C    8       -0.044446        0.363663        0.482087

     H    9       -0.573272        0.250661       -0.358767
     H    9        0.250661        0.334166        0.165571
     H    9       -0.358767        0.165571        0.239106

     C   10       -0.287801       -0.308300       -0.323413
     C   10       -0.308300       -0.112159        0.477870
     C   10       -0.323413        0.477870        0.399960

     C   11       -0.283891        0.011538       -0.337644
     C   11        0.011538       -0.077638        0.616051
     C   11       -0.337644        0.616051        0.361530

     Cl  12       -0.134670       -0.158155       -0.075527
     Cl  12       -0.158155        0.030446        0.137883
     Cl  12       -0.075527        0.137883        0.104224

     H   13        0.319525        0.245860       -0.114401
     H   13        0.245860       -0.667343       -0.136354
     H   13       -0.114401       -0.136354        0.347818

     C   14       -0.228634       -0.241746       -0.360531
     C   14       -0.241746        0.004494       -0.574917
     C   14       -0.360531       -0.574917        0.224140

     H   15       -0.255392       -0.490369       -0.124935
     H   15       -0.490369       -0.051165        0.142481
     H   15       -0.124935        0.142481        0.306557

     C   16       -0.419133        0.315985        0.038957
     C   16        0.315985        0.002293       -0.396518
     C   16        0.038957       -0.396518        0.416839

     C   17       -0.072106       -0.081604       -0.268083
     C   17       -0.081604        0.039013       -0.690694
     C   17       -0.268083       -0.690694        0.033092

     Cl  18       -0.227586        0.209356       -0.027194
     Cl  18        0.209356        0.062899       -0.171688
     Cl  18       -0.027194       -0.171688        0.164688

     H   19        0.361949        0.063841       -0.079481
     H   19        0.063841       -0.473308        0.552046
     H   19       -0.079481        0.552046        0.111359

     C   20       -0.643709       -0.340647       -0.324716
     C   20       -0.340647        0.240559        0.286951
     C   20       -0.324716        0.286951        0.403150

     H   21       -0.595890       -0.056518       -0.218140
     H   21       -0.056518        0.297378        0.255790
     H   21       -0.218140        0.255790        0.298513

     C   22       -0.014625        0.004205       -0.321251
     C   22        0.004205       -0.343098        0.470012
     C   22       -0.321251        0.470012        0.357724

     C   23       -0.634402       -0.165590       -0.297064
     C   23       -0.165590        0.132112        0.128016
     C   23       -0.297064        0.128016        0.502290

     Cl  24       -0.105845       -0.096969        0.044480
     Cl  24       -0.096969       -0.051311       -0.042472
     Cl  24        0.044480       -0.042472        0.157156

     ----- ionic term -----
     Cl   1        0.187283       -0.226576       -0.010694
     Cl   1       -0.226576       -0.031923        0.009823
     Cl   1       -0.010694        0.009823       -0.155360

     C    2        0.321986       -0.111809        0.212519
     C    2       -0.111809        0.090252        0.407186
     C    2        0.212519        0.407186       -0.412238

     C    3        0.235582       -0.174177        0.111054
     C    3       -0.174177        0.167805        0.376573
     C    3        0.111054        0.376573       -0.403387

     H    4        0.728090        0.421473        0.508448
     H    4        0.421473       -0.357298        0.240671
     H    4        0.508448        0.240671       -0.370792

     C    5        0.372548       -0.061784        0.175029
     C    5       -0.061784        0.096688        0.303992
     C    5        0.175029        0.303992       -0.469236

     H    6       -0.508261        0.059493        0.021112
     H    6        0.059493        0.860181        0.567784
     H    6        0.021112        0.567784       -0.351920

     H    7       -0.502218       -0.144338        0.112597
     H    7       -0.144338        0.551295       -0.763252
     H    7        0.112597       -0.763252       -0.049077

     C    8        0.334731        0.175173        0.195606
     C    8        0.175173       -0.017012       -0.355564
     C    8        0.195606       -0.355564       -0.317718

     H    9        0.652849       -0.228143        0.645932
     H    9       -0.228143       -0.495965       -0.213351
     H    9        0.645932       -0.213351       -0.156884

     C   10        0.185425        0.245524        0.106412
     C   10        0.245524        0.094033       -0.428669
     C   10        0.106412       -0.428669       -0.279458

     C   11        0.356527        0.129667        0.229147
     C   11        0.129667       -0.027031       -0.394102
     C   11        0.229147       -0.394102       -0.329496

     Cl  12        0.158250        0.205884       -0.022683
     Cl  12        0.205884       -0.009702       -0.018866
     Cl  12       -0.022683       -0.018866       -0.148548

     H   13       -0.517597        0.016228        0.002835
     H   13        0.016228        0.764493        0.653860
     H   13        0.002835        0.653860       -0.246897

     C   14        0.385099       -0.117915        0.182392
     C   14       -0.117915        0.026522        0.337459
     C   14        0.182392        0.337459       -0.411621

     H   15        0.718674        0.357255        0.585751
     H   15        0.357255       -0.398340        0.245166
     H   15        0.585751        0.245166       -0.320334

     C   16        0.209632       -0.202407        0.098236
     C   16       -0.202407        0.172275        0.442252
     C   16        0.098236        0.442252       -0.381907

     C   17        0.223947       -0.075251        0.179455
     C   17       -0.075251        0.191575        0.456352
     C   17        0.179455        0.456352       -0.415522

     Cl  18        0.154258       -0.202907        0.006413
     Cl  18       -0.202907       -0.000968        0.009562
     Cl  18        0.006413        0.009562       -0.153290

     H   19       -0.516266       -0.117754        0.061594
     H   19       -0.117754        0.735958       -0.686890
     H   19        0.061594       -0.686890       -0.219692

     C   20        0.376092        0.127061        0.204463
     C   20        0.127061       -0.003895       -0.320702
     C   20        0.204463       -0.320702       -0.372196

     H   21        0.685144       -0.284202        0.631682
     H   21       -0.284202       -0.458714       -0.209710
     H   21        0.631682       -0.209710       -0.226431

     C   22        0.198247        0.158381        0.143424
     C   22        0.158381        0.091723       -0.400583
     C   22        0.143424       -0.400583       -0.289970

     C   23        0.286807        0.161840        0.225128
     C   23        0.161840        0.037469       -0.415671
     C   23        0.225128       -0.415671       -0.324277

     Cl  24        0.144679        0.237322       -0.030728
     Cl  24        0.237322        0.009724       -0.031711
     Cl  24       -0.030728       -0.031711       -0.154403

     ----- GIPAW term -----
     Cl   1        1.993569       -1.910068       -1.303447
     Cl   1       -1.910068       -0.490975       -0.469779
     Cl   1       -1.303447       -0.469779       -1.502593

     C    2        0.054118       -0.149712       -0.074340
     C    2       -0.149712        0.011329       -0.022413
     C    2       -0.074340       -0.022413       -0.065446

     C    3       -0.013715       -0.026589       -0.142195
     C    3       -0.026589       -0.075167       -0.053913
     C    3       -0.142195       -0.053913        0.088883

     H    4       -0.000000        0.000000        0.000000
     H    4        0.000000        0.000000        0.000000
     H    4        0.000000        0.000000        0.000000

     C    5       -0.139117        0.062712       -0.054597
     C    5        0.062712        0.103650       -0.001325
     C    5       -0.054597       -0.001325        0.035466

     H    6       -0.000000        0.000000        0.000000
     H    6        0.000000        0.000000        0.000000
     H    6        0.000000        0.000000        0.000000

     H    7       -0.000000        0.000000        0.000000
     H    7        0.000000        0.000000        0.000000
     H    7        0.000000        0.000000        0.000000

     C    8       -0.005844       -0.134727        0.105681
     C    8       -0.134727       -0.125896       -0.014402
     C    8        0.105681       -0.014402        0.131740

     H    9       -0.000000        0.000000        0.000000
     H    9        0.000000        0.000000        0.000000
     H    9        0.000000        0.000000        0.000000

     C   10       -0.075228       -0.091547       -0.119651
     C   10       -0.091547        0.024879        0.122268
     C   10       -0.119651        0.122268        0.050349

     C   11       -0.052191        0.103908       -0.086070
     C   11        0.103908       -0.028419        0.192270
     C   11       -0.086070        0.192270        0.080609

     Cl  12       -0.198365        0.407173       -1.212406
     Cl  12        0.407173        0.373894        2.090821
     Cl  12       -1.212406        2.090821       -0.175528

     H   13       -0.000000        0.000000        0.000000
     H   13        0.000000        0.000000        0.000000
     H   13        0.000000        0.000000        0.000000

     C   14       -0.018339       -0.190683        0.014484
     C   14       -0.190683        0.068392       -0.202435
     C   14        0.014484       -0.202435       -0.050053

     H   15       -0.000000        0.000000        0.000000
     H   15        0.000000        0.000000        0.000000
     H   15        0.000000        0.000000        0.000000

     C   16       -0.159023       -0.019064        0.051220
     C   16       -0.019064        0.115576       -0.192339
     C   16        0.051220       -0.192339        0.043447

     C   17       -0.069336       -0.050742       -0.052545
     C   17       -0.050742        0.150365       -0.221335
     C   17       -0.052545       -0.221335       -0.081029

     Cl  18       -0.731756       -0.782500       -0.455123
     Cl  18       -0.782500        0.869222       -2.199152
     Cl  18       -0.455123       -2.199152       -0.137465

     H   19       -0.000000        0.000000        0.000000
     H   19        0.000000        0.000000        0.000000
     H   19        0.000000        0.000000        0.000000

     C   20       -0.166041       -0.027073       -0.036759
     C   20       -0.027073        0.171514        0.058843
     C   20       -0.036759        0.058843       -0.005472

     H   21       -0.000000        0.000000        0.000000
     H   21        0.000000        0.000000        0.000000
     H   21        0.000000        0.000000        0.000000

     C   22       -0.052480        0.108578       -0.136922
     C   22        0.108578       -0.013665       -0.068579
     C   22       -0.136922       -0.068579        0.066146

     C   23       -0.135608        0.019570        0.043576
     C   23        0.019570        0.014883       -0.158828
     C   23        0.043576       -0.158828        0.120725

     Cl  24       -0.484668        1.000053        1.093796
     Cl  24        1.000053       -1.314583       -1.000851
     Cl  24        1.093796       -1.000851        1.799252

     ----- total EFG -----
     Cl   1        2.255332       -2.150014       -1.450268
     Cl   1       -2.150014       -0.562460       -0.519937
     Cl   1       -1.450268       -0.519937       -1.692871

     C    2        0.072406       -0.014067       -0.162458
     C    2       -0.014067        0.026032        0.027387
     C    2       -0.162458        0.027387       -0.098438

     C    3        0.138838       -0.078275       -0.370048
     C    3       -0.078275       -0.227203       -0.197284
     C    3       -0.370048       -0.197284        0.088365

     H    4        0.107086        0.127231        0.455419
     H    4        0.127231        0.036356        0.130328
     H    4        0.455419        0.130328       -0.143442

     C    5       -0.380786        0.314294       -0.268903
     C    5        0.314294        0.378438        0.052698
     C    5       -0.268903        0.052698        0.002348

     H    6       -0.108263        0.034697       -0.070861
     H    6        0.034697        0.287641        0.170392
     H    6       -0.070861        0.170392       -0.179378

     H    7       -0.196363        0.058180       -0.183377
     H    7        0.058180        0.377938       -0.206764
     H    7       -0.183377       -0.206764       -0.181574

     C    8        0.209575       -0.369147        0.256841
     C    8       -0.369147       -0.505683       -0.006303
     C    8        0.256841       -0.006303        0.296108

     H    9        0.079577        0.022519        0.287164
     H    9        0.022519       -0.161799       -0.047780
     H    9        0.287164       -0.047780        0.082222

     C   10       -0.177604       -0.154323       -0.336653
     C   10       -0.154323        0.006753        0.171469
     C   10       -0.336653        0.171469        0.170851

     C   11        0.020445        0.245112       -0.194567
     C   11        0.245112       -0.133088        0.414219
     C   11       -0.194567        0.414219        0.112643

     Cl  12       -0.174785        0.454901       -1.310616
     Cl  12        0.454901        0.394638        2.209838
     Cl  12       -1.310616        2.209838       -0.219853

     H   13       -0.198071        0.262088       -0.111566
     H   13        0.262088        0.097150        0.517506
     H   13       -0.111566        0.517506        0.100921

     C   14        0.138126       -0.550345       -0.163655
     C   14       -0.550345        0.099408       -0.439893
     C   14       -0.163655       -0.439893       -0.237534

     H   15        0.463282       -0.133114        0.460816
     H   15       -0.133114       -0.449505        0.387647
     H   15        0.460816        0.387647       -0.013777

     C   16       -0.368524        0.094513        0.188413
     C   16        0.094513        0.290144       -0.146605
     C   16        0.188413       -0.146605        0.078379

     C   17        0.082506       -0.207598       -0.141173
     C   17       -0.207598        0.380953       -0.455677
     C   17       -0.141173       -0.455677       -0.463459

     Cl  18       -0.805085       -0.776051       -0.475904
     Cl  18       -0.776051        0.931153       -2.361279
     Cl  18       -0.475904       -2.361279       -0.126068

     H   19       -0.154316       -0.053913       -0.017887
     H   19       -0.053913        0.262650       -0.134844
     H   19       -0.017887       -0.134844       -0.108334

     C   20       -0.433659       -0.240659       -0.157012
     C   20       -0.240659        0.408178        0.025092
     C   20       -0.157012        0.025092        0.025481

     H   21        0.089254       -0.340720        0.413542
     H   21       -0.340720       -0.161336        0.046080
     H   21        0.413542        0.046080        0.072082

     C   22        0.131141        0.271165       -0.314749
     C   22        0.271165       -0.265041        0.000849
     C   22       -0.314749        0.000849        0.133900

     C   23       -0.483203        0.015820       -0.028360
     C   23        0.015820        0.184465       -0.446483
     C   23       -0.028360       -0.446483        0.298739

     Cl  24       -0.445835        1.140406        1.107548
     Cl  24        1.140406       -1.356170       -1.075034
     Cl  24        1.107548       -1.075034        1.802004

     ----- total EFG (symmetrized) -----
     Cl   1        2.255332       -2.150014       -1.450268
     Cl   1       -2.150014       -0.562460       -0.519937
     Cl   1       -1.450268       -0.519937       -1.692871

     C    2        0.072406       -0.014067       -0.162458
     C    2       -0.014067        0.026032        0.027387
     C    2       -0.162458        0.027387       -0.098438

     C    3        0.138838       -0.078275       -0.370048
     C    3       -0.078275       -0.227203       -0.197284
     C    3       -0.370048       -0.197284        0.088365

     H    4        0.107086        0.127231        0.455419
     H    4        0.127231        0.036356        0.130328
     H    4        0.455419        0.130328       -0.143442

     C    5       -0.380786        0.314294       -0.268903
     C    5        0.314294        0.378438        0.052698
     C    5       -0.268903        0.052698        0.002348

     H    6       -0.108263        0.034697       -0.070861
     H    6        0.034697        0.287641        0.170392
     H    6       -0.070861        0.170392       -0.179378

     H    7       -0.196363        0.058180       -0.183377
     H    7        0.058180        0.377938       -0.206764
     H    7       -0.183377       -0.206764       -0.181574

     C    8        0.209575       -0.369147        0.256841
     C    8       -0.369147       -0.505683       -0.006303
     C    8        0.256841       -0.006303        0.296108

     H    9        0.079577        0.022519        0.287164
     H    9        0.022519       -0.161799       -0.047780
     H    9        0.287164       -0.047780        0.082222

     C   10       -0.177604       -0.154323       -0.336653
     C   10       -0.154323        0.006753        0.171469
     C   10       -0.336653        0.171469        0.170851

     C   11        0.020445        0.245112       -0.194567
     C   11        0.245112       -0.133088        0.414219
     C   11       -0.194567        0.414219        0.112643

     Cl  12       -0.174785        0.454901       -1.310616
     Cl  12        0.454901        0.394638        2.209838
     Cl  12       -1.310616        2.209838       -0.219853

     H   13       -0.198071        0.262088       -0.111566
     H   13        0.262088        0.097150        0.517506
     H   13       -0.111566        0.517506        0.100921

     C   14        0.138126       -0.550345       -0.163655
     C   14       -0.550345        0.099408       -0.439893
     C   14       -0.163655       -0.439893       -0.237534

     H   15        0.463282       -0.133114        0.460816
     H   15       -0.133114       -0.449505        0.387647
     H   15        0.460816        0.387647       -0.013777

     C   16       -0.368524        0.094513        0.188413
     C   16        0.094513        0.290144       -0.146605
     C   16        0.188413       -0.146605        0.078379

     C   17        0.082506       -0.207598       -0.141173
     C   17       -0.207598        0.380953       -0.455677
     C   17       -0.141173       -0.455677       -0.463459

     Cl  18       -0.805085       -0.776051       -0.475904
     Cl  18       -0.776051        0.931153       -2.361279
     Cl  18       -0.475904       -2.361279       -0.126068

     H   19       -0.154316       -0.053913       -0.017887
     H   19       -0.053913        0.262650       -0.134844
     H   19       -0.017887       -0.134844       -0.108334

     C   20       -0.433659       -0.240659       -0.157012
     C   20       -0.240659        0.408178        0.025092
     C   20       -0.157012        0.025092        0.025481

     H   21        0.089254       -0.340720        0.413542
     H   21       -0.340720       -0.161336        0.046080
     H   21        0.413542        0.046080        0.072082

     C   22        0.131141        0.271165       -0.314749
     C   22        0.271165       -0.265041        0.000849
     C   22       -0.314749        0.000849        0.133900

     C   23       -0.483203        0.015820       -0.028360
     C   23        0.015820        0.184465       -0.446483
     C   23       -0.028360       -0.446483        0.298739

     Cl  24       -0.445835        1.140406        1.107548
     Cl  24        1.140406       -1.356170       -1.075034
     Cl  24        1.107548       -1.075034        1.802004


     NQR/NMR SPECTROSCOPIC PARAMETERS:
     Cl   1    Vxx=   -0.6851    axis=(  0.201284  0.721887 -0.662091)
     Cl   1    Vyy=   -2.9405    axis=(  0.426720  0.543794  0.722633)
     Cl   1    Vzz=    3.6256    axis=(  0.881700 -0.427982 -0.198587)
     Cl   1  Q=        -8.1650 1e-30 m^2  Cq=       -69.5554 MHz  eta= 0.62209

     C    2    Vxx=    0.0226    axis=(  0.186339  0.982090 -0.027890)
     C    2    Vyy=    0.1752    axis=(  0.839011 -0.173834 -0.515599)
     C    2    Vzz=   -0.1977    axis=( -0.511213  0.072676 -0.856376)
     C    2  Q=         1.0000 1e-30 m^2  Cq=        -0.4646 MHz  eta= 0.77157

     C    3    Vxx=   -0.0500    axis=( -0.544700  0.719828 -0.430289)
     C    3    Vyy=   -0.4434    axis=( -0.454314 -0.684554 -0.570074)
     C    3    Vzz=    0.4935    axis=( -0.704912 -0.115033  0.699905)
     C    3  Q=         1.0000 1e-30 m^2  Cq=         1.1595 MHz  eta= 0.79719

     H    4    Vxx=   -0.0293    axis=(  0.310019 -0.935667  0.168570)
     H    4    Vyy=   -0.4919    axis=(  0.597103  0.053646 -0.800369)
     H    4    Vzz=    0.5212    axis=(  0.739836  0.348783  0.575321)
     H    4  Q=         1.0000 1e-30 m^2  Cq=         1.2246 MHz  eta= 0.88765

     C    5    Vxx=    0.1177    axis=( -0.344709  0.231623  0.909685)
     C    5    Vyy=    0.4958    axis=( -0.362530 -0.926742  0.098592)
     C    5    Vzz=   -0.6134    axis=(  0.865880 -0.295803  0.403427)
     C    5  Q=         1.0000 1e-30 m^2  Cq=        -1.4413 MHz  eta= 0.61639

     H    6    Vxx=   -0.0713    axis=(  0.902200  0.110691 -0.416872)
     H    6    Vyy=   -0.2722    axis=( -0.430594  0.287109 -0.855662)
     H    6    Vzz=    0.3435    axis=(  0.024973  0.951481  0.306693)
     H    6  Q=         1.0000 1e-30 m^2  Cq=         0.8070 MHz  eta= 0.58504

     H    7    Vxx=   -0.0785    axis=( -0.730117  0.357016  0.582639)
     H    7    Vyy=   -0.3878    axis=( -0.660203 -0.148643 -0.736232)
     H    7    Vzz=    0.4662    axis=( -0.176241 -0.922196  0.344229)
     H    7  Q=         1.0000 1e-30 m^2  Cq=         1.0955 MHz  eta= 0.66336

     C    8    Vxx=    0.0962    axis=(  0.571783 -0.342900 -0.745308)
     C    8    Vyy=    0.5756    axis=( -0.710832  0.246512 -0.658749)
     C    8    Vzz=   -0.6718    axis=( -0.409612 -0.906450  0.102793)
     C    8  Q=         1.0000 1e-30 m^2  Cq=        -1.5784 MHz  eta= 0.71370

     H    9    Vxx=   -0.1301    axis=( -0.408163 -0.837354  0.363651)
     H    9    Vyy=   -0.2386    axis=(  0.582438 -0.545594 -0.602572)
     H    9    Vzz=    0.3687    axis=(  0.702972 -0.034144  0.710398)
     H    9  Q=         1.0000 1e-30 m^2  Cq=         0.8663 MHz  eta= 0.29439

     C   10    Vxx=   -0.0959    axis=(  0.109491  0.893238 -0.436047)
     C   10    Vyy=   -0.3880    axis=( -0.866433 -0.129227 -0.482281)
     C   10    Vzz=    0.4839    axis=( -0.487141  0.430611  0.759782)
     C   10  Q=         1.0000 1e-30 m^2  Cq=         1.1369 MHz  eta= 0.60375

     C   11    Vxx=    0.1779    axis=(  0.892331  0.381040 -0.241980)
     C   11    Vyy=    0.4221    axis=( -0.032216  0.588482  0.807869)
     C   11    Vzz=   -0.6000    axis=( -0.450230  0.713091 -0.537396)
     C   11  Q=         1.0000 1e-30 m^2  Cq=        -1.4098 MHz  eta= 0.40709

     Cl  12    Vxx=    0.3527    axis=( -0.865433 -0.464830  0.186974)
     Cl  12    Vyy=    2.4375    axis=( -0.223639  0.692333  0.686047)
     Cl  12    Vzz=   -2.7902    axis=( -0.448343  0.551913 -0.703122)
     Cl  12  Q=        -8.1650 1e-30 m^2  Cq=        53.5280 MHz  eta= 0.74718

     H   13    Vxx=   -0.0337    axis=(  0.816859  0.303647 -0.490448)
     H   13    Vyy=   -0.5976    axis=( -0.560207  0.620282 -0.549015)
     H   13    Vzz=    0.6313    axis=(  0.137510  0.723221  0.676789)
     H   13  Q=         1.0000 1e-30 m^2  Cq=         1.4832 MHz  eta= 0.89335

     C   14    Vxx=    0.0712    axis=( -0.605987 -0.293511  0.739345)
     C   14    Vyy=    0.7141    axis=( -0.637256  0.735417 -0.230360)
     C   14    Vzz=   -0.7853    axis=( -0.476114 -0.610747 -0.632695)
     C   14  Q=         1.0000 1e-30 m^2  Cq=        -1.8452 MHz  eta= 0.81858

     H   15    Vxx=    0.0317    axis=( -0.468200  0.629282  0.620317)
     H   15    Vyy=    0.7510    axis=( -0.834269 -0.083478 -0.545002)
     H   15    Vzz=   -0.7827    axis=(  0.291177  0.772681 -0.564075)
     H   15  Q=         1.0000 1e-30 m^2  Cq=        -1.8389 MHz  eta= 0.91910

     C   16    Vxx=    0.0985    axis=(  0.411336  0.417183  0.810408)
     C   16    Vyy=    0.3651    axis=(  0.002659 -0.889654  0.456628)
     C   16    Vzz=   -0.4637    axis=(  0.911480 -0.185672 -0.367056)
     C   16  Q=         1.0000 1e-30 m^2  Cq=        -1.0894 MHz  eta= 0.57493

     C   17    Vxx=    0.1038    axis=(  0.930170  0.136245 -0.340912)
     C   17    Vyy=    0.6159    axis=(  0.259110 -0.901477  0.346699)
     C   17    Vzz=   -0.7197    axis=( -0.260088 -0.410823 -0.873830)
     C   17  Q=         1.0000 1e-30 m^2  Cq=        -1.6910 MHz  eta= 0.71144

     Cl  18    Vxx=   -0.3851    axis=(  0.882264 -0.223285 -0.414431)
     Cl  18    Vyy=   -2.4643    axis=(  0.462527  0.575025  0.674845)
     Cl  18    Vzz=    2.8494    axis=( -0.087626  0.787077 -0.610599)
     Cl  18  Q=        -8.1650 1e-30 m^2  Cq=       -54.6640 MHz  eta= 0.72967

     H   19    Vxx=   -0.1218    axis=(  0.667672 -0.161273 -0.726777)
     H   19    Vyy=   -0.1892    axis=(  0.737932  0.272334  0.617488)
     H   19    Vzz=    0.3110    axis=( -0.098341  0.948591 -0.300838)
     H   19  Q=         1.0000 1e-30 m^2  Cq=         0.7307 MHz  eta= 0.21658

     C   20    Vxx=    0.0538    axis=( -0.205667 -0.207391  0.956394)
     C   20    Vyy=    0.4817    axis=( -0.275002  0.950155  0.146900)
     C   20    Vzz=   -0.5355    axis=( -0.939188 -0.232797 -0.252449)
     C   20  Q=         1.0000 1e-30 m^2  Cq=        -1.2582 MHz  eta= 0.79905

     H   21    Vxx=   -0.0162    axis=( -0.220217  0.724528  0.653119)
     H   21    Vyy=   -0.5474    axis=(  0.633771  0.615252 -0.468827)
     H   21    Vzz=    0.5637    axis=( -0.741511  0.310684 -0.594674)
     H   21  Q=         1.0000 1e-30 m^2  Cq=         1.3244 MHz  eta= 0.94239

     C   22    Vxx=   -0.0522    axis=( -0.427122 -0.546970 -0.719993)
     C   22    Vyy=   -0.4464    axis=(  0.531510 -0.796062  0.289451)
     C   22    Vzz=    0.4986    axis=( -0.731480 -0.259053  0.630736)
     C   22  Q=         1.0000 1e-30 m^2  Cq=         1.1714 MHz  eta= 0.79071

     C   23    Vxx=   -0.2084    axis=( -0.024860  0.750992  0.659843)
     C   23    Vyy=   -0.4842    axis=( -0.999327 -0.000851 -0.036682)
     C   23    Vzz=    0.6926    axis=( -0.026986 -0.660311  0.750508)
     C   23  Q=         1.0000 1e-30 m^2  Cq=         1.6273 MHz  eta= 0.39833

     Cl  24    Vxx=    0.2868    axis=(  0.774379  0.620022 -0.126137)
     Cl  24    Vyy=    2.3593    axis=(  0.296996 -0.180163  0.937729)
     Cl  24    Vzz=   -2.6462    axis=(  0.558687 -0.763619 -0.323658)
     Cl  24  Q=        -8.1650 1e-30 m^2  Cq=        50.7656 MHz  eta= 0.78320

     Initialization:
     gipaw_setup  :      9.14s CPU     10.72s WALL (       1 calls)

     Linear response

     Apply operators

     Induced current

     Other routines
     efg          :      9.48s CPU     11.68s WALL (       1 calls)

     General routines
     calbec       :      3.28s CPU      4.14s WALL (      16 calls)
     fft          :      1.62s CPU      2.57s WALL (      15 calls)
     ffts         :      0.04s CPU      0.04s WALL (       2 calls)
     fftw         :      3.36s CPU      4.12s WALL (     672 calls)
     davcio       :      0.04s CPU      0.38s WALL (      32 calls)

     Parallel routines
     fft_scatter  :      2.39s CPU      3.89s WALL (     689 calls)

     Plugins

     GIPAW        :     63.55s CPU     74.19s WALL (       1 calls)
