
     Program QE v.6.0 (svn rev. 13079) starts on 24Jan2017 at  8:54:11 

     This program is part of the open-source Quantum ESPRESSO suite
     for quantum simulation of materials; please cite
         "P. Giannozzi et al., J. Phys.:Condens. Matter 21 395502 (2009);
          URL http://www.quantum-espresso.org", 
     in publications or presentations arising from this work. More details at
     http://www.quantum-espresso.org/quote

     Parallel version (MPI), running on     8 processors
     R & G space division:  proc/nbgrp/npool/nimage =       8

     ***** This is GIPAW svn revision unknown      *****

     Parallelizing q-star over 1 images

     Reading data from directory:
     /users/majewski/paradichlorobenzene/pbe/9_constraint/scratch/pbe.ecut100.np8.dt60.pcl2phi-129368.save
     Message from routine read_xml_file:
     file /users/majewski/paradichlorobenzene/pbe/9_constraint/scratch/pbe.ecut100.np8.dt60.pcl2phi-129368.save not guaranteed to be safe for post-processing

   Info: using nr1, nr2, nr3 values from input

   Info: using nr1, nr2, nr3 values from input

     IMPORTANT: XC functional enforced from input :
     Exchange-correlation      =  SLA  PW   PBX  PBC ( 1  4  3  4 0 0)
     Any further DFT definition will be discarded
     Please, verify this is what you really want

               file C.pbe-n-kjpaw_psl.1.0.0.UPF: wavefunction(s)  2S 2P renormalized
               file Cl.pbe-n-kjpaw_psl.1.0.0.UPF: wavefunction(s)  3S 3P renormalized
               file H.pbe-kjpaw_psl.1.0.0.UPF: wavefunction(s)  1S renormalized

     Parallelization info
     --------------------
     sticks:   dense  smooth     PW     G-vecs:    dense   smooth      PW
     Min        3057    1223    332               144436    36536    5170
     Max        3059    1225    333               144437    36537    5171
     Sum       24467    9791   2657              1155489   292295   41363


     Subspace diagonalization in iterative solution of the eigenvalue problem:
     a serial algorithm will be used

     GIPAW projectors -----------------------------------------------
     atom=  C    l=0  rc=    1.2000  rs=    0.8000
     atom=  C    l=0  rc=    1.2000  rs=    0.8000
     atom=  C    l=1  rc=    1.4000  rs=    0.9333
     atom=  C    l=1  rc=    1.4000  rs=    0.9333
     projs nearly linearly dependent: l=1  n1,n2= 1, 2  s=  0.99951561

     atom=  Cl   l=0  rc=    1.6000  rs=    1.0667
     atom=  Cl   l=0  rc=    1.6000  rs=    1.0667
     atom=  Cl   l=1  rc=    1.6000  rs=    1.0667
     atom=  Cl   l=1  rc=    1.6000  rs=    1.0667
     atom=  Cl   l=2  rc=    1.6000  rs=    1.0667
     atom=  Cl   l=2  rc=    1.6000  rs=    1.0667
     projs nearly linearly dependent: l=2  n1,n2= 1, 2  s=  0.99993509

     atom=  H    l=0  rc=    1.0000  rs=    0.6667
     atom=  H    l=0  rc=    1.0000  rs=    0.6667
     projs nearly linearly dependent: l=0  n1,n2= 1, 2  s=  0.99968852
     -----------------------------------------------------------------

     GIPAW integrals: -------------------------------------------
     Atom  i/j   nmr_para   nmr_dia   epr_rmc  epr_para   epr_dia
       C   1 1   0.83E+03  0.17E-01  0.93E+01  0.24E+08  0.24E+03
       C   2 1   0.86E+03 -0.61E-01  0.94E+01  0.25E+08  0.25E+03
       C   2 2   0.90E+03 -0.15E+00  0.97E+01  0.26E+08  0.26E+03
       C   3 3   0.33E+01  0.34E+00  0.18E+01  0.55E+03  0.21E+02
       C   4 3   0.35E+01  0.37E+00  0.20E+01  0.59E+03  0.22E+02
       C   4 4   0.38E+01  0.39E+00  0.22E+01  0.63E+03  0.24E+02
       Cl  1 1   0.14E+04 -0.47E+00  0.84E+01  0.32E+09  0.42E+03
       Cl  2 1   0.21E+04 -0.37E+00  0.12E+02  0.49E+09  0.65E+03
       Cl  2 2   0.33E+04 -0.16E+00  0.21E+02  0.76E+09  0.10E+04
       Cl  3 3   0.21E+02  0.79E-01  0.89E+01  0.23E+05  0.13E+03
       Cl  4 3   0.24E+02  0.67E-01  0.99E+01  0.27E+05  0.15E+03
       Cl  4 4   0.28E+02  0.44E-01  0.11E+02  0.32E+05  0.18E+03
       Cl  5 5   0.77E+00  0.19E+00  0.18E+01  0.12E+03  0.22E+02
       Cl  6 5   0.80E+00  0.19E+00  0.19E+01  0.12E+03  0.23E+02
       Cl  6 6   0.83E+00  0.20E+00  0.19E+01  0.12E+03  0.23E+02
       H   1 1   0.39E+02  0.19E+00  0.29E+00  0.78E+05  0.13E+02
       H   2 1   0.41E+02  0.21E+00  0.32E+00  0.82E+05  0.14E+02
       H   2 2   0.43E+02  0.22E+00  0.36E+00  0.86E+05  0.15E+02
     ------------------------------------------------------------

     alpha_pv=     34.1603 eV

     Number of occupied bands for each k-point:
     k-point:     1    nbnd_occ=  42
     k-point:     2    nbnd_occ=  42
     k-point:     3    nbnd_occ=  42
     k-point:     4    nbnd_occ=  42
     k-point:     5    nbnd_occ=  42
     k-point:     6    nbnd_occ=  42
     k-point:     7    nbnd_occ=  42
     k-point:     8    nbnd_occ=  42
     k-point:     9    nbnd_occ=  42
     k-point:    10    nbnd_occ=  42
     k-point:    11    nbnd_occ=  42
     k-point:    12    nbnd_occ=  42
     k-point:    13    nbnd_occ=  42
     k-point:    14    nbnd_occ=  42
     k-point:    15    nbnd_occ=  42
     k-point:    16    nbnd_occ=  42


     q-space interpolation up to   110.00 Rydberg

     GIPAW job: efg                                                                             


     ELECTRIC FIELD GRADIENTS TENSORS IN Hartree/bohrradius^2:

     ----- bare term -----
     Cl   1       -0.168939        0.118816        0.024457
     Cl   1        0.118816        0.024498       -0.121581
     Cl   1        0.024457       -0.121581        0.144441

     C    2        0.003221        0.036444       -0.189577
     C    2        0.036444        0.025640       -0.618186
     C    2       -0.189577       -0.618186       -0.028860

     C    3       -0.494075        0.375778       -0.315870
     C    3        0.375778        0.223078       -0.256058
     C    3       -0.315870       -0.256058        0.270997

     H    4       -0.354144       -0.461022       -0.409074
     H    4       -0.461022        0.097830       -0.245498
     H    4       -0.409074       -0.245498        0.256314

     C    5       -0.083865        0.350678       -0.117523
     C    5        0.350678       -0.094863       -0.435629
     C    5       -0.117523       -0.435629        0.178728

     H    6        0.441764       -0.094751       -0.052112
     H    6       -0.094751       -0.490512       -0.603501
     H    6       -0.052112       -0.603501        0.048748

     H    7        0.081051        0.099357       -0.161064
     H    7        0.099357       -0.338446        0.511982
     H    7       -0.161064        0.511982        0.257396

     C    8       -0.610926       -0.315807       -0.367192
     C    8       -0.315807        0.151938        0.172031
     C    8       -0.367192        0.172031        0.458988

     H    9       -0.678580        0.120573        0.019002
     H    9        0.120573        0.428234        0.195687
     H    9        0.019002        0.195687        0.250346

     C   10        0.006717        0.099012       -0.363213
     C   10        0.099012       -0.244187        0.554037
     C   10       -0.363213        0.554037        0.237471

     C   11       -0.486934       -0.299941       -0.313543
     C   11       -0.299941        0.152708        0.382804
     C   11       -0.313543        0.382804        0.334226

     Cl  12       -0.018445        0.081647       -0.030064
     Cl  12        0.081647        0.150684        0.017046
     Cl  12       -0.030064        0.017046       -0.132239

     H   13        0.553528        0.028706       -0.064944
     H   13        0.028706       -0.106921       -0.220546
     H   13       -0.064944       -0.220546       -0.446607

     C   14       -0.696388        0.338643       -0.244895
     C   14        0.338643        0.401314       -0.164011
     C   14       -0.244895       -0.164011        0.295073

     H   15       -0.448176        0.202504       -0.345044
     H   15        0.202504        0.098061       -0.221303
     H   15       -0.345044       -0.221303        0.350115

     C   16        0.040071        0.039211       -0.211883
     C   16        0.039211       -0.033731       -0.642770
     C   16       -0.211883       -0.642770       -0.006340

     C   17       -0.638546        0.382927       -0.395357
     C   17        0.382927        0.352540       -0.164877
     C   17       -0.395357       -0.164877        0.286006

     Cl  18       -0.093014        0.008564        0.046573
     Cl  18        0.008564       -0.058715        0.097956
     Cl  18        0.046573        0.097956        0.151729

     H   19        0.457824       -0.040524       -0.062595
     H   19       -0.040524       -0.791453       -0.007530
     H   19       -0.062595       -0.007530        0.333629

     C   20       -0.205879        0.055084       -0.266896
     C   20        0.055084        0.012508        0.489775
     C   20       -0.266896        0.489775        0.193371

     H   21       -0.123562        0.447336       -0.202049
     H   21        0.447336       -0.298280       -0.041322
     H   21       -0.202049       -0.041322        0.421841

     C   22       -0.611323       -0.333301       -0.157031
     C   22       -0.333301        0.231763        0.316699
     C   22       -0.157031        0.316699        0.379561

     C   23       -0.044726        0.096133       -0.312397
     C   23        0.096133        0.010246        0.640695
     C   23       -0.312397        0.640695        0.034480

     Cl  24       -0.233318       -0.250575       -0.008924
     Cl  24       -0.250575        0.214136       -0.002771
     Cl  24       -0.008924       -0.002771        0.019182

     ----- ionic term -----
     Cl   1        0.076504       -0.195849        0.009062
     Cl   1       -0.195849        0.074099       -0.000082
     Cl   1        0.009062       -0.000082       -0.150603

     C    2        0.162133       -0.147087        0.282711
     C    2       -0.147087        0.102183        0.406801
     C    2        0.282711        0.406801       -0.264315

     C    3        0.148305       -0.221106        0.186724
     C    3       -0.221106        0.088936        0.419420
     C    3        0.186724        0.419420       -0.237241

     H    4        0.529258        0.209351        0.738710
     H    4        0.209351       -0.508776        0.213404
     H    4        0.738710        0.213404       -0.020482

     C    5        0.305452       -0.212706        0.171598
     C    5       -0.212706       -0.013210        0.329682
     C    5        0.171598        0.329682       -0.292242

     H    6       -0.506377       -0.019267       -0.016974
     H    6       -0.019267        0.452817        0.791515
     H    6       -0.016974        0.791515        0.053560

     H    7       -0.488527       -0.212616        0.123863
     H    7       -0.212616        0.637438       -0.679169
     H    7        0.123863       -0.679169       -0.148911

     C    8        0.291744        0.107657        0.239817
     C    8        0.107657        0.085125       -0.295434
     C    8        0.239817       -0.295434       -0.376868

     H    9        0.773487       -0.422245        0.458317
     H    9       -0.422245       -0.333791       -0.202547
     H    9        0.458317       -0.202547       -0.439696

     C   10        0.193186        0.154741        0.146454
     C   10        0.154741        0.259766       -0.344046
     C   10        0.146454       -0.344046       -0.452952

     C   11        0.250176        0.096866        0.246490
     C   11        0.096866        0.195145       -0.370760
     C   11        0.246490       -0.370760       -0.445321

     Cl  12        0.154280        0.218262        0.000621
     Cl  12        0.218262        0.001262       -0.007898
     Cl  12        0.000621       -0.007898       -0.155542

     H   13       -0.507896        0.108106        0.110165
     H   13        0.108106        0.480314        0.785857
     H   13        0.110165        0.785857        0.027581

     C   14        0.331168       -0.159930        0.241728
     C   14       -0.159930       -0.048542        0.331704
     C   14        0.241728        0.331704       -0.282626

     H   15        0.742671        0.379920        0.521111
     H   15        0.379920       -0.407544        0.227838
     H   15        0.521111        0.227838       -0.335127

     C   16        0.191559       -0.171707        0.120247
     C   16       -0.171707        0.100402        0.431076
     C   16        0.120247        0.431076       -0.291961

     C   17        0.220529       -0.162268        0.154760
     C   17       -0.162268        0.041881        0.468626
     C   17        0.154760        0.468626       -0.262409

     Cl  18        0.155006       -0.222953       -0.051182
     Cl  18       -0.222953       -0.023650        0.036349
     Cl  18       -0.051182        0.036349       -0.131356

     H   19       -0.501469       -0.001263        0.015080
     H   19       -0.001263        0.718605       -0.661558
     H   19        0.015080       -0.661558       -0.217136

     C   20        0.327364        0.179303        0.275364
     C   20        0.179303        0.117867       -0.253168
     C   20        0.275364       -0.253168       -0.445231

     H   21        0.679393       -0.482695        0.507561
     H   21       -0.482695       -0.277398       -0.261271
     H   21        0.507561       -0.261271       -0.401995

     C   22        0.162493        0.220630        0.192511
     C   22        0.220630        0.260100       -0.337208
     C   22        0.192511       -0.337208       -0.422593

     C   23        0.225902        0.155432        0.222369
     C   23        0.155432        0.160529       -0.373524
     C   23        0.222369       -0.373524       -0.386431

     Cl  24        0.158027        0.196763        0.014360
     Cl  24        0.196763       -0.001086       -0.000321
     Cl  24        0.014360       -0.000321       -0.156941

     ----- GIPAW term -----
     Cl   1        0.379385       -1.877758        0.149926
     Cl   1       -1.877758        0.330560       -0.992746
     Cl   1        0.149926       -0.992746       -0.709944

     C    2       -0.039839        0.019089       -0.053652
     C    2        0.019089        0.153837       -0.166921
     C    2       -0.053652       -0.166921       -0.113998

     C    3       -0.129702        0.185448       -0.095879
     C    3        0.185448        0.214849       -0.075872
     C    3       -0.095879       -0.075872       -0.085147

     H    4       -0.000000        0.000000        0.000000
     H    4        0.000000        0.000000        0.000000
     H    4        0.000000        0.000000        0.000000

     C    5       -0.042232        0.193902        0.014036
     C    5        0.193902        0.164680       -0.060597
     C    5        0.014036       -0.060597       -0.122448

     H    6       -0.000000        0.000000        0.000000
     H    6        0.000000        0.000000        0.000000
     H    6        0.000000        0.000000        0.000000

     H    7       -0.000000        0.000000        0.000000
     H    7        0.000000        0.000000        0.000000
     H    7        0.000000        0.000000        0.000000

     C    8       -0.116017        0.036371       -0.080293
     C    8        0.036371        0.104287       -0.047879
     C    8       -0.080293       -0.047879        0.011730

     H    9       -0.000000        0.000000        0.000000
     H    9        0.000000        0.000000        0.000000
     H    9        0.000000        0.000000        0.000000

     C   10        0.003103        0.166013       -0.130321
     C   10        0.166013        0.031567        0.016022
     C   10       -0.130321        0.016022       -0.034670

     C   11       -0.114447        0.084469       -0.035035
     C   11        0.084469        0.208332        0.125680
     C   11       -0.035035        0.125680       -0.093885

     Cl  12        0.836647        2.551476       -0.172231
     Cl  12        2.551476        1.553170        0.205548
     Cl  12       -0.172231        0.205548       -2.389817

     H   13       -0.000000        0.000000        0.000000
     H   13        0.000000        0.000000        0.000000
     H   13        0.000000        0.000000        0.000000

     C   14       -0.174326        0.051286       -0.020965
     C   14        0.051286        0.221836       -0.085673
     C   14       -0.020965       -0.085673       -0.047510

     H   15       -0.000000        0.000000        0.000000
     H   15        0.000000        0.000000        0.000000
     H   15        0.000000        0.000000        0.000000

     C   16       -0.117261       -0.049687       -0.025147
     C   16       -0.049687        0.271841       -0.089069
     C   16       -0.025147       -0.089069       -0.154580

     C   17       -0.154801        0.036033       -0.045358
     C   17        0.036033        0.295546        0.044950
     C   17       -0.045358        0.044950       -0.140745

     Cl  18       -0.406692       -1.604648        0.329648
     Cl  18       -1.604648       -0.733609        1.634005
     Cl  18        0.329648        1.634005        1.140300

     H   19       -0.000000        0.000000        0.000000
     H   19        0.000000        0.000000        0.000000
     H   19        0.000000        0.000000        0.000000

     C   20       -0.110372        0.023628       -0.019697
     C   20        0.023628        0.142579        0.227157
     C   20       -0.019697        0.227157       -0.032207

     H   21       -0.000000        0.000000        0.000000
     H   21        0.000000        0.000000        0.000000
     H   21        0.000000        0.000000        0.000000

     C   22       -0.213329        0.032139       -0.008962
     C   22        0.032139        0.275523        0.094971
     C   22       -0.008962        0.094971       -0.062194

     C   23       -0.031383        0.122082       -0.046651
     C   23        0.122082        0.214872        0.079777
     C   23       -0.046651        0.079777       -0.183489

     Cl  24       -0.291575        0.678571       -0.107221
     Cl  24        0.678571        2.270136       -0.101863
     Cl  24       -0.107221       -0.101863       -1.978561

     ----- total EFG -----
     Cl   1        0.286950       -1.954792        0.183445
     Cl   1       -1.954792        0.429156       -1.114409
     Cl   1        0.183445       -1.114409       -0.716107

     C    2        0.125515       -0.091554        0.039482
     C    2       -0.091554        0.281659       -0.378305
     C    2        0.039482       -0.378305       -0.407174

     C    3       -0.475472        0.340120       -0.225026
     C    3        0.340120        0.526863        0.087489
     C    3       -0.225026        0.087489       -0.051391

     H    4        0.175114       -0.251670        0.329637
     H    4       -0.251670       -0.410946       -0.032094
     H    4        0.329637       -0.032094        0.235832

     C    5        0.179355        0.331873        0.068112
     C    5        0.331873        0.056608       -0.166544
     C    5        0.068112       -0.166544       -0.235962

     H    6       -0.064613       -0.114018       -0.069086
     H    6       -0.114018       -0.037694        0.188014
     H    6       -0.069086        0.188014        0.102307

     H    7       -0.407476       -0.113259       -0.037201
     H    7       -0.113259        0.298992       -0.167187
     H    7       -0.037201       -0.167187        0.108485

     C    8       -0.435199       -0.171779       -0.207668
     C    8       -0.171779        0.341349       -0.171282
     C    8       -0.207668       -0.171282        0.093850

     H    9        0.094907       -0.301672        0.477319
     H    9       -0.301672        0.094443       -0.006860
     H    9        0.477319       -0.006860       -0.189350

     C   10        0.203006        0.419767       -0.347080
     C   10        0.419767        0.047146        0.226014
     C   10       -0.347080        0.226014       -0.250152

     C   11       -0.351205       -0.118606       -0.102088
     C   11       -0.118606        0.556185        0.137724
     C   11       -0.102088        0.137724       -0.204980

     Cl  12        0.972482        2.851385       -0.201674
     Cl  12        2.851385        1.705115        0.214695
     Cl  12       -0.201674        0.214695       -2.677598

     H   13        0.045632        0.136812        0.045220
     H   13        0.136812        0.373393        0.565311
     H   13        0.045220        0.565311       -0.419026

     C   14       -0.539546        0.229999       -0.024132
     C   14        0.229999        0.574608        0.082020
     C   14       -0.024132        0.082020       -0.035062

     H   15        0.294495        0.582424        0.176067
     H   15        0.582424       -0.309484        0.006535
     H   15        0.176067        0.006535        0.014988

     C   16        0.114369       -0.182183       -0.116783
     C   16       -0.182183        0.338513       -0.300763
     C   16       -0.116783       -0.300763       -0.452882

     C   17       -0.572819        0.256692       -0.285955
     C   17        0.256692        0.689967        0.348699
     C   17       -0.285955        0.348699       -0.117148

     Cl  18       -0.344699       -1.819036        0.325039
     Cl  18       -1.819036       -0.815973        1.768310
     Cl  18        0.325039        1.768310        1.160673

     H   19       -0.043645       -0.041787       -0.047515
     H   19       -0.041787       -0.072848       -0.669089
     H   19       -0.047515       -0.669089        0.116493

     C   20        0.011113        0.258015       -0.011229
     C   20        0.258015        0.272954        0.463764
     C   20       -0.011229        0.463764       -0.284067

     H   21        0.555831       -0.035358        0.305512
     H   21       -0.035358       -0.575677       -0.302593
     H   21        0.305512       -0.302593        0.019846

     C   22       -0.662159       -0.080532        0.026518
     C   22       -0.080532        0.767386        0.074462
     C   22        0.026518        0.074462       -0.105226

     C   23        0.149793        0.373647       -0.136678
     C   23        0.373647        0.385647        0.346948
     C   23       -0.136678        0.346948       -0.535440

     Cl  24       -0.366865        0.624759       -0.101785
     Cl  24        0.624759        2.483186       -0.104955
     Cl  24       -0.101785       -0.104955       -2.116320

     ----- total EFG (symmetrized) -----
     Cl   1        0.286950       -1.954792        0.183445
     Cl   1       -1.954792        0.429156       -1.114409
     Cl   1        0.183445       -1.114409       -0.716107

     C    2        0.125515       -0.091554        0.039482
     C    2       -0.091554        0.281659       -0.378305
     C    2        0.039482       -0.378305       -0.407174

     C    3       -0.475472        0.340120       -0.225026
     C    3        0.340120        0.526863        0.087489
     C    3       -0.225026        0.087489       -0.051391

     H    4        0.175114       -0.251670        0.329637
     H    4       -0.251670       -0.410946       -0.032094
     H    4        0.329637       -0.032094        0.235832

     C    5        0.179355        0.331873        0.068112
     C    5        0.331873        0.056608       -0.166544
     C    5        0.068112       -0.166544       -0.235962

     H    6       -0.064613       -0.114018       -0.069086
     H    6       -0.114018       -0.037694        0.188014
     H    6       -0.069086        0.188014        0.102307

     H    7       -0.407476       -0.113259       -0.037201
     H    7       -0.113259        0.298992       -0.167187
     H    7       -0.037201       -0.167187        0.108485

     C    8       -0.435199       -0.171779       -0.207668
     C    8       -0.171779        0.341349       -0.171282
     C    8       -0.207668       -0.171282        0.093850

     H    9        0.094907       -0.301672        0.477319
     H    9       -0.301672        0.094443       -0.006860
     H    9        0.477319       -0.006860       -0.189350

     C   10        0.203006        0.419767       -0.347080
     C   10        0.419767        0.047146        0.226014
     C   10       -0.347080        0.226014       -0.250152

     C   11       -0.351205       -0.118606       -0.102088
     C   11       -0.118606        0.556185        0.137724
     C   11       -0.102088        0.137724       -0.204980

     Cl  12        0.972482        2.851385       -0.201674
     Cl  12        2.851385        1.705115        0.214695
     Cl  12       -0.201674        0.214695       -2.677598

     H   13        0.045632        0.136812        0.045220
     H   13        0.136812        0.373393        0.565311
     H   13        0.045220        0.565311       -0.419026

     C   14       -0.539546        0.229999       -0.024132
     C   14        0.229999        0.574608        0.082020
     C   14       -0.024132        0.082020       -0.035062

     H   15        0.294495        0.582424        0.176067
     H   15        0.582424       -0.309484        0.006535
     H   15        0.176067        0.006535        0.014988

     C   16        0.114369       -0.182183       -0.116783
     C   16       -0.182183        0.338513       -0.300763
     C   16       -0.116783       -0.300763       -0.452882

     C   17       -0.572819        0.256692       -0.285955
     C   17        0.256692        0.689967        0.348699
     C   17       -0.285955        0.348699       -0.117148

     Cl  18       -0.344699       -1.819036        0.325039
     Cl  18       -1.819036       -0.815973        1.768310
     Cl  18        0.325039        1.768310        1.160673

     H   19       -0.043645       -0.041787       -0.047515
     H   19       -0.041787       -0.072848       -0.669089
     H   19       -0.047515       -0.669089        0.116493

     C   20        0.011113        0.258015       -0.011229
     C   20        0.258015        0.272954        0.463764
     C   20       -0.011229        0.463764       -0.284067

     H   21        0.555831       -0.035358        0.305512
     H   21       -0.035358       -0.575677       -0.302593
     H   21        0.305512       -0.302593        0.019846

     C   22       -0.662159       -0.080532        0.026518
     C   22       -0.080532        0.767386        0.074462
     C   22        0.026518        0.074462       -0.105226

     C   23        0.149793        0.373647       -0.136678
     C   23        0.373647        0.385647        0.346948
     C   23       -0.136678        0.346948       -0.535440

     Cl  24       -0.366865        0.624759       -0.101785
     Cl  24        0.624759        2.483186       -0.104955
     Cl  24       -0.101785       -0.104955       -2.116320


     NQR/NMR SPECTROSCOPIC PARAMETERS:
     Cl   1    Vxx=   -0.6002    axis=( -0.555846 -0.176014  0.812437)
     Cl   1    Vyy=   -1.9838    axis=(  0.536191  0.670931  0.512203)
     Cl   1    Vzz=    2.5840    axis=(  0.635244 -0.720327  0.278558)
     Cl   1  Q=        -8.1650 1e-30 m^2  Cq=       -49.5728 MHz  eta= 0.53547

     C    2    Vxx=    0.0972    axis=(  0.962068  0.249006 -0.111447)
     C    2    Vyy=    0.4771    axis=( -0.272806  0.880061 -0.388676)
     C    2    Vzz=   -0.5744    axis=(  0.001298  0.404336  0.914609)
     C    2  Q=         1.0000 1e-30 m^2  Cq=        -1.3495 MHz  eta= 0.66138

     C    3    Vxx=    0.0414    axis=( -0.353399  0.079617  0.932079)
     C    3    Vyy=    0.6319    axis=( -0.288377 -0.957120 -0.027582)
     C    3    Vzz=   -0.6733    axis=(  0.889915 -0.278537  0.361205)
     C    3  Q=         1.0000 1e-30 m^2  Cq=        -1.5819 MHz  eta= 0.87701

     H    4    Vxx=   -0.0602    axis=(  0.601622 -0.366795 -0.709586)
     H    4    Vyy=   -0.5157    axis=( -0.395265 -0.908656  0.134573)
     H    4    Vzz=    0.5759    axis=( -0.694130  0.199512 -0.691649)
     H    4  Q=         1.0000 1e-30 m^2  Cq=         1.3532 MHz  eta= 0.79080

     C    5    Vxx=   -0.0586    axis=(  0.520634 -0.513380  0.682189)
     C    5    Vyy=   -0.4013    axis=(  0.403231 -0.556439 -0.726485)
     C    5    Vzz=    0.4600    axis=( -0.752559 -0.653312  0.082690)
     C    5  Q=         1.0000 1e-30 m^2  Cq=         1.0808 MHz  eta= 0.74500

     H    6    Vxx=   -0.0792    axis=( -0.810528  0.224367 -0.541021)
     H    6    Vyy=   -0.1980    axis=( -0.476048 -0.790488  0.385366)
     H    6    Vzz=    0.2772    axis=( -0.341207  0.569902  0.747522)
     H    6  Q=         1.0000 1e-30 m^2  Cq=         0.6513 MHz  eta= 0.42878

     H    7    Vxx=    0.0288    axis=( -0.192613  0.456706  0.868516)
     H    7    Vyy=    0.4041    axis=( -0.099595  0.871420 -0.480321)
     H    7    Vzz=   -0.4329    axis=( -0.976208 -0.179016 -0.122361)
     H    7  Q=         1.0000 1e-30 m^2  Cq=        -1.0172 MHz  eta= 0.86685

     C    8    Vxx=    0.1270    axis=( -0.415625  0.340758  0.843291)
     C    8    Vyy=    0.4337    axis=(  0.082255 -0.909285  0.407965)
     C    8    Vzz=   -0.5607    axis=(  0.905809  0.238926  0.349893)
     C    8  Q=         1.0000 1e-30 m^2  Cq=        -1.3175 MHz  eta= 0.54705

     H    9    Vxx=    0.0116    axis=(  0.219853  0.841512  0.493479)
     H    9    Vyy=    0.5821    axis=(  0.748841 -0.469783  0.467484)
     H    9    Vzz=   -0.5937    axis=(  0.625222  0.266759 -0.733442)
     H    9  Q=         1.0000 1e-30 m^2  Cq=        -1.3951 MHz  eta= 0.96091

     C   10    Vxx=    0.1031    axis=( -0.291371  0.649812  0.702031)
     C   10    Vyy=    0.5752    axis=( -0.806326 -0.561706  0.185268)
     C   10    Vzz=   -0.6783    axis=(  0.514724 -0.512084  0.687626)
     C   10  Q=         1.0000 1e-30 m^2  Cq=        -1.5937 MHz  eta= 0.69599

     C   11    Vxx=   -0.1937    axis=( -0.403784 -0.226652  0.886334)
     C   11    Vyy=   -0.4058    axis=( -0.903901 -0.050635 -0.424735)
     C   11    Vzz=    0.5995    axis=( -0.141147  0.972659  0.184425)
     C   11  Q=         1.0000 1e-30 m^2  Cq=         1.4086 MHz  eta= 0.35384

     Cl  12    Vxx=   -1.4651    axis=( -0.730538  0.641147  0.235040)
     Cl  12    Vyy=   -2.7486    axis=(  0.173891 -0.158184  0.971977)
     Cl  12    Vzz=    4.2137    axis=( -0.660360 -0.750938 -0.004070)
     Cl  12  Q=        -8.1650 1e-30 m^2  Cq=       -80.8383 MHz  eta= 0.30460

     H   13    Vxx=    0.0153    axis=(  0.976567 -0.174695 -0.125693)
     H   13    Vyy=    0.6985    axis=( -0.212984 -0.868357 -0.447876)
     H   13    Vzz=   -0.7139    axis=( -0.030905  0.464152 -0.885216)
     H   13  Q=         1.0000 1e-30 m^2  Cq=        -1.6773 MHz  eta= 0.95703

     C   14    Vxx=   -0.0409    axis=( -0.092852 -0.097354  0.990909)
     C   14    Vyy=   -0.5880    axis=(  0.977456 -0.198452  0.072093)
     C   14    Vzz=    0.6289    axis=(  0.189629  0.975263  0.113586)
     C   14  Q=         1.0000 1e-30 m^2  Cq=         1.4776 MHz  eta= 0.87006

     H   15    Vxx=   -0.0097    axis=( -0.126996 -0.225664  0.965892)
     H   15    Vyy=   -0.6745    axis=( -0.527816  0.839838  0.126816)
     H   15    Vzz=    0.6842    axis=( -0.839811 -0.493709 -0.225765)
     H   15  Q=         1.0000 1e-30 m^2  Cq=         1.6077 MHz  eta= 0.97168

     C   16    Vxx=    0.1033    axis=(  0.902513  0.269997 -0.335518)
     C   16    Vyy=    0.4921    axis=(  0.359655 -0.901067  0.242335)
     C   16    Vzz=   -0.5954    axis=(  0.236895  0.339381  0.910330)
     C   16  Q=         1.0000 1e-30 m^2  Cq=        -1.3990 MHz  eta= 0.65306

     C   17    Vxx=   -0.0237    axis=(  0.527553  0.212174 -0.822600)
     C   17    Vyy=   -0.8114    axis=( -0.842569  0.254318 -0.474763)
     C   17    Vzz=    0.8351    axis=( -0.108469 -0.943560 -0.312937)
     C   17  Q=         1.0000 1e-30 m^2  Cq=         1.9622 MHz  eta= 0.94324

     Cl  18    Vxx=    0.6143    axis=(  0.776902 -0.311826  0.546981)
     Cl  18    Vyy=    2.3992    axis=( -0.297534  0.583799  0.755416)
     Cl  18    Vzz=   -3.0135    axis=( -0.554885 -0.749629  0.360776)
     Cl  18  Q=        -8.1650 1e-30 m^2  Cq=        57.8122 MHz  eta= 0.59233

     H   19    Vxx=   -0.0374    axis=(  0.994803 -0.083909 -0.057679)
     H   19    Vyy=   -0.6603    axis=(  0.101173  0.750727  0.652819)
     H   19    Vzz=    0.6977    axis=( -0.011476 -0.655262  0.755315)
     H   19  Q=         1.0000 1e-30 m^2  Cq=         1.6393 MHz  eta= 0.89289

     C   20    Vxx=   -0.0361    axis=(  0.905824 -0.182478 -0.382342)
     C   20    Vyy=   -0.5807    axis=( -0.241692  0.518630 -0.820127)
     C   20    Vzz=    0.6168    axis=(  0.347949  0.835299  0.425684)
     C   20  Q=         1.0000 1e-30 m^2  Cq=         1.4492 MHz  eta= 0.88286

     H   21    Vxx=   -0.0059    axis=(  0.458038  0.394616 -0.796542)
     H   21    Vyy=   -0.7087    axis=(  0.073273 -0.909777 -0.408579)
     H   21    Vzz=    0.7146    axis=( -0.885908  0.128780 -0.445627)
     H   21  Q=         1.0000 1e-30 m^2  Cq=         1.6791 MHz  eta= 0.98342

     C   22    Vxx=   -0.1096    axis=(  0.059274 -0.079052  0.995107)
     C   22    Vyy=   -0.6684    axis=(  0.996773  0.058747 -0.054706)
     C   22    Vzz=    0.7779    axis=( -0.054135  0.995138  0.082279)
     C   22  Q=         1.0000 1e-30 m^2  Cq=         1.8278 MHz  eta= 0.71832

     C   23    Vxx=    0.0333    axis=( -0.797564  0.410439  0.442075)
     C   23    Vyy=    0.6952    axis=(  0.525875  0.832115  0.176183)
     C   23    Vzz=   -0.7285    axis=(  0.295545 -0.372993  0.879505)
     C   23  Q=         1.0000 1e-30 m^2  Cq=        -1.7117 MHz  eta= 0.90867

     Cl  24    Vxx=   -0.4941    axis=(  0.977218 -0.206754 -0.047937)
     Cl  24    Vyy=   -2.1233    axis=( -0.052294 -0.015658 -0.998509)
     Cl  24    Vzz=    2.6174    axis=(  0.205695  0.978268 -0.026113)
     Cl  24  Q=        -8.1650 1e-30 m^2  Cq=       -50.2126 MHz  eta= 0.62248

     Initialization:
     gipaw_setup  :      8.99s CPU     10.51s WALL (       1 calls)

     Linear response

     Apply operators

     Induced current

     Other routines
     efg          :      9.08s CPU     11.45s WALL (       1 calls)

     General routines
     calbec       :      3.23s CPU      4.28s WALL (      16 calls)
     fft          :      1.57s CPU      2.11s WALL (      15 calls)
     ffts         :      0.03s CPU      0.05s WALL (       2 calls)
     fftw         :      3.20s CPU      3.91s WALL (     672 calls)
     davcio       :      0.04s CPU      0.32s WALL (      32 calls)

     Parallel routines
     fft_scatter  :      2.08s CPU      3.07s WALL (     689 calls)

     Plugins

     GIPAW        :     61.22s CPU     74.36s WALL (       1 calls)
