
     Program QE v.6.0 (svn rev. 13079) starts on 31Dec2016 at 13:42:42 

     This program is part of the open-source Quantum ESPRESSO suite
     for quantum simulation of materials; please cite
         "P. Giannozzi et al., J. Phys.:Condens. Matter 21 395502 (2009);
          URL http://www.quantum-espresso.org", 
     in publications or presentations arising from this work. More details at
     http://www.quantum-espresso.org/quote

     Parallel version (MPI), running on     8 processors
     R & G space division:  proc/nbgrp/npool/nimage =       8

     ***** This is GIPAW svn revision unknown      *****

     Parallelizing q-star over 1 images

     Reading data from directory:
     /users/majewski/paradichlorobenzene/pbe/9_constraint/scratch/pbe.ecut100.np8.dt60.pcl2phi-129368.save
     Message from routine read_xml_file:
     file /users/majewski/paradichlorobenzene/pbe/9_constraint/scratch/pbe.ecut100.np8.dt60.pcl2phi-129368.save not guaranteed to be safe for post-processing

   Info: using nr1, nr2, nr3 values from input

   Info: using nr1, nr2, nr3 values from input

     IMPORTANT: XC functional enforced from input :
     Exchange-correlation      =  SLA  PW   PBX  PBC ( 1  4  3  4 0 0)
     Any further DFT definition will be discarded
     Please, verify this is what you really want

               file C.pbe-n-kjpaw_psl.1.0.0.UPF: wavefunction(s)  2S 2P renormalized
               file Cl.pbe-n-kjpaw_psl.1.0.0.UPF: wavefunction(s)  3S 3P renormalized
               file H.pbe-kjpaw_psl.1.0.0.UPF: wavefunction(s)  1S renormalized

     Parallelization info
     --------------------
     sticks:   dense  smooth     PW     G-vecs:    dense   smooth      PW
     Min        3057    1223    332               144436    36536    5170
     Max        3059    1225    333               144437    36537    5171
     Sum       24467    9791   2657              1155489   292295   41363


     Subspace diagonalization in iterative solution of the eigenvalue problem:
     a serial algorithm will be used

     GIPAW projectors -----------------------------------------------
     atom=  C    l=0  rc=    1.2000  rs=    0.8000
     atom=  C    l=0  rc=    1.2000  rs=    0.8000
     atom=  C    l=1  rc=    1.4000  rs=    0.9333
     atom=  C    l=1  rc=    1.4000  rs=    0.9333
     projs nearly linearly dependent: l=1  n1,n2= 1, 2  s=  0.99951561

     atom=  Cl   l=0  rc=    1.6000  rs=    1.0667
     atom=  Cl   l=0  rc=    1.6000  rs=    1.0667
     atom=  Cl   l=1  rc=    1.6000  rs=    1.0667
     atom=  Cl   l=1  rc=    1.6000  rs=    1.0667
     atom=  Cl   l=2  rc=    1.6000  rs=    1.0667
     atom=  Cl   l=2  rc=    1.6000  rs=    1.0667
     projs nearly linearly dependent: l=2  n1,n2= 1, 2  s=  0.99993509

     atom=  H    l=0  rc=    1.0000  rs=    0.6667
     atom=  H    l=0  rc=    1.0000  rs=    0.6667
     projs nearly linearly dependent: l=0  n1,n2= 1, 2  s=  0.99968852
     -----------------------------------------------------------------

     GIPAW integrals: -------------------------------------------
     Atom  i/j   nmr_para   nmr_dia   epr_rmc  epr_para   epr_dia
       C   1 1   0.83E+03  0.17E-01  0.93E+01  0.24E+08  0.24E+03
       C   2 1   0.86E+03 -0.61E-01  0.94E+01  0.25E+08  0.25E+03
       C   2 2   0.90E+03 -0.15E+00  0.97E+01  0.26E+08  0.26E+03
       C   3 3   0.33E+01  0.34E+00  0.18E+01  0.55E+03  0.21E+02
       C   4 3   0.35E+01  0.37E+00  0.20E+01  0.59E+03  0.22E+02
       C   4 4   0.38E+01  0.39E+00  0.22E+01  0.63E+03  0.24E+02
       Cl  1 1   0.14E+04 -0.47E+00  0.84E+01  0.32E+09  0.42E+03
       Cl  2 1   0.21E+04 -0.37E+00  0.12E+02  0.49E+09  0.65E+03
       Cl  2 2   0.33E+04 -0.16E+00  0.21E+02  0.76E+09  0.10E+04
       Cl  3 3   0.21E+02  0.79E-01  0.89E+01  0.23E+05  0.13E+03
       Cl  4 3   0.24E+02  0.67E-01  0.99E+01  0.27E+05  0.15E+03
       Cl  4 4   0.28E+02  0.44E-01  0.11E+02  0.32E+05  0.18E+03
       Cl  5 5   0.77E+00  0.19E+00  0.18E+01  0.12E+03  0.22E+02
       Cl  6 5   0.80E+00  0.19E+00  0.19E+01  0.12E+03  0.23E+02
       Cl  6 6   0.83E+00  0.20E+00  0.19E+01  0.12E+03  0.23E+02
       H   1 1   0.39E+02  0.19E+00  0.29E+00  0.78E+05  0.13E+02
       H   2 1   0.41E+02  0.21E+00  0.32E+00  0.82E+05  0.14E+02
       H   2 2   0.43E+02  0.22E+00  0.36E+00  0.86E+05  0.15E+02
     ------------------------------------------------------------

     alpha_pv=     34.1699 eV

     Number of occupied bands for each k-point:
     k-point:     1    nbnd_occ=  42
     k-point:     2    nbnd_occ=  42
     k-point:     3    nbnd_occ=  42
     k-point:     4    nbnd_occ=  42
     k-point:     5    nbnd_occ=  42
     k-point:     6    nbnd_occ=  42
     k-point:     7    nbnd_occ=  42
     k-point:     8    nbnd_occ=  42
     k-point:     9    nbnd_occ=  42
     k-point:    10    nbnd_occ=  42
     k-point:    11    nbnd_occ=  42
     k-point:    12    nbnd_occ=  42
     k-point:    13    nbnd_occ=  42
     k-point:    14    nbnd_occ=  42
     k-point:    15    nbnd_occ=  42
     k-point:    16    nbnd_occ=  42


     q-space interpolation up to   110.00 Rydberg

     GIPAW job: efg                                                                             


     ELECTRIC FIELD GRADIENTS TENSORS IN Hartree/bohrradius^2:

     ----- bare term -----
     Cl   1       -0.016367        0.296385       -0.008061
     Cl   1        0.296385       -0.139763       -0.017749
     Cl   1       -0.008061       -0.017749        0.156130

     C    2        0.058451       -0.374782       -0.527518
     C    2       -0.374782       -0.243118       -0.534314
     C    2       -0.527518       -0.534314        0.184667

     C    3       -0.562472        0.303835       -0.049833
     C    3        0.303835        0.171259       -0.305139
     C    3       -0.049833       -0.305139        0.391212

     H    4       -0.241000       -0.500308       -0.006428
     H    4       -0.500308       -0.060069        0.186100
     H    4       -0.006428        0.186100        0.301068

     C    5       -0.118039       -0.199409       -0.340114
     C    5       -0.199409        0.045555       -0.505722
     C    5       -0.340114       -0.505722        0.072484

     H    6        0.429033       -0.106698       -0.009366
     H    6       -0.106698       -0.726501        0.142283
     H    6       -0.009366        0.142283        0.297468

     H    7        0.136807        0.022515        0.392202
     H    7        0.022515        0.183743        0.236537
     H    7        0.392202        0.236537       -0.320550

     C    8       -0.262507       -0.102554       -0.198082
     C    8       -0.102554        0.257289        0.006185
     C    8       -0.198082        0.006185        0.005218

     H    9        0.211220        0.029539       -0.151829
     H    9        0.029539        0.217140       -0.240363
     H    9       -0.151829       -0.240363       -0.428361

     C   10        0.248967       -0.071731        0.207460
     C   10       -0.071731       -0.117665       -0.035978
     C   10        0.207460       -0.035978       -0.131302

     C   11       -0.105485       -0.047611       -0.370729
     C   11       -0.047611        0.084473        0.113612
     C   11       -0.370729        0.113612        0.021012

     Cl  12       -0.066960       -0.015832        0.119817
     Cl  12       -0.015832        0.007527       -0.131937
     Cl  12        0.119817       -0.131937        0.059433

     H   13        0.159855       -0.382642        0.246698
     H   13       -0.382642       -0.463472       -0.020279
     H   13        0.246698       -0.020279        0.303617

     C   14       -0.369609        0.453654       -0.206899
     C   14        0.453654        0.062994        0.042716
     C   14       -0.206899        0.042716        0.306615

     H   15       -0.591420       -0.046651        0.163872
     H   15       -0.046651        0.317108       -0.185398
     H   15        0.163872       -0.185398        0.274312

     C   16        0.019054       -0.210042       -0.111052
     C   16       -0.210042       -0.265666       -0.461859
     C   16       -0.111052       -0.461859        0.246612

     C   17       -0.689840        0.440611       -0.332827
     C   17        0.440611        0.152835       -0.038030
     C   17       -0.332827       -0.038030        0.537005

     Cl  18       -0.011280        0.084440        0.103527
     Cl  18        0.084440       -0.051774       -0.063426
     Cl  18        0.103527       -0.063426        0.063054

     H   19        0.329991        0.313595       -0.118311
     H   19        0.313595       -0.562795        0.469438
     H   19       -0.118311        0.469438        0.232804

     C   20       -0.051150       -0.478695       -0.083365
     C   20       -0.478695       -0.210120        0.416754
     C   20       -0.083365        0.416754        0.261270

     H   21       -0.092569        0.121089       -0.580272
     H   21        0.121089        0.442085        0.109434
     H   21       -0.580272        0.109434       -0.349516

     C   22       -0.390022       -0.280491       -0.301484
     C   22       -0.280491       -0.000629        0.309047
     C   22       -0.301484        0.309047        0.390651

     C   23       -0.042655       -0.274423       -0.232739
     C   23       -0.274423       -0.111711        0.615277
     C   23       -0.232739        0.615277        0.154367

     Cl  24        0.056932       -0.050121        0.040677
     Cl  24       -0.050121        0.007760       -0.047340
     Cl  24        0.040677       -0.047340       -0.064692

     ----- ionic term -----
     Cl   1        0.111552       -0.186647       -0.014679
     Cl   1       -0.186647        0.043442        0.016631
     Cl   1       -0.014679        0.016631       -0.154994

     C    2        0.235609       -0.088952        0.168964
     C    2       -0.088952        0.277294        0.286489
     C    2        0.168964        0.286489       -0.512903

     C    3        0.230841       -0.104625        0.112642
     C    3       -0.104625        0.295708        0.262675
     C    3        0.112642        0.262675       -0.526549

     H    4        0.843958        0.409951        0.409875
     H    4        0.409951       -0.349721        0.149965
     H    4        0.409875        0.149965       -0.494237

     C    5        0.384158       -0.055762        0.140561
     C    5       -0.055762        0.168157        0.214453
     C    5        0.140561        0.214453       -0.552314

     H    6       -0.478346        0.221413        0.048400
     H    6        0.221413        0.952865        0.390616
     H    6        0.048400        0.390616       -0.474519

     H    7       -0.509864        0.164473       -0.093816
     H    7        0.164473        0.480418       -0.753698
     H    7       -0.093816       -0.753698        0.029446

     C    8        0.126597        0.317168        0.332003
     C    8        0.317168       -0.000003       -0.254551
     C    8        0.332003       -0.254551       -0.126595

     H    9        0.227967       -0.039920        0.811588
     H    9       -0.039920       -0.522283       -0.122062
     H    9        0.811588       -0.122062        0.294315

     C   10       -0.015796        0.326738        0.261968
     C   10        0.326738        0.095653       -0.361628
     C   10        0.261968       -0.361628       -0.079857

     C   11        0.074655        0.249671        0.359503
     C   11        0.249671       -0.005838       -0.414992
     C   11        0.359503       -0.414992       -0.068816

     Cl  12        0.150669        0.222447        0.038973
     Cl  12        0.222447       -0.013748        0.008908
     Cl  12        0.038973        0.008908       -0.136922

     H   13       -0.495229        0.093546        0.045508
     H   13        0.093546        0.886134        0.492589
     H   13        0.045508        0.492589       -0.390905

     C   14        0.354614       -0.195045        0.178864
     C   14       -0.195045        0.161032        0.221276
     C   14        0.178864        0.221276       -0.515646

     H   15        0.819136        0.331252        0.489599
     H   15        0.331252       -0.419045        0.166720
     H   15        0.489599        0.166720       -0.400091

     C   16        0.239566       -0.187025        0.159154
     C   16       -0.187025        0.226438        0.309376
     C   16        0.159154        0.309376       -0.466004

     C   17        0.293523       -0.030645        0.155917
     C   17       -0.030645        0.197584        0.334387
     C   17        0.155917        0.334387       -0.491107

     Cl  18        0.125356       -0.207433       -0.014985
     Cl  18       -0.207433        0.027832        0.006541
     Cl  18       -0.014985        0.006541       -0.153188

     H   19       -0.541285       -0.053690        0.044508
     H   19       -0.053690        0.622866       -0.728158
     H   19        0.044508       -0.728158       -0.081581

     C   20        0.106902        0.239923        0.334433
     C   20        0.239923        0.042343       -0.279138
     C   20        0.334433       -0.279138       -0.149245

     H   21        0.388961       -0.128468        0.763322
     H   21       -0.128468       -0.521256       -0.182592
     H   21        0.763322       -0.182592        0.132295

     C   22        0.040816        0.298154        0.238183
     C   22        0.298154        0.115358       -0.361122
     C   22        0.238183       -0.361122       -0.156174

     C   23        0.069086        0.236966        0.370727
     C   23        0.236966        0.013157       -0.370151
     C   23        0.370727       -0.370151       -0.082243

     Cl  24        0.116783        0.192639        0.018225
     Cl  24        0.192639        0.030221        0.008613
     Cl  24        0.018225        0.008613       -0.147004

     ----- GIPAW term -----
     Cl   1        2.504966       -1.400627       -0.099688
     Cl   1       -1.400627       -1.001171       -0.053346
     Cl   1       -0.099688       -0.053346       -1.503794

     C    2        0.058836       -0.252403       -0.174381
     C    2       -0.252403       -0.020577        0.055788
     C    2       -0.174381        0.055788       -0.038259

     C    3       -0.183505       -0.038637        0.024837
     C    3       -0.038637        0.222463       -0.134391
     C    3        0.024837       -0.134391       -0.038958

     H    4       -0.000000        0.000000        0.000000
     H    4        0.000000        0.000000        0.000000
     H    4        0.000000        0.000000        0.000000

     C    5       -0.080253       -0.115292       -0.023733
     C    5       -0.115292        0.210389       -0.141087
     C    5       -0.023733       -0.141087       -0.130135

     H    6       -0.000000        0.000000        0.000000
     H    6        0.000000        0.000000        0.000000
     H    6        0.000000        0.000000        0.000000

     H    7       -0.000000        0.000000        0.000000
     H    7        0.000000        0.000000        0.000000
     H    7        0.000000        0.000000        0.000000

     C    8       -0.006012       -0.044728       -0.038030
     C    8       -0.044728        0.029400        0.020774
     C    8       -0.038030        0.020774       -0.023388

     H    9       -0.000000        0.000000        0.000000
     H    9        0.000000        0.000000        0.000000
     H    9        0.000000        0.000000        0.000000

     C   10        0.018654        0.012716        0.029557
     C   10        0.012716        0.002416       -0.029335
     C   10        0.029557       -0.029335       -0.021070

     C   11        0.040637       -0.040506       -0.063839
     C   11       -0.040506        0.029159        0.033649
     C   11       -0.063839        0.033649       -0.069796

     Cl  12        0.115243       -0.214957       -1.182763
     Cl  12       -0.214957        0.043227        1.378441
     Cl  12       -1.182763        1.378441       -0.158470

     H   13       -0.000000        0.000000        0.000000
     H   13        0.000000        0.000000        0.000000
     H   13        0.000000        0.000000        0.000000

     C   14        0.035471       -0.026055       -0.064439
     C   14       -0.026055        0.000237        0.064548
     C   14       -0.064439        0.064548       -0.035708

     H   15       -0.000000        0.000000        0.000000
     H   15        0.000000        0.000000        0.000000
     H   15        0.000000        0.000000        0.000000

     C   16       -0.006312       -0.079322       -0.063649
     C   16       -0.079322       -0.022286        0.025571
     C   16       -0.063649        0.025571        0.028598

     C   17       -0.083011       -0.089518       -0.123543
     C   17       -0.089518        0.037923        0.138295
     C   17       -0.123543        0.138295        0.045088

     Cl  18       -0.026759       -1.996156       -0.630906
     Cl  18       -1.996156        0.172664        1.518162
     Cl  18       -0.630906        1.518162       -0.145905

     H   19       -0.000000        0.000000        0.000000
     H   19        0.000000        0.000000        0.000000
     H   19        0.000000        0.000000        0.000000

     C   20        0.029690       -0.243441        0.034583
     C   20       -0.243441        0.057888        0.050073
     C   20        0.034583        0.050073       -0.087578

     H   21       -0.000000        0.000000        0.000000
     H   21        0.000000        0.000000        0.000000
     H   21        0.000000        0.000000        0.000000

     C   22       -0.079458       -0.096608       -0.009770
     C   22       -0.096608        0.023838       -0.014815
     C   22       -0.009770       -0.014815        0.055620

     C   23        0.076878       -0.066884       -0.074260
     C   23       -0.066884        0.059770        0.139305
     C   23       -0.074260        0.139305       -0.136648

     Cl  24        1.859773        1.625964        0.387767
     Cl  24        1.625964        0.056058       -0.358220
     Cl  24        0.387767       -0.358220       -1.915831

     ----- total EFG -----
     Cl   1        2.600151       -1.290889       -0.122428
     Cl   1       -1.290889       -1.097492       -0.054464
     Cl   1       -0.122428       -0.054464       -1.502658

     C    2        0.352897       -0.716137       -0.532935
     C    2       -0.716137        0.013599       -0.192038
     C    2       -0.532935       -0.192038       -0.366495

     C    3       -0.515136        0.160572        0.087646
     C    3        0.160572        0.689429       -0.176855
     C    3        0.087646       -0.176855       -0.174294

     H    4        0.602958       -0.090358        0.403447
     H    4       -0.090358       -0.409790        0.336065
     H    4        0.403447        0.336065       -0.193169

     C    5        0.185866       -0.370463       -0.223286
     C    5       -0.370463        0.424100       -0.432356
     C    5       -0.223286       -0.432356       -0.609966

     H    6       -0.049313        0.114715        0.039035
     H    6        0.114715        0.226364        0.532899
     H    6        0.039035        0.532899       -0.177051

     H    7       -0.373057        0.186988        0.298387
     H    7        0.186988        0.664161       -0.517161
     H    7        0.298387       -0.517161       -0.291105

     C    8       -0.141922        0.169885        0.095892
     C    8        0.169885        0.286686       -0.227593
     C    8        0.095892       -0.227593       -0.144764

     H    9        0.439188       -0.010381        0.659759
     H    9       -0.010381       -0.305142       -0.362424
     H    9        0.659759       -0.362424       -0.134045

     C   10        0.251825        0.267724        0.498985
     C   10        0.267724       -0.019596       -0.426941
     C   10        0.498985       -0.426941       -0.232228

     C   11        0.009806        0.161554       -0.075066
     C   11        0.161554        0.107794       -0.267731
     C   11       -0.075066       -0.267731       -0.117600

     Cl  12        0.198952       -0.008342       -1.023973
     Cl  12       -0.008342        0.037007        1.255411
     Cl  12       -1.023973        1.255411       -0.235959

     H   13       -0.335374       -0.289096        0.292206
     H   13       -0.289096        0.422662        0.472310
     H   13        0.292206        0.472310       -0.087288

     C   14        0.020477        0.232554       -0.092474
     C   14        0.232554        0.224263        0.328540
     C   14       -0.092474        0.328540       -0.244740

     H   15        0.227716        0.284601        0.653471
     H   15        0.284601       -0.101937       -0.018678
     H   15        0.653471       -0.018678       -0.125780

     C   16        0.252308       -0.476388       -0.015547
     C   16       -0.476388       -0.061514       -0.126912
     C   16       -0.015547       -0.126912       -0.190794

     C   17       -0.479327        0.320448       -0.300453
     C   17        0.320448        0.388342        0.434652
     C   17       -0.300453        0.434652        0.090986

     Cl  18        0.087317       -2.119149       -0.542364
     Cl  18       -2.119149        0.148722        1.461277
     Cl  18       -0.542364        1.461277       -0.236039

     H   19       -0.211294        0.259905       -0.073803
     H   19        0.259905        0.060070       -0.258719
     H   19       -0.073803       -0.258719        0.151224

     C   20        0.085442       -0.482213        0.285652
     C   20       -0.482213       -0.109889        0.187690
     C   20        0.285652        0.187690        0.024447

     H   21        0.296392       -0.007379        0.183050
     H   21       -0.007379       -0.079172       -0.073158
     H   21        0.183050       -0.073158       -0.217221

     C   22       -0.428664       -0.078945       -0.073071
     C   22       -0.078945        0.138568       -0.066891
     C   22       -0.073071       -0.066891        0.290097

     C   23        0.103309       -0.104342        0.063728
     C   23       -0.104342       -0.038784        0.384431
     C   23        0.063728        0.384431       -0.064524

     Cl  24        2.033488        1.768482        0.446668
     Cl  24        1.768482        0.094039       -0.396948
     Cl  24        0.446668       -0.396948       -2.127527

     ----- total EFG (symmetrized) -----
     Cl   1        2.600151       -1.290889       -0.122428
     Cl   1       -1.290889       -1.097492       -0.054464
     Cl   1       -0.122428       -0.054464       -1.502658

     C    2        0.352897       -0.716137       -0.532935
     C    2       -0.716137        0.013599       -0.192038
     C    2       -0.532935       -0.192038       -0.366495

     C    3       -0.515136        0.160572        0.087646
     C    3        0.160572        0.689429       -0.176855
     C    3        0.087646       -0.176855       -0.174294

     H    4        0.602958       -0.090358        0.403447
     H    4       -0.090358       -0.409790        0.336065
     H    4        0.403447        0.336065       -0.193169

     C    5        0.185866       -0.370463       -0.223286
     C    5       -0.370463        0.424100       -0.432356
     C    5       -0.223286       -0.432356       -0.609966

     H    6       -0.049313        0.114715        0.039035
     H    6        0.114715        0.226364        0.532899
     H    6        0.039035        0.532899       -0.177051

     H    7       -0.373057        0.186988        0.298387
     H    7        0.186988        0.664161       -0.517161
     H    7        0.298387       -0.517161       -0.291105

     C    8       -0.141922        0.169885        0.095892
     C    8        0.169885        0.286686       -0.227593
     C    8        0.095892       -0.227593       -0.144764

     H    9        0.439188       -0.010381        0.659759
     H    9       -0.010381       -0.305142       -0.362424
     H    9        0.659759       -0.362424       -0.134045

     C   10        0.251825        0.267724        0.498985
     C   10        0.267724       -0.019596       -0.426941
     C   10        0.498985       -0.426941       -0.232228

     C   11        0.009806        0.161554       -0.075066
     C   11        0.161554        0.107794       -0.267731
     C   11       -0.075066       -0.267731       -0.117600

     Cl  12        0.198952       -0.008342       -1.023973
     Cl  12       -0.008342        0.037007        1.255411
     Cl  12       -1.023973        1.255411       -0.235959

     H   13       -0.335374       -0.289096        0.292206
     H   13       -0.289096        0.422662        0.472310
     H   13        0.292206        0.472310       -0.087288

     C   14        0.020477        0.232554       -0.092474
     C   14        0.232554        0.224263        0.328540
     C   14       -0.092474        0.328540       -0.244740

     H   15        0.227716        0.284601        0.653471
     H   15        0.284601       -0.101937       -0.018678
     H   15        0.653471       -0.018678       -0.125780

     C   16        0.252308       -0.476388       -0.015547
     C   16       -0.476388       -0.061514       -0.126912
     C   16       -0.015547       -0.126912       -0.190794

     C   17       -0.479327        0.320448       -0.300453
     C   17        0.320448        0.388342        0.434652
     C   17       -0.300453        0.434652        0.090986

     Cl  18        0.087317       -2.119149       -0.542364
     Cl  18       -2.119149        0.148722        1.461277
     Cl  18       -0.542364        1.461277       -0.236039

     H   19       -0.211294        0.259905       -0.073803
     H   19        0.259905        0.060070       -0.258719
     H   19       -0.073803       -0.258719        0.151224

     C   20        0.085442       -0.482213        0.285652
     C   20       -0.482213       -0.109889        0.187690
     C   20        0.285652        0.187690        0.024447

     H   21        0.296392       -0.007379        0.183050
     H   21       -0.007379       -0.079172       -0.073158
     H   21        0.183050       -0.073158       -0.217221

     C   22       -0.428664       -0.078945       -0.073071
     C   22       -0.078945        0.138568       -0.066891
     C   22       -0.073071       -0.066891        0.290097

     C   23        0.103309       -0.104342        0.063728
     C   23       -0.104342       -0.038784        0.384431
     C   23        0.063728        0.384431       -0.064524

     Cl  24        2.033488        1.768482        0.446668
     Cl  24        1.768482        0.094039       -0.396948
     Cl  24        0.446668       -0.396948       -2.127527


     NQR/NMR SPECTROSCOPIC PARAMETERS:
     Cl   1    Vxx=   -1.4156    axis=( -0.197716 -0.681849  0.704266)
     Cl   1    Vyy=   -1.5929    axis=(  0.226166  0.667334  0.709587)
     Cl   1    Vzz=    3.0085    axis=( -0.953812  0.299578  0.022269)
     Cl   1  Q=        -8.1650 1e-30 m^2  Cq=       -57.7157 MHz  eta= 0.05895

     C    2    Vxx=   -0.0236    axis=( -0.227205 -0.655452  0.720251)
     C    2    Vyy=   -0.9694    axis=( -0.547225 -0.525856 -0.651169)
     C    2    Vzz=    0.9931    axis=( -0.805558  0.542088  0.239202)
     C    2  Q=         1.0000 1e-30 m^2  Cq=         2.3333 MHz  eta= 0.95243

     C    3    Vxx=   -0.1717    axis=(  0.304495  0.136824  0.942636)
     C    3    Vyy=   -0.5685    axis=(  0.945836 -0.160413 -0.282244)
     C    3    Vzz=    0.7402    axis=( -0.112593 -0.977521  0.178258)
     C    3  Q=         1.0000 1e-30 m^2  Cq=         1.7391 MHz  eta= 0.53618

     H    4    Vxx=   -0.0413    axis=(  0.318103 -0.680265 -0.660341)
     H    4    Vyy=   -0.7323    axis=(  0.242037  0.731712 -0.637194)
     H    4    Vzz=    0.7736    axis=(  0.916640  0.042866  0.397409)
     H    4  Q=         1.0000 1e-30 m^2  Cq=         1.8178 MHz  eta= 0.89319

     C    5    Vxx=    0.1418    axis=(  0.810958  0.369725 -0.453486)
     C    5    Vyy=    0.7367    axis=(  0.493489 -0.848604  0.190632)
     C    5    Vzz=   -0.8785    axis=(  0.314349  0.378385  0.870638)
     C    5  Q=         1.0000 1e-30 m^2  Cq=        -2.0641 MHz  eta= 0.67711

     H    6    Vxx=   -0.0675    axis=(  0.982564 -0.103684 -0.154327)
     H    6    Vyy=   -0.5474    axis=( -0.067880  0.572709 -0.816944)
     H    6    Vzz=    0.6149    axis=(  0.173089  0.813176  0.555685)
     H    6  Q=         1.0000 1e-30 m^2  Cq=         1.4449 MHz  eta= 0.78031

     H    7    Vxx=   -0.0912    axis=( -0.773725 -0.216186 -0.595494)
     H    7    Vyy=   -0.8016    axis=(  0.632010 -0.328302 -0.701984)
     H    7    Vzz=    0.8928    axis=( -0.043743 -0.919501  0.390647)
     H    7  Q=         1.0000 1e-30 m^2  Cq=         2.0977 MHz  eta= 0.79579

     C    8    Vxx=   -0.0494    axis=(  0.762597  0.051198  0.644845)
     C    8    Vyy=   -0.3622    axis=(  0.607339 -0.399823 -0.686499)
     C    8    Vzz=    0.4116    axis=( -0.222677 -0.915161  0.335998)
     C    8  Q=         1.0000 1e-30 m^2  Cq=         0.9671 MHz  eta= 0.75980

     H    9    Vxx=   -0.1403    axis=(  0.447974  0.808920 -0.380746)
     H    9    Vyy=   -0.7689    axis=( -0.393155  0.560720  0.728713)
     H    9    Vzz=    0.9092    axis=( -0.802962  0.176753 -0.569219)
     H    9  Q=         1.0000 1e-30 m^2  Cq=         2.1362 MHz  eta= 0.69136

     C   10    Vxx=    0.2861    axis=(  0.274645  0.855017 -0.439905)
     C   10    Vyy=    0.5644    axis=( -0.847639 -0.000703 -0.530572)
     C   10    Vzz=   -0.8504    axis=( -0.453957  0.518600  0.724553)
     C   10  Q=         1.0000 1e-30 m^2  Cq=        -1.9982 MHz  eta= 0.32726

     C   11    Vxx=   -0.0734    axis=(  0.892524 -0.305126  0.332114)
     C   11    Vyy=   -0.2982    axis=( -0.104654  0.576174  0.810599)
     C   11    Vzz=    0.3716    axis=( -0.438691 -0.758236  0.482316)
     C   11  Q=         1.0000 1e-30 m^2  Cq=         0.8730 MHz  eta= 0.60515

     Cl  12    Vxx=    0.1252    axis=(  0.766850  0.639873  0.050036)
     Cl  12    Vyy=    1.5687    axis=(  0.502284 -0.549767 -0.667433)
     Cl  12    Vzz=   -1.6939    axis=( -0.399564  0.536953 -0.742987)
     Cl  12  Q=        -8.1650 1e-30 m^2  Cq=        32.4968 MHz  eta= 0.85220

     H   13    Vxx=    0.0396    axis=(  0.711507 -0.265321  0.650664)
     H   13    Vyy=    0.7152    axis=( -0.108345  0.873479  0.474654)
     H   13    Vzz=   -0.7548    axis=( -0.694276 -0.408216  0.592740)
     H   13  Q=         1.0000 1e-30 m^2  Cq=        -1.7735 MHz  eta= 0.89495

     C   14    Vxx=    0.0273    axis=(  0.849842 -0.173016 -0.497830)
     C   14    Vyy=    0.4610    axis=( -0.379048 -0.856941 -0.349248)
     C   14    Vzz=   -0.4883    axis=(  0.366185 -0.485507  0.793846)
     C   14  Q=         1.0000 1e-30 m^2  Cq=        -1.1474 MHz  eta= 0.88818

     H   15    Vxx=   -0.0921    axis=(  0.005453  0.915829 -0.401532)
     H   15    Vyy=   -0.6895    axis=( -0.613578  0.320130  0.721830)
     H   15    Vzz=    0.7816    axis=(  0.789615  0.242435  0.563678)
     H   15  Q=         1.0000 1e-30 m^2  Cq=         1.8364 MHz  eta= 0.76445

     C   16    Vxx=   -0.1475    axis=(  0.293653  0.276304 -0.915109)
     C   16    Vyy=   -0.4544    axis=( -0.519387 -0.757558 -0.395402)
     C   16    Vzz=    0.6019    axis=( -0.802499  0.591406 -0.078951)
     C   16  Q=         1.0000 1e-30 m^2  Cq=         1.4141 MHz  eta= 0.50990

     C   17    Vxx=    0.0961    axis=(  0.589124  0.399020 -0.702649)
     C   17    Vyy=    0.7065    axis=( -0.086833 -0.833272 -0.546002)
     C   17    Vzz=   -0.8026    axis=(  0.803363 -0.382676  0.456253)
     C   17  Q=         1.0000 1e-30 m^2  Cq=        -1.8858 MHz  eta= 0.76061

     Cl  18    Vxx=   -0.6385    axis=(  0.562863 -0.018697  0.826339)
     Cl  18    Vyy=   -2.2609    axis=(  0.572484  0.729938 -0.373433)
     Cl  18    Vzz=    2.8994    axis=( -0.596194  0.683257  0.421559)
     Cl  18  Q=        -8.1650 1e-30 m^2  Cq=       -55.6240 MHz  eta= 0.55954

     H   19    Vxx=   -0.0679    axis=(  0.490464  0.477553  0.728964)
     H   19    Vyy=   -0.3808    axis=( -0.803636  0.571391  0.166379)
     H   19    Vzz=    0.4487    axis=( -0.337069 -0.667424  0.664025)
     H   19  Q=         1.0000 1e-30 m^2  Cq=         1.0543 MHz  eta= 0.69727

     C   20    Vxx=    0.1539    axis=(  0.060923  0.502300  0.862545)
     C   20    Vyy=    0.5075    axis=(  0.797716 -0.543913  0.260401)
     C   20    Vzz=   -0.6614    axis=(  0.599948  0.672201 -0.433829)
     C   20  Q=         1.0000 1e-30 m^2  Cq=        -1.5540 MHz  eta= 0.53455

     H   21    Vxx=   -0.0602    axis=(  0.154799  0.952259 -0.263135)
     H   21    Vyy=   -0.2968    axis=( -0.278124  0.297577  0.913288)
     H   21    Vzz=    0.3570    axis=(  0.947990 -0.068192  0.310911)
     H   21  Q=         1.0000 1e-30 m^2  Cq=         0.8387 MHz  eta= 0.66295

     C   22    Vxx=    0.1308    axis=(  0.172670 -0.933963 -0.312886)
     C   22    Vyy=    0.3177    axis=( -0.057796 -0.326717  0.943353)
     C   22    Vzz=   -0.4485    axis=( -0.983283 -0.144805 -0.110393)
     C   22  Q=         1.0000 1e-30 m^2  Cq=        -1.0538 MHz  eta= 0.41692

     C   23    Vxx=    0.1238    axis=( -0.968464  0.040073 -0.245910)
     C   23    Vyy=    0.3374    axis=( -0.140730  0.726482  0.672621)
     C   23    Vzz=   -0.4612    axis=( -0.205603 -0.686016  0.697932)
     C   23  Q=         1.0000 1e-30 m^2  Cq=        -1.0836 MHz  eta= 0.46307

     Cl  24    Vxx=   -0.7238    axis=( -0.457120  0.807093 -0.373688)
     Cl  24    Vyy=   -2.3633    axis=( -0.217275  0.306088  0.926877)
     Cl  24    Vzz=    3.0871    axis=( -0.862457 -0.504888 -0.035442)
     Cl  24  Q=        -8.1650 1e-30 m^2  Cq=       -59.2249 MHz  eta= 0.53108

     Initialization:
     gipaw_setup  :      9.28s CPU     10.87s WALL (       1 calls)

     Linear response

     Apply operators

     Induced current

     Other routines
     efg          :      9.24s CPU     11.56s WALL (       1 calls)

     General routines
     calbec       :      3.29s CPU      4.26s WALL (      16 calls)
     fft          :      1.40s CPU      1.89s WALL (      15 calls)
     ffts         :      0.04s CPU      0.04s WALL (       2 calls)
     fftw         :      3.28s CPU      3.73s WALL (     672 calls)
     davcio       :      0.03s CPU      0.33s WALL (      32 calls)

     Parallel routines
     fft_scatter  :      1.96s CPU      2.79s WALL (     689 calls)

     Plugins

     GIPAW        :     60.44s CPU     71.85s WALL (       1 calls)
