
     Program QE v.6.0 (svn rev. 13079) starts on 16Dec2016 at 17:49:47 

     This program is part of the open-source Quantum ESPRESSO suite
     for quantum simulation of materials; please cite
         "P. Giannozzi et al., J. Phys.:Condens. Matter 21 395502 (2009);
          URL http://www.quantum-espresso.org", 
     in publications or presentations arising from this work. More details at
     http://www.quantum-espresso.org/quote

     Parallel version (MPI), running on     8 processors
     R & G space division:  proc/nbgrp/npool/nimage =       8

     ***** This is GIPAW svn revision unknown      *****

     Parallelizing q-star over 1 images

     Reading data from directory:
     /users/majewski/paradichlorobenzene/pbe/9_constraint/scratch/pbe.ecut100.np8.dt60.pcl2phi-129368.save
     Message from routine read_xml_file:
     file /users/majewski/paradichlorobenzene/pbe/9_constraint/scratch/pbe.ecut100.np8.dt60.pcl2phi-129368.save not guaranteed to be safe for post-processing

   Info: using nr1, nr2, nr3 values from input

   Info: using nr1, nr2, nr3 values from input

     IMPORTANT: XC functional enforced from input :
     Exchange-correlation      =  SLA  PW   PBX  PBC ( 1  4  3  4 0 0)
     Any further DFT definition will be discarded
     Please, verify this is what you really want

               file C.pbe-n-kjpaw_psl.1.0.0.UPF: wavefunction(s)  2S 2P renormalized
               file Cl.pbe-n-kjpaw_psl.1.0.0.UPF: wavefunction(s)  3S 3P renormalized
               file H.pbe-kjpaw_psl.1.0.0.UPF: wavefunction(s)  1S renormalized

     Parallelization info
     --------------------
     sticks:   dense  smooth     PW     G-vecs:    dense   smooth      PW
     Min        3057    1223    332               144436    36536    5170
     Max        3059    1225    333               144437    36537    5171
     Sum       24467    9791   2657              1155489   292295   41363


     Subspace diagonalization in iterative solution of the eigenvalue problem:
     a serial algorithm will be used

     GIPAW projectors -----------------------------------------------
     atom=  C    l=0  rc=    1.2000  rs=    0.8000
     atom=  C    l=0  rc=    1.2000  rs=    0.8000
     atom=  C    l=1  rc=    1.4000  rs=    0.9333
     atom=  C    l=1  rc=    1.4000  rs=    0.9333
     projs nearly linearly dependent: l=1  n1,n2= 1, 2  s=  0.99951561

     atom=  Cl   l=0  rc=    1.6000  rs=    1.0667
     atom=  Cl   l=0  rc=    1.6000  rs=    1.0667
     atom=  Cl   l=1  rc=    1.6000  rs=    1.0667
     atom=  Cl   l=1  rc=    1.6000  rs=    1.0667
     atom=  Cl   l=2  rc=    1.6000  rs=    1.0667
     atom=  Cl   l=2  rc=    1.6000  rs=    1.0667
     projs nearly linearly dependent: l=2  n1,n2= 1, 2  s=  0.99993509

     atom=  H    l=0  rc=    1.0000  rs=    0.6667
     atom=  H    l=0  rc=    1.0000  rs=    0.6667
     projs nearly linearly dependent: l=0  n1,n2= 1, 2  s=  0.99968852
     -----------------------------------------------------------------

     GIPAW integrals: -------------------------------------------
     Atom  i/j   nmr_para   nmr_dia   epr_rmc  epr_para   epr_dia
       C   1 1   0.83E+03  0.17E-01  0.93E+01  0.24E+08  0.24E+03
       C   2 1   0.86E+03 -0.61E-01  0.94E+01  0.25E+08  0.25E+03
       C   2 2   0.90E+03 -0.15E+00  0.97E+01  0.26E+08  0.26E+03
       C   3 3   0.33E+01  0.34E+00  0.18E+01  0.55E+03  0.21E+02
       C   4 3   0.35E+01  0.37E+00  0.20E+01  0.59E+03  0.22E+02
       C   4 4   0.38E+01  0.39E+00  0.22E+01  0.63E+03  0.24E+02
       Cl  1 1   0.14E+04 -0.47E+00  0.84E+01  0.32E+09  0.42E+03
       Cl  2 1   0.21E+04 -0.37E+00  0.12E+02  0.49E+09  0.65E+03
       Cl  2 2   0.33E+04 -0.16E+00  0.21E+02  0.76E+09  0.10E+04
       Cl  3 3   0.21E+02  0.79E-01  0.89E+01  0.23E+05  0.13E+03
       Cl  4 3   0.24E+02  0.67E-01  0.99E+01  0.27E+05  0.15E+03
       Cl  4 4   0.28E+02  0.44E-01  0.11E+02  0.32E+05  0.18E+03
       Cl  5 5   0.77E+00  0.19E+00  0.18E+01  0.12E+03  0.22E+02
       Cl  6 5   0.80E+00  0.19E+00  0.19E+01  0.12E+03  0.23E+02
       Cl  6 6   0.83E+00  0.20E+00  0.19E+01  0.12E+03  0.23E+02
       H   1 1   0.39E+02  0.19E+00  0.29E+00  0.78E+05  0.13E+02
       H   2 1   0.41E+02  0.21E+00  0.32E+00  0.82E+05  0.14E+02
       H   2 2   0.43E+02  0.22E+00  0.36E+00  0.86E+05  0.15E+02
     ------------------------------------------------------------

     alpha_pv=     34.2754 eV

     Number of occupied bands for each k-point:
     k-point:     1    nbnd_occ=  42
     k-point:     2    nbnd_occ=  42
     k-point:     3    nbnd_occ=  42
     k-point:     4    nbnd_occ=  42
     k-point:     5    nbnd_occ=  42
     k-point:     6    nbnd_occ=  42
     k-point:     7    nbnd_occ=  42
     k-point:     8    nbnd_occ=  42
     k-point:     9    nbnd_occ=  42
     k-point:    10    nbnd_occ=  42
     k-point:    11    nbnd_occ=  42
     k-point:    12    nbnd_occ=  42
     k-point:    13    nbnd_occ=  42
     k-point:    14    nbnd_occ=  42
     k-point:    15    nbnd_occ=  42
     k-point:    16    nbnd_occ=  42


     q-space interpolation up to   110.00 Rydberg

     GIPAW job: efg                                                                             


     ELECTRIC FIELD GRADIENTS TENSORS IN Hartree/bohrradius^2:

     ----- bare term -----
     Cl   1       -0.020418       -0.001950        0.056385
     Cl   1       -0.001950       -0.033213        0.009595
     Cl   1        0.056385        0.009595        0.053631

     C    2       -0.753862        0.299827       -0.250922
     C    2        0.299827        0.205552       -0.071048
     C    2       -0.250922       -0.071048        0.548310

     C    3        0.353589       -0.033198        0.229157
     C    3       -0.033198       -0.221803       -0.075940
     C    3        0.229157       -0.075940       -0.131786

     H    4       -0.345292       -0.252416        0.274127
     H    4       -0.252416        0.213299        0.010545
     H    4        0.274127        0.010545        0.131993

     C    5       -0.354239        0.212625       -0.109210
     C    5        0.212625        0.291259        0.033046
     C    5       -0.109210        0.033046        0.062980

     H    6        0.349597       -0.309446        0.154664
     H    6       -0.309446       -0.522238        0.221132
     H    6        0.154664        0.221132        0.172641

     H    7        0.217430        0.340122       -0.134519
     H    7        0.340122       -0.463988        0.447384
     H    7       -0.134519        0.447384        0.246558

     C    8       -0.193361       -0.334292       -0.260428
     C    8       -0.334292       -0.113995        0.489308
     C    8       -0.260428        0.489308        0.307356

     H    9       -0.302122        0.200256       -0.513084
     H    9        0.200256        0.339886        0.220705
     H    9       -0.513084        0.220705       -0.037764

     C   10       -0.283539       -0.369625       -0.211659
     C   10       -0.369625       -0.168800        0.429962
     C   10       -0.211659        0.429962        0.452339

     C   11       -0.169757        0.118315       -0.345970
     C   11        0.118315       -0.057661        0.664228
     C   11       -0.345970        0.664228        0.227419

     Cl  12        0.003820       -0.150093        0.016787
     Cl  12       -0.150093       -0.055174        0.003446
     Cl  12        0.016787        0.003446        0.051355

     H   13        0.289321       -0.424022        0.091001
     H   13       -0.424022       -0.644008        0.026536
     H   13        0.091001        0.026536        0.354687

     C   14       -0.112214        0.319543       -0.169778
     C   14        0.319543       -0.065868       -0.472127
     C   14       -0.169778       -0.472127        0.178083

     H   15       -0.170698       -0.394783        0.073436
     H   15       -0.394783       -0.120663        0.176546
     H   15        0.073436        0.176546        0.291360

     C   16       -0.348461        0.261725       -0.174259
     C   16        0.261725        0.024892       -0.314448
     C   16       -0.174259       -0.314448        0.323569

     C   17       -0.025983       -0.149835       -0.360249
     C   17       -0.149835       -0.108267       -0.571911
     C   17       -0.360249       -0.571911        0.134250

     Cl  18       -0.276491        0.209967        0.035532
     Cl  18        0.209967        0.096328       -0.177482
     Cl  18        0.035532       -0.177482        0.180163

     H   19        0.541620        0.000717       -0.063724
     H   19        0.000717       -0.115707        0.282174
     H   19       -0.063724        0.282174       -0.425913

     C   20       -0.597056       -0.333766       -0.138875
     C   20       -0.333766        0.267684        0.347553
     C   20       -0.138875        0.347553        0.329371

     H   21        0.029186        0.012843       -0.506112
     H   21        0.012843        0.272109       -0.210151
     H   21       -0.506112       -0.210151       -0.301295

     C   22        0.019031       -0.154195       -0.137374
     C   22       -0.154195       -0.083890        0.399083
     C   22       -0.137374        0.399083        0.064860

     C   23       -0.255365       -0.247627       -0.380473
     C   23       -0.247627        0.087014        0.118475
     C   23       -0.380473        0.118475        0.168351

     Cl  24        0.083399        0.069415        0.094587
     Cl  24        0.069415       -0.078888       -0.247453
     Cl  24        0.094587       -0.247453       -0.004511

     ----- ionic term -----
     Cl   1        0.146876       -0.204745        0.000937
     Cl   1       -0.204745        0.021811        0.001383
     Cl   1        0.000937        0.001383       -0.168687

     C    2        0.298215       -0.078289        0.093019
     C    2       -0.078289        0.300084        0.230099
     C    2        0.093019        0.230099       -0.598299

     C    3        0.250448       -0.153425        0.027264
     C    3       -0.153425        0.346256        0.275440
     C    3        0.027264        0.275440       -0.596704

     H    4        0.874628        0.454625        0.354278
     H    4        0.454625       -0.307398        0.155861
     H    4        0.354278        0.155861       -0.567230

     C    5        0.451814       -0.105235       -0.004391
     C    5       -0.105235        0.154932        0.237543
     C    5       -0.004391        0.237543       -0.606747

     H    6       -0.489348        0.159766        0.029502
     H    6        0.159766        0.900216        0.499637
     H    6        0.029502        0.499637       -0.410868

     H    7       -0.528991       -0.146245        0.114263
     H    7       -0.146245        0.540974       -0.751428
     H    7        0.114263       -0.751428       -0.011983

     C    8        0.186734        0.288995        0.377312
     C    8        0.288995        0.058693       -0.261218
     C    8        0.377312       -0.261218       -0.245427

     H    9        0.535535       -0.195746        0.741420
     H    9       -0.195746       -0.478993       -0.212483
     H    9        0.741420       -0.212483       -0.056542

     C   10        0.054509        0.334782        0.232514
     C   10        0.334782        0.218724       -0.382054
     C   10        0.232514       -0.382054       -0.273233

     C   11        0.114408        0.253221        0.316955
     C   11        0.253221        0.118566       -0.381465
     C   11        0.316955       -0.381465       -0.232975

     Cl  12        0.108676        0.205987        0.017136
     Cl  12        0.205987        0.055901        0.003098
     Cl  12        0.017136        0.003098       -0.164578

     H   13       -0.486830        0.236201        0.075164
     H   13        0.236201        0.896313        0.478899
     H   13        0.075164        0.478899       -0.409484

     C   14        0.395663       -0.082347        0.047428
     C   14       -0.082347        0.160243        0.239849
     C   14        0.047428        0.239849       -0.555906

     H   15        0.629777        0.650931        0.182948
     H   15        0.650931       -0.052237        0.138545
     H   15        0.182948        0.138545       -0.577540

     C   16        0.172691       -0.047260        0.003793
     C   16       -0.047260        0.373741        0.316317
     C   16        0.003793        0.316317       -0.546432

     C   17        0.375162       -0.030839        0.007321
     C   17       -0.030839        0.224039        0.295898
     C   17        0.007321        0.295898       -0.599201

     Cl  18        0.141507       -0.200292       -0.050901
     Cl  18       -0.200292        0.009067        0.029569
     Cl  18       -0.050901        0.029569       -0.150574

     H   19       -0.515893       -0.056927        0.057258
     H   19       -0.056927        0.584254       -0.735485
     H   19        0.057258       -0.735485       -0.068360

     C   20        0.250791        0.298646        0.351975
     C   20        0.298646        0.051418       -0.249290
     C   20        0.351975       -0.249290       -0.302210

     H   21        0.618915       -0.299456        0.676622
     H   21       -0.299456       -0.404620       -0.230335
     H   21        0.676622       -0.230335       -0.214295

     C   22        0.176798        0.287005        0.255889
     C   22        0.287005        0.160126       -0.289792
     C   22        0.255889       -0.289792       -0.336924

     C   23        0.195214        0.249179        0.408520
     C   23        0.249179        0.028889       -0.272030
     C   23        0.408520       -0.272030       -0.224103

     Cl  24        0.132401        0.222151        0.040052
     Cl  24        0.222151        0.021620        0.019836
     Cl  24        0.040052        0.019836       -0.154022

     ----- GIPAW term -----
     Cl   1       -0.487003       -1.688929       -0.144642
     Cl   1       -1.688929       -0.548850        1.711288
     Cl   1       -0.144642        1.711288        1.035853

     C    2       -0.151720       -0.021903       -0.028960
     C    2       -0.021903       -0.009149        0.127905
     C    2       -0.028960        0.127905        0.160868

     C    3        0.030300       -0.010081        0.028228
     C    3       -0.010081        0.016893        0.032516
     C    3        0.028228        0.032516       -0.047193

     H    4       -0.000000        0.000000        0.000000
     H    4        0.000000        0.000000        0.000000
     H    4        0.000000        0.000000        0.000000

     C    5       -0.006060        0.005663        0.003054
     C    5        0.005663        0.032119        0.018250
     C    5        0.003054        0.018250       -0.026059

     H    6       -0.000000        0.000000        0.000000
     H    6        0.000000        0.000000        0.000000
     H    6        0.000000        0.000000        0.000000

     H    7       -0.000000        0.000000        0.000000
     H    7        0.000000        0.000000        0.000000
     H    7        0.000000        0.000000        0.000000

     C    8       -0.026689       -0.157819       -0.063277
     C    8       -0.157819        0.058816        0.165663
     C    8       -0.063277        0.165663       -0.032127

     H    9       -0.000000        0.000000        0.000000
     H    9        0.000000        0.000000        0.000000
     H    9        0.000000        0.000000        0.000000

     C   10       -0.063710       -0.026693       -0.040962
     C   10       -0.026693        0.008056        0.066219
     C   10       -0.040962        0.066219        0.055654

     C   11       -0.002084        0.164618       -0.050176
     C   11        0.164618        0.040823        0.184900
     C   11       -0.050176        0.184900       -0.038739

     Cl  12        1.766566        1.549844        0.118566
     Cl  12        1.549844       -0.280844        0.009836
     Cl  12        0.118566        0.009836       -1.485722

     H   13       -0.000000        0.000000        0.000000
     H   13        0.000000        0.000000        0.000000
     H   13        0.000000        0.000000        0.000000

     C   14       -0.045001        0.180438       -0.032528
     C   14        0.180438        0.157766       -0.148204
     C   14       -0.032528       -0.148204       -0.112765

     H   15       -0.000000        0.000000        0.000000
     H   15        0.000000        0.000000        0.000000
     H   15        0.000000        0.000000        0.000000

     C   16       -0.114496        0.100351       -0.092273
     C   16        0.100351        0.089947       -0.155674
     C   16       -0.092273       -0.155674        0.024549

     C   17        0.014913       -0.184944       -0.067756
     C   17       -0.184944        0.107071       -0.021261
     C   17       -0.067756       -0.021261       -0.121984

     Cl  18       -0.571803       -1.455747        0.242270
     Cl  18       -1.455747        1.124923       -1.786168
     Cl  18        0.242270       -1.786168       -0.553120

     H   19       -0.000000        0.000000        0.000000
     H   19        0.000000        0.000000        0.000000
     H   19        0.000000        0.000000        0.000000

     C   20       -0.189166       -0.013108        0.014683
     C   20       -0.013108        0.165497        0.197011
     C   20        0.014683        0.197011        0.023670

     H   21       -0.000000        0.000000        0.000000
     H   21        0.000000        0.000000        0.000000
     H   21        0.000000        0.000000        0.000000

     C   22       -0.076952       -0.031124       -0.044522
     C   22       -0.031124        0.044965        0.150026
     C   22       -0.044522        0.150026        0.031987

     C   23       -0.021442       -0.066577       -0.073471
     C   23       -0.066577        0.080100        0.067190
     C   23       -0.073471        0.067190       -0.058657

     Cl  24       -0.059183        0.194116       -0.775995
     Cl  24        0.194116        0.375772        1.330788
     Cl  24       -0.775995        1.330788       -0.316589

     ----- total EFG -----
     Cl   1       -0.360545       -1.895624       -0.087320
     Cl   1       -1.895624       -0.560251        1.722265
     Cl   1       -0.087320        1.722265        0.920796

     C    2       -0.607367        0.199635       -0.186864
     C    2        0.199635        0.496487        0.286956
     C    2       -0.186864        0.286956        0.110880

     C    3        0.634337       -0.196703        0.284649
     C    3       -0.196703        0.141346        0.232017
     C    3        0.284649        0.232017       -0.775683

     H    4        0.529336        0.202210        0.628405
     H    4        0.202210       -0.094099        0.166405
     H    4        0.628405        0.166405       -0.435238

     C    5        0.091515        0.113053       -0.110547
     C    5        0.113053        0.478311        0.288839
     C    5       -0.110547        0.288839       -0.569826

     H    6       -0.139751       -0.149679        0.184166
     H    6       -0.149679        0.377978        0.720769
     H    6        0.184166        0.720769       -0.238227

     H    7       -0.311561        0.193876       -0.020256
     H    7        0.193876        0.076986       -0.304044
     H    7       -0.020256       -0.304044        0.234575

     C    8       -0.033315       -0.203116        0.053607
     C    8       -0.203116        0.003513        0.393753
     C    8        0.053607        0.393753        0.029802

     H    9        0.233413        0.004510        0.228337
     H    9        0.004510       -0.139107        0.008222
     H    9        0.228337        0.008222       -0.094306

     C   10       -0.292740       -0.061536       -0.020106
     C   10       -0.061536        0.057980        0.114128
     C   10       -0.020106        0.114128        0.234760

     C   11       -0.057433        0.536154       -0.079192
     C   11        0.536154        0.101729        0.467664
     C   11       -0.079192        0.467664       -0.044295

     Cl  12        1.879062        1.605737        0.152489
     Cl  12        1.605737       -0.280117        0.016380
     Cl  12        0.152489        0.016380       -1.598945

     H   13       -0.197509       -0.187821        0.166165
     H   13       -0.187821        0.252305        0.505435
     H   13        0.166165        0.505435       -0.054797

     C   14        0.238448        0.417634       -0.154878
     C   14        0.417634        0.252140       -0.380483
     C   14       -0.154878       -0.380483       -0.490588

     H   15        0.459079        0.256147        0.256384
     H   15        0.256147       -0.172899        0.315091
     H   15        0.256384        0.315091       -0.286180

     C   16       -0.290267        0.314816       -0.262739
     C   16        0.314816        0.488580       -0.153805
     C   16       -0.262739       -0.153805       -0.198313

     C   17        0.364092       -0.365619       -0.420684
     C   17       -0.365619        0.222842       -0.297275
     C   17       -0.420684       -0.297275       -0.586935

     Cl  18       -0.706786       -1.446072        0.226902
     Cl  18       -1.446072        1.230317       -1.934081
     Cl  18        0.226902       -1.934081       -0.523531

     H   19        0.025727       -0.056209       -0.006465
     H   19       -0.056209        0.468546       -0.453311
     H   19       -0.006465       -0.453311       -0.494273

     C   20       -0.535430       -0.048228        0.227783
     C   20       -0.048228        0.484599        0.295274
     C   20        0.227783        0.295274        0.050831

     H   21        0.648100       -0.286613        0.170510
     H   21       -0.286613       -0.132511       -0.440486
     H   21        0.170510       -0.440486       -0.515589

     C   22        0.118876        0.101686        0.073994
     C   22        0.101686        0.121201        0.259317
     C   22        0.073994        0.259317       -0.240077

     C   23       -0.081593       -0.065026       -0.045424
     C   23       -0.065026        0.196002       -0.086365
     C   23       -0.045424       -0.086365       -0.114409

     Cl  24        0.156617        0.485682       -0.641355
     Cl  24        0.485682        0.318505        1.103171
     Cl  24       -0.641355        1.103171       -0.475122

     ----- total EFG (symmetrized) -----
     Cl   1       -0.360545       -1.895624       -0.087320
     Cl   1       -1.895624       -0.560251        1.722265
     Cl   1       -0.087320        1.722265        0.920796

     C    2       -0.607367        0.199635       -0.186864
     C    2        0.199635        0.496487        0.286956
     C    2       -0.186864        0.286956        0.110880

     C    3        0.634337       -0.196703        0.284649
     C    3       -0.196703        0.141346        0.232017
     C    3        0.284649        0.232017       -0.775683

     H    4        0.529336        0.202210        0.628405
     H    4        0.202210       -0.094099        0.166405
     H    4        0.628405        0.166405       -0.435238

     C    5        0.091515        0.113053       -0.110547
     C    5        0.113053        0.478311        0.288839
     C    5       -0.110547        0.288839       -0.569826

     H    6       -0.139751       -0.149679        0.184166
     H    6       -0.149679        0.377978        0.720769
     H    6        0.184166        0.720769       -0.238227

     H    7       -0.311561        0.193876       -0.020256
     H    7        0.193876        0.076986       -0.304044
     H    7       -0.020256       -0.304044        0.234575

     C    8       -0.033315       -0.203116        0.053607
     C    8       -0.203116        0.003513        0.393753
     C    8        0.053607        0.393753        0.029802

     H    9        0.233413        0.004510        0.228337
     H    9        0.004510       -0.139107        0.008222
     H    9        0.228337        0.008222       -0.094306

     C   10       -0.292740       -0.061536       -0.020106
     C   10       -0.061536        0.057980        0.114128
     C   10       -0.020106        0.114128        0.234760

     C   11       -0.057433        0.536154       -0.079192
     C   11        0.536154        0.101729        0.467664
     C   11       -0.079192        0.467664       -0.044295

     Cl  12        1.879062        1.605737        0.152489
     Cl  12        1.605737       -0.280117        0.016380
     Cl  12        0.152489        0.016380       -1.598945

     H   13       -0.197509       -0.187821        0.166165
     H   13       -0.187821        0.252305        0.505435
     H   13        0.166165        0.505435       -0.054797

     C   14        0.238448        0.417634       -0.154878
     C   14        0.417634        0.252140       -0.380483
     C   14       -0.154878       -0.380483       -0.490588

     H   15        0.459079        0.256147        0.256384
     H   15        0.256147       -0.172899        0.315091
     H   15        0.256384        0.315091       -0.286180

     C   16       -0.290267        0.314816       -0.262739
     C   16        0.314816        0.488580       -0.153805
     C   16       -0.262739       -0.153805       -0.198313

     C   17        0.364092       -0.365619       -0.420684
     C   17       -0.365619        0.222842       -0.297275
     C   17       -0.420684       -0.297275       -0.586935

     Cl  18       -0.706786       -1.446072        0.226902
     Cl  18       -1.446072        1.230317       -1.934081
     Cl  18        0.226902       -1.934081       -0.523531

     H   19        0.025727       -0.056209       -0.006465
     H   19       -0.056209        0.468546       -0.453311
     H   19       -0.006465       -0.453311       -0.494273

     C   20       -0.535430       -0.048228        0.227783
     C   20       -0.048228        0.484599        0.295274
     C   20        0.227783        0.295274        0.050831

     H   21        0.648100       -0.286613        0.170510
     H   21       -0.286613       -0.132511       -0.440486
     H   21        0.170510       -0.440486       -0.515589

     C   22        0.118876        0.101686        0.073994
     C   22        0.101686        0.121201        0.259317
     C   22        0.073994        0.259317       -0.240077

     C   23       -0.081593       -0.065026       -0.045424
     C   23       -0.065026        0.196002       -0.086365
     C   23       -0.045424       -0.086365       -0.114409

     Cl  24        0.156617        0.485682       -0.641355
     Cl  24        0.485682        0.318505        1.103171
     Cl  24       -0.641355        1.103171       -0.475122


     NQR/NMR SPECTROSCOPIC PARAMETERS:
     Cl   1    Vxx=    0.2062    axis=(  0.704223 -0.241320  0.667708)
     Cl   1    Vyy=    2.5766    axis=( -0.418781  0.618246  0.665127)
     Cl   1    Vzz=   -2.7829    axis=( -0.573317 -0.748021  0.334323)
     Cl   1  Q=        -8.1650 1e-30 m^2  Cq=        53.3885 MHz  eta= 0.85177

     C    2    Vxx=    0.0568    axis=( -0.356391 -0.391803  0.848219)
     C    2    Vyy=    0.6561    axis=(  0.075393  0.892811  0.444078)
     C    2    Vzz=   -0.7129    axis=( -0.931290  0.222215 -0.288651)
     C    2  Q=         1.0000 1e-30 m^2  Cq=        -1.6751 MHz  eta= 0.84053

     C    3    Vxx=    0.1691    axis=(  0.214418  0.931640  0.293379)
     C    3    Vyy=    0.7304    axis=(  0.954431 -0.263678  0.139770)
     C    3    Vzz=   -0.8995    axis=( -0.207573 -0.250040  0.945724)
     C    3  Q=         1.0000 1e-30 m^2  Cq=        -2.1135 MHz  eta= 0.62393

     H    4    Vxx=   -0.1535    axis=(  0.265149 -0.963955  0.022057)
     H    4    Vyy=   -0.7509    axis=(  0.426222  0.096658 -0.899440)
     H    4    Vzz=    0.9044    axis=(  0.864888  0.247887  0.436488)
     H    4  Q=         1.0000 1e-30 m^2  Cq=         2.1251 MHz  eta= 0.66050

     C    5    Vxx=    0.1012    axis=(  0.968612 -0.126455 -0.214010)
     C    5    Vyy=    0.5672    axis=(  0.175109  0.958170  0.226377)
     C    5    Vzz=   -0.6684    axis=(  0.176431 -0.256746  0.950239)
     C    5  Q=         1.0000 1e-30 m^2  Cq=        -1.5705 MHz  eta= 0.69724

     H    6    Vxx=   -0.0556    axis=(  0.940994 -0.165685  0.295090)
     H    6    Vyy=   -0.7987    axis=(  0.337536  0.522546 -0.782953)
     H    6    Vzz=    0.8543    axis=( -0.024475  0.836358  0.547637)
     H    6  Q=         1.0000 1e-30 m^2  Cq=         2.0073 MHz  eta= 0.86974

     H    7    Vxx=   -0.0825    axis=(  0.470696  0.621591  0.626155)
     H    7    Vyy=   -0.4108    axis=( -0.865521  0.463036  0.190973)
     H    7    Vzz=    0.4933    axis=( -0.171226 -0.631841  0.755949)
     H    7  Q=         1.0000 1e-30 m^2  Cq=         1.1590 MHz  eta= 0.66560

     C    8    Vxx=    0.0233    axis=(  0.884041 -0.127775  0.449606)
     C    8    Vyy=    0.4353    axis=( -0.233322  0.712856  0.661360)
     C    8    Vzz=   -0.4586    axis=( -0.405009 -0.689572  0.600382)
     C    8  Q=         1.0000 1e-30 m^2  Cq=        -1.0775 MHz  eta= 0.89836

     H    9    Vxx=   -0.1388    axis=( -0.047023  0.997268  0.056965)
     H    9    Vyy=   -0.2119    axis=( -0.454524 -0.072144  0.887808)
     H    9    Vzz=    0.3507    axis=( -0.889492 -0.015855 -0.456675)
     H    9  Q=         1.0000 1e-30 m^2  Cq=         0.8241 MHz  eta= 0.20821

     C   10    Vxx=    0.0090    axis=( -0.148471  0.877180 -0.456630)
     C   10    Vyy=    0.2942    axis=( -0.077648  0.449982  0.889656)
     C   10    Vzz=   -0.3032    axis=( -0.985864 -0.167544 -0.001302)
     C   10  Q=         1.0000 1e-30 m^2  Cq=        -0.7125 MHz  eta= 0.94074

     C   11    Vxx=    0.0285    axis=( -0.657775  0.005837  0.753192)
     C   11    Vyy=    0.7066    axis=( -0.490801 -0.761855 -0.422720)
     C   11    Vzz=   -0.7351    axis=(  0.571356 -0.647722  0.503994)
     C   11  Q=         1.0000 1e-30 m^2  Cq=        -1.7272 MHz  eta= 0.92249

     Cl  12    Vxx=   -1.1286    axis=(  0.462877 -0.878335  0.119468)
     Cl  12    Vyy=   -1.6105    axis=( -0.084884  0.090236  0.992296)
     Cl  12    Vzz=    2.7391    axis=( -0.882349 -0.469452 -0.032789)
     Cl  12  Q=        -8.1650 1e-30 m^2  Cq=       -52.5474 MHz  eta= 0.17595

     H   13    Vxx=   -0.0450    axis=(  0.841231 -0.267434  0.469903)
     H   13    Vyy=   -0.5855    axis=(  0.536487  0.520845 -0.664004)
     H   13    Vzz=    0.6305    axis=( -0.067169  0.810678  0.581626)
     H   13  Q=         1.0000 1e-30 m^2  Cq=         1.4814 MHz  eta= 0.85732

     C   14    Vxx=   -0.1275    axis=(  0.771405 -0.574703  0.273224)
     C   14    Vyy=   -0.6514    axis=( -0.027600  0.398744  0.916647)
     C   14    Vzz=    0.7790    axis=( -0.635746 -0.714647  0.291731)
     C   14  Q=         1.0000 1e-30 m^2  Cq=         1.8303 MHz  eta= 0.67253

     H   15    Vxx=   -0.1297    axis=(  0.520616 -0.679962 -0.516344)
     H   15    Vyy=   -0.5510    axis=(  0.040050  0.623549 -0.780757)
     H   15    Vzz=    0.6807    axis=(  0.852851  0.385795  0.351862)
     H   15  Q=         1.0000 1e-30 m^2  Cq=         1.5994 MHz  eta= 0.61879

     C   16    Vxx=   -0.1302    axis=( -0.451948  0.424875  0.784362)
     C   16    Vyy=   -0.5351    axis=(  0.812830 -0.166092  0.558320)
     C   16    Vzz=    0.6653    axis=( -0.367492 -0.889885  0.270286)
     C   16  Q=         1.0000 1e-30 m^2  Cq=         1.5632 MHz  eta= 0.60849

     C   17    Vxx=    0.2145    axis=(  0.425753  0.752434 -0.502570)
     C   17    Vyy=    0.6851    axis=( -0.818529  0.557013  0.140526)
     C   17    Vzz=   -0.8996    axis=(  0.385674  0.351539  0.853039)
     C   17  Q=         1.0000 1e-30 m^2  Cq=        -2.1138 MHz  eta= 0.52310

     Cl  18    Vxx=   -0.8585    axis=(  0.794635 -0.011888 -0.606971)
     Cl  18    Vyy=   -2.1152    axis=(  0.497726  0.585214  0.640151)
     Cl  18    Vzz=    2.9737    axis=( -0.347598  0.810792 -0.470949)
     Cl  18  Q=        -8.1650 1e-30 m^2  Cq=       -57.0486 MHz  eta= 0.42262

     H   19    Vxx=    0.0228    axis=(  0.996110  0.059707 -0.064802)
     H   19    Vyy=    0.6524    axis=( -0.079392  0.927180 -0.366106)
     H   19    Vzz=   -0.6751    axis=(  0.038224  0.369827  0.928314)
     H   19  Q=         1.0000 1e-30 m^2  Cq=        -1.5863 MHz  eta= 0.93252

     C   20    Vxx=   -0.0043    axis=( -0.386374  0.448594 -0.805902)
     C   20    Vyy=   -0.6330    axis=( -0.920753 -0.136315  0.365558)
     C   20    Vzz=    0.6373    axis=(  0.054131  0.883279  0.465713)
     C   20  Q=         1.0000 1e-30 m^2  Cq=         1.4975 MHz  eta= 0.98643

     H   21    Vxx=   -0.0119    axis=(  0.450512  0.742050 -0.496388)
     H   21    Vyy=   -0.8045    axis=(  0.010881  0.551404  0.834167)
     H   21    Vzz=    0.8164    axis=(  0.892704 -0.381204  0.240340)
     H   21  Q=         1.0000 1e-30 m^2  Cq=         1.9182 MHz  eta= 0.97095

     C   22    Vxx=    0.0462    axis=(  0.860236 -0.468249 -0.201831)
     C   22    Vyy=    0.3300    axis=( -0.508376 -0.757082 -0.410343)
     C   22    Vzz=   -0.3762    axis=(  0.039340  0.455598 -0.889316)
     C   22  Q=         1.0000 1e-30 m^2  Cq=        -0.8839 MHz  eta= 0.75457

     C   23    Vxx=   -0.0497    axis=( -0.812055 -0.009811  0.583498)
     C   23    Vyy=   -0.1776    axis=( -0.558323 -0.277910 -0.781691)
     C   23    Vzz=    0.2273    axis=(  0.169829 -0.960557  0.220200)
     C   23  Q=         1.0000 1e-30 m^2  Cq=         0.5341 MHz  eta= 0.56234

     Cl  24    Vxx=    0.5202    axis=( -0.909624 -0.200598  0.363791)
     Cl  24    Vyy=    1.0953    axis=( -0.042881 -0.825679 -0.562508)
     Cl  24    Vzz=   -1.6155    axis=(  0.413213 -0.527270  0.742456)
     Cl  24  Q=        -8.1650 1e-30 m^2  Cq=        30.9927 MHz  eta= 0.35596

     Initialization:
     gipaw_setup  :      9.06s CPU     10.96s WALL (       1 calls)

     Linear response

     Apply operators

     Induced current

     Other routines
     efg          :      9.36s CPU     12.04s WALL (       1 calls)

     General routines
     calbec       :      3.44s CPU      4.95s WALL (      16 calls)
     fft          :      1.51s CPU      1.98s WALL (      15 calls)
     ffts         :      0.04s CPU      0.04s WALL (       2 calls)
     fftw         :      3.22s CPU      3.79s WALL (     672 calls)
     davcio       :      0.02s CPU      0.30s WALL (      32 calls)

     Parallel routines
     fft_scatter  :      2.21s CPU      3.01s WALL (     689 calls)

     Plugins

     GIPAW        :     60.06s CPU     73.01s WALL (       1 calls)
