
     Program QE v.6.0 (svn rev. 13079) starts on 11Jan2017 at 14: 0:32 

     This program is part of the open-source Quantum ESPRESSO suite
     for quantum simulation of materials; please cite
         "P. Giannozzi et al., J. Phys.:Condens. Matter 21 395502 (2009);
          URL http://www.quantum-espresso.org", 
     in publications or presentations arising from this work. More details at
     http://www.quantum-espresso.org/quote

     Parallel version (MPI), running on     8 processors
     R & G space division:  proc/nbgrp/npool/nimage =       8

     ***** This is GIPAW svn revision unknown      *****

     Parallelizing q-star over 1 images

     Reading data from directory:
     /users/majewski/paradichlorobenzene/pbe/9_constraint/scratch/pbe.ecut100.np8.dt60.pcl2phi-129368.save
     Message from routine read_xml_file:
     file /users/majewski/paradichlorobenzene/pbe/9_constraint/scratch/pbe.ecut100.np8.dt60.pcl2phi-129368.save not guaranteed to be safe for post-processing

   Info: using nr1, nr2, nr3 values from input

   Info: using nr1, nr2, nr3 values from input

     IMPORTANT: XC functional enforced from input :
     Exchange-correlation      =  SLA  PW   PBX  PBC ( 1  4  3  4 0 0)
     Any further DFT definition will be discarded
     Please, verify this is what you really want

               file C.pbe-n-kjpaw_psl.1.0.0.UPF: wavefunction(s)  2S 2P renormalized
               file Cl.pbe-n-kjpaw_psl.1.0.0.UPF: wavefunction(s)  3S 3P renormalized
               file H.pbe-kjpaw_psl.1.0.0.UPF: wavefunction(s)  1S renormalized

     Parallelization info
     --------------------
     sticks:   dense  smooth     PW     G-vecs:    dense   smooth      PW
     Min        3057    1223    332               144436    36536    5170
     Max        3059    1225    333               144437    36537    5171
     Sum       24467    9791   2657              1155489   292295   41363


     Subspace diagonalization in iterative solution of the eigenvalue problem:
     a serial algorithm will be used

     GIPAW projectors -----------------------------------------------
     atom=  C    l=0  rc=    1.2000  rs=    0.8000
     atom=  C    l=0  rc=    1.2000  rs=    0.8000
     atom=  C    l=1  rc=    1.4000  rs=    0.9333
     atom=  C    l=1  rc=    1.4000  rs=    0.9333
     projs nearly linearly dependent: l=1  n1,n2= 1, 2  s=  0.99951561

     atom=  Cl   l=0  rc=    1.6000  rs=    1.0667
     atom=  Cl   l=0  rc=    1.6000  rs=    1.0667
     atom=  Cl   l=1  rc=    1.6000  rs=    1.0667
     atom=  Cl   l=1  rc=    1.6000  rs=    1.0667
     atom=  Cl   l=2  rc=    1.6000  rs=    1.0667
     atom=  Cl   l=2  rc=    1.6000  rs=    1.0667
     projs nearly linearly dependent: l=2  n1,n2= 1, 2  s=  0.99993509

     atom=  H    l=0  rc=    1.0000  rs=    0.6667
     atom=  H    l=0  rc=    1.0000  rs=    0.6667
     projs nearly linearly dependent: l=0  n1,n2= 1, 2  s=  0.99968852
     -----------------------------------------------------------------

     GIPAW integrals: -------------------------------------------
     Atom  i/j   nmr_para   nmr_dia   epr_rmc  epr_para   epr_dia
       C   1 1   0.83E+03  0.17E-01  0.93E+01  0.24E+08  0.24E+03
       C   2 1   0.86E+03 -0.61E-01  0.94E+01  0.25E+08  0.25E+03
       C   2 2   0.90E+03 -0.15E+00  0.97E+01  0.26E+08  0.26E+03
       C   3 3   0.33E+01  0.34E+00  0.18E+01  0.55E+03  0.21E+02
       C   4 3   0.35E+01  0.37E+00  0.20E+01  0.59E+03  0.22E+02
       C   4 4   0.38E+01  0.39E+00  0.22E+01  0.63E+03  0.24E+02
       Cl  1 1   0.14E+04 -0.47E+00  0.84E+01  0.32E+09  0.42E+03
       Cl  2 1   0.21E+04 -0.37E+00  0.12E+02  0.49E+09  0.65E+03
       Cl  2 2   0.33E+04 -0.16E+00  0.21E+02  0.76E+09  0.10E+04
       Cl  3 3   0.21E+02  0.79E-01  0.89E+01  0.23E+05  0.13E+03
       Cl  4 3   0.24E+02  0.67E-01  0.99E+01  0.27E+05  0.15E+03
       Cl  4 4   0.28E+02  0.44E-01  0.11E+02  0.32E+05  0.18E+03
       Cl  5 5   0.77E+00  0.19E+00  0.18E+01  0.12E+03  0.22E+02
       Cl  6 5   0.80E+00  0.19E+00  0.19E+01  0.12E+03  0.23E+02
       Cl  6 6   0.83E+00  0.20E+00  0.19E+01  0.12E+03  0.23E+02
       H   1 1   0.39E+02  0.19E+00  0.29E+00  0.78E+05  0.13E+02
       H   2 1   0.41E+02  0.21E+00  0.32E+00  0.82E+05  0.14E+02
       H   2 2   0.43E+02  0.22E+00  0.36E+00  0.86E+05  0.15E+02
     ------------------------------------------------------------

     alpha_pv=     34.2196 eV

     Number of occupied bands for each k-point:
     k-point:     1    nbnd_occ=  42
     k-point:     2    nbnd_occ=  42
     k-point:     3    nbnd_occ=  42
     k-point:     4    nbnd_occ=  42
     k-point:     5    nbnd_occ=  42
     k-point:     6    nbnd_occ=  42
     k-point:     7    nbnd_occ=  42
     k-point:     8    nbnd_occ=  42
     k-point:     9    nbnd_occ=  42
     k-point:    10    nbnd_occ=  42
     k-point:    11    nbnd_occ=  42
     k-point:    12    nbnd_occ=  42
     k-point:    13    nbnd_occ=  42
     k-point:    14    nbnd_occ=  42
     k-point:    15    nbnd_occ=  42
     k-point:    16    nbnd_occ=  42


     q-space interpolation up to   110.00 Rydberg

     GIPAW job: efg                                                                             


     ELECTRIC FIELD GRADIENTS TENSORS IN Hartree/bohrradius^2:

     ----- bare term -----
     Cl   1        0.063329       -0.039425        0.098408
     Cl   1       -0.039425       -0.030827        0.222123
     Cl   1        0.098408        0.222123       -0.032501

     C    2       -0.395481        0.225635       -0.393068
     C    2        0.225635        0.101562       -0.386493
     C    2       -0.393068       -0.386493        0.293919

     C    3       -0.019410        0.407101       -0.152684
     C    3        0.407101       -0.237613       -0.587650
     C    3       -0.152684       -0.587650        0.257023

     H    4        0.017835       -0.141703       -0.378961
     H    4       -0.141703        0.373453        0.150453
     H    4       -0.378961        0.150453       -0.391288

     C    5       -0.788222        0.235649       -0.364012
     C    5        0.235649        0.167711       -0.076923
     C    5       -0.364012       -0.076923        0.620511

     H    6        0.373562       -0.049110       -0.049984
     H    6       -0.049110       -0.509111       -0.605244
     H    6       -0.049984       -0.605244        0.135549

     H    7        0.327946        0.227742        0.061421
     H    7        0.227742       -0.548392       -0.273268
     H    7        0.061421       -0.273268        0.220446

     C    8       -0.162078       -0.146392       -0.201808
     C    8       -0.146392       -0.103213        0.344142
     C    8       -0.201808        0.344142        0.265291

     H    9       -0.193463        0.307622        0.173911
     H    9        0.307622        0.012533       -0.157284
     H    9        0.173911       -0.157284        0.180930

     C   10        0.111178       -0.037502        0.231276
     C   10       -0.037502       -0.087494       -0.128562
     C   10        0.231276       -0.128562       -0.023684

     C   11       -0.259366        0.154852       -0.254869
     C   11        0.154852       -0.027366        0.582654
     C   11       -0.254869        0.582654        0.286732

     Cl  12        0.071678       -0.231020       -0.055694
     Cl  12       -0.231020        0.147607       -0.194126
     Cl  12       -0.055694       -0.194126       -0.219285

     H   13        0.235100        0.216592        0.128497
     H   13        0.216592       -0.390980       -0.528226
     H   13        0.128497       -0.528226        0.155879

     C   14       -0.214850        0.120884       -0.333207
     C   14        0.120884       -0.264117       -0.368773
     C   14       -0.333207       -0.368773        0.478967

     H   15        0.114668       -0.085066       -0.274548
     H   15       -0.085066        0.414861       -0.341823
     H   15       -0.274548       -0.341823       -0.529530

     C   16       -0.378239        0.310928       -0.305892
     C   16        0.310928        0.017005       -0.068302
     C   16       -0.305892       -0.068302        0.361235

     C   17        0.031061        0.060715       -0.201271
     C   17        0.060715       -0.532280       -0.313945
     C   17       -0.201271       -0.313945        0.501219

     Cl  18       -0.170320        0.116965        0.042596
     Cl  18        0.116965       -0.064442        0.129656
     Cl  18        0.042596        0.129656        0.234762

     H   19        0.184764        0.387057        0.214783
     H   19        0.387057       -0.474541        0.107642
     H   19        0.214783        0.107642        0.289777

     C   20       -0.460167       -0.333122       -0.449256
     C   20       -0.333122       -0.054198        0.093777
     C   20       -0.449256        0.093777        0.514366

     H   21       -0.490450        0.289811        0.240413
     H   21        0.289811        0.346655        0.027537
     H   21        0.240413        0.027537        0.143795

     C   22        0.106772        0.009221       -0.062600
     C   22        0.009221       -0.468635        0.323008
     C   22       -0.062600        0.323008        0.361863

     C   23       -0.761656       -0.287266       -0.327962
     C   23       -0.287266        0.162905        0.040596
     C   23       -0.327962        0.040596        0.598752

     Cl  24       -0.036830        0.000373        0.035196
     Cl  24        0.000373       -0.000887        0.026240
     Cl  24        0.035196        0.026240        0.037718

     ----- ionic term -----
     Cl   1        0.097329       -0.206984        0.078384
     Cl   1       -0.206984        0.056887       -0.053612
     Cl   1        0.078384       -0.053612       -0.154216

     C    2        0.016958       -0.249393        0.384307
     C    2       -0.249393        0.199131        0.314521
     C    2        0.384307        0.314521       -0.216089

     C    3       -0.002114       -0.275282        0.293808
     C    3       -0.275282        0.215337        0.334555
     C    3        0.293808        0.334555       -0.213223

     H    4        0.235619        0.160937        0.792629
     H    4        0.160937       -0.446234        0.228577
     H    4        0.792629        0.228577        0.210614

     C    5        0.186117       -0.188914        0.392333
     C    5       -0.188914        0.010961        0.268628
     C    5        0.392333        0.268628       -0.197078

     H    6       -0.510363        0.058456        0.040679
     H    6        0.058456        0.472116        0.759288
     H    6        0.040679        0.759288        0.038247

     H    7       -0.524774       -0.153509       -0.018244
     H    7       -0.153509        1.105515       -0.137774
     H    7       -0.018244       -0.137774       -0.580741

     C    8        0.363392        0.073322       -0.082999
     C    8        0.073322        0.174228       -0.204213
     C    8       -0.082999       -0.204213       -0.537621

     H    9        0.799139       -0.554781        0.189677
     H    9       -0.554781       -0.222467       -0.127075
     H    9        0.189677       -0.127075       -0.576672

     C   10        0.190854        0.056438       -0.071073
     C   10        0.056438        0.321523       -0.339389
     C   10       -0.071073       -0.339389       -0.512377

     C   11        0.296114        0.036524        0.020999
     C   11        0.036524        0.266607       -0.314741
     C   11        0.020999       -0.314741       -0.562721

     Cl  12        0.123771        0.195130       -0.055781
     Cl  12        0.195130        0.024952       -0.039438
     Cl  12       -0.055781       -0.039438       -0.148722

     H   13       -0.524990       -0.095740        0.002233
     H   13       -0.095740        0.771185        0.619247
     H   13        0.002233        0.619247       -0.246195

     C   14        0.183867       -0.333971        0.371966
     C   14       -0.333971        0.103510        0.198800
     C   14        0.371966        0.198800       -0.287376

     H   15        0.393079        0.338582        0.733261
     H   15        0.338582       -0.390175        0.323421
     H   15        0.733261        0.323421       -0.002904

     C   16        0.070266       -0.315155        0.269253
     C   16       -0.315155        0.204230        0.340947
     C   16        0.269253        0.340947       -0.274497

     C   17        0.157329       -0.221684        0.287905
     C   17       -0.221684        0.063565        0.410765
     C   17        0.287905        0.410765       -0.220893

     Cl  18        0.170522       -0.202753       -0.002369
     Cl  18       -0.202753       -0.024843        0.005756
     Cl  18       -0.002369        0.005756       -0.145679

     H   19       -0.491901       -0.233793        0.065887
     H   19       -0.233793        0.914560       -0.448798
     H   19        0.065887       -0.448798       -0.422659

     C   20        0.381533        0.050295        0.002941
     C   20        0.050295        0.144936       -0.267707
     C   20        0.002941       -0.267707       -0.526469

     H   21        0.766667       -0.473266        0.402855
     H   21       -0.473266       -0.319014       -0.221899
     H   21        0.402855       -0.221899       -0.447653

     C   22        0.188702        0.124750        0.001563
     C   22        0.124750        0.258597       -0.393014
     C   22        0.001563       -0.393014       -0.447298

     C   23        0.342445        0.068124       -0.004441
     C   23        0.068124        0.165205       -0.314529
     C   23       -0.004441       -0.314529       -0.507650

     Cl  24        0.151924        0.214740       -0.038208
     Cl  24        0.214740       -0.008067       -0.020880
     Cl  24       -0.038208       -0.020880       -0.143857

     ----- GIPAW term -----
     Cl   1       -0.133536       -0.234987       -0.849158
     Cl   1       -0.234987        0.176314       -1.396936
     Cl   1       -0.849158       -1.396936       -0.042778

     C    2       -0.055268       -0.051875       -0.071702
     C    2       -0.051875        0.147751       -0.075669
     C    2       -0.071702       -0.075669       -0.092483

     C    3       -0.032265        0.142042       -0.027396
     C    3        0.142042        0.076286       -0.097807
     C    3       -0.027396       -0.097807       -0.044022

     H    4       -0.000000        0.000000        0.000000
     H    4        0.000000        0.000000        0.000000
     H    4        0.000000        0.000000        0.000000

     C    5       -0.201013        0.068503        0.044162
     C    5        0.068503       -0.013530        0.133048
     C    5        0.044162        0.133048        0.214543

     H    6       -0.000000        0.000000        0.000000
     H    6        0.000000        0.000000        0.000000
     H    6        0.000000        0.000000        0.000000

     H    7       -0.000000        0.000000        0.000000
     H    7        0.000000        0.000000        0.000000
     H    7        0.000000        0.000000        0.000000

     C    8       -0.061888       -0.087973       -0.071369
     C    8       -0.087973        0.047026        0.181121
     C    8       -0.071369        0.181121        0.014863

     H    9       -0.000000        0.000000        0.000000
     H    9        0.000000        0.000000        0.000000
     H    9        0.000000        0.000000        0.000000

     C   10        0.021075        0.009574        0.024959
     C   10        0.009574        0.007506       -0.032786
     C   10        0.024959       -0.032786       -0.028581

     C   11       -0.099741        0.096354       -0.024449
     C   11        0.096354       -0.016664        0.214075
     C   11       -0.024449        0.214075        0.116404

     Cl  12       -0.590941        0.437739        0.034113
     Cl  12        0.437739       -0.724919        0.660232
     Cl  12        0.034113        0.660232        1.315859

     H   13       -0.000000        0.000000        0.000000
     H   13        0.000000        0.000000        0.000000
     H   13        0.000000        0.000000        0.000000

     C   14       -0.065802       -0.013463       -0.104627
     C   14       -0.013463       -0.134898       -0.002714
     C   14       -0.104627       -0.002714        0.200700

     H   15       -0.000000        0.000000        0.000000
     H   15        0.000000        0.000000        0.000000
     H   15        0.000000        0.000000        0.000000

     C   16       -0.119955        0.005351       -0.131652
     C   16        0.005351       -0.071657        0.048495
     C   16       -0.131652        0.048495        0.191611

     C   17       -0.072661       -0.064151       -0.029122
     C   17       -0.064151       -0.172476        0.038431
     C   17       -0.029122        0.038431        0.245137

     Cl  18       -0.369362       -1.239798        0.648724
     Cl  18       -1.239798       -0.647066        1.528375
     Cl  18        0.648724        1.528375        1.016427

     H   19       -0.000000        0.000000        0.000000
     H   19        0.000000        0.000000        0.000000
     H   19        0.000000        0.000000        0.000000

     C   20       -0.007512        0.039961       -0.190969
     C   20        0.039961       -0.060538       -0.086233
     C   20       -0.190969       -0.086233        0.068050

     H   21       -0.000000        0.000000        0.000000
     H   21        0.000000        0.000000        0.000000
     H   21        0.000000        0.000000        0.000000

     C   22       -0.042650        0.039414       -0.059613
     C   22        0.039414       -0.095859       -0.062600
     C   22       -0.059613       -0.062600        0.138509

     C   23       -0.177745        0.055538       -0.076913
     C   23        0.055538        0.009390       -0.177288
     C   23       -0.076913       -0.177288        0.168354

     Cl  24       -0.418200        1.583250       -0.945978
     Cl  24        1.583250       -1.401215       -0.247135
     Cl  24       -0.945978       -0.247135        1.819415

     ----- total EFG -----
     Cl   1        0.027122       -0.481396       -0.672366
     Cl   1       -0.481396        0.202374       -1.228426
     Cl   1       -0.672366       -1.228426       -0.229496

     C    2       -0.433791       -0.075632       -0.080464
     C    2       -0.075632        0.448444       -0.147642
     C    2       -0.080464       -0.147642       -0.014653

     C    3       -0.053789        0.273861        0.113728
     C    3        0.273861        0.054011       -0.350902
     C    3        0.113728       -0.350902       -0.000222

     H    4        0.253455        0.019233        0.413668
     H    4        0.019233       -0.072781        0.379031
     H    4        0.413668        0.379031       -0.180673

     C    5       -0.803118        0.115239        0.072483
     C    5        0.115239        0.165142        0.324753
     C    5        0.072483        0.324753        0.637976

     H    6       -0.136801        0.009346       -0.009305
     H    6        0.009346       -0.036995        0.154044
     H    6       -0.009305        0.154044        0.173796

     H    7       -0.196828        0.074233        0.043178
     H    7        0.074233        0.557123       -0.411042
     H    7        0.043178       -0.411042       -0.360295

     C    8        0.139426       -0.161043       -0.356175
     C    8       -0.161043        0.118041        0.321050
     C    8       -0.356175        0.321050       -0.257467

     H    9        0.605676       -0.247159        0.363588
     H    9       -0.247159       -0.209934       -0.284360
     H    9        0.363588       -0.284360       -0.395742

     C   10        0.323107        0.028510        0.185161
     C   10        0.028510        0.241535       -0.500738
     C   10        0.185161       -0.500738       -0.564642

     C   11       -0.062992        0.287730       -0.258318
     C   11        0.287730        0.222576        0.481988
     C   11       -0.258318        0.481988       -0.159584

     Cl  12       -0.395492        0.401848       -0.077362
     Cl  12        0.401848       -0.552360        0.426668
     Cl  12       -0.077362        0.426668        0.947852

     H   13       -0.289890        0.120853        0.130729
     H   13        0.120853        0.380206        0.091021
     H   13        0.130729        0.091021       -0.090316

     C   14       -0.096785       -0.226550       -0.065868
     C   14       -0.226550       -0.295505       -0.172686
     C   14       -0.065868       -0.172686        0.392291

     H   15        0.507747        0.253516        0.458713
     H   15        0.253516        0.024686       -0.018402
     H   15        0.458713       -0.018402       -0.532434

     C   16       -0.427928        0.001124       -0.168291
     C   16        0.001124        0.149578        0.321140
     C   16       -0.168291        0.321140        0.278349

     C   17        0.115729       -0.225120        0.057513
     C   17       -0.225120       -0.641192        0.135250
     C   17        0.057513        0.135250        0.525463

     Cl  18       -0.369160       -1.325586        0.688950
     Cl  18       -1.325586       -0.736350        1.663787
     Cl  18        0.688950        1.663787        1.105510

     H   19       -0.307137        0.153263        0.280671
     H   19        0.153263        0.440019       -0.341157
     H   19        0.280671       -0.341157       -0.132882

     C   20       -0.086147       -0.242866       -0.637284
     C   20       -0.242866        0.030200       -0.260162
     C   20       -0.637284       -0.260162        0.055947

     H   21        0.276217       -0.183455        0.643268
     H   21       -0.183455        0.027641       -0.194362
     H   21        0.643268       -0.194362       -0.303858

     C   22        0.252823        0.173384       -0.120650
     C   22        0.173384       -0.305897       -0.132606
     C   22       -0.120650       -0.132606        0.053074

     C   23       -0.596956       -0.163605       -0.409315
     C   23       -0.163605        0.337500       -0.451221
     C   23       -0.409315       -0.451221        0.259456

     Cl  24       -0.303107        1.798363       -0.948990
     Cl  24        1.798363       -1.410169       -0.241774
     Cl  24       -0.948990       -0.241774        1.713276

     ----- total EFG (symmetrized) -----
     Cl   1        0.027122       -0.481396       -0.672366
     Cl   1       -0.481396        0.202374       -1.228426
     Cl   1       -0.672366       -1.228426       -0.229496

     C    2       -0.433791       -0.075632       -0.080464
     C    2       -0.075632        0.448444       -0.147642
     C    2       -0.080464       -0.147642       -0.014653

     C    3       -0.053789        0.273861        0.113728
     C    3        0.273861        0.054011       -0.350902
     C    3        0.113728       -0.350902       -0.000222

     H    4        0.253455        0.019233        0.413668
     H    4        0.019233       -0.072781        0.379031
     H    4        0.413668        0.379031       -0.180673

     C    5       -0.803118        0.115239        0.072483
     C    5        0.115239        0.165142        0.324753
     C    5        0.072483        0.324753        0.637976

     H    6       -0.136801        0.009346       -0.009305
     H    6        0.009346       -0.036995        0.154044
     H    6       -0.009305        0.154044        0.173796

     H    7       -0.196828        0.074233        0.043178
     H    7        0.074233        0.557123       -0.411042
     H    7        0.043178       -0.411042       -0.360295

     C    8        0.139426       -0.161043       -0.356175
     C    8       -0.161043        0.118041        0.321050
     C    8       -0.356175        0.321050       -0.257467

     H    9        0.605676       -0.247159        0.363588
     H    9       -0.247159       -0.209934       -0.284360
     H    9        0.363588       -0.284360       -0.395742

     C   10        0.323107        0.028510        0.185161
     C   10        0.028510        0.241535       -0.500738
     C   10        0.185161       -0.500738       -0.564642

     C   11       -0.062992        0.287730       -0.258318
     C   11        0.287730        0.222576        0.481988
     C   11       -0.258318        0.481988       -0.159584

     Cl  12       -0.395492        0.401848       -0.077362
     Cl  12        0.401848       -0.552360        0.426668
     Cl  12       -0.077362        0.426668        0.947852

     H   13       -0.289890        0.120853        0.130729
     H   13        0.120853        0.380206        0.091021
     H   13        0.130729        0.091021       -0.090316

     C   14       -0.096785       -0.226550       -0.065868
     C   14       -0.226550       -0.295505       -0.172686
     C   14       -0.065868       -0.172686        0.392291

     H   15        0.507747        0.253516        0.458713
     H   15        0.253516        0.024686       -0.018402
     H   15        0.458713       -0.018402       -0.532434

     C   16       -0.427928        0.001124       -0.168291
     C   16        0.001124        0.149578        0.321140
     C   16       -0.168291        0.321140        0.278349

     C   17        0.115729       -0.225120        0.057513
     C   17       -0.225120       -0.641192        0.135250
     C   17        0.057513        0.135250        0.525463

     Cl  18       -0.369160       -1.325586        0.688950
     Cl  18       -1.325586       -0.736350        1.663787
     Cl  18        0.688950        1.663787        1.105510

     H   19       -0.307137        0.153263        0.280671
     H   19        0.153263        0.440019       -0.341157
     H   19        0.280671       -0.341157       -0.132882

     C   20       -0.086147       -0.242866       -0.637284
     C   20       -0.242866        0.030200       -0.260162
     C   20       -0.637284       -0.260162        0.055947

     H   21        0.276217       -0.183455        0.643268
     H   21       -0.183455        0.027641       -0.194362
     H   21        0.643268       -0.194362       -0.303858

     C   22        0.252823        0.173384       -0.120650
     C   22        0.173384       -0.305897       -0.132606
     C   22       -0.120650       -0.132606        0.053074

     C   23       -0.596956       -0.163605       -0.409315
     C   23       -0.163605        0.337500       -0.451221
     C   23       -0.409315       -0.451221        0.259456

     Cl  24       -0.303107        1.798363       -0.948990
     Cl  24        1.798363       -1.410169       -0.241774
     Cl  24       -0.948990       -0.241774        1.713276


     NQR/NMR SPECTROSCOPIC PARAMETERS:
     Cl   1    Vxx=    0.4253    axis=( -0.896111  0.335774  0.290241)
     Cl   1    Vyy=    1.2380    axis=( -0.067608 -0.749588  0.658443)
     Cl   1    Vzz=   -1.6633    axis=( -0.438650 -0.570416 -0.694415)
     Cl   1  Q=        -8.1650 1e-30 m^2  Cq=        31.9093 MHz  eta= 0.48863

     C    2    Vxx=   -0.0338    axis=( -0.236210  0.250406  0.938883)
     C    2    Vyy=   -0.4605    axis=(  0.970149  0.115375  0.213305)
     C    2    Vzz=    0.4943    axis=( -0.054911  0.961242 -0.270184)
     C    2  Q=         1.0000 1e-30 m^2  Cq=         1.1613 MHz  eta= 0.86329

     C    3    Vxx=    0.0765    axis=(  0.786189  0.122407  0.605742)
     C    3    Vyy=    0.4196    axis=(  0.310694  0.769014 -0.558648)
     C    3    Vzz=   -0.4960    axis=(  0.534206 -0.627403 -0.566559)
     C    3  Q=         1.0000 1e-30 m^2  Cq=        -1.1655 MHz  eta= 0.69166

     H    4    Vxx=    0.0398    axis=(  0.573350 -0.776978 -0.259951)
     H    4    Vyy=    0.5843    axis=(  0.738652  0.352921  0.574316)
     H    4    Vzz=   -0.6241    axis=( -0.354489 -0.521298  0.776264)
     H    4  Q=         1.0000 1e-30 m^2  Cq=        -1.4664 MHz  eta= 0.87234

     C    5    Vxx=    0.0058    axis=(  0.084229  0.882388 -0.462922)
     C    5    Vyy=    0.8117    axis=(  0.072447  0.457921  0.886036)
     C    5    Vzz=   -0.8175    axis=( -0.993809  0.108167  0.025357)
     C    5  Q=         1.0000 1e-30 m^2  Cq=        -1.9208 MHz  eta= 0.98589

     H    6    Vxx=   -0.1119    axis=(  0.450837  0.791716 -0.412229)
     H    6    Vyy=   -0.1432    axis=(  0.892552 -0.394740  0.218018)
     H    6    Vzz=    0.2551    axis=( -0.009885  0.466226  0.884610)
     H    6  Q=         1.0000 1e-30 m^2  Cq=         0.5994 MHz  eta= 0.12281

     H    7    Vxx=   -0.1866    axis=(  0.978524  0.015918  0.205519)
     H    7    Vyy=   -0.5310    axis=( -0.197484  0.358188  0.912525)
     H    7    Vzz=    0.7175    axis=( -0.059089 -0.933514  0.353639)
     H    7  Q=         1.0000 1e-30 m^2  Cq=         1.6859 MHz  eta= 0.48002

     C    8    Vxx=   -0.0326    axis=(  0.672822  0.739743 -0.009552)
     C    8    Vyy=   -0.5359    axis=( -0.376993  0.331722 -0.864775)
     C    8    Vzz=    0.5685    axis=( -0.636543  0.585441  0.502068)
     C    8  Q=         1.0000 1e-30 m^2  Cq=         1.3357 MHz  eta= 0.88538

     H    9    Vxx=   -0.2018    axis=(  0.426586  0.814122 -0.393993)
     H    9    Vyy=   -0.6253    axis=( -0.153430  0.494443  0.855561)
     H    9    Vzz=    0.8271    axis=(  0.891338 -0.304520  0.335833)
     H    9  Q=         1.0000 1e-30 m^2  Cq=         1.9434 MHz  eta= 0.51197

     C   10    Vxx=    0.3317    axis=(  0.929883  0.367615 -0.013276)
     C   10    Vyy=    0.5005    axis=( -0.334226  0.829247 -0.447931)
     C   10    Vzz=   -0.8323    axis=( -0.153657  0.420961  0.893970)
     C   10  Q=         1.0000 1e-30 m^2  Cq=        -1.9555 MHz  eta= 0.20281

     C   11    Vxx=    0.1405    axis=(  0.842368  0.125124 -0.524175)
     C   11    Vyy=    0.5673    axis=( -0.183384 -0.848067 -0.497145)
     C   11    Vzz=   -0.7078    axis=( -0.506740  0.514904 -0.691439)
     C   11  Q=         1.0000 1e-30 m^2  Cq=        -1.6631 MHz  eta= 0.60304

     Cl  12    Vxx=   -0.1008    axis=(  0.810077  0.561528 -0.168704)
     Cl  12    Vyy=   -0.9605    axis=( -0.585963  0.785431 -0.199365)
     Cl  12    Vzz=    1.0613    axis=(  0.020556  0.260355  0.965294)
     Cl  12  Q=        -8.1650 1e-30 m^2  Cq=       -20.3602 MHz  eta= 0.80999

     H   13    Vxx=   -0.0652    axis=( -0.365553  0.280527 -0.887511)
     H   13    Vyy=   -0.3613    axis=( -0.908823  0.098358  0.405421)
     H   13    Vzz=    0.4265    axis=(  0.201026  0.954793  0.218994)
     H   13  Q=         1.0000 1e-30 m^2  Cq=         1.0022 MHz  eta= 0.69409

     C   14    Vxx=    0.0475    axis=(  0.851975 -0.514872 -0.095104)
     C   14    Vyy=    0.4335    axis=(  0.025861  0.222801 -0.974521)
     C   14    Vzz=   -0.4810    axis=(  0.522943  0.827808  0.203136)
     C   14  Q=         1.0000 1e-30 m^2  Cq=        -1.1302 MHz  eta= 0.80259

     H   15    Vxx=   -0.0328    axis=( -0.231484  0.940907 -0.247204)
     H   15    Vyy=   -0.7219    axis=(  0.372432 -0.149038 -0.916014)
     H   15    Vzz=    0.7548    axis=( -0.898727 -0.304109 -0.315924)
     H   15  Q=         1.0000 1e-30 m^2  Cq=         1.7734 MHz  eta= 0.91296

     C   16    Vxx=   -0.0825    axis=(  0.277047  0.778313 -0.563448)
     C   16    Vyy=   -0.4763    axis=( -0.951701  0.141518 -0.272467)
     C   16    Vzz=    0.5588    axis=( -0.132326  0.611720  0.779929)
     C   16  Q=         1.0000 1e-30 m^2  Cq=         1.3129 MHz  eta= 0.70469

     C   17    Vxx=    0.1766    axis=(  0.960553 -0.273100 -0.052475)
     C   17    Vyy=    0.5435    axis=( -0.081950 -0.097658 -0.991840)
     C   17    Vzz=   -0.7201    axis=(  0.265747  0.957016 -0.116187)
     C   17  Q=         1.0000 1e-30 m^2  Cq=        -1.6920 MHz  eta= 0.50955

     Cl  18    Vxx=    0.5909    axis=(  0.838992 -0.444499  0.313867)
     Cl  18    Vyy=    2.0896    axis=( -0.042439  0.521600  0.852134)
     Cl  18    Vzz=   -2.6805    axis=( -0.542486 -0.728254  0.418754)
     Cl  18  Q=        -8.1650 1e-30 m^2  Cq=        51.4239 MHz  eta= 0.55913

     H   19    Vxx=    0.0194    axis=(  0.698009  0.280154  0.659012)
     H   19    Vyy=    0.5996    axis=( -0.025656 -0.909919  0.413992)
     H   19    Vzz=   -0.6189    axis=(  0.715629 -0.305877 -0.627944)
     H   19  Q=         1.0000 1e-30 m^2  Cq=        -1.4542 MHz  eta= 0.93742

     C   20    Vxx=    0.1784    axis=(  0.334358 -0.918474  0.211209)
     C   20    Vyy=    0.6282    axis=( -0.652218 -0.063734  0.755347)
     C   20    Vzz=   -0.8066    axis=(  0.680306  0.390311  0.620355)
     C   20  Q=         1.0000 1e-30 m^2  Cq=        -1.8952 MHz  eta= 0.55756

     H   21    Vxx=   -0.0563    axis=(  0.323248  0.940883  0.101240)
     H   21    Vyy=   -0.7252    axis=( -0.526552  0.089938  0.845372)
     H   21    Vzz=    0.7815    axis=(  0.786291 -0.326573  0.524497)
     H   21  Q=         1.0000 1e-30 m^2  Cq=         1.8362 MHz  eta= 0.85592

     C   22    Vxx=    0.0010    axis=(  0.485544 -0.100891  0.868371)
     C   22    Vyy=    0.3768    axis=( -0.846973 -0.300319  0.438687)
     C   22    Vzz=   -0.3778    axis=(  0.216528 -0.948488 -0.231270)
     C   22  Q=         1.0000 1e-30 m^2  Cq=        -0.8877 MHz  eta= 0.99460

     C   23    Vxx=    0.0828    axis=(  0.495478 -0.667183 -0.556209)
     C   23    Vyy=    0.7719    axis=( -0.130343 -0.690194  0.711789)
     C   23    Vzz=   -0.8548    axis=( -0.858786 -0.280177 -0.428938)
     C   23  Q=         1.0000 1e-30 m^2  Cq=        -2.0084 MHz  eta= 0.80619

     Cl  24    Vxx=    0.4128    axis=(  0.626455  0.543967  0.558259)
     Cl  24    Vyy=    2.3574    axis=( -0.487367 -0.285584  0.825176)
     Cl  24    Vzz=   -2.7702    axis=( -0.608298  0.789013 -0.086206)
     Cl  24  Q=        -8.1650 1e-30 m^2  Cq=        53.1453 MHz  eta= 0.70199

     Initialization:
     gipaw_setup  :      9.07s CPU     10.99s WALL (       1 calls)

     Linear response

     Apply operators

     Induced current

     Other routines
     efg          :      9.19s CPU     11.24s WALL (       1 calls)

     General routines
     calbec       :      3.04s CPU      3.87s WALL (      16 calls)
     fft          :      1.84s CPU      2.98s WALL (      15 calls)
     ffts         :      0.03s CPU      0.04s WALL (       2 calls)
     fftw         :      3.34s CPU      4.00s WALL (     672 calls)
     davcio       :      0.04s CPU      0.33s WALL (      32 calls)

     Parallel routines
     fft_scatter  :      2.39s CPU      4.08s WALL (     689 calls)

     Plugins

     GIPAW        :     61.14s CPU     79.95s WALL (       1 calls)
