
     Program QE v.6.0 (svn rev. 13079) starts on  5Jan2017 at 15:17: 4 

     This program is part of the open-source Quantum ESPRESSO suite
     for quantum simulation of materials; please cite
         "P. Giannozzi et al., J. Phys.:Condens. Matter 21 395502 (2009);
          URL http://www.quantum-espresso.org", 
     in publications or presentations arising from this work. More details at
     http://www.quantum-espresso.org/quote

     Parallel version (MPI), running on     8 processors
     R & G space division:  proc/nbgrp/npool/nimage =       8

     ***** This is GIPAW svn revision unknown      *****

     Parallelizing q-star over 1 images

     Reading data from directory:
     /users/majewski/paradichlorobenzene/pbe/9_constraint/scratch/pbe.ecut100.np8.dt60.pcl2phi-129368.save
     Message from routine read_xml_file:
     file /users/majewski/paradichlorobenzene/pbe/9_constraint/scratch/pbe.ecut100.np8.dt60.pcl2phi-129368.save not guaranteed to be safe for post-processing

   Info: using nr1, nr2, nr3 values from input

   Info: using nr1, nr2, nr3 values from input

     IMPORTANT: XC functional enforced from input :
     Exchange-correlation      =  SLA  PW   PBX  PBC ( 1  4  3  4 0 0)
     Any further DFT definition will be discarded
     Please, verify this is what you really want

               file C.pbe-n-kjpaw_psl.1.0.0.UPF: wavefunction(s)  2S 2P renormalized
               file Cl.pbe-n-kjpaw_psl.1.0.0.UPF: wavefunction(s)  3S 3P renormalized
               file H.pbe-kjpaw_psl.1.0.0.UPF: wavefunction(s)  1S renormalized

     Parallelization info
     --------------------
     sticks:   dense  smooth     PW     G-vecs:    dense   smooth      PW
     Min        3057    1223    332               144436    36536    5170
     Max        3059    1225    333               144437    36537    5171
     Sum       24467    9791   2657              1155489   292295   41363


     Subspace diagonalization in iterative solution of the eigenvalue problem:
     a serial algorithm will be used

     GIPAW projectors -----------------------------------------------
     atom=  C    l=0  rc=    1.2000  rs=    0.8000
     atom=  C    l=0  rc=    1.2000  rs=    0.8000
     atom=  C    l=1  rc=    1.4000  rs=    0.9333
     atom=  C    l=1  rc=    1.4000  rs=    0.9333
     projs nearly linearly dependent: l=1  n1,n2= 1, 2  s=  0.99951561

     atom=  Cl   l=0  rc=    1.6000  rs=    1.0667
     atom=  Cl   l=0  rc=    1.6000  rs=    1.0667
     atom=  Cl   l=1  rc=    1.6000  rs=    1.0667
     atom=  Cl   l=1  rc=    1.6000  rs=    1.0667
     atom=  Cl   l=2  rc=    1.6000  rs=    1.0667
     atom=  Cl   l=2  rc=    1.6000  rs=    1.0667
     projs nearly linearly dependent: l=2  n1,n2= 1, 2  s=  0.99993509

     atom=  H    l=0  rc=    1.0000  rs=    0.6667
     atom=  H    l=0  rc=    1.0000  rs=    0.6667
     projs nearly linearly dependent: l=0  n1,n2= 1, 2  s=  0.99968852
     -----------------------------------------------------------------

     GIPAW integrals: -------------------------------------------
     Atom  i/j   nmr_para   nmr_dia   epr_rmc  epr_para   epr_dia
       C   1 1   0.83E+03  0.17E-01  0.93E+01  0.24E+08  0.24E+03
       C   2 1   0.86E+03 -0.61E-01  0.94E+01  0.25E+08  0.25E+03
       C   2 2   0.90E+03 -0.15E+00  0.97E+01  0.26E+08  0.26E+03
       C   3 3   0.33E+01  0.34E+00  0.18E+01  0.55E+03  0.21E+02
       C   4 3   0.35E+01  0.37E+00  0.20E+01  0.59E+03  0.22E+02
       C   4 4   0.38E+01  0.39E+00  0.22E+01  0.63E+03  0.24E+02
       Cl  1 1   0.14E+04 -0.47E+00  0.84E+01  0.32E+09  0.42E+03
       Cl  2 1   0.21E+04 -0.37E+00  0.12E+02  0.49E+09  0.65E+03
       Cl  2 2   0.33E+04 -0.16E+00  0.21E+02  0.76E+09  0.10E+04
       Cl  3 3   0.21E+02  0.79E-01  0.89E+01  0.23E+05  0.13E+03
       Cl  4 3   0.24E+02  0.67E-01  0.99E+01  0.27E+05  0.15E+03
       Cl  4 4   0.28E+02  0.44E-01  0.11E+02  0.32E+05  0.18E+03
       Cl  5 5   0.77E+00  0.19E+00  0.18E+01  0.12E+03  0.22E+02
       Cl  6 5   0.80E+00  0.19E+00  0.19E+01  0.12E+03  0.23E+02
       Cl  6 6   0.83E+00  0.20E+00  0.19E+01  0.12E+03  0.23E+02
       H   1 1   0.39E+02  0.19E+00  0.29E+00  0.78E+05  0.13E+02
       H   2 1   0.41E+02  0.21E+00  0.32E+00  0.82E+05  0.14E+02
       H   2 2   0.43E+02  0.22E+00  0.36E+00  0.86E+05  0.15E+02
     ------------------------------------------------------------

     alpha_pv=     33.8143 eV

     Number of occupied bands for each k-point:
     k-point:     1    nbnd_occ=  42
     k-point:     2    nbnd_occ=  42
     k-point:     3    nbnd_occ=  42
     k-point:     4    nbnd_occ=  42
     k-point:     5    nbnd_occ=  42
     k-point:     6    nbnd_occ=  42
     k-point:     7    nbnd_occ=  42
     k-point:     8    nbnd_occ=  42
     k-point:     9    nbnd_occ=  42
     k-point:    10    nbnd_occ=  42
     k-point:    11    nbnd_occ=  42
     k-point:    12    nbnd_occ=  42
     k-point:    13    nbnd_occ=  42
     k-point:    14    nbnd_occ=  42
     k-point:    15    nbnd_occ=  42
     k-point:    16    nbnd_occ=  42


     q-space interpolation up to   110.00 Rydberg

     GIPAW job: efg                                                                             


     ELECTRIC FIELD GRADIENTS TENSORS IN Hartree/bohrradius^2:

     ----- bare term -----
     Cl   1        0.194421        0.048314       -0.094353
     Cl   1        0.048314       -0.202825        0.271081
     Cl   1       -0.094353        0.271081        0.008403

     C    2       -0.556307        0.389651       -0.237622
     C    2        0.389651        0.142322       -0.201590
     C    2       -0.237622       -0.201590        0.413986

     C    3        0.050076       -0.117155       -0.261746
     C    3       -0.117155       -0.050362       -0.637661
     C    3       -0.261746       -0.637661        0.000286

     H    4        0.053395        0.114404       -0.465797
     H    4        0.114404        0.084331        0.231375
     H    4       -0.465797        0.231375       -0.137725

     C    5       -0.349240        0.388068        0.049546
     C    5        0.388068        0.010063       -0.312366
     C    5        0.049546       -0.312366        0.339177

     H    6        0.384881        0.073138       -0.330787
     H    6        0.073138        0.028883       -0.220094
     H    6       -0.330787       -0.220094       -0.413764

     H    7        0.162112        0.287328       -0.352123
     H    7        0.287328       -0.156645        0.518255
     H    7       -0.352123        0.518255       -0.005466

     C    8        0.004654       -0.531210        0.116112
     C    8       -0.531210       -0.490276        0.360249
     C    8        0.116112        0.360249        0.485622

     H    9       -0.763871        0.241735       -0.031798
     H    9        0.241735        0.421018        0.106000
     H    9       -0.031798        0.106000        0.342853

     C   10       -0.210292       -0.209446       -0.312594
     C   10       -0.209446       -0.046455        0.346144
     C   10       -0.312594        0.346144        0.256747

     C   11       -0.013751       -0.216621       -0.194518
     C   11       -0.216621       -0.082059        0.591171
     C   11       -0.194518        0.591171        0.095810

     Cl  12       -0.094885       -0.088459       -0.106590
     Cl  12       -0.088459       -0.018243        0.133215
     Cl  12       -0.106590        0.133215        0.113129

     H   13        0.242981        0.129677        0.334018
     H   13        0.129677       -0.006671       -0.507858
     H   13        0.334018       -0.507858       -0.236310

     C   14       -0.031502       -0.294586       -0.514060
     C   14       -0.294586       -0.120137       -0.422382
     C   14       -0.514060       -0.422382        0.151639

     H   15        0.054703       -0.072386       -0.183644
     H   15       -0.072386        0.517281       -0.173529
     H   15       -0.183644       -0.173529       -0.571984

     C   16       -0.082887        0.462135       -0.196897
     C   16        0.462135       -0.182872       -0.043630
     C   16       -0.196897       -0.043630        0.265760

     C   17        0.140944       -0.303149       -0.605133
     C   17       -0.303149       -0.213444       -0.577594
     C   17       -0.605133       -0.577594        0.072501

     Cl  18       -0.002165        0.304639       -0.137343
     Cl  18        0.304639       -0.152118       -0.012320
     Cl  18       -0.137343       -0.012320        0.154284

     H   19        0.475643        0.043109        0.202248
     H   19        0.043109        0.049477        0.186801
     H   19        0.202248        0.186801       -0.525120

     C   20       -0.618594       -0.394564       -0.414639
     C   20       -0.394564        0.368072        0.286661
     C   20       -0.414639        0.286661        0.250522

     H   21       -0.105771        0.053233       -0.530641
     H   21        0.053233        0.094053       -0.120843
     H   21       -0.530641       -0.120843        0.011718

     C   22        0.060618       -0.382907       -0.071944
     C   22       -0.382907       -0.146221        0.590114
     C   22       -0.071944        0.590114        0.085602

     C   23       -0.452706       -0.127487       -0.302454
     C   23       -0.127487        0.143200        0.165080
     C   23       -0.302454        0.165080        0.309506

     Cl  24       -0.066188        0.007401       -0.116884
     Cl  24        0.007401       -0.011955        0.111874
     Cl  24       -0.116884        0.111874        0.078143

     ----- ionic term -----
     Cl   1        0.071096       -0.229365        0.064362
     Cl   1       -0.229365        0.063004       -0.049916
     Cl   1        0.064362       -0.049916       -0.134100

     C    2        0.049818       -0.262781        0.385151
     C    2       -0.262781        0.081115        0.313993
     C    2        0.385151        0.313993       -0.130934

     C    3        0.026586       -0.386174        0.195171
     C    3       -0.386174        0.176138        0.377995
     C    3        0.195171        0.377995       -0.202724

     H    4        0.358069        0.076949        0.779569
     H    4        0.076949       -0.469164        0.158001
     H    4        0.779569        0.158001        0.111094

     C    5        0.122648       -0.329075        0.255580
     C    5       -0.329075        0.037915        0.282373
     C    5        0.255580        0.282373       -0.160563

     H    6       -0.535253        0.037942        0.030467
     H    6        0.037942        0.327556        0.790423
     H    6        0.030467        0.790423        0.207697

     H    7       -0.502442       -0.156169        0.121547
     H    7       -0.156169        0.627661       -0.735983
     H    7        0.121547       -0.735983       -0.125219

     C    8        0.299129        0.188899        0.250224
     C    8        0.188899        0.000302       -0.335056
     C    8        0.250224       -0.335056       -0.299431

     H    9        0.853580       -0.285251        0.447872
     H    9       -0.285251       -0.494232       -0.174889
     H    9        0.447872       -0.174889       -0.359348

     C   10        0.192207        0.205787        0.121670
     C   10        0.205787        0.105825       -0.447583
     C   10        0.121670       -0.447583       -0.298032

     C   11        0.119883        0.118465        0.253646
     C   11        0.118465        0.057903       -0.492899
     C   11        0.253646       -0.492899       -0.177786

     Cl  12        0.096007        0.174477       -0.040149
     Cl  12        0.174477        0.021598       -0.030251
     Cl  12       -0.040149       -0.030251       -0.117605

     H   13       -0.544751        0.028406        0.047946
     H   13        0.028406        0.438357        0.790335
     H   13        0.047946        0.790335        0.106393

     C   14        0.156938       -0.251904        0.362591
     C   14       -0.251904        0.007735        0.264546
     C   14        0.362591        0.264546       -0.164673

     H   15        0.443436        0.181561        0.779211
     H   15        0.181561       -0.480736        0.208855
     H   15        0.779211        0.208855        0.037300

     C   16        0.065407       -0.308413        0.240533
     C   16       -0.308413        0.114141        0.323524
     C   16        0.240533        0.323524       -0.179548

     C   17        0.096057       -0.276739        0.265810
     C   17       -0.276739        0.029416        0.336940
     C   17        0.265810        0.336940       -0.125473

     Cl  18        0.128242       -0.190623        0.020368
     Cl  18       -0.190623        0.001616        0.001290
     Cl  18        0.020368        0.001290       -0.129858

     H   19       -0.537512       -0.010858        0.011156
     H   19       -0.010858        0.251364       -0.820986
     H   19        0.011156       -0.820986        0.286148

     C   20        0.222508        0.199975        0.231836
     C   20        0.199975       -0.065340       -0.348312
     C   20        0.231836       -0.348312       -0.157168

     H   21        0.513938       -0.237388        0.754303
     H   21       -0.237388       -0.483494       -0.236340
     H   21        0.754303       -0.236340       -0.030444

     C   22        0.094290        0.199660        0.201620
     C   22        0.199660        0.060324       -0.444568
     C   22        0.201620       -0.444568       -0.154614

     C   23        0.150924        0.158946        0.278468
     C   23        0.158946        0.036305       -0.460374
     C   23        0.278468       -0.460374       -0.187229

     Cl  24        0.086128        0.208443       -0.006343
     Cl  24        0.208443        0.048339       -0.023417
     Cl  24       -0.006343       -0.023417       -0.134468

     ----- GIPAW term -----
     Cl   1       -0.160355       -0.777128       -0.447119
     Cl   1       -0.777128        0.554367       -1.390807
     Cl   1       -0.447119       -1.390807       -0.394012

     C    2       -0.043534       -0.189101       -0.034107
     C    2       -0.189101        0.168106        0.010060
     C    2       -0.034107        0.010060       -0.124573

     C    3       -0.083197       -0.124169       -0.009905
     C    3       -0.124169        0.175598       -0.161349
     C    3       -0.009905       -0.161349       -0.092401

     H    4       -0.000000        0.000000        0.000000
     H    4        0.000000        0.000000        0.000000
     H    4        0.000000        0.000000        0.000000

     C    5        0.020697       -0.135101        0.120087
     C    5       -0.135101        0.047547       -0.103252
     C    5        0.120087       -0.103252       -0.068244

     H    6       -0.000000        0.000000        0.000000
     H    6        0.000000        0.000000        0.000000
     H    6        0.000000        0.000000        0.000000

     H    7       -0.000000        0.000000        0.000000
     H    7        0.000000        0.000000        0.000000
     H    7        0.000000        0.000000        0.000000

     C    8        0.068774       -0.167353        0.199180
     C    8       -0.167353       -0.185656       -0.021103
     C    8        0.199180       -0.021103        0.116882

     H    9       -0.000000        0.000000        0.000000
     H    9        0.000000        0.000000        0.000000
     H    9        0.000000        0.000000        0.000000

     C   10        0.077993       -0.113299        0.008602
     C   10       -0.113299       -0.035540        0.007739
     C   10        0.008602        0.007739       -0.042453

     C   11        0.036283       -0.048682       -0.019950
     C   11       -0.048682        0.137614        0.070687
     C   11       -0.019950        0.070687       -0.173897

     Cl  12        0.227048        0.868897       -1.549496
     Cl  12        0.868897       -0.449257        1.693043
     Cl  12       -1.549496        1.693043        0.222209

     H   13       -0.000000        0.000000        0.000000
     H   13        0.000000        0.000000        0.000000
     H   13        0.000000        0.000000        0.000000

     C   14        0.103882       -0.181392       -0.192156
     C   14       -0.181392       -0.085947        0.013119
     C   14       -0.192156        0.013119       -0.017936

     H   15       -0.000000        0.000000        0.000000
     H   15        0.000000        0.000000        0.000000
     H   15        0.000000        0.000000        0.000000

     C   16        0.088887       -0.003784       -0.133822
     C   16       -0.003784       -0.094090        0.051216
     C   16       -0.133822        0.051216        0.005203

     C   17        0.229012       -0.166081       -0.194290
     C   17       -0.166081       -0.119305       -0.049309
     C   17       -0.194290       -0.049309       -0.109707

     Cl  18        2.317495       -0.769958       -1.367686
     Cl  18       -0.769958       -1.164946       -0.093643
     Cl  18       -1.367686       -0.093643       -1.152549

     H   19       -0.000000        0.000000        0.000000
     H   19        0.000000        0.000000        0.000000
     H   19        0.000000        0.000000        0.000000

     C   20       -0.141075       -0.172977       -0.096033
     C   20       -0.172977        0.197458        0.119907
     C   20       -0.096033        0.119907       -0.056383

     H   21       -0.000000        0.000000        0.000000
     H   21        0.000000        0.000000        0.000000
     H   21        0.000000        0.000000        0.000000

     C   22       -0.076640       -0.150240        0.011260
     C   22       -0.150240        0.218214        0.043495
     C   22        0.011260        0.043495       -0.141574

     C   23        0.021400       -0.062097        0.132879
     C   23       -0.062097       -0.004468       -0.132016
     C   23        0.132879       -0.132016       -0.016932

     Cl  24        0.266529       -0.318744        1.076454
     Cl  24       -0.318744        0.266040       -1.361168
     Cl  24        1.076454       -1.361168       -0.532570

     ----- total EFG -----
     Cl   1        0.105163       -0.958179       -0.477111
     Cl   1       -0.958179        0.414546       -1.169642
     Cl   1       -0.477111       -1.169642       -0.519709

     C    2       -0.550023       -0.062231        0.113422
     C    2       -0.062231        0.391543        0.122463
     C    2        0.113422        0.122463        0.158480

     C    3       -0.006535       -0.627498       -0.076481
     C    3       -0.627498        0.301375       -0.421016
     C    3       -0.076481       -0.421016       -0.294840

     H    4        0.411464        0.191353        0.313772
     H    4        0.191353       -0.384833        0.389376
     H    4        0.313772        0.389376       -0.026631

     C    5       -0.205895       -0.076108        0.425213
     C    5       -0.076108        0.095525       -0.133245
     C    5        0.425213       -0.133245        0.110370

     H    6       -0.150372        0.111080       -0.300320
     H    6        0.111080        0.356439        0.570329
     H    6       -0.300320        0.570329       -0.206067

     H    7       -0.340330        0.131159       -0.230576
     H    7        0.131159        0.471016       -0.217728
     H    7       -0.230576       -0.217728       -0.130686

     C    8        0.372557       -0.509665        0.565516
     C    8       -0.509665       -0.675630        0.004090
     C    8        0.565516        0.004090        0.303073

     H    9        0.089710       -0.043516        0.416074
     H    9       -0.043516       -0.073215       -0.068889
     H    9        0.416074       -0.068889       -0.016495

     C   10        0.059909       -0.116958       -0.182322
     C   10       -0.116958        0.023829       -0.093700
     C   10       -0.182322       -0.093700       -0.083738

     C   11        0.142415       -0.146839        0.039177
     C   11       -0.146839        0.113458        0.168958
     C   11        0.039177        0.168958       -0.255873

     Cl  12        0.228169        0.954914       -1.696235
     Cl  12        0.954914       -0.445903        1.796007
     Cl  12       -1.696235        1.796007        0.217733

     H   13       -0.301770        0.158083        0.381964
     H   13        0.158083        0.431686        0.282477
     H   13        0.381964        0.282477       -0.129917

     C   14        0.229319       -0.727882       -0.343625
     C   14       -0.727882       -0.198349       -0.144717
     C   14       -0.343625       -0.144717       -0.030970

     H   15        0.498139        0.109176        0.595567
     H   15        0.109176        0.036545        0.035325
     H   15        0.595567        0.035325       -0.534684

     C   16        0.071407        0.149938       -0.090186
     C   16        0.149938       -0.162821        0.331111
     C   16       -0.090186        0.331111        0.091415

     C   17        0.466013       -0.745969       -0.533612
     C   17       -0.745969       -0.303333       -0.289963
     C   17       -0.533612       -0.289963       -0.162680

     Cl  18        2.443572       -0.655942       -1.484661
     Cl  18       -0.655942       -1.315449       -0.104673
     Cl  18       -1.484661       -0.104673       -1.128123

     H   19       -0.061869        0.032251        0.213404
     H   19        0.032251        0.300842       -0.634185
     H   19        0.213404       -0.634185       -0.238972

     C   20       -0.537160       -0.367566       -0.278836
     C   20       -0.367566        0.500190        0.058256
     C   20       -0.278836        0.058256        0.036971

     H   21        0.408168       -0.184155        0.223661
     H   21       -0.184155       -0.389441       -0.357183
     H   21        0.223661       -0.357183       -0.018727

     C   22        0.078269       -0.333487        0.140936
     C   22       -0.333487        0.132317        0.189041
     C   22        0.140936        0.189041       -0.210586

     C   23       -0.280382       -0.030638        0.108893
     C   23       -0.030638        0.175037       -0.427310
     C   23        0.108893       -0.427310        0.105345

     Cl  24        0.286470       -0.102901        0.953227
     Cl  24       -0.102901        0.302424       -1.272712
     Cl  24        0.953227       -1.272712       -0.588894

     ----- total EFG (symmetrized) -----
     Cl   1        0.105163       -0.958179       -0.477111
     Cl   1       -0.958179        0.414546       -1.169642
     Cl   1       -0.477111       -1.169642       -0.519709

     C    2       -0.550023       -0.062231        0.113422
     C    2       -0.062231        0.391543        0.122463
     C    2        0.113422        0.122463        0.158480

     C    3       -0.006535       -0.627498       -0.076481
     C    3       -0.627498        0.301375       -0.421016
     C    3       -0.076481       -0.421016       -0.294840

     H    4        0.411464        0.191353        0.313772
     H    4        0.191353       -0.384833        0.389376
     H    4        0.313772        0.389376       -0.026631

     C    5       -0.205895       -0.076108        0.425213
     C    5       -0.076108        0.095525       -0.133245
     C    5        0.425213       -0.133245        0.110370

     H    6       -0.150372        0.111080       -0.300320
     H    6        0.111080        0.356439        0.570329
     H    6       -0.300320        0.570329       -0.206067

     H    7       -0.340330        0.131159       -0.230576
     H    7        0.131159        0.471016       -0.217728
     H    7       -0.230576       -0.217728       -0.130686

     C    8        0.372557       -0.509665        0.565516
     C    8       -0.509665       -0.675630        0.004090
     C    8        0.565516        0.004090        0.303073

     H    9        0.089710       -0.043516        0.416074
     H    9       -0.043516       -0.073215       -0.068889
     H    9        0.416074       -0.068889       -0.016495

     C   10        0.059909       -0.116958       -0.182322
     C   10       -0.116958        0.023829       -0.093700
     C   10       -0.182322       -0.093700       -0.083738

     C   11        0.142415       -0.146839        0.039177
     C   11       -0.146839        0.113458        0.168958
     C   11        0.039177        0.168958       -0.255873

     Cl  12        0.228169        0.954914       -1.696235
     Cl  12        0.954914       -0.445903        1.796007
     Cl  12       -1.696235        1.796007        0.217733

     H   13       -0.301770        0.158083        0.381964
     H   13        0.158083        0.431686        0.282477
     H   13        0.381964        0.282477       -0.129917

     C   14        0.229319       -0.727882       -0.343625
     C   14       -0.727882       -0.198349       -0.144717
     C   14       -0.343625       -0.144717       -0.030970

     H   15        0.498139        0.109176        0.595567
     H   15        0.109176        0.036545        0.035325
     H   15        0.595567        0.035325       -0.534684

     C   16        0.071407        0.149938       -0.090186
     C   16        0.149938       -0.162821        0.331111
     C   16       -0.090186        0.331111        0.091415

     C   17        0.466013       -0.745969       -0.533612
     C   17       -0.745969       -0.303333       -0.289963
     C   17       -0.533612       -0.289963       -0.162680

     Cl  18        2.443572       -0.655942       -1.484661
     Cl  18       -0.655942       -1.315449       -0.104673
     Cl  18       -1.484661       -0.104673       -1.128123

     H   19       -0.061869        0.032251        0.213404
     H   19        0.032251        0.300842       -0.634185
     H   19        0.213404       -0.634185       -0.238972

     C   20       -0.537160       -0.367566       -0.278836
     C   20       -0.367566        0.500190        0.058256
     C   20       -0.278836        0.058256        0.036971

     H   21        0.408168       -0.184155        0.223661
     H   21       -0.184155       -0.389441       -0.357183
     H   21        0.223661       -0.357183       -0.018727

     C   22        0.078269       -0.333487        0.140936
     C   22       -0.333487        0.132317        0.189041
     C   22        0.140936        0.189041       -0.210586

     C   23       -0.280382       -0.030638        0.108893
     C   23       -0.030638        0.175037       -0.427310
     C   23        0.108893       -0.427310        0.105345

     Cl  24        0.286470       -0.102901        0.953227
     Cl  24       -0.102901        0.302424       -1.272712
     Cl  24        0.953227       -1.272712       -0.588894


     NQR/NMR SPECTROSCOPIC PARAMETERS:
     Cl   1    Vxx=    0.3237    axis=(  0.771694  0.133599 -0.621803)
     Cl   1    Vyy=    1.4696    axis=( -0.442105  0.815519 -0.373459)
     Cl   1    Vzz=   -1.7933    axis=(  0.457199  0.563099  0.688396)
     Cl   1  Q=        -8.1650 1e-30 m^2  Cq=        34.4042 MHz  eta= 0.63898

     C    2    Vxx=    0.1303    axis=( -0.185831  0.380439 -0.905943)
     C    2    Vyy=    0.4442    axis=( -0.013216  0.920952  0.389453)
     C    2    Vzz=   -0.5745    axis=( -0.982493 -0.084345  0.166114)
     C    2  Q=         1.0000 1e-30 m^2  Cq=        -1.3499 MHz  eta= 0.54636

     C    3    Vxx=   -0.1160    axis=(  0.634653  0.201630 -0.746030)
     C    3    Vyy=   -0.7517    axis=(  0.543306  0.570106  0.616277)
     C    3    Vzz=    0.8677    axis=(  0.549576 -0.796445  0.252273)
     C    3  Q=         1.0000 1e-30 m^2  Cq=         2.0388 MHz  eta= 0.73266

     H    4    Vxx=   -0.0621    axis=(  0.612862 -0.433642 -0.660572)
     H    4    Vyy=   -0.6344    axis=(  0.009188  0.839820 -0.542787)
     H    4    Vzz=    0.6965    axis=( -0.790136 -0.326585 -0.518678)
     H    4  Q=         1.0000 1e-30 m^2  Cq=         1.6366 MHz  eta= 0.82160

     C    5    Vxx=    0.0332    axis=(  0.235735  0.924967  0.298103)
     C    5    Vyy=    0.4686    axis=( -0.523707  0.379308 -0.762795)
     C    5    Vzz=   -0.5017    axis=( -0.818633  0.023699  0.573828)
     C    5  Q=         1.0000 1e-30 m^2  Cq=        -1.1789 MHz  eta= 0.86772

     H    6    Vxx=    0.0147    axis=(  0.875143  0.320508 -0.362492)
     H    6    Vyy=    0.7163    axis=(  0.081095 -0.835716 -0.543141)
     H    6    Vzz=   -0.7310    axis=( -0.477021  0.445929 -0.757363)
     H    6  Q=         1.0000 1e-30 m^2  Cq=        -1.7176 MHz  eta= 0.95977

     H    7    Vxx=   -0.0960    axis=( -0.500690  0.408786  0.763022)
     H    7    Vyy=   -0.4889    axis=(  0.838269  0.009120  0.545180)
     H    7    Vzz=    0.5849    axis=( -0.215903 -0.912584  0.347240)
     H    7  Q=         1.0000 1e-30 m^2  Cq=         1.3743 MHz  eta= 0.67163

     C    8    Vxx=   -0.0639    axis=( -0.496440  0.418671  0.760436)
     C    8    Vyy=   -0.9273    axis=(  0.432334  0.878879 -0.201639)
     C    8    Vzz=    0.9911    axis=( -0.752751  0.228661 -0.617316)
     C    8  Q=         1.0000 1e-30 m^2  Cq=         2.3288 MHz  eta= 0.87113

     H    9    Vxx=   -0.0828    axis=( -0.157333 -0.986815 -0.037974)
     H    9    Vyy=   -0.3846    axis=( -0.653691  0.075245  0.753012)
     H    9    Vzz=    0.4674    axis=(  0.740226 -0.143297  0.656910)
     H    9  Q=         1.0000 1e-30 m^2  Cq=         1.0981 MHz  eta= 0.64567

     C   10    Vxx=    0.0776    axis=( -0.049279 -0.838499  0.542670)
     C   10    Vyy=    0.1995    axis=( -0.839841  0.328864  0.431875)
     C   10    Vzz=   -0.2771    axis=( -0.540591 -0.434475 -0.720412)
     C   10  Q=         1.0000 1e-30 m^2  Cq=        -0.6510 MHz  eta= 0.43985

     C   11    Vxx=    0.0487    axis=(  0.717206  0.566146  0.406318)
     C   11    Vyy=    0.2906    axis=(  0.669268 -0.722053 -0.175271)
     C   11    Vzz=   -0.3393    axis=( -0.194154 -0.397641  0.896764)
     C   11  Q=         1.0000 1e-30 m^2  Cq=        -0.7972 MHz  eta= 0.71292

     Cl  12    Vxx=    0.8534    axis=( -0.694237 -0.705718 -0.141413)
     Cl  12    Vyy=    2.1458    axis=( -0.516127  0.351192  0.781202)
     Cl  12    Vzz=   -2.9992    axis=(  0.501646 -0.615326  0.608050)
     Cl  12  Q=        -8.1650 1e-30 m^2  Cq=        57.5375 MHz  eta= 0.43093

     H   13    Vxx=   -0.0388    axis=(  0.558446 -0.556807  0.614901)
     H   13    Vyy=   -0.6104    axis=(  0.764606  0.058003 -0.641883)
     H   13    Vzz=    0.6492    axis=(  0.321739  0.828614  0.458130)
     H   13  Q=         1.0000 1e-30 m^2  Cq=         1.5255 MHz  eta= 0.88044

     C   14    Vxx=    0.0505    axis=( -0.031127 -0.432946  0.900882)
     C   14    Vyy=    0.8194    axis=(  0.806325 -0.543502 -0.233337)
     C   14    Vzz=   -0.8698    axis=(  0.590654  0.719141  0.366012)
     C   14  Q=         1.0000 1e-30 m^2  Cq=        -2.0438 MHz  eta= 0.88400

     H   15    Vxx=    0.0194    axis=(  0.130012 -0.988540  0.076715)
     H   15    Vyy=    0.7873    axis=( -0.899907 -0.150128 -0.409424)
     H   15    Vzz=   -0.8068    axis=(  0.416250 -0.015806 -0.909113)
     H   15  Q=         1.0000 1e-30 m^2  Cq=        -1.8956 MHz  eta= 0.95179

     C   16    Vxx=    0.1295    axis=(  0.946606  0.232103 -0.223751)
     C   16    Vyy=    0.3195    axis=(  0.051585  0.576048  0.815787)
     C   16    Vzz=   -0.4490    axis=( -0.318238  0.783771 -0.533317)
     C   16  Q=         1.0000 1e-30 m^2  Cq=        -1.0550 MHz  eta= 0.42322

     C   17    Vxx=    0.0644    axis=( -0.023013 -0.589812  0.807213)
     C   17    Vyy=    1.0118    axis=(  0.859251 -0.424403 -0.285605)
     C   17    Vzz=   -1.0762    axis=(  0.511037  0.687026  0.516563)
     C   17  Q=         1.0000 1e-30 m^2  Cq=        -2.5287 MHz  eta= 0.88032

     Cl  18    Vxx=   -1.1824    axis=(  0.078667 -0.826565  0.557316)
     Cl  18    Vyy=   -1.8753    axis=( -0.345234 -0.547043 -0.762599)
     Cl  18    Vzz=    3.0578    axis=( -0.935214  0.132413  0.328392)
     Cl  18  Q=        -8.1650 1e-30 m^2  Cq=       -58.6618 MHz  eta= 0.22660

     H   19    Vxx=   -0.0136    axis=(  0.950204  0.257249  0.175886)
     H   19    Vyy=   -0.7173    axis=( -0.288501  0.512792  0.808586)
     H   19    Vzz=    0.7309    axis=(  0.117815 -0.819064  0.561474)
     H   19  Q=         1.0000 1e-30 m^2  Cq=         1.7174 MHz  eta= 0.96269

     C   20    Vxx=    0.0836    axis=( -0.221378 -0.323926  0.919817)
     C   20    Vyy=    0.6518    axis=(  0.337569 -0.910362 -0.239351)
     C   20    Vzz=   -0.7354    axis=(  0.914898  0.257515  0.310881)
     C   20  Q=         1.0000 1e-30 m^2  Cq=        -1.7278 MHz  eta= 0.77273

     H   21    Vxx=   -0.0012    axis=(  0.570693  0.392754 -0.721148)
     H   21    Vyy=   -0.6084    axis=(  0.045022  0.861916  0.505049)
     H   21    Vzz=    0.6096    axis=(  0.819929 -0.320695  0.474206)
     H   21  Q=         1.0000 1e-30 m^2  Cq=         1.4322 MHz  eta= 0.99608

     C   22    Vxx=    0.0097    axis=(  0.559377  0.417555  0.716063)
     C   22    Vyy=    0.4432    axis=( -0.656681  0.750388  0.075417)
     C   22    Vzz=   -0.4529    axis=( -0.505834 -0.512411  0.693950)
     C   22  Q=         1.0000 1e-30 m^2  Cq=        -1.0641 MHz  eta= 0.95696

     C   23    Vxx=   -0.2309    axis=(  0.694322  0.545943  0.468897)
     C   23    Vyy=   -0.3488    axis=(  0.710925 -0.419088 -0.564757)
     C   23    Vzz=    0.5798    axis=(  0.111815 -0.725473  0.679107)
     C   23  Q=         1.0000 1e-30 m^2  Cq=         1.3622 MHz  eta= 0.20334

     Cl  24    Vxx=    0.1933    axis=(  0.796600  0.604375 -0.012598)
     Cl  24    Vyy=    1.5680    axis=( -0.492463  0.636725 -0.593347)
     Cl  24    Vzz=   -1.7613    axis=( -0.350583  0.478865  0.804848)
     Cl  24  Q=        -8.1650 1e-30 m^2  Cq=        33.7904 MHz  eta= 0.78048

     Initialization:
     gipaw_setup  :      9.34s CPU     11.01s WALL (       1 calls)

     Linear response

     Apply operators

     Induced current

     Other routines
     efg          :      9.70s CPU     11.85s WALL (       1 calls)

     General routines
     calbec       :      3.25s CPU      4.00s WALL (      16 calls)
     fft          :      1.78s CPU      3.03s WALL (      15 calls)
     ffts         :      0.04s CPU      0.05s WALL (       2 calls)
     fftw         :      3.51s CPU      4.22s WALL (     672 calls)
     davcio       :      0.03s CPU      0.34s WALL (      32 calls)

     Parallel routines
     fft_scatter  :      2.53s CPU      4.30s WALL (     689 calls)

     Plugins

     GIPAW        :     62.12s CPU     74.82s WALL (       1 calls)
