
     Program QE v.6.0 (svn rev. 13079) starts on 20Dec2016 at 21: 3:12 

     This program is part of the open-source Quantum ESPRESSO suite
     for quantum simulation of materials; please cite
         "P. Giannozzi et al., J. Phys.:Condens. Matter 21 395502 (2009);
          URL http://www.quantum-espresso.org", 
     in publications or presentations arising from this work. More details at
     http://www.quantum-espresso.org/quote

     Parallel version (MPI), running on     8 processors
     R & G space division:  proc/nbgrp/npool/nimage =       8

     ***** This is GIPAW svn revision unknown      *****

     Parallelizing q-star over 1 images

     Reading data from directory:
     /users/majewski/paradichlorobenzene/pbe/9_constraint/scratch/pbe.ecut100.np8.dt60.pcl2phi-129368.save
     Message from routine read_xml_file:
     file /users/majewski/paradichlorobenzene/pbe/9_constraint/scratch/pbe.ecut100.np8.dt60.pcl2phi-129368.save not guaranteed to be safe for post-processing

   Info: using nr1, nr2, nr3 values from input

   Info: using nr1, nr2, nr3 values from input

     IMPORTANT: XC functional enforced from input :
     Exchange-correlation      =  SLA  PW   PBX  PBC ( 1  4  3  4 0 0)
     Any further DFT definition will be discarded
     Please, verify this is what you really want

               file C.pbe-n-kjpaw_psl.1.0.0.UPF: wavefunction(s)  2S 2P renormalized
               file Cl.pbe-n-kjpaw_psl.1.0.0.UPF: wavefunction(s)  3S 3P renormalized
               file H.pbe-kjpaw_psl.1.0.0.UPF: wavefunction(s)  1S renormalized

     Parallelization info
     --------------------
     sticks:   dense  smooth     PW     G-vecs:    dense   smooth      PW
     Min        3057    1223    332               144436    36536    5170
     Max        3059    1225    333               144437    36537    5171
     Sum       24467    9791   2657              1155489   292295   41363


     Subspace diagonalization in iterative solution of the eigenvalue problem:
     a serial algorithm will be used

     GIPAW projectors -----------------------------------------------
     atom=  C    l=0  rc=    1.2000  rs=    0.8000
     atom=  C    l=0  rc=    1.2000  rs=    0.8000
     atom=  C    l=1  rc=    1.4000  rs=    0.9333
     atom=  C    l=1  rc=    1.4000  rs=    0.9333
     projs nearly linearly dependent: l=1  n1,n2= 1, 2  s=  0.99951561

     atom=  Cl   l=0  rc=    1.6000  rs=    1.0667
     atom=  Cl   l=0  rc=    1.6000  rs=    1.0667
     atom=  Cl   l=1  rc=    1.6000  rs=    1.0667
     atom=  Cl   l=1  rc=    1.6000  rs=    1.0667
     atom=  Cl   l=2  rc=    1.6000  rs=    1.0667
     atom=  Cl   l=2  rc=    1.6000  rs=    1.0667
     projs nearly linearly dependent: l=2  n1,n2= 1, 2  s=  0.99993509

     atom=  H    l=0  rc=    1.0000  rs=    0.6667
     atom=  H    l=0  rc=    1.0000  rs=    0.6667
     projs nearly linearly dependent: l=0  n1,n2= 1, 2  s=  0.99968852
     -----------------------------------------------------------------

     GIPAW integrals: -------------------------------------------
     Atom  i/j   nmr_para   nmr_dia   epr_rmc  epr_para   epr_dia
       C   1 1   0.83E+03  0.17E-01  0.93E+01  0.24E+08  0.24E+03
       C   2 1   0.86E+03 -0.61E-01  0.94E+01  0.25E+08  0.25E+03
       C   2 2   0.90E+03 -0.15E+00  0.97E+01  0.26E+08  0.26E+03
       C   3 3   0.33E+01  0.34E+00  0.18E+01  0.55E+03  0.21E+02
       C   4 3   0.35E+01  0.37E+00  0.20E+01  0.59E+03  0.22E+02
       C   4 4   0.38E+01  0.39E+00  0.22E+01  0.63E+03  0.24E+02
       Cl  1 1   0.14E+04 -0.47E+00  0.84E+01  0.32E+09  0.42E+03
       Cl  2 1   0.21E+04 -0.37E+00  0.12E+02  0.49E+09  0.65E+03
       Cl  2 2   0.33E+04 -0.16E+00  0.21E+02  0.76E+09  0.10E+04
       Cl  3 3   0.21E+02  0.79E-01  0.89E+01  0.23E+05  0.13E+03
       Cl  4 3   0.24E+02  0.67E-01  0.99E+01  0.27E+05  0.15E+03
       Cl  4 4   0.28E+02  0.44E-01  0.11E+02  0.32E+05  0.18E+03
       Cl  5 5   0.77E+00  0.19E+00  0.18E+01  0.12E+03  0.22E+02
       Cl  6 5   0.80E+00  0.19E+00  0.19E+01  0.12E+03  0.23E+02
       Cl  6 6   0.83E+00  0.20E+00  0.19E+01  0.12E+03  0.23E+02
       H   1 1   0.39E+02  0.19E+00  0.29E+00  0.78E+05  0.13E+02
       H   2 1   0.41E+02  0.21E+00  0.32E+00  0.82E+05  0.14E+02
       H   2 2   0.43E+02  0.22E+00  0.36E+00  0.86E+05  0.15E+02
     ------------------------------------------------------------

     alpha_pv=     33.9143 eV

     Number of occupied bands for each k-point:
     k-point:     1    nbnd_occ=  42
     k-point:     2    nbnd_occ=  42
     k-point:     3    nbnd_occ=  42
     k-point:     4    nbnd_occ=  42
     k-point:     5    nbnd_occ=  42
     k-point:     6    nbnd_occ=  42
     k-point:     7    nbnd_occ=  42
     k-point:     8    nbnd_occ=  42
     k-point:     9    nbnd_occ=  42
     k-point:    10    nbnd_occ=  42
     k-point:    11    nbnd_occ=  42
     k-point:    12    nbnd_occ=  42
     k-point:    13    nbnd_occ=  42
     k-point:    14    nbnd_occ=  42
     k-point:    15    nbnd_occ=  42
     k-point:    16    nbnd_occ=  42


     q-space interpolation up to   110.00 Rydberg

     GIPAW job: efg                                                                             


     ELECTRIC FIELD GRADIENTS TENSORS IN Hartree/bohrradius^2:

     ----- bare term -----
     Cl   1       -0.265650        0.226458        0.062718
     Cl   1        0.226458       -0.011674        0.035134
     Cl   1        0.062718        0.035134        0.277324

     C    2        0.021300       -0.234927       -0.483929
     C    2       -0.234927       -0.341083       -0.454751
     C    2       -0.483929       -0.454751        0.319784

     C    3       -0.554758        0.272670       -0.327126
     C    3        0.272670       -0.038529       -0.167298
     C    3       -0.327126       -0.167298        0.593287

     H    4        0.100018       -0.089582       -0.428203
     H    4       -0.089582        0.468137        0.028428
     H    4       -0.428203        0.028428       -0.568155

     C    5       -0.092568        0.280160       -0.090103
     C    5        0.280160       -0.255262       -0.301387
     C    5       -0.090103       -0.301387        0.347830

     H    6        0.315164       -0.263637       -0.274902
     H    6       -0.263637       -0.223843       -0.583417
     H    6       -0.274902       -0.583417       -0.091321

     H    7        0.389472        0.025643       -0.093588
     H    7        0.025643       -0.544519        0.619540
     H    7       -0.093588        0.619540        0.155046

     C    8       -0.695696       -0.339940       -0.204561
     C    8       -0.339940        0.390035        0.227987
     C    8       -0.204561        0.227987        0.305662

     H    9       -0.496719       -0.154741       -0.227162
     H    9       -0.154741        0.161853        0.344612
     H    9       -0.227162        0.344612        0.334866

     C   10        0.016336       -0.177703       -0.158898
     C   10       -0.177703       -0.114646        0.578968
     C   10       -0.158898        0.578968        0.098310

     C   11       -0.479132       -0.384625       -0.455112
     C   11       -0.384625        0.267951        0.089264
     C   11       -0.455112        0.089264        0.211181

     Cl  12       -0.084751       -0.019180        0.061431
     Cl  12       -0.019180       -0.026939       -0.137687
     Cl  12        0.061431       -0.137687        0.111690

     H   13        0.477547        0.006751       -0.096388
     H   13        0.006751       -0.505724       -0.551450
     H   13       -0.096388       -0.551450        0.028177

     C   14       -0.848432        0.343827       -0.296165
     C   14        0.343827        0.445754       -0.112920
     C   14       -0.296165       -0.112920        0.402678

     H   15        0.044012        0.175626       -0.453965
     H   15        0.175626       -0.116605        0.141914
     H   15       -0.453965        0.141914        0.072593

     C   16        0.345081        0.113316       -0.040715
     C   16        0.113316       -0.305087       -0.509248
     C   16       -0.040715       -0.509248       -0.039994

     C   17       -0.660632        0.473492       -0.377954
     C   17        0.473492        0.176851       -0.036779
     C   17       -0.377954       -0.036779        0.483781

     Cl  18        0.157270        0.037047       -0.042869
     Cl  18        0.037047       -0.243091        0.061396
     Cl  18       -0.042869        0.061396        0.085821

     H   19        0.190979        0.485692        0.044326
     H   19        0.485692       -0.577229        0.108312
     H   19        0.044326        0.108312        0.386250

     C   20       -0.032908       -0.284492       -0.081715
     C   20       -0.284492       -0.185290        0.330387
     C   20       -0.081715        0.330387        0.218197

     H   21       -0.409426        0.471610        0.125771
     H   21        0.471610        0.160138       -0.123552
     H   21        0.125771       -0.123552        0.249287

     C   22       -0.154352       -0.090168        0.034450
     C   22       -0.090168       -0.066871        0.081732
     C   22        0.034450        0.081732        0.221223

     C   23       -0.072684       -0.047821       -0.026079
     C   23       -0.047821        0.009235        0.294667
     C   23       -0.026079        0.294667        0.063450

     Cl  24       -0.123802       -0.052580       -0.092498
     Cl  24       -0.052580       -0.069300        0.117500
     Cl  24       -0.092498        0.117500        0.193102

     ----- ionic term -----
     Cl   1        0.024326       -0.206933        0.005866
     Cl   1       -0.206933        0.138451       -0.001552
     Cl   1        0.005866       -0.001552       -0.162777

     C    2       -0.018204       -0.253381        0.354115
     C    2       -0.253381        0.229235        0.371211
     C    2        0.354115        0.371211       -0.211032

     C    3       -0.008967       -0.236408        0.280827
     C    3       -0.236408        0.219371        0.358148
     C    3        0.280827        0.358148       -0.210403

     H    4        0.422325        0.095516        0.816196
     H    4        0.095516       -0.517195        0.140606
     H    4        0.816196        0.140606        0.094870

     C    5        0.170857       -0.214072        0.346988
     C    5       -0.214072        0.067120        0.238510
     C    5        0.346988        0.238510       -0.237977

     H    6       -0.513858        0.207155        0.124984
     H    6        0.207155        0.506230        0.730230
     H    6        0.124984        0.730230        0.007628

     H    7       -0.491376       -0.176106        0.070856
     H    7       -0.176106        0.916527       -0.491942
     H    7        0.070856       -0.491942       -0.425152

     C    8        0.376157        0.183209        0.113842
     C    8        0.183209        0.097164       -0.271729
     C    8        0.113842       -0.271729       -0.473321

     H    9        0.817979       -0.320701        0.500475
     H    9       -0.320701       -0.417694       -0.188570
     H    9        0.500475       -0.188570       -0.400285

     C   10        0.268554        0.189066        0.082083
     C   10        0.189066        0.136277       -0.373598
     C   10        0.082083       -0.373598       -0.404831

     C   11        0.371536        0.064045        0.202216
     C   11        0.064045        0.001668       -0.375371
     C   11        0.202216       -0.375371       -0.373204

     Cl  12        0.158760        0.183006       -0.037440
     Cl  12        0.183006       -0.049120       -0.028934
     Cl  12       -0.037440       -0.028934       -0.109639

     H   13       -0.515935        0.027358        0.065668
     H   13        0.027358        0.633673        0.693303
     H   13        0.065668        0.693303       -0.117738

     C   14        0.127119       -0.326755        0.334412
     C   14       -0.326755        0.115766        0.230239
     C   14        0.334412        0.230239       -0.242885

     H   15        0.511433        0.130168        0.746451
     H   15        0.130168       -0.459469        0.175365
     H   15        0.746451        0.175365       -0.051964

     C   16        0.026302       -0.327107        0.230074
     C   16       -0.327107        0.211708        0.362402
     C   16        0.230074        0.362402       -0.238010

     C   17        0.158731       -0.267769        0.336957
     C   17       -0.267769        0.055594        0.326242
     C   17        0.336957        0.326242       -0.214325

     Cl  18        0.140672       -0.215839        0.030342
     Cl  18       -0.215839        0.012619       -0.014122
     Cl  18        0.030342       -0.014122       -0.153291

     H   19       -0.501527       -0.183140        0.088866
     H   19       -0.183140        0.636500       -0.714591
     H   19        0.088866       -0.714591       -0.134973

     C   20        0.390491        0.147059        0.168322
     C   20        0.147059        0.008350       -0.353819
     C   20        0.168322       -0.353819       -0.398841

     H   21        0.748001       -0.258604        0.595078
     H   21       -0.258604       -0.452599       -0.203830
     H   21        0.595078       -0.203830       -0.295402

     C   22        0.205307        0.249958        0.078466
     C   22        0.249958        0.171883       -0.425637
     C   22        0.078466       -0.425637       -0.377190

     C   23        0.212663        0.167245        0.184642
     C   23        0.167245        0.176527       -0.332783
     C   23        0.184642       -0.332783       -0.389191

     Cl  24        0.081938        0.175758        0.014698
     Cl  24        0.175758        0.073169        0.005343
     Cl  24        0.014698        0.005343       -0.155107

     ----- GIPAW term -----
     Cl   1        1.596422        1.027476       -1.155325
     Cl   1        1.027476       -0.636097       -0.613415
     Cl   1       -1.155325       -0.613415       -0.960324

     C    2        0.018729       -0.207102       -0.178143
     C    2       -0.207102       -0.090309        0.061897
     C    2       -0.178143        0.061897        0.071580

     C    3       -0.228788        0.016846       -0.085524
     C    3        0.016846       -0.069724        0.069004
     C    3       -0.085524        0.069004        0.298512

     H    4       -0.000000        0.000000        0.000000
     H    4        0.000000        0.000000        0.000000
     H    4        0.000000        0.000000        0.000000

     C    5       -0.093391        0.110498        0.056119
     C    5        0.110498        0.043654        0.127885
     C    5        0.056119        0.127885        0.049737

     H    6       -0.000000        0.000000        0.000000
     H    6        0.000000        0.000000        0.000000
     H    6        0.000000        0.000000        0.000000

     H    7       -0.000000        0.000000        0.000000
     H    7        0.000000        0.000000        0.000000
     H    7        0.000000        0.000000        0.000000

     C    8       -0.194138       -0.025711       -0.006070
     C    8       -0.025711        0.233896        0.122296
     C    8       -0.006070        0.122296       -0.039757

     H    9       -0.000000        0.000000        0.000000
     H    9        0.000000        0.000000        0.000000
     H    9        0.000000        0.000000        0.000000

     C   10       -0.118825       -0.020442       -0.012139
     C   10       -0.020442        0.250682        0.000083
     C   10       -0.012139        0.000083       -0.131857

     C   11       -0.039744       -0.140779       -0.034247
     C   11       -0.140779        0.176910       -0.031791
     C   11       -0.034247       -0.031791       -0.137167

     Cl  12       -0.200866        1.471483        0.536540
     Cl  12        1.471483       -0.130607       -1.942371
     Cl  12        0.536540       -1.942371        0.331473

     H   13       -0.000000        0.000000        0.000000
     H   13        0.000000        0.000000        0.000000
     H   13        0.000000        0.000000        0.000000

     C   14       -0.200736       -0.053838       -0.019080
     C   14       -0.053838        0.284585        0.021764
     C   14       -0.019080        0.021764       -0.083849

     H   15       -0.000000        0.000000        0.000000
     H   15        0.000000        0.000000        0.000000
     H   15        0.000000        0.000000        0.000000

     C   16       -0.014625        0.012373        0.017677
     C   16        0.012373        0.106969        0.024621
     C   16        0.017677        0.024621       -0.092344

     C   17       -0.077153        0.054899       -0.015296
     C   17        0.054899        0.113582        0.046262
     C   17       -0.015296        0.046262       -0.036429

     Cl  18       -0.027023       -0.367008       -0.304121
     Cl  18       -0.367008        1.997450       -0.656516
     Cl  18       -0.304121       -0.656516       -1.970427

     H   19       -0.000000        0.000000        0.000000
     H   19        0.000000        0.000000        0.000000
     H   19        0.000000        0.000000        0.000000

     C   20        0.008347       -0.155441       -0.041048
     C   20       -0.155441        0.059559        0.121596
     C   20       -0.041048        0.121596       -0.067906

     H   21       -0.000000        0.000000        0.000000
     H   21        0.000000        0.000000        0.000000
     H   21        0.000000        0.000000        0.000000

     C   22       -0.037813       -0.019409       -0.020293
     C   22       -0.019409        0.015235        0.043330
     C   22       -0.020293        0.043330        0.022578

     C   23       -0.009874       -0.003262       -0.036224
     C   23       -0.003262        0.009652        0.074451
     C   23       -0.036224        0.074451        0.000223

     Cl  24        0.103955        1.531589       -1.076877
     Cl  24        1.531589       -0.786708        1.196439
     Cl  24       -1.076877        1.196439        0.682753

     ----- total EFG -----
     Cl   1        1.355098        1.047000       -1.086741
     Cl   1        1.047000       -0.509320       -0.579832
     Cl   1       -1.086741       -0.579832       -0.845778

     C    2        0.021825       -0.695411       -0.307958
     C    2       -0.695411       -0.202157       -0.021643
     C    2       -0.307958       -0.021643        0.180332

     C    3       -0.792513        0.053107       -0.131823
     C    3        0.053107        0.111118        0.259854
     C    3       -0.131823        0.259854        0.681396

     H    4        0.522342        0.005934        0.387993
     H    4        0.005934       -0.049058        0.169034
     H    4        0.387993        0.169034       -0.473284

     C    5       -0.015102        0.176586        0.313003
     C    5        0.176586       -0.144488        0.065008
     C    5        0.313003        0.065008        0.159590

     H    6       -0.198694       -0.056483       -0.149918
     H    6       -0.056483        0.282387        0.146812
     H    6       -0.149918        0.146812       -0.083693

     H    7       -0.101904       -0.150462       -0.022732
     H    7       -0.150462        0.372009        0.127598
     H    7       -0.022732        0.127598       -0.270105

     C    8       -0.513678       -0.182441       -0.096790
     C    8       -0.182441        0.721095        0.078555
     C    8       -0.096790        0.078555       -0.207417

     H    9        0.321260       -0.475442        0.273313
     H    9       -0.475442       -0.255842        0.156043
     H    9        0.273313        0.156043       -0.065419

     C   10        0.166065       -0.009078       -0.088955
     C   10       -0.009078        0.272313        0.205454
     C   10       -0.088955        0.205454       -0.438378

     C   11       -0.147340       -0.461359       -0.287143
     C   11       -0.461359        0.446530       -0.317898
     C   11       -0.287143       -0.317898       -0.299189

     Cl  12       -0.126858        1.635309        0.560530
     Cl  12        1.635309       -0.206666       -2.108991
     Cl  12        0.560530       -2.108991        0.333524

     H   13       -0.038389        0.034109       -0.030720
     H   13        0.034109        0.127949        0.141853
     H   13       -0.030720        0.141853       -0.089561

     C   14       -0.922049       -0.036766        0.019167
     C   14       -0.036766        0.846105        0.139083
     C   14        0.019167        0.139083        0.075944

     H   15        0.555445        0.305795        0.292486
     H   15        0.305795       -0.576073        0.317279
     H   15        0.292486        0.317279        0.020629

     C   16        0.356757       -0.201418        0.207037
     C   16       -0.201418        0.013590       -0.122225
     C   16        0.207037       -0.122225       -0.370348

     C   17       -0.579054        0.260622       -0.056293
     C   17        0.260622        0.346027        0.335725
     C   17       -0.056293        0.335725        0.233027

     Cl  18        0.270920       -0.545801       -0.316649
     Cl  18       -0.545801        1.766978       -0.609241
     Cl  18       -0.316649       -0.609241       -2.037897

     H   19       -0.310547        0.302552        0.133192
     H   19        0.302552        0.059270       -0.606279
     H   19        0.133192       -0.606279        0.251277

     C   20        0.365930       -0.292874        0.045559
     C   20       -0.292874       -0.117380        0.098164
     C   20        0.045559        0.098164       -0.248550

     H   21        0.338576        0.213005        0.720849
     H   21        0.213005       -0.292461       -0.327382
     H   21        0.720849       -0.327382       -0.046115

     C   22        0.013142        0.140382        0.092624
     C   22        0.140382        0.120246       -0.300575
     C   22        0.092624       -0.300575       -0.133389

     C   23        0.130105        0.116162        0.122339
     C   23        0.116162        0.195414        0.036335
     C   23        0.122339        0.036335       -0.325518

     Cl  24        0.062091        1.654767       -1.154678
     Cl  24        1.654767       -0.782839        1.319281
     Cl  24       -1.154678        1.319281        0.720748

     ----- total EFG (symmetrized) -----
     Cl   1        1.355098        1.047000       -1.086741
     Cl   1        1.047000       -0.509320       -0.579832
     Cl   1       -1.086741       -0.579832       -0.845778

     C    2        0.021825       -0.695411       -0.307958
     C    2       -0.695411       -0.202157       -0.021643
     C    2       -0.307958       -0.021643        0.180332

     C    3       -0.792513        0.053107       -0.131823
     C    3        0.053107        0.111118        0.259854
     C    3       -0.131823        0.259854        0.681396

     H    4        0.522342        0.005934        0.387993
     H    4        0.005934       -0.049058        0.169034
     H    4        0.387993        0.169034       -0.473284

     C    5       -0.015102        0.176586        0.313003
     C    5        0.176586       -0.144488        0.065008
     C    5        0.313003        0.065008        0.159590

     H    6       -0.198694       -0.056483       -0.149918
     H    6       -0.056483        0.282387        0.146812
     H    6       -0.149918        0.146812       -0.083693

     H    7       -0.101904       -0.150462       -0.022732
     H    7       -0.150462        0.372009        0.127598
     H    7       -0.022732        0.127598       -0.270105

     C    8       -0.513678       -0.182441       -0.096790
     C    8       -0.182441        0.721095        0.078555
     C    8       -0.096790        0.078555       -0.207417

     H    9        0.321260       -0.475442        0.273313
     H    9       -0.475442       -0.255842        0.156043
     H    9        0.273313        0.156043       -0.065419

     C   10        0.166065       -0.009078       -0.088955
     C   10       -0.009078        0.272313        0.205454
     C   10       -0.088955        0.205454       -0.438378

     C   11       -0.147340       -0.461359       -0.287143
     C   11       -0.461359        0.446530       -0.317898
     C   11       -0.287143       -0.317898       -0.299189

     Cl  12       -0.126858        1.635309        0.560530
     Cl  12        1.635309       -0.206666       -2.108991
     Cl  12        0.560530       -2.108991        0.333524

     H   13       -0.038389        0.034109       -0.030720
     H   13        0.034109        0.127949        0.141853
     H   13       -0.030720        0.141853       -0.089561

     C   14       -0.922049       -0.036766        0.019167
     C   14       -0.036766        0.846105        0.139083
     C   14        0.019167        0.139083        0.075944

     H   15        0.555445        0.305795        0.292486
     H   15        0.305795       -0.576073        0.317279
     H   15        0.292486        0.317279        0.020629

     C   16        0.356757       -0.201418        0.207037
     C   16       -0.201418        0.013590       -0.122225
     C   16        0.207037       -0.122225       -0.370348

     C   17       -0.579054        0.260622       -0.056293
     C   17        0.260622        0.346027        0.335725
     C   17       -0.056293        0.335725        0.233027

     Cl  18        0.270920       -0.545801       -0.316649
     Cl  18       -0.545801        1.766978       -0.609241
     Cl  18       -0.316649       -0.609241       -2.037897

     H   19       -0.310547        0.302552        0.133192
     H   19        0.302552        0.059270       -0.606279
     H   19        0.133192       -0.606279        0.251277

     C   20        0.365930       -0.292874        0.045559
     C   20       -0.292874       -0.117380        0.098164
     C   20        0.045559        0.098164       -0.248550

     H   21        0.338576        0.213005        0.720849
     H   21        0.213005       -0.292461       -0.327382
     H   21        0.720849       -0.327382       -0.046115

     C   22        0.013142        0.140382        0.092624
     C   22        0.140382        0.120246       -0.300575
     C   22        0.092624       -0.300575       -0.133389

     C   23        0.130105        0.116162        0.122339
     C   23        0.116162        0.195414        0.036335
     C   23        0.122339        0.036335       -0.325518

     Cl  24        0.062091        1.654767       -1.154678
     Cl  24        1.654767       -0.782839        1.319281
     Cl  24       -1.154678        1.319281        0.720748


     NQR/NMR SPECTROSCOPIC PARAMETERS:
     Cl   1    Vxx=   -0.9623    axis=( -0.477907  0.856805 -0.193622)
     Cl   1    Vyy=   -1.3422    axis=(  0.236083  0.337597  0.911204)
     Cl   1    Vzz=    2.3044    axis=( -0.846091 -0.389760  0.363617)
     Cl   1  Q=        -8.1650 1e-30 m^2  Cq=       -44.2097 MHz  eta= 0.16485

     C    2    Vxx=    0.1304    axis=(  0.173806 -0.421322  0.890101)
     C    2    Vyy=    0.7114    axis=( -0.732895  0.548375  0.402679)
     C    2    Vzz=   -0.8418    axis=( -0.657766 -0.722338 -0.213474)
     C    2  Q=         1.0000 1e-30 m^2  Cq=        -1.9779 MHz  eta= 0.69009

     C    3    Vxx=    0.0219    axis=(  0.116423  0.931780 -0.343848)
     C    3    Vyy=    0.7889    axis=( -0.065963  0.352692  0.933411)
     C    3    Vzz=   -0.8108    axis=(  0.991007 -0.085989  0.102525)
     C    3  Q=         1.0000 1e-30 m^2  Cq=        -1.9050 MHz  eta= 0.94607

     H    4    Vxx=   -0.0126    axis=(  0.165684 -0.962748 -0.213693)
     H    4    Vyy=   -0.6484    axis=( -0.302931 -0.255896  0.918014)
     H    4    Vzz=    0.6610    axis=( -0.938500 -0.087366 -0.334044)
     H    4  Q=         1.0000 1e-30 m^2  Cq=         1.5531 MHz  eta= 0.96200

     C    5    Vxx=   -0.1174    axis=(  0.318861  0.777086 -0.542645)
     C    5    Vyy=   -0.3238    axis=( -0.722661  0.569777  0.391300)
     C    5    Vzz=    0.4412    axis=(  0.613260  0.267378  0.743250)
     C    5  Q=         1.0000 1e-30 m^2  Cq=         1.0367 MHz  eta= 0.46775

     H    6    Vxx=   -0.0499    axis=( -0.564475 -0.411946  0.715310)
     H    6    Vyy=   -0.3044    axis=( -0.802505  0.070975 -0.592409)
     H    6    Vzz=    0.3543    axis=( -0.193271  0.908440  0.370652)
     H    6  Q=         1.0000 1e-30 m^2  Cq=         0.8325 MHz  eta= 0.71812

     H    7    Vxx=   -0.1444    axis=(  0.961976  0.258439  0.088382)
     H    7    Vyy=   -0.2948    axis=(  0.037383  0.195959 -0.979899)
     H    7    Vzz=    0.4392    axis=( -0.270563  0.945944  0.178847)
     H    7  Q=         1.0000 1e-30 m^2  Cq=         1.0319 MHz  eta= 0.34233

     C    8    Vxx=   -0.1956    axis=( -0.221397 -0.126923  0.966889)
     C    8    Vyy=   -0.5607    axis=( -0.963786 -0.122669 -0.236789)
     C    8    Vzz=    0.7562    axis=( -0.148661  0.984298  0.095168)
     C    8  Q=         1.0000 1e-30 m^2  Cq=         1.7769 MHz  eta= 0.48280

     H    9    Vxx=    0.0221    axis=( -0.005016  0.496000  0.868308)
     H    9    Vyy=    0.6302    axis=( -0.871272  0.423987 -0.247226)
     H    9    Vzz=   -0.6523    axis=( -0.490776 -0.757772  0.430024)
     H    9  Q=         1.0000 1e-30 m^2  Cq=        -1.5327 MHz  eta= 0.93212

     C   10    Vxx=    0.1702    axis=(  0.972764  0.221807 -0.067311)
     C   10    Vyy=    0.3338    axis=( -0.195851  0.941822  0.273157)
     C   10    Vzz=   -0.5039    axis=(  0.123983 -0.252534  0.959612)
     C   10  Q=         1.0000 1e-30 m^2  Cq=        -1.1841 MHz  eta= 0.32472

     C   11    Vxx=    0.0414    axis=(  0.661359  0.182235 -0.727595)
     C   11    Vyy=    0.7212    axis=( -0.421475  0.892700 -0.159518)
     C   11    Vzz=   -0.7626    axis=(  0.620454  0.412162  0.667202)
     C   11  Q=         1.0000 1e-30 m^2  Cq=        -1.7918 MHz  eta= 0.89133

     Cl  12    Vxx=    0.5728    axis=(  0.807393  0.149840  0.570671)
     Cl  12    Vyy=    2.4109    axis=(  0.315919  0.707093 -0.632626)
     Cl  12    Vzz=   -2.9837    axis=(  0.498309 -0.691063 -0.523564)
     Cl  12  Q=        -8.1650 1e-30 m^2  Cq=        57.2402 MHz  eta= 0.61603

     H   13    Vxx=   -0.0261    axis=(  0.950105  0.069638 -0.304059)
     H   13    Vyy=   -0.1731    axis=( -0.303293  0.434044 -0.848304)
     H   13    Vzz=    0.1992    axis=(  0.072901  0.898196  0.433508)
     H   13  Q=         1.0000 1e-30 m^2  Cq=         0.4680 MHz  eta= 0.73836

     C   14    Vxx=    0.0522    axis=(  0.025841 -0.171352  0.984871)
     C   14    Vyy=    0.8711    axis=( -0.018358  0.984952  0.171848)
     C   14    Vzz=   -0.9233    axis=( -0.999497 -0.022521  0.022307)
     C   14  Q=         1.0000 1e-30 m^2  Cq=        -2.1694 MHz  eta= 0.88682

     H   15    Vxx=   -0.0699    axis=( -0.500187  0.222381  0.836875)
     H   15    Vyy=   -0.7374    axis=( -0.144740  0.931392 -0.334005)
     H   15    Vzz=    0.8072    axis=( -0.853735 -0.288194 -0.433682)
     H   15  Q=         1.0000 1e-30 m^2  Cq=         1.8967 MHz  eta= 0.82688

     C   16    Vxx=   -0.0780    axis=(  0.443081  0.894461 -0.060164)
     C   16    Vyy=   -0.4365    axis=(  0.208726 -0.168196 -0.963402)
     C   16    Vzz=    0.5145    axis=( -0.871845  0.414307 -0.261221)
     C   16  Q=         1.0000 1e-30 m^2  Cq=         1.2089 MHz  eta= 0.69694

     C   17    Vxx=    0.0187    axis=( -0.311947 -0.547827  0.776257)
     C   17    Vyy=    0.6526    axis=( -0.137773 -0.782309 -0.607463)
     C   17    Vzz=   -0.6713    axis=(  0.940057 -0.296444  0.168564)
     C   17  Q=         1.0000 1e-30 m^2  Cq=        -1.5774 MHz  eta= 0.94423

     Cl  18    Vxx=    0.1945    axis=(  0.946784  0.250139 -0.202562)
     Cl  18    Vyy=    2.0040    axis=(  0.277819 -0.952872  0.121862)
     Cl  18    Vzz=   -2.1985    axis=(  0.162533  0.171653  0.971657)
     Cl  18  Q=        -8.1650 1e-30 m^2  Cq=        42.1770 MHz  eta= 0.82309

     H   19    Vxx=   -0.0661    axis=(  0.775324  0.418103  0.473352)
     H   19    Vyy=   -0.7120    axis=(  0.624521 -0.619164 -0.476035)
     H   19    Vzz=    0.7781    axis=( -0.094051 -0.664700  0.741167)
     H   19  Q=         1.0000 1e-30 m^2  Cq=         1.8282 MHz  eta= 0.83016

     C   20    Vxx=   -0.1437    axis=(  0.297301  0.629078  0.718243)
     C   20    Vyy=   -0.3603    axis=(  0.305762  0.649910 -0.695792)
     C   20    Vzz=    0.5040    axis=( -0.904501  0.426471  0.000871)
     C   20  Q=         1.0000 1e-30 m^2  Cq=         1.1841 MHz  eta= 0.42968

     H   21    Vxx=   -0.0282    axis=(  0.364546  0.826155 -0.429620)
     H   21    Vyy=   -0.8649    axis=( -0.495781  0.562739  0.661457)
     H   21    Vzz=    0.8932    axis=(  0.788231 -0.028134  0.614736)
     H   21  Q=         1.0000 1e-30 m^2  Cq=         2.0986 MHz  eta= 0.93680

     C   22    Vxx=    0.0579    axis=( -0.905326 -0.008694 -0.424629)
     C   22    Vyy=    0.3348    axis=( -0.223992 -0.839671  0.494752)
     C   22    Vzz=   -0.3927    axis=( -0.360850  0.543025  0.758229)
     C   22  Q=         1.0000 1e-30 m^2  Cq=        -0.9228 MHz  eta= 0.70497

     C   23    Vxx=    0.0555    axis=(  0.735186 -0.655262  0.173590)
     C   23    Vyy=    0.3009    axis=(  0.633616  0.755287  0.167548)
     C   23    Vzz=   -0.3564    axis=( -0.240898 -0.013190  0.970461)
     C   23  Q=         1.0000 1e-30 m^2  Cq=        -0.8374 MHz  eta= 0.68877

     Cl  24    Vxx=    1.3138    axis=(  0.643108  0.701214  0.307750)
     Cl  24    Vyy=    1.5982    axis=( -0.521445  0.106684  0.846589)
     Cl  24    Vzz=   -2.9120    axis=( -0.560809  0.704923 -0.434254)
     Cl  24  Q=        -8.1650 1e-30 m^2  Cq=        55.8657 MHz  eta= 0.09766

     Initialization:
     gipaw_setup  :      9.22s CPU     10.87s WALL (       1 calls)

     Linear response

     Apply operators

     Induced current

     Other routines
     efg          :      9.13s CPU     11.38s WALL (       1 calls)

     General routines
     calbec       :      3.17s CPU      4.03s WALL (      16 calls)
     fft          :      1.49s CPU      2.03s WALL (      15 calls)
     ffts         :      0.04s CPU      0.04s WALL (       2 calls)
     fftw         :      3.15s CPU      3.79s WALL (     672 calls)
     davcio       :      0.02s CPU      0.33s WALL (      32 calls)

     Parallel routines
     fft_scatter  :      2.06s CPU      3.08s WALL (     689 calls)

     Plugins

     GIPAW        :     60.43s CPU     71.71s WALL (       1 calls)
