
     Program QE v.6.0 (svn rev. 13079) starts on 16Dec2016 at  0:33:53 

     This program is part of the open-source Quantum ESPRESSO suite
     for quantum simulation of materials; please cite
         "P. Giannozzi et al., J. Phys.:Condens. Matter 21 395502 (2009);
          URL http://www.quantum-espresso.org", 
     in publications or presentations arising from this work. More details at
     http://www.quantum-espresso.org/quote

     Parallel version (MPI), running on     8 processors
     R & G space division:  proc/nbgrp/npool/nimage =       8

     ***** This is GIPAW svn revision unknown      *****

     Parallelizing q-star over 1 images

     Reading data from directory:
     /users/majewski/paradichlorobenzene/pbe/9_constraint/scratch/pbe.ecut100.np8.dt60.pcl2phi-129368.save
     Message from routine read_xml_file:
     file /users/majewski/paradichlorobenzene/pbe/9_constraint/scratch/pbe.ecut100.np8.dt60.pcl2phi-129368.save not guaranteed to be safe for post-processing

   Info: using nr1, nr2, nr3 values from input

   Info: using nr1, nr2, nr3 values from input

     IMPORTANT: XC functional enforced from input :
     Exchange-correlation      =  SLA  PW   PBX  PBC ( 1  4  3  4 0 0)
     Any further DFT definition will be discarded
     Please, verify this is what you really want

               file C.pbe-n-kjpaw_psl.1.0.0.UPF: wavefunction(s)  2S 2P renormalized
               file Cl.pbe-n-kjpaw_psl.1.0.0.UPF: wavefunction(s)  3S 3P renormalized
               file H.pbe-kjpaw_psl.1.0.0.UPF: wavefunction(s)  1S renormalized

     Parallelization info
     --------------------
     sticks:   dense  smooth     PW     G-vecs:    dense   smooth      PW
     Min        3057    1223    332               144436    36536    5170
     Max        3059    1225    333               144437    36537    5171
     Sum       24467    9791   2657              1155489   292295   41363


     Subspace diagonalization in iterative solution of the eigenvalue problem:
     a serial algorithm will be used

     GIPAW projectors -----------------------------------------------
     atom=  C    l=0  rc=    1.2000  rs=    0.8000
     atom=  C    l=0  rc=    1.2000  rs=    0.8000
     atom=  C    l=1  rc=    1.4000  rs=    0.9333
     atom=  C    l=1  rc=    1.4000  rs=    0.9333
     projs nearly linearly dependent: l=1  n1,n2= 1, 2  s=  0.99951561

     atom=  Cl   l=0  rc=    1.6000  rs=    1.0667
     atom=  Cl   l=0  rc=    1.6000  rs=    1.0667
     atom=  Cl   l=1  rc=    1.6000  rs=    1.0667
     atom=  Cl   l=1  rc=    1.6000  rs=    1.0667
     atom=  Cl   l=2  rc=    1.6000  rs=    1.0667
     atom=  Cl   l=2  rc=    1.6000  rs=    1.0667
     projs nearly linearly dependent: l=2  n1,n2= 1, 2  s=  0.99993509

     atom=  H    l=0  rc=    1.0000  rs=    0.6667
     atom=  H    l=0  rc=    1.0000  rs=    0.6667
     projs nearly linearly dependent: l=0  n1,n2= 1, 2  s=  0.99968852
     -----------------------------------------------------------------

     GIPAW integrals: -------------------------------------------
     Atom  i/j   nmr_para   nmr_dia   epr_rmc  epr_para   epr_dia
       C   1 1   0.83E+03  0.17E-01  0.93E+01  0.24E+08  0.24E+03
       C   2 1   0.86E+03 -0.61E-01  0.94E+01  0.25E+08  0.25E+03
       C   2 2   0.90E+03 -0.15E+00  0.97E+01  0.26E+08  0.26E+03
       C   3 3   0.33E+01  0.34E+00  0.18E+01  0.55E+03  0.21E+02
       C   4 3   0.35E+01  0.37E+00  0.20E+01  0.59E+03  0.22E+02
       C   4 4   0.38E+01  0.39E+00  0.22E+01  0.63E+03  0.24E+02
       Cl  1 1   0.14E+04 -0.47E+00  0.84E+01  0.32E+09  0.42E+03
       Cl  2 1   0.21E+04 -0.37E+00  0.12E+02  0.49E+09  0.65E+03
       Cl  2 2   0.33E+04 -0.16E+00  0.21E+02  0.76E+09  0.10E+04
       Cl  3 3   0.21E+02  0.79E-01  0.89E+01  0.23E+05  0.13E+03
       Cl  4 3   0.24E+02  0.67E-01  0.99E+01  0.27E+05  0.15E+03
       Cl  4 4   0.28E+02  0.44E-01  0.11E+02  0.32E+05  0.18E+03
       Cl  5 5   0.77E+00  0.19E+00  0.18E+01  0.12E+03  0.22E+02
       Cl  6 5   0.80E+00  0.19E+00  0.19E+01  0.12E+03  0.23E+02
       Cl  6 6   0.83E+00  0.20E+00  0.19E+01  0.12E+03  0.23E+02
       H   1 1   0.39E+02  0.19E+00  0.29E+00  0.78E+05  0.13E+02
       H   2 1   0.41E+02  0.21E+00  0.32E+00  0.82E+05  0.14E+02
       H   2 2   0.43E+02  0.22E+00  0.36E+00  0.86E+05  0.15E+02
     ------------------------------------------------------------

     alpha_pv=     34.3526 eV

     Number of occupied bands for each k-point:
     k-point:     1    nbnd_occ=  42
     k-point:     2    nbnd_occ=  42
     k-point:     3    nbnd_occ=  42
     k-point:     4    nbnd_occ=  42
     k-point:     5    nbnd_occ=  42
     k-point:     6    nbnd_occ=  42
     k-point:     7    nbnd_occ=  42
     k-point:     8    nbnd_occ=  42
     k-point:     9    nbnd_occ=  42
     k-point:    10    nbnd_occ=  42
     k-point:    11    nbnd_occ=  42
     k-point:    12    nbnd_occ=  42
     k-point:    13    nbnd_occ=  42
     k-point:    14    nbnd_occ=  42
     k-point:    15    nbnd_occ=  42
     k-point:    16    nbnd_occ=  42


     q-space interpolation up to   110.00 Rydberg

     GIPAW job: efg                                                                             


     ELECTRIC FIELD GRADIENTS TENSORS IN Hartree/bohrradius^2:

     ----- bare term -----
     Cl   1        0.342671        0.040774       -0.214983
     Cl   1        0.040774        0.378214       -0.280429
     Cl   1       -0.214983       -0.280429       -0.720885

     C    2       -0.723638        0.174012       -0.230006
     C    2        0.174012        0.205076       -0.093082
     C    2       -0.230006       -0.093082        0.518562

     C    3        0.086765       -0.155523       -0.234726
     C    3       -0.155523       -0.378613       -0.510120
     C    3       -0.234726       -0.510120        0.291848

     H    4       -0.599238        0.003026        0.136032
     H    4        0.003026        0.346014       -0.275046
     H    4        0.136032       -0.275046        0.253224

     C    5       -0.433602        0.342507       -0.204740
     C    5        0.342507        0.049521       -0.153029
     C    5       -0.204740       -0.153029        0.384080

     H    6       -0.107431       -0.093898       -0.181165
     H    6       -0.093898       -0.249508       -0.480590
     H    6       -0.181165       -0.480590        0.356939

     H    7        0.389170        0.015866        0.018500
     H    7        0.015866       -0.316150        0.545953
     H    7        0.018500        0.545953       -0.073019

     C    8       -0.285227       -0.324927       -0.318782
     C    8       -0.324927       -0.150079        0.419980
     C    8       -0.318782        0.419980        0.435306

     H    9       -0.102461       -0.102061       -0.528289
     H    9       -0.102061       -0.051071       -0.092575
     H    9       -0.528289       -0.092575        0.153533

     C   10       -0.091653       -0.319399       -0.179102
     C   10       -0.319399       -0.326042        0.522683
     C   10       -0.179102        0.522683        0.417695

     C   11       -0.489763        0.048490       -0.256254
     C   11        0.048490       -0.030119        0.343078
     C   11       -0.256254        0.343078        0.519882

     Cl  12        0.050187       -0.277049       -0.018585
     Cl  12       -0.277049       -0.081045        0.012506
     Cl  12       -0.018585        0.012506        0.030858

     H   13        0.297128       -0.262875       -0.186075
     H   13       -0.262875       -0.398528       -0.540530
     H   13       -0.186075       -0.540530        0.101401

     C   14        0.011165        0.551901       -0.046707
     C   14        0.551901       -0.354138       -0.398593
     C   14       -0.046707       -0.398593        0.342972

     H   15       -0.637167       -0.247503        0.143203
     H   15       -0.247503        0.426371       -0.100190
     H   15        0.143203       -0.100190        0.210796

     C   16       -0.240883        0.272612       -0.313286
     C   16        0.272612       -0.172798       -0.490124
     C   16       -0.313286       -0.490124        0.413681

     C   17       -0.156853       -0.306405       -0.325130
     C   17       -0.306405       -0.065466       -0.694205
     C   17       -0.325130       -0.694205        0.222319

     Cl  18       -0.142478        0.142845        0.134230
     Cl  18        0.142845       -0.127193       -0.005672
     Cl  18        0.134230       -0.005672        0.269671

     H   19        0.440669        0.023714        0.179453
     H   19        0.023714        0.142669        0.181914
     H   19        0.179453        0.181914       -0.583337

     C   20       -0.202213       -0.287832        0.037458
     C   20       -0.287832        0.058339        0.185809
     C   20        0.037458        0.185809        0.143873

     H   21        0.137715       -0.029399       -0.369192
     H   21       -0.029399        0.185731       -0.232919
     H   21       -0.369192       -0.232919       -0.323446

     C   22        0.068123       -0.083591       -0.089109
     C   22       -0.083591       -0.034554        0.157049
     C   22       -0.089109        0.157049       -0.033569

     C   23       -0.277463       -0.266965       -0.426157
     C   23       -0.266965        0.031710        0.368192
     C   23       -0.426157        0.368192        0.245753

     Cl  24       -0.000471       -0.069025       -0.053317
     Cl  24       -0.069025        0.001090        0.022384
     Cl  24       -0.053317        0.022384       -0.000619

     ----- ionic term -----
     Cl   1        0.083546       -0.198475       -0.080265
     Cl   1       -0.198475        0.019931        0.063746
     Cl   1       -0.080265        0.063746       -0.103477

     C    2        0.305538       -0.028892        0.141921
     C    2       -0.028892        0.031611        0.490485
     C    2        0.141921        0.490485       -0.337150

     C    3        0.164713       -0.094067        0.112318
     C    3       -0.094067        0.148929        0.473806
     C    3        0.112318        0.473806       -0.313642

     H    4        0.822340        0.411364        0.462132
     H    4        0.411364       -0.412878        0.208014
     H    4        0.462132        0.208014       -0.409462

     C    5        0.293970       -0.167684        0.131431
     C    5       -0.167684        0.092153        0.336863
     C    5        0.131431        0.336863       -0.386123

     H    6       -0.523006        0.192925        0.107300
     H    6        0.192925        0.724212        0.705431
     H    6        0.107300        0.705431       -0.201207

     H    7       -0.528822        0.045920       -0.028564
     H    7        0.045920        0.409001       -0.785865
     H    7       -0.028564       -0.785865        0.119821

     C    8        0.161160        0.301475        0.275046
     C    8        0.301475        0.032611       -0.278860
     C    8        0.275046       -0.278860       -0.193771

     H    9        0.488938        0.072085        0.766254
     H    9        0.072085       -0.493442       -0.041648
     H    9        0.766254       -0.041648        0.004505

     C   10        0.066916        0.355074        0.227976
     C   10        0.355074        0.143848       -0.319593
     C   10        0.227976       -0.319593       -0.210764

     C   11        0.129229        0.307656        0.395874
     C   11        0.307656        0.034967       -0.289137
     C   11        0.395874       -0.289137       -0.164196

     Cl  12        0.111908        0.234986        0.051081
     Cl  12        0.234986        0.049925        0.022415
     Cl  12        0.051081        0.022415       -0.161834

     H   13       -0.493292        0.071012        0.026371
     H   13        0.071012        0.567132        0.772439
     H   13        0.026371        0.772439       -0.073841

     C   14        0.419519       -0.183446        0.082455
     C   14       -0.183446        0.011541        0.365490
     C   14        0.082455        0.365490       -0.431059

     H   15        0.875756        0.193744        0.520663
     H   15        0.193744       -0.491736        0.145773
     H   15        0.520663        0.145773       -0.384021

     C   16        0.242479       -0.195902        0.092115
     C   16       -0.195902        0.166467        0.412625
     C   16        0.092115        0.412625       -0.408947

     C   17        0.230224       -0.088841        0.215486
     C   17       -0.088841        0.153414        0.378112
     C   17        0.215486        0.378112       -0.383638

     Cl  18        0.077108       -0.180683       -0.012035
     Cl  18       -0.180683        0.055951        0.020548
     Cl  18       -0.012035        0.020548       -0.133058

     H   19       -0.529346        0.116683       -0.062665
     H   19        0.116683        0.417804       -0.793685
     H   19       -0.062665       -0.793685        0.111542

     C   20        0.205349        0.385835        0.290790
     C   20        0.385835       -0.007250       -0.254709
     C   20        0.290790       -0.254709       -0.198100

     H   21        0.532179       -0.029554        0.770747
     H   21       -0.029554       -0.514189       -0.097225
     H   21        0.770747       -0.097225       -0.017989

     C   22        0.136372        0.366997        0.224217
     C   22        0.366997        0.084847       -0.308019
     C   22        0.224217       -0.308019       -0.221219

     C   23        0.128174        0.254579        0.301523
     C   23        0.254579        0.020437       -0.350745
     C   23        0.301523       -0.350745       -0.148611

     Cl  24        0.105248        0.209650        0.002333
     Cl  24        0.209650        0.028733       -0.009868
     Cl  24        0.002333       -0.009868       -0.133981

     ----- GIPAW term -----
     Cl   1        0.352298       -0.383094       -0.279980
     Cl   1       -0.383094        0.254836        0.005601
     Cl   1       -0.279980        0.005601       -0.607134

     C    2       -0.137057        0.010252        0.087204
     C    2        0.010252       -0.018648        0.147458
     C    2        0.087204        0.147458        0.155705

     C    3       -0.062387       -0.125681       -0.086046
     C    3       -0.125681        0.037065        0.116125
     C    3       -0.086046        0.116125        0.025322

     H    4       -0.000000        0.000000        0.000000
     H    4        0.000000        0.000000        0.000000
     H    4        0.000000        0.000000        0.000000

     C    5        0.050762       -0.177294       -0.025162
     C    5       -0.177294        0.064938        0.032180
     C    5       -0.025162        0.032180       -0.115699

     H    6       -0.000000        0.000000        0.000000
     H    6        0.000000        0.000000        0.000000
     H    6        0.000000        0.000000        0.000000

     H    7       -0.000000        0.000000        0.000000
     H    7        0.000000        0.000000        0.000000
     H    7        0.000000        0.000000        0.000000

     C    8       -0.010125       -0.099002       -0.077618
     C    8       -0.099002       -0.045750        0.116644
     C    8       -0.077618        0.116644        0.055875

     H    9       -0.000000        0.000000        0.000000
     H    9        0.000000        0.000000        0.000000
     H    9        0.000000        0.000000        0.000000

     C   10       -0.038681       -0.055882       -0.023809
     C   10       -0.055882       -0.031046        0.047135
     C   10       -0.023809        0.047135        0.069728

     C   11       -0.096214        0.103685        0.070228
     C   11        0.103685       -0.105899       -0.003222
     C   11        0.070228       -0.003222        0.202113

     Cl  12        2.336929        0.482516       -0.161993
     Cl  12        0.482516       -0.502314        0.088819
     Cl  12       -0.161993        0.088819       -1.834615

     H   13       -0.000000        0.000000        0.000000
     H   13        0.000000        0.000000        0.000000
     H   13        0.000000        0.000000        0.000000

     C   14        0.134784        0.239108        0.063659
     C   14        0.239108       -0.085017       -0.046591
     C   14        0.063659       -0.046591       -0.049767

     H   15       -0.000000        0.000000        0.000000
     H   15        0.000000        0.000000        0.000000
     H   15        0.000000        0.000000        0.000000

     C   16       -0.082653        0.107555       -0.174515
     C   16        0.107555       -0.025740       -0.182984
     C   16       -0.174515       -0.182984        0.108393

     C   17        0.008199       -0.237280        0.031004
     C   17       -0.237280        0.002346       -0.206592
     C   17        0.031004       -0.206592       -0.010545

     Cl  18        0.364371       -1.433189        1.316125
     Cl  18       -1.433189       -1.179447       -0.031513
     Cl  18        1.316125       -0.031513        0.815077

     H   19       -0.000000        0.000000        0.000000
     H   19        0.000000        0.000000        0.000000
     H   19        0.000000        0.000000        0.000000

     C   20       -0.064108       -0.006055        0.034276
     C   20       -0.006055       -0.002090        0.097732
     C   20        0.034276        0.097732        0.066198

     H   21       -0.000000        0.000000        0.000000
     H   21        0.000000        0.000000        0.000000
     H   21        0.000000        0.000000        0.000000

     C   22       -0.035320        0.000048       -0.017008
     C   22        0.000048        0.006287        0.055118
     C   22       -0.017008        0.055118        0.029033

     C   23       -0.069542       -0.059097       -0.124299
     C   23       -0.059097        0.083735        0.186806
     C   23       -0.124299        0.186806       -0.014192

     Cl  24        0.257777       -0.209616       -0.869511
     Cl  24       -0.209616        1.643016        1.461583
     Cl  24       -0.869511        1.461583       -1.900793

     ----- total EFG -----
     Cl   1        0.778514       -0.540795       -0.575227
     Cl   1       -0.540795        0.652981       -0.211082
     Cl   1       -0.575227       -0.211082       -1.431495

     C    2       -0.555157        0.155372       -0.000881
     C    2        0.155372        0.218040        0.544862
     C    2       -0.000881        0.544862        0.337118

     C    3        0.189090       -0.375271       -0.208454
     C    3       -0.375271       -0.192618        0.079811
     C    3       -0.208454        0.079811        0.003528

     H    4        0.223102        0.414390        0.598163
     H    4        0.414390       -0.066864       -0.067032
     H    4        0.598163       -0.067032       -0.156238

     C    5       -0.088870       -0.002471       -0.098470
     C    5       -0.002471        0.206612        0.216014
     C    5       -0.098470        0.216014       -0.117742

     H    6       -0.630436        0.099026       -0.073865
     H    6        0.099026        0.474704        0.224841
     H    6       -0.073865        0.224841        0.155732

     H    7       -0.139652        0.061786       -0.010064
     H    7        0.061786        0.092851       -0.239913
     H    7       -0.010064       -0.239913        0.046802

     C    8       -0.134192       -0.122454       -0.121353
     C    8       -0.122454       -0.163218        0.257765
     C    8       -0.121353        0.257765        0.297410

     H    9        0.386476       -0.029975        0.237966
     H    9       -0.029975       -0.544513       -0.134223
     H    9        0.237966       -0.134223        0.158037

     C   10       -0.063418       -0.020207        0.025065
     C   10       -0.020207       -0.213241        0.250226
     C   10        0.025065        0.250226        0.276659

     C   11       -0.456748        0.459832        0.209848
     C   11        0.459832       -0.101051        0.050719
     C   11        0.209848        0.050719        0.557798

     Cl  12        2.499025        0.440454       -0.129497
     Cl  12        0.440454       -0.533434        0.123740
     Cl  12       -0.129497        0.123740       -1.965591

     H   13       -0.196164       -0.191863       -0.159704
     H   13       -0.191863        0.168604        0.231909
     H   13       -0.159704        0.231909        0.027560

     C   14        0.565468        0.607563        0.099406
     C   14        0.607563       -0.427614       -0.079694
     C   14        0.099406       -0.079694       -0.137854

     H   15        0.238589       -0.053759        0.663867
     H   15       -0.053759       -0.065365        0.045582
     H   15        0.663867        0.045582       -0.173225

     C   16       -0.081057        0.184265       -0.395687
     C   16        0.184265       -0.032070       -0.260484
     C   16       -0.395687       -0.260484        0.113128

     C   17        0.081570       -0.632526       -0.078640
     C   17       -0.632526        0.090294       -0.522684
     C   17       -0.078640       -0.522684       -0.171863

     Cl  18        0.299001       -1.471026        1.438321
     Cl  18       -1.471026       -1.250690       -0.016637
     Cl  18        1.438321       -0.016637        0.951689

     H   19       -0.088677        0.140396        0.116788
     H   19        0.140396        0.560473       -0.611771
     H   19        0.116788       -0.611771       -0.471795

     C   20       -0.060971        0.091948        0.362523
     C   20        0.091948        0.048999        0.028832
     C   20        0.362523        0.028832        0.011972

     H   21        0.669894       -0.058952        0.401554
     H   21       -0.058952       -0.328458       -0.330144
     H   21        0.401554       -0.330144       -0.341435

     C   22        0.169176        0.283453        0.118100
     C   22        0.283453        0.056580       -0.095852
     C   22        0.118100       -0.095852       -0.225756

     C   23       -0.218831       -0.071482       -0.248933
     C   23       -0.071482        0.135882        0.204253
     C   23       -0.248933        0.204253        0.082949

     Cl  24        0.362554       -0.068990       -0.920496
     Cl  24       -0.068990        1.672839        1.474099
     Cl  24       -0.920496        1.474099       -2.035393

     ----- total EFG (symmetrized) -----
     Cl   1        0.778514       -0.540795       -0.575227
     Cl   1       -0.540795        0.652981       -0.211082
     Cl   1       -0.575227       -0.211082       -1.431495

     C    2       -0.555157        0.155372       -0.000881
     C    2        0.155372        0.218040        0.544862
     C    2       -0.000881        0.544862        0.337118

     C    3        0.189090       -0.375271       -0.208454
     C    3       -0.375271       -0.192618        0.079811
     C    3       -0.208454        0.079811        0.003528

     H    4        0.223102        0.414390        0.598163
     H    4        0.414390       -0.066864       -0.067032
     H    4        0.598163       -0.067032       -0.156238

     C    5       -0.088870       -0.002471       -0.098470
     C    5       -0.002471        0.206612        0.216014
     C    5       -0.098470        0.216014       -0.117742

     H    6       -0.630436        0.099026       -0.073865
     H    6        0.099026        0.474704        0.224841
     H    6       -0.073865        0.224841        0.155732

     H    7       -0.139652        0.061786       -0.010064
     H    7        0.061786        0.092851       -0.239913
     H    7       -0.010064       -0.239913        0.046802

     C    8       -0.134192       -0.122454       -0.121353
     C    8       -0.122454       -0.163218        0.257765
     C    8       -0.121353        0.257765        0.297410

     H    9        0.386476       -0.029975        0.237966
     H    9       -0.029975       -0.544513       -0.134223
     H    9        0.237966       -0.134223        0.158037

     C   10       -0.063418       -0.020207        0.025065
     C   10       -0.020207       -0.213241        0.250226
     C   10        0.025065        0.250226        0.276659

     C   11       -0.456748        0.459832        0.209848
     C   11        0.459832       -0.101051        0.050719
     C   11        0.209848        0.050719        0.557798

     Cl  12        2.499025        0.440454       -0.129497
     Cl  12        0.440454       -0.533434        0.123740
     Cl  12       -0.129497        0.123740       -1.965591

     H   13       -0.196164       -0.191863       -0.159704
     H   13       -0.191863        0.168604        0.231909
     H   13       -0.159704        0.231909        0.027560

     C   14        0.565468        0.607563        0.099406
     C   14        0.607563       -0.427614       -0.079694
     C   14        0.099406       -0.079694       -0.137854

     H   15        0.238589       -0.053759        0.663867
     H   15       -0.053759       -0.065365        0.045582
     H   15        0.663867        0.045582       -0.173225

     C   16       -0.081057        0.184265       -0.395687
     C   16        0.184265       -0.032070       -0.260484
     C   16       -0.395687       -0.260484        0.113128

     C   17        0.081570       -0.632526       -0.078640
     C   17       -0.632526        0.090294       -0.522684
     C   17       -0.078640       -0.522684       -0.171863

     Cl  18        0.299001       -1.471026        1.438321
     Cl  18       -1.471026       -1.250690       -0.016637
     Cl  18        1.438321       -0.016637        0.951689

     H   19       -0.088677        0.140396        0.116788
     H   19        0.140396        0.560473       -0.611771
     H   19        0.116788       -0.611771       -0.471795

     C   20       -0.060971        0.091948        0.362523
     C   20        0.091948        0.048999        0.028832
     C   20        0.362523        0.028832        0.011972

     H   21        0.669894       -0.058952        0.401554
     H   21       -0.058952       -0.328458       -0.330144
     H   21        0.401554       -0.330144       -0.341435

     C   22        0.169176        0.283453        0.118100
     C   22        0.283453        0.056580       -0.095852
     C   22        0.118100       -0.095852       -0.225756

     C   23       -0.218831       -0.071482       -0.248933
     C   23       -0.071482        0.135882        0.204253
     C   23       -0.248933        0.204253        0.082949

     Cl  24        0.362554       -0.068990       -0.920496
     Cl  24       -0.068990        1.672839        1.474099
     Cl  24       -0.920496        1.474099       -2.035393


     NQR/NMR SPECTROSCOPIC PARAMETERS:
     Cl   1    Vxx=    0.3290    axis=(  0.571293  0.771798 -0.279198)
     Cl   1    Vyy=    1.2941    axis=(  0.777727 -0.617751 -0.116296)
     Cl   1    Vzz=   -1.6231    axis=(  0.262231  0.150700  0.953165)
     Cl   1  Q=        -8.1650 1e-30 m^2  Cq=        31.1388 MHz  eta= 0.59456

     C    2    Vxx=   -0.2302    axis=(  0.327676  0.681660 -0.654193)
     C    2    Vyy=   -0.6032    axis=( -0.941834  0.290406 -0.169152)
     C    2    Vzz=    0.8334    axis=(  0.074677  0.671568  0.737170)
     C    2  Q=         1.0000 1e-30 m^2  Cq=         1.9582 MHz  eta= 0.44761

     C    3    Vxx=   -0.0867    axis=(  0.279023 -0.301433  0.911748)
     C    3    Vyy=   -0.4273    axis=(  0.543551  0.832292  0.108821)
     C    3    Vzz=    0.5139    axis=( -0.791643  0.465218  0.396073)
     C    3  Q=         1.0000 1e-30 m^2  Cq=         1.2075 MHz  eta= 0.66278

     H    4    Vxx=   -0.0329    axis=(  0.023341 -0.826439  0.562542)
     H    4    Vyy=   -0.7402    axis=(  0.602633 -0.437340 -0.667508)
     H    4    Vzz=    0.7731    axis=(  0.797677  0.354587  0.487832)
     H    4  Q=         1.0000 1e-30 m^2  Cq=         1.8165 MHz  eta= 0.91479

     C    5    Vxx=   -0.0513    axis=(  0.889173  0.298764 -0.346570)
     C    5    Vyy=   -0.2686    axis=( -0.442564  0.369149 -0.817231)
     C    5    Vzz=    0.3200    axis=( -0.116223  0.880039  0.460459)
     C    5  Q=         1.0000 1e-30 m^2  Cq=         0.7518 MHz  eta= 0.67921

     H    6    Vxx=    0.0574    axis=( -0.158188 -0.438962  0.884471)
     H    6    Vyy=    0.5933    axis=(  0.044955  0.891619  0.450550)
     H    6    Vzz=   -0.6507    axis=( -0.986385  0.111033 -0.121310)
     H    6  Q=         1.0000 1e-30 m^2  Cq=        -1.5288 MHz  eta= 0.82370

     H    7    Vxx=   -0.1223    axis=(  0.816417  0.309348  0.487614)
     H    7    Vyy=   -0.1947    axis=(  0.565933 -0.596518 -0.569110)
     H    7    Vzz=    0.3169    axis=( -0.114817 -0.740588  0.662078)
     H    7  Q=         1.0000 1e-30 m^2  Cq=         0.7446 MHz  eta= 0.22847

     C    8    Vxx=   -0.1500    axis=(  0.871785 -0.283312  0.399656)
     C    8    Vyy=   -0.3069    axis=( -0.412278 -0.864949  0.286164)
     C    8    Vzz=    0.4569    axis=( -0.264609  0.414243  0.870853)
     C    8  Q=         1.0000 1e-30 m^2  Cq=         1.0735 MHz  eta= 0.34327

     H    9    Vxx=    0.0245    axis=( -0.551375 -0.163901  0.817999)
     H    9    Vyy=    0.5450    axis=(  0.834112 -0.089995  0.544204)
     H    9    Vzz=   -0.5695    axis=( -0.015580  0.982363  0.186333)
     H    9  Q=         1.0000 1e-30 m^2  Cq=        -1.3381 MHz  eta= 0.91386

     C   10    Vxx=   -0.0608    axis=(  0.993419 -0.114031  0.010766)
     C   10    Vyy=   -0.3216    axis=(  0.109273  0.915386 -0.387465)
     C   10    Vzz=    0.3824    axis=(  0.034328  0.386091  0.921822)
     C   10  Q=         1.0000 1e-30 m^2  Cq=         0.8985 MHz  eta= 0.68186

     C   11    Vxx=    0.1538    axis=(  0.483118  0.801867 -0.351577)
     C   11    Vyy=    0.6340    axis=(  0.279715  0.239152  0.929820)
     C   11    Vzz=   -0.7877    axis=(  0.829672 -0.547555 -0.108756)
     C   11  Q=         1.0000 1e-30 m^2  Cq=        -1.8508 MHz  eta= 0.60962

     Cl  12    Vxx=   -0.5818    axis=( -0.136645  0.985467  0.100912)
     Cl  12    Vyy=   -1.9826    axis=(  0.038228 -0.096546  0.994594)
     Cl  12    Vzz=    2.5644    axis=(  0.989882  0.139764 -0.024479)
     Cl  12  Q=        -8.1650 1e-30 m^2  Cq=       -49.1970 MHz  eta= 0.54622

     H   13    Vxx=   -0.1432    axis=( -0.077271 -0.625160  0.776663)
     H   13    Vyy=   -0.2952    axis=( -0.927509 -0.240679 -0.286009)
     H   13    Vzz=    0.4384    axis=(  0.365727 -0.742462 -0.561244)
     H   13  Q=         1.0000 1e-30 m^2  Cq=         1.0301 MHz  eta= 0.34665

     C   14    Vxx=   -0.1190    axis=(  0.029978 -0.194199  0.980504)
     C   14    Vyy=   -0.7377    axis=( -0.426759  0.884557  0.188243)
     C   14    Vzz=    0.8567    axis=( -0.903868 -0.424082 -0.056359)
     C   14  Q=         1.0000 1e-30 m^2  Cq=         2.0130 MHz  eta= 0.72213

     H   15    Vxx=   -0.0579    axis=(  0.050333 -0.993415 -0.102926)
     H   15    Vyy=   -0.6702    axis=(  0.590468  0.112715 -0.799151)
     H   15    Vzz=    0.7281    axis=(  0.805490 -0.020551  0.592253)
     H   15  Q=         1.0000 1e-30 m^2  Cq=         1.7107 MHz  eta= 0.84090

     C   16    Vxx=   -0.1950    axis=( -0.337945  0.886678  0.315587)
     C   16    Vyy=   -0.3924    axis=( -0.768785 -0.066637 -0.636026)
     C   16    Vzz=    0.5875    axis=( -0.542921 -0.457561  0.704184)
     C   16  Q=         1.0000 1e-30 m^2  Cq=         1.3803 MHz  eta= 0.33608

     C   17    Vxx=    0.0105    axis=(  0.640551  0.165235 -0.749928)
     C   17    Vyy=    0.8324    axis=( -0.585507  0.736966 -0.337731)
     C   17    Vzz=   -0.8428    axis=(  0.496866  0.655422  0.568811)
     C   17  Q=         1.0000 1e-30 m^2  Cq=        -1.9803 MHz  eta= 0.97515

     Cl  18    Vxx=   -0.0440    axis=(  0.467153 -0.560051 -0.684187)
     Cl  18    Vyy=   -2.3256    axis=( -0.573428 -0.780913  0.247699)
     Cl  18    Vzz=    2.3696    axis=( -0.673015  0.276618 -0.685954)
     Cl  18  Q=        -8.1650 1e-30 m^2  Cq=       -45.4593 MHz  eta= 0.96287

     H   19    Vxx=   -0.0565    axis=(  0.969828  0.020213  0.242952)
     H   19    Vyy=   -0.7949    axis=( -0.228749  0.420088  0.878180)
     H   19    Vzz=    0.8514    axis=( -0.084310 -0.907258  0.412037)
     H   19  Q=         1.0000 1e-30 m^2  Cq=         2.0004 MHz  eta= 0.86728

     C   20    Vxx=    0.0322    axis=( -0.091220  0.959426 -0.266798)
     C   20    Vyy=    0.3621    axis=(  0.660315  0.258823  0.704978)
     C   20    Vzz=   -0.3944    axis=( -0.745428  0.111863  0.657133)
     C   20  Q=         1.0000 1e-30 m^2  Cq=        -0.9266 MHz  eta= 0.83649

     H   21    Vxx=   -0.1207    axis=(  0.333764  0.769785 -0.544089)
     H   21    Vyy=   -0.7139    axis=( -0.193947  0.620915  0.759506)
     H   21    Vzz=    0.8345    axis=(  0.922489 -0.147971  0.356537)
     H   21  Q=         1.0000 1e-30 m^2  Cq=         1.9609 MHz  eta= 0.71081

     C   22    Vxx=   -0.0507    axis=( -0.451567  0.618313 -0.643254)
     C   22    Vyy=   -0.3527    axis=( -0.432821  0.478636  0.763920)
     C   22    Vzz=    0.4034    axis=( -0.780226 -0.623375 -0.051483)
     C   22  Q=         1.0000 1e-30 m^2  Cq=         0.9479 MHz  eta= 0.74859

     C   23    Vxx=   -0.0353    axis=(  0.389373  0.768485 -0.507759)
     C   23    Vyy=   -0.3625    axis=( -0.851297  0.089770 -0.516948)
     C   23    Vzz=    0.3977    axis=( -0.351685  0.633539  0.689163)
     C   23  Q=         1.0000 1e-30 m^2  Cq=         0.9346 MHz  eta= 0.82254

     Cl  24    Vxx=    0.5150    axis=(  0.942893  0.281967 -0.177335)
     Cl  24    Vyy=    2.2649    axis=( -0.205525  0.911437  0.356429)
     Cl  24    Vzz=   -2.7799    axis=(  0.262131 -0.299627  0.917339)
     Cl  24  Q=        -8.1650 1e-30 m^2  Cq=        53.3311 MHz  eta= 0.62945

     Initialization:
     gipaw_setup  :      9.09s CPU     10.80s WALL (       1 calls)

     Linear response

     Apply operators

     Induced current

     Other routines
     efg          :      9.41s CPU     12.01s WALL (       1 calls)

     General routines
     calbec       :      3.34s CPU      4.50s WALL (      16 calls)
     fft          :      1.49s CPU      2.03s WALL (      15 calls)
     ffts         :      0.04s CPU      0.05s WALL (       2 calls)
     fftw         :      3.29s CPU      3.94s WALL (     672 calls)
     davcio       :      0.01s CPU      0.30s WALL (      32 calls)

     Parallel routines
     fft_scatter  :      2.14s CPU      3.20s WALL (     689 calls)

     Plugins

     GIPAW        :     60.59s CPU     71.52s WALL (       1 calls)
