
     Program QE v.6.0 (svn rev. 13079) starts on  5Jan2017 at 22: 3: 5 

     This program is part of the open-source Quantum ESPRESSO suite
     for quantum simulation of materials; please cite
         "P. Giannozzi et al., J. Phys.:Condens. Matter 21 395502 (2009);
          URL http://www.quantum-espresso.org", 
     in publications or presentations arising from this work. More details at
     http://www.quantum-espresso.org/quote

     Parallel version (MPI), running on     8 processors
     R & G space division:  proc/nbgrp/npool/nimage =       8

     ***** This is GIPAW svn revision unknown      *****

     Parallelizing q-star over 1 images

     Reading data from directory:
     /users/majewski/paradichlorobenzene/pbe/9_constraint/scratch/pbe.ecut100.np8.dt60.pcl2phi-129368.save
     Message from routine read_xml_file:
     file /users/majewski/paradichlorobenzene/pbe/9_constraint/scratch/pbe.ecut100.np8.dt60.pcl2phi-129368.save not guaranteed to be safe for post-processing

   Info: using nr1, nr2, nr3 values from input

   Info: using nr1, nr2, nr3 values from input

     IMPORTANT: XC functional enforced from input :
     Exchange-correlation      =  SLA  PW   PBX  PBC ( 1  4  3  4 0 0)
     Any further DFT definition will be discarded
     Please, verify this is what you really want

               file C.pbe-n-kjpaw_psl.1.0.0.UPF: wavefunction(s)  2S 2P renormalized
               file Cl.pbe-n-kjpaw_psl.1.0.0.UPF: wavefunction(s)  3S 3P renormalized
               file H.pbe-kjpaw_psl.1.0.0.UPF: wavefunction(s)  1S renormalized

     Parallelization info
     --------------------
     sticks:   dense  smooth     PW     G-vecs:    dense   smooth      PW
     Min        3057    1223    332               144436    36536    5170
     Max        3059    1225    333               144437    36537    5171
     Sum       24467    9791   2657              1155489   292295   41363


     Subspace diagonalization in iterative solution of the eigenvalue problem:
     a serial algorithm will be used

     GIPAW projectors -----------------------------------------------
     atom=  C    l=0  rc=    1.2000  rs=    0.8000
     atom=  C    l=0  rc=    1.2000  rs=    0.8000
     atom=  C    l=1  rc=    1.4000  rs=    0.9333
     atom=  C    l=1  rc=    1.4000  rs=    0.9333
     projs nearly linearly dependent: l=1  n1,n2= 1, 2  s=  0.99951561

     atom=  Cl   l=0  rc=    1.6000  rs=    1.0667
     atom=  Cl   l=0  rc=    1.6000  rs=    1.0667
     atom=  Cl   l=1  rc=    1.6000  rs=    1.0667
     atom=  Cl   l=1  rc=    1.6000  rs=    1.0667
     atom=  Cl   l=2  rc=    1.6000  rs=    1.0667
     atom=  Cl   l=2  rc=    1.6000  rs=    1.0667
     projs nearly linearly dependent: l=2  n1,n2= 1, 2  s=  0.99993509

     atom=  H    l=0  rc=    1.0000  rs=    0.6667
     atom=  H    l=0  rc=    1.0000  rs=    0.6667
     projs nearly linearly dependent: l=0  n1,n2= 1, 2  s=  0.99968852
     -----------------------------------------------------------------

     GIPAW integrals: -------------------------------------------
     Atom  i/j   nmr_para   nmr_dia   epr_rmc  epr_para   epr_dia
       C   1 1   0.83E+03  0.17E-01  0.93E+01  0.24E+08  0.24E+03
       C   2 1   0.86E+03 -0.61E-01  0.94E+01  0.25E+08  0.25E+03
       C   2 2   0.90E+03 -0.15E+00  0.97E+01  0.26E+08  0.26E+03
       C   3 3   0.33E+01  0.34E+00  0.18E+01  0.55E+03  0.21E+02
       C   4 3   0.35E+01  0.37E+00  0.20E+01  0.59E+03  0.22E+02
       C   4 4   0.38E+01  0.39E+00  0.22E+01  0.63E+03  0.24E+02
       Cl  1 1   0.14E+04 -0.47E+00  0.84E+01  0.32E+09  0.42E+03
       Cl  2 1   0.21E+04 -0.37E+00  0.12E+02  0.49E+09  0.65E+03
       Cl  2 2   0.33E+04 -0.16E+00  0.21E+02  0.76E+09  0.10E+04
       Cl  3 3   0.21E+02  0.79E-01  0.89E+01  0.23E+05  0.13E+03
       Cl  4 3   0.24E+02  0.67E-01  0.99E+01  0.27E+05  0.15E+03
       Cl  4 4   0.28E+02  0.44E-01  0.11E+02  0.32E+05  0.18E+03
       Cl  5 5   0.77E+00  0.19E+00  0.18E+01  0.12E+03  0.22E+02
       Cl  6 5   0.80E+00  0.19E+00  0.19E+01  0.12E+03  0.23E+02
       Cl  6 6   0.83E+00  0.20E+00  0.19E+01  0.12E+03  0.23E+02
       H   1 1   0.39E+02  0.19E+00  0.29E+00  0.78E+05  0.13E+02
       H   2 1   0.41E+02  0.21E+00  0.32E+00  0.82E+05  0.14E+02
       H   2 2   0.43E+02  0.22E+00  0.36E+00  0.86E+05  0.15E+02
     ------------------------------------------------------------

     alpha_pv=     33.8517 eV

     Number of occupied bands for each k-point:
     k-point:     1    nbnd_occ=  42
     k-point:     2    nbnd_occ=  42
     k-point:     3    nbnd_occ=  42
     k-point:     4    nbnd_occ=  42
     k-point:     5    nbnd_occ=  42
     k-point:     6    nbnd_occ=  42
     k-point:     7    nbnd_occ=  42
     k-point:     8    nbnd_occ=  42
     k-point:     9    nbnd_occ=  42
     k-point:    10    nbnd_occ=  42
     k-point:    11    nbnd_occ=  42
     k-point:    12    nbnd_occ=  42
     k-point:    13    nbnd_occ=  42
     k-point:    14    nbnd_occ=  42
     k-point:    15    nbnd_occ=  42
     k-point:    16    nbnd_occ=  42


     q-space interpolation up to   110.00 Rydberg

     GIPAW job: efg                                                                             


     ELECTRIC FIELD GRADIENTS TENSORS IN Hartree/bohrradius^2:

     ----- bare term -----
     Cl   1        0.095398        0.016959       -0.069589
     Cl   1        0.016959       -0.096216        0.129620
     Cl   1       -0.069589        0.129620        0.000819

     C    2       -0.410039        0.280296       -0.290078
     C    2        0.280296        0.041960       -0.455745
     C    2       -0.290078       -0.455745        0.368079

     C    3       -0.093625       -0.064075       -0.245704
     C    3       -0.064075       -0.074234       -0.697830
     C    3       -0.245704       -0.697830        0.167858

     H    4       -0.106610        0.184323       -0.533120
     H    4        0.184323        0.052462        0.161488
     H    4       -0.533120        0.161488        0.054148

     C    5       -0.321076        0.332221       -0.164154
     C    5        0.332221       -0.079441       -0.303549
     C    5       -0.164154       -0.303549        0.400517

     H    6        0.366517       -0.049310       -0.050074
     H    6       -0.049310       -0.483747       -0.538896
     H    6       -0.050074       -0.538896        0.117230

     H    7        0.298472        0.188930       -0.343689
     H    7        0.188930       -0.043892        0.514089
     H    7       -0.343689        0.514089       -0.254580

     C    8        0.029710       -0.544799        0.105580
     C    8       -0.544799       -0.467592        0.340741
     C    8        0.105580        0.340741        0.437882

     H    9       -0.463269        0.477582       -0.412868
     H    9        0.477582        0.202179        0.227195
     H    9       -0.412868        0.227195        0.261090

     C   10       -0.214432       -0.116807       -0.243358
     C   10       -0.116807       -0.055056        0.313480
     C   10       -0.243358        0.313480        0.269487

     C   11       -0.036523       -0.286846       -0.229583
     C   11       -0.286846       -0.139572        0.599236
     C   11       -0.229583        0.599236        0.176095

     Cl  12        0.014073        0.038187       -0.102984
     Cl  12        0.038187       -0.041839        0.037627
     Cl  12       -0.102984        0.037627        0.027767

     H   13        0.165293        0.105957        0.379448
     H   13        0.105957        0.046527       -0.453393
     H   13        0.379448       -0.453393       -0.211819

     C   14       -0.088384       -0.134847       -0.539091
     C   14       -0.134847       -0.180598       -0.395625
     C   14       -0.539091       -0.395625        0.268982

     H   15        0.095096       -0.113373       -0.285348
     H   15       -0.113373        0.463774        0.085521
     H   15       -0.285348        0.085521       -0.558870

     C   16       -0.144625        0.435643       -0.331876
     C   16        0.435643       -0.209226       -0.108158
     C   16       -0.331876       -0.108158        0.353851

     C   17        0.129930       -0.338301       -0.579525
     C   17       -0.338301       -0.209233       -0.589583
     C   17       -0.579525       -0.589583        0.079303

     Cl  18        0.011910        0.321248        0.065433
     Cl  18        0.321248       -0.158877       -0.027517
     Cl  18        0.065433       -0.027517        0.146967

     H   19        0.410563        0.039973       -0.013166
     H   19        0.039973       -0.408230        0.535460
     H   19       -0.013166        0.535460       -0.002332

     C   20       -0.689600       -0.341335       -0.412700
     C   20       -0.341335        0.266406        0.182708
     C   20       -0.412700        0.182708        0.423194

     H   21       -0.472777       -0.057849       -0.252337
     H   21       -0.057849        0.198035        0.426271
     H   21       -0.252337        0.426271        0.274742

     C   22        0.106686       -0.395405        0.011744
     C   22       -0.395405       -0.376039        0.495594
     C   22        0.011744        0.495594        0.269353

     C   23       -0.502742       -0.302485       -0.408250
     C   23       -0.302485        0.264837        0.086752
     C   23       -0.408250        0.086752        0.237905

     Cl  24       -0.050213       -0.115214        0.078668
     Cl  24       -0.115214        0.041874       -0.133325
     Cl  24        0.078668       -0.133325        0.008339

     ----- ionic term -----
     Cl   1        0.080470       -0.201491        0.052042
     Cl   1       -0.201491        0.048693       -0.028862
     Cl   1        0.052042       -0.028862       -0.129163

     C    2       -0.004482       -0.207948        0.388230
     C    2       -0.207948        0.158818        0.354517
     C    2        0.388230        0.354517       -0.154336

     C    3        0.083673       -0.306259        0.260389
     C    3       -0.306259        0.221047        0.331385
     C    3        0.260389        0.331385       -0.304720

     H    4        0.556972        0.101821        0.740477
     H    4        0.101821       -0.466159        0.143643
     H    4        0.740477        0.143643       -0.090813

     C    5        0.213444       -0.275366        0.307390
     C    5       -0.275366        0.109399        0.262913
     C    5        0.307390        0.262913       -0.322843

     H    6       -0.479067       -0.086291       -0.032200
     H    6       -0.086291        0.706555        0.656742
     H    6       -0.032200        0.656742       -0.227489

     H    7       -0.524307       -0.087639        0.090002
     H    7       -0.087639        0.429400       -0.798852
     H    7        0.090002       -0.798852        0.094907

     C    8        0.236231        0.170329        0.284122
     C    8        0.170329       -0.022916       -0.314052
     C    8        0.284122       -0.314052       -0.213315

     H    9        0.588849       -0.423916        0.603179
     H    9       -0.423916       -0.378964       -0.267105
     H    9        0.603179       -0.267105       -0.209885

     C   10        0.128134        0.137370        0.180237
     C   10        0.137370        0.097288       -0.395347
     C   10        0.180237       -0.395347       -0.225422

     C   11        0.222917        0.116429        0.232860
     C   11        0.116429        0.037512       -0.391845
     C   11        0.232860       -0.391845       -0.260429

     Cl  12        0.086988        0.182262       -0.018252
     Cl  12        0.182262        0.041552       -0.015271
     Cl  12       -0.018252       -0.015271       -0.128540

     H   13       -0.551348       -0.112330       -0.071433
     H   13       -0.112330        0.424597        0.789887
     H   13       -0.071433        0.789887        0.126751

     C   14        0.123079       -0.326828        0.319956
     C   14       -0.326828        0.018238        0.271528
     C   14        0.319956        0.271528       -0.141317

     H   15        0.477661        0.046892        0.797190
     H   15        0.046892       -0.542185        0.102976
     H   15        0.797190        0.102976        0.064523

     C   16        0.102420       -0.357808        0.251720
     C   16       -0.357808        0.082380        0.304311
     C   16        0.251720        0.304311       -0.184799

     C   17        0.164499       -0.226426        0.273615
     C   17       -0.226426        0.023785        0.425493
     C   17        0.273615        0.425493       -0.188284

     Cl  18        0.133825       -0.212327       -0.005981
     Cl  18       -0.212327        0.013215        0.020839
     Cl  18       -0.005981        0.020839       -0.147040

     H   19       -0.512740       -0.087566        0.062111
     H   19       -0.087566        0.535821       -0.762707
     H   19        0.062111       -0.762707       -0.023080

     C   20        0.248326        0.154242        0.203284
     C   20        0.154242        0.079090       -0.322695
     C   20        0.203284       -0.322695       -0.327416

     H   21        0.779803       -0.319945        0.539617
     H   21       -0.319945       -0.395780       -0.205930
     H   21        0.539617       -0.205930       -0.384024

     C   22        0.107492        0.177568        0.152801
     C   22        0.177568        0.250901       -0.419267
     C   22        0.152801       -0.419267       -0.358393

     C   23        0.174227        0.139155        0.302918
     C   23        0.139155        0.106343       -0.405686
     C   23        0.302918       -0.405686       -0.280570

     Cl  24        0.141600        0.200212        0.008563
     Cl  24        0.200212       -0.006782       -0.011871
     Cl  24        0.008563       -0.011871       -0.134819

     ----- GIPAW term -----
     Cl   1       -0.331654       -0.824845       -0.630746
     Cl   1       -0.824845        0.597858       -1.870522
     Cl   1       -0.630746       -1.870522       -0.266203

     C    2       -0.099446       -0.083244       -0.025016
     C    2       -0.083244        0.139007       -0.182191
     C    2       -0.025016       -0.182191       -0.039561

     C    3       -0.104618       -0.126210       -0.005421
     C    3       -0.126210        0.128020       -0.228230
     C    3       -0.005421       -0.228230       -0.023402

     H    4       -0.000000        0.000000        0.000000
     H    4        0.000000        0.000000        0.000000
     H    4        0.000000        0.000000        0.000000

     C    5        0.059454       -0.085897        0.022580
     C    5       -0.085897       -0.015285       -0.054805
     C    5        0.022580       -0.054805       -0.044169

     H    6       -0.000000        0.000000        0.000000
     H    6        0.000000        0.000000        0.000000
     H    6        0.000000        0.000000        0.000000

     H    7       -0.000000        0.000000        0.000000
     H    7        0.000000        0.000000        0.000000
     H    7        0.000000        0.000000        0.000000

     C    8        0.045740       -0.200876        0.172975
     C    8       -0.200876       -0.116555       -0.064291
     C    8        0.172975       -0.064291        0.070815

     H    9       -0.000000        0.000000        0.000000
     H    9        0.000000        0.000000        0.000000
     H    9        0.000000        0.000000        0.000000

     C   10        0.097559       -0.075347        0.114657
     C   10       -0.075347       -0.092713       -0.015105
     C   10        0.114657       -0.015105       -0.004847

     C   11        0.094395       -0.060611       -0.069022
     C   11       -0.060611        0.036851        0.126686
     C   11       -0.069022        0.126686       -0.131247

     Cl  12        1.453622        2.300531       -0.912690
     Cl  12        2.300531       -0.354218        0.281130
     Cl  12       -0.912690        0.281130       -1.099404

     H   13       -0.000000        0.000000        0.000000
     H   13        0.000000        0.000000        0.000000
     H   13        0.000000        0.000000        0.000000

     C   14        0.080213       -0.121302       -0.230736
     C   14       -0.121302       -0.135561       -0.008545
     C   14       -0.230736       -0.008545        0.055348

     H   15       -0.000000        0.000000        0.000000
     H   15        0.000000        0.000000        0.000000
     H   15        0.000000        0.000000        0.000000

     C   16        0.050834        0.010196       -0.211913
     C   16        0.010196       -0.127999        0.043459
     C   16       -0.211913        0.043459        0.077165

     C   17        0.229567       -0.231191       -0.166039
     C   17       -0.231191       -0.094771       -0.052800
     C   17       -0.166039       -0.052800       -0.134796

     Cl  18        2.725363       -0.922678        0.653228
     Cl  18       -0.922678       -1.249462       -0.134898
     Cl  18        0.653228       -0.134898       -1.475901

     H   19       -0.000000        0.000000        0.000000
     H   19        0.000000        0.000000        0.000000
     H   19        0.000000        0.000000        0.000000

     C   20       -0.159001       -0.104694       -0.038674
     C   20       -0.104694        0.138086       -0.049086
     C   20       -0.038674       -0.049086        0.020915

     H   21       -0.000000        0.000000        0.000000
     H   21        0.000000        0.000000        0.000000
     H   21        0.000000        0.000000        0.000000

     C   22       -0.079652       -0.129948        0.076370
     C   22       -0.129948        0.117676       -0.131542
     C   22        0.076370       -0.131542       -0.038023

     C   23        0.000721       -0.146201        0.054688
     C   23       -0.146201        0.107543       -0.125342
     C   23        0.054688       -0.125342       -0.108264

     Cl  24        0.365541        0.401592        0.985751
     Cl  24        0.401592        0.877179       -1.796085
     Cl  24        0.985751       -1.796085       -1.242720

     ----- total EFG -----
     Cl   1       -0.155787       -1.009377       -0.648293
     Cl   1       -1.009377        0.550335       -1.769764
     Cl   1       -0.648293       -1.769764       -0.394548

     C    2       -0.513967       -0.010896        0.073137
     C    2       -0.010896        0.339784       -0.283418
     C    2        0.073137       -0.283418        0.174183

     C    3       -0.114569       -0.496543        0.009265
     C    3       -0.496543        0.274833       -0.594675
     C    3        0.009265       -0.594675       -0.160264

     H    4        0.450362        0.286144        0.207357
     H    4        0.286144       -0.413697        0.305131
     H    4        0.207357        0.305131       -0.036665

     C    5       -0.048177       -0.029042        0.165817
     C    5       -0.029042        0.014673       -0.095441
     C    5        0.165817       -0.095441        0.033505

     H    6       -0.112550       -0.135602       -0.082274
     H    6       -0.135602        0.222808        0.117846
     H    6       -0.082274        0.117846       -0.110259

     H    7       -0.225835        0.101291       -0.253687
     H    7        0.101291        0.385508       -0.284763
     H    7       -0.253687       -0.284763       -0.159673

     C    8        0.311681       -0.575346        0.562678
     C    8       -0.575346       -0.607062       -0.037603
     C    8        0.562678       -0.037603        0.295381

     H    9        0.125580        0.053666        0.190311
     H    9        0.053666       -0.176785       -0.039910
     H    9        0.190311       -0.039910        0.051204

     C   10        0.011261       -0.054785        0.051537
     C   10       -0.054785       -0.050480       -0.096972
     C   10        0.051537       -0.096972        0.039219

     C   11        0.280790       -0.231028       -0.065745
     C   11       -0.231028       -0.065209        0.334077
     C   11       -0.065745        0.334077       -0.215580

     Cl  12        1.554683        2.520980       -1.033927
     Cl  12        2.520980       -0.354506        0.303486
     Cl  12       -1.033927        0.303486       -1.200177

     H   13       -0.386055       -0.006374        0.308014
     H   13       -0.006374        0.471124        0.336494
     H   13        0.308014        0.336494       -0.085068

     C   14        0.114908       -0.582977       -0.449871
     C   14       -0.582977       -0.297921       -0.132643
     C   14       -0.449871       -0.132643        0.183013

     H   15        0.572758       -0.066482        0.511842
     H   15       -0.066482       -0.078411        0.188497
     H   15        0.511842        0.188497       -0.494347

     C   16        0.008629        0.088031       -0.292069
     C   16        0.088031       -0.254846        0.239611
     C   16       -0.292069        0.239611        0.246217

     C   17        0.523996       -0.795918       -0.471950
     C   17       -0.795918       -0.280219       -0.216889
     C   17       -0.471950       -0.216889       -0.243777

     Cl  18        2.871099       -0.813757        0.712680
     Cl  18       -0.813757       -1.395124       -0.141576
     Cl  18        0.712680       -0.141576       -1.475975

     H   19       -0.102178       -0.047593        0.048945
     H   19       -0.047593        0.127591       -0.227247
     H   19        0.048945       -0.227247       -0.025413

     C   20       -0.600275       -0.291787       -0.248091
     C   20       -0.291787        0.483582       -0.189074
     C   20       -0.248091       -0.189074        0.116693

     H   21        0.307026       -0.377794        0.287280
     H   21       -0.377794       -0.197745        0.220341
     H   21        0.287280        0.220341       -0.109282

     C   22        0.134526       -0.347785        0.240915
     C   22       -0.347785       -0.007463       -0.055215
     C   22        0.240915       -0.055215       -0.127063

     C   23       -0.327794       -0.309530       -0.050643
     C   23       -0.309530        0.478723       -0.444276
     C   23       -0.050643       -0.444276       -0.150929

     Cl  24        0.456929        0.486591        1.072982
     Cl  24        0.486591        0.912272       -1.941282
     Cl  24        1.072982       -1.941282       -1.369200

     ----- total EFG (symmetrized) -----
     Cl   1       -0.155787       -1.009377       -0.648293
     Cl   1       -1.009377        0.550335       -1.769764
     Cl   1       -0.648293       -1.769764       -0.394548

     C    2       -0.513967       -0.010896        0.073137
     C    2       -0.010896        0.339784       -0.283418
     C    2        0.073137       -0.283418        0.174183

     C    3       -0.114569       -0.496543        0.009265
     C    3       -0.496543        0.274833       -0.594675
     C    3        0.009265       -0.594675       -0.160264

     H    4        0.450362        0.286144        0.207357
     H    4        0.286144       -0.413697        0.305131
     H    4        0.207357        0.305131       -0.036665

     C    5       -0.048177       -0.029042        0.165817
     C    5       -0.029042        0.014673       -0.095441
     C    5        0.165817       -0.095441        0.033505

     H    6       -0.112550       -0.135602       -0.082274
     H    6       -0.135602        0.222808        0.117846
     H    6       -0.082274        0.117846       -0.110259

     H    7       -0.225835        0.101291       -0.253687
     H    7        0.101291        0.385508       -0.284763
     H    7       -0.253687       -0.284763       -0.159673

     C    8        0.311681       -0.575346        0.562678
     C    8       -0.575346       -0.607062       -0.037603
     C    8        0.562678       -0.037603        0.295381

     H    9        0.125580        0.053666        0.190311
     H    9        0.053666       -0.176785       -0.039910
     H    9        0.190311       -0.039910        0.051204

     C   10        0.011261       -0.054785        0.051537
     C   10       -0.054785       -0.050480       -0.096972
     C   10        0.051537       -0.096972        0.039219

     C   11        0.280790       -0.231028       -0.065745
     C   11       -0.231028       -0.065209        0.334077
     C   11       -0.065745        0.334077       -0.215580

     Cl  12        1.554683        2.520980       -1.033927
     Cl  12        2.520980       -0.354506        0.303486
     Cl  12       -1.033927        0.303486       -1.200177

     H   13       -0.386055       -0.006374        0.308014
     H   13       -0.006374        0.471124        0.336494
     H   13        0.308014        0.336494       -0.085068

     C   14        0.114908       -0.582977       -0.449871
     C   14       -0.582977       -0.297921       -0.132643
     C   14       -0.449871       -0.132643        0.183013

     H   15        0.572758       -0.066482        0.511842
     H   15       -0.066482       -0.078411        0.188497
     H   15        0.511842        0.188497       -0.494347

     C   16        0.008629        0.088031       -0.292069
     C   16        0.088031       -0.254846        0.239611
     C   16       -0.292069        0.239611        0.246217

     C   17        0.523996       -0.795918       -0.471950
     C   17       -0.795918       -0.280219       -0.216889
     C   17       -0.471950       -0.216889       -0.243777

     Cl  18        2.871099       -0.813757        0.712680
     Cl  18       -0.813757       -1.395124       -0.141576
     Cl  18        0.712680       -0.141576       -1.475975

     H   19       -0.102178       -0.047593        0.048945
     H   19       -0.047593        0.127591       -0.227247
     H   19        0.048945       -0.227247       -0.025413

     C   20       -0.600275       -0.291787       -0.248091
     C   20       -0.291787        0.483582       -0.189074
     C   20       -0.248091       -0.189074        0.116693

     H   21        0.307026       -0.377794        0.287280
     H   21       -0.377794       -0.197745        0.220341
     H   21        0.287280        0.220341       -0.109282

     C   22        0.134526       -0.347785        0.240915
     C   22       -0.347785       -0.007463       -0.055215
     C   22        0.240915       -0.055215       -0.127063

     C   23       -0.327794       -0.309530       -0.050643
     C   23       -0.309530        0.478723       -0.444276
     C   23       -0.050643       -0.444276       -0.150929

     Cl  24        0.456929        0.486591        1.072982
     Cl  24        0.486591        0.912272       -1.941282
     Cl  24        1.072982       -1.941282       -1.369200


     NQR/NMR SPECTROSCOPIC PARAMETERS:
     Cl   1    Vxx=    0.3460    axis=(  0.858643 -0.104562 -0.501796)
     Cl   1    Vyy=    2.0002    axis=( -0.217464  0.812188 -0.541351)
     Cl   1    Vzz=   -2.3462    axis=(  0.464157  0.573949  0.674641)
     Cl   1  Q=        -8.1650 1e-30 m^2  Cq=        45.0107 MHz  eta= 0.70506

     C    2    Vxx=   -0.0327    axis=(  0.106356  0.604042  0.789824)
     C    2    Vyy=   -0.5221    axis=( -0.993103  0.025106  0.114529)
     C    2    Vzz=    0.5548    axis=(  0.049351 -0.796557  0.602546)
     C    2  Q=         1.0000 1e-30 m^2  Cq=         1.3037 MHz  eta= 0.88205

     C    3    Vxx=   -0.1420    axis=( -0.777922 -0.031342  0.627579)
     C    3    Vyy=   -0.7304    axis=( -0.482453 -0.610105 -0.628499)
     C    3    Vzz=    0.8725    axis=(  0.402588 -0.791701  0.459493)
     C    3  Q=         1.0000 1e-30 m^2  Cq=         2.0500 MHz  eta= 0.67438

     H    4    Vxx=   -0.0544    axis=( -0.500706  0.292964  0.814534)
     H    4    Vyy=   -0.6080    axis=( -0.159445  0.893671 -0.419440)
     H    4    Vzz=    0.6623    axis=( -0.850806 -0.339889 -0.400754)
     H    4  Q=         1.0000 1e-30 m^2  Cq=         1.5562 MHz  eta= 0.83578

     C    5    Vxx=   -0.0233    axis=(  0.429706  0.876276  0.217930)
     C    5    Vyy=   -0.1855    axis=( -0.736913  0.200838  0.645464)
     C    5    Vzz=    0.2088    axis=(  0.521836 -0.437955  0.732040)
     C    5  Q=         1.0000 1e-30 m^2  Cq=         0.4906 MHz  eta= 0.77678

     H    6    Vxx=   -0.1216    axis=(  0.559292  0.456908 -0.691684)
     H    6    Vyy=   -0.1945    axis=( -0.755862 -0.061532 -0.651833)
     H    6    Vzz=    0.3161    axis=(  0.340389 -0.887383 -0.310945)
     H    6  Q=         1.0000 1e-30 m^2  Cq=         0.7427 MHz  eta= 0.23080

     H    7    Vxx=   -0.0911    axis=( -0.683747  0.475867  0.553209)
     H    7    Vyy=   -0.4664    axis=( -0.684781 -0.156499 -0.711746)
     H    7    Vzz=    0.5574    axis=( -0.252120 -0.865482  0.432870)
     H    7  Q=         1.0000 1e-30 m^2  Cq=         1.3098 MHz  eta= 0.67323

     C    8    Vxx=   -0.0678    axis=( -0.465152  0.442830  0.766509)
     C    8    Vyy=   -0.9263    axis=( -0.485507 -0.851656  0.197394)
     C    8    Vzz=    0.9941    axis=(  0.740214 -0.280327  0.611147)
     C    8  Q=         1.0000 1e-30 m^2  Cq=         2.3358 MHz  eta= 0.86360

     H    9    Vxx=   -0.0673    axis=(  0.529627  0.507326 -0.679790)
     H    9    Vyy=   -0.2156    axis=(  0.344256 -0.861012 -0.374360)
     H    9    Vzz=    0.2829    axis=( -0.775231 -0.035751 -0.630666)
     H    9  Q=         1.0000 1e-30 m^2  Cq=         0.6646 MHz  eta= 0.52430

     C   10    Vxx=   -0.0265    axis=( -0.853714 -0.108787  0.509252)
     C   10    Vyy=   -0.1158    axis=( -0.176339 -0.859764 -0.479280)
     C   10    Vzz=    0.1422    axis=(  0.489976 -0.498970  0.714810)
     C   10  Q=         1.0000 1e-30 m^2  Cq=         0.3342 MHz  eta= 0.62791

     C   11    Vxx=    0.0234    axis=( -0.623777 -0.532174 -0.572445)
     C   11    Vyy=    0.4717    axis=( -0.770623  0.541077  0.336714)
     C   11    Vzz=   -0.4951    axis=( -0.130547 -0.651174  0.747616)
     C   11  Q=         1.0000 1e-30 m^2  Cq=        -1.1632 MHz  eta= 0.90566

     Cl  12    Vxx=   -0.7801    axis=( -0.187781  0.516542  0.835417)
     Cl  12    Vyy=   -2.6185    axis=(  0.531001 -0.662151  0.528766)
     Cl  12    Vzz=    3.3986    axis=(  0.826303  0.542900 -0.149946)
     Cl  12  Q=        -8.1650 1e-30 m^2  Cq=       -65.2013 MHz  eta= 0.54092

     H   13    Vxx=   -0.0332    axis=(  0.594788 -0.440927  0.672169)
     H   13    Vyy=   -0.6130    axis=( -0.793019 -0.184833  0.580480)
     H   13    Vzz=    0.6462    axis=(  0.131711  0.878305  0.459600)
     H   13  Q=         1.0000 1e-30 m^2  Cq=         1.5184 MHz  eta= 0.89711

     C   14    Vxx=    0.1307    axis=(  0.263548 -0.593782  0.760240)
     C   14    Vyy=    0.7187    axis=(  0.755995 -0.362384 -0.545114)
     C   14    Vzz=   -0.8494    axis=( -0.599178 -0.718401 -0.353390)
     C   14  Q=         1.0000 1e-30 m^2  Cq=        -1.9957 MHz  eta= 0.69235

     H   15    Vxx=   -0.0199    axis=(  0.114707 -0.959463 -0.257437)
     H   15    Vyy=   -0.7588    axis=(  0.356500  0.281644 -0.890834)
     H   15    Vzz=    0.7787    axis=(  0.927227  0.010409  0.374355)
     H   15  Q=         1.0000 1e-30 m^2  Cq=         1.8295 MHz  eta= 0.94892

     C   16    Vxx=   -0.0305    axis=(  0.753437  0.594838  0.280180)
     C   16    Vyy=   -0.4458    axis=( -0.441803  0.773580 -0.454294)
     C   16    Vzz=    0.4763    axis=( -0.486973  0.218498  0.845645)
     C   16  Q=         1.0000 1e-30 m^2  Cq=         1.1192 MHz  eta= 0.87201

     C   17    Vxx=   -0.0588    axis=( -0.074421 -0.548380  0.832911)
     C   17    Vyy=   -1.0227    axis=( -0.511811 -0.695828 -0.503857)
     C   17    Vzz=    1.0815    axis=( -0.855868  0.463791  0.228883)
     C   17  Q=         1.0000 1e-30 m^2  Cq=         2.5411 MHz  eta= 0.89124

     Cl  18    Vxx=   -1.5430    axis=(  0.209107  0.956625 -0.202836)
     Cl  18    Vyy=   -1.5925    axis=( -0.112504  0.229578  0.966766)
     Cl  18    Vzz=    3.1355    axis=( -0.971400  0.179338 -0.155630)
     Cl  18  Q=        -8.1650 1e-30 m^2  Cq=       -60.1532 MHz  eta= 0.01580

     H   19    Vxx=   -0.1115    axis=( -0.974971 -0.220572 -0.027919)
     H   19    Vyy=   -0.1905    axis=( -0.149976  0.559767  0.814965)
     H   19    Vzz=    0.3021    axis=(  0.164131 -0.798754  0.578837)
     H   19  Q=         1.0000 1e-30 m^2  Cq=         0.7097 MHz  eta= 0.26143

     C   20    Vxx=    0.1743    axis=( -0.368211  0.206786  0.906455)
     C   20    Vyy=    0.5937    axis=( -0.171330  0.943165 -0.284756)
     C   20    Vzz=   -0.7680    axis=( -0.913820 -0.260153 -0.311855)
     C   20  Q=         1.0000 1e-30 m^2  Cq=        -1.8045 MHz  eta= 0.54600

     H   21    Vxx=    0.0708    axis=(  0.023296  0.614316  0.788716)
     H   21    Vyy=    0.5500    axis=(  0.890032 -0.372043  0.263489)
     H   21    Vzz=   -0.6208    axis=(  0.455302  0.695845 -0.555428)
     H   21  Q=         1.0000 1e-30 m^2  Cq=        -1.4587 MHz  eta= 0.77184

     C   22    Vxx=   -0.1374    axis=(  0.109471  0.622428  0.774984)
     C   22    Vyy=   -0.3615    axis=( -0.643904 -0.549556  0.532331)
     C   22    Vzz=    0.4988    axis=(  0.757235 -0.557289  0.340623)
     C   22  Q=         1.0000 1e-30 m^2  Cq=         1.1721 MHz  eta= 0.44922

     C   23    Vxx=   -0.2017    axis=(  0.678796 -0.159271 -0.716846)
     C   23    Vyy=   -0.5662    axis=(  0.697443  0.445324  0.561480)
     C   23    Vzz=    0.7679    axis=( -0.229802  0.881090 -0.413367)
     C   23  Q=         1.0000 1e-30 m^2  Cq=         1.8042 MHz  eta= 0.47470

     Cl  24    Vxx=    0.8585    axis=(  0.939703  0.241425  0.242225)
     Cl  24    Vyy=    2.0328    axis=( -0.086665  0.853262 -0.514231)
     Cl  24    Vzz=   -2.8913    axis=( -0.330830  0.462232  0.822735)
     Cl  24  Q=        -8.1650 1e-30 m^2  Cq=        55.4684 MHz  eta= 0.40614

     Initialization:
     gipaw_setup  :      9.14s CPU     10.72s WALL (       1 calls)

     Linear response

     Apply operators

     Induced current

     Other routines
     efg          :      9.30s CPU     11.98s WALL (       1 calls)

     General routines
     calbec       :      3.30s CPU      4.53s WALL (      16 calls)
     fft          :      1.79s CPU      2.89s WALL (      15 calls)
     ffts         :      0.06s CPU      0.17s WALL (       2 calls)
     fftw         :      3.23s CPU      3.89s WALL (     672 calls)
     davcio       :      0.03s CPU      0.33s WALL (      32 calls)

     Parallel routines
     fft_scatter  :      2.50s CPU      4.19s WALL (     689 calls)

     Plugins

     GIPAW        :     61.71s CPU     74.25s WALL (       1 calls)
