
     Program QE v.6.0 (svn rev. 13079) starts on 14Jan2017 at  6: 7:14 

     This program is part of the open-source Quantum ESPRESSO suite
     for quantum simulation of materials; please cite
         "P. Giannozzi et al., J. Phys.:Condens. Matter 21 395502 (2009);
          URL http://www.quantum-espresso.org", 
     in publications or presentations arising from this work. More details at
     http://www.quantum-espresso.org/quote

     Parallel version (MPI), running on     8 processors
     R & G space division:  proc/nbgrp/npool/nimage =       8

     ***** This is GIPAW svn revision unknown      *****

     Parallelizing q-star over 1 images

     Reading data from directory:
     /users/majewski/paradichlorobenzene/pbe/9_constraint/scratch/pbe.ecut100.np8.dt60.pcl2phi-129368.save
     Message from routine read_xml_file:
     file /users/majewski/paradichlorobenzene/pbe/9_constraint/scratch/pbe.ecut100.np8.dt60.pcl2phi-129368.save not guaranteed to be safe for post-processing

   Info: using nr1, nr2, nr3 values from input

   Info: using nr1, nr2, nr3 values from input

     IMPORTANT: XC functional enforced from input :
     Exchange-correlation      =  SLA  PW   PBX  PBC ( 1  4  3  4 0 0)
     Any further DFT definition will be discarded
     Please, verify this is what you really want

               file C.pbe-n-kjpaw_psl.1.0.0.UPF: wavefunction(s)  2S 2P renormalized
               file Cl.pbe-n-kjpaw_psl.1.0.0.UPF: wavefunction(s)  3S 3P renormalized
               file H.pbe-kjpaw_psl.1.0.0.UPF: wavefunction(s)  1S renormalized

     Parallelization info
     --------------------
     sticks:   dense  smooth     PW     G-vecs:    dense   smooth      PW
     Min        3057    1223    332               144436    36536    5170
     Max        3059    1225    333               144437    36537    5171
     Sum       24467    9791   2657              1155489   292295   41363


     Subspace diagonalization in iterative solution of the eigenvalue problem:
     a serial algorithm will be used

     GIPAW projectors -----------------------------------------------
     atom=  C    l=0  rc=    1.2000  rs=    0.8000
     atom=  C    l=0  rc=    1.2000  rs=    0.8000
     atom=  C    l=1  rc=    1.4000  rs=    0.9333
     atom=  C    l=1  rc=    1.4000  rs=    0.9333
     projs nearly linearly dependent: l=1  n1,n2= 1, 2  s=  0.99951561

     atom=  Cl   l=0  rc=    1.6000  rs=    1.0667
     atom=  Cl   l=0  rc=    1.6000  rs=    1.0667
     atom=  Cl   l=1  rc=    1.6000  rs=    1.0667
     atom=  Cl   l=1  rc=    1.6000  rs=    1.0667
     atom=  Cl   l=2  rc=    1.6000  rs=    1.0667
     atom=  Cl   l=2  rc=    1.6000  rs=    1.0667
     projs nearly linearly dependent: l=2  n1,n2= 1, 2  s=  0.99993509

     atom=  H    l=0  rc=    1.0000  rs=    0.6667
     atom=  H    l=0  rc=    1.0000  rs=    0.6667
     projs nearly linearly dependent: l=0  n1,n2= 1, 2  s=  0.99968852
     -----------------------------------------------------------------

     GIPAW integrals: -------------------------------------------
     Atom  i/j   nmr_para   nmr_dia   epr_rmc  epr_para   epr_dia
       C   1 1   0.83E+03  0.17E-01  0.93E+01  0.24E+08  0.24E+03
       C   2 1   0.86E+03 -0.61E-01  0.94E+01  0.25E+08  0.25E+03
       C   2 2   0.90E+03 -0.15E+00  0.97E+01  0.26E+08  0.26E+03
       C   3 3   0.33E+01  0.34E+00  0.18E+01  0.55E+03  0.21E+02
       C   4 3   0.35E+01  0.37E+00  0.20E+01  0.59E+03  0.22E+02
       C   4 4   0.38E+01  0.39E+00  0.22E+01  0.63E+03  0.24E+02
       Cl  1 1   0.14E+04 -0.47E+00  0.84E+01  0.32E+09  0.42E+03
       Cl  2 1   0.21E+04 -0.37E+00  0.12E+02  0.49E+09  0.65E+03
       Cl  2 2   0.33E+04 -0.16E+00  0.21E+02  0.76E+09  0.10E+04
       Cl  3 3   0.21E+02  0.79E-01  0.89E+01  0.23E+05  0.13E+03
       Cl  4 3   0.24E+02  0.67E-01  0.99E+01  0.27E+05  0.15E+03
       Cl  4 4   0.28E+02  0.44E-01  0.11E+02  0.32E+05  0.18E+03
       Cl  5 5   0.77E+00  0.19E+00  0.18E+01  0.12E+03  0.22E+02
       Cl  6 5   0.80E+00  0.19E+00  0.19E+01  0.12E+03  0.23E+02
       Cl  6 6   0.83E+00  0.20E+00  0.19E+01  0.12E+03  0.23E+02
       H   1 1   0.39E+02  0.19E+00  0.29E+00  0.78E+05  0.13E+02
       H   2 1   0.41E+02  0.21E+00  0.32E+00  0.82E+05  0.14E+02
       H   2 2   0.43E+02  0.22E+00  0.36E+00  0.86E+05  0.15E+02
     ------------------------------------------------------------

     alpha_pv=     34.0724 eV

     Number of occupied bands for each k-point:
     k-point:     1    nbnd_occ=  42
     k-point:     2    nbnd_occ=  42
     k-point:     3    nbnd_occ=  42
     k-point:     4    nbnd_occ=  42
     k-point:     5    nbnd_occ=  42
     k-point:     6    nbnd_occ=  42
     k-point:     7    nbnd_occ=  42
     k-point:     8    nbnd_occ=  42
     k-point:     9    nbnd_occ=  42
     k-point:    10    nbnd_occ=  42
     k-point:    11    nbnd_occ=  42
     k-point:    12    nbnd_occ=  42
     k-point:    13    nbnd_occ=  42
     k-point:    14    nbnd_occ=  42
     k-point:    15    nbnd_occ=  42
     k-point:    16    nbnd_occ=  42


     q-space interpolation up to   110.00 Rydberg

     GIPAW job: efg                                                                             


     ELECTRIC FIELD GRADIENTS TENSORS IN Hartree/bohrradius^2:

     ----- bare term -----
     Cl   1       -0.075911        0.068678       -0.034991
     Cl   1        0.068678       -0.034785       -0.001685
     Cl   1       -0.034991       -0.001685        0.110695

     C    2       -0.152328        0.123737       -0.310748
     C    2        0.123737       -0.293702       -0.509998
     C    2       -0.310748       -0.509998        0.446030

     C    3       -0.396618        0.352523       -0.337303
     C    3        0.352523       -0.082148       -0.240467
     C    3       -0.337303       -0.240467        0.478766

     H    4       -0.016326       -0.078402       -0.298899
     H    4       -0.078402        0.188881       -0.535376
     H    4       -0.298899       -0.535376       -0.172555

     C    5       -0.429793        0.062474       -0.348285
     C    5        0.062474        0.032095       -0.317332
     C    5       -0.348285       -0.317332        0.397698

     H    6        0.221928        0.128479       -0.106504
     H    6        0.128479       -0.470467       -0.422753
     H    6       -0.106504       -0.422753        0.248539

     H    7        0.317769       -0.044790        0.096641
     H    7       -0.044790       -0.312929        0.546390
     H    7        0.096641        0.546390       -0.004840

     C    8       -0.351303       -0.217524       -0.362506
     C    8       -0.217524       -0.076130        0.412424
     C    8       -0.362506        0.412424        0.427432

     H    9       -0.035983        0.139951       -0.418383
     H    9        0.139951        0.437158       -0.027476
     H    9       -0.418383       -0.027476       -0.401176

     C   10       -0.120826       -0.422458       -0.283409
     C   10       -0.422458       -0.256940        0.520587
     C   10       -0.283409        0.520587        0.377767

     C   11       -0.123219        0.063042       -0.441513
     C   11        0.063042       -0.082823        0.499997
     C   11       -0.441513        0.499997        0.206043

     Cl  12       -0.074832       -0.067862       -0.017801
     Cl  12       -0.067862        0.029497        0.011355
     Cl  12       -0.017801        0.011355        0.045335

     H   13        0.166124        0.295815       -0.044218
     H   13        0.295815       -0.498204       -0.339990
     H   13       -0.044218       -0.339990        0.332080

     C   14       -0.228527        0.006553       -0.420519
     C   14        0.006553       -0.092268       -0.453960
     C   14       -0.420519       -0.453960        0.320795

     H   15        0.066295       -0.094871       -0.299214
     H   15       -0.094871        0.298467       -0.487161
     H   15       -0.299214       -0.487161       -0.364762

     C   16       -0.560593        0.339186       -0.409020
     C   16        0.339186        0.027168       -0.056041
     C   16       -0.409020       -0.056041        0.533425

     C   17       -0.007598        0.220436       -0.078655
     C   17        0.220436       -0.506744       -0.346946
     C   17       -0.078655       -0.346946        0.514342

     Cl  18       -0.057093        0.106789       -0.017304
     Cl  18        0.106789        0.005485       -0.000232
     Cl  18       -0.017304       -0.000232        0.051608

     H   19        0.450180        0.040803       -0.196614
     H   19        0.040803       -0.090272        0.428919
     H   19       -0.196614        0.428919       -0.359909

     C   20       -0.358160       -0.334072       -0.136500
     C   20       -0.334072       -0.160482        0.453492
     C   20       -0.136500        0.453492        0.518641

     H   21       -0.228121       -0.035135       -0.579195
     H   21       -0.035135        0.230593       -0.059209
     H   21       -0.579195       -0.059209       -0.002471

     C   22       -0.283244       -0.258472       -0.293162
     C   22       -0.258472       -0.173508        0.500478
     C   22       -0.293162        0.500478        0.456752

     C   23       -0.174352       -0.073567       -0.436360
     C   23       -0.073567       -0.132038        0.508459
     C   23       -0.436360        0.508459        0.306390

     Cl  24       -0.025186        0.016215       -0.050343
     Cl  24        0.016215        0.033485        0.073032
     Cl  24       -0.050343        0.073032       -0.008299

     ----- ionic term -----
     Cl   1        0.139301       -0.216629        0.082175
     Cl   1       -0.216629        0.004835       -0.044030
     Cl   1        0.082175       -0.044030       -0.144136

     C    2        0.138835       -0.222953        0.352123
     C    2       -0.222953        0.126919        0.289291
     C    2        0.352123        0.289291       -0.265754

     C    3        0.148423       -0.224305        0.274627
     C    3       -0.224305        0.151388        0.302444
     C    3        0.274627        0.302444       -0.299811

     H    4        0.308851        0.385483        0.727443
     H    4        0.385483       -0.316635        0.368324
     H    4        0.727443        0.368324        0.007784

     C    5        0.267251       -0.166263        0.375804
     C    5       -0.166263        0.020670        0.267308
     C    5        0.375804        0.267308       -0.287921

     H    6       -0.506428        0.023440        0.035316
     H    6        0.023440        0.679651        0.679969
     H    6        0.035316        0.679969       -0.173223

     H    7       -0.527438        0.029176        0.011834
     H    7        0.029176        0.603342       -0.740141
     H    7        0.011834       -0.740141       -0.075904

     C    8        0.195747        0.255918        0.339629
     C    8        0.255918        0.064197       -0.281104
     C    8        0.339629       -0.281104       -0.259944

     H    9        0.459657       -0.235121        0.799955
     H    9       -0.235121       -0.492083       -0.257305
     H    9        0.799955       -0.257305        0.032426

     C   10        0.069164        0.295257        0.254025
     C   10        0.295257        0.123047       -0.374586
     C   10        0.254025       -0.374586       -0.192211

     C   11        0.194627        0.212103        0.313628
     C   11        0.212103       -0.023501       -0.408542
     C   11        0.313628       -0.408542       -0.171126

     Cl  12        0.152883        0.207163        0.007107
     Cl  12        0.207163       -0.017047       -0.001900
     Cl  12        0.007107       -0.001900       -0.135835

     H   13       -0.508523       -0.106035       -0.021096
     H   13       -0.106035        0.787642        0.596805
     H   13       -0.021096        0.596805       -0.279119

     C   14        0.230094       -0.277204        0.340438
     C   14       -0.277204        0.080789        0.229951
     C   14        0.340438        0.229951       -0.310883

     H   15        0.353246        0.334079        0.767350
     H   15        0.334079       -0.381012        0.334187
     H   15        0.767350        0.334187        0.027766

     C   16        0.112429       -0.308508        0.256242
     C   16       -0.308508        0.183640        0.347855
     C   16        0.256242        0.347855       -0.296069

     C   17        0.123360       -0.228744        0.317772
     C   17       -0.228744        0.153885        0.370915
     C   17        0.317772        0.370915       -0.277245

     Cl  18        0.134044       -0.220292        0.067757
     Cl  18       -0.220292        0.010655       -0.038164
     Cl  18        0.067757       -0.038164       -0.144698

     H   19       -0.526528       -0.083014        0.071141
     H   19       -0.083014        0.544136       -0.768847
     H   19        0.071141       -0.768847       -0.017608

     C   20        0.256708        0.269829        0.299870
     C   20        0.269829        0.001156       -0.317511
     C   20        0.299870       -0.317511       -0.257864

     H   21        0.647016       -0.161585        0.728445
     H   21       -0.161585       -0.502626       -0.190656
     H   21        0.728445       -0.190656       -0.144391

     C   22        0.194438        0.324331        0.204436
     C   22        0.324331        0.127917       -0.366489
     C   22        0.204436       -0.366489       -0.322355

     C   23        0.148754        0.175891        0.334702
     C   23        0.175891        0.068027       -0.395751
     C   23        0.334702       -0.395751       -0.216781

     Cl  24        0.111506        0.206358        0.013167
     Cl  24        0.206358        0.018644        0.000693
     Cl  24        0.013167        0.000693       -0.130150

     ----- GIPAW term -----
     Cl   1       -0.807642       -1.269473       -0.331336
     Cl   1       -1.269473       -1.381011       -0.670167
     Cl   1       -0.331336       -0.670167        2.188653

     C    2       -0.009436       -0.101768       -0.046648
     C    2       -0.101768       -0.092749       -0.119512
     C    2       -0.046648       -0.119512        0.102185

     C    3       -0.096941       -0.012439       -0.138257
     C    3       -0.012439        0.005444        0.052373
     C    3       -0.138257        0.052373        0.091497

     H    4       -0.000000        0.000000        0.000000
     H    4        0.000000        0.000000        0.000000
     H    4        0.000000        0.000000        0.000000

     C    5        0.022382        0.017594        0.085280
     C    5        0.017594       -0.081118       -0.023180
     C    5        0.085280       -0.023180        0.058736

     H    6       -0.000000        0.000000        0.000000
     H    6        0.000000        0.000000        0.000000
     H    6        0.000000        0.000000        0.000000

     H    7       -0.000000        0.000000        0.000000
     H    7        0.000000        0.000000        0.000000
     H    7        0.000000        0.000000        0.000000

     C    8       -0.038297       -0.034586       -0.066623
     C    8       -0.034586       -0.039834        0.088302
     C    8       -0.066623        0.088302        0.078132

     H    9       -0.000000        0.000000        0.000000
     H    9        0.000000        0.000000        0.000000
     H    9        0.000000        0.000000        0.000000

     C   10       -0.036148       -0.126018       -0.145164
     C   10       -0.126018       -0.051829        0.157854
     C   10       -0.145164        0.157854        0.087977

     C   11        0.118199        0.129448       -0.066608
     C   11        0.129448       -0.026352        0.071315
     C   11       -0.066608        0.071315       -0.091847

     Cl  12        1.082389        2.112452       -0.162492
     Cl  12        2.112452        0.352294        0.068527
     Cl  12       -0.162492        0.068527       -1.434683

     H   13       -0.000000        0.000000        0.000000
     H   13        0.000000        0.000000        0.000000
     H   13        0.000000        0.000000        0.000000

     C   14        0.014168       -0.069862       -0.095474
     C   14       -0.069862       -0.031622       -0.079042
     C   14       -0.095474       -0.079042        0.017453

     H   15       -0.000000        0.000000        0.000000
     H   15        0.000000        0.000000        0.000000
     H   15        0.000000        0.000000        0.000000

     C   16       -0.184424       -0.022156       -0.171323
     C   16       -0.022156       -0.004441        0.151631
     C   16       -0.171323        0.151631        0.188865

     C   17       -0.035956       -0.018528        0.094042
     C   17       -0.018528       -0.138826        0.110459
     C   17        0.094042        0.110459        0.174782

     Cl  18       -0.861724       -1.073285        0.226194
     Cl  18       -1.073285       -1.371074        0.453361
     Cl  18        0.226194        0.453361        2.232798

     H   19       -0.000000        0.000000        0.000000
     H   19        0.000000        0.000000        0.000000
     H   19        0.000000        0.000000        0.000000

     C   20       -0.092906       -0.030727        0.045738
     C   20       -0.030727       -0.086364        0.162723
     C   20        0.045738        0.162723        0.179270

     H   21       -0.000000        0.000000        0.000000
     H   21        0.000000        0.000000        0.000000
     H   21        0.000000        0.000000        0.000000

     C   22       -0.126214       -0.030571       -0.083136
     C   22       -0.030571       -0.038150        0.136498
     C   22       -0.083136        0.136498        0.164364

     C   23        0.034590        0.093385       -0.112607
     C   23        0.093385       -0.014435        0.119268
     C   23       -0.112607        0.119268       -0.020156

     Cl  24        1.094905        2.241308       -0.330622
     Cl  24        2.241308        0.420965        0.631931
     Cl  24       -0.330622        0.631931       -1.515870

     ----- total EFG -----
     Cl   1       -0.744252       -1.417424       -0.284153
     Cl   1       -1.417424       -1.410961       -0.715882
     Cl   1       -0.284153       -0.715882        2.155213

     C    2       -0.022929       -0.200983       -0.005273
     C    2       -0.200983       -0.259532       -0.340219
     C    2       -0.005273       -0.340219        0.282461

     C    3       -0.345135        0.115779       -0.200933
     C    3        0.115779        0.074683        0.114350
     C    3       -0.200933        0.114350        0.270451

     H    4        0.292525        0.307080        0.428544
     H    4        0.307080       -0.127754       -0.167052
     H    4        0.428544       -0.167052       -0.164771

     C    5       -0.140160       -0.086195        0.112799
     C    5       -0.086195       -0.028353       -0.073204
     C    5        0.112799       -0.073204        0.168513

     H    6       -0.284500        0.151918       -0.071188
     H    6        0.151918        0.209184        0.257216
     H    6       -0.071188        0.257216        0.075316

     H    7       -0.209669       -0.015614        0.108474
     H    7       -0.015614        0.290413       -0.193752
     H    7        0.108474       -0.193752       -0.080744

     C    8       -0.193854        0.003808       -0.089500
     C    8        0.003808       -0.051767        0.219622
     C    8       -0.089500        0.219622        0.245620

     H    9        0.423674       -0.095170        0.381572
     H    9       -0.095170       -0.054924       -0.284781
     H    9        0.381572       -0.284781       -0.368750

     C   10       -0.087810       -0.253219       -0.174548
     C   10       -0.253219       -0.185722        0.303855
     C   10       -0.174548        0.303855        0.273533

     C   11        0.189607        0.404593       -0.194492
     C   11        0.404593       -0.132677        0.162770
     C   11       -0.194492        0.162770       -0.056930

     Cl  12        1.160440        2.251753       -0.173186
     Cl  12        2.251753        0.364743        0.077982
     Cl  12       -0.173186        0.077982       -1.525183

     H   13       -0.342399        0.189781       -0.065314
     H   13        0.189781        0.289438        0.256815
     H   13       -0.065314        0.256815        0.052961

     C   14        0.015735       -0.340513       -0.175555
     C   14       -0.340513       -0.043100       -0.303051
     C   14       -0.175555       -0.303051        0.027365

     H   15        0.419541        0.239208        0.468136
     H   15        0.239208       -0.082545       -0.152974
     H   15        0.468136       -0.152974       -0.336996

     C   16       -0.632588        0.008522       -0.324101
     C   16        0.008522        0.206368        0.443446
     C   16       -0.324101        0.443446        0.426220

     C   17        0.079806       -0.026836        0.333159
     C   17       -0.026836       -0.491686        0.134428
     C   17        0.333159        0.134428        0.411880

     Cl  18       -0.784773       -1.186788        0.276647
     Cl  18       -1.186788       -1.354935        0.414966
     Cl  18        0.276647        0.414966        2.139708

     H   19       -0.076348       -0.042210       -0.125473
     H   19       -0.042210        0.453864       -0.339928
     H   19       -0.125473       -0.339928       -0.377516

     C   20       -0.194358       -0.094969        0.209108
     C   20       -0.094969       -0.245689        0.298705
     C   20        0.209108        0.298705        0.440047

     H   21        0.418895       -0.196720        0.149249
     H   21       -0.196720       -0.272033       -0.249865
     H   21        0.149249       -0.249865       -0.146862

     C   22       -0.215020        0.035288       -0.171863
     C   22        0.035288       -0.083741        0.270488
     C   22       -0.171863        0.270488        0.298760

     C   23        0.008993        0.195709       -0.214265
     C   23        0.195709       -0.078446        0.231976
     C   23       -0.214265        0.231976        0.069453

     Cl  24        1.181225        2.463881       -0.367798
     Cl  24        2.463881        0.473094        0.705656
     Cl  24       -0.367798        0.705656       -1.654320

     ----- total EFG (symmetrized) -----
     Cl   1       -0.744252       -1.417424       -0.284153
     Cl   1       -1.417424       -1.410961       -0.715882
     Cl   1       -0.284153       -0.715882        2.155213

     C    2       -0.022929       -0.200983       -0.005273
     C    2       -0.200983       -0.259532       -0.340219
     C    2       -0.005273       -0.340219        0.282461

     C    3       -0.345135        0.115779       -0.200933
     C    3        0.115779        0.074683        0.114350
     C    3       -0.200933        0.114350        0.270451

     H    4        0.292525        0.307080        0.428544
     H    4        0.307080       -0.127754       -0.167052
     H    4        0.428544       -0.167052       -0.164771

     C    5       -0.140160       -0.086195        0.112799
     C    5       -0.086195       -0.028353       -0.073204
     C    5        0.112799       -0.073204        0.168513

     H    6       -0.284500        0.151918       -0.071188
     H    6        0.151918        0.209184        0.257216
     H    6       -0.071188        0.257216        0.075316

     H    7       -0.209669       -0.015614        0.108474
     H    7       -0.015614        0.290413       -0.193752
     H    7        0.108474       -0.193752       -0.080744

     C    8       -0.193854        0.003808       -0.089500
     C    8        0.003808       -0.051767        0.219622
     C    8       -0.089500        0.219622        0.245620

     H    9        0.423674       -0.095170        0.381572
     H    9       -0.095170       -0.054924       -0.284781
     H    9        0.381572       -0.284781       -0.368750

     C   10       -0.087810       -0.253219       -0.174548
     C   10       -0.253219       -0.185722        0.303855
     C   10       -0.174548        0.303855        0.273533

     C   11        0.189607        0.404593       -0.194492
     C   11        0.404593       -0.132677        0.162770
     C   11       -0.194492        0.162770       -0.056930

     Cl  12        1.160440        2.251753       -0.173186
     Cl  12        2.251753        0.364743        0.077982
     Cl  12       -0.173186        0.077982       -1.525183

     H   13       -0.342399        0.189781       -0.065314
     H   13        0.189781        0.289438        0.256815
     H   13       -0.065314        0.256815        0.052961

     C   14        0.015735       -0.340513       -0.175555
     C   14       -0.340513       -0.043100       -0.303051
     C   14       -0.175555       -0.303051        0.027365

     H   15        0.419541        0.239208        0.468136
     H   15        0.239208       -0.082545       -0.152974
     H   15        0.468136       -0.152974       -0.336996

     C   16       -0.632588        0.008522       -0.324101
     C   16        0.008522        0.206368        0.443446
     C   16       -0.324101        0.443446        0.426220

     C   17        0.079806       -0.026836        0.333159
     C   17       -0.026836       -0.491686        0.134428
     C   17        0.333159        0.134428        0.411880

     Cl  18       -0.784773       -1.186788        0.276647
     Cl  18       -1.186788       -1.354935        0.414966
     Cl  18        0.276647        0.414966        2.139708

     H   19       -0.076348       -0.042210       -0.125473
     H   19       -0.042210        0.453864       -0.339928
     H   19       -0.125473       -0.339928       -0.377516

     C   20       -0.194358       -0.094969        0.209108
     C   20       -0.094969       -0.245689        0.298705
     C   20        0.209108        0.298705        0.440047

     H   21        0.418895       -0.196720        0.149249
     H   21       -0.196720       -0.272033       -0.249865
     H   21        0.149249       -0.249865       -0.146862

     C   22       -0.215020        0.035288       -0.171863
     C   22        0.035288       -0.083741        0.270488
     C   22       -0.171863        0.270488        0.298760

     C   23        0.008993        0.195709       -0.214265
     C   23        0.195709       -0.078446        0.231976
     C   23       -0.214265        0.231976        0.069453

     Cl  24        1.181225        2.463881       -0.367798
     Cl  24        2.463881        0.473094        0.705656
     Cl  24       -0.367798        0.705656       -1.654320


     NQR/NMR SPECTROSCOPIC PARAMETERS:
     Cl   1    Vxx=    0.3538    axis=(  0.796306 -0.594675 -0.110714)
     Cl   1    Vyy=    2.2936    axis=(  0.004032  0.188245 -0.982114)
     Cl   1    Vzz=   -2.6474    axis=(  0.604880  0.781617  0.152298)
     Cl   1  Q=        -8.1650 1e-30 m^2  Cq=        50.7885 MHz  eta= 0.73273

     C    2    Vxx=    0.0340    axis=(  0.912640 -0.250187 -0.323257)
     C    2    Vyy=    0.4617    axis=( -0.181530  0.460489 -0.868905)
     C    2    Vzz=   -0.4957    axis=(  0.366245  0.851679  0.374844)
     C    2  Q=         1.0000 1e-30 m^2  Cq=        -1.1647 MHz  eta= 0.86268

     C    3    Vxx=    0.0916    axis=(  0.338452  0.917998 -0.206713)
     C    3    Vyy=    0.3535    axis=(  0.219655 -0.290684 -0.931265)
     C    3    Vzz=   -0.4452    axis=( -0.914987  0.269783 -0.300025)
     C    3  Q=         1.0000 1e-30 m^2  Cq=        -1.0459 MHz  eta= 0.58837

     H    4    Vxx=    0.0188    axis=(  0.051731  0.795832 -0.603304)
     H    4    Vyy=    0.5989    axis=(  0.864154  0.267129  0.426473)
     H    4    Vzz=   -0.6178    axis=( -0.500561  0.543409  0.673903)
     H    4  Q=         1.0000 1e-30 m^2  Cq=        -1.4516 MHz  eta= 0.93899

     C    5    Vxx=   -0.0404    axis=( -0.250883  0.863311  0.437894)
     C    5    Vyy=   -0.2005    axis=(  0.907314  0.367385 -0.204474)
     C    5    Vzz=    0.2409    axis=(  0.337401 -0.346008  0.875465)
     C    5  Q=         1.0000 1e-30 m^2  Cq=         0.5661 MHz  eta= 0.66432

     H    6    Vxx=   -0.0378    axis=( -0.496208 -0.460953  0.735731)
     H    6    Vyy=   -0.3791    axis=( -0.860518  0.373623 -0.346287)
     H    6    Vzz=    0.4169    axis=( -0.115264 -0.804940 -0.582053)
     H    6  Q=         1.0000 1e-30 m^2  Cq=         0.9796 MHz  eta= 0.81856

     H    7    Vxx=   -0.0927    axis=(  0.601214  0.380000  0.702952)
     H    7    Vyy=   -0.2861    axis=(  0.792931 -0.174706 -0.583729)
     H    7    Vzz=    0.3788    axis=(  0.099007 -0.908338  0.406349)
     H    7  Q=         1.0000 1e-30 m^2  Cq=         0.8900 MHz  eta= 0.51051

     C    8    Vxx=   -0.1380    axis=( -0.553699 -0.771790  0.312663)
     C    8    Vyy=   -0.2348    axis=( -0.821534  0.444965 -0.356495)
     C    8    Vzz=    0.3728    axis=( -0.136015  0.454255  0.880428)
     C    8  Q=         1.0000 1e-30 m^2  Cq=         0.8758 MHz  eta= 0.25954

     H    9    Vxx=   -0.0158    axis=(  0.413148  0.873346 -0.258024)
     H    9    Vyy=   -0.6204    axis=(  0.283879 -0.392729 -0.874744)
     H    9    Vzz=    0.6362    axis=( -0.865287  0.288151 -0.410180)
     H    9  Q=         1.0000 1e-30 m^2  Cq=         1.4949 MHz  eta= 0.95031

     C   10    Vxx=   -0.1191    axis=( -0.764236  0.299268 -0.571298)
     C   10    Vyy=   -0.4250    axis=( -0.502344 -0.831756  0.236289)
     C   10    Vzz=    0.5441    axis=( -0.404467  0.467569  0.785994)
     C   10  Q=         1.0000 1e-30 m^2  Cq=         1.2784 MHz  eta= 0.56209

     C   11    Vxx=    0.0588    axis=( -0.132798  0.463966  0.875843)
     C   11    Vyy=    0.4744    axis=( -0.840823 -0.520602  0.148294)
     C   11    Vzz=   -0.5332    axis=(  0.524768 -0.716735  0.459248)
     C   11  Q=         1.0000 1e-30 m^2  Cq=        -1.2528 MHz  eta= 0.77950

     Cl  12    Vxx=   -1.3543    axis=( -0.446054  0.552321  0.704256)
     Cl  12    Vyy=   -1.6964    axis=(  0.462134 -0.531729  0.709716)
     Cl  12    Vzz=    3.0507    axis=( -0.766465 -0.642032  0.018067)
     Cl  12  Q=        -8.1650 1e-30 m^2  Cq=       -58.5264 MHz  eta= 0.11212

     H   13    Vxx=   -0.0379    axis=( -0.421585 -0.395735  0.815880)
     H   13    Vyy=   -0.4361    axis=( -0.892784  0.338665 -0.297057)
     H   13    Vzz=    0.4740    axis=( -0.158754 -0.853639 -0.496082)
     H   13  Q=         1.0000 1e-30 m^2  Cq=         1.1137 MHz  eta= 0.84027

     C   14    Vxx=    0.1962    axis=(  0.642629  0.053496 -0.764307)
     C   14    Vyy=    0.3614    axis=(  0.533980 -0.746650  0.396710)
     C   14    Vzz=   -0.5576    axis=( -0.549448 -0.663062 -0.508385)
     C   14  Q=         1.0000 1e-30 m^2  Cq=        -1.3102 MHz  eta= 0.29636

     H   15    Vxx=   -0.0111    axis=( -0.015824  0.896194 -0.443381)
     H   15    Vyy=   -0.6637    axis=( -0.436538  0.392749  0.809433)
     H   15    Vzz=    0.6748    axis=(  0.899546  0.206361  0.385008)
     H   15  Q=         1.0000 1e-30 m^2  Cq=         1.5855 MHz  eta= 0.96714

     C   16    Vxx=   -0.0733    axis=( -0.308672 -0.801864  0.511601)
     C   16    Vyy=   -0.7443    axis=( -0.934936  0.156834 -0.318274)
     C   16    Vzz=    0.8176    axis=( -0.174976  0.576556  0.798102)
     C   16  Q=         1.0000 1e-30 m^2  Cq=         1.9211 MHz  eta= 0.82076

     C   17    Vxx=   -0.1046    axis=(  0.844226 -0.227111 -0.485493)
     C   17    Vyy=   -0.5226    axis=( -0.149907 -0.969691  0.192942)
     C   17    Vzz=    0.6271    axis=(  0.514598  0.090107  0.852684)
     C   17  Q=         1.0000 1e-30 m^2  Cq=         1.4735 MHz  eta= 0.66654

     Cl  18    Vxx=    0.1499    axis=(  0.787598 -0.615898  0.018942)
     Cl  18    Vyy=    2.1956    axis=( -0.053055 -0.098408 -0.993731)
     Cl  18    Vzz=   -2.3455    axis=(  0.613901  0.781655 -0.110183)
     Cl  18  Q=        -8.1650 1e-30 m^2  Cq=        44.9975 MHz  eta= 0.87214

     H   19    Vxx=   -0.0383    axis=(  0.961080 -0.096394 -0.258909)
     H   19    Vyy=   -0.5369    axis=( -0.276245 -0.322421 -0.905391)
     H   19    Vzz=    0.5752    axis=(  0.003797  0.941675 -0.336501)
     H   19  Q=         1.0000 1e-30 m^2  Cq=         1.3514 MHz  eta= 0.86678

     C   20    Vxx=   -0.1218    axis=(  0.807888 -0.589202  0.012567)
     C   20    Vyy=   -0.4651    axis=(  0.550379  0.746688 -0.373551)
     C   20    Vzz=    0.5870    axis=(  0.210713  0.308704  0.927524)
     C   20  Q=         1.0000 1e-30 m^2  Cq=         1.3791 MHz  eta= 0.58484

     H   21    Vxx=   -0.0668    axis=( -0.432832 -0.499087  0.750712)
     H   21    Vyy=   -0.4722    axis=(  0.080623  0.807992  0.583652)
     H   21    Vzz=    0.5390    axis=(  0.897862 -0.313148  0.309487)
     H   21  Q=         1.0000 1e-30 m^2  Cq=         1.2663 MHz  eta= 0.75211

     C   22    Vxx=   -0.1249    axis=(  0.658810  0.726218 -0.196411)
     C   22    Vyy=   -0.3419    axis=( -0.724942  0.543049 -0.423742)
     C   22    Vzz=    0.4668    axis=( -0.201068  0.421551  0.884232)
     C   22  Q=         1.0000 1e-30 m^2  Cq=         1.0968 MHz  eta= 0.46493

     C   23    Vxx=    0.1627    axis=(  0.698806  0.701553  0.139616)
     C   23    Vyy=    0.2704    axis=( -0.463527  0.295465  0.835370)
     C   23    Vzz=   -0.4331    axis=( -0.544805  0.648478 -0.531662)
     C   23  Q=         1.0000 1e-30 m^2  Cq=        -1.0175 MHz  eta= 0.24877

     Cl  24    Vxx=   -0.8881    axis=(  0.486302 -0.513911 -0.706687)
     Cl  24    Vyy=   -2.4353    axis=( -0.446132  0.549370 -0.706512)
     Cl  24    Vzz=    3.3233    axis=( -0.751317 -0.658854 -0.037888)
     Cl  24  Q=        -8.1650 1e-30 m^2  Cq=       -63.7565 MHz  eta= 0.46556

     Initialization:
     gipaw_setup  :      9.29s CPU     11.24s WALL (       1 calls)

     Linear response

     Apply operators

     Induced current

     Other routines
     efg          :      9.14s CPU     11.37s WALL (       1 calls)

     General routines
     calbec       :      3.14s CPU      4.09s WALL (      16 calls)
     fft          :      1.72s CPU      2.59s WALL (      15 calls)
     ffts         :      0.04s CPU      0.05s WALL (       2 calls)
     fftw         :      3.22s CPU      3.88s WALL (     672 calls)
     davcio       :      0.02s CPU      0.31s WALL (      32 calls)

     Parallel routines
     fft_scatter  :      2.23s CPU      3.61s WALL (     689 calls)

     Plugins

     GIPAW        :     60.58s CPU     72.97s WALL (       1 calls)
