
     Program QE v.6.0 (svn rev. 13079) starts on 16Jan2017 at 13: 2:17 

     This program is part of the open-source Quantum ESPRESSO suite
     for quantum simulation of materials; please cite
         "P. Giannozzi et al., J. Phys.:Condens. Matter 21 395502 (2009);
          URL http://www.quantum-espresso.org", 
     in publications or presentations arising from this work. More details at
     http://www.quantum-espresso.org/quote

     Parallel version (MPI), running on     8 processors
     R & G space division:  proc/nbgrp/npool/nimage =       8

     ***** This is GIPAW svn revision unknown      *****

     Parallelizing q-star over 1 images

     Reading data from directory:
     /users/majewski/paradichlorobenzene/pbe/9_constraint/scratch/pbe.ecut100.np8.dt60.pcl2phi-129368.save
     Message from routine read_xml_file:
     file /users/majewski/paradichlorobenzene/pbe/9_constraint/scratch/pbe.ecut100.np8.dt60.pcl2phi-129368.save not guaranteed to be safe for post-processing

   Info: using nr1, nr2, nr3 values from input

   Info: using nr1, nr2, nr3 values from input

     IMPORTANT: XC functional enforced from input :
     Exchange-correlation      =  SLA  PW   PBX  PBC ( 1  4  3  4 0 0)
     Any further DFT definition will be discarded
     Please, verify this is what you really want

               file C.pbe-n-kjpaw_psl.1.0.0.UPF: wavefunction(s)  2S 2P renormalized
               file Cl.pbe-n-kjpaw_psl.1.0.0.UPF: wavefunction(s)  3S 3P renormalized
               file H.pbe-kjpaw_psl.1.0.0.UPF: wavefunction(s)  1S renormalized

     Parallelization info
     --------------------
     sticks:   dense  smooth     PW     G-vecs:    dense   smooth      PW
     Min        3057    1223    332               144436    36536    5170
     Max        3059    1225    333               144437    36537    5171
     Sum       24467    9791   2657              1155489   292295   41363


     Subspace diagonalization in iterative solution of the eigenvalue problem:
     a serial algorithm will be used

     GIPAW projectors -----------------------------------------------
     atom=  C    l=0  rc=    1.2000  rs=    0.8000
     atom=  C    l=0  rc=    1.2000  rs=    0.8000
     atom=  C    l=1  rc=    1.4000  rs=    0.9333
     atom=  C    l=1  rc=    1.4000  rs=    0.9333
     projs nearly linearly dependent: l=1  n1,n2= 1, 2  s=  0.99951561

     atom=  Cl   l=0  rc=    1.6000  rs=    1.0667
     atom=  Cl   l=0  rc=    1.6000  rs=    1.0667
     atom=  Cl   l=1  rc=    1.6000  rs=    1.0667
     atom=  Cl   l=1  rc=    1.6000  rs=    1.0667
     atom=  Cl   l=2  rc=    1.6000  rs=    1.0667
     atom=  Cl   l=2  rc=    1.6000  rs=    1.0667
     projs nearly linearly dependent: l=2  n1,n2= 1, 2  s=  0.99993509

     atom=  H    l=0  rc=    1.0000  rs=    0.6667
     atom=  H    l=0  rc=    1.0000  rs=    0.6667
     projs nearly linearly dependent: l=0  n1,n2= 1, 2  s=  0.99968852
     -----------------------------------------------------------------

     GIPAW integrals: -------------------------------------------
     Atom  i/j   nmr_para   nmr_dia   epr_rmc  epr_para   epr_dia
       C   1 1   0.83E+03  0.17E-01  0.93E+01  0.24E+08  0.24E+03
       C   2 1   0.86E+03 -0.61E-01  0.94E+01  0.25E+08  0.25E+03
       C   2 2   0.90E+03 -0.15E+00  0.97E+01  0.26E+08  0.26E+03
       C   3 3   0.33E+01  0.34E+00  0.18E+01  0.55E+03  0.21E+02
       C   4 3   0.35E+01  0.37E+00  0.20E+01  0.59E+03  0.22E+02
       C   4 4   0.38E+01  0.39E+00  0.22E+01  0.63E+03  0.24E+02
       Cl  1 1   0.14E+04 -0.47E+00  0.84E+01  0.32E+09  0.42E+03
       Cl  2 1   0.21E+04 -0.37E+00  0.12E+02  0.49E+09  0.65E+03
       Cl  2 2   0.33E+04 -0.16E+00  0.21E+02  0.76E+09  0.10E+04
       Cl  3 3   0.21E+02  0.79E-01  0.89E+01  0.23E+05  0.13E+03
       Cl  4 3   0.24E+02  0.67E-01  0.99E+01  0.27E+05  0.15E+03
       Cl  4 4   0.28E+02  0.44E-01  0.11E+02  0.32E+05  0.18E+03
       Cl  5 5   0.77E+00  0.19E+00  0.18E+01  0.12E+03  0.22E+02
       Cl  6 5   0.80E+00  0.19E+00  0.19E+01  0.12E+03  0.23E+02
       Cl  6 6   0.83E+00  0.20E+00  0.19E+01  0.12E+03  0.23E+02
       H   1 1   0.39E+02  0.19E+00  0.29E+00  0.78E+05  0.13E+02
       H   2 1   0.41E+02  0.21E+00  0.32E+00  0.82E+05  0.14E+02
       H   2 2   0.43E+02  0.22E+00  0.36E+00  0.86E+05  0.15E+02
     ------------------------------------------------------------

     alpha_pv=     34.0218 eV

     Number of occupied bands for each k-point:
     k-point:     1    nbnd_occ=  42
     k-point:     2    nbnd_occ=  42
     k-point:     3    nbnd_occ=  42
     k-point:     4    nbnd_occ=  42
     k-point:     5    nbnd_occ=  42
     k-point:     6    nbnd_occ=  42
     k-point:     7    nbnd_occ=  42
     k-point:     8    nbnd_occ=  42
     k-point:     9    nbnd_occ=  42
     k-point:    10    nbnd_occ=  42
     k-point:    11    nbnd_occ=  42
     k-point:    12    nbnd_occ=  42
     k-point:    13    nbnd_occ=  42
     k-point:    14    nbnd_occ=  42
     k-point:    15    nbnd_occ=  42
     k-point:    16    nbnd_occ=  42


     q-space interpolation up to   110.00 Rydberg

     GIPAW job: efg                                                                             


     ELECTRIC FIELD GRADIENTS TENSORS IN Hartree/bohrradius^2:

     ----- bare term -----
     Cl   1        0.084592        0.145738        0.097259
     Cl   1        0.145738       -0.143779        0.367934
     Cl   1        0.097259        0.367934        0.059187

     C    2        0.128978       -0.082546       -0.281608
     C    2       -0.082546       -0.059174       -0.572034
     C    2       -0.281608       -0.572034       -0.069804

     C    3       -0.327324        0.102711        0.013227
     C    3        0.102711       -0.027331        0.056107
     C    3        0.013227        0.056107        0.354655

     H    4       -0.237904       -0.494704        0.009751
     H    4       -0.494704       -0.100073        0.134876
     H    4        0.009751        0.134876        0.337977

     C    5        0.033971        0.081362       -0.106944
     C    5        0.081362       -0.116017       -0.388048
     C    5       -0.106944       -0.388048        0.082046

     H    6        0.429414       -0.177911       -0.010627
     H    6       -0.177911       -0.768534       -0.184886
     H    6       -0.010627       -0.184886        0.339120

     H    7        0.236157       -0.047361       -0.143426
     H    7       -0.047361       -0.492756        0.618729
     H    7       -0.143426        0.618729        0.256599

     C    8       -0.743679       -0.333523       -0.274750
     C    8       -0.333523        0.395072        0.095381
     C    8       -0.274750        0.095381        0.348607

     H    9        0.031751       -0.159510       -0.464392
     H    9       -0.159510       -0.037376       -0.193692
     H    9       -0.464392       -0.193692        0.005625

     C   10        0.276197       -0.072730       -0.128439
     C   10       -0.072730       -0.169977        0.445903
     C   10       -0.128439        0.445903       -0.106220

     C   11       -0.518293       -0.414959       -0.355025
     C   11       -0.414959        0.208863        0.129000
     C   11       -0.355025        0.129000        0.309430

     Cl  12       -0.025926        0.056154       -0.034639
     Cl  12        0.056154        0.156507        0.027234
     Cl  12       -0.034639        0.027234       -0.130581

     H   13        0.310397       -0.294710        0.188634
     H   13       -0.294710       -0.518897       -0.058573
     H   13        0.188634       -0.058573        0.208500

     C   14       -0.808279        0.357004       -0.456023
     C   14        0.357004        0.295824        0.011490
     C   14       -0.456023        0.011490        0.512455

     H   15       -0.442563       -0.146839        0.254991
     H   15       -0.146839        0.249075       -0.138800
     H   15        0.254991       -0.138800        0.193488

     C   16        0.273355       -0.064466        0.106686
     C   16       -0.064466       -0.426807       -0.391055
     C   16        0.106686       -0.391055        0.153452

     C   17       -0.825384        0.425178       -0.325534
     C   17        0.425178        0.283224       -0.014093
     C   17       -0.325534       -0.014093        0.542160

     Cl  18        0.028608        0.030806        0.050894
     Cl  18        0.030806       -0.037005        0.021727
     Cl  18        0.050894        0.021727        0.008397

     H   19        0.423224       -0.061952        0.010285
     H   19       -0.061952       -0.720927        0.327680
     H   19        0.010285        0.327680        0.297703

     C   20        0.016175        0.041951       -0.237637
     C   20        0.041951       -0.091868        0.421035
     C   20       -0.237637        0.421035        0.075693

     H   21       -0.014586        0.326442       -0.365017
     H   21        0.326442       -0.233704        0.395265
     H   21       -0.365017        0.395265        0.248290

     C   22       -0.707243       -0.308401       -0.238140
     C   22       -0.308401        0.278859        0.100371
     C   22       -0.238140        0.100371        0.428385

     C   23        0.123192        0.000627       -0.214178
     C   23        0.000627       -0.047160        0.609221
     C   23       -0.214178        0.609221       -0.076032

     Cl  24       -0.344338       -0.319830       -0.004435
     Cl  24       -0.319830        0.192362        0.005369
     Cl  24       -0.004435        0.005369        0.151976

     ----- ionic term -----
     Cl   1        0.122336       -0.149034       -0.044814
     Cl   1       -0.149034        0.000608        0.036709
     Cl   1       -0.044814        0.036709       -0.122945

     C    2        0.317996        0.077937        0.048375
     C    2        0.077937        0.167549        0.383447
     C    2        0.048375        0.383447       -0.485546

     C    3        0.222181       -0.123826        0.054133
     C    3       -0.123826        0.187391        0.404421
     C    3        0.054133        0.404421       -0.409573

     H    4        0.785011        0.326084        0.529500
     H    4        0.326084       -0.443530        0.212804
     H    4        0.529500        0.212804       -0.341481

     C    5        0.339110       -0.124165        0.057111
     C    5       -0.124165        0.095785        0.321705
     C    5        0.057111        0.321705       -0.434894

     H    6       -0.527214        0.074406        0.041601
     H    6        0.074406        0.762957        0.644388
     H    6        0.041601        0.644388       -0.235743

     H    7       -0.438292       -0.334328        0.138348
     H    7       -0.334328        0.847157       -0.481906
     H    7        0.138348       -0.481906       -0.408865

     C    8        0.256909        0.112075        0.328123
     C    8        0.112075        0.090858       -0.242417
     C    8        0.328123       -0.242417       -0.347767

     H    9        0.543601       -0.190036        0.716935
     H    9       -0.190036       -0.443838       -0.198271
     H    9        0.716935       -0.198271       -0.099762

     C   10        0.088224        0.238701        0.232202
     C   10        0.238701        0.163639       -0.395865
     C   10        0.232202       -0.395865       -0.251862

     C   11        0.141476        0.143981        0.295527
     C   11        0.143981        0.056814       -0.465446
     C   11        0.295527       -0.465446       -0.198290

     Cl  12        0.183983        0.218007        0.001109
     Cl  12        0.218007       -0.045212       -0.005249
     Cl  12        0.001109       -0.005249       -0.138771

     H   13       -0.485214        0.259989        0.037024
     H   13        0.259989        0.930031        0.431288
     H   13        0.037024        0.431288       -0.444817

     C   14        0.391388        0.043767        0.029506
     C   14        0.043767        0.153911        0.255555
     C   14        0.029506        0.255555       -0.545299

     H   15        0.895042        0.442368        0.291649
     H   15        0.442368       -0.316062        0.135155
     H   15        0.291649        0.135155       -0.578980

     C   16        0.209200       -0.081035        0.025371
     C   16       -0.081035        0.318595        0.336464
     C   16        0.025371        0.336464       -0.527796

     C   17        0.225332       -0.096478        0.157106
     C   17       -0.096478        0.324510        0.320705
     C   17        0.157106        0.320705       -0.549842

     Cl  18        0.145399       -0.240131        0.004983
     Cl  18       -0.240131        0.035756        0.002091
     Cl  18        0.004983        0.002091       -0.181155

     H   19       -0.527201        0.002387        0.001262
     H   19        0.002387        0.678711       -0.695020
     H   19        0.001262       -0.695020       -0.151510

     C   20        0.212325        0.196917        0.255221
     C   20        0.196917        0.033013       -0.322764
     C   20        0.255221       -0.322764       -0.245338

     H   21        0.493404       -0.245804        0.732597
     H   21       -0.245804       -0.457192       -0.252679
     H   21        0.732597       -0.252679       -0.036212

     C   22        0.126956        0.230576        0.192932
     C   22        0.230576        0.140752       -0.402073
     C   22        0.192932       -0.402073       -0.267708

     C   23        0.180522        0.197436        0.300493
     C   23        0.197436        0.114400       -0.394849
     C   23        0.300493       -0.394849       -0.294921

     Cl  24        0.140955        0.208919        0.018040
     Cl  24        0.208919        0.031401       -0.002817
     Cl  24        0.018040       -0.002817       -0.172356

     ----- GIPAW term -----
     Cl   1       -0.350929        0.103367       -0.419109
     Cl   1        0.103367        0.256816       -0.920248
     Cl   1       -0.419109       -0.920248        0.094113

     C    2       -0.027267       -0.032309       -0.035056
     C    2       -0.032309        0.147712       -0.074848
     C    2       -0.035056       -0.074848       -0.120445

     C    3       -0.043861       -0.004728        0.003309
     C    3       -0.004728        0.041836       -0.002550
     C    3        0.003309       -0.002550        0.002025

     H    4       -0.000000        0.000000        0.000000
     H    4        0.000000        0.000000        0.000000
     H    4        0.000000        0.000000        0.000000

     C    5       -0.064240        0.057568        0.014052
     C    5        0.057568        0.191890       -0.007580
     C    5        0.014052       -0.007580       -0.127650

     H    6       -0.000000        0.000000        0.000000
     H    6        0.000000        0.000000        0.000000
     H    6        0.000000        0.000000        0.000000

     H    7       -0.000000        0.000000        0.000000
     H    7        0.000000        0.000000        0.000000
     H    7        0.000000        0.000000        0.000000

     C    8       -0.161388       -0.034853       -0.016725
     C    8       -0.034853        0.211789        0.031959
     C    8       -0.016725        0.031959       -0.050402

     H    9       -0.000000        0.000000        0.000000
     H    9        0.000000        0.000000        0.000000
     H    9        0.000000        0.000000        0.000000

     C   10       -0.026415        0.000456       -0.007145
     C   10        0.000456        0.120608        0.031925
     C   10       -0.007145        0.031925       -0.094193

     C   11       -0.102321       -0.057607       -0.044849
     C   11       -0.057607        0.187761        0.054696
     C   11       -0.044849        0.054696       -0.085439

     Cl  12        0.334967        2.438407       -0.140046
     Cl  12        2.438407        2.248844        0.406651
     Cl  12       -0.140046        0.406651       -2.583811

     H   13       -0.000000        0.000000        0.000000
     H   13        0.000000        0.000000        0.000000
     H   13        0.000000        0.000000        0.000000

     C   14       -0.150078       -0.013902       -0.092369
     C   14       -0.013902        0.058782        0.151236
     C   14       -0.092369        0.151236        0.091296

     H   15       -0.000000        0.000000        0.000000
     H   15        0.000000        0.000000        0.000000
     H   15        0.000000        0.000000        0.000000

     C   16       -0.003332       -0.032073        0.028169
     C   16       -0.032073        0.004122        0.059171
     C   16        0.028169        0.059171       -0.000790

     C   17       -0.161650       -0.009603       -0.034047
     C   17       -0.009603        0.104099        0.169782
     C   17       -0.034047        0.169782        0.057550

     Cl  18       -0.275242       -0.900553        0.527280
     Cl  18       -0.900553        1.067047        2.068046
     Cl  18        0.527280        2.068046       -0.791806

     H   19       -0.000000        0.000000        0.000000
     H   19        0.000000        0.000000        0.000000
     H   19        0.000000        0.000000        0.000000

     C   20       -0.081763        0.023188       -0.022324
     C   20        0.023188        0.204112       -0.020629
     C   20       -0.022324       -0.020629       -0.122350

     H   21       -0.000000        0.000000        0.000000
     H   21        0.000000        0.000000        0.000000
     H   21        0.000000        0.000000        0.000000

     C   22       -0.187407       -0.020819       -0.032930
     C   22       -0.020819        0.246963       -0.009943
     C   22       -0.032930       -0.009943       -0.059556

     C   23       -0.042385        0.006910       -0.019868
     C   23        0.006910        0.219516        0.030847
     C   23       -0.019868        0.030847       -0.177131

     Cl  24       -1.256949        0.849680       -0.106279
     Cl  24        0.849680        3.020042       -0.159445
     Cl  24       -0.106279       -0.159445       -1.763093

     ----- total EFG -----
     Cl   1       -0.144000        0.100071       -0.366664
     Cl   1        0.100071        0.113645       -0.515606
     Cl   1       -0.366664       -0.515606        0.030355

     C    2        0.419708       -0.036918       -0.268289
     C    2       -0.036918        0.256087       -0.263435
     C    2       -0.268289       -0.263435       -0.675794

     C    3       -0.149004       -0.025844        0.070669
     C    3       -0.025844        0.201896        0.457978
     C    3        0.070669        0.457978       -0.052892

     H    4        0.547107       -0.168621        0.539251
     H    4       -0.168621       -0.543603        0.347680
     H    4        0.539251        0.347680       -0.003504

     C    5        0.308841        0.014764       -0.035781
     C    5        0.014764        0.171657       -0.073922
     C    5       -0.035781       -0.073922       -0.480498

     H    6       -0.097799       -0.103504        0.030974
     H    6       -0.103504       -0.005578        0.459502
     H    6        0.030974        0.459502        0.103377

     H    7       -0.202135       -0.381689       -0.005078
     H    7       -0.381689        0.354401        0.136823
     H    7       -0.005078        0.136823       -0.152267

     C    8       -0.648157       -0.256301        0.036647
     C    8       -0.256301        0.697719       -0.115077
     C    8        0.036647       -0.115077       -0.049561

     H    9        0.575352       -0.349546        0.252543
     H    9       -0.349546       -0.481215       -0.391963
     H    9        0.252543       -0.391963       -0.094138

     C   10        0.338006        0.166427        0.096617
     C   10        0.166427        0.114269        0.081964
     C   10        0.096617        0.081964       -0.452275

     C   11       -0.479138       -0.328585       -0.104347
     C   11       -0.328585        0.453438       -0.281749
     C   11       -0.104347       -0.281749        0.025700

     Cl  12        0.493023        2.712568       -0.173576
     Cl  12        2.712568        2.360139        0.428635
     Cl  12       -0.173576        0.428635       -2.853163

     H   13       -0.174817       -0.034721        0.225658
     H   13       -0.034721        0.411135        0.372714
     H   13        0.225658        0.372714       -0.236318

     C   14       -0.566969        0.386869       -0.518886
     C   14        0.386869        0.508517        0.418280
     C   14       -0.518886        0.418280        0.058452

     H   15        0.452479        0.295528        0.546640
     H   15        0.295528       -0.066987       -0.003644
     H   15        0.546640       -0.003644       -0.385492

     C   16        0.479224       -0.177575        0.160226
     C   16       -0.177575       -0.104090        0.004580
     C   16        0.160226        0.004580       -0.375134

     C   17       -0.761702        0.319097       -0.202474
     C   17        0.319097        0.711834        0.476394
     C   17       -0.202474        0.476394        0.049869

     Cl  18       -0.101235       -1.109879        0.583157
     Cl  18       -1.109879        1.065799        2.091865
     Cl  18        0.583157        2.091865       -0.964564

     H   19       -0.103978       -0.059565        0.011546
     H   19       -0.059565       -0.042216       -0.367340
     H   19        0.011546       -0.367340        0.146193

     C   20        0.146737        0.262057       -0.004739
     C   20        0.262057        0.145257        0.077642
     C   20       -0.004739        0.077642       -0.291994

     H   21        0.478818        0.080638        0.367580
     H   21        0.080638       -0.690895        0.142585
     H   21        0.367580        0.142585        0.212077

     C   22       -0.767694       -0.098644       -0.078138
     C   22       -0.098644        0.666574       -0.311644
     C   22       -0.078138       -0.311644        0.101120

     C   23        0.261329        0.204974        0.066446
     C   23        0.204974        0.286756        0.245219
     C   23        0.066446        0.245219       -0.548085

     Cl  24       -1.460332        0.738769       -0.092675
     Cl  24        0.738769        3.243805       -0.156894
     Cl  24       -0.092675       -0.156894       -1.783473

     ----- total EFG (symmetrized) -----
     Cl   1       -0.144000        0.100071       -0.366664
     Cl   1        0.100071        0.113645       -0.515606
     Cl   1       -0.366664       -0.515606        0.030355

     C    2        0.419708       -0.036918       -0.268289
     C    2       -0.036918        0.256087       -0.263435
     C    2       -0.268289       -0.263435       -0.675794

     C    3       -0.149004       -0.025844        0.070669
     C    3       -0.025844        0.201896        0.457978
     C    3        0.070669        0.457978       -0.052892

     H    4        0.547107       -0.168621        0.539251
     H    4       -0.168621       -0.543603        0.347680
     H    4        0.539251        0.347680       -0.003504

     C    5        0.308841        0.014764       -0.035781
     C    5        0.014764        0.171657       -0.073922
     C    5       -0.035781       -0.073922       -0.480498

     H    6       -0.097799       -0.103504        0.030974
     H    6       -0.103504       -0.005578        0.459502
     H    6        0.030974        0.459502        0.103377

     H    7       -0.202135       -0.381689       -0.005078
     H    7       -0.381689        0.354401        0.136823
     H    7       -0.005078        0.136823       -0.152267

     C    8       -0.648157       -0.256301        0.036647
     C    8       -0.256301        0.697719       -0.115077
     C    8        0.036647       -0.115077       -0.049561

     H    9        0.575352       -0.349546        0.252543
     H    9       -0.349546       -0.481215       -0.391963
     H    9        0.252543       -0.391963       -0.094138

     C   10        0.338006        0.166427        0.096617
     C   10        0.166427        0.114269        0.081964
     C   10        0.096617        0.081964       -0.452275

     C   11       -0.479138       -0.328585       -0.104347
     C   11       -0.328585        0.453438       -0.281749
     C   11       -0.104347       -0.281749        0.025700

     Cl  12        0.493023        2.712568       -0.173576
     Cl  12        2.712568        2.360139        0.428635
     Cl  12       -0.173576        0.428635       -2.853163

     H   13       -0.174817       -0.034721        0.225658
     H   13       -0.034721        0.411135        0.372714
     H   13        0.225658        0.372714       -0.236318

     C   14       -0.566969        0.386869       -0.518886
     C   14        0.386869        0.508517        0.418280
     C   14       -0.518886        0.418280        0.058452

     H   15        0.452479        0.295528        0.546640
     H   15        0.295528       -0.066987       -0.003644
     H   15        0.546640       -0.003644       -0.385492

     C   16        0.479224       -0.177575        0.160226
     C   16       -0.177575       -0.104090        0.004580
     C   16        0.160226        0.004580       -0.375134

     C   17       -0.761702        0.319097       -0.202474
     C   17        0.319097        0.711834        0.476394
     C   17       -0.202474        0.476394        0.049869

     Cl  18       -0.101235       -1.109879        0.583157
     Cl  18       -1.109879        1.065799        2.091865
     Cl  18        0.583157        2.091865       -0.964564

     H   19       -0.103978       -0.059565        0.011546
     H   19       -0.059565       -0.042216       -0.367340
     H   19        0.011546       -0.367340        0.146193

     C   20        0.146737        0.262057       -0.004739
     C   20        0.262057        0.145257        0.077642
     C   20       -0.004739        0.077642       -0.291994

     H   21        0.478818        0.080638        0.367580
     H   21        0.080638       -0.690895        0.142585
     H   21        0.367580        0.142585        0.212077

     C   22       -0.767694       -0.098644       -0.078138
     C   22       -0.098644        0.666574       -0.311644
     C   22       -0.078138       -0.311644        0.101120

     C   23        0.261329        0.204974        0.066446
     C   23        0.204974        0.286756        0.245219
     C   23        0.066446        0.245219       -0.548085

     Cl  24       -1.460332        0.738769       -0.092675
     Cl  24        0.738769        3.243805       -0.156894
     Cl  24       -0.092675       -0.156894       -1.783473


     NQR/NMR SPECTROSCOPIC PARAMETERS:
     Cl   1    Vxx=   -0.1480    axis=(  0.778253 -0.607897 -0.157427)
     Cl   1    Vyy=   -0.5672    axis=(  0.512156  0.469412  0.719270)
     Cl   1    Vzz=    0.7152    axis=(  0.363343  0.640401 -0.676659)
     Cl   1  Q=        -8.1650 1e-30 m^2  Cq=       -13.7211 MHz  eta= 0.58615

     C    2    Vxx=    0.3191    axis=( -0.189518  0.960611 -0.203249)
     C    2    Vyy=    0.4851    axis=(  0.958116  0.135663 -0.252210)
     C    2    Vzz=   -0.8042    axis=(  0.214702  0.242534  0.946087)
     C    2  Q=         1.0000 1e-30 m^2  Cq=        -1.8896 MHz  eta= 0.20641

     C    3    Vxx=   -0.1306    axis=(  0.965904 -0.180532  0.185572)
     C    3    Vyy=   -0.4200    axis=( -0.256922 -0.579987  0.773050)
     C    3    Vzz=    0.5506    axis=(  0.031931  0.794370  0.606594)
     C    3  Q=         1.0000 1e-30 m^2  Cq=         1.2936 MHz  eta= 0.52560

     H    4    Vxx=   -0.0406    axis=(  0.436413 -0.605973 -0.665087)
     H    4    Vyy=   -0.8378    axis=(  0.301727  0.794956 -0.526314)
     H    4    Vzz=    0.8784    axis=( -0.847647 -0.029015 -0.529767)
     H    4  Q=         1.0000 1e-30 m^2  Cq=         2.0638 MHz  eta= 0.90763

     C    5    Vxx=    0.1773    axis=( -0.138630  0.984958 -0.103144)
     C    5    Vyy=    0.3129    axis=(  0.989435  0.133287 -0.057041)
     C    5    Vzz=   -0.4902    axis=(  0.042435  0.109962  0.993030)
     C    5  Q=         1.0000 1e-30 m^2  Cq=        -1.1518 MHz  eta= 0.27656

     H    6    Vxx=   -0.0732    axis=(  0.958370 -0.156395  0.238887)
     H    6    Vyy=   -0.4419    axis=(  0.275381  0.727347 -0.628595)
     H    6    Vzz=    0.5151    axis=( -0.075444  0.668212  0.740136)
     H    6  Q=         1.0000 1e-30 m^2  Cq=         1.2102 MHz  eta= 0.71581

     H    7    Vxx=   -0.1601    axis=(  0.283982 -0.044043  0.957817)
     H    7    Vyy=   -0.4099    axis=(  0.853158  0.467494 -0.231455)
     H    7    Vzz=    0.5700    axis=( -0.437580  0.882899  0.170336)
     H    7  Q=         1.0000 1e-30 m^2  Cq=         1.3392 MHz  eta= 0.43834

     C    8    Vxx=   -0.0669    axis=( -0.002858  0.147894  0.988999)
     C    8    Vyy=   -0.6957    axis=( -0.983569 -0.178942  0.023916)
     C    8    Vzz=    0.7626    axis=(  0.180511 -0.972680  0.145975)
     C    8  Q=         1.0000 1e-30 m^2  Cq=         1.7917 MHz  eta= 0.82460

     H    9    Vxx=   -0.0793    axis=( -0.493417 -0.348170  0.797068)
     H    9    Vyy=   -0.7482    axis=(  0.141007  0.872247  0.468298)
     H    9    Vzz=    0.8274    axis=(  0.858287 -0.343458  0.381287)
     H    9  Q=         1.0000 1e-30 m^2  Cq=         1.9441 MHz  eta= 0.80842

     C   10    Vxx=    0.0270    axis=(  0.483678 -0.873705 -0.051913)
     C   10    Vyy=    0.4438    axis=(  0.870051  0.473507  0.137122)
     C   10    Vzz=   -0.4708    axis=( -0.095223 -0.111489  0.989193)
     C   10  Q=         1.0000 1e-30 m^2  Cq=        -1.1062 MHz  eta= 0.88528

     C   11    Vxx=   -0.0130    axis=( -0.384087  0.263865  0.884790)
     C   11    Vyy=   -0.6385    axis=(  0.894693  0.343049  0.286081)
     C   11    Vzz=    0.6515    axis=( -0.228039  0.901495 -0.367839)
     C   11  Q=         1.0000 1e-30 m^2  Cq=         1.5308 MHz  eta= 0.96001

     Cl  12    Vxx=   -1.3421    axis=( -0.794866  0.553634  0.248350)
     Cl  12    Vyy=   -2.9619    axis=(  0.183139 -0.171311  0.968046)
     Cl  12    Vzz=    4.3039    axis=(  0.578488  0.814949  0.034777)
     Cl  12  Q=        -8.1650 1e-30 m^2  Cq=       -82.5688 MHz  eta= 0.37635

     H   13    Vxx=   -0.0467    axis=(  0.850286 -0.292005  0.437889)
     H   13    Vyy=   -0.5398    axis=(  0.519131  0.328256 -0.789145)
     H   13    Vzz=    0.5865    axis=(  0.086694  0.898321  0.430701)
     H   13  Q=         1.0000 1e-30 m^2  Cq=         1.3780 MHz  eta= 0.84081

     C   14    Vxx=    0.2881    axis=(  0.595302  0.338276 -0.728825)
     C   14    Vyy=    0.7633    axis=(  0.073297  0.880416  0.468504)
     C   14    Vzz=   -1.0514    axis=(  0.800152 -0.332322  0.499318)
     C   14  Q=         1.0000 1e-30 m^2  Cq=        -2.4705 MHz  eta= 0.45192

     H   15    Vxx=   -0.1164    axis=( -0.159275  0.928263 -0.336096)
     H   15    Vyy=   -0.6867    axis=( -0.468715  0.228522  0.853278)
     H   15    Vzz=    0.8031    axis=(  0.868872  0.293439  0.398693)
     H   15  Q=         1.0000 1e-30 m^2  Cq=         1.8870 MHz  eta= 0.71019

     C   16    Vxx=   -0.1453    axis=( -0.226833 -0.957674 -0.177221)
     C   16    Vyy=   -0.4090    axis=( -0.201448 -0.131895  0.970578)
     C   16    Vzz=    0.5543    axis=( -0.952872  0.255860 -0.163003)
     C   16  Q=         1.0000 1e-30 m^2  Cq=         1.3024 MHz  eta= 0.47574

     C   17    Vxx=   -0.0549    axis=( -0.402448 -0.356431  0.843204)
     C   17    Vyy=   -0.9277    axis=( -0.908383  0.269659 -0.319570)
     C   17    Vzz=    0.9825    axis=( -0.113473 -0.894562 -0.432300)
     C   17  Q=         1.0000 1e-30 m^2  Cq=         2.3086 MHz  eta= 0.88831

     Cl  18    Vxx=    0.1921    axis=( -0.885125 -0.010498 -0.465235)
     Cl  18    Vyy=    2.5418    axis=( -0.253972  0.848625  0.464040)
     Cl  18    Vzz=   -2.7339    axis=( -0.389938 -0.528891  0.753806)
     Cl  18  Q=        -8.1650 1e-30 m^2  Cq=        52.4492 MHz  eta= 0.85946

     H   19    Vxx=   -0.1008    axis=(  0.981268 -0.085312 -0.172729)
     H   19    Vyy=   -0.3343    axis=(  0.173038  0.784430  0.595589)
     H   19    Vzz=    0.4351    axis=(  0.084683 -0.614321  0.784498)
     H   19  Q=         1.0000 1e-30 m^2  Cq=         1.0223 MHz  eta= 0.53651

     C   20    Vxx=   -0.0989    axis=( -0.697415  0.658836  0.282041)
     C   20    Vyy=   -0.3129    axis=(  0.151741 -0.248874  0.956575)
     C   20    Vzz=    0.4119    axis=(  0.700419  0.709927  0.073597)
     C   20  Q=         1.0000 1e-30 m^2  Cq=         0.9677 MHz  eta= 0.51970

     H   21    Vxx=   -0.0383    axis=( -0.586916  0.102939  0.803077)
     H   21    Vyy=   -0.7134    axis=(  0.022703 -0.989402  0.143415)
     H   21    Vzz=    0.7517    axis=(  0.809330  0.102405  0.578359)
     H   21  Q=         1.0000 1e-30 m^2  Cq=         1.7662 MHz  eta= 0.89814

     C   22    Vxx=   -0.0204    axis=( -0.146634  0.391112  0.908587)
     C   22    Vyy=   -0.7864    axis=( -0.988480 -0.092761 -0.119598)
     C   22    Vzz=    0.8068    axis=(  0.037505 -0.915657  0.400208)
     C   22  Q=         1.0000 1e-30 m^2  Cq=         1.8957 MHz  eta= 0.94938

     C   23    Vxx=    0.0874    axis=(  0.777430 -0.609817 -0.154031)
     C   23    Vyy=    0.5275    axis=(  0.628846  0.748760  0.209550)
     C   23    Vzz=   -0.6149    axis=( -0.012455 -0.259772  0.965590)
     C   23  Q=         1.0000 1e-30 m^2  Cq=        -1.4448 MHz  eta= 0.71579

     Cl  24    Vxx=   -1.5541    axis=(  0.948267 -0.155071 -0.277024)
     Cl  24    Vyy=   -1.8086    axis=( -0.278751  0.010939 -0.960301)
     Cl  24    Vzz=    3.3627    axis=(  0.151946  0.987843 -0.032853)
     Cl  24  Q=        -8.1650 1e-30 m^2  Cq=       -64.5109 MHz  eta= 0.07569

     Initialization:
     gipaw_setup  :      8.98s CPU     10.95s WALL (       1 calls)

     Linear response

     Apply operators

     Induced current

     Other routines
     efg          :      9.17s CPU     11.53s WALL (       1 calls)

     General routines
     calbec       :      3.17s CPU      4.12s WALL (      16 calls)
     fft          :      1.39s CPU      1.56s WALL (      15 calls)
     ffts         :      0.04s CPU      0.08s WALL (       2 calls)
     fftw         :      3.22s CPU      3.94s WALL (     672 calls)
     davcio       :      0.02s CPU      0.32s WALL (      32 calls)

     Parallel routines
     fft_scatter  :      2.10s CPU      2.77s WALL (     689 calls)

     Plugins

     GIPAW        :     60.27s CPU     70.52s WALL (       1 calls)
