
     Program QE v.6.0 (svn rev. 13079) starts on 22Jan2017 at 22:59:47 

     This program is part of the open-source Quantum ESPRESSO suite
     for quantum simulation of materials; please cite
         "P. Giannozzi et al., J. Phys.:Condens. Matter 21 395502 (2009);
          URL http://www.quantum-espresso.org", 
     in publications or presentations arising from this work. More details at
     http://www.quantum-espresso.org/quote

     Parallel version (MPI), running on     8 processors
     R & G space division:  proc/nbgrp/npool/nimage =       8

     ***** This is GIPAW svn revision unknown      *****

     Parallelizing q-star over 1 images

     Reading data from directory:
     /users/majewski/paradichlorobenzene/pbe/9_constraint/scratch/pbe.ecut100.np8.dt60.pcl2phi-129368.save
     Message from routine read_xml_file:
     file /users/majewski/paradichlorobenzene/pbe/9_constraint/scratch/pbe.ecut100.np8.dt60.pcl2phi-129368.save not guaranteed to be safe for post-processing

   Info: using nr1, nr2, nr3 values from input

   Info: using nr1, nr2, nr3 values from input

     IMPORTANT: XC functional enforced from input :
     Exchange-correlation      =  SLA  PW   PBX  PBC ( 1  4  3  4 0 0)
     Any further DFT definition will be discarded
     Please, verify this is what you really want

               file C.pbe-n-kjpaw_psl.1.0.0.UPF: wavefunction(s)  2S 2P renormalized
               file Cl.pbe-n-kjpaw_psl.1.0.0.UPF: wavefunction(s)  3S 3P renormalized
               file H.pbe-kjpaw_psl.1.0.0.UPF: wavefunction(s)  1S renormalized

     Parallelization info
     --------------------
     sticks:   dense  smooth     PW     G-vecs:    dense   smooth      PW
     Min        3057    1223    332               144436    36536    5170
     Max        3059    1225    333               144437    36537    5171
     Sum       24467    9791   2657              1155489   292295   41363


     Subspace diagonalization in iterative solution of the eigenvalue problem:
     a serial algorithm will be used

     GIPAW projectors -----------------------------------------------
     atom=  C    l=0  rc=    1.2000  rs=    0.8000
     atom=  C    l=0  rc=    1.2000  rs=    0.8000
     atom=  C    l=1  rc=    1.4000  rs=    0.9333
     atom=  C    l=1  rc=    1.4000  rs=    0.9333
     projs nearly linearly dependent: l=1  n1,n2= 1, 2  s=  0.99951561

     atom=  Cl   l=0  rc=    1.6000  rs=    1.0667
     atom=  Cl   l=0  rc=    1.6000  rs=    1.0667
     atom=  Cl   l=1  rc=    1.6000  rs=    1.0667
     atom=  Cl   l=1  rc=    1.6000  rs=    1.0667
     atom=  Cl   l=2  rc=    1.6000  rs=    1.0667
     atom=  Cl   l=2  rc=    1.6000  rs=    1.0667
     projs nearly linearly dependent: l=2  n1,n2= 1, 2  s=  0.99993509

     atom=  H    l=0  rc=    1.0000  rs=    0.6667
     atom=  H    l=0  rc=    1.0000  rs=    0.6667
     projs nearly linearly dependent: l=0  n1,n2= 1, 2  s=  0.99968852
     -----------------------------------------------------------------

     GIPAW integrals: -------------------------------------------
     Atom  i/j   nmr_para   nmr_dia   epr_rmc  epr_para   epr_dia
       C   1 1   0.83E+03  0.17E-01  0.93E+01  0.24E+08  0.24E+03
       C   2 1   0.86E+03 -0.61E-01  0.94E+01  0.25E+08  0.25E+03
       C   2 2   0.90E+03 -0.15E+00  0.97E+01  0.26E+08  0.26E+03
       C   3 3   0.33E+01  0.34E+00  0.18E+01  0.55E+03  0.21E+02
       C   4 3   0.35E+01  0.37E+00  0.20E+01  0.59E+03  0.22E+02
       C   4 4   0.38E+01  0.39E+00  0.22E+01  0.63E+03  0.24E+02
       Cl  1 1   0.14E+04 -0.47E+00  0.84E+01  0.32E+09  0.42E+03
       Cl  2 1   0.21E+04 -0.37E+00  0.12E+02  0.49E+09  0.65E+03
       Cl  2 2   0.33E+04 -0.16E+00  0.21E+02  0.76E+09  0.10E+04
       Cl  3 3   0.21E+02  0.79E-01  0.89E+01  0.23E+05  0.13E+03
       Cl  4 3   0.24E+02  0.67E-01  0.99E+01  0.27E+05  0.15E+03
       Cl  4 4   0.28E+02  0.44E-01  0.11E+02  0.32E+05  0.18E+03
       Cl  5 5   0.77E+00  0.19E+00  0.18E+01  0.12E+03  0.22E+02
       Cl  6 5   0.80E+00  0.19E+00  0.19E+01  0.12E+03  0.23E+02
       Cl  6 6   0.83E+00  0.20E+00  0.19E+01  0.12E+03  0.23E+02
       H   1 1   0.39E+02  0.19E+00  0.29E+00  0.78E+05  0.13E+02
       H   2 1   0.41E+02  0.21E+00  0.32E+00  0.82E+05  0.14E+02
       H   2 2   0.43E+02  0.22E+00  0.36E+00  0.86E+05  0.15E+02
     ------------------------------------------------------------

     alpha_pv=     34.3125 eV

     Number of occupied bands for each k-point:
     k-point:     1    nbnd_occ=  42
     k-point:     2    nbnd_occ=  42
     k-point:     3    nbnd_occ=  42
     k-point:     4    nbnd_occ=  42
     k-point:     5    nbnd_occ=  42
     k-point:     6    nbnd_occ=  42
     k-point:     7    nbnd_occ=  42
     k-point:     8    nbnd_occ=  42
     k-point:     9    nbnd_occ=  42
     k-point:    10    nbnd_occ=  42
     k-point:    11    nbnd_occ=  42
     k-point:    12    nbnd_occ=  42
     k-point:    13    nbnd_occ=  42
     k-point:    14    nbnd_occ=  42
     k-point:    15    nbnd_occ=  42
     k-point:    16    nbnd_occ=  42


     q-space interpolation up to   110.00 Rydberg

     GIPAW job: efg                                                                             


     ELECTRIC FIELD GRADIENTS TENSORS IN Hartree/bohrradius^2:

     ----- bare term -----
     Cl   1        0.041840        0.082417       -0.127527
     Cl   1        0.082417        0.013706       -0.100011
     Cl   1       -0.127527       -0.100011       -0.055546

     C    2       -0.169200        0.367313       -0.327136
     C    2        0.367313       -0.224122       -0.371946
     C    2       -0.327136       -0.371946        0.393322

     C    3       -0.070357       -0.057758       -0.301966
     C    3       -0.057758       -0.172311       -0.621453
     C    3       -0.301966       -0.621453        0.242667

     H    4       -0.170122       -0.126272       -0.568246
     H    4       -0.126272        0.407316       -0.092132
     H    4       -0.568246       -0.092132       -0.237194

     C    5       -0.578524        0.332048       -0.254396
     C    5        0.332048        0.174706       -0.383717
     C    5       -0.254396       -0.383717        0.403818

     H    6        0.547113       -0.012566       -0.025924
     H    6       -0.012566       -0.053957       -0.249520
     H    6       -0.025924       -0.249520       -0.493156

     H    7        0.238156        0.187628       -0.123527
     H    7        0.187628       -0.415294        0.492413
     H    7       -0.123527        0.492413        0.177138

     C    8       -0.167621       -0.417711       -0.267494
     C    8       -0.417711       -0.262249        0.298494
     C    8       -0.267494        0.298494        0.429870

     H    9        0.116362        0.046034       -0.413416
     H    9        0.046034        0.310795       -0.226505
     H    9       -0.413416       -0.226505       -0.427157

     C   10       -0.238943       -0.243649       -0.277543
     C   10       -0.243649       -0.171064        0.561211
     C   10       -0.277543        0.561211        0.410007

     C   11       -0.373724       -0.225221       -0.332689
     C   11       -0.225221        0.031887        0.416022
     C   11       -0.332689        0.416022        0.341836

     Cl  12       -0.030840       -0.075960       -0.077721
     Cl  12       -0.075960        0.001737        0.059272
     Cl  12       -0.077721        0.059272        0.029104

     H   13        0.445712        0.004637        0.183246
     H   13        0.004637       -0.000524       -0.455838
     H   13        0.183246       -0.455838       -0.445188

     C   14       -0.041807       -0.156733       -0.572512
     C   14       -0.156733       -0.139080       -0.423573
     C   14       -0.572512       -0.423573        0.180887

     H   15       -0.062374       -0.081019       -0.287695
     H   15       -0.081019        0.359801       -0.445620
     H   15       -0.287695       -0.445620       -0.297427

     C   16       -0.230380        0.407011       -0.382236
     C   16        0.407011       -0.196052       -0.142215
     C   16       -0.382236       -0.142215        0.426431

     C   17        0.000360       -0.203775       -0.440246
     C   17       -0.203775       -0.218763       -0.524696
     C   17       -0.440246       -0.524696        0.218403

     Cl  18       -0.118956        0.104083       -0.065532
     Cl  18        0.104083       -0.014256        0.050639
     Cl  18       -0.065532        0.050639        0.133212

     H   19        0.363338        0.027638        0.291801
     H   19        0.027638        0.149981        0.212302
     H   19        0.291801        0.212302       -0.513319

     C   20       -0.245606       -0.173759       -0.332888
     C   20       -0.173759        0.087994        0.278788
     C   20       -0.332888        0.278788        0.157612

     H   21        0.173672        0.045980       -0.300548
     H   21        0.045980        0.280276       -0.247646
     H   21       -0.300548       -0.247646       -0.453948

     C   22        0.107231       -0.227792        0.063767
     C   22       -0.227792       -0.101887        0.047115
     C   22        0.063767        0.047115       -0.005345

     C   23       -0.001432        0.021383       -0.495686
     C   23        0.021383       -0.082285        0.390632
     C   23       -0.495686        0.390632        0.083716

     Cl  24       -0.162604        0.086038        0.257521
     Cl  24        0.086038        0.017269       -0.226160
     Cl  24        0.257521       -0.226160        0.145335

     ----- ionic term -----
     Cl   1        0.181965       -0.223444       -0.003717
     Cl   1       -0.223444       -0.032623        0.004516
     Cl   1       -0.003717        0.004516       -0.149342

     C    2        0.270772       -0.210818        0.231822
     C    2       -0.210818       -0.046970        0.442062
     C    2        0.231822        0.442062       -0.223802

     C    3        0.112985       -0.250553        0.156680
     C    3       -0.250553        0.031536        0.449292
     C    3        0.156680        0.449292       -0.144521

     H    4        0.364847        0.304719        0.750287
     H    4        0.304719       -0.444045        0.324567
     H    4        0.750287        0.324567        0.079199

     C    5        0.236554       -0.216329        0.262580
     C    5       -0.216329       -0.098457        0.324744
     C    5        0.262580        0.324744       -0.138097

     H    6       -0.522308        0.000442        0.027156
     H    6        0.000442        0.340811        0.791823
     H    6        0.027156        0.791823        0.181497

     H    7       -0.534806       -0.034206        0.030248
     H    7       -0.034206        0.621962       -0.713138
     H    7        0.030248       -0.713138       -0.087156

     C    8        0.108406        0.325306        0.401812
     C    8        0.325306        0.129050       -0.199437
     C    8        0.401812       -0.199437       -0.237456

     H    9        0.302069       -0.063569        0.806238
     H    9       -0.063569       -0.497405       -0.125309
     H    9        0.806238       -0.125309        0.195336

     C   10        0.003506        0.400493        0.298537
     C   10        0.400493        0.202938       -0.230383
     C   10        0.298537       -0.230383       -0.206444

     C   11       -0.011497        0.348603        0.359153
     C   11        0.348603        0.116038       -0.246025
     C   11        0.359153       -0.246025       -0.104541

     Cl  12        0.070910        0.229725        0.043727
     Cl  12        0.229725        0.080518        0.037559
     Cl  12        0.043727        0.037559       -0.151429

     H   13       -0.495140        0.129042        0.126504
     H   13        0.129042        0.404495        0.794103
     H   13        0.126504        0.794103        0.090645

     C   14        0.319060       -0.151948        0.309270
     C   14       -0.151948       -0.057053        0.322492
     C   14        0.309270        0.322492       -0.262007

     H   15        0.500659        0.315050        0.744940
     H   15        0.315050       -0.420848        0.290524
     H   15        0.744940        0.290524       -0.079811

     C   16        0.145946       -0.280197        0.188015
     C   16       -0.280197        0.102489        0.404056
     C   16        0.188015        0.404056       -0.248435

     C   17        0.129032       -0.251589        0.260914
     C   17       -0.251589        0.049148        0.405068
     C   17        0.260914        0.405068       -0.178180

     Cl  18        0.137025       -0.205031        0.025979
     Cl  18       -0.205031       -0.003703       -0.004992
     Cl  18        0.025979       -0.004992       -0.133322

     H   19       -0.555247        0.039832       -0.021465
     H   19        0.039832        0.331770       -0.788131
     H   19       -0.021465       -0.788131        0.223477

     C   20        0.072629        0.370293        0.335487
     C   20        0.370293        0.000501       -0.219457
     C   20        0.335487       -0.219457       -0.073129

     H   21        0.542848       -0.102755        0.787976
     H   21       -0.102755       -0.502589       -0.159734
     H   21        0.787976       -0.159734       -0.040259

     C   22        0.043291        0.342386        0.255993
     C   22        0.342386        0.145575       -0.365068
     C   22        0.255993       -0.365068       -0.188866

     C   23        0.014166        0.253693        0.359584
     C   23        0.253693        0.096297       -0.404887
     C   23        0.359584       -0.404887       -0.110463

     Cl  24        0.085509        0.215021        0.037780
     Cl  24        0.215021        0.057701        0.011515
     Cl  24        0.037780        0.011515       -0.143210

     ----- GIPAW term -----
     Cl   1        1.941136       -0.668995       -1.594866
     Cl   1       -0.668995       -0.260031       -1.021279
     Cl   1       -1.594866       -1.021279       -1.681105

     C    2        0.159174       -0.044595       -0.185969
     C    2       -0.044595       -0.132355       -0.034990
     C    2       -0.185969       -0.034990       -0.026819

     C    3       -0.004793       -0.137148       -0.040559
     C    3       -0.137148        0.024763       -0.138650
     C    3       -0.040559       -0.138650       -0.019969

     H    4       -0.000000        0.000000        0.000000
     H    4        0.000000        0.000000        0.000000
     H    4        0.000000        0.000000        0.000000

     C    5       -0.161843        0.023094       -0.010873
     C    5        0.023094        0.133053       -0.151141
     C    5       -0.010873       -0.151141        0.028790

     H    6       -0.000000        0.000000        0.000000
     H    6        0.000000        0.000000        0.000000
     H    6        0.000000        0.000000        0.000000

     H    7       -0.000000        0.000000        0.000000
     H    7        0.000000        0.000000        0.000000
     H    7        0.000000        0.000000        0.000000

     C    8        0.144510       -0.051176       -0.080431
     C    8       -0.051176       -0.136366        0.040127
     C    8       -0.080431        0.040127       -0.008144

     H    9       -0.000000        0.000000        0.000000
     H    9        0.000000        0.000000        0.000000
     H    9        0.000000        0.000000        0.000000

     C   10       -0.139172       -0.038676       -0.089802
     C   10       -0.038676       -0.020933        0.200701
     C   10       -0.089802        0.200701        0.160105

     C   11       -0.044714        0.104887       -0.048404
     C   11        0.104887        0.113031        0.098779
     C   11       -0.048404        0.098779       -0.068317

     Cl  12        0.045576        0.200194       -1.187766
     Cl  12        0.200194        0.889765        2.008156
     Cl  12       -1.187766        2.008156       -0.935341

     H   13       -0.000000        0.000000        0.000000
     H   13        0.000000        0.000000        0.000000
     H   13        0.000000        0.000000        0.000000

     C   14        0.160041       -0.114043       -0.226886
     C   14       -0.114043       -0.143774       -0.037270
     C   14       -0.226886       -0.037270       -0.016267

     H   15       -0.000000        0.000000        0.000000
     H   15        0.000000        0.000000        0.000000
     H   15        0.000000        0.000000        0.000000

     C   16        0.039324       -0.036661       -0.221275
     C   16       -0.036661       -0.101540        0.079055
     C   16       -0.221275        0.079055        0.062216

     C   17        0.051502       -0.221251       -0.122321
     C   17       -0.221251       -0.005224        0.006783
     C   17       -0.122321        0.006783       -0.046279

     Cl  18        0.810316       -2.010668       -0.530062
     Cl  18       -2.010668        0.056668        0.440334
     Cl  18       -0.530062        0.440334       -0.866984

     H   19       -0.000000        0.000000        0.000000
     H   19        0.000000        0.000000        0.000000
     H   19        0.000000        0.000000        0.000000

     C   20       -0.026780       -0.081470       -0.142999
     C   20       -0.081470       -0.038357        0.124282
     C   20       -0.142999        0.124282        0.065137

     H   21       -0.000000        0.000000        0.000000
     H   21        0.000000        0.000000        0.000000
     H   21        0.000000        0.000000        0.000000

     C   22        0.015033       -0.022120       -0.014627
     C   22       -0.022120       -0.012680        0.005836
     C   22       -0.014627        0.005836       -0.002353

     C   23        0.077987       -0.018850       -0.174492
     C   23       -0.018850       -0.051969        0.105708
     C   23       -0.174492        0.105708       -0.026018

     Cl  24        0.174776       -0.279936       -0.670223
     Cl  24       -0.279936        0.158819        0.792469
     Cl  24       -0.670223        0.792469       -0.333596

     ----- total EFG -----
     Cl   1        2.164941       -0.810022       -1.726110
     Cl   1       -0.810022       -0.278948       -1.116773
     Cl   1       -1.726110       -1.116773       -1.885993

     C    2        0.260746        0.111901       -0.281283
     C    2        0.111901       -0.403448        0.035125
     C    2       -0.281283        0.035125        0.142702

     C    3        0.037835       -0.445459       -0.185845
     C    3       -0.445459       -0.116012       -0.310811
     C    3       -0.185845       -0.310811        0.078177

     H    4        0.194724        0.178447        0.182041
     H    4        0.178447       -0.036729        0.232434
     H    4        0.182041        0.232434       -0.157995

     C    5       -0.503812        0.138813       -0.002689
     C    5        0.138813        0.209302       -0.210114
     C    5       -0.002689       -0.210114        0.294510

     H    6        0.024805       -0.012124        0.001233
     H    6       -0.012124        0.286854        0.542303
     H    6        0.001233        0.542303       -0.311659

     H    7       -0.296650        0.153422       -0.093280
     H    7        0.153422        0.206669       -0.220725
     H    7       -0.093280       -0.220725        0.089982

     C    8        0.085294       -0.143582        0.053887
     C    8       -0.143582       -0.269565        0.139184
     C    8        0.053887        0.139184        0.184271

     H    9        0.418431       -0.017535        0.392822
     H    9       -0.017535       -0.186610       -0.351814
     H    9        0.392822       -0.351814       -0.231821

     C   10       -0.374609        0.118168       -0.068808
     C   10        0.118168        0.010940        0.531528
     C   10       -0.068808        0.531528        0.363669

     C   11       -0.429934        0.228270       -0.021940
     C   11        0.228270        0.260956        0.268776
     C   11       -0.021940        0.268776        0.168978

     Cl  12        0.085646        0.353958       -1.221761
     Cl  12        0.353958        0.972020        2.104988
     Cl  12       -1.221761        2.104988       -1.057666

     H   13       -0.049428        0.133679        0.309750
     H   13        0.133679        0.403971        0.338265
     H   13        0.309750        0.338265       -0.354543

     C   14        0.437294       -0.422725       -0.490128
     C   14       -0.422725       -0.339907       -0.138350
     C   14       -0.490128       -0.138350       -0.097387

     H   15        0.438285        0.234031        0.457246
     H   15        0.234031       -0.061047       -0.155095
     H   15        0.457246       -0.155095       -0.377238

     C   16       -0.045109        0.090153       -0.415496
     C   16        0.090153       -0.195103        0.340896
     C   16       -0.415496        0.340896        0.240213

     C   17        0.180894       -0.676615       -0.301653
     C   17       -0.676615       -0.174839       -0.112846
     C   17       -0.301653       -0.112846       -0.006055

     Cl  18        0.828385       -2.111617       -0.569615
     Cl  18       -2.111617        0.038710        0.485981
     Cl  18       -0.569615        0.485981       -0.867095

     H   19       -0.191909        0.067470        0.270336
     H   19        0.067470        0.481751       -0.575829
     H   19        0.270336       -0.575829       -0.289842

     C   20       -0.199757        0.115064       -0.140400
     C   20        0.115064        0.050137        0.183614
     C   20       -0.140400        0.183614        0.149620

     H   21        0.716520       -0.056775        0.487428
     H   21       -0.056775       -0.222314       -0.407380
     H   21        0.487428       -0.407380       -0.494206

     C   22        0.165556        0.092474        0.305133
     C   22        0.092474        0.031008       -0.312117
     C   22        0.305133       -0.312117       -0.196563

     C   23        0.090721        0.256226       -0.310594
     C   23        0.256226       -0.037957        0.091453
     C   23       -0.310594        0.091453       -0.052765

     Cl  24        0.097682        0.021124       -0.374922
     Cl  24        0.021124        0.233789        0.577824
     Cl  24       -0.374922        0.577824       -0.331470

     ----- total EFG (symmetrized) -----
     Cl   1        2.164941       -0.810022       -1.726110
     Cl   1       -0.810022       -0.278948       -1.116773
     Cl   1       -1.726110       -1.116773       -1.885993

     C    2        0.260746        0.111901       -0.281283
     C    2        0.111901       -0.403448        0.035125
     C    2       -0.281283        0.035125        0.142702

     C    3        0.037835       -0.445459       -0.185845
     C    3       -0.445459       -0.116012       -0.310811
     C    3       -0.185845       -0.310811        0.078177

     H    4        0.194724        0.178447        0.182041
     H    4        0.178447       -0.036729        0.232434
     H    4        0.182041        0.232434       -0.157995

     C    5       -0.503812        0.138813       -0.002689
     C    5        0.138813        0.209302       -0.210114
     C    5       -0.002689       -0.210114        0.294510

     H    6        0.024805       -0.012124        0.001233
     H    6       -0.012124        0.286854        0.542303
     H    6        0.001233        0.542303       -0.311659

     H    7       -0.296650        0.153422       -0.093280
     H    7        0.153422        0.206669       -0.220725
     H    7       -0.093280       -0.220725        0.089982

     C    8        0.085294       -0.143582        0.053887
     C    8       -0.143582       -0.269565        0.139184
     C    8        0.053887        0.139184        0.184271

     H    9        0.418431       -0.017535        0.392822
     H    9       -0.017535       -0.186610       -0.351814
     H    9        0.392822       -0.351814       -0.231821

     C   10       -0.374609        0.118168       -0.068808
     C   10        0.118168        0.010940        0.531528
     C   10       -0.068808        0.531528        0.363669

     C   11       -0.429934        0.228270       -0.021940
     C   11        0.228270        0.260956        0.268776
     C   11       -0.021940        0.268776        0.168978

     Cl  12        0.085646        0.353958       -1.221761
     Cl  12        0.353958        0.972020        2.104988
     Cl  12       -1.221761        2.104988       -1.057666

     H   13       -0.049428        0.133679        0.309750
     H   13        0.133679        0.403971        0.338265
     H   13        0.309750        0.338265       -0.354543

     C   14        0.437294       -0.422725       -0.490128
     C   14       -0.422725       -0.339907       -0.138350
     C   14       -0.490128       -0.138350       -0.097387

     H   15        0.438285        0.234031        0.457246
     H   15        0.234031       -0.061047       -0.155095
     H   15        0.457246       -0.155095       -0.377238

     C   16       -0.045109        0.090153       -0.415496
     C   16        0.090153       -0.195103        0.340896
     C   16       -0.415496        0.340896        0.240213

     C   17        0.180894       -0.676615       -0.301653
     C   17       -0.676615       -0.174839       -0.112846
     C   17       -0.301653       -0.112846       -0.006055

     Cl  18        0.828385       -2.111617       -0.569615
     Cl  18       -2.111617        0.038710        0.485981
     Cl  18       -0.569615        0.485981       -0.867095

     H   19       -0.191909        0.067470        0.270336
     H   19        0.067470        0.481751       -0.575829
     H   19        0.270336       -0.575829       -0.289842

     C   20       -0.199757        0.115064       -0.140400
     C   20        0.115064        0.050137        0.183614
     C   20       -0.140400        0.183614        0.149620

     H   21        0.716520       -0.056775        0.487428
     H   21       -0.056775       -0.222314       -0.407380
     H   21        0.487428       -0.407380       -0.494206

     C   22        0.165556        0.092474        0.305133
     C   22        0.092474        0.031008       -0.312117
     C   22        0.305133       -0.312117       -0.196563

     C   23        0.090721        0.256226       -0.310594
     C   23        0.256226       -0.037957        0.091453
     C   23       -0.310594        0.091453       -0.052765

     Cl  24        0.097682        0.021124       -0.374922
     Cl  24        0.021124        0.233789        0.577824
     Cl  24       -0.374922        0.577824       -0.331470


     NQR/NMR SPECTROSCOPIC PARAMETERS:
     Cl   1    Vxx=    0.2920    axis=( -0.020758  0.896230 -0.443103)
     Cl   1    Vyy=    2.8506    axis=(  0.940925 -0.132311 -0.311694)
     Cl   1    Vzz=   -3.1426    axis=(  0.337977  0.423397  0.840539)
     Cl   1  Q=        -8.1650 1e-30 m^2  Cq=        60.2891 MHz  eta= 0.81420

     C    2    Vxx=   -0.0586    axis=(  0.582575  0.267189  0.767604)
     C    2    Vyy=   -0.4353    axis=( -0.221641  0.960853 -0.166241)
     C    2    Vzz=    0.4939    axis=( -0.781973 -0.073285  0.618989)
     C    2  Q=         1.0000 1e-30 m^2  Cq=         1.1604 MHz  eta= 0.76289

     C    3    Vxx=    0.2351    axis=( -0.487990 -0.143074  0.861043)
     C    3    Vyy=    0.4289    axis=( -0.668040  0.696123 -0.262936)
     C    3    Vzz=   -0.6640    axis=( -0.561773 -0.703521 -0.435280)
     C    3  Q=         1.0000 1e-30 m^2  Cq=        -1.5602 MHz  eta= 0.29174

     H    4    Vxx=   -0.0829    axis=(  0.663742 -0.643178 -0.381795)
     H    4    Vyy=   -0.3406    axis=(  0.086231  0.572846 -0.815115)
     H    4    Vzz=    0.4235    axis=(  0.742974  0.508104  0.435684)
     H    4  Q=         1.0000 1e-30 m^2  Cq=         0.9951 MHz  eta= 0.60848

     C    5    Vxx=    0.0568    axis=(  0.179148  0.736144  0.652685)
     C    5    Vyy=    0.4748    axis=( -0.093937 -0.647587  0.756179)
     C    5    Vzz=   -0.5316    axis=( -0.979327  0.196779  0.046863)
     C    5  Q=         1.0000 1e-30 m^2  Cq=        -1.2490 MHz  eta= 0.78633

     H    6    Vxx=    0.0247    axis=(  0.999797  0.008918  0.018042)
     H    6    Vyy=    0.6072    axis=(  0.016851 -0.861074 -0.508201)
     H    6    Vzz=   -0.6319    axis=(  0.011003  0.508402 -0.861050)
     H    6  Q=         1.0000 1e-30 m^2  Cq=        -1.4847 MHz  eta= 0.92176

     H    7    Vxx=   -0.0786    axis=(  0.068209  0.587277  0.806507)
     H    7    Vyy=   -0.3424    axis=(  0.967988 -0.234680  0.089022)
     H    7    Vzz=    0.4211    axis=(  0.241552  0.774616 -0.584485)
     H    7  Q=         1.0000 1e-30 m^2  Cq=         0.9893 MHz  eta= 0.62650

     C    8    Vxx=    0.1359    axis=(  0.936756 -0.347098 -0.044839)
     C    8    Vyy=    0.2253    axis=( -0.132314 -0.232620 -0.963525)
     C    8    Vzz=   -0.3612    axis=(  0.324008  0.908521 -0.263834)
     C    8  Q=         1.0000 1e-30 m^2  Cq=        -0.8487 MHz  eta= 0.24740

     H    9    Vxx=   -0.0001    axis=(  0.443093  0.782691 -0.437109)
     H    9    Vyy=   -0.6405    axis=( -0.274207  0.582545  0.765149)
     H    9    Vzz=    0.6405    axis=(  0.853510 -0.219174  0.472740)
     H    9  Q=         1.0000 1e-30 m^2  Cq=         1.5049 MHz  eta= 0.99982

     C   10    Vxx=   -0.2377    axis=( -0.704380 -0.569906  0.423150)
     C   10    Vyy=   -0.5098    axis=( -0.709721  0.575607 -0.406169)
     C   10    Vzz=    0.7475    axis=(  0.012090  0.586415  0.809920)
     C   10  Q=         1.0000 1e-30 m^2  Cq=         1.7563 MHz  eta= 0.36410

     C   11    Vxx=   -0.0018    axis=( -0.321023 -0.526433  0.787281)
     C   11    Vyy=   -0.5144    axis=( -0.930705  0.329230 -0.159359)
     C   11    Vzz=    0.5162    axis=( -0.175305 -0.783885 -0.595645)
     C   11  Q=         1.0000 1e-30 m^2  Cq=         1.2130 MHz  eta= 0.99303

     Cl  12    Vxx=    0.5301    axis=(  0.906843  0.355093 -0.227033)
     Cl  12    Vyy=    2.3567    axis=(  0.176038 -0.808553 -0.561473)
     Cl  12    Vzz=   -2.8868    axis=( -0.382943  0.469202 -0.795741)
     Cl  12  Q=        -8.1650 1e-30 m^2  Cq=        55.3821 MHz  eta= 0.63273

     H   13    Vxx=   -0.0223    axis=(  0.829178 -0.483138  0.281143)
     H   13    Vyy=   -0.6000    axis=(  0.432410  0.235659 -0.870337)
     H   13    Vzz=    0.6223    axis=(  0.354239  0.843234  0.404316)
     H   13  Q=         1.0000 1e-30 m^2  Cq=         1.4622 MHz  eta= 0.92835

     C   14    Vxx=   -0.0811    axis=(  0.160952 -0.656782  0.736704)
     C   14    Vyy=   -0.7284    axis=( -0.476467 -0.705400 -0.524777)
     C   14    Vzz=    0.8095    axis=( -0.864334  0.266551  0.426470)
     C   14  Q=         1.0000 1e-30 m^2  Cq=         1.9020 MHz  eta= 0.79956

     H   15    Vxx=    0.0005    axis=( -0.042259  0.905214 -0.422851)
     H   15    Vyy=    0.6758    axis=( -0.907448 -0.211857 -0.362842)
     H   15    Vzz=   -0.6762    axis=( -0.418033  0.368382  0.830387)
     H   15  Q=         1.0000 1e-30 m^2  Cq=        -1.5889 MHz  eta= 0.99859

     C   16    Vxx=   -0.0393    axis=(  0.684227  0.714595  0.145556)
     C   16    Vyy=   -0.5675    axis=( -0.545487  0.633969 -0.548204)
     C   16    Vzz=    0.6068    axis=( -0.484022  0.295697  0.823581)
     C   16  Q=         1.0000 1e-30 m^2  Cq=         1.4257 MHz  eta= 0.87032

     C   17    Vxx=    0.0499    axis=( -0.016005 -0.409723  0.912070)
     C   17    Vyy=    0.7440    axis=(  0.796060 -0.557171 -0.236325)
     C   17    Vzz=   -0.7939    axis=(  0.605006  0.722280  0.335082)
     C   17  Q=         1.0000 1e-30 m^2  Cq=        -1.8655 MHz  eta= 0.87422

     Cl  18    Vxx=   -1.0225    axis=(  0.165496 -0.119029  0.979001)
     Cl  18    Vyy=   -1.7148    axis=(  0.636894  0.770825 -0.013945)
     Cl  18    Vzz=    2.7373    axis=( -0.752979  0.625828  0.203377)
     Cl  18  Q=        -8.1650 1e-30 m^2  Cq=       -52.5133 MHz  eta= 0.25293

     H   19    Vxx=   -0.0611    axis=(  0.890696  0.274055  0.362705)
     H   19    Vyy=   -0.7329    axis=( -0.448797  0.403031  0.797588)
     H   19    Vzz=    0.7940    axis=(  0.072401 -0.873190  0.481973)
     H   19  Q=         1.0000 1e-30 m^2  Cq=         1.8656 MHz  eta= 0.84619

     C   20    Vxx=    0.0375    axis=(  0.583599  0.698772 -0.413678)
     C   20    Vyy=    0.2943    axis=(  0.100102 -0.567450 -0.817300)
     C   20    Vzz=   -0.3318    axis=( -0.805848  0.435565 -0.401112)
     C   20  Q=         1.0000 1e-30 m^2  Cq=        -0.7797 MHz  eta= 0.77377

     H   21    Vxx=   -0.0455    axis=(  0.328208  0.848943 -0.414217)
     H   21    Vyy=   -0.8766    axis=( -0.237329  0.498552  0.833739)
     H   21    Vzz=    0.9221    axis=(  0.914305 -0.175335  0.365107)
     H   21  Q=         1.0000 1e-30 m^2  Cq=         2.1665 MHz  eta= 0.90132

     C   22    Vxx=    0.1794    axis=(  0.553133  0.803939 -0.218462)
     C   22    Vyy=    0.3668    axis=(  0.732399 -0.344288  0.587416)
     C   22    Vzz=   -0.5463    axis=(  0.397033 -0.484920 -0.779242)
     C   22  Q=         1.0000 1e-30 m^2  Cq=        -1.2835 MHz  eta= 0.34300

     C   23    Vxx=    0.0459    axis=(  0.023907  0.769472  0.638233)
     C   23    Vyy=    0.3956    axis=( -0.797154 -0.370595  0.476660)
     C   23    Vzz=   -0.4414    axis=( -0.603303  0.520165 -0.604528)
     C   23  Q=         1.0000 1e-30 m^2  Cq=        -1.0372 MHz  eta= 0.79222

     Cl  24    Vxx=    0.1523    axis=(  0.870757  0.481492 -0.099733)
     Cl  24    Vyy=    0.6618    axis=(  0.348291 -0.747131 -0.566118)
     Cl  24    Vzz=   -0.8141    axis=( -0.347095  0.458215 -0.818269)
     Cl  24  Q=        -8.1650 1e-30 m^2  Cq=        15.6176 MHz  eta= 0.62582

     Initialization:
     gipaw_setup  :      9.18s CPU     10.92s WALL (       1 calls)

     Linear response

     Apply operators

     Induced current

     Other routines
     efg          :      9.23s CPU     11.54s WALL (       1 calls)

     General routines
     calbec       :      3.19s CPU      4.21s WALL (      16 calls)
     fft          :      1.50s CPU      3.46s WALL (      15 calls)
     ffts         :      0.04s CPU      0.05s WALL (       2 calls)
     fftw         :      3.27s CPU      3.94s WALL (     672 calls)
     davcio       :      0.02s CPU      0.32s WALL (      32 calls)

     Parallel routines
     fft_scatter  :      2.06s CPU      4.53s WALL (     689 calls)

     Plugins

     GIPAW        :     64.43s CPU     78.67s WALL (       1 calls)
