
     Program QE v.6.0 (svn rev. 13079) starts on 26Dec2016 at 14:30:53 

     This program is part of the open-source Quantum ESPRESSO suite
     for quantum simulation of materials; please cite
         "P. Giannozzi et al., J. Phys.:Condens. Matter 21 395502 (2009);
          URL http://www.quantum-espresso.org", 
     in publications or presentations arising from this work. More details at
     http://www.quantum-espresso.org/quote

     Parallel version (MPI), running on     8 processors
     R & G space division:  proc/nbgrp/npool/nimage =       8

     ***** This is GIPAW svn revision unknown      *****

     Parallelizing q-star over 1 images

     Reading data from directory:
     /users/majewski/paradichlorobenzene/pbe/9_constraint/scratch/pbe.ecut100.np8.dt60.pcl2phi-129368.save
     Message from routine read_xml_file:
     file /users/majewski/paradichlorobenzene/pbe/9_constraint/scratch/pbe.ecut100.np8.dt60.pcl2phi-129368.save not guaranteed to be safe for post-processing

   Info: using nr1, nr2, nr3 values from input

   Info: using nr1, nr2, nr3 values from input

     IMPORTANT: XC functional enforced from input :
     Exchange-correlation      =  SLA  PW   PBX  PBC ( 1  4  3  4 0 0)
     Any further DFT definition will be discarded
     Please, verify this is what you really want

               file C.pbe-n-kjpaw_psl.1.0.0.UPF: wavefunction(s)  2S 2P renormalized
               file Cl.pbe-n-kjpaw_psl.1.0.0.UPF: wavefunction(s)  3S 3P renormalized
               file H.pbe-kjpaw_psl.1.0.0.UPF: wavefunction(s)  1S renormalized

     Parallelization info
     --------------------
     sticks:   dense  smooth     PW     G-vecs:    dense   smooth      PW
     Min        3057    1223    332               144436    36536    5170
     Max        3059    1225    333               144437    36537    5171
     Sum       24467    9791   2657              1155489   292295   41363


     Subspace diagonalization in iterative solution of the eigenvalue problem:
     a serial algorithm will be used

     GIPAW projectors -----------------------------------------------
     atom=  C    l=0  rc=    1.2000  rs=    0.8000
     atom=  C    l=0  rc=    1.2000  rs=    0.8000
     atom=  C    l=1  rc=    1.4000  rs=    0.9333
     atom=  C    l=1  rc=    1.4000  rs=    0.9333
     projs nearly linearly dependent: l=1  n1,n2= 1, 2  s=  0.99951561

     atom=  Cl   l=0  rc=    1.6000  rs=    1.0667
     atom=  Cl   l=0  rc=    1.6000  rs=    1.0667
     atom=  Cl   l=1  rc=    1.6000  rs=    1.0667
     atom=  Cl   l=1  rc=    1.6000  rs=    1.0667
     atom=  Cl   l=2  rc=    1.6000  rs=    1.0667
     atom=  Cl   l=2  rc=    1.6000  rs=    1.0667
     projs nearly linearly dependent: l=2  n1,n2= 1, 2  s=  0.99993509

     atom=  H    l=0  rc=    1.0000  rs=    0.6667
     atom=  H    l=0  rc=    1.0000  rs=    0.6667
     projs nearly linearly dependent: l=0  n1,n2= 1, 2  s=  0.99968852
     -----------------------------------------------------------------

     GIPAW integrals: -------------------------------------------
     Atom  i/j   nmr_para   nmr_dia   epr_rmc  epr_para   epr_dia
       C   1 1   0.83E+03  0.17E-01  0.93E+01  0.24E+08  0.24E+03
       C   2 1   0.86E+03 -0.61E-01  0.94E+01  0.25E+08  0.25E+03
       C   2 2   0.90E+03 -0.15E+00  0.97E+01  0.26E+08  0.26E+03
       C   3 3   0.33E+01  0.34E+00  0.18E+01  0.55E+03  0.21E+02
       C   4 3   0.35E+01  0.37E+00  0.20E+01  0.59E+03  0.22E+02
       C   4 4   0.38E+01  0.39E+00  0.22E+01  0.63E+03  0.24E+02
       Cl  1 1   0.14E+04 -0.47E+00  0.84E+01  0.32E+09  0.42E+03
       Cl  2 1   0.21E+04 -0.37E+00  0.12E+02  0.49E+09  0.65E+03
       Cl  2 2   0.33E+04 -0.16E+00  0.21E+02  0.76E+09  0.10E+04
       Cl  3 3   0.21E+02  0.79E-01  0.89E+01  0.23E+05  0.13E+03
       Cl  4 3   0.24E+02  0.67E-01  0.99E+01  0.27E+05  0.15E+03
       Cl  4 4   0.28E+02  0.44E-01  0.11E+02  0.32E+05  0.18E+03
       Cl  5 5   0.77E+00  0.19E+00  0.18E+01  0.12E+03  0.22E+02
       Cl  6 5   0.80E+00  0.19E+00  0.19E+01  0.12E+03  0.23E+02
       Cl  6 6   0.83E+00  0.20E+00  0.19E+01  0.12E+03  0.23E+02
       H   1 1   0.39E+02  0.19E+00  0.29E+00  0.78E+05  0.13E+02
       H   2 1   0.41E+02  0.21E+00  0.32E+00  0.82E+05  0.14E+02
       H   2 2   0.43E+02  0.22E+00  0.36E+00  0.86E+05  0.15E+02
     ------------------------------------------------------------

     alpha_pv=     33.6412 eV

     Number of occupied bands for each k-point:
     k-point:     1    nbnd_occ=  42
     k-point:     2    nbnd_occ=  42
     k-point:     3    nbnd_occ=  42
     k-point:     4    nbnd_occ=  42
     k-point:     5    nbnd_occ=  42
     k-point:     6    nbnd_occ=  42
     k-point:     7    nbnd_occ=  42
     k-point:     8    nbnd_occ=  42
     k-point:     9    nbnd_occ=  42
     k-point:    10    nbnd_occ=  42
     k-point:    11    nbnd_occ=  42
     k-point:    12    nbnd_occ=  42
     k-point:    13    nbnd_occ=  42
     k-point:    14    nbnd_occ=  42
     k-point:    15    nbnd_occ=  42
     k-point:    16    nbnd_occ=  42


     q-space interpolation up to   110.00 Rydberg

     GIPAW job: efg                                                                             


     ELECTRIC FIELD GRADIENTS TENSORS IN Hartree/bohrradius^2:

     ----- bare term -----
     Cl   1        0.139405       -0.026584        0.025204
     Cl   1       -0.026584       -0.073512        0.258094
     Cl   1        0.025204        0.258094       -0.065893

     C    2       -0.261071        0.327865       -0.183546
     C    2        0.327865       -0.133732       -0.325873
     C    2       -0.183546       -0.325873        0.394803

     C    3       -0.078901        0.231975       -0.195664
     C    3        0.231975       -0.118461       -0.503117
     C    3       -0.195664       -0.503117        0.197363

     H    4        0.110587       -0.102599       -0.342358
     H    4       -0.102599        0.458247        0.077588
     H    4       -0.342358        0.077588       -0.568834

     C    5       -0.579339        0.362216       -0.367885
     C    5        0.362216        0.295267       -0.348440
     C    5       -0.367885       -0.348440        0.284073

     H    6        0.337687       -0.052160        0.145036
     H    6       -0.052160       -0.254064       -0.482673
     H    6        0.145036       -0.482673       -0.083623

     H    7        0.443137        0.171831       -0.060864
     H    7        0.171831       -0.635183        0.504136
     H    7       -0.060864        0.504136        0.192046

     C    8       -0.063397       -0.005113       -0.226767
     C    8       -0.005113       -0.121575        0.368023
     C    8       -0.226767        0.368023        0.184972

     H    9       -0.374850        0.368987       -0.450421
     H    9        0.368987        0.183343        0.244861
     H    9       -0.450421        0.244861        0.191507

     C   10       -0.776095       -0.344526       -0.310420
     C   10       -0.344526        0.350399        0.070923
     C   10       -0.310420        0.070923        0.425696

     C   11        0.039448        0.092188       -0.285848
     C   11        0.092188       -0.022453        0.599839
     C   11       -0.285848        0.599839       -0.016995

     Cl  12       -0.282244       -0.208543        0.033241
     Cl  12       -0.208543        0.146906        0.109333
     Cl  12        0.033241        0.109333        0.135338

     H   13        0.269010        0.197449        0.026505
     H   13        0.197449       -0.515343       -0.446402
     H   13        0.026505       -0.446402        0.246333

     C   14       -0.224416       -0.196276       -0.381870
     C   14       -0.196276       -0.016869       -0.548891
     C   14       -0.381870       -0.548891        0.241285

     H   15       -0.095324       -0.165538       -0.410513
     H   15       -0.165538        0.289419       -0.419334
     H   15       -0.410513       -0.419334       -0.194094

     C   16       -0.594287        0.328501       -0.324877
     C   16        0.328501        0.174429       -0.118224
     C   16       -0.324877       -0.118224        0.419858

     C   17       -0.044268        0.090446       -0.249932
     C   17        0.090446       -0.005663       -0.654237
     C   17       -0.249932       -0.654237        0.049930

     Cl  18       -0.087851        0.168381        0.002566
     Cl  18        0.168381        0.024799        0.011008
     Cl  18        0.002566        0.011008        0.063052

     H   19        0.452423        0.063986       -0.097251
     H   19        0.063986       -0.591041        0.502673
     H   19       -0.097251        0.502673        0.138618

     C   20       -0.889573       -0.373792       -0.474013
     C   20       -0.373792        0.363187        0.004898
     C   20       -0.474013        0.004898        0.526386

     H   21       -0.586028        0.113265        0.107925
     H   21        0.113265        0.422521        0.240598
     H   21        0.107925        0.240598        0.163507

     C   22        0.109077        0.048336       -0.155181
     C   22        0.048336       -0.478183        0.425310
     C   22       -0.155181        0.425310        0.369107

     C   23       -0.815376       -0.433350       -0.352464
     C   23       -0.433350        0.296039        0.003450
     C   23       -0.352464        0.003450        0.519337

     Cl  24       -0.023272       -0.003153        0.045223
     Cl  24       -0.003153       -0.023299       -0.042180
     Cl  24        0.045223       -0.042180        0.046571

     ----- ionic term -----
     Cl   1        0.120176       -0.244088        0.049378
     Cl   1       -0.244088        0.031970       -0.021843
     Cl   1        0.049378       -0.021843       -0.152147

     C    2        0.060930       -0.318529        0.322998
     C    2       -0.318529        0.176681        0.334818
     C    2        0.322998        0.334818       -0.237611

     C    3        0.071579       -0.272758        0.238997
     C    3       -0.272758        0.211496        0.360975
     C    3        0.238997        0.360975       -0.283075

     H    4        0.340434        0.307882        0.763300
     H    4        0.307882       -0.375786        0.322527
     H    4        0.763300        0.322527        0.035352

     C    5        0.239268       -0.202166        0.321714
     C    5       -0.202166        0.058320        0.267075
     C    5        0.321714        0.267075       -0.297588

     H    6       -0.517811        0.031393        0.015838
     H    6        0.031393        0.733243        0.664635
     H    6        0.015838        0.664635       -0.215432

     H    7       -0.520210       -0.154120        0.087323
     H    7       -0.154120        0.699099       -0.685616
     H    7        0.087323       -0.685616       -0.178889

     C    8        0.311703        0.174608        0.211577
     C    8        0.174608        0.075037       -0.308918
     C    8        0.211577       -0.308918       -0.386740

     H    9        0.731879       -0.082248        0.692705
     H    9       -0.082248       -0.529274       -0.125864
     H    9        0.692705       -0.125864       -0.202606

     C   10        0.221320        0.289812        0.157241
     C   10        0.289812        0.130870       -0.363792
     C   10        0.157241       -0.363792       -0.352190

     C   11        0.301043        0.090159        0.205025
     C   11        0.090159        0.100242       -0.418392
     C   11        0.205025       -0.418392       -0.401285

     Cl  12        0.110120        0.192740       -0.017452
     Cl  12        0.192740        0.030830       -0.019999
     Cl  12       -0.017452       -0.019999       -0.140950

     H   13       -0.519562       -0.019608        0.036753
     H   13       -0.019608        0.576310        0.733967
     H   13        0.036753        0.733967       -0.056748

     C   14        0.227369       -0.293914        0.361220
     C   14       -0.293914       -0.030209        0.247810
     C   14        0.361220        0.247810       -0.197160

     H   15        0.496899        0.184597        0.734762
     H   15        0.184597       -0.499630        0.218719
     H   15        0.734762        0.218719        0.002731

     C   16        0.189255       -0.338521        0.236044
     C   16       -0.338521        0.041196        0.318793
     C   16        0.236044        0.318793       -0.230451

     C   17        0.245779       -0.195985        0.294401
     C   17       -0.195985       -0.035707        0.371120
     C   17        0.294401        0.371120       -0.210072

     Cl  18        0.187982       -0.173487        0.029360
     Cl  18       -0.173487       -0.036337       -0.005078
     Cl  18        0.029360       -0.005078       -0.151645

     H   19       -0.476623       -0.021700        0.019712
     H   19       -0.021700        0.770656       -0.631857
     H   19        0.019712       -0.631857       -0.294033

     C   20        0.457323        0.129690        0.203636
     C   20        0.129690        0.030703       -0.298291
     C   20        0.203636       -0.298291       -0.488026

     H   21        0.661581       -0.462351        0.532120
     H   21       -0.462351       -0.318351       -0.257229
     H   21        0.532120       -0.257229       -0.343229

     C   22        0.217235        0.159470        0.138774
     C   22        0.159470        0.217885       -0.364316
     C   22        0.138774       -0.364316       -0.435120

     C   23        0.221075        0.141954        0.222725
     C   23        0.141954        0.175897       -0.360073
     C   23        0.222725       -0.360073       -0.396972

     Cl  24        0.149788        0.229819        0.000165
     Cl  24        0.229819        0.004857       -0.001596
     Cl  24        0.000165       -0.001596       -0.154645

     ----- GIPAW term -----
     Cl   1       -0.206426       -0.527855       -0.674731
     Cl   1       -0.527855        0.212458       -1.432614
     Cl   1       -0.674731       -1.432614       -0.006032

     C    2       -0.096368       -0.018143       -0.009438
     C    2       -0.018143        0.014025       -0.170232
     C    2       -0.009438       -0.170232        0.082342

     C    3       -0.107187        0.063470       -0.084657
     C    3        0.063470        0.025308       -0.206384
     C    3       -0.084657       -0.206384        0.081879

     H    4       -0.000000        0.000000        0.000000
     H    4        0.000000        0.000000        0.000000
     H    4        0.000000        0.000000        0.000000

     C    5       -0.155614        0.136915       -0.095397
     C    5        0.136915        0.159641       -0.172793
     C    5       -0.095397       -0.172793       -0.004027

     H    6       -0.000000        0.000000        0.000000
     H    6        0.000000        0.000000        0.000000
     H    6        0.000000        0.000000        0.000000

     H    7       -0.000000        0.000000        0.000000
     H    7        0.000000        0.000000        0.000000
     H    7        0.000000        0.000000        0.000000

     C    8       -0.118629        0.024742       -0.026598
     C    8        0.024742        0.173298       -0.107595
     C    8       -0.026598       -0.107595       -0.054669

     H    9       -0.000000        0.000000        0.000000
     H    9        0.000000        0.000000        0.000000
     H    9        0.000000        0.000000        0.000000

     C   10       -0.227324        0.004555       -0.054823
     C   10        0.004555        0.283792       -0.087577
     C   10       -0.054823       -0.087577       -0.056468

     C   11       -0.068433        0.086758       -0.031275
     C   11        0.086758        0.257918       -0.020174
     C   11       -0.031275       -0.020174       -0.189484

     Cl  12       -0.285724        1.797914        0.221078
     Cl  12        1.797914        1.589164        0.953503
     Cl  12        0.221078        0.953503       -1.303440

     H   13       -0.000000        0.000000        0.000000
     H   13        0.000000        0.000000        0.000000
     H   13        0.000000        0.000000        0.000000

     C   14        0.011013       -0.175205       -0.006445
     C   14       -0.175205        0.033680       -0.170250
     C   14       -0.006445       -0.170250       -0.044693

     H   15       -0.000000        0.000000        0.000000
     H   15        0.000000        0.000000        0.000000
     H   15        0.000000        0.000000        0.000000

     C   16       -0.169979       -0.081042       -0.107656
     C   16       -0.081042        0.186584        0.112844
     C   16       -0.107656        0.112844       -0.016605

     C   17       -0.008680       -0.008624       -0.045424
     C   17       -0.008624        0.188670       -0.122000
     C   17       -0.045424       -0.122000       -0.179990

     Cl  18        0.343439        0.930482        0.420796
     Cl  18        0.930482        1.740659        0.834136
     Cl  18        0.420796        0.834136       -2.084098

     H   19       -0.000000        0.000000        0.000000
     H   19        0.000000        0.000000        0.000000
     H   19        0.000000        0.000000        0.000000

     C   20       -0.173768        0.004776       -0.070795
     C   20        0.004776        0.114270       -0.160428
     C   20       -0.070795       -0.160428        0.059498

     H   21       -0.000000        0.000000        0.000000
     H   21        0.000000        0.000000        0.000000
     H   21        0.000000        0.000000        0.000000

     C   22       -0.074521        0.080469       -0.063940
     C   22        0.080469       -0.020946       -0.144683
     C   22       -0.063940       -0.144683        0.095467

     C   23       -0.165148        0.048605       -0.063727
     C   23        0.048605        0.158782       -0.171627
     C   23       -0.063727       -0.171627        0.006365

     Cl  24       -0.081035        2.227881       -0.496133
     Cl  24        2.227881        0.559631       -1.835985
     Cl  24       -0.496133       -1.835985       -0.478597

     ----- total EFG -----
     Cl   1        0.053155       -0.798528       -0.600149
     Cl   1       -0.798528        0.170916       -1.196364
     Cl   1       -0.600149       -1.196364       -0.224071

     C    2       -0.296509       -0.008807        0.130015
     C    2       -0.008807        0.056974       -0.161287
     C    2        0.130015       -0.161287        0.239534

     C    3       -0.114510        0.022688       -0.041324
     C    3        0.022688        0.118343       -0.348527
     C    3       -0.041324       -0.348527       -0.003833

     H    4        0.451021        0.205284        0.420942
     H    4        0.205284        0.082461        0.400114
     H    4        0.420942        0.400114       -0.533482

     C    5       -0.495686        0.296966       -0.141569
     C    5        0.296966        0.513229       -0.254159
     C    5       -0.141569       -0.254159       -0.017543

     H    6       -0.180124       -0.020767        0.160873
     H    6       -0.020767        0.479179        0.181963
     H    6        0.160873        0.181963       -0.299055

     H    7       -0.077074        0.017712        0.026459
     H    7        0.017712        0.063916       -0.181480
     H    7        0.026459       -0.181480        0.013158

     C    8        0.129677        0.194237       -0.041788
     C    8        0.194237        0.126760       -0.048490
     C    8       -0.041788       -0.048490       -0.256437

     H    9        0.357029        0.286739        0.242284
     H    9        0.286739       -0.345931        0.118996
     H    9        0.242284        0.118996       -0.011098

     C   10       -0.782099       -0.050159       -0.208001
     C   10       -0.050159        0.765062       -0.380447
     C   10       -0.208001       -0.380447        0.017037

     C   11        0.272058        0.269104       -0.112098
     C   11        0.269104        0.335706        0.161272
     C   11       -0.112098        0.161272       -0.607765

     Cl  12       -0.457848        1.782111        0.236867
     Cl  12        1.782111        1.766899        1.042836
     Cl  12        0.236867        1.042836       -1.309051

     H   13       -0.250552        0.177841        0.063257
     H   13        0.177841        0.060967        0.287566
     H   13        0.063257        0.287566        0.189585

     C   14        0.013965       -0.665395       -0.027095
     C   14       -0.665395       -0.013398       -0.471331
     C   14       -0.027095       -0.471331       -0.000568

     H   15        0.401575        0.019059        0.324249
     H   15        0.019059       -0.210212       -0.200615
     H   15        0.324249       -0.200615       -0.191363

     C   16       -0.575011       -0.091062       -0.196490
     C   16       -0.091062        0.402209        0.313414
     C   16       -0.196490        0.313414        0.172802

     C   17        0.192832       -0.114164       -0.000955
     C   17       -0.114164        0.147300       -0.405117
     C   17       -0.000955       -0.405117       -0.340132

     Cl  18        0.443570        0.925377        0.452722
     Cl  18        0.925377        1.729121        0.840065
     Cl  18        0.452722        0.840065       -2.172691

     H   19       -0.024200        0.042286       -0.077538
     H   19        0.042286        0.179615       -0.129184
     H   19       -0.077538       -0.129184       -0.155415

     C   20       -0.606017       -0.239327       -0.341172
     C   20       -0.239327        0.508159       -0.453821
     C   20       -0.341172       -0.453821        0.097858

     H   21        0.075553       -0.349086        0.640045
     H   21       -0.349086        0.104169       -0.016630
     H   21        0.640045       -0.016630       -0.179722

     C   22        0.251791        0.288276       -0.080347
     C   22        0.288276       -0.281245       -0.083688
     C   22       -0.080347       -0.083688        0.029454

     C   23       -0.759448       -0.242792       -0.193466
     C   23       -0.242792        0.630719       -0.528250
     C   23       -0.193466       -0.528250        0.128729

     Cl  24        0.045481        2.454547       -0.450746
     Cl  24        2.454547        0.541189       -1.879761
     Cl  24       -0.450746       -1.879761       -0.586671

     ----- total EFG (symmetrized) -----
     Cl   1        0.053155       -0.798528       -0.600149
     Cl   1       -0.798528        0.170916       -1.196364
     Cl   1       -0.600149       -1.196364       -0.224071

     C    2       -0.296509       -0.008807        0.130015
     C    2       -0.008807        0.056974       -0.161287
     C    2        0.130015       -0.161287        0.239534

     C    3       -0.114510        0.022688       -0.041324
     C    3        0.022688        0.118343       -0.348527
     C    3       -0.041324       -0.348527       -0.003833

     H    4        0.451021        0.205284        0.420942
     H    4        0.205284        0.082461        0.400114
     H    4        0.420942        0.400114       -0.533482

     C    5       -0.495686        0.296966       -0.141569
     C    5        0.296966        0.513229       -0.254159
     C    5       -0.141569       -0.254159       -0.017543

     H    6       -0.180124       -0.020767        0.160873
     H    6       -0.020767        0.479179        0.181963
     H    6        0.160873        0.181963       -0.299055

     H    7       -0.077074        0.017712        0.026459
     H    7        0.017712        0.063916       -0.181480
     H    7        0.026459       -0.181480        0.013158

     C    8        0.129677        0.194237       -0.041788
     C    8        0.194237        0.126760       -0.048490
     C    8       -0.041788       -0.048490       -0.256437

     H    9        0.357029        0.286739        0.242284
     H    9        0.286739       -0.345931        0.118996
     H    9        0.242284        0.118996       -0.011098

     C   10       -0.782099       -0.050159       -0.208001
     C   10       -0.050159        0.765062       -0.380447
     C   10       -0.208001       -0.380447        0.017037

     C   11        0.272058        0.269104       -0.112098
     C   11        0.269104        0.335706        0.161272
     C   11       -0.112098        0.161272       -0.607765

     Cl  12       -0.457848        1.782111        0.236867
     Cl  12        1.782111        1.766899        1.042836
     Cl  12        0.236867        1.042836       -1.309051

     H   13       -0.250552        0.177841        0.063257
     H   13        0.177841        0.060967        0.287566
     H   13        0.063257        0.287566        0.189585

     C   14        0.013965       -0.665395       -0.027095
     C   14       -0.665395       -0.013398       -0.471331
     C   14       -0.027095       -0.471331       -0.000568

     H   15        0.401575        0.019059        0.324249
     H   15        0.019059       -0.210212       -0.200615
     H   15        0.324249       -0.200615       -0.191363

     C   16       -0.575011       -0.091062       -0.196490
     C   16       -0.091062        0.402209        0.313414
     C   16       -0.196490        0.313414        0.172802

     C   17        0.192832       -0.114164       -0.000955
     C   17       -0.114164        0.147300       -0.405117
     C   17       -0.000955       -0.405117       -0.340132

     Cl  18        0.443570        0.925377        0.452722
     Cl  18        0.925377        1.729121        0.840065
     Cl  18        0.452722        0.840065       -2.172691

     H   19       -0.024200        0.042286       -0.077538
     H   19        0.042286        0.179615       -0.129184
     H   19       -0.077538       -0.129184       -0.155415

     C   20       -0.606017       -0.239327       -0.341172
     C   20       -0.239327        0.508159       -0.453821
     C   20       -0.341172       -0.453821        0.097858

     H   21        0.075553       -0.349086        0.640045
     H   21       -0.349086        0.104169       -0.016630
     H   21        0.640045       -0.016630       -0.179722

     C   22        0.251791        0.288276       -0.080347
     C   22        0.288276       -0.281245       -0.083688
     C   22       -0.080347       -0.083688        0.029454

     C   23       -0.759448       -0.242792       -0.193466
     C   23       -0.242792        0.630719       -0.528250
     C   23       -0.193466       -0.528250        0.128729

     Cl  24        0.045481        2.454547       -0.450746
     Cl  24        2.454547        0.541189       -1.879761
     Cl  24       -0.450746       -1.879761       -0.586671


     NQR/NMR SPECTROSCOPIC PARAMETERS:
     Cl   1    Vxx=    0.5197    axis=(  0.840229 -0.088942 -0.534888)
     Cl   1    Vyy=    1.2460    axis=(  0.261141 -0.798143  0.542930)
     Cl   1    Vzz=   -1.7657    axis=(  0.475207  0.595867  0.647396)
     Cl   1  Q=        -8.1650 1e-30 m^2  Cq=        33.8748 MHz  eta= 0.41131

     C    2    Vxx=   -0.0262    axis=(  0.184254  0.877624  0.442524)
     C    2    Vyy=   -0.3286    axis=(  0.966505 -0.079943 -0.243880)
     C    2    Vzz=    0.3548    axis=(  0.178659 -0.472637  0.862957)
     C    2  Q=         1.0000 1e-30 m^2  Cq=         0.8336 MHz  eta= 0.85230

     C    3    Vxx=   -0.1166    axis=( -0.992139  0.123717  0.018798)
     C    3    Vyy=   -0.2982    axis=(  0.093807  0.635880  0.766065)
     C    3    Vzz=    0.4147    axis=( -0.082822 -0.761807  0.642488)
     C    3  Q=         1.0000 1e-30 m^2  Cq=         0.9745 MHz  eta= 0.43794

     H    4    Vxx=    0.0240    axis=(  0.555197 -0.815036 -0.165751)
     H    4    Vyy=    0.7795    axis=(  0.794594  0.460899  0.395212)
     H    4    Vzz=   -0.8035    axis=( -0.245717 -0.351125  0.903512)
     H    4  Q=         1.0000 1e-30 m^2  Cq=        -1.8878 MHz  eta= 0.94028

     C    5    Vxx=   -0.1188    axis=( -0.039481  0.388718  0.920511)
     C    5    Vyy=   -0.5863    axis=( -0.963756  0.228439 -0.137802)
     C    5    Vzz=    0.7051    axis=( -0.263846 -0.892588  0.365611)
     C    5  Q=         1.0000 1e-30 m^2  Cq=         1.6567 MHz  eta= 0.66304

     H    6    Vxx=   -0.0799    axis=(  0.848813 -0.134845  0.511208)
     H    6    Vyy=   -0.4400    axis=(  0.528242  0.176356 -0.830578)
     H    6    Vzz=    0.5199    axis=(  0.021844  0.975046  0.220924)
     H    6  Q=         1.0000 1e-30 m^2  Cq=         1.2217 MHz  eta= 0.69252

     H    7    Vxx=   -0.0647    axis=(  0.930114  0.250699  0.268398)
     H    7    Vyy=   -0.1572    axis=(  0.367022 -0.607583 -0.704370)
     H    7    Vzz=    0.2218    axis=(  0.013510 -0.753653  0.657134)
     H    7  Q=         1.0000 1e-30 m^2  Cq=         0.5212 MHz  eta= 0.41700

     C    8    Vxx=   -0.0659    axis=(  0.707114 -0.706666  0.024759)
     C    8    Vyy=   -0.2635    axis=(  0.059171  0.094028  0.993810)
     C    8    Vzz=    0.3294    axis=( -0.704620 -0.701271  0.108302)
     C    8  Q=         1.0000 1e-30 m^2  Cq=         0.7740 MHz  eta= 0.59989

     H    9    Vxx=   -0.1301    axis=( -0.418153 -0.055657  0.906670)
     H    9    Vyy=   -0.4507    axis=( -0.310560  0.946736 -0.085112)
     H    9    Vzz=    0.5808    axis=( -0.853640 -0.317165 -0.413165)
     H    9  Q=         1.0000 1e-30 m^2  Cq=         1.3647 MHz  eta= 0.55187

     C   10    Vxx=   -0.0791    axis=( -0.287296  0.379319  0.879533)
     C   10    Vyy=   -0.8462    axis=(  0.957622  0.094091  0.272225)
     C   10    Vzz=    0.9253    axis=(  0.020504  0.920470 -0.390276)
     C   10  Q=         1.0000 1e-30 m^2  Cq=         2.1740 MHz  eta= 0.82903

     C   11    Vxx=    0.0852    axis=( -0.737221  0.621937  0.264008)
     C   11    Vyy=    0.5768    axis=(  0.652845  0.756370  0.041197)
     C   11    Vzz=   -0.6619    axis=(  0.174066 -0.202727  0.963640)
     C   11  Q=         1.0000 1e-30 m^2  Cq=        -1.5553 MHz  eta= 0.74264

     Cl  12    Vxx=   -1.2052    axis=( -0.749625  0.231985  0.619875)
     Cl  12    Vyy=   -1.7959    axis=(  0.477830 -0.458362  0.749388)
     Cl  12    Vzz=    3.0011    axis=(  0.457974  0.857955  0.232750)
     Cl  12  Q=        -8.1650 1e-30 m^2  Cq=       -57.5744 MHz  eta= 0.19681

     H   13    Vxx=   -0.1156    axis=(  0.471764  0.590815 -0.654505)
     H   13    Vyy=   -0.3416    axis=( -0.852306  0.495713 -0.166863)
     H   13    Vzz=    0.4572    axis=(  0.225862  0.636558  0.737414)
     H   13  Q=         1.0000 1e-30 m^2  Cq=         1.0742 MHz  eta= 0.49434

     C   14    Vxx=    0.0298    axis=(  0.577071  0.019486 -0.816461)
     C   14    Vyy=    0.8007    axis=(  0.584863 -0.707623  0.396490)
     C   14    Vzz=   -0.8305    axis=( -0.570021 -0.706321 -0.419746)
     C   14  Q=         1.0000 1e-30 m^2  Cq=        -1.9513 MHz  eta= 0.92816

     H   15    Vxx=   -0.0754    axis=(  0.313916  0.801562 -0.508877)
     H   15    Vyy=   -0.4747    axis=( -0.291128  0.591414  0.751980)
     H   15    Vzz=    0.5501    axis=(  0.903715 -0.087910  0.419011)
     H   15  Q=         1.0000 1e-30 m^2  Cq=         1.2924 MHz  eta= 0.72590

     C   16    Vxx=   -0.0266    axis=( -0.177602 -0.605042  0.776133)
     C   16    Vyy=   -0.6237    axis=( -0.972126 -0.014804 -0.233991)
     C   16    Vzz=    0.6503    axis=(  0.153064 -0.796056 -0.585547)
     C   16  Q=         1.0000 1e-30 m^2  Cq=         1.5278 MHz  eta= 0.91831

     C   17    Vxx=    0.1534    axis=( -0.911695 -0.316723  0.261724)
     C   17    Vyy=    0.4200    axis=(  0.403927 -0.807517  0.429837)
     C   17    Vzz=   -0.5735    axis=(  0.075207  0.497597  0.864142)
     C   17  Q=         1.0000 1e-30 m^2  Cq=        -1.3475 MHz  eta= 0.46488

     Cl  18    Vxx=   -0.0403    axis=(  0.885210 -0.465169  0.004681)
     Cl  18    Vyy=   -2.3714    axis=(  0.098851  0.178260 -0.979005)
     Cl  18    Vzz=    2.4117    axis=(  0.454568  0.867088  0.203780)
     Cl  18  Q=        -8.1650 1e-30 m^2  Cq=       -46.2668 MHz  eta= 0.96657

     H   19    Vxx=   -0.0214    axis=(  0.919374 -0.330504 -0.213353)
     H   19    Vyy=   -0.2187    axis=(  0.307067  0.263924  0.914360)
     H   19    Vzz=    0.2402    axis=( -0.245890 -0.906152  0.344132)
     H   19  Q=         1.0000 1e-30 m^2  Cq=         0.5643 MHz  eta= 0.82171

     C   20    Vxx=    0.0638    axis=( -0.527780  0.450866  0.719839)
     C   20    Vyy=    0.8013    axis=(  0.013041 -0.843086  0.537621)
     C   20    Vzz=   -0.8650    axis=( -0.849281 -0.293133 -0.439084)
     C   20  Q=         1.0000 1e-30 m^2  Cq=        -2.0324 MHz  eta= 0.85259

     H   21    Vxx=    0.0266    axis=(  0.171413  0.870371  0.461597)
     H   21    Vyy=    0.7321    axis=(  0.737644 -0.423963  0.525486)
     H   21    Vzz=   -0.7587    axis=(  0.653068  0.250419 -0.714697)
     H   21  Q=         1.0000 1e-30 m^2  Cq=        -1.7828 MHz  eta= 0.92989

     C   22    Vxx=    0.0036    axis=(  0.292283  0.014865  0.956216)
     C   22    Vyy=    0.4084    axis=(  0.875130  0.399042 -0.273701)
     C   22    Vzz=   -0.4120    axis=( -0.385639  0.916812  0.103625)
     C   22  Q=         1.0000 1e-30 m^2  Cq=        -0.9679 MHz  eta= 0.98255

     C   23    Vxx=   -0.0803    axis=( -0.391310  0.458969  0.797637)
     C   23    Vyy=   -0.8905    axis=(  0.918211  0.252516  0.305161)
     C   23    Vzz=    0.9708    axis=( -0.061356  0.851812 -0.520243)
     C   23  Q=         1.0000 1e-30 m^2  Cq=         2.2811 MHz  eta= 0.83453

     Cl  24    Vxx=   -0.7825    axis=(  0.630209 -0.070584  0.773210)
     Cl  24    Vyy=   -2.7107    axis=( -0.531047  0.687309  0.495576)
     Cl  24    Vzz=    3.4931    axis=( -0.566414 -0.722927  0.395665)
     Cl  24  Q=        -8.1650 1e-30 m^2  Cq=       -67.0141 MHz  eta= 0.55200

     Initialization:
     gipaw_setup  :      9.06s CPU     10.66s WALL (       1 calls)

     Linear response

     Apply operators

     Induced current

     Other routines
     efg          :      8.97s CPU     11.14s WALL (       1 calls)

     General routines
     calbec       :      3.12s CPU      4.06s WALL (      16 calls)
     fft          :      1.47s CPU      1.92s WALL (      15 calls)
     ffts         :      0.04s CPU      0.06s WALL (       2 calls)
     fftw         :      3.09s CPU      3.72s WALL (     672 calls)
     davcio       :      0.01s CPU      0.33s WALL (      32 calls)

     Parallel routines
     fft_scatter  :      1.96s CPU      2.87s WALL (     689 calls)

     Plugins

     GIPAW        :     60.52s CPU     70.89s WALL (       1 calls)
