
     Program QE v.6.0 (svn rev. 13079) starts on 16Jan2017 at  4:39:56 

     This program is part of the open-source Quantum ESPRESSO suite
     for quantum simulation of materials; please cite
         "P. Giannozzi et al., J. Phys.:Condens. Matter 21 395502 (2009);
          URL http://www.quantum-espresso.org", 
     in publications or presentations arising from this work. More details at
     http://www.quantum-espresso.org/quote

     Parallel version (MPI), running on     8 processors
     R & G space division:  proc/nbgrp/npool/nimage =       8

     ***** This is GIPAW svn revision unknown      *****

     Parallelizing q-star over 1 images

     Reading data from directory:
     /users/majewski/paradichlorobenzene/pbe/9_constraint/scratch/pbe.ecut100.np8.dt60.pcl2phi-129368.save
     Message from routine read_xml_file:
     file /users/majewski/paradichlorobenzene/pbe/9_constraint/scratch/pbe.ecut100.np8.dt60.pcl2phi-129368.save not guaranteed to be safe for post-processing

   Info: using nr1, nr2, nr3 values from input

   Info: using nr1, nr2, nr3 values from input

     IMPORTANT: XC functional enforced from input :
     Exchange-correlation      =  SLA  PW   PBX  PBC ( 1  4  3  4 0 0)
     Any further DFT definition will be discarded
     Please, verify this is what you really want

               file C.pbe-n-kjpaw_psl.1.0.0.UPF: wavefunction(s)  2S 2P renormalized
               file Cl.pbe-n-kjpaw_psl.1.0.0.UPF: wavefunction(s)  3S 3P renormalized
               file H.pbe-kjpaw_psl.1.0.0.UPF: wavefunction(s)  1S renormalized

     Parallelization info
     --------------------
     sticks:   dense  smooth     PW     G-vecs:    dense   smooth      PW
     Min        3057    1223    332               144436    36536    5170
     Max        3059    1225    333               144437    36537    5171
     Sum       24467    9791   2657              1155489   292295   41363


     Subspace diagonalization in iterative solution of the eigenvalue problem:
     a serial algorithm will be used

     GIPAW projectors -----------------------------------------------
     atom=  C    l=0  rc=    1.2000  rs=    0.8000
     atom=  C    l=0  rc=    1.2000  rs=    0.8000
     atom=  C    l=1  rc=    1.4000  rs=    0.9333
     atom=  C    l=1  rc=    1.4000  rs=    0.9333
     projs nearly linearly dependent: l=1  n1,n2= 1, 2  s=  0.99951561

     atom=  Cl   l=0  rc=    1.6000  rs=    1.0667
     atom=  Cl   l=0  rc=    1.6000  rs=    1.0667
     atom=  Cl   l=1  rc=    1.6000  rs=    1.0667
     atom=  Cl   l=1  rc=    1.6000  rs=    1.0667
     atom=  Cl   l=2  rc=    1.6000  rs=    1.0667
     atom=  Cl   l=2  rc=    1.6000  rs=    1.0667
     projs nearly linearly dependent: l=2  n1,n2= 1, 2  s=  0.99993509

     atom=  H    l=0  rc=    1.0000  rs=    0.6667
     atom=  H    l=0  rc=    1.0000  rs=    0.6667
     projs nearly linearly dependent: l=0  n1,n2= 1, 2  s=  0.99968852
     -----------------------------------------------------------------

     GIPAW integrals: -------------------------------------------
     Atom  i/j   nmr_para   nmr_dia   epr_rmc  epr_para   epr_dia
       C   1 1   0.83E+03  0.17E-01  0.93E+01  0.24E+08  0.24E+03
       C   2 1   0.86E+03 -0.61E-01  0.94E+01  0.25E+08  0.25E+03
       C   2 2   0.90E+03 -0.15E+00  0.97E+01  0.26E+08  0.26E+03
       C   3 3   0.33E+01  0.34E+00  0.18E+01  0.55E+03  0.21E+02
       C   4 3   0.35E+01  0.37E+00  0.20E+01  0.59E+03  0.22E+02
       C   4 4   0.38E+01  0.39E+00  0.22E+01  0.63E+03  0.24E+02
       Cl  1 1   0.14E+04 -0.47E+00  0.84E+01  0.32E+09  0.42E+03
       Cl  2 1   0.21E+04 -0.37E+00  0.12E+02  0.49E+09  0.65E+03
       Cl  2 2   0.33E+04 -0.16E+00  0.21E+02  0.76E+09  0.10E+04
       Cl  3 3   0.21E+02  0.79E-01  0.89E+01  0.23E+05  0.13E+03
       Cl  4 3   0.24E+02  0.67E-01  0.99E+01  0.27E+05  0.15E+03
       Cl  4 4   0.28E+02  0.44E-01  0.11E+02  0.32E+05  0.18E+03
       Cl  5 5   0.77E+00  0.19E+00  0.18E+01  0.12E+03  0.22E+02
       Cl  6 5   0.80E+00  0.19E+00  0.19E+01  0.12E+03  0.23E+02
       Cl  6 6   0.83E+00  0.20E+00  0.19E+01  0.12E+03  0.23E+02
       H   1 1   0.39E+02  0.19E+00  0.29E+00  0.78E+05  0.13E+02
       H   2 1   0.41E+02  0.21E+00  0.32E+00  0.82E+05  0.14E+02
       H   2 2   0.43E+02  0.22E+00  0.36E+00  0.86E+05  0.15E+02
     ------------------------------------------------------------

     alpha_pv=     34.4232 eV

     Number of occupied bands for each k-point:
     k-point:     1    nbnd_occ=  42
     k-point:     2    nbnd_occ=  42
     k-point:     3    nbnd_occ=  42
     k-point:     4    nbnd_occ=  42
     k-point:     5    nbnd_occ=  42
     k-point:     6    nbnd_occ=  42
     k-point:     7    nbnd_occ=  42
     k-point:     8    nbnd_occ=  42
     k-point:     9    nbnd_occ=  42
     k-point:    10    nbnd_occ=  42
     k-point:    11    nbnd_occ=  42
     k-point:    12    nbnd_occ=  42
     k-point:    13    nbnd_occ=  42
     k-point:    14    nbnd_occ=  42
     k-point:    15    nbnd_occ=  42
     k-point:    16    nbnd_occ=  42


     q-space interpolation up to   110.00 Rydberg

     GIPAW job: efg                                                                             


     ELECTRIC FIELD GRADIENTS TENSORS IN Hartree/bohrradius^2:

     ----- bare term -----
     Cl   1        0.157258        0.186067        0.042687
     Cl   1        0.186067        0.095967        0.360100
     Cl   1        0.042687        0.360100       -0.253225

     C    2       -0.086909       -0.111370       -0.281855
     C    2       -0.111370        0.040570       -0.697977
     C    2       -0.281855       -0.697977        0.046338

     C    3       -0.457734        0.277441       -0.198140
     C    3        0.277441        0.149499       -0.213097
     C    3       -0.198140       -0.213097        0.308234

     H    4       -0.382267       -0.515326        0.064929
     H    4       -0.515326        0.079422        0.117935
     H    4        0.064929        0.117935        0.302845

     C    5        0.017544        0.312170        0.039239
     C    5        0.312170       -0.236285       -0.368232
     C    5        0.039239       -0.368232        0.218741

     H    6        0.131075       -0.454723       -0.150913
     H    6       -0.454723       -0.405262       -0.355343
     H    6       -0.150913       -0.355343        0.274187

     H    7        0.522566        0.034163        0.019848
     H    7        0.034163       -0.307508        0.377985
     H    7        0.019848        0.377985       -0.215058

     C    8       -0.802431       -0.335601       -0.243478
     C    8       -0.335601        0.440734        0.177890
     C    8       -0.243478        0.177890        0.361697

     H    9       -0.581601       -0.081639       -0.073732
     H    9       -0.081639        0.299785        0.341959
     H    9       -0.073732        0.341959        0.281816

     C   10        0.033061       -0.028054       -0.218223
     C   10       -0.028054       -0.040475        0.638011
     C   10       -0.218223        0.638011        0.007414

     C   11       -0.686519       -0.424675       -0.296728
     C   11       -0.424675        0.306488        0.175393
     C   11       -0.296728        0.175393        0.380031

     Cl  12        0.052933       -0.081023       -0.023771
     Cl  12       -0.081023       -0.041507       -0.008790
     Cl  12       -0.023771       -0.008790       -0.011426

     H   13        0.046204        0.053449       -0.243430
     H   13        0.053449       -0.323583       -0.529839
     H   13       -0.243430       -0.529839        0.277379

     C   14       -0.807939        0.327680       -0.362023
     C   14        0.327680        0.381176       -0.056901
     C   14       -0.362023       -0.056901        0.426763

     H   15       -0.544115        0.119582        0.041901
     H   15        0.119582        0.241942       -0.359109
     H   15        0.041901       -0.359109        0.302173

     C   16        0.150592       -0.039776       -0.174888
     C   16       -0.039776       -0.416618       -0.553654
     C   16       -0.174888       -0.553654        0.266026

     C   17       -0.769135        0.421295       -0.346463
     C   17        0.421295        0.287645       -0.043721
     C   17       -0.346463       -0.043721        0.481490

     Cl  18        0.295460       -0.048818       -0.118040
     Cl  18       -0.048818        0.004034       -0.467356
     Cl  18       -0.118040       -0.467356       -0.299493

     H   19        0.446825        0.128774       -0.039682
     H   19        0.128774       -0.705790        0.445057
     H   19       -0.039682        0.445057        0.258965

     C   20       -0.126819       -0.061595       -0.223085
     C   20       -0.061595        0.042483        0.483905
     C   20       -0.223085        0.483905        0.084336

     H   21       -0.188111        0.472261       -0.271873
     H   21        0.472261       -0.205638        0.068339
     H   21       -0.271873        0.068339        0.393749

     C   22       -0.695285       -0.316953       -0.181456
     C   22       -0.316953        0.304860        0.193080
     C   22       -0.181456        0.193080        0.390425

     C   23        0.026959        0.149305       -0.323039
     C   23        0.149305        0.030363        0.674195
     C   23       -0.323039        0.674195       -0.057323

     Cl  24       -0.294279       -0.219173       -0.011070
     Cl  24       -0.219173        0.185263        0.003452
     Cl  24       -0.011070        0.003452        0.109016

     ----- ionic term -----
     Cl   1        0.103787       -0.163178       -0.065300
     Cl   1       -0.163178        0.012763        0.055750
     Cl   1       -0.065300        0.055750       -0.116549

     C    2        0.309179       -0.072041        0.103297
     C    2       -0.072041        0.056210        0.401876
     C    2        0.103297        0.401876       -0.365389

     C    3        0.227957       -0.226277        0.068188
     C    3       -0.226277        0.164173        0.394357
     C    3        0.068188        0.394357       -0.392130

     H    4        0.865011        0.306123        0.451378
     H    4        0.306123       -0.462893        0.180728
     H    4        0.451378        0.180728       -0.402118

     C    5        0.336343       -0.191065        0.112182
     C    5       -0.191065        0.074861        0.338185
     C    5        0.112182        0.338185       -0.411203

     H    6       -0.506978        0.195898        0.134086
     H    6        0.195898        0.566597        0.769877
     H    6        0.134086        0.769877       -0.059619

     H    7       -0.515711        0.033879       -0.011844
     H    7        0.033879        0.551786       -0.762558
     H    7       -0.011844       -0.762558       -0.036075

     C    8        0.316706        0.219491        0.237744
     C    8        0.219491        0.031756       -0.329039
     C    8        0.237744       -0.329039       -0.348462

     H    9        0.842134       -0.469009        0.345550
     H    9       -0.469009       -0.309645       -0.170491
     H    9        0.345550       -0.170491       -0.532489

     C   10        0.231708        0.237983        0.098534
     C   10        0.237983        0.189104       -0.366386
     C   10        0.098534       -0.366386       -0.420812

     C   11        0.190967        0.193642        0.213169
     C   11        0.193642        0.143268       -0.371026
     C   11        0.213169       -0.371026       -0.334234

     Cl  12        0.136776        0.211009        0.011753
     Cl  12        0.211009        0.008720        0.001074
     Cl  12        0.011753        0.001074       -0.145495

     H   13       -0.479108        0.259358        0.148252
     H   13        0.259358        0.600800        0.729159
     H   13        0.148252        0.729159       -0.121692

     C   14        0.362463       -0.090415        0.140031
     C   14       -0.090415        0.047834        0.325799
     C   14        0.140031        0.325799       -0.410297

     H   15        0.816703        0.353637        0.480438
     H   15        0.353637       -0.407370        0.185289
     H   15        0.480438        0.185289       -0.409333

     C   16        0.181008       -0.132904        0.100916
     C   16       -0.132904        0.193462        0.407905
     C   16        0.100916        0.407905       -0.374470

     C   17        0.238939       -0.095293        0.121621
     C   17       -0.095293        0.136444        0.417755
     C   17        0.121621        0.417755       -0.375383

     Cl  18        0.107146       -0.205961       -0.052669
     Cl  18       -0.205961        0.018699        0.046161
     Cl  18       -0.052669        0.046161       -0.125845

     H   19       -0.516207       -0.040725        0.038733
     H   19       -0.040725        0.507387       -0.774022
     H   19        0.038733       -0.774022        0.008819

     C   20        0.320937        0.269720        0.230429
     C   20        0.269720        0.057235       -0.292025
     C   20        0.230429       -0.292025       -0.378171

     H   21        0.742733       -0.284085        0.616897
     H   21       -0.284085       -0.433498       -0.212213
     H   21        0.616897       -0.212213       -0.309235

     C   22        0.207477        0.295025        0.192198
     C   22        0.295025        0.179231       -0.376193
     C   22        0.192198       -0.376193       -0.386708

     C   23        0.187703        0.141210        0.296373
     C   23        0.141210        0.124885       -0.404853
     C   23        0.296373       -0.404853       -0.312588

     Cl  24        0.124838        0.190872        0.028158
     Cl  24        0.190872        0.029134        0.002655
     Cl  24        0.028158        0.002655       -0.153972

     ----- GIPAW term -----
     Cl   1       -0.311875       -0.205561       -0.313780
     Cl   1       -0.205561       -0.324990       -0.618106
     Cl   1       -0.313780       -0.618106        0.636866

     C    2       -0.072877       -0.069841       -0.047951
     C    2       -0.069841        0.147362       -0.226883
     C    2       -0.047951       -0.226883       -0.074485

     C    3       -0.127459        0.105627       -0.069636
     C    3        0.105627        0.164550       -0.102725
     C    3       -0.069636       -0.102725       -0.037091

     H    4       -0.000000        0.000000        0.000000
     H    4        0.000000        0.000000        0.000000
     H    4        0.000000        0.000000        0.000000

     C    5       -0.006300        0.162061        0.047479
     C    5        0.162061        0.100303       -0.022077
     C    5        0.047479       -0.022077       -0.094003

     H    6       -0.000000        0.000000        0.000000
     H    6        0.000000        0.000000        0.000000
     H    6        0.000000        0.000000        0.000000

     H    7       -0.000000        0.000000        0.000000
     H    7        0.000000        0.000000        0.000000
     H    7        0.000000        0.000000        0.000000

     C    8       -0.209093        0.047972       -0.001342
     C    8        0.047972        0.294682        0.040500
     C    8       -0.001342        0.040500       -0.085589

     H    9       -0.000000        0.000000        0.000000
     H    9        0.000000        0.000000        0.000000
     H    9        0.000000        0.000000        0.000000

     C   10       -0.117735        0.059064       -0.027525
     C   10        0.059064        0.272450        0.077994
     C   10       -0.027525        0.077994       -0.154715

     C   11       -0.156680        0.071425       -0.027919
     C   11        0.071425        0.279105        0.014287
     C   11       -0.027919        0.014287       -0.122426

     Cl  12       -0.129043        1.426265       -0.110878
     Cl  12        1.426265        2.515955       -0.043077
     Cl  12       -0.110878       -0.043077       -2.386912

     H   13       -0.000000        0.000000        0.000000
     H   13        0.000000        0.000000        0.000000
     H   13        0.000000        0.000000        0.000000

     C   14       -0.168459       -0.109813       -0.065077
     C   14       -0.109813        0.244195        0.102713
     C   14       -0.065077        0.102713       -0.075737

     H   15       -0.000000        0.000000        0.000000
     H   15        0.000000        0.000000        0.000000
     H   15        0.000000        0.000000        0.000000

     C   16       -0.081692       -0.076016       -0.037446
     C   16       -0.076016        0.081583        0.130397
     C   16       -0.037446        0.130397        0.000109

     C   17       -0.118815        0.068963        0.025644
     C   17        0.068963        0.107096        0.140220
     C   17        0.025644        0.140220        0.011719

     Cl  18        0.164066       -0.547265        0.207004
     Cl  18       -0.547265       -0.031995        0.428803
     Cl  18        0.207004        0.428803       -0.132072

     H   19       -0.000000        0.000000        0.000000
     H   19        0.000000        0.000000        0.000000
     H   19        0.000000        0.000000        0.000000

     C   20       -0.104400       -0.037142       -0.022623
     C   20       -0.037142        0.244246        0.141299
     C   20       -0.022623        0.141299       -0.139846

     H   21       -0.000000        0.000000        0.000000
     H   21        0.000000        0.000000        0.000000
     H   21        0.000000        0.000000        0.000000

     C   22       -0.215757        0.030432       -0.018944
     C   22        0.030432        0.296961        0.035678
     C   22       -0.018944        0.035678       -0.081205

     C   23       -0.059530        0.094741       -0.038714
     C   23        0.094741        0.233202        0.106273
     C   23       -0.038714        0.106273       -0.173671

     Cl  24       -0.388033        1.703176       -0.142104
     Cl  24        1.703176        1.983514       -0.082385
     Cl  24       -0.142104       -0.082385       -1.595481

     ----- total EFG -----
     Cl   1       -0.050831       -0.182673       -0.336393
     Cl   1       -0.182673       -0.216261       -0.202256
     Cl   1       -0.336393       -0.202256        0.267092

     C    2        0.149393       -0.253252       -0.226509
     C    2       -0.253252        0.244143       -0.522985
     C    2       -0.226509       -0.522985       -0.393536

     C    3       -0.357235        0.156792       -0.199587
     C    3        0.156792        0.478222        0.078535
     C    3       -0.199587        0.078535       -0.120987

     H    4        0.482744       -0.209203        0.516308
     H    4       -0.209203       -0.383471        0.298663
     H    4        0.516308        0.298663       -0.099273

     C    5        0.347587        0.283166        0.198900
     C    5        0.283166       -0.061121       -0.052123
     C    5        0.198900       -0.052123       -0.286466

     H    6       -0.375903       -0.258825       -0.016828
     H    6       -0.258825        0.161334        0.414534
     H    6       -0.016828        0.414534        0.214568

     H    7        0.006855        0.068042        0.008004
     H    7        0.068042        0.244278       -0.384574
     H    7        0.008004       -0.384574       -0.251133

     C    8       -0.694818       -0.068139       -0.007075
     C    8       -0.068139        0.767172       -0.110648
     C    8       -0.007075       -0.110648       -0.072354

     H    9        0.260533       -0.550648        0.271818
     H    9       -0.550648       -0.009860        0.171468
     H    9        0.271818        0.171468       -0.250673

     C   10        0.147033        0.268994       -0.147213
     C   10        0.268994        0.421079        0.349619
     C   10       -0.147213        0.349619       -0.568112

     C   11       -0.652232       -0.159608       -0.111477
     C   11       -0.159608        0.728861       -0.181346
     C   11       -0.111477       -0.181346       -0.076630

     Cl  12        0.060666        1.556252       -0.122897
     Cl  12        1.556252        2.483168       -0.050794
     Cl  12       -0.122897       -0.050794       -2.543834

     H   13       -0.432904        0.312807       -0.095178
     H   13        0.312807        0.277217        0.199320
     H   13       -0.095178        0.199320        0.155688

     C   14       -0.613935        0.127452       -0.287069
     C   14        0.127452        0.673205        0.371610
     C   14       -0.287069        0.371610       -0.059270

     H   15        0.272587        0.473219        0.522339
     H   15        0.473219       -0.165427       -0.173820
     H   15        0.522339       -0.173820       -0.107160

     C   16        0.249908       -0.248696       -0.111418
     C   16       -0.248696       -0.141572       -0.015352
     C   16       -0.111418       -0.015352       -0.108336

     C   17       -0.649011        0.394966       -0.199198
     C   17        0.394966        0.531185        0.514253
     C   17       -0.199198        0.514253        0.117826

     Cl  18        0.566672       -0.802044        0.036294
     Cl  18       -0.802044       -0.009263        0.007609
     Cl  18        0.036294        0.007609       -0.557410

     H   19       -0.069382        0.088049       -0.000949
     H   19        0.088049       -0.198402       -0.328965
     H   19       -0.000949       -0.328965        0.267784

     C   20        0.089718        0.170983       -0.015278
     C   20        0.170983        0.343964        0.333178
     C   20       -0.015278        0.333178       -0.433682

     H   21        0.554623        0.188176        0.345024
     H   21        0.188176       -0.639136       -0.143874
     H   21        0.345024       -0.143874        0.084513

     C   22       -0.703565        0.008504       -0.008202
     C   22        0.008504        0.781053       -0.147435
     C   22       -0.008202       -0.147435       -0.077488

     C   23        0.155132        0.385256       -0.065380
     C   23        0.385256        0.388450        0.375616
     C   23       -0.065380        0.375616       -0.543582

     Cl  24       -0.557473        1.674875       -0.125016
     Cl  24        1.674875        2.197910       -0.076277
     Cl  24       -0.125016       -0.076277       -1.640437

     ----- total EFG (symmetrized) -----
     Cl   1       -0.050831       -0.182673       -0.336393
     Cl   1       -0.182673       -0.216261       -0.202256
     Cl   1       -0.336393       -0.202256        0.267092

     C    2        0.149393       -0.253252       -0.226509
     C    2       -0.253252        0.244143       -0.522985
     C    2       -0.226509       -0.522985       -0.393536

     C    3       -0.357235        0.156792       -0.199587
     C    3        0.156792        0.478222        0.078535
     C    3       -0.199587        0.078535       -0.120987

     H    4        0.482744       -0.209203        0.516308
     H    4       -0.209203       -0.383471        0.298663
     H    4        0.516308        0.298663       -0.099273

     C    5        0.347587        0.283166        0.198900
     C    5        0.283166       -0.061121       -0.052123
     C    5        0.198900       -0.052123       -0.286466

     H    6       -0.375903       -0.258825       -0.016828
     H    6       -0.258825        0.161334        0.414534
     H    6       -0.016828        0.414534        0.214568

     H    7        0.006855        0.068042        0.008004
     H    7        0.068042        0.244278       -0.384574
     H    7        0.008004       -0.384574       -0.251133

     C    8       -0.694818       -0.068139       -0.007075
     C    8       -0.068139        0.767172       -0.110648
     C    8       -0.007075       -0.110648       -0.072354

     H    9        0.260533       -0.550648        0.271818
     H    9       -0.550648       -0.009860        0.171468
     H    9        0.271818        0.171468       -0.250673

     C   10        0.147033        0.268994       -0.147213
     C   10        0.268994        0.421079        0.349619
     C   10       -0.147213        0.349619       -0.568112

     C   11       -0.652232       -0.159608       -0.111477
     C   11       -0.159608        0.728861       -0.181346
     C   11       -0.111477       -0.181346       -0.076630

     Cl  12        0.060666        1.556252       -0.122897
     Cl  12        1.556252        2.483168       -0.050794
     Cl  12       -0.122897       -0.050794       -2.543834

     H   13       -0.432904        0.312807       -0.095178
     H   13        0.312807        0.277217        0.199320
     H   13       -0.095178        0.199320        0.155688

     C   14       -0.613935        0.127452       -0.287069
     C   14        0.127452        0.673205        0.371610
     C   14       -0.287069        0.371610       -0.059270

     H   15        0.272587        0.473219        0.522339
     H   15        0.473219       -0.165427       -0.173820
     H   15        0.522339       -0.173820       -0.107160

     C   16        0.249908       -0.248696       -0.111418
     C   16       -0.248696       -0.141572       -0.015352
     C   16       -0.111418       -0.015352       -0.108336

     C   17       -0.649011        0.394966       -0.199198
     C   17        0.394966        0.531185        0.514253
     C   17       -0.199198        0.514253        0.117826

     Cl  18        0.566672       -0.802044        0.036294
     Cl  18       -0.802044       -0.009263        0.007609
     Cl  18        0.036294        0.007609       -0.557410

     H   19       -0.069382        0.088049       -0.000949
     H   19        0.088049       -0.198402       -0.328965
     H   19       -0.000949       -0.328965        0.267784

     C   20        0.089718        0.170983       -0.015278
     C   20        0.170983        0.343964        0.333178
     C   20       -0.015278        0.333178       -0.433682

     H   21        0.554623        0.188176        0.345024
     H   21        0.188176       -0.639136       -0.143874
     H   21        0.345024       -0.143874        0.084513

     C   22       -0.703565        0.008504       -0.008202
     C   22        0.008504        0.781053       -0.147435
     C   22       -0.008202       -0.147435       -0.077488

     C   23        0.155132        0.385256       -0.065380
     C   23        0.385256        0.388450        0.375616
     C   23       -0.065380        0.375616       -0.543582

     Cl  24       -0.557473        1.674875       -0.125016
     Cl  24        1.674875        2.197910       -0.076277
     Cl  24       -0.125016       -0.076277       -1.640437


     NQR/NMR SPECTROSCOPIC PARAMETERS:
     Cl   1    Vxx=    0.0173    axis=(  0.634040 -0.726147  0.265902)
     Cl   1    Vyy=    0.4889    axis=(  0.496109  0.118200 -0.860177)
     Cl   1    Vzz=   -0.5062    axis=(  0.593185  0.677303  0.435192)
     Cl   1  Q=        -8.1650 1e-30 m^2  Cq=         9.7113 MHz  eta= 0.93164

     C    2    Vxx=    0.2243    axis=(  0.895395  0.119047 -0.429064)
     C    2    Vyy=    0.5732    axis=(  0.305238 -0.865666  0.396803)
     C    2    Vzz=   -0.7974    axis=(  0.324187  0.486262  0.811450)
     C    2  Q=         1.0000 1e-30 m^2  Cq=        -1.8736 MHz  eta= 0.43754

     C    3    Vxx=   -0.0073    axis=( -0.489622  0.017102  0.871767)
     C    3    Vyy=   -0.5023    axis=( -0.856834  0.175832 -0.484684)
     C    3    Vzz=    0.5097    axis=( -0.161574 -0.984272 -0.071437)
     C    3  Q=         1.0000 1e-30 m^2  Cq=         1.1975 MHz  eta= 0.97116

     H    4    Vxx=   -0.0293    axis=(  0.329831 -0.714772 -0.616695)
     H    4    Vyy=   -0.7560    axis=(  0.372538  0.698784 -0.610669)
     H    4    Vzz=    0.7853    axis=(  0.867425 -0.028325  0.496760)
     H    4  Q=         1.0000 1e-30 m^2  Cq=         1.8450 MHz  eta= 0.92550

     C    5    Vxx=   -0.1162    axis=(  0.255443 -0.799848  0.543131)
     C    5    Vyy=   -0.4063    axis=(  0.378708 -0.434101 -0.817396)
     C    5    Vzz=    0.5225    axis=(  0.889567  0.414486  0.192021)
     C    5  Q=         1.0000 1e-30 m^2  Cq=         1.2276 MHz  eta= 0.55533

     H    6    Vxx=   -0.1233    axis=( -0.502017  0.534105 -0.680229)
     H    6    Vyy=   -0.5166    axis=( -0.843815 -0.474927  0.249840)
     H    6    Vzz=    0.6399    axis=( -0.189619  0.699411  0.689107)
     H    6  Q=         1.0000 1e-30 m^2  Cq=         1.5036 MHz  eta= 0.61453

     H    7    Vxx=    0.0033    axis=(  0.988857 -0.067279  0.132799)
     H    7    Vyy=    0.4609    axis=( -0.122645 -0.873807  0.470553)
     H    7    Vzz=   -0.4642    axis=(  0.084382 -0.481597 -0.872321)
     H    7  Q=         1.0000 1e-30 m^2  Cq=        -1.0907 MHz  eta= 0.98578

     C    8    Vxx=   -0.0863    axis=( -0.025695  0.126511  0.991632)
     C    8    Vyy=   -0.6982    axis=( -0.998655 -0.047928 -0.019762)
     C    8    Vzz=    0.7845    axis=(  0.045027 -0.990807  0.127572)
     C    8  Q=         1.0000 1e-30 m^2  Cq=         1.8433 MHz  eta= 0.78003

     H    9    Vxx=   -0.0391    axis=(  0.275956  0.541995  0.793782)
     H    9    Vyy=   -0.6666    axis=(  0.532030  0.601662 -0.595774)
     H    9    Vzz=    0.7057    axis=( -0.800495  0.586723 -0.122325)
     H    9  Q=         1.0000 1e-30 m^2  Cq=         1.6580 MHz  eta= 0.88919

     C   10    Vxx=    0.1048    axis=(  0.868554 -0.335808 -0.364482)
     C   10    Vyy=    0.6323    axis=( -0.426422 -0.881143 -0.204333)
     C   10    Vzz=   -0.7371    axis=(  0.252544 -0.332897  0.908516)
     C   10  Q=         1.0000 1e-30 m^2  Cq=        -1.7320 MHz  eta= 0.71563

     C   11    Vxx=   -0.0813    axis=( -0.233988  0.168254  0.957570)
     C   11    Vyy=   -0.6990    axis=(  0.967718  0.135185  0.212715)
     C   11    Vzz=    0.7803    axis=( -0.093659  0.976430 -0.194455)
     C   11  Q=         1.0000 1e-30 m^2  Cq=         1.8334 MHz  eta= 0.79173

     Cl  12    Vxx=   -0.6960    axis=(  0.896843 -0.439785 -0.047558)
     Cl  12    Vyy=   -2.5497    axis=( -0.050279  0.005468 -0.998720)
     Cl  12    Vzz=    3.2457    axis=(  0.439482  0.898087 -0.017208)
     Cl  12  Q=        -8.1650 1e-30 m^2  Cq=       -62.2671 MHz  eta= 0.57115

     H   13    Vxx=    0.1117    axis=(  0.357808  0.360909 -0.861230)
     H   13    Vyy=    0.4747    axis=( -0.245878 -0.853330 -0.459752)
     H   13    Vzz=   -0.5864    axis=(  0.900842 -0.376261  0.216589)
     H   13  Q=         1.0000 1e-30 m^2  Cq=        -1.3779 MHz  eta= 0.61905

     C   14    Vxx=   -0.0423    axis=( -0.481432 -0.334917  0.809972)
     C   14    Vyy=   -0.7865    axis=( -0.876469  0.189238 -0.442708)
     C   14    Vzz=    0.8288    axis=(  0.005007  0.923049  0.384649)
     C   14  Q=         1.0000 1e-30 m^2  Cq=         1.9472 MHz  eta= 0.89792

     H   15    Vxx=    0.0347    axis=(  0.056128  0.727073 -0.684262)
     H   15    Vyy=    0.7460    axis=( -0.829597 -0.347370 -0.437152)
     H   15    Vzz=   -0.7807    axis=( -0.555534  0.592198  0.583681)
     H   15  Q=         1.0000 1e-30 m^2  Cq=        -1.8343 MHz  eta= 0.91113

     C   16    Vxx=   -0.1024    axis=(  0.006595 -0.401048  0.916033)
     C   16    Vyy=   -0.2861    axis=( -0.453205 -0.817770 -0.354764)
     C   16    Vzz=    0.3885    axis=( -0.891382  0.412812  0.187150)
     C   16  Q=         1.0000 1e-30 m^2  Cq=         0.9128 MHz  eta= 0.47272

     C   17    Vxx=   -0.0130    axis=( -0.485996 -0.387529  0.783345)
     C   17    Vyy=   -0.8983    axis=( -0.861165  0.365159 -0.353629)
     C   17    Vzz=    0.9113    axis=( -0.149004 -0.846451 -0.511193)
     C   17  Q=         1.0000 1e-30 m^2  Cq=         2.1412 MHz  eta= 0.97148

     Cl  18    Vxx=   -0.5374    axis=( -0.335806 -0.498435 -0.799247)
     Cl  18    Vyy=   -0.5938    axis=(  0.467119  0.648707 -0.600815)
     Cl  18    Vzz=    1.1313    axis=(  0.817945 -0.575101  0.014989)
     Cl  18  Q=        -8.1650 1e-30 m^2  Cq=       -21.7026 MHz  eta= 0.04988

     H   19    Vxx=   -0.0536    axis=(  0.967605  0.175006  0.181970)
     H   19    Vyy=   -0.3876    axis=( -0.238861  0.868005  0.435330)
     H   19    Vzz=    0.4413    axis=( -0.081766 -0.464693  0.881688)
     H   19  Q=         1.0000 1e-30 m^2  Cq=         1.0368 MHz  eta= 0.75690

     C   20    Vxx=    0.0422    axis=(  0.933220 -0.279570 -0.225700)
     C   20    Vyy=    0.5233    axis=(  0.340155  0.889758  0.304344)
     C   20    Vzz=   -0.5655    axis=(  0.115733 -0.360793  0.925437)
     C   20  Q=         1.0000 1e-30 m^2  Cq=        -1.3287 MHz  eta= 0.85078

     H   21    Vxx=   -0.0242    axis=( -0.404515 -0.323881  0.855259)
     H   21    Vyy=   -0.7203    axis=( -0.209111  0.943170  0.258268)
     H   21    Vzz=    0.7444    axis=( -0.890303 -0.074371 -0.449254)
     H   21  Q=         1.0000 1e-30 m^2  Cq=         1.7491 MHz  eta= 0.93501

     C   22    Vxx=   -0.1020    axis=( -0.011119  0.164770  0.986269)
     C   22    Vyy=   -0.7037    axis=( -0.999917  0.004532 -0.012030)
     C   22    Vzz=    0.8057    axis=( -0.006452 -0.986322  0.164706)
     C   22  Q=         1.0000 1e-30 m^2  Cq=         1.8931 MHz  eta= 0.74675

     C   23    Vxx=   -0.0103    axis=(  0.817976 -0.418285 -0.394909)
     C   23    Vyy=   -0.7221    axis=(  0.235021 -0.383592  0.893097)
     C   23    Vzz=    0.7324    axis=( -0.525053 -0.823344 -0.215463)
     C   23  Q=         1.0000 1e-30 m^2  Cq=         1.7209 MHz  eta= 0.97185

     Cl  24    Vxx=   -1.3280    axis=(  0.873243 -0.420149 -0.246823)
     Cl  24    Vyy=   -1.6642    axis=( -0.234152  0.082413 -0.968701)
     Cl  24    Vzz=    2.9921    axis=(  0.427340  0.903705 -0.026412)
     Cl  24  Q=        -8.1650 1e-30 m^2  Cq=       -57.4028 MHz  eta= 0.11236

     Initialization:
     gipaw_setup  :      9.06s CPU     10.77s WALL (       1 calls)

     Linear response

     Apply operators

     Induced current

     Other routines
     efg          :      9.32s CPU     11.68s WALL (       1 calls)

     General routines
     calbec       :      3.28s CPU      4.21s WALL (      16 calls)
     fft          :      1.52s CPU      2.06s WALL (      15 calls)
     ffts         :      0.03s CPU      0.04s WALL (       2 calls)
     fftw         :      3.26s CPU      4.01s WALL (     672 calls)
     davcio       :      0.02s CPU      0.33s WALL (      32 calls)

     Parallel routines
     fft_scatter  :      2.17s CPU      3.21s WALL (     689 calls)

     Plugins

     GIPAW        :     60.07s CPU     74.18s WALL (       1 calls)
