
     Program QE v.6.0 (svn rev. 13079) starts on 21Dec2016 at 13:35: 4 

     This program is part of the open-source Quantum ESPRESSO suite
     for quantum simulation of materials; please cite
         "P. Giannozzi et al., J. Phys.:Condens. Matter 21 395502 (2009);
          URL http://www.quantum-espresso.org", 
     in publications or presentations arising from this work. More details at
     http://www.quantum-espresso.org/quote

     Parallel version (MPI), running on     8 processors
     R & G space division:  proc/nbgrp/npool/nimage =       8

     ***** This is GIPAW svn revision unknown      *****

     Parallelizing q-star over 1 images

     Reading data from directory:
     /users/majewski/paradichlorobenzene/pbe/9_constraint/scratch/pbe.ecut100.np8.dt60.pcl2phi-129368.save
     Message from routine read_xml_file:
     file /users/majewski/paradichlorobenzene/pbe/9_constraint/scratch/pbe.ecut100.np8.dt60.pcl2phi-129368.save not guaranteed to be safe for post-processing

   Info: using nr1, nr2, nr3 values from input

   Info: using nr1, nr2, nr3 values from input

     IMPORTANT: XC functional enforced from input :
     Exchange-correlation      =  SLA  PW   PBX  PBC ( 1  4  3  4 0 0)
     Any further DFT definition will be discarded
     Please, verify this is what you really want

               file C.pbe-n-kjpaw_psl.1.0.0.UPF: wavefunction(s)  2S 2P renormalized
               file Cl.pbe-n-kjpaw_psl.1.0.0.UPF: wavefunction(s)  3S 3P renormalized
               file H.pbe-kjpaw_psl.1.0.0.UPF: wavefunction(s)  1S renormalized

     Parallelization info
     --------------------
     sticks:   dense  smooth     PW     G-vecs:    dense   smooth      PW
     Min        3057    1223    332               144436    36536    5170
     Max        3059    1225    333               144437    36537    5171
     Sum       24467    9791   2657              1155489   292295   41363


     Subspace diagonalization in iterative solution of the eigenvalue problem:
     a serial algorithm will be used

     GIPAW projectors -----------------------------------------------
     atom=  C    l=0  rc=    1.2000  rs=    0.8000
     atom=  C    l=0  rc=    1.2000  rs=    0.8000
     atom=  C    l=1  rc=    1.4000  rs=    0.9333
     atom=  C    l=1  rc=    1.4000  rs=    0.9333
     projs nearly linearly dependent: l=1  n1,n2= 1, 2  s=  0.99951561

     atom=  Cl   l=0  rc=    1.6000  rs=    1.0667
     atom=  Cl   l=0  rc=    1.6000  rs=    1.0667
     atom=  Cl   l=1  rc=    1.6000  rs=    1.0667
     atom=  Cl   l=1  rc=    1.6000  rs=    1.0667
     atom=  Cl   l=2  rc=    1.6000  rs=    1.0667
     atom=  Cl   l=2  rc=    1.6000  rs=    1.0667
     projs nearly linearly dependent: l=2  n1,n2= 1, 2  s=  0.99993509

     atom=  H    l=0  rc=    1.0000  rs=    0.6667
     atom=  H    l=0  rc=    1.0000  rs=    0.6667
     projs nearly linearly dependent: l=0  n1,n2= 1, 2  s=  0.99968852
     -----------------------------------------------------------------

     GIPAW integrals: -------------------------------------------
     Atom  i/j   nmr_para   nmr_dia   epr_rmc  epr_para   epr_dia
       C   1 1   0.83E+03  0.17E-01  0.93E+01  0.24E+08  0.24E+03
       C   2 1   0.86E+03 -0.61E-01  0.94E+01  0.25E+08  0.25E+03
       C   2 2   0.90E+03 -0.15E+00  0.97E+01  0.26E+08  0.26E+03
       C   3 3   0.33E+01  0.34E+00  0.18E+01  0.55E+03  0.21E+02
       C   4 3   0.35E+01  0.37E+00  0.20E+01  0.59E+03  0.22E+02
       C   4 4   0.38E+01  0.39E+00  0.22E+01  0.63E+03  0.24E+02
       Cl  1 1   0.14E+04 -0.47E+00  0.84E+01  0.32E+09  0.42E+03
       Cl  2 1   0.21E+04 -0.37E+00  0.12E+02  0.49E+09  0.65E+03
       Cl  2 2   0.33E+04 -0.16E+00  0.21E+02  0.76E+09  0.10E+04
       Cl  3 3   0.21E+02  0.79E-01  0.89E+01  0.23E+05  0.13E+03
       Cl  4 3   0.24E+02  0.67E-01  0.99E+01  0.27E+05  0.15E+03
       Cl  4 4   0.28E+02  0.44E-01  0.11E+02  0.32E+05  0.18E+03
       Cl  5 5   0.77E+00  0.19E+00  0.18E+01  0.12E+03  0.22E+02
       Cl  6 5   0.80E+00  0.19E+00  0.19E+01  0.12E+03  0.23E+02
       Cl  6 6   0.83E+00  0.20E+00  0.19E+01  0.12E+03  0.23E+02
       H   1 1   0.39E+02  0.19E+00  0.29E+00  0.78E+05  0.13E+02
       H   2 1   0.41E+02  0.21E+00  0.32E+00  0.82E+05  0.14E+02
       H   2 2   0.43E+02  0.22E+00  0.36E+00  0.86E+05  0.15E+02
     ------------------------------------------------------------

     alpha_pv=     33.9749 eV

     Number of occupied bands for each k-point:
     k-point:     1    nbnd_occ=  42
     k-point:     2    nbnd_occ=  42
     k-point:     3    nbnd_occ=  42
     k-point:     4    nbnd_occ=  42
     k-point:     5    nbnd_occ=  42
     k-point:     6    nbnd_occ=  42
     k-point:     7    nbnd_occ=  42
     k-point:     8    nbnd_occ=  42
     k-point:     9    nbnd_occ=  42
     k-point:    10    nbnd_occ=  42
     k-point:    11    nbnd_occ=  42
     k-point:    12    nbnd_occ=  42
     k-point:    13    nbnd_occ=  42
     k-point:    14    nbnd_occ=  42
     k-point:    15    nbnd_occ=  42
     k-point:    16    nbnd_occ=  42


     q-space interpolation up to   110.00 Rydberg

     GIPAW job: efg                                                                             


     ELECTRIC FIELD GRADIENTS TENSORS IN Hartree/bohrradius^2:

     ----- bare term -----
     Cl   1       -0.179663        0.184174        0.004884
     Cl   1        0.184174        0.133551        0.091185
     Cl   1        0.004884        0.091185        0.046112

     C    2       -0.010785       -0.189060       -0.381212
     C    2       -0.189060       -0.143524       -0.526061
     C    2       -0.381212       -0.526061        0.154309

     C    3       -0.289747        0.382109       -0.393337
     C    3        0.382109       -0.160072       -0.133646
     C    3       -0.393337       -0.133646        0.449819

     H    4        0.085242       -0.103860       -0.261090
     H    4       -0.103860        0.513919       -0.141318
     H    4       -0.261090       -0.141318       -0.599161

     C    5       -0.157398        0.041316       -0.324292
     C    5        0.041316       -0.318005       -0.301299
     C    5       -0.324292       -0.301299        0.475403

     H    6        0.466418        0.009924        0.118027
     H    6        0.009924       -0.020327       -0.537457
     H    6        0.118027       -0.537457       -0.446091

     H    7        0.334393       -0.055608       -0.313658
     H    7       -0.055608       -0.233016        0.400585
     H    7       -0.313658        0.400585       -0.101377

     C    8       -0.676398       -0.327382       -0.319382
     C    8       -0.327382        0.269794        0.228862
     C    8       -0.319382        0.228862        0.406604

     H    9       -0.544687       -0.056402       -0.424915
     H    9       -0.056402        0.280917        0.135120
     H    9       -0.424915        0.135120        0.263770

     C   10        0.017196        0.147801       -0.362657
     C   10        0.147801       -0.207228        0.581503
     C   10       -0.362657        0.581503        0.190032

     C   11       -0.629009       -0.307566       -0.366777
     C   11       -0.307566        0.260062        0.171156
     C   11       -0.366777        0.171156        0.368947

     Cl  12        0.024083       -0.041753       -0.081063
     Cl  12       -0.041753       -0.011992        0.027431
     Cl  12       -0.081063        0.027431       -0.012091

     H   13        0.398650        0.105172       -0.321920
     H   13        0.105172       -0.169408       -0.314179
     H   13       -0.321920       -0.314179       -0.229241

     C   14       -0.793488        0.347680       -0.291820
     C   14        0.347680        0.441163       -0.213688
     C   14       -0.291820       -0.213688        0.352326

     H   15        0.086251        0.053285       -0.460336
     H   15        0.053285        0.027905        0.254428
     H   15       -0.460336        0.254428       -0.114155

     C   16        0.101776        0.196107       -0.116797
     C   16        0.196107       -0.085916       -0.606849
     C   16       -0.116797       -0.606849       -0.015861

     C   17       -0.689179        0.431157       -0.392718
     C   17        0.431157        0.375185       -0.095976
     C   17       -0.392718       -0.095976        0.313994

     Cl  18        0.060613        0.027666       -0.013581
     Cl  18        0.027666       -0.076081        0.008908
     Cl  18       -0.013581        0.008908        0.015468

     H   19        0.446386        0.241058        0.033767
     H   19        0.241058       -0.773473       -0.055297
     H   19        0.033767       -0.055297        0.327087

     C   20       -0.223302        0.008369       -0.297650
     C   20        0.008369        0.062061        0.554460
     C   20       -0.297650        0.554460        0.161241

     H   21       -0.314028        0.479125       -0.198986
     H   21        0.479125        0.003814       -0.049905
     H   21       -0.198986       -0.049905        0.310215

     C   22       -0.472741       -0.350316       -0.105644
     C   22       -0.350316        0.035966        0.466519
     C   22       -0.105644        0.466519        0.436776

     C   23       -0.072210        0.029613       -0.320623
     C   23        0.029613       -0.082578        0.610496
     C   23       -0.320623        0.610496        0.154787

     Cl  24       -0.232631       -0.241320       -0.029300
     Cl  24       -0.241320        0.180118        0.123695
     Cl  24       -0.029300        0.123695        0.052513

     ----- ionic term -----
     Cl   1        0.135290       -0.183182        0.001168
     Cl   1       -0.183182       -0.007310        0.000345
     Cl   1        0.001168        0.000345       -0.127980

     C    2        0.159820       -0.239224        0.259726
     C    2       -0.239224       -0.026756        0.425808
     C    2        0.259726        0.425808       -0.133064

     C    3        0.071474       -0.384876        0.196710
     C    3       -0.384876        0.084195        0.419352
     C    3        0.196710        0.419352       -0.155669

     H    4        0.400661        0.162919        0.817787
     H    4        0.162919       -0.529935        0.219710
     H    4        0.817787        0.219710        0.129274

     C    5        0.195599       -0.352781        0.349073
     C    5       -0.352781       -0.015641        0.274181
     C    5        0.349073        0.274181       -0.179959

     H    6       -0.533086        0.038193        0.075500
     H    6        0.038193        0.520123        0.771766
     H    6        0.075500        0.771766        0.012963

     H    7       -0.477523       -0.166473        0.131376
     H    7       -0.166473        0.430554       -0.760621
     H    7        0.131376       -0.760621        0.046969

     C    8        0.320343        0.126189        0.264904
     C    8        0.126189       -0.026334       -0.312340
     C    8        0.264904       -0.312340       -0.294009

     H    9        0.569945       -0.315375        0.671338
     H    9       -0.315375       -0.403154       -0.246510
     H    9        0.671338       -0.246510       -0.166791

     C   10        0.178362        0.162036        0.188878
     C   10        0.162036        0.149049       -0.360359
     C   10        0.188878       -0.360359       -0.327411

     C   11        0.235805        0.069785        0.300731
     C   11        0.069785        0.123256       -0.326723
     C   11        0.300731       -0.326723       -0.359061

     Cl  12        0.103634        0.194369        0.046328
     Cl  12        0.194369        0.029157        0.023412
     Cl  12        0.046328        0.023412       -0.132791

     H   13       -0.508001        0.190288        0.154679
     H   13        0.190288        0.415835        0.782453
     H   13        0.154679        0.782453        0.092166

     C   14        0.194537       -0.201344        0.316054
     C   14       -0.201344        0.014796        0.310290
     C   14        0.316054        0.310290       -0.209333

     H   15        0.350760        0.105647        0.796983
     H   15        0.105647       -0.485299        0.173361
     H   15        0.796983        0.173361        0.134538

     C   16        0.021951       -0.308358        0.225409
     C   16       -0.308358        0.173314        0.395166
     C   16        0.225409        0.395166       -0.195265

     C   17        0.070761       -0.300376        0.358185
     C   17       -0.300376        0.080599        0.368633
     C   17        0.358185        0.368633       -0.151360

     Cl  18        0.103366       -0.239435        0.014076
     Cl  18       -0.239435        0.050336       -0.004580
     Cl  18        0.014076       -0.004580       -0.153703

     H   19       -0.492721       -0.199532        0.089644
     H   19       -0.199532        0.863847       -0.531496
     H   19        0.089644       -0.531496       -0.371126

     C   20        0.330493        0.123125        0.247819
     C   20        0.123125        0.120654       -0.267073
     C   20        0.247819       -0.267073       -0.451148

     H   21        0.699640       -0.342672        0.587240
     H   21       -0.342672       -0.380895       -0.240066
     H   21        0.587240       -0.240066       -0.318745

     C   22        0.161882        0.238911        0.146897
     C   22        0.238911        0.257215       -0.369790
     C   22        0.146897       -0.369790       -0.419097

     C   23        0.266166        0.199481        0.219985
     C   23        0.199481        0.126315       -0.369088
     C   23        0.219985       -0.369088       -0.392481

     Cl  24        0.180043        0.203229       -0.007464
     Cl  24        0.203229       -0.018999       -0.015704
     Cl  24       -0.007464       -0.015704       -0.161045

     ----- GIPAW term -----
     Cl   1        0.183634       -1.194690        0.042743
     Cl   1       -1.194690        1.325683        0.855065
     Cl   1        0.042743        0.855065       -1.509316

     C    2        0.002554       -0.203105       -0.083546
     C    2       -0.203105        0.093965        0.034982
     C    2       -0.083546        0.034982       -0.096520

     C    3       -0.045897        0.005772       -0.228020
     C    3        0.005772       -0.118277        0.051396
     C    3       -0.228020        0.051396        0.164174

     H    4       -0.000000        0.000000        0.000000
     H    4        0.000000        0.000000        0.000000
     H    4        0.000000        0.000000        0.000000

     C    5       -0.082674       -0.041453       -0.131265
     C    5       -0.041453       -0.171809        0.049804
     C    5       -0.131265        0.049804        0.254482

     H    6       -0.000000        0.000000        0.000000
     H    6        0.000000        0.000000        0.000000
     H    6        0.000000        0.000000        0.000000

     H    7       -0.000000        0.000000        0.000000
     H    7        0.000000        0.000000        0.000000
     H    7        0.000000        0.000000        0.000000

     C    8       -0.168389        0.021386       -0.037228
     C    8        0.021386        0.197275        0.014038
     C    8       -0.037228        0.014038       -0.028885

     H    9       -0.000000        0.000000        0.000000
     H    9        0.000000        0.000000        0.000000
     H    9        0.000000        0.000000        0.000000

     C   10        0.007214        0.194704       -0.115209
     C   10        0.194704        0.061176        0.035594
     C   10       -0.115209        0.035594       -0.068390

     C   11       -0.140379        0.088140       -0.066841
     C   11        0.088140        0.232037       -0.077229
     C   11       -0.066841       -0.077229       -0.091658

     Cl  12       -0.187056        1.543848       -0.250726
     Cl  12        1.543848        1.995825        1.522901
     Cl  12       -0.250726        1.522901       -1.808768

     H   13       -0.000000        0.000000        0.000000
     H   13        0.000000        0.000000        0.000000
     H   13        0.000000        0.000000        0.000000

     C   14       -0.227745       -0.008911       -0.019168
     C   14       -0.008911        0.305754       -0.043461
     C   14       -0.019168       -0.043461       -0.078009

     H   15       -0.000000        0.000000        0.000000
     H   15        0.000000        0.000000        0.000000
     H   15        0.000000        0.000000        0.000000

     C   16       -0.098649        0.050166       -0.003487
     C   16        0.050166        0.254564       -0.056778
     C   16       -0.003487       -0.056778       -0.155915

     C   17       -0.159664        0.062436       -0.032398
     C   17        0.062436        0.288896        0.075026
     C   17       -0.032398        0.075026       -0.129232

     Cl  18        0.206555        0.207412        0.024372
     Cl  18        0.207412        2.236613        0.230877
     Cl  18        0.024372        0.230877       -2.443168

     H   19       -0.000000        0.000000        0.000000
     H   19        0.000000        0.000000        0.000000
     H   19        0.000000        0.000000        0.000000

     C   20       -0.114094        0.029476       -0.031223
     C   20        0.029476        0.211120        0.197718
     C   20       -0.031223        0.197718       -0.097026

     H   21       -0.000000        0.000000        0.000000
     H   21        0.000000        0.000000        0.000000
     H   21        0.000000        0.000000        0.000000

     C   22       -0.186876       -0.007817        0.006706
     C   22       -0.007817        0.153441        0.192235
     C   22        0.006706        0.192235        0.033436

     C   23        0.024495        0.120445       -0.055134
     C   23        0.120445        0.095884        0.096106
     C   23       -0.055134        0.096106       -0.120379

     Cl  24       -0.393916        0.656263       -0.363383
     Cl  24        0.656263        1.993084        1.240362
     Cl  24       -0.363383        1.240362       -1.599168

     ----- total EFG -----
     Cl   1        0.139261       -1.193698        0.048795
     Cl   1       -1.193698        1.451924        0.946595
     Cl   1        0.048795        0.946595       -1.591185

     C    2        0.151588       -0.631389       -0.205033
     C    2       -0.631389       -0.076314       -0.065271
     C    2       -0.205033       -0.065271       -0.075274

     C    3       -0.264170        0.003005       -0.424646
     C    3        0.003005       -0.194154        0.337103
     C    3       -0.424646        0.337103        0.458324

     H    4        0.485902        0.059059        0.556696
     H    4        0.059059       -0.016016        0.078392
     H    4        0.556696        0.078392       -0.469887

     C    5       -0.044473       -0.352918       -0.106485
     C    5       -0.352918       -0.505454        0.022685
     C    5       -0.106485        0.022685        0.549927

     H    6       -0.066668        0.048116        0.193527
     H    6        0.048116        0.499796        0.234309
     H    6        0.193527        0.234309       -0.433128

     H    7       -0.143130       -0.222081       -0.182282
     H    7       -0.222081        0.197537       -0.360037
     H    7       -0.182282       -0.360037       -0.054408

     C    8       -0.524445       -0.179807       -0.091707
     C    8       -0.179807        0.440735       -0.069440
     C    8       -0.091707       -0.069440        0.083709

     H    9        0.025258       -0.371777        0.246423
     H    9       -0.371777       -0.122237       -0.111390
     H    9        0.246423       -0.111390        0.096979

     C   10        0.202772        0.504541       -0.288988
     C   10        0.504541        0.002997        0.256739
     C   10       -0.288988        0.256739       -0.205769

     C   11       -0.533583       -0.149640       -0.132887
     C   11       -0.149640        0.615355       -0.232795
     C   11       -0.132887       -0.232795       -0.081772

     Cl  12       -0.059340        1.696463       -0.285462
     Cl  12        1.696463        2.012990        1.573744
     Cl  12       -0.285462        1.573744       -1.953650

     H   13       -0.109351        0.295460       -0.167241
     H   13        0.295460        0.246427        0.468275
     H   13       -0.167241        0.468275       -0.137075

     C   14       -0.826696        0.137425        0.005066
     C   14        0.137425        0.761712        0.053140
     C   14        0.005066        0.053140        0.064985

     H   15        0.437011        0.158932        0.336647
     H   15        0.158932       -0.457394        0.427790
     H   15        0.336647        0.427790        0.020383

     C   16        0.025079       -0.062085        0.105126
     C   16       -0.062085        0.341962       -0.268461
     C   16        0.105126       -0.268461       -0.367041

     C   17       -0.778083        0.193218       -0.066932
     C   17        0.193218        0.744681        0.347683
     C   17       -0.066932        0.347683        0.033402

     Cl  18        0.370534       -0.004357        0.024867
     Cl  18       -0.004357        2.210868        0.235205
     Cl  18        0.024867        0.235205       -2.581402

     H   19       -0.046335        0.041526        0.123410
     H   19        0.041526        0.090374       -0.586793
     H   19        0.123410       -0.586793       -0.044039

     C   20       -0.006903        0.160970       -0.081054
     C   20        0.160970        0.393835        0.485105
     C   20       -0.081054        0.485105       -0.386932

     H   21        0.385611        0.136453        0.388255
     H   21        0.136453       -0.377081       -0.289971
     H   21        0.388255       -0.289971       -0.008530

     C   22       -0.497736       -0.119223        0.047960
     C   22       -0.119223        0.446621        0.288964
     C   22        0.047960        0.288964        0.051115

     C   23        0.218451        0.349539       -0.155771
     C   23        0.349539        0.139621        0.337514
     C   23       -0.155771        0.337514       -0.358073

     Cl  24       -0.446504        0.618172       -0.400147
     Cl  24        0.618172        2.154204        1.348353
     Cl  24       -0.400147        1.348353       -1.707700

     ----- total EFG (symmetrized) -----
     Cl   1        0.139261       -1.193698        0.048795
     Cl   1       -1.193698        1.451924        0.946595
     Cl   1        0.048795        0.946595       -1.591185

     C    2        0.151588       -0.631389       -0.205033
     C    2       -0.631389       -0.076314       -0.065271
     C    2       -0.205033       -0.065271       -0.075274

     C    3       -0.264170        0.003005       -0.424646
     C    3        0.003005       -0.194154        0.337103
     C    3       -0.424646        0.337103        0.458324

     H    4        0.485902        0.059059        0.556696
     H    4        0.059059       -0.016016        0.078392
     H    4        0.556696        0.078392       -0.469887

     C    5       -0.044473       -0.352918       -0.106485
     C    5       -0.352918       -0.505454        0.022685
     C    5       -0.106485        0.022685        0.549927

     H    6       -0.066668        0.048116        0.193527
     H    6        0.048116        0.499796        0.234309
     H    6        0.193527        0.234309       -0.433128

     H    7       -0.143130       -0.222081       -0.182282
     H    7       -0.222081        0.197537       -0.360037
     H    7       -0.182282       -0.360037       -0.054408

     C    8       -0.524445       -0.179807       -0.091707
     C    8       -0.179807        0.440735       -0.069440
     C    8       -0.091707       -0.069440        0.083709

     H    9        0.025258       -0.371777        0.246423
     H    9       -0.371777       -0.122237       -0.111390
     H    9        0.246423       -0.111390        0.096979

     C   10        0.202772        0.504541       -0.288988
     C   10        0.504541        0.002997        0.256739
     C   10       -0.288988        0.256739       -0.205769

     C   11       -0.533583       -0.149640       -0.132887
     C   11       -0.149640        0.615355       -0.232795
     C   11       -0.132887       -0.232795       -0.081772

     Cl  12       -0.059340        1.696463       -0.285462
     Cl  12        1.696463        2.012990        1.573744
     Cl  12       -0.285462        1.573744       -1.953650

     H   13       -0.109351        0.295460       -0.167241
     H   13        0.295460        0.246427        0.468275
     H   13       -0.167241        0.468275       -0.137075

     C   14       -0.826696        0.137425        0.005066
     C   14        0.137425        0.761712        0.053140
     C   14        0.005066        0.053140        0.064985

     H   15        0.437011        0.158932        0.336647
     H   15        0.158932       -0.457394        0.427790
     H   15        0.336647        0.427790        0.020383

     C   16        0.025079       -0.062085        0.105126
     C   16       -0.062085        0.341962       -0.268461
     C   16        0.105126       -0.268461       -0.367041

     C   17       -0.778083        0.193218       -0.066932
     C   17        0.193218        0.744681        0.347683
     C   17       -0.066932        0.347683        0.033402

     Cl  18        0.370534       -0.004357        0.024867
     Cl  18       -0.004357        2.210868        0.235205
     Cl  18        0.024867        0.235205       -2.581402

     H   19       -0.046335        0.041526        0.123410
     H   19        0.041526        0.090374       -0.586793
     H   19        0.123410       -0.586793       -0.044039

     C   20       -0.006903        0.160970       -0.081054
     C   20        0.160970        0.393835        0.485105
     C   20       -0.081054        0.485105       -0.386932

     H   21        0.385611        0.136453        0.388255
     H   21        0.136453       -0.377081       -0.289971
     H   21        0.388255       -0.289971       -0.008530

     C   22       -0.497736       -0.119223        0.047960
     C   22       -0.119223        0.446621        0.288964
     C   22        0.047960        0.288964        0.051115

     C   23        0.218451        0.349539       -0.155771
     C   23        0.349539        0.139621        0.337514
     C   23       -0.155771        0.337514       -0.358073

     Cl  24       -0.446504        0.618172       -0.400147
     Cl  24        0.618172        2.154204        1.348353
     Cl  24       -0.400147        1.348353       -1.707700


     NQR/NMR SPECTROSCOPIC PARAMETERS:
     Cl   1    Vxx=   -0.3785    axis=(  0.858940  0.386321  0.336123)
     Cl   1    Vyy=   -1.9428    axis=( -0.211181 -0.330739  0.919791)
     Cl   1    Vzz=    2.3213    axis=(  0.466503 -0.861027 -0.202501)
     Cl   1  Q=        -8.1650 1e-30 m^2  Cq=       -44.5328 MHz  eta= 0.67386

     C    2    Vxx=   -0.0359    axis=( -0.076302 -0.328379  0.941459)
     C    2    Vyy=   -0.6612    axis=(  0.631241  0.714987  0.300546)
     C    2    Vzz=    0.6971    axis=( -0.771824  0.617220  0.152732)
     C    2  Q=         1.0000 1e-30 m^2  Cq=         1.6379 MHz  eta= 0.89703

     C    3    Vxx=   -0.2159    axis=(  0.562446  0.824787 -0.058140)
     C    3    Vyy=   -0.5384    axis=( -0.741911  0.472388 -0.475834)
     C    3    Vzz=    0.7543    axis=( -0.364998  0.310766  0.877611)
     C    3  Q=         1.0000 1e-30 m^2  Cq=         1.7723 MHz  eta= 0.42764

     H    4    Vxx=   -0.0227    axis=(  0.129259 -0.991527 -0.012902)
     H    4    Vyy=   -0.7287    axis=( -0.413105 -0.065673  0.908312)
     H    4    Vzz=    0.7514    axis=( -0.901464 -0.112077 -0.418093)
     H    4  Q=         1.0000 1e-30 m^2  Cq=         1.7656 MHz  eta= 0.93960

     C    5    Vxx=    0.1212    axis=( -0.850318  0.470350 -0.236074)
     C    5    Vyy=    0.5761    axis=( -0.218910  0.091810  0.971416)
     C    5    Vzz=   -0.6972    axis=( -0.478579 -0.877691 -0.024897)
     C    5  Q=         1.0000 1e-30 m^2  Cq=        -1.6383 MHz  eta= 0.65241

     H    6    Vxx=   -0.0150    axis=(  0.926205 -0.224438  0.302938)
     H    6    Vyy=   -0.5541    axis=( -0.346262 -0.188509  0.919003)
     H    6    Vzz=    0.5691    axis=( -0.149153 -0.956082 -0.252312)
     H    6  Q=         1.0000 1e-30 m^2  Cq=         1.3372 MHz  eta= 0.94718

     H    7    Vxx=    0.0538    axis=(  0.786453 -0.225345 -0.575075)
     H    7    Vyy=    0.4643    axis=( -0.147019  0.836010 -0.528652)
     H    7    Vzz=   -0.5181    axis=(  0.599898  0.500306  0.624352)
     H    7  Q=         1.0000 1e-30 m^2  Cq=        -1.2172 MHz  eta= 0.79232

     C    8    Vxx=    0.0928    axis=( -0.175870  0.104464  0.978855)
     C    8    Vyy=    0.4802    axis=(  0.162776 -0.977580  0.133573)
     C    8    Vzz=   -0.5729    axis=(  0.970862  0.182826  0.154923)
     C    8  Q=         1.0000 1e-30 m^2  Cq=        -1.3462 MHz  eta= 0.67614

     H    9    Vxx=   -0.0628    axis=( -0.321418  0.469078  0.822591)
     H    9    Vyy=   -0.4386    axis=( -0.666736 -0.728963  0.155168)
     H    9    Vzz=    0.5014    axis=(  0.672424 -0.498577  0.547053)
     H    9  Q=         1.0000 1e-30 m^2  Cq=         1.1781 MHz  eta= 0.74939

     C   10    Vxx=    0.0825    axis=( -0.317906  0.527143  0.788071)
     C   10    Vyy=    0.6225    axis=( -0.789853 -0.607033  0.087421)
     C   10    Vzz=   -0.7051    axis=(  0.524469 -0.594669  0.609345)
     C   10  Q=         1.0000 1e-30 m^2  Cq=        -1.6566 MHz  eta= 0.76586

     C   11    Vxx=   -0.0889    axis=( -0.348137  0.226698  0.909620)
     C   11    Vyy=   -0.6062    axis=(  0.933373  0.174147  0.313827)
     C   11    Vzz=    0.6951    axis=( -0.087264  0.958270 -0.272221)
     C   11  Q=         1.0000 1e-30 m^2  Cq=         1.6332 MHz  eta= 0.74413

     Cl  12    Vxx=   -0.4715    axis=(  0.841132 -0.282028 -0.461473)
     Cl  12    Vyy=   -2.7983    axis=( -0.335281  0.397595 -0.854111)
     Cl  12    Vzz=    3.2698    axis=(  0.424363  0.873143  0.239871)
     Cl  12  Q=        -8.1650 1e-30 m^2  Cq=       -62.7303 MHz  eta= 0.71158

     H   13    Vxx=    0.0357    axis=(  0.824133  0.087883 -0.559537)
     H   13    Vyy=    0.5980    axis=( -0.237890 -0.842823 -0.482761)
     H   13    Vzz=   -0.6337    axis=(  0.514017 -0.530968  0.673691)
     H   13  Q=         1.0000 1e-30 m^2  Cq=        -1.4891 MHz  eta= 0.88733

     C   14    Vxx=    0.0610    axis=( -0.005839 -0.074479  0.997206)
     C   14    Vyy=    0.7775    axis=(  0.085348  0.993547  0.074705)
     C   14    Vzz=   -0.8385    axis=( -0.996334  0.085546  0.000555)
     C   14  Q=         1.0000 1e-30 m^2  Cq=        -1.9701 MHz  eta= 0.85454

     H   15    Vxx=   -0.0250    axis=(  0.624245 -0.421406 -0.657826)
     H   15    Vyy=   -0.7096    axis=(  0.033103  0.855552 -0.516657)
     H   15    Vzz=    0.7346    axis=( -0.780527 -0.300744 -0.548025)
     H   15  Q=         1.0000 1e-30 m^2  Cq=         1.7261 MHz  eta= 0.93184

     C   16    Vxx=    0.0179    axis=(  0.963165  0.255078  0.085136)
     C   16    Vyy=    0.4524    axis=( -0.214504  0.919709 -0.328820)
     C   16    Vzz=   -0.4704    axis=( -0.162175  0.298446  0.940547)
     C   16  Q=         1.0000 1e-30 m^2  Cq=        -1.1051 MHz  eta= 0.92376

     C   17    Vxx=   -0.0830    axis=( -0.184235 -0.343784  0.920799)
     C   17    Vyy=   -0.8176    axis=(  0.978555 -0.151970  0.139052)
     C   17    Vzz=    0.9006    axis=(  0.092130  0.926670  0.364409)
     C   17  Q=         1.0000 1e-30 m^2  Cq=         2.1161 MHz  eta= 0.81565

     Cl  18    Vxx=    0.3707    axis=(  0.999963  0.001278  0.008525)
     Cl  18    Vyy=    2.2224    axis=( -0.001693  0.998802  0.048895)
     Cl  18    Vzz=   -2.5931    axis=( -0.008452 -0.048908  0.998768)
     Cl  18  Q=        -8.1650 1e-30 m^2  Cq=        49.7479 MHz  eta= 0.71406

     H   19    Vxx=   -0.0241    axis=(  0.973591  0.201077  0.108110)
     H   19    Vyy=   -0.5938    axis=( -0.214480  0.643362  0.734904)
     H   19    Vzz=    0.6178    axis=(  0.078219 -0.738684  0.669498)
     H   19  Q=         1.0000 1e-30 m^2  Cq=         1.4516 MHz  eta= 0.92213

     C   20    Vxx=    0.0061    axis=(  0.960650 -0.059313 -0.271354)
     C   20    Vyy=    0.6452    axis=(  0.170652  0.896841  0.408111)
     C   20    Vzz=   -0.6513    axis=(  0.219155 -0.438359  0.871672)
     C   20  Q=         1.0000 1e-30 m^2  Cq=        -1.5302 MHz  eta= 0.98141

     H   21    Vxx=    0.0123    axis=( -0.436641 -0.630731  0.641501)
     H   21    Vyy=    0.6254    axis=(  0.843839 -0.039924  0.535109)
     H   21    Vzz=   -0.6377    axis=(  0.311898 -0.774974 -0.549668)
     H   21  Q=         1.0000 1e-30 m^2  Cq=        -1.4983 MHz  eta= 0.96140

     C   22    Vxx=   -0.0789    axis=(  0.222684 -0.430464  0.874707)
     C   22    Vyy=   -0.5265    axis=( -0.971921 -0.168003  0.164754)
     C   22    Vzz=    0.6054    axis=(  0.076033 -0.886835 -0.455789)
     C   22  Q=         1.0000 1e-30 m^2  Cq=         1.4223 MHz  eta= 0.73939

     C   23    Vxx=    0.0921    axis=( -0.637796  0.493910  0.590990)
     C   23    Vyy=    0.5470    axis=( -0.687188 -0.711444 -0.147036)
     C   23    Vzz=   -0.6391    axis=(  0.347834 -0.499900  0.793165)
     C   23  Q=         1.0000 1e-30 m^2  Cq=        -1.5016 MHz  eta= 0.71176

     Cl  24    Vxx=   -0.3422    axis=(  0.942263 -0.054903 -0.330343)
     Cl  24    Vyy=   -2.3089    axis=( -0.297822  0.313641 -0.901627)
     Cl  24    Vzz=    2.6512    axis=(  0.153111  0.947953  0.279181)
     Cl  24  Q=        -8.1650 1e-30 m^2  Cq=       -50.8610 MHz  eta= 0.74182

     Initialization:
     gipaw_setup  :      9.48s CPU     11.05s WALL (       1 calls)

     Linear response

     Apply operators

     Induced current

     Other routines
     efg          :      9.46s CPU     11.93s WALL (       1 calls)

     General routines
     calbec       :      3.38s CPU      4.59s WALL (      16 calls)
     fft          :      1.80s CPU      2.80s WALL (      15 calls)
     ffts         :      0.04s CPU      0.05s WALL (       2 calls)
     fftw         :      3.34s CPU      4.01s WALL (     672 calls)
     davcio       :      0.04s CPU      0.34s WALL (      32 calls)

     Parallel routines
     fft_scatter  :      2.38s CPU      3.89s WALL (     689 calls)

     Plugins

     GIPAW        :     62.07s CPU     74.55s WALL (       1 calls)
