
     Program QE v.6.0 (svn rev. 13079) starts on 20Dec2016 at  5: 6:51 

     This program is part of the open-source Quantum ESPRESSO suite
     for quantum simulation of materials; please cite
         "P. Giannozzi et al., J. Phys.:Condens. Matter 21 395502 (2009);
          URL http://www.quantum-espresso.org", 
     in publications or presentations arising from this work. More details at
     http://www.quantum-espresso.org/quote

     Parallel version (MPI), running on     8 processors
     R & G space division:  proc/nbgrp/npool/nimage =       8

     ***** This is GIPAW svn revision unknown      *****

     Parallelizing q-star over 1 images

     Reading data from directory:
     /users/majewski/paradichlorobenzene/pbe/9_constraint/scratch/pbe.ecut100.np8.dt60.pcl2phi-129368.save
     Message from routine read_xml_file:
     file /users/majewski/paradichlorobenzene/pbe/9_constraint/scratch/pbe.ecut100.np8.dt60.pcl2phi-129368.save not guaranteed to be safe for post-processing

   Info: using nr1, nr2, nr3 values from input

   Info: using nr1, nr2, nr3 values from input

     IMPORTANT: XC functional enforced from input :
     Exchange-correlation      =  SLA  PW   PBX  PBC ( 1  4  3  4 0 0)
     Any further DFT definition will be discarded
     Please, verify this is what you really want

               file C.pbe-n-kjpaw_psl.1.0.0.UPF: wavefunction(s)  2S 2P renormalized
               file Cl.pbe-n-kjpaw_psl.1.0.0.UPF: wavefunction(s)  3S 3P renormalized
               file H.pbe-kjpaw_psl.1.0.0.UPF: wavefunction(s)  1S renormalized

     Parallelization info
     --------------------
     sticks:   dense  smooth     PW     G-vecs:    dense   smooth      PW
     Min        3057    1223    332               144436    36536    5170
     Max        3059    1225    333               144437    36537    5171
     Sum       24467    9791   2657              1155489   292295   41363


     Subspace diagonalization in iterative solution of the eigenvalue problem:
     a serial algorithm will be used

     GIPAW projectors -----------------------------------------------
     atom=  C    l=0  rc=    1.2000  rs=    0.8000
     atom=  C    l=0  rc=    1.2000  rs=    0.8000
     atom=  C    l=1  rc=    1.4000  rs=    0.9333
     atom=  C    l=1  rc=    1.4000  rs=    0.9333
     projs nearly linearly dependent: l=1  n1,n2= 1, 2  s=  0.99951561

     atom=  Cl   l=0  rc=    1.6000  rs=    1.0667
     atom=  Cl   l=0  rc=    1.6000  rs=    1.0667
     atom=  Cl   l=1  rc=    1.6000  rs=    1.0667
     atom=  Cl   l=1  rc=    1.6000  rs=    1.0667
     atom=  Cl   l=2  rc=    1.6000  rs=    1.0667
     atom=  Cl   l=2  rc=    1.6000  rs=    1.0667
     projs nearly linearly dependent: l=2  n1,n2= 1, 2  s=  0.99993509

     atom=  H    l=0  rc=    1.0000  rs=    0.6667
     atom=  H    l=0  rc=    1.0000  rs=    0.6667
     projs nearly linearly dependent: l=0  n1,n2= 1, 2  s=  0.99968852
     -----------------------------------------------------------------

     GIPAW integrals: -------------------------------------------
     Atom  i/j   nmr_para   nmr_dia   epr_rmc  epr_para   epr_dia
       C   1 1   0.83E+03  0.17E-01  0.93E+01  0.24E+08  0.24E+03
       C   2 1   0.86E+03 -0.61E-01  0.94E+01  0.25E+08  0.25E+03
       C   2 2   0.90E+03 -0.15E+00  0.97E+01  0.26E+08  0.26E+03
       C   3 3   0.33E+01  0.34E+00  0.18E+01  0.55E+03  0.21E+02
       C   4 3   0.35E+01  0.37E+00  0.20E+01  0.59E+03  0.22E+02
       C   4 4   0.38E+01  0.39E+00  0.22E+01  0.63E+03  0.24E+02
       Cl  1 1   0.14E+04 -0.47E+00  0.84E+01  0.32E+09  0.42E+03
       Cl  2 1   0.21E+04 -0.37E+00  0.12E+02  0.49E+09  0.65E+03
       Cl  2 2   0.33E+04 -0.16E+00  0.21E+02  0.76E+09  0.10E+04
       Cl  3 3   0.21E+02  0.79E-01  0.89E+01  0.23E+05  0.13E+03
       Cl  4 3   0.24E+02  0.67E-01  0.99E+01  0.27E+05  0.15E+03
       Cl  4 4   0.28E+02  0.44E-01  0.11E+02  0.32E+05  0.18E+03
       Cl  5 5   0.77E+00  0.19E+00  0.18E+01  0.12E+03  0.22E+02
       Cl  6 5   0.80E+00  0.19E+00  0.19E+01  0.12E+03  0.23E+02
       Cl  6 6   0.83E+00  0.20E+00  0.19E+01  0.12E+03  0.23E+02
       H   1 1   0.39E+02  0.19E+00  0.29E+00  0.78E+05  0.13E+02
       H   2 1   0.41E+02  0.21E+00  0.32E+00  0.82E+05  0.14E+02
       H   2 2   0.43E+02  0.22E+00  0.36E+00  0.86E+05  0.15E+02
     ------------------------------------------------------------

     alpha_pv=     34.0147 eV

     Number of occupied bands for each k-point:
     k-point:     1    nbnd_occ=  42
     k-point:     2    nbnd_occ=  42
     k-point:     3    nbnd_occ=  42
     k-point:     4    nbnd_occ=  42
     k-point:     5    nbnd_occ=  42
     k-point:     6    nbnd_occ=  42
     k-point:     7    nbnd_occ=  42
     k-point:     8    nbnd_occ=  42
     k-point:     9    nbnd_occ=  42
     k-point:    10    nbnd_occ=  42
     k-point:    11    nbnd_occ=  42
     k-point:    12    nbnd_occ=  42
     k-point:    13    nbnd_occ=  42
     k-point:    14    nbnd_occ=  42
     k-point:    15    nbnd_occ=  42
     k-point:    16    nbnd_occ=  42


     q-space interpolation up to   110.00 Rydberg

     GIPAW job: efg                                                                             


     ELECTRIC FIELD GRADIENTS TENSORS IN Hartree/bohrradius^2:

     ----- bare term -----
     Cl   1       -0.128760        0.256082       -0.134020
     Cl   1        0.256082       -0.099384       -0.042876
     Cl   1       -0.134020       -0.042876        0.228145

     C    2        0.101953       -0.153902       -0.594913
     C    2       -0.153902       -0.125095       -0.518432
     C    2       -0.594913       -0.518432        0.023142

     C    3        0.050955        0.322688        0.065438
     C    3        0.322688       -0.156043       -0.028216
     C    3        0.065438       -0.028216        0.105088

     H    4        0.178557       -0.061663       -0.155160
     H    4       -0.061663        0.387975        0.133840
     H    4       -0.155160        0.133840       -0.566532

     C    5       -0.062107       -0.056753       -0.517351
     C    5       -0.056753       -0.070657       -0.373052
     C    5       -0.517351       -0.373052        0.132764

     H    6        0.338242       -0.004124        0.320587
     H    6       -0.004124        0.127565       -0.310633
     H    6        0.320587       -0.310633       -0.465807

     H    7        0.445302        0.035238        0.011221
     H    7        0.035238       -0.256315        0.466134
     H    7        0.011221        0.466134       -0.188987

     C    8       -0.492775       -0.314766       -0.433290
     C    8       -0.314766        0.148028        0.361693
     C    8       -0.433290        0.361693        0.344747

     H    9       -0.544719        0.044637       -0.143505
     H    9        0.044637        0.348515        0.354435
     H    9       -0.143505        0.354435        0.196205

     C   10        0.017367       -0.280529       -0.070392
     C   10       -0.280529       -0.443373        0.409085
     C   10       -0.070392        0.409085        0.426006

     C   11       -0.442104       -0.041786       -0.266010
     C   11       -0.041786        0.064594        0.225989
     C   11       -0.266010        0.225989        0.377510

     Cl  12       -0.072437       -0.071442        0.069525
     Cl  12       -0.071442       -0.027244       -0.099012
     Cl  12        0.069525       -0.099012        0.099682

     H   13        0.539195        0.030404       -0.121396
     H   13        0.030404       -0.046697       -0.212942
     H   13       -0.121396       -0.212942       -0.492498

     C   14       -0.521454        0.325882       -0.022295
     C   14        0.325882        0.172185       -0.326854
     C   14       -0.022295       -0.326854        0.349270

     H   15        0.110424        0.049752       -0.417027
     H   15        0.049752        0.180619        0.232700
     H   15       -0.417027        0.232700       -0.291043

     C   16        0.206152       -0.043554       -0.263053
     C   16       -0.043554       -0.139393       -0.394266
     C   16       -0.263053       -0.394266       -0.066759

     C   17       -0.538895        0.372328       -0.206525
     C   17        0.372328        0.143978       -0.271898
     C   17       -0.206525       -0.271898        0.394916

     Cl  18        0.107493        0.003744       -0.034307
     Cl  18        0.003744       -0.163208        0.053320
     Cl  18       -0.034307        0.053320        0.055715

     H   19        0.072264        0.257742       -0.348630
     H   19        0.257742       -0.156316        0.484827
     H   19       -0.348630        0.484827        0.084051

     C   20        0.062810       -0.565260       -0.035247
     C   20       -0.565260       -0.434728        0.379249
     C   20       -0.035247        0.379249        0.371918

     H   21       -0.549674        0.383853        0.172785
     H   21        0.383853        0.305074       -0.032138
     H   21        0.172785       -0.032138        0.244600

     C   22       -0.038670       -0.094110       -0.389682
     C   22       -0.094110       -0.222350        0.424869
     C   22       -0.389682        0.424869        0.261019

     C   23       -0.244911       -0.204542       -0.294617
     C   23       -0.204542       -0.094637        0.539143
     C   23       -0.294617        0.539143        0.339547

     Cl  24        0.136596       -0.001731        0.211868
     Cl  24       -0.001731        0.191362       -0.238853
     Cl  24        0.211868       -0.238853       -0.327958

     ----- ionic term -----
     Cl   1        0.129897       -0.193938        0.037894
     Cl   1       -0.193938       -0.002707       -0.013834
     Cl   1        0.037894       -0.013834       -0.127190

     C    2        0.052773       -0.287989        0.355524
     C    2       -0.287989       -0.046716        0.342554
     C    2        0.355524        0.342554       -0.006056

     C    3       -0.032311       -0.353931        0.246759
     C    3       -0.353931        0.099486        0.338784
     C    3        0.246759        0.338784       -0.067175

     H    4        0.280005        0.067122        0.805350
     H    4        0.067122       -0.524739        0.144756
     H    4        0.805350        0.144756        0.244734

     C    5        0.093700       -0.328325        0.374401
     C    5       -0.328325       -0.014777        0.210727
     C    5        0.374401        0.210727       -0.078922

     H    6       -0.538347        0.027535        0.067918
     H    6        0.027535        0.306895        0.783963
     H    6        0.067918        0.783963        0.231452

     H    7       -0.504376       -0.145474        0.087597
     H    7       -0.145474        0.548700       -0.769569
     H    7        0.087597       -0.769569       -0.044324

     C    8        0.322923        0.064488        0.158165
     C    8        0.064488        0.003928       -0.359133
     C    8        0.158165       -0.359133       -0.326851

     H    9        0.743973       -0.351615        0.568038
     H    9       -0.351615       -0.419080       -0.227173
     H    9        0.568038       -0.227173       -0.324893

     C   10        0.119220        0.089343        0.132447
     C   10        0.089343        0.176493       -0.488874
     C   10        0.132447       -0.488874       -0.295713

     C   11        0.215407        0.050135        0.242215
     C   11        0.050135        0.110346       -0.465587
     C   11        0.242215       -0.465587       -0.325753

     Cl  12        0.103493        0.188008       -0.004266
     Cl  12        0.188008        0.020793       -0.018387
     Cl  12       -0.004266       -0.018387       -0.124285

     H   13       -0.551578       -0.027220       -0.026009
     H   13       -0.027220        0.373184        0.790426
     H   13       -0.026009        0.790426        0.178393

     C   14        0.070770       -0.283156        0.336848
     C   14       -0.283156       -0.027729        0.235329
     C   14        0.336848        0.235329       -0.043041

     H   15        0.275675        0.186040        0.761520
     H   15        0.186040       -0.459859        0.231432
     H   15        0.761520        0.231432        0.184184

     C   16       -0.062761       -0.267501        0.229689
     C   16       -0.267501        0.116736        0.398313
     C   16        0.229689        0.398313       -0.053975

     C   17       -0.028165       -0.364508        0.332833
     C   17       -0.364508        0.102250        0.359535
     C   17        0.332833        0.359535       -0.074084

     Cl  18        0.064489       -0.257682        0.020813
     Cl  18       -0.257682        0.101479       -0.015623
     Cl  18        0.020813       -0.015623       -0.165968

     H   19       -0.518857       -0.127554        0.098035
     H   19       -0.127554        0.515108       -0.791104
     H   19        0.098035       -0.791104        0.003749

     C   20        0.353242        0.130765        0.155388
     C   20        0.130765       -0.025874       -0.367318
     C   20        0.155388       -0.367318       -0.327368

     H   21        0.809331       -0.404296        0.431338
     H   21       -0.404296       -0.408145       -0.217075
     H   21        0.431338       -0.217075       -0.401185

     C   22        0.197007        0.149379        0.052918
     C   22        0.149379        0.132891       -0.457497
     C   22        0.052918       -0.457497       -0.329898

     C   23        0.286070        0.078156        0.145244
     C   23        0.078156        0.049127       -0.464249
     C   23        0.145244       -0.464249       -0.335196

     Cl  24        0.127999        0.186419       -0.057740
     Cl  24        0.186419       -0.003294       -0.044022
     Cl  24       -0.057740       -0.044022       -0.124705

     ----- GIPAW term -----
     Cl   1        0.667652       -0.313577       -2.222208
     Cl   1       -0.313577       -1.293983       -0.766047
     Cl   1       -2.222208       -0.766047        0.626331

     C    2        0.223286       -0.043327       -0.187834
     C    2       -0.043327       -0.104687       -0.078409
     C    2       -0.187834       -0.078409       -0.118599

     C    3        0.038339        0.020993       -0.023963
     C    3        0.020993       -0.036491        0.011154
     C    3       -0.023963        0.011154       -0.001848

     H    4       -0.000000        0.000000        0.000000
     H    4        0.000000        0.000000        0.000000
     H    4        0.000000        0.000000        0.000000

     C    5        0.122399       -0.015351       -0.226882
     C    5       -0.015351       -0.142842       -0.059612
     C    5       -0.226882       -0.059612        0.020444

     H    6       -0.000000        0.000000        0.000000
     H    6        0.000000        0.000000        0.000000
     H    6        0.000000        0.000000        0.000000

     H    7       -0.000000        0.000000        0.000000
     H    7        0.000000        0.000000        0.000000
     H    7        0.000000        0.000000        0.000000

     C    8       -0.076456       -0.124106       -0.101221
     C    8       -0.124106        0.065887        0.103943
     C    8       -0.101221        0.103943        0.010570

     H    9       -0.000000        0.000000        0.000000
     H    9        0.000000        0.000000        0.000000
     H    9        0.000000        0.000000        0.000000

     C   10       -0.108737       -0.052792        0.031050
     C   10       -0.052792        0.012262       -0.161894
     C   10        0.031050       -0.161894        0.096475

     C   11       -0.001105        0.007060        0.138870
     C   11        0.007060       -0.053393       -0.100556
     C   11        0.138870       -0.100556        0.054499

     Cl  12       -0.167899        0.797248        1.111446
     Cl  12        0.797248       -0.277239       -1.944285
     Cl  12        1.111446       -1.944285        0.445138

     H   13       -0.000000        0.000000        0.000000
     H   13        0.000000        0.000000        0.000000
     H   13        0.000000        0.000000        0.000000

     C   14       -0.092044       -0.121764        0.095216
     C   14       -0.121764        0.143084       -0.136888
     C   14        0.095216       -0.136888       -0.051040

     H   15       -0.000000        0.000000        0.000000
     H   15        0.000000        0.000000        0.000000
     H   15        0.000000        0.000000        0.000000

     C   16       -0.021829       -0.049504       -0.016066
     C   16       -0.049504        0.069238       -0.061178
     C   16       -0.016066       -0.061178       -0.047409

     C   17       -0.066502       -0.177467       -0.000006
     C   17       -0.177467        0.189649       -0.053509
     C   17       -0.000006       -0.053509       -0.123147

     Cl  18        0.048935       -0.074382       -0.437718
     Cl  18       -0.074382        1.991224       -0.863813
     Cl  18       -0.437718       -0.863813       -2.040159

     H   19       -0.000000        0.000000        0.000000
     H   19        0.000000        0.000000        0.000000
     H   19        0.000000        0.000000        0.000000

     C   20        0.224402       -0.192319        0.065929
     C   20       -0.192319       -0.170518        0.053381
     C   20        0.065929        0.053381       -0.053884

     H   21       -0.000000        0.000000        0.000000
     H   21        0.000000        0.000000        0.000000
     H   21        0.000000        0.000000        0.000000

     C   22        0.064243       -0.064282       -0.230537
     C   22       -0.064282       -0.097251        0.103771
     C   22       -0.230537        0.103771        0.033008

     C   23       -0.022940       -0.027518       -0.173112
     C   23       -0.027518       -0.059964        0.185461
     C   23       -0.173112        0.185461        0.082904

     Cl  24       -0.035546        0.510481       -0.686525
     Cl  24        0.510481       -0.486526        0.590231
     Cl  24       -0.686525        0.590231        0.522072

     ----- total EFG -----
     Cl   1        0.668789       -0.251433       -2.318334
     Cl   1       -0.251433       -1.396074       -0.822757
     Cl   1       -2.318334       -0.822757        0.727285

     C    2        0.378012       -0.485218       -0.427222
     C    2       -0.485218       -0.276498       -0.254287
     C    2       -0.427222       -0.254287       -0.101513

     C    3        0.056983       -0.010251        0.288234
     C    3       -0.010251       -0.093048        0.321722
     C    3        0.288234        0.321722        0.036065

     H    4        0.458562        0.005458        0.650190
     H    4        0.005458       -0.136764        0.278597
     H    4        0.650190        0.278597       -0.321798

     C    5        0.153992       -0.400429       -0.369832
     C    5       -0.400429       -0.228277       -0.221937
     C    5       -0.369832       -0.221937        0.074285

     H    6       -0.200104        0.023411        0.388505
     H    6        0.023411        0.434460        0.473330
     H    6        0.388505        0.473330       -0.234355

     H    7       -0.059074       -0.110236        0.098818
     H    7       -0.110236        0.292385       -0.303435
     H    7        0.098818       -0.303435       -0.233311

     C    8       -0.246308       -0.374385       -0.376346
     C    8       -0.374385        0.217842        0.106503
     C    8       -0.376346        0.106503        0.028466

     H    9        0.199254       -0.306978        0.424534
     H    9       -0.306978       -0.070565        0.127263
     H    9        0.424534        0.127263       -0.128689

     C   10        0.027850       -0.243978        0.093105
     C   10       -0.243978       -0.254618       -0.241684
     C   10        0.093105       -0.241684        0.226768

     C   11       -0.227802        0.015408        0.115076
     C   11        0.015408        0.121546       -0.340154
     C   11        0.115076       -0.340154        0.106256

     Cl  12       -0.136844        0.913814        1.176705
     Cl  12        0.913814       -0.283691       -2.061683
     Cl  12        1.176705       -2.061683        0.420535

     H   13       -0.012383        0.003184       -0.147405
     H   13        0.003184        0.326487        0.577484
     H   13       -0.147405        0.577484       -0.314104

     C   14       -0.542729       -0.079037        0.409769
     C   14       -0.079037        0.287540       -0.228413
     C   14        0.409769       -0.228413        0.255189

     H   15        0.386099        0.235793        0.344494
     H   15        0.235793       -0.279239        0.464132
     H   15        0.344494        0.464132       -0.106860

     C   16        0.121562       -0.360558       -0.049430
     C   16       -0.360558        0.046581       -0.057131
     C   16       -0.049430       -0.057131       -0.168143

     C   17       -0.633562       -0.169647        0.126301
     C   17       -0.169647        0.435877        0.034128
     C   17        0.126301        0.034128        0.197685

     Cl  18        0.220917       -0.328320       -0.451211
     Cl  18       -0.328320        1.929494       -0.826116
     Cl  18       -0.451211       -0.826116       -2.150411

     H   19       -0.446593        0.130188       -0.250595
     H   19        0.130188        0.358793       -0.306277
     H   19       -0.250595       -0.306277        0.087800

     C   20        0.640453       -0.626814        0.186070
     C   20       -0.626814       -0.631120        0.065312
     C   20        0.186070        0.065312       -0.009334

     H   21        0.259657       -0.020443        0.604124
     H   21       -0.020443       -0.103072       -0.249213
     H   21        0.604124       -0.249213       -0.156585

     C   22        0.222580       -0.009012       -0.567301
     C   22       -0.009012       -0.186710        0.071143
     C   22       -0.567301        0.071143       -0.035871

     C   23        0.018219       -0.153904       -0.322486
     C   23       -0.153904       -0.105474        0.260356
     C   23       -0.322486        0.260356        0.087255

     Cl  24        0.229049        0.695169       -0.532397
     Cl  24        0.695169       -0.298458        0.307356
     Cl  24       -0.532397        0.307356        0.069409

     ----- total EFG (symmetrized) -----
     Cl   1        0.668789       -0.251433       -2.318334
     Cl   1       -0.251433       -1.396074       -0.822757
     Cl   1       -2.318334       -0.822757        0.727285

     C    2        0.378012       -0.485218       -0.427222
     C    2       -0.485218       -0.276498       -0.254287
     C    2       -0.427222       -0.254287       -0.101513

     C    3        0.056983       -0.010251        0.288234
     C    3       -0.010251       -0.093048        0.321722
     C    3        0.288234        0.321722        0.036065

     H    4        0.458562        0.005458        0.650190
     H    4        0.005458       -0.136764        0.278597
     H    4        0.650190        0.278597       -0.321798

     C    5        0.153992       -0.400429       -0.369832
     C    5       -0.400429       -0.228277       -0.221937
     C    5       -0.369832       -0.221937        0.074285

     H    6       -0.200104        0.023411        0.388505
     H    6        0.023411        0.434460        0.473330
     H    6        0.388505        0.473330       -0.234355

     H    7       -0.059074       -0.110236        0.098818
     H    7       -0.110236        0.292385       -0.303435
     H    7        0.098818       -0.303435       -0.233311

     C    8       -0.246308       -0.374385       -0.376346
     C    8       -0.374385        0.217842        0.106503
     C    8       -0.376346        0.106503        0.028466

     H    9        0.199254       -0.306978        0.424534
     H    9       -0.306978       -0.070565        0.127263
     H    9        0.424534        0.127263       -0.128689

     C   10        0.027850       -0.243978        0.093105
     C   10       -0.243978       -0.254618       -0.241684
     C   10        0.093105       -0.241684        0.226768

     C   11       -0.227802        0.015408        0.115076
     C   11        0.015408        0.121546       -0.340154
     C   11        0.115076       -0.340154        0.106256

     Cl  12       -0.136844        0.913814        1.176705
     Cl  12        0.913814       -0.283691       -2.061683
     Cl  12        1.176705       -2.061683        0.420535

     H   13       -0.012383        0.003184       -0.147405
     H   13        0.003184        0.326487        0.577484
     H   13       -0.147405        0.577484       -0.314104

     C   14       -0.542729       -0.079037        0.409769
     C   14       -0.079037        0.287540       -0.228413
     C   14        0.409769       -0.228413        0.255189

     H   15        0.386099        0.235793        0.344494
     H   15        0.235793       -0.279239        0.464132
     H   15        0.344494        0.464132       -0.106860

     C   16        0.121562       -0.360558       -0.049430
     C   16       -0.360558        0.046581       -0.057131
     C   16       -0.049430       -0.057131       -0.168143

     C   17       -0.633562       -0.169647        0.126301
     C   17       -0.169647        0.435877        0.034128
     C   17        0.126301        0.034128        0.197685

     Cl  18        0.220917       -0.328320       -0.451211
     Cl  18       -0.328320        1.929494       -0.826116
     Cl  18       -0.451211       -0.826116       -2.150411

     H   19       -0.446593        0.130188       -0.250595
     H   19        0.130188        0.358793       -0.306277
     H   19       -0.250595       -0.306277        0.087800

     C   20        0.640453       -0.626814        0.186070
     C   20       -0.626814       -0.631120        0.065312
     C   20        0.186070        0.065312       -0.009334

     H   21        0.259657       -0.020443        0.604124
     H   21       -0.020443       -0.103072       -0.249213
     H   21        0.604124       -0.249213       -0.156585

     C   22        0.222580       -0.009012       -0.567301
     C   22       -0.009012       -0.186710        0.071143
     C   22       -0.567301        0.071143       -0.035871

     C   23        0.018219       -0.153904       -0.322486
     C   23       -0.153904       -0.105474        0.260356
     C   23       -0.322486        0.260356        0.087255

     Cl  24        0.229049        0.695169       -0.532397
     Cl  24        0.695169       -0.298458        0.307356
     Cl  24       -0.532397        0.307356        0.069409


     NQR/NMR SPECTROSCOPIC PARAMETERS:
     Cl   1    Vxx=   -0.7680    axis=( -0.527496  0.745311 -0.407749)
     Cl   1    Vyy=   -2.2872    axis=(  0.497558  0.660056  0.562815)
     Cl   1    Vzz=    3.0552    axis=(  0.688610  0.094004 -0.719013)
     Cl   1  Q=        -8.1650 1e-30 m^2  Cq=       -58.6116 MHz  eta= 0.49724

     C    2    Vxx=    0.0759    axis=(  0.060972 -0.637944  0.767665)
     C    2    Vyy=    0.7322    axis=( -0.876305  0.334010  0.347169)
     C    2    Vzz=   -0.8081    axis=( -0.477882 -0.693877 -0.538668)
     C    2  Q=         1.0000 1e-30 m^2  Cq=        -1.8987 MHz  eta= 0.81222

     C    3    Vxx=    0.0014    axis=(  0.743271 -0.647949 -0.166466)
     C    3    Vyy=    0.4390    axis=(  0.536721  0.429020  0.726548)
     C    3    Vzz=   -0.4403    axis=( -0.399349 -0.629368  0.666646)
     C    3  Q=         1.0000 1e-30 m^2  Cq=        -1.0346 MHz  eta= 0.99380

     H    4    Vxx=   -0.0670    axis=(  0.302713 -0.923155 -0.236959)
     H    4    Vyy=   -0.7809    axis=(  0.433105  0.354712 -0.828613)
     H    4    Vzz=    0.8479    axis=(  0.848990  0.148204  0.507199)
     H    4  Q=         1.0000 1e-30 m^2  Cq=         1.9923 MHz  eta= 0.84187

     C    5    Vxx=    0.1561    axis=(  0.238130 -0.659647  0.712853)
     C    5    Vyy=    0.5292    axis=(  0.807326 -0.273585 -0.522854)
     C    5    Vzz=   -0.6853    axis=( -0.539925 -0.700012 -0.467402)
     C    5  Q=         1.0000 1e-30 m^2  Cq=        -1.6102 MHz  eta= 0.54440

     H    6    Vxx=   -0.0162    axis=(  0.789938 -0.463139  0.401871)
     H    6    Vyy=   -0.7111    axis=(  0.567642  0.304459 -0.764910)
     H    6    Vzz=    0.7272    axis=(  0.231906  0.832350  0.503401)
     H    6  Q=         1.0000 1e-30 m^2  Cq=         1.7087 MHz  eta= 0.95550

     H    7    Vxx=   -0.0905    axis=(  0.954335  0.297374  0.028506)
     H    7    Vyy=   -0.3785    axis=( -0.147865  0.387295  0.910021)
     H    7    Vzz=    0.4690    axis=(  0.259577 -0.872681  0.413580)
     H    7  Q=         1.0000 1e-30 m^2  Cq=         1.1019 MHz  eta= 0.61417

     C    8    Vxx=    0.0103    axis=(  0.147578  0.649059 -0.746286)
     C    8    Vyy=    0.5844    axis=(  0.533170 -0.687733 -0.492700)
     C    8    Vzz=   -0.5946    axis=(  0.833037  0.325186  0.447553)
     C    8  Q=         1.0000 1e-30 m^2  Cq=        -1.3972 MHz  eta= 0.96549

     H    9    Vxx=    0.0304    axis=(  0.020194 -0.806348 -0.591097)
     H    9    Vyy=    0.5510    axis=( -0.830159  0.315947 -0.459362)
     H    9    Vzz=   -0.5814    axis=( -0.557161 -0.499981  0.663017)
     H    9  Q=         1.0000 1e-30 m^2  Cq=        -1.3661 MHz  eta= 0.89538

     C   10    Vxx=    0.0192    axis=( -0.791388  0.193245  0.579967)
     C   10    Vyy=    0.4203    axis=(  0.457638 -0.441731  0.771649)
     C   10    Vzz=   -0.4395    axis=(  0.405306  0.876088  0.261144)
     C   10  Q=         1.0000 1e-30 m^2  Cq=        -1.0327 MHz  eta= 0.91267

     C   11    Vxx=   -0.1380    axis=( -0.686407 -0.562839 -0.460497)
     C   11    Vyy=   -0.3233    axis=( -0.720015  0.437092  0.539007)
     C   11    Vzz=    0.4613    axis=( -0.102095  0.701543 -0.705276)
     C   11  Q=         1.0000 1e-30 m^2  Cq=         1.0838 MHz  eta= 0.40180

     Cl  12    Vxx=    0.6082    axis=(  0.861738  0.475805  0.176118)
     Cl  12    Vyy=    2.2120    axis=(  0.165272 -0.591454  0.789219)
     Cl  12    Vzz=   -2.8202    axis=( -0.479680  0.650993  0.588316)
     Cl  12  Q=        -8.1650 1e-30 m^2  Cq=        54.1044 MHz  eta= 0.56868

     H   13    Vxx=    0.0049    axis=(  0.975921  0.188232 -0.110210)
     H   13    Vyy=    0.6743    axis=(  0.106266 -0.851547 -0.513396)
     H   13    Vzz=   -0.6791    axis=( -0.190486  0.489323 -0.851045)
     H   13  Q=         1.0000 1e-30 m^2  Cq=        -1.5957 MHz  eta= 0.98564

     C   14    Vxx=    0.1068    axis=(  0.247732  0.799676  0.546943)
     C   14    Vyy=    0.6091    axis=( -0.304330  0.600197 -0.739694)
     C   14    Vzz=   -0.7159    axis=( -0.919789  0.016794  0.392054)
     C   14  Q=         1.0000 1e-30 m^2  Cq=        -1.6822 MHz  eta= 0.70157

     H   15    Vxx=   -0.0854    axis=(  0.658588 -0.514249 -0.549373)
     H   15    Vyy=   -0.6669    axis=(  0.044670  0.755489 -0.653637)
     H   15    Vzz=    0.7522    axis=(  0.751177  0.405937  0.520527)
     H   15  Q=         1.0000 1e-30 m^2  Cq=         1.7675 MHz  eta= 0.77299

     C   16    Vxx=   -0.1298    axis=( -0.305046 -0.334860  0.891524)
     C   16    Vyy=   -0.3168    axis=(  0.596240  0.662813  0.452966)
     C   16    Vzz=    0.4466    axis=( -0.742593  0.669738 -0.002532)
     C   16  Q=         1.0000 1e-30 m^2  Cq=         1.0493 MHz  eta= 0.41882

     C   17    Vxx=    0.2161    axis=(  0.153711 -0.034700  0.987506)
     C   17    Vyy=    0.4630    axis=(  0.146174 -0.987589 -0.057456)
     C   17    Vzz=   -0.6791    axis=(  0.977244  0.153179 -0.146731)
     C   17  Q=         1.0000 1e-30 m^2  Cq=        -1.5957 MHz  eta= 0.36345

     Cl  18    Vxx=    0.2884    axis=(  0.973593  0.088935 -0.210256)
     Cl  18    Vyy=    2.1207    axis=( -0.127060  0.976262 -0.175407)
     Cl  18    Vzz=   -2.4090    axis=(  0.189665  0.197490  0.961782)
     Cl  18  Q=        -8.1650 1e-30 m^2  Cq=        46.2159 MHz  eta= 0.76059

     H   19    Vxx=   -0.0707    axis=(  0.280740 -0.612217 -0.739172)
     H   19    Vyy=   -0.5458    axis=( -0.931686  0.011151 -0.363094)
     H   19    Vzz=    0.6165    axis=(  0.230535  0.790611 -0.567264)
     H   19  Q=         1.0000 1e-30 m^2  Cq=         1.4485 MHz  eta= 0.77066

     C   20    Vxx=   -0.0135    axis=( -0.090662  0.195294  0.976545)
     C   20    Vyy=   -0.9075    axis=(  0.386340  0.910687 -0.146255)
     C   20    Vzz=    0.9211    axis=( -0.917890  0.364019 -0.158014)
     C   20  Q=         1.0000 1e-30 m^2  Cq=         2.1641 MHz  eta= 0.97058

     H   21    Vxx=   -0.0673    axis=(  0.355857  0.920493 -0.161426)
     H   21    Vyy=   -0.6558    axis=( -0.513331  0.336871  0.789309)
     H   21    Vzz=    0.7231    axis=(  0.780934 -0.198016  0.592395)
     H   21  Q=         1.0000 1e-30 m^2  Cq=         1.6990 MHz  eta= 0.81394

     C   22    Vxx=   -0.1816    axis=(  0.146328  0.985259  0.088614)
     C   22    Vyy=   -0.4966    axis=(  0.610067 -0.160394  0.775946)
     C   22    Vzz=    0.6783    axis=( -0.778721  0.059482  0.624544)
     C   22  Q=         1.0000 1e-30 m^2  Cq=         1.5936 MHz  eta= 0.46436

     C   23    Vxx=   -0.2042    axis=(  0.698616  0.700103  0.147619)
     C   23    Vyy=   -0.3147    axis=(  0.421040 -0.569075  0.706314)
     C   23    Vzz=    0.5189    axis=( -0.578499  0.431288  0.692336)
     C   23  Q=         1.0000 1e-30 m^2  Cq=         1.2192 MHz  eta= 0.21313

     Cl  24    Vxx=    0.2301    axis=( -0.110747 -0.604393 -0.788951)
     Cl  24    Vyy=    0.8308    axis=( -0.820693 -0.392110  0.415587)
     Cl  24    Vzz=   -1.0609    axis=( -0.560534  0.693512 -0.452596)
     Cl  24  Q=        -8.1650 1e-30 m^2  Cq=        20.3532 MHz  eta= 0.56616

     Initialization:
     gipaw_setup  :      9.28s CPU     11.17s WALL (       1 calls)

     Linear response

     Apply operators

     Induced current

     Other routines
     efg          :      9.23s CPU     11.74s WALL (       1 calls)

     General routines
     calbec       :      3.27s CPU      4.25s WALL (      16 calls)
     fft          :      1.45s CPU      1.78s WALL (      15 calls)
     ffts         :      0.04s CPU      0.05s WALL (       2 calls)
     fftw         :      3.28s CPU      4.18s WALL (     672 calls)
     davcio       :      0.03s CPU      0.33s WALL (      32 calls)

     Parallel routines
     fft_scatter  :      2.17s CPU      2.94s WALL (     689 calls)

     Plugins

     GIPAW        :     61.48s CPU     74.62s WALL (       1 calls)
