
     Program QE v.6.0 (svn rev. 13079) starts on 19Jan2017 at 11:58:52 

     This program is part of the open-source Quantum ESPRESSO suite
     for quantum simulation of materials; please cite
         "P. Giannozzi et al., J. Phys.:Condens. Matter 21 395502 (2009);
          URL http://www.quantum-espresso.org", 
     in publications or presentations arising from this work. More details at
     http://www.quantum-espresso.org/quote

     Parallel version (MPI), running on     8 processors
     R & G space division:  proc/nbgrp/npool/nimage =       8

     ***** This is GIPAW svn revision unknown      *****

     Parallelizing q-star over 1 images

     Reading data from directory:
     /users/majewski/paradichlorobenzene/pbe/9_constraint/scratch/pbe.ecut100.np8.dt60.pcl2phi-129368.save
     Message from routine read_xml_file:
     file /users/majewski/paradichlorobenzene/pbe/9_constraint/scratch/pbe.ecut100.np8.dt60.pcl2phi-129368.save not guaranteed to be safe for post-processing

   Info: using nr1, nr2, nr3 values from input

   Info: using nr1, nr2, nr3 values from input

     IMPORTANT: XC functional enforced from input :
     Exchange-correlation      =  SLA  PW   PBX  PBC ( 1  4  3  4 0 0)
     Any further DFT definition will be discarded
     Please, verify this is what you really want

               file C.pbe-n-kjpaw_psl.1.0.0.UPF: wavefunction(s)  2S 2P renormalized
               file Cl.pbe-n-kjpaw_psl.1.0.0.UPF: wavefunction(s)  3S 3P renormalized
               file H.pbe-kjpaw_psl.1.0.0.UPF: wavefunction(s)  1S renormalized

     Parallelization info
     --------------------
     sticks:   dense  smooth     PW     G-vecs:    dense   smooth      PW
     Min        3057    1223    332               144436    36536    5170
     Max        3059    1225    333               144437    36537    5171
     Sum       24467    9791   2657              1155489   292295   41363


     Subspace diagonalization in iterative solution of the eigenvalue problem:
     a serial algorithm will be used

     GIPAW projectors -----------------------------------------------
     atom=  C    l=0  rc=    1.2000  rs=    0.8000
     atom=  C    l=0  rc=    1.2000  rs=    0.8000
     atom=  C    l=1  rc=    1.4000  rs=    0.9333
     atom=  C    l=1  rc=    1.4000  rs=    0.9333
     projs nearly linearly dependent: l=1  n1,n2= 1, 2  s=  0.99951561

     atom=  Cl   l=0  rc=    1.6000  rs=    1.0667
     atom=  Cl   l=0  rc=    1.6000  rs=    1.0667
     atom=  Cl   l=1  rc=    1.6000  rs=    1.0667
     atom=  Cl   l=1  rc=    1.6000  rs=    1.0667
     atom=  Cl   l=2  rc=    1.6000  rs=    1.0667
     atom=  Cl   l=2  rc=    1.6000  rs=    1.0667
     projs nearly linearly dependent: l=2  n1,n2= 1, 2  s=  0.99993509

     atom=  H    l=0  rc=    1.0000  rs=    0.6667
     atom=  H    l=0  rc=    1.0000  rs=    0.6667
     projs nearly linearly dependent: l=0  n1,n2= 1, 2  s=  0.99968852
     -----------------------------------------------------------------

     GIPAW integrals: -------------------------------------------
     Atom  i/j   nmr_para   nmr_dia   epr_rmc  epr_para   epr_dia
       C   1 1   0.83E+03  0.17E-01  0.93E+01  0.24E+08  0.24E+03
       C   2 1   0.86E+03 -0.61E-01  0.94E+01  0.25E+08  0.25E+03
       C   2 2   0.90E+03 -0.15E+00  0.97E+01  0.26E+08  0.26E+03
       C   3 3   0.33E+01  0.34E+00  0.18E+01  0.55E+03  0.21E+02
       C   4 3   0.35E+01  0.37E+00  0.20E+01  0.59E+03  0.22E+02
       C   4 4   0.38E+01  0.39E+00  0.22E+01  0.63E+03  0.24E+02
       Cl  1 1   0.14E+04 -0.47E+00  0.84E+01  0.32E+09  0.42E+03
       Cl  2 1   0.21E+04 -0.37E+00  0.12E+02  0.49E+09  0.65E+03
       Cl  2 2   0.33E+04 -0.16E+00  0.21E+02  0.76E+09  0.10E+04
       Cl  3 3   0.21E+02  0.79E-01  0.89E+01  0.23E+05  0.13E+03
       Cl  4 3   0.24E+02  0.67E-01  0.99E+01  0.27E+05  0.15E+03
       Cl  4 4   0.28E+02  0.44E-01  0.11E+02  0.32E+05  0.18E+03
       Cl  5 5   0.77E+00  0.19E+00  0.18E+01  0.12E+03  0.22E+02
       Cl  6 5   0.80E+00  0.19E+00  0.19E+01  0.12E+03  0.23E+02
       Cl  6 6   0.83E+00  0.20E+00  0.19E+01  0.12E+03  0.23E+02
       H   1 1   0.39E+02  0.19E+00  0.29E+00  0.78E+05  0.13E+02
       H   2 1   0.41E+02  0.21E+00  0.32E+00  0.82E+05  0.14E+02
       H   2 2   0.43E+02  0.22E+00  0.36E+00  0.86E+05  0.15E+02
     ------------------------------------------------------------

     alpha_pv=     34.5995 eV

     Number of occupied bands for each k-point:
     k-point:     1    nbnd_occ=  42
     k-point:     2    nbnd_occ=  42
     k-point:     3    nbnd_occ=  42
     k-point:     4    nbnd_occ=  42
     k-point:     5    nbnd_occ=  42
     k-point:     6    nbnd_occ=  42
     k-point:     7    nbnd_occ=  42
     k-point:     8    nbnd_occ=  42
     k-point:     9    nbnd_occ=  42
     k-point:    10    nbnd_occ=  42
     k-point:    11    nbnd_occ=  42
     k-point:    12    nbnd_occ=  42
     k-point:    13    nbnd_occ=  42
     k-point:    14    nbnd_occ=  42
     k-point:    15    nbnd_occ=  42
     k-point:    16    nbnd_occ=  42


     q-space interpolation up to   110.00 Rydberg

     GIPAW job: efg                                                                             


     ELECTRIC FIELD GRADIENTS TENSORS IN Hartree/bohrradius^2:

     ----- bare term -----
     Cl   1       -0.001596        0.040764       -0.080659
     Cl   1        0.040764       -0.015215       -0.038444
     Cl   1       -0.080659       -0.038444        0.016811

     C    2       -0.583307        0.431647       -0.407861
     C    2        0.431647        0.319155       -0.149345
     C    2       -0.407861       -0.149345        0.264152

     C    3        0.068779        0.220824       -0.124401
     C    3        0.220824       -0.062575       -0.621504
     C    3       -0.124401       -0.621504       -0.006204

     H    4        0.020076        0.101795       -0.496093
     H    4        0.101795       -0.027088        0.204454
     H    4       -0.496093        0.204454        0.007012

     C    5       -0.841030        0.365281       -0.325520
     C    5        0.365281        0.498000       -0.153861
     C    5       -0.325520       -0.153861        0.343030

     H    6        0.370794       -0.103501        0.207207
     H    6       -0.103501       -0.197547       -0.394957
     H    6        0.207207       -0.394957       -0.173247

     H    7        0.436656       -0.020838        0.010262
     H    7       -0.020838       -0.607689        0.536494
     H    7        0.010262        0.536494        0.171033

     C    8       -0.152691       -0.205310       -0.192470
     C    8       -0.205310       -0.134991        0.368820
     C    8       -0.192470        0.368820        0.287682

     H    9       -0.318312        0.464872       -0.357165
     H    9        0.464872        0.011523        0.189931
     H    9       -0.357165        0.189931        0.306788

     C   10       -0.580944       -0.386609       -0.310181
     C   10       -0.386609        0.198561        0.252001
     C   10       -0.310181        0.252001        0.382383

     C   11       -0.111206        0.083380       -0.308121
     C   11        0.083380        0.040278        0.735648
     C   11       -0.308121        0.735648        0.070928

     Cl  12       -0.276260       -0.263974        0.056399
     Cl  12       -0.263974        0.031409        0.146029
     Cl  12        0.056399        0.146029        0.244851

     H   13        0.444788       -0.173011       -0.031026
     H   13       -0.173011       -0.771370       -0.313943
     H   13       -0.031026       -0.313943        0.326582

     C   14       -0.126454        0.293411       -0.168868
     C   14        0.293411       -0.046369       -0.462931
     C   14       -0.168868       -0.462931        0.172823

     H   15       -0.348378       -0.306504       -0.546362
     H   15       -0.306504        0.296555       -0.266895
     H   15       -0.546362       -0.266895        0.051823

     C   16       -0.541934        0.357413       -0.311410
     C   16        0.357413        0.124942       -0.200937
     C   16       -0.311410       -0.200937        0.416991

     C   17       -0.018683       -0.073517       -0.303044
     C   17       -0.073517       -0.107635       -0.535462
     C   17       -0.303044       -0.535462        0.126318

     Cl  18       -0.090080        0.089385        0.013744
     Cl  18        0.089385        0.002325       -0.045509
     Cl  18        0.013744       -0.045509        0.087755

     H   19        0.499076       -0.076704       -0.217498
     H   19       -0.076704       -0.079074        0.227299
     H   19       -0.217498        0.227299       -0.420002

     C   20       -0.727083       -0.332573       -0.180029
     C   20       -0.332573        0.391059        0.254023
     C   20       -0.180029        0.254023        0.336024

     H   21       -0.624779       -0.010741        0.031810
     H   21       -0.010741        0.375124        0.287462
     H   21        0.031810        0.287462        0.249655

     C   22        0.028183        0.110234       -0.300911
     C   22        0.110234       -0.166392        0.547216
     C   22       -0.300911        0.547216        0.138209

     C   23       -0.756158       -0.259199       -0.318908
     C   23       -0.259199        0.197189        0.040094
     C   23       -0.318908        0.040094        0.558969

     Cl  24        0.103843       -0.029135        0.064667
     Cl  24       -0.029135        0.040858        0.143597
     Cl  24        0.064667        0.143597       -0.144701

     ----- ionic term -----
     Cl   1        0.152284       -0.232539        0.057409
     Cl   1       -0.232539       -0.000464       -0.022485
     Cl   1        0.057409       -0.022485       -0.151820

     C    2        0.222219       -0.214682        0.354590
     C    2       -0.214682        0.078117        0.330296
     C    2        0.354590        0.330296       -0.300336

     C    3        0.142268       -0.327248        0.234487
     C    3       -0.327248        0.169332        0.343090
     C    3        0.234487        0.343090       -0.311600

     H    4        0.503593        0.120011        0.762631
     H    4        0.120011       -0.456093        0.173606
     H    4        0.762631        0.173606       -0.047500

     C    5        0.274127       -0.324853        0.285201
     C    5       -0.324853        0.014053        0.282379
     C    5        0.285201        0.282379       -0.288180

     H    6       -0.485712       -0.116806       -0.053046
     H    6       -0.116806        0.491889        0.754517
     H    6       -0.053046        0.754517       -0.006177

     H    7       -0.506574       -0.007483        0.010922
     H    7       -0.007483        0.686200       -0.719386
     H    7        0.010922       -0.719386       -0.179626

     C    8        0.349209        0.172372        0.199543
     C    8        0.172372        0.035779       -0.321978
     C    8        0.199543       -0.321978       -0.384988

     H    9        0.661365       -0.342366        0.636223
     H    9       -0.342366       -0.447535       -0.244770
     H    9        0.636223       -0.244770       -0.213830

     C   10        0.175115        0.219922        0.149422
     C   10        0.219922        0.091852       -0.412474
     C   10        0.149422       -0.412474       -0.266968

     C   11        0.247266        0.248470        0.204989
     C   11        0.248470        0.025856       -0.421956
     C   11        0.204989       -0.421956       -0.273122

     Cl  12        0.133680        0.231607       -0.031362
     Cl  12        0.231607        0.025685       -0.031907
     Cl  12       -0.031362       -0.031907       -0.159365

     H   13       -0.528551        0.046656        0.039028
     H   13        0.046656        0.687640        0.694057
     H   13        0.039028        0.694057       -0.159089

     C   14        0.235303       -0.198299        0.318662
     C   14       -0.198299        0.080232        0.257901
     C   14        0.318662        0.257901       -0.315536

     H   15        0.630191        0.255319        0.685609
     H   15        0.255319       -0.468989        0.213103
     H   15        0.685609        0.213103       -0.161202

     C   16        0.086819       -0.189908        0.256524
     C   16       -0.189908        0.189624        0.376443
     C   16        0.256524        0.376443       -0.276443

     C   17        0.122998       -0.176075        0.313254
     C   17       -0.176075        0.118504        0.425654
     C   17        0.313254        0.425654       -0.241502

     Cl  18        0.105670       -0.196920       -0.007333
     Cl  18       -0.196920        0.036714        0.017657
     Cl  18       -0.007333        0.017657       -0.142384

     H   19       -0.514659       -0.121562        0.110625
     H   19       -0.121562        0.399524       -0.813752
     H   19        0.110625       -0.813752        0.115135

     C   20        0.318082        0.179514        0.196267
     C   20        0.179514       -0.087327       -0.350577
     C   20        0.196267       -0.350577       -0.230755

     H   21        0.801638       -0.447497        0.412050
     H   21       -0.447497       -0.377497       -0.205639
     H   21        0.412050       -0.205639       -0.424141

     C   22        0.209561        0.138131        0.074955
     C   22        0.138131        0.063060       -0.440909
     C   22        0.074955       -0.440909       -0.272621

     C   23        0.245885        0.076216        0.208679
     C   23        0.076216        0.014808       -0.462557
     C   23        0.208679       -0.462557       -0.260692

     Cl  24        0.118981        0.200038       -0.033384
     Cl  24        0.200038        0.004404       -0.029390
     Cl  24       -0.033384       -0.029390       -0.123385

     ----- GIPAW term -----
     Cl   1       -0.198125       -0.624164       -0.907104
     Cl   1       -0.624164        1.090175       -2.093047
     Cl   1       -0.907104       -2.093047       -0.892051

     C    2       -0.124050        0.090462       -0.049670
     C    2        0.090462        0.261632       -0.014941
     C    2       -0.049670       -0.014941       -0.137582

     C    3       -0.100672        0.067357       -0.013678
     C    3        0.067357        0.246517       -0.105169
     C    3       -0.013678       -0.105169       -0.145845

     H    4       -0.000000        0.000000        0.000000
     H    4        0.000000        0.000000        0.000000
     H    4        0.000000        0.000000        0.000000

     C    5       -0.231523        0.030742       -0.026072
     C    5        0.030742        0.317896       -0.019398
     C    5       -0.026072       -0.019398       -0.086374

     H    6       -0.000000        0.000000        0.000000
     H    6        0.000000        0.000000        0.000000
     H    6        0.000000        0.000000        0.000000

     H    7       -0.000000        0.000000        0.000000
     H    7        0.000000        0.000000        0.000000
     H    7        0.000000        0.000000        0.000000

     C    8       -0.091574       -0.069608        0.003155
     C    8       -0.069608        0.104804       -0.050102
     C    8        0.003155       -0.050102       -0.013231

     H    9       -0.000000        0.000000        0.000000
     H    9        0.000000        0.000000        0.000000
     H    9        0.000000        0.000000        0.000000

     C   10       -0.201436       -0.099442       -0.065973
     C   10       -0.099442        0.220514       -0.012961
     C   10       -0.065973       -0.012961       -0.019078

     C   11       -0.054439        0.093896       -0.057331
     C   11        0.093896        0.174886        0.222191
     C   11       -0.057331        0.222191       -0.120447

     Cl  12       -0.953435        1.247695        0.599601
     Cl  12        1.247695        0.568939        2.216751
     Cl  12        0.599601        2.216751        0.384496

     H   13       -0.000000        0.000000        0.000000
     H   13        0.000000        0.000000        0.000000
     H   13        0.000000        0.000000        0.000000

     C   14       -0.065738        0.156376       -0.007800
     C   14        0.156376        0.186582       -0.093336
     C   14       -0.007800       -0.093336       -0.120844

     H   15       -0.000000        0.000000        0.000000
     H   15        0.000000        0.000000        0.000000
     H   15        0.000000        0.000000        0.000000

     C   16       -0.165779        0.124841       -0.022447
     C   16        0.124841        0.114379        0.080531
     C   16       -0.022447        0.080531        0.051400

     C   17       -0.016309       -0.129914       -0.042585
     C   17       -0.129914        0.142770        0.026818
     C   17       -0.042585        0.026818       -0.126461

     Cl  18        1.036892       -2.083189        0.069817
     Cl  18       -2.083189        0.158659       -0.330149
     Cl  18        0.069817       -0.330149       -1.195551

     H   19       -0.000000        0.000000        0.000000
     H   19        0.000000        0.000000        0.000000
     H   19        0.000000        0.000000        0.000000

     C   20       -0.202784        0.033536        0.017873
     C   20        0.033536        0.261908        0.114127
     C   20        0.017873        0.114127       -0.059124

     H   21       -0.000000        0.000000        0.000000
     H   21        0.000000        0.000000        0.000000
     H   21        0.000000        0.000000        0.000000

     C   22       -0.087454        0.157323       -0.084539
     C   22        0.157323        0.182810       -0.059371
     C   22       -0.084539       -0.059371       -0.095356

     C   23       -0.188237        0.025789       -0.013481
     C   23        0.025789        0.052916       -0.201497
     C   23       -0.013481       -0.201497        0.135320

     Cl  24       -0.468894        1.155074        0.112797
     Cl  24        1.155074       -0.651580       -1.225702
     Cl  24        0.112797       -1.225702        1.120474

     ----- total EFG -----
     Cl   1       -0.047437       -0.815939       -0.930354
     Cl   1       -0.815939        1.074496       -2.153976
     Cl   1       -0.930354       -2.153976       -1.027059

     C    2       -0.485137        0.307427       -0.102941
     C    2        0.307427        0.658904        0.166010
     C    2       -0.102941        0.166010       -0.173766

     C    3        0.110375       -0.039067        0.096407
     C    3       -0.039067        0.353274       -0.383584
     C    3        0.096407       -0.383584       -0.463649

     H    4        0.523669        0.221806        0.266539
     H    4        0.221806       -0.483181        0.378060
     H    4        0.266539        0.378060       -0.040489

     C    5       -0.798426        0.071169       -0.066390
     C    5        0.071169        0.829950        0.109119
     C    5       -0.066390        0.109119       -0.031524

     H    6       -0.114918       -0.220306        0.154160
     H    6       -0.220306        0.294342        0.359560
     H    6        0.154160        0.359560       -0.179424

     H    7       -0.069918       -0.028321        0.021184
     H    7       -0.028321        0.078511       -0.182893
     H    7        0.021184       -0.182893       -0.008593

     C    8        0.104945       -0.102546        0.010227
     C    8       -0.102546        0.005592       -0.003261
     C    8        0.010227       -0.003261       -0.110537

     H    9        0.343053        0.122506        0.279058
     H    9        0.122506       -0.436012       -0.054838
     H    9        0.279058       -0.054838        0.092959

     C   10       -0.607265       -0.266129       -0.226732
     C   10       -0.266129        0.510927       -0.173434
     C   10       -0.226732       -0.173434        0.096337

     C   11        0.081621        0.425746       -0.160463
     C   11        0.425746        0.241020        0.535883
     C   11       -0.160463        0.535883       -0.322641

     Cl  12       -1.096015        1.215328        0.624637
     Cl  12        1.215328        0.626033        2.330873
     Cl  12        0.624637        2.330873        0.469983

     H   13       -0.083763       -0.126355        0.008002
     H   13       -0.126355       -0.083730        0.380114
     H   13        0.008002        0.380114        0.167493

     C   14        0.043112        0.251487        0.141995
     C   14        0.251487        0.220445       -0.298366
     C   14        0.141995       -0.298366       -0.263557

     H   15        0.281813       -0.051185        0.139247
     H   15       -0.051185       -0.172434       -0.053792
     H   15        0.139247       -0.053792       -0.109379

     C   16       -0.620894        0.292345       -0.077333
     C   16        0.292345        0.428945        0.256037
     C   16       -0.077333        0.256037        0.191949

     C   17        0.088006       -0.379506       -0.032375
     C   17       -0.379506        0.153639       -0.082990
     C   17       -0.032375       -0.082990       -0.241644

     Cl  18        1.052482       -2.190724        0.076227
     Cl  18       -2.190724        0.197698       -0.358001
     Cl  18        0.076227       -0.358001       -1.250181

     H   19       -0.015583       -0.198266       -0.106873
     H   19       -0.198266        0.320450       -0.586452
     H   19       -0.106873       -0.586452       -0.304867

     C   20       -0.611784       -0.119523        0.034111
     C   20       -0.119523        0.565639        0.017573
     C   20        0.034111        0.017573        0.046145

     H   21        0.176858       -0.458238        0.443860
     H   21       -0.458238       -0.002373        0.081823
     H   21        0.443860        0.081823       -0.174486

     C   22        0.150290        0.405688       -0.310496
     C   22        0.405688        0.079478        0.046936
     C   22       -0.310496        0.046936       -0.229768

     C   23       -0.698510       -0.157194       -0.123710
     C   23       -0.157194        0.264913       -0.623960
     C   23       -0.123710       -0.623960        0.433597

     Cl  24       -0.246070        1.325977        0.144080
     Cl  24        1.325977       -0.606317       -1.111495
     Cl  24        0.144080       -1.111495        0.852387

     ----- total EFG (symmetrized) -----
     Cl   1       -0.047437       -0.815939       -0.930354
     Cl   1       -0.815939        1.074496       -2.153976
     Cl   1       -0.930354       -2.153976       -1.027059

     C    2       -0.485137        0.307427       -0.102941
     C    2        0.307427        0.658904        0.166010
     C    2       -0.102941        0.166010       -0.173766

     C    3        0.110375       -0.039067        0.096407
     C    3       -0.039067        0.353274       -0.383584
     C    3        0.096407       -0.383584       -0.463649

     H    4        0.523669        0.221806        0.266539
     H    4        0.221806       -0.483181        0.378060
     H    4        0.266539        0.378060       -0.040489

     C    5       -0.798426        0.071169       -0.066390
     C    5        0.071169        0.829950        0.109119
     C    5       -0.066390        0.109119       -0.031524

     H    6       -0.114918       -0.220306        0.154160
     H    6       -0.220306        0.294342        0.359560
     H    6        0.154160        0.359560       -0.179424

     H    7       -0.069918       -0.028321        0.021184
     H    7       -0.028321        0.078511       -0.182893
     H    7        0.021184       -0.182893       -0.008593

     C    8        0.104945       -0.102546        0.010227
     C    8       -0.102546        0.005592       -0.003261
     C    8        0.010227       -0.003261       -0.110537

     H    9        0.343053        0.122506        0.279058
     H    9        0.122506       -0.436012       -0.054838
     H    9        0.279058       -0.054838        0.092959

     C   10       -0.607265       -0.266129       -0.226732
     C   10       -0.266129        0.510927       -0.173434
     C   10       -0.226732       -0.173434        0.096337

     C   11        0.081621        0.425746       -0.160463
     C   11        0.425746        0.241020        0.535883
     C   11       -0.160463        0.535883       -0.322641

     Cl  12       -1.096015        1.215328        0.624637
     Cl  12        1.215328        0.626033        2.330873
     Cl  12        0.624637        2.330873        0.469983

     H   13       -0.083763       -0.126355        0.008002
     H   13       -0.126355       -0.083730        0.380114
     H   13        0.008002        0.380114        0.167493

     C   14        0.043112        0.251487        0.141995
     C   14        0.251487        0.220445       -0.298366
     C   14        0.141995       -0.298366       -0.263557

     H   15        0.281813       -0.051185        0.139247
     H   15       -0.051185       -0.172434       -0.053792
     H   15        0.139247       -0.053792       -0.109379

     C   16       -0.620894        0.292345       -0.077333
     C   16        0.292345        0.428945        0.256037
     C   16       -0.077333        0.256037        0.191949

     C   17        0.088006       -0.379506       -0.032375
     C   17       -0.379506        0.153639       -0.082990
     C   17       -0.032375       -0.082990       -0.241644

     Cl  18        1.052482       -2.190724        0.076227
     Cl  18       -2.190724        0.197698       -0.358001
     Cl  18        0.076227       -0.358001       -1.250181

     H   19       -0.015583       -0.198266       -0.106873
     H   19       -0.198266        0.320450       -0.586452
     H   19       -0.106873       -0.586452       -0.304867

     C   20       -0.611784       -0.119523        0.034111
     C   20       -0.119523        0.565639        0.017573
     C   20        0.034111        0.017573        0.046145

     H   21        0.176858       -0.458238        0.443860
     H   21       -0.458238       -0.002373        0.081823
     H   21        0.443860        0.081823       -0.174486

     C   22        0.150290        0.405688       -0.310496
     C   22        0.405688        0.079478        0.046936
     C   22       -0.310496        0.046936       -0.229768

     C   23       -0.698510       -0.157194       -0.123710
     C   23       -0.157194        0.264913       -0.623960
     C   23       -0.123710       -0.623960        0.433597

     Cl  24       -0.246070        1.325977        0.144080
     Cl  24        1.325977       -0.606317       -1.111495
     Cl  24        0.144080       -1.111495        0.852387


     NQR/NMR SPECTROSCOPIC PARAMETERS:
     Cl   1    Vxx=    0.4591    axis=( -0.914286  0.130264  0.383553)
     Cl   1    Vyy=    2.4385    axis=(  0.091047 -0.856566  0.507942)
     Cl   1    Vzz=   -2.8976    axis=(  0.394705  0.499325  0.771286)
     Cl   1  Q=        -8.1650 1e-30 m^2  Cq=        55.5897 MHz  eta= 0.68311

     C    2    Vxx=   -0.1472    axis=(  0.342423  0.062469 -0.937467)
     C    2    Vyy=   -0.6092    axis=(  0.911895 -0.262382  0.315599)
     C    2    Vzz=    0.7564    axis=( -0.226260 -0.962940 -0.146811)
     C    2  Q=         1.0000 1e-30 m^2  Cq=         1.7774 MHz  eta= 0.61074

     C    3    Vxx=    0.1053    axis=(  0.979094  0.201140  0.030295)
     C    3    Vyy=    0.5180    axis=( -0.175596  0.910971 -0.373227)
     C    3    Vzz=   -0.6233    axis=( -0.102669  0.360104  0.927245)
     C    3  Q=         1.0000 1e-30 m^2  Cq=        -1.4645 MHz  eta= 0.66201

     H    4    Vxx=   -0.0318    axis=( -0.519602  0.383940  0.763284)
     H    4    Vyy=   -0.7032    axis=( -0.054610  0.876599 -0.478114)
     H    4    Vzz=    0.7350    axis=(  0.852661  0.290112  0.434516)
     H    4  Q=         1.0000 1e-30 m^2  Cq=         1.7269 MHz  eta= 0.91356

     C    5    Vxx=   -0.0378    axis=( -0.097164 -0.116323  0.988447)
     C    5    Vyy=   -0.8081    axis=( -0.994540  0.049336 -0.091957)
     C    5    Vzz=    0.8459    axis=( -0.038070 -0.991985 -0.120481)
     C    5  Q=         1.0000 1e-30 m^2  Cq=         1.9876 MHz  eta= 0.91054

     H    6    Vxx=    0.0067    axis=( -0.826746  0.065269 -0.558776)
     H    6    Vyy=    0.5139    axis=( -0.209234  0.886321  0.413104)
     H    6    Vzz=   -0.5206    axis=( -0.522218 -0.458448  0.719106)
     H    6  Q=         1.0000 1e-30 m^2  Cq=        -1.2232 MHz  eta= 0.97439

     H    7    Vxx=   -0.0741    axis=(  0.992925  0.085481 -0.082420)
     H    7    Vyy=   -0.1531    axis=(  0.011649  0.620635  0.784013)
     H    7    Vzz=    0.2272    axis=( -0.118171  0.779426 -0.615248)
     H    7  Q=         1.0000 1e-30 m^2  Cq=         0.5338 MHz  eta= 0.34751

     C    8    Vxx=   -0.0585    axis=(  0.528400  0.847476  0.050783)
     C    8    Vyy=   -0.1111    axis=( -0.058369 -0.023411  0.998021)
     C    8    Vzz=    0.1696    axis=(  0.846987 -0.530318  0.037096)
     C    8  Q=         1.0000 1e-30 m^2  Cq=         0.3985 MHz  eta= 0.30966

     H    9    Vxx=   -0.0553    axis=( -0.492621 -0.277305  0.824880)
     H    9    Vyy=   -0.4742    axis=( -0.210558  0.957689  0.196206)
     H    9    Vzz=    0.5294    axis=( -0.844387 -0.077030 -0.530167)
     H    9  Q=         1.0000 1e-30 m^2  Cq=         1.2440 MHz  eta= 0.79125

     C   10    Vxx=    0.1457    axis=( -0.343257  0.186951  0.920448)
     C   10    Vyy=    0.6024    axis=( -0.162136  0.953484 -0.254126)
     C   10    Vzz=   -0.7481    axis=( -0.925142 -0.236468 -0.296978)
     C   10  Q=         1.0000 1e-30 m^2  Cq=        -1.7577 MHz  eta= 0.61056

     C   11    Vxx=    0.0889    axis=(  0.793941 -0.202513 -0.573277)
     C   11    Vyy=    0.7123    axis=( -0.461077 -0.815164 -0.350593)
     C   11    Vzz=   -0.8012    axis=( -0.396315  0.542675 -0.740566)
     C   11  Q=         1.0000 1e-30 m^2  Cq=        -1.8825 MHz  eta= 0.77811

     Cl  12    Vxx=   -1.2296    axis=(  0.787904  0.210761 -0.578608)
     Cl  12    Vyy=   -2.0447    axis=( -0.544039  0.678438 -0.493704)
     Cl  12    Vzz=    3.2744    axis=( -0.288496 -0.703777 -0.649206)
     Cl  12  Q=        -8.1650 1e-30 m^2  Cq=       -62.8170 MHz  eta= 0.24893

     H   13    Vxx=   -0.0551    axis=(  0.935318 -0.193256  0.296367)
     H   13    Vyy=   -0.3959    axis=(  0.329601  0.780449 -0.531285)
     H   13    Vzz=    0.4510    axis=( -0.128625  0.594602  0.793665)
     H   13  Q=         1.0000 1e-30 m^2  Cq=         1.0596 MHz  eta= 0.75555

     C   14    Vxx=    0.0677    axis=( -0.799122  0.234367 -0.553603)
     C   14    Vyy=    0.4446    axis=( -0.439713 -0.855831  0.272407)
     C   14    Vzz=   -0.5123    axis=( -0.409947  0.461113  0.786968)
     C   14  Q=         1.0000 1e-30 m^2  Cq=        -1.2038 MHz  eta= 0.73563

     H   15    Vxx=   -0.1295    axis=( -0.327090 -0.562150  0.759605)
     H   15    Vyy=   -0.2052    axis=( -0.077478  0.817067  0.571313)
     H   15    Vzz=    0.3347    axis=( -0.941812  0.128018 -0.310809)
     H   15  Q=         1.0000 1e-30 m^2  Cq=         0.7865 MHz  eta= 0.22605

     C   16    Vxx=    0.0906    axis=( -0.268004 -0.423368  0.865409)
     C   16    Vyy=    0.6285    axis=( -0.172434 -0.862686 -0.475436)
     C   16    Vzz=   -0.7191    axis=( -0.947861  0.276645 -0.158200)
     C   16  Q=         1.0000 1e-30 m^2  Cq=        -1.6897 MHz  eta= 0.74791

     C   17    Vxx=   -0.1717    axis=(  0.522950  0.421028 -0.741120)
     C   17    Vyy=   -0.3322    axis=(  0.525765  0.525034  0.669261)
     C   17    Vzz=    0.5038    axis=( -0.670891  0.739645 -0.053205)
     C   17  Q=         1.0000 1e-30 m^2  Cq=         1.1838 MHz  eta= 0.31862

     Cl  18    Vxx=   -1.1556    axis=( -0.335050 -0.306706  0.890883)
     Cl  18    Vyy=   -1.7215    axis=(  0.546196  0.707223  0.448894)
     Cl  18    Vzz=    2.8771    axis=(  0.767732 -0.636999  0.069433)
     Cl  18  Q=        -8.1650 1e-30 m^2  Cq=       -55.1948 MHz  eta= 0.19668

     H   19    Vxx=    0.0196    axis=(  0.947872  0.003552 -0.318632)
     H   19    Vyy=    0.6918    axis=( -0.166808  0.857515 -0.486664)
     H   19    Vzz=   -0.7114    axis=(  0.271503  0.514446  0.813407)
     H   19  Q=         1.0000 1e-30 m^2  Cq=        -1.6716 MHz  eta= 0.94490

     C   20    Vxx=    0.0477    axis=(  0.055454 -0.021071  0.998239)
     C   20    Vyy=    0.5780    axis=( -0.099165  0.994718  0.026506)
     C   20    Vzz=   -0.6257    axis=( -0.993525 -0.100460  0.053072)
     C   20  Q=         1.0000 1e-30 m^2  Cq=        -1.4701 MHz  eta= 0.84763

     H   21    Vxx=   -0.0061    axis=( -0.128357 -0.715959 -0.686242)
     H   21    Vyy=   -0.6637    axis=( -0.601086 -0.494218  0.628048)
     H   21    Vzz=    0.6698    axis=( -0.788809  0.493105 -0.366917)
     H   21  Q=         1.0000 1e-30 m^2  Cq=         1.5737 MHz  eta= 0.98179

     C   22    Vxx=   -0.0506    axis=(  0.293380 -0.668396 -0.683502)
     C   22    Vyy=   -0.5244    axis=(  0.580794 -0.443278  0.682776)
     C   22    Vzz=    0.5750    axis=( -0.759346 -0.597287  0.258151)
     C   22  Q=         1.0000 1e-30 m^2  Cq=         1.3509 MHz  eta= 0.82400

     C   23    Vxx=   -0.2003    axis=( -0.372107  0.696766  0.613232)
     C   23    Vyy=   -0.7787    axis=( -0.928169 -0.283774 -0.240780)
     C   23    Vzz=    0.9790    axis=(  0.006252 -0.658779  0.752311)
     C   23  Q=         1.0000 1e-30 m^2  Cq=         2.3002 MHz  eta= 0.59080

     Cl  24    Vxx=    0.4348    axis=( -0.743106 -0.317595 -0.589005)
     Cl  24    Vyy=    1.6400    axis=(  0.345291  0.571986 -0.744047)
     Cl  24    Vzz=   -2.0748    axis=(  0.573208 -0.756284 -0.315383)
     Cl  24  Q=        -8.1650 1e-30 m^2  Cq=        39.8044 MHz  eta= 0.58084

     Initialization:
     gipaw_setup  :      9.34s CPU     11.02s WALL (       1 calls)

     Linear response

     Apply operators

     Induced current

     Other routines
     efg          :     11.59s CPU     17.13s WALL (       1 calls)

     General routines
     calbec       :      5.19s CPU      8.09s WALL (      16 calls)
     fft          :      1.71s CPU      2.72s WALL (      15 calls)
     ffts         :      0.03s CPU      0.05s WALL (       2 calls)
     fftw         :      3.16s CPU      4.12s WALL (     672 calls)
     davcio       :      0.01s CPU      0.29s WALL (      32 calls)

     Parallel routines
     fft_scatter  :      2.43s CPU      3.96s WALL (     689 calls)

     Plugins

     GIPAW        :     63.94s CPU     78.30s WALL (       1 calls)
