
     Program QE v.6.0 (svn rev. 13079) starts on 17Dec2016 at  5: 9:33 

     This program is part of the open-source Quantum ESPRESSO suite
     for quantum simulation of materials; please cite
         "P. Giannozzi et al., J. Phys.:Condens. Matter 21 395502 (2009);
          URL http://www.quantum-espresso.org", 
     in publications or presentations arising from this work. More details at
     http://www.quantum-espresso.org/quote

     Parallel version (MPI), running on     8 processors
     R & G space division:  proc/nbgrp/npool/nimage =       8

     ***** This is GIPAW svn revision unknown      *****

     Parallelizing q-star over 1 images

     Reading data from directory:
     /users/majewski/paradichlorobenzene/pbe/9_constraint/scratch/pbe.ecut100.np8.dt60.pcl2phi-129368.save
     Message from routine read_xml_file:
     file /users/majewski/paradichlorobenzene/pbe/9_constraint/scratch/pbe.ecut100.np8.dt60.pcl2phi-129368.save not guaranteed to be safe for post-processing

   Info: using nr1, nr2, nr3 values from input

   Info: using nr1, nr2, nr3 values from input

     IMPORTANT: XC functional enforced from input :
     Exchange-correlation      =  SLA  PW   PBX  PBC ( 1  4  3  4 0 0)
     Any further DFT definition will be discarded
     Please, verify this is what you really want

               file C.pbe-n-kjpaw_psl.1.0.0.UPF: wavefunction(s)  2S 2P renormalized
               file Cl.pbe-n-kjpaw_psl.1.0.0.UPF: wavefunction(s)  3S 3P renormalized
               file H.pbe-kjpaw_psl.1.0.0.UPF: wavefunction(s)  1S renormalized

     Parallelization info
     --------------------
     sticks:   dense  smooth     PW     G-vecs:    dense   smooth      PW
     Min        3057    1223    332               144436    36536    5170
     Max        3059    1225    333               144437    36537    5171
     Sum       24467    9791   2657              1155489   292295   41363


     Subspace diagonalization in iterative solution of the eigenvalue problem:
     a serial algorithm will be used

     GIPAW projectors -----------------------------------------------
     atom=  C    l=0  rc=    1.2000  rs=    0.8000
     atom=  C    l=0  rc=    1.2000  rs=    0.8000
     atom=  C    l=1  rc=    1.4000  rs=    0.9333
     atom=  C    l=1  rc=    1.4000  rs=    0.9333
     projs nearly linearly dependent: l=1  n1,n2= 1, 2  s=  0.99951561

     atom=  Cl   l=0  rc=    1.6000  rs=    1.0667
     atom=  Cl   l=0  rc=    1.6000  rs=    1.0667
     atom=  Cl   l=1  rc=    1.6000  rs=    1.0667
     atom=  Cl   l=1  rc=    1.6000  rs=    1.0667
     atom=  Cl   l=2  rc=    1.6000  rs=    1.0667
     atom=  Cl   l=2  rc=    1.6000  rs=    1.0667
     projs nearly linearly dependent: l=2  n1,n2= 1, 2  s=  0.99993509

     atom=  H    l=0  rc=    1.0000  rs=    0.6667
     atom=  H    l=0  rc=    1.0000  rs=    0.6667
     projs nearly linearly dependent: l=0  n1,n2= 1, 2  s=  0.99968852
     -----------------------------------------------------------------

     GIPAW integrals: -------------------------------------------
     Atom  i/j   nmr_para   nmr_dia   epr_rmc  epr_para   epr_dia
       C   1 1   0.83E+03  0.17E-01  0.93E+01  0.24E+08  0.24E+03
       C   2 1   0.86E+03 -0.61E-01  0.94E+01  0.25E+08  0.25E+03
       C   2 2   0.90E+03 -0.15E+00  0.97E+01  0.26E+08  0.26E+03
       C   3 3   0.33E+01  0.34E+00  0.18E+01  0.55E+03  0.21E+02
       C   4 3   0.35E+01  0.37E+00  0.20E+01  0.59E+03  0.22E+02
       C   4 4   0.38E+01  0.39E+00  0.22E+01  0.63E+03  0.24E+02
       Cl  1 1   0.14E+04 -0.47E+00  0.84E+01  0.32E+09  0.42E+03
       Cl  2 1   0.21E+04 -0.37E+00  0.12E+02  0.49E+09  0.65E+03
       Cl  2 2   0.33E+04 -0.16E+00  0.21E+02  0.76E+09  0.10E+04
       Cl  3 3   0.21E+02  0.79E-01  0.89E+01  0.23E+05  0.13E+03
       Cl  4 3   0.24E+02  0.67E-01  0.99E+01  0.27E+05  0.15E+03
       Cl  4 4   0.28E+02  0.44E-01  0.11E+02  0.32E+05  0.18E+03
       Cl  5 5   0.77E+00  0.19E+00  0.18E+01  0.12E+03  0.22E+02
       Cl  6 5   0.80E+00  0.19E+00  0.19E+01  0.12E+03  0.23E+02
       Cl  6 6   0.83E+00  0.20E+00  0.19E+01  0.12E+03  0.23E+02
       H   1 1   0.39E+02  0.19E+00  0.29E+00  0.78E+05  0.13E+02
       H   2 1   0.41E+02  0.21E+00  0.32E+00  0.82E+05  0.14E+02
       H   2 2   0.43E+02  0.22E+00  0.36E+00  0.86E+05  0.15E+02
     ------------------------------------------------------------

     alpha_pv=     33.7724 eV

     Number of occupied bands for each k-point:
     k-point:     1    nbnd_occ=  42
     k-point:     2    nbnd_occ=  42
     k-point:     3    nbnd_occ=  42
     k-point:     4    nbnd_occ=  42
     k-point:     5    nbnd_occ=  42
     k-point:     6    nbnd_occ=  42
     k-point:     7    nbnd_occ=  42
     k-point:     8    nbnd_occ=  42
     k-point:     9    nbnd_occ=  42
     k-point:    10    nbnd_occ=  42
     k-point:    11    nbnd_occ=  42
     k-point:    12    nbnd_occ=  42
     k-point:    13    nbnd_occ=  42
     k-point:    14    nbnd_occ=  42
     k-point:    15    nbnd_occ=  42
     k-point:    16    nbnd_occ=  42


     q-space interpolation up to   110.00 Rydberg

     GIPAW job: efg                                                                             


     ELECTRIC FIELD GRADIENTS TENSORS IN Hartree/bohrradius^2:

     ----- bare term -----
     Cl   1        0.007017       -0.130706       -0.101537
     Cl   1       -0.130706       -0.038801        0.060044
     Cl   1       -0.101537        0.060044        0.031784

     C    2       -0.612463        0.310939       -0.259236
     C    2        0.310939        0.093207       -0.113631
     C    2       -0.259236       -0.113631        0.519256

     C    3        0.075191        0.035430       -0.039657
     C    3        0.035430       -0.427676       -0.290839
     C    3       -0.039657       -0.290839        0.352486

     H    4       -0.515396       -0.298737        0.220113
     H    4       -0.298737        0.374723       -0.038947
     H    4        0.220113       -0.038947        0.140673

     C    5       -0.752892        0.228806       -0.391364
     C    5        0.228806        0.139163       -0.008794
     C    5       -0.391364       -0.008794        0.613729

     H    6        0.500858       -0.174368        0.019903
     H    6       -0.174368       -0.585873       -0.054080
     H    6        0.019903       -0.054080        0.085014

     H    7        0.317709       -0.121195        0.061596
     H    7       -0.121195       -0.456937        0.526547
     H    7        0.061596        0.526547        0.139228

     C    8       -0.279726       -0.081553       -0.330366
     C    8       -0.081553       -0.026950        0.524979
     C    8       -0.330366        0.524979        0.306676

     H    9       -0.006496        0.138123       -0.398130
     H    9        0.138123        0.415778       -0.090120
     H    9       -0.398130       -0.090120       -0.409282

     C   10       -0.260379       -0.391937       -0.285455
     C   10       -0.391937       -0.194893        0.339913
     C   10       -0.285455        0.339913        0.455272

     C   11       -0.178761        0.016526       -0.339435
     C   11        0.016526       -0.072311        0.643320
     C   11       -0.339435        0.643320        0.251072

     Cl  12       -0.090159       -0.154400       -0.006992
     Cl  12       -0.154400        0.118278       -0.017230
     Cl  12       -0.006992       -0.017230       -0.028119

     H   13        0.420509        0.079610        0.144375
     H   13        0.079610       -0.198239       -0.629816
     H   13        0.144375       -0.629816       -0.222270

     C   14       -0.093382       -0.118417       -0.324581
     C   14       -0.118417       -0.211542       -0.298548
     C   14       -0.324581       -0.298548        0.304923

     H   15       -0.108330       -0.471862       -0.282043
     H   15       -0.471862       -0.272588       -0.181700
     H   15       -0.282043       -0.181700        0.380917

     C   16       -0.788964        0.387087       -0.350624
     C   16        0.387087        0.354242       -0.017972
     C   16       -0.350624       -0.017972        0.434722

     C   17        0.054248        0.005927       -0.194316
     C   17        0.005927       -0.250584       -0.438766
     C   17       -0.194316       -0.438766        0.196336

     Cl  18       -0.180574        0.262524       -0.005862
     Cl  18        0.262524        0.037820       -0.031535
     Cl  18       -0.005862       -0.031535        0.142754

     H   19        0.358131        0.056097        0.240995
     H   19        0.056097       -0.118511        0.397317
     H   19        0.240995        0.397317       -0.239620

     C   20       -0.603093       -0.360656       -0.331182
     C   20       -0.360656        0.246943        0.381781
     C   20       -0.331182        0.381781        0.356151

     H   21        0.039196       -0.027982       -0.508298
     H   21       -0.027982        0.211345       -0.238290
     H   21       -0.508298       -0.238290       -0.250541

     C   22       -0.104539       -0.201421       -0.198399
     C   22       -0.201421       -0.106162        0.464619
     C   22       -0.198399        0.464619        0.210700

     C   23       -0.227897       -0.247659       -0.312114
     C   23       -0.247659       -0.107522        0.353980
     C   23       -0.312114        0.353980        0.335419

     Cl  24        0.177762        0.061319        0.059400
     Cl  24        0.061319       -0.115517       -0.333104
     Cl  24        0.059400       -0.333104       -0.062245

     ----- ionic term -----
     Cl   1        0.146216       -0.217765        0.041410
     Cl   1       -0.217765        0.012774       -0.022207
     Cl   1        0.041410       -0.022207       -0.158991

     C    2        0.250245       -0.125159        0.243567
     C    2       -0.125159        0.151550        0.314023
     C    2        0.243567        0.314023       -0.401795

     C    3        0.257542       -0.175794        0.114819
     C    3       -0.175794        0.158148        0.340008
     C    3        0.114819        0.340008       -0.415691

     H    4        0.740746        0.395291        0.525392
     H    4        0.395291       -0.367513        0.222622
     H    4        0.525392        0.222622       -0.373233

     C    5        0.359826       -0.071867        0.147006
     C    5       -0.071867        0.078861        0.300403
     C    5        0.147006        0.300403       -0.438687

     H    6       -0.494761        0.092147        0.021902
     H    6        0.092147        0.798302        0.600052
     H    6        0.021902        0.600052       -0.303541

     H    7       -0.536060        0.068556       -0.018175
     H    7        0.068556        0.512933       -0.755092
     H    7       -0.018175       -0.755092        0.023127

     C    8        0.122538        0.305649        0.313957
     C    8        0.305649        0.072850       -0.255044
     C    8        0.313957       -0.255044       -0.195388

     H    9        0.352220       -0.033483        0.786750
     H    9       -0.033483       -0.537595       -0.115278
     H    9        0.786750       -0.115278        0.185375

     C   10        0.050748        0.374298        0.242240
     C   10        0.374298        0.114908       -0.317465
     C   10        0.242240       -0.317465       -0.165656

     C   11        0.253692        0.213249        0.318599
     C   11        0.213249       -0.033587       -0.379459
     C   11        0.318599       -0.379459       -0.220105

     Cl  12        0.163467        0.202874        0.022132
     Cl  12        0.202874       -0.008055        0.006111
     Cl  12        0.022132        0.006111       -0.155412

     H   13       -0.524200        0.032232        0.033646
     H   13        0.032232        0.553213        0.755945
     H   13        0.033646        0.755945       -0.029013

     C   14        0.330648       -0.108263        0.181605
     C   14       -0.108263        0.010319        0.319318
     C   14        0.181605        0.319318       -0.340967

     H   15        0.671850        0.469590        0.520349
     H   15        0.469590       -0.331960        0.242313
     H   15        0.520349        0.242313       -0.339890

     C   16        0.190189       -0.120143        0.110555
     C   16       -0.120143        0.162686        0.405700
     C   16        0.110555        0.405700       -0.352875

     C   17        0.248298       -0.045402        0.111019
     C   17       -0.045402        0.117676        0.455245
     C   17        0.111019        0.455245       -0.365974

     Cl  18        0.155980       -0.167877       -0.054008
     Cl  18       -0.167877       -0.037221        0.031771
     Cl  18       -0.054008        0.031771       -0.118759

     H   19       -0.503732        0.055129       -0.029711
     H   19        0.055129        0.551467       -0.751512
     H   19       -0.029711       -0.751512       -0.047735

     C   20        0.283488        0.235104        0.352255
     C   20        0.235104        0.016897       -0.260800
     C   20        0.352255       -0.260800       -0.300386

     H   21        0.604826       -0.193915        0.708886
     H   21       -0.193915       -0.433217       -0.185452
     H   21        0.708886       -0.185452       -0.171609

     C   22        0.129822        0.282395        0.265777
     C   22        0.282395        0.189371       -0.303024
     C   22        0.265777       -0.303024       -0.319193

     C   23        0.036769        0.237688        0.332519
     C   23        0.237688        0.173729       -0.342252
     C   23        0.332519       -0.342252       -0.210498

     Cl  24        0.103533        0.218179        0.044792
     Cl  24        0.218179        0.035364        0.018608
     Cl  24        0.044792        0.018608       -0.138897

     ----- GIPAW term -----
     Cl   1        1.245521       -2.991297       -1.328278
     Cl   1       -2.991297       -0.413131        0.821073
     Cl   1       -1.328278        0.821073       -0.832391

     C    2       -0.100177       -0.041054       -0.110857
     C    2       -0.041054       -0.059993        0.072193
     C    2       -0.110857        0.072193        0.160170

     C    3       -0.041421       -0.016601       -0.057852
     C    3       -0.016601       -0.104729        0.016238
     C    3       -0.057852        0.016238        0.146151

     H    4       -0.000000        0.000000        0.000000
     H    4        0.000000        0.000000        0.000000
     H    4        0.000000        0.000000        0.000000

     C    5       -0.189693        0.010935       -0.072663
     C    5        0.010935       -0.055035        0.104251
     C    5       -0.072663        0.104251        0.244728

     H    6       -0.000000        0.000000        0.000000
     H    6        0.000000        0.000000        0.000000
     H    6        0.000000        0.000000        0.000000

     H    7       -0.000000        0.000000        0.000000
     H    7        0.000000        0.000000        0.000000
     H    7        0.000000        0.000000        0.000000

     C    8       -0.076097        0.007410       -0.044673
     C    8        0.007410        0.085593        0.170685
     C    8       -0.044673        0.170685       -0.009496

     H    9       -0.000000        0.000000        0.000000
     H    9        0.000000        0.000000        0.000000
     H    9        0.000000        0.000000        0.000000

     C   10       -0.023087       -0.015908       -0.113753
     C   10       -0.015908       -0.041580        0.009395
     C   10       -0.113753        0.009395        0.064667

     C   11        0.000729        0.114659       -0.076047
     C   11        0.114659        0.030737        0.177961
     C   11       -0.076047        0.177961       -0.031466

     Cl  12        0.835280        1.194666       -0.071804
     Cl  12        1.194666        1.080204       -0.168295
     Cl  12       -0.071804       -0.168295       -1.915484

     H   13       -0.000000        0.000000        0.000000
     H   13        0.000000        0.000000        0.000000
     H   13        0.000000        0.000000        0.000000

     C   14       -0.088669       -0.114354       -0.109215
     C   14       -0.114354        0.003772        0.141340
     C   14       -0.109215        0.141340        0.084897

     H   15       -0.000000        0.000000        0.000000
     H   15        0.000000        0.000000        0.000000
     H   15        0.000000        0.000000        0.000000

     C   16       -0.254854        0.069683       -0.048929
     C   16        0.069683        0.252986        0.164410
     C   16       -0.048929        0.164410        0.001868

     C   17       -0.075559       -0.057074        0.007562
     C   17       -0.057074        0.127303        0.169433
     C   17        0.007562        0.169433       -0.051744

     Cl  18       -0.829943        0.387178       -0.467695
     Cl  18        0.387178        2.340334       -1.318982
     Cl  18       -0.467695       -1.318982       -1.510391

     H   19       -0.000000        0.000000        0.000000
     H   19        0.000000        0.000000        0.000000
     H   19        0.000000        0.000000        0.000000

     C   20       -0.174806       -0.096375       -0.065042
     C   20       -0.096375        0.154552        0.170928
     C   20       -0.065042        0.170928        0.020253

     H   21       -0.000000        0.000000        0.000000
     H   21        0.000000        0.000000        0.000000
     H   21        0.000000        0.000000        0.000000

     C   22       -0.115891       -0.044045       -0.075608
     C   22       -0.044045        0.011184        0.195547
     C   22       -0.075608        0.195547        0.104707

     C   23       -0.087400       -0.011173       -0.079840
     C   23       -0.011173        0.011303        0.182435
     C   23       -0.079840        0.182435        0.076097

     Cl  24       -0.070240        0.448254       -0.576689
     Cl  24        0.448254        0.276141        1.158010
     Cl  24       -0.576689        1.158010       -0.205901

     ----- total EFG -----
     Cl   1        1.398755       -3.339768       -1.388406
     Cl   1       -3.339768       -0.439157        0.858909
     Cl   1       -1.388406        0.858909       -0.959598

     C    2       -0.462395        0.144726       -0.126526
     C    2        0.144726        0.184764        0.272585
     C    2       -0.126526        0.272585        0.277631

     C    3        0.291311       -0.156965        0.017310
     C    3       -0.156965       -0.374257        0.065407
     C    3        0.017310        0.065407        0.082946

     H    4        0.225350        0.096554        0.745505
     H    4        0.096554        0.007210        0.183675
     H    4        0.745505        0.183675       -0.232560

     C    5       -0.582759        0.167874       -0.317020
     C    5        0.167874        0.162988        0.395860
     C    5       -0.317020        0.395860        0.419770

     H    6        0.006097       -0.082220        0.041805
     H    6       -0.082220        0.212429        0.545971
     H    6        0.041805        0.545971       -0.218526

     H    7       -0.218352       -0.052639        0.043420
     H    7       -0.052639        0.055996       -0.228546
     H    7        0.043420       -0.228546        0.162355

     C    8       -0.233285        0.231506       -0.061082
     C    8        0.231506        0.131493        0.440620
     C    8       -0.061082        0.440620        0.101792

     H    9        0.345724        0.104640        0.388620
     H    9        0.104640       -0.121817       -0.205398
     H    9        0.388620       -0.205398       -0.223907

     C   10       -0.232718       -0.033547       -0.156968
     C   10       -0.033547       -0.121565        0.031842
     C   10       -0.156968        0.031842        0.354283

     C   11        0.075660        0.344434       -0.096883
     C   11        0.344434       -0.075161        0.441822
     C   11       -0.096883        0.441822       -0.000500

     Cl  12        0.908587        1.243139       -0.056664
     Cl  12        1.243139        1.190427       -0.179415
     Cl  12       -0.056664       -0.179415       -2.099015

     H   13       -0.103691        0.111842        0.178021
     H   13        0.111842        0.354973        0.126129
     H   13        0.178021        0.126129       -0.251283

     C   14        0.148598       -0.341033       -0.252191
     C   14       -0.341033       -0.197451        0.162111
     C   14       -0.252191        0.162111        0.048853

     H   15        0.563520       -0.002272        0.238306
     H   15       -0.002272       -0.604548        0.060613
     H   15        0.238306        0.060613        0.041027

     C   16       -0.853630        0.336628       -0.288998
     C   16        0.336628        0.769914        0.552138
     C   16       -0.288998        0.552138        0.083716

     C   17        0.226987       -0.096549       -0.075735
     C   17       -0.096549       -0.005605        0.185912
     C   17       -0.075735        0.185912       -0.221382

     Cl  18       -0.854536        0.481825       -0.527566
     Cl  18        0.481825        2.340933       -1.318746
     Cl  18       -0.527566       -1.318746       -1.486396

     H   19       -0.145601        0.111226        0.211284
     H   19        0.111226        0.432956       -0.354195
     H   19        0.211284       -0.354195       -0.287355

     C   20       -0.494411       -0.221926       -0.043970
     C   20       -0.221926        0.418393        0.291909
     C   20       -0.043970        0.291909        0.076018

     H   21        0.644021       -0.221897        0.200587
     H   21       -0.221897       -0.221872       -0.423742
     H   21        0.200587       -0.423742       -0.422149

     C   22       -0.090608        0.036929       -0.008230
     C   22        0.036929        0.094393        0.357142
     C   22       -0.008230        0.357142       -0.003785

     C   23       -0.278527       -0.021144       -0.059436
     C   23       -0.021144        0.077509        0.194163
     C   23       -0.059436        0.194163        0.201018

     Cl  24        0.211055        0.727752       -0.472497
     Cl  24        0.727752        0.195988        0.843514
     Cl  24       -0.472497        0.843514       -0.407043

     ----- total EFG (symmetrized) -----
     Cl   1        1.398755       -3.339768       -1.388406
     Cl   1       -3.339768       -0.439157        0.858909
     Cl   1       -1.388406        0.858909       -0.959598

     C    2       -0.462395        0.144726       -0.126526
     C    2        0.144726        0.184764        0.272585
     C    2       -0.126526        0.272585        0.277631

     C    3        0.291311       -0.156965        0.017310
     C    3       -0.156965       -0.374257        0.065407
     C    3        0.017310        0.065407        0.082946

     H    4        0.225350        0.096554        0.745505
     H    4        0.096554        0.007210        0.183675
     H    4        0.745505        0.183675       -0.232560

     C    5       -0.582759        0.167874       -0.317020
     C    5        0.167874        0.162988        0.395860
     C    5       -0.317020        0.395860        0.419770

     H    6        0.006097       -0.082220        0.041805
     H    6       -0.082220        0.212429        0.545971
     H    6        0.041805        0.545971       -0.218526

     H    7       -0.218352       -0.052639        0.043420
     H    7       -0.052639        0.055996       -0.228546
     H    7        0.043420       -0.228546        0.162355

     C    8       -0.233285        0.231506       -0.061082
     C    8        0.231506        0.131493        0.440620
     C    8       -0.061082        0.440620        0.101792

     H    9        0.345724        0.104640        0.388620
     H    9        0.104640       -0.121817       -0.205398
     H    9        0.388620       -0.205398       -0.223907

     C   10       -0.232718       -0.033547       -0.156968
     C   10       -0.033547       -0.121565        0.031842
     C   10       -0.156968        0.031842        0.354283

     C   11        0.075660        0.344434       -0.096883
     C   11        0.344434       -0.075161        0.441822
     C   11       -0.096883        0.441822       -0.000500

     Cl  12        0.908587        1.243139       -0.056664
     Cl  12        1.243139        1.190427       -0.179415
     Cl  12       -0.056664       -0.179415       -2.099015

     H   13       -0.103691        0.111842        0.178021
     H   13        0.111842        0.354973        0.126129
     H   13        0.178021        0.126129       -0.251283

     C   14        0.148598       -0.341033       -0.252191
     C   14       -0.341033       -0.197451        0.162111
     C   14       -0.252191        0.162111        0.048853

     H   15        0.563520       -0.002272        0.238306
     H   15       -0.002272       -0.604548        0.060613
     H   15        0.238306        0.060613        0.041027

     C   16       -0.853630        0.336628       -0.288998
     C   16        0.336628        0.769914        0.552138
     C   16       -0.288998        0.552138        0.083716

     C   17        0.226987       -0.096549       -0.075735
     C   17       -0.096549       -0.005605        0.185912
     C   17       -0.075735        0.185912       -0.221382

     Cl  18       -0.854536        0.481825       -0.527566
     Cl  18        0.481825        2.340933       -1.318746
     Cl  18       -0.527566       -1.318746       -1.486396

     H   19       -0.145601        0.111226        0.211284
     H   19        0.111226        0.432956       -0.354195
     H   19        0.211284       -0.354195       -0.287355

     C   20       -0.494411       -0.221926       -0.043970
     C   20       -0.221926        0.418393        0.291909
     C   20       -0.043970        0.291909        0.076018

     H   21        0.644021       -0.221897        0.200587
     H   21       -0.221897       -0.221872       -0.423742
     H   21        0.200587       -0.423742       -0.422149

     C   22       -0.090608        0.036929       -0.008230
     C   22        0.036929        0.094393        0.357142
     C   22       -0.008230        0.357142       -0.003785

     C   23       -0.278527       -0.021144       -0.059436
     C   23       -0.021144        0.077509        0.194163
     C   23       -0.059436        0.194163        0.201018

     Cl  24        0.211055        0.727752       -0.472497
     Cl  24        0.727752        0.195988        0.843514
     Cl  24       -0.472497        0.843514       -0.407043


     NQR/NMR SPECTROSCOPIC PARAMETERS:
     Cl   1    Vxx=   -1.4344    axis=(  0.169956 -0.251889  0.952716)
     Cl   1    Vyy=   -2.9992    axis=(  0.620885  0.778128  0.094969)
     Cl   1    Vzz=    4.4336    axis=( -0.765256  0.575386  0.288642)
     Cl   1  Q=        -8.1650 1e-30 m^2  Cq=       -85.0557 MHz  eta= 0.35295

     C    2    Vxx=    0.0297    axis=( -0.363773 -0.713455  0.598875)
     C    2    Vyy=    0.5077    axis=( -0.003695  0.644023  0.764997)
     C    2    Vzz=   -0.5375    axis=( -0.931480  0.276073 -0.236915)
     C    2  Q=         1.0000 1e-30 m^2  Cq=        -1.2628 MHz  eta= 0.88930

     C    3    Vxx=    0.0920    axis=(  0.018503  0.132776  0.990973)
     C    3    Vyy=    0.3265    axis=( -0.975978  0.217593 -0.010932)
     C    3    Vzz=   -0.4185    axis=( -0.217080 -0.966966  0.133613)
     C    3  Q=         1.0000 1e-30 m^2  Cq=        -0.9834 MHz  eta= 0.56021

     H    4    Vxx=   -0.0255    axis=(  0.249798 -0.967420  0.041227)
     H    4    Vyy=   -0.7940    axis=( -0.579281 -0.115188  0.806948)
     H    4    Vzz=    0.8195    axis=( -0.775909 -0.225456 -0.589182)
     H    4  Q=         1.0000 1e-30 m^2  Cq=         1.9255 MHz  eta= 0.93765

     C    5    Vxx=    0.0340    axis=(  0.439740  0.782216 -0.441324)
     C    5    Vyy=    0.7285    axis=(  0.131273 -0.542086 -0.830006)
     C    5    Vzz=   -0.7625    axis=( -0.888480  0.307053 -0.341061)
     C    5  Q=         1.0000 1e-30 m^2  Cq=        -1.7915 MHz  eta= 0.91077

     H    6    Vxx=    0.0135    axis=(  0.988207 -0.010768  0.152742)
     H    6    Vyy=    0.5873    axis=( -0.076999  0.827281  0.556486)
     H    6    Vzz=   -0.6008    axis=( -0.132353 -0.561684  0.816697)
     H    6  Q=         1.0000 1e-30 m^2  Cq=        -1.4116 MHz  eta= 0.95521

     H    7    Vxx=   -0.1235    axis=( -0.135039  0.763834  0.631128)
     H    7    Vyy=   -0.2281    axis=( -0.983982 -0.178192  0.005121)
     H    7    Vzz=    0.3516    axis=(  0.116374 -0.620327  0.775662)
     H    7  Q=         1.0000 1e-30 m^2  Cq=         0.8262 MHz  eta= 0.29738

     C    8    Vxx=   -0.0832    axis=( -0.753852 -0.340444  0.561965)
     C    8    Vyy=   -0.4944    axis=( -0.637267  0.587115 -0.499186)
     C    8    Vzz=    0.5776    axis=( -0.159993 -0.734434 -0.659552)
     C    8  Q=         1.0000 1e-30 m^2  Cq=         1.3572 MHz  eta= 0.71192

     H    9    Vxx=    0.0034    axis=(  0.215165  0.878705 -0.426125)
     H    9    Vyy=    0.5427    axis=( -0.892027 -0.000760 -0.451982)
     H    9    Vzz=   -0.5461    axis=( -0.397483  0.477365  0.783664)
     H    9  Q=         1.0000 1e-30 m^2  Cq=        -1.2832 MHz  eta= 0.98750

     C   10    Vxx=   -0.1205    axis=( -0.138011  0.984119 -0.111636)
     C   10    Vyy=   -0.2761    axis=( -0.959621 -0.160760 -0.230832)
     C   10    Vzz=    0.3966    axis=( -0.245113  0.075271  0.966568)
     C   10  Q=         1.0000 1e-30 m^2  Cq=         0.9318 MHz  eta= 0.39242

     C   11    Vxx=    0.1407    axis=(  0.781772 -0.027637 -0.622952)
     C   11    Vyy=    0.4901    axis=( -0.457832 -0.703687 -0.543336)
     C   11    Vzz=   -0.6308    axis=(  0.423347 -0.709972  0.562776)
     C   11  Q=         1.0000 1e-30 m^2  Cq=        -1.4820 MHz  eta= 0.55392

     Cl  12    Vxx=   -0.1985    axis=(  0.747102 -0.663482  0.040360)
     Cl  12    Vyy=   -2.1088    axis=(  0.004285 -0.055910 -0.998427)
     Cl  12    Vzz=    2.3073    axis=(  0.664695  0.746100 -0.038927)
     Cl  12  Q=        -8.1650 1e-30 m^2  Cq=       -44.2642 MHz  eta= 0.82796

     H   13    Vxx=   -0.0496    axis=(  0.799140 -0.368904  0.474643)
     H   13    Vyy=   -0.3730    axis=(  0.531495  0.064680 -0.844588)
     H   13    Vzz=    0.4226    axis=(  0.280872  0.927214  0.247759)
     H   13  Q=         1.0000 1e-30 m^2  Cq=         0.9928 MHz  eta= 0.76531

     C   14    Vxx=   -0.1337    axis=(  0.453610 -0.255793  0.853703)
     C   14    Vyy=   -0.4070    axis=( -0.517022 -0.855777  0.018302)
     C   14    Vzz=    0.5407    axis=(  0.725897 -0.449685 -0.520439)
     C   14  Q=         1.0000 1e-30 m^2  Cq=         1.2704 MHz  eta= 0.50536

     H   15    Vxx=   -0.0455    axis=( -0.362184  0.101920  0.926518)
     H   15    Vyy=   -0.6107    axis=(  0.022356  0.994668 -0.100677)
     H   15    Vzz=    0.6562    axis=( -0.931838 -0.015750 -0.362532)
     H   15  Q=         1.0000 1e-30 m^2  Cq=         1.5418 MHz  eta= 0.86144

     C   16    Vxx=   -0.0206    axis=( -0.436991 -0.382515  0.814077)
     C   16    Vyy=   -1.0693    axis=( -0.895482  0.270098 -0.353777)
     C   16    Vzz=    1.0899    axis=( -0.084555 -0.883589 -0.460566)
     C   16  Q=         1.0000 1e-30 m^2  Cq=         2.5609 MHz  eta= 0.96222

     C   17    Vxx=    0.0277    axis=( -0.518705 -0.753240 -0.404443)
     C   17    Vyy=    0.3013    axis=( -0.854300  0.438152  0.279633)
     C   17    Vzz=   -0.3290    axis=(  0.033423 -0.490563  0.870765)
     C   17  Q=         1.0000 1e-30 m^2  Cq=        -0.7731 MHz  eta= 0.83144

     Cl  18    Vxx=   -0.8378    axis=(  0.934350 -0.247853 -0.256045)
     Cl  18    Vyy=   -2.0169    axis=(  0.315744  0.242676  0.917286)
     Cl  18    Vzz=    2.8547    axis=( -0.165216 -0.937911  0.305002)
     Cl  18  Q=        -8.1650 1e-30 m^2  Cq=       -54.7651 MHz  eta= 0.41304

     H   19    Vxx=   -0.0121    axis=(  0.869948  0.155133  0.468106)
     H   19    Vyy=   -0.5666    axis=( -0.491953  0.338900  0.801953)
     H   19    Vzz=    0.5787    axis=( -0.034232 -0.927944  0.371144)
     H   19  Q=         1.0000 1e-30 m^2  Cq=         1.3598 MHz  eta= 0.95826

     C   20    Vxx=   -0.0804    axis=(  0.147578 -0.449819  0.880842)
     C   20    Vyy=   -0.5465    axis=( -0.970830 -0.236042  0.042115)
     C   20    Vzz=    0.6269    axis=(  0.188972 -0.861363 -0.471533)
     C   20  Q=         1.0000 1e-30 m^2  Cq=         1.4729 MHz  eta= 0.74344

     H   21    Vxx=   -0.0205    axis=(  0.409412  0.722190 -0.557515)
     H   21    Vyy=   -0.7577    axis=( -0.015095  0.616354  0.787324)
     H   21    Vzz=    0.7783    axis=(  0.912225 -0.313924  0.263245)
     H   21  Q=         1.0000 1e-30 m^2  Cq=         1.8286 MHz  eta= 0.94720

     C   22    Vxx=   -0.0875    axis=( -0.990155 -0.053185  0.129478)
     C   22    Vyy=   -0.3193    axis=(  0.132493 -0.654491  0.744370)
     C   22    Vzz=    0.4068    axis=( -0.045153 -0.754196 -0.655095)
     C   22  Q=         1.0000 1e-30 m^2  Cq=         0.9559 MHz  eta= 0.56960

     C   23    Vxx=   -0.0630    axis=(  0.079998  0.811571 -0.578751)
     C   23    Vyy=   -0.2858    axis=( -0.992158  0.008888 -0.124677)
     C   23    Vzz=    0.3488    axis=( -0.096040  0.584186  0.805917)
     C   23  Q=         1.0000 1e-30 m^2  Cq=         0.8196 MHz  eta= 0.63859

     Cl  24    Vxx=    0.4034    axis=( -0.702703  0.247356  0.667101)
     Cl  24    Vyy=    1.0093    axis=(  0.547860  0.786333  0.285533)
     Cl  24    Vzz=   -1.4128    axis=( -0.453935  0.566123 -0.688076)
     Cl  24  Q=        -8.1650 1e-30 m^2  Cq=        27.1032 MHz  eta= 0.42887

     Initialization:
     gipaw_setup  :      9.05s CPU     10.72s WALL (       1 calls)

     Linear response

     Apply operators

     Induced current

     Other routines
     efg          :      9.52s CPU     12.54s WALL (       1 calls)

     General routines
     calbec       :      3.44s CPU      4.87s WALL (      16 calls)
     fft          :      1.32s CPU      1.49s WALL (      15 calls)
     ffts         :      0.03s CPU      0.04s WALL (       2 calls)
     fftw         :      3.36s CPU      4.37s WALL (     672 calls)
     davcio       :      0.02s CPU      0.33s WALL (      32 calls)

     Parallel routines
     fft_scatter  :      2.09s CPU      3.04s WALL (     689 calls)

     Plugins

     GIPAW        :     61.22s CPU     78.24s WALL (       1 calls)
