
     Program QE v.6.0 (svn rev. 13079) starts on 26Dec2016 at 17:24: 5 

     This program is part of the open-source Quantum ESPRESSO suite
     for quantum simulation of materials; please cite
         "P. Giannozzi et al., J. Phys.:Condens. Matter 21 395502 (2009);
          URL http://www.quantum-espresso.org", 
     in publications or presentations arising from this work. More details at
     http://www.quantum-espresso.org/quote

     Parallel version (MPI), running on     8 processors
     R & G space division:  proc/nbgrp/npool/nimage =       8

     ***** This is GIPAW svn revision unknown      *****

     Parallelizing q-star over 1 images

     Reading data from directory:
     /users/majewski/paradichlorobenzene/pbe/9_constraint/scratch/pbe.ecut100.np8.dt60.pcl2phi-129368.save
     Message from routine read_xml_file:
     file /users/majewski/paradichlorobenzene/pbe/9_constraint/scratch/pbe.ecut100.np8.dt60.pcl2phi-129368.save not guaranteed to be safe for post-processing

   Info: using nr1, nr2, nr3 values from input

   Info: using nr1, nr2, nr3 values from input

     IMPORTANT: XC functional enforced from input :
     Exchange-correlation      =  SLA  PW   PBX  PBC ( 1  4  3  4 0 0)
     Any further DFT definition will be discarded
     Please, verify this is what you really want

               file C.pbe-n-kjpaw_psl.1.0.0.UPF: wavefunction(s)  2S 2P renormalized
               file Cl.pbe-n-kjpaw_psl.1.0.0.UPF: wavefunction(s)  3S 3P renormalized
               file H.pbe-kjpaw_psl.1.0.0.UPF: wavefunction(s)  1S renormalized

     Parallelization info
     --------------------
     sticks:   dense  smooth     PW     G-vecs:    dense   smooth      PW
     Min        3057    1223    332               144436    36536    5170
     Max        3059    1225    333               144437    36537    5171
     Sum       24467    9791   2657              1155489   292295   41363


     Subspace diagonalization in iterative solution of the eigenvalue problem:
     a serial algorithm will be used

     GIPAW projectors -----------------------------------------------
     atom=  C    l=0  rc=    1.2000  rs=    0.8000
     atom=  C    l=0  rc=    1.2000  rs=    0.8000
     atom=  C    l=1  rc=    1.4000  rs=    0.9333
     atom=  C    l=1  rc=    1.4000  rs=    0.9333
     projs nearly linearly dependent: l=1  n1,n2= 1, 2  s=  0.99951561

     atom=  Cl   l=0  rc=    1.6000  rs=    1.0667
     atom=  Cl   l=0  rc=    1.6000  rs=    1.0667
     atom=  Cl   l=1  rc=    1.6000  rs=    1.0667
     atom=  Cl   l=1  rc=    1.6000  rs=    1.0667
     atom=  Cl   l=2  rc=    1.6000  rs=    1.0667
     atom=  Cl   l=2  rc=    1.6000  rs=    1.0667
     projs nearly linearly dependent: l=2  n1,n2= 1, 2  s=  0.99993509

     atom=  H    l=0  rc=    1.0000  rs=    0.6667
     atom=  H    l=0  rc=    1.0000  rs=    0.6667
     projs nearly linearly dependent: l=0  n1,n2= 1, 2  s=  0.99968852
     -----------------------------------------------------------------

     GIPAW integrals: -------------------------------------------
     Atom  i/j   nmr_para   nmr_dia   epr_rmc  epr_para   epr_dia
       C   1 1   0.83E+03  0.17E-01  0.93E+01  0.24E+08  0.24E+03
       C   2 1   0.86E+03 -0.61E-01  0.94E+01  0.25E+08  0.25E+03
       C   2 2   0.90E+03 -0.15E+00  0.97E+01  0.26E+08  0.26E+03
       C   3 3   0.33E+01  0.34E+00  0.18E+01  0.55E+03  0.21E+02
       C   4 3   0.35E+01  0.37E+00  0.20E+01  0.59E+03  0.22E+02
       C   4 4   0.38E+01  0.39E+00  0.22E+01  0.63E+03  0.24E+02
       Cl  1 1   0.14E+04 -0.47E+00  0.84E+01  0.32E+09  0.42E+03
       Cl  2 1   0.21E+04 -0.37E+00  0.12E+02  0.49E+09  0.65E+03
       Cl  2 2   0.33E+04 -0.16E+00  0.21E+02  0.76E+09  0.10E+04
       Cl  3 3   0.21E+02  0.79E-01  0.89E+01  0.23E+05  0.13E+03
       Cl  4 3   0.24E+02  0.67E-01  0.99E+01  0.27E+05  0.15E+03
       Cl  4 4   0.28E+02  0.44E-01  0.11E+02  0.32E+05  0.18E+03
       Cl  5 5   0.77E+00  0.19E+00  0.18E+01  0.12E+03  0.22E+02
       Cl  6 5   0.80E+00  0.19E+00  0.19E+01  0.12E+03  0.23E+02
       Cl  6 6   0.83E+00  0.20E+00  0.19E+01  0.12E+03  0.23E+02
       H   1 1   0.39E+02  0.19E+00  0.29E+00  0.78E+05  0.13E+02
       H   2 1   0.41E+02  0.21E+00  0.32E+00  0.82E+05  0.14E+02
       H   2 2   0.43E+02  0.22E+00  0.36E+00  0.86E+05  0.15E+02
     ------------------------------------------------------------

     alpha_pv=     33.8258 eV

     Number of occupied bands for each k-point:
     k-point:     1    nbnd_occ=  42
     k-point:     2    nbnd_occ=  42
     k-point:     3    nbnd_occ=  42
     k-point:     4    nbnd_occ=  42
     k-point:     5    nbnd_occ=  42
     k-point:     6    nbnd_occ=  42
     k-point:     7    nbnd_occ=  42
     k-point:     8    nbnd_occ=  42
     k-point:     9    nbnd_occ=  42
     k-point:    10    nbnd_occ=  42
     k-point:    11    nbnd_occ=  42
     k-point:    12    nbnd_occ=  42
     k-point:    13    nbnd_occ=  42
     k-point:    14    nbnd_occ=  42
     k-point:    15    nbnd_occ=  42
     k-point:    16    nbnd_occ=  42


     q-space interpolation up to   110.00 Rydberg

     GIPAW job: efg                                                                             


     ELECTRIC FIELD GRADIENTS TENSORS IN Hartree/bohrradius^2:

     ----- bare term -----
     Cl   1        0.106812       -0.022157        0.051163
     Cl   1       -0.022157       -0.034088        0.231308
     Cl   1        0.051163        0.231308       -0.072724

     C    2       -0.199450        0.204508       -0.402988
     C    2        0.204508       -0.095344       -0.396142
     C    2       -0.402988       -0.396142        0.294794

     C    3       -0.088153        0.329401       -0.229105
     C    3        0.329401       -0.163823       -0.556459
     C    3       -0.229105       -0.556459        0.251976

     H    4       -0.041195       -0.135573       -0.442073
     H    4       -0.135573        0.428820        0.023260
     H    4       -0.442073        0.023260       -0.387626

     C    5       -0.701188        0.414903       -0.435822
     C    5        0.414903        0.431241       -0.202069
     C    5       -0.435822       -0.202069        0.269947

     H    6        0.315511       -0.077875        0.125197
     H    6       -0.077875       -0.311867       -0.510909
     H    6        0.125197       -0.510909       -0.003643

     H    7        0.458034        0.021990       -0.005686
     H    7        0.021990       -0.679872        0.493770
     H    7       -0.005686        0.493770        0.221838

     C    8       -0.126561        0.074622       -0.305971
     C    8        0.074622       -0.007504        0.412386
     C    8       -0.305971        0.412386        0.134064

     H    9       -0.012581        0.354376       -0.245267
     H    9        0.354376       -0.374341        0.173443
     H    9       -0.245267        0.173443        0.386922

     C   10       -0.763346       -0.383562       -0.319272
     C   10       -0.383562        0.374878        0.085504
     C   10       -0.319272        0.085504        0.388469

     C   11        0.001278        0.198791       -0.373684
     C   11        0.198791       -0.181176        0.481719
     C   11       -0.373684        0.481719        0.179898

     Cl  12       -0.306624       -0.234650        0.034378
     Cl  12       -0.234650        0.158145        0.133991
     Cl  12        0.034378        0.133991        0.148479

     H   13        0.390353        0.150513       -0.035915
     H   13        0.150513       -0.724842       -0.271511
     H   13       -0.035915       -0.271511        0.334489

     C   14       -0.239970       -0.082176       -0.309395
     C   14       -0.082176        0.055990       -0.568283
     C   14       -0.309395       -0.568283        0.183980

     H   15        0.035184       -0.109672       -0.317377
     H   15       -0.109672       -0.064313       -0.544590
     H   15       -0.317377       -0.544590        0.029129

     C   16       -0.687252        0.351694       -0.279498
     C   16        0.351694        0.302957       -0.177443
     C   16       -0.279498       -0.177443        0.384295

     C   17        0.025208        0.216329       -0.139741
     C   17        0.216329       -0.031118       -0.586587
     C   17       -0.139741       -0.586587        0.005911

     Cl  18       -0.102908        0.235141        0.037804
     Cl  18        0.235141        0.113944        0.081270
     Cl  18        0.037804        0.081270       -0.011035

     H   19        0.030476        0.165087        0.052822
     H   19        0.165087       -0.404831        0.484156
     H   19        0.052822        0.484156        0.374356

     C   20       -0.751062       -0.327777       -0.484197
     C   20       -0.327777        0.235048       -0.046193
     C   20       -0.484197       -0.046193        0.516014

     H   21       -0.583101       -0.027877       -0.070079
     H   21       -0.027877        0.338233        0.327581
     H   21       -0.070079        0.327581        0.244868

     C   22        0.081192        0.052515       -0.212400
     C   22        0.052515       -0.398944        0.459206
     C   22       -0.212400        0.459206        0.317753

     C   23       -0.803992       -0.432483       -0.335745
     C   23       -0.432483        0.256156        0.011127
     C   23       -0.335745        0.011127        0.547836

     Cl  24       -0.032444       -0.033703        0.061028
     Cl  24       -0.033703       -0.033787        0.009288
     Cl  24        0.061028        0.009288        0.066231

     ----- ionic term -----
     Cl   1        0.125728       -0.212735        0.057351
     Cl   1       -0.212735        0.016243       -0.022465
     Cl   1        0.057351       -0.022465       -0.141971

     C    2        0.078584       -0.163671        0.378302
     C    2       -0.163671        0.178614        0.396612
     C    2        0.378302        0.396612       -0.257198

     C    3        0.133436       -0.225397        0.275385
     C    3       -0.225397        0.215316        0.345477
     C    3        0.275385        0.345477       -0.348752

     H    4        0.506263        0.361520        0.706782
     H    4        0.361520       -0.355506        0.289507
     H    4        0.706782        0.289507       -0.150757

     C    5        0.283066       -0.199915        0.336301
     C    5       -0.199915        0.054288        0.269764
     C    5        0.336301        0.269764       -0.337355

     H    6       -0.512057        0.012940        0.014015
     H    6        0.012940        0.651247        0.709006
     H    6        0.014015        0.709006       -0.139190

     H    7       -0.506779       -0.097018        0.064742
     H    7       -0.097018        0.662596       -0.706478
     H    7        0.064742       -0.706478       -0.155817

     C    8        0.380396        0.109894        0.237951
     C    8        0.109894        0.025620       -0.294051
     C    8        0.237951       -0.294051       -0.406016

     H    9        0.511896       -0.534221        0.546720
     H    9       -0.534221       -0.199136       -0.301090
     H    9        0.546720       -0.301090       -0.312761

     C   10        0.166957        0.107666        0.157038
     C   10        0.107666        0.206811       -0.352077
     C   10        0.157038       -0.352077       -0.373768

     C   11        0.288305        0.148722        0.189333
     C   11        0.148722        0.092411       -0.362352
     C   11        0.189333       -0.362352       -0.380716

     Cl  12        0.141264        0.196374       -0.039209
     Cl  12        0.196374       -0.000662       -0.030400
     Cl  12       -0.039209       -0.030400       -0.140602

     H   13       -0.525924       -0.042674        0.006134
     H   13       -0.042674        0.606063        0.725500
     H   13        0.006134        0.725500       -0.080138

     C   14        0.213140       -0.218793        0.370394
     C   14       -0.218793        0.030230        0.297719
     C   14        0.370394        0.297719       -0.243370

     H   15        0.272215        0.317765        0.726504
     H   15        0.317765       -0.376311        0.365690
     H   15        0.726504        0.365690        0.104096

     C   16        0.069960       -0.282257        0.237339
     C   16       -0.282257        0.172420        0.397777
     C   16        0.237339        0.397777       -0.242380

     C   17        0.191647       -0.195807        0.274392
     C   17       -0.195807        0.093957        0.406070
     C   17        0.274392        0.406070       -0.285604

     Cl  18        0.152599       -0.183705        0.025183
     Cl  18       -0.183705        0.002961       -0.006830
     Cl  18        0.025183       -0.006830       -0.155559

     H   19       -0.472371       -0.226845        0.133815
     H   19       -0.226845        0.674210       -0.662252
     H   19        0.133815       -0.662252       -0.201840

     C   20        0.317150        0.147307        0.241588
     C   20        0.147307        0.076584       -0.290791
     C   20        0.241588       -0.290791       -0.393734

     H   21        0.618663       -0.385314        0.593409
     H   21       -0.385314       -0.358545       -0.264834
     H   21        0.593409       -0.264834       -0.260118

     C   22        0.133994        0.212246        0.152667
     C   22        0.212246        0.221533       -0.400027
     C   22        0.152667       -0.400027       -0.355527

     C   23        0.280030        0.103875        0.225283
     C   23        0.103875        0.091784       -0.384310
     C   23        0.225283       -0.384310       -0.371814

     Cl  24        0.146134        0.211714       -0.000437
     Cl  24        0.211714       -0.002514       -0.001563
     Cl  24       -0.000437       -0.001563       -0.143620

     ----- GIPAW term -----
     Cl   1       -0.236272       -0.471039       -0.750008
     Cl   1       -0.471039        0.089909       -1.450432
     Cl   1       -0.750008       -1.450432        0.146363

     C    2       -0.063409        0.029815       -0.130795
     C    2        0.029815        0.006772       -0.191171
     C    2       -0.130795       -0.191171        0.056637

     C    3       -0.090129        0.109621       -0.116942
     C    3        0.109621        0.017902       -0.217951
     C    3       -0.116942       -0.217951        0.072227

     H    4       -0.000000        0.000000        0.000000
     H    4        0.000000        0.000000        0.000000
     H    4        0.000000        0.000000        0.000000

     C    5       -0.155489        0.185820       -0.063608
     C    5        0.185820        0.242354       -0.026137
     C    5       -0.063608       -0.026137       -0.086864

     H    6       -0.000000        0.000000        0.000000
     H    6        0.000000        0.000000        0.000000
     H    6        0.000000        0.000000        0.000000

     H    7       -0.000000        0.000000        0.000000
     H    7        0.000000        0.000000        0.000000
     H    7        0.000000        0.000000        0.000000

     C    8       -0.114025        0.078768       -0.053324
     C    8        0.078768        0.220024       -0.038757
     C    8       -0.053324       -0.038757       -0.105999

     H    9       -0.000000        0.000000        0.000000
     H    9        0.000000        0.000000        0.000000
     H    9        0.000000        0.000000        0.000000

     C   10       -0.248751       -0.073497       -0.051633
     C   10       -0.073497        0.309794       -0.087494
     C   10       -0.051633       -0.087494       -0.061043

     C   11       -0.028718        0.195690       -0.085624
     C   11        0.195690        0.095134       -0.096288
     C   11       -0.085624       -0.096288       -0.066417

     Cl  12       -0.622746        1.559712        0.229249
     Cl  12        1.559712        1.818242        1.303595
     Cl  12        0.229249        1.303595       -1.195497

     H   13       -0.000000        0.000000        0.000000
     H   13        0.000000        0.000000        0.000000
     H   13        0.000000        0.000000        0.000000

     C   14       -0.112677       -0.069911       -0.018870
     C   14       -0.069911        0.181080       -0.229568
     C   14       -0.018870       -0.229568       -0.068404

     H   15       -0.000000        0.000000        0.000000
     H   15        0.000000        0.000000        0.000000
     H   15        0.000000        0.000000        0.000000

     C   16       -0.239336       -0.005868       -0.059714
     C   16       -0.005868        0.299333        0.042828
     C   16       -0.059714        0.042828       -0.059997

     C   17       -0.009047        0.079318        0.003078
     C   17        0.079318        0.218456       -0.031310
     C   17        0.003078       -0.031310       -0.209409

     Cl  18        0.447275        0.380923        0.575190
     Cl  18        0.380923        1.599169        1.143679
     Cl  18        0.575190        1.143679       -2.046444

     H   19       -0.000000        0.000000        0.000000
     H   19        0.000000        0.000000        0.000000
     H   19        0.000000        0.000000        0.000000

     C   20       -0.141722        0.079954       -0.154461
     C   20        0.079954        0.093302       -0.189541
     C   20       -0.154461       -0.189541        0.048420

     H   21       -0.000000        0.000000        0.000000
     H   21        0.000000        0.000000        0.000000
     H   21        0.000000        0.000000        0.000000

     C   22       -0.092915        0.099264       -0.071830
     C   22        0.099264        0.050496       -0.159823
     C   22       -0.071830       -0.159823        0.042419

     C   23       -0.148666        0.047411       -0.070894
     C   23        0.047411        0.097180       -0.165632
     C   23       -0.070894       -0.165632        0.051486

     Cl  24        0.121839        2.300211       -0.812767
     Cl  24        2.300211        0.142625       -1.543936
     Cl  24       -0.812767       -1.543936       -0.264464

     ----- total EFG -----
     Cl   1       -0.003732       -0.705931       -0.641495
     Cl   1       -0.705931        0.072065       -1.241589
     Cl   1       -0.641495       -1.241589       -0.068333

     C    2       -0.184274        0.070652       -0.155480
     C    2        0.070652        0.090042       -0.190702
     C    2       -0.155480       -0.190702        0.094232

     C    3       -0.044847        0.213624       -0.070662
     C    3        0.213624        0.069395       -0.428932
     C    3       -0.070662       -0.428932       -0.024548

     H    4        0.465068        0.225947        0.264709
     H    4        0.225947        0.073315        0.312767
     H    4        0.264709        0.312767       -0.538383

     C    5       -0.573610        0.400809       -0.163129
     C    5        0.400809        0.727883        0.041558
     C    5       -0.163129        0.041558       -0.154272

     H    6       -0.196547       -0.064934        0.139211
     H    6       -0.064934        0.339380        0.198097
     H    6        0.139211        0.198097       -0.142833

     H    7       -0.048746       -0.075028        0.059056
     H    7       -0.075028       -0.017276       -0.212708
     H    7        0.059056       -0.212708        0.066021

     C    8        0.139811        0.263283       -0.121344
     C    8        0.263283        0.238140        0.079578
     C    8       -0.121344        0.079578       -0.377950

     H    9        0.499315       -0.179844        0.301453
     H    9       -0.179844       -0.573476       -0.127647
     H    9        0.301453       -0.127647        0.074161

     C   10       -0.845141       -0.349393       -0.213867
     C   10       -0.349393        0.891483       -0.354067
     C   10       -0.213867       -0.354067       -0.046343

     C   11        0.260865        0.543203       -0.269975
     C   11        0.543203        0.006370        0.023080
     C   11       -0.269975        0.023080       -0.267234

     Cl  12       -0.788105        1.521435        0.224419
     Cl  12        1.521435        1.975725        1.407186
     Cl  12        0.224419        1.407186       -1.187620

     H   13       -0.135571        0.107839       -0.029781
     H   13        0.107839       -0.118779        0.453989
     H   13       -0.029781        0.453989        0.254350

     C   14       -0.139507       -0.370880        0.042129
     C   14       -0.370880        0.267300       -0.500132
     C   14        0.042129       -0.500132       -0.127794

     H   15        0.307399        0.208094        0.409128
     H   15        0.208094       -0.440624       -0.178900
     H   15        0.409128       -0.178900        0.133225

     C   16       -0.856628        0.063570       -0.101873
     C   16        0.063570        0.774710        0.263162
     C   16       -0.101873        0.263162        0.081918

     C   17        0.207808        0.099841        0.137729
     C   17        0.099841        0.281294       -0.211828
     C   17        0.137729       -0.211828       -0.489102

     Cl  18        0.496965        0.432360        0.638178
     Cl  18        0.432360        1.716074        1.218120
     Cl  18        0.638178        1.218120       -2.213039

     H   19       -0.441895       -0.061757        0.186637
     H   19       -0.061757        0.269379       -0.178096
     H   19        0.186637       -0.178096        0.172516

     C   20       -0.575633       -0.100516       -0.397070
     C   20       -0.100516        0.404933       -0.526525
     C   20       -0.397070       -0.526525        0.170700

     H   21        0.035563       -0.413191        0.523331
     H   21       -0.413191       -0.020313        0.062748
     H   21        0.523331        0.062748       -0.015250

     C   22        0.122271        0.364025       -0.131562
     C   22        0.364025       -0.126916       -0.100644
     C   22       -0.131562       -0.100644        0.004645

     C   23       -0.672628       -0.281197       -0.181355
     C   23       -0.281197        0.445120       -0.538815
     C   23       -0.181355       -0.538815        0.227508

     Cl  24        0.235529        2.478222       -0.752176
     Cl  24        2.478222        0.106325       -1.536212
     Cl  24       -0.752176       -1.536212       -0.341854

     ----- total EFG (symmetrized) -----
     Cl   1       -0.003732       -0.705931       -0.641495
     Cl   1       -0.705931        0.072065       -1.241589
     Cl   1       -0.641495       -1.241589       -0.068333

     C    2       -0.184274        0.070652       -0.155480
     C    2        0.070652        0.090042       -0.190702
     C    2       -0.155480       -0.190702        0.094232

     C    3       -0.044847        0.213624       -0.070662
     C    3        0.213624        0.069395       -0.428932
     C    3       -0.070662       -0.428932       -0.024548

     H    4        0.465068        0.225947        0.264709
     H    4        0.225947        0.073315        0.312767
     H    4        0.264709        0.312767       -0.538383

     C    5       -0.573610        0.400809       -0.163129
     C    5        0.400809        0.727883        0.041558
     C    5       -0.163129        0.041558       -0.154272

     H    6       -0.196547       -0.064934        0.139211
     H    6       -0.064934        0.339380        0.198097
     H    6        0.139211        0.198097       -0.142833

     H    7       -0.048746       -0.075028        0.059056
     H    7       -0.075028       -0.017276       -0.212708
     H    7        0.059056       -0.212708        0.066021

     C    8        0.139811        0.263283       -0.121344
     C    8        0.263283        0.238140        0.079578
     C    8       -0.121344        0.079578       -0.377950

     H    9        0.499315       -0.179844        0.301453
     H    9       -0.179844       -0.573476       -0.127647
     H    9        0.301453       -0.127647        0.074161

     C   10       -0.845141       -0.349393       -0.213867
     C   10       -0.349393        0.891483       -0.354067
     C   10       -0.213867       -0.354067       -0.046343

     C   11        0.260865        0.543203       -0.269975
     C   11        0.543203        0.006370        0.023080
     C   11       -0.269975        0.023080       -0.267234

     Cl  12       -0.788105        1.521435        0.224419
     Cl  12        1.521435        1.975725        1.407186
     Cl  12        0.224419        1.407186       -1.187620

     H   13       -0.135571        0.107839       -0.029781
     H   13        0.107839       -0.118779        0.453989
     H   13       -0.029781        0.453989        0.254350

     C   14       -0.139507       -0.370880        0.042129
     C   14       -0.370880        0.267300       -0.500132
     C   14        0.042129       -0.500132       -0.127794

     H   15        0.307399        0.208094        0.409128
     H   15        0.208094       -0.440624       -0.178900
     H   15        0.409128       -0.178900        0.133225

     C   16       -0.856628        0.063570       -0.101873
     C   16        0.063570        0.774710        0.263162
     C   16       -0.101873        0.263162        0.081918

     C   17        0.207808        0.099841        0.137729
     C   17        0.099841        0.281294       -0.211828
     C   17        0.137729       -0.211828       -0.489102

     Cl  18        0.496965        0.432360        0.638178
     Cl  18        0.432360        1.716074        1.218120
     Cl  18        0.638178        1.218120       -2.213039

     H   19       -0.441895       -0.061757        0.186637
     H   19       -0.061757        0.269379       -0.178096
     H   19        0.186637       -0.178096        0.172516

     C   20       -0.575633       -0.100516       -0.397070
     C   20       -0.100516        0.404933       -0.526525
     C   20       -0.397070       -0.526525        0.170700

     H   21        0.035563       -0.413191        0.523331
     H   21       -0.413191       -0.020313        0.062748
     H   21        0.523331        0.062748       -0.015250

     C   22        0.122271        0.364025       -0.131562
     C   22        0.364025       -0.126916       -0.100644
     C   22       -0.131562       -0.100644        0.004645

     C   23       -0.672628       -0.281197       -0.181355
     C   23       -0.281197        0.445120       -0.538815
     C   23       -0.181355       -0.538815        0.227508

     Cl  24        0.235529        2.478222       -0.752176
     Cl  24        2.478222        0.106325       -1.536212
     Cl  24       -0.752176       -1.536212       -0.341854


     NQR/NMR SPECTROSCOPIC PARAMETERS:
     Cl   1    Vxx=    0.5066    axis=( -0.875184  0.264656  0.404982)
     Cl   1    Vyy=    1.2513    axis=(  0.080896 -0.745259  0.661849)
     Cl   1    Vzz=   -1.7579    axis=( -0.476979 -0.612001 -0.630829)
     Cl   1  Q=        -8.1650 1e-30 m^2  Cq=        33.7246 MHz  eta= 0.42365

     C    2    Vxx=   -0.0788    axis=( -0.314463  0.765579  0.561249)
     C    2    Vyy=   -0.2545    axis=( -0.900692 -0.053920 -0.431100)
     C    2    Vzz=    0.3332    axis=( -0.299778 -0.641078  0.706507)
     C    2  Q=         1.0000 1e-30 m^2  Cq=         0.7830 MHz  eta= 0.52718

     C    3    Vxx=   -0.0963    axis=(  0.904153 -0.078743  0.419890)
     C    3    Vyy=   -0.4329    axis=(  0.255341 -0.688381 -0.678921)
     C    3    Vzz=    0.5291    axis=( -0.342504 -0.721063  0.602295)
     C    3  Q=         1.0000 1e-30 m^2  Cq=         1.2433 MHz  eta= 0.63614

     H    4    Vxx=    0.0086    axis=(  0.529862 -0.820908 -0.212969)
     H    4    Vyy=    0.6846    axis=(  0.835246  0.461593  0.298823)
     H    4    Vzz=   -0.6933    axis=( -0.147002 -0.336217  0.930241)
     H    4  Q=         1.0000 1e-30 m^2  Cq=        -1.6289 MHz  eta= 0.97514

     C    5    Vxx=   -0.1056    axis=( -0.266204  0.080118  0.960581)
     C    5    Vyy=   -0.7358    axis=( -0.924446  0.261032 -0.277962)
     C    5    Vzz=    0.8414    axis=( -0.273012 -0.962000  0.004577)
     C    5  Q=         1.0000 1e-30 m^2  Cq=         1.9770 MHz  eta= 0.74900

     H    6    Vxx=   -0.0522    axis=(  0.726048 -0.210739  0.654556)
     H    6    Vyy=   -0.3585    axis=( -0.687193 -0.256843  0.679557)
     H    6    Vzz=    0.4107    axis=( -0.024909  0.943197  0.331299)
     H    6  Q=         1.0000 1e-30 m^2  Cq=         0.9649 MHz  eta= 0.74581

     H    7    Vxx=   -0.0730    axis=( -0.946023 -0.053822  0.319598)
     H    7    Vyy=   -0.1956    axis=( -0.158476 -0.783366 -0.601019)
     H    7    Vzz=    0.2686    axis=(  0.282710 -0.619226  0.732553)
     H    7  Q=         1.0000 1e-30 m^2  Cq=         0.6311 MHz  eta= 0.45673

     C    8    Vxx=   -0.0207    axis=( -0.705288  0.602374  0.373784)
     C    8    Vyy=   -0.4364    axis=(  0.298499 -0.225905  0.927289)
     C    8    Vzz=    0.4571    axis=( -0.643014 -0.765580  0.020480)
     C    8  Q=         1.0000 1e-30 m^2  Cq=         1.0741 MHz  eta= 0.90924

     H    9    Vxx=   -0.0805    axis=( -0.473925 -0.054666  0.878867)
     H    9    Vyy=   -0.6128    axis=( -0.124344 -0.983916 -0.128252)
     H    9    Vzz=    0.6933    axis=(  0.871742 -0.170063  0.459505)
     H    9  Q=         1.0000 1e-30 m^2  Cq=         1.6290 MHz  eta= 0.76790

     C   10    Vxx=   -0.0505    axis=( -0.341545  0.217039  0.914462)
     C   10    Vyy=   -0.9979    axis=(  0.928818  0.226688  0.293104)
     C   10    Vzz=    1.0484    axis=( -0.143682  0.949477 -0.279014)
     C   10  Q=         1.0000 1e-30 m^2  Cq=         2.4633 MHz  eta= 0.90366

     C   11    Vxx=   -0.1741    axis=( -0.223437  0.571403  0.789668)
     C   11    Vyy=   -0.5575    axis=(  0.574555 -0.577229  0.580253)
     C   11    Vzz=    0.7317    axis=( -0.787377 -0.583357  0.199328)
     C   11  Q=         1.0000 1e-30 m^2  Cq=         1.7191 MHz  eta= 0.52398

     Cl  12    Vxx=   -1.1910    axis=(  0.802614 -0.126583 -0.582912)
     Cl  12    Vyy=   -1.9043    axis=( -0.473769  0.458473 -0.751895)
     Cl  12    Vzz=    3.0953    axis=( -0.362427 -0.879647 -0.308006)
     Cl  12  Q=        -8.1650 1e-30 m^2  Cq=       -59.3817 MHz  eta= 0.23042

     H   13    Vxx=   -0.1023    axis=(  0.948127  0.232507 -0.216784)
     H   13    Vyy=   -0.4581    axis=( -0.313693  0.794775 -0.519548)
     H   13    Vzz=    0.5604    axis=(  0.051496  0.560601  0.826483)
     H   13  Q=         1.0000 1e-30 m^2  Cq=         1.3168 MHz  eta= 0.63487

     C   14    Vxx=   -0.1756    axis=(  0.808147  0.011777 -0.588864)
     C   14    Vyy=   -0.5602    axis=(  0.464864  0.601174  0.649994)
     C   14    Vzz=    0.7358    axis=( -0.361664  0.799031 -0.480362)
     C   14  Q=         1.0000 1e-30 m^2  Cq=         1.7289 MHz  eta= 0.52270

     H   15    Vxx=   -0.0244    axis=( -0.497666 -0.540402  0.678450)
     H   15    Vyy=   -0.6167    axis=(  0.366387 -0.839957 -0.400290)
     H   15    Vzz=    0.6410    axis=(  0.786186  0.049364  0.616015)
     H   15  Q=         1.0000 1e-30 m^2  Cq=         1.5062 MHz  eta= 0.92392

     C   16    Vxx=    0.0090    axis=( -0.133613 -0.312186  0.940578)
     C   16    Vyy=    0.8638    axis=( -0.016265 -0.948270 -0.317049)
     C   16    Vzz=   -0.8728    axis=(  0.990900 -0.057660  0.121623)
     C   16  Q=         1.0000 1e-30 m^2  Cq=        -2.0508 MHz  eta= 0.97928

     C   17    Vxx=    0.2100    axis=( -0.880132  0.377552 -0.287786)
     C   17    Vyy=    0.3656    axis=(  0.431005  0.889621 -0.151025)
     C   17    Vzz=   -0.5756    axis=( -0.199001  0.256959  0.945712)
     C   17  Q=         1.0000 1e-30 m^2  Cq=        -1.3525 MHz  eta= 0.27033

     Cl  18    Vxx=    0.3740    axis=(  0.932186 -0.356624  0.062035)
     Cl  18    Vyy=    2.2661    axis=(  0.324893  0.899865  0.291011)
     Cl  18    Vzz=   -2.6401    axis=( -0.159605 -0.251122  0.954706)
     Cl  18  Q=        -8.1650 1e-30 m^2  Cq=        50.6497 MHz  eta= 0.71666

     H   19    Vxx=    0.0577    axis=(  0.188303  0.663883  0.723741)
     H   19    Vyy=    0.4366    axis=(  0.187876 -0.747664  0.636947)
     H   19    Vzz=   -0.4943    axis=(  0.963973  0.016034 -0.265515)
     H   19  Q=         1.0000 1e-30 m^2  Cq=        -1.1615 MHz  eta= 0.76652

     C   20    Vxx=   -0.0173    axis=( -0.529290  0.609751  0.589962)
     C   20    Vyy=   -0.8322    axis=(  0.838476  0.269662  0.473540)
     C   20    Vzz=    0.8495    axis=( -0.129651 -0.745309  0.653992)
     C   20  Q=         1.0000 1e-30 m^2  Cq=         1.9959 MHz  eta= 0.95938

     H   21    Vxx=    0.0427    axis=( -0.025566  0.784770  0.619260)
     H   21    Vyy=    0.6481    axis=( -0.736299  0.404218 -0.542652)
     H   21    Vzz=   -0.6908    axis=(  0.676173  0.469834 -0.567491)
     H   21  Q=         1.0000 1e-30 m^2  Cq=        -1.6230 MHz  eta= 0.87648

     C   22    Vxx=   -0.0576    axis=(  0.295372  0.192301  0.935829)
     C   22    Vyy=   -0.3872    axis=( -0.578738  0.815373  0.015116)
     C   22    Vzz=    0.4447    axis=( -0.760143 -0.546065  0.352130)
     C   22  Q=         1.0000 1e-30 m^2  Cq=         1.0449 MHz  eta= 0.74114

     C   23    Vxx=   -0.0527    axis=( -0.449891  0.526579  0.721328)
     C   23    Vyy=   -0.8404    axis=( -0.890372 -0.327347 -0.316355)
     C   23    Vzz=    0.8932    axis=(  0.069539 -0.784575  0.616122)
     C   23  Q=         1.0000 1e-30 m^2  Cq=         2.0986 MHz  eta= 0.88194

     Cl  24    Vxx=   -0.8544    axis=(  0.517660  0.031826  0.854995)
     Cl  24    Vyy=   -2.5073    axis=( -0.583230  0.744277  0.325414)
     Cl  24    Vzz=    3.3618    axis=( -0.625996 -0.667112  0.403844)
     Cl  24  Q=        -8.1650 1e-30 m^2  Cq=       -64.4938 MHz  eta= 0.49167

     Initialization:
     gipaw_setup  :      9.03s CPU     10.71s WALL (       1 calls)

     Linear response

     Apply operators

     Induced current

     Other routines
     efg          :      9.13s CPU     11.43s WALL (       1 calls)

     General routines
     calbec       :      3.26s CPU      4.44s WALL (      16 calls)
     fft          :      1.32s CPU      1.52s WALL (      15 calls)
     ffts         :      0.04s CPU      0.06s WALL (       2 calls)
     fftw         :      3.11s CPU      3.64s WALL (     672 calls)
     davcio       :      0.02s CPU      0.34s WALL (      32 calls)

     Parallel routines
     fft_scatter  :      1.86s CPU      2.40s WALL (     689 calls)

     Plugins

     GIPAW        :     61.72s CPU     76.98s WALL (       1 calls)
