
     Program QE v.6.0 (svn rev. 13079) starts on  7Jan2017 at  5:48:41 

     This program is part of the open-source Quantum ESPRESSO suite
     for quantum simulation of materials; please cite
         "P. Giannozzi et al., J. Phys.:Condens. Matter 21 395502 (2009);
          URL http://www.quantum-espresso.org", 
     in publications or presentations arising from this work. More details at
     http://www.quantum-espresso.org/quote

     Parallel version (MPI), running on     8 processors
     R & G space division:  proc/nbgrp/npool/nimage =       8

     ***** This is GIPAW svn revision unknown      *****

     Parallelizing q-star over 1 images

     Reading data from directory:
     /users/majewski/paradichlorobenzene/pbe/9_constraint/scratch/pbe.ecut100.np8.dt60.pcl2phi-129368.save
     Message from routine read_xml_file:
     file /users/majewski/paradichlorobenzene/pbe/9_constraint/scratch/pbe.ecut100.np8.dt60.pcl2phi-129368.save not guaranteed to be safe for post-processing

   Info: using nr1, nr2, nr3 values from input

   Info: using nr1, nr2, nr3 values from input

     IMPORTANT: XC functional enforced from input :
     Exchange-correlation      =  SLA  PW   PBX  PBC ( 1  4  3  4 0 0)
     Any further DFT definition will be discarded
     Please, verify this is what you really want

               file C.pbe-n-kjpaw_psl.1.0.0.UPF: wavefunction(s)  2S 2P renormalized
               file Cl.pbe-n-kjpaw_psl.1.0.0.UPF: wavefunction(s)  3S 3P renormalized
               file H.pbe-kjpaw_psl.1.0.0.UPF: wavefunction(s)  1S renormalized

     Parallelization info
     --------------------
     sticks:   dense  smooth     PW     G-vecs:    dense   smooth      PW
     Min        3057    1223    332               144436    36536    5170
     Max        3059    1225    333               144437    36537    5171
     Sum       24467    9791   2657              1155489   292295   41363


     Subspace diagonalization in iterative solution of the eigenvalue problem:
     a serial algorithm will be used

     GIPAW projectors -----------------------------------------------
     atom=  C    l=0  rc=    1.2000  rs=    0.8000
     atom=  C    l=0  rc=    1.2000  rs=    0.8000
     atom=  C    l=1  rc=    1.4000  rs=    0.9333
     atom=  C    l=1  rc=    1.4000  rs=    0.9333
     projs nearly linearly dependent: l=1  n1,n2= 1, 2  s=  0.99951561

     atom=  Cl   l=0  rc=    1.6000  rs=    1.0667
     atom=  Cl   l=0  rc=    1.6000  rs=    1.0667
     atom=  Cl   l=1  rc=    1.6000  rs=    1.0667
     atom=  Cl   l=1  rc=    1.6000  rs=    1.0667
     atom=  Cl   l=2  rc=    1.6000  rs=    1.0667
     atom=  Cl   l=2  rc=    1.6000  rs=    1.0667
     projs nearly linearly dependent: l=2  n1,n2= 1, 2  s=  0.99993509

     atom=  H    l=0  rc=    1.0000  rs=    0.6667
     atom=  H    l=0  rc=    1.0000  rs=    0.6667
     projs nearly linearly dependent: l=0  n1,n2= 1, 2  s=  0.99968852
     -----------------------------------------------------------------

     GIPAW integrals: -------------------------------------------
     Atom  i/j   nmr_para   nmr_dia   epr_rmc  epr_para   epr_dia
       C   1 1   0.83E+03  0.17E-01  0.93E+01  0.24E+08  0.24E+03
       C   2 1   0.86E+03 -0.61E-01  0.94E+01  0.25E+08  0.25E+03
       C   2 2   0.90E+03 -0.15E+00  0.97E+01  0.26E+08  0.26E+03
       C   3 3   0.33E+01  0.34E+00  0.18E+01  0.55E+03  0.21E+02
       C   4 3   0.35E+01  0.37E+00  0.20E+01  0.59E+03  0.22E+02
       C   4 4   0.38E+01  0.39E+00  0.22E+01  0.63E+03  0.24E+02
       Cl  1 1   0.14E+04 -0.47E+00  0.84E+01  0.32E+09  0.42E+03
       Cl  2 1   0.21E+04 -0.37E+00  0.12E+02  0.49E+09  0.65E+03
       Cl  2 2   0.33E+04 -0.16E+00  0.21E+02  0.76E+09  0.10E+04
       Cl  3 3   0.21E+02  0.79E-01  0.89E+01  0.23E+05  0.13E+03
       Cl  4 3   0.24E+02  0.67E-01  0.99E+01  0.27E+05  0.15E+03
       Cl  4 4   0.28E+02  0.44E-01  0.11E+02  0.32E+05  0.18E+03
       Cl  5 5   0.77E+00  0.19E+00  0.18E+01  0.12E+03  0.22E+02
       Cl  6 5   0.80E+00  0.19E+00  0.19E+01  0.12E+03  0.23E+02
       Cl  6 6   0.83E+00  0.20E+00  0.19E+01  0.12E+03  0.23E+02
       H   1 1   0.39E+02  0.19E+00  0.29E+00  0.78E+05  0.13E+02
       H   2 1   0.41E+02  0.21E+00  0.32E+00  0.82E+05  0.14E+02
       H   2 2   0.43E+02  0.22E+00  0.36E+00  0.86E+05  0.15E+02
     ------------------------------------------------------------

     alpha_pv=     33.6395 eV

     Number of occupied bands for each k-point:
     k-point:     1    nbnd_occ=  42
     k-point:     2    nbnd_occ=  42
     k-point:     3    nbnd_occ=  42
     k-point:     4    nbnd_occ=  42
     k-point:     5    nbnd_occ=  42
     k-point:     6    nbnd_occ=  42
     k-point:     7    nbnd_occ=  42
     k-point:     8    nbnd_occ=  42
     k-point:     9    nbnd_occ=  42
     k-point:    10    nbnd_occ=  42
     k-point:    11    nbnd_occ=  42
     k-point:    12    nbnd_occ=  42
     k-point:    13    nbnd_occ=  42
     k-point:    14    nbnd_occ=  42
     k-point:    15    nbnd_occ=  42
     k-point:    16    nbnd_occ=  42


     q-space interpolation up to   110.00 Rydberg

     GIPAW job: efg                                                                             


     ELECTRIC FIELD GRADIENTS TENSORS IN Hartree/bohrradius^2:

     ----- bare term -----
     Cl   1       -0.232661        0.200513        0.093506
     Cl   1        0.200513       -0.059121       -0.135138
     Cl   1        0.093506       -0.135138        0.291782

     C    2       -0.043591       -0.392240       -0.391490
     C    2       -0.392240       -0.022013       -0.734591
     C    2       -0.391490       -0.734591        0.065604

     C    3       -0.460547        0.314720       -0.035041
     C    3        0.314720        0.071974       -0.359987
     C    3       -0.035041       -0.359987        0.388572

     H    4       -0.176190       -0.361658       -0.332976
     H    4       -0.361658       -0.218928       -0.037914
     H    4       -0.332976       -0.037914        0.395118

     C    5       -0.080385       -0.275611       -0.512281
     C    5       -0.275611       -0.090186       -0.470619
     C    5       -0.512281       -0.470619        0.170571

     H    6        0.344715        0.137762        0.060059
     H    6        0.137762       -0.512978       -0.522638
     H    6        0.060059       -0.522638        0.168263

     H    7       -0.135723       -0.197452        0.267632
     H    7       -0.197452       -0.023432        0.454899
     H    7        0.267632        0.454899        0.159155

     C    8       -0.036485        0.103774       -0.523376
     C    8        0.103774        0.034049        0.412618
     C    8       -0.523376        0.412618        0.002437

     H    9       -0.007859        0.059669       -0.185835
     H    9        0.059669        0.505243        0.279277
     H    9       -0.185835        0.279277       -0.497384

     C   10        0.045439       -0.526080       -0.258804
     C   10       -0.526080       -0.375525        0.310013
     C   10       -0.258804        0.310013        0.330086

     C   11       -0.053763       -0.013331       -0.534198
     C   11       -0.013331       -0.263286        0.489187
     C   11       -0.534198        0.489187        0.317049

     Cl  12       -0.162753       -0.116426       -0.124113
     Cl  12       -0.116426       -0.127931        0.027595
     Cl  12       -0.124113        0.027595        0.290684

     H   13        0.111985       -0.287813        0.124090
     H   13       -0.287813       -0.431104       -0.346004
     H   13        0.124090       -0.346004        0.319119

     C   14       -0.419961        0.324690       -0.348144
     C   14        0.324690       -0.005151       -0.103911
     C   14       -0.348144       -0.103911        0.425112

     H   15       -0.595904       -0.399985        0.124836
     H   15       -0.399985        0.333316        0.010244
     H   15        0.124836        0.010244        0.262588

     C   16        0.070758       -0.094640       -0.413704
     C   16       -0.094640       -0.325296       -0.458213
     C   16       -0.413704       -0.458213        0.254538

     C   17       -0.288267        0.374453       -0.352017
     C   17        0.374453       -0.172025       -0.280432
     C   17       -0.352017       -0.280432        0.460292

     Cl  18       -0.023025        0.004404       -0.071898
     Cl  18        0.004404        0.013255       -0.077222
     Cl  18       -0.071898       -0.077222        0.009770

     H   19        0.412750        0.117534       -0.031225
     H   19        0.117534       -0.677262        0.303857
     H   19       -0.031225        0.303857        0.264513

     C   20       -0.271555       -0.310044       -0.315147
     C   20       -0.310044       -0.130152        0.456238
     C   20       -0.315147        0.456238        0.401707

     H   21       -0.038912        0.292482       -0.494458
     H   21        0.292482        0.165124        0.465108
     H   21       -0.494458        0.465108       -0.126213

     C   22       -0.493910       -0.359634       -0.299497
     C   22       -0.359634        0.136245        0.173778
     C   22       -0.299497        0.173778        0.357665

     C   23        0.094149       -0.549035        0.008113
     C   23       -0.549035       -0.319199        0.479257
     C   23        0.008113        0.479257        0.225049

     Cl  24       -0.069308       -0.022519       -0.035942
     Cl  24       -0.022519        0.052168       -0.050060
     Cl  24       -0.035942       -0.050060        0.017140

     ----- ionic term -----
     Cl   1        0.117067       -0.183830       -0.015990
     Cl   1       -0.183830        0.010867        0.019193
     Cl   1       -0.015990        0.019193       -0.127934

     C    2        0.249682       -0.078932        0.170265
     C    2       -0.078932        0.106432        0.421804
     C    2        0.170265        0.421804       -0.356114

     C    3        0.239609       -0.179723        0.101133
     C    3       -0.179723        0.116986        0.419807
     C    3        0.101133        0.419807       -0.356596

     H    4        0.686249        0.391314        0.594739
     H    4        0.391314       -0.403314        0.249163
     H    4        0.594739        0.249163       -0.282935

     C    5        0.373565       -0.112840        0.158079
     C    5       -0.112840        0.020763        0.343736
     C    5        0.158079        0.343736       -0.394328

     H    6       -0.515171        0.129478        0.073828
     H    6        0.129478        0.675162        0.713017
     H    6        0.073828        0.713017       -0.159991

     H    7       -0.526448        0.034135       -0.012840
     H    7        0.034135        0.603946       -0.727298
     H    7       -0.012840       -0.727298       -0.077498

     C    8        0.176217        0.113569        0.322825
     C    8        0.113569        0.046517       -0.319882
     C    8        0.322825       -0.319882       -0.222734

     H    9        0.279797       -0.328794        0.735274
     H    9       -0.328794       -0.349956       -0.362935
     H    9        0.735274       -0.362935        0.070159

     C   10        0.029986        0.209258        0.226326
     C   10        0.209258        0.203118       -0.396319
     C   10        0.226326       -0.396319       -0.233105

     C   11        0.149943        0.215999        0.292346
     C   11        0.215999        0.107502       -0.404439
     C   11        0.292346       -0.404439       -0.257445

     Cl  12        0.182350        0.213330        0.036567
     Cl  12        0.213330       -0.037135        0.006102
     Cl  12        0.036567        0.006102       -0.145215

     H   13       -0.486926        0.127450        0.058877
     H   13        0.127450        0.841646        0.570024
     H   13        0.058877        0.570024       -0.354720

     C   14        0.430069       -0.117505        0.153744
     C   14       -0.117505        0.027902        0.309652
     C   14        0.153744        0.309652       -0.457971

     H   15        0.638038        0.494152        0.480520
     H   15        0.494152       -0.334646        0.282406
     H   15        0.480520        0.282406       -0.303392

     C   16        0.242401       -0.157340        0.082252
     C   16       -0.157340        0.143724        0.427828
     C   16        0.082252        0.427828       -0.386125

     C   17        0.269506       -0.098041        0.190066
     C   17       -0.098041        0.110257        0.409951
     C   17        0.190066        0.409951       -0.379763

     Cl  18        0.146586       -0.223598       -0.019413
     Cl  18       -0.223598        0.006315        0.005374
     Cl  18       -0.019413        0.005374       -0.152901

     H   19       -0.510265        0.009419        0.020012
     H   19        0.009419        0.700796       -0.673681
     H   19        0.020012       -0.673681       -0.190531

     C   20        0.248657        0.201730        0.345656
     C   20        0.201730        0.015123       -0.267244
     C   20        0.345656       -0.267244       -0.263780

     H   21        0.351862       -0.330165        0.703171
     H   21       -0.330165       -0.404949       -0.328565
     H   21        0.703171       -0.328565        0.053087

     C   22        0.132712        0.242220        0.243569
     C   22        0.242220        0.110345       -0.353095
     C   22        0.243569       -0.353095       -0.243057

     C   23        0.145512        0.137217        0.335622
     C   23        0.137217        0.079616       -0.400913
     C   23        0.335622       -0.400913       -0.225128

     Cl  24        0.140841        0.203247        0.039300
     Cl  24        0.203247        0.002698        0.026544
     Cl  24        0.039300        0.026544       -0.143539

     ----- GIPAW term -----
     Cl   1       -0.452669       -1.485147        1.034066
     Cl   1       -1.485147       -0.636802       -1.614332
     Cl   1        1.034066       -1.614332        1.089471

     C    2        0.019654       -0.269486       -0.004141
     C    2       -0.269486        0.106034       -0.177912
     C    2       -0.004141       -0.177912       -0.125688

     C    3       -0.106505       -0.128214        0.057506
     C    3       -0.128214        0.175472       -0.109105
     C    3        0.057506       -0.109105       -0.068967

     H    4       -0.000000        0.000000        0.000000
     H    4        0.000000        0.000000        0.000000
     H    4        0.000000        0.000000        0.000000

     C    5        0.099132       -0.217143       -0.144730
     C    5       -0.217143       -0.027787       -0.041141
     C    5       -0.144730       -0.041141       -0.071345

     H    6       -0.000000        0.000000        0.000000
     H    6        0.000000        0.000000        0.000000
     H    6        0.000000        0.000000        0.000000

     H    7       -0.000000        0.000000        0.000000
     H    7        0.000000        0.000000        0.000000
     H    7        0.000000        0.000000        0.000000

     C    8        0.268248        0.010310       -0.088286
     C    8        0.010310       -0.124084        0.049905
     C    8       -0.088286        0.049905       -0.144164

     H    9       -0.000000        0.000000        0.000000
     H    9        0.000000        0.000000        0.000000
     H    9        0.000000        0.000000        0.000000

     C   10        0.129761       -0.116574       -0.190171
     C   10       -0.116574       -0.155165        0.055597
     C   10       -0.190171        0.055597        0.025404

     C   11        0.021172        0.036478       -0.220824
     C   11        0.036478       -0.116562        0.143338
     C   11       -0.220824        0.143338        0.095390

     Cl  12       -0.026938        1.483101       -1.196195
     Cl  12        1.483101       -1.153214        0.296688
     Cl  12       -1.196195        0.296688        1.180152

     H   13       -0.000000        0.000000        0.000000
     H   13        0.000000        0.000000        0.000000
     H   13        0.000000        0.000000        0.000000

     C   14        0.045521       -0.122797       -0.122127
     C   14       -0.122797        0.004665        0.081217
     C   14       -0.122127        0.081217       -0.050185

     H   15       -0.000000        0.000000        0.000000
     H   15        0.000000        0.000000        0.000000
     H   15        0.000000        0.000000        0.000000

     C   16        0.104884       -0.054520       -0.240543
     C   16       -0.054520       -0.136941       -0.034443
     C   16       -0.240543       -0.034443        0.032057

     C   17        0.089312       -0.046410       -0.225268
     C   17       -0.046410       -0.136244        0.000285
     C   17       -0.225268        0.000285        0.046933

     Cl  18        1.739236       -1.205400       -2.085574
     Cl  18       -1.205400       -1.027037       -0.711855
     Cl  18       -2.085574       -0.711855       -0.712199

     H   19       -0.000000        0.000000        0.000000
     H   19        0.000000        0.000000        0.000000
     H   19        0.000000        0.000000        0.000000

     C   20       -0.026760       -0.110791       -0.079361
     C   20       -0.110791       -0.012762        0.148453
     C   20       -0.079361        0.148453        0.039522

     H   21       -0.000000        0.000000        0.000000
     H   21        0.000000        0.000000        0.000000
     H   21        0.000000        0.000000        0.000000

     C   22       -0.099000       -0.174875        0.020501
     C   22       -0.174875        0.088189       -0.090642
     C   22        0.020501       -0.090642        0.010811

     C   23        0.186710       -0.170144        0.077980
     C   23       -0.170144       -0.041913        0.005964
     C   23        0.077980        0.005964       -0.144797

     Cl  24        1.168538        0.266358        1.722468
     Cl  24        0.266358       -0.522367       -1.279095
     Cl  24        1.722468       -1.279095       -0.646172

     ----- total EFG -----
     Cl   1       -0.568263       -1.468464        1.111583
     Cl   1       -1.468464       -0.685056       -1.730277
     Cl   1        1.111583       -1.730277        1.253319

     C    2        0.225745       -0.740658       -0.225367
     C    2       -0.740658        0.190453       -0.490699
     C    2       -0.225367       -0.490699       -0.416199

     C    3       -0.327442        0.006783        0.123598
     C    3        0.006783        0.364433       -0.049285
     C    3        0.123598       -0.049285       -0.036991

     H    4        0.510059        0.029657        0.261763
     H    4        0.029657       -0.622241        0.211249
     H    4        0.261763        0.211249        0.112182

     C    5        0.392312       -0.605594       -0.498931
     C    5       -0.605594       -0.097210       -0.168024
     C    5       -0.498931       -0.168024       -0.295102

     H    6       -0.170456        0.267240        0.133887
     H    6        0.267240        0.162184        0.190379
     H    6        0.133887        0.190379        0.008272

     H    7       -0.662171       -0.163317        0.254792
     H    7       -0.163317        0.580513       -0.272399
     H    7        0.254792       -0.272399        0.081657

     C    8        0.407980        0.227652       -0.288837
     C    8        0.227652       -0.043518        0.142641
     C    8       -0.288837        0.142641       -0.364462

     H    9        0.271938       -0.269125        0.549440
     H    9       -0.269125        0.155287       -0.083658
     H    9        0.549440       -0.083658       -0.427225

     C   10        0.205187       -0.433396       -0.222648
     C   10       -0.433396       -0.327571       -0.030708
     C   10       -0.222648       -0.030708        0.122385

     C   11        0.117352        0.239146       -0.462676
     C   11        0.239146       -0.272346        0.228086
     C   11       -0.462676        0.228086        0.154993

     Cl  12       -0.007342        1.580004       -1.283741
     Cl  12        1.580004       -1.318280        0.330385
     Cl  12       -1.283741        0.330385        1.325622

     H   13       -0.374941       -0.160363        0.182967
     H   13       -0.160363        0.410542        0.224020
     H   13        0.182967        0.224020       -0.035601

     C   14        0.055629        0.084388       -0.316527
     C   14        0.084388        0.027415        0.286958
     C   14       -0.316527        0.286958       -0.083044

     H   15        0.042134        0.094166        0.605355
     H   15        0.094166       -0.001330        0.292650
     H   15        0.605355        0.292650       -0.040804

     C   16        0.418042       -0.306499       -0.571995
     C   16       -0.306499       -0.318513       -0.064828
     C   16       -0.571995       -0.064828       -0.099530

     C   17        0.070550        0.230002       -0.387219
     C   17        0.230002       -0.198012        0.129805
     C   17       -0.387219        0.129805        0.127462

     Cl  18        1.862796       -1.424595       -2.176885
     Cl  18       -1.424595       -1.007467       -0.783703
     Cl  18       -2.176885       -0.783703       -0.855329

     H   19       -0.097515        0.126954       -0.011212
     H   19        0.126954        0.023533       -0.369824
     H   19       -0.011212       -0.369824        0.073982

     C   20       -0.049657       -0.219104       -0.048852
     C   20       -0.219104       -0.127792        0.337448
     C   20       -0.048852        0.337448        0.177449

     H   21        0.312950       -0.037683        0.208713
     H   21       -0.037683       -0.239825        0.136543
     H   21        0.208713        0.136543       -0.073125

     C   22       -0.460198       -0.292290       -0.035427
     C   22       -0.292290        0.334780       -0.269959
     C   22       -0.035427       -0.269959        0.125418

     C   23        0.426372       -0.581962        0.421715
     C   23       -0.581962       -0.281495        0.084307
     C   23        0.421715        0.084307       -0.144876

     Cl  24        1.240071        0.447085        1.725826
     Cl  24        0.447085       -0.467500       -1.302611
     Cl  24        1.725826       -1.302611       -0.772571

     ----- total EFG (symmetrized) -----
     Cl   1       -0.568263       -1.468464        1.111583
     Cl   1       -1.468464       -0.685056       -1.730277
     Cl   1        1.111583       -1.730277        1.253319

     C    2        0.225745       -0.740658       -0.225367
     C    2       -0.740658        0.190453       -0.490699
     C    2       -0.225367       -0.490699       -0.416199

     C    3       -0.327442        0.006783        0.123598
     C    3        0.006783        0.364433       -0.049285
     C    3        0.123598       -0.049285       -0.036991

     H    4        0.510059        0.029657        0.261763
     H    4        0.029657       -0.622241        0.211249
     H    4        0.261763        0.211249        0.112182

     C    5        0.392312       -0.605594       -0.498931
     C    5       -0.605594       -0.097210       -0.168024
     C    5       -0.498931       -0.168024       -0.295102

     H    6       -0.170456        0.267240        0.133887
     H    6        0.267240        0.162184        0.190379
     H    6        0.133887        0.190379        0.008272

     H    7       -0.662171       -0.163317        0.254792
     H    7       -0.163317        0.580513       -0.272399
     H    7        0.254792       -0.272399        0.081657

     C    8        0.407980        0.227652       -0.288837
     C    8        0.227652       -0.043518        0.142641
     C    8       -0.288837        0.142641       -0.364462

     H    9        0.271938       -0.269125        0.549440
     H    9       -0.269125        0.155287       -0.083658
     H    9        0.549440       -0.083658       -0.427225

     C   10        0.205187       -0.433396       -0.222648
     C   10       -0.433396       -0.327571       -0.030708
     C   10       -0.222648       -0.030708        0.122385

     C   11        0.117352        0.239146       -0.462676
     C   11        0.239146       -0.272346        0.228086
     C   11       -0.462676        0.228086        0.154993

     Cl  12       -0.007342        1.580004       -1.283741
     Cl  12        1.580004       -1.318280        0.330385
     Cl  12       -1.283741        0.330385        1.325622

     H   13       -0.374941       -0.160363        0.182967
     H   13       -0.160363        0.410542        0.224020
     H   13        0.182967        0.224020       -0.035601

     C   14        0.055629        0.084388       -0.316527
     C   14        0.084388        0.027415        0.286958
     C   14       -0.316527        0.286958       -0.083044

     H   15        0.042134        0.094166        0.605355
     H   15        0.094166       -0.001330        0.292650
     H   15        0.605355        0.292650       -0.040804

     C   16        0.418042       -0.306499       -0.571995
     C   16       -0.306499       -0.318513       -0.064828
     C   16       -0.571995       -0.064828       -0.099530

     C   17        0.070550        0.230002       -0.387219
     C   17        0.230002       -0.198012        0.129805
     C   17       -0.387219        0.129805        0.127462

     Cl  18        1.862796       -1.424595       -2.176885
     Cl  18       -1.424595       -1.007467       -0.783703
     Cl  18       -2.176885       -0.783703       -0.855329

     H   19       -0.097515        0.126954       -0.011212
     H   19        0.126954        0.023533       -0.369824
     H   19       -0.011212       -0.369824        0.073982

     C   20       -0.049657       -0.219104       -0.048852
     C   20       -0.219104       -0.127792        0.337448
     C   20       -0.048852        0.337448        0.177449

     H   21        0.312950       -0.037683        0.208713
     H   21       -0.037683       -0.239825        0.136543
     H   21        0.208713        0.136543       -0.073125

     C   22       -0.460198       -0.292290       -0.035427
     C   22       -0.292290        0.334780       -0.269959
     C   22       -0.035427       -0.269959        0.125418

     C   23        0.426372       -0.581962        0.421715
     C   23       -0.581962       -0.281495        0.084307
     C   23        0.421715        0.084307       -0.144876

     Cl  24        1.240071        0.447085        1.725826
     Cl  24        0.447085       -0.467500       -1.302611
     Cl  24        1.725826       -1.302611       -0.772571


     NQR/NMR SPECTROSCOPIC PARAMETERS:
     Cl   1    Vxx=   -0.8808    axis=( -0.701162  0.329446  0.632327)
     Cl   1    Vyy=   -2.2026    axis=( -0.567562 -0.794678 -0.215315)
     Cl   1    Vzz=    3.0834    axis=(  0.431562 -0.509855  0.744178)
     Cl   1  Q=        -8.1650 1e-30 m^2  Cq=       -59.1535 MHz  eta= 0.42871

     C    2    Vxx=    0.0180    axis=(  0.570646  0.381381 -0.727264)
     C    2    Vyy=    0.9760    axis=( -0.672223  0.725620 -0.146939)
     C    2    Vzz=   -0.9939    axis=(  0.471677  0.572734  0.670445)
     C    2  Q=         1.0000 1e-30 m^2  Cq=        -2.3353 MHz  eta= 0.96386

     C    3    Vxx=    0.0032    axis=(  0.349801  0.120183  0.929083)
     C    3    Vyy=    0.3705    axis=(  0.012269 -0.992240  0.123733)
     C    3    Vzz=   -0.3737    axis=(  0.936744 -0.031883 -0.348561)
     C    3  Q=         1.0000 1e-30 m^2  Cq=        -0.8780 MHz  eta= 0.98304

     H    4    Vxx=    0.0283    axis=( -0.473934  0.252338  0.843630)
     H    4    Vyy=    0.6517    axis=( -0.879864 -0.097605 -0.465095)
     H    4    Vzz=   -0.6800    axis=(  0.035019  0.962704 -0.268282)
     H    4  Q=         1.0000 1e-30 m^2  Cq=        -1.5978 MHz  eta= 0.91672

     C    5    Vxx=   -0.0405    axis=( -0.134316 -0.685517  0.715559)
     C    5    Vyy=   -0.8561    axis=( -0.527311 -0.561931 -0.637320)
     C    5    Vzz=    0.8965    axis=( -0.838989  0.462925  0.286005)
     C    5  Q=         1.0000 1e-30 m^2  Cq=         2.1065 MHz  eta= 0.90970

     H    6    Vxx=   -0.1147    axis=( -0.138844 -0.466592  0.873507)
     H    6    Vyy=   -0.3214    axis=(  0.886982 -0.450879 -0.099855)
     H    6    Vzz=    0.4361    axis=(  0.440438  0.760920  0.476461)
     H    6  Q=         1.0000 1e-30 m^2  Cq=         1.0246 MHz  eta= 0.47394

     H    7    Vxx=   -0.0010    axis=(  0.216671  0.463369  0.859269)
     H    7    Vyy=   -0.7457    axis=( -0.959421 -0.061630  0.275159)
     H    7    Vzz=    0.7467    axis=(  0.180457 -0.884020  0.431212)
     H    7  Q=         1.0000 1e-30 m^2  Cq=         1.7545 MHz  eta= 0.99735

     C    8    Vxx=   -0.0063    axis=(  0.151430 -0.870271 -0.468720)
     C    8    Vyy=   -0.5502    axis=(  0.350025 -0.396252  0.848803)
     C    8    Vzz=    0.5565    axis=( -0.924419 -0.292598  0.244612)
     C    8  Q=         1.0000 1e-30 m^2  Cq=         1.3075 MHz  eta= 0.97734

     H    9    Vxx=    0.0214    axis=(  0.359063  0.892384  0.273359)
     H    9    Vyy=    0.7113    axis=( -0.792718  0.446192 -0.415344)
     H    9    Vzz=   -0.7327    axis=( -0.492617 -0.067562  0.867620)
     H    9  Q=         1.0000 1e-30 m^2  Cq=        -1.7215 MHz  eta= 0.94165

     C   10    Vxx=    0.0667    axis=(  0.272947 -0.369188  0.888369)
     C   10    Vyy=    0.5298    axis=(  0.817260 -0.398184 -0.416577)
     C   10    Vzz=   -0.5966    axis=(  0.507529  0.839732  0.193040)
     C   10  Q=         1.0000 1e-30 m^2  Cq=        -1.4017 MHz  eta= 0.77626

     C   11    Vxx=    0.0320    axis=(  0.487646  0.735607  0.470196)
     C   11    Vyy=    0.5992    axis=( -0.692964 -0.001464  0.720971)
     C   11    Vzz=   -0.6312    axis=(  0.531039 -0.677408  0.509035)
     C   11  Q=         1.0000 1e-30 m^2  Cq=        -1.4831 MHz  eta= 0.89867

     Cl  12    Vxx=    0.4231    axis=(  0.554621  0.610494  0.565414)
     Cl  12    Vyy=    2.2106    axis=( -0.589960 -0.190689  0.784592)
     Cl  12    Vzz=   -2.6337    axis=(  0.586807 -0.768723  0.254406)
     Cl  12  Q=        -8.1650 1e-30 m^2  Cq=        50.5266 MHz  eta= 0.67870

     H   13    Vxx=    0.0063    axis=(  0.503861 -0.257131  0.824626)
     H   13    Vyy=    0.5112    axis=(  0.096482 -0.931939 -0.349544)
     H   13    Vzz=   -0.5175    axis=(  0.858380  0.255683 -0.444759)
     H   13  Q=         1.0000 1e-30 m^2  Cq=        -1.2159 MHz  eta= 0.97549

     C   14    Vxx=    0.1234    axis=( -0.647067 -0.759747 -0.063936)
     C   14    Vyy=    0.3668    axis=(  0.580622 -0.436681 -0.687159)
     C   14    Vzz=   -0.4902    axis=(  0.494148 -0.481761  0.723688)
     C   14  Q=         1.0000 1e-30 m^2  Cq=        -1.1518 MHz  eta= 0.49639

     H   15    Vxx=   -0.0668    axis=( -0.432237  0.899615 -0.062162)
     H   15    Vyy=   -0.6443    axis=( -0.621555 -0.247276  0.743319)
     H   15    Vzz=    0.7111    axis=( -0.653330 -0.359927 -0.666042)
     H   15  Q=         1.0000 1e-30 m^2  Cq=         1.6709 MHz  eta= 0.81215

     C   16    Vxx=   -0.1926    axis=(  0.186632 -0.769052  0.611332)
     C   16    Vyy=   -0.6389    axis=( -0.506889 -0.608422 -0.610644)
     C   16    Vzz=    0.8315    axis=( -0.841565  0.195912  0.503375)
     C   16  Q=         1.0000 1e-30 m^2  Cq=         1.9538 MHz  eta= 0.53676

     C   17    Vxx=    0.0126    axis=(  0.405638  0.757912  0.510908)
     C   17    Vyy=    0.4935    axis=(  0.701069  0.100666 -0.705952)
     C   17    Vzz=   -0.5061    axis=( -0.586481  0.644543 -0.490515)
     C   17  Q=         1.0000 1e-30 m^2  Cq=        -1.1891 MHz  eta= 0.95026

     Cl  18    Vxx=   -0.2122    axis=( -0.102086  0.785000 -0.611026)
     Cl  18    Vyy=   -3.0494    axis=( -0.464656 -0.580739 -0.668458)
     Cl  18    Vzz=    3.2616    axis=( -0.879587  0.215677  0.424041)
     Cl  18  Q=        -8.1650 1e-30 m^2  Cq=       -62.5715 MHz  eta= 0.86989

     H   19    Vxx=   -0.0848    axis=( -0.926782 -0.124109 -0.354504)
     H   19    Vyy=   -0.3518    axis=( -0.330794  0.716761  0.613864)
     H   19    Vzz=    0.4366    axis=(  0.177908  0.686186 -0.705335)
     H   19  Q=         1.0000 1e-30 m^2  Cq=         1.0258 MHz  eta= 0.61152

     C   20    Vxx=   -0.0307    axis=(  0.847720 -0.184159  0.497450)
     C   20    Vyy=   -0.4190    axis=( -0.421192 -0.803753  0.420212)
     C   20    Vzz=    0.4498    axis=( -0.322441  0.565745  0.758923)
     C   20  Q=         1.0000 1e-30 m^2  Cq=         1.0568 MHz  eta= 0.86337

     H   21    Vxx=   -0.0572    axis=( -0.342521  0.606980  0.717116)
     H   21    Vyy=   -0.3476    axis=(  0.223858  0.794030 -0.565158)
     H   21    Vzz=    0.4049    axis=(  0.912451  0.033046  0.407849)
     H   21  Q=         1.0000 1e-30 m^2  Cq=         0.9513 MHz  eta= 0.71724

     C   22    Vxx=    0.0076    axis=( -0.322983  0.413783  0.851155)
     C   22    Vyy=    0.5701    axis=( -0.221712  0.841248 -0.493099)
     C   22    Vzz=   -0.5777    axis=( -0.920068 -0.347974 -0.179968)
     C   22  Q=         1.0000 1e-30 m^2  Cq=        -1.3573 MHz  eta= 0.97361

     C   23    Vxx=   -0.1105    axis=( -0.044313  0.559074  0.827933)
     C   23    Vyy=   -0.7544    axis=(  0.519256  0.720895 -0.459003)
     C   23    Vzz=    0.8649    axis=(  0.853469 -0.409569  0.322248)
     C   23  Q=         1.0000 1e-30 m^2  Cq=         2.0321 MHz  eta= 0.74443

     Cl  24    Vxx=    0.3578    axis=( -0.367122 -0.837545  0.404648)
     Cl  24    Vyy=    2.2615    axis=( -0.841731  0.113994 -0.527725)
     Cl  24    Vzz=   -2.6193    axis=(  0.395866 -0.534344 -0.746838)
     Cl  24  Q=        -8.1650 1e-30 m^2  Cq=        50.2507 MHz  eta= 0.72679

     Initialization:
     gipaw_setup  :      9.25s CPU     11.07s WALL (       1 calls)

     Linear response

     Apply operators

     Induced current

     Other routines
     efg          :      9.42s CPU     12.09s WALL (       1 calls)

     General routines
     calbec       :      3.38s CPU      4.64s WALL (      16 calls)
     fft          :      1.35s CPU      1.65s WALL (      15 calls)
     ffts         :      0.04s CPU      0.05s WALL (       2 calls)
     fftw         :      3.27s CPU      4.05s WALL (     672 calls)
     davcio       :      0.03s CPU      0.32s WALL (      32 calls)

     Parallel routines
     fft_scatter  :      1.94s CPU      2.88s WALL (     689 calls)

     Plugins

     GIPAW        :     61.29s CPU     73.49s WALL (       1 calls)
