
     Program QE v.6.0 (svn rev. 13079) starts on 27Dec2016 at  2:45: 8 

     This program is part of the open-source Quantum ESPRESSO suite
     for quantum simulation of materials; please cite
         "P. Giannozzi et al., J. Phys.:Condens. Matter 21 395502 (2009);
          URL http://www.quantum-espresso.org", 
     in publications or presentations arising from this work. More details at
     http://www.quantum-espresso.org/quote

     Parallel version (MPI), running on     8 processors
     R & G space division:  proc/nbgrp/npool/nimage =       8

     ***** This is GIPAW svn revision unknown      *****

     Parallelizing q-star over 1 images

     Reading data from directory:
     /users/majewski/paradichlorobenzene/pbe/9_constraint/scratch/pbe.ecut100.np8.dt60.pcl2phi-129368.save
     Message from routine read_xml_file:
     file /users/majewski/paradichlorobenzene/pbe/9_constraint/scratch/pbe.ecut100.np8.dt60.pcl2phi-129368.save not guaranteed to be safe for post-processing

   Info: using nr1, nr2, nr3 values from input

   Info: using nr1, nr2, nr3 values from input

     IMPORTANT: XC functional enforced from input :
     Exchange-correlation      =  SLA  PW   PBX  PBC ( 1  4  3  4 0 0)
     Any further DFT definition will be discarded
     Please, verify this is what you really want

               file C.pbe-n-kjpaw_psl.1.0.0.UPF: wavefunction(s)  2S 2P renormalized
               file Cl.pbe-n-kjpaw_psl.1.0.0.UPF: wavefunction(s)  3S 3P renormalized
               file H.pbe-kjpaw_psl.1.0.0.UPF: wavefunction(s)  1S renormalized

     Parallelization info
     --------------------
     sticks:   dense  smooth     PW     G-vecs:    dense   smooth      PW
     Min        3057    1223    332               144436    36536    5170
     Max        3059    1225    333               144437    36537    5171
     Sum       24467    9791   2657              1155489   292295   41363


     Subspace diagonalization in iterative solution of the eigenvalue problem:
     a serial algorithm will be used

     GIPAW projectors -----------------------------------------------
     atom=  C    l=0  rc=    1.2000  rs=    0.8000
     atom=  C    l=0  rc=    1.2000  rs=    0.8000
     atom=  C    l=1  rc=    1.4000  rs=    0.9333
     atom=  C    l=1  rc=    1.4000  rs=    0.9333
     projs nearly linearly dependent: l=1  n1,n2= 1, 2  s=  0.99951561

     atom=  Cl   l=0  rc=    1.6000  rs=    1.0667
     atom=  Cl   l=0  rc=    1.6000  rs=    1.0667
     atom=  Cl   l=1  rc=    1.6000  rs=    1.0667
     atom=  Cl   l=1  rc=    1.6000  rs=    1.0667
     atom=  Cl   l=2  rc=    1.6000  rs=    1.0667
     atom=  Cl   l=2  rc=    1.6000  rs=    1.0667
     projs nearly linearly dependent: l=2  n1,n2= 1, 2  s=  0.99993509

     atom=  H    l=0  rc=    1.0000  rs=    0.6667
     atom=  H    l=0  rc=    1.0000  rs=    0.6667
     projs nearly linearly dependent: l=0  n1,n2= 1, 2  s=  0.99968852
     -----------------------------------------------------------------

     GIPAW integrals: -------------------------------------------
     Atom  i/j   nmr_para   nmr_dia   epr_rmc  epr_para   epr_dia
       C   1 1   0.83E+03  0.17E-01  0.93E+01  0.24E+08  0.24E+03
       C   2 1   0.86E+03 -0.61E-01  0.94E+01  0.25E+08  0.25E+03
       C   2 2   0.90E+03 -0.15E+00  0.97E+01  0.26E+08  0.26E+03
       C   3 3   0.33E+01  0.34E+00  0.18E+01  0.55E+03  0.21E+02
       C   4 3   0.35E+01  0.37E+00  0.20E+01  0.59E+03  0.22E+02
       C   4 4   0.38E+01  0.39E+00  0.22E+01  0.63E+03  0.24E+02
       Cl  1 1   0.14E+04 -0.47E+00  0.84E+01  0.32E+09  0.42E+03
       Cl  2 1   0.21E+04 -0.37E+00  0.12E+02  0.49E+09  0.65E+03
       Cl  2 2   0.33E+04 -0.16E+00  0.21E+02  0.76E+09  0.10E+04
       Cl  3 3   0.21E+02  0.79E-01  0.89E+01  0.23E+05  0.13E+03
       Cl  4 3   0.24E+02  0.67E-01  0.99E+01  0.27E+05  0.15E+03
       Cl  4 4   0.28E+02  0.44E-01  0.11E+02  0.32E+05  0.18E+03
       Cl  5 5   0.77E+00  0.19E+00  0.18E+01  0.12E+03  0.22E+02
       Cl  6 5   0.80E+00  0.19E+00  0.19E+01  0.12E+03  0.23E+02
       Cl  6 6   0.83E+00  0.20E+00  0.19E+01  0.12E+03  0.23E+02
       H   1 1   0.39E+02  0.19E+00  0.29E+00  0.78E+05  0.13E+02
       H   2 1   0.41E+02  0.21E+00  0.32E+00  0.82E+05  0.14E+02
       H   2 2   0.43E+02  0.22E+00  0.36E+00  0.86E+05  0.15E+02
     ------------------------------------------------------------

     alpha_pv=     34.3352 eV

     Number of occupied bands for each k-point:
     k-point:     1    nbnd_occ=  42
     k-point:     2    nbnd_occ=  42
     k-point:     3    nbnd_occ=  42
     k-point:     4    nbnd_occ=  42
     k-point:     5    nbnd_occ=  42
     k-point:     6    nbnd_occ=  42
     k-point:     7    nbnd_occ=  42
     k-point:     8    nbnd_occ=  42
     k-point:     9    nbnd_occ=  42
     k-point:    10    nbnd_occ=  42
     k-point:    11    nbnd_occ=  42
     k-point:    12    nbnd_occ=  42
     k-point:    13    nbnd_occ=  42
     k-point:    14    nbnd_occ=  42
     k-point:    15    nbnd_occ=  42
     k-point:    16    nbnd_occ=  42


     q-space interpolation up to   110.00 Rydberg

     GIPAW job: efg                                                                             


     ELECTRIC FIELD GRADIENTS TENSORS IN Hartree/bohrradius^2:

     ----- bare term -----
     Cl   1       -0.038873        0.069322       -0.002164
     Cl   1        0.069322       -0.003729        0.031094
     Cl   1       -0.002164        0.031094        0.042602

     C    2       -0.168782        0.142743       -0.414423
     C    2        0.142743        0.097296       -0.124735
     C    2       -0.414423       -0.124735        0.071486

     C    3        0.118467        0.509757       -0.003929
     C    3        0.509757       -0.234120       -0.573152
     C    3       -0.003929       -0.573152        0.115653

     H    4       -0.361148       -0.114820       -0.559352
     H    4       -0.114820        0.139940       -0.181914
     H    4       -0.559352       -0.181914        0.221208

     C    5       -0.681922        0.366211       -0.424012
     C    5        0.366211        0.333606       -0.118269
     C    5       -0.424012       -0.118269        0.348316

     H    6        0.486222       -0.124634       -0.025032
     H    6       -0.124634       -0.581898       -0.278146
     H    6       -0.025032       -0.278146        0.095676

     H    7        0.430197        0.000086       -0.019064
     H    7        0.000086       -0.702863        0.398192
     H    7       -0.019064        0.398192        0.272665

     C    8       -0.150102        0.156752       -0.446014
     C    8        0.156752       -0.091660        0.433379
     C    8       -0.446014        0.433379        0.241762

     H    9       -0.168183        0.250117       -0.407772
     H    9        0.250117       -0.177200        0.251329
     H    9       -0.407772        0.251329        0.345383

     C   10       -0.453462       -0.325036       -0.064141
     C   10       -0.325036        0.056222        0.378214
     C   10       -0.064141        0.378214        0.397240

     C   11       -0.080113        0.343587       -0.357410
     C   11        0.343587       -0.019858        0.725827
     C   11       -0.357410        0.725827        0.099971

     Cl  12       -0.349412       -0.312989        0.049451
     Cl  12       -0.312989        0.134890        0.099697
     Cl  12        0.049451        0.099697        0.214522

     H   13        0.236051       -0.444848        0.078793
     H   13       -0.444848       -0.597323       -0.001165
     H   13        0.078793       -0.001165        0.361272

     C   14        0.010939        0.115547        0.005683
     C   14        0.115547       -0.219236       -0.172493
     C   14        0.005683       -0.172493        0.208297

     H   15       -0.250784       -0.548366       -0.258775
     H   15       -0.548366       -0.116006       -0.149041
     H   15       -0.258775       -0.149041        0.366790

     C   16       -0.368344        0.257474       -0.292103
     C   16        0.257474        0.142134       -0.139549
     C   16       -0.292103       -0.139549        0.226210

     C   17        0.052193        0.367047       -0.060095
     C   17        0.367047       -0.117820       -0.544292
     C   17       -0.060095       -0.544292        0.065626

     Cl  18       -0.116577        0.008079        0.024391
     Cl  18        0.008079       -0.107454        0.026150
     Cl  18        0.024391        0.026150        0.224031

     H   19        0.188518        0.103606       -0.145686
     H   19        0.103606       -0.383527        0.521676
     H   19       -0.145686        0.521676        0.195009

     C   20       -0.409224       -0.317346       -0.219499
     C   20       -0.317346        0.014488        0.238273
     C   20       -0.219499        0.238273        0.394736

     H   21       -0.645131        0.366466        0.019745
     H   21        0.366466        0.366632        0.045644
     H   21        0.019745        0.045644        0.278499

     C   22        0.096330        0.190885       -0.444595
     C   22        0.190885       -0.342963        0.491410
     C   22       -0.444595        0.491410        0.246633

     C   23       -0.345917       -0.288986       -0.361978
     C   23       -0.288986       -0.092711        0.267660
     C   23       -0.361978        0.267660        0.438628

     Cl  24       -0.050308        0.029751        0.019474
     Cl  24        0.029751       -0.036972       -0.003912
     Cl  24        0.019474       -0.003912        0.087280

     ----- ionic term -----
     Cl   1        0.184998       -0.212319        0.056991
     Cl   1       -0.212319       -0.025179       -0.018439
     Cl   1        0.056991       -0.018439       -0.159819

     C    2        0.230239       -0.076417        0.362413
     C    2       -0.076417        0.200712        0.346601
     C    2        0.362413        0.346601       -0.430951

     C    3        0.100482       -0.168323        0.235087
     C    3       -0.168323        0.361160        0.331390
     C    3        0.235087        0.331390       -0.461641

     H    4        0.656556        0.369662        0.608795
     H    4        0.369662       -0.315079        0.245637
     H    4        0.608795        0.245637       -0.341477

     C    5        0.244573       -0.100708        0.304270
     C    5       -0.100708        0.205772        0.205193
     C    5        0.304270        0.205193       -0.450345

     H    6       -0.458565        0.288009        0.108348
     H    6        0.288009        0.941912        0.384876
     H    6        0.108348        0.384876       -0.483347

     H    7       -0.500796       -0.139105        0.070371
     H    7       -0.139105        0.776919       -0.630773
     H    7        0.070371       -0.630773       -0.276123

     C    8        0.330320        0.182616        0.166211
     C    8        0.182616        0.058788       -0.327158
     C    8        0.166211       -0.327158       -0.389108

     H    9        0.570880       -0.334671        0.699753
     H    9       -0.334671       -0.422082       -0.286013
     H    9        0.699753       -0.286013       -0.148798

     C   10        0.188606        0.242915        0.122342
     C   10        0.242915        0.114298       -0.461472
     C   10        0.122342       -0.461472       -0.302904

     C   11        0.296188        0.131640        0.223693
     C   11        0.131640        0.061053       -0.420574
     C   11        0.223693       -0.420574       -0.357241

     Cl  12        0.165681        0.220803        0.011937
     Cl  12        0.220803       -0.001044       -0.003589
     Cl  12        0.011937       -0.003589       -0.164637

     H   13       -0.502159        0.156924        0.078940
     H   13        0.156924        0.684868        0.649344
     H   13        0.078940        0.649344       -0.182708

     C   14        0.277763       -0.119121        0.341547
     C   14       -0.119121        0.105409        0.266279
     C   14        0.341547        0.266279       -0.383172

     H   15        0.510034        0.330035        0.680602
     H   15        0.330035       -0.385056        0.274574
     H   15        0.680602        0.274574       -0.124977

     C   16        0.119507       -0.177652        0.259397
     C   16       -0.177652        0.275427        0.316242
     C   16        0.259397        0.316242       -0.394933

     C   17        0.133942       -0.084587        0.312029
     C   17       -0.084587        0.272119        0.319588
     C   17        0.312029        0.319588       -0.406061

     Cl  18        0.083663       -0.173696        0.032762
     Cl  18       -0.173696        0.071940       -0.028302
     Cl  18        0.032762       -0.028302       -0.155604

     H   19       -0.518786       -0.088564        0.048437
     H   19       -0.088564        0.702208       -0.700760
     H   19        0.048437       -0.700760       -0.183422

     C   20        0.357383        0.083115        0.163506
     C   20        0.083115        0.027769       -0.347396
     C   20        0.163506       -0.347396       -0.385152

     H   21        0.565035       -0.479688        0.553431
     H   21       -0.479688       -0.314130       -0.304289
     H   21        0.553431       -0.304289       -0.250905

     C   22        0.155443        0.099762        0.110349
     C   22        0.099762        0.198107       -0.448608
     C   22        0.110349       -0.448608       -0.353550

     C   23        0.159500        0.094669        0.194867
     C   23        0.094669        0.174149       -0.439714
     C   23        0.194867       -0.439714       -0.333649

     Cl  24        0.118001        0.194913       -0.034857
     Cl  24        0.194913        0.016807       -0.023689
     Cl  24       -0.034857       -0.023689       -0.134808

     ----- GIPAW term -----
     Cl   1       -0.295111       -0.383020       -1.300616
     Cl   1       -0.383020       -0.386188       -1.725029
     Cl   1       -1.300616       -1.725029        0.681299

     C    2        0.028651        0.069150       -0.077552
     C    2        0.069150        0.053057       -0.046432
     C    2       -0.077552       -0.046432       -0.081708

     C    3       -0.011553        0.217785        0.022975
     C    3        0.217785        0.143934       -0.049259
     C    3        0.022975       -0.049259       -0.132381

     H    4       -0.000000        0.000000        0.000000
     H    4        0.000000        0.000000        0.000000
     H    4        0.000000        0.000000        0.000000

     C    5       -0.100834        0.189220        0.015281
     C    5        0.189220        0.131831        0.097333
     C    5        0.015281        0.097333       -0.030997

     H    6       -0.000000        0.000000        0.000000
     H    6        0.000000        0.000000        0.000000
     H    6        0.000000        0.000000        0.000000

     H    7       -0.000000        0.000000        0.000000
     H    7        0.000000        0.000000        0.000000
     H    7        0.000000        0.000000        0.000000

     C    8       -0.002247        0.162771       -0.129966
     C    8        0.162771        0.025464        0.009593
     C    8       -0.129966        0.009593       -0.023218

     H    9       -0.000000        0.000000        0.000000
     H    9        0.000000        0.000000        0.000000
     H    9        0.000000        0.000000        0.000000

     C   10       -0.115196        0.107087        0.044730
     C   10        0.107087        0.169180        0.110890
     C   10        0.044730        0.110890       -0.053985

     C   11       -0.025516        0.211618        0.009607
     C   11        0.211618        0.094206        0.207823
     C   11        0.009607        0.207823       -0.068689

     Cl  12       -0.841957        1.702175        0.418603
     Cl  12        1.702175        2.094993        1.167553
     Cl  12        0.418603        1.167553       -1.253036

     H   13       -0.000000        0.000000        0.000000
     H   13        0.000000        0.000000        0.000000
     H   13        0.000000        0.000000        0.000000

     C   14        0.006261        0.068537       -0.010023
     C   14        0.068537        0.031270       -0.062565
     C   14       -0.010023       -0.062565       -0.037532

     H   15       -0.000000        0.000000        0.000000
     H   15        0.000000        0.000000        0.000000
     H   15        0.000000        0.000000        0.000000

     C   16       -0.034924        0.158397       -0.081214
     C   16        0.158397        0.117537       -0.033531
     C   16       -0.081214       -0.033531       -0.082613

     C   17        0.044364        0.146990        0.034745
     C   17        0.146990        0.149061       -0.007987
     C   17        0.034745       -0.007987       -0.193424

     Cl  18        0.266054       -2.047955        0.383186
     Cl  18       -2.047955       -0.898277        0.164202
     Cl  18        0.383186        0.164202        0.632223

     H   19       -0.000000        0.000000        0.000000
     H   19        0.000000        0.000000        0.000000
     H   19        0.000000        0.000000        0.000000

     C   20        0.024967        0.116596       -0.014985
     C   20        0.116596        0.039720        0.014228
     C   20       -0.014985        0.014228       -0.064687

     H   21       -0.000000        0.000000        0.000000
     H   21        0.000000        0.000000        0.000000
     H   21        0.000000        0.000000        0.000000

     C   22        0.102862        0.146356       -0.233225
     C   22        0.146356       -0.110826       -0.009903
     C   22       -0.233225       -0.009903        0.007963

     C   23        0.064271        0.136781       -0.165366
     C   23        0.136781       -0.049239       -0.037536
     C   23       -0.165366       -0.037536       -0.015032

     Cl  24        0.090189        2.254245       -1.167247
     Cl  24        2.254245       -0.789876       -1.183953
     Cl  24       -1.167247       -1.183953        0.699687

     ----- total EFG -----
     Cl   1       -0.148986       -0.526016       -1.245790
     Cl   1       -0.526016       -0.415096       -1.712375
     Cl   1       -1.245790       -1.712375        0.564082

     C    2        0.090108        0.135477       -0.129563
     C    2        0.135477        0.351065        0.175433
     C    2       -0.129563        0.175433       -0.441173

     C    3        0.207395        0.559219        0.254133
     C    3        0.559219        0.270974       -0.291020
     C    3        0.254133       -0.291020       -0.478369

     H    4        0.295407        0.254842        0.049443
     H    4        0.254842       -0.175139        0.063723
     H    4        0.049443        0.063723       -0.120269

     C    5       -0.538183        0.454723       -0.104462
     C    5        0.454723        0.671209        0.184257
     C    5       -0.104462        0.184257       -0.133025

     H    6        0.027658        0.163375        0.083316
     H    6        0.163375        0.360014        0.106729
     H    6        0.083316        0.106729       -0.387672

     H    7       -0.070599       -0.139018        0.051307
     H    7       -0.139018        0.074056       -0.232581
     H    7        0.051307       -0.232581       -0.003458

     C    8        0.177972        0.502139       -0.409768
     C    8        0.502139       -0.007407        0.115814
     C    8       -0.409768        0.115814       -0.170564

     H    9        0.402697       -0.084554        0.291982
     H    9       -0.084554       -0.599282       -0.034684
     H    9        0.291982       -0.034684        0.196584

     C   10       -0.380052        0.024966        0.102931
     C   10        0.024966        0.339700        0.027632
     C   10        0.102931        0.027632        0.040351

     C   11        0.190559        0.686846       -0.124110
     C   11        0.686846        0.135401        0.513076
     C   11       -0.124110        0.513076       -0.325960

     Cl  12       -1.025687        1.609988        0.479991
     Cl  12        1.609988        2.228839        1.263661
     Cl  12        0.479991        1.263661       -1.203152

     H   13       -0.266109       -0.287925        0.157734
     H   13       -0.287925        0.087545        0.648179
     H   13        0.157734        0.648179        0.178564

     C   14        0.294963        0.064963        0.337208
     C   14        0.064963       -0.082556        0.031222
     C   14        0.337208        0.031222       -0.212407

     H   15        0.259249       -0.218332        0.421826
     H   15       -0.218332       -0.501062        0.125533
     H   15        0.421826        0.125533        0.241813

     C   16       -0.283762        0.238218       -0.113920
     C   16        0.238218        0.535098        0.143162
     C   16       -0.113920        0.143162       -0.251336

     C   17        0.230498        0.429450        0.286679
     C   17        0.429450        0.303361       -0.232691
     C   17        0.286679       -0.232691       -0.533859

     Cl  18        0.233141       -2.213572        0.440339
     Cl  18       -2.213572       -0.933791        0.162050
     Cl  18        0.440339        0.162050        0.700650

     H   19       -0.330268        0.015042       -0.097248
     H   19        0.015042        0.318680       -0.179084
     H   19       -0.097248       -0.179084        0.011587

     C   20       -0.026874       -0.117635       -0.070979
     C   20       -0.117635        0.081977       -0.094895
     C   20       -0.070979       -0.094895       -0.055103

     H   21       -0.080096       -0.113222        0.573177
     H   21       -0.113222        0.052502       -0.258645
     H   21        0.573177       -0.258645        0.027594

     C   22        0.354636        0.437003       -0.567471
     C   22        0.437003       -0.255682        0.032899
     C   22       -0.567471        0.032899       -0.098954

     C   23       -0.122146       -0.057536       -0.332477
     C   23       -0.057536        0.032199       -0.209591
     C   23       -0.332477       -0.209591        0.089947

     Cl  24        0.157882        2.478909       -1.182631
     Cl  24        2.478909       -0.810040       -1.211554
     Cl  24       -1.182631       -1.211554        0.652158

     ----- total EFG (symmetrized) -----
     Cl   1       -0.148986       -0.526016       -1.245790
     Cl   1       -0.526016       -0.415096       -1.712375
     Cl   1       -1.245790       -1.712375        0.564082

     C    2        0.090108        0.135477       -0.129563
     C    2        0.135477        0.351065        0.175433
     C    2       -0.129563        0.175433       -0.441173

     C    3        0.207395        0.559219        0.254133
     C    3        0.559219        0.270974       -0.291020
     C    3        0.254133       -0.291020       -0.478369

     H    4        0.295407        0.254842        0.049443
     H    4        0.254842       -0.175139        0.063723
     H    4        0.049443        0.063723       -0.120269

     C    5       -0.538183        0.454723       -0.104462
     C    5        0.454723        0.671209        0.184257
     C    5       -0.104462        0.184257       -0.133025

     H    6        0.027658        0.163375        0.083316
     H    6        0.163375        0.360014        0.106729
     H    6        0.083316        0.106729       -0.387672

     H    7       -0.070599       -0.139018        0.051307
     H    7       -0.139018        0.074056       -0.232581
     H    7        0.051307       -0.232581       -0.003458

     C    8        0.177972        0.502139       -0.409768
     C    8        0.502139       -0.007407        0.115814
     C    8       -0.409768        0.115814       -0.170564

     H    9        0.402697       -0.084554        0.291982
     H    9       -0.084554       -0.599282       -0.034684
     H    9        0.291982       -0.034684        0.196584

     C   10       -0.380052        0.024966        0.102931
     C   10        0.024966        0.339700        0.027632
     C   10        0.102931        0.027632        0.040351

     C   11        0.190559        0.686846       -0.124110
     C   11        0.686846        0.135401        0.513076
     C   11       -0.124110        0.513076       -0.325960

     Cl  12       -1.025687        1.609988        0.479991
     Cl  12        1.609988        2.228839        1.263661
     Cl  12        0.479991        1.263661       -1.203152

     H   13       -0.266109       -0.287925        0.157734
     H   13       -0.287925        0.087545        0.648179
     H   13        0.157734        0.648179        0.178564

     C   14        0.294963        0.064963        0.337208
     C   14        0.064963       -0.082556        0.031222
     C   14        0.337208        0.031222       -0.212407

     H   15        0.259249       -0.218332        0.421826
     H   15       -0.218332       -0.501062        0.125533
     H   15        0.421826        0.125533        0.241813

     C   16       -0.283762        0.238218       -0.113920
     C   16        0.238218        0.535098        0.143162
     C   16       -0.113920        0.143162       -0.251336

     C   17        0.230498        0.429450        0.286679
     C   17        0.429450        0.303361       -0.232691
     C   17        0.286679       -0.232691       -0.533859

     Cl  18        0.233141       -2.213572        0.440339
     Cl  18       -2.213572       -0.933791        0.162050
     Cl  18        0.440339        0.162050        0.700650

     H   19       -0.330268        0.015042       -0.097248
     H   19        0.015042        0.318680       -0.179084
     H   19       -0.097248       -0.179084        0.011587

     C   20       -0.026874       -0.117635       -0.070979
     C   20       -0.117635        0.081977       -0.094895
     C   20       -0.070979       -0.094895       -0.055103

     H   21       -0.080096       -0.113222        0.573177
     H   21       -0.113222        0.052502       -0.258645
     H   21        0.573177       -0.258645        0.027594

     C   22        0.354636        0.437003       -0.567471
     C   22        0.437003       -0.255682        0.032899
     C   22       -0.567471        0.032899       -0.098954

     C   23       -0.122146       -0.057536       -0.332477
     C   23       -0.057536        0.032199       -0.209591
     C   23       -0.332477       -0.209591        0.089947

     Cl  24        0.157882        2.478909       -1.182631
     Cl  24        2.478909       -0.810040       -1.211554
     Cl  24       -1.182631       -1.211554        0.652158


     NQR/NMR SPECTROSCOPIC PARAMETERS:
     Cl   1    Vxx=    0.2595    axis=(  0.807226 -0.590037 -0.015531)
     Cl   1    Vyy=    2.0989    axis=( -0.336117 -0.481151  0.809641)
     Cl   1    Vzz=   -2.3584    axis=( -0.485191 -0.648344 -0.586720)
     Cl   1  Q=        -8.1650 1e-30 m^2  Cq=        45.2439 MHz  eta= 0.77996

     C    2    Vxx=    0.0940    axis=( -0.911986  0.269611  0.309179)
     C    2    Vyy=    0.4245    axis=(  0.324332  0.935373  0.141018)
     C    2    Vzz=   -0.5185    axis=(  0.251178 -0.228884  0.940490)
     C    2  Q=         1.0000 1e-30 m^2  Cq=        -1.2182 MHz  eta= 0.63747

     C    3    Vxx=   -0.0078    axis=( -0.583303  0.511262 -0.631165)
     C    3    Vyy=   -0.7927    axis=( -0.446828  0.446938  0.774978)
     C    3    Vzz=    0.8005    axis=( -0.678308 -0.734069  0.032254)
     C    3  Q=         1.0000 1e-30 m^2  Cq=         1.8809 MHz  eta= 0.98058

     H    4    Vxx=   -0.1208    axis=( -0.208767  0.153591  0.965829)
     H    4    Vyy=   -0.2955    axis=( -0.370161  0.901705 -0.223405)
     H    4    Vzz=    0.4164    axis=( -0.905206 -0.404151 -0.131393)
     H    4  Q=         1.0000 1e-30 m^2  Cq=         0.9783 MHz  eta= 0.41963

     C    5    Vxx=   -0.1116    axis=( -0.292344 -0.054903  0.954736)
     C    5    Vyy=   -0.7324    axis=( -0.908300  0.328302 -0.259246)
     C    5    Vzz=    0.8440    axis=( -0.299208 -0.942976 -0.145846)
     C    5  Q=         1.0000 1e-30 m^2  Cq=         1.9830 MHz  eta= 0.73546

     H    6    Vxx=   -0.0357    axis=(  0.911057 -0.401436  0.093939)
     H    6    Vyy=   -0.4115    axis=(  0.147582  0.104795 -0.983482)
     H    6    Vzz=    0.4473    axis=(  0.384961  0.909872  0.154719)
     H    6  Q=         1.0000 1e-30 m^2  Cq=         1.0509 MHz  eta= 0.84020

     H    7    Vxx=   -0.0980    axis=(  0.849034 -0.027237 -0.527636)
     H    7    Vyy=   -0.2232    axis=(  0.405694  0.673367  0.618053)
     H    7    Vzz=    0.3212    axis=( -0.338459  0.738807 -0.582761)
     H    7  Q=         1.0000 1e-30 m^2  Cq=         0.7547 MHz  eta= 0.38964

     C    8    Vxx=    0.0120    axis=( -0.145912  0.653980  0.742307)
     C    8    Vyy=    0.6750    axis=( -0.790033 -0.528648  0.310451)
     C    8    Vzz=   -0.6870    axis=(  0.595447 -0.541149  0.593801)
     C    8  Q=         1.0000 1e-30 m^2  Cq=        -1.6142 MHz  eta= 0.96502

     H    9    Vxx=   -0.0093    axis=( -0.573227  0.034024  0.818690)
     H    9    Vyy=   -0.6065    axis=( -0.079408 -0.996741 -0.014176)
     H    9    Vzz=    0.6158    axis=(  0.815540 -0.073137  0.574061)
     H    9  Q=         1.0000 1e-30 m^2  Cq=         1.4469 MHz  eta= 0.96981

     C   10    Vxx=    0.0604    axis=(  0.219821 -0.115489  0.968680)
     C   10    Vyy=    0.3439    axis=( -0.049478 -0.993010 -0.107161)
     C   10    Vzz=   -0.4043    axis=(  0.974285 -0.024372 -0.223998)
     C   10  Q=         1.0000 1e-30 m^2  Cq=        -0.9500 MHz  eta= 0.70117

     C   11    Vxx=   -0.0068    axis=(  0.609526 -0.307190 -0.730830)
     C   11    Vyy=   -0.9081    axis=( -0.457706  0.616342 -0.640803)
     C   11    Vzz=    0.9149    axis=( -0.647289 -0.725091 -0.235074)
     C   11  Q=         1.0000 1e-30 m^2  Cq=         2.1496 MHz  eta= 0.98516

     Cl  12    Vxx=   -1.5956    axis=( -0.431399 -0.114088  0.894918)
     Cl  12    Vyy=   -1.7009    axis=( -0.826260  0.448222 -0.341161)
     Cl  12    Vzz=    3.2965    axis=( -0.362200 -0.886612 -0.287629)
     Cl  12  Q=        -8.1650 1e-30 m^2  Cq=       -63.2417 MHz  eta= 0.03193

     H   13    Vxx=   -0.0548    axis=(  0.820957 -0.359491  0.443617)
     H   13    Vyy=   -0.7347    axis=(  0.565003  0.623662 -0.540201)
     H   13    Vzz=    0.7895    axis=( -0.082470  0.694127  0.715113)
     H   13  Q=         1.0000 1e-30 m^2  Cq=         1.8551 MHz  eta= 0.86120

     C   14    Vxx=   -0.0919    axis=(  0.113539 -0.991672  0.060785)
     C   14    Vyy=   -0.3807    axis=(  0.446831 -0.003677 -0.894611)
     C   14    Vzz=    0.4726    axis=(  0.887384  0.128734  0.442692)
     C   14  Q=         1.0000 1e-30 m^2  Cq=         1.1104 MHz  eta= 0.61106

     H   15    Vxx=   -0.0444    axis=( -0.587875  0.463385  0.663081)
     H   15    Vyy=   -0.6322    axis=(  0.358467  0.884032 -0.299982)
     H   15    Vzz=    0.6766    axis=( -0.725192  0.061341 -0.685809)
     H   15  Q=         1.0000 1e-30 m^2  Cq=         1.5898 MHz  eta= 0.86863

     C   16    Vxx=   -0.1547    axis=(  0.610993 -0.046992 -0.790240)
     C   16    Vyy=   -0.4586    axis=( -0.754586  0.267239 -0.599319)
     C   16    Vzz=    0.6133    axis=( -0.239346 -0.962484 -0.127821)
     C   16  Q=         1.0000 1e-30 m^2  Cq=         1.4411 MHz  eta= 0.49542

     C   17    Vxx=    0.0631    axis=( -0.614090  0.589574 -0.524687)
     C   17    Vyy=    0.6984    axis=( -0.683001 -0.730114 -0.021027)
     C   17    Vzz=   -0.7615    axis=( -0.395478  0.345449  0.851036)
     C   17  Q=         1.0000 1e-30 m^2  Cq=        -1.7893 MHz  eta= 0.83419

     Cl  18    Vxx=    0.6976    axis=( -0.084547  0.211441  0.973727)
     Cl  18    Vyy=    1.9887    axis=(  0.786961 -0.585240  0.195413)
     Cl  18    Vzz=   -2.6863    axis=( -0.611182 -0.782807  0.116915)
     Cl  18  Q=        -8.1650 1e-30 m^2  Cq=        51.5345 MHz  eta= 0.48061

     H   19    Vxx=   -0.0475    axis=( -0.272720  0.431711  0.859796)
     H   19    Vyy=   -0.3576    axis=(  0.959161  0.052278  0.277988)
     H   19    Vzz=    0.4051    axis=(  0.075062  0.900496 -0.428337)
     H   19  Q=         1.0000 1e-30 m^2  Cq=         0.9519 MHz  eta= 0.76557

     C   20    Vxx=    0.0269    axis=( -0.660985 -0.142350  0.736774)
     C   20    Vyy=    0.1670    axis=( -0.442179  0.867161 -0.229151)
     C   20    Vzz=   -0.1939    axis=( -0.606282 -0.477251 -0.636124)
     C   20  Q=         1.0000 1e-30 m^2  Cq=        -0.4557 MHz  eta= 0.72251

     H   21    Vxx=   -0.0517    axis=( -0.380421 -0.903512 -0.197346)
     H   21    Vyy=   -0.6154    axis=( -0.708159  0.147347  0.690507)
     H   21    Vzz=    0.6671    axis=( -0.594804  0.402435 -0.695884)
     H   21  Q=         1.0000 1e-30 m^2  Cq=         1.5674 MHz  eta= 0.84511

     C   22    Vxx=   -0.1587    axis=(  0.112933  0.735231  0.668342)
     C   22    Vyy=   -0.6925    axis=(  0.559732 -0.602835  0.568587)
     C   22    Vzz=    0.8511    axis=( -0.820943 -0.309880  0.479612)
     C   22  Q=         1.0000 1e-30 m^2  Cq=         1.9998 MHz  eta= 0.62719

     C   23    Vxx=    0.0408    axis=(  0.518767 -0.848128 -0.107511)
     C   23    Vyy=    0.3901    axis=( -0.470607 -0.388288  0.792314)
     C   23    Vzz=   -0.4310    axis=( -0.713729 -0.360431 -0.600567)
     C   23  Q=         1.0000 1e-30 m^2  Cq=        -1.0126 MHz  eta= 0.81055

     Cl  24    Vxx=   -0.4168    axis=(  0.456939  0.294498  0.839331)
     Cl  24    Vyy=   -2.8632    axis=( -0.618528  0.783322  0.061886)
     Cl  24    Vzz=    3.2799    axis=( -0.639242 -0.547428  0.540086)
     Cl  24  Q=        -8.1650 1e-30 m^2  Cq=       -62.9239 MHz  eta= 0.74586

     Initialization:
     gipaw_setup  :      9.60s CPU     11.73s WALL (       1 calls)

     Linear response

     Apply operators

     Induced current

     Other routines
     efg          :     10.33s CPU     20.75s WALL (       1 calls)

     General routines
     calbec       :      3.30s CPU      4.44s WALL (      16 calls)
     fft          :      1.53s CPU      2.33s WALL (      15 calls)
     ffts         :      0.04s CPU      0.06s WALL (       2 calls)
     fftw         :      4.22s CPU      6.76s WALL (     672 calls)
     davcio       :      0.03s CPU      6.38s WALL (      32 calls)

     Parallel routines
     fft_scatter  :      3.12s CPU      6.25s WALL (     689 calls)

     Plugins

     GIPAW        :     62.40s CPU     84.35s WALL (       1 calls)
