
     Program QE v.6.0 (svn rev. 13079) starts on  9Jan2017 at  1:25:19 

     This program is part of the open-source Quantum ESPRESSO suite
     for quantum simulation of materials; please cite
         "P. Giannozzi et al., J. Phys.:Condens. Matter 21 395502 (2009);
          URL http://www.quantum-espresso.org", 
     in publications or presentations arising from this work. More details at
     http://www.quantum-espresso.org/quote

     Parallel version (MPI), running on     8 processors
     R & G space division:  proc/nbgrp/npool/nimage =       8

     ***** This is GIPAW svn revision unknown      *****

     Parallelizing q-star over 1 images

     Reading data from directory:
     /users/majewski/paradichlorobenzene/pbe/9_constraint/scratch/pbe.ecut100.np8.dt60.pcl2phi-129368.save
     Message from routine read_xml_file:
     file /users/majewski/paradichlorobenzene/pbe/9_constraint/scratch/pbe.ecut100.np8.dt60.pcl2phi-129368.save not guaranteed to be safe for post-processing

   Info: using nr1, nr2, nr3 values from input

   Info: using nr1, nr2, nr3 values from input

     IMPORTANT: XC functional enforced from input :
     Exchange-correlation      =  SLA  PW   PBX  PBC ( 1  4  3  4 0 0)
     Any further DFT definition will be discarded
     Please, verify this is what you really want

               file C.pbe-n-kjpaw_psl.1.0.0.UPF: wavefunction(s)  2S 2P renormalized
               file Cl.pbe-n-kjpaw_psl.1.0.0.UPF: wavefunction(s)  3S 3P renormalized
               file H.pbe-kjpaw_psl.1.0.0.UPF: wavefunction(s)  1S renormalized

     Parallelization info
     --------------------
     sticks:   dense  smooth     PW     G-vecs:    dense   smooth      PW
     Min        3057    1223    332               144436    36536    5170
     Max        3059    1225    333               144437    36537    5171
     Sum       24467    9791   2657              1155489   292295   41363


     Subspace diagonalization in iterative solution of the eigenvalue problem:
     a serial algorithm will be used

     GIPAW projectors -----------------------------------------------
     atom=  C    l=0  rc=    1.2000  rs=    0.8000
     atom=  C    l=0  rc=    1.2000  rs=    0.8000
     atom=  C    l=1  rc=    1.4000  rs=    0.9333
     atom=  C    l=1  rc=    1.4000  rs=    0.9333
     projs nearly linearly dependent: l=1  n1,n2= 1, 2  s=  0.99951561

     atom=  Cl   l=0  rc=    1.6000  rs=    1.0667
     atom=  Cl   l=0  rc=    1.6000  rs=    1.0667
     atom=  Cl   l=1  rc=    1.6000  rs=    1.0667
     atom=  Cl   l=1  rc=    1.6000  rs=    1.0667
     atom=  Cl   l=2  rc=    1.6000  rs=    1.0667
     atom=  Cl   l=2  rc=    1.6000  rs=    1.0667
     projs nearly linearly dependent: l=2  n1,n2= 1, 2  s=  0.99993509

     atom=  H    l=0  rc=    1.0000  rs=    0.6667
     atom=  H    l=0  rc=    1.0000  rs=    0.6667
     projs nearly linearly dependent: l=0  n1,n2= 1, 2  s=  0.99968852
     -----------------------------------------------------------------

     GIPAW integrals: -------------------------------------------
     Atom  i/j   nmr_para   nmr_dia   epr_rmc  epr_para   epr_dia
       C   1 1   0.83E+03  0.17E-01  0.93E+01  0.24E+08  0.24E+03
       C   2 1   0.86E+03 -0.61E-01  0.94E+01  0.25E+08  0.25E+03
       C   2 2   0.90E+03 -0.15E+00  0.97E+01  0.26E+08  0.26E+03
       C   3 3   0.33E+01  0.34E+00  0.18E+01  0.55E+03  0.21E+02
       C   4 3   0.35E+01  0.37E+00  0.20E+01  0.59E+03  0.22E+02
       C   4 4   0.38E+01  0.39E+00  0.22E+01  0.63E+03  0.24E+02
       Cl  1 1   0.14E+04 -0.47E+00  0.84E+01  0.32E+09  0.42E+03
       Cl  2 1   0.21E+04 -0.37E+00  0.12E+02  0.49E+09  0.65E+03
       Cl  2 2   0.33E+04 -0.16E+00  0.21E+02  0.76E+09  0.10E+04
       Cl  3 3   0.21E+02  0.79E-01  0.89E+01  0.23E+05  0.13E+03
       Cl  4 3   0.24E+02  0.67E-01  0.99E+01  0.27E+05  0.15E+03
       Cl  4 4   0.28E+02  0.44E-01  0.11E+02  0.32E+05  0.18E+03
       Cl  5 5   0.77E+00  0.19E+00  0.18E+01  0.12E+03  0.22E+02
       Cl  6 5   0.80E+00  0.19E+00  0.19E+01  0.12E+03  0.23E+02
       Cl  6 6   0.83E+00  0.20E+00  0.19E+01  0.12E+03  0.23E+02
       H   1 1   0.39E+02  0.19E+00  0.29E+00  0.78E+05  0.13E+02
       H   2 1   0.41E+02  0.21E+00  0.32E+00  0.82E+05  0.14E+02
       H   2 2   0.43E+02  0.22E+00  0.36E+00  0.86E+05  0.15E+02
     ------------------------------------------------------------

     alpha_pv=     34.2075 eV

     Number of occupied bands for each k-point:
     k-point:     1    nbnd_occ=  42
     k-point:     2    nbnd_occ=  42
     k-point:     3    nbnd_occ=  42
     k-point:     4    nbnd_occ=  42
     k-point:     5    nbnd_occ=  42
     k-point:     6    nbnd_occ=  42
     k-point:     7    nbnd_occ=  42
     k-point:     8    nbnd_occ=  42
     k-point:     9    nbnd_occ=  42
     k-point:    10    nbnd_occ=  42
     k-point:    11    nbnd_occ=  42
     k-point:    12    nbnd_occ=  42
     k-point:    13    nbnd_occ=  42
     k-point:    14    nbnd_occ=  42
     k-point:    15    nbnd_occ=  42
     k-point:    16    nbnd_occ=  42


     q-space interpolation up to   110.00 Rydberg

     GIPAW job: efg                                                                             


     ELECTRIC FIELD GRADIENTS TENSORS IN Hartree/bohrradius^2:

     ----- bare term -----
     Cl   1       -0.044448        0.055662        0.038500
     Cl   1        0.055662       -0.019547        0.069334
     Cl   1        0.038500        0.069334        0.063995

     C    2       -0.060838        0.204450       -0.224798
     C    2        0.204450       -0.006573       -0.676122
     C    2       -0.224798       -0.676122        0.067411

     C    3       -0.324464        0.186809       -0.144703
     C    3        0.186809        0.051067       -0.164709
     C    3       -0.144703       -0.164709        0.273397

     H    4       -0.272836       -0.476863        0.054091
     H    4       -0.476863       -0.039575        0.137690
     H    4        0.054091        0.137690        0.312412

     C    5       -0.043958        0.264733       -0.095977
     C    5        0.264733       -0.093837       -0.412415
     C    5       -0.095977       -0.412415        0.137795

     H    6        0.342134       -0.381223        0.033715
     H    6       -0.381223       -0.710977       -0.063884
     H    6        0.033715       -0.063884        0.368843

     H    7        0.424710        0.241631        0.117704
     H    7        0.241631       -0.558614        0.137236
     H    7        0.117704        0.137236        0.133904

     C    8       -0.636326       -0.324857       -0.491617
     C    8       -0.324857        0.096983       -0.037244
     C    8       -0.491617       -0.037244        0.539344

     H    9       -0.202988        0.084945       -0.561792
     H    9        0.084945        0.334662        0.007261
     H    9       -0.561792        0.007261       -0.131674

     C   10        0.011687        0.145079       -0.347714
     C   10        0.145079       -0.184984        0.584035
     C   10       -0.347714        0.584035        0.173296

     C   11       -0.375707       -0.345180       -0.247730
     C   11       -0.345180        0.006122        0.355920
     C   11       -0.247730        0.355920        0.369585

     Cl  12        0.244078       -0.016263       -0.039022
     Cl  12       -0.016263       -0.056338       -0.389007
     Cl  12       -0.039022       -0.389007       -0.187739

     H   13        0.350456       -0.309959        0.170014
     H   13       -0.309959       -0.538418       -0.092787
     H   13        0.170014       -0.092787        0.187962

     C   14       -0.722576        0.277270       -0.455347
     C   14        0.277270        0.067170       -0.072410
     C   14       -0.455347       -0.072410        0.655405

     H   15       -0.518206       -0.197660        0.175738
     H   15       -0.197660        0.403181       -0.186864
     H   15        0.175738       -0.186864        0.115025

     C   16        0.057600        0.291695       -0.001552
     C   16        0.291695       -0.634239       -0.367991
     C   16       -0.001552       -0.367991        0.576639

     C   17       -0.586268        0.295437       -0.363752
     C   17        0.295437        0.261756       -0.111728
     C   17       -0.363752       -0.111728        0.324512

     Cl  18       -0.105451        0.046377        0.077071
     Cl  18        0.046377       -0.053891        0.133583
     Cl  18        0.077071        0.133583        0.159342

     H   19        0.444254        0.023313       -0.045608
     H   19        0.023313       -0.747806       -0.120905
     H   19       -0.045608       -0.120905        0.303551

     C   20       -0.155781        0.250188       -0.350684
     C   20        0.250188        0.037541        0.540213
     C   20       -0.350684        0.540213        0.118240

     H   21       -0.032920        0.102648       -0.339540
     H   21        0.102648        0.023345        0.532603
     H   21       -0.339540        0.532603        0.009575

     C   22       -0.610651       -0.312500       -0.245652
     C   22       -0.312500        0.224801        0.156720
     C   22       -0.245652        0.156720        0.385849

     C   23        0.033578        0.307491       -0.431727
     C   23        0.307491       -0.275046        0.499821
     C   23       -0.431727        0.499821        0.241468

     Cl  24       -0.204323       -0.334611       -0.072956
     Cl  24       -0.334611       -0.063674       -0.021085
     Cl  24       -0.072956       -0.021085        0.267997

     ----- ionic term -----
     Cl   1        0.156273       -0.167114       -0.041038
     Cl   1       -0.167114       -0.012347        0.022189
     Cl   1       -0.041038        0.022189       -0.143926

     C    2        0.318139       -0.069277        0.082668
     C    2       -0.069277        0.139662        0.333984
     C    2        0.082668        0.333984       -0.457801

     C    3        0.217112       -0.148802        0.075192
     C    3       -0.148802        0.214754        0.358269
     C    3        0.075192        0.358269       -0.431866

     H    4        0.710058        0.453729        0.446014
     H    4        0.453729       -0.320741        0.221716
     H    4        0.446014        0.221716       -0.389317

     C    5        0.338975       -0.089559        0.148678
     C    5       -0.089559        0.107347        0.306904
     C    5        0.148678        0.306904       -0.446322

     H    6       -0.514934        0.137994        0.069821
     H    6        0.137994        0.779384        0.614540
     H    6        0.069821        0.614540       -0.264450

     H    7       -0.495671       -0.084025        0.049691
     H    7       -0.084025        0.919081       -0.472666
     H    7        0.049691       -0.472666       -0.423411

     C    8        0.261441        0.171075        0.352513
     C    8        0.171075        0.189405       -0.208754
     C    8        0.352513       -0.208754       -0.450846

     H    9        0.282473       -0.308323        0.754301
     H    9       -0.308323       -0.343832       -0.313712
     H    9        0.754301       -0.313712        0.061358

     C   10        0.057564        0.190142        0.303119
     C   10        0.190142        0.361392       -0.266326
     C   10        0.303119       -0.266326       -0.418956

     C   11        0.100919        0.113743        0.412626
     C   11        0.113743        0.284764       -0.278866
     C   11        0.412626       -0.278866       -0.385683

     Cl  12        0.130338        0.217264        0.061147
     Cl  12        0.217264        0.031543        0.036296
     Cl  12        0.061147        0.036296       -0.161881

     H   13       -0.502082        0.243053        0.069816
     H   13        0.243053        0.884562        0.495728
     H   13        0.069816        0.495728       -0.382480

     C   14        0.310101       -0.118118        0.081180
     C   14       -0.118118        0.210285        0.263309
     C   14        0.081180        0.263309       -0.520386

     H   15        0.856488        0.369125        0.406503
     H   15        0.369125       -0.358833        0.174291
     H   15        0.406503        0.174291       -0.497655

     C   16        0.190012       -0.211004        0.064845
     C   16       -0.211004        0.339890        0.359682
     C   16        0.064845        0.359682       -0.529902

     C   17        0.256247       -0.070713        0.160856
     C   17       -0.070713        0.238940        0.371839
     C   17        0.160856        0.371839       -0.495188

     Cl  18        0.160052       -0.206284       -0.022147
     Cl  18       -0.206284       -0.010443        0.021327
     Cl  18       -0.022147        0.021327       -0.149609

     H   19       -0.513246       -0.158252        0.075457
     H   19       -0.158252        0.915360       -0.464554
     H   19        0.075457       -0.464554       -0.402114

     C   20        0.200539        0.157907        0.389925
     C   20        0.157907        0.154884       -0.223960
     C   20        0.389925       -0.223960       -0.355423

     H   21        0.419014       -0.278580        0.770500
     H   21       -0.278580       -0.403894       -0.272531
     H   21        0.770500       -0.272531       -0.015120

     C   22        0.063396        0.193603        0.297557
     C   22        0.193603        0.313698       -0.328072
     C   22        0.297557       -0.328072       -0.377094

     C   23        0.129673        0.102305        0.339848
     C   23        0.102305        0.291881       -0.365271
     C   23        0.339848       -0.365271       -0.421554

     Cl  24        0.125066        0.192612        0.041679
     Cl  24        0.192612        0.042832        0.018669
     Cl  24        0.041679        0.018669       -0.167899

     ----- GIPAW term -----
     Cl   1        0.124960        0.397407       -1.165566
     Cl   1        0.397407        0.657051       -1.580525
     Cl   1       -1.165566       -1.580525       -0.782010

     C    2       -0.000365        0.073935       -0.088197
     C    2        0.073935        0.135807       -0.197953
     C    2       -0.088197       -0.197953       -0.135442

     C    3       -0.073922        0.080521       -0.067243
     C    3        0.080521        0.085079       -0.085600
     C    3       -0.067243       -0.085600       -0.011158

     H    4       -0.000000        0.000000        0.000000
     H    4        0.000000        0.000000        0.000000
     H    4        0.000000        0.000000        0.000000

     C    5       -0.035847        0.160288       -0.010296
     C    5        0.160288        0.158777       -0.109906
     C    5       -0.010296       -0.109906       -0.122930

     H    6       -0.000000        0.000000        0.000000
     H    6        0.000000        0.000000        0.000000
     H    6        0.000000        0.000000        0.000000

     H    7       -0.000000        0.000000        0.000000
     H    7        0.000000        0.000000        0.000000
     H    7        0.000000        0.000000        0.000000

     C    8       -0.093462        0.064702       -0.192821
     C    8        0.064702       -0.000653       -0.166744
     C    8       -0.192821       -0.166744        0.094116

     H    9       -0.000000        0.000000        0.000000
     H    9        0.000000        0.000000        0.000000
     H    9        0.000000        0.000000        0.000000

     C   10       -0.018672        0.193652       -0.105290
     C   10        0.193652        0.098203        0.027276
     C   10       -0.105290        0.027276       -0.079532

     C   11       -0.121768        0.011710       -0.027795
     C   11        0.011710        0.099083        0.195330
     C   11       -0.027795        0.195330        0.022685

     Cl  12       -0.089612        0.722458       -0.369035
     Cl  12        0.722458       -0.052990        0.936139
     Cl  12       -0.369035        0.936139        0.142602

     H   13       -0.000000        0.000000        0.000000
     H   13        0.000000        0.000000        0.000000
     H   13        0.000000        0.000000        0.000000

     C   14       -0.195593        0.015657       -0.120152
     C   14        0.015657       -0.040938        0.109691
     C   14       -0.120152        0.109691        0.236530

     H   15       -0.000000        0.000000        0.000000
     H   15        0.000000        0.000000        0.000000
     H   15        0.000000        0.000000        0.000000

     C   16       -0.097709        0.038552        0.043401
     C   16        0.038552       -0.148159        0.119505
     C   16        0.043401        0.119505        0.245869

     C   17       -0.097943        0.066478        0.021425
     C   17        0.066478        0.160802        0.148216
     C   17        0.021425        0.148216       -0.062859

     Cl  18       -0.067320       -1.405323        0.759967
     Cl  18       -1.405323       -0.498270        1.615689
     Cl  18        0.759967        1.615689        0.565590

     H   19       -0.000000        0.000000        0.000000
     H   19        0.000000        0.000000        0.000000
     H   19        0.000000        0.000000        0.000000

     C   20       -0.066032        0.155316       -0.005565
     C   20        0.155316        0.168662        0.182380
     C   20       -0.005565        0.182380       -0.102629

     H   21       -0.000000        0.000000        0.000000
     H   21        0.000000        0.000000        0.000000
     H   21        0.000000        0.000000        0.000000

     C   22       -0.156101        0.122252       -0.057555
     C   22        0.122252        0.238742       -0.053908
     C   22       -0.057555       -0.053908       -0.082641

     C   23       -0.021891        0.205419       -0.129442
     C   23        0.205419        0.014899       -0.107757
     C   23       -0.129442       -0.107757        0.006992

     Cl  24        0.008259        0.795709       -2.093151
     Cl  24        0.795709       -1.346591       -0.630085
     Cl  24       -2.093151       -0.630085        1.338332

     ----- total EFG -----
     Cl   1        0.236785        0.285955       -1.168104
     Cl   1        0.285955        0.625157       -1.489002
     Cl   1       -1.168104       -1.489002       -0.861942

     C    2        0.256937        0.209108       -0.230328
     C    2        0.209108        0.268896       -0.540091
     C    2       -0.230328       -0.540091       -0.525833

     C    3       -0.181274        0.118529       -0.136754
     C    3        0.118529        0.350900        0.107960
     C    3       -0.136754        0.107960       -0.169626

     H    4        0.437222       -0.023134        0.500105
     H    4       -0.023134       -0.360317        0.359406
     H    4        0.500105        0.359406       -0.076906

     C    5        0.259171        0.335463        0.042405
     C    5        0.335463        0.172286       -0.215417
     C    5        0.042405       -0.215417       -0.431457

     H    6       -0.172800       -0.243229        0.103536
     H    6       -0.243229        0.068408        0.550655
     H    6        0.103536        0.550655        0.104392

     H    7       -0.070960        0.157606        0.167394
     H    7        0.157606        0.360467       -0.335431
     H    7        0.167394       -0.335431       -0.289507

     C    8       -0.468347       -0.089080       -0.331925
     C    8       -0.089080        0.285734       -0.412742
     C    8       -0.331925       -0.412742        0.182613

     H    9        0.079485       -0.223378        0.192509
     H    9       -0.223378       -0.009170       -0.306452
     H    9        0.192509       -0.306452       -0.070316

     C   10        0.050580        0.528873       -0.149885
     C   10        0.528873        0.274612        0.344985
     C   10       -0.149885        0.344985       -0.325192

     C   11       -0.396556       -0.219727        0.137101
     C   11       -0.219727        0.389970        0.272384
     C   11        0.137101        0.272384        0.006586

     Cl  12        0.284804        0.923459       -0.346910
     Cl  12        0.923459       -0.077785        0.583429
     Cl  12       -0.346910        0.583429       -0.207019

     H   13       -0.151626       -0.066906        0.239830
     H   13       -0.066906        0.346143        0.402940
     H   13        0.239830        0.402940       -0.194518

     C   14       -0.608067        0.174809       -0.494320
     C   14        0.174809        0.236518        0.300590
     C   14       -0.494320        0.300590        0.371550

     H   15        0.338282        0.171465        0.582241
     H   15        0.171465        0.044348       -0.012574
     H   15        0.582241       -0.012574       -0.382629

     C   16        0.149903        0.119243        0.106693
     C   16        0.119243       -0.442509        0.111196
     C   16        0.106693        0.111196        0.292606

     C   17       -0.427964        0.291201       -0.181472
     C   17        0.291201        0.661499        0.408327
     C   17       -0.181472        0.408327       -0.233535

     Cl  18       -0.012719       -1.565229        0.814891
     Cl  18       -1.565229       -0.562605        1.770599
     Cl  18        0.814891        1.770599        0.575324

     H   19       -0.068991       -0.134940        0.029849
     H   19       -0.134940        0.167554       -0.585459
     H   19        0.029849       -0.585459       -0.098562

     C   20       -0.021275        0.563412        0.033676
     C   20        0.563412        0.361086        0.498633
     C   20        0.033676        0.498633       -0.339811

     H   21        0.386094       -0.175932        0.430960
     H   21       -0.175932       -0.380549        0.260072
     H   21        0.430960        0.260072       -0.005545

     C   22       -0.703356        0.003355       -0.005650
     C   22        0.003355        0.777241       -0.225259
     C   22       -0.005650       -0.225259       -0.073886

     C   23        0.141361        0.615214       -0.221322
     C   23        0.615214        0.031734        0.026793
     C   23       -0.221322        0.026793       -0.173095

     Cl  24       -0.070998        0.653711       -2.124428
     Cl  24        0.653711       -1.367433       -0.632500
     Cl  24       -2.124428       -0.632500        1.438430

     ----- total EFG (symmetrized) -----
     Cl   1        0.236785        0.285955       -1.168104
     Cl   1        0.285955        0.625157       -1.489002
     Cl   1       -1.168104       -1.489002       -0.861942

     C    2        0.256937        0.209108       -0.230328
     C    2        0.209108        0.268896       -0.540091
     C    2       -0.230328       -0.540091       -0.525833

     C    3       -0.181274        0.118529       -0.136754
     C    3        0.118529        0.350900        0.107960
     C    3       -0.136754        0.107960       -0.169626

     H    4        0.437222       -0.023134        0.500105
     H    4       -0.023134       -0.360317        0.359406
     H    4        0.500105        0.359406       -0.076906

     C    5        0.259171        0.335463        0.042405
     C    5        0.335463        0.172286       -0.215417
     C    5        0.042405       -0.215417       -0.431457

     H    6       -0.172800       -0.243229        0.103536
     H    6       -0.243229        0.068408        0.550655
     H    6        0.103536        0.550655        0.104392

     H    7       -0.070960        0.157606        0.167394
     H    7        0.157606        0.360467       -0.335431
     H    7        0.167394       -0.335431       -0.289507

     C    8       -0.468347       -0.089080       -0.331925
     C    8       -0.089080        0.285734       -0.412742
     C    8       -0.331925       -0.412742        0.182613

     H    9        0.079485       -0.223378        0.192509
     H    9       -0.223378       -0.009170       -0.306452
     H    9        0.192509       -0.306452       -0.070316

     C   10        0.050580        0.528873       -0.149885
     C   10        0.528873        0.274612        0.344985
     C   10       -0.149885        0.344985       -0.325192

     C   11       -0.396556       -0.219727        0.137101
     C   11       -0.219727        0.389970        0.272384
     C   11        0.137101        0.272384        0.006586

     Cl  12        0.284804        0.923459       -0.346910
     Cl  12        0.923459       -0.077785        0.583429
     Cl  12       -0.346910        0.583429       -0.207019

     H   13       -0.151626       -0.066906        0.239830
     H   13       -0.066906        0.346143        0.402940
     H   13        0.239830        0.402940       -0.194518

     C   14       -0.608067        0.174809       -0.494320
     C   14        0.174809        0.236518        0.300590
     C   14       -0.494320        0.300590        0.371550

     H   15        0.338282        0.171465        0.582241
     H   15        0.171465        0.044348       -0.012574
     H   15        0.582241       -0.012574       -0.382629

     C   16        0.149903        0.119243        0.106693
     C   16        0.119243       -0.442509        0.111196
     C   16        0.106693        0.111196        0.292606

     C   17       -0.427964        0.291201       -0.181472
     C   17        0.291201        0.661499        0.408327
     C   17       -0.181472        0.408327       -0.233535

     Cl  18       -0.012719       -1.565229        0.814891
     Cl  18       -1.565229       -0.562605        1.770599
     Cl  18        0.814891        1.770599        0.575324

     H   19       -0.068991       -0.134940        0.029849
     H   19       -0.134940        0.167554       -0.585459
     H   19        0.029849       -0.585459       -0.098562

     C   20       -0.021275        0.563412        0.033676
     C   20        0.563412        0.361086        0.498633
     C   20        0.033676        0.498633       -0.339811

     H   21        0.386094       -0.175932        0.430960
     H   21       -0.175932       -0.380549        0.260072
     H   21        0.430960        0.260072       -0.005545

     C   22       -0.703356        0.003355       -0.005650
     C   22        0.003355        0.777241       -0.225259
     C   22       -0.005650       -0.225259       -0.073886

     C   23        0.141361        0.615214       -0.221322
     C   23        0.615214        0.031734        0.026793
     C   23       -0.221322        0.026793       -0.173095

     Cl  24       -0.070998        0.653711       -2.124428
     Cl  24        0.653711       -1.367433       -0.632500
     Cl  24       -2.124428       -0.632500        1.438430


     NQR/NMR SPECTROSCOPIC PARAMETERS:
     Cl   1    Vxx=    0.1037    axis=(  0.802365 -0.594379 -0.054074)
     Cl   1    Vyy=    2.0098    axis=( -0.473099 -0.688639  0.549503)
     Cl   1    Vzz=   -2.1134    axis=( -0.363851 -0.415320 -0.833740)
     Cl   1  Q=        -8.1650 1e-30 m^2  Cq=        40.5454 MHz  eta= 0.90189

     C    2    Vxx=    0.0859    axis=(  0.838763 -0.524260  0.147066)
     C    2    Vyy=    0.7254    axis=( -0.533308 -0.736519  0.416081)
     C    2    Vzz=   -0.8113    axis=( -0.109817 -0.427424 -0.897356)
     C    2  Q=         1.0000 1e-30 m^2  Cq=        -1.9062 MHz  eta= 0.78835

     C    3    Vxx=   -0.0386    axis=(  0.688313 -0.008407 -0.725365)
     C    3    Vyy=   -0.3490    axis=( -0.705794  0.223225 -0.672329)
     C    3    Vzz=    0.3876    axis=( -0.167572 -0.974731 -0.147715)
     C    3  Q=         1.0000 1e-30 m^2  Cq=         0.9108 MHz  eta= 0.80081

     H    4    Vxx=   -0.0696    axis=(  0.490202 -0.692837 -0.528847)
     H    4    Vyy=   -0.6998    axis=(  0.298110  0.703428 -0.645228)
     H    4    Vzz=    0.7694    axis=(  0.819044  0.158637  0.551363)
     H    4  Q=         1.0000 1e-30 m^2  Cq=         1.8078 MHz  eta= 0.81905

     C    5    Vxx=   -0.0360    axis=( -0.656946  0.630273 -0.413736)
     C    5    Vyy=   -0.5309    axis=( -0.208069  0.375892  0.903002)
     C    5    Vzz=    0.5669    axis=(  0.724658  0.679310 -0.115800)
     C    5  Q=         1.0000 1e-30 m^2  Cq=         1.3319 MHz  eta= 0.87311

     H    6    Vxx=   -0.0419    axis=(  0.857361 -0.276550  0.434112)
     H    6    Vyy=   -0.6071    axis=(  0.499916  0.648198 -0.574389)
     H    6    Vzz=    0.6491    axis=( -0.122543  0.709478  0.693991)
     H    6  Q=         1.0000 1e-30 m^2  Cq=         1.5250 MHz  eta= 0.87083

     H    7    Vxx=    0.0190    axis=(  0.892205  0.030811  0.450578)
     H    7    Vyy=    0.5144    axis=( -0.147198 -0.923354  0.354613)
     H    7    Vzz=   -0.5334    axis=(  0.426969 -0.382712 -0.819286)
     H    7  Q=         1.0000 1e-30 m^2  Cq=        -1.2534 MHz  eta= 0.92869

     C    8    Vxx=    0.0044    axis=(  0.513661 -0.653288 -0.556208)
     C    8    Vyy=    0.6728    axis=( -0.146589 -0.705556  0.693327)
     C    8    Vzz=   -0.6772    axis=( -0.845378 -0.274601 -0.458182)
     C    8  Q=         1.0000 1e-30 m^2  Cq=        -1.5911 MHz  eta= 0.98710

     H    9    Vxx=   -0.1355    axis=(  0.807327  0.418670 -0.415860)
     H    9    Vyy=   -0.3479    axis=(  0.025089  0.679732  0.733032)
     H    9    Vzz=    0.4834    axis=( -0.589571  0.602229 -0.538262)
     H    9  Q=         1.0000 1e-30 m^2  Cq=         1.1358 MHz  eta= 0.43933

     C   10    Vxx=   -0.0382    axis=(  0.640676 -0.307031 -0.703752)
     C   10    Vyy=   -0.6964    axis=( -0.506291  0.520140 -0.687839)
     C   10    Vzz=    0.7346    axis=( -0.577238 -0.796985 -0.177794)
     C   10  Q=         1.0000 1e-30 m^2  Cq=         1.7261 MHz  eta= 0.89592

     C   11    Vxx=   -0.0147    axis=( -0.471258  0.301929 -0.828706)
     C   11    Vyy=   -0.5365    axis=( -0.869356 -0.317509  0.378694)
     C   11    Vzz=    0.5512    axis=( -0.148783  0.898903  0.412112)
     C   11  Q=         1.0000 1e-30 m^2  Cq=         1.2951 MHz  eta= 0.94670

     Cl  12    Vxx=    0.2100    axis=( -0.420505  0.348706  0.837604)
     Cl  12    Vyy=    1.0549    axis=( -0.745393 -0.659111 -0.099815)
     Cl  12    Vzz=   -1.2649    axis=(  0.517267 -0.666316  0.537082)
     Cl  12  Q=        -8.1650 1e-30 m^2  Cq=        24.2673 MHz  eta= 0.66792

     H   13    Vxx=   -0.0091    axis=(  0.851975 -0.314426  0.418658)
     H   13    Vyy=   -0.5564    axis=(  0.517169  0.380602 -0.766602)
     H   13    Vzz=    0.5654    axis=(  0.081698  0.869643  0.486875)
     H   13  Q=         1.0000 1e-30 m^2  Cq=         1.3286 MHz  eta= 0.96788

     C   14    Vxx=    0.1965    axis=(  0.396110  0.851479 -0.343629)
     C   14    Vyy=    0.6880    axis=( -0.260631  0.463113  0.847112)
     C   14    Vzz=   -0.8845    axis=(  0.880437 -0.245989  0.405365)
     C   14  Q=         1.0000 1e-30 m^2  Cq=        -2.0782 MHz  eta= 0.55561

     H   15    Vxx=    0.0242    axis=( -0.129474  0.967947 -0.215211)
     H   15    Vyy=    0.6947    axis=( -0.859689 -0.217733 -0.462090)
     H   15    Vzz=   -0.7189    axis=( -0.494137  0.125186  0.860324)
     H   15  Q=         1.0000 1e-30 m^2  Cq=        -1.6891 MHz  eta= 0.93265

     C   16    Vxx=    0.0973    axis=(  0.853983  0.082834 -0.513665)
     C   16    Vyy=    0.3789    axis=(  0.493029  0.186602  0.849766)
     C   16    Vzz=   -0.4762    axis=(  0.166240 -0.978937  0.118515)
     C   16  Q=         1.0000 1e-30 m^2  Cq=        -1.1189 MHz  eta= 0.59139

     C   17    Vxx=   -0.1543    axis=( -0.648185 -0.142986  0.747938)
     C   17    Vyy=   -0.7002    axis=( -0.743157  0.332973 -0.580386)
     C   17    Vzz=    0.8545    axis=(  0.166056  0.932032  0.322088)
     C   17  Q=         1.0000 1e-30 m^2  Cq=         2.0077 MHz  eta= 0.63878

     Cl  18    Vxx=    0.9823    axis=(  0.825473 -0.265410  0.498148)
     Cl  18    Vyy=    1.9274    axis=( -0.225027  0.654636  0.721675)
     Cl  18    Vzz=   -2.9097    axis=(  0.517645  0.707820 -0.480660)
     Cl  18  Q=        -8.1650 1e-30 m^2  Cq=        55.8203 MHz  eta= 0.32480

     H   19    Vxx=   -0.0828    axis=(  0.977876  0.055295 -0.201743)
     H   19    Vyy=   -0.5734    axis=(  0.122817  0.628935  0.767696)
     H   19    Vzz=    0.6562    axis=(  0.169333 -0.775489  0.608230)
     H   19  Q=         1.0000 1e-30 m^2  Cq=         1.5418 MHz  eta= 0.74770

     C   20    Vxx=   -0.2074    axis=(  0.759655 -0.214306 -0.614000)
     C   20    Vyy=   -0.7075    axis=( -0.421697  0.556416 -0.715941)
     C   20    Vzz=    0.9149    axis=(  0.495070  0.802791  0.332312)
     C   20  Q=         1.0000 1e-30 m^2  Cq=         2.1497 MHz  eta= 0.54656

     H   21    Vxx=   -0.0142    axis=(  0.405459 -0.650556 -0.642168)
     H   21    Vyy=   -0.6495    axis=(  0.355707  0.759421 -0.544750)
     H   21    Vzz=    0.6637    axis=( -0.842066  0.007550 -0.539322)
     H   21  Q=         1.0000 1e-30 m^2  Cq=         1.5594 MHz  eta= 0.95727

     C   22    Vxx=   -0.1298    axis=( -0.008150  0.241047  0.970479)
     C   22    Vyy=   -0.7034    axis=( -0.999962  0.000952 -0.008634)
     C   22    Vzz=    0.8332    axis=( -0.003005 -0.970513  0.241030)
     C   22  Q=         1.0000 1e-30 m^2  Cq=         1.9577 MHz  eta= 0.68846

     C   23    Vxx=   -0.1275    axis=( -0.140337  0.388900  0.910529)
     C   23    Vyy=   -0.6007    axis=( -0.654926  0.653232 -0.379947)
     C   23    Vzz=    0.7282    axis=( -0.742548 -0.649650  0.163028)
     C   23  Q=         1.0000 1e-30 m^2  Cq=         1.7110 MHz  eta= 0.64971

     Cl  24    Vxx=   -1.3918    axis=(  0.469600  0.718504  0.513058)
     Cl  24    Vyy=   -1.7248    axis=( -0.673089  0.667418 -0.318598)
     Cl  24    Vzz=    3.1166    axis=( -0.571337 -0.195720  0.797036)
     Cl  24  Q=        -8.1650 1e-30 m^2  Cq=       -59.7903 MHz  eta= 0.10683

     Initialization:
     gipaw_setup  :      9.02s CPU     11.17s WALL (       1 calls)

     Linear response

     Apply operators

     Induced current

     Other routines
     efg          :      9.48s CPU     11.82s WALL (       1 calls)

     General routines
     calbec       :      3.27s CPU      4.38s WALL (      16 calls)
     fft          :      1.56s CPU      2.51s WALL (      15 calls)
     ffts         :      0.04s CPU      0.05s WALL (       2 calls)
     fftw         :      3.35s CPU      3.87s WALL (     672 calls)
     davcio       :      0.04s CPU      0.33s WALL (      32 calls)

     Parallel routines
     fft_scatter  :      2.12s CPU      3.43s WALL (     689 calls)

     Plugins

     GIPAW        :     61.40s CPU     72.50s WALL (       1 calls)
