
     Program QE v.6.0 (svn rev. 13079) starts on 15Dec2016 at 22:11:34 

     This program is part of the open-source Quantum ESPRESSO suite
     for quantum simulation of materials; please cite
         "P. Giannozzi et al., J. Phys.:Condens. Matter 21 395502 (2009);
          URL http://www.quantum-espresso.org", 
     in publications or presentations arising from this work. More details at
     http://www.quantum-espresso.org/quote

     Parallel version (MPI), running on     8 processors
     R & G space division:  proc/nbgrp/npool/nimage =       8

     ***** This is GIPAW svn revision unknown      *****

     Parallelizing q-star over 1 images

     Reading data from directory:
     /users/majewski/paradichlorobenzene/pbe/9_constraint/scratch/pbe.ecut100.np8.dt60.pcl2phi-129368.save
     Message from routine read_xml_file:
     file /users/majewski/paradichlorobenzene/pbe/9_constraint/scratch/pbe.ecut100.np8.dt60.pcl2phi-129368.save not guaranteed to be safe for post-processing

   Info: using nr1, nr2, nr3 values from input

   Info: using nr1, nr2, nr3 values from input

     IMPORTANT: XC functional enforced from input :
     Exchange-correlation      =  SLA  PW   PBX  PBC ( 1  4  3  4 0 0)
     Any further DFT definition will be discarded
     Please, verify this is what you really want

               file C.pbe-n-kjpaw_psl.1.0.0.UPF: wavefunction(s)  2S 2P renormalized
               file Cl.pbe-n-kjpaw_psl.1.0.0.UPF: wavefunction(s)  3S 3P renormalized
               file H.pbe-kjpaw_psl.1.0.0.UPF: wavefunction(s)  1S renormalized

     Parallelization info
     --------------------
     sticks:   dense  smooth     PW     G-vecs:    dense   smooth      PW
     Min        3057    1223    332               144436    36536    5170
     Max        3059    1225    333               144437    36537    5171
     Sum       24467    9791   2657              1155489   292295   41363


     Subspace diagonalization in iterative solution of the eigenvalue problem:
     a serial algorithm will be used

     GIPAW projectors -----------------------------------------------
     atom=  C    l=0  rc=    1.2000  rs=    0.8000
     atom=  C    l=0  rc=    1.2000  rs=    0.8000
     atom=  C    l=1  rc=    1.4000  rs=    0.9333
     atom=  C    l=1  rc=    1.4000  rs=    0.9333
     projs nearly linearly dependent: l=1  n1,n2= 1, 2  s=  0.99951561

     atom=  Cl   l=0  rc=    1.6000  rs=    1.0667
     atom=  Cl   l=0  rc=    1.6000  rs=    1.0667
     atom=  Cl   l=1  rc=    1.6000  rs=    1.0667
     atom=  Cl   l=1  rc=    1.6000  rs=    1.0667
     atom=  Cl   l=2  rc=    1.6000  rs=    1.0667
     atom=  Cl   l=2  rc=    1.6000  rs=    1.0667
     projs nearly linearly dependent: l=2  n1,n2= 1, 2  s=  0.99993509

     atom=  H    l=0  rc=    1.0000  rs=    0.6667
     atom=  H    l=0  rc=    1.0000  rs=    0.6667
     projs nearly linearly dependent: l=0  n1,n2= 1, 2  s=  0.99968852
     -----------------------------------------------------------------

     GIPAW integrals: -------------------------------------------
     Atom  i/j   nmr_para   nmr_dia   epr_rmc  epr_para   epr_dia
       C   1 1   0.83E+03  0.17E-01  0.93E+01  0.24E+08  0.24E+03
       C   2 1   0.86E+03 -0.61E-01  0.94E+01  0.25E+08  0.25E+03
       C   2 2   0.90E+03 -0.15E+00  0.97E+01  0.26E+08  0.26E+03
       C   3 3   0.33E+01  0.34E+00  0.18E+01  0.55E+03  0.21E+02
       C   4 3   0.35E+01  0.37E+00  0.20E+01  0.59E+03  0.22E+02
       C   4 4   0.38E+01  0.39E+00  0.22E+01  0.63E+03  0.24E+02
       Cl  1 1   0.14E+04 -0.47E+00  0.84E+01  0.32E+09  0.42E+03
       Cl  2 1   0.21E+04 -0.37E+00  0.12E+02  0.49E+09  0.65E+03
       Cl  2 2   0.33E+04 -0.16E+00  0.21E+02  0.76E+09  0.10E+04
       Cl  3 3   0.21E+02  0.79E-01  0.89E+01  0.23E+05  0.13E+03
       Cl  4 3   0.24E+02  0.67E-01  0.99E+01  0.27E+05  0.15E+03
       Cl  4 4   0.28E+02  0.44E-01  0.11E+02  0.32E+05  0.18E+03
       Cl  5 5   0.77E+00  0.19E+00  0.18E+01  0.12E+03  0.22E+02
       Cl  6 5   0.80E+00  0.19E+00  0.19E+01  0.12E+03  0.23E+02
       Cl  6 6   0.83E+00  0.20E+00  0.19E+01  0.12E+03  0.23E+02
       H   1 1   0.39E+02  0.19E+00  0.29E+00  0.78E+05  0.13E+02
       H   2 1   0.41E+02  0.21E+00  0.32E+00  0.82E+05  0.14E+02
       H   2 2   0.43E+02  0.22E+00  0.36E+00  0.86E+05  0.15E+02
     ------------------------------------------------------------

     alpha_pv=     34.2591 eV

     Number of occupied bands for each k-point:
     k-point:     1    nbnd_occ=  42
     k-point:     2    nbnd_occ=  42
     k-point:     3    nbnd_occ=  42
     k-point:     4    nbnd_occ=  42
     k-point:     5    nbnd_occ=  42
     k-point:     6    nbnd_occ=  42
     k-point:     7    nbnd_occ=  42
     k-point:     8    nbnd_occ=  42
     k-point:     9    nbnd_occ=  42
     k-point:    10    nbnd_occ=  42
     k-point:    11    nbnd_occ=  42
     k-point:    12    nbnd_occ=  42
     k-point:    13    nbnd_occ=  42
     k-point:    14    nbnd_occ=  42
     k-point:    15    nbnd_occ=  42
     k-point:    16    nbnd_occ=  42


     q-space interpolation up to   110.00 Rydberg

     GIPAW job: efg                                                                             


     ELECTRIC FIELD GRADIENTS TENSORS IN Hartree/bohrradius^2:

     ----- bare term -----
     Cl   1        0.372619        0.035497       -0.153515
     Cl   1        0.035497        0.361153       -0.314900
     Cl   1       -0.153515       -0.314900       -0.733773

     C    2       -0.777083        0.259952       -0.258002
     C    2        0.259952        0.221446       -0.052963
     C    2       -0.258002       -0.052963        0.555636

     C    3        0.061602       -0.125358       -0.268550
     C    3       -0.125358       -0.387819       -0.449845
     C    3       -0.268550       -0.449845        0.326217

     H    4       -0.511445        0.189818       -0.014407
     H    4        0.189818        0.158395       -0.337836
     H    4       -0.014407       -0.337836        0.353050

     C    5       -0.519942        0.297876       -0.190028
     C    5        0.297876        0.150819       -0.217453
     C    5       -0.190028       -0.217453        0.369123

     H    6        0.013464        0.024866       -0.371987
     H    6        0.024866       -0.167521       -0.436816
     H    6       -0.371987       -0.436816        0.154057

     H    7        0.089967        0.317223       -0.050553
     H    7        0.317223       -0.403952        0.397164
     H    7       -0.050553        0.397164        0.313986

     C    8       -0.391040       -0.279117       -0.362793
     C    8       -0.279117       -0.095366        0.375705
     C    8       -0.362793        0.375705        0.486406

     H    9       -0.383314        0.191637       -0.531589
     H    9        0.191637        0.322070        0.179099
     H    9       -0.531589        0.179099        0.061244

     C   10       -0.049230       -0.412897       -0.138888
     C   10       -0.412897       -0.333968        0.529932
     C   10       -0.138888        0.529932        0.383198

     C   11       -0.138176        0.164602       -0.368891
     C   11        0.164602       -0.083651        0.510304
     C   11       -0.368891        0.510304        0.221827

     Cl  12        0.025024       -0.212783        0.025528
     Cl  12       -0.212783       -0.016320       -0.021329
     Cl  12        0.025528       -0.021329       -0.008705

     H   13       -0.040496       -0.251221       -0.375738
     H   13       -0.251221       -0.040451       -0.391371
     H   13       -0.375738       -0.391371        0.080946

     C   14        0.009937        0.543651        0.081679
     C   14        0.543651       -0.434431       -0.348885
     C   14        0.081679       -0.348885        0.424494

     H   15       -0.694095       -0.286997        0.003448
     H   15       -0.286997        0.408790       -0.094903
     H   15        0.003448       -0.094903        0.285306

     C   16       -0.073150        0.145924       -0.426255
     C   16        0.145924       -0.231878       -0.502570
     C   16       -0.426255       -0.502570        0.305027

     C   17       -0.299009       -0.194106       -0.289395
     C   17       -0.194106       -0.075028       -0.619010
     C   17       -0.289395       -0.619010        0.374037

     Cl  18       -0.155788        0.133793        0.114406
     Cl  18        0.133793       -0.123577        0.016191
     Cl  18        0.114406        0.016191        0.279365

     H   19        0.434128       -0.005973       -0.113385
     H   19       -0.005973        0.129604        0.173498
     H   19       -0.113385        0.173498       -0.563731

     C   20       -0.206547       -0.271782       -0.010211
     C   20       -0.271782       -0.017046        0.254174
     C   20       -0.010211        0.254174        0.223593

     H   21        0.171194        0.012788       -0.296625
     H   21        0.012788        0.228176       -0.227733
     H   21       -0.296625       -0.227733       -0.399370

     C   22        0.239220       -0.065206       -0.022760
     C   22       -0.065206       -0.090405        0.106635
     C   22       -0.022760        0.106635       -0.148816

     C   23       -0.313976       -0.249859       -0.423046
     C   23       -0.249859       -0.009115        0.481179
     C   23       -0.423046        0.481179        0.323091

     Cl  24       -0.000985       -0.071777       -0.066563
     Cl  24       -0.071777        0.017317        0.041338
     Cl  24       -0.066563        0.041338       -0.016332

     ----- ionic term -----
     Cl   1        0.081977       -0.195326       -0.076970
     Cl   1       -0.195326        0.021834        0.066034
     Cl   1       -0.076970        0.066034       -0.103811

     C    2        0.218134       -0.121848        0.104487
     C    2       -0.121848        0.059154        0.451196
     C    2        0.104487        0.451196       -0.277289

     C    3        0.201572       -0.205975        0.082675
     C    3       -0.205975        0.099096        0.418601
     C    3        0.082675        0.418601       -0.300668

     H    4        0.868680        0.151108        0.530614
     H    4        0.151108       -0.518571        0.130161
     H    4        0.530614        0.130161       -0.350110

     C    5        0.353937       -0.155209        0.158763
     C    5       -0.155209       -0.002599        0.342604
     C    5        0.158763        0.342604       -0.351338

     H    6       -0.499010        0.234967        0.165816
     H    6        0.234967        0.571949        0.775599
     H    6        0.165816        0.775599       -0.072939

     H    7       -0.470532       -0.253987        0.158225
     H    7       -0.253987        0.630453       -0.683084
     H    7        0.158225       -0.683084       -0.159921

     C    8        0.220230        0.235348        0.346524
     C    8        0.235348        0.072062       -0.259831
     C    8        0.346524       -0.259831       -0.292292

     H    9        0.570414       -0.288919        0.707960
     H    9       -0.288919       -0.417365       -0.256787
     H    9        0.707960       -0.256787       -0.153049

     C   10        0.040841        0.259772        0.242931
     C   10        0.259772        0.232183       -0.420582
     C   10        0.242931       -0.420582       -0.273024

     C   11       -0.006822        0.227743        0.348180
     C   11        0.227743        0.123846       -0.403666
     C   11        0.348180       -0.403666       -0.117023

     Cl  12        0.107371        0.200896        0.020697
     Cl  12        0.200896        0.034771        0.004579
     Cl  12        0.020697        0.004579       -0.142142

     H   13       -0.393021        0.342263        0.251463
     H   13        0.342263        0.410367        0.734165
     H   13        0.251463        0.734165       -0.017346

     C   14        0.312696       -0.088450        0.165435
     C   14       -0.088450       -0.001197        0.331348
     C   14        0.165435        0.331348       -0.311500

     H   15        0.774246        0.306831        0.546685
     H   15        0.306831       -0.455100        0.202665
     H   15        0.546685        0.202665       -0.319146

     C   16        0.147762       -0.124833        0.125844
     C   16       -0.124833        0.127109        0.440224
     C   16        0.125844        0.440224       -0.274871

     C   17        0.271986       -0.115188        0.233610
     C   17       -0.115188        0.051723        0.386537
     C   17        0.233610        0.386537       -0.323709

     Cl  18        0.074600       -0.194999       -0.017711
     Cl  18       -0.194999        0.060360        0.025110
     Cl  18       -0.017711        0.025110       -0.134960

     H   19       -0.532778       -0.144282        0.147504
     H   19       -0.144282        0.314333       -0.793049
     H   19        0.147504       -0.793049        0.218446

     C   20        0.042703        0.223550        0.334305
     C   20        0.223550        0.010068       -0.284827
     C   20        0.334305       -0.284827       -0.052771

     H   21        0.342110       -0.118223        0.794704
     H   21       -0.118223       -0.495711       -0.187698
     H   21        0.794704       -0.187698        0.153601

     C   22       -0.066890        0.289860        0.221002
     C   22        0.289860        0.104521       -0.436876
     C   22        0.221002       -0.436876       -0.037631

     C   23        0.093650        0.253043        0.296020
     C   23        0.253043        0.004993       -0.434639
     C   23        0.296020       -0.434639       -0.098643

     Cl  24        0.092544        0.210392        0.006201
     Cl  24        0.210392        0.036993       -0.005430
     Cl  24        0.006201       -0.005430       -0.129537

     ----- GIPAW term -----
     Cl   1        0.398631       -0.418673       -0.206365
     Cl   1       -0.418673        0.233382       -0.038871
     Cl   1       -0.206365       -0.038871       -0.632013

     C    2       -0.168297        0.003460        0.033615
     C    2        0.003460        0.011567        0.169917
     C    2        0.033615        0.169917        0.156730

     C    3       -0.073102       -0.135170       -0.113345
     C    3       -0.135170        0.020318        0.144210
     C    3       -0.113345        0.144210        0.052785

     H    4       -0.000000        0.000000        0.000000
     H    4        0.000000        0.000000        0.000000
     H    4        0.000000        0.000000        0.000000

     C    5       -0.035147       -0.160652        0.007064
     C    5       -0.160652        0.134268       -0.017044
     C    5        0.007064       -0.017044       -0.099121

     H    6       -0.000000        0.000000        0.000000
     H    6        0.000000        0.000000        0.000000
     H    6        0.000000        0.000000        0.000000

     H    7       -0.000000        0.000000        0.000000
     H    7        0.000000        0.000000        0.000000
     H    7        0.000000        0.000000        0.000000

     C    8       -0.052743       -0.059419       -0.084612
     C    8       -0.059419       -0.048016        0.089969
     C    8       -0.084612        0.089969        0.100758

     H    9       -0.000000        0.000000        0.000000
     H    9        0.000000        0.000000        0.000000
     H    9        0.000000        0.000000        0.000000

     C   10       -0.005002       -0.110300       -0.004254
     C   10       -0.110300       -0.024925        0.057224
     C   10       -0.004254        0.057224        0.029926

     C   11        0.125740        0.161173        0.030252
     C   11        0.161173       -0.067254        0.070368
     C   11        0.030252        0.070368       -0.058486

     Cl  12        1.846496        0.730543        0.227211
     Cl  12        0.730543        0.030255       -0.185394
     Cl  12        0.227211       -0.185394       -1.876751

     H   13       -0.000000        0.000000        0.000000
     H   13        0.000000        0.000000        0.000000
     H   13        0.000000        0.000000        0.000000

     C   14        0.060750        0.213681        0.166083
     C   14        0.213681       -0.113574        0.046188
     C   14        0.166083        0.046188        0.052824

     H   15       -0.000000        0.000000        0.000000
     H   15        0.000000        0.000000        0.000000
     H   15        0.000000        0.000000        0.000000

     C   16        0.068918        0.042044       -0.198378
     C   16        0.042044       -0.082137       -0.099678
     C   16       -0.198378       -0.099678        0.013219

     C   17       -0.064923       -0.172885        0.021175
     C   17       -0.172885       -0.056144       -0.193180
     C   17        0.021175       -0.193180        0.121067

     Cl  18       -0.020768       -1.305148        1.305921
     Cl  18       -1.305148       -1.371210        0.198271
     Cl  18        1.305921        0.198271        1.391979

     H   19       -0.000000        0.000000        0.000000
     H   19        0.000000        0.000000        0.000000
     H   19        0.000000        0.000000        0.000000

     C   20       -0.084399       -0.017579        0.016386
     C   20       -0.017579       -0.042341        0.121184
     C   20        0.016386        0.121184        0.126740

     H   21       -0.000000        0.000000        0.000000
     H   21        0.000000        0.000000        0.000000
     H   21        0.000000        0.000000        0.000000

     C   22        0.004900        0.000495       -0.001364
     C   22        0.000495        0.019791        0.010976
     C   22       -0.001364        0.010976       -0.024692

     C   23       -0.084971       -0.010756       -0.117877
     C   23       -0.010756        0.079524        0.219457
     C   23       -0.117877        0.219457        0.005447

     Cl  24        0.153947        0.041095       -0.855515
     Cl  24        0.041095        1.717483        1.581482
     Cl  24       -0.855515        1.581482       -1.871431

     ----- total EFG -----
     Cl   1        0.853228       -0.578502       -0.436850
     Cl   1       -0.578502        0.616369       -0.287737
     Cl   1       -0.436850       -0.287737       -1.469597

     C    2       -0.727246        0.141563       -0.119900
     C    2        0.141563        0.292167        0.568150
     C    2       -0.119900        0.568150        0.435078

     C    3        0.190072       -0.466503       -0.299220
     C    3       -0.466503       -0.268406        0.112967
     C    3       -0.299220        0.112967        0.078334

     H    4        0.357235        0.340926        0.516207
     H    4        0.340926       -0.360176       -0.207675
     H    4        0.516207       -0.207675        0.002940

     C    5       -0.201153       -0.017985       -0.024201
     C    5       -0.017985        0.282488        0.108106
     C    5       -0.024201        0.108106       -0.081335

     H    6       -0.485547        0.259834       -0.206171
     H    6        0.259834        0.404429        0.338782
     H    6       -0.206171        0.338782        0.081118

     H    7       -0.380565        0.063235        0.107671
     H    7        0.063235        0.226501       -0.285920
     H    7        0.107671       -0.285920        0.154065

     C    8       -0.223552       -0.103189       -0.100881
     C    8       -0.103189       -0.071320        0.205844
     C    8       -0.100881        0.205844        0.294873

     H    9        0.187100       -0.097283        0.176371
     H    9       -0.097283       -0.095295       -0.077688
     H    9        0.176371       -0.077688       -0.091805

     C   10       -0.013391       -0.263424        0.099789
     C   10       -0.263424       -0.126710        0.166575
     C   10        0.099789        0.166575        0.140101

     C   11       -0.019258        0.553518        0.009542
     C   11        0.553518       -0.027059        0.177006
     C   11        0.009542        0.177006        0.046317

     Cl  12        1.978891        0.718657        0.273436
     Cl  12        0.718657        0.048706       -0.202144
     Cl  12        0.273436       -0.202144       -2.027598

     H   13       -0.433517        0.091042       -0.124274
     H   13        0.091042        0.369916        0.342795
     H   13       -0.124274        0.342795        0.063601

     C   14        0.383383        0.668882        0.413197
     C   14        0.668882       -0.549201        0.028651
     C   14        0.413197        0.028651        0.165818

     H   15        0.080151        0.019834        0.550132
     H   15        0.019834       -0.046311        0.107762
     H   15        0.550132        0.107762       -0.033840

     C   16        0.143530        0.063134       -0.498789
     C   16        0.063134       -0.186905       -0.162025
     C   16       -0.498789       -0.162025        0.043375

     C   17       -0.091946       -0.482179       -0.034609
     C   17       -0.482179       -0.079449       -0.425653
     C   17       -0.034609       -0.425653        0.171395

     Cl  18       -0.101957       -1.366353        1.402616
     Cl  18       -1.366353       -1.434427        0.239572
     Cl  18        1.402616        0.239572        1.536384

     H   19       -0.098650       -0.150255        0.034119
     H   19       -0.150255        0.443936       -0.619551
     H   19        0.034119       -0.619551       -0.345286

     C   20       -0.248244       -0.065811        0.340480
     C   20       -0.065811       -0.049319        0.090531
     C   20        0.340480        0.090531        0.297562

     H   21        0.513304       -0.105435        0.498079
     H   21       -0.105435       -0.267535       -0.415432
     H   21        0.498079       -0.415432       -0.245769

     C   22        0.177231        0.225149        0.196878
     C   22        0.225149        0.033908       -0.319264
     C   22        0.196878       -0.319264       -0.211139

     C   23       -0.305297       -0.007572       -0.244903
     C   23       -0.007572        0.075402        0.265997
     C   23       -0.244903        0.265997        0.229895

     Cl  24        0.245506        0.179710       -0.915877
     Cl  24        0.179710        1.771794        1.617390
     Cl  24       -0.915877        1.617390       -2.017300

     ----- total EFG (symmetrized) -----
     Cl   1        0.853228       -0.578502       -0.436850
     Cl   1       -0.578502        0.616369       -0.287737
     Cl   1       -0.436850       -0.287737       -1.469597

     C    2       -0.727246        0.141563       -0.119900
     C    2        0.141563        0.292167        0.568150
     C    2       -0.119900        0.568150        0.435078

     C    3        0.190072       -0.466503       -0.299220
     C    3       -0.466503       -0.268406        0.112967
     C    3       -0.299220        0.112967        0.078334

     H    4        0.357235        0.340926        0.516207
     H    4        0.340926       -0.360176       -0.207675
     H    4        0.516207       -0.207675        0.002940

     C    5       -0.201153       -0.017985       -0.024201
     C    5       -0.017985        0.282488        0.108106
     C    5       -0.024201        0.108106       -0.081335

     H    6       -0.485547        0.259834       -0.206171
     H    6        0.259834        0.404429        0.338782
     H    6       -0.206171        0.338782        0.081118

     H    7       -0.380565        0.063235        0.107671
     H    7        0.063235        0.226501       -0.285920
     H    7        0.107671       -0.285920        0.154065

     C    8       -0.223552       -0.103189       -0.100881
     C    8       -0.103189       -0.071320        0.205844
     C    8       -0.100881        0.205844        0.294873

     H    9        0.187100       -0.097283        0.176371
     H    9       -0.097283       -0.095295       -0.077688
     H    9        0.176371       -0.077688       -0.091805

     C   10       -0.013391       -0.263424        0.099789
     C   10       -0.263424       -0.126710        0.166575
     C   10        0.099789        0.166575        0.140101

     C   11       -0.019258        0.553518        0.009542
     C   11        0.553518       -0.027059        0.177006
     C   11        0.009542        0.177006        0.046317

     Cl  12        1.978891        0.718657        0.273436
     Cl  12        0.718657        0.048706       -0.202144
     Cl  12        0.273436       -0.202144       -2.027598

     H   13       -0.433517        0.091042       -0.124274
     H   13        0.091042        0.369916        0.342795
     H   13       -0.124274        0.342795        0.063601

     C   14        0.383383        0.668882        0.413197
     C   14        0.668882       -0.549201        0.028651
     C   14        0.413197        0.028651        0.165818

     H   15        0.080151        0.019834        0.550132
     H   15        0.019834       -0.046311        0.107762
     H   15        0.550132        0.107762       -0.033840

     C   16        0.143530        0.063134       -0.498789
     C   16        0.063134       -0.186905       -0.162025
     C   16       -0.498789       -0.162025        0.043375

     C   17       -0.091946       -0.482179       -0.034609
     C   17       -0.482179       -0.079449       -0.425653
     C   17       -0.034609       -0.425653        0.171395

     Cl  18       -0.101957       -1.366353        1.402616
     Cl  18       -1.366353       -1.434427        0.239572
     Cl  18        1.402616        0.239572        1.536384

     H   19       -0.098650       -0.150255        0.034119
     H   19       -0.150255        0.443936       -0.619551
     H   19        0.034119       -0.619551       -0.345286

     C   20       -0.248244       -0.065811        0.340480
     C   20       -0.065811       -0.049319        0.090531
     C   20        0.340480        0.090531        0.297562

     H   21        0.513304       -0.105435        0.498079
     H   21       -0.105435       -0.267535       -0.415432
     H   21        0.498079       -0.415432       -0.245769

     C   22        0.177231        0.225149        0.196878
     C   22        0.225149        0.033908       -0.319264
     C   22        0.196878       -0.319264       -0.211139

     C   23       -0.305297       -0.007572       -0.244903
     C   23       -0.007572        0.075402        0.265997
     C   23       -0.244903        0.265997        0.229895

     Cl  24        0.245506        0.179710       -0.915877
     Cl  24        0.179710        1.771794        1.617390
     Cl  24       -0.915877        1.617390       -2.017300


     NQR/NMR SPECTROSCOPIC PARAMETERS:
     Cl   1    Vxx=    0.2844    axis=(  0.576718  0.770998 -0.270110)
     Cl   1    Vyy=    1.3347    axis=(  0.789081 -0.611333 -0.060195)
     Cl   1    Vzz=   -1.6192    axis=(  0.211537  0.178423  0.960946)
     Cl   1  Q=        -8.1650 1e-30 m^2  Cq=        31.0633 MHz  eta= 0.64866

     C    2    Vxx=   -0.1495    axis=(  0.305648  0.713345 -0.630649)
     C    2    Vyy=   -0.7868    axis=( -0.952142  0.230579 -0.200647)
     C    2    Vzz=    0.9363    axis=(  0.002284  0.661795  0.749682)
     C    2  Q=         1.0000 1e-30 m^2  Cq=         2.1998 MHz  eta= 0.68072

     C    3    Vxx=   -0.0869    axis=(  0.347303 -0.351465  0.869398)
     C    3    Vyy=   -0.5660    axis=(  0.553614  0.825150  0.112422)
     C    3    Vzz=    0.6529    axis=( -0.756896  0.442266  0.481154)
     C    3  Q=         1.0000 1e-30 m^2  Cq=         1.5340 MHz  eta= 0.73390

     H    4    Vxx=   -0.0122    axis=(  0.295530  0.686192 -0.664683)
     H    4    Vyy=   -0.7385    axis=( -0.468463  0.710457  0.525160)
     H    4    Vzz=    0.7507    axis=( -0.832589 -0.156178 -0.531417)
     H    4  Q=         1.0000 1e-30 m^2  Cq=         1.7638 MHz  eta= 0.96755

     C    5    Vxx=   -0.1074    axis=( -0.191674 -0.270437  0.943464)
     C    5    Vyy=   -0.2059    axis=( -0.980371  0.007509 -0.197020)
     C    5    Vzz=    0.3133    axis=(  0.046197 -0.962708 -0.266567)
     C    5  Q=         1.0000 1e-30 m^2  Cq=         0.7361 MHz  eta= 0.31432

     H    6    Vxx=    0.0450    axis=( -0.491350 -0.382397  0.782527)
     H    6    Vyy=    0.6303    axis=( -0.110355 -0.863887 -0.491448)
     H    6    Vzz=   -0.6754    axis=( -0.863943  0.327829 -0.382271)
     H    6  Q=         1.0000 1e-30 m^2  Cq=        -1.5868 MHz  eta= 0.86668

     H    7    Vxx=   -0.0523    axis=( -0.348801 -0.631284 -0.692689)
     H    7    Vyy=   -0.4269    axis=( -0.936764  0.212383  0.278149)
     H    7    Vzz=    0.4792    axis=( -0.028476  0.745905 -0.665443)
     H    7  Q=         1.0000 1e-30 m^2  Cq=         1.1258 MHz  eta= 0.78174

     C    8    Vxx=   -0.1400    axis=( -0.407158  0.785412 -0.466208)
     C    8    Vyy=   -0.2757    axis=(  0.889581  0.456717 -0.007484)
     C    8    Vzz=    0.4157    axis=( -0.207046  0.417777  0.884644)
     C    8  Q=         1.0000 1e-30 m^2  Cq=         0.9767 MHz  eta= 0.32637

     H    9    Vxx=   -0.1197    axis=(  0.423325  0.868697 -0.257220)
     H    9    Vyy=   -0.1894    axis=( -0.300944  0.402624  0.864481)
     H    9    Vzz=    0.3091    axis=( -0.854535  0.288547 -0.431870)
     H    9  Q=         1.0000 1e-30 m^2  Cq=         0.7262 MHz  eta= 0.22547

     C   10    Vxx=    0.1778    axis=(  0.733871 -0.302058  0.608435)
     C   10    Vyy=    0.2294    axis=( -0.351744  0.597285  0.720782)
     C   10    Vzz=   -0.4072    axis=(  0.581127  0.742975 -0.332084)
     C   10  Q=         1.0000 1e-30 m^2  Cq=        -0.9568 MHz  eta= 0.12689

     C   11    Vxx=    0.0346    axis=( -0.308945 -0.046417  0.949947)
     C   11    Vyy=    0.5646    axis=( -0.668076 -0.700304 -0.251493)
     C   11    Vzz=   -0.5991    axis=(  0.676925 -0.712334  0.185345)
     C   11  Q=         1.0000 1e-30 m^2  Cq=        -1.4077 MHz  eta= 0.88461

     Cl  12    Vxx=   -0.1487    axis=( -0.299841  0.942893 -0.145080)
     Cl  12    Vyy=   -2.0774    axis=( -0.088575  0.123905  0.988333)
     Cl  12    Vzz=    2.2262    axis=(  0.949868  0.309193  0.046365)
     Cl  12  Q=        -8.1650 1e-30 m^2  Cq=       -42.7079 MHz  eta= 0.86639

     H   13    Vxx=   -0.0899    axis=( -0.408408 -0.492233  0.768707)
     H   13    Vyy=   -0.5024    axis=( -0.912757  0.228364 -0.338711)
     H   13    Vzz=    0.5923    axis=( -0.008820 -0.839974 -0.542555)
     H   13  Q=         1.0000 1e-30 m^2  Cq=         1.3916 MHz  eta= 0.69651

     C   14    Vxx=   -0.0002    axis=( -0.327594 -0.353412  0.876232)
     C   14    Vyy=   -0.9256    axis=( -0.489197  0.856862  0.162705)
     C   14    Vzz=    0.9259    axis=( -0.808312 -0.375349 -0.453591)
     C   14  Q=         1.0000 1e-30 m^2  Cq=         2.1754 MHz  eta= 0.99953

     H   15    Vxx=   -0.0491    axis=( -0.192484  0.981251  0.009853)
     H   15    Vyy=   -0.5391    axis=( -0.655545 -0.136052  0.742799)
     H   15    Vzz=    0.5882    axis=( -0.730212 -0.136518 -0.669442)
     H   15  Q=         1.0000 1e-30 m^2  Cq=         1.3821 MHz  eta= 0.83299

     C   16    Vxx=   -0.1899    axis=( -0.357818  0.925781 -0.122047)
     C   16    Vyy=   -0.4348    axis=(  0.596430  0.327151  0.732969)
     C   16    Vzz=    0.6248    axis=( -0.718497 -0.189477  0.669224)
     C   16  Q=         1.0000 1e-30 m^2  Cq=         1.4679 MHz  eta= 0.39194

     C   17    Vxx=    0.0839    axis=( -0.685611  0.199721  0.700035)
     C   17    Vyy=    0.6151    axis=(  0.426508 -0.669090  0.608612)
     C   17    Vzz=   -0.6989    axis=( -0.589939 -0.715842 -0.373553)
     C   17  Q=         1.0000 1e-30 m^2  Cq=        -1.6422 MHz  eta= 0.76006

     Cl  18    Vxx=    0.1205    axis=( -0.610433  0.613576  0.500895)
     Cl  18    Vyy=    2.4086    axis=(  0.539998 -0.140258  0.829897)
     Cl  18    Vzz=   -2.5291    axis=(  0.579459  0.777079 -0.245712)
     Cl  18  Q=        -8.1650 1e-30 m^2  Cq=        48.5186 MHz  eta= 0.90470

     H   19    Vxx=   -0.1198    axis=(  0.984141  0.105978 -0.142252)
     H   19    Vyy=   -0.6883    axis=(  0.073504  0.486202  0.870749)
     H   19    Vzz=    0.8081    axis=(  0.161443 -0.867396  0.470702)
     H   19  Q=         1.0000 1e-30 m^2  Cq=         1.8987 MHz  eta= 0.70360

     C   20    Vxx=   -0.0297    axis=(  0.269001 -0.963046 -0.013459)
     C   20    Vyy=   -0.4369    axis=(  0.866846  0.248174 -0.432421)
     C   20    Vzz=    0.4666    axis=(  0.419782  0.104655  0.901571)
     C   20  Q=         1.0000 1e-30 m^2  Cq=         1.0963 MHz  eta= 0.87282

     H   21    Vxx=   -0.0933    axis=(  0.491899  0.751286 -0.440006)
     H   21    Vyy=   -0.7427    axis=( -0.248896  0.605625  0.755823)
     H   21    Vzz=    0.8359    axis=(  0.834318 -0.262273  0.484898)
     H   21  Q=         1.0000 1e-30 m^2  Cq=         1.9641 MHz  eta= 0.77686

     C   22    Vxx=    0.2024    axis=( -0.548905  0.514643 -0.658670)
     C   22    Vyy=    0.3452    axis=( -0.747514 -0.654859  0.111277)
     C   22    Vzz=   -0.5475    axis=( -0.374067  0.553446  0.744158)
     C   22  Q=         1.0000 1e-30 m^2  Cq=        -1.2865 MHz  eta= 0.26076

     C   23    Vxx=   -0.0630    axis=( -0.394019 -0.819945  0.415258)
     C   23    Vyy=   -0.4198    axis=( -0.882741  0.211778 -0.419427)
     C   23    Vzz=    0.4828    axis=( -0.255965  0.531827  0.807243)
     C   23  Q=         1.0000 1e-30 m^2  Cq=         1.1344 MHz  eta= 0.73923

     Cl  24    Vxx=    0.5059    axis=(  0.956253  0.169175 -0.238662)
     Cl  24    Vyy=    2.3795    axis=( -0.075290  0.930667  0.358037)
     Cl  24    Vzz=   -2.8854    axis=(  0.282686 -0.324405  0.902691)
     Cl  24  Q=        -8.1650 1e-30 m^2  Cq=        55.3543 MHz  eta= 0.64934

     Initialization:
     gipaw_setup  :      7.26s CPU     13.42s WALL (       1 calls)

     Linear response

     Apply operators

     Induced current

     Other routines
     efg          :     11.62s CPU     18.63s WALL (       1 calls)

     General routines
     calbec       :      3.32s CPU      4.27s WALL (      16 calls)
     fft          :      1.53s CPU      2.35s WALL (      15 calls)
     ffts         :      0.04s CPU      0.06s WALL (       2 calls)
     fftw         :      5.42s CPU     10.81s WALL (     672 calls)
     davcio       :      0.04s CPU      0.35s WALL (      32 calls)

     Parallel routines
     fft_scatter  :      4.32s CPU      9.96s WALL (     689 calls)

     Plugins

     GIPAW        :     61.78s CPU     81.32s WALL (       1 calls)
