
     Program QE v.6.0 (svn rev. 13079) starts on 15Jan2017 at  2:37:53 

     This program is part of the open-source Quantum ESPRESSO suite
     for quantum simulation of materials; please cite
         "P. Giannozzi et al., J. Phys.:Condens. Matter 21 395502 (2009);
          URL http://www.quantum-espresso.org", 
     in publications or presentations arising from this work. More details at
     http://www.quantum-espresso.org/quote

     Parallel version (MPI), running on     8 processors
     R & G space division:  proc/nbgrp/npool/nimage =       8

     ***** This is GIPAW svn revision unknown      *****

     Parallelizing q-star over 1 images

     Reading data from directory:
     /users/majewski/paradichlorobenzene/pbe/9_constraint/scratch/pbe.ecut100.np8.dt60.pcl2phi-129368.save
     Message from routine read_xml_file:
     file /users/majewski/paradichlorobenzene/pbe/9_constraint/scratch/pbe.ecut100.np8.dt60.pcl2phi-129368.save not guaranteed to be safe for post-processing

   Info: using nr1, nr2, nr3 values from input

   Info: using nr1, nr2, nr3 values from input

     IMPORTANT: XC functional enforced from input :
     Exchange-correlation      =  SLA  PW   PBX  PBC ( 1  4  3  4 0 0)
     Any further DFT definition will be discarded
     Please, verify this is what you really want

               file C.pbe-n-kjpaw_psl.1.0.0.UPF: wavefunction(s)  2S 2P renormalized
               file Cl.pbe-n-kjpaw_psl.1.0.0.UPF: wavefunction(s)  3S 3P renormalized
               file H.pbe-kjpaw_psl.1.0.0.UPF: wavefunction(s)  1S renormalized

     Parallelization info
     --------------------
     sticks:   dense  smooth     PW     G-vecs:    dense   smooth      PW
     Min        3057    1223    332               144436    36536    5170
     Max        3059    1225    333               144437    36537    5171
     Sum       24467    9791   2657              1155489   292295   41363


     Subspace diagonalization in iterative solution of the eigenvalue problem:
     a serial algorithm will be used

     GIPAW projectors -----------------------------------------------
     atom=  C    l=0  rc=    1.2000  rs=    0.8000
     atom=  C    l=0  rc=    1.2000  rs=    0.8000
     atom=  C    l=1  rc=    1.4000  rs=    0.9333
     atom=  C    l=1  rc=    1.4000  rs=    0.9333
     projs nearly linearly dependent: l=1  n1,n2= 1, 2  s=  0.99951561

     atom=  Cl   l=0  rc=    1.6000  rs=    1.0667
     atom=  Cl   l=0  rc=    1.6000  rs=    1.0667
     atom=  Cl   l=1  rc=    1.6000  rs=    1.0667
     atom=  Cl   l=1  rc=    1.6000  rs=    1.0667
     atom=  Cl   l=2  rc=    1.6000  rs=    1.0667
     atom=  Cl   l=2  rc=    1.6000  rs=    1.0667
     projs nearly linearly dependent: l=2  n1,n2= 1, 2  s=  0.99993509

     atom=  H    l=0  rc=    1.0000  rs=    0.6667
     atom=  H    l=0  rc=    1.0000  rs=    0.6667
     projs nearly linearly dependent: l=0  n1,n2= 1, 2  s=  0.99968852
     -----------------------------------------------------------------

     GIPAW integrals: -------------------------------------------
     Atom  i/j   nmr_para   nmr_dia   epr_rmc  epr_para   epr_dia
       C   1 1   0.83E+03  0.17E-01  0.93E+01  0.24E+08  0.24E+03
       C   2 1   0.86E+03 -0.61E-01  0.94E+01  0.25E+08  0.25E+03
       C   2 2   0.90E+03 -0.15E+00  0.97E+01  0.26E+08  0.26E+03
       C   3 3   0.33E+01  0.34E+00  0.18E+01  0.55E+03  0.21E+02
       C   4 3   0.35E+01  0.37E+00  0.20E+01  0.59E+03  0.22E+02
       C   4 4   0.38E+01  0.39E+00  0.22E+01  0.63E+03  0.24E+02
       Cl  1 1   0.14E+04 -0.47E+00  0.84E+01  0.32E+09  0.42E+03
       Cl  2 1   0.21E+04 -0.37E+00  0.12E+02  0.49E+09  0.65E+03
       Cl  2 2   0.33E+04 -0.16E+00  0.21E+02  0.76E+09  0.10E+04
       Cl  3 3   0.21E+02  0.79E-01  0.89E+01  0.23E+05  0.13E+03
       Cl  4 3   0.24E+02  0.67E-01  0.99E+01  0.27E+05  0.15E+03
       Cl  4 4   0.28E+02  0.44E-01  0.11E+02  0.32E+05  0.18E+03
       Cl  5 5   0.77E+00  0.19E+00  0.18E+01  0.12E+03  0.22E+02
       Cl  6 5   0.80E+00  0.19E+00  0.19E+01  0.12E+03  0.23E+02
       Cl  6 6   0.83E+00  0.20E+00  0.19E+01  0.12E+03  0.23E+02
       H   1 1   0.39E+02  0.19E+00  0.29E+00  0.78E+05  0.13E+02
       H   2 1   0.41E+02  0.21E+00  0.32E+00  0.82E+05  0.14E+02
       H   2 2   0.43E+02  0.22E+00  0.36E+00  0.86E+05  0.15E+02
     ------------------------------------------------------------

     alpha_pv=     34.4019 eV

     Number of occupied bands for each k-point:
     k-point:     1    nbnd_occ=  42
     k-point:     2    nbnd_occ=  42
     k-point:     3    nbnd_occ=  42
     k-point:     4    nbnd_occ=  42
     k-point:     5    nbnd_occ=  42
     k-point:     6    nbnd_occ=  42
     k-point:     7    nbnd_occ=  42
     k-point:     8    nbnd_occ=  42
     k-point:     9    nbnd_occ=  42
     k-point:    10    nbnd_occ=  42
     k-point:    11    nbnd_occ=  42
     k-point:    12    nbnd_occ=  42
     k-point:    13    nbnd_occ=  42
     k-point:    14    nbnd_occ=  42
     k-point:    15    nbnd_occ=  42
     k-point:    16    nbnd_occ=  42


     q-space interpolation up to   110.00 Rydberg

     GIPAW job: efg                                                                             


     ELECTRIC FIELD GRADIENTS TENSORS IN Hartree/bohrradius^2:

     ----- bare term -----
     Cl   1       -0.144933        0.116609        0.090681
     Cl   1        0.116609       -0.104536        0.043580
     Cl   1        0.090681        0.043580        0.249469

     C    2       -0.377020       -0.090289       -0.302238
     C    2       -0.090289       -0.077379       -0.534422
     C    2       -0.302238       -0.534422        0.454399

     C    3       -0.096226        0.137812       -0.307405
     C    3        0.137812       -0.279092       -0.533653
     C    3       -0.307405       -0.533653        0.375318

     H    4       -0.319294        0.097852       -0.529534
     H    4        0.097852        0.133811       -0.020138
     H    4       -0.529534       -0.020138        0.185483

     C    5       -0.086017        0.452306        0.022365
     C    5        0.452306       -0.412219       -0.384784
     C    5        0.022365       -0.384784        0.498236

     H    6        0.349119       -0.105369       -0.342541
     H    6       -0.105369       -0.009461       -0.455564
     H    6       -0.342541       -0.455564       -0.339658

     H    7        0.181502        0.079496       -0.171199
     H    7        0.079496       -0.368270        0.523285
     H    7       -0.171199        0.523285        0.186768

     C    8       -0.607775       -0.320730       -0.211859
     C    8       -0.320730        0.217111        0.322919
     C    8       -0.211859        0.322919        0.390665

     H    9       -0.324999       -0.236095       -0.462599
     H    9       -0.236095        0.033765        0.048210
     H    9       -0.462599        0.048210        0.291234

     C   10       -0.011655        0.075878       -0.279098
     C   10        0.075878       -0.076209        0.637704
     C   10       -0.279098        0.637704        0.087865

     C   11       -0.513903       -0.345894       -0.428335
     C   11       -0.345894        0.286901        0.257479
     C   11       -0.428335        0.257479        0.227001

     Cl  12       -0.025107       -0.122584        0.011331
     Cl  12       -0.122584        0.144237       -0.057812
     Cl  12        0.011331       -0.057812       -0.119129

     H   13        0.188371       -0.054489       -0.302995
     H   13       -0.054489       -0.229393       -0.471291
     H   13       -0.302995       -0.471291        0.041022

     C   14       -0.451221        0.327645       -0.101534
     C   14        0.327645        0.036659       -0.390956
     C   14       -0.101534       -0.390956        0.414562

     H   15       -0.476430        0.249898       -0.137436
     H   15        0.249898        0.100562       -0.334391
     H   15       -0.137436       -0.334391        0.375869

     C   16       -0.001105        0.011890       -0.251667
     C   16        0.011890       -0.200657       -0.520011
     C   16       -0.251667       -0.520011        0.201761

     C   17       -0.655906        0.344449       -0.370835
     C   17        0.344449        0.312304       -0.076083
     C   17       -0.370835       -0.076083        0.343601

     Cl  18        0.015151        0.022021       -0.005599
     Cl  18        0.022021       -0.054417       -0.012816
     Cl  18       -0.005599       -0.012816        0.039267

     H   19        0.262139        0.238997       -0.265267
     H   19        0.238997       -0.260010        0.549820
     H   19       -0.265267        0.549820       -0.002129

     C   20       -0.201402       -0.241898       -0.227623
     C   20       -0.241898       -0.217552        0.390442
     C   20       -0.227623        0.390442        0.418954

     H   21        0.007241        0.088463       -0.459380
     H   21        0.088463        0.335045       -0.159093
     H   21       -0.459380       -0.159093       -0.342286

     C   22       -0.198743       -0.404001       -0.322110
     C   22       -0.404001       -0.248247        0.437233
     C   22       -0.322110        0.437233        0.446990

     C   23        0.028690        0.328169       -0.475948
     C   23        0.328169       -0.137568        0.615072
     C   23       -0.475948        0.615072        0.108878

     Cl  24       -0.032963       -0.123389       -0.025900
     Cl  24       -0.123389       -0.042656        0.008949
     Cl  24       -0.025900        0.008949        0.075618

     ----- ionic term -----
     Cl   1        0.090701       -0.205903       -0.023397
     Cl   1       -0.205903        0.048062        0.030966
     Cl   1       -0.023397        0.030966       -0.138763

     C    2        0.210982       -0.164244        0.225898
     C    2       -0.164244        0.053682        0.437718
     C    2        0.225898        0.437718       -0.264664

     C    3        0.069631       -0.246755        0.164451
     C    3       -0.246755        0.116530        0.449491
     C    3        0.164451        0.449491       -0.186162

     H    4        0.553141        0.086230        0.750858
     H    4        0.086230       -0.531998        0.141639
     H    4        0.750858        0.141639       -0.021143

     C    5        0.219376       -0.226573        0.217239
     C    5       -0.226573        0.007674        0.333756
     C    5        0.217239        0.333756       -0.227050

     H    6       -0.532119        0.117630        0.117070
     H    6        0.117630        0.414713        0.809597
     H    6        0.117070        0.809597        0.117406

     H    7       -0.502738       -0.203268        0.104446
     H    7       -0.203268        0.741139       -0.641825
     H    7        0.104446       -0.641825       -0.238400

     C    8        0.250409        0.159912        0.324564
     C    8        0.159912        0.040990       -0.306553
     C    8        0.324564       -0.306553       -0.291399

     H    9        0.657325       -0.210154        0.682342
     H    9       -0.210154       -0.461515       -0.188096
     H    9        0.682342       -0.188096       -0.195811

     C   10        0.140436        0.206028        0.214948
     C   10        0.206028        0.179658       -0.384238
     C   10        0.214948       -0.384238       -0.320094

     C   11        0.166087        0.193235        0.338149
     C   11        0.193235        0.108761       -0.386325
     C   11        0.338149       -0.386325       -0.274848

     Cl  12        0.124548        0.222876        0.000524
     Cl  12        0.222876        0.025610       -0.011231
     Cl  12        0.000524       -0.011231       -0.150158

     H   13       -0.498805        0.192516        0.102037
     H   13        0.192516        0.638868        0.712246
     H   13        0.102037        0.712246       -0.140063

     C   14        0.302876       -0.166743        0.190125
     C   14       -0.166743        0.050809        0.329618
     C   14        0.190125        0.329618       -0.353684

     H   15        0.867464        0.142994        0.515214
     H   15        0.142994       -0.470612        0.130532
     H   15        0.515214        0.130532       -0.396852

     C   16        0.183040       -0.232856        0.111277
     C   16       -0.232856        0.173776        0.394443
     C   16        0.111277        0.394443       -0.356817

     C   17        0.150854       -0.208163        0.272100
     C   17       -0.208163        0.147642        0.364000
     C   17        0.272100        0.364000       -0.298496

     Cl  18        0.077744       -0.215474       -0.003222
     Cl  18       -0.215474        0.067957        0.015653
     Cl  18       -0.003222        0.015653       -0.145701

     H   19       -0.498081       -0.213614        0.159361
     H   19       -0.213614        0.573453       -0.726688
     H   19        0.159361       -0.726688       -0.075373

     C   20        0.189414        0.221534        0.355524
     C   20        0.221534        0.079976       -0.276939
     C   20        0.355524       -0.276939       -0.269390

     H   21        0.495534       -0.075359        0.788981
     H   21       -0.075359       -0.520899       -0.142271
     H   21        0.788981       -0.142271        0.025365

     C   22        0.020217        0.309059        0.256354
     C   22        0.309059        0.167976       -0.408315
     C   22        0.256354       -0.408315       -0.188194

     C   23        0.147007        0.157913        0.351738
     C   23        0.157913        0.024016       -0.465758
     C   23        0.351738       -0.465758       -0.171024

     Cl  24        0.121708        0.190993        0.006082
     Cl  24        0.190993        0.012885       -0.006848
     Cl  24        0.006082       -0.006848       -0.134593

     ----- GIPAW term -----
     Cl   1       -0.242471       -1.191926        1.226710
     Cl   1       -1.191926       -1.393534        0.595668
     Cl   1        1.226710        0.595668        1.636006

     C    2       -0.087027       -0.138134       -0.014004
     C    2       -0.138134       -0.082604       -0.140984
     C    2       -0.014004       -0.140984        0.169631

     C    3       -0.022132       -0.027766       -0.103337
     C    3       -0.027766       -0.036415       -0.060816
     C    3       -0.103337       -0.060816        0.058548

     H    4       -0.000000        0.000000        0.000000
     H    4        0.000000        0.000000        0.000000
     H    4        0.000000        0.000000        0.000000

     C    5        0.043231        0.128901        0.152793
     C    5        0.128901       -0.176543       -0.022230
     C    5        0.152793       -0.022230        0.133312

     H    6       -0.000000        0.000000        0.000000
     H    6        0.000000        0.000000        0.000000
     H    6        0.000000        0.000000        0.000000

     H    7       -0.000000        0.000000        0.000000
     H    7        0.000000        0.000000        0.000000
     H    7        0.000000        0.000000        0.000000

     C    8       -0.147623        0.050454        0.015294
     C    8        0.050454        0.174704        0.104754
     C    8        0.015294        0.104754       -0.027081

     H    9       -0.000000        0.000000        0.000000
     H    9        0.000000        0.000000        0.000000
     H    9        0.000000        0.000000        0.000000

     C   10       -0.090939        0.142998       -0.051736
     C   10        0.142998        0.217382        0.077715
     C   10       -0.051736        0.077715       -0.126443

     C   11       -0.102740       -0.062526       -0.064635
     C   11       -0.062526        0.256061        0.021199
     C   11       -0.064635        0.021199       -0.153321

     Cl  12        0.673248        0.540147        0.167323
     Cl  12        0.540147        1.878306       -0.575449
     Cl  12        0.167323       -0.575449       -2.551554

     H   13       -0.000000        0.000000        0.000000
     H   13        0.000000        0.000000        0.000000
     H   13        0.000000        0.000000        0.000000

     C   14       -0.070448       -0.065522        0.074402
     C   14       -0.065522        0.060210       -0.145421
     C   14        0.074402       -0.145421        0.010238

     H   15       -0.000000        0.000000        0.000000
     H   15        0.000000        0.000000        0.000000
     H   15        0.000000        0.000000        0.000000

     C   16       -0.100927       -0.094792       -0.066993
     C   16       -0.094792        0.160921        0.067327
     C   16       -0.066993        0.067327       -0.059994

     C   17       -0.136506        0.063401        0.003902
     C   17        0.063401        0.205596        0.157825
     C   17        0.003902        0.157825       -0.069089

     Cl  18        0.289721        0.346022        0.717974
     Cl  18        0.346022        1.446768        1.340740
     Cl  18        0.717974        1.340740       -1.736489

     H   19       -0.000000        0.000000        0.000000
     H   19        0.000000        0.000000        0.000000
     H   19        0.000000        0.000000        0.000000

     C   20       -0.050098       -0.056803       -0.009802
     C   20       -0.056803       -0.042491        0.007018
     C   20       -0.009802        0.007018        0.092590

     H   21       -0.000000        0.000000        0.000000
     H   21        0.000000        0.000000        0.000000
     H   21        0.000000        0.000000        0.000000

     C   22       -0.047633       -0.088574       -0.160213
     C   22       -0.088574       -0.084949        0.102633
     C   22       -0.160213        0.102633        0.132581

     C   23        0.149863        0.272997       -0.088117
     C   23        0.272997       -0.014259        0.084120
     C   23       -0.088117        0.084120       -0.135603

     Cl  24        1.527886        1.893934       -0.216753
     Cl  24        1.893934       -0.160237        0.047799
     Cl  24       -0.216753        0.047799       -1.367649

     ----- total EFG -----
     Cl   1       -0.296703       -1.281220        1.293993
     Cl   1       -1.281220       -1.450009        0.670214
     Cl   1        1.293993        0.670214        1.746712

     C    2       -0.253065       -0.392667       -0.090344
     C    2       -0.392667       -0.106301       -0.237688
     C    2       -0.090344       -0.237688        0.359366

     C    3       -0.048727       -0.136709       -0.246292
     C    3       -0.136709       -0.198977       -0.144978
     C    3       -0.246292       -0.144978        0.247704

     H    4        0.233847        0.184081        0.221323
     H    4        0.184081       -0.398187        0.121501
     H    4        0.221323        0.121501        0.164340

     C    5        0.176590        0.354634        0.392398
     C    5        0.354634       -0.581088       -0.073258
     C    5        0.392398       -0.073258        0.404498

     H    6       -0.183000        0.012261       -0.225472
     H    6        0.012261        0.405252        0.354033
     H    6       -0.225472        0.354033       -0.222251

     H    7       -0.321236       -0.123772       -0.066753
     H    7       -0.123772        0.372868       -0.118539
     H    7       -0.066753       -0.118539       -0.051632

     C    8       -0.504989       -0.110364        0.127999
     C    8       -0.110364        0.432804        0.121119
     C    8        0.127999        0.121119        0.072185

     H    9        0.332327       -0.446250        0.219743
     H    9       -0.446250       -0.427750       -0.139886
     H    9        0.219743       -0.139886        0.095424

     C   10        0.037842        0.424904       -0.115886
     C   10        0.424904        0.320831        0.331180
     C   10       -0.115886        0.331180       -0.358672

     C   11       -0.450555       -0.215186       -0.154821
     C   11       -0.215186        0.651723       -0.107647
     C   11       -0.154821       -0.107647       -0.201168

     Cl  12        0.772689        0.640439        0.179178
     Cl  12        0.640439        2.048153       -0.644492
     Cl  12        0.179178       -0.644492       -2.820841

     H   13       -0.310434        0.138027       -0.200958
     H   13        0.138027        0.409475        0.240955
     H   13       -0.200958        0.240955       -0.099041

     C   14       -0.218793        0.095380        0.162993
     C   14        0.095380        0.147678       -0.206759
     C   14        0.162993       -0.206759        0.071115

     H   15        0.391034        0.392892        0.377778
     H   15        0.392892       -0.370051       -0.203859
     H   15        0.377778       -0.203859       -0.020983

     C   16        0.081008       -0.315758       -0.207383
     C   16       -0.315758        0.134041       -0.058240
     C   16       -0.207383       -0.058240       -0.215050

     C   17       -0.641558        0.199687       -0.094832
     C   17        0.199687        0.665542        0.445742
     C   17       -0.094832        0.445742       -0.023984

     Cl  18        0.382615        0.152569        0.709154
     Cl  18        0.152569        1.460308        1.343578
     Cl  18        0.709154        1.343578       -1.842923

     H   19       -0.235942        0.025384       -0.105907
     H   19        0.025384        0.313444       -0.176867
     H   19       -0.105907       -0.176867       -0.077501

     C   20       -0.062086       -0.077167        0.118099
     C   20       -0.077167       -0.180068        0.120521
     C   20        0.118099        0.120521        0.242154

     H   21        0.502775        0.013105        0.329601
     H   21        0.013105       -0.185855       -0.301364
     H   21        0.329601       -0.301364       -0.316920

     C   22       -0.226158       -0.183515       -0.225969
     C   22       -0.183515       -0.165219        0.131551
     C   22       -0.225969        0.131551        0.391377

     C   23        0.325560        0.759080       -0.212328
     C   23        0.759080       -0.127811        0.233434
     C   23       -0.212328        0.233434       -0.197749

     Cl  24        1.616632        1.961538       -0.236572
     Cl  24        1.961538       -0.190008        0.049900
     Cl  24       -0.236572        0.049900       -1.426624

     ----- total EFG (symmetrized) -----
     Cl   1       -0.296703       -1.281220        1.293993
     Cl   1       -1.281220       -1.450009        0.670214
     Cl   1        1.293993        0.670214        1.746712

     C    2       -0.253065       -0.392667       -0.090344
     C    2       -0.392667       -0.106301       -0.237688
     C    2       -0.090344       -0.237688        0.359366

     C    3       -0.048727       -0.136709       -0.246292
     C    3       -0.136709       -0.198977       -0.144978
     C    3       -0.246292       -0.144978        0.247704

     H    4        0.233847        0.184081        0.221323
     H    4        0.184081       -0.398187        0.121501
     H    4        0.221323        0.121501        0.164340

     C    5        0.176590        0.354634        0.392398
     C    5        0.354634       -0.581088       -0.073258
     C    5        0.392398       -0.073258        0.404498

     H    6       -0.183000        0.012261       -0.225472
     H    6        0.012261        0.405252        0.354033
     H    6       -0.225472        0.354033       -0.222251

     H    7       -0.321236       -0.123772       -0.066753
     H    7       -0.123772        0.372868       -0.118539
     H    7       -0.066753       -0.118539       -0.051632

     C    8       -0.504989       -0.110364        0.127999
     C    8       -0.110364        0.432804        0.121119
     C    8        0.127999        0.121119        0.072185

     H    9        0.332327       -0.446250        0.219743
     H    9       -0.446250       -0.427750       -0.139886
     H    9        0.219743       -0.139886        0.095424

     C   10        0.037842        0.424904       -0.115886
     C   10        0.424904        0.320831        0.331180
     C   10       -0.115886        0.331180       -0.358672

     C   11       -0.450555       -0.215186       -0.154821
     C   11       -0.215186        0.651723       -0.107647
     C   11       -0.154821       -0.107647       -0.201168

     Cl  12        0.772689        0.640439        0.179178
     Cl  12        0.640439        2.048153       -0.644492
     Cl  12        0.179178       -0.644492       -2.820841

     H   13       -0.310434        0.138027       -0.200958
     H   13        0.138027        0.409475        0.240955
     H   13       -0.200958        0.240955       -0.099041

     C   14       -0.218793        0.095380        0.162993
     C   14        0.095380        0.147678       -0.206759
     C   14        0.162993       -0.206759        0.071115

     H   15        0.391034        0.392892        0.377778
     H   15        0.392892       -0.370051       -0.203859
     H   15        0.377778       -0.203859       -0.020983

     C   16        0.081008       -0.315758       -0.207383
     C   16       -0.315758        0.134041       -0.058240
     C   16       -0.207383       -0.058240       -0.215050

     C   17       -0.641558        0.199687       -0.094832
     C   17        0.199687        0.665542        0.445742
     C   17       -0.094832        0.445742       -0.023984

     Cl  18        0.382615        0.152569        0.709154
     Cl  18        0.152569        1.460308        1.343578
     Cl  18        0.709154        1.343578       -1.842923

     H   19       -0.235942        0.025384       -0.105907
     H   19        0.025384        0.313444       -0.176867
     H   19       -0.105907       -0.176867       -0.077501

     C   20       -0.062086       -0.077167        0.118099
     C   20       -0.077167       -0.180068        0.120521
     C   20        0.118099        0.120521        0.242154

     H   21        0.502775        0.013105        0.329601
     H   21        0.013105       -0.185855       -0.301364
     H   21        0.329601       -0.301364       -0.316920

     C   22       -0.226158       -0.183515       -0.225969
     C   22       -0.183515       -0.165219        0.131551
     C   22       -0.225969        0.131551        0.391377

     C   23        0.325560        0.759080       -0.212328
     C   23        0.759080       -0.127811        0.233434
     C   23       -0.212328        0.233434       -0.197749

     Cl  24        1.616632        1.961538       -0.236572
     Cl  24        1.961538       -0.190008        0.049900
     Cl  24       -0.236572        0.049900       -1.426624


     NQR/NMR SPECTROSCOPIC PARAMETERS:
     Cl   1    Vxx=    0.2818    axis=(  0.696943 -0.640472 -0.322594)
     Cl   1    Vyy=    2.3744    axis=(  0.430523  0.013925  0.902472)
     Cl   1    Vzz=   -2.6561    axis=( -0.573515 -0.767856  0.285443)
     Cl   1  Q=        -8.1650 1e-30 m^2  Cq=        50.9560 MHz  eta= 0.78785

     C    2    Vxx=    0.1607    axis=(  0.670522 -0.609023 -0.423664)
     C    2    Vyy=    0.4690    axis=( -0.139069  0.457757 -0.878134)
     C    2    Vzz=   -0.6296    axis=(  0.728739  0.647726  0.222240)
     C    2  Q=         1.0000 1e-30 m^2  Cq=        -1.4794 MHz  eta= 0.48964

     C    3    Vxx=   -0.0073    axis=(  0.678421 -0.684859  0.265921)
     C    3    Vyy=   -0.3862    axis=(  0.574973  0.720264  0.388106)
     C    3    Vzz=    0.3935    axis=( -0.457331 -0.110402  0.882417)
     C    3  Q=         1.0000 1e-30 m^2  Cq=         0.9245 MHz  eta= 0.96310

     H    4    Vxx=   -0.0234    axis=( -0.627604 -0.056532  0.776477)
     H    4    Vyy=   -0.4545    axis=( -0.223557  0.968443 -0.110187)
     H    4    Vzz=    0.4779    axis=( -0.745745 -0.242740 -0.620437)
     H    4  Q=         1.0000 1e-30 m^2  Cq=         1.1229 MHz  eta= 0.90209

     C    5    Vxx=    0.0441    axis=( -0.650286 -0.441311  0.618362)
     C    5    Vyy=    0.7195    axis=(  0.635325  0.130364  0.761162)
     C    5    Vzz=   -0.7636    axis=(  0.416521 -0.887834 -0.195603)
     C    5  Q=         1.0000 1e-30 m^2  Cq=        -1.7942 MHz  eta= 0.88443

     H    6    Vxx=   -0.0569    axis=(  0.833842  0.321554 -0.448676)
     H    6    Vyy=   -0.5169    axis=( -0.540163  0.307872 -0.783223)
     H    6    Vzz=    0.5739    axis=( -0.113714  0.895443  0.430409)
     H    6  Q=         1.0000 1e-30 m^2  Cq=         1.3484 MHz  eta= 0.80152

     H    7    Vxx=   -0.0512    axis=( -0.309644  0.171073  0.935337)
     H    7    Vyy=   -0.3672    axis=(  0.940302  0.201223  0.274484)
     H    7    Vzz=    0.4184    axis=(  0.141254 -0.964491  0.223168)
     H    7  Q=         1.0000 1e-30 m^2  Cq=         0.9831 MHz  eta= 0.75520

     C    8    Vxx=    0.0756    axis=(  0.252268 -0.239940  0.937438)
     C    8    Vyy=    0.4747    axis=( -0.073550  0.961213  0.265818)
     C    8    Vzz=   -0.5504    axis=( -0.964858 -0.136006  0.224836)
     C    8  Q=         1.0000 1e-30 m^2  Cq=        -1.2932 MHz  eta= 0.72517

     H    9    Vxx=   -0.0216    axis=( -0.401188  0.128423  0.906948)
     H    9    Vyy=   -0.6357    axis=( -0.408415 -0.911336 -0.051618)
     H    9    Vzz=    0.6572    axis=(  0.819905 -0.391120  0.418067)
     H    9  Q=         1.0000 1e-30 m^2  Cq=         1.5443 MHz  eta= 0.93431

     C   10    Vxx=   -0.0462    axis=( -0.736396  0.309756  0.601475)
     C   10    Vyy=   -0.6238    axis=(  0.434069 -0.465614  0.771225)
     C   10    Vzz=    0.6701    axis=(  0.518947  0.829008  0.208421)
     C   10  Q=         1.0000 1e-30 m^2  Cq=         1.5744 MHz  eta= 0.86200

     C   11    Vxx=   -0.1271    axis=( -0.434182  0.004545  0.900814)
     C   11    Vyy=   -0.5720    axis=(  0.884282  0.192912  0.425241)
     C   11    Vzz=    0.6990    axis=( -0.171845  0.981206 -0.087778)
     C   11  Q=         1.0000 1e-30 m^2  Cq=         1.6425 MHz  eta= 0.63639

     Cl  12    Vxx=    0.5548    axis=(  0.929996 -0.348801  0.115957)
     Cl  12    Vyy=    2.3686    axis=(  0.360513  0.927084 -0.102690)
     Cl  12    Vzz=   -2.9234    axis=( -0.071684  0.137305  0.987931)
     Cl  12  Q=        -8.1650 1e-30 m^2  Cq=        56.0843 MHz  eta= 0.62042

     H   13    Vxx=   -0.0102    axis=(  0.612534  0.232323 -0.755532)
     H   13    Vyy=   -0.4992    axis=( -0.787108  0.267000 -0.556032)
     H   13    Vzz=    0.5094    axis=( -0.072548 -0.935274 -0.346410)
     H   13  Q=         1.0000 1e-30 m^2  Cq=         1.1970 MHz  eta= 0.95991

     C   14    Vxx=    0.0344    axis=( -0.586402 -0.565267 -0.580178)
     C   14    Vyy=    0.3218    axis=(  0.067242 -0.747749  0.660568)
     C   14    Vzz=   -0.3562    axis=( -0.807224  0.348346  0.476491)
     C   14  Q=         1.0000 1e-30 m^2  Cq=        -0.8368 MHz  eta= 0.80677

     H   15    Vxx=    0.0366    axis=(  0.194350  0.583137 -0.788783)
     H   15    Vyy=    0.6765    axis=( -0.879885 -0.251828 -0.402971)
     H   15    Vzz=   -0.7131    axis=( -0.433625  0.772356  0.464150)
     H   15  Q=         1.0000 1e-30 m^2  Cq=        -1.6756 MHz  eta= 0.89723

     C   16    Vxx=   -0.0301    axis=( -0.434502 -0.596267  0.675036)
     C   16    Vyy=   -0.4102    axis=( -0.563939 -0.404275 -0.720093)
     C   16    Vzz=    0.4403    axis=( -0.702268  0.693561  0.160600)
     C   16  Q=         1.0000 1e-30 m^2  Cq=         1.0345 MHz  eta= 0.86318

     C   17    Vxx=   -0.1802    axis=( -0.339474 -0.374589  0.862810)
     C   17    Vyy=   -0.7166    axis=( -0.936247  0.222861 -0.271614)
     C   17    Vzz=    0.8968    axis=( -0.090543 -0.900009 -0.426363)
     C   17  Q=         1.0000 1e-30 m^2  Cq=         2.1071 MHz  eta= 0.59814

     Cl  18    Vxx=    0.4252    axis=(  0.947433 -0.296317  0.120693)
     Cl  18    Vyy=    2.0309    axis=(  0.237148  0.903577  0.356805)
     Cl  18    Vzz=   -2.4561    axis=( -0.214783 -0.309427  0.926350)
     Cl  18  Q=        -8.1650 1e-30 m^2  Cq=        47.1198 MHz  eta= 0.65374

     H   19    Vxx=   -0.0925    axis=(  0.508439 -0.370456 -0.777336)
     H   19    Vyy=   -0.2953    axis=( -0.855162 -0.111422 -0.506243)
     H   19    Vzz=    0.3878    axis=(  0.100928  0.922143 -0.373451)
     H   19  Q=         1.0000 1e-30 m^2  Cq=         0.9113 MHz  eta= 0.52291

     C   20    Vxx=   -0.0307    axis=(  0.836204 -0.533699 -0.126212)
     C   20    Vyy=   -0.2696    axis=(  0.479378  0.823098 -0.304476)
     C   20    Vzz=    0.3003    axis=(  0.266383  0.194101  0.944121)
     C   20  Q=         1.0000 1e-30 m^2  Cq=         0.7055 MHz  eta= 0.79577

     H   21    Vxx=   -0.0040    axis=(  0.293696  0.824087 -0.484379)
     H   21    Vyy=   -0.6253    axis=( -0.239413  0.553991  0.797355)
     H   21    Vzz=    0.6293    axis=(  0.925432 -0.118213  0.360002)
     H   21  Q=         1.0000 1e-30 m^2  Cq=         1.4786 MHz  eta= 0.98713

     C   22    Vxx=   -0.1217    axis=( -0.478129  0.776833 -0.409784)
     C   22    Vyy=   -0.3939    axis=(  0.809568  0.570731  0.137354)
     C   22    Vzz=    0.5155    axis=( -0.340578  0.266075  0.901782)
     C   22  Q=         1.0000 1e-30 m^2  Cq=         1.2113 MHz  eta= 0.52801

     C   23    Vxx=   -0.0463    axis=( -0.237065  0.367673  0.899231)
     C   23    Vyy=   -0.8457    axis=( -0.543718  0.716858 -0.436446)
     C   23    Vzz=    0.8920    axis=( -0.805090 -0.592395  0.029968)
     C   23  Q=         1.0000 1e-30 m^2  Cq=         2.0959 MHz  eta= 0.89613

     Cl  24    Vxx=   -1.2703    axis=( -0.348925  0.600326  0.719624)
     Cl  24    Vyy=   -1.6095    axis=(  0.410875 -0.592153  0.693208)
     Cl  24    Vzz=    2.8798    axis=( -0.842278 -0.537553  0.040042)
     Cl  24  Q=        -8.1650 1e-30 m^2  Cq=       -55.2467 MHz  eta= 0.11778

     Initialization:
     gipaw_setup  :      8.97s CPU     11.02s WALL (       1 calls)

     Linear response

     Apply operators

     Induced current

     Other routines
     efg          :      9.42s CPU     11.75s WALL (       1 calls)

     General routines
     calbec       :      3.25s CPU      4.30s WALL (      16 calls)
     fft          :      1.61s CPU      2.41s WALL (      15 calls)
     ffts         :      0.03s CPU      0.05s WALL (       2 calls)
     fftw         :      3.37s CPU      4.06s WALL (     672 calls)
     davcio       :      0.03s CPU      0.31s WALL (      32 calls)

     Parallel routines
     fft_scatter  :      2.24s CPU      3.60s WALL (     689 calls)

     Plugins

     GIPAW        :     61.03s CPU     72.56s WALL (       1 calls)
