
     Program QE v.6.0 (svn rev. 13079) starts on 12Jan2017 at 22:35:41 

     This program is part of the open-source Quantum ESPRESSO suite
     for quantum simulation of materials; please cite
         "P. Giannozzi et al., J. Phys.:Condens. Matter 21 395502 (2009);
          URL http://www.quantum-espresso.org", 
     in publications or presentations arising from this work. More details at
     http://www.quantum-espresso.org/quote

     Parallel version (MPI), running on     8 processors
     R & G space division:  proc/nbgrp/npool/nimage =       8

     ***** This is GIPAW svn revision unknown      *****

     Parallelizing q-star over 1 images

     Reading data from directory:
     /users/majewski/paradichlorobenzene/pbe/9_constraint/scratch/pbe.ecut100.np8.dt60.pcl2phi-129368.save
     Message from routine read_xml_file:
     file /users/majewski/paradichlorobenzene/pbe/9_constraint/scratch/pbe.ecut100.np8.dt60.pcl2phi-129368.save not guaranteed to be safe for post-processing

   Info: using nr1, nr2, nr3 values from input

   Info: using nr1, nr2, nr3 values from input

     IMPORTANT: XC functional enforced from input :
     Exchange-correlation      =  SLA  PW   PBX  PBC ( 1  4  3  4 0 0)
     Any further DFT definition will be discarded
     Please, verify this is what you really want

               file C.pbe-n-kjpaw_psl.1.0.0.UPF: wavefunction(s)  2S 2P renormalized
               file Cl.pbe-n-kjpaw_psl.1.0.0.UPF: wavefunction(s)  3S 3P renormalized
               file H.pbe-kjpaw_psl.1.0.0.UPF: wavefunction(s)  1S renormalized

     Parallelization info
     --------------------
     sticks:   dense  smooth     PW     G-vecs:    dense   smooth      PW
     Min        3057    1223    332               144436    36536    5170
     Max        3059    1225    333               144437    36537    5171
     Sum       24467    9791   2657              1155489   292295   41363


     Subspace diagonalization in iterative solution of the eigenvalue problem:
     a serial algorithm will be used

     GIPAW projectors -----------------------------------------------
     atom=  C    l=0  rc=    1.2000  rs=    0.8000
     atom=  C    l=0  rc=    1.2000  rs=    0.8000
     atom=  C    l=1  rc=    1.4000  rs=    0.9333
     atom=  C    l=1  rc=    1.4000  rs=    0.9333
     projs nearly linearly dependent: l=1  n1,n2= 1, 2  s=  0.99951561

     atom=  Cl   l=0  rc=    1.6000  rs=    1.0667
     atom=  Cl   l=0  rc=    1.6000  rs=    1.0667
     atom=  Cl   l=1  rc=    1.6000  rs=    1.0667
     atom=  Cl   l=1  rc=    1.6000  rs=    1.0667
     atom=  Cl   l=2  rc=    1.6000  rs=    1.0667
     atom=  Cl   l=2  rc=    1.6000  rs=    1.0667
     projs nearly linearly dependent: l=2  n1,n2= 1, 2  s=  0.99993509

     atom=  H    l=0  rc=    1.0000  rs=    0.6667
     atom=  H    l=0  rc=    1.0000  rs=    0.6667
     projs nearly linearly dependent: l=0  n1,n2= 1, 2  s=  0.99968852
     -----------------------------------------------------------------

     GIPAW integrals: -------------------------------------------
     Atom  i/j   nmr_para   nmr_dia   epr_rmc  epr_para   epr_dia
       C   1 1   0.83E+03  0.17E-01  0.93E+01  0.24E+08  0.24E+03
       C   2 1   0.86E+03 -0.61E-01  0.94E+01  0.25E+08  0.25E+03
       C   2 2   0.90E+03 -0.15E+00  0.97E+01  0.26E+08  0.26E+03
       C   3 3   0.33E+01  0.34E+00  0.18E+01  0.55E+03  0.21E+02
       C   4 3   0.35E+01  0.37E+00  0.20E+01  0.59E+03  0.22E+02
       C   4 4   0.38E+01  0.39E+00  0.22E+01  0.63E+03  0.24E+02
       Cl  1 1   0.14E+04 -0.47E+00  0.84E+01  0.32E+09  0.42E+03
       Cl  2 1   0.21E+04 -0.37E+00  0.12E+02  0.49E+09  0.65E+03
       Cl  2 2   0.33E+04 -0.16E+00  0.21E+02  0.76E+09  0.10E+04
       Cl  3 3   0.21E+02  0.79E-01  0.89E+01  0.23E+05  0.13E+03
       Cl  4 3   0.24E+02  0.67E-01  0.99E+01  0.27E+05  0.15E+03
       Cl  4 4   0.28E+02  0.44E-01  0.11E+02  0.32E+05  0.18E+03
       Cl  5 5   0.77E+00  0.19E+00  0.18E+01  0.12E+03  0.22E+02
       Cl  6 5   0.80E+00  0.19E+00  0.19E+01  0.12E+03  0.23E+02
       Cl  6 6   0.83E+00  0.20E+00  0.19E+01  0.12E+03  0.23E+02
       H   1 1   0.39E+02  0.19E+00  0.29E+00  0.78E+05  0.13E+02
       H   2 1   0.41E+02  0.21E+00  0.32E+00  0.82E+05  0.14E+02
       H   2 2   0.43E+02  0.22E+00  0.36E+00  0.86E+05  0.15E+02
     ------------------------------------------------------------

     alpha_pv=     34.4188 eV

     Number of occupied bands for each k-point:
     k-point:     1    nbnd_occ=  42
     k-point:     2    nbnd_occ=  42
     k-point:     3    nbnd_occ=  42
     k-point:     4    nbnd_occ=  42
     k-point:     5    nbnd_occ=  42
     k-point:     6    nbnd_occ=  42
     k-point:     7    nbnd_occ=  42
     k-point:     8    nbnd_occ=  42
     k-point:     9    nbnd_occ=  42
     k-point:    10    nbnd_occ=  42
     k-point:    11    nbnd_occ=  42
     k-point:    12    nbnd_occ=  42
     k-point:    13    nbnd_occ=  42
     k-point:    14    nbnd_occ=  42
     k-point:    15    nbnd_occ=  42
     k-point:    16    nbnd_occ=  42


     q-space interpolation up to   110.00 Rydberg

     GIPAW job: efg                                                                             


     ELECTRIC FIELD GRADIENTS TENSORS IN Hartree/bohrradius^2:

     ----- bare term -----
     Cl   1        0.105637        0.029649       -0.343538
     Cl   1        0.029649        0.285715       -0.036645
     Cl   1       -0.343538       -0.036645       -0.391352

     C    2       -0.100373        0.336665       -0.102456
     C    2        0.336665       -0.286080       -0.251789
     C    2       -0.102456       -0.251789        0.386453

     C    3       -0.014375        0.428913       -0.219663
     C    3        0.428913       -0.254785       -0.300324
     C    3       -0.219663       -0.300324        0.269161

     H    4       -0.042150       -0.101254       -0.244512
     H    4       -0.101254        0.499831       -0.285179
     H    4       -0.244512       -0.285179       -0.457681

     C    5       -0.457797        0.250910       -0.489013
     C    5        0.250910        0.297942       -0.140369
     C    5       -0.489013       -0.140369        0.159855

     H    6       -0.227062        0.255316       -0.191947
     H    6        0.255316       -0.175220       -0.393503
     H    6       -0.191947       -0.393503        0.402282

     H    7        0.340506        0.373147       -0.044532
     H    7        0.373147       -0.688870        0.288721
     H    7       -0.044532        0.288721        0.348364

     C    8       -0.024097       -0.154181       -0.087987
     C    8       -0.154181       -0.114126        0.340216
     C    8       -0.087987        0.340216        0.138223

     H    9       -0.280029        0.417048        0.131160
     H    9        0.417048        0.028163       -0.158501
     H    9        0.131160       -0.158501        0.251866

     C   10       -0.275947       -0.110019        0.051124
     C   10       -0.110019       -0.026134       -0.031316
     C   10        0.051124       -0.031316        0.302081

     C   11        0.001434        0.037024       -0.191911
     C   11        0.037024        0.000130        0.545679
     C   11       -0.191911        0.545679       -0.001563

     Cl  12       -0.118556       -0.225064        0.009682
     Cl  12       -0.225064       -0.019744       -0.037909
     Cl  12        0.009682       -0.037909        0.138299

     H   13        0.102803        0.239536       -0.142997
     H   13        0.239536       -0.428675       -0.032529
     H   13       -0.142997       -0.032529        0.325872

     C   14       -0.030494       -0.216853       -0.389342
     C   14       -0.216853       -0.173071       -0.226525
     C   14       -0.389342       -0.226525        0.203566

     H   15        0.057236       -0.135930       -0.265741
     H   15       -0.135930       -0.239794       -0.396436
     H   15       -0.265741       -0.396436        0.182558

     C   16       -0.563957        0.308515       -0.190515
     C   16        0.308515       -0.103628       -0.136622
     C   16       -0.190515       -0.136622        0.667585

     C   17        0.257559        0.152474       -0.043734
     C   17        0.152474       -0.468148       -0.636283
     C   17       -0.043734       -0.636283        0.210589

     Cl  18        0.281224        0.164490       -0.147328
     Cl  18        0.164490        0.075615       -0.567304
     Cl  18       -0.147328       -0.567304       -0.356840

     H   19        0.309611        0.043717       -0.058123
     H   19        0.043717       -0.536713        0.619066
     H   19       -0.058123        0.619066        0.227102

     C   20       -0.878390       -0.336719       -0.462084
     C   20       -0.336719        0.368911       -0.028189
     C   20       -0.462084       -0.028189        0.509479

     H   21       -0.514643        0.133388        0.233628
     H   21        0.133388        0.340398        0.191763
     H   21        0.233628        0.191763        0.174245

     C   22        0.059857       -0.079379       -0.134795
     C   22       -0.079379       -0.546316        0.364388
     C   22       -0.134795        0.364388        0.486460

     C   23       -0.708695       -0.319111       -0.349061
     C   23       -0.319111        0.284908        0.045714
     C   23       -0.349061        0.045714        0.423787

     Cl  24       -0.053357       -0.004502        0.025932
     Cl  24       -0.004502       -0.031902       -0.002428
     Cl  24        0.025932       -0.002428        0.085260

     ----- ionic term -----
     Cl   1        0.239397       -0.206194        0.061753
     Cl   1       -0.206194       -0.098640       -0.020441
     Cl   1        0.061753       -0.020441       -0.140756

     C    2        0.226192       -0.189784        0.310637
     C    2       -0.189784        0.085036        0.372627
     C    2        0.310637        0.372627       -0.311228

     C    3        0.139497       -0.277129        0.259612
     C    3       -0.277129        0.190945        0.290678
     C    3        0.259612        0.290678       -0.330442

     H    4        0.400316        0.429510        0.656371
     H    4        0.429510       -0.251806        0.362954
     H    4        0.656371        0.362954       -0.148510

     C    5        0.181487       -0.200375        0.363420
     C    5       -0.200375        0.113688        0.218451
     C    5        0.363420        0.218451       -0.295175

     H    6       -0.500434       -0.189384       -0.039051
     H    6       -0.189384        0.869877        0.488137
     H    6       -0.039051        0.488137       -0.369443

     H    7       -0.524842       -0.079042        0.043875
     H    7       -0.079042        0.512134       -0.774786
     H    7        0.043875       -0.774786        0.012708

     C    8        0.397507        0.150431        0.063577
     C    8        0.150431        0.048295       -0.348147
     C    8        0.063577       -0.348147       -0.445802

     H    9        0.891656       -0.379956        0.315361
     H    9       -0.379956       -0.432179       -0.162284
     H    9        0.315361       -0.162284       -0.459477

     C   10        0.308648        0.225298        0.015535
     C   10        0.225298        0.164919       -0.373450
     C   10        0.015535       -0.373450       -0.473568

     C   11        0.342225        0.073905        0.094844
     C   11        0.073905        0.149072       -0.344085
     C   11        0.094844       -0.344085       -0.491296

     Cl  12        0.120821        0.203578       -0.025913
     Cl  12        0.203578        0.041838       -0.014501
     Cl  12       -0.025913       -0.014501       -0.162659

     H   13       -0.447016       -0.254157       -0.118005
     H   13       -0.254157        0.694028        0.616749
     H   13       -0.118005        0.616749       -0.247011

     C   14        0.285984       -0.194211        0.380609
     C   14       -0.194211        0.020922        0.252072
     C   14        0.380609        0.252072       -0.306906

     H   15        0.361618        0.313304        0.737559
     H   15        0.313304       -0.352277        0.314639
     H   15        0.737559        0.314639       -0.009342

     C   16        0.205459       -0.285880        0.316880
     C   16       -0.285880        0.131291        0.230837
     C   16        0.316880        0.230837       -0.336750

     C   17        0.106139       -0.230110        0.365746
     C   17       -0.230110        0.189356        0.271328
     C   17        0.365746        0.271328       -0.295494

     Cl  18        0.145866       -0.196363        0.113789
     Cl  18       -0.196363       -0.001280       -0.063696
     Cl  18        0.113789       -0.063696       -0.144586

     H   19       -0.504514       -0.147112        0.079274
     H   19       -0.147112        0.673856       -0.703709
     H   19        0.079274       -0.703709       -0.169342

     C   20        0.417950        0.093568        0.061579
     C   20        0.093568        0.075513       -0.320340
     C   20        0.061579       -0.320340       -0.493463

     H   21        0.890741       -0.392225        0.265469
     H   21       -0.392225       -0.369648       -0.156816
     H   21        0.265469       -0.156816       -0.521093

     C   22        0.263736        0.161728        0.013485
     C   22        0.161728        0.230989       -0.378860
     C   22        0.013485       -0.378860       -0.494725

     C   23        0.299102        0.021189        0.091748
     C   23        0.021189        0.174236       -0.390503
     C   23        0.091748       -0.390503       -0.473338

     Cl  24        0.153407        0.212169       -0.050581
     Cl  24        0.212169       -0.020232       -0.029467
     Cl  24       -0.050581       -0.029467       -0.133175

     ----- GIPAW term -----
     Cl   1        0.069775       -0.729411        0.511964
     Cl   1       -0.729411       -0.506560        0.291467
     Cl   1        0.511964        0.291467        0.436785

     C    2       -0.056038       -0.018420        0.018492
     C    2       -0.018420       -0.059994       -0.096875
     C    2        0.018492       -0.096875        0.116032

     C    3        0.024000        0.107242       -0.164681
     C    3        0.107242       -0.096993       -0.090287
     C    3       -0.164681       -0.090287        0.072993

     H    4       -0.000000        0.000000        0.000000
     H    4        0.000000        0.000000        0.000000
     H    4        0.000000        0.000000        0.000000

     C    5        0.089866        0.193141        0.021720
     C    5        0.193141        0.028599        0.060594
     C    5        0.021720        0.060594       -0.118465

     H    6       -0.000000        0.000000        0.000000
     H    6        0.000000        0.000000        0.000000
     H    6        0.000000        0.000000        0.000000

     H    7       -0.000000        0.000000        0.000000
     H    7        0.000000        0.000000        0.000000
     H    7        0.000000        0.000000        0.000000

     C    8       -0.034132       -0.103063       -0.017357
     C    8       -0.103063        0.123478        0.113443
     C    8       -0.017357        0.113443       -0.089345

     H    9       -0.000000        0.000000        0.000000
     H    9        0.000000        0.000000        0.000000
     H    9        0.000000        0.000000        0.000000

     C   10       -0.043111        0.000771        0.005559
     C   10        0.000771        0.040321        0.013779
     C   10        0.005559        0.013779        0.002790

     C   11       -0.037926        0.009291       -0.047735
     C   11        0.009291        0.098332        0.153149
     C   11       -0.047735        0.153149       -0.060406

     Cl  12       -0.923728        0.072909       -0.564093
     Cl  12        0.072909        0.908688        2.068887
     Cl  12       -0.564093        2.068887        0.015040

     H   13       -0.000000        0.000000        0.000000
     H   13        0.000000        0.000000        0.000000
     H   13        0.000000        0.000000        0.000000

     C   14        0.012014       -0.059500       -0.001696
     C   14       -0.059500        0.001768       -0.051629
     C   14       -0.001696       -0.051629       -0.013782

     H   15       -0.000000        0.000000        0.000000
     H   15        0.000000        0.000000        0.000000
     H   15        0.000000        0.000000        0.000000

     C   16       -0.024188       -0.055413       -0.016327
     C   16       -0.055413        0.000721       -0.003329
     C   16       -0.016327       -0.003329        0.023467

     C   17       -0.026027        0.021696        0.044801
     C   17        0.021696        0.074026        0.088938
     C   17        0.044801        0.088938       -0.047998

     Cl  18        0.384218       -0.043504        0.155449
     Cl  18       -0.043504       -0.077784       -0.479071
     Cl  18        0.155449       -0.479071       -0.306433

     H   19       -0.000000        0.000000        0.000000
     H   19        0.000000        0.000000        0.000000
     H   19        0.000000        0.000000        0.000000

     C   20       -0.229793        0.024378       -0.096856
     C   20        0.024378        0.193594       -0.195047
     C   20       -0.096856       -0.195047        0.036200

     H   21       -0.000000        0.000000        0.000000
     H   21        0.000000        0.000000        0.000000
     H   21        0.000000        0.000000        0.000000

     C   22       -0.098423        0.039654       -0.054684
     C   22        0.039654       -0.090255       -0.152058
     C   22       -0.054684       -0.152058        0.188679

     C   23       -0.161393       -0.029215        0.006172
     C   23       -0.029215        0.163258       -0.191215
     C   23        0.006172       -0.191215       -0.001865

     Cl  24       -0.599341        1.610100       -0.390140
     Cl  24        1.610100       -1.336948       -0.762839
     Cl  24       -0.390140       -0.762839        1.936289

     ----- total EFG -----
     Cl   1        0.414809       -0.905957        0.230180
     Cl   1       -0.905957       -0.319485        0.234381
     Cl   1        0.230180        0.234381       -0.095324

     C    2        0.069781        0.128461        0.226673
     C    2        0.128461       -0.261038        0.023963
     C    2        0.226673        0.023963        0.191258

     C    3        0.149122        0.259026       -0.124732
     C    3        0.259026       -0.160833       -0.099933
     C    3       -0.124732       -0.099933        0.011711

     H    4        0.358166        0.328256        0.411858
     H    4        0.328256        0.248025        0.077775
     H    4        0.411858        0.077775       -0.606191

     C    5       -0.186445        0.243677       -0.103873
     C    5        0.243677        0.440230        0.138675
     C    5       -0.103873        0.138675       -0.253785

     H    6       -0.727496        0.065932       -0.230998
     H    6        0.065932        0.694657        0.094635
     H    6       -0.230998        0.094635        0.032839

     H    7       -0.184335        0.294104       -0.000658
     H    7        0.294104       -0.176736       -0.486065
     H    7       -0.000658       -0.486065        0.361071

     C    8        0.339278       -0.106813       -0.041767
     C    8       -0.106813        0.057646        0.105512
     C    8       -0.041767        0.105512       -0.396924

     H    9        0.611627        0.037093        0.446521
     H    9        0.037093       -0.404016       -0.320786
     H    9        0.446521       -0.320786       -0.207611

     C   10       -0.010410        0.116050        0.072218
     C   10        0.116050        0.179107       -0.390987
     C   10        0.072218       -0.390987       -0.168697

     C   11        0.305732        0.120220       -0.144801
     C   11        0.120220        0.247533        0.354743
     C   11       -0.144801        0.354743       -0.553266

     Cl  12       -0.921463        0.051424       -0.580324
     Cl  12        0.051424        0.930782        2.016477
     Cl  12       -0.580324        2.016477       -0.009319

     H   13       -0.344213       -0.014621       -0.261001
     H   13       -0.014621        0.265352        0.584220
     H   13       -0.261001        0.584220        0.078860

     C   14        0.267503       -0.470564       -0.010428
     C   14       -0.470564       -0.150381       -0.026082
     C   14       -0.010428       -0.026082       -0.117122

     H   15        0.418855        0.177373        0.471818
     H   15        0.177373       -0.592071       -0.081796
     H   15        0.471818       -0.081796        0.173217

     C   16       -0.382687       -0.032777        0.110039
     C   16       -0.032777        0.028384        0.090887
     C   16        0.110039        0.090887        0.354303

     C   17        0.337670       -0.055940        0.366812
     C   17       -0.055940       -0.204766       -0.276018
     C   17        0.366812       -0.276018       -0.132904

     Cl  18        0.811308       -0.075377        0.121909
     Cl  18       -0.075377       -0.003449       -1.110071
     Cl  18        0.121909       -1.110071       -0.807858

     H   19       -0.194903       -0.103396        0.021151
     H   19       -0.103396        0.137143       -0.084643
     H   19        0.021151       -0.084643        0.057760

     C   20       -0.690233       -0.218773       -0.497361
     C   20       -0.218773        0.638018       -0.543575
     C   20       -0.497361       -0.543575        0.052215

     H   21        0.376098       -0.258837        0.499097
     H   21       -0.258837       -0.029250        0.034947
     H   21        0.499097        0.034947       -0.346848

     C   22        0.225169        0.122003       -0.175994
     C   22        0.122003       -0.405583       -0.166530
     C   22       -0.175994       -0.166530        0.180414

     C   23       -0.570986       -0.327137       -0.251141
     C   23       -0.327137        0.622402       -0.536004
     C   23       -0.251141       -0.536004       -0.051416

     Cl  24       -0.499291        1.817767       -0.414789
     Cl  24        1.817767       -1.389082       -0.794734
     Cl  24       -0.414789       -0.794734        1.888373

     ----- total EFG (symmetrized) -----
     Cl   1        0.414809       -0.905957        0.230180
     Cl   1       -0.905957       -0.319485        0.234381
     Cl   1        0.230180        0.234381       -0.095324

     C    2        0.069781        0.128461        0.226673
     C    2        0.128461       -0.261038        0.023963
     C    2        0.226673        0.023963        0.191258

     C    3        0.149122        0.259026       -0.124732
     C    3        0.259026       -0.160833       -0.099933
     C    3       -0.124732       -0.099933        0.011711

     H    4        0.358166        0.328256        0.411858
     H    4        0.328256        0.248025        0.077775
     H    4        0.411858        0.077775       -0.606191

     C    5       -0.186445        0.243677       -0.103873
     C    5        0.243677        0.440230        0.138675
     C    5       -0.103873        0.138675       -0.253785

     H    6       -0.727496        0.065932       -0.230998
     H    6        0.065932        0.694657        0.094635
     H    6       -0.230998        0.094635        0.032839

     H    7       -0.184335        0.294104       -0.000658
     H    7        0.294104       -0.176736       -0.486065
     H    7       -0.000658       -0.486065        0.361071

     C    8        0.339278       -0.106813       -0.041767
     C    8       -0.106813        0.057646        0.105512
     C    8       -0.041767        0.105512       -0.396924

     H    9        0.611627        0.037093        0.446521
     H    9        0.037093       -0.404016       -0.320786
     H    9        0.446521       -0.320786       -0.207611

     C   10       -0.010410        0.116050        0.072218
     C   10        0.116050        0.179107       -0.390987
     C   10        0.072218       -0.390987       -0.168697

     C   11        0.305732        0.120220       -0.144801
     C   11        0.120220        0.247533        0.354743
     C   11       -0.144801        0.354743       -0.553266

     Cl  12       -0.921463        0.051424       -0.580324
     Cl  12        0.051424        0.930782        2.016477
     Cl  12       -0.580324        2.016477       -0.009319

     H   13       -0.344213       -0.014621       -0.261001
     H   13       -0.014621        0.265352        0.584220
     H   13       -0.261001        0.584220        0.078860

     C   14        0.267503       -0.470564       -0.010428
     C   14       -0.470564       -0.150381       -0.026082
     C   14       -0.010428       -0.026082       -0.117122

     H   15        0.418855        0.177373        0.471818
     H   15        0.177373       -0.592071       -0.081796
     H   15        0.471818       -0.081796        0.173217

     C   16       -0.382687       -0.032777        0.110039
     C   16       -0.032777        0.028384        0.090887
     C   16        0.110039        0.090887        0.354303

     C   17        0.337670       -0.055940        0.366812
     C   17       -0.055940       -0.204766       -0.276018
     C   17        0.366812       -0.276018       -0.132904

     Cl  18        0.811308       -0.075377        0.121909
     Cl  18       -0.075377       -0.003449       -1.110071
     Cl  18        0.121909       -1.110071       -0.807858

     H   19       -0.194903       -0.103396        0.021151
     H   19       -0.103396        0.137143       -0.084643
     H   19        0.021151       -0.084643        0.057760

     C   20       -0.690233       -0.218773       -0.497361
     C   20       -0.218773        0.638018       -0.543575
     C   20       -0.497361       -0.543575        0.052215

     H   21        0.376098       -0.258837        0.499097
     H   21       -0.258837       -0.029250        0.034947
     H   21        0.499097        0.034947       -0.346848

     C   22        0.225169        0.122003       -0.175994
     C   22        0.122003       -0.405583       -0.166530
     C   22       -0.175994       -0.166530        0.180414

     C   23       -0.570986       -0.327137       -0.251141
     C   23       -0.327137        0.622402       -0.536004
     C   23       -0.251141       -0.536004       -0.051416

     Cl  24       -0.499291        1.817767       -0.414789
     Cl  24        1.817767       -1.389082       -0.794734
     Cl  24       -0.414789       -0.794734        1.888373


     NQR/NMR SPECTROSCOPIC PARAMETERS:
     Cl   1    Vxx=    0.0119    axis=(  0.134657  0.299842  0.944438)
     Cl   1    Vyy=    1.0285    axis=( -0.833153  0.550212 -0.055892)
     Cl   1    Vzz=   -1.0404    axis=( -0.536399 -0.779334  0.323904)
     Cl   1  Q=        -8.1650 1e-30 m^2  Cq=        19.9605 MHz  eta= 0.97711

     C    2    Vxx=   -0.0686    axis=(  0.680755  0.376077 -0.628600)
     C    2    Vyy=   -0.3117    axis=( -0.384862  0.913787  0.129903)
     C    2    Vzz=    0.3803    axis=(  0.623260  0.153492  0.766803)
     C    2  Q=         1.0000 1e-30 m^2  Cq=         0.8935 MHz  eta= 0.63944

     C    3    Vxx=   -0.0564    axis=(  0.399337  0.120809  0.908810)
     C    3    Vyy=   -0.3100    axis=(  0.470677 -0.877688 -0.090146)
     C    3    Vzz=    0.3664    axis=(  0.786761  0.463755 -0.407356)
     C    3  Q=         1.0000 1e-30 m^2  Cq=         0.8609 MHz  eta= 0.69223

     H    4    Vxx=    0.0209    axis=(  0.514567 -0.824418  0.235704)
     H    4    Vyy=    0.7390    axis=(  0.779734  0.564257  0.271348)
     H    4    Vzz=   -0.7599    axis=( -0.356702  0.044160  0.933174)
     H    4  Q=         1.0000 1e-30 m^2  Cq=        -1.7856 MHz  eta= 0.94498

     C    5    Vxx=   -0.1260    axis=(  0.697504 -0.127479 -0.705151)
     C    5    Vyy=   -0.4103    axis=( -0.650493  0.300129 -0.697697)
     C    5    Vzz=    0.5363    axis=( -0.300578 -0.945342 -0.126417)
     C    5  Q=         1.0000 1e-30 m^2  Cq=         1.2600 MHz  eta= 0.53019

     H    6    Vxx=    0.0888    axis=( -0.279230 -0.118447  0.952891)
     H    6    Vyy=    0.7087    axis=(  0.024529  0.991159  0.130392)
     H    6    Vzz=   -0.7975    axis=( -0.959911  0.059783 -0.273856)
     H    6  Q=         1.0000 1e-30 m^2  Cq=        -1.8738 MHz  eta= 0.77739

     H    7    Vxx=   -0.0582    axis=(  0.834746  0.358997  0.417518)
     H    7    Vyy=   -0.6174    axis=(  0.519254 -0.765531 -0.379917)
     H    7    Vzz=    0.6756    axis=( -0.183234 -0.533932  0.825434)
     H    7  Q=         1.0000 1e-30 m^2  Cq=         1.5875 MHz  eta= 0.82778

     C    8    Vxx=    0.0384    axis=(  0.351661  0.916949  0.188518)
     C    8    Vyy=    0.3823    axis=(  0.935815 -0.339142 -0.096085)
     C    8    Vzz=   -0.4207    axis=(  0.024171 -0.210207  0.977358)
     C    8  Q=         1.0000 1e-30 m^2  Cq=        -0.9884 MHz  eta= 0.81755

     H    9    Vxx=   -0.1003    axis=( -0.353221 -0.699442  0.621302)
     H    9    Vyy=   -0.7155    axis=(  0.242347 -0.709850 -0.661348)
     H    9    Vzz=    0.8159    axis=(  0.903606 -0.083032  0.420241)
     H    9  Q=         1.0000 1e-30 m^2  Cq=         1.9170 MHz  eta= 0.75404

     C   10    Vxx=    0.0164    axis=(  0.953978  0.035210  0.297802)
     C   10    Vyy=    0.4409    axis=(  0.132513  0.841368 -0.523966)
     C   10    Vzz=   -0.4573    axis=( -0.269010  0.539315  0.797981)
     C   10  Q=         1.0000 1e-30 m^2  Cq=        -1.0745 MHz  eta= 0.92820

     C   11    Vxx=    0.2951    axis=( -0.809585  0.479457  0.338663)
     C   11    Vyy=    0.4237    axis=(  0.561320  0.801115  0.207687)
     C   11    Vzz=   -0.7188    axis=(  0.171731 -0.358239  0.917700)
     C   11  Q=         1.0000 1e-30 m^2  Cq=        -1.6890 MHz  eta= 0.17894

     Cl  12    Vxx=   -0.6947    axis=(  0.879599  0.359161 -0.311943)
     Cl  12    Vyy=   -1.8666    axis=( -0.466509  0.522854 -0.713438)
     Cl  12    Vzz=    2.5613    axis=(  0.093138 -0.773063 -0.627454)
     Cl  12  Q=        -8.1650 1e-30 m^2  Cq=       -49.1363 MHz  eta= 0.45756

     H   13    Vxx=   -0.2084    axis=(  0.737892  0.533141 -0.413856)
     H   13    Vyy=   -0.5847    axis=( -0.655492  0.420044 -0.627609)
     H   13    Vzz=    0.7931    axis=(  0.160766 -0.734387 -0.659417)
     H   13  Q=         1.0000 1e-30 m^2  Cq=         1.8635 MHz  eta= 0.47451

     C   14    Vxx=   -0.1149    axis=( -0.050491 -0.063125  0.996728)
     C   14    Vyy=   -0.4585    axis=(  0.542936  0.835912  0.080444)
     C   14    Vzz=    0.5735    axis=( -0.838255  0.545221 -0.007933)
     C   14  Q=         1.0000 1e-30 m^2  Cq=         1.3474 MHz  eta= 0.59914

     H   15    Vxx=   -0.1281    axis=( -0.547024 -0.343678  0.763315)
     H   15    Vyy=   -0.6615    axis=( -0.257409  0.936717  0.237281)
     H   15    Vzz=    0.7896    axis=( -0.796558 -0.066686 -0.600873)
     H   15  Q=         1.0000 1e-30 m^2  Cq=         1.8553 MHz  eta= 0.67559

     C   16    Vxx=    0.0131    axis=(  0.139232 -0.967142  0.212724)
     C   16    Vyy=    0.3906    axis=( -0.127506 -0.230537 -0.964673)
     C   16    Vzz=   -0.4037    axis=(  0.982017  0.107190 -0.155415)
     C   16  Q=         1.0000 1e-30 m^2  Cq=        -0.9485 MHz  eta= 0.93504

     C   17    Vxx=   -0.0772    axis=(  0.494269  0.746662 -0.445190)
     C   17    Vyy=   -0.5056    axis=( -0.277676  0.620896  0.733065)
     C   17    Vzz=    0.5829    axis=(  0.823768 -0.238713  0.514220)
     C   17  Q=         1.0000 1e-30 m^2  Cq=         1.3695 MHz  eta= 0.73501

     Cl  18    Vxx=    0.6608    axis=(  0.655024  0.627957 -0.420255)
     Cl  18    Vyy=    0.9268    axis=(  0.755239 -0.526705  0.390124)
     Cl  18    Vzz=   -1.5877    axis=( -0.023631  0.572933  0.819262)
     Cl  18  Q=        -8.1650 1e-30 m^2  Cq=        30.4588 MHz  eta= 0.16755

     H   19    Vxx=    0.0094    axis=( -0.143849  0.463194  0.874505)
     H   19    Vyy=    0.2151    axis=( -0.237320  0.841762 -0.484888)
     H   19    Vzz=   -0.2245    axis=( -0.960722 -0.277288 -0.011162)
     H   19  Q=         1.0000 1e-30 m^2  Cq=        -0.5275 MHz  eta= 0.91582

     C   20    Vxx=    0.0953    axis=(  0.562834 -0.460571 -0.686362)
     C   20    Vyy=    0.9658    axis=( -0.047180 -0.846921  0.529622)
     C   20    Vzz=   -1.0611    axis=(  0.825222  0.265707  0.498406)
     C   20  Q=         1.0000 1e-30 m^2  Cq=        -2.4931 MHz  eta= 0.82035

     H   21    Vxx=   -0.0558    axis=( -0.142686 -0.923695 -0.355569)
     H   21    Vyy=   -0.6402    axis=(  0.477419  0.250459 -0.842224)
     H   21    Vzz=    0.6959    axis=(  0.867013 -0.289929  0.405253)
     H   21  Q=         1.0000 1e-30 m^2  Cq=         1.6352 MHz  eta= 0.83970

     C   22    Vxx=    0.0289    axis=( -0.692717  0.080189 -0.716738)
     C   22    Vyy=    0.4292    axis=(  0.711803  0.236004 -0.661543)
     C   22    Vzz=   -0.4581    axis=( -0.116104  0.968438  0.220563)
     C   22  Q=         1.0000 1e-30 m^2  Cq=        -1.0764 MHz  eta= 0.87362

     C   23    Vxx=   -0.0747    axis=(  0.582582 -0.305671 -0.753103)
     C   23    Vyy=   -0.8633    axis=(  0.804298  0.350268  0.480018)
     C   23    Vzz=    0.9380    axis=( -0.117060  0.885369 -0.449910)
     C   23  Q=         1.0000 1e-30 m^2  Cq=         2.2040 MHz  eta= 0.84074

     Cl  24    Vxx=    0.4700    axis=(  0.719281  0.494831  0.487623)
     Cl  24    Vyy=    2.3755    axis=( -0.347610 -0.351370  0.869314)
     Cl  24    Vzz=   -2.8455    axis=( -0.601500  0.794784  0.080726)
     Cl  24  Q=        -8.1650 1e-30 m^2  Cq=        54.5896 MHz  eta= 0.66962

     Initialization:
     gipaw_setup  :      8.97s CPU     10.89s WALL (       1 calls)

     Linear response

     Apply operators

     Induced current

     Other routines
     efg          :      9.25s CPU     11.92s WALL (       1 calls)

     General routines
     calbec       :      3.29s CPU      4.41s WALL (      16 calls)
     fft          :      1.36s CPU      1.67s WALL (      15 calls)
     ffts         :      0.04s CPU      0.05s WALL (       2 calls)
     fftw         :      3.20s CPU      4.15s WALL (     672 calls)
     davcio       :      0.03s CPU      0.32s WALL (      32 calls)

     Parallel routines
     fft_scatter  :      2.04s CPU      3.08s WALL (     689 calls)

     Plugins

     GIPAW        :     61.21s CPU     71.81s WALL (       1 calls)
