
     Program QE v.6.0 (svn rev. 13079) starts on 12Jan2017 at 14:47: 5 

     This program is part of the open-source Quantum ESPRESSO suite
     for quantum simulation of materials; please cite
         "P. Giannozzi et al., J. Phys.:Condens. Matter 21 395502 (2009);
          URL http://www.quantum-espresso.org", 
     in publications or presentations arising from this work. More details at
     http://www.quantum-espresso.org/quote

     Parallel version (MPI), running on     8 processors
     R & G space division:  proc/nbgrp/npool/nimage =       8

     ***** This is GIPAW svn revision unknown      *****

     Parallelizing q-star over 1 images

     Reading data from directory:
     /users/majewski/paradichlorobenzene/pbe/9_constraint/scratch/pbe.ecut100.np8.dt60.pcl2phi-129368.save
     Message from routine read_xml_file:
     file /users/majewski/paradichlorobenzene/pbe/9_constraint/scratch/pbe.ecut100.np8.dt60.pcl2phi-129368.save not guaranteed to be safe for post-processing

   Info: using nr1, nr2, nr3 values from input

   Info: using nr1, nr2, nr3 values from input

     IMPORTANT: XC functional enforced from input :
     Exchange-correlation      =  SLA  PW   PBX  PBC ( 1  4  3  4 0 0)
     Any further DFT definition will be discarded
     Please, verify this is what you really want

               file C.pbe-n-kjpaw_psl.1.0.0.UPF: wavefunction(s)  2S 2P renormalized
               file Cl.pbe-n-kjpaw_psl.1.0.0.UPF: wavefunction(s)  3S 3P renormalized
               file H.pbe-kjpaw_psl.1.0.0.UPF: wavefunction(s)  1S renormalized

     Parallelization info
     --------------------
     sticks:   dense  smooth     PW     G-vecs:    dense   smooth      PW
     Min        3057    1223    332               144436    36536    5170
     Max        3059    1225    333               144437    36537    5171
     Sum       24467    9791   2657              1155489   292295   41363


     Subspace diagonalization in iterative solution of the eigenvalue problem:
     a serial algorithm will be used

     GIPAW projectors -----------------------------------------------
     atom=  C    l=0  rc=    1.2000  rs=    0.8000
     atom=  C    l=0  rc=    1.2000  rs=    0.8000
     atom=  C    l=1  rc=    1.4000  rs=    0.9333
     atom=  C    l=1  rc=    1.4000  rs=    0.9333
     projs nearly linearly dependent: l=1  n1,n2= 1, 2  s=  0.99951561

     atom=  Cl   l=0  rc=    1.6000  rs=    1.0667
     atom=  Cl   l=0  rc=    1.6000  rs=    1.0667
     atom=  Cl   l=1  rc=    1.6000  rs=    1.0667
     atom=  Cl   l=1  rc=    1.6000  rs=    1.0667
     atom=  Cl   l=2  rc=    1.6000  rs=    1.0667
     atom=  Cl   l=2  rc=    1.6000  rs=    1.0667
     projs nearly linearly dependent: l=2  n1,n2= 1, 2  s=  0.99993509

     atom=  H    l=0  rc=    1.0000  rs=    0.6667
     atom=  H    l=0  rc=    1.0000  rs=    0.6667
     projs nearly linearly dependent: l=0  n1,n2= 1, 2  s=  0.99968852
     -----------------------------------------------------------------

     GIPAW integrals: -------------------------------------------
     Atom  i/j   nmr_para   nmr_dia   epr_rmc  epr_para   epr_dia
       C   1 1   0.83E+03  0.17E-01  0.93E+01  0.24E+08  0.24E+03
       C   2 1   0.86E+03 -0.61E-01  0.94E+01  0.25E+08  0.25E+03
       C   2 2   0.90E+03 -0.15E+00  0.97E+01  0.26E+08  0.26E+03
       C   3 3   0.33E+01  0.34E+00  0.18E+01  0.55E+03  0.21E+02
       C   4 3   0.35E+01  0.37E+00  0.20E+01  0.59E+03  0.22E+02
       C   4 4   0.38E+01  0.39E+00  0.22E+01  0.63E+03  0.24E+02
       Cl  1 1   0.14E+04 -0.47E+00  0.84E+01  0.32E+09  0.42E+03
       Cl  2 1   0.21E+04 -0.37E+00  0.12E+02  0.49E+09  0.65E+03
       Cl  2 2   0.33E+04 -0.16E+00  0.21E+02  0.76E+09  0.10E+04
       Cl  3 3   0.21E+02  0.79E-01  0.89E+01  0.23E+05  0.13E+03
       Cl  4 3   0.24E+02  0.67E-01  0.99E+01  0.27E+05  0.15E+03
       Cl  4 4   0.28E+02  0.44E-01  0.11E+02  0.32E+05  0.18E+03
       Cl  5 5   0.77E+00  0.19E+00  0.18E+01  0.12E+03  0.22E+02
       Cl  6 5   0.80E+00  0.19E+00  0.19E+01  0.12E+03  0.23E+02
       Cl  6 6   0.83E+00  0.20E+00  0.19E+01  0.12E+03  0.23E+02
       H   1 1   0.39E+02  0.19E+00  0.29E+00  0.78E+05  0.13E+02
       H   2 1   0.41E+02  0.21E+00  0.32E+00  0.82E+05  0.14E+02
       H   2 2   0.43E+02  0.22E+00  0.36E+00  0.86E+05  0.15E+02
     ------------------------------------------------------------

     alpha_pv=     34.7731 eV

     Number of occupied bands for each k-point:
     k-point:     1    nbnd_occ=  42
     k-point:     2    nbnd_occ=  42
     k-point:     3    nbnd_occ=  42
     k-point:     4    nbnd_occ=  42
     k-point:     5    nbnd_occ=  42
     k-point:     6    nbnd_occ=  42
     k-point:     7    nbnd_occ=  42
     k-point:     8    nbnd_occ=  42
     k-point:     9    nbnd_occ=  42
     k-point:    10    nbnd_occ=  42
     k-point:    11    nbnd_occ=  42
     k-point:    12    nbnd_occ=  42
     k-point:    13    nbnd_occ=  42
     k-point:    14    nbnd_occ=  42
     k-point:    15    nbnd_occ=  42
     k-point:    16    nbnd_occ=  42


     q-space interpolation up to   110.00 Rydberg

     GIPAW job: efg                                                                             


     ELECTRIC FIELD GRADIENTS TENSORS IN Hartree/bohrradius^2:

     ----- bare term -----
     Cl   1        0.009605        0.035902       -0.134175
     Cl   1        0.035902        0.091703        0.029843
     Cl   1       -0.134175        0.029843       -0.101309

     C    2       -0.134765        0.207962       -0.208271
     C    2        0.207962       -0.394137       -0.409706
     C    2       -0.208271       -0.409706        0.528902

     C    3       -0.060302        0.353893       -0.206139
     C    3        0.353893       -0.184545       -0.282903
     C    3       -0.206139       -0.282903        0.244847

     H    4        0.058350       -0.022682       -0.169271
     H    4       -0.022682        0.415972       -0.352344
     H    4       -0.169271       -0.352344       -0.474321

     C    5       -0.410681        0.253591       -0.472226
     C    5        0.253591        0.325860       -0.124166
     C    5       -0.472226       -0.124166        0.084821

     H    6       -0.210636        0.086353        0.166848
     H    6        0.086353       -0.020133       -0.486484
     H    6        0.166848       -0.486484        0.230770

     H    7        0.385166        0.323130       -0.034939
     H    7        0.323130       -0.733400        0.269227
     H    7       -0.034939        0.269227        0.348234

     C    8       -0.096771       -0.211648       -0.144509
     C    8       -0.211648       -0.046594        0.412336
     C    8       -0.144509        0.412336        0.143365

     H    9       -0.387272        0.551963       -0.046584
     H    9        0.551963        0.044566       -0.070121
     H    9       -0.046584       -0.070121        0.342706

     C   10       -0.416818       -0.210786       -0.106503
     C   10       -0.210786        0.089790        0.128646
     C   10       -0.106503        0.128646        0.327028

     C   11        0.005364       -0.033493       -0.205926
     C   11       -0.033493        0.037485        0.649292
     C   11       -0.205926        0.649292       -0.042848

     Cl  12        0.230025       -0.081531        0.152255
     Cl  12       -0.081531        0.087435       -0.473923
     Cl  12        0.152255       -0.473923       -0.317460

     H   13        0.344409        0.086635       -0.105412
     H   13        0.086635       -0.629531        0.138562
     H   13       -0.105412        0.138562        0.285122

     C   14       -0.063706       -0.195254       -0.289008
     C   14       -0.195254       -0.115018       -0.232369
     C   14       -0.289008       -0.232369        0.178724

     H   15        0.030236       -0.222113       -0.284109
     H   15       -0.222113       -0.363826       -0.314277
     H   15       -0.284109       -0.314277        0.333590

     C   16       -0.619991        0.286462       -0.131246
     C   16        0.286462        0.073178       -0.084556
     C   16       -0.131246       -0.084556        0.546814

     C   17        0.162427        0.079652       -0.127687
     C   17        0.079652       -0.270960       -0.553806
     C   17       -0.127687       -0.553806        0.108533

     Cl  18        0.291117        0.258130       -0.064349
     Cl  18        0.258130        0.106055       -0.565195
     Cl  18       -0.064349       -0.565195       -0.397172

     H   19        0.451823       -0.068837       -0.202910
     H   19       -0.068837       -0.366178        0.432253
     H   19       -0.202910        0.432253       -0.085646

     C   20       -0.868266       -0.371269       -0.350811
     C   20       -0.371269        0.511199        0.135578
     C   20       -0.350811        0.135578        0.357067

     H   21       -0.543094        0.042332       -0.239638
     H   21        0.042332        0.319569        0.310419
     H   21       -0.239638        0.310419        0.223525

     C   22        0.066746       -0.022164       -0.175695
     C   22       -0.022164       -0.466034        0.404373
     C   22       -0.175695        0.404373        0.399288

     C   23       -0.771005       -0.307899       -0.290735
     C   23       -0.307899        0.189367        0.046195
     C   23       -0.290735        0.046195        0.581638

     Cl  24        0.109315       -0.038827        0.091752
     Cl  24       -0.038827        0.142309        0.078053
     Cl  24        0.091752        0.078053       -0.251624

     ----- ionic term -----
     Cl   1        0.203722       -0.209378        0.055205
     Cl   1       -0.209378       -0.072598       -0.021301
     Cl   1        0.055205       -0.021301       -0.131125

     C    2        0.178088       -0.157617        0.259200
     C    2       -0.157617        0.122177        0.443840
     C    2        0.259200        0.443840       -0.300265

     C    3        0.080810       -0.251667        0.232898
     C    3       -0.251667        0.174513        0.419929
     C    3        0.232898        0.419929       -0.255323

     H    4        0.145857        0.446778        0.645495
     H    4        0.446778       -0.169855        0.488734
     H    4        0.645495        0.488734        0.023998

     C    5        0.189162       -0.209468        0.386061
     C    5       -0.209468        0.019013        0.289938
     C    5        0.386061        0.289938       -0.208175

     H    6       -0.524276       -0.166016       -0.054234
     H    6       -0.166016        0.769608        0.607371
     H    6       -0.054234        0.607371       -0.245332

     H    7       -0.509959       -0.165122        0.074473
     H    7       -0.165122        0.769065       -0.660955
     H    7        0.074473       -0.660955       -0.259106

     C    8        0.369937        0.086694        0.065234
     C    8        0.086694        0.044170       -0.325636
     C    8        0.065234       -0.325636       -0.414108

     H    9        0.685327       -0.242355        0.641641
     H    9       -0.242355       -0.529513       -0.197756
     H    9        0.641641       -0.197756       -0.155814

     C   10        0.208500        0.170142        0.075507
     C   10        0.170142        0.115532       -0.408541
     C   10        0.075507       -0.408541       -0.324032

     C   11        0.236217        0.062335        0.118818
     C   11        0.062335        0.089846       -0.437581
     C   11        0.118818       -0.437581       -0.326063

     Cl  12        0.094912        0.167801       -0.070262
     Cl  12        0.167801        0.010657       -0.044941
     Cl  12       -0.070262       -0.044941       -0.105569

     H   13       -0.515099       -0.052854       -0.017500
     H   13       -0.052854        0.864059        0.567856
     H   13       -0.017500        0.567856       -0.348960

     C   14        0.268645       -0.171480        0.347959
     C   14       -0.171480        0.131329        0.247600
     C   14        0.347959        0.247600       -0.399974

     H   15        0.447811        0.356440        0.709224
     H   15        0.356440       -0.314555        0.319535
     H   15        0.709224        0.319535       -0.133255

     C   16        0.176087       -0.287499        0.309508
     C   16       -0.287499        0.233088        0.269457
     C   16        0.309508        0.269457       -0.409174

     C   17        0.055445       -0.196641        0.471892
     C   17       -0.196641        0.171834        0.293698
     C   17        0.471892        0.293698       -0.227279

     Cl  18        0.136760       -0.197666        0.142207
     Cl  18       -0.197666       -0.003649       -0.081936
     Cl  18        0.142207       -0.081936       -0.133111

     H   19       -0.487753       -0.158950        0.108464
     H   19       -0.158950        0.539817       -0.765744
     H   19        0.108464       -0.765744       -0.052064

     C   20        0.365595        0.089386        0.130416
     C   20        0.089386       -0.044162       -0.363280
     C   20        0.130416       -0.363280       -0.321433

     H   21        0.504062       -0.371065        0.681760
     H   21       -0.371065       -0.394962       -0.325630
     H   21        0.681760       -0.325630       -0.109099

     C   22        0.137355        0.159488        0.070004
     C   22        0.159488        0.109041       -0.482748
     C   22        0.070004       -0.482748       -0.246397

     C   23        0.281765        0.134333        0.065124
     C   23        0.134333        0.074460       -0.437131
     C   23        0.065124       -0.437131       -0.356226

     Cl  24        0.159874        0.237991       -0.052080
     Cl  24        0.237991       -0.016223       -0.030259
     Cl  24       -0.052080       -0.030259       -0.143651

     ----- GIPAW term -----
     Cl   1       -0.241891       -1.117049        1.041811
     Cl   1       -1.117049       -1.191302        0.362011
     Cl   1        1.041811        0.362011        1.433193

     C    2       -0.094803       -0.042863       -0.019385
     C    2       -0.042863       -0.136387       -0.141497
     C    2       -0.019385       -0.141497        0.231189

     C    3       -0.027744        0.082535       -0.141339
     C    3        0.082535       -0.074021       -0.098177
     C    3       -0.141339       -0.098177        0.101765

     H    4       -0.000000        0.000000        0.000000
     H    4        0.000000        0.000000        0.000000
     H    4        0.000000        0.000000        0.000000

     C    5        0.038407        0.170693       -0.068322
     C    5        0.170693        0.069374       -0.010820
     C    5       -0.068322       -0.010820       -0.107781

     H    6       -0.000000        0.000000        0.000000
     H    6        0.000000        0.000000        0.000000
     H    6        0.000000        0.000000        0.000000

     H    7       -0.000000        0.000000        0.000000
     H    7        0.000000        0.000000        0.000000
     H    7        0.000000        0.000000        0.000000

     C    8       -0.097834       -0.108320        0.013227
     C    8       -0.108320        0.224040        0.000285
     C    8        0.013227        0.000285       -0.126205

     H    9       -0.000000        0.000000        0.000000
     H    9        0.000000        0.000000        0.000000
     H    9        0.000000        0.000000        0.000000

     C   10       -0.103375       -0.056284       -0.037971
     C   10       -0.056284        0.118730        0.075350
     C   10       -0.037971        0.075350       -0.015355

     C   11       -0.045227       -0.014682       -0.050088
     C   11       -0.014682        0.187575        0.163983
     C   11       -0.050088        0.163983       -0.142349

     Cl  12        0.089058        0.168110       -0.345085
     Cl  12        0.168110       -0.208461        0.176948
     Cl  12       -0.345085        0.176948        0.119403

     H   13       -0.000000        0.000000        0.000000
     H   13        0.000000        0.000000        0.000000
     H   13        0.000000        0.000000        0.000000

     C   14       -0.023104       -0.056460        0.005270
     C   14       -0.056460        0.031795       -0.091303
     C   14        0.005270       -0.091303       -0.008690

     H   15       -0.000000        0.000000        0.000000
     H   15        0.000000        0.000000        0.000000
     H   15        0.000000        0.000000        0.000000

     C   16       -0.093017       -0.064762       -0.003874
     C   16       -0.064762        0.113241        0.004867
     C   16       -0.003874        0.004867       -0.020224

     C   17       -0.053320        0.004995        0.028040
     C   17        0.004995        0.158953        0.116577
     C   17        0.028040        0.116577       -0.105633

     Cl  18        0.417297        0.085387        0.172670
     Cl  18        0.085387        0.007035       -0.635625
     Cl  18        0.172670       -0.635625       -0.424332

     H   19       -0.000000        0.000000        0.000000
     H   19        0.000000        0.000000        0.000000
     H   19        0.000000        0.000000        0.000000

     C   20       -0.243027       -0.027150       -0.032609
     C   20       -0.027150        0.330614       -0.013149
     C   20       -0.032609       -0.013149       -0.087587

     H   21       -0.000000        0.000000        0.000000
     H   21        0.000000        0.000000        0.000000
     H   21        0.000000        0.000000        0.000000

     C   22       -0.101790        0.067699       -0.061515
     C   22        0.067699       -0.006008       -0.175608
     C   22       -0.061515       -0.175608        0.107798

     C   23       -0.166603        0.036282       -0.054835
     C   23        0.036282        0.001564       -0.155923
     C   23       -0.054835       -0.155923        0.165040

     Cl  24       -0.448098        1.126672       -0.298759
     Cl  24        1.126672       -1.011550       -0.415960
     Cl  24       -0.298759       -0.415960        1.459648

     ----- total EFG -----
     Cl   1       -0.028564       -1.290525        0.962841
     Cl   1       -1.290525       -1.172196        0.370553
     Cl   1        0.962841        0.370553        1.200760

     C    2       -0.051479        0.007482        0.031543
     C    2        0.007482       -0.408348       -0.107362
     C    2        0.031543       -0.107362        0.459827

     C    3       -0.007236        0.184761       -0.114581
     C    3        0.184761       -0.084053        0.038848
     C    3       -0.114581        0.038848        0.091288

     H    4        0.204206        0.424097        0.476224
     H    4        0.424097        0.246117        0.136390
     H    4        0.476224        0.136390       -0.450323

     C    5       -0.183112        0.214817       -0.154487
     C    5        0.214817        0.414247        0.154951
     C    5       -0.154487        0.154951       -0.231135

     H    6       -0.734912       -0.079663        0.112614
     H    6       -0.079663        0.749475        0.120887
     H    6        0.112614        0.120887       -0.014563

     H    7       -0.124793        0.158009        0.039534
     H    7        0.158009        0.035665       -0.391728
     H    7        0.039534       -0.391728        0.089127

     C    8        0.175332       -0.233274       -0.066048
     C    8       -0.233274        0.221616        0.086985
     C    8       -0.066048        0.086985       -0.396948

     H    9        0.298055        0.309608        0.595057
     H    9        0.309608       -0.484946       -0.267877
     H    9        0.595057       -0.267877        0.186892

     C   10       -0.311693       -0.096927       -0.068968
     C   10       -0.096927        0.324053       -0.204545
     C   10       -0.068968       -0.204545       -0.012359

     C   11        0.196354        0.014160       -0.137196
     C   11        0.014160        0.314906        0.375694
     C   11       -0.137196        0.375694       -0.511260

     Cl  12        0.413995        0.254380       -0.263092
     Cl  12        0.254380       -0.110369       -0.341916
     Cl  12       -0.263092       -0.341916       -0.303626

     H   13       -0.170690        0.033781       -0.122912
     H   13        0.033781        0.234528        0.706419
     H   13       -0.122912        0.706419       -0.063838

     C   14        0.181835       -0.423194        0.064221
     C   14       -0.423194        0.048106       -0.076072
     C   14        0.064221       -0.076072       -0.229940

     H   15        0.478047        0.134328        0.425115
     H   15        0.134328       -0.678381        0.005259
     H   15        0.425115        0.005259        0.200334

     C   16       -0.536921       -0.065799        0.174388
     C   16       -0.065799        0.419506        0.189767
     C   16        0.174388        0.189767        0.117415

     C   17        0.164552       -0.111994        0.372246
     C   17       -0.111994        0.059826       -0.143531
     C   17        0.372246       -0.143531       -0.224378

     Cl  18        0.845175        0.145850        0.250528
     Cl  18        0.145850        0.109442       -1.282755
     Cl  18        0.250528       -1.282755       -0.954616

     H   19       -0.035930       -0.227787       -0.094446
     H   19       -0.227787        0.173639       -0.333491
     H   19       -0.094446       -0.333491       -0.137710

     C   20       -0.745699       -0.309033       -0.253004
     C   20       -0.309033        0.797651       -0.240851
     C   20       -0.253004       -0.240851       -0.051952

     H   21       -0.039032       -0.328733        0.442122
     H   21       -0.328733       -0.075393       -0.015212
     H   21        0.442122       -0.015212        0.114426

     C   22        0.102311        0.205022       -0.167207
     C   22        0.205022       -0.363000       -0.253983
     C   22       -0.167207       -0.253983        0.260689

     C   23       -0.655843       -0.137284       -0.280447
     C   23       -0.137284        0.265391       -0.546859
     C   23       -0.280447       -0.546859        0.390452

     Cl  24       -0.178909        1.325835       -0.259087
     Cl  24        1.325835       -0.885464       -0.368165
     Cl  24       -0.259087       -0.368165        1.064373

     ----- total EFG (symmetrized) -----
     Cl   1       -0.028564       -1.290525        0.962841
     Cl   1       -1.290525       -1.172196        0.370553
     Cl   1        0.962841        0.370553        1.200760

     C    2       -0.051479        0.007482        0.031543
     C    2        0.007482       -0.408348       -0.107362
     C    2        0.031543       -0.107362        0.459827

     C    3       -0.007236        0.184761       -0.114581
     C    3        0.184761       -0.084053        0.038848
     C    3       -0.114581        0.038848        0.091288

     H    4        0.204206        0.424097        0.476224
     H    4        0.424097        0.246117        0.136390
     H    4        0.476224        0.136390       -0.450323

     C    5       -0.183112        0.214817       -0.154487
     C    5        0.214817        0.414247        0.154951
     C    5       -0.154487        0.154951       -0.231135

     H    6       -0.734912       -0.079663        0.112614
     H    6       -0.079663        0.749475        0.120887
     H    6        0.112614        0.120887       -0.014563

     H    7       -0.124793        0.158009        0.039534
     H    7        0.158009        0.035665       -0.391728
     H    7        0.039534       -0.391728        0.089127

     C    8        0.175332       -0.233274       -0.066048
     C    8       -0.233274        0.221616        0.086985
     C    8       -0.066048        0.086985       -0.396948

     H    9        0.298055        0.309608        0.595057
     H    9        0.309608       -0.484946       -0.267877
     H    9        0.595057       -0.267877        0.186892

     C   10       -0.311693       -0.096927       -0.068968
     C   10       -0.096927        0.324053       -0.204545
     C   10       -0.068968       -0.204545       -0.012359

     C   11        0.196354        0.014160       -0.137196
     C   11        0.014160        0.314906        0.375694
     C   11       -0.137196        0.375694       -0.511260

     Cl  12        0.413995        0.254380       -0.263092
     Cl  12        0.254380       -0.110369       -0.341916
     Cl  12       -0.263092       -0.341916       -0.303626

     H   13       -0.170690        0.033781       -0.122912
     H   13        0.033781        0.234528        0.706419
     H   13       -0.122912        0.706419       -0.063838

     C   14        0.181835       -0.423194        0.064221
     C   14       -0.423194        0.048106       -0.076072
     C   14        0.064221       -0.076072       -0.229940

     H   15        0.478047        0.134328        0.425115
     H   15        0.134328       -0.678381        0.005259
     H   15        0.425115        0.005259        0.200334

     C   16       -0.536921       -0.065799        0.174388
     C   16       -0.065799        0.419506        0.189767
     C   16        0.174388        0.189767        0.117415

     C   17        0.164552       -0.111994        0.372246
     C   17       -0.111994        0.059826       -0.143531
     C   17        0.372246       -0.143531       -0.224378

     Cl  18        0.845175        0.145850        0.250528
     Cl  18        0.145850        0.109442       -1.282755
     Cl  18        0.250528       -1.282755       -0.954616

     H   19       -0.035930       -0.227787       -0.094446
     H   19       -0.227787        0.173639       -0.333491
     H   19       -0.094446       -0.333491       -0.137710

     C   20       -0.745699       -0.309033       -0.253004
     C   20       -0.309033        0.797651       -0.240851
     C   20       -0.253004       -0.240851       -0.051952

     H   21       -0.039032       -0.328733        0.442122
     H   21       -0.328733       -0.075393       -0.015212
     H   21        0.442122       -0.015212        0.114426

     C   22        0.102311        0.205022       -0.167207
     C   22        0.205022       -0.363000       -0.253983
     C   22       -0.167207       -0.253983        0.260689

     C   23       -0.655843       -0.137284       -0.280447
     C   23       -0.137284        0.265391       -0.546859
     C   23       -0.280447       -0.546859        0.390452

     Cl  24       -0.178909        1.325835       -0.259087
     Cl  24        1.325835       -0.885464       -0.368165
     Cl  24       -0.259087       -0.368165        1.064373


     NQR/NMR SPECTROSCOPIC PARAMETERS:
     Cl   1    Vxx=    0.4553    axis=(  0.619746 -0.605181 -0.499671)
     Cl   1    Vyy=    1.7680    axis=(  0.540477 -0.132516  0.830857)
     Cl   1    Vzz=   -2.2233    axis=( -0.569033 -0.784981  0.244960)
     Cl   1  Q=        -8.1650 1e-30 m^2  Cq=        42.6535 MHz  eta= 0.59040

     C    2    Vxx=   -0.0529    axis=(  0.997869  0.037194 -0.053602)
     C    2    Vyy=   -0.4218    axis=( -0.030430  0.992075  0.121905)
     C    2    Vzz=    0.4747    axis=(  0.057711 -0.120015  0.991093)
     C    2  Q=         1.0000 1e-30 m^2  Cq=         1.1153 MHz  eta= 0.77713

     C    3    Vxx=    0.0695    axis=(  0.339941  0.593570  0.729462)
     C    3    Vyy=    0.1952    axis=( -0.689822 -0.369822  0.622396)
     C    3    Vzz=   -0.2647    axis=( -0.639207  0.714777 -0.283740)
     C    3  Q=         1.0000 1e-30 m^2  Cq=        -0.6219 MHz  eta= 0.47486

     H    4    Vxx=   -0.0946    axis=(  0.503756 -0.777567  0.376322)
     H    4    Vyy=   -0.7084    axis=(  0.495455 -0.096791 -0.863224)
     H    4    Vzz=    0.8030    axis=(  0.707640  0.621305  0.336490)
     H    4  Q=         1.0000 1e-30 m^2  Cq=         1.8868 MHz  eta= 0.76427

     C    5    Vxx=   -0.0564    axis=(  0.705002 -0.090178 -0.703449)
     C    5    Vyy=   -0.4418    axis=( -0.656916  0.290767 -0.695640)
     C    5    Vzz=    0.4982    axis=( -0.267271 -0.952535 -0.145752)
     C    5  Q=         1.0000 1e-30 m^2  Cq=         1.1706 MHz  eta= 0.77343

     H    6    Vxx=   -0.0123    axis=(  0.167294 -0.137435  0.976281)
     H    6    Vyy=   -0.7584    axis=( -0.985039 -0.064841  0.159667)
     H    6    Vzz=    0.7707    axis=(  0.041359 -0.988386 -0.146226)
     H    6  Q=         1.0000 1e-30 m^2  Cq=         1.8108 MHz  eta= 0.96812

     H    7    Vxx=   -0.0614    axis=( -0.875667 -0.247665 -0.414572)
     H    7    Vyy=   -0.4047    axis=( -0.462692  0.676117  0.573395)
     H    7    Vzz=    0.4661    axis=(  0.138289  0.693922 -0.706646)
     H    7  Q=         1.0000 1e-30 m^2  Cq=         1.0951 MHz  eta= 0.73658

     C    8    Vxx=   -0.0357    axis=(  0.744761  0.666885  0.024414)
     C    8    Vyy=   -0.4112    axis=( -0.067313  0.111471 -0.991485)
     C    8    Vzz=    0.4469    axis=( -0.663928  0.736776  0.127909)
     C    8  Q=         1.0000 1e-30 m^2  Cq=         1.0501 MHz  eta= 0.84018

     H    9    Vxx=   -0.0095    axis=( -0.485406 -0.647289  0.587706)
     H    9    Vyy=   -0.8325    axis=( -0.452820  0.761155  0.464324)
     H    9    Vzz=    0.8421    axis=(  0.747887  0.040740  0.662574)
     H    9  Q=         1.0000 1e-30 m^2  Cq=         1.9786 MHz  eta= 0.97732

     C   10    Vxx=   -0.0663    axis=( -0.379910  0.353563  0.854787)
     C   10    Vyy=   -0.3591    axis=(  0.921480  0.225452  0.316299)
     C   10    Vzz=    0.4254    axis=( -0.080882  0.907835 -0.411453)
     C   10  Q=         1.0000 1e-30 m^2  Cq=         0.9995 MHz  eta= 0.68823

     C   11    Vxx=    0.2115    axis=(  0.978338  0.187186 -0.088414)
     C   11    Vyy=    0.4654    axis=( -0.141782  0.917062  0.372686)
     C   11    Vzz=   -0.6769    axis=(  0.150843 -0.352078  0.923736)
     C   11  Q=         1.0000 1e-30 m^2  Cq=        -1.5903 MHz  eta= 0.37517

     Cl  12    Vxx=   -0.1018    axis=(  0.567536 -0.696159  0.439621)
     Cl  12    Vyy=   -0.5663    axis=(  0.070434  0.573036  0.816498)
     Cl  12    Vzz=    0.6681    axis=( -0.820331 -0.432427  0.374252)
     Cl  12  Q=        -8.1650 1e-30 m^2  Cq=       -12.8175 MHz  eta= 0.69517

     H   13    Vxx=   -0.1457    axis=( -0.971550 -0.186025  0.146581)
     H   13    Vyy=   -0.6644    axis=(  0.230918 -0.606551  0.760771)
     H   13    Vzz=    0.8100    axis=(  0.052613 -0.772975 -0.632251)
     H   13  Q=         1.0000 1e-30 m^2  Cq=         1.9033 MHz  eta= 0.64032

     C   14    Vxx=   -0.2388    axis=( -0.228686 -0.080072  0.970202)
     C   14    Vyy=   -0.3169    axis=(  0.617117  0.758857  0.208090)
     C   14    Vzz=    0.5557    axis=( -0.752907  0.646316 -0.124126)
     C   14  Q=         1.0000 1e-30 m^2  Cq=         1.3057 MHz  eta= 0.14055

     H   15    Vxx=   -0.0987    axis=( -0.569758 -0.124649  0.812304)
     H   15    Vyy=   -0.6963    axis=( -0.134073  0.989286  0.057766)
     H   15    Vzz=    0.7949    axis=( -0.810802 -0.075996 -0.580366)
     H   15  Q=         1.0000 1e-30 m^2  Cq=         1.8678 MHz  eta= 0.75180

     C   16    Vxx=    0.0816    axis=( -0.287211  0.425898 -0.857974)
     C   16    Vyy=    0.5113    axis=(  0.016849  0.897821  0.440038)
     C   16    Vzz=   -0.5929    axis=( -0.957719 -0.111928  0.265040)
     C   16  Q=         1.0000 1e-30 m^2  Cq=        -1.3930 MHz  eta= 0.72476

     C   17    Vxx=   -0.0042    axis=(  0.404419  0.910089  0.090463)
     C   17    Vyy=   -0.4585    axis=( -0.490690  0.132445  0.861209)
     C   17    Vzz=    0.4628    axis=(  0.771795 -0.392679  0.500135)
     C   17  Q=         1.0000 1e-30 m^2  Cq=         1.0873 MHz  eta= 0.98181

     Cl  18    Vxx=    0.8729    axis=(  0.976685  0.214053 -0.016355)
     Cl  18    Vyy=    0.9695    axis=( -0.186086  0.806161 -0.561673)
     Cl  18    Vzz=   -1.8424    axis=( -0.107043  0.551621  0.827197)
     Cl  18  Q=        -8.1650 1e-30 m^2  Cq=        35.3464 MHz  eta= 0.05241

     H   19    Vxx=    0.0198    axis=(  0.831194  0.026891 -0.555332)
     H   19    Vyy=    0.4339    axis=(  0.319547 -0.840482  0.437583)
     H   19    Vzz=   -0.4537    axis=(  0.454979  0.541171  0.707197)
     H   19  Q=         1.0000 1e-30 m^2  Cq=        -1.0659 MHz  eta= 0.91270

     C   20    Vxx=    0.0118    axis=( -0.364275  0.138977  0.920863)
     C   20    Vyy=    0.8968    axis=(  0.150307 -0.967065  0.205409)
     C   20    Vzz=   -0.9086    axis=(  0.919082  0.213238  0.331388)
     C   20  Q=         1.0000 1e-30 m^2  Cq=        -2.1349 MHz  eta= 0.97407

     H   21    Vxx=   -0.0228    axis=( -0.154439  0.795565  0.585854)
     H   21    Vyy=   -0.5485    axis=(  0.729638  0.491650 -0.475299)
     H   21    Vzz=    0.5713    axis=(  0.666166 -0.354057  0.656404)
     H   21  Q=         1.0000 1e-30 m^2  Cq=         1.3424 MHz  eta= 0.92026

     C   22    Vxx=   -0.0013    axis=(  0.815335  0.057620  0.576116)
     C   22    Vyy=   -0.4888    axis=(  0.249842 -0.932641 -0.260307)
     C   22    Vzz=    0.4902    axis=( -0.522311 -0.356175  0.774810)
     C   22  Q=         1.0000 1e-30 m^2  Cq=         1.1517 MHz  eta= 0.99450

     C   23    Vxx=   -0.0807    axis=( -0.439652  0.704965  0.556534)
     C   23    Vyy=   -0.8071    axis=(  0.894598  0.288516  0.341251)
     C   23    Vzz=    0.8878    axis=( -0.080001 -0.647906  0.757507)
     C   23  Q=         1.0000 1e-30 m^2  Cq=         2.0860 MHz  eta= 0.81818

     Cl  24    Vxx=    0.5107    axis=(  0.649688  0.456696  0.607728)
     Cl  24    Vyy=    1.3997    axis=( -0.462993 -0.396349  0.792809)
     Cl  24    Vzz=   -1.9105    axis=( -0.602945  0.796452  0.046057)
     Cl  24  Q=        -8.1650 1e-30 m^2  Cq=        36.6513 MHz  eta= 0.46534

     Initialization:
     gipaw_setup  :      9.15s CPU     10.93s WALL (       1 calls)

     Linear response

     Apply operators

     Induced current

     Other routines
     efg          :      9.46s CPU     12.34s WALL (       1 calls)

     General routines
     calbec       :      3.59s CPU      4.98s WALL (      16 calls)
     fft          :      1.73s CPU      2.75s WALL (      15 calls)
     ffts         :      0.03s CPU      0.04s WALL (       2 calls)
     fftw         :      3.20s CPU      3.97s WALL (     672 calls)
     davcio       :      0.04s CPU      0.31s WALL (      32 calls)

     Parallel routines
     fft_scatter  :      2.44s CPU      3.94s WALL (     689 calls)

     Plugins

     GIPAW        :     61.24s CPU     77.49s WALL (       1 calls)
