
     Program QE v.6.0 (svn rev. 13079) starts on 19Dec2016 at 21:18:13 

     This program is part of the open-source Quantum ESPRESSO suite
     for quantum simulation of materials; please cite
         "P. Giannozzi et al., J. Phys.:Condens. Matter 21 395502 (2009);
          URL http://www.quantum-espresso.org", 
     in publications or presentations arising from this work. More details at
     http://www.quantum-espresso.org/quote

     Parallel version (MPI), running on     8 processors
     R & G space division:  proc/nbgrp/npool/nimage =       8

     ***** This is GIPAW svn revision unknown      *****

     Parallelizing q-star over 1 images

     Reading data from directory:
     /users/majewski/paradichlorobenzene/pbe/9_constraint/scratch/pbe.ecut100.np8.dt60.pcl2phi-129368.save
     Message from routine read_xml_file:
     file /users/majewski/paradichlorobenzene/pbe/9_constraint/scratch/pbe.ecut100.np8.dt60.pcl2phi-129368.save not guaranteed to be safe for post-processing

   Info: using nr1, nr2, nr3 values from input

   Info: using nr1, nr2, nr3 values from input

     IMPORTANT: XC functional enforced from input :
     Exchange-correlation      =  SLA  PW   PBX  PBC ( 1  4  3  4 0 0)
     Any further DFT definition will be discarded
     Please, verify this is what you really want

               file C.pbe-n-kjpaw_psl.1.0.0.UPF: wavefunction(s)  2S 2P renormalized
               file Cl.pbe-n-kjpaw_psl.1.0.0.UPF: wavefunction(s)  3S 3P renormalized
               file H.pbe-kjpaw_psl.1.0.0.UPF: wavefunction(s)  1S renormalized

     Parallelization info
     --------------------
     sticks:   dense  smooth     PW     G-vecs:    dense   smooth      PW
     Min        3057    1223    332               144436    36536    5170
     Max        3059    1225    333               144437    36537    5171
     Sum       24467    9791   2657              1155489   292295   41363


     Subspace diagonalization in iterative solution of the eigenvalue problem:
     a serial algorithm will be used

     GIPAW projectors -----------------------------------------------
     atom=  C    l=0  rc=    1.2000  rs=    0.8000
     atom=  C    l=0  rc=    1.2000  rs=    0.8000
     atom=  C    l=1  rc=    1.4000  rs=    0.9333
     atom=  C    l=1  rc=    1.4000  rs=    0.9333
     projs nearly linearly dependent: l=1  n1,n2= 1, 2  s=  0.99951561

     atom=  Cl   l=0  rc=    1.6000  rs=    1.0667
     atom=  Cl   l=0  rc=    1.6000  rs=    1.0667
     atom=  Cl   l=1  rc=    1.6000  rs=    1.0667
     atom=  Cl   l=1  rc=    1.6000  rs=    1.0667
     atom=  Cl   l=2  rc=    1.6000  rs=    1.0667
     atom=  Cl   l=2  rc=    1.6000  rs=    1.0667
     projs nearly linearly dependent: l=2  n1,n2= 1, 2  s=  0.99993509

     atom=  H    l=0  rc=    1.0000  rs=    0.6667
     atom=  H    l=0  rc=    1.0000  rs=    0.6667
     projs nearly linearly dependent: l=0  n1,n2= 1, 2  s=  0.99968852
     -----------------------------------------------------------------

     GIPAW integrals: -------------------------------------------
     Atom  i/j   nmr_para   nmr_dia   epr_rmc  epr_para   epr_dia
       C   1 1   0.83E+03  0.17E-01  0.93E+01  0.24E+08  0.24E+03
       C   2 1   0.86E+03 -0.61E-01  0.94E+01  0.25E+08  0.25E+03
       C   2 2   0.90E+03 -0.15E+00  0.97E+01  0.26E+08  0.26E+03
       C   3 3   0.33E+01  0.34E+00  0.18E+01  0.55E+03  0.21E+02
       C   4 3   0.35E+01  0.37E+00  0.20E+01  0.59E+03  0.22E+02
       C   4 4   0.38E+01  0.39E+00  0.22E+01  0.63E+03  0.24E+02
       Cl  1 1   0.14E+04 -0.47E+00  0.84E+01  0.32E+09  0.42E+03
       Cl  2 1   0.21E+04 -0.37E+00  0.12E+02  0.49E+09  0.65E+03
       Cl  2 2   0.33E+04 -0.16E+00  0.21E+02  0.76E+09  0.10E+04
       Cl  3 3   0.21E+02  0.79E-01  0.89E+01  0.23E+05  0.13E+03
       Cl  4 3   0.24E+02  0.67E-01  0.99E+01  0.27E+05  0.15E+03
       Cl  4 4   0.28E+02  0.44E-01  0.11E+02  0.32E+05  0.18E+03
       Cl  5 5   0.77E+00  0.19E+00  0.18E+01  0.12E+03  0.22E+02
       Cl  6 5   0.80E+00  0.19E+00  0.19E+01  0.12E+03  0.23E+02
       Cl  6 6   0.83E+00  0.20E+00  0.19E+01  0.12E+03  0.23E+02
       H   1 1   0.39E+02  0.19E+00  0.29E+00  0.78E+05  0.13E+02
       H   2 1   0.41E+02  0.21E+00  0.32E+00  0.82E+05  0.14E+02
       H   2 2   0.43E+02  0.22E+00  0.36E+00  0.86E+05  0.15E+02
     ------------------------------------------------------------

     alpha_pv=     34.8508 eV

     Number of occupied bands for each k-point:
     k-point:     1    nbnd_occ=  42
     k-point:     2    nbnd_occ=  42
     k-point:     3    nbnd_occ=  42
     k-point:     4    nbnd_occ=  42
     k-point:     5    nbnd_occ=  42
     k-point:     6    nbnd_occ=  42
     k-point:     7    nbnd_occ=  42
     k-point:     8    nbnd_occ=  42
     k-point:     9    nbnd_occ=  42
     k-point:    10    nbnd_occ=  42
     k-point:    11    nbnd_occ=  42
     k-point:    12    nbnd_occ=  42
     k-point:    13    nbnd_occ=  42
     k-point:    14    nbnd_occ=  42
     k-point:    15    nbnd_occ=  42
     k-point:    16    nbnd_occ=  42


     q-space interpolation up to   110.00 Rydberg

     GIPAW job: efg                                                                             


     ELECTRIC FIELD GRADIENTS TENSORS IN Hartree/bohrradius^2:

     ----- bare term -----
     Cl   1       -0.036092        0.314998       -0.160357
     Cl   1        0.314998       -0.126582       -0.048959
     Cl   1       -0.160357       -0.048959        0.162674

     C    2        0.035125       -0.184173       -0.473593
     C    2       -0.184173       -0.374388       -0.437917
     C    2       -0.473593       -0.437917        0.339263

     C    3       -0.037152        0.301592       -0.021554
     C    3        0.301592        0.055986        0.044869
     C    3       -0.021554        0.044869       -0.018835

     H    4        0.161171       -0.068216       -0.194455
     H    4       -0.068216        0.404234        0.055753
     H    4       -0.194455        0.055753       -0.565406

     C    5       -0.058043       -0.072632       -0.272511
     C    5       -0.072632       -0.027800       -0.270400
     C    5       -0.272511       -0.270400        0.085842

     H    6        0.259368        0.037288        0.334503
     H    6        0.037288        0.121649       -0.342538
     H    6        0.334503       -0.342538       -0.381016

     H    7        0.406586        0.121212       -0.024635
     H    7        0.121212       -0.590482        0.350279
     H    7       -0.024635        0.350279        0.183896

     C    8       -0.534939       -0.264405       -0.406337
     C    8       -0.264405        0.112519        0.290109
     C    8       -0.406337        0.290109        0.422420

     H    9       -0.414785        0.423613       -0.065998
     H    9        0.423613        0.275049       -0.055412
     H    9       -0.065998       -0.055412        0.139737

     C   10       -0.079553       -0.272058       -0.082960
     C   10       -0.272058       -0.570765        0.438515
     C   10       -0.082960        0.438515        0.650319

     C   11       -0.261159       -0.020993       -0.369731
     C   11       -0.020993        0.013404        0.363763
     C   11       -0.369731        0.363763        0.247755

     Cl  12       -0.110943       -0.160366        0.135411
     Cl  12       -0.160366       -0.095428       -0.084253
     Cl  12        0.135411       -0.084253        0.206371

     H   13        0.550104       -0.006871       -0.006900
     H   13       -0.006871       -0.206394       -0.290186
     H   13       -0.006900       -0.290186       -0.343711

     C   14       -0.835702        0.352764       -0.369247
     C   14        0.352764        0.444341       -0.122052
     C   14       -0.369247       -0.122052        0.391361

     H   15        0.143427        0.023634       -0.397564
     H   15        0.023634        0.120294        0.280582
     H   15       -0.397564        0.280582       -0.263721

     C   16        0.086248        0.159975       -0.141913
     C   16        0.159975       -0.052682       -0.609481
     C   16       -0.141913       -0.609481       -0.033567

     C   17       -0.529046        0.263277       -0.352444
     C   17        0.263277        0.144571       -0.231805
     C   17       -0.352444       -0.231805        0.384476

     Cl  18       -0.048219        0.007493       -0.090186
     Cl  18        0.007493       -0.013627       -0.096619
     Cl  18       -0.090186       -0.096619        0.061846

     H   19       -0.019862        0.351702       -0.291351
     H   19        0.351702       -0.197178        0.446424
     H   19       -0.291351        0.446424        0.217040

     C   20        0.085684       -0.586443       -0.013961
     C   20       -0.586443       -0.444869        0.379442
     C   20       -0.013961        0.379442        0.359185

     H   21       -0.756256        0.106338       -0.085737
     H   21        0.106338        0.421961        0.153837
     H   21       -0.085737        0.153837        0.334295

     C   22       -0.075908       -0.182680       -0.436920
     C   22       -0.182680       -0.158210        0.448524
     C   22       -0.436920        0.448524        0.234118

     C   23       -0.220415       -0.202079       -0.262883
     C   23       -0.202079       -0.078210        0.536940
     C   23       -0.262883        0.536940        0.298625

     Cl  24        0.134854       -0.054173        0.129907
     Cl  24       -0.054173        0.167308       -0.212655
     Cl  24        0.129907       -0.212655       -0.302162

     ----- ionic term -----
     Cl   1        0.109855       -0.217621        0.001559
     Cl   1       -0.217621        0.025773        0.010491
     Cl   1        0.001559        0.010491       -0.135628

     C    2        0.050584       -0.316161        0.292573
     C    2       -0.316161        0.000122        0.404507
     C    2        0.292573        0.404507       -0.050706

     C    3        0.048423       -0.341060        0.237646
     C    3       -0.341060        0.049104        0.341055
     C    3        0.237646        0.341055       -0.097528

     H    4        0.359844        0.099143        0.812969
     H    4        0.099143       -0.533979        0.149693
     H    4        0.812969        0.149693        0.174135

     C    5        0.102432       -0.297362        0.356700
     C    5       -0.297362       -0.046681        0.259971
     C    5        0.356700        0.259971       -0.055751

     H    6       -0.559661       -0.026125       -0.005412
     H    6       -0.026125        0.463759        0.788396
     H    6       -0.005412        0.788396        0.095902

     H    7       -0.478783       -0.203499        0.061327
     H    7       -0.203499        0.817343       -0.580184
     H    7        0.061327       -0.580184       -0.338560

     C    8        0.399821        0.058185        0.096614
     C    8        0.058185        0.058681       -0.310606
     C    8        0.096614       -0.310606       -0.458502

     H    9        0.646929       -0.477544        0.541993
     H    9       -0.477544       -0.298027       -0.276208
     H    9        0.541993       -0.276208       -0.348902

     C   10        0.161962        0.080898        0.091988
     C   10        0.080898        0.260988       -0.418255
     C   10        0.091988       -0.418255       -0.422950

     C   11        0.182711        0.121321        0.182347
     C   11        0.121321        0.230320       -0.388985
     C   11        0.182347       -0.388985       -0.413030

     Cl  12        0.125845        0.211178       -0.014951
     Cl  12        0.211178        0.017370       -0.022970
     Cl  12       -0.014951       -0.022970       -0.143214

     H   13       -0.529924       -0.015119        0.009164
     H   13       -0.015119        0.309547        0.785435
     H   13        0.009164        0.785435        0.220378

     C   14        0.119791       -0.307821        0.363055
     C   14       -0.307821       -0.041139        0.251569
     C   14        0.363055        0.251569       -0.078652

     H   15        0.251877        0.070966        0.780479
     H   15        0.070966       -0.492206        0.162459
     H   15        0.780479        0.162459        0.240329

     C   16       -0.048933       -0.372029        0.230555
     C   16       -0.372029        0.122045        0.400832
     C   16        0.230555        0.400832       -0.073112

     C   17       -0.026780       -0.314968        0.384693
     C   17       -0.314968        0.016977        0.391699
     C   17        0.384693        0.391699        0.009803

     Cl  18        0.109048       -0.240340        0.065939
     Cl  18       -0.240340        0.026075       -0.042872
     Cl  18        0.065939       -0.042872       -0.135123

     H   19       -0.522016       -0.156532        0.117663
     H   19       -0.156532        0.586629       -0.756340
     H   19        0.117663       -0.756340       -0.064613

     C   20        0.279947        0.178243        0.156732
     C   20        0.178243        0.055951       -0.338496
     C   20        0.156732       -0.338496       -0.335899

     H   21        0.696470       -0.153926        0.653392
     H   21       -0.153926       -0.545768       -0.163109
     H   21        0.653392       -0.163109       -0.150702

     C   22        0.183999        0.253433        0.113880
     C   22        0.253433        0.087410       -0.424217
     C   22        0.113880       -0.424217       -0.271408

     C   23        0.299636        0.089393        0.079459
     C   23        0.089393        0.040672       -0.459296
     C   23        0.079459       -0.459296       -0.340308

     Cl  24        0.116920        0.199473       -0.067853
     Cl  24        0.199473        0.013520       -0.047804
     Cl  24       -0.067853       -0.047804       -0.130441

     ----- GIPAW term -----
     Cl   1        1.930268       -0.102647       -1.867922
     Cl   1       -0.102647       -1.108459       -0.595877
     Cl   1       -1.867922       -0.595877       -0.821809

     C    2        0.014113       -0.124657       -0.198458
     C    2       -0.124657       -0.150365       -0.005910
     C    2       -0.198458       -0.005910        0.136251

     C    3        0.012117        0.007230       -0.031433
     C    3        0.007230       -0.011204        0.023924
     C    3       -0.031433        0.023924       -0.000913

     H    4       -0.000000        0.000000        0.000000
     H    4        0.000000        0.000000        0.000000
     H    4        0.000000        0.000000        0.000000

     C    5        0.027430       -0.023796       -0.126734
     C    5       -0.023796       -0.094821       -0.024917
     C    5       -0.126734       -0.024917        0.067391

     H    6       -0.000000        0.000000        0.000000
     H    6        0.000000        0.000000        0.000000
     H    6        0.000000        0.000000        0.000000

     H    7       -0.000000        0.000000        0.000000
     H    7        0.000000        0.000000        0.000000
     H    7        0.000000        0.000000        0.000000

     C    8       -0.083082       -0.079687       -0.042750
     C    8       -0.079687        0.036186        0.017912
     C    8       -0.042750        0.017912        0.046896

     H    9       -0.000000        0.000000        0.000000
     H    9        0.000000        0.000000        0.000000
     H    9        0.000000        0.000000        0.000000

     C   10       -0.118371       -0.027594       -0.010438
     C   10       -0.027594       -0.190291       -0.006293
     C   10       -0.010438       -0.006293        0.308662

     C   11        0.079734        0.048108        0.031162
     C   11        0.048108       -0.016733       -0.012445
     C   11        0.031162       -0.012445       -0.063001

     Cl  12        0.437991        0.840803        1.607560
     Cl  12        0.840803       -1.030785       -1.011350
     Cl  12        1.607560       -1.011350        0.592795

     H   13       -0.000000        0.000000        0.000000
     H   13        0.000000        0.000000        0.000000
     H   13        0.000000        0.000000        0.000000

     C   14       -0.234208        0.001269       -0.046859
     C   14        0.001269        0.296175        0.057296
     C   14       -0.046859        0.057296       -0.061967

     H   15       -0.000000        0.000000        0.000000
     H   15        0.000000        0.000000        0.000000
     H   15        0.000000        0.000000        0.000000

     C   16       -0.097181        0.034886       -0.018624
     C   16        0.034886        0.225397       -0.127033
     C   16       -0.018624       -0.127033       -0.128216

     C   17       -0.080731       -0.137684       -0.081180
     C   17       -0.137684        0.156003        0.049392
     C   17       -0.081180        0.049392       -0.075272

     Cl  18       -0.341218       -1.518367       -0.504441
     Cl  18       -1.518367        0.471618       -2.201208
     Cl  18       -0.504441       -2.201208       -0.130401

     H   19       -0.000000        0.000000        0.000000
     H   19        0.000000        0.000000        0.000000
     H   19        0.000000        0.000000        0.000000

     C   20        0.222195       -0.218492        0.070295
     C   20       -0.218492       -0.156821        0.048045
     C   20        0.070295        0.048045       -0.065374

     H   21       -0.000000        0.000000        0.000000
     H   21        0.000000        0.000000        0.000000
     H   21        0.000000        0.000000        0.000000

     C   22        0.087932       -0.111139       -0.222399
     C   22       -0.111139       -0.063560        0.116390
     C   22       -0.222399        0.116390       -0.024372

     C   23       -0.022828       -0.038129       -0.159801
     C   23       -0.038129       -0.042649        0.188351
     C   23       -0.159801        0.188351        0.065478

     Cl  24       -0.243082        0.535909       -0.651086
     Cl  24        0.535909       -0.623834        0.673416
     Cl  24       -0.651086        0.673416        0.866916

     ----- total EFG -----
     Cl   1        2.004031       -0.005269       -2.026720
     Cl   1       -0.005269       -1.209268       -0.634345
     Cl   1       -2.026720       -0.634345       -0.794763

     C    2        0.099823       -0.624990       -0.379478
     C    2       -0.624990       -0.524631       -0.039320
     C    2       -0.379478       -0.039320        0.424808

     C    3        0.023389       -0.032239        0.184658
     C    3       -0.032239        0.093886        0.409848
     C    3        0.184658        0.409848       -0.117275

     H    4        0.521015        0.030926        0.618514
     H    4        0.030926       -0.129745        0.205446
     H    4        0.618514        0.205446       -0.391270

     C    5        0.071819       -0.393790       -0.042545
     C    5       -0.393790       -0.169302       -0.035347
     C    5       -0.042545       -0.035347        0.097482

     H    6       -0.300293        0.011162        0.329092
     H    6        0.011162        0.585408        0.445858
     H    6        0.329092        0.445858       -0.285114

     H    7       -0.072197       -0.082288        0.036692
     H    7       -0.082288        0.226861       -0.229904
     H    7        0.036692       -0.229904       -0.154664

     C    8       -0.218199       -0.285907       -0.352474
     C    8       -0.285907        0.207385       -0.002585
     C    8       -0.352474       -0.002585        0.010814

     H    9        0.232144       -0.053931        0.475996
     H    9       -0.053931       -0.022978       -0.331619
     H    9        0.475996       -0.331619       -0.209166

     C   10       -0.035963       -0.218754       -0.001410
     C   10       -0.218754       -0.500068        0.013967
     C   10       -0.001410        0.013967        0.536031

     C   11        0.001286        0.148435       -0.156221
     C   11        0.148435        0.226991       -0.037666
     C   11       -0.156221       -0.037666       -0.228277

     Cl  12        0.452892        0.891614        1.728020
     Cl  12        0.891614       -1.108844       -1.118573
     Cl  12        1.728020       -1.118573        0.655952

     H   13        0.020180       -0.021990        0.002264
     H   13       -0.021990        0.103153        0.495249
     H   13        0.002264        0.495249       -0.123333

     C   14       -0.950119        0.046212       -0.053051
     C   14        0.046212        0.699377        0.186813
     C   14       -0.053051        0.186813        0.250741

     H   15        0.395305        0.094601        0.382915
     H   15        0.094601       -0.371913        0.443041
     H   15        0.382915        0.443041       -0.023392

     C   16       -0.059865       -0.177168        0.070018
     C   16       -0.177168        0.294760       -0.335681
     C   16        0.070018       -0.335681       -0.234895

     C   17       -0.636557       -0.189375       -0.048931
     C   17       -0.189375        0.317551        0.209286
     C   17       -0.048931        0.209286        0.319006

     Cl  18       -0.280388       -1.751214       -0.528687
     Cl  18       -1.751214        0.484066       -2.340699
     Cl  18       -0.528687       -2.340699       -0.203678

     H   19       -0.541878        0.195170       -0.173688
     H   19        0.195170        0.389451       -0.309916
     H   19       -0.173688       -0.309916        0.152426

     C   20        0.587825       -0.626692        0.213066
     C   20       -0.626692       -0.545738        0.088991
     C   20        0.213066        0.088991       -0.042087

     H   21       -0.059786       -0.047588        0.567655
     H   21       -0.047588       -0.123807       -0.009272
     H   21        0.567655       -0.009272        0.183593

     C   22        0.196023       -0.040386       -0.545439
     C   22       -0.040386       -0.134360        0.140697
     C   22       -0.545439        0.140697       -0.061663

     C   23        0.056393       -0.150815       -0.343225
     C   23       -0.150815       -0.080187        0.265995
     C   23       -0.343225        0.265995        0.023795

     Cl  24        0.008693        0.681209       -0.589032
     Cl  24        0.681209       -0.443006        0.412957
     Cl  24       -0.589032        0.412957        0.434313

     ----- total EFG (symmetrized) -----
     Cl   1        2.004031       -0.005269       -2.026720
     Cl   1       -0.005269       -1.209268       -0.634345
     Cl   1       -2.026720       -0.634345       -0.794763

     C    2        0.099823       -0.624990       -0.379478
     C    2       -0.624990       -0.524631       -0.039320
     C    2       -0.379478       -0.039320        0.424808

     C    3        0.023389       -0.032239        0.184658
     C    3       -0.032239        0.093886        0.409848
     C    3        0.184658        0.409848       -0.117275

     H    4        0.521015        0.030926        0.618514
     H    4        0.030926       -0.129745        0.205446
     H    4        0.618514        0.205446       -0.391270

     C    5        0.071819       -0.393790       -0.042545
     C    5       -0.393790       -0.169302       -0.035347
     C    5       -0.042545       -0.035347        0.097482

     H    6       -0.300293        0.011162        0.329092
     H    6        0.011162        0.585408        0.445858
     H    6        0.329092        0.445858       -0.285114

     H    7       -0.072197       -0.082288        0.036692
     H    7       -0.082288        0.226861       -0.229904
     H    7        0.036692       -0.229904       -0.154664

     C    8       -0.218199       -0.285907       -0.352474
     C    8       -0.285907        0.207385       -0.002585
     C    8       -0.352474       -0.002585        0.010814

     H    9        0.232144       -0.053931        0.475996
     H    9       -0.053931       -0.022978       -0.331619
     H    9        0.475996       -0.331619       -0.209166

     C   10       -0.035963       -0.218754       -0.001410
     C   10       -0.218754       -0.500068        0.013967
     C   10       -0.001410        0.013967        0.536031

     C   11        0.001286        0.148435       -0.156221
     C   11        0.148435        0.226991       -0.037666
     C   11       -0.156221       -0.037666       -0.228277

     Cl  12        0.452892        0.891614        1.728020
     Cl  12        0.891614       -1.108844       -1.118573
     Cl  12        1.728020       -1.118573        0.655952

     H   13        0.020180       -0.021990        0.002264
     H   13       -0.021990        0.103153        0.495249
     H   13        0.002264        0.495249       -0.123333

     C   14       -0.950119        0.046212       -0.053051
     C   14        0.046212        0.699377        0.186813
     C   14       -0.053051        0.186813        0.250741

     H   15        0.395305        0.094601        0.382915
     H   15        0.094601       -0.371913        0.443041
     H   15        0.382915        0.443041       -0.023392

     C   16       -0.059865       -0.177168        0.070018
     C   16       -0.177168        0.294760       -0.335681
     C   16        0.070018       -0.335681       -0.234895

     C   17       -0.636557       -0.189375       -0.048931
     C   17       -0.189375        0.317551        0.209286
     C   17       -0.048931        0.209286        0.319006

     Cl  18       -0.280388       -1.751214       -0.528687
     Cl  18       -1.751214        0.484066       -2.340699
     Cl  18       -0.528687       -2.340699       -0.203678

     H   19       -0.541878        0.195170       -0.173688
     H   19        0.195170        0.389451       -0.309916
     H   19       -0.173688       -0.309916        0.152426

     C   20        0.587825       -0.626692        0.213066
     C   20       -0.626692       -0.545738        0.088991
     C   20        0.213066        0.088991       -0.042087

     H   21       -0.059786       -0.047588        0.567655
     H   21       -0.047588       -0.123807       -0.009272
     H   21        0.567655       -0.009272        0.183593

     C   22        0.196023       -0.040386       -0.545439
     C   22       -0.040386       -0.134360        0.140697
     C   22       -0.545439        0.140697       -0.061663

     C   23        0.056393       -0.150815       -0.343225
     C   23       -0.150815       -0.080187        0.265995
     C   23       -0.343225        0.265995        0.023795

     Cl  24        0.008693        0.681209       -0.589032
     Cl  24        0.681209       -0.443006        0.412957
     Cl  24       -0.589032        0.412957        0.434313


     NQR/NMR SPECTROSCOPIC PARAMETERS:
     Cl   1    Vxx=   -0.8988    axis=( -0.290762  0.860326 -0.418686)
     Cl   1    Vyy=   -2.1886    axis=(  0.376121  0.505138  0.776768)
     Cl   1    Vzz=    3.0874    axis=( -0.879767 -0.068378  0.470461)
     Cl   1  Q=        -8.1650 1e-30 m^2  Cq=       -59.2306 MHz  eta= 0.41778

     C    2    Vxx=    0.1783    axis=(  0.509441 -0.492432  0.705677)
     C    2    Vyy=    0.7741    axis=( -0.662939  0.298242  0.686705)
     C    2    Vzz=   -0.9524    axis=( -0.548618 -0.817657 -0.174516)
     C    2  Q=         1.0000 1e-30 m^2  Cq=        -2.2377 MHz  eta= 0.62558

     C    3    Vxx=    0.0575    axis=(  0.922721 -0.370741  0.105532)
     C    3    Vyy=    0.4319    axis=( -0.226297 -0.742637 -0.630302)
     C    3    Vzz=   -0.4894    axis=(  0.312050  0.557712 -0.769144)
     C    3  Q=         1.0000 1e-30 m^2  Cq=        -1.1498 MHz  eta= 0.76517

     H    4    Vxx=   -0.0979    axis=(  0.230635 -0.955679 -0.182989)
     H    4    Vyy=   -0.7506    axis=(  0.416285  0.266889 -0.869182)
     H    4    Vzz=    0.8485    axis=(  0.879497  0.124288  0.459388)
     H    4  Q=         1.0000 1e-30 m^2  Cq=         1.9935 MHz  eta= 0.76930

     C    5    Vxx=    0.1019    axis=( -0.016101 -0.106183  0.994216)
     C    5    Vyy=    0.3638    axis=( -0.804900  0.591291  0.050115)
     C    5    Vzz=   -0.4657    axis=( -0.593192 -0.799438 -0.094987)
     C    5  Q=         1.0000 1e-30 m^2  Cq=        -1.0942 MHz  eta= 0.56218

     H    6    Vxx=   -0.0894    axis=(  0.782521 -0.352191  0.513442)
     H    6    Vyy=   -0.7025    axis=(  0.608065  0.255000 -0.751819)
     H    6    Vzz=    0.7919    axis=(  0.133856  0.900520  0.413698)
     H    6  Q=         1.0000 1e-30 m^2  Cq=         1.8606 MHz  eta= 0.77424

     H    7    Vxx=   -0.0912    axis=(  0.978322  0.182923 -0.097079)
     H    7    Vyy=   -0.2627    axis=(  0.010011  0.426460  0.904451)
     H    7    Vzz=    0.3539    axis=(  0.206845 -0.885817  0.415384)
     H    7  Q=         1.0000 1e-30 m^2  Cq=         0.8315 MHz  eta= 0.48444

     C    8    Vxx=    0.1163    axis=(  0.213578  0.649635 -0.729629)
     C    8    Vyy=    0.4330    axis=(  0.553307 -0.695964 -0.457696)
     C    8    Vzz=   -0.5493    axis=( -0.805131 -0.305956 -0.508090)
     C    8  Q=         1.0000 1e-30 m^2  Cq=        -1.2906 MHz  eta= 0.57656

     H    9    Vxx=    0.0040    axis=(  0.517922  0.841666 -0.152824)
     H    9    Vyy=    0.6213    axis=( -0.743244  0.354316 -0.567493)
     H    9    Vzz=   -0.6253    axis=( -0.423491  0.407502  0.809072)
     H    9  Q=         1.0000 1e-30 m^2  Cq=        -1.4693 MHz  eta= 0.98705

     C   10    Vxx=    0.0508    axis=(  0.929435 -0.368745  0.013315)
     C   10    Vyy=    0.5363    axis=(  0.008284 -0.015224 -0.999850)
     C   10    Vzz=   -0.5871    axis=(  0.368893  0.929406 -0.011095)
     C   10  Q=         1.0000 1e-30 m^2  Cq=        -1.3794 MHz  eta= 0.82692

     C   11    Vxx=   -0.0117    axis=(  0.731489 -0.523713 -0.436632)
     C   11    Vyy=   -0.3097    axis=(  0.474127 -0.069534  0.877707)
     C   11    Vzz=    0.3214    axis=( -0.490028 -0.849052  0.197443)
     C   11  Q=         1.0000 1e-30 m^2  Cq=         0.7552 MHz  eta= 0.92697

     Cl  12    Vxx=    0.2635    axis=(  0.557604  0.711210 -0.428086)
     Cl  12    Vyy=    2.2998    axis=(  0.662938 -0.071162  0.745285)
     Cl  12    Vzz=   -2.5633    axis=(  0.499591 -0.699368 -0.511169)
     Cl  12  Q=        -8.1650 1e-30 m^2  Cq=        49.1762 MHz  eta= 0.79442

     H   13    Vxx=    0.0201    axis=(  0.999042  0.007897  0.043035)
     H   13    Vyy=    0.4985    axis=(  0.033000 -0.781842 -0.622603)
     H   13    Vzz=   -0.5186    axis=(  0.028730  0.623427 -0.781354)
     H   13  Q=         1.0000 1e-30 m^2  Cq=        -1.2184 MHz  eta= 0.92246

     C   14    Vxx=    0.1869    axis=( -0.057551 -0.337344  0.939621)
     C   14    Vyy=    0.7674    axis=(  0.014852  0.940787  0.338672)
     C   14    Vzz=   -0.9543    axis=( -0.998232  0.033446 -0.049133)
     C   14  Q=         1.0000 1e-30 m^2  Cq=        -2.2422 MHz  eta= 0.60825

     H   15    Vxx=   -0.0254    axis=(  0.629266 -0.541300 -0.557690)
     H   15    Vyy=   -0.6936    axis=(  0.143181  0.786033 -0.601375)
     H   15    Vzz=    0.7191    axis=( -0.763887 -0.298575 -0.572128)
     H   15  Q=         1.0000 1e-30 m^2  Cq=         1.6895 MHz  eta= 0.92927

     C   16    Vxx=   -0.1215    axis=(  0.949015  0.258781 -0.180010)
     C   16    Vyy=   -0.3983    axis=(  0.048153  0.445332  0.894070)
     C   16    Vzz=    0.5198    axis=(  0.311533 -0.857153  0.410166)
     C   16  Q=         1.0000 1e-30 m^2  Cq=         1.2213 MHz  eta= 0.53266

     C   17    Vxx=    0.1210    axis=(  0.119394 -0.667503  0.734972)
     C   17    Vyy=    0.5519    axis=( -0.142811  0.721023  0.678034)
     C   17    Vzz=   -0.6729    axis=( -0.982522 -0.185915 -0.009242)
     C   17  Q=         1.0000 1e-30 m^2  Cq=        -1.5809 MHz  eta= 0.64039

     Cl  18    Vxx=    0.2552    axis=(  0.796263 -0.061867 -0.601779)
     Cl  18    Vyy=    2.8646    axis=(  0.341897 -0.774631  0.532028)
     Cl  18    Vzz=   -3.1199    axis=(  0.499072  0.629380  0.595658)
     Cl  18  Q=        -8.1650 1e-30 m^2  Cq=        59.8528 MHz  eta= 0.83638

     H   19    Vxx=   -0.0591    axis=( -0.055398  0.583803  0.810003)
     H   19    Vyy=   -0.5997    axis=(  0.975852 -0.140014  0.167656)
     H   19    Vzz=    0.6588    axis=(  0.211290  0.799731 -0.561949)
     H   19  Q=         1.0000 1e-30 m^2  Cq=         1.5479 MHz  eta= 0.82069

     C   20    Vxx=   -0.0344    axis=( -0.072112  0.256132  0.963948)
     C   20    Vyy=   -0.8590    axis=(  0.414270  0.886847 -0.204654)
     C   20    Vzz=    0.8934    axis=( -0.907293  0.384577 -0.170060)
     C   20  Q=         1.0000 1e-30 m^2  Cq=         2.0991 MHz  eta= 0.92303

     H   21    Vxx=   -0.1231    axis=( -0.030695  0.995744  0.086901)
     H   21    Vyy=   -0.5211    axis=( -0.776865 -0.078472  0.624758)
     H   21    Vzz=    0.6443    axis=(  0.628918 -0.048334  0.775968)
     H   21  Q=         1.0000 1e-30 m^2  Cq=         1.5137 MHz  eta= 0.61770

     C   22    Vxx=   -0.1328    axis=(  0.259258  0.962055  0.085064)
     C   22    Vyy=   -0.5131    axis=(  0.585666 -0.226638  0.778223)
     C   22    Vzz=    0.6459    axis=( -0.767971  0.151941  0.622201)
     C   22  Q=         1.0000 1e-30 m^2  Cq=         1.5177 MHz  eta= 0.58879

     C   23    Vxx=   -0.1737    axis=(  0.644488  0.758193  0.098887)
     C   23    Vyy=   -0.3533    axis=(  0.451648 -0.481849  0.750890)
     C   23    Vzz=    0.5270    axis=( -0.616968  0.439278  0.652982)
     C   23  Q=         1.0000 1e-30 m^2  Cq=         1.2383 MHz  eta= 0.34087

     Cl  24    Vxx=    0.3682    axis=(  0.540500  0.695129  0.473978)
     Cl  24    Vyy=    0.8514    axis=(  0.607547  0.067242 -0.791432)
     Cl  24    Vzz=   -1.2196    axis=( -0.582019  0.715733 -0.385979)
     Cl  24  Q=        -8.1650 1e-30 m^2  Cq=        23.3983 MHz  eta= 0.39614

     Initialization:
     gipaw_setup  :      9.44s CPU     11.75s WALL (       1 calls)

     Linear response

     Apply operators

     Induced current

     Other routines
     efg          :      9.98s CPU     12.76s WALL (       1 calls)

     General routines
     calbec       :      3.30s CPU      4.36s WALL (      16 calls)
     fft          :      1.73s CPU      2.94s WALL (      15 calls)
     ffts         :      0.03s CPU      0.05s WALL (       2 calls)
     fftw         :      3.83s CPU      4.91s WALL (     672 calls)
     davcio       :      0.03s CPU      0.33s WALL (      32 calls)

     Parallel routines
     fft_scatter  :      2.66s CPU      4.77s WALL (     689 calls)

     Plugins

     GIPAW        :     62.12s CPU     75.69s WALL (       1 calls)
