
     Program QE v.6.0 (svn rev. 13079) starts on 22Dec2016 at 16:51:29 

     This program is part of the open-source Quantum ESPRESSO suite
     for quantum simulation of materials; please cite
         "P. Giannozzi et al., J. Phys.:Condens. Matter 21 395502 (2009);
          URL http://www.quantum-espresso.org", 
     in publications or presentations arising from this work. More details at
     http://www.quantum-espresso.org/quote

     Parallel version (MPI), running on     8 processors
     R & G space division:  proc/nbgrp/npool/nimage =       8

     ***** This is GIPAW svn revision unknown      *****

     Parallelizing q-star over 1 images

     Reading data from directory:
     /users/majewski/paradichlorobenzene/pbe/9_constraint/scratch/pbe.ecut100.np8.dt60.pcl2phi-129368.save
     Message from routine read_xml_file:
     file /users/majewski/paradichlorobenzene/pbe/9_constraint/scratch/pbe.ecut100.np8.dt60.pcl2phi-129368.save not guaranteed to be safe for post-processing

   Info: using nr1, nr2, nr3 values from input

   Info: using nr1, nr2, nr3 values from input

     IMPORTANT: XC functional enforced from input :
     Exchange-correlation      =  SLA  PW   PBX  PBC ( 1  4  3  4 0 0)
     Any further DFT definition will be discarded
     Please, verify this is what you really want

               file C.pbe-n-kjpaw_psl.1.0.0.UPF: wavefunction(s)  2S 2P renormalized
               file Cl.pbe-n-kjpaw_psl.1.0.0.UPF: wavefunction(s)  3S 3P renormalized
               file H.pbe-kjpaw_psl.1.0.0.UPF: wavefunction(s)  1S renormalized

     Parallelization info
     --------------------
     sticks:   dense  smooth     PW     G-vecs:    dense   smooth      PW
     Min        3057    1223    332               144436    36536    5170
     Max        3059    1225    333               144437    36537    5171
     Sum       24467    9791   2657              1155489   292295   41363


     Subspace diagonalization in iterative solution of the eigenvalue problem:
     a serial algorithm will be used

     GIPAW projectors -----------------------------------------------
     atom=  C    l=0  rc=    1.2000  rs=    0.8000
     atom=  C    l=0  rc=    1.2000  rs=    0.8000
     atom=  C    l=1  rc=    1.4000  rs=    0.9333
     atom=  C    l=1  rc=    1.4000  rs=    0.9333
     projs nearly linearly dependent: l=1  n1,n2= 1, 2  s=  0.99951561

     atom=  Cl   l=0  rc=    1.6000  rs=    1.0667
     atom=  Cl   l=0  rc=    1.6000  rs=    1.0667
     atom=  Cl   l=1  rc=    1.6000  rs=    1.0667
     atom=  Cl   l=1  rc=    1.6000  rs=    1.0667
     atom=  Cl   l=2  rc=    1.6000  rs=    1.0667
     atom=  Cl   l=2  rc=    1.6000  rs=    1.0667
     projs nearly linearly dependent: l=2  n1,n2= 1, 2  s=  0.99993509

     atom=  H    l=0  rc=    1.0000  rs=    0.6667
     atom=  H    l=0  rc=    1.0000  rs=    0.6667
     projs nearly linearly dependent: l=0  n1,n2= 1, 2  s=  0.99968852
     -----------------------------------------------------------------

     GIPAW integrals: -------------------------------------------
     Atom  i/j   nmr_para   nmr_dia   epr_rmc  epr_para   epr_dia
       C   1 1   0.83E+03  0.17E-01  0.93E+01  0.24E+08  0.24E+03
       C   2 1   0.86E+03 -0.61E-01  0.94E+01  0.25E+08  0.25E+03
       C   2 2   0.90E+03 -0.15E+00  0.97E+01  0.26E+08  0.26E+03
       C   3 3   0.33E+01  0.34E+00  0.18E+01  0.55E+03  0.21E+02
       C   4 3   0.35E+01  0.37E+00  0.20E+01  0.59E+03  0.22E+02
       C   4 4   0.38E+01  0.39E+00  0.22E+01  0.63E+03  0.24E+02
       Cl  1 1   0.14E+04 -0.47E+00  0.84E+01  0.32E+09  0.42E+03
       Cl  2 1   0.21E+04 -0.37E+00  0.12E+02  0.49E+09  0.65E+03
       Cl  2 2   0.33E+04 -0.16E+00  0.21E+02  0.76E+09  0.10E+04
       Cl  3 3   0.21E+02  0.79E-01  0.89E+01  0.23E+05  0.13E+03
       Cl  4 3   0.24E+02  0.67E-01  0.99E+01  0.27E+05  0.15E+03
       Cl  4 4   0.28E+02  0.44E-01  0.11E+02  0.32E+05  0.18E+03
       Cl  5 5   0.77E+00  0.19E+00  0.18E+01  0.12E+03  0.22E+02
       Cl  6 5   0.80E+00  0.19E+00  0.19E+01  0.12E+03  0.23E+02
       Cl  6 6   0.83E+00  0.20E+00  0.19E+01  0.12E+03  0.23E+02
       H   1 1   0.39E+02  0.19E+00  0.29E+00  0.78E+05  0.13E+02
       H   2 1   0.41E+02  0.21E+00  0.32E+00  0.82E+05  0.14E+02
       H   2 2   0.43E+02  0.22E+00  0.36E+00  0.86E+05  0.15E+02
     ------------------------------------------------------------

     alpha_pv=     34.5280 eV

     Number of occupied bands for each k-point:
     k-point:     1    nbnd_occ=  42
     k-point:     2    nbnd_occ=  42
     k-point:     3    nbnd_occ=  42
     k-point:     4    nbnd_occ=  42
     k-point:     5    nbnd_occ=  42
     k-point:     6    nbnd_occ=  42
     k-point:     7    nbnd_occ=  42
     k-point:     8    nbnd_occ=  42
     k-point:     9    nbnd_occ=  42
     k-point:    10    nbnd_occ=  42
     k-point:    11    nbnd_occ=  42
     k-point:    12    nbnd_occ=  42
     k-point:    13    nbnd_occ=  42
     k-point:    14    nbnd_occ=  42
     k-point:    15    nbnd_occ=  42
     k-point:    16    nbnd_occ=  42


     q-space interpolation up to   110.00 Rydberg

     GIPAW job: efg                                                                             


     ELECTRIC FIELD GRADIENTS TENSORS IN Hartree/bohrradius^2:

     ----- bare term -----
     Cl   1       -0.155747        0.255477       -0.021802
     Cl   1        0.255477        0.108574       -0.043466
     Cl   1       -0.021802       -0.043466        0.047173

     C    2       -0.051873        0.077770       -0.151322
     C    2        0.077770       -0.000305       -0.542574
     C    2       -0.151322       -0.542574        0.052177

     C    3        0.043654       -0.014343        0.249808
     C    3       -0.014343       -0.077803        0.265186
     C    3        0.249808        0.265186        0.034149

     H    4       -0.146407       -0.290056        0.126478
     H    4       -0.290056       -0.070578        0.158333
     H    4        0.126478        0.158333        0.216985

     C    5       -0.039172       -0.130483       -0.083435
     C    5       -0.130483       -0.063714        0.135234
     C    5       -0.083435        0.135234        0.102885

     H    6        0.340587       -0.049097       -0.072198
     H    6       -0.049097       -0.559875        0.256417
     H    6       -0.072198        0.256417        0.219288

     H    7        0.505702        0.042400        0.031192
     H    7        0.042400       -0.281389        0.385230
     H    7        0.031192        0.385230       -0.224313

     C    8       -0.764667       -0.385240       -0.334565
     C    8       -0.385240        0.451694        0.248008
     C    8       -0.334565        0.248008        0.312972

     H    9        0.053621        0.098906       -0.418455
     H    9        0.098906        0.379697       -0.156409
     H    9       -0.418455       -0.156409       -0.433318

     C   10       -0.008286       -0.149610       -0.182588
     C   10       -0.149610       -0.041764        0.646596
     C   10       -0.182588        0.646596        0.050050

     C   11       -0.426337       -0.250014       -0.389731
     C   11       -0.250014        0.133324        0.377755
     C   11       -0.389731        0.377755        0.293013

     Cl  12       -0.008339        0.020367       -0.035494
     Cl  12        0.020367        0.074157        0.031736
     Cl  12       -0.035494        0.031736       -0.065818

     H   13        0.208157        0.098419       -0.032152
     H   13        0.098419       -0.423800       -0.491403
     H   13       -0.032152       -0.491403        0.215643

     C   14       -0.452266        0.202514       -0.414494
     C   14        0.202514        0.088329       -0.308579
     C   14       -0.414494       -0.308579        0.363937

     H   15       -0.367693       -0.455431       -0.116774
     H   15       -0.455431        0.167218        0.090231
     H   15       -0.116774        0.090231        0.200475

     C   16       -0.210982        0.384669       -0.056299
     C   16        0.384669       -0.322289       -0.529722
     C   16       -0.056299       -0.529722        0.533271

     C   17       -0.120609        0.031892       -0.408582
     C   17        0.031892       -0.211354       -0.521041
     C   17       -0.408582       -0.521041        0.331963

     Cl  18       -0.009825        0.080987       -0.123840
     Cl  18        0.080987        0.008258       -0.113183
     Cl  18       -0.123840       -0.113183        0.001568

     H   19        0.402188       -0.114208        0.095773
     H   19       -0.114208       -0.448502        0.608305
     H   19        0.095773        0.608305        0.046314

     C   20       -0.146117        0.068023       -0.345892
     C   20        0.068023       -0.133797        0.341142
     C   20       -0.345892        0.341142        0.279915

     H   21        0.055576        0.092619       -0.291350
     H   21        0.092619        0.393470        0.412297
     H   21       -0.291350        0.412297       -0.449045

     C   22       -0.503822       -0.351414       -0.422582
     C   22       -0.351414        0.006768        0.045315
     C   22       -0.422582        0.045315        0.497054

     C   23       -0.006554        0.182675       -0.387259
     C   23        0.182675       -0.216625        0.476397
     C   23       -0.387259        0.476397        0.223179

     Cl  24       -0.216847       -0.214319       -0.095424
     Cl  24       -0.214319       -0.095350       -0.057515
     Cl  24       -0.095424       -0.057515        0.312197

     ----- ionic term -----
     Cl   1        0.176317       -0.204992        0.048426
     Cl   1       -0.204992        0.008675       -0.024533
     Cl   1        0.048426       -0.024533       -0.184992

     C    2        0.324645       -0.058350        0.207004
     C    2       -0.058350        0.261315        0.246603
     C    2        0.207004        0.246603       -0.585961

     C    3        0.313438       -0.130307        0.034362
     C    3       -0.130307        0.275825        0.248943
     C    3        0.034362        0.248943       -0.589263

     H    4        0.784500        0.576080        0.234115
     H    4        0.576080       -0.174398        0.141412
     H    4        0.234115        0.141412       -0.610102

     C    5        0.419201       -0.074839        0.043262
     C    5       -0.074839        0.172222        0.241696
     C    5        0.043262        0.241696       -0.591423

     H    6       -0.497679       -0.099309       -0.076317
     H    6       -0.099309        0.938155        0.455559
     H    6       -0.076317        0.455559       -0.440477

     H    7       -0.533907       -0.023859        0.047023
     H    7       -0.023859        0.572964       -0.749479
     H    7        0.047023       -0.749479       -0.039057

     C    8        0.193457        0.251829        0.344854
     C    8        0.251829       -0.003508       -0.281640
     C    8        0.344854       -0.281640       -0.189949

     H    9        0.316821       -0.315265        0.742806
     H    9       -0.315265       -0.399452       -0.340601
     H    9        0.742806       -0.340601        0.082632

     C   10        0.031193        0.254020        0.226564
     C   10        0.254020        0.131932       -0.450783
     C   10        0.226564       -0.450783       -0.163125

     C   11        0.105295        0.222375        0.279038
     C   11        0.222375        0.064221       -0.478102
     C   11        0.279038       -0.478102       -0.169516

     Cl  12        0.169066        0.242655        0.006933
     Cl  12        0.242655       -0.004603       -0.002054
     Cl  12        0.006933       -0.002054       -0.164463

     H   13       -0.540050        0.017326        0.006139
     H   13        0.017326        0.741911        0.656058
     H   13        0.006139        0.656058       -0.201861

     C   14        0.407298       -0.086230        0.126483
     C   14       -0.086230        0.111041        0.299904
     C   14        0.126483        0.299904       -0.518340

     H   15        0.728410        0.473841        0.462625
     H   15        0.473841       -0.305438        0.232663
     H   15        0.462625        0.232663       -0.422973

     C   16        0.259798       -0.175357        0.074192
     C   16       -0.175357        0.258753        0.349774
     C   16        0.074192        0.349774       -0.518551

     C   17        0.270457        0.036918        0.050246
     C   17        0.036918        0.258417        0.368116
     C   17        0.050246        0.368116       -0.528873

     Cl  18        0.169517       -0.173889       -0.027871
     Cl  18       -0.173889       -0.051421        0.015451
     Cl  18       -0.027871        0.015451       -0.118096

     H   19       -0.523522       -0.017816        0.017214
     H   19       -0.017816        0.643653       -0.713126
     H   19        0.017214       -0.713126       -0.120131

     C   20        0.168984        0.227403        0.299315
     C   20        0.227403        0.082751       -0.294548
     C   20        0.299315       -0.294548       -0.251735

     H   21        0.403585       -0.259976        0.767879
     H   21       -0.259976       -0.448746       -0.280821
     H   21        0.767879       -0.280821        0.045161

     C   22        0.066474        0.291756        0.233228
     C   22        0.291756        0.157137       -0.379985
     C   22        0.233228       -0.379985       -0.223612

     C   23        0.106162        0.258670        0.361803
     C   23        0.258670        0.065821       -0.353951
     C   23        0.361803       -0.353951       -0.171983

     Cl  24        0.113633        0.220870        0.047422
     Cl  24        0.220870        0.036912        0.027934
     Cl  24        0.047422        0.027934       -0.150546

     ----- GIPAW term -----
     Cl   1       -0.260771        0.606053       -0.441405
     Cl   1        0.606053        2.362375       -0.776336
     Cl   1       -0.441405       -0.776336       -2.101604

     C    2       -0.029482        0.031286       -0.070861
     C    2        0.031286        0.074071       -0.169114
     C    2       -0.070861       -0.169114       -0.044589

     C    3        0.019612       -0.014812        0.022784
     C    3       -0.014812        0.000845        0.040353
     C    3        0.022784        0.040353       -0.020457

     H    4       -0.000000        0.000000        0.000000
     H    4        0.000000        0.000000        0.000000
     H    4        0.000000        0.000000        0.000000

     C    5        0.007060       -0.015166        0.008958
     C    5       -0.015166       -0.005074        0.013079
     C    5        0.008958        0.013079       -0.001986

     H    6       -0.000000        0.000000        0.000000
     H    6        0.000000        0.000000        0.000000
     H    6        0.000000        0.000000        0.000000

     H    7       -0.000000        0.000000        0.000000
     H    7        0.000000        0.000000        0.000000
     H    7        0.000000        0.000000        0.000000

     C    8       -0.223455       -0.087023       -0.042812
     C    8       -0.087023        0.290769        0.089933
     C    8       -0.042812        0.089933       -0.067314

     H    9       -0.000000        0.000000        0.000000
     H    9        0.000000        0.000000        0.000000
     H    9        0.000000        0.000000        0.000000

     C   10       -0.119887       -0.024246       -0.035626
     C   10       -0.024246        0.191280        0.205797
     C   10       -0.035626        0.205797       -0.071393

     C   11       -0.074692        0.045363       -0.069818
     C   11        0.045363        0.174092        0.082939
     C   11       -0.069818        0.082939       -0.099401

     Cl  12        1.208341        2.240947       -0.239990
     Cl  12        2.240947        0.738198        0.287852
     Cl  12       -0.239990        0.287852       -1.946540

     H   13       -0.000000        0.000000        0.000000
     H   13        0.000000        0.000000        0.000000
     H   13        0.000000        0.000000        0.000000

     C   14       -0.006187        0.079398       -0.016203
     C   14        0.079398       -0.010065       -0.022602
     C   14       -0.016203       -0.022602        0.016252

     H   15       -0.000000        0.000000        0.000000
     H   15        0.000000        0.000000        0.000000
     H   15        0.000000        0.000000        0.000000

     C   16       -0.070910        0.029337        0.051832
     C   16        0.029337       -0.068463       -0.135427
     C   16        0.051832       -0.135427        0.139373

     C   17        0.043496       -0.122538       -0.102205
     C   17       -0.122538       -0.053732       -0.098703
     C   17       -0.102205       -0.098703        0.010236

     Cl  18        1.302207       -1.265070       -1.193842
     Cl  18       -1.265070       -0.000388       -0.992277
     Cl  18       -1.193842       -0.992277       -1.301819

     H   19       -0.000000        0.000000        0.000000
     H   19        0.000000        0.000000        0.000000
     H   19        0.000000        0.000000        0.000000

     C   20       -0.090784        0.102672       -0.097690
     C   20        0.102672        0.065795       -0.098735
     C   20       -0.097690       -0.098735        0.024988

     H   21       -0.000000        0.000000        0.000000
     H   21        0.000000        0.000000        0.000000
     H   21        0.000000        0.000000        0.000000

     C   22       -0.135703        0.041887       -0.196433
     C   22        0.041887       -0.013723       -0.148121
     C   22       -0.196433       -0.148121        0.149425

     C   23       -0.008271        0.198213       -0.096057
     C   23        0.198213        0.043356       -0.077895
     C   23       -0.096057       -0.077895       -0.035085

     Cl  24       -0.633356        1.235053       -1.330898
     Cl  24        1.235053       -1.195041       -0.969021
     Cl  24       -1.330898       -0.969021        1.828397

     ----- total EFG -----
     Cl   1       -0.240201        0.656537       -0.414781
     Cl   1        0.656537        2.479623       -0.844335
     Cl   1       -0.414781       -0.844335       -2.239423

     C    2        0.243291        0.050706       -0.015179
     C    2        0.050706        0.335082       -0.465084
     C    2       -0.015179       -0.465084       -0.578372

     C    3        0.376704       -0.159462        0.306954
     C    3       -0.159462        0.198867        0.554483
     C    3        0.306954        0.554483       -0.575571

     H    4        0.638093        0.286025        0.360594
     H    4        0.286025       -0.244976        0.299745
     H    4        0.360594        0.299745       -0.393117

     C    5        0.387089       -0.220488       -0.031215
     C    5       -0.220488        0.103434        0.390008
     C    5       -0.031215        0.390008       -0.490523

     H    6       -0.157091       -0.148406       -0.148515
     H    6       -0.148406        0.378280        0.711975
     H    6       -0.148515        0.711975       -0.221189

     H    7       -0.028205        0.018540        0.078216
     H    7        0.018540        0.291575       -0.364249
     H    7        0.078216       -0.364249       -0.263370

     C    8       -0.794665       -0.220434       -0.032523
     C    8       -0.220434        0.738956        0.056302
     C    8       -0.032523        0.056302        0.055709

     H    9        0.370442       -0.216359        0.324351
     H    9       -0.216359       -0.019755       -0.497010
     H    9        0.324351       -0.497010       -0.350687

     C   10       -0.096980        0.080164        0.008350
     C   10        0.080164        0.281448        0.401609
     C   10        0.008350        0.401609       -0.184468

     C   11       -0.395734        0.017724       -0.180511
     C   11        0.017724        0.371637       -0.017408
     C   11       -0.180511       -0.017408        0.024096

     Cl  12        1.369069        2.503969       -0.268551
     Cl  12        2.503969        0.807752        0.317534
     Cl  12       -0.268551        0.317534       -2.176820

     H   13       -0.331893        0.115745       -0.026012
     H   13        0.115745        0.318111        0.164655
     H   13       -0.026012        0.164655        0.013781

     C   14       -0.051155        0.195682       -0.304214
     C   14        0.195682        0.189305       -0.031276
     C   14       -0.304214       -0.031276       -0.138150

     H   15        0.360717        0.018411        0.345851
     H   15        0.018411       -0.138219        0.322895
     H   15        0.345851        0.322895       -0.222498

     C   16       -0.022094        0.238649        0.069724
     C   16        0.238649       -0.131999       -0.315376
     C   16        0.069724       -0.315376        0.154092

     C   17        0.193343       -0.053728       -0.460540
     C   17       -0.053728       -0.006669       -0.251628
     C   17       -0.460540       -0.251628       -0.186674

     Cl  18        1.461898       -1.357971       -1.345553
     Cl  18       -1.357971       -0.043552       -1.090009
     Cl  18       -1.345553       -1.090009       -1.418347

     H   19       -0.121334       -0.132024        0.112987
     H   19       -0.132024        0.195151       -0.104821
     H   19        0.112987       -0.104821       -0.073817

     C   20       -0.067917        0.398098       -0.144267
     C   20        0.398098        0.014749       -0.052141
     C   20       -0.144267       -0.052141        0.053168

     H   21        0.459161       -0.167357        0.476529
     H   21       -0.167357       -0.055276        0.131476
     H   21        0.476529        0.131476       -0.403885

     C   22       -0.573051       -0.017771       -0.385787
     C   22       -0.017771        0.150183       -0.482791
     C   22       -0.385787       -0.482791        0.422867

     C   23        0.091337        0.639558       -0.121513
     C   23        0.639558       -0.107448        0.044550
     C   23       -0.121513        0.044550        0.016111

     Cl  24       -0.736570        1.241604       -1.378899
     Cl  24        1.241604       -1.253479       -0.998602
     Cl  24       -1.378899       -0.998602        1.990049

     ----- total EFG (symmetrized) -----
     Cl   1       -0.240201        0.656537       -0.414781
     Cl   1        0.656537        2.479623       -0.844335
     Cl   1       -0.414781       -0.844335       -2.239423

     C    2        0.243291        0.050706       -0.015179
     C    2        0.050706        0.335082       -0.465084
     C    2       -0.015179       -0.465084       -0.578372

     C    3        0.376704       -0.159462        0.306954
     C    3       -0.159462        0.198867        0.554483
     C    3        0.306954        0.554483       -0.575571

     H    4        0.638093        0.286025        0.360594
     H    4        0.286025       -0.244976        0.299745
     H    4        0.360594        0.299745       -0.393117

     C    5        0.387089       -0.220488       -0.031215
     C    5       -0.220488        0.103434        0.390008
     C    5       -0.031215        0.390008       -0.490523

     H    6       -0.157091       -0.148406       -0.148515
     H    6       -0.148406        0.378280        0.711975
     H    6       -0.148515        0.711975       -0.221189

     H    7       -0.028205        0.018540        0.078216
     H    7        0.018540        0.291575       -0.364249
     H    7        0.078216       -0.364249       -0.263370

     C    8       -0.794665       -0.220434       -0.032523
     C    8       -0.220434        0.738956        0.056302
     C    8       -0.032523        0.056302        0.055709

     H    9        0.370442       -0.216359        0.324351
     H    9       -0.216359       -0.019755       -0.497010
     H    9        0.324351       -0.497010       -0.350687

     C   10       -0.096980        0.080164        0.008350
     C   10        0.080164        0.281448        0.401609
     C   10        0.008350        0.401609       -0.184468

     C   11       -0.395734        0.017724       -0.180511
     C   11        0.017724        0.371637       -0.017408
     C   11       -0.180511       -0.017408        0.024096

     Cl  12        1.369069        2.503969       -0.268551
     Cl  12        2.503969        0.807752        0.317534
     Cl  12       -0.268551        0.317534       -2.176820

     H   13       -0.331893        0.115745       -0.026012
     H   13        0.115745        0.318111        0.164655
     H   13       -0.026012        0.164655        0.013781

     C   14       -0.051155        0.195682       -0.304214
     C   14        0.195682        0.189305       -0.031276
     C   14       -0.304214       -0.031276       -0.138150

     H   15        0.360717        0.018411        0.345851
     H   15        0.018411       -0.138219        0.322895
     H   15        0.345851        0.322895       -0.222498

     C   16       -0.022094        0.238649        0.069724
     C   16        0.238649       -0.131999       -0.315376
     C   16        0.069724       -0.315376        0.154092

     C   17        0.193343       -0.053728       -0.460540
     C   17       -0.053728       -0.006669       -0.251628
     C   17       -0.460540       -0.251628       -0.186674

     Cl  18        1.461898       -1.357971       -1.345553
     Cl  18       -1.357971       -0.043552       -1.090009
     Cl  18       -1.345553       -1.090009       -1.418347

     H   19       -0.121334       -0.132024        0.112987
     H   19       -0.132024        0.195151       -0.104821
     H   19        0.112987       -0.104821       -0.073817

     C   20       -0.067917        0.398098       -0.144267
     C   20        0.398098        0.014749       -0.052141
     C   20       -0.144267       -0.052141        0.053168

     H   21        0.459161       -0.167357        0.476529
     H   21       -0.167357       -0.055276        0.131476
     H   21        0.476529        0.131476       -0.403885

     C   22       -0.573051       -0.017771       -0.385787
     C   22       -0.017771        0.150183       -0.482791
     C   22       -0.385787       -0.482791        0.422867

     C   23        0.091337        0.639558       -0.121513
     C   23        0.639558       -0.107448        0.044550
     C   23       -0.121513        0.044550        0.016111

     Cl  24       -0.736570        1.241604       -1.378899
     Cl  24        1.241604       -1.253479       -0.998602
     Cl  24       -1.378899       -0.998602        1.990049


     NQR/NMR SPECTROSCOPIC PARAMETERS:
     Cl   1    Vxx=   -0.3687    axis=(  0.962680 -0.251520 -0.099925)
     Cl   1    Vyy=   -2.4281    axis=(  0.140663  0.149561  0.978696)
     Cl   1    Vzz=    2.7967    axis=( -0.231217 -0.956227  0.179359)
     Cl   1  Q=        -8.1650 1e-30 m^2  Cq=       -53.6542 MHz  eta= 0.73635

     C    2    Vxx=    0.2340    axis=(  0.984566 -0.159180  0.072737)
     C    2    Vyy=    0.5396    axis=(  0.174923  0.908207 -0.380212)
     C    2    Vzz=   -0.7735    axis=( -0.005538  0.387068  0.922035)
     C    2  Q=         1.0000 1e-30 m^2  Cq=        -1.8175 MHz  eta= 0.39505

     C    3    Vxx=    0.4666    axis=(  0.967605 -0.136613  0.212313)
     C    3    Vyy=    0.4880    axis=(  0.022268  0.883855  0.467231)
     C    3    Vzz=   -0.9545    axis=( -0.251484 -0.447368  0.858265)
     C    3  Q=         1.0000 1e-30 m^2  Cq=        -2.2428 MHz  eta= 0.02241

     H    4    Vxx=   -0.2328    axis=(  0.441930 -0.774120 -0.453250)
     H    4    Vyy=   -0.6399    axis=(  0.111043  0.548590 -0.828685)
     H    4    Vzz=    0.8726    axis=(  0.890150  0.315891  0.328399)
     H    4  Q=         1.0000 1e-30 m^2  Cq=         2.0503 MHz  eta= 0.46653

     C    5    Vxx=    0.1280    axis=( -0.622650 -0.675707 -0.394623)
     C    5    Vyy=    0.5605    axis=( -0.779566  0.579289  0.238120)
     C    5    Vzz=   -0.6885    axis=( -0.067701 -0.455900  0.887452)
     C    5  Q=         1.0000 1e-30 m^2  Cq=        -1.6177 MHz  eta= 0.62809

     H    6    Vxx=   -0.1941    axis=(  0.977903  0.205455  0.038653)
     H    6    Vyy=   -0.6973    axis=( -0.080896  0.542367 -0.836238)
     H    6    Vzz=    0.8915    axis=( -0.192773  0.814633  0.547003)
     H    6  Q=         1.0000 1e-30 m^2  Cq=         2.0946 MHz  eta= 0.56445

     H    7    Vxx=   -0.0146    axis=(  0.983098  0.112398  0.144514)
     H    7    Vyy=   -0.4581    axis=( -0.179381  0.433531  0.883105)
     H    7    Vzz=    0.4727    axis=(  0.036608 -0.894102  0.446365)
     H    7  Q=         1.0000 1e-30 m^2  Cq=         1.1106 MHz  eta= 0.93827

     C    8    Vxx=    0.0513    axis=( -0.015729 -0.086603  0.996119)
     C    8    Vyy=    0.7751    axis=( -0.140275  0.986580  0.083559)
     C    8    Vzz=   -0.8264    axis=( -0.989988 -0.138416 -0.027666)
     C    8  Q=         1.0000 1e-30 m^2  Cq=        -1.9417 MHz  eta= 0.87578

     H    9    Vxx=    0.0013    axis=(  0.672803  0.666496 -0.321122)
     H    9    Vyy=    0.7269    axis=( -0.726697  0.513971 -0.455790)
     H    9    Vzz=   -0.7282    axis=( -0.138735  0.540015  0.830142)
     H    9  Q=         1.0000 1e-30 m^2  Cq=        -1.7110 MHz  eta= 0.99643

     C   10    Vxx=   -0.1024    axis=(  0.987602 -0.050890 -0.148498)
     C   10    Vyy=   -0.4192    axis=( -0.103039  0.503502 -0.857828)
     C   10    Vzz=    0.5216    axis=(  0.118424  0.862494  0.492016)
     C   10  Q=         1.0000 1e-30 m^2  Cq=         1.2254 MHz  eta= 0.60746

     C   11    Vxx=    0.0892    axis=( -0.345178  0.079313  0.935180)
     C   11    Vyy=    0.3736    axis=(  0.039389  0.996769 -0.069997)
     C   11    Vzz=   -0.4628    axis=( -0.937710  0.012675 -0.347187)
     C   11  Q=         1.0000 1e-30 m^2  Cq=        -1.0874 MHz  eta= 0.61432

     Cl  12    Vxx=   -1.2457    axis=( -0.609381  0.680055  0.407651)
     Cl  12    Vyy=   -2.3624    axis=(  0.270418 -0.305052  0.913136)
     Cl  12    Vzz=    3.6081    axis=( -0.745338 -0.666684 -0.001994)
     Cl  12  Q=        -8.1650 1e-30 m^2  Cq=       -69.2192 MHz  eta= 0.30952

     H   13    Vxx=   -0.0424    axis=( -0.220227 -0.345880  0.912067)
     H   13    Vyy=   -0.3604    axis=(  0.966625 -0.202865  0.156469)
     H   13    Vzz=    0.4028    axis=(  0.130907  0.916085  0.379013)
     H   13  Q=         1.0000 1e-30 m^2  Cq=         0.9464 MHz  eta= 0.78956

     C   14    Vxx=    0.0449    axis=(  0.421162 -0.696487 -0.580972)
     C   14    Vyy=    0.3764    axis=(  0.600288  0.694235 -0.397105)
     C   14    Vzz=   -0.4213    axis=(  0.679909 -0.181505  0.710478)
     C   14  Q=         1.0000 1e-30 m^2  Cq=        -0.9899 MHz  eta= 0.78690

     H   15    Vxx=    0.0179    axis=(  0.454763 -0.791345 -0.408612)
     H   15    Vyy=    0.5597    axis=( -0.846623 -0.241708 -0.474138)
     H   15    Vzz=   -0.5776    axis=(  0.276441  0.561561 -0.779891)
     H   15  Q=         1.0000 1e-30 m^2  Cq=        -1.3571 MHz  eta= 0.93792

     C   16    Vxx=    0.0921    axis=(  0.850591  0.276087  0.447516)
     C   16    Vyy=    0.3732    axis=(  0.218272  0.588895 -0.778177)
     C   16    Vzz=   -0.4653    axis=( -0.478384  0.759591  0.440647)
     C   16  Q=         1.0000 1e-30 m^2  Cq=        -1.0932 MHz  eta= 0.60430

     C   17    Vxx=    0.0728    axis=(  0.378198 -0.902891  0.204338)
     C   17    Vyy=    0.5208    axis=(  0.787797  0.197990 -0.583246)
     C   17    Vzz=   -0.5936    axis=(  0.486151  0.381559  0.786174)
     C   17  Q=         1.0000 1e-30 m^2  Cq=        -1.3947 MHz  eta= 0.75477

     Cl  18    Vxx=    0.4363    axis=(  0.216708  0.764818 -0.606705)
     Cl  18    Vyy=    2.3848    axis=( -0.890696  0.409300  0.197821)
     Cl  18    Vzz=   -2.8211    axis=(  0.399622  0.497521  0.769919)
     Cl  18  Q=        -8.1650 1e-30 m^2  Cq=        54.1216 MHz  eta= 0.69066

     H   19    Vxx=   -0.0779    axis=(  0.435356  0.498350  0.749741)
     H   19    Vyy=   -0.2175    axis=(  0.821315  0.121168 -0.557458)
     H   19    Vzz=    0.2954    axis=(  0.368654 -0.858467  0.356551)
     H   19  Q=         1.0000 1e-30 m^2  Cq=         0.6940 MHz  eta= 0.47267

     C   20    Vxx=    0.0141    axis=(  0.120555  0.360077  0.925100)
     C   20    Vyy=    0.4239    axis=(  0.649413  0.676221 -0.347834)
     C   20    Vzz=   -0.4380    axis=( -0.750819  0.642705 -0.152317)
     C   20  Q=         1.0000 1e-30 m^2  Cq=        -1.0290 MHz  eta= 0.93573

     H   21    Vxx=   -0.0113    axis=( -0.007002 -0.945623 -0.325190)
     H   21    Vyy=   -0.6732    axis=(  0.407341  0.294297 -0.864559)
     H   21    Vzz=    0.6845    axis=(  0.913249 -0.138517  0.383130)
     H   21  Q=         1.0000 1e-30 m^2  Cq=         1.6082 MHz  eta= 0.96697

     C   22    Vxx=   -0.1071    axis=( -0.397357  0.803702  0.442911)
     C   22    Vyy=   -0.7455    axis=(  0.892895  0.227237  0.388718)
     C   22    Vzz=    0.8526    axis=( -0.211768 -0.549933  0.807916)
     C   22  Q=         1.0000 1e-30 m^2  Cq=         2.0033 MHz  eta= 0.74879

     C   23    Vxx=    0.0282    axis=( -0.028228  0.189270  0.981519)
     C   23    Vyy=    0.6456    axis=( -0.761237 -0.640463  0.101610)
     C   23    Vzz=   -0.6738    axis=(  0.647859 -0.744301  0.162159)
     C   23  Q=         1.0000 1e-30 m^2  Cq=        -1.5833 MHz  eta= 0.91631

     Cl  24    Vxx=   -0.7710    axis=(  0.639608  0.563235  0.523132)
     Cl  24    Vyy=   -2.2662    axis=( -0.646387  0.762398 -0.030537)
     Cl  24    Vzz=    3.0372    axis=( -0.416035 -0.318615  0.851704)
     Cl  24  Q=        -8.1650 1e-30 m^2  Cq=       -58.2666 MHz  eta= 0.49228

     Initialization:
     gipaw_setup  :      9.10s CPU     10.71s WALL (       1 calls)

     Linear response

     Apply operators

     Induced current

     Other routines
     efg          :      9.49s CPU     12.61s WALL (       1 calls)

     General routines
     calbec       :      3.50s CPU      5.19s WALL (      16 calls)
     fft          :      1.62s CPU      2.63s WALL (      15 calls)
     ffts         :      0.05s CPU      0.11s WALL (       2 calls)
     fftw         :      3.26s CPU      4.05s WALL (     672 calls)
     davcio       :      0.03s CPU      0.33s WALL (      32 calls)

     Parallel routines
     fft_scatter  :      2.24s CPU      3.98s WALL (     689 calls)

     Plugins

     GIPAW        :     60.40s CPU     72.65s WALL (       1 calls)
