
     Program QE v.6.0 (svn rev. 13079) starts on 27Dec2016 at  8:36: 3 

     This program is part of the open-source Quantum ESPRESSO suite
     for quantum simulation of materials; please cite
         "P. Giannozzi et al., J. Phys.:Condens. Matter 21 395502 (2009);
          URL http://www.quantum-espresso.org", 
     in publications or presentations arising from this work. More details at
     http://www.quantum-espresso.org/quote

     Parallel version (MPI), running on     8 processors
     R & G space division:  proc/nbgrp/npool/nimage =       8

     ***** This is GIPAW svn revision unknown      *****

     Parallelizing q-star over 1 images

     Reading data from directory:
     /users/majewski/paradichlorobenzene/pbe/9_constraint/scratch/pbe.ecut100.np8.dt60.pcl2phi-129368.save
     Message from routine read_xml_file:
     file /users/majewski/paradichlorobenzene/pbe/9_constraint/scratch/pbe.ecut100.np8.dt60.pcl2phi-129368.save not guaranteed to be safe for post-processing

   Info: using nr1, nr2, nr3 values from input

   Info: using nr1, nr2, nr3 values from input

     IMPORTANT: XC functional enforced from input :
     Exchange-correlation      =  SLA  PW   PBX  PBC ( 1  4  3  4 0 0)
     Any further DFT definition will be discarded
     Please, verify this is what you really want

               file C.pbe-n-kjpaw_psl.1.0.0.UPF: wavefunction(s)  2S 2P renormalized
               file Cl.pbe-n-kjpaw_psl.1.0.0.UPF: wavefunction(s)  3S 3P renormalized
               file H.pbe-kjpaw_psl.1.0.0.UPF: wavefunction(s)  1S renormalized

     Parallelization info
     --------------------
     sticks:   dense  smooth     PW     G-vecs:    dense   smooth      PW
     Min        3057    1223    332               144436    36536    5170
     Max        3059    1225    333               144437    36537    5171
     Sum       24467    9791   2657              1155489   292295   41363


     Subspace diagonalization in iterative solution of the eigenvalue problem:
     a serial algorithm will be used

     GIPAW projectors -----------------------------------------------
     atom=  C    l=0  rc=    1.2000  rs=    0.8000
     atom=  C    l=0  rc=    1.2000  rs=    0.8000
     atom=  C    l=1  rc=    1.4000  rs=    0.9333
     atom=  C    l=1  rc=    1.4000  rs=    0.9333
     projs nearly linearly dependent: l=1  n1,n2= 1, 2  s=  0.99951561

     atom=  Cl   l=0  rc=    1.6000  rs=    1.0667
     atom=  Cl   l=0  rc=    1.6000  rs=    1.0667
     atom=  Cl   l=1  rc=    1.6000  rs=    1.0667
     atom=  Cl   l=1  rc=    1.6000  rs=    1.0667
     atom=  Cl   l=2  rc=    1.6000  rs=    1.0667
     atom=  Cl   l=2  rc=    1.6000  rs=    1.0667
     projs nearly linearly dependent: l=2  n1,n2= 1, 2  s=  0.99993509

     atom=  H    l=0  rc=    1.0000  rs=    0.6667
     atom=  H    l=0  rc=    1.0000  rs=    0.6667
     projs nearly linearly dependent: l=0  n1,n2= 1, 2  s=  0.99968852
     -----------------------------------------------------------------

     GIPAW integrals: -------------------------------------------
     Atom  i/j   nmr_para   nmr_dia   epr_rmc  epr_para   epr_dia
       C   1 1   0.83E+03  0.17E-01  0.93E+01  0.24E+08  0.24E+03
       C   2 1   0.86E+03 -0.61E-01  0.94E+01  0.25E+08  0.25E+03
       C   2 2   0.90E+03 -0.15E+00  0.97E+01  0.26E+08  0.26E+03
       C   3 3   0.33E+01  0.34E+00  0.18E+01  0.55E+03  0.21E+02
       C   4 3   0.35E+01  0.37E+00  0.20E+01  0.59E+03  0.22E+02
       C   4 4   0.38E+01  0.39E+00  0.22E+01  0.63E+03  0.24E+02
       Cl  1 1   0.14E+04 -0.47E+00  0.84E+01  0.32E+09  0.42E+03
       Cl  2 1   0.21E+04 -0.37E+00  0.12E+02  0.49E+09  0.65E+03
       Cl  2 2   0.33E+04 -0.16E+00  0.21E+02  0.76E+09  0.10E+04
       Cl  3 3   0.21E+02  0.79E-01  0.89E+01  0.23E+05  0.13E+03
       Cl  4 3   0.24E+02  0.67E-01  0.99E+01  0.27E+05  0.15E+03
       Cl  4 4   0.28E+02  0.44E-01  0.11E+02  0.32E+05  0.18E+03
       Cl  5 5   0.77E+00  0.19E+00  0.18E+01  0.12E+03  0.22E+02
       Cl  6 5   0.80E+00  0.19E+00  0.19E+01  0.12E+03  0.23E+02
       Cl  6 6   0.83E+00  0.20E+00  0.19E+01  0.12E+03  0.23E+02
       H   1 1   0.39E+02  0.19E+00  0.29E+00  0.78E+05  0.13E+02
       H   2 1   0.41E+02  0.21E+00  0.32E+00  0.82E+05  0.14E+02
       H   2 2   0.43E+02  0.22E+00  0.36E+00  0.86E+05  0.15E+02
     ------------------------------------------------------------

     alpha_pv=     33.9693 eV

     Number of occupied bands for each k-point:
     k-point:     1    nbnd_occ=  42
     k-point:     2    nbnd_occ=  42
     k-point:     3    nbnd_occ=  42
     k-point:     4    nbnd_occ=  42
     k-point:     5    nbnd_occ=  42
     k-point:     6    nbnd_occ=  42
     k-point:     7    nbnd_occ=  42
     k-point:     8    nbnd_occ=  42
     k-point:     9    nbnd_occ=  42
     k-point:    10    nbnd_occ=  42
     k-point:    11    nbnd_occ=  42
     k-point:    12    nbnd_occ=  42
     k-point:    13    nbnd_occ=  42
     k-point:    14    nbnd_occ=  42
     k-point:    15    nbnd_occ=  42
     k-point:    16    nbnd_occ=  42


     q-space interpolation up to   110.00 Rydberg

     GIPAW job: efg                                                                             


     ELECTRIC FIELD GRADIENTS TENSORS IN Hartree/bohrradius^2:

     ----- bare term -----
     Cl   1       -0.029464        0.060991       -0.027087
     Cl   1        0.060991       -0.020185        0.005896
     Cl   1       -0.027087        0.005896        0.049648

     C    2       -0.101221        0.127469       -0.551058
     C    2        0.127469       -0.058641       -0.438401
     C    2       -0.551058       -0.438401        0.159862

     C    3        0.048274        0.552749       -0.223548
     C    3        0.552749       -0.369577       -0.477060
     C    3       -0.223548       -0.477060        0.321303

     H    4       -0.193257       -0.189501       -0.433462
     H    4       -0.189501        0.420163       -0.073210
     H    4       -0.433462       -0.073210       -0.226906

     C    5       -0.480298        0.277023       -0.446924
     C    5        0.277023        0.169865       -0.284259
     C    5       -0.446924       -0.284259        0.310432

     H    6        0.386999       -0.044907       -0.070777
     H    6       -0.044907       -0.559502       -0.452416
     H    6       -0.070777       -0.452416        0.172503

     H    7        0.356208       -0.217754       -0.076372
     H    7       -0.217754       -0.715572        0.157312
     H    7       -0.076372        0.157312        0.359363

     C    8       -0.083428        0.347675       -0.483087
     C    8        0.347675       -0.042963        0.515488
     C    8       -0.483087        0.515488        0.126391

     H    9       -0.175686        0.430138       -0.214874
     H    9        0.430138       -0.202176       -0.115657
     H    9       -0.214874       -0.115657        0.377862

     C   10       -0.441492       -0.331351        0.053850
     C   10       -0.331351        0.038894        0.371860
     C   10        0.053850        0.371860        0.402599

     C   11       -0.053994        0.303890       -0.385215
     C   11        0.303890       -0.014405        0.704010
     C   11       -0.385215        0.704010        0.068399

     Cl  12       -0.238629       -0.167738        0.037914
     Cl  12       -0.167738        0.040138        0.175055
     Cl  12        0.037914        0.175055        0.198492

     H   13        0.272138       -0.418746        0.171475
     H   13       -0.418746       -0.564855        0.109614
     H   13        0.171475        0.109614        0.292716

     C   14       -0.172235        0.252885       -0.210402
     C   14        0.252885       -0.195770       -0.138626
     C   14       -0.210402       -0.138626        0.368005

     H   15       -0.286831       -0.549369       -0.249119
     H   15       -0.549369       -0.092565       -0.106031
     H   15       -0.249119       -0.106031        0.379395

     C   16       -0.270502        0.312578       -0.367310
     C   16        0.312578        0.043302       -0.355111
     C   16       -0.367310       -0.355111        0.227200

     C   17        0.010459        0.312528       -0.098406
     C   17        0.312528       -0.331802       -0.472475
     C   17       -0.098406       -0.472475        0.321343

     Cl  18       -0.127220        0.029172        0.024815
     Cl  18        0.029172       -0.107444        0.038770
     Cl  18        0.024815        0.038770        0.234664

     H   19       -0.015631        0.012879       -0.337988
     H   19        0.012879       -0.181575        0.455690
     H   19       -0.337988        0.455690        0.197205

     C   20       -0.402675       -0.324283       -0.164008
     C   20       -0.324283        0.033054        0.210752
     C   20       -0.164008        0.210752        0.369622

     H   21       -0.682489       -0.140830       -0.110926
     H   21       -0.140830        0.316569        0.206015
     H   21       -0.110926        0.206015        0.365920

     C   22        0.123216        0.249751       -0.453721
     C   22        0.249751       -0.277284        0.560169
     C   22       -0.453721        0.560169        0.154069

     C   23       -0.353185       -0.384510       -0.351023
     C   23       -0.384510       -0.116359        0.191805
     C   23       -0.351023        0.191805        0.469544

     Cl  24       -0.036833        0.054635       -0.082007
     Cl  24        0.054635       -0.056523        0.022757
     Cl  24       -0.082007        0.022757        0.093356

     ----- ionic term -----
     Cl   1        0.122739       -0.191904        0.022203
     Cl   1       -0.191904        0.025367       -0.007683
     Cl   1        0.022203       -0.007683       -0.148106

     C    2        0.203717       -0.129178        0.276370
     C    2       -0.129178        0.202585        0.349521
     C    2        0.276370        0.349521       -0.406302

     C    3        0.144189       -0.260647        0.263804
     C    3       -0.260647        0.255746        0.315782
     C    3        0.263804        0.315782       -0.399935

     H    4        0.553887        0.292306        0.723267
     H    4        0.292306       -0.404088        0.241470
     H    4        0.723267        0.241470       -0.149799

     C    5        0.263535       -0.205619        0.352823
     C    5       -0.205619        0.134663        0.228682
     C    5        0.352823        0.228682       -0.398198

     H    6       -0.501572        0.186125        0.098035
     H    6        0.186125        0.819986        0.559370
     H    6        0.098035        0.559370       -0.318413

     H    7       -0.495082       -0.113463        0.044978
     H    7       -0.113463        0.848648       -0.572752
     H    7        0.044978       -0.572752       -0.353566

     C    8        0.393947        0.120572        0.152970
     C    8        0.120572        0.041451       -0.313264
     C    8        0.152970       -0.313264       -0.435399

     H    9        0.728357       -0.402621        0.532012
     H    9       -0.402621       -0.359585       -0.227817
     H    9        0.532012       -0.227817       -0.368771

     C   10        0.250926        0.201912        0.074009
     C   10        0.201912        0.164280       -0.379455
     C   10        0.074009       -0.379455       -0.415206

     C   11        0.216403        0.189740        0.168767
     C   11        0.189740        0.146685       -0.349365
     C   11        0.168767       -0.349365       -0.363088

     Cl  12        0.139160        0.182670       -0.006036
     Cl  12        0.182670       -0.002462       -0.014899
     Cl  12       -0.006036       -0.014899       -0.136699

     H   13       -0.477083        0.138357        0.080486
     H   13        0.138357        0.818426        0.571184
     H   13        0.080486        0.571184       -0.341343

     C   14        0.363472       -0.191175        0.344152
     C   14       -0.191175        0.120573        0.210648
     C   14        0.344152        0.210648       -0.484044

     H   15        0.498870        0.394809        0.660571
     H   15        0.394809       -0.333941        0.306405
     H   15        0.660571        0.306405       -0.164928

     C   16        0.159752       -0.212091        0.282807
     C   16       -0.212091        0.297233        0.272725
     C   16        0.282807        0.272725       -0.456985

     C   17        0.158587       -0.153140        0.363454
     C   17       -0.153140        0.238577        0.267493
     C   17        0.363454        0.267493       -0.397164

     Cl  18        0.112677       -0.206043        0.050569
     Cl  18       -0.206043        0.049550       -0.038429
     Cl  18        0.050569       -0.038429       -0.162227

     H   19       -0.502968       -0.148014        0.109643
     H   19       -0.148014        0.604823       -0.730877
     H   19        0.109643       -0.730877       -0.101855

     C   20        0.336569        0.203328        0.176925
     C   20        0.203328        0.019354       -0.313553
     C   20        0.176925       -0.313553       -0.355923

     H   21        0.708363       -0.233397        0.596191
     H   21       -0.233397       -0.484295       -0.199573
     H   21        0.596191       -0.199573       -0.224068

     C   22        0.236369        0.269684        0.112904
     C   22        0.269684        0.089300       -0.406180
     C   22        0.112904       -0.406180       -0.325669

     C   23        0.280757        0.138776        0.172249
     C   23        0.138776        0.065519       -0.432693
     C   23        0.172249       -0.432693       -0.346275

     Cl  24        0.153127        0.229597       -0.034649
     Cl  24        0.229597        0.005002       -0.021255
     Cl  24       -0.034649       -0.021255       -0.158129

     ----- GIPAW term -----
     Cl   1        0.278704        0.324975       -1.201077
     Cl   1        0.324975        0.877280       -1.697342
     Cl   1       -1.201077       -1.697342       -1.155985

     C    2        0.046681        0.058804       -0.201512
     C    2        0.058804       -0.009582       -0.164223
     C    2       -0.201512       -0.164223       -0.037098

     C    3        0.107074        0.180419       -0.138915
     C    3        0.180419       -0.105403       -0.111075
     C    3       -0.138915       -0.111075       -0.001671

     H    4       -0.000000        0.000000        0.000000
     H    4        0.000000        0.000000        0.000000
     H    4        0.000000        0.000000        0.000000

     C    5       -0.016285        0.138537       -0.047878
     C    5        0.138537        0.044901       -0.019541
     C    5       -0.047878       -0.019541       -0.028616

     H    6       -0.000000        0.000000        0.000000
     H    6        0.000000        0.000000        0.000000
     H    6        0.000000        0.000000        0.000000

     H    7       -0.000000        0.000000        0.000000
     H    7        0.000000        0.000000        0.000000
     H    7        0.000000        0.000000        0.000000

     C    8        0.080701        0.258071       -0.095710
     C    8        0.258071        0.035392        0.072414
     C    8       -0.095710        0.072414       -0.116093

     H    9       -0.000000        0.000000        0.000000
     H    9        0.000000        0.000000        0.000000
     H    9        0.000000        0.000000        0.000000

     C   10       -0.107834        0.109611        0.091810
     C   10        0.109611        0.148370        0.144243
     C   10        0.091810        0.144243       -0.040537

     C   11        0.013624        0.250374       -0.041253
     C   11        0.250374        0.134646        0.151005
     C   11       -0.041253        0.151005       -0.148270

     Cl  12       -0.258819        1.616591        0.273386
     Cl  12        1.616591        0.487815        1.642258
     Cl  12        0.273386        1.642258       -0.228996

     H   13       -0.000000        0.000000        0.000000
     H   13        0.000000        0.000000        0.000000
     H   13        0.000000        0.000000        0.000000

     C   14        0.005336        0.082155       -0.121290
     C   14        0.082155       -0.071882       -0.080078
     C   14       -0.121290       -0.080078        0.066547

     H   15       -0.000000        0.000000        0.000000
     H   15        0.000000        0.000000        0.000000
     H   15        0.000000        0.000000        0.000000

     C   16       -0.014628        0.189730       -0.160603
     C   16        0.189730        0.076539       -0.120592
     C   16       -0.160603       -0.120592       -0.061911

     C   17        0.112145        0.017735        0.074153
     C   17        0.017735       -0.068150       -0.002382
     C   17        0.074153       -0.002382       -0.043994

     Cl  18       -0.336659       -1.687905        0.724351
     Cl  18       -1.687905       -1.376706        0.307339
     Cl  18        0.724351        0.307339        1.713365

     H   19       -0.000000        0.000000        0.000000
     H   19        0.000000        0.000000        0.000000
     H   19        0.000000        0.000000        0.000000

     C   20        0.051777        0.170885        0.007933
     C   20        0.170885        0.058613        0.006843
     C   20        0.007933        0.006843       -0.110390

     H   21       -0.000000        0.000000        0.000000
     H   21        0.000000        0.000000        0.000000
     H   21        0.000000        0.000000        0.000000

     C   22        0.145648        0.211050       -0.181166
     C   22        0.211050       -0.063281        0.025020
     C   22       -0.181166        0.025020       -0.082367

     C   23        0.088765        0.112238       -0.199557
     C   23        0.112238       -0.089943       -0.060494
     C   23       -0.199557       -0.060494        0.001178

     Cl  24        0.884359        2.198897       -1.851162
     Cl  24        2.198897       -1.187569       -0.216689
     Cl  24       -1.851162       -0.216689        0.303210

     ----- total EFG -----
     Cl   1        0.371980        0.194062       -1.205962
     Cl   1        0.194062        0.882462       -1.699129
     Cl   1       -1.205962       -1.699129       -1.254442

     C    2        0.149177        0.057095       -0.476200
     C    2        0.057095        0.134362       -0.253103
     C    2       -0.476200       -0.253103       -0.283539

     C    3        0.299537        0.472521       -0.098659
     C    3        0.472521       -0.219234       -0.272353
     C    3       -0.098659       -0.272353       -0.080304

     H    4        0.360630        0.102806        0.289805
     H    4        0.102806        0.016075        0.168260
     H    4        0.289805        0.168260       -0.376705

     C    5       -0.233048        0.209941       -0.141979
     C    5        0.209941        0.349430       -0.075118
     C    5       -0.141979       -0.075118       -0.116382

     H    6       -0.114574        0.141218        0.027258
     H    6        0.141218        0.260484        0.106953
     H    6        0.027258        0.106953       -0.145910

     H    7       -0.138874       -0.331217       -0.031394
     H    7       -0.331217        0.133076       -0.415440
     H    7       -0.031394       -0.415440        0.005798

     C    8        0.391220        0.726317       -0.425827
     C    8        0.726317        0.033881        0.274637
     C    8       -0.425827        0.274637       -0.425101

     H    9        0.552670        0.027517        0.317137
     H    9        0.027517       -0.561761       -0.343474
     H    9        0.317137       -0.343474        0.009091

     C   10       -0.298401       -0.019828        0.219669
     C   10       -0.019828        0.351545        0.136648
     C   10        0.219669        0.136648       -0.053144

     C   11        0.176033        0.744004       -0.257700
     C   11        0.744004        0.266926        0.505650
     C   11       -0.257700        0.505650       -0.442959

     Cl  12       -0.358288        1.631523        0.305264
     Cl  12        1.631523        0.525491        1.802414
     Cl  12        0.305264        1.802414       -0.167203

     H   13       -0.204944       -0.280389        0.251961
     H   13       -0.280389        0.253572        0.680798
     H   13        0.251961        0.680798       -0.048627

     C   14        0.196572        0.143865        0.012460
     C   14        0.143865       -0.147079       -0.008055
     C   14        0.012460       -0.008055       -0.049493

     H   15        0.212039       -0.154560        0.411453
     H   15       -0.154560       -0.426506        0.200373
     H   15        0.411453        0.200373        0.214467

     C   16       -0.125378        0.290217       -0.245106
     C   16        0.290217        0.417074       -0.202978
     C   16       -0.245106       -0.202978       -0.291696

     C   17        0.281191        0.177123        0.339201
     C   17        0.177123       -0.161375       -0.207364
     C   17        0.339201       -0.207364       -0.119815

     Cl  18       -0.351201       -1.864776        0.799735
     Cl  18       -1.864776       -1.434600        0.307679
     Cl  18        0.799735        0.307679        1.785801

     H   19       -0.518599       -0.135135       -0.228345
     H   19       -0.135135        0.423248       -0.275188
     H   19       -0.228345       -0.275188        0.095350

     C   20       -0.014329        0.049930        0.020850
     C   20        0.049930        0.111021       -0.095957
     C   20        0.020850       -0.095957       -0.096692

     H   21        0.025874       -0.374227        0.485265
     H   21       -0.374227       -0.167726        0.006442
     H   21        0.485265        0.006442        0.141852

     C   22        0.505233        0.730485       -0.521983
     C   22        0.730485       -0.251266        0.179009
     C   22       -0.521983        0.179009       -0.253967

     C   23        0.016337       -0.133497       -0.378331
     C   23       -0.133497       -0.140783       -0.301381
     C   23       -0.378331       -0.301381        0.124446

     Cl  24        1.000652        2.483129       -1.967818
     Cl  24        2.483129       -1.239089       -0.215186
     Cl  24       -1.967818       -0.215186        0.238437

     ----- total EFG (symmetrized) -----
     Cl   1        0.371980        0.194062       -1.205962
     Cl   1        0.194062        0.882462       -1.699129
     Cl   1       -1.205962       -1.699129       -1.254442

     C    2        0.149177        0.057095       -0.476200
     C    2        0.057095        0.134362       -0.253103
     C    2       -0.476200       -0.253103       -0.283539

     C    3        0.299537        0.472521       -0.098659
     C    3        0.472521       -0.219234       -0.272353
     C    3       -0.098659       -0.272353       -0.080304

     H    4        0.360630        0.102806        0.289805
     H    4        0.102806        0.016075        0.168260
     H    4        0.289805        0.168260       -0.376705

     C    5       -0.233048        0.209941       -0.141979
     C    5        0.209941        0.349430       -0.075118
     C    5       -0.141979       -0.075118       -0.116382

     H    6       -0.114574        0.141218        0.027258
     H    6        0.141218        0.260484        0.106953
     H    6        0.027258        0.106953       -0.145910

     H    7       -0.138874       -0.331217       -0.031394
     H    7       -0.331217        0.133076       -0.415440
     H    7       -0.031394       -0.415440        0.005798

     C    8        0.391220        0.726317       -0.425827
     C    8        0.726317        0.033881        0.274637
     C    8       -0.425827        0.274637       -0.425101

     H    9        0.552670        0.027517        0.317137
     H    9        0.027517       -0.561761       -0.343474
     H    9        0.317137       -0.343474        0.009091

     C   10       -0.298401       -0.019828        0.219669
     C   10       -0.019828        0.351545        0.136648
     C   10        0.219669        0.136648       -0.053144

     C   11        0.176033        0.744004       -0.257700
     C   11        0.744004        0.266926        0.505650
     C   11       -0.257700        0.505650       -0.442959

     Cl  12       -0.358288        1.631523        0.305264
     Cl  12        1.631523        0.525491        1.802414
     Cl  12        0.305264        1.802414       -0.167203

     H   13       -0.204944       -0.280389        0.251961
     H   13       -0.280389        0.253572        0.680798
     H   13        0.251961        0.680798       -0.048627

     C   14        0.196572        0.143865        0.012460
     C   14        0.143865       -0.147079       -0.008055
     C   14        0.012460       -0.008055       -0.049493

     H   15        0.212039       -0.154560        0.411453
     H   15       -0.154560       -0.426506        0.200373
     H   15        0.411453        0.200373        0.214467

     C   16       -0.125378        0.290217       -0.245106
     C   16        0.290217        0.417074       -0.202978
     C   16       -0.245106       -0.202978       -0.291696

     C   17        0.281191        0.177123        0.339201
     C   17        0.177123       -0.161375       -0.207364
     C   17        0.339201       -0.207364       -0.119815

     Cl  18       -0.351201       -1.864776        0.799735
     Cl  18       -1.864776       -1.434600        0.307679
     Cl  18        0.799735        0.307679        1.785801

     H   19       -0.518599       -0.135135       -0.228345
     H   19       -0.135135        0.423248       -0.275188
     H   19       -0.228345       -0.275188        0.095350

     C   20       -0.014329        0.049930        0.020850
     C   20        0.049930        0.111021       -0.095957
     C   20        0.020850       -0.095957       -0.096692

     H   21        0.025874       -0.374227        0.485265
     H   21       -0.374227       -0.167726        0.006442
     H   21        0.485265        0.006442        0.141852

     C   22        0.505233        0.730485       -0.521983
     C   22        0.730485       -0.251266        0.179009
     C   22       -0.521983        0.179009       -0.253967

     C   23        0.016337       -0.133497       -0.378331
     C   23       -0.133497       -0.140783       -0.301381
     C   23       -0.378331       -0.301381        0.124446

     Cl  24        1.000652        2.483129       -1.967818
     Cl  24        2.483129       -1.239089       -0.215186
     Cl  24       -1.967818       -0.215186        0.238437


     NQR/NMR SPECTROSCOPIC PARAMETERS:
     Cl   1    Vxx=    0.3502    axis=(  0.843631 -0.532288 -0.070398)
     Cl   1    Vyy=    2.1770    axis=( -0.425403 -0.742635  0.517228)
     Cl   1    Vzz=   -2.5272    axis=( -0.327594 -0.406402 -0.852947)
     Cl   1  Q=        -8.1650 1e-30 m^2  Cq=        48.4831 MHz  eta= 0.72288

     C    2    Vxx=    0.0895    axis=(  0.494477 -0.868167 -0.042172)
     C    2    Vyy=    0.5455    axis=( -0.717088 -0.434886  0.544664)
     C    2    Vzz=   -0.6350    axis=( -0.491200 -0.239083 -0.837593)
     C    2  Q=         1.0000 1e-30 m^2  Cq=        -1.4921 MHz  eta= 0.71798

     C    3    Vxx=   -0.0763    axis=(  0.451049 -0.176116  0.874950)
     C    3    Vyy=   -0.5741    axis=(  0.407222 -0.831733 -0.377346)
     C    3    Vzz=    0.6505    axis=( -0.794182 -0.526500  0.303434)
     C    3  Q=         1.0000 1e-30 m^2  Cq=         1.5284 MHz  eta= 0.76528

     H    4    Vxx=   -0.0010    axis=(  0.366222 -0.921380 -0.130157)
     H    4    Vyy=   -0.5084    axis=(  0.280918  0.242820 -0.928506)
     H    4    Vzz=    0.5094    axis=(  0.887112  0.303476  0.347758)
     H    4  Q=         1.0000 1e-30 m^2  Cq=         1.1969 MHz  eta= 0.99600

     C    5    Vxx=   -0.0847    axis=( -0.367852  0.328414  0.869959)
     C    5    Vyy=   -0.3570    axis=(  0.869273 -0.210793  0.447137)
     C    5    Vzz=    0.4417    axis=( -0.330227 -0.920712  0.207941)
     C    5  Q=         1.0000 1e-30 m^2  Cq=         1.0378 MHz  eta= 0.61645

     H    6    Vxx=   -0.1573    axis=( -0.860957  0.168094  0.480101)
     H    6    Vyy=   -0.1757    axis=(  0.406630 -0.339633  0.848116)
     H    6    Vzz=    0.3330    axis=( -0.305621 -0.925416 -0.224057)
     H    6  Q=         1.0000 1e-30 m^2  Cq=         0.7825 MHz  eta= 0.05503

     H    7    Vxx=   -0.0483    axis=(  0.743089 -0.141278 -0.654110)
     H    7    Vyy=   -0.5236    axis=(  0.579836  0.623906  0.523957)
     H    7    Vzz=    0.5719    axis=( -0.334079  0.768624 -0.545536)
     H    7  Q=         1.0000 1e-30 m^2  Cq=         1.3437 MHz  eta= 0.83120

     C    8    Vxx=   -0.0138    axis=( -0.316065  0.604790  0.730981)
     C    8    Vyy=   -0.9686    axis=(  0.501994 -0.547180  0.669773)
     C    8    Vzz=    0.9824    axis=( -0.805050 -0.578639  0.130656)
     C    8  Q=         1.0000 1e-30 m^2  Cq=         2.3082 MHz  eta= 0.97200

     H    9    Vxx=    0.0331    axis=(  0.443701  0.463397 -0.767067)
     H    9    Vyy=    0.7108    axis=(  0.886651 -0.102539  0.450928)
     H    9    Vzz=   -0.7439    axis=( -0.130304  0.880198  0.456368)
     H    9  Q=         1.0000 1e-30 m^2  Cq=        -1.7479 MHz  eta= 0.91089

     C   10    Vxx=    0.0403    axis=(  0.529726 -0.312431  0.788529)
     C   10    Vyy=    0.3968    axis=(  0.075229  0.943327  0.323227)
     C   10    Vzz=   -0.4371    axis=( -0.844826 -0.111901  0.523208)
     C   10  Q=         1.0000 1e-30 m^2  Cq=        -1.0269 MHz  eta= 0.81566

     C   11    Vxx=    0.0315    axis=(  0.599596 -0.363448 -0.713014)
     C   11    Vyy=    0.9962    axis=( -0.637656 -0.755336 -0.151204)
     C   11    Vzz=   -1.0277    axis=( -0.483611  0.545319 -0.684652)
     C   11  Q=         1.0000 1e-30 m^2  Cq=        -2.4148 MHz  eta= 0.93871

     Cl  12    Vxx=   -0.5751    axis=(  0.731818  0.030134 -0.680833)
     Cl  12    Vyy=   -2.1562    axis=( -0.519457  0.671344 -0.528642)
     Cl  12    Vzz=    2.7313    axis=( -0.441143 -0.740533 -0.506955)
     Cl  12  Q=        -8.1650 1e-30 m^2  Cq=       -52.3987 MHz  eta= 0.57888

     H   13    Vxx=    0.0166    axis=(  0.852449 -0.272754  0.446023)
     H   13    Vyy=    0.8039    axis=(  0.066884 -0.789220 -0.610457)
     H   13    Vzz=   -0.8205    axis=(  0.518515  0.550215 -0.654527)
     H   13  Q=         1.0000 1e-30 m^2  Cq=        -1.9279 MHz  eta= 0.95953

     C   14    Vxx=   -0.0488    axis=( -0.001452 -0.083828  0.996479)
     C   14    Vyy=   -0.2003    axis=( -0.341935  0.936457  0.078280)
     C   14    Vzz=    0.2491    axis=( -0.939722 -0.340618 -0.030023)
     C   14  Q=         1.0000 1e-30 m^2  Cq=         0.5853 MHz  eta= 0.60795

     H   15    Vxx=   -0.0372    axis=( -0.614625  0.539937  0.575069)
     H   15    Vyy=   -0.5887    axis=(  0.366720  0.841036 -0.397711)
     H   15    Vzz=    0.6258    axis=(  0.698393  0.033554  0.714928)
     H   15  Q=         1.0000 1e-30 m^2  Cq=         1.4704 MHz  eta= 0.88126

     C   16    Vxx=   -0.1651    axis=(  0.690330 -0.519645 -0.503403)
     C   16    Vyy=   -0.4674    axis=(  0.586060 -0.006358  0.810243)
     C   16    Vzz=    0.6325    axis=( -0.424239 -0.854359  0.300154)
     C   16  Q=         1.0000 1e-30 m^2  Cq=         1.4861 MHz  eta= 0.47793

     C   17    Vxx=    0.0373    axis=(  0.219286  0.791243 -0.570831)
     C   17    Vyy=    0.4795    axis=(  0.879907  0.092386  0.466077)
     C   17    Vzz=   -0.5168    axis=( -0.421517  0.604483  0.675962)
     C   17  Q=         1.0000 1e-30 m^2  Cq=        -1.2142 MHz  eta= 0.85560

     Cl  18    Vxx=    0.8561    axis=(  0.688079 -0.612413 -0.389226)
     Cl  18    Vyy=    2.0913    axis=(  0.397318 -0.130873  0.908301)
     Cl  18    Vzz=   -2.9474    axis=( -0.607195 -0.779630  0.153272)
     Cl  18  Q=        -8.1650 1e-30 m^2  Cq=        56.5448 MHz  eta= 0.41907

     H   19    Vxx=    0.0605    axis=( -0.416463  0.445905  0.792293)
     H   19    Vyy=    0.5796    axis=(  0.004731 -0.870388  0.492344)
     H   19    Vzz=   -0.6401    axis=( -0.909141 -0.208791 -0.360374)
     H   19  Q=         1.0000 1e-30 m^2  Cq=        -1.5041 MHz  eta= 0.81098

     C   20    Vxx=   -0.0122    axis=(  0.931092 -0.105349  0.349240)
     C   20    Vyy=   -0.1455    axis=( -0.285840  0.384102  0.877930)
     C   20    Vzz=    0.1576    axis=( -0.226633 -0.917261  0.327521)
     C   20  Q=         1.0000 1e-30 m^2  Cq=         0.3703 MHz  eta= 0.84573

     H   21    Vxx=   -0.0419    axis=( -0.242235  0.751648  0.613471)
     H   21    Vyy=   -0.6105    axis=(  0.681051  0.582071 -0.444256)
     H   21    Vzz=    0.6524    axis=( -0.691008  0.310191 -0.652909)
     H   21  Q=         1.0000 1e-30 m^2  Cq=         1.5328 MHz  eta= 0.87165

     C   22    Vxx=   -0.0816    axis=( -0.052815  0.608323  0.791931)
     C   22    Vyy=   -0.9714    axis=(  0.518684 -0.660960  0.542309)
     C   22    Vzz=    1.0530    axis=( -0.853333 -0.439404  0.280619)
     C   22  Q=         1.0000 1e-30 m^2  Cq=         2.4742 MHz  eta= 0.84493

     C   23    Vxx=    0.0535    axis=(  0.633122 -0.747377  0.201455)
     C   23    Vyy=    0.4904    axis=( -0.556895 -0.259043  0.789155)
     C   23    Vzz=   -0.5439    axis=( -0.537610 -0.611820 -0.580216)
     C   23  Q=         1.0000 1e-30 m^2  Cq=        -1.2780 MHz  eta= 0.80312

     Cl  24    Vxx=   -0.4554    axis=(  0.234186  0.515758  0.824106)
     Cl  24    Vyy=   -3.1228    axis=(  0.592993 -0.747511  0.299312)
     Cl  24    Vzz=    3.5782    axis=(  0.770400  0.418594 -0.480898)
     Cl  24  Q=        -8.1650 1e-30 m^2  Cq=       -68.6459 MHz  eta= 0.74544

     Initialization:
     gipaw_setup  :      9.09s CPU     10.67s WALL (       1 calls)

     Linear response

     Apply operators

     Induced current

     Other routines
     efg          :      9.11s CPU     11.30s WALL (       1 calls)

     General routines
     calbec       :      3.16s CPU      4.10s WALL (      16 calls)
     fft          :      1.49s CPU      2.06s WALL (      15 calls)
     ffts         :      0.03s CPU      0.03s WALL (       2 calls)
     fftw         :      3.25s CPU      3.81s WALL (     672 calls)
     davcio       :      0.02s CPU      0.32s WALL (      32 calls)

     Parallel routines
     fft_scatter  :      2.02s CPU      3.09s WALL (     689 calls)

     Plugins

     GIPAW        :     60.20s CPU     73.64s WALL (       1 calls)
