
     Program QE v.6.0 (svn rev. 13079) starts on 21Jan2017 at  6:42: 9 

     This program is part of the open-source Quantum ESPRESSO suite
     for quantum simulation of materials; please cite
         "P. Giannozzi et al., J. Phys.:Condens. Matter 21 395502 (2009);
          URL http://www.quantum-espresso.org", 
     in publications or presentations arising from this work. More details at
     http://www.quantum-espresso.org/quote

     Parallel version (MPI), running on     8 processors
     R & G space division:  proc/nbgrp/npool/nimage =       8

     ***** This is GIPAW svn revision unknown      *****

     Parallelizing q-star over 1 images

     Reading data from directory:
     /users/majewski/paradichlorobenzene/pbe/9_constraint/scratch/pbe.ecut100.np8.dt60.pcl2phi-129368.save
     Message from routine read_xml_file:
     file /users/majewski/paradichlorobenzene/pbe/9_constraint/scratch/pbe.ecut100.np8.dt60.pcl2phi-129368.save not guaranteed to be safe for post-processing

   Info: using nr1, nr2, nr3 values from input

   Info: using nr1, nr2, nr3 values from input

     IMPORTANT: XC functional enforced from input :
     Exchange-correlation      =  SLA  PW   PBX  PBC ( 1  4  3  4 0 0)
     Any further DFT definition will be discarded
     Please, verify this is what you really want

               file C.pbe-n-kjpaw_psl.1.0.0.UPF: wavefunction(s)  2S 2P renormalized
               file Cl.pbe-n-kjpaw_psl.1.0.0.UPF: wavefunction(s)  3S 3P renormalized
               file H.pbe-kjpaw_psl.1.0.0.UPF: wavefunction(s)  1S renormalized

     Parallelization info
     --------------------
     sticks:   dense  smooth     PW     G-vecs:    dense   smooth      PW
     Min        3057    1223    332               144436    36536    5170
     Max        3059    1225    333               144437    36537    5171
     Sum       24467    9791   2657              1155489   292295   41363


     Subspace diagonalization in iterative solution of the eigenvalue problem:
     a serial algorithm will be used

     GIPAW projectors -----------------------------------------------
     atom=  C    l=0  rc=    1.2000  rs=    0.8000
     atom=  C    l=0  rc=    1.2000  rs=    0.8000
     atom=  C    l=1  rc=    1.4000  rs=    0.9333
     atom=  C    l=1  rc=    1.4000  rs=    0.9333
     projs nearly linearly dependent: l=1  n1,n2= 1, 2  s=  0.99951561

     atom=  Cl   l=0  rc=    1.6000  rs=    1.0667
     atom=  Cl   l=0  rc=    1.6000  rs=    1.0667
     atom=  Cl   l=1  rc=    1.6000  rs=    1.0667
     atom=  Cl   l=1  rc=    1.6000  rs=    1.0667
     atom=  Cl   l=2  rc=    1.6000  rs=    1.0667
     atom=  Cl   l=2  rc=    1.6000  rs=    1.0667
     projs nearly linearly dependent: l=2  n1,n2= 1, 2  s=  0.99993509

     atom=  H    l=0  rc=    1.0000  rs=    0.6667
     atom=  H    l=0  rc=    1.0000  rs=    0.6667
     projs nearly linearly dependent: l=0  n1,n2= 1, 2  s=  0.99968852
     -----------------------------------------------------------------

     GIPAW integrals: -------------------------------------------
     Atom  i/j   nmr_para   nmr_dia   epr_rmc  epr_para   epr_dia
       C   1 1   0.83E+03  0.17E-01  0.93E+01  0.24E+08  0.24E+03
       C   2 1   0.86E+03 -0.61E-01  0.94E+01  0.25E+08  0.25E+03
       C   2 2   0.90E+03 -0.15E+00  0.97E+01  0.26E+08  0.26E+03
       C   3 3   0.33E+01  0.34E+00  0.18E+01  0.55E+03  0.21E+02
       C   4 3   0.35E+01  0.37E+00  0.20E+01  0.59E+03  0.22E+02
       C   4 4   0.38E+01  0.39E+00  0.22E+01  0.63E+03  0.24E+02
       Cl  1 1   0.14E+04 -0.47E+00  0.84E+01  0.32E+09  0.42E+03
       Cl  2 1   0.21E+04 -0.37E+00  0.12E+02  0.49E+09  0.65E+03
       Cl  2 2   0.33E+04 -0.16E+00  0.21E+02  0.76E+09  0.10E+04
       Cl  3 3   0.21E+02  0.79E-01  0.89E+01  0.23E+05  0.13E+03
       Cl  4 3   0.24E+02  0.67E-01  0.99E+01  0.27E+05  0.15E+03
       Cl  4 4   0.28E+02  0.44E-01  0.11E+02  0.32E+05  0.18E+03
       Cl  5 5   0.77E+00  0.19E+00  0.18E+01  0.12E+03  0.22E+02
       Cl  6 5   0.80E+00  0.19E+00  0.19E+01  0.12E+03  0.23E+02
       Cl  6 6   0.83E+00  0.20E+00  0.19E+01  0.12E+03  0.23E+02
       H   1 1   0.39E+02  0.19E+00  0.29E+00  0.78E+05  0.13E+02
       H   2 1   0.41E+02  0.21E+00  0.32E+00  0.82E+05  0.14E+02
       H   2 2   0.43E+02  0.22E+00  0.36E+00  0.86E+05  0.15E+02
     ------------------------------------------------------------

     alpha_pv=     33.7680 eV

     Number of occupied bands for each k-point:
     k-point:     1    nbnd_occ=  42
     k-point:     2    nbnd_occ=  42
     k-point:     3    nbnd_occ=  42
     k-point:     4    nbnd_occ=  42
     k-point:     5    nbnd_occ=  42
     k-point:     6    nbnd_occ=  42
     k-point:     7    nbnd_occ=  42
     k-point:     8    nbnd_occ=  42
     k-point:     9    nbnd_occ=  42
     k-point:    10    nbnd_occ=  42
     k-point:    11    nbnd_occ=  42
     k-point:    12    nbnd_occ=  42
     k-point:    13    nbnd_occ=  42
     k-point:    14    nbnd_occ=  42
     k-point:    15    nbnd_occ=  42
     k-point:    16    nbnd_occ=  42


     q-space interpolation up to   110.00 Rydberg

     GIPAW job: efg                                                                             


     ELECTRIC FIELD GRADIENTS TENSORS IN Hartree/bohrradius^2:

     ----- bare term -----
     Cl   1        0.251829       -0.039933       -0.017851
     Cl   1       -0.039933       -0.343967       -0.286163
     Cl   1       -0.017851       -0.286163        0.092138

     C    2       -0.798935        0.488193       -0.355721
     C    2        0.488193        0.303982       -0.026624
     C    2       -0.355721       -0.026624        0.494953

     C    3        0.112444       -0.125179       -0.147442
     C    3       -0.125179       -0.433621       -0.476809
     C    3       -0.147442       -0.476809        0.321177

     H    4       -0.554421       -0.033537        0.184178
     H    4       -0.033537        0.313432       -0.248259
     H    4        0.184178       -0.248259        0.240988

     C    5       -0.710408        0.342743       -0.453398
     C    5        0.342743        0.231646        0.023555
     C    5       -0.453398        0.023555        0.478762

     H    6        0.406176       -0.203666        0.093117
     H    6       -0.203666       -0.553639       -0.288386
     H    6        0.093117       -0.288386        0.147463

     H    7        0.385779        0.320043        0.019037
     H    7        0.320043       -0.751047        0.076267
     H    7        0.019037        0.076267        0.365269

     C    8       -0.019751       -0.025245       -0.159400
     C    8       -0.025245       -0.055630        0.367306
     C    8       -0.159400        0.367306        0.075381

     H    9       -0.206426        0.332379       -0.431135
     H    9        0.332379       -0.010143        0.317925
     H    9       -0.431135        0.317925        0.216569

     C   10       -0.505280       -0.293449       -0.135132
     C   10       -0.293449        0.154056        0.257892
     C   10       -0.135132        0.257892        0.351224

     C   11        0.029773        0.115946       -0.227149
     C   11        0.115946       -0.032067        0.477834
     C   11       -0.227149        0.477834        0.002293

     Cl  12       -0.198218       -0.265632        0.008167
     Cl  12       -0.265632        0.016747        0.048653
     Cl  12        0.008167        0.048653        0.181472

     H   13        0.421907       -0.163647        0.009008
     H   13       -0.163647       -0.757971        0.022115
     H   13        0.009008        0.022115        0.336064

     C   14        0.017547        0.013656       -0.152674
     C   14        0.013656       -0.074177       -0.356244
     C   14       -0.152674       -0.356244        0.056630

     H   15       -0.289863       -0.536457       -0.023451
     H   15       -0.536457       -0.056765        0.114965
     H   15       -0.023451        0.114965        0.346628

     C   16       -0.488626        0.246723       -0.117113
     C   16        0.246723        0.136446       -0.155436
     C   16       -0.117113       -0.155436        0.352180

     C   17       -0.016272       -0.091708       -0.292269
     C   17       -0.091708        0.063681       -0.686593
     C   17       -0.292269       -0.686593       -0.047408

     Cl  18       -0.303481        0.302350       -0.005617
     Cl  18        0.302350        0.182037        0.067358
     Cl  18       -0.005617        0.067358        0.121444

     H   19        0.506288       -0.049103       -0.157585
     H   19       -0.049103       -0.311774        0.372349
     H   19       -0.157585        0.372349       -0.194514

     C   20       -0.461335       -0.270917       -0.040739
     C   20       -0.270917        0.221949        0.011282
     C   20       -0.040739        0.011282        0.239386

     H   21       -0.185605       -0.219559       -0.488886
     H   21       -0.219559       -0.060142       -0.018004
     H   21       -0.488886       -0.018004        0.245747

     C   22        0.227444       -0.048017       -0.187890
     C   22       -0.048017       -0.160303        0.545775
     C   22       -0.187890        0.545775       -0.067141

     C   23       -0.519314       -0.415190       -0.361454
     C   23       -0.415190        0.202084        0.104186
     C   23       -0.361454        0.104186        0.317230

     Cl  24        0.001507       -0.026107        0.015264
     Cl  24       -0.026107        0.036466       -0.054507
     Cl  24        0.015264       -0.054507       -0.037973

     ----- ionic term -----
     Cl   1        0.121287       -0.213423       -0.012098
     Cl   1       -0.213423        0.039175        0.014002
     Cl   1       -0.012098        0.014002       -0.160462

     C    2        0.290637       -0.057219        0.188656
     C    2       -0.057219        0.215489        0.327637
     C    2        0.188656        0.327637       -0.506126

     C    3        0.227265       -0.115576        0.087151
     C    3       -0.115576        0.249502        0.316174
     C    3        0.087151        0.316174       -0.476768

     H    4        0.863387        0.398772        0.410000
     H    4        0.398772       -0.356724        0.151228
     H    4        0.410000        0.151228       -0.506663

     C    5        0.319845       -0.131262        0.109366
     C    5       -0.131262        0.161543        0.255313
     C    5        0.109366        0.255313       -0.481387

     H    6       -0.517713        0.077624        0.008054
     H    6        0.077624        0.904031        0.479554
     H    6        0.008054        0.479554       -0.386318

     H    7       -0.509596       -0.172511        0.099353
     H    7       -0.172511        0.670619       -0.700544
     H    7        0.099353       -0.700544       -0.161023

     C    8        0.289484        0.128501        0.277299
     C    8        0.128501        0.048341       -0.314284
     C    8        0.277299       -0.314284       -0.337826

     H    9        0.385751       -0.117736        0.782316
     H    9       -0.117736       -0.515842       -0.181021
     H    9        0.782316       -0.181021        0.130091

     C   10        0.090945        0.246281        0.217994
     C   10        0.246281        0.113521       -0.386709
     C   10        0.217994       -0.386709       -0.204466

     C   11        0.245323        0.163689        0.299063
     C   11        0.163689        0.030150       -0.402588
     C   11        0.299063       -0.402588       -0.275473

     Cl  12        0.140090        0.192968        0.003782
     Cl  12        0.192968        0.016322       -0.016347
     Cl  12        0.003782       -0.016347       -0.156411

     H   13       -0.479992        0.101825        0.047947
     H   13        0.101825        0.804886        0.571967
     H   13        0.047947        0.571967       -0.324894

     C   14        0.397874       -0.117328        0.173213
     C   14       -0.117328        0.105328        0.262894
     C   14        0.173213        0.262894       -0.503202

     H   15        0.774053        0.313666        0.539541
     H   15        0.313666       -0.401759        0.206349
     H   15        0.539541        0.206349       -0.372293

     C   16        0.207501       -0.175043        0.138905
     C   16       -0.175043        0.238343        0.334520
     C   16        0.138905        0.334520       -0.445844

     C   17        0.295093       -0.100156        0.208939
     C   17       -0.100156        0.182734        0.300530
     C   17        0.208939        0.300530       -0.477826

     Cl  18        0.147665       -0.186692        0.026933
     Cl  18       -0.186692        0.025175       -0.008439
     Cl  18        0.026933       -0.008439       -0.172840

     H   19       -0.498958       -0.168788        0.093725
     H   19       -0.168788        0.810127       -0.601235
     H   19        0.093725       -0.601235       -0.311169

     C   20        0.303529        0.149925        0.241832
     C   20        0.149925        0.032568       -0.314843
     C   20        0.241832       -0.314843       -0.336097

     H   21        0.623833       -0.344573        0.626791
     H   21       -0.344573       -0.389782       -0.258171
     H   21        0.626791       -0.258171       -0.234051

     C   22        0.127371        0.155488        0.142224
     C   22        0.155488        0.185339       -0.459622
     C   22        0.142224       -0.459622       -0.312710

     C   23        0.209745        0.066142        0.263174
     C   23        0.066142        0.082232       -0.454589
     C   23        0.263174       -0.454589       -0.291977

     Cl  24        0.147694        0.196248       -0.027590
     Cl  24        0.196248       -0.026791       -0.018112
     Cl  24       -0.027590       -0.018112       -0.120903

     ----- GIPAW term -----
     Cl   1        0.129658       -0.335568        0.387402
     Cl   1       -0.335568        0.706357        0.943161
     Cl   1        0.387402        0.943161       -0.836015

     C    2       -0.143312        0.027084       -0.018376
     C    2        0.027084        0.170036        0.123058
     C    2       -0.018376        0.123058       -0.026724

     C    3       -0.056321       -0.093397       -0.059886
     C    3       -0.093397       -0.001720        0.110223
     C    3       -0.059886        0.110223        0.058041

     H    4       -0.000000        0.000000        0.000000
     H    4        0.000000        0.000000        0.000000
     H    4        0.000000        0.000000        0.000000

     C    5       -0.102378       -0.102865       -0.141279
     C    5       -0.102865        0.102718        0.166089
     C    5       -0.141279        0.166089       -0.000340

     H    6       -0.000000        0.000000        0.000000
     H    6        0.000000        0.000000        0.000000
     H    6        0.000000        0.000000        0.000000

     H    7       -0.000000        0.000000        0.000000
     H    7        0.000000        0.000000        0.000000
     H    7        0.000000        0.000000        0.000000

     C    8       -0.059902       -0.038461       -0.012334
     C    8       -0.038461        0.169535        0.107648
     C    8       -0.012334        0.107648       -0.109633

     H    9       -0.000000        0.000000        0.000000
     H    9        0.000000        0.000000        0.000000
     H    9        0.000000        0.000000        0.000000

     C   10       -0.165009       -0.066421       -0.041859
     C   10       -0.066421        0.185085        0.131883
     C   10       -0.041859        0.131883       -0.020076

     C   11       -0.028472        0.036101       -0.033961
     C   11        0.036101        0.065521        0.119768
     C   11       -0.033961        0.119768       -0.037049

     Cl  12       -1.151303        0.498479       -0.174331
     Cl  12        0.498479        0.880123        2.290638
     Cl  12       -0.174331        2.290638        0.271179

     H   13       -0.000000        0.000000        0.000000
     H   13        0.000000        0.000000        0.000000
     H   13        0.000000        0.000000        0.000000

     C   14       -0.053565        0.030425       -0.005970
     C   14        0.030425        0.173417       -0.074577
     C   14       -0.005970       -0.074577       -0.119852

     H   15       -0.000000        0.000000        0.000000
     H   15        0.000000        0.000000        0.000000
     H   15        0.000000        0.000000        0.000000

     C   16       -0.133116        0.051863       -0.031975
     C   16        0.051863        0.158744       -0.082942
     C   16       -0.031975       -0.082942       -0.025628

     C   17       -0.062022       -0.083455       -0.040530
     C   17       -0.083455        0.263082       -0.116891
     C   17       -0.040530       -0.116891       -0.201060

     Cl  18       -1.063205       -0.523887       -0.041244
     Cl  18       -0.523887        2.686587        1.115421
     Cl  18       -0.041244        1.115421       -1.623382

     H   19       -0.000000        0.000000        0.000000
     H   19        0.000000        0.000000        0.000000
     H   19        0.000000        0.000000        0.000000

     C   20       -0.074825        0.011175        0.022269
     C   20        0.011175        0.082964        0.034577
     C   20        0.022269        0.034577       -0.008139

     H   21       -0.000000        0.000000        0.000000
     H   21        0.000000        0.000000        0.000000
     H   21        0.000000        0.000000        0.000000

     C   22       -0.052408        0.020291       -0.015137
     C   22        0.020291        0.172203        0.026146
     C   22       -0.015137        0.026146       -0.119794

     C   23       -0.093883       -0.061364       -0.042927
     C   23       -0.061364        0.176002        0.040742
     C   23       -0.042927        0.040742       -0.082119

     Cl  24       -0.064592        1.961050       -0.121635
     Cl  24        1.961050        2.130968       -1.210628
     Cl  24       -0.121635       -1.210628       -2.066376

     ----- total EFG -----
     Cl   1        0.502775       -0.588924        0.357454
     Cl   1       -0.588924        0.401565        0.671000
     Cl   1        0.357454        0.671000       -0.904339

     C    2       -0.651610        0.458058       -0.185441
     C    2        0.458058        0.689507        0.424072
     C    2       -0.185441        0.424072       -0.037897

     C    3        0.283388       -0.334152       -0.120177
     C    3       -0.334152       -0.185839       -0.050412
     C    3       -0.120177       -0.050412       -0.097549

     H    4        0.308966        0.365235        0.594178
     H    4        0.365235       -0.043292       -0.097032
     H    4        0.594178       -0.097032       -0.265675

     C    5       -0.492941        0.108615       -0.485310
     C    5        0.108615        0.495906        0.444958
     C    5       -0.485310        0.444958       -0.002965

     H    6       -0.111536       -0.126042        0.101171
     H    6       -0.126042        0.350391        0.191168
     H    6        0.101171        0.191168       -0.238855

     H    7       -0.123817        0.147532        0.118390
     H    7        0.147532       -0.080429       -0.624277
     H    7        0.118390       -0.624277        0.204246

     C    8        0.209831        0.064794        0.105565
     C    8        0.064794        0.162246        0.160670
     C    8        0.105565        0.160670       -0.372077

     H    9        0.179325        0.214642        0.351181
     H    9        0.214642       -0.525985        0.136904
     H    9        0.351181        0.136904        0.346660

     C   10       -0.579343       -0.113589        0.041002
     C   10       -0.113589        0.452662        0.003066
     C   10        0.041002        0.003066        0.126681

     C   11        0.246625        0.315736        0.037953
     C   11        0.315736        0.063603        0.195014
     C   11        0.037953        0.195014       -0.310228

     Cl  12       -1.209431        0.425815       -0.162382
     Cl  12        0.425815        0.913192        2.322944
     Cl  12       -0.162382        2.322944        0.296239

     H   13       -0.058084       -0.061822        0.056955
     H   13       -0.061822        0.046915        0.594082
     H   13        0.056955        0.594082        0.011169

     C   14        0.361856       -0.073247        0.014570
     C   14       -0.073247        0.204568       -0.167928
     C   14        0.014570       -0.167928       -0.566424

     H   15        0.484189       -0.222790        0.516090
     H   15       -0.222790       -0.458524        0.321313
     H   15        0.516090        0.321313       -0.025665

     C   16       -0.414241        0.123543       -0.010184
     C   16        0.123543        0.533533        0.096141
     C   16       -0.010184        0.096141       -0.119292

     C   17        0.216799       -0.275320       -0.123861
     C   17       -0.275320        0.509496       -0.502955
     C   17       -0.123861       -0.502955       -0.726295

     Cl  18       -1.219021       -0.408228       -0.019928
     Cl  18       -0.408228        2.893799        1.174340
     Cl  18       -0.019928        1.174340       -1.674778

     H   19        0.007330       -0.217891       -0.063860
     H   19       -0.217891        0.498353       -0.228886
     H   19       -0.063860       -0.228886       -0.505683

     C   20       -0.232631       -0.109817        0.223361
     C   20       -0.109817        0.337480       -0.268983
     C   20        0.223361       -0.268983       -0.104850

     H   21        0.438228       -0.564132        0.137905
     H   21       -0.564132       -0.449924       -0.276176
     H   21        0.137905       -0.276176        0.011696

     C   22        0.302407        0.127762       -0.060802
     C   22        0.127762        0.197239        0.112299
     C   22       -0.060802        0.112299       -0.499646

     C   23       -0.403452       -0.410412       -0.141206
     C   23       -0.410412        0.460318       -0.309661
     C   23       -0.141206       -0.309661       -0.056866

     Cl  24        0.084608        2.131191       -0.133961
     Cl  24        2.131191        2.140643       -1.283247
     Cl  24       -0.133961       -1.283247       -2.225251

     ----- total EFG (symmetrized) -----
     Cl   1        0.502775       -0.588924        0.357454
     Cl   1       -0.588924        0.401565        0.671000
     Cl   1        0.357454        0.671000       -0.904339

     C    2       -0.651610        0.458058       -0.185441
     C    2        0.458058        0.689507        0.424072
     C    2       -0.185441        0.424072       -0.037897

     C    3        0.283388       -0.334152       -0.120177
     C    3       -0.334152       -0.185839       -0.050412
     C    3       -0.120177       -0.050412       -0.097549

     H    4        0.308966        0.365235        0.594178
     H    4        0.365235       -0.043292       -0.097032
     H    4        0.594178       -0.097032       -0.265675

     C    5       -0.492941        0.108615       -0.485310
     C    5        0.108615        0.495906        0.444958
     C    5       -0.485310        0.444958       -0.002965

     H    6       -0.111536       -0.126042        0.101171
     H    6       -0.126042        0.350391        0.191168
     H    6        0.101171        0.191168       -0.238855

     H    7       -0.123817        0.147532        0.118390
     H    7        0.147532       -0.080429       -0.624277
     H    7        0.118390       -0.624277        0.204246

     C    8        0.209831        0.064794        0.105565
     C    8        0.064794        0.162246        0.160670
     C    8        0.105565        0.160670       -0.372077

     H    9        0.179325        0.214642        0.351181
     H    9        0.214642       -0.525985        0.136904
     H    9        0.351181        0.136904        0.346660

     C   10       -0.579343       -0.113589        0.041002
     C   10       -0.113589        0.452662        0.003066
     C   10        0.041002        0.003066        0.126681

     C   11        0.246625        0.315736        0.037953
     C   11        0.315736        0.063603        0.195014
     C   11        0.037953        0.195014       -0.310228

     Cl  12       -1.209431        0.425815       -0.162382
     Cl  12        0.425815        0.913192        2.322944
     Cl  12       -0.162382        2.322944        0.296239

     H   13       -0.058084       -0.061822        0.056955
     H   13       -0.061822        0.046915        0.594082
     H   13        0.056955        0.594082        0.011169

     C   14        0.361856       -0.073247        0.014570
     C   14       -0.073247        0.204568       -0.167928
     C   14        0.014570       -0.167928       -0.566424

     H   15        0.484189       -0.222790        0.516090
     H   15       -0.222790       -0.458524        0.321313
     H   15        0.516090        0.321313       -0.025665

     C   16       -0.414241        0.123543       -0.010184
     C   16        0.123543        0.533533        0.096141
     C   16       -0.010184        0.096141       -0.119292

     C   17        0.216799       -0.275320       -0.123861
     C   17       -0.275320        0.509496       -0.502955
     C   17       -0.123861       -0.502955       -0.726295

     Cl  18       -1.219021       -0.408228       -0.019928
     Cl  18       -0.408228        2.893799        1.174340
     Cl  18       -0.019928        1.174340       -1.674778

     H   19        0.007330       -0.217891       -0.063860
     H   19       -0.217891        0.498353       -0.228886
     H   19       -0.063860       -0.228886       -0.505683

     C   20       -0.232631       -0.109817        0.223361
     C   20       -0.109817        0.337480       -0.268983
     C   20        0.223361       -0.268983       -0.104850

     H   21        0.438228       -0.564132        0.137905
     H   21       -0.564132       -0.449924       -0.276176
     H   21        0.137905       -0.276176        0.011696

     C   22        0.302407        0.127762       -0.060802
     C   22        0.127762        0.197239        0.112299
     C   22       -0.060802        0.112299       -0.499646

     C   23       -0.403452       -0.410412       -0.141206
     C   23       -0.410412        0.460318       -0.309661
     C   23       -0.141206       -0.309661       -0.056866

     Cl  24        0.084608        2.131191       -0.133961
     Cl  24        2.131191        2.140643       -1.283247
     Cl  24       -0.133961       -1.283247       -2.225251


     NQR/NMR SPECTROSCOPIC PARAMETERS:
     Cl   1    Vxx=    0.2952    axis=(  0.672055  0.542676  0.503829)
     Cl   1    Vyy=    1.0671    axis=( -0.677911  0.724657  0.123731)
     Cl   1    Vzz=   -1.3623    axis=( -0.297958 -0.424705  0.854896)
     Cl   1  Q=        -8.1650 1e-30 m^2  Cq=        26.1345 MHz  eta= 0.56660

     C    2    Vxx=   -0.0532    axis=( -0.440975 -0.224240  0.869055)
     C    2    Vyy=   -0.9075    axis=( -0.870330  0.343364 -0.353025)
     C    2    Vzz=    0.9608    axis=( -0.219240 -0.912040 -0.346578)
     C    2  Q=         1.0000 1e-30 m^2  Cq=         2.2574 MHz  eta= 0.88921

     C    3    Vxx=   -0.0753    axis=( -0.021970 -0.359145  0.933023)
     C    3    Vyy=   -0.3943    axis=(  0.463941  0.823016  0.327725)
     C    3    Vzz=    0.4696    axis=( -0.885593  0.440068  0.148540)
     C    3  Q=         1.0000 1e-30 m^2  Cq=         1.1034 MHz  eta= 0.67923

     H    4    Vxx=   -0.0160    axis=( -0.066906  0.865922 -0.495684)
     H    4    Vyy=   -0.7533    axis=( -0.547744  0.383366  0.743644)
     H    4    Vzz=    0.7693    axis=(  0.833967  0.321262  0.448654)
     H    4  Q=         1.0000 1e-30 m^2  Cq=         1.8076 MHz  eta= 0.95849

     C    5    Vxx=    0.0960    axis=(  0.599010  0.517362 -0.611166)
     C    5    Vyy=    0.7783    axis=(  0.141807 -0.819725 -0.554924)
     C    5    Vzz=   -0.8744    axis=(  0.788085 -0.245738  0.564389)
     C    5  Q=         1.0000 1e-30 m^2  Cq=        -2.0544 MHz  eta= 0.78035

     H    6    Vxx=   -0.0562    axis=(  0.861438  0.028643  0.507054)
     H    6    Vyy=   -0.3674    axis=(  0.475838  0.303408 -0.825543)
     H    6    Vzz=    0.4236    axis=( -0.177490  0.952430  0.247738)
     H    6  Q=         1.0000 1e-30 m^2  Cq=         0.9953 MHz  eta= 0.73477

     H    7    Vxx=   -0.0554    axis=(  0.940380  0.266326  0.211557)
     H    7    Vyy=   -0.6468    axis=( -0.340125  0.735065  0.586511)
     H    7    Vzz=    0.7022    axis=(  0.000695 -0.623499  0.781824)
     H    7  Q=         1.0000 1e-30 m^2  Cq=         1.6499 MHz  eta= 0.84221

     C    8    Vxx=    0.1239    axis=(  0.671261 -0.735075 -0.095254)
     C    8    Vyy=    0.3042    axis=(  0.729045  0.631562  0.263861)
     C    8    Vzz=   -0.4281    axis=( -0.133799 -0.246564  0.959846)
     C    8  Q=         1.0000 1e-30 m^2  Cq=        -1.0058 MHz  eta= 0.42113

     H    9    Vxx=   -0.0847    axis=(  0.740679  0.157633 -0.653105)
     H    9    Vyy=   -0.5880    axis=( -0.248508  0.967423 -0.048333)
     H    9    Vzz=    0.6726    axis=(  0.624210  0.198101  0.755723)
     H    9  Q=         1.0000 1e-30 m^2  Cq=         1.5804 MHz  eta= 0.74829

     C   10    Vxx=    0.1290    axis=(  0.056146  0.010249  0.998370)
     C   10    Vyy=    0.4650    axis=( -0.108285  0.994111 -0.004115)
     C   10    Vzz=   -0.5940    axis=( -0.992533 -0.107877  0.056925)
     C   10  Q=         1.0000 1e-30 m^2  Cq=        -1.3958 MHz  eta= 0.56562

     C   11    Vxx=   -0.1015    axis=(  0.619680 -0.626500 -0.472752)
     C   11    Vyy=   -0.4096    axis=( -0.178294  0.474226 -0.862160)
     C   11    Vzz=    0.5112    axis=(  0.764335  0.618553  0.182167)
     C   11  Q=         1.0000 1e-30 m^2  Cq=         1.2011 MHz  eta= 0.60273

     Cl  12    Vxx=   -1.0011    axis=(  0.876702  0.279805 -0.391283)
     Cl  12    Vyy=   -1.9580    axis=( -0.478265  0.594156 -0.646716)
     Cl  12    Vzz=    2.9591    axis=( -0.051529 -0.754114 -0.654719)
     Cl  12  Q=        -8.1650 1e-30 m^2  Cq=       -56.7680 MHz  eta= 0.32340

     H   13    Vxx=   -0.0446    axis=( -0.987235  0.105819 -0.119034)
     H   13    Vyy=   -0.5788    axis=( -0.159117 -0.687968  0.708083)
     H   13    Vzz=    0.6234    axis=(  0.006963 -0.717985 -0.696024)
     H   13  Q=         1.0000 1e-30 m^2  Cq=         1.4648 MHz  eta= 0.85695

     C   14    Vxx=    0.2042    axis=(  0.428052  0.884681 -0.184692)
     C   14    Vyy=    0.3972    axis=(  0.903754 -0.419178  0.086711)
     C   14    Vzz=   -0.6014    axis=(  0.000707  0.204033  0.978964)
     C   14  Q=         1.0000 1e-30 m^2  Cq=        -1.4131 MHz  eta= 0.32098

     H   15    Vxx=   -0.0081    axis=( -0.385467  0.654612  0.650306)
     H   15    Vyy=   -0.7971    axis=(  0.353457  0.755765 -0.551259)
     H   15    Vzz=    0.8052    axis=(  0.852340 -0.017363  0.522700)
     H   15  Q=         1.0000 1e-30 m^2  Cq=         1.8919 MHz  eta= 0.97979

     C   16    Vxx=   -0.1306    axis=( -0.090437 -0.126176  0.987877)
     C   16    Vyy=   -0.4317    axis=(  0.988287 -0.133800  0.073386)
     C   16    Vzz=    0.5624    axis=(  0.122918  0.982943  0.136799)
     C   16  Q=         1.0000 1e-30 m^2  Cq=         1.3213 MHz  eta= 0.53539

     C   17    Vxx=    0.1665    axis=(  0.908179  0.298054 -0.293895)
     C   17    Vyy=    0.7772    axis=( -0.377162  0.887208 -0.265725)
     C   17    Vzz=   -0.9437    axis=(  0.181546  0.352172  0.918159)
     C   17  Q=         1.0000 1e-30 m^2  Cq=        -2.2173 MHz  eta= 0.64708

     Cl  18    Vxx=   -1.2472    axis=(  0.990232  0.062235  0.124773)
     Cl  18    Vyy=   -1.9672    axis=(  0.106320  0.241927 -0.964452)
     Cl  18    Vzz=    3.2143    axis=( -0.090209  0.968296  0.232947)
     Cl  18  Q=        -8.1650 1e-30 m^2  Cq=       -61.6656 MHz  eta= 0.22399

     H   19    Vxx=   -0.0377    axis=(  0.928521  0.267451 -0.257524)
     H   19    Vyy=   -0.5769    axis=( -0.194066 -0.241706 -0.950745)
     H   19    Vzz=    0.6146    axis=( -0.316522  0.932764 -0.172526)
     H   19  Q=         1.0000 1e-30 m^2  Cq=         1.4441 MHz  eta= 0.87726

     C   20    Vxx=   -0.1068    axis=(  0.614045  0.514262  0.598735)
     C   20    Vyy=   -0.4105    axis=(  0.744738 -0.126305 -0.655296)
     C   20    Vzz=    0.5174    axis=(  0.261371 -0.848281  0.460547)
     C   20  Q=         1.0000 1e-30 m^2  Cq=         1.2156 MHz  eta= 0.58709

     H   21    Vxx=   -0.0198    axis=( -0.383814 -0.086879  0.919314)
     H   21    Vyy=   -0.7715    axis=(  0.386594  0.888997  0.245417)
     H   21    Vzz=    0.7913    axis=( -0.838590  0.449595 -0.307622)
     H   21  Q=         1.0000 1e-30 m^2  Cq=         1.8592 MHz  eta= 0.95001

     C   22    Vxx=    0.1370    axis=( -0.553485  0.809553  0.195649)
     C   22    Vyy=    0.3882    axis=(  0.827043  0.561953  0.014441)
     C   22    Vzz=   -0.5252    axis=(  0.098255 -0.169803  0.980568)
     C   22  Q=         1.0000 1e-30 m^2  Cq=        -1.2340 MHz  eta= 0.47817

     C   23    Vxx=   -0.0291    axis=(  0.482265 -0.142473 -0.864362)
     C   23    Vyy=   -0.6729    axis=(  0.824836  0.406193  0.393258)
     C   23    Vzz=    0.7020    axis=(  0.295070 -0.902612  0.313410)
     C   23  Q=         1.0000 1e-30 m^2  Cq=         1.6494 MHz  eta= 0.91703

     Cl  24    Vxx=   -1.0358    axis=(  0.836191 -0.417229  0.355955)
     Cl  24    Vyy=   -2.6716    axis=( -0.219113  0.340834  0.914233)
     Cl  24    Vzz=    3.7074    axis=( -0.502766 -0.842468  0.193582)
     Cl  24  Q=        -8.1650 1e-30 m^2  Cq=       -71.1237 MHz  eta= 0.44122

     Initialization:
     gipaw_setup  :      8.88s CPU     10.66s WALL (       1 calls)

     Linear response

     Apply operators

     Induced current

     Other routines
     efg          :      9.26s CPU     11.66s WALL (       1 calls)

     General routines
     calbec       :      3.25s CPU      4.31s WALL (      16 calls)
     fft          :      1.44s CPU      1.95s WALL (      15 calls)
     ffts         :      0.04s CPU      0.05s WALL (       2 calls)
     fftw         :      3.26s CPU      4.00s WALL (     672 calls)
     davcio       :      0.02s CPU      0.34s WALL (      32 calls)

     Parallel routines
     fft_scatter  :      2.05s CPU      3.18s WALL (     689 calls)

     Plugins

     GIPAW        :     59.68s CPU     69.60s WALL (       1 calls)
