
     Program QE v.6.0 (svn rev. 13079) starts on 15Jan2017 at 15: 0: 7 

     This program is part of the open-source Quantum ESPRESSO suite
     for quantum simulation of materials; please cite
         "P. Giannozzi et al., J. Phys.:Condens. Matter 21 395502 (2009);
          URL http://www.quantum-espresso.org", 
     in publications or presentations arising from this work. More details at
     http://www.quantum-espresso.org/quote

     Parallel version (MPI), running on     8 processors
     R & G space division:  proc/nbgrp/npool/nimage =       8

     ***** This is GIPAW svn revision unknown      *****

     Parallelizing q-star over 1 images

     Reading data from directory:
     /users/majewski/paradichlorobenzene/pbe/9_constraint/scratch/pbe.ecut100.np8.dt60.pcl2phi-129368.save
     Message from routine read_xml_file:
     file /users/majewski/paradichlorobenzene/pbe/9_constraint/scratch/pbe.ecut100.np8.dt60.pcl2phi-129368.save not guaranteed to be safe for post-processing

   Info: using nr1, nr2, nr3 values from input

   Info: using nr1, nr2, nr3 values from input

     IMPORTANT: XC functional enforced from input :
     Exchange-correlation      =  SLA  PW   PBX  PBC ( 1  4  3  4 0 0)
     Any further DFT definition will be discarded
     Please, verify this is what you really want

               file C.pbe-n-kjpaw_psl.1.0.0.UPF: wavefunction(s)  2S 2P renormalized
               file Cl.pbe-n-kjpaw_psl.1.0.0.UPF: wavefunction(s)  3S 3P renormalized
               file H.pbe-kjpaw_psl.1.0.0.UPF: wavefunction(s)  1S renormalized

     Parallelization info
     --------------------
     sticks:   dense  smooth     PW     G-vecs:    dense   smooth      PW
     Min        3057    1223    332               144436    36536    5170
     Max        3059    1225    333               144437    36537    5171
     Sum       24467    9791   2657              1155489   292295   41363


     Subspace diagonalization in iterative solution of the eigenvalue problem:
     a serial algorithm will be used

     GIPAW projectors -----------------------------------------------
     atom=  C    l=0  rc=    1.2000  rs=    0.8000
     atom=  C    l=0  rc=    1.2000  rs=    0.8000
     atom=  C    l=1  rc=    1.4000  rs=    0.9333
     atom=  C    l=1  rc=    1.4000  rs=    0.9333
     projs nearly linearly dependent: l=1  n1,n2= 1, 2  s=  0.99951561

     atom=  Cl   l=0  rc=    1.6000  rs=    1.0667
     atom=  Cl   l=0  rc=    1.6000  rs=    1.0667
     atom=  Cl   l=1  rc=    1.6000  rs=    1.0667
     atom=  Cl   l=1  rc=    1.6000  rs=    1.0667
     atom=  Cl   l=2  rc=    1.6000  rs=    1.0667
     atom=  Cl   l=2  rc=    1.6000  rs=    1.0667
     projs nearly linearly dependent: l=2  n1,n2= 1, 2  s=  0.99993509

     atom=  H    l=0  rc=    1.0000  rs=    0.6667
     atom=  H    l=0  rc=    1.0000  rs=    0.6667
     projs nearly linearly dependent: l=0  n1,n2= 1, 2  s=  0.99968852
     -----------------------------------------------------------------

     GIPAW integrals: -------------------------------------------
     Atom  i/j   nmr_para   nmr_dia   epr_rmc  epr_para   epr_dia
       C   1 1   0.83E+03  0.17E-01  0.93E+01  0.24E+08  0.24E+03
       C   2 1   0.86E+03 -0.61E-01  0.94E+01  0.25E+08  0.25E+03
       C   2 2   0.90E+03 -0.15E+00  0.97E+01  0.26E+08  0.26E+03
       C   3 3   0.33E+01  0.34E+00  0.18E+01  0.55E+03  0.21E+02
       C   4 3   0.35E+01  0.37E+00  0.20E+01  0.59E+03  0.22E+02
       C   4 4   0.38E+01  0.39E+00  0.22E+01  0.63E+03  0.24E+02
       Cl  1 1   0.14E+04 -0.47E+00  0.84E+01  0.32E+09  0.42E+03
       Cl  2 1   0.21E+04 -0.37E+00  0.12E+02  0.49E+09  0.65E+03
       Cl  2 2   0.33E+04 -0.16E+00  0.21E+02  0.76E+09  0.10E+04
       Cl  3 3   0.21E+02  0.79E-01  0.89E+01  0.23E+05  0.13E+03
       Cl  4 3   0.24E+02  0.67E-01  0.99E+01  0.27E+05  0.15E+03
       Cl  4 4   0.28E+02  0.44E-01  0.11E+02  0.32E+05  0.18E+03
       Cl  5 5   0.77E+00  0.19E+00  0.18E+01  0.12E+03  0.22E+02
       Cl  6 5   0.80E+00  0.19E+00  0.19E+01  0.12E+03  0.23E+02
       Cl  6 6   0.83E+00  0.20E+00  0.19E+01  0.12E+03  0.23E+02
       H   1 1   0.39E+02  0.19E+00  0.29E+00  0.78E+05  0.13E+02
       H   2 1   0.41E+02  0.21E+00  0.32E+00  0.82E+05  0.14E+02
       H   2 2   0.43E+02  0.22E+00  0.36E+00  0.86E+05  0.15E+02
     ------------------------------------------------------------

     alpha_pv=     34.4411 eV

     Number of occupied bands for each k-point:
     k-point:     1    nbnd_occ=  42
     k-point:     2    nbnd_occ=  42
     k-point:     3    nbnd_occ=  42
     k-point:     4    nbnd_occ=  42
     k-point:     5    nbnd_occ=  42
     k-point:     6    nbnd_occ=  42
     k-point:     7    nbnd_occ=  42
     k-point:     8    nbnd_occ=  42
     k-point:     9    nbnd_occ=  42
     k-point:    10    nbnd_occ=  42
     k-point:    11    nbnd_occ=  42
     k-point:    12    nbnd_occ=  42
     k-point:    13    nbnd_occ=  42
     k-point:    14    nbnd_occ=  42
     k-point:    15    nbnd_occ=  42
     k-point:    16    nbnd_occ=  42


     q-space interpolation up to   110.00 Rydberg

     GIPAW job: efg                                                                             


     ELECTRIC FIELD GRADIENTS TENSORS IN Hartree/bohrradius^2:

     ----- bare term -----
     Cl   1       -0.051662        0.203928       -0.085961
     Cl   1        0.203928        0.096308        0.027680
     Cl   1       -0.085961        0.027680       -0.044646

     C    2       -0.100055       -0.143884       -0.212194
     C    2       -0.143884       -0.012219       -0.430913
     C    2       -0.212194       -0.430913        0.112274

     C    3       -0.163820        0.222824       -0.377219
     C    3        0.222824       -0.135799       -0.442999
     C    3       -0.377219       -0.442999        0.299619

     H    4       -0.666883       -0.252497       -0.248741
     H    4       -0.252497        0.374141       -0.144508
     H    4       -0.248741       -0.144508        0.292742

     C    5        0.079921        0.582435        0.023532
     C    5        0.582435       -0.404270       -0.384230
     C    5        0.023532       -0.384230        0.324349

     H    6        0.096286       -0.220494       -0.417958
     H    6       -0.220494       -0.038968       -0.454500
     H    6       -0.417958       -0.454500       -0.057318

     H    7       -0.039203        0.246037        0.090641
     H    7        0.246037       -0.363134        0.401437
     H    7        0.090641        0.401437        0.402336

     C    8       -0.578391       -0.312180       -0.301182
     C    8       -0.312180        0.177538        0.101053
     C    8       -0.301182        0.101053        0.400853

     H    9       -0.618283       -0.117857       -0.000039
     H    9       -0.117857        0.300477        0.304050
     H    9       -0.000039        0.304050        0.317806

     C   10        0.043995        0.182798       -0.343110
     C   10        0.182798       -0.222847        0.531405
     C   10       -0.343110        0.531405        0.178852

     C   11       -0.726727       -0.450617       -0.354441
     C   11       -0.450617        0.355896        0.103073
     C   11       -0.354441        0.103073        0.370831

     Cl  12        0.028143       -0.061901       -0.034884
     Cl  12       -0.061901        0.045148        0.003492
     Cl  12       -0.034884        0.003492       -0.073291

     H   13        0.265660        0.135984       -0.354774
     H   13        0.135984        0.068887       -0.216227
     H   13       -0.354774       -0.216227       -0.334548

     C   14       -0.456668        0.338127        0.024532
     C   14        0.338127        0.167074       -0.010850
     C   14        0.024532       -0.010850        0.289594

     H   15       -0.192249        0.303965       -0.375008
     H   15        0.303965       -0.130246       -0.115543
     H   15       -0.375008       -0.115543        0.322495

     C   16        0.251657        0.069196       -0.165809
     C   16        0.069196       -0.226084       -0.577338
     C   16       -0.165809       -0.577338       -0.025573

     C   17       -0.621855        0.376062       -0.414678
     C   17        0.376062        0.259459       -0.048002
     C   17       -0.414678       -0.048002        0.362396

     Cl  18        0.247746       -0.048123       -0.317135
     Cl  18       -0.048123        0.230862       -0.416037
     Cl  18       -0.317135       -0.416037       -0.478608

     H   19        0.410164        0.258363       -0.066693
     H   19        0.258363       -0.692961        0.412747
     H   19       -0.066693        0.412747        0.282797

     C   20       -0.111021       -0.224764       -0.152169
     C   20       -0.224764       -0.040146        0.418447
     C   20       -0.152169        0.418447        0.151168

     H   21       -0.272725        0.200180       -0.534852
     H   21        0.200180        0.338930        0.221292
     H   21       -0.534852        0.221292       -0.066205

     C   22       -0.545669       -0.358815       -0.298156
     C   22       -0.358815        0.117009        0.241420
     C   22       -0.298156        0.241420        0.428660

     C   23       -0.035925        0.268696       -0.396093
     C   23        0.268696       -0.041600        0.651368
     C   23       -0.396093        0.651368        0.077526

     Cl  24       -0.086617       -0.169646        0.056666
     Cl  24       -0.169646       -0.046654        0.053720
     Cl  24        0.056666        0.053720        0.133271

     ----- ionic term -----
     Cl   1        0.036462       -0.183925       -0.029247
     Cl   1       -0.183925        0.100191        0.038919
     Cl   1       -0.029247        0.038919       -0.136653

     C    2        0.167095       -0.154956        0.247843
     C    2       -0.154956        0.061600        0.432589
     C    2        0.247843        0.432589       -0.228695

     C    3        0.123382       -0.214625        0.166932
     C    3       -0.214625        0.059923        0.470776
     C    3        0.166932        0.470776       -0.183304

     H    4        0.589865        0.142211        0.735172
     H    4        0.142211       -0.550365        0.169842
     H    4        0.735172        0.169842       -0.039500

     C    5        0.343610       -0.221550        0.180081
     C    5       -0.221550       -0.083380        0.362899
     C    5        0.180081        0.362899       -0.260230

     H    6       -0.508008        0.151267        0.141646
     H    6        0.151267        0.306928        0.837609
     H    6        0.141646        0.837609        0.201081

     H    7       -0.460568       -0.262301        0.087401
     H    7       -0.262301        0.847610       -0.505067
     H    7        0.087401       -0.505067       -0.387042

     C    8        0.322342        0.194325        0.217088
     C    8        0.194325        0.125885       -0.251847
     C    8        0.217088       -0.251847       -0.448228

     H    9        0.828255       -0.334450        0.492427
     H    9       -0.334450       -0.374505       -0.171172
     H    9        0.492427       -0.171172       -0.453749

     C   10        0.222916        0.228628        0.140542
     C   10        0.228628        0.240841       -0.322614
     C   10        0.140542       -0.322614       -0.463757

     C   11        0.206469        0.199221        0.279609
     C   11        0.199221        0.181434       -0.294384
     C   11        0.279609       -0.294384       -0.387903

     Cl  12        0.137294        0.219304        0.021194
     Cl  12        0.219304        0.028224        0.006262
     Cl  12        0.021194        0.006262       -0.165517

     H   13       -0.441579        0.289998        0.260516
     H   13        0.289998        0.415938        0.786253
     H   13        0.260516        0.786253        0.025641

     C   14        0.332378       -0.209820        0.195433
     C   14       -0.209820       -0.033772        0.355509
     C   14        0.195433        0.355509       -0.298606

     H   15        0.779422        0.170554        0.611043
     H   15        0.170554       -0.515586        0.152699
     H   15        0.611043        0.152699       -0.263836

     C   16        0.169014       -0.236262        0.104490
     C   16       -0.236262        0.067361        0.461961
     C   16        0.104490        0.461961       -0.236375

     C   17        0.252717       -0.156168        0.153011
     C   17       -0.156168       -0.055268        0.477068
     C   17        0.153011        0.477068       -0.197449

     Cl  18        0.085966       -0.202920       -0.094519
     Cl  18       -0.202920        0.003042        0.063882
     Cl  18       -0.094519        0.063882       -0.089008

     H   19       -0.521527       -0.116808        0.076941
     H   19       -0.116808        0.657872       -0.693390
     H   19        0.076941       -0.693390       -0.136346

     C   20        0.213991        0.220015        0.256181
     C   20        0.220015        0.137819       -0.264655
     C   20        0.256181       -0.264655       -0.351810

     H   21        0.598332       -0.141855        0.740140
     H   21       -0.141855       -0.486793       -0.167922
     H   21        0.740140       -0.167922       -0.111539

     C   22        0.083491        0.270180        0.220604
     C   22        0.270180        0.214349       -0.368832
     C   22        0.220604       -0.368832       -0.297839

     C   23        0.201040        0.188747        0.228031
     C   23        0.188747        0.134206       -0.389921
     C   23        0.228031       -0.389921       -0.335245

     Cl  24        0.116031        0.207187       -0.001200
     Cl  24        0.207187        0.034142       -0.014938
     Cl  24       -0.001200       -0.014938       -0.150172

     ----- GIPAW term -----
     Cl   1       -0.599882       -0.623413        0.872102
     Cl   1       -0.623413       -1.263638       -0.063902
     Cl   1        0.872102       -0.063902        1.863520

     C    2       -0.048445       -0.053978       -0.026345
     C    2       -0.053978        0.010582       -0.132290
     C    2       -0.026345       -0.132290        0.037863

     C    3       -0.002027        0.125695       -0.208902
     C    3        0.125695       -0.028991       -0.151208
     C    3       -0.208902       -0.151208        0.031017

     H    4       -0.000000        0.000000        0.000000
     H    4        0.000000        0.000000        0.000000
     H    4        0.000000        0.000000        0.000000

     C    5        0.157599        0.258779        0.079715
     C    5        0.258779       -0.079064       -0.030816
     C    5        0.079715       -0.030816       -0.078535

     H    6       -0.000000        0.000000        0.000000
     H    6        0.000000        0.000000        0.000000
     H    6        0.000000        0.000000        0.000000

     H    7       -0.000000        0.000000        0.000000
     H    7        0.000000        0.000000        0.000000
     H    7        0.000000        0.000000        0.000000

     C    8       -0.038225        0.165586       -0.066645
     C    8        0.165586        0.133079       -0.073583
     C    8       -0.066645       -0.073583       -0.094854

     H    9       -0.000000        0.000000        0.000000
     H    9        0.000000        0.000000        0.000000
     H    9        0.000000        0.000000        0.000000

     C   10       -0.054814        0.194764       -0.118220
     C   10        0.194764        0.122331       -0.074153
     C   10       -0.118220       -0.074153       -0.067517

     C   11       -0.169286       -0.001214       -0.035998
     C   11       -0.001214        0.286691       -0.042935
     C   11       -0.035998       -0.042935       -0.117405

     Cl  12        0.010382        0.589231       -0.217745
     Cl  12        0.589231        2.644320        0.343401
     Cl  12       -0.217745        0.343401       -2.654702

     H   13       -0.000000        0.000000        0.000000
     H   13        0.000000        0.000000        0.000000
     H   13        0.000000        0.000000        0.000000

     C   14       -0.050463       -0.043408        0.044228
     C   14       -0.043408        0.070646       -0.014546
     C   14        0.044228       -0.014546       -0.020183

     H   15       -0.000000        0.000000        0.000000
     H   15        0.000000        0.000000        0.000000
     H   15        0.000000        0.000000        0.000000

     C   16       -0.053476       -0.012790       -0.009217
     C   16       -0.012790        0.173850        0.014404
     C   16       -0.009217        0.014404       -0.120374

     C   17       -0.053582        0.117362        0.028859
     C   17        0.117362        0.111106        0.112519
     C   17        0.028859        0.112519       -0.057524

     Cl  18        0.211419       -0.444509       -0.213496
     Cl  18       -0.444509        0.160738        0.053187
     Cl  18       -0.213496        0.053187       -0.372158

     H   19       -0.000000        0.000000        0.000000
     H   19        0.000000        0.000000        0.000000
     H   19        0.000000        0.000000        0.000000

     C   20       -0.096004       -0.112240        0.010541
     C   20       -0.112240        0.219692        0.010951
     C   20        0.010541        0.010951       -0.123688

     H   21       -0.000000        0.000000        0.000000
     H   21        0.000000        0.000000        0.000000
     H   21        0.000000        0.000000        0.000000

     C   22       -0.183597       -0.015294       -0.076026
     C   22       -0.015294        0.166419       -0.036345
     C   22       -0.076026       -0.036345        0.017178

     C   23        0.023253        0.241836       -0.064240
     C   23        0.241836        0.130920        0.094409
     C   23       -0.064240        0.094409       -0.154173

     Cl  24        1.371709        1.946662        0.441420
     Cl  24        1.946662       -0.189703        0.386453
     Cl  24        0.441420        0.386453       -1.182005

     ----- total EFG -----
     Cl   1       -0.615082       -0.603411        0.756894
     Cl   1       -0.603411       -1.067139        0.002697
     Cl   1        0.756894        0.002697        1.682221

     C    2        0.018595       -0.352818        0.009304
     C    2       -0.352818        0.059963       -0.130614
     C    2        0.009304       -0.130614       -0.078557

     C    3       -0.042465        0.133893       -0.419189
     C    3        0.133893       -0.104867       -0.123432
     C    3       -0.419189       -0.123432        0.147332

     H    4       -0.077018       -0.110286        0.486431
     H    4       -0.110286       -0.176224        0.025334
     H    4        0.486431        0.025334        0.253242

     C    5        0.581131        0.619663        0.283329
     C    5        0.619663       -0.566714       -0.052147
     C    5        0.283329       -0.052147       -0.014417

     H    6       -0.411722       -0.069227       -0.276312
     H    6       -0.069227        0.267960        0.383108
     H    6       -0.276312        0.383108        0.143762

     H    7       -0.499771       -0.016264        0.178043
     H    7       -0.016264        0.484477       -0.103630
     H    7        0.178043       -0.103630        0.015294

     C    8       -0.294273        0.047731       -0.150739
     C    8        0.047731        0.436502       -0.224377
     C    8       -0.150739       -0.224377       -0.142229

     H    9        0.209972       -0.452306        0.492387
     H    9       -0.452306       -0.074029        0.132878
     H    9        0.492387        0.132878       -0.135943

     C   10        0.212097        0.606190       -0.320787
     C   10        0.606190        0.140325        0.134638
     C   10       -0.320787        0.134638       -0.352423

     C   11       -0.689544       -0.252610       -0.110830
     C   11       -0.252610        0.824021       -0.234246
     C   11       -0.110830       -0.234246       -0.134477

     Cl  12        0.175819        0.746634       -0.231435
     Cl  12        0.746634        2.717692        0.353155
     Cl  12       -0.231435        0.353155       -2.893510

     H   13       -0.175918        0.425982       -0.094258
     H   13        0.425982        0.484825        0.570026
     H   13       -0.094258        0.570026       -0.308907

     C   14       -0.174752        0.084899        0.264192
     C   14        0.084899        0.203948        0.330112
     C   14        0.264192        0.330112       -0.029196

     H   15        0.587173        0.474520        0.236035
     H   15        0.474520       -0.645833        0.037157
     H   15        0.236035        0.037157        0.058659

     C   16        0.367195       -0.179856       -0.070535
     C   16       -0.179856        0.015127       -0.100973
     C   16       -0.070535       -0.100973       -0.382322

     C   17       -0.422720        0.337256       -0.232807
     C   17        0.337256        0.315298        0.541586
     C   17       -0.232807        0.541586        0.107423

     Cl  18        0.545131       -0.695552       -0.625150
     Cl  18       -0.695552        0.394643       -0.298968
     Cl  18       -0.625150       -0.298968       -0.939774

     H   19       -0.111363        0.141555        0.010248
     H   19        0.141555       -0.035089       -0.280642
     H   19        0.010248       -0.280642        0.146451

     C   20        0.006966       -0.116989        0.114554
     C   20       -0.116989        0.317365        0.164743
     C   20        0.114554        0.164743       -0.324331

     H   21        0.325607        0.058325        0.205288
     H   21        0.058325       -0.147863        0.053369
     H   21        0.205288        0.053369       -0.177744

     C   22       -0.645776       -0.103929       -0.153577
     C   22       -0.103929        0.497777       -0.163758
     C   22       -0.153577       -0.163758        0.147999

     C   23        0.188367        0.699278       -0.232303
     C   23        0.699278        0.223526        0.355856
     C   23       -0.232303        0.355856       -0.411893

     Cl  24        1.401123        1.984203        0.496886
     Cl  24        1.984203       -0.202216        0.425236
     Cl  24        0.496886        0.425236       -1.198907

     ----- total EFG (symmetrized) -----
     Cl   1       -0.615082       -0.603411        0.756894
     Cl   1       -0.603411       -1.067139        0.002697
     Cl   1        0.756894        0.002697        1.682221

     C    2        0.018595       -0.352818        0.009304
     C    2       -0.352818        0.059963       -0.130614
     C    2        0.009304       -0.130614       -0.078557

     C    3       -0.042465        0.133893       -0.419189
     C    3        0.133893       -0.104867       -0.123432
     C    3       -0.419189       -0.123432        0.147332

     H    4       -0.077018       -0.110286        0.486431
     H    4       -0.110286       -0.176224        0.025334
     H    4        0.486431        0.025334        0.253242

     C    5        0.581131        0.619663        0.283329
     C    5        0.619663       -0.566714       -0.052147
     C    5        0.283329       -0.052147       -0.014417

     H    6       -0.411722       -0.069227       -0.276312
     H    6       -0.069227        0.267960        0.383108
     H    6       -0.276312        0.383108        0.143762

     H    7       -0.499771       -0.016264        0.178043
     H    7       -0.016264        0.484477       -0.103630
     H    7        0.178043       -0.103630        0.015294

     C    8       -0.294273        0.047731       -0.150739
     C    8        0.047731        0.436502       -0.224377
     C    8       -0.150739       -0.224377       -0.142229

     H    9        0.209972       -0.452306        0.492387
     H    9       -0.452306       -0.074029        0.132878
     H    9        0.492387        0.132878       -0.135943

     C   10        0.212097        0.606190       -0.320787
     C   10        0.606190        0.140325        0.134638
     C   10       -0.320787        0.134638       -0.352423

     C   11       -0.689544       -0.252610       -0.110830
     C   11       -0.252610        0.824021       -0.234246
     C   11       -0.110830       -0.234246       -0.134477

     Cl  12        0.175819        0.746634       -0.231435
     Cl  12        0.746634        2.717692        0.353155
     Cl  12       -0.231435        0.353155       -2.893510

     H   13       -0.175918        0.425982       -0.094258
     H   13        0.425982        0.484825        0.570026
     H   13       -0.094258        0.570026       -0.308907

     C   14       -0.174752        0.084899        0.264192
     C   14        0.084899        0.203948        0.330112
     C   14        0.264192        0.330112       -0.029196

     H   15        0.587173        0.474520        0.236035
     H   15        0.474520       -0.645833        0.037157
     H   15        0.236035        0.037157        0.058659

     C   16        0.367195       -0.179856       -0.070535
     C   16       -0.179856        0.015127       -0.100973
     C   16       -0.070535       -0.100973       -0.382322

     C   17       -0.422720        0.337256       -0.232807
     C   17        0.337256        0.315298        0.541586
     C   17       -0.232807        0.541586        0.107423

     Cl  18        0.545131       -0.695552       -0.625150
     Cl  18       -0.695552        0.394643       -0.298968
     Cl  18       -0.625150       -0.298968       -0.939774

     H   19       -0.111363        0.141555        0.010248
     H   19        0.141555       -0.035089       -0.280642
     H   19        0.010248       -0.280642        0.146451

     C   20        0.006966       -0.116989        0.114554
     C   20       -0.116989        0.317365        0.164743
     C   20        0.114554        0.164743       -0.324331

     H   21        0.325607        0.058325        0.205288
     H   21        0.058325       -0.147863        0.053369
     H   21        0.205288        0.053369       -0.177744

     C   22       -0.645776       -0.103929       -0.153577
     C   22       -0.103929        0.497777       -0.163758
     C   22       -0.153577       -0.163758        0.147999

     C   23        0.188367        0.699278       -0.232303
     C   23        0.699278        0.223526        0.355856
     C   23       -0.232303        0.355856       -0.411893

     Cl  24        1.401123        1.984203        0.496886
     Cl  24        1.984203       -0.202216        0.425236
     Cl  24        0.496886        0.425236       -1.198907


     NQR/NMR SPECTROSCOPIC PARAMETERS:
     Cl   1    Vxx=   -0.3701    axis=(  0.727955 -0.631231 -0.267636)
     Cl   1    Vyy=   -1.5492    axis=( -0.617175 -0.773311  0.145205)
     Cl   1    Vzz=    1.9193    axis=(  0.298624 -0.059476  0.952516)
     Cl   1  Q=        -8.1650 1e-30 m^2  Cq=       -36.8217 MHz  eta= 0.61432

     C    2    Vxx=   -0.0723    axis=( -0.369524 -0.070758  0.926523)
     C    2    Vyy=   -0.3417    axis=(  0.659817  0.682101  0.315245)
     C    2    Vzz=    0.4140    axis=(  0.654289 -0.727826  0.205366)
     C    2  Q=         1.0000 1e-30 m^2  Cq=         0.9727 MHz  eta= 0.65075

     C    3    Vxx=   -0.1525    axis=( -0.077600  0.955441  0.284801)
     C    3    Vyy=   -0.3806    axis=( -0.790845  0.114953 -0.601124)
     C    3    Vzz=    0.5331    axis=( -0.607077 -0.271881  0.746685)
     C    3  Q=         1.0000 1e-30 m^2  Cq=         1.2525 MHz  eta= 0.42773

     H    4    Vxx=   -0.1405    axis=(  0.247036 -0.937566 -0.244834)
     H    4    Vyy=   -0.4637    axis=(  0.771591  0.343172 -0.535612)
     H    4    Vzz=    0.6043    axis=(  0.586192 -0.056596  0.808193)
     H    4  Q=         1.0000 1e-30 m^2  Cq=         1.4198 MHz  eta= 0.53482

     C    5    Vxx=   -0.0452    axis=( -0.154053 -0.277841  0.948194)
     C    5    Vyy=   -0.8690    axis=( -0.417149  0.888219  0.192493)
     C    5    Vzz=    0.9142    axis=( -0.895687 -0.365884 -0.252734)
     C    5  Q=         1.0000 1e-30 m^2  Cq=         2.1480 MHz  eta= 0.90118

     H    6    Vxx=   -0.1098    axis=( -0.397508 -0.688297  0.606824)
     H    6    Vyy=   -0.5366    axis=( -0.890749  0.130641 -0.435315)
     H    6    Vzz=    0.6464    axis=(  0.220350 -0.713569 -0.665030)
     H    6  Q=         1.0000 1e-30 m^2  Cq=         1.5187 MHz  eta= 0.66032

     H    7    Vxx=    0.0463    axis=(  0.295452  0.230248  0.927197)
     H    7    Vyy=    0.5093    axis=( -0.055214  0.973016 -0.224032)
     H    7    Vzz=   -0.5556    axis=( -0.953761  0.014996  0.300192)
     H    7  Q=         1.0000 1e-30 m^2  Cq=        -1.3053 MHz  eta= 0.83334

     C    8    Vxx=   -0.1288    axis=( -0.576596  0.343009  0.741540)
     C    8    Vyy=   -0.3956    axis=(  0.808596  0.109501  0.578085)
     C    8    Vzz=    0.5244    axis=( -0.117089 -0.932928  0.340494)
     C    8  Q=         1.0000 1e-30 m^2  Cq=         1.2321 MHz  eta= 0.50873

     H    9    Vxx=    0.0302    axis=( -0.026419 -0.740976 -0.671012)
     H    9    Vyy=    0.6906    axis=( -0.811841  0.407566 -0.418097)
     H    9    Vzz=   -0.7208    axis=(  0.583281  0.533709 -0.612322)
     H    9  Q=         1.0000 1e-30 m^2  Cq=        -1.6936 MHz  eta= 0.91627

     C   10    Vxx=   -0.0840    axis=( -0.373433  0.569786  0.732046)
     C   10    Vyy=   -0.7180    axis=(  0.553905 -0.496060  0.668666)
     C   10    Vzz=    0.8020    axis=( -0.744135 -0.655186  0.130362)
     C   10  Q=         1.0000 1e-30 m^2  Cq=         1.8844 MHz  eta= 0.79056

     C   11    Vxx=   -0.1429    axis=( -0.266844  0.160498  0.950281)
     C   11    Vyy=   -0.7664    axis=(  0.953650  0.186283  0.236327)
     C   11    Vzz=    0.9093    axis=( -0.139091  0.969298 -0.202768)
     C   11  Q=         1.0000 1e-30 m^2  Cq=         2.1364 MHz  eta= 0.68564

     Cl  12    Vxx=    0.0068    axis=( -0.962023  0.250983  0.107325)
     Cl  12    Vyy=    2.9343    axis=(  0.257186  0.965155  0.048273)
     Cl  12    Vzz=   -2.9412    axis=(  0.091470 -0.074043  0.993051)
     Cl  12  Q=        -8.1650 1e-30 m^2  Cq=        56.4247 MHz  eta= 0.99534

     H   13    Vxx=   -0.1319    axis=(  0.821138 -0.041027 -0.569253)
     H   13    Vyy=   -0.7605    axis=( -0.478020  0.495492 -0.725247)
     H   13    Vzz=    0.8923    axis=(  0.311816  0.867643  0.387256)
     H   13  Q=         1.0000 1e-30 m^2  Cq=         2.0966 MHz  eta= 0.70447

     C   14    Vxx=   -0.0980    axis=(  0.674841 -0.622676  0.396061)
     C   14    Vyy=   -0.4149    axis=( -0.664284 -0.278801  0.693540)
     C   14    Vzz=    0.5130    axis=(  0.321428  0.731126  0.601780)
     C   14  Q=         1.0000 1e-30 m^2  Cq=         1.2053 MHz  eta= 0.61778

     H   15    Vxx=   -0.0121    axis=( -0.263741 -0.141537  0.954153)
     H   15    Vyy=   -0.8093    axis=( -0.328762  0.943139  0.049029)
     H   15    Vzz=    0.8214    axis=( -0.906839 -0.300758 -0.295276)
     H   15  Q=         1.0000 1e-30 m^2  Cq=         1.9300 MHz  eta= 0.97055

     C   16    Vxx=   -0.0206    axis=(  0.351686  0.881647 -0.314668)
     C   16    Vyy=   -0.4231    axis=(  0.148266  0.279439  0.948647)
     C   16    Vzz=    0.4437    axis=( -0.924302  0.380280  0.032443)
     C   16  Q=         1.0000 1e-30 m^2  Cq=         1.0424 MHz  eta= 0.90723

     C   17    Vxx=    0.0077    axis=( -0.658398 -0.400351  0.637362)
     C   17    Vyy=    0.7746    axis=(  0.104917  0.789719  0.604431)
     C   17    Vzz=   -0.7823    axis=( -0.745321  0.464827 -0.477946)
     C   17  Q=         1.0000 1e-30 m^2  Cq=        -1.8382 MHz  eta= 0.98026

     Cl  18    Vxx=    0.1303    axis=(  0.485210  0.726588 -0.486458)
     Cl  18    Vyy=    1.2074    axis=( -0.777174  0.613313  0.140881)
     Cl  18    Vzz=   -1.3377    axis=(  0.400713  0.309706  0.862271)
     Cl  18  Q=        -8.1650 1e-30 m^2  Cq=        25.6626 MHz  eta= 0.80515

     H   19    Vxx=   -0.0491    axis=(  0.834317  0.335345  0.437560)
     H   19    Vyy=   -0.3140    axis=(  0.526276 -0.720839 -0.451027)
     H   19    Vzz=    0.3631    axis=( -0.164161 -0.606577  0.777892)
     H   19  Q=         1.0000 1e-30 m^2  Cq=         0.8532 MHz  eta= 0.72962

     C   20    Vxx=    0.0324    axis=( -0.915163 -0.162426 -0.368909)
     C   20    Vyy=    0.3790    axis=( -0.243036  0.952496  0.183532)
     C   20    Vzz=   -0.4113    axis=( -0.321574 -0.257620  0.911165)
     C   20  Q=         1.0000 1e-30 m^2  Cq=        -0.9665 MHz  eta= 0.84256

     H   21    Vxx=   -0.1484    axis=(  0.214718 -0.950222 -0.225773)
     H   21    Vyy=   -0.2599    axis=(  0.292095  0.283062 -0.913541)
     H   21    Vzz=    0.4083    axis=(  0.931974  0.130207  0.338334)
     H   21  Q=         1.0000 1e-30 m^2  Cq=         0.9593 MHz  eta= 0.27324

     C   22    Vxx=    0.1256    axis=(  0.227389 -0.338274 -0.913162)
     C   22    Vyy=    0.5639    axis=(  0.035215 -0.934257  0.354857)
     C   22    Vzz=   -0.6895    axis=(  0.973167  0.112847  0.200528)
     C   22  Q=         1.0000 1e-30 m^2  Cq=        -1.6200 MHz  eta= 0.63573

     C   23    Vxx=   -0.0409    axis=( -0.532647  0.418935  0.735378)
     C   23    Vyy=   -0.8717    axis=( -0.504260  0.540737 -0.673294)
     C   23    Vzz=    0.9126    axis=( -0.679713 -0.729450 -0.076770)
     C   23  Q=         1.0000 1e-30 m^2  Cq=         2.1442 MHz  eta= 0.91035

     Cl  24    Vxx=   -1.2823    axis=( -0.280620  0.141784  0.949289)
     Cl  24    Vyy=   -1.5617    axis=( -0.503728  0.820122 -0.271399)
     Cl  24    Vzz=    2.8439    axis=( -0.817013 -0.554344 -0.158722)
     Cl  24  Q=        -8.1650 1e-30 m^2  Cq=       -54.5595 MHz  eta= 0.09824

     Initialization:
     gipaw_setup  :      9.04s CPU     11.51s WALL (       1 calls)

     Linear response

     Apply operators

     Induced current

     Other routines
     efg          :     10.12s CPU     14.15s WALL (       1 calls)

     General routines
     calbec       :      3.20s CPU      4.37s WALL (      16 calls)
     fft          :      1.71s CPU      2.93s WALL (      15 calls)
     ffts         :      0.05s CPU      0.08s WALL (       2 calls)
     fftw         :      4.17s CPU      6.40s WALL (     672 calls)
     davcio       :      0.02s CPU      0.32s WALL (      32 calls)

     Parallel routines
     fft_scatter  :      3.33s CPU      6.57s WALL (     689 calls)

     Plugins

     GIPAW        :     64.61s CPU     90.50s WALL (       1 calls)
