
     Program QE v.6.0 (svn rev. 13079) starts on 15Jan2017 at 23:16: 8 

     This program is part of the open-source Quantum ESPRESSO suite
     for quantum simulation of materials; please cite
         "P. Giannozzi et al., J. Phys.:Condens. Matter 21 395502 (2009);
          URL http://www.quantum-espresso.org", 
     in publications or presentations arising from this work. More details at
     http://www.quantum-espresso.org/quote

     Parallel version (MPI), running on     8 processors
     R & G space division:  proc/nbgrp/npool/nimage =       8

     ***** This is GIPAW svn revision unknown      *****

     Parallelizing q-star over 1 images

     Reading data from directory:
     /users/majewski/paradichlorobenzene/pbe/9_constraint/scratch/pbe.ecut100.np8.dt60.pcl2phi-129368.save
     Message from routine read_xml_file:
     file /users/majewski/paradichlorobenzene/pbe/9_constraint/scratch/pbe.ecut100.np8.dt60.pcl2phi-129368.save not guaranteed to be safe for post-processing

   Info: using nr1, nr2, nr3 values from input

   Info: using nr1, nr2, nr3 values from input

     IMPORTANT: XC functional enforced from input :
     Exchange-correlation      =  SLA  PW   PBX  PBC ( 1  4  3  4 0 0)
     Any further DFT definition will be discarded
     Please, verify this is what you really want

               file C.pbe-n-kjpaw_psl.1.0.0.UPF: wavefunction(s)  2S 2P renormalized
               file Cl.pbe-n-kjpaw_psl.1.0.0.UPF: wavefunction(s)  3S 3P renormalized
               file H.pbe-kjpaw_psl.1.0.0.UPF: wavefunction(s)  1S renormalized

     Parallelization info
     --------------------
     sticks:   dense  smooth     PW     G-vecs:    dense   smooth      PW
     Min        3057    1223    332               144436    36536    5170
     Max        3059    1225    333               144437    36537    5171
     Sum       24467    9791   2657              1155489   292295   41363


     Subspace diagonalization in iterative solution of the eigenvalue problem:
     a serial algorithm will be used

     GIPAW projectors -----------------------------------------------
     atom=  C    l=0  rc=    1.2000  rs=    0.8000
     atom=  C    l=0  rc=    1.2000  rs=    0.8000
     atom=  C    l=1  rc=    1.4000  rs=    0.9333
     atom=  C    l=1  rc=    1.4000  rs=    0.9333
     projs nearly linearly dependent: l=1  n1,n2= 1, 2  s=  0.99951561

     atom=  Cl   l=0  rc=    1.6000  rs=    1.0667
     atom=  Cl   l=0  rc=    1.6000  rs=    1.0667
     atom=  Cl   l=1  rc=    1.6000  rs=    1.0667
     atom=  Cl   l=1  rc=    1.6000  rs=    1.0667
     atom=  Cl   l=2  rc=    1.6000  rs=    1.0667
     atom=  Cl   l=2  rc=    1.6000  rs=    1.0667
     projs nearly linearly dependent: l=2  n1,n2= 1, 2  s=  0.99993509

     atom=  H    l=0  rc=    1.0000  rs=    0.6667
     atom=  H    l=0  rc=    1.0000  rs=    0.6667
     projs nearly linearly dependent: l=0  n1,n2= 1, 2  s=  0.99968852
     -----------------------------------------------------------------

     GIPAW integrals: -------------------------------------------
     Atom  i/j   nmr_para   nmr_dia   epr_rmc  epr_para   epr_dia
       C   1 1   0.83E+03  0.17E-01  0.93E+01  0.24E+08  0.24E+03
       C   2 1   0.86E+03 -0.61E-01  0.94E+01  0.25E+08  0.25E+03
       C   2 2   0.90E+03 -0.15E+00  0.97E+01  0.26E+08  0.26E+03
       C   3 3   0.33E+01  0.34E+00  0.18E+01  0.55E+03  0.21E+02
       C   4 3   0.35E+01  0.37E+00  0.20E+01  0.59E+03  0.22E+02
       C   4 4   0.38E+01  0.39E+00  0.22E+01  0.63E+03  0.24E+02
       Cl  1 1   0.14E+04 -0.47E+00  0.84E+01  0.32E+09  0.42E+03
       Cl  2 1   0.21E+04 -0.37E+00  0.12E+02  0.49E+09  0.65E+03
       Cl  2 2   0.33E+04 -0.16E+00  0.21E+02  0.76E+09  0.10E+04
       Cl  3 3   0.21E+02  0.79E-01  0.89E+01  0.23E+05  0.13E+03
       Cl  4 3   0.24E+02  0.67E-01  0.99E+01  0.27E+05  0.15E+03
       Cl  4 4   0.28E+02  0.44E-01  0.11E+02  0.32E+05  0.18E+03
       Cl  5 5   0.77E+00  0.19E+00  0.18E+01  0.12E+03  0.22E+02
       Cl  6 5   0.80E+00  0.19E+00  0.19E+01  0.12E+03  0.23E+02
       Cl  6 6   0.83E+00  0.20E+00  0.19E+01  0.12E+03  0.23E+02
       H   1 1   0.39E+02  0.19E+00  0.29E+00  0.78E+05  0.13E+02
       H   2 1   0.41E+02  0.21E+00  0.32E+00  0.82E+05  0.14E+02
       H   2 2   0.43E+02  0.22E+00  0.36E+00  0.86E+05  0.15E+02
     ------------------------------------------------------------

     alpha_pv=     34.5969 eV

     Number of occupied bands for each k-point:
     k-point:     1    nbnd_occ=  42
     k-point:     2    nbnd_occ=  42
     k-point:     3    nbnd_occ=  42
     k-point:     4    nbnd_occ=  42
     k-point:     5    nbnd_occ=  42
     k-point:     6    nbnd_occ=  42
     k-point:     7    nbnd_occ=  42
     k-point:     8    nbnd_occ=  42
     k-point:     9    nbnd_occ=  42
     k-point:    10    nbnd_occ=  42
     k-point:    11    nbnd_occ=  42
     k-point:    12    nbnd_occ=  42
     k-point:    13    nbnd_occ=  42
     k-point:    14    nbnd_occ=  42
     k-point:    15    nbnd_occ=  42
     k-point:    16    nbnd_occ=  42


     q-space interpolation up to   110.00 Rydberg

     GIPAW job: efg                                                                             


     ELECTRIC FIELD GRADIENTS TENSORS IN Hartree/bohrradius^2:

     ----- bare term -----
     Cl   1        0.055642        0.234169       -0.051510
     Cl   1        0.234169        0.132004        0.184091
     Cl   1       -0.051510        0.184091       -0.187646

     C    2       -0.091113       -0.084149       -0.177929
     C    2       -0.084149       -0.001984       -0.431037
     C    2       -0.177929       -0.431037        0.093098

     C    3       -0.192862        0.175928       -0.225128
     C    3        0.175928       -0.092797       -0.326954
     C    3       -0.225128       -0.326954        0.285659

     H    4       -0.605277       -0.337300        0.172417
     H    4       -0.337300        0.371117       -0.019189
     H    4        0.172417       -0.019189        0.234160

     C    5        0.034569        0.485890        0.062659
     C    5        0.485890       -0.337039       -0.378599
     C    5        0.062659       -0.378599        0.302470

     H    6        0.009317       -0.291613       -0.351363
     H    6       -0.291613       -0.074028       -0.407180
     H    6       -0.351363       -0.407180        0.064711

     H    7        0.232448        0.012741       -0.135107
     H    7        0.012741       -0.455253        0.580890
     H    7       -0.135107        0.580890        0.222805

     C    8       -0.649793       -0.309546       -0.366190
     C    8       -0.309546        0.225111        0.055958
     C    8       -0.366190        0.055958        0.424681

     H    9       -0.549401       -0.202171       -0.253413
     H    9       -0.202171        0.188014        0.236822
     H    9       -0.253413        0.236822        0.361387

     C   10        0.083613        0.112707       -0.289660
     C   10        0.112707       -0.074339        0.635124
     C   10       -0.289660        0.635124       -0.009275

     C   11       -0.674516       -0.405466       -0.316041
     C   11       -0.405466        0.320440        0.193602
     C   11       -0.316041        0.193602        0.354076

     Cl  12        0.064838       -0.059024       -0.016626
     Cl  12       -0.059024       -0.033477       -0.012237
     Cl  12       -0.016626       -0.012237       -0.031361

     H   13        0.343173        0.131891       -0.365195
     H   13        0.131891       -0.105560       -0.292851
     H   13       -0.365195       -0.292851       -0.237613

     C   14       -0.633001        0.339095       -0.071894
     C   14        0.339095        0.276209       -0.144633
     C   14       -0.071894       -0.144633        0.356792

     H   15       -0.414205        0.266345       -0.150982
     H   15        0.266345        0.027021       -0.354580
     H   15       -0.150982       -0.354580        0.387184

     C   16        0.272430        0.049347       -0.171912
     C   16        0.049347       -0.407779       -0.656676
     C   16       -0.171912       -0.656676        0.135349

     C   17       -0.702705        0.355047       -0.365695
     C   17        0.355047        0.236769       -0.131071
     C   17       -0.365695       -0.131071        0.465936

     Cl  18        0.344497       -0.043639       -0.186227
     Cl  18       -0.043639        0.151636       -0.498341
     Cl  18       -0.186227       -0.498341       -0.496133

     H   19        0.409484        0.240992       -0.051219
     H   19        0.240992       -0.711241        0.373051
     H   19       -0.051219        0.373051        0.301758

     C   20       -0.161094        0.176866       -0.335528
     C   20        0.176866        0.071552        0.538071
     C   20       -0.335528        0.538071        0.089542

     H   21       -0.159095        0.469356       -0.178453
     H   21        0.469356       -0.240450       -0.082937
     H   21       -0.178453       -0.082937        0.399544

     C   22       -0.586218       -0.329435       -0.122856
     C   22       -0.329435        0.200160        0.345957
     C   22       -0.122856        0.345957        0.386058

     C   23        0.009617        0.358690       -0.437918
     C   23        0.358690       -0.022674        0.676335
     C   23       -0.437918        0.676335        0.013057

     Cl  24       -0.239480       -0.178679       -0.000309
     Cl  24       -0.178679        0.134360        0.034027
     Cl  24       -0.000309        0.034027        0.105120

     ----- ionic term -----
     Cl   1        0.074363       -0.204364       -0.044842
     Cl   1       -0.204364        0.071740        0.052576
     Cl   1       -0.044842        0.052576       -0.146104

     C    2        0.225310       -0.155287        0.165820
     C    2       -0.155287        0.095485        0.441686
     C    2        0.165820        0.441686       -0.320795

     C    3        0.149242       -0.179163        0.075476
     C    3       -0.179163        0.118268        0.482636
     C    3        0.075476        0.482636       -0.267510

     H    4        0.845525        0.186848        0.540086
     H    4        0.186848       -0.522836        0.166364
     H    4        0.540086        0.166364       -0.322689

     C    5        0.344114       -0.121077        0.136642
     C    5       -0.121077       -0.063811        0.371576
     C    5        0.136642        0.371576       -0.280303

     H    6       -0.467334        0.252434        0.223868
     H    6        0.252434        0.315346        0.804259
     H    6        0.223868        0.804259        0.151989

     H    7       -0.522117       -0.094581        0.049185
     H    7       -0.094581        0.660240       -0.702143
     H    7        0.049185       -0.702143       -0.138123

     C    8        0.252992        0.127423        0.292948
     C    8        0.127423        0.136031       -0.277036
     C    8        0.292948       -0.277036       -0.389023

     H    9        0.735843       -0.429912        0.511607
     H    9       -0.429912       -0.323740       -0.218834
     H    9        0.511607       -0.218834       -0.412103

     C   10        0.096820        0.174826        0.210974
     C   10        0.174826        0.262943       -0.375059
     C   10        0.210974       -0.375059       -0.359763

     C   11        0.195678        0.150186        0.304433
     C   11        0.150186        0.153208       -0.432478
     C   11        0.304433       -0.432478       -0.348886

     Cl  12        0.130427        0.225237        0.003473
     Cl  12        0.225237        0.029934       -0.004769
     Cl  12        0.003473       -0.004769       -0.160361

     H   13       -0.495926        0.225875        0.158828
     H   13        0.225875        0.561355        0.779966
     H   13        0.158828        0.779966       -0.065429

     C   14        0.306838       -0.143020        0.128897
     C   14       -0.143020        0.015295        0.352784
     C   14        0.128897        0.352784       -0.322133

     H   15        0.830715        0.300580        0.491318
     H   15        0.300580       -0.456241        0.180718
     H   15        0.491318        0.180718       -0.374474

     C   16        0.153634       -0.142059        0.083427
     C   16       -0.142059        0.091274        0.463821
     C   16        0.083427        0.463821       -0.244909

     C   17        0.289723       -0.105929        0.143757
     C   17       -0.105929       -0.021514        0.449406
     C   17        0.143757        0.449406       -0.268210

     Cl  18        0.099968       -0.200774       -0.064235
     Cl  18       -0.200774        0.008809        0.051967
     Cl  18       -0.064235        0.051967       -0.108778

     H   19       -0.470000       -0.209183        0.159451
     H   19       -0.209183        0.527527       -0.732482
     H   19        0.159451       -0.732482       -0.057527

     C   20        0.338445        0.121288        0.324929
     C   20        0.121288        0.010321       -0.316370
     C   20        0.324929       -0.316370       -0.348766

     H   21        0.731605       -0.455333        0.504713
     H   21       -0.455333       -0.305079       -0.242467
     H   21        0.504713       -0.242467       -0.426526

     C   22        0.148158        0.134041        0.178966
     C   22        0.134041        0.267916       -0.406344
     C   22        0.178966       -0.406344       -0.416074

     C   23        0.193305        0.057752        0.288715
     C   23        0.057752        0.191713       -0.422961
     C   23        0.288715       -0.422961       -0.385019

     Cl  24        0.130359        0.177200        0.014470
     Cl  24        0.177200        0.013714       -0.006774
     Cl  24        0.014470       -0.006774       -0.144073

     ----- GIPAW term -----
     Cl   1       -0.639798       -0.457390        0.060732
     Cl   1       -0.457390       -0.744858       -0.741201
     Cl   1        0.060732       -0.741201        1.384656

     C    2       -0.045383       -0.032290       -0.040673
     C    2       -0.032290        0.019817       -0.134951
     C    2       -0.040673       -0.134951        0.025566

     C    3       -0.045088        0.093661       -0.138821
     C    3        0.093661       -0.000259       -0.131523
     C    3       -0.138821       -0.131523        0.045347

     H    4       -0.000000        0.000000        0.000000
     H    4        0.000000        0.000000        0.000000
     H    4        0.000000        0.000000        0.000000

     C    5        0.051312        0.225900        0.083735
     C    5        0.225900        0.021364        0.000550
     C    5        0.083735        0.000550       -0.072676

     H    6       -0.000000        0.000000        0.000000
     H    6        0.000000        0.000000        0.000000
     H    6        0.000000        0.000000        0.000000

     H    7       -0.000000        0.000000        0.000000
     H    7        0.000000        0.000000        0.000000
     H    7        0.000000        0.000000        0.000000

     C    8       -0.081538        0.145122       -0.097765
     C    8        0.145122        0.149572       -0.112074
     C    8       -0.097765       -0.112074       -0.068034

     H    9       -0.000000        0.000000        0.000000
     H    9        0.000000        0.000000        0.000000
     H    9        0.000000        0.000000        0.000000

     C   10       -0.082074        0.131415       -0.038007
     C   10        0.131415        0.225836        0.065997
     C   10       -0.038007        0.065997       -0.143762

     C   11       -0.164657        0.061090       -0.033789
     C   11        0.061090        0.294816        0.018749
     C   11       -0.033789        0.018749       -0.130159

     Cl  12       -0.060714        0.598579       -0.054918
     Cl  12        0.598579        2.598676       -0.182882
     Cl  12       -0.054918       -0.182882       -2.537962

     H   13       -0.000000        0.000000        0.000000
     H   13        0.000000        0.000000        0.000000
     H   13        0.000000        0.000000        0.000000

     C   14       -0.120668       -0.068864        0.042428
     C   14       -0.068864        0.167255       -0.059978
     C   14        0.042428       -0.059978       -0.046587

     H   15       -0.000000        0.000000        0.000000
     H   15        0.000000        0.000000        0.000000
     H   15        0.000000        0.000000        0.000000

     C   16       -0.055731       -0.024980       -0.011089
     C   16       -0.024980        0.123221        0.073784
     C   16       -0.011089        0.073784       -0.067489

     C   17       -0.053963        0.071408        0.043492
     C   17        0.071408        0.035546        0.080711
     C   17        0.043492        0.080711        0.018417

     Cl  18        0.349171       -0.506952       -0.077182
     Cl  18       -0.506952        0.085534       -0.045859
     Cl  18       -0.077182       -0.045859       -0.434705

     H   19       -0.000000        0.000000        0.000000
     H   19        0.000000        0.000000        0.000000
     H   19        0.000000        0.000000        0.000000

     C   20       -0.091894        0.122266       -0.025138
     C   20        0.122266        0.224407        0.159295
     C   20       -0.025138        0.159295       -0.132513

     H   21       -0.000000        0.000000        0.000000
     H   21        0.000000        0.000000        0.000000
     H   21        0.000000        0.000000        0.000000

     C   22       -0.204723        0.038942        0.005973
     C   22        0.038942        0.256786        0.121702
     C   22        0.005973        0.121702       -0.052063

     C   23       -0.006069        0.248616       -0.062232
     C   23        0.248616        0.179657        0.058752
     C   23       -0.062232        0.058752       -0.173588

     Cl  24        0.096374        1.928038       -0.047056
     Cl  24        1.928038        1.380778        0.215883
     Cl  24       -0.047056        0.215883       -1.477152

     ----- total EFG -----
     Cl   1       -0.509793       -0.427585       -0.035620
     Cl   1       -0.427585       -0.541113       -0.504533
     Cl   1       -0.035620       -0.504533        1.050906

     C    2        0.088814       -0.271725       -0.052782
     C    2       -0.271725        0.113317       -0.124302
     C    2       -0.052782       -0.124302       -0.202131

     C    3       -0.088709        0.090426       -0.288473
     C    3        0.090426        0.025211        0.024158
     C    3       -0.288473        0.024158        0.063497

     H    4        0.240248       -0.150452        0.712502
     H    4       -0.150452       -0.151719        0.147174
     H    4        0.712502        0.147174       -0.088529

     C    5        0.429995        0.590713        0.283036
     C    5        0.590713       -0.379486       -0.006473
     C    5        0.283036       -0.006473       -0.050508

     H    6       -0.458018       -0.039179       -0.127495
     H    6       -0.039179        0.241318        0.397079
     H    6       -0.127495        0.397079        0.216700

     H    7       -0.289669       -0.081840       -0.085922
     H    7       -0.081840        0.204988       -0.121253
     H    7       -0.085922       -0.121253        0.084681

     C    8       -0.478339       -0.037000       -0.171008
     C    8       -0.037000        0.510714       -0.333152
     C    8       -0.171008       -0.333152       -0.032375

     H    9        0.186442       -0.632083        0.258194
     H    9       -0.632083       -0.135725        0.017988
     H    9        0.258194        0.017988       -0.050717

     C   10        0.098359        0.418949       -0.116693
     C   10        0.418949        0.414440        0.326062
     C   10       -0.116693        0.326062       -0.512800

     C   11       -0.643494       -0.194190       -0.045397
     C   11       -0.194190        0.768463       -0.220127
     C   11       -0.045397       -0.220127       -0.124968

     Cl  12        0.134550        0.764791       -0.068071
     Cl  12        0.764791        2.595134       -0.199888
     Cl  12       -0.068071       -0.199888       -2.729684

     H   13       -0.152753        0.357767       -0.206368
     H   13        0.357767        0.455795        0.487115
     H   13       -0.206368        0.487115       -0.303042

     C   14       -0.446831        0.127212        0.099431
     C   14        0.127212        0.458759        0.148173
     C   14        0.099431        0.148173       -0.011928

     H   15        0.416510        0.566924        0.340337
     H   15        0.566924       -0.429220       -0.173862
     H   15        0.340337       -0.173862        0.012710

     C   16        0.370333       -0.117692       -0.099574
     C   16       -0.117692       -0.193284       -0.119071
     C   16       -0.099574       -0.119071       -0.177049

     C   17       -0.466944        0.320526       -0.178446
     C   17        0.320526        0.250801        0.399046
     C   17       -0.178446        0.399046        0.216143

     Cl  18        0.793635       -0.751365       -0.327644
     Cl  18       -0.751365        0.245980       -0.492232
     Cl  18       -0.327644       -0.492232       -1.039616

     H   19       -0.060516        0.031809        0.108232
     H   19        0.031809       -0.183714       -0.359431
     H   19        0.108232       -0.359431        0.244230

     C   20        0.085456        0.420421       -0.035737
     C   20        0.420421        0.306280        0.380996
     C   20       -0.035737        0.380996       -0.391737

     H   21        0.572510        0.014023        0.326260
     H   21        0.014023       -0.545528       -0.325404
     H   21        0.326260       -0.325404       -0.026982

     C   22       -0.642783       -0.156452        0.062082
     C   22       -0.156452        0.724862        0.061315
     C   22        0.062082        0.061315       -0.082079

     C   23        0.196854        0.665058       -0.211435
     C   23        0.665058        0.348696        0.312127
     C   23       -0.211435        0.312127       -0.545549

     Cl  24       -0.012747        1.926559       -0.032896
     Cl  24        1.926559        1.528852        0.243136
     Cl  24       -0.032896        0.243136       -1.516105

     ----- total EFG (symmetrized) -----
     Cl   1       -0.509793       -0.427585       -0.035620
     Cl   1       -0.427585       -0.541113       -0.504533
     Cl   1       -0.035620       -0.504533        1.050906

     C    2        0.088814       -0.271725       -0.052782
     C    2       -0.271725        0.113317       -0.124302
     C    2       -0.052782       -0.124302       -0.202131

     C    3       -0.088709        0.090426       -0.288473
     C    3        0.090426        0.025211        0.024158
     C    3       -0.288473        0.024158        0.063497

     H    4        0.240248       -0.150452        0.712502
     H    4       -0.150452       -0.151719        0.147174
     H    4        0.712502        0.147174       -0.088529

     C    5        0.429995        0.590713        0.283036
     C    5        0.590713       -0.379486       -0.006473
     C    5        0.283036       -0.006473       -0.050508

     H    6       -0.458018       -0.039179       -0.127495
     H    6       -0.039179        0.241318        0.397079
     H    6       -0.127495        0.397079        0.216700

     H    7       -0.289669       -0.081840       -0.085922
     H    7       -0.081840        0.204988       -0.121253
     H    7       -0.085922       -0.121253        0.084681

     C    8       -0.478339       -0.037000       -0.171008
     C    8       -0.037000        0.510714       -0.333152
     C    8       -0.171008       -0.333152       -0.032375

     H    9        0.186442       -0.632083        0.258194
     H    9       -0.632083       -0.135725        0.017988
     H    9        0.258194        0.017988       -0.050717

     C   10        0.098359        0.418949       -0.116693
     C   10        0.418949        0.414440        0.326062
     C   10       -0.116693        0.326062       -0.512800

     C   11       -0.643494       -0.194190       -0.045397
     C   11       -0.194190        0.768463       -0.220127
     C   11       -0.045397       -0.220127       -0.124968

     Cl  12        0.134550        0.764791       -0.068071
     Cl  12        0.764791        2.595134       -0.199888
     Cl  12       -0.068071       -0.199888       -2.729684

     H   13       -0.152753        0.357767       -0.206368
     H   13        0.357767        0.455795        0.487115
     H   13       -0.206368        0.487115       -0.303042

     C   14       -0.446831        0.127212        0.099431
     C   14        0.127212        0.458759        0.148173
     C   14        0.099431        0.148173       -0.011928

     H   15        0.416510        0.566924        0.340337
     H   15        0.566924       -0.429220       -0.173862
     H   15        0.340337       -0.173862        0.012710

     C   16        0.370333       -0.117692       -0.099574
     C   16       -0.117692       -0.193284       -0.119071
     C   16       -0.099574       -0.119071       -0.177049

     C   17       -0.466944        0.320526       -0.178446
     C   17        0.320526        0.250801        0.399046
     C   17       -0.178446        0.399046        0.216143

     Cl  18        0.793635       -0.751365       -0.327644
     Cl  18       -0.751365        0.245980       -0.492232
     Cl  18       -0.327644       -0.492232       -1.039616

     H   19       -0.060516        0.031809        0.108232
     H   19        0.031809       -0.183714       -0.359431
     H   19        0.108232       -0.359431        0.244230

     C   20        0.085456        0.420421       -0.035737
     C   20        0.420421        0.306280        0.380996
     C   20       -0.035737        0.380996       -0.391737

     H   21        0.572510        0.014023        0.326260
     H   21        0.014023       -0.545528       -0.325404
     H   21        0.326260       -0.325404       -0.026982

     C   22       -0.642783       -0.156452        0.062082
     C   22       -0.156452        0.724862        0.061315
     C   22        0.062082        0.061315       -0.082079

     C   23        0.196854        0.665058       -0.211435
     C   23        0.665058        0.348696        0.312127
     C   23       -0.211435        0.312127       -0.545549

     Cl  24       -0.012747        1.926559       -0.032896
     Cl  24        1.926559        1.528852        0.243136
     Cl  24       -0.032896        0.243136       -1.516105


     NQR/NMR SPECTROSCOPIC PARAMETERS:
     Cl   1    Vxx=   -0.1720    axis=(  0.773983 -0.592976 -0.222103)
     Cl   1    Vyy=   -1.0298    axis=(  0.631032  0.751367  0.192994)
     Cl   1    Vzz=    1.2018    axis=(  0.052440 -0.289528  0.955732)
     Cl   1  Q=        -8.1650 1e-30 m^2  Cq=       -23.0558 MHz  eta= 0.71379

     C    2    Vxx=   -0.0643    axis=(  0.601268  0.465066 -0.649762)
     C    2    Vyy=   -0.3139    axis=(  0.432423  0.494420  0.754029)
     C    2    Vzz=    0.3782    axis=( -0.671928  0.734345 -0.096174)
     C    2  Q=         1.0000 1e-30 m^2  Cq=         0.8887 MHz  eta= 0.65989

     C    3    Vxx=    0.0411    axis=(  0.100409  0.961399  0.256185)
     C    3    Vyy=    0.2909    axis=( -0.620098 -0.140891  0.771769)
     C    3    Vzz=   -0.3320    axis=(  0.778072 -0.236353  0.582015)
     C    3  Q=         1.0000 1e-30 m^2  Cq=        -0.7800 MHz  eta= 0.75242

     H    4    Vxx=   -0.0771    axis=(  0.189653 -0.940184 -0.282993)
     H    4    Vyy=   -0.7307    axis=(  0.590091  0.339508 -0.732480)
     H    4    Vzz=    0.8078    axis=(  0.784744 -0.028075  0.619183)
     H    4  Q=         1.0000 1e-30 m^2  Cq=         1.8980 MHz  eta= 0.80919

     C    5    Vxx=   -0.0922    axis=( -0.145369 -0.320048  0.936182)
     C    5    Vyy=   -0.7210    axis=( -0.487152  0.846736  0.213825)
     C    5    Vzz=    0.8132    axis=( -0.861133 -0.424980 -0.279001)
     C    5  Q=         1.0000 1e-30 m^2  Cq=         1.9107 MHz  eta= 0.77314

     H    6    Vxx=   -0.1554    axis=( -0.196740 -0.703276  0.683152)
     H    6    Vyy=   -0.4834    axis=( -0.974660  0.064640 -0.214148)
     H    6    Vzz=    0.6388    axis=(  0.106446 -0.707972 -0.698172)
     H    6  Q=         1.0000 1e-30 m^2  Cq=         1.5009 MHz  eta= 0.51358

     H    7    Vxx=    0.0490    axis=( -0.322051  0.469935  0.821854)
     H    7    Vyy=    0.2813    axis=(  0.046480 -0.859209  0.509509)
     H    7    Vzz=   -0.3303    axis=(  0.945581  0.202287  0.254866)
     H    7  Q=         1.0000 1e-30 m^2  Cq=        -0.7762 MHz  eta= 0.70322

     C    8    Vxx=   -0.1119    axis=(  0.419503 -0.408770 -0.810509)
     C    8    Vyy=   -0.5585    axis=( -0.907048 -0.153539 -0.392034)
     C    8    Vzz=    0.6704    axis=(  0.035807  0.899629 -0.435184)
     C    8  Q=         1.0000 1e-30 m^2  Cq=         1.5752 MHz  eta= 0.66621

     H    9    Vxx=   -0.0501    axis=( -0.023730  0.370418  0.928562)
     H    9    Vyy=   -0.6767    axis=(  0.620255  0.733896 -0.276911)
     H    9    Vzz=    0.7269    axis=(  0.784041 -0.569374  0.247169)
     H    9  Q=         1.0000 1e-30 m^2  Cq=         1.7078 MHz  eta= 0.86204

     C   10    Vxx=   -0.0409    axis=( -0.791557  0.393421  0.467608)
     C   10    Vyy=   -0.6981    axis=(  0.325199 -0.376661  0.867394)
     C   10    Vzz=    0.7391    axis=(  0.517380  0.838658  0.170209)
     C   10  Q=         1.0000 1e-30 m^2  Cq=         1.7365 MHz  eta= 0.88924

     C   11    Vxx=   -0.1611    axis=( -0.168882  0.193574  0.966441)
     C   11    Vyy=   -0.6803    axis=(  0.978283  0.152465  0.140413)
     C   11    Vzz=    0.8414    axis=( -0.120168  0.969166 -0.215119)
     C   11  Q=         1.0000 1e-30 m^2  Cq=         1.9770 MHz  eta= 0.61701

     Cl  12    Vxx=   -0.0837    axis=(  0.961495 -0.274793 -0.003977)
     Cl  12    Vyy=   -2.7377    axis=( -0.014253 -0.035411 -0.999271)
     Cl  12    Vzz=    2.8215    axis=(  0.274452  0.960851 -0.037964)
     Cl  12  Q=        -8.1650 1e-30 m^2  Cq=       -54.1287 MHz  eta= 0.94064

     H   13    Vxx=   -0.0084    axis=(  0.810710 -0.010580 -0.585352)
     H   13    Vyy=   -0.7503    axis=(  0.519511 -0.447975  0.727617)
     H   13    Vzz=    0.7587    axis=( -0.269922 -0.893983 -0.357682)
     H   13  Q=         1.0000 1e-30 m^2  Cq=         1.7827 MHz  eta= 0.97781

     C   14    Vxx=   -0.0465    axis=(  0.135199 -0.310041  0.941061)
     C   14    Vyy=   -0.4783    axis=(  0.978884 -0.105172 -0.175284)
     C   14    Vzz=    0.5248    axis=(  0.153319  0.944888  0.289275)
     C   14  Q=         1.0000 1e-30 m^2  Cq=         1.2330 MHz  eta= 0.82293

     H   15    Vxx=    0.0565    axis=( -0.118704 -0.454560  0.882771)
     H   15    Vyy=    0.7743    axis=(  0.877104  0.368711  0.307800)
     H   15    Vzz=   -0.8307    axis=( -0.465401  0.810819  0.354929)
     H   15  Q=         1.0000 1e-30 m^2  Cq=        -1.9519 MHz  eta= 0.86404

     C   16    Vxx=   -0.0659    axis=( -0.014142 -0.675869  0.736886)
     C   16    Vyy=   -0.3380    axis=( -0.212477 -0.718097 -0.662714)
     C   16    Vzz=    0.4039    axis=( -0.977064  0.165944  0.133451)
     C   16  Q=         1.0000 1e-30 m^2  Cq=         0.9491 MHz  eta= 0.67357

     C   17    Vxx=    0.0590    axis=( -0.537292 -0.505978  0.674762)
     C   17    Vyy=    0.6451    axis=(  0.111710  0.750310  0.651580)
     C   17    Vzz=   -0.7041    axis=( -0.835965  0.425466 -0.346612)
     C   17  Q=         1.0000 1e-30 m^2  Cq=        -1.6543 MHz  eta= 0.83239

     Cl  18    Vxx=    0.0429    axis=(  0.507515  0.716079 -0.479228)
     Cl  18    Vyy=    1.3196    axis=( -0.817884  0.575347 -0.006455)
     Cl  18    Vzz=   -1.3625    axis=(  0.271100  0.395229  0.877667)
     Cl  18  Q=        -8.1650 1e-30 m^2  Cq=        26.1385 MHz  eta= 0.93706

     H   19    Vxx=   -0.0531    axis=(  0.960875  0.276552 -0.015459)
     H   19    Vyy=   -0.4074    axis=( -0.232255  0.834863  0.499060)
     H   19    Vzz=    0.4605    axis=(  0.150922 -0.475943  0.866430)
     H   19  Q=         1.0000 1e-30 m^2  Cq=         1.0820 MHz  eta= 0.76938

     C   20    Vxx=   -0.0782    axis=(  0.784140 -0.348845 -0.513256)
     C   20    Vyy=   -0.6287    axis=( -0.322257  0.477913 -0.817159)
     C   20    Vzz=    0.7068    axis=(  0.530354  0.806167  0.262333)
     C   20  Q=         1.0000 1e-30 m^2  Cq=         1.6608 MHz  eta= 0.77877

     H   21    Vxx=   -0.0055    axis=(  0.423617  0.475575 -0.770959)
     H   21    Vyy=   -0.7222    axis=( -0.127643  0.873944  0.468966)
     H   21    Vzz=    0.7277    axis=(  0.896803 -0.100254  0.430921)
     H   21  Q=         1.0000 1e-30 m^2  Cq=         1.7098 MHz  eta= 0.98482

     C   22    Vxx=   -0.0776    axis=(  0.123167 -0.051714  0.991038)
     C   22    Vyy=   -0.6685    axis=(  0.986402  0.115885 -0.116544)
     C   22    Vzz=    0.7461    axis=( -0.108820  0.991915  0.065284)
     C   22  Q=         1.0000 1e-30 m^2  Cq=         1.7529 MHz  eta= 0.79207

     C   23    Vxx=   -0.1012    axis=( -0.616358  0.475751  0.627506)
     C   23    Vyy=   -0.8470    axis=(  0.443239 -0.449052  0.775817)
     C   23    Vzz=    0.9482    axis=( -0.650878 -0.756316 -0.065905)
     C   23  Q=         1.0000 1e-30 m^2  Cq=         2.2280 MHz  eta= 0.78649

     Cl  24    Vxx=   -1.2270    axis=(  0.737566 -0.473103 -0.481840)
     Cl  24    Vyy=   -1.6138    axis=( -0.379228  0.300200 -0.875252)
     Cl  24    Vzz=    2.8408    axis=(  0.558732  0.828284  0.042004)
     Cl  24  Q=        -8.1650 1e-30 m^2  Cq=       -54.4988 MHz  eta= 0.13613

     Initialization:
     gipaw_setup  :      8.90s CPU     10.68s WALL (       1 calls)

     Linear response

     Apply operators

     Induced current

     Other routines
     efg          :      9.26s CPU     11.49s WALL (       1 calls)

     General routines
     calbec       :      3.29s CPU      4.16s WALL (      16 calls)
     fft          :      1.60s CPU      2.45s WALL (      15 calls)
     ffts         :      0.04s CPU      0.05s WALL (       2 calls)
     fftw         :      3.35s CPU      3.92s WALL (     672 calls)
     davcio       :      0.02s CPU      0.39s WALL (      32 calls)

     Parallel routines
     fft_scatter  :      2.28s CPU      3.50s WALL (     689 calls)

     Plugins

     GIPAW        :     60.52s CPU     73.70s WALL (       1 calls)
