
     Program QE v.6.0 (svn rev. 13079) starts on  1Jan2017 at 15:20:59 

     This program is part of the open-source Quantum ESPRESSO suite
     for quantum simulation of materials; please cite
         "P. Giannozzi et al., J. Phys.:Condens. Matter 21 395502 (2009);
          URL http://www.quantum-espresso.org", 
     in publications or presentations arising from this work. More details at
     http://www.quantum-espresso.org/quote

     Parallel version (MPI), running on     8 processors
     R & G space division:  proc/nbgrp/npool/nimage =       8

     ***** This is GIPAW svn revision unknown      *****

     Parallelizing q-star over 1 images

     Reading data from directory:
     /users/majewski/paradichlorobenzene/pbe/9_constraint/scratch/pbe.ecut100.np8.dt60.pcl2phi-129368.save
     Message from routine read_xml_file:
     file /users/majewski/paradichlorobenzene/pbe/9_constraint/scratch/pbe.ecut100.np8.dt60.pcl2phi-129368.save not guaranteed to be safe for post-processing

   Info: using nr1, nr2, nr3 values from input

   Info: using nr1, nr2, nr3 values from input

     IMPORTANT: XC functional enforced from input :
     Exchange-correlation      =  SLA  PW   PBX  PBC ( 1  4  3  4 0 0)
     Any further DFT definition will be discarded
     Please, verify this is what you really want

               file C.pbe-n-kjpaw_psl.1.0.0.UPF: wavefunction(s)  2S 2P renormalized
               file Cl.pbe-n-kjpaw_psl.1.0.0.UPF: wavefunction(s)  3S 3P renormalized
               file H.pbe-kjpaw_psl.1.0.0.UPF: wavefunction(s)  1S renormalized

     Parallelization info
     --------------------
     sticks:   dense  smooth     PW     G-vecs:    dense   smooth      PW
     Min        3057    1223    332               144436    36536    5170
     Max        3059    1225    333               144437    36537    5171
     Sum       24467    9791   2657              1155489   292295   41363


     Subspace diagonalization in iterative solution of the eigenvalue problem:
     a serial algorithm will be used

     GIPAW projectors -----------------------------------------------
     atom=  C    l=0  rc=    1.2000  rs=    0.8000
     atom=  C    l=0  rc=    1.2000  rs=    0.8000
     atom=  C    l=1  rc=    1.4000  rs=    0.9333
     atom=  C    l=1  rc=    1.4000  rs=    0.9333
     projs nearly linearly dependent: l=1  n1,n2= 1, 2  s=  0.99951561

     atom=  Cl   l=0  rc=    1.6000  rs=    1.0667
     atom=  Cl   l=0  rc=    1.6000  rs=    1.0667
     atom=  Cl   l=1  rc=    1.6000  rs=    1.0667
     atom=  Cl   l=1  rc=    1.6000  rs=    1.0667
     atom=  Cl   l=2  rc=    1.6000  rs=    1.0667
     atom=  Cl   l=2  rc=    1.6000  rs=    1.0667
     projs nearly linearly dependent: l=2  n1,n2= 1, 2  s=  0.99993509

     atom=  H    l=0  rc=    1.0000  rs=    0.6667
     atom=  H    l=0  rc=    1.0000  rs=    0.6667
     projs nearly linearly dependent: l=0  n1,n2= 1, 2  s=  0.99968852
     -----------------------------------------------------------------

     GIPAW integrals: -------------------------------------------
     Atom  i/j   nmr_para   nmr_dia   epr_rmc  epr_para   epr_dia
       C   1 1   0.83E+03  0.17E-01  0.93E+01  0.24E+08  0.24E+03
       C   2 1   0.86E+03 -0.61E-01  0.94E+01  0.25E+08  0.25E+03
       C   2 2   0.90E+03 -0.15E+00  0.97E+01  0.26E+08  0.26E+03
       C   3 3   0.33E+01  0.34E+00  0.18E+01  0.55E+03  0.21E+02
       C   4 3   0.35E+01  0.37E+00  0.20E+01  0.59E+03  0.22E+02
       C   4 4   0.38E+01  0.39E+00  0.22E+01  0.63E+03  0.24E+02
       Cl  1 1   0.14E+04 -0.47E+00  0.84E+01  0.32E+09  0.42E+03
       Cl  2 1   0.21E+04 -0.37E+00  0.12E+02  0.49E+09  0.65E+03
       Cl  2 2   0.33E+04 -0.16E+00  0.21E+02  0.76E+09  0.10E+04
       Cl  3 3   0.21E+02  0.79E-01  0.89E+01  0.23E+05  0.13E+03
       Cl  4 3   0.24E+02  0.67E-01  0.99E+01  0.27E+05  0.15E+03
       Cl  4 4   0.28E+02  0.44E-01  0.11E+02  0.32E+05  0.18E+03
       Cl  5 5   0.77E+00  0.19E+00  0.18E+01  0.12E+03  0.22E+02
       Cl  6 5   0.80E+00  0.19E+00  0.19E+01  0.12E+03  0.23E+02
       Cl  6 6   0.83E+00  0.20E+00  0.19E+01  0.12E+03  0.23E+02
       H   1 1   0.39E+02  0.19E+00  0.29E+00  0.78E+05  0.13E+02
       H   2 1   0.41E+02  0.21E+00  0.32E+00  0.82E+05  0.14E+02
       H   2 2   0.43E+02  0.22E+00  0.36E+00  0.86E+05  0.15E+02
     ------------------------------------------------------------

     alpha_pv=     34.1435 eV

     Number of occupied bands for each k-point:
     k-point:     1    nbnd_occ=  42
     k-point:     2    nbnd_occ=  42
     k-point:     3    nbnd_occ=  42
     k-point:     4    nbnd_occ=  42
     k-point:     5    nbnd_occ=  42
     k-point:     6    nbnd_occ=  42
     k-point:     7    nbnd_occ=  42
     k-point:     8    nbnd_occ=  42
     k-point:     9    nbnd_occ=  42
     k-point:    10    nbnd_occ=  42
     k-point:    11    nbnd_occ=  42
     k-point:    12    nbnd_occ=  42
     k-point:    13    nbnd_occ=  42
     k-point:    14    nbnd_occ=  42
     k-point:    15    nbnd_occ=  42
     k-point:    16    nbnd_occ=  42


     q-space interpolation up to   110.00 Rydberg

     GIPAW job: efg                                                                             


     ELECTRIC FIELD GRADIENTS TENSORS IN Hartree/bohrradius^2:

     ----- bare term -----
     Cl   1       -0.038876        0.124178        0.036303
     Cl   1        0.124178        0.061430        0.075082
     Cl   1        0.036303        0.075082       -0.022554

     C    2       -0.041343        0.248425       -0.099280
     C    2        0.248425       -0.424774       -0.439196
     C    2       -0.099280       -0.439196        0.466117

     C    3       -0.468736        0.172280       -0.245043
     C    3        0.172280       -0.093846       -0.317518
     C    3       -0.245043       -0.317518        0.562582

     H    4       -0.344925       -0.304284       -0.545220
     H    4       -0.304284        0.299227       -0.268935
     H    4       -0.545220       -0.268935        0.045698

     C    5       -0.149708        0.276174       -0.036723
     C    5        0.276174       -0.321438       -0.327921
     C    5       -0.036723       -0.327921        0.471146

     H    6        0.473131       -0.041755       -0.157420
     H    6       -0.041755        0.091291       -0.356605
     H    6       -0.157420       -0.356605       -0.564422

     H    7        0.411022        0.073302       -0.042283
     H    7        0.073302       -0.501808        0.555808
     H    7       -0.042283        0.555808        0.090785

     C    8       -0.180233       -0.331784       -0.034991
     C    8       -0.331784       -0.408392        0.362588
     C    8       -0.034991        0.362588        0.588626

     H    9       -0.120209        0.290833       -0.486287
     H    9        0.290833        0.155762        0.426197
     H    9       -0.486287        0.426197       -0.035553

     C   10       -0.475701       -0.221515       -0.279907
     C   10       -0.221515       -0.095155        0.307970
     C   10       -0.279907        0.307970        0.570856

     C   11       -0.114565       -0.276871       -0.106913
     C   11       -0.276871       -0.455441        0.389647
     C   11       -0.106913        0.389647        0.570006

     Cl  12       -0.057362       -0.024710       -0.071421
     Cl  12       -0.024710       -0.044890        0.039439
     Cl  12       -0.071421        0.039439        0.102252

     H   13        0.382432       -0.055700       -0.071371
     H   13       -0.055700       -0.527879       -0.585920
     H   13       -0.071371       -0.585920        0.145447

     C   14       -0.778586        0.278886       -0.419818
     C   14        0.278886        0.152140       -0.071269
     C   14       -0.419818       -0.071269        0.626446

     H   15       -0.547444       -0.211909       -0.209509
     H   15       -0.211909        0.391639       -0.215564
     H   15       -0.209509       -0.215564        0.155805

     C   16       -0.009655        0.144512       -0.157522
     C   16        0.144512       -0.546304       -0.381674
     C   16       -0.157522       -0.381674        0.555959

     C   17       -0.571285       -0.004308       -0.195267
     C   17       -0.004308        0.053948       -0.248711
     C   17       -0.195267       -0.248711        0.517337

     Cl  18        0.049954        0.081187        0.018590
     Cl  18        0.081187        0.112899        0.034785
     Cl  18        0.018590        0.034785       -0.162853

     H   19        0.490450        0.143015        0.002828
     H   19        0.143015       -0.594533        0.157685
     H   19        0.002828        0.157685        0.104082

     C   20       -0.709347       -0.118229       -0.322600
     C   20       -0.118229        0.064083        0.110471
     C   20       -0.322600        0.110471        0.645265

     H   21       -0.364347        0.330308       -0.419345
     H   21        0.330308        0.101989        0.075783
     H   21       -0.419345        0.075783        0.262358

     C   22       -0.131106       -0.313044       -0.007093
     C   22       -0.313044       -0.502762        0.472381
     C   22       -0.007093        0.472381        0.633867

     C   23       -0.494105        0.005424       -0.287094
     C   23        0.005424       -0.059958        0.416717
     C   23       -0.287094        0.416717        0.554062

     Cl  24       -0.078035       -0.128122        0.121543
     Cl  24       -0.128122       -0.081606       -0.076507
     Cl  24        0.121543       -0.076507        0.159641

     ----- ionic term -----
     Cl   1        0.143028       -0.218309       -0.015815
     Cl   1       -0.218309       -0.005017        0.011898
     Cl   1       -0.015815        0.011898       -0.138011

     C    2        0.252144       -0.223609        0.199318
     C    2       -0.223609        0.037395        0.411113
     C    2        0.199318        0.411113       -0.289538

     C    3        0.195920       -0.230173        0.105100
     C    3       -0.230173        0.106778        0.447038
     C    3        0.105100        0.447038       -0.302698

     H    4        0.664432        0.409969        0.585997
     H    4        0.409969       -0.400024        0.269393
     H    4        0.585997        0.269393       -0.264408

     C    5        0.352954       -0.177042        0.234774
     C    5       -0.177042       -0.062614        0.348244
     C    5        0.234774        0.348244       -0.290339

     H    6       -0.498045        0.116182        0.103328
     H    6        0.116182        0.485709        0.782530
     H    6        0.103328        0.782530        0.012336

     H    7       -0.495140       -0.042009        0.027212
     H    7       -0.042009        0.858454       -0.531058
     H    7        0.027212       -0.531058       -0.363313

     C    8        0.286433        0.215778        0.209731
     C    8        0.215778        0.143009       -0.269105
     C    8        0.209731       -0.269105       -0.429443

     H    9        0.532149       -0.470740        0.610011
     H    9       -0.470740       -0.284757       -0.314033
     H    9        0.610011       -0.314033       -0.247391

     C   10        0.144242        0.213413        0.155243
     C   10        0.213413        0.281350       -0.373243
     C   10        0.155243       -0.373243       -0.425591

     C   11        0.204044        0.229950        0.271669
     C   11        0.229950        0.194149       -0.308181
     C   11        0.271669       -0.308181       -0.398193

     Cl  12        0.110309        0.227283        0.022861
     Cl  12        0.227283        0.036756        0.013084
     Cl  12        0.022861        0.013084       -0.147065

     H   13       -0.514674        0.098192        0.083255
     H   13        0.098192        0.520038        0.776925
     H   13        0.083255        0.776925       -0.005364

     C   14        0.294145       -0.176743        0.218916
     C   14       -0.176743       -0.012778        0.321458
     C   14        0.218916        0.321458       -0.281367

     H   15        0.579489        0.357094        0.652834
     H   15        0.357094       -0.414223        0.284863
     H   15        0.652834        0.284863       -0.165266

     C   16        0.115159       -0.179660        0.168172
     C   16       -0.179660        0.099589        0.473084
     C   16        0.168172        0.473084       -0.214748

     C   17        0.236381       -0.157901        0.242310
     C   17       -0.157901        0.001079        0.476401
     C   17        0.242310        0.476401       -0.237460

     Cl  18        0.153898       -0.214952       -0.018176
     Cl  18       -0.214952       -0.010322        0.024406
     Cl  18       -0.018176        0.024406       -0.143575

     H   19       -0.498375       -0.097365        0.077237
     H   19       -0.097365        0.652245       -0.696867
     H   19        0.077237       -0.696867       -0.153870

     C   20        0.364876        0.239920        0.298377
     C   20        0.239920        0.027467       -0.266041
     C   20        0.298377       -0.266041       -0.392343

     H   21        0.425692       -0.345266        0.717160
     H   21       -0.345266       -0.369135       -0.325862
     H   21        0.717160       -0.325862       -0.056557

     C   22        0.138737        0.255094        0.213355
     C   22        0.255094        0.211046       -0.395281
     C   22        0.213355       -0.395281       -0.349783

     C   23        0.146304        0.208721        0.241128
     C   23        0.208721        0.226283       -0.376862
     C   23        0.241128       -0.376862       -0.372586

     Cl  24        0.127885        0.227474        0.031800
     Cl  24        0.227474        0.044762        0.011692
     Cl  24        0.031800        0.011692       -0.172646

     ----- GIPAW term -----
     Cl   1        1.151263       -1.236328        0.331313
     Cl   1       -1.236328        0.585737        0.637468
     Cl   1        0.331313        0.637468       -1.737000

     C    2        0.039026       -0.041039        0.092888
     C    2       -0.041039       -0.137055       -0.000323
     C    2        0.092888       -0.000323        0.098028

     C    3       -0.197908        0.003414        0.013643
     C    3        0.003414       -0.089992       -0.027335
     C    3        0.013643       -0.027335        0.287900

     H    4       -0.000000        0.000000        0.000000
     H    4        0.000000        0.000000        0.000000
     H    4        0.000000        0.000000        0.000000

     C    5       -0.100459        0.027139        0.039158
     C    5        0.027139       -0.182798       -0.069392
     C    5        0.039158       -0.069392        0.283257

     H    6       -0.000000        0.000000        0.000000
     H    6        0.000000        0.000000        0.000000
     H    6        0.000000        0.000000        0.000000

     H    7       -0.000000        0.000000        0.000000
     H    7        0.000000        0.000000        0.000000
     H    7        0.000000        0.000000        0.000000

     C    8       -0.088661       -0.057075        0.086698
     C    8       -0.057075       -0.212499        0.030850
     C    8        0.086698        0.030850        0.301160

     H    9       -0.000000        0.000000        0.000000
     H    9        0.000000        0.000000        0.000000
     H    9        0.000000        0.000000        0.000000

     C   10       -0.200662       -0.014912       -0.026635
     C   10       -0.014912       -0.077099        0.016533
     C   10       -0.026635        0.016533        0.277761

     C   11       -0.081643        0.044227        0.052226
     C   11        0.044227       -0.158272        0.110144
     C   11        0.052226        0.110144        0.239915

     Cl  12       -0.584515        1.365028       -0.544380
     Cl  12        1.365028       -0.641575        1.792822
     Cl  12       -0.544380        1.792822        1.226090

     H   13       -0.000000        0.000000        0.000000
     H   13        0.000000        0.000000        0.000000
     H   13        0.000000        0.000000        0.000000

     C   14       -0.216462        0.043286       -0.047707
     C   14        0.043286        0.010700        0.131528
     C   14       -0.047707        0.131528        0.205762

     H   15       -0.000000        0.000000        0.000000
     H   15        0.000000        0.000000        0.000000
     H   15        0.000000        0.000000        0.000000

     C   16       -0.111314       -0.020958       -0.059992
     C   16       -0.020958       -0.124625        0.124798
     C   16       -0.059992        0.124798        0.235939

     C   17       -0.145688       -0.064284        0.013286
     C   17       -0.064284       -0.103444       -0.001569
     C   17        0.013286       -0.001569        0.249133

     Cl  18       -0.659112       -0.951064       -0.263705
     Cl  18       -0.951064       -1.219827       -0.239430
     Cl  18       -0.263705       -0.239430        1.878939

     H   19       -0.000000        0.000000        0.000000
     H   19        0.000000        0.000000        0.000000
     H   19        0.000000        0.000000        0.000000

     C   20       -0.198866       -0.006828       -0.002267
     C   20       -0.006828       -0.096835       -0.020181
     C   20       -0.002267       -0.020181        0.295702

     H   21       -0.000000        0.000000        0.000000
     H   21        0.000000        0.000000        0.000000
     H   21        0.000000        0.000000        0.000000

     C   22       -0.128179       -0.032445        0.023054
     C   22       -0.032445       -0.173684        0.099561
     C   22        0.023054        0.099561        0.301863

     C   23       -0.141983        0.091238       -0.054499
     C   23        0.091238       -0.118024        0.090281
     C   23       -0.054499        0.090281        0.260007

     Cl  24        0.854006        1.306742        1.093096
     Cl  24        1.306742       -0.625830       -0.703919
     Cl  24        1.093096       -0.703919       -0.228176

     ----- total EFG -----
     Cl   1        1.255415       -1.330459        0.351801
     Cl   1       -1.330459        0.642150        0.724448
     Cl   1        0.351801        0.724448       -1.897565

     C    2        0.249827       -0.016222        0.192925
     C    2       -0.016222       -0.524434       -0.028406
     C    2        0.192925       -0.028406        0.274607

     C    3       -0.470724       -0.054478       -0.126300
     C    3       -0.054478       -0.077060        0.102184
     C    3       -0.126300        0.102184        0.547784

     H    4        0.319507        0.105685        0.040777
     H    4        0.105685       -0.100797        0.000458
     H    4        0.040777        0.000458       -0.218710

     C    5        0.102787        0.126271        0.237209
     C    5        0.126271       -0.566850       -0.049069
     C    5        0.237209       -0.049069        0.464064

     H    6       -0.024915        0.074427       -0.054092
     H    6        0.074427        0.577000        0.425924
     H    6       -0.054092        0.425924       -0.552086

     H    7       -0.084118        0.031292       -0.015070
     H    7        0.031292        0.356646        0.024750
     H    7       -0.015070        0.024750       -0.272528

     C    8        0.017539       -0.173080        0.261438
     C    8       -0.173080       -0.477882        0.124333
     C    8        0.261438        0.124333        0.460343

     H    9        0.411939       -0.179907        0.123724
     H    9       -0.179907       -0.128995        0.112164
     H    9        0.123724        0.112164       -0.282944

     C   10       -0.532121       -0.023014       -0.151299
     C   10       -0.023014        0.109095       -0.048739
     C   10       -0.151299       -0.048739        0.423026

     C   11        0.007837       -0.002693        0.216982
     C   11       -0.002693       -0.419564        0.191610
     C   11        0.216982        0.191610        0.411728

     Cl  12       -0.531568        1.567601       -0.592940
     Cl  12        1.567601       -0.649710        1.845345
     Cl  12       -0.592940        1.845345        1.181278

     H   13       -0.132242        0.042492        0.011884
     H   13        0.042492       -0.007841        0.191005
     H   13        0.011884        0.191005        0.140083

     C   14       -0.700902        0.145430       -0.248608
     C   14        0.145430        0.150062        0.381717
     C   14       -0.248608        0.381717        0.550840

     H   15        0.032045        0.145185        0.443325
     H   15        0.145185       -0.022584        0.069299
     H   15        0.443325        0.069299       -0.009461

     C   16       -0.005810       -0.056107       -0.049342
     C   16       -0.056107       -0.571340        0.216208
     C   16       -0.049342        0.216208        0.577150

     C   17       -0.480592       -0.226493        0.060328
     C   17       -0.226493       -0.048417        0.226121
     C   17        0.060328        0.226121        0.529010

     Cl  18       -0.455261       -1.084828       -0.263292
     Cl  18       -1.084828       -1.117250       -0.180240
     Cl  18       -0.263292       -0.180240        1.572511

     H   19       -0.007925        0.045650        0.080065
     H   19        0.045650        0.057712       -0.539182
     H   19        0.080065       -0.539182       -0.049787

     C   20       -0.543337        0.114863       -0.026489
     C   20        0.114863       -0.005286       -0.175752
     C   20       -0.026489       -0.175752        0.548623

     H   21        0.061345       -0.014958        0.297815
     H   21       -0.014958       -0.267146       -0.250079
     H   21        0.297815       -0.250079        0.205801

     C   22       -0.120547       -0.090396        0.229316
     C   22       -0.090396       -0.465400        0.176662
     C   22        0.229316        0.176662        0.585947

     C   23       -0.489784        0.305383       -0.100465
     C   23        0.305383        0.048301        0.130136
     C   23       -0.100465        0.130136        0.441483

     Cl  24        0.903856        1.406094        1.246439
     Cl  24        1.406094       -0.662674       -0.768735
     Cl  24        1.246439       -0.768735       -0.241182

     ----- total EFG (symmetrized) -----
     Cl   1        1.255415       -1.330459        0.351801
     Cl   1       -1.330459        0.642150        0.724448
     Cl   1        0.351801        0.724448       -1.897565

     C    2        0.249827       -0.016222        0.192925
     C    2       -0.016222       -0.524434       -0.028406
     C    2        0.192925       -0.028406        0.274607

     C    3       -0.470724       -0.054478       -0.126300
     C    3       -0.054478       -0.077060        0.102184
     C    3       -0.126300        0.102184        0.547784

     H    4        0.319507        0.105685        0.040777
     H    4        0.105685       -0.100797        0.000458
     H    4        0.040777        0.000458       -0.218710

     C    5        0.102787        0.126271        0.237209
     C    5        0.126271       -0.566850       -0.049069
     C    5        0.237209       -0.049069        0.464064

     H    6       -0.024915        0.074427       -0.054092
     H    6        0.074427        0.577000        0.425924
     H    6       -0.054092        0.425924       -0.552086

     H    7       -0.084118        0.031292       -0.015070
     H    7        0.031292        0.356646        0.024750
     H    7       -0.015070        0.024750       -0.272528

     C    8        0.017539       -0.173080        0.261438
     C    8       -0.173080       -0.477882        0.124333
     C    8        0.261438        0.124333        0.460343

     H    9        0.411939       -0.179907        0.123724
     H    9       -0.179907       -0.128995        0.112164
     H    9        0.123724        0.112164       -0.282944

     C   10       -0.532121       -0.023014       -0.151299
     C   10       -0.023014        0.109095       -0.048739
     C   10       -0.151299       -0.048739        0.423026

     C   11        0.007837       -0.002693        0.216982
     C   11       -0.002693       -0.419564        0.191610
     C   11        0.216982        0.191610        0.411728

     Cl  12       -0.531568        1.567601       -0.592940
     Cl  12        1.567601       -0.649710        1.845345
     Cl  12       -0.592940        1.845345        1.181278

     H   13       -0.132242        0.042492        0.011884
     H   13        0.042492       -0.007841        0.191005
     H   13        0.011884        0.191005        0.140083

     C   14       -0.700902        0.145430       -0.248608
     C   14        0.145430        0.150062        0.381717
     C   14       -0.248608        0.381717        0.550840

     H   15        0.032045        0.145185        0.443325
     H   15        0.145185       -0.022584        0.069299
     H   15        0.443325        0.069299       -0.009461

     C   16       -0.005810       -0.056107       -0.049342
     C   16       -0.056107       -0.571340        0.216208
     C   16       -0.049342        0.216208        0.577150

     C   17       -0.480592       -0.226493        0.060328
     C   17       -0.226493       -0.048417        0.226121
     C   17        0.060328        0.226121        0.529010

     Cl  18       -0.455261       -1.084828       -0.263292
     Cl  18       -1.084828       -1.117250       -0.180240
     Cl  18       -0.263292       -0.180240        1.572511

     H   19       -0.007925        0.045650        0.080065
     H   19        0.045650        0.057712       -0.539182
     H   19        0.080065       -0.539182       -0.049787

     C   20       -0.543337        0.114863       -0.026489
     C   20        0.114863       -0.005286       -0.175752
     C   20       -0.026489       -0.175752        0.548623

     H   21        0.061345       -0.014958        0.297815
     H   21       -0.014958       -0.267146       -0.250079
     H   21        0.297815       -0.250079        0.205801

     C   22       -0.120547       -0.090396        0.229316
     C   22       -0.090396       -0.465400        0.176662
     C   22        0.229316        0.176662        0.585947

     C   23       -0.489784        0.305383       -0.100465
     C   23        0.305383        0.048301        0.130136
     C   23       -0.100465        0.130136        0.441483

     Cl  24        0.903856        1.406094        1.246439
     Cl  24        1.406094       -0.662674       -0.768735
     Cl  24        1.246439       -0.768735       -0.241182


     NQR/NMR SPECTROSCOPIC PARAMETERS:
     Cl   1    Vxx=   -0.0792    axis=(  0.594610  0.700731  0.394226)
     Cl   1    Vyy=   -2.2426    axis=( -0.218293 -0.331204  0.917961)
     Cl   1    Vzz=    2.3219    axis=( -0.773813  0.631885  0.043973)
     Cl   1  Q=        -8.1650 1e-30 m^2  Cq=       -44.5437 MHz  eta= 0.93174

     C    2    Vxx=    0.0690    axis=( -0.730072 -0.012748  0.683251)
     C    2    Vyy=    0.4566    axis=(  0.683249 -0.032421  0.729465)
     C    2    Vzz=   -0.5256    axis=( -0.012852 -0.999393 -0.032380)
     C    2  Q=         1.0000 1e-30 m^2  Cq=        -1.2349 MHz  eta= 0.73746

     C    3    Vxx=   -0.0905    axis=(  0.082972 -0.981330  0.173516)
     C    3    Vyy=   -0.4905    axis=( -0.988562 -0.103054 -0.110113)
     C    3    Vzz=    0.5810    axis=( -0.125938  0.162395  0.978656)
     C    3  Q=         1.0000 1e-30 m^2  Cq=         1.3651 MHz  eta= 0.68839

     H    4    Vxx=   -0.1250    axis=(  0.222307 -0.970623  0.092036)
     H    4    Vyy=   -0.2223    axis=( -0.089139  0.073768  0.993284)
     H    4    Vzz=    0.3474    axis=( -0.970893 -0.229018 -0.070121)
     H    4  Q=         1.0000 1e-30 m^2  Cq=         0.8162 MHz  eta= 0.28006

     C    5    Vxx=    0.0165    axis=( -0.870879 -0.225267  0.436834)
     C    5    Vyy=    0.5817    axis=(  0.446096  0.010810  0.894920)
     C    5    Vzz=   -0.5982    axis=(  0.206318 -0.974237 -0.091076)
     C    5  Q=         1.0000 1e-30 m^2  Cq=        -1.4055 MHz  eta= 0.94495

     H    6    Vxx=   -0.0204    axis=(  0.991337 -0.032836 -0.127169)
     H    6    Vyy=   -0.7030    axis=(  0.110145 -0.319563  0.941142)
     H    6    Vzz=    0.7235    axis=( -0.071542 -0.946996 -0.313178)
     H    6  Q=         1.0000 1e-30 m^2  Cq=         1.6999 MHz  eta= 0.94349

     H    7    Vxx=   -0.0848    axis=(  0.993926 -0.065491 -0.088442)
     H    7    Vyy=   -0.2749    axis=( -0.085721  0.043255 -0.995380)
     H    7    Vzz=    0.3597    axis=(  0.069014  0.996915  0.037379)
     H    7  Q=         1.0000 1e-30 m^2  Cq=         0.8452 MHz  eta= 0.52833

     C    8    Vxx=   -0.0105    axis=( -0.840070  0.406587  0.359123)
     C    8    Vyy=   -0.5727    axis=(  0.356251  0.912732 -0.200015)
     C    8    Vzz=    0.5831    axis=(  0.409107  0.040088  0.911606)
     C    8  Q=         1.0000 1e-30 m^2  Cq=         1.3701 MHz  eta= 0.96414

     H    9    Vxx=   -0.0859    axis=(  0.154728  0.813619  0.560431)
     H    9    Vyy=   -0.3905    axis=( -0.242674 -0.518584  0.819866)
     H    9    Vzz=    0.4765    axis=( -0.957689  0.262858 -0.117205)
     H    9  Q=         1.0000 1e-30 m^2  Cq=         1.1195 MHz  eta= 0.63922

     C   10    Vxx=    0.1046    axis=(  0.064543 -0.990556 -0.120967)
     C   10    Vyy=    0.4522    axis=( -0.147686 -0.129366  0.980537)
     C   10    Vzz=   -0.5569    axis=( -0.986926 -0.045422 -0.154641)
     C   10  Q=         1.0000 1e-30 m^2  Cq=        -1.3085 MHz  eta= 0.62419

     C   11    Vxx=   -0.0711    axis=( -0.921357  0.192739  0.337569)
     C   11    Vyy=   -0.4673    axis=(  0.114374  0.964394 -0.238460)
     C   11    Vzz=    0.5384    axis=(  0.371510  0.181098  0.910595)
     C   11  Q=         1.0000 1e-30 m^2  Cq=         1.2649 MHz  eta= 0.73587

     Cl  12    Vxx=    0.5591    axis=(  0.810642  0.403526 -0.424296)
     Cl  12    Vyy=    2.3718    axis=(  0.141332  0.568354  0.810555)
     Cl  12    Vzz=   -2.9309    axis=(  0.568230 -0.717036  0.403700)
     Cl  12  Q=        -8.1650 1e-30 m^2  Cq=        56.2286 MHz  eta= 0.61848

     H   13    Vxx=   -0.1086    axis=( -0.726731 -0.527554  0.439942)
     H   13    Vyy=   -0.1652    axis=( -0.681840  0.631761 -0.368745)
     H   13    Vzz=    0.2738    axis=(  0.083405  0.567948  0.818827)
     H   13  Q=         1.0000 1e-30 m^2  Cq=         0.6433 MHz  eta= 0.20672

     C   14    Vxx=    0.0068    axis=( -0.326144 -0.837442  0.438544)
     C   14    Vyy=    0.7949    axis=( -0.096188  0.490902  0.865889)
     C   14    Vzz=   -0.8017    axis=( -0.940414  0.240222 -0.240657)
     C   14  Q=         1.0000 1e-30 m^2  Cq=        -1.8836 MHz  eta= 0.98302

     H   15    Vxx=   -0.0611    axis=(  0.115187 -0.950915  0.287215)
     H   15    Vyy=   -0.4390    axis=( -0.700343  0.127308  0.702362)
     H   15    Vzz=    0.5001    axis=(  0.704452  0.282052  0.651302)
     H   15  Q=         1.0000 1e-30 m^2  Cq=         1.1749 MHz  eta= 0.75562

     C   16    Vxx=   -0.0077    axis=(  0.992719 -0.058416  0.105341)
     C   16    Vyy=   -0.6142    axis=(  0.076330  0.981609 -0.174976)
     C   16    Vzz=    0.6220    axis=( -0.093182  0.181743  0.978921)
     C   16  Q=         1.0000 1e-30 m^2  Cq=         1.4614 MHz  eta= 0.97510

     C   17    Vxx=   -0.0103    axis=( -0.444772  0.842641 -0.303537)
     C   17    Vyy=   -0.5970    axis=(  0.895490  0.424665 -0.133260)
     C   17    Vzz=    0.6073    axis=( -0.016611  0.331084  0.943455)
     C   17  Q=         1.0000 1e-30 m^2  Cq=         1.4269 MHz  eta= 0.96601

     Cl  18    Vxx=    0.3394    axis=(  0.794471 -0.601785  0.081673)
     Cl  18    Vyy=    1.6069    axis=(  0.116657  0.019244 -0.992986)
     Cl  18    Vzz=   -1.9463    axis=(  0.595992  0.798426  0.085491)
     Cl  18  Q=        -8.1650 1e-30 m^2  Cq=        37.3393 MHz  eta= 0.65125

     H   19    Vxx=    0.0062    axis=(  0.985945  0.136381  0.096498)
     H   19    Vyy=    0.5465    axis=( -0.036339  0.738832 -0.672909)
     H   19    Vzz=   -0.5528    axis=( -0.163068  0.659945  0.733404)
     H   19  Q=         1.0000 1e-30 m^2  Cq=        -1.2988 MHz  eta= 0.97747

     C   20    Vxx=   -0.0357    axis=(  0.196717  0.936413  0.290574)
     C   20    Vyy=   -0.5669    axis=( -0.979143  0.202985  0.008729)
     C   20    Vzz=    0.6026    axis=( -0.050808 -0.286231  0.956813)
     C   20  Q=         1.0000 1e-30 m^2  Cq=         1.4159 MHz  eta= 0.88154

     H   21    Vxx=   -0.0926    axis=( -0.788246 -0.481462  0.383226)
     H   21    Vyy=   -0.4051    axis=(  0.277642 -0.834036 -0.476758)
     H   21    Vzz=    0.4977    axis=(  0.549165 -0.269403  0.791100)
     H   21  Q=         1.0000 1e-30 m^2  Cq=         1.1694 MHz  eta= 0.62796

     C   22    Vxx=   -0.1358    axis=(  0.911531 -0.358245 -0.201922)
     C   22    Vyy=   -0.5365    axis=(  0.316896  0.924853 -0.210296)
     C   22    Vzz=    0.6724    axis=(  0.262086  0.127703  0.956558)
     C   22  Q=         1.0000 1e-30 m^2  Cq=         1.5798 MHz  eta= 0.59600

     C   23    Vxx=    0.1665    axis=(  0.439670  0.863275 -0.247883)
     C   23    Vyy=    0.4807    axis=(  0.010888 -0.281093 -0.959619)
     C   23    Vzz=   -0.6472    axis=( -0.898093  0.419217 -0.132987)
     C   23  Q=         1.0000 1e-30 m^2  Cq=        -1.5207 MHz  eta= 0.48559

     Cl  24    Vxx=    0.3383    axis=(  0.049640  0.651273 -0.757218)
     Cl  24    Vyy=    1.9972    axis=(  0.863790  0.352613  0.359904)
     Cl  24    Vzz=   -2.3355    axis=(  0.501400 -0.671943 -0.545060)
     Cl  24  Q=        -8.1650 1e-30 m^2  Cq=        44.8048 MHz  eta= 0.71031

     Initialization:
     gipaw_setup  :      8.96s CPU     10.83s WALL (       1 calls)

     Linear response

     Apply operators

     Induced current

     Other routines
     efg          :      8.96s CPU     11.18s WALL (       1 calls)

     General routines
     calbec       :      3.08s CPU      4.00s WALL (      16 calls)
     fft          :      1.33s CPU      1.46s WALL (      15 calls)
     ffts         :      0.05s CPU      0.05s WALL (       2 calls)
     fftw         :      3.17s CPU      3.95s WALL (     672 calls)
     davcio       :      0.04s CPU      0.32s WALL (      32 calls)

     Parallel routines
     fft_scatter  :      1.94s CPU      2.58s WALL (     689 calls)

     Plugins

     GIPAW        :     61.03s CPU     73.06s WALL (       1 calls)
