
     Program QE v.6.0 (svn rev. 13079) starts on  5Jan2017 at  7:40:19 

     This program is part of the open-source Quantum ESPRESSO suite
     for quantum simulation of materials; please cite
         "P. Giannozzi et al., J. Phys.:Condens. Matter 21 395502 (2009);
          URL http://www.quantum-espresso.org", 
     in publications or presentations arising from this work. More details at
     http://www.quantum-espresso.org/quote

     Parallel version (MPI), running on     8 processors
     R & G space division:  proc/nbgrp/npool/nimage =       8

     ***** This is GIPAW svn revision unknown      *****

     Parallelizing q-star over 1 images

     Reading data from directory:
     /users/majewski/paradichlorobenzene/pbe/9_constraint/scratch/pbe.ecut100.np8.dt60.pcl2phi-129368.save
     Message from routine read_xml_file:
     file /users/majewski/paradichlorobenzene/pbe/9_constraint/scratch/pbe.ecut100.np8.dt60.pcl2phi-129368.save not guaranteed to be safe for post-processing

   Info: using nr1, nr2, nr3 values from input

   Info: using nr1, nr2, nr3 values from input

     IMPORTANT: XC functional enforced from input :
     Exchange-correlation      =  SLA  PW   PBX  PBC ( 1  4  3  4 0 0)
     Any further DFT definition will be discarded
     Please, verify this is what you really want

               file C.pbe-n-kjpaw_psl.1.0.0.UPF: wavefunction(s)  2S 2P renormalized
               file Cl.pbe-n-kjpaw_psl.1.0.0.UPF: wavefunction(s)  3S 3P renormalized
               file H.pbe-kjpaw_psl.1.0.0.UPF: wavefunction(s)  1S renormalized

     Parallelization info
     --------------------
     sticks:   dense  smooth     PW     G-vecs:    dense   smooth      PW
     Min        3057    1223    332               144436    36536    5170
     Max        3059    1225    333               144437    36537    5171
     Sum       24467    9791   2657              1155489   292295   41363


     Subspace diagonalization in iterative solution of the eigenvalue problem:
     a serial algorithm will be used

     GIPAW projectors -----------------------------------------------
     atom=  C    l=0  rc=    1.2000  rs=    0.8000
     atom=  C    l=0  rc=    1.2000  rs=    0.8000
     atom=  C    l=1  rc=    1.4000  rs=    0.9333
     atom=  C    l=1  rc=    1.4000  rs=    0.9333
     projs nearly linearly dependent: l=1  n1,n2= 1, 2  s=  0.99951561

     atom=  Cl   l=0  rc=    1.6000  rs=    1.0667
     atom=  Cl   l=0  rc=    1.6000  rs=    1.0667
     atom=  Cl   l=1  rc=    1.6000  rs=    1.0667
     atom=  Cl   l=1  rc=    1.6000  rs=    1.0667
     atom=  Cl   l=2  rc=    1.6000  rs=    1.0667
     atom=  Cl   l=2  rc=    1.6000  rs=    1.0667
     projs nearly linearly dependent: l=2  n1,n2= 1, 2  s=  0.99993509

     atom=  H    l=0  rc=    1.0000  rs=    0.6667
     atom=  H    l=0  rc=    1.0000  rs=    0.6667
     projs nearly linearly dependent: l=0  n1,n2= 1, 2  s=  0.99968852
     -----------------------------------------------------------------

     GIPAW integrals: -------------------------------------------
     Atom  i/j   nmr_para   nmr_dia   epr_rmc  epr_para   epr_dia
       C   1 1   0.83E+03  0.17E-01  0.93E+01  0.24E+08  0.24E+03
       C   2 1   0.86E+03 -0.61E-01  0.94E+01  0.25E+08  0.25E+03
       C   2 2   0.90E+03 -0.15E+00  0.97E+01  0.26E+08  0.26E+03
       C   3 3   0.33E+01  0.34E+00  0.18E+01  0.55E+03  0.21E+02
       C   4 3   0.35E+01  0.37E+00  0.20E+01  0.59E+03  0.22E+02
       C   4 4   0.38E+01  0.39E+00  0.22E+01  0.63E+03  0.24E+02
       Cl  1 1   0.14E+04 -0.47E+00  0.84E+01  0.32E+09  0.42E+03
       Cl  2 1   0.21E+04 -0.37E+00  0.12E+02  0.49E+09  0.65E+03
       Cl  2 2   0.33E+04 -0.16E+00  0.21E+02  0.76E+09  0.10E+04
       Cl  3 3   0.21E+02  0.79E-01  0.89E+01  0.23E+05  0.13E+03
       Cl  4 3   0.24E+02  0.67E-01  0.99E+01  0.27E+05  0.15E+03
       Cl  4 4   0.28E+02  0.44E-01  0.11E+02  0.32E+05  0.18E+03
       Cl  5 5   0.77E+00  0.19E+00  0.18E+01  0.12E+03  0.22E+02
       Cl  6 5   0.80E+00  0.19E+00  0.19E+01  0.12E+03  0.23E+02
       Cl  6 6   0.83E+00  0.20E+00  0.19E+01  0.12E+03  0.23E+02
       H   1 1   0.39E+02  0.19E+00  0.29E+00  0.78E+05  0.13E+02
       H   2 1   0.41E+02  0.21E+00  0.32E+00  0.82E+05  0.14E+02
       H   2 2   0.43E+02  0.22E+00  0.36E+00  0.86E+05  0.15E+02
     ------------------------------------------------------------

     alpha_pv=     34.2157 eV

     Number of occupied bands for each k-point:
     k-point:     1    nbnd_occ=  42
     k-point:     2    nbnd_occ=  42
     k-point:     3    nbnd_occ=  42
     k-point:     4    nbnd_occ=  42
     k-point:     5    nbnd_occ=  42
     k-point:     6    nbnd_occ=  42
     k-point:     7    nbnd_occ=  42
     k-point:     8    nbnd_occ=  42
     k-point:     9    nbnd_occ=  42
     k-point:    10    nbnd_occ=  42
     k-point:    11    nbnd_occ=  42
     k-point:    12    nbnd_occ=  42
     k-point:    13    nbnd_occ=  42
     k-point:    14    nbnd_occ=  42
     k-point:    15    nbnd_occ=  42
     k-point:    16    nbnd_occ=  42


     q-space interpolation up to   110.00 Rydberg

     GIPAW job: efg                                                                             


     ELECTRIC FIELD GRADIENTS TENSORS IN Hartree/bohrradius^2:

     ----- bare term -----
     Cl   1        0.108601        0.068628       -0.065766
     Cl   1        0.068628       -0.146064        0.040436
     Cl   1       -0.065766        0.040436        0.037463

     C    2       -0.485726        0.433877       -0.135912
     C    2        0.433877        0.065078       -0.301672
     C    2       -0.135912       -0.301672        0.420648

     C    3        0.162247       -0.040317       -0.204844
     C    3       -0.040317       -0.102187       -0.283905
     C    3       -0.204844       -0.283905       -0.060060

     H    4        0.093134        0.059785       -0.416472
     H    4        0.059785        0.175572        0.210856
     H    4       -0.416472        0.210856       -0.268707

     C    5       -0.500612        0.338262       -0.018390
     C    5        0.338262        0.155202       -0.285636
     C    5       -0.018390       -0.285636        0.345410

     H    6        0.506260       -0.034832       -0.011532
     H    6       -0.034832       -0.293208       -0.393589
     H    6       -0.011532       -0.393589       -0.213052

     H    7       -0.030553        0.300358       -0.361535
     H    7        0.300358       -0.084700        0.418987
     H    7       -0.361535        0.418987        0.115253

     C    8        0.106857       -0.596426        0.123864
     C    8       -0.596426       -0.525556        0.385714
     C    8        0.123864        0.385714        0.418699

     H    9       -0.689905       -0.134753       -0.226343
     H    9       -0.134753        0.325879        0.166674
     H    9       -0.226343        0.166674        0.364026

     C   10        0.029274       -0.079719       -0.458770
     C   10       -0.079719       -0.205992        0.474547
     C   10       -0.458770        0.474547        0.176718

     C   11       -0.186802       -0.155055       -0.196468
     C   11       -0.155055       -0.040482        0.504262
     C   11       -0.196468        0.504262        0.227284

     Cl  12       -0.060564       -0.077713       -0.007063
     Cl  12       -0.077713        0.014185        0.012049
     Cl  12       -0.007063        0.012049        0.046379

     H   13        0.012869        0.199134        0.340469
     H   13        0.199134       -0.012284       -0.467572
     H   13        0.340469       -0.467572       -0.000585

     C   14       -0.003474       -0.337319       -0.542634
     C   14       -0.337319       -0.093554       -0.490892
     C   14       -0.542634       -0.490892        0.097028

     H   15        0.101550       -0.097423       -0.207808
     H   15       -0.097423        0.478688        0.061115
     H   15       -0.207808        0.061115       -0.580238

     C   16       -0.076298        0.484167       -0.214074
     C   16        0.484167       -0.233390       -0.069639
     C   16       -0.214074       -0.069639        0.309688

     C   17        0.096333       -0.379467       -0.562105
     C   17       -0.379467       -0.200146       -0.620280
     C   17       -0.562105       -0.620280        0.103814

     Cl  18       -0.213206        0.391058       -0.027537
     Cl  18        0.391058       -0.048173        0.016866
     Cl  18       -0.027537        0.016866        0.261379

     H   19        0.491134       -0.050501       -0.231535
     H   19       -0.050501       -0.059444        0.247612
     H   19       -0.231535        0.247612       -0.431690

     C   20       -0.536998       -0.323856       -0.226181
     C   20       -0.323856        0.268942        0.298619
     C   20       -0.226181        0.298619        0.268056

     H   21       -0.152748       -0.168702       -0.503685
     H   21       -0.168702       -0.091300       -0.008751
     H   21       -0.503685       -0.008751        0.244048

     C   22        0.076144       -0.213363       -0.118932
     C   22       -0.213363       -0.098227        0.598048
     C   22       -0.118932        0.598048        0.022083

     C   23       -0.398441       -0.183109       -0.469842
     C   23       -0.183109        0.229496        0.125231
     C   23       -0.469842        0.125231        0.168946

     Cl  24        0.005139        0.052656       -0.135294
     Cl  24        0.052656       -0.033970        0.176524
     Cl  24       -0.135294        0.176524        0.028831

     ----- ionic term -----
     Cl   1        0.103120       -0.242479        0.006833
     Cl   1       -0.242479        0.041345       -0.002001
     Cl   1        0.006833       -0.002001       -0.144465

     C    2        0.036622       -0.299404        0.327027
     C    2       -0.299404        0.064408        0.372689
     C    2        0.327027        0.372689       -0.101029

     C    3        0.023246       -0.311021        0.275507
     C    3       -0.311021        0.138390        0.296871
     C    3        0.275507        0.296871       -0.161636

     H    4        0.399873        0.155808        0.766307
     H    4        0.155808       -0.469275        0.180666
     H    4        0.766307        0.180666        0.069403

     C    5        0.101953       -0.312342        0.351105
     C    5       -0.312342        0.080365        0.222169
     C    5        0.351105        0.222169       -0.182318

     H    6       -0.522160       -0.139247       -0.062697
     H    6       -0.139247        0.615983        0.710851
     H    6       -0.062697        0.710851       -0.093823

     H    7       -0.487760       -0.220790        0.169200
     H    7       -0.220790        0.541375       -0.755416
     H    7        0.169200       -0.755416       -0.053615

     C    8        0.272528        0.193325        0.247603
     C    8        0.193325       -0.029822       -0.343315
     C    8        0.247603       -0.343315       -0.242706

     H    9        0.660806       -0.044916        0.673615
     H    9       -0.044916       -0.557361       -0.127357
     H    9        0.673615       -0.127357       -0.103445

     C   10        0.128289        0.286852        0.124881
     C   10        0.286852        0.053095       -0.457341
     C   10        0.124881       -0.457341       -0.181384

     C   11        0.236501        0.180795        0.219526
     C   11        0.180795       -0.015309       -0.438532
     C   11        0.219526       -0.438532       -0.221192

     Cl  12        0.112043        0.203489       -0.026611
     Cl  12        0.203489        0.030767       -0.027004
     Cl  12       -0.026611       -0.027004       -0.142810

     H   13       -0.521776       -0.100759       -0.050125
     H   13       -0.100759        0.398917        0.774695
     H   13       -0.050125        0.774695        0.122859

     C   14        0.135183       -0.344884        0.361108
     C   14       -0.344884       -0.001439        0.237091
     C   14        0.361108        0.237091       -0.133744

     H   15        0.367067       -0.016046        0.815241
     H   15       -0.016046       -0.518980        0.079933
     H   15        0.815241        0.079933        0.151913

     C   16        0.024227       -0.372786        0.278129
     C   16       -0.372786        0.146743        0.321294
     C   16        0.278129        0.321294       -0.170969

     C   17        0.035854       -0.250691        0.372626
     C   17       -0.250691        0.068393        0.384743
     C   17        0.372626        0.384743       -0.104248

     Cl  18        0.123521       -0.202143        0.058647
     Cl  18       -0.202143        0.017441       -0.021669
     Cl  18        0.058647       -0.021669       -0.140963

     H   19       -0.480478       -0.252629        0.178042
     H   19       -0.252629        0.520708       -0.768676
     H   19        0.178042       -0.768676       -0.040229

     C   20        0.286295        0.111443        0.208455
     C   20        0.111443       -0.015366       -0.338220
     C   20        0.208455       -0.338220       -0.270930

     H   21        0.648636       -0.201346        0.708733
     H   21       -0.201346       -0.493590       -0.189612
     H   21        0.708733       -0.189612       -0.155046

     C   22        0.149106        0.139358        0.180362
     C   22        0.139358        0.070481       -0.413605
     C   22        0.180362       -0.413605       -0.219587

     C   23        0.217765        0.115712        0.308299
     C   23        0.115712       -0.014805       -0.403996
     C   23        0.308299       -0.403996       -0.202960

     Cl  24        0.091251        0.187854       -0.025407
     Cl  24        0.187854        0.019820       -0.032631
     Cl  24       -0.025407       -0.032631       -0.111071

     ----- GIPAW term -----
     Cl   1       -0.157880       -0.806820       -0.330101
     Cl   1       -0.806820        2.118702       -1.029694
     Cl   1       -0.330101       -1.029694       -1.960822

     C    2       -0.103874       -0.082991        0.034721
     C    2       -0.082991        0.142664       -0.142825
     C    2        0.034721       -0.142825       -0.038790

     C    3       -0.024212       -0.039813       -0.004866
     C    3       -0.039813        0.033547       -0.063969
     C    3       -0.004866       -0.063969       -0.009335

     H    4       -0.000000        0.000000        0.000000
     H    4        0.000000        0.000000        0.000000
     H    4        0.000000        0.000000        0.000000

     C    5       -0.059885       -0.139626        0.091231
     C    5       -0.139626        0.132440       -0.104398
     C    5        0.091231       -0.104398       -0.072555

     H    6       -0.000000        0.000000        0.000000
     H    6        0.000000        0.000000        0.000000
     H    6        0.000000        0.000000        0.000000

     H    7       -0.000000        0.000000        0.000000
     H    7        0.000000        0.000000        0.000000
     H    7        0.000000        0.000000        0.000000

     C    8        0.179246       -0.187169        0.169391
     C    8       -0.187169       -0.174040        0.007561
     C    8        0.169391        0.007561       -0.005205

     H    9       -0.000000        0.000000        0.000000
     H    9        0.000000        0.000000        0.000000
     H    9        0.000000        0.000000        0.000000

     C   10        0.176065       -0.050444       -0.207006
     C   10       -0.050444       -0.104539        0.087953
     C   10       -0.207006        0.087953       -0.071526

     C   11       -0.032808       -0.033754       -0.121531
     C   11       -0.033754       -0.014781        0.175711
     C   11       -0.121531        0.175711        0.047588

     Cl  12       -0.270993        0.472101       -1.373547
     Cl  12        0.472101       -0.471115        1.778962
     Cl  12       -1.373547        1.778962        0.742108

     H   13       -0.000000        0.000000        0.000000
     H   13        0.000000        0.000000        0.000000
     H   13        0.000000        0.000000        0.000000

     C   14        0.186005       -0.218645       -0.142457
     C   14       -0.218645       -0.079139       -0.043816
     C   14       -0.142457       -0.043816       -0.106866

     H   15       -0.000000        0.000000        0.000000
     H   15        0.000000        0.000000        0.000000
     H   15        0.000000        0.000000        0.000000

     C   16        0.125930       -0.022397       -0.140465
     C   16       -0.022397       -0.108421        0.060153
     C   16       -0.140465        0.060153       -0.017509

     C   17        0.162174       -0.207503       -0.151556
     C   17       -0.207503       -0.068275       -0.019354
     C   17       -0.151556       -0.019354       -0.093899

     Cl  18        0.681242       -0.431307       -2.226919
     Cl  18       -0.431307       -1.426374        0.309877
     Cl  18       -2.226919        0.309877        0.745132

     H   19       -0.000000        0.000000        0.000000
     H   19        0.000000        0.000000        0.000000
     H   19        0.000000        0.000000        0.000000

     C   20       -0.158842       -0.077496       -0.048899
     C   20       -0.077496        0.129773        0.179032
     C   20       -0.048899        0.179032        0.029069

     H   21       -0.000000        0.000000        0.000000
     H   21        0.000000        0.000000        0.000000
     H   21        0.000000        0.000000        0.000000

     C   22       -0.107082       -0.054759        0.000413
     C   22       -0.054759        0.262588        0.025933
     C   22        0.000413        0.025933       -0.155506

     C   23        0.073607       -0.127343        0.047133
     C   23       -0.127343        0.048758       -0.087562
     C   23        0.047133       -0.087562       -0.122364

     Cl  24        0.076866       -0.037693        0.883859
     Cl  24       -0.037693        0.296431       -1.344776
     Cl  24        0.883859       -1.344776       -0.373298

     ----- total EFG -----
     Cl   1        0.053841       -0.980671       -0.389034
     Cl   1       -0.980671        2.013983       -0.991258
     Cl   1       -0.389034       -0.991258       -2.067824

     C    2       -0.552978        0.051481        0.225837
     C    2        0.051481        0.272150       -0.071808
     C    2        0.225837       -0.071808        0.280828

     C    3        0.161281       -0.391151        0.065797
     C    3       -0.391151        0.069750       -0.051003
     C    3        0.065797       -0.051003       -0.231031

     H    4        0.493007        0.215593        0.349835
     H    4        0.215593       -0.293703        0.391522
     H    4        0.349835        0.391522       -0.199304

     C    5       -0.458544       -0.113706        0.423947
     C    5       -0.113706        0.368007       -0.167865
     C    5        0.423947       -0.167865        0.090537

     H    6       -0.015900       -0.174079       -0.074229
     H    6       -0.174079        0.322775        0.317262
     H    6       -0.074229        0.317262       -0.306875

     H    7       -0.518313        0.079568       -0.192335
     H    7        0.079568        0.456675       -0.336429
     H    7       -0.192335       -0.336429        0.061638

     C    8        0.558630       -0.590271        0.540857
     C    8       -0.590271       -0.729418        0.049960
     C    8        0.540857        0.049960        0.170788

     H    9       -0.029099       -0.179669        0.447272
     H    9       -0.179669       -0.231482        0.039317
     H    9        0.447272        0.039317        0.260581

     C   10        0.333627        0.156689       -0.540896
     C   10        0.156689       -0.257436        0.105159
     C   10       -0.540896        0.105159       -0.076192

     C   11        0.016891       -0.008015       -0.098473
     C   11       -0.008015       -0.070571        0.241441
     C   11       -0.098473        0.241441        0.053681

     Cl  12       -0.219513        0.597876       -1.407221
     Cl  12        0.597876       -0.426163        1.764006
     Cl  12       -1.407221        1.764006        0.645677

     H   13       -0.508906        0.098375        0.290344
     H   13        0.098375        0.386633        0.307123
     H   13        0.290344        0.307123        0.122274

     C   14        0.317714       -0.900849       -0.323983
     C   14       -0.900849       -0.174132       -0.297617
     C   14       -0.323983       -0.297617       -0.143582

     H   15        0.468617       -0.113469        0.607434
     H   15       -0.113469       -0.040292        0.141047
     H   15        0.607434        0.141047       -0.428325

     C   16        0.073860        0.088984       -0.076410
     C   16        0.088984       -0.195069        0.311809
     C   16       -0.076410        0.311809        0.121209

     C   17        0.294361       -0.837662       -0.341035
     C   17       -0.837662       -0.200028       -0.254891
     C   17       -0.341035       -0.254891       -0.094333

     Cl  18        0.591558       -0.242392       -2.195808
     Cl  18       -0.242392       -1.457106        0.305073
     Cl  18       -2.195808        0.305073        0.865549

     H   19        0.010656       -0.303131       -0.053494
     H   19       -0.303131        0.461263       -0.521065
     H   19       -0.053494       -0.521065       -0.471919

     C   20       -0.409544       -0.289909       -0.066625
     C   20       -0.289909        0.383350        0.139432
     C   20       -0.066625        0.139432        0.026195

     H   21        0.495889       -0.370048        0.205048
     H   21       -0.370048       -0.584890       -0.198363
     H   21        0.205048       -0.198363        0.089002

     C   22        0.118169       -0.128764        0.061844
     C   22       -0.128764        0.234841        0.210376
     C   22        0.061844        0.210376       -0.353010

     C   23       -0.107069       -0.194740       -0.114409
     C   23       -0.194740        0.263449       -0.366328
     C   23       -0.114409       -0.366328       -0.156379

     Cl  24        0.173256        0.202817        0.723158
     Cl  24        0.202817        0.282282       -1.200883
     Cl  24        0.723158       -1.200883       -0.455538

     ----- total EFG (symmetrized) -----
     Cl   1        0.053841       -0.980671       -0.389034
     Cl   1       -0.980671        2.013983       -0.991258
     Cl   1       -0.389034       -0.991258       -2.067824

     C    2       -0.552978        0.051481        0.225837
     C    2        0.051481        0.272150       -0.071808
     C    2        0.225837       -0.071808        0.280828

     C    3        0.161281       -0.391151        0.065797
     C    3       -0.391151        0.069750       -0.051003
     C    3        0.065797       -0.051003       -0.231031

     H    4        0.493007        0.215593        0.349835
     H    4        0.215593       -0.293703        0.391522
     H    4        0.349835        0.391522       -0.199304

     C    5       -0.458544       -0.113706        0.423947
     C    5       -0.113706        0.368007       -0.167865
     C    5        0.423947       -0.167865        0.090537

     H    6       -0.015900       -0.174079       -0.074229
     H    6       -0.174079        0.322775        0.317262
     H    6       -0.074229        0.317262       -0.306875

     H    7       -0.518313        0.079568       -0.192335
     H    7        0.079568        0.456675       -0.336429
     H    7       -0.192335       -0.336429        0.061638

     C    8        0.558630       -0.590271        0.540857
     C    8       -0.590271       -0.729418        0.049960
     C    8        0.540857        0.049960        0.170788

     H    9       -0.029099       -0.179669        0.447272
     H    9       -0.179669       -0.231482        0.039317
     H    9        0.447272        0.039317        0.260581

     C   10        0.333627        0.156689       -0.540896
     C   10        0.156689       -0.257436        0.105159
     C   10       -0.540896        0.105159       -0.076192

     C   11        0.016891       -0.008015       -0.098473
     C   11       -0.008015       -0.070571        0.241441
     C   11       -0.098473        0.241441        0.053681

     Cl  12       -0.219513        0.597876       -1.407221
     Cl  12        0.597876       -0.426163        1.764006
     Cl  12       -1.407221        1.764006        0.645677

     H   13       -0.508906        0.098375        0.290344
     H   13        0.098375        0.386633        0.307123
     H   13        0.290344        0.307123        0.122274

     C   14        0.317714       -0.900849       -0.323983
     C   14       -0.900849       -0.174132       -0.297617
     C   14       -0.323983       -0.297617       -0.143582

     H   15        0.468617       -0.113469        0.607434
     H   15       -0.113469       -0.040292        0.141047
     H   15        0.607434        0.141047       -0.428325

     C   16        0.073860        0.088984       -0.076410
     C   16        0.088984       -0.195069        0.311809
     C   16       -0.076410        0.311809        0.121209

     C   17        0.294361       -0.837662       -0.341035
     C   17       -0.837662       -0.200028       -0.254891
     C   17       -0.341035       -0.254891       -0.094333

     Cl  18        0.591558       -0.242392       -2.195808
     Cl  18       -0.242392       -1.457106        0.305073
     Cl  18       -2.195808        0.305073        0.865549

     H   19        0.010656       -0.303131       -0.053494
     H   19       -0.303131        0.461263       -0.521065
     H   19       -0.053494       -0.521065       -0.471919

     C   20       -0.409544       -0.289909       -0.066625
     C   20       -0.289909        0.383350        0.139432
     C   20       -0.066625        0.139432        0.026195

     H   21        0.495889       -0.370048        0.205048
     H   21       -0.370048       -0.584890       -0.198363
     H   21        0.205048       -0.198363        0.089002

     C   22        0.118169       -0.128764        0.061844
     C   22       -0.128764        0.234841        0.210376
     C   22        0.061844        0.210376       -0.353010

     C   23       -0.107069       -0.194740       -0.114409
     C   23       -0.194740        0.263449       -0.366328
     C   23       -0.114409       -0.366328       -0.156379

     Cl  24        0.173256        0.202817        0.723158
     Cl  24        0.202817        0.282282       -1.200883
     Cl  24        0.723158       -1.200883       -0.455538


     NQR/NMR SPECTROSCOPIC PARAMETERS:
     Cl   1    Vxx=   -0.1040    axis=(  0.908440  0.272114 -0.317317)
     Cl   1    Vyy=   -2.4490    axis=( -0.247506 -0.261590 -0.932905)
     Cl   1    Vzz=    2.5530    axis=( -0.336863  0.926026 -0.170290)
     Cl   1  Q=        -8.1650 1e-30 m^2  Cq=       -48.9782 MHz  eta= 0.91851

     C    2    Vxx=    0.2433    axis=(  0.191853  0.855201  0.481481)
     C    2    Vyy=    0.3721    axis=(  0.176591 -0.512668  0.840230)
     C    2    Vzz=   -0.6154    axis=(  0.965406 -0.076176 -0.249378)
     C    2  Q=         1.0000 1e-30 m^2  Cq=        -1.4459 MHz  eta= 0.20936

     C    3    Vxx=   -0.2394    axis=(  0.013285  0.179089  0.983743)
     C    3    Vyy=   -0.2791    axis=( -0.669119 -0.729494  0.141840)
     C    3    Vzz=    0.5185    axis=(  0.743037 -0.660125  0.110141)
     C    3  Q=         1.0000 1e-30 m^2  Cq=         1.2184 MHz  eta= 0.07653

     H    4    Vxx=   -0.1167    axis=(  0.545635 -0.608962 -0.575715)
     H    4    Vyy=   -0.6462    axis=(  0.075602  0.719960 -0.689885)
     H    4    Vzz=    0.7630    axis=(  0.834606  0.332901  0.438874)
     H    4  Q=         1.0000 1e-30 m^2  Cq=         1.7927 MHz  eta= 0.69401

     C    5    Vxx=    0.1416    axis=(  0.343071  0.664505  0.663879)
     C    5    Vyy=    0.5479    axis=( -0.327985  0.747033 -0.578246)
     C    5    Vzz=   -0.6895    axis=(  0.880186  0.019363 -0.474233)
     C    5  Q=         1.0000 1e-30 m^2  Cq=        -1.6200 MHz  eta= 0.58926

     H    6    Vxx=   -0.0825    axis=(  0.943226  0.308221  0.123790)
     H    6    Vyy=   -0.4390    axis=( -0.004167  0.383646 -0.923471)
     H    6    Vzz=    0.5215    axis=( -0.332124  0.870526  0.363149)
     H    6  Q=         1.0000 1e-30 m^2  Cq=         1.2254 MHz  eta= 0.68353

     H    7    Vxx=   -0.0956    axis=( -0.266914  0.529108  0.805482)
     H    7    Vyy=   -0.5768    axis=(  0.953611  0.024261  0.300063)
     H    7    Vzz=    0.6724    axis=(  0.139224  0.848208 -0.511039)
     H    7  Q=         1.0000 1e-30 m^2  Cq=         1.5799 MHz  eta= 0.71559

     C    8    Vxx=   -0.0473    axis=( -0.375391  0.386545  0.842416)
     C    8    Vyy=   -1.0148    axis=(  0.408833  0.884746 -0.223787)
     C    8    Vzz=    1.0621    axis=( -0.831828  0.260400 -0.490158)
     C    8  Q=         1.0000 1e-30 m^2  Cq=         2.4955 MHz  eta= 0.91093

     H    9    Vxx=   -0.1188    axis=( -0.418661  0.810541  0.409568)
     H    9    Vyy=   -0.4739    axis=(  0.682678  0.578315 -0.446658)
     H    9    Vzz=    0.5928    axis=(  0.598894 -0.092605  0.795456)
     H    9  Q=         1.0000 1e-30 m^2  Cq=         1.3927 MHz  eta= 0.59912

     C   10    Vxx=   -0.1575    axis=(  0.235649  0.855169  0.461688)
     C   10    Vyy=   -0.5547    axis=(  0.510584 -0.513162  0.689905)
     C   10    Vzz=    0.7122    axis=( -0.826906 -0.073155  0.557561)
     C   10  Q=         1.0000 1e-30 m^2  Cq=         1.6734 MHz  eta= 0.55775

     C   11    Vxx=   -0.0002    axis=(  0.927770  0.348839  0.132492)
     C   11    Vyy=   -0.2685    axis=( -0.194685  0.755414 -0.625658)
     C   11    Vzz=    0.2687    axis=( -0.318340  0.554672  0.768764)
     C   11  Q=         1.0000 1e-30 m^2  Cq=         0.6312 MHz  eta= 0.99862

     Cl  12    Vxx=    0.2831    axis=(  0.780348  0.625208 -0.013097)
     Cl  12    Vyy=    2.2486    axis=(  0.353726 -0.458578 -0.815220)
     Cl  12    Vzz=   -2.5317    axis=( -0.515688  0.631523 -0.579003)
     Cl  12  Q=        -8.1650 1e-30 m^2  Cq=        48.5690 MHz  eta= 0.77634

     H   13    Vxx=   -0.0193    axis=( -0.303968  0.620563 -0.722844)
     H   13    Vyy=   -0.6226    axis=( -0.928319 -0.022445  0.371106)
     H   13    Vzz=    0.6419    axis=(  0.214071  0.783835  0.582904)
     H   13  Q=         1.0000 1e-30 m^2  Cq=         1.5082 MHz  eta= 0.93987

     C   14    Vxx=    0.0548    axis=( -0.200607 -0.382850  0.901766)
     C   14    Vyy=    1.0112    axis=( -0.802767  0.591846  0.072688)
     C   14    Vzz=   -1.0661    axis=( -0.561536 -0.709326 -0.426068)
     C   14  Q=         1.0000 1e-30 m^2  Cq=        -2.5048 MHz  eta= 0.89710

     H   15    Vxx=    0.0005    axis=(  0.063103 -0.971133 -0.230039)
     H   15    Vyy=    0.7770    axis=(  0.894221 -0.047333  0.445117)
     H   15    Vzz=   -0.7775    axis=( -0.443156 -0.233794  0.865421)
     H   15  Q=         1.0000 1e-30 m^2  Cq=        -1.8268 MHz  eta= 0.99873

     C   16    Vxx=    0.0998    axis=(  0.969325  0.240886 -0.048810)
     C   16    Vyy=    0.3142    axis=( -0.083534  0.509655  0.856314)
     C   16    Vzz=   -0.4141    axis=(  0.231150 -0.825970  0.514143)
     C   16  Q=         1.0000 1e-30 m^2  Cq=        -0.9729 MHz  eta= 0.51785

     C   17    Vxx=    0.0738    axis=( -0.142363 -0.405162  0.903093)
     C   17    Vyy=    0.9361    axis=( -0.811753  0.569868  0.127700)
     C   17    Vzz=   -1.0098    axis=( -0.566383 -0.714908 -0.410020)
     C   17  Q=         1.0000 1e-30 m^2  Cq=        -2.3727 MHz  eta= 0.85388

     Cl  18    Vxx=   -1.4478    axis=( -0.621993 -0.592176 -0.512301)
     Cl  18    Vyy=   -1.5150    axis=(  0.385335 -0.801041  0.458093)
     Cl  18    Vzz=    2.9627    axis=( -0.681646  0.087523  0.726428)
     Cl  18  Q=        -8.1650 1e-30 m^2  Cq=       -56.8388 MHz  eta= 0.02268

     H   19    Vxx=   -0.0342    axis=(  0.917198  0.196843 -0.346412)
     H   19    Vyy=   -0.7466    axis=( -0.235243 -0.434178 -0.869569)
     H   19    Vzz=    0.7808    axis=( -0.321573  0.879057 -0.351922)
     H   19  Q=         1.0000 1e-30 m^2  Cq=         1.8345 MHz  eta= 0.91240

     C   20    Vxx=   -0.0201    axis=(  0.053629 -0.291526  0.955059)
     C   20    Vyy=   -0.5050    axis=( -0.951730 -0.304388 -0.039470)
     C   20    Vzz=    0.5251    axis=(  0.302215 -0.906841 -0.293778)
     C   20  Q=         1.0000 1e-30 m^2  Cq=         1.2339 MHz  eta= 0.92342

     H   21    Vxx=    0.0055    axis=( -0.414447 -0.045621  0.908929)
     H   21    Vyy=    0.7158    axis=( -0.871846  0.306326 -0.382163)
     H   21    Vzz=   -0.7212    axis=( -0.260994 -0.950833 -0.166731)
     H   21  Q=         1.0000 1e-30 m^2  Cq=        -1.6946 MHz  eta= 0.98485

     C   22    Vxx=    0.0872    axis=( -0.887460 -0.354756 -0.294215)
     C   22    Vyy=    0.3511    axis=( -0.425001  0.876873  0.224651)
     C   22    Vzz=   -0.4383    axis=( -0.178293 -0.324410  0.928961)
     C   22  Q=         1.0000 1e-30 m^2  Cq=        -1.0299 MHz  eta= 0.60215

     C   23    Vxx=   -0.0208    axis=(  0.854490 -0.076715 -0.513772)
     C   23    Vyy=   -0.4770    axis=(  0.481731  0.487104  0.728468)
     C   23    Vzz=    0.4978    axis=(  0.194376 -0.869968  0.453181)
     C   23  Q=         1.0000 1e-30 m^2  Cq=         1.1696 MHz  eta= 0.91645

     Cl  24    Vxx=    0.3717    axis=(  0.884105  0.452761  0.115610)
     Cl  24    Vyy=    1.2498    axis=(  0.287178 -0.721618  0.629918)
     Cl  24    Vzz=   -1.6215    axis=(  0.368628 -0.523713 -0.768009)
     Cl  24  Q=        -8.1650 1e-30 m^2  Cq=        31.1083 MHz  eta= 0.54156

     Initialization:
     gipaw_setup  :      8.98s CPU     12.62s WALL (       1 calls)

     Linear response

     Apply operators

     Induced current

     Other routines
     efg          :     12.04s CPU     19.44s WALL (       1 calls)

     General routines
     calbec       :      3.88s CPU      6.19s WALL (      16 calls)
     fft          :      1.54s CPU      2.21s WALL (      15 calls)
     ffts         :      0.06s CPU      0.11s WALL (       2 calls)
     fftw         :      5.12s CPU      8.69s WALL (     672 calls)
     davcio       :      0.01s CPU      0.29s WALL (      32 calls)

     Parallel routines
     fft_scatter  :      3.74s CPU      7.55s WALL (     689 calls)

     Plugins

     GIPAW        :     66.03s CPU     90.36s WALL (       1 calls)
