
     Program QE v.6.0 (svn rev. 13079) starts on  4Jan2017 at  0:35:47 

     This program is part of the open-source Quantum ESPRESSO suite
     for quantum simulation of materials; please cite
         "P. Giannozzi et al., J. Phys.:Condens. Matter 21 395502 (2009);
          URL http://www.quantum-espresso.org", 
     in publications or presentations arising from this work. More details at
     http://www.quantum-espresso.org/quote

     Parallel version (MPI), running on     8 processors
     R & G space division:  proc/nbgrp/npool/nimage =       8

     ***** This is GIPAW svn revision unknown      *****

     Parallelizing q-star over 1 images

     Reading data from directory:
     /users/majewski/paradichlorobenzene/pbe/9_constraint/scratch/pbe.ecut100.np8.dt60.pcl2phi-129368.save
     Message from routine read_xml_file:
     file /users/majewski/paradichlorobenzene/pbe/9_constraint/scratch/pbe.ecut100.np8.dt60.pcl2phi-129368.save not guaranteed to be safe for post-processing

   Info: using nr1, nr2, nr3 values from input

   Info: using nr1, nr2, nr3 values from input

     IMPORTANT: XC functional enforced from input :
     Exchange-correlation      =  SLA  PW   PBX  PBC ( 1  4  3  4 0 0)
     Any further DFT definition will be discarded
     Please, verify this is what you really want

               file C.pbe-n-kjpaw_psl.1.0.0.UPF: wavefunction(s)  2S 2P renormalized
               file Cl.pbe-n-kjpaw_psl.1.0.0.UPF: wavefunction(s)  3S 3P renormalized
               file H.pbe-kjpaw_psl.1.0.0.UPF: wavefunction(s)  1S renormalized

     Parallelization info
     --------------------
     sticks:   dense  smooth     PW     G-vecs:    dense   smooth      PW
     Min        3057    1223    332               144436    36536    5170
     Max        3059    1225    333               144437    36537    5171
     Sum       24467    9791   2657              1155489   292295   41363


     Subspace diagonalization in iterative solution of the eigenvalue problem:
     a serial algorithm will be used

     GIPAW projectors -----------------------------------------------
     atom=  C    l=0  rc=    1.2000  rs=    0.8000
     atom=  C    l=0  rc=    1.2000  rs=    0.8000
     atom=  C    l=1  rc=    1.4000  rs=    0.9333
     atom=  C    l=1  rc=    1.4000  rs=    0.9333
     projs nearly linearly dependent: l=1  n1,n2= 1, 2  s=  0.99951561

     atom=  Cl   l=0  rc=    1.6000  rs=    1.0667
     atom=  Cl   l=0  rc=    1.6000  rs=    1.0667
     atom=  Cl   l=1  rc=    1.6000  rs=    1.0667
     atom=  Cl   l=1  rc=    1.6000  rs=    1.0667
     atom=  Cl   l=2  rc=    1.6000  rs=    1.0667
     atom=  Cl   l=2  rc=    1.6000  rs=    1.0667
     projs nearly linearly dependent: l=2  n1,n2= 1, 2  s=  0.99993509

     atom=  H    l=0  rc=    1.0000  rs=    0.6667
     atom=  H    l=0  rc=    1.0000  rs=    0.6667
     projs nearly linearly dependent: l=0  n1,n2= 1, 2  s=  0.99968852
     -----------------------------------------------------------------

     GIPAW integrals: -------------------------------------------
     Atom  i/j   nmr_para   nmr_dia   epr_rmc  epr_para   epr_dia
       C   1 1   0.83E+03  0.17E-01  0.93E+01  0.24E+08  0.24E+03
       C   2 1   0.86E+03 -0.61E-01  0.94E+01  0.25E+08  0.25E+03
       C   2 2   0.90E+03 -0.15E+00  0.97E+01  0.26E+08  0.26E+03
       C   3 3   0.33E+01  0.34E+00  0.18E+01  0.55E+03  0.21E+02
       C   4 3   0.35E+01  0.37E+00  0.20E+01  0.59E+03  0.22E+02
       C   4 4   0.38E+01  0.39E+00  0.22E+01  0.63E+03  0.24E+02
       Cl  1 1   0.14E+04 -0.47E+00  0.84E+01  0.32E+09  0.42E+03
       Cl  2 1   0.21E+04 -0.37E+00  0.12E+02  0.49E+09  0.65E+03
       Cl  2 2   0.33E+04 -0.16E+00  0.21E+02  0.76E+09  0.10E+04
       Cl  3 3   0.21E+02  0.79E-01  0.89E+01  0.23E+05  0.13E+03
       Cl  4 3   0.24E+02  0.67E-01  0.99E+01  0.27E+05  0.15E+03
       Cl  4 4   0.28E+02  0.44E-01  0.11E+02  0.32E+05  0.18E+03
       Cl  5 5   0.77E+00  0.19E+00  0.18E+01  0.12E+03  0.22E+02
       Cl  6 5   0.80E+00  0.19E+00  0.19E+01  0.12E+03  0.23E+02
       Cl  6 6   0.83E+00  0.20E+00  0.19E+01  0.12E+03  0.23E+02
       H   1 1   0.39E+02  0.19E+00  0.29E+00  0.78E+05  0.13E+02
       H   2 1   0.41E+02  0.21E+00  0.32E+00  0.82E+05  0.14E+02
       H   2 2   0.43E+02  0.22E+00  0.36E+00  0.86E+05  0.15E+02
     ------------------------------------------------------------

     alpha_pv=     34.1647 eV

     Number of occupied bands for each k-point:
     k-point:     1    nbnd_occ=  42
     k-point:     2    nbnd_occ=  42
     k-point:     3    nbnd_occ=  42
     k-point:     4    nbnd_occ=  42
     k-point:     5    nbnd_occ=  42
     k-point:     6    nbnd_occ=  42
     k-point:     7    nbnd_occ=  42
     k-point:     8    nbnd_occ=  42
     k-point:     9    nbnd_occ=  42
     k-point:    10    nbnd_occ=  42
     k-point:    11    nbnd_occ=  42
     k-point:    12    nbnd_occ=  42
     k-point:    13    nbnd_occ=  42
     k-point:    14    nbnd_occ=  42
     k-point:    15    nbnd_occ=  42
     k-point:    16    nbnd_occ=  42


     q-space interpolation up to   110.00 Rydberg

     GIPAW job: efg                                                                             


     ELECTRIC FIELD GRADIENTS TENSORS IN Hartree/bohrradius^2:

     ----- bare term -----
     Cl   1        0.040501        0.038201       -0.017096
     Cl   1        0.038201       -0.046723        0.010314
     Cl   1       -0.017096        0.010314        0.006222

     C    2       -0.797383        0.355426       -0.300096
     C    2        0.355426        0.280004       -0.023758
     C    2       -0.300096       -0.023758        0.517379

     C    3        0.129363        0.301996       -0.013880
     C    3        0.301996       -0.547080       -0.431162
     C    3       -0.013880       -0.431162        0.417716

     H    4       -0.470712       -0.150035       -0.517139
     H    4       -0.150035        0.237461       -0.333340
     H    4       -0.517139       -0.333340        0.233250

     C    5       -0.907451        0.302801       -0.404411
     C    5        0.302801        0.344490       -0.020709
     C    5       -0.404411       -0.020709        0.562961

     H    6        0.425636       -0.031918       -0.178469
     H    6       -0.031918       -0.574551       -0.529768
     H    6       -0.178469       -0.529768        0.148914

     H    7        0.262731        0.337400        0.116913
     H    7        0.337400       -0.537338       -0.198113
     H    7        0.116913       -0.198113        0.274607

     C    8        0.086497        0.141572       -0.021725
     C    8        0.141572       -0.169662       -0.173310
     C    8       -0.021725       -0.173310        0.083165

     H    9       -0.248819        0.389798        0.146954
     H    9        0.389798        0.016531       -0.169591
     H    9        0.146954       -0.169591        0.232288

     C   10        0.067931        0.007960        0.254656
     C   10        0.007960       -0.067491       -0.231641
     C   10        0.254656       -0.231641       -0.000440

     C   11       -0.033869        0.178189       -0.199900
     C   11        0.178189       -0.016329        0.229180
     C   11       -0.199900        0.229180        0.050198

     Cl  12       -0.011300       -0.318751       -0.035550
     Cl  12       -0.318751        0.054704       -0.216958
     Cl  12       -0.035550       -0.216958       -0.043404

     H   13        0.438313       -0.049041       -0.029094
     H   13       -0.049041       -0.039440       -0.527309
     H   13       -0.029094       -0.527309       -0.398873

     C   14        0.176934        0.013271       -0.020349
     C   14        0.013271       -0.226529       -0.228886
     C   14       -0.020349       -0.228886        0.049596

     H   15        0.120367       -0.099280       -0.309878
     H   15       -0.099280        0.325236       -0.322746
     H   15       -0.309878       -0.322746       -0.445603

     C   16       -0.279619        0.325950       -0.184323
     C   16        0.325950        0.369651       -0.157048
     C   16       -0.184323       -0.157048       -0.090032

     C   17        0.259510        0.012669       -0.097071
     C   17        0.012669       -0.522302       -0.467244
     C   17       -0.097071       -0.467244        0.262792

     Cl  18       -0.083636        0.193857       -0.013273
     Cl  18        0.193857       -0.013368       -0.056345
     Cl  18       -0.013273       -0.056345        0.097004

     H   19       -0.032701        0.263329       -0.028868
     H   19        0.263329       -0.330620        0.419317
     H   19       -0.028868        0.419317        0.363321

     C   20       -0.411060       -0.334933       -0.001783
     C   20       -0.334933        0.002871        0.422568
     C   20       -0.001783        0.422568        0.408189

     H   21       -0.652705       -0.082489        0.014288
     H   21       -0.082489        0.339723        0.267936
     H   21        0.014288        0.267936        0.312982

     C   22        0.044956        0.226105       -0.373550
     C   22        0.226105       -0.176629        0.578736
     C   22       -0.373550        0.578736        0.131673

     C   23       -0.471595       -0.364482       -0.321257
     C   23       -0.364482        0.150361        0.347055
     C   23       -0.321257        0.347055        0.321234

     Cl  24       -0.033234        0.109264       -0.023514
     Cl  24        0.109264        0.068245        0.120183
     Cl  24       -0.023514        0.120183       -0.035012

     ----- ionic term -----
     Cl   1        0.119434       -0.216638        0.065431
     Cl   1       -0.216638        0.042852       -0.041124
     Cl   1        0.065431       -0.041124       -0.162286

     C    2        0.049412       -0.245183        0.388227
     C    2       -0.245183        0.157141        0.332234
     C    2        0.388227        0.332234       -0.206553

     C    3        0.096761       -0.239217        0.224612
     C    3       -0.239217        0.212075        0.386032
     C    3        0.224612        0.386032       -0.308836

     H    4        0.459930        0.326375        0.717905
     H    4        0.326375       -0.363715        0.291329
     H    4        0.717905        0.291329       -0.096214

     C    5        0.231466       -0.163758        0.301403
     C    5       -0.163758        0.065002        0.321985
     C    5        0.301403        0.321985       -0.296468

     H    6       -0.515000        0.058201        0.020420
     H    6        0.058201        0.675899        0.697179
     H    6        0.020420        0.697179       -0.160899

     H    7       -0.468167       -0.295748        0.125068
     H    7       -0.295748        0.740336       -0.586008
     H    7        0.125068       -0.586008       -0.272169

     C    8        0.367524        0.030828        0.134755
     C    8        0.030828        0.123532       -0.277375
     C    8        0.134755       -0.277375       -0.491055

     H    9        0.780281       -0.352519        0.526624
     H    9       -0.352519       -0.378866       -0.204268
     H    9        0.526624       -0.204268       -0.401415

     C   10        0.226020        0.129237        0.112157
     C   10        0.129237        0.239205       -0.328280
     C   10        0.112157       -0.328280       -0.465225

     C   11        0.305215        0.053772        0.159192
     C   11        0.053772        0.212142       -0.328033
     C   11        0.159192       -0.328033       -0.517357

     Cl  12        0.145512        0.197562       -0.011899
     Cl  12        0.197562        0.029111       -0.021339
     Cl  12       -0.011899       -0.021339       -0.174623

     H   13       -0.517072        0.119272        0.116360
     H   13        0.119272        0.619637        0.723835
     H   13        0.116360        0.723835       -0.102565

     C   14        0.235539       -0.275601        0.366807
     C   14       -0.275601       -0.014296        0.278323
     C   14        0.366807        0.278323       -0.221243

     H   15        0.498732        0.270149        0.804675
     H   15        0.270149       -0.498574        0.256172
     H   15        0.804675        0.256172       -0.000158

     C   16        0.173972       -0.326720        0.226563
     C   16       -0.326720        0.058605        0.375861
     C   16        0.226563        0.375861       -0.232577

     C   17        0.163922       -0.152667        0.281186
     C   17       -0.152667        0.017226        0.441330
     C   17        0.281186        0.441330       -0.181149

     Cl  18        0.122144       -0.181827        0.003944
     Cl  18       -0.181827        0.001408       -0.004952
     Cl  18        0.003944       -0.004952       -0.123552

     H   19       -0.461507       -0.281813        0.081429
     H   19       -0.281813        0.924275       -0.395971
     H   19        0.081429       -0.395971       -0.462768

     C   20        0.338324        0.026836        0.116964
     C   20        0.026836        0.160519       -0.262972
     C   20        0.116964       -0.262972       -0.498843

     H   21        0.788314       -0.371101        0.435805
     H   21       -0.371101       -0.348546       -0.194326
     H   21        0.435805       -0.194326       -0.439768

     C   22        0.186266        0.106821        0.075025
     C   22        0.106821        0.296847       -0.354745
     C   22        0.075025       -0.354745       -0.483113

     C   23        0.305092        0.000541        0.168160
     C   23        0.000541        0.218907       -0.320082
     C   23        0.168160       -0.320082       -0.524000

     Cl  24        0.145942        0.211045        0.009281
     Cl  24        0.211045       -0.011188       -0.004360
     Cl  24        0.009281       -0.004360       -0.134754

     ----- GIPAW term -----
     Cl   1        0.297069        0.346969       -0.081725
     Cl   1        0.346969        2.201308       -0.010643
     Cl   1       -0.081725       -0.010643       -2.498377

     C    2       -0.157950        0.037046        0.030536
     C    2        0.037046        0.080175        0.182646
     C    2        0.030536        0.182646        0.077775

     C    3       -0.088381        0.062708        0.057226
     C    3        0.062708       -0.002425        0.177957
     C    3        0.057226        0.177957        0.090805

     H    4       -0.000000        0.000000        0.000000
     H    4        0.000000        0.000000        0.000000
     H    4        0.000000        0.000000        0.000000

     C    5       -0.185768        0.064340        0.025716
     C    5        0.064340        0.049545        0.160988
     C    5        0.025716        0.160988        0.136223

     H    6       -0.000000        0.000000        0.000000
     H    6        0.000000        0.000000        0.000000
     H    6        0.000000        0.000000        0.000000

     H    7       -0.000000        0.000000        0.000000
     H    7        0.000000        0.000000        0.000000
     H    7        0.000000        0.000000        0.000000

     C    8        0.022461        0.014262        0.011152
     C    8        0.014262       -0.006798       -0.024319
     C    8        0.011152       -0.024319       -0.015663

     H    9       -0.000000        0.000000        0.000000
     H    9        0.000000        0.000000        0.000000
     H    9        0.000000        0.000000        0.000000

     C   10        0.020224        0.013788        0.024293
     C   10        0.013788        0.004401       -0.038940
     C   10        0.024293       -0.038940       -0.024625

     C   11       -0.006641        0.044706       -0.009547
     C   11        0.044706       -0.014103        0.040068
     C   11       -0.009547        0.040068        0.020744

     Cl  12       -0.761852        0.354837        0.193886
     Cl  12        0.354837       -0.360236        1.191297
     Cl  12        0.193886        1.191297        1.122088

     H   13       -0.000000        0.000000        0.000000
     H   13        0.000000        0.000000        0.000000
     H   13        0.000000        0.000000        0.000000

     C   14       -0.005436       -0.023138        0.001481
     C   14       -0.023138       -0.039472        0.067788
     C   14        0.001481        0.067788        0.044908

     H   15       -0.000000        0.000000        0.000000
     H   15        0.000000        0.000000        0.000000
     H   15        0.000000        0.000000        0.000000

     C   16       -0.012110        0.008517       -0.006207
     C   16        0.008517        0.041747       -0.006243
     C   16       -0.006207       -0.006243       -0.029636

     C   17       -0.033697       -0.039068        0.025048
     C   17       -0.039068       -0.007242        0.120659
     C   17        0.025048        0.120659        0.040939

     Cl  18       -0.865202       -0.386506        0.598592
     Cl  18       -0.386506       -0.229152        1.849600
     Cl  18        0.598592        1.849600        1.094354

     H   19       -0.000000        0.000000        0.000000
     H   19        0.000000        0.000000        0.000000
     H   19        0.000000        0.000000        0.000000

     C   20       -0.065242        0.081154        0.125539
     C   20        0.081154        0.035887        0.182056
     C   20        0.125539        0.182056        0.029355

     H   21       -0.000000        0.000000        0.000000
     H   21        0.000000        0.000000        0.000000
     H   21        0.000000        0.000000        0.000000

     C   22       -0.013894        0.229909       -0.117220
     C   22        0.229909        0.114935       -0.005430
     C   22       -0.117220       -0.005430       -0.101041

     C   23       -0.139335       -0.006829       -0.049853
     C   23       -0.006829        0.191414        0.178894
     C   23       -0.049853        0.178894       -0.052080

     Cl  24        0.566906        2.835415        0.155805
     Cl  24        2.835415        0.989998        1.390896
     Cl  24        0.155805        1.390896       -1.556904

     ----- total EFG -----
     Cl   1        0.457005        0.168531       -0.033391
     Cl   1        0.168531        2.197437       -0.041454
     Cl   1       -0.033391       -0.041454       -2.654441

     C    2       -0.905921        0.147289        0.118668
     C    2        0.147289        0.517320        0.491122
     C    2        0.118668        0.491122        0.388601

     C    3        0.137743        0.125486        0.267957
     C    3        0.125486       -0.337429        0.132827
     C    3        0.267957        0.132827        0.199686

     H    4       -0.010782        0.176340        0.200766
     H    4        0.176340       -0.126254       -0.042011
     H    4        0.200766       -0.042011        0.137036

     C    5       -0.861752        0.203383       -0.077292
     C    5        0.203383        0.459037        0.462263
     C    5       -0.077292        0.462263        0.402715

     H    6       -0.089363        0.026284       -0.158049
     H    6        0.026284        0.101348        0.167412
     H    6       -0.158049        0.167412       -0.011985

     H    7       -0.205436        0.041652        0.241981
     H    7        0.041652        0.202998       -0.784121
     H    7        0.241981       -0.784121        0.002438

     C    8        0.476481        0.186661        0.124182
     C    8        0.186661       -0.052928       -0.475004
     C    8        0.124182       -0.475004       -0.423553

     H    9        0.531463        0.037279        0.673577
     H    9        0.037279       -0.362336       -0.373858
     H    9        0.673577       -0.373858       -0.169127

     C   10        0.314175        0.150984        0.391106
     C   10        0.150984        0.176115       -0.598860
     C   10        0.391106       -0.598860       -0.490290

     C   11        0.264704        0.276667       -0.050255
     C   11        0.276667        0.181710       -0.058785
     C   11       -0.050255       -0.058785       -0.446415

     Cl  12       -0.627639        0.233648        0.146438
     Cl  12        0.233648       -0.276421        0.953000
     Cl  12        0.146438        0.953000        0.904061

     H   13       -0.078759        0.070231        0.087266
     H   13        0.070231        0.580197        0.196526
     H   13        0.087266        0.196526       -0.501438

     C   14        0.407037       -0.285468        0.347940
     C   14       -0.285468       -0.280297        0.117225
     C   14        0.347940        0.117225       -0.126740

     H   15        0.619100        0.170870        0.494798
     H   15        0.170870       -0.173338       -0.066574
     H   15        0.494798       -0.066574       -0.445761

     C   16       -0.117757        0.007747        0.036032
     C   16        0.007747        0.470003        0.212571
     C   16        0.036032        0.212571       -0.352246

     C   17        0.389735       -0.179066        0.209163
     C   17       -0.179066       -0.512318        0.094745
     C   17        0.209163        0.094745        0.122583

     Cl  18       -0.826694       -0.374476        0.589262
     Cl  18       -0.374476       -0.241112        1.788304
     Cl  18        0.589262        1.788304        1.067806

     H   19       -0.494208       -0.018483        0.052561
     H   19       -0.018483        0.593655        0.023346
     H   19        0.052561        0.023346       -0.099447

     C   20       -0.137978       -0.226943        0.240720
     C   20       -0.226943        0.199277        0.341653
     C   20        0.240720        0.341653       -0.061300

     H   21        0.135610       -0.453590        0.450093
     H   21       -0.453590       -0.008823        0.073610
     H   21        0.450093        0.073610       -0.126786

     C   22        0.217328        0.562835       -0.415745
     C   22        0.562835        0.235152        0.218561
     C   22       -0.415745        0.218561       -0.452480

     C   23       -0.305838       -0.370770       -0.202950
     C   23       -0.370770        0.560683        0.205867
     C   23       -0.202950        0.205867       -0.254845

     Cl  24        0.679614        3.155725        0.141573
     Cl  24        3.155725        1.047055        1.506719
     Cl  24        0.141573        1.506719       -1.726669

     ----- total EFG (symmetrized) -----
     Cl   1        0.457005        0.168531       -0.033391
     Cl   1        0.168531        2.197437       -0.041454
     Cl   1       -0.033391       -0.041454       -2.654441

     C    2       -0.905921        0.147289        0.118668
     C    2        0.147289        0.517320        0.491122
     C    2        0.118668        0.491122        0.388601

     C    3        0.137743        0.125486        0.267957
     C    3        0.125486       -0.337429        0.132827
     C    3        0.267957        0.132827        0.199686

     H    4       -0.010782        0.176340        0.200766
     H    4        0.176340       -0.126254       -0.042011
     H    4        0.200766       -0.042011        0.137036

     C    5       -0.861752        0.203383       -0.077292
     C    5        0.203383        0.459037        0.462263
     C    5       -0.077292        0.462263        0.402715

     H    6       -0.089363        0.026284       -0.158049
     H    6        0.026284        0.101348        0.167412
     H    6       -0.158049        0.167412       -0.011985

     H    7       -0.205436        0.041652        0.241981
     H    7        0.041652        0.202998       -0.784121
     H    7        0.241981       -0.784121        0.002438

     C    8        0.476481        0.186661        0.124182
     C    8        0.186661       -0.052928       -0.475004
     C    8        0.124182       -0.475004       -0.423553

     H    9        0.531463        0.037279        0.673577
     H    9        0.037279       -0.362336       -0.373858
     H    9        0.673577       -0.373858       -0.169127

     C   10        0.314175        0.150984        0.391106
     C   10        0.150984        0.176115       -0.598860
     C   10        0.391106       -0.598860       -0.490290

     C   11        0.264704        0.276667       -0.050255
     C   11        0.276667        0.181710       -0.058785
     C   11       -0.050255       -0.058785       -0.446415

     Cl  12       -0.627639        0.233648        0.146438
     Cl  12        0.233648       -0.276421        0.953000
     Cl  12        0.146438        0.953000        0.904061

     H   13       -0.078759        0.070231        0.087266
     H   13        0.070231        0.580197        0.196526
     H   13        0.087266        0.196526       -0.501438

     C   14        0.407037       -0.285468        0.347940
     C   14       -0.285468       -0.280297        0.117225
     C   14        0.347940        0.117225       -0.126740

     H   15        0.619100        0.170870        0.494798
     H   15        0.170870       -0.173338       -0.066574
     H   15        0.494798       -0.066574       -0.445761

     C   16       -0.117757        0.007747        0.036032
     C   16        0.007747        0.470003        0.212571
     C   16        0.036032        0.212571       -0.352246

     C   17        0.389735       -0.179066        0.209163
     C   17       -0.179066       -0.512318        0.094745
     C   17        0.209163        0.094745        0.122583

     Cl  18       -0.826694       -0.374476        0.589262
     Cl  18       -0.374476       -0.241112        1.788304
     Cl  18        0.589262        1.788304        1.067806

     H   19       -0.494208       -0.018483        0.052561
     H   19       -0.018483        0.593655        0.023346
     H   19        0.052561        0.023346       -0.099447

     C   20       -0.137978       -0.226943        0.240720
     C   20       -0.226943        0.199277        0.341653
     C   20        0.240720        0.341653       -0.061300

     H   21        0.135610       -0.453590        0.450093
     H   21       -0.453590       -0.008823        0.073610
     H   21        0.450093        0.073610       -0.126786

     C   22        0.217328        0.562835       -0.415745
     C   22        0.562835        0.235152        0.218561
     C   22       -0.415745        0.218561       -0.452480

     C   23       -0.305838       -0.370770       -0.202950
     C   23       -0.370770        0.560683        0.205867
     C   23       -0.202950        0.205867       -0.254845

     Cl  24        0.679614        3.155725        0.141573
     Cl  24        3.155725        1.047055        1.506719
     Cl  24        0.141573        1.506719       -1.726669


     NQR/NMR SPECTROSCOPIC PARAMETERS:
     Cl   1    Vxx=    0.4411    axis=(  0.995362 -0.095735 -0.009455)
     Cl   1    Vyy=    2.2140    axis=(  0.095649  0.995373 -0.009131)
     Cl   1    Vzz=   -2.6551    axis=(  0.010285  0.008185  0.999914)
     Cl   1  Q=        -8.1650 1e-30 m^2  Cq=        50.9372 MHz  eta= 0.66773

     C    2    Vxx=   -0.0423    axis=( -0.008838 -0.658276  0.752725)
     C    2    Vyy=   -0.9251    axis=( -0.994910  0.081350  0.059461)
     C    2    Vzz=    0.9673    axis=( -0.100375 -0.748368 -0.655645)
     C    2  Q=         1.0000 1e-30 m^2  Cq=         2.2729 MHz  eta= 0.91256

     C    3    Vxx=   -0.1009    axis=(  0.742449  0.017832 -0.669665)
     C    3    Vyy=   -0.3784    axis=( -0.159128  0.975728 -0.150441)
     C    3    Vzz=    0.4793    axis=(  0.650729  0.218257  0.727266)
     C    3  Q=         1.0000 1e-30 m^2  Cq=         1.1262 MHz  eta= 0.57884

     H    4    Vxx=    0.0215    axis=(  0.459527  0.702683 -0.543205)
     H    4    Vyy=    0.2896    axis=( -0.618904 -0.185320 -0.763292)
     H    4    Vzz=   -0.3112    axis=( -0.637019  0.686945  0.349733)
     H    4  Q=         1.0000 1e-30 m^2  Cq=        -0.7311 MHz  eta= 0.86154

     C    5    Vxx=    0.0111    axis=( -0.216256 -0.651890  0.726823)
     C    5    Vyy=    0.8993    axis=( -0.055237 -0.735078 -0.675729)
     C    5    Vzz=   -0.9104    axis=( -0.974773  0.186278 -0.122956)
     C    5  Q=         1.0000 1e-30 m^2  Cq=        -2.1390 MHz  eta= 0.97560

     H    6    Vxx=    0.0208    axis=( -0.705625 -0.588925  0.394031)
     H    6    Vyy=    0.2397    axis=(  0.249288 -0.726856 -0.639949)
     H    6    Vzz=   -0.2606    axis=( -0.663286  0.353337 -0.659700)
     H    6  Q=         1.0000 1e-30 m^2  Cq=        -0.6122 MHz  eta= 0.84011

     H    7    Vxx=   -0.1414    axis=( -0.927689 -0.321193 -0.190337)
     H    7    Vyy=   -0.7671    axis=( -0.354367  0.596986  0.719744)
     H    7    Vzz=    0.9085    axis=(  0.117548 -0.735148  0.667638)
     H    7  Q=         1.0000 1e-30 m^2  Cq=         2.1345 MHz  eta= 0.68877

     C    8    Vxx=    0.2459    axis=( -0.292663  0.753372 -0.588880)
     C    8    Vyy=    0.5368    axis=( -0.942099 -0.332607  0.042692)
     C    8    Vzz=   -0.7826    axis=( -0.163702  0.567277  0.807092)
     C    8  Q=         1.0000 1e-30 m^2  Cq=        -1.8388 MHz  eta= 0.37171

     H    9    Vxx=   -0.1303    axis=(  0.413426  0.791567 -0.450001)
     H    9    Vyy=   -0.8311    axis=( -0.368464  0.597382  0.712298)
     H    9    Vzz=    0.9614    axis=(  0.832654 -0.128673  0.538637)
     H    9  Q=         1.0000 1e-30 m^2  Cq=         2.2590 MHz  eta= 0.72889

     C   10    Vxx=    0.4111    axis=(  0.831363  0.555665 -0.008448)
     C   10    Vyy=    0.5643    axis=( -0.463842  0.685448 -0.561259)
     C   10    Vzz=   -0.9754    axis=( -0.306081  0.470528  0.827597)
     C   10  Q=         1.0000 1e-30 m^2  Cq=        -2.2918 MHz  eta= 0.15705

     C   11    Vxx=   -0.0562    axis=(  0.655311 -0.754790  0.029311)
     C   11    Vyy=   -0.4529    axis=( -0.041104 -0.074379 -0.996383)
     C   11    Vzz=    0.5091    axis=(  0.754240  0.651736 -0.079766)
     C   11  Q=         1.0000 1e-30 m^2  Cq=         1.1961 MHz  eta= 0.77917

     Cl  12    Vxx=   -0.5792    axis=(  0.859357  0.387430 -0.333772)
     Cl  12    Vyy=   -0.8837    axis=( -0.498223  0.781404 -0.375742)
     Cl  12    Vzz=    1.4628    axis=(  0.115236  0.489189  0.864531)
     Cl  12  Q=        -8.1650 1e-30 m^2  Cq=       -28.0636 MHz  eta= 0.20814

     H   13    Vxx=   -0.0772    axis=(  0.980258 -0.144934  0.134490)
     H   13    Vyy=   -0.5478    axis=( -0.157354 -0.159986  0.974497)
     H   13    Vzz=    0.6250    axis=( -0.119721 -0.976421 -0.179634)
     H   13  Q=         1.0000 1e-30 m^2  Cq=         1.4684 MHz  eta= 0.75304

     C   14    Vxx=   -0.0881    axis=( -0.139815  0.658642  0.739353)
     C   14    Vyy=   -0.5396    axis=(  0.420767  0.715437 -0.557768)
     C   14    Vzz=    0.6277    axis=(  0.896330 -0.233111  0.377164)
     C   14  Q=         1.0000 1e-30 m^2  Cq=         1.4748 MHz  eta= 0.71926

     H   15    Vxx=   -0.1597    axis=( -0.032692  0.959478 -0.279881)
     H   15    Vyy=   -0.6720    axis=( -0.375114  0.247781  0.893249)
     H   15    Vzz=    0.8318    axis=(  0.926402  0.134189  0.351814)
     H   15  Q=         1.0000 1e-30 m^2  Cq=         1.9543 MHz  eta= 0.61590

     C   16    Vxx=   -0.1144    axis=(  0.993188 -0.051236  0.104654)
     C   16    Vyy=   -0.4077    axis=( -0.113785 -0.232895  0.965822)
     C   16    Vzz=    0.5221    axis=( -0.025112 -0.971151 -0.237138)
     C   16  Q=         1.0000 1e-30 m^2  Cq=         1.2267 MHz  eta= 0.56193

     C   17    Vxx=    0.0560    axis=( -0.401785  0.272361  0.874293)
     C   17    Vyy=    0.5171    axis=(  0.888826 -0.113753  0.443901)
     C   17    Vzz=   -0.5731    axis=(  0.220355  0.955447 -0.196377)
     C   17  Q=         1.0000 1e-30 m^2  Cq=        -1.3465 MHz  eta= 0.80465

     Cl  18    Vxx=   -0.4526    axis=(  0.846760 -0.477827  0.233836)
     Cl  18    Vyy=   -1.8886    axis=(  0.524746  0.678013 -0.514723)
     Cl  18    Vzz=    2.3412    axis=(  0.087405  0.558551  0.824852)
     Cl  18  Q=        -8.1650 1e-30 m^2  Cq=       -44.9148 MHz  eta= 0.61332

     H   19    Vxx=   -0.0932    axis=(  0.131267 -0.030148  0.990889)
     H   19    Vyy=   -0.5015    axis=(  0.991227  0.019516 -0.130718)
     H   19    Vzz=    0.5947    axis=( -0.015397  0.999355  0.032445)
     H   19  Q=         1.0000 1e-30 m^2  Cq=         1.3973 MHz  eta= 0.68658

     C   20    Vxx=    0.1143    axis=(  0.776672 -0.250108  0.578123)
     C   20    Vyy=    0.4405    axis=( -0.115187  0.845926  0.520712)
     C   20    Vzz=   -0.5548    axis=(  0.619284  0.471015 -0.628198)
     C   20  Q=         1.0000 1e-30 m^2  Cq=        -1.3035 MHz  eta= 0.58799

     H   21    Vxx=    0.0064    axis=( -0.088674 -0.714203 -0.694299)
     H   21    Vyy=    0.6533    axis=( -0.775718  0.486766 -0.401648)
     H   21    Vzz=   -0.6597    axis=(  0.624819  0.502965 -0.597183)
     H   21  Q=         1.0000 1e-30 m^2  Cq=        -1.5500 MHz  eta= 0.98054

     C   22    Vxx=    0.0481    axis=( -0.454665  0.613604  0.645577)
     C   22    Vyy=    0.8062    axis=( -0.730082 -0.671929  0.124471)
     C   22    Vzz=   -0.8543    axis=(  0.510157 -0.414732  0.753483)
     C   22  Q=         1.0000 1e-30 m^2  Cq=        -2.0072 MHz  eta= 0.88749

     C   23    Vxx=   -0.2532    axis=( -0.406207 -0.393662  0.824637)
     C   23    Vyy=   -0.5133    axis=( -0.840500 -0.193136 -0.506219)
     C   23    Vzz=    0.7664    axis=( -0.358546  0.898737  0.252420)
     C   23  Q=         1.0000 1e-30 m^2  Cq=         1.8008 MHz  eta= 0.33940

     Cl  24    Vxx=   -1.2054    axis=( -0.582253  0.314151  0.749861)
     Cl  24    Vyy=   -3.0619    axis=( -0.486169  0.604712 -0.630843)
     Cl  24    Vzz=    4.2672    axis=(  0.651630  0.731869  0.199365)
     Cl  24  Q=        -8.1650 1e-30 m^2  Cq=       -81.8648 MHz  eta= 0.43506

     Initialization:
     gipaw_setup  :      8.84s CPU     10.71s WALL (       1 calls)

     Linear response

     Apply operators

     Induced current

     Other routines
     efg          :      9.32s CPU     11.37s WALL (       1 calls)

     General routines
     calbec       :      3.24s CPU      3.99s WALL (      16 calls)
     fft          :      1.67s CPU      2.62s WALL (      15 calls)
     ffts         :      0.03s CPU      0.04s WALL (       2 calls)
     fftw         :      3.34s CPU      3.91s WALL (     672 calls)
     davcio       :      0.03s CPU      0.35s WALL (      32 calls)

     Parallel routines
     fft_scatter  :      2.31s CPU      3.64s WALL (     689 calls)

     Plugins

     GIPAW        :     60.30s CPU     74.94s WALL (       1 calls)
