
     Program QE v.6.0 (svn rev. 13079) starts on 17Dec2016 at 22:12:37 

     This program is part of the open-source Quantum ESPRESSO suite
     for quantum simulation of materials; please cite
         "P. Giannozzi et al., J. Phys.:Condens. Matter 21 395502 (2009);
          URL http://www.quantum-espresso.org", 
     in publications or presentations arising from this work. More details at
     http://www.quantum-espresso.org/quote

     Parallel version (MPI), running on     8 processors
     R & G space division:  proc/nbgrp/npool/nimage =       8

     ***** This is GIPAW svn revision unknown      *****

     Parallelizing q-star over 1 images

     Reading data from directory:
     /users/majewski/paradichlorobenzene/pbe/9_constraint/scratch/pbe.ecut100.np8.dt60.pcl2phi-129368.save
     Message from routine read_xml_file:
     file /users/majewski/paradichlorobenzene/pbe/9_constraint/scratch/pbe.ecut100.np8.dt60.pcl2phi-129368.save not guaranteed to be safe for post-processing

   Info: using nr1, nr2, nr3 values from input

   Info: using nr1, nr2, nr3 values from input

     IMPORTANT: XC functional enforced from input :
     Exchange-correlation      =  SLA  PW   PBX  PBC ( 1  4  3  4 0 0)
     Any further DFT definition will be discarded
     Please, verify this is what you really want

               file C.pbe-n-kjpaw_psl.1.0.0.UPF: wavefunction(s)  2S 2P renormalized
               file Cl.pbe-n-kjpaw_psl.1.0.0.UPF: wavefunction(s)  3S 3P renormalized
               file H.pbe-kjpaw_psl.1.0.0.UPF: wavefunction(s)  1S renormalized

     Parallelization info
     --------------------
     sticks:   dense  smooth     PW     G-vecs:    dense   smooth      PW
     Min        3057    1223    332               144436    36536    5170
     Max        3059    1225    333               144437    36537    5171
     Sum       24467    9791   2657              1155489   292295   41363


     Subspace diagonalization in iterative solution of the eigenvalue problem:
     a serial algorithm will be used

     GIPAW projectors -----------------------------------------------
     atom=  C    l=0  rc=    1.2000  rs=    0.8000
     atom=  C    l=0  rc=    1.2000  rs=    0.8000
     atom=  C    l=1  rc=    1.4000  rs=    0.9333
     atom=  C    l=1  rc=    1.4000  rs=    0.9333
     projs nearly linearly dependent: l=1  n1,n2= 1, 2  s=  0.99951561

     atom=  Cl   l=0  rc=    1.6000  rs=    1.0667
     atom=  Cl   l=0  rc=    1.6000  rs=    1.0667
     atom=  Cl   l=1  rc=    1.6000  rs=    1.0667
     atom=  Cl   l=1  rc=    1.6000  rs=    1.0667
     atom=  Cl   l=2  rc=    1.6000  rs=    1.0667
     atom=  Cl   l=2  rc=    1.6000  rs=    1.0667
     projs nearly linearly dependent: l=2  n1,n2= 1, 2  s=  0.99993509

     atom=  H    l=0  rc=    1.0000  rs=    0.6667
     atom=  H    l=0  rc=    1.0000  rs=    0.6667
     projs nearly linearly dependent: l=0  n1,n2= 1, 2  s=  0.99968852
     -----------------------------------------------------------------

     GIPAW integrals: -------------------------------------------
     Atom  i/j   nmr_para   nmr_dia   epr_rmc  epr_para   epr_dia
       C   1 1   0.83E+03  0.17E-01  0.93E+01  0.24E+08  0.24E+03
       C   2 1   0.86E+03 -0.61E-01  0.94E+01  0.25E+08  0.25E+03
       C   2 2   0.90E+03 -0.15E+00  0.97E+01  0.26E+08  0.26E+03
       C   3 3   0.33E+01  0.34E+00  0.18E+01  0.55E+03  0.21E+02
       C   4 3   0.35E+01  0.37E+00  0.20E+01  0.59E+03  0.22E+02
       C   4 4   0.38E+01  0.39E+00  0.22E+01  0.63E+03  0.24E+02
       Cl  1 1   0.14E+04 -0.47E+00  0.84E+01  0.32E+09  0.42E+03
       Cl  2 1   0.21E+04 -0.37E+00  0.12E+02  0.49E+09  0.65E+03
       Cl  2 2   0.33E+04 -0.16E+00  0.21E+02  0.76E+09  0.10E+04
       Cl  3 3   0.21E+02  0.79E-01  0.89E+01  0.23E+05  0.13E+03
       Cl  4 3   0.24E+02  0.67E-01  0.99E+01  0.27E+05  0.15E+03
       Cl  4 4   0.28E+02  0.44E-01  0.11E+02  0.32E+05  0.18E+03
       Cl  5 5   0.77E+00  0.19E+00  0.18E+01  0.12E+03  0.22E+02
       Cl  6 5   0.80E+00  0.19E+00  0.19E+01  0.12E+03  0.23E+02
       Cl  6 6   0.83E+00  0.20E+00  0.19E+01  0.12E+03  0.23E+02
       H   1 1   0.39E+02  0.19E+00  0.29E+00  0.78E+05  0.13E+02
       H   2 1   0.41E+02  0.21E+00  0.32E+00  0.82E+05  0.14E+02
       H   2 2   0.43E+02  0.22E+00  0.36E+00  0.86E+05  0.15E+02
     ------------------------------------------------------------

     alpha_pv=     33.7624 eV

     Number of occupied bands for each k-point:
     k-point:     1    nbnd_occ=  42
     k-point:     2    nbnd_occ=  42
     k-point:     3    nbnd_occ=  42
     k-point:     4    nbnd_occ=  42
     k-point:     5    nbnd_occ=  42
     k-point:     6    nbnd_occ=  42
     k-point:     7    nbnd_occ=  42
     k-point:     8    nbnd_occ=  42
     k-point:     9    nbnd_occ=  42
     k-point:    10    nbnd_occ=  42
     k-point:    11    nbnd_occ=  42
     k-point:    12    nbnd_occ=  42
     k-point:    13    nbnd_occ=  42
     k-point:    14    nbnd_occ=  42
     k-point:    15    nbnd_occ=  42
     k-point:    16    nbnd_occ=  42


     q-space interpolation up to   110.00 Rydberg

     GIPAW job: efg                                                                             


     ELECTRIC FIELD GRADIENTS TENSORS IN Hartree/bohrradius^2:

     ----- bare term -----
     Cl   1       -0.021595        0.044623       -0.046081
     Cl   1        0.044623        0.070977       -0.060061
     Cl   1       -0.046081       -0.060061       -0.049382

     C    2       -0.185066        0.355051       -0.088549
     C    2        0.355051       -0.220176       -0.417511
     C    2       -0.088549       -0.417511        0.405242

     C    3       -0.120246        0.177391       -0.215573
     C    3        0.177391       -0.099675       -0.601051
     C    3       -0.215573       -0.601051        0.219921

     H    4        0.083575       -0.072696       -0.435904
     H    4       -0.072696        0.378773        0.165107
     H    4       -0.435904        0.165107       -0.462349

     C    5       -0.555489        0.286928       -0.207860
     C    5        0.286928        0.320692       -0.110202
     C    5       -0.207860       -0.110202        0.234797

     H    6        0.356352       -0.067788        0.316365
     H    6       -0.067788        0.093158       -0.206720
     H    6        0.316365       -0.206720       -0.449510

     H    7        0.425884        0.282620        0.038359
     H    7        0.282620       -0.771433       -0.015633
     H    7        0.038359       -0.015633        0.345548

     C    8       -0.179785       -0.155560       -0.237142
     C    8       -0.155560        0.018362        0.517630
     C    8       -0.237142        0.517630        0.161423

     H    9       -0.230975        0.387722       -0.440254
     H    9        0.387722        0.029183        0.317068
     H    9       -0.440254        0.317068        0.201792

     C   10       -0.677798       -0.376669       -0.263679
     C   10       -0.376669        0.330620        0.216991
     C   10       -0.263679        0.216991        0.347178

     C   11        0.012747       -0.355683       -0.155738
     C   11       -0.355683       -0.127508        0.587955
     C   11       -0.155738        0.587955        0.114760

     Cl  12       -0.064467       -0.136016        0.097820
     Cl  12       -0.136016        0.008306       -0.142302
     Cl  12        0.097820       -0.142302        0.056161

     H   13        0.127163        0.148826        0.366809
     H   13        0.148826        0.015352       -0.474420
     H   13        0.366809       -0.474420       -0.142515

     C   14       -0.008895       -0.345685       -0.538192
     C   14       -0.345685       -0.089885       -0.486482
     C   14       -0.538192       -0.486482        0.098780

     H   15       -0.003898       -0.173414       -0.367743
     H   15       -0.173414       -0.040242       -0.522302
     H   15       -0.367743       -0.522302        0.044140

     C   16       -0.674889        0.337062       -0.352359
     C   16        0.337062        0.254665       -0.038847
     C   16       -0.352359       -0.038847        0.420224

     C   17        0.099844        0.023353       -0.200531
     C   17        0.023353       -0.026457       -0.615274
     C   17       -0.200531       -0.615274       -0.073386

     Cl  18       -0.164166        0.259539       -0.001764
     Cl  18        0.259539       -0.009363       -0.003292
     Cl  18       -0.001764       -0.003292        0.173529

     H   19        0.371903        0.053334        0.310245
     H   19        0.053334        0.109832        0.202523
     H   19        0.310245        0.202523       -0.481735

     C   20       -0.353188       -0.190369       -0.303869
     C   20       -0.190369        0.279587        0.085956
     C   20       -0.303869        0.085956        0.073601

     H   21        0.134829        0.090143       -0.268989
     H   21        0.090143        0.447576       -0.093970
     H   21       -0.268989       -0.093970       -0.582405

     C   22        0.042073       -0.289360       -0.090595
     C   22       -0.289360       -0.144632        0.266213
     C   22       -0.090595        0.266213        0.102560

     C   23       -0.295100       -0.219501       -0.439822
     C   23       -0.219501       -0.017941        0.492822
     C   23       -0.439822        0.492822        0.313041

     Cl  24       -0.072325        0.041618       -0.039470
     Cl  24        0.041618       -0.031180        0.110320
     Cl  24       -0.039470        0.110320        0.103505

     ----- ionic term -----
     Cl   1        0.198469       -0.205827       -0.038264
     Cl   1       -0.205827       -0.075999        0.005618
     Cl   1       -0.038264        0.005618       -0.122470

     C    2        0.221434       -0.220320        0.160080
     C    2       -0.220320       -0.108528        0.469306
     C    2        0.160080        0.469306       -0.112906

     C    3        0.216382       -0.337636        0.141551
     C    3       -0.337636       -0.045353        0.408343
     C    3        0.141551        0.408343       -0.171029

     H    4        0.386817        0.281079        0.753160
     H    4        0.281079       -0.478733        0.292759
     H    4        0.753160        0.292759        0.091916

     C    5        0.312590       -0.288667        0.236868
     C    5       -0.288667       -0.113143        0.312532
     C    5        0.236868        0.312532       -0.199447

     H    6       -0.503291       -0.153131       -0.088675
     H    6       -0.153131        0.457184        0.768066
     H    6       -0.088675        0.768066        0.046107

     H    7       -0.497468       -0.135615        0.060807
     H    7       -0.135615        0.826650       -0.579248
     H    7        0.060807       -0.579248       -0.329182

     C    8        0.277893        0.178716        0.270717
     C    8        0.178716        0.096825       -0.269045
     C    8        0.270717       -0.269045       -0.374718

     H    9        0.541499       -0.220677        0.706031
     H    9       -0.220677       -0.476632       -0.215697
     H    9        0.706031       -0.215697       -0.064866

     C   10        0.205193        0.311757        0.212927
     C   10        0.311757        0.126871       -0.303036
     C   10        0.212927       -0.303036       -0.332063

     C   11        0.154402        0.251867        0.359957
     C   11        0.251867        0.056944       -0.279152
     C   11        0.359957       -0.279152       -0.211346

     Cl  12        0.113063        0.216060        0.050799
     Cl  12        0.216060        0.036028        0.036995
     Cl  12        0.050799        0.036995       -0.149091

     H   13       -0.502909       -0.038487       -0.022333
     H   13       -0.038487        0.348516        0.790808
     H   13       -0.022333        0.790808        0.154393

     C   14        0.289597       -0.163057        0.270989
     C   14       -0.163057       -0.147944        0.336035
     C   14        0.270989        0.336035       -0.141653

     H   15        0.551345        0.308996        0.708436
     H   15        0.308996       -0.459783        0.273376
     H   15        0.708436        0.273376       -0.091561

     C   16        0.212734       -0.240431        0.170797
     C   16       -0.240431       -0.025159        0.406642
     C   16        0.170797        0.406642       -0.187575

     C   17        0.147396       -0.235119        0.293917
     C   17       -0.235119       -0.024300        0.394832
     C   17        0.293917        0.394832       -0.123096

     Cl  18        0.137493       -0.202200        0.056796
     Cl  18       -0.202200       -0.000048       -0.030364
     Cl  18        0.056796       -0.030364       -0.137445

     H   19       -0.523021        0.007537        0.034314
     H   19        0.007537        0.435557       -0.784507
     H   19        0.034314       -0.784507        0.087464

     C   20        0.251487        0.267490        0.351134
     C   20        0.267490       -0.089480       -0.276834
     C   20        0.351134       -0.276834       -0.162006

     H   21        0.364008       -0.286884        0.768954
     H   21       -0.286884       -0.432635       -0.311374
     H   21        0.768954       -0.311374        0.068627

     C   22        0.146448        0.300183        0.207248
     C   22        0.300183        0.022430       -0.380371
     C   22        0.207248       -0.380371       -0.168878

     C   23        0.202315        0.196852        0.219454
     C   23        0.196852       -0.000753       -0.408985
     C   23        0.219454       -0.408985       -0.201562

     Cl  24        0.163419        0.225375        0.022681
     Cl  24        0.225375       -0.032406        0.007788
     Cl  24        0.022681        0.007788       -0.131014

     ----- GIPAW term -----
     Cl   1        2.259356       -0.176419       -1.525643
     Cl   1       -0.176419       -0.366418       -0.879973
     Cl   1       -1.525643       -0.879973       -1.892938

     C    2        0.127784       -0.162929        0.070718
     C    2       -0.162929       -0.047440       -0.096168
     C    2        0.070718       -0.096168       -0.080343

     C    3       -0.137088        0.033442       -0.064501
     C    3        0.033442        0.062248       -0.245661
     C    3       -0.064501       -0.245661        0.074840

     H    4       -0.000000        0.000000        0.000000
     H    4        0.000000        0.000000        0.000000
     H    4        0.000000        0.000000        0.000000

     C    5       -0.120502        0.052847       -0.024124
     C    5        0.052847        0.141401       -0.078786
     C    5       -0.024124       -0.078786       -0.020899

     H    6       -0.000000        0.000000        0.000000
     H    6        0.000000        0.000000        0.000000
     H    6        0.000000        0.000000        0.000000

     H    7       -0.000000        0.000000        0.000000
     H    7        0.000000        0.000000        0.000000
     H    7        0.000000        0.000000        0.000000

     C    8       -0.099687       -0.085995       -0.039773
     C    8       -0.085995        0.202437        0.189287
     C    8       -0.039773        0.189287       -0.102750

     H    9       -0.000000        0.000000        0.000000
     H    9        0.000000        0.000000        0.000000
     H    9        0.000000        0.000000        0.000000

     C   10       -0.233172       -0.086460       -0.054161
     C   10       -0.086460        0.314942        0.036434
     C   10       -0.054161        0.036434       -0.081770

     C   11        0.092301       -0.121343       -0.030093
     C   11       -0.121343        0.081883        0.094414
     C   11       -0.030093        0.094414       -0.174184

     Cl  12        0.776361        0.656090        1.226932
     Cl  12        0.656090        0.066532       -1.512247
     Cl  12        1.226932       -1.512247       -0.842893

     H   13       -0.000000        0.000000        0.000000
     H   13        0.000000        0.000000        0.000000
     H   13        0.000000        0.000000        0.000000

     C   14        0.164147       -0.215118       -0.149459
     C   14       -0.215118       -0.070262       -0.029741
     C   14       -0.149459       -0.029741       -0.093885

     H   15       -0.000000        0.000000        0.000000
     H   15        0.000000        0.000000        0.000000
     H   15        0.000000        0.000000        0.000000

     C   16       -0.165500       -0.099874       -0.108271
     C   16       -0.099874        0.196998        0.142041
     C   16       -0.108271        0.142041       -0.031498

     C   17       -0.048762       -0.000710       -0.015236
     C   17       -0.000710        0.242527       -0.025785
     C   17       -0.015236       -0.025785       -0.193764

     Cl  18       -0.871076        0.246325        0.472238
     Cl  18        0.246325        1.679773        1.867991
     Cl  18        0.472238        1.867991       -0.808697

     H   19       -0.000000        0.000000        0.000000
     H   19        0.000000        0.000000        0.000000
     H   19        0.000000        0.000000        0.000000

     C   20       -0.020740       -0.091699       -0.069540
     C   20       -0.091699        0.055972        0.051801
     C   20       -0.069540        0.051801       -0.035232

     H   21       -0.000000        0.000000        0.000000
     H   21        0.000000        0.000000        0.000000
     H   21        0.000000        0.000000        0.000000

     C   22       -0.019429       -0.070566       -0.074587
     C   22       -0.070566       -0.015564        0.092249
     C   22       -0.074587        0.092249        0.034993

     C   23       -0.058492        0.005766       -0.122182
     C   23        0.005766        0.071405        0.198586
     C   23       -0.122182        0.198586       -0.012913

     Cl  24        0.568008        2.330934       -0.165352
     Cl  24        2.330934       -0.111130        1.065039
     Cl  24       -0.165352        1.065039       -0.456879

     ----- total EFG -----
     Cl   1        2.436229       -0.337623       -1.609988
     Cl   1       -0.337623       -0.371440       -0.934416
     Cl   1       -1.609988       -0.934416       -2.064789

     C    2        0.164152       -0.028198        0.142250
     C    2       -0.028198       -0.376145       -0.044374
     C    2        0.142250       -0.044374        0.211993

     C    3       -0.040952       -0.126802       -0.138524
     C    3       -0.126802       -0.082780       -0.438368
     C    3       -0.138524       -0.438368        0.123732

     H    4        0.470392        0.208383        0.317256
     H    4        0.208383       -0.099960        0.457866
     H    4        0.317256        0.457866       -0.370432

     C    5       -0.363401        0.051109        0.004884
     C    5        0.051109        0.348950        0.123544
     C    5        0.004884        0.123544        0.014451

     H    6       -0.146940       -0.220919        0.227690
     H    6       -0.220919        0.550343        0.561345
     H    6        0.227690        0.561345       -0.403403

     H    7       -0.071584        0.147005        0.099166
     H    7        0.147005        0.055217       -0.594881
     H    7        0.099166       -0.594881        0.016367

     C    8       -0.001579       -0.062839       -0.006198
     C    8       -0.062839        0.317624        0.437872
     C    8       -0.006198        0.437872       -0.316046

     H    9        0.310524        0.167046        0.265776
     H    9        0.167046       -0.447449        0.101371
     H    9        0.265776        0.101371        0.136925

     C   10       -0.705777       -0.151371       -0.104913
     C   10       -0.151371        0.772433       -0.049611
     C   10       -0.104913       -0.049611       -0.066656

     C   11        0.259451       -0.225159        0.174126
     C   11       -0.225159        0.011319        0.403216
     C   11        0.174126        0.403216       -0.270770

     Cl  12        0.824957        0.736134        1.375551
     Cl  12        0.736134        0.110866       -1.617553
     Cl  12        1.375551       -1.617553       -0.935823

     H   13       -0.375746        0.110339        0.344476
     H   13        0.110339        0.363869        0.316389
     H   13        0.344476        0.316389        0.011877

     C   14        0.444849       -0.723860       -0.416663
     C   14       -0.723860       -0.308091       -0.180188
     C   14       -0.416663       -0.180188       -0.136758

     H   15        0.547446        0.135582        0.340692
     H   15        0.135582       -0.500025       -0.248926
     H   15        0.340692       -0.248926       -0.047421

     C   16       -0.627655       -0.003243       -0.289834
     C   16       -0.003243        0.426504        0.509836
     C   16       -0.289834        0.509836        0.201151

     C   17        0.198477       -0.212476        0.078151
     C   17       -0.212476        0.191770       -0.246227
     C   17        0.078151       -0.246227       -0.390247

     Cl  18       -0.897749        0.303663        0.527270
     Cl  18        0.303663        1.670362        1.834335
     Cl  18        0.527270        1.834335       -0.772613

     H   19       -0.151118        0.060871        0.344558
     H   19        0.060871        0.545389       -0.581983
     H   19        0.344558       -0.581983       -0.394271

     C   20       -0.122442       -0.014579       -0.022275
     C   20       -0.014579        0.246079       -0.139076
     C   20       -0.022275       -0.139076       -0.123637

     H   21        0.498837       -0.196741        0.499965
     H   21       -0.196741        0.014941       -0.405344
     H   21        0.499965       -0.405344       -0.513778

     C   22        0.169092       -0.059743        0.042066
     C   22       -0.059743       -0.137767       -0.021910
     C   22        0.042066       -0.021910       -0.031325

     C   23       -0.151277       -0.016882       -0.342551
     C   23       -0.016882        0.052710        0.282423
     C   23       -0.342551        0.282423        0.098567

     Cl  24        0.659103        2.597927       -0.182141
     Cl  24        2.597927       -0.174715        1.183147
     Cl  24       -0.182141        1.183147       -0.484388

     ----- total EFG (symmetrized) -----
     Cl   1        2.436229       -0.337623       -1.609988
     Cl   1       -0.337623       -0.371440       -0.934416
     Cl   1       -1.609988       -0.934416       -2.064789

     C    2        0.164152       -0.028198        0.142250
     C    2       -0.028198       -0.376145       -0.044374
     C    2        0.142250       -0.044374        0.211993

     C    3       -0.040952       -0.126802       -0.138524
     C    3       -0.126802       -0.082780       -0.438368
     C    3       -0.138524       -0.438368        0.123732

     H    4        0.470392        0.208383        0.317256
     H    4        0.208383       -0.099960        0.457866
     H    4        0.317256        0.457866       -0.370432

     C    5       -0.363401        0.051109        0.004884
     C    5        0.051109        0.348950        0.123544
     C    5        0.004884        0.123544        0.014451

     H    6       -0.146940       -0.220919        0.227690
     H    6       -0.220919        0.550343        0.561345
     H    6        0.227690        0.561345       -0.403403

     H    7       -0.071584        0.147005        0.099166
     H    7        0.147005        0.055217       -0.594881
     H    7        0.099166       -0.594881        0.016367

     C    8       -0.001579       -0.062839       -0.006198
     C    8       -0.062839        0.317624        0.437872
     C    8       -0.006198        0.437872       -0.316046

     H    9        0.310524        0.167046        0.265776
     H    9        0.167046       -0.447449        0.101371
     H    9        0.265776        0.101371        0.136925

     C   10       -0.705777       -0.151371       -0.104913
     C   10       -0.151371        0.772433       -0.049611
     C   10       -0.104913       -0.049611       -0.066656

     C   11        0.259451       -0.225159        0.174126
     C   11       -0.225159        0.011319        0.403216
     C   11        0.174126        0.403216       -0.270770

     Cl  12        0.824957        0.736134        1.375551
     Cl  12        0.736134        0.110866       -1.617553
     Cl  12        1.375551       -1.617553       -0.935823

     H   13       -0.375746        0.110339        0.344476
     H   13        0.110339        0.363869        0.316389
     H   13        0.344476        0.316389        0.011877

     C   14        0.444849       -0.723860       -0.416663
     C   14       -0.723860       -0.308091       -0.180188
     C   14       -0.416663       -0.180188       -0.136758

     H   15        0.547446        0.135582        0.340692
     H   15        0.135582       -0.500025       -0.248926
     H   15        0.340692       -0.248926       -0.047421

     C   16       -0.627655       -0.003243       -0.289834
     C   16       -0.003243        0.426504        0.509836
     C   16       -0.289834        0.509836        0.201151

     C   17        0.198477       -0.212476        0.078151
     C   17       -0.212476        0.191770       -0.246227
     C   17        0.078151       -0.246227       -0.390247

     Cl  18       -0.897749        0.303663        0.527270
     Cl  18        0.303663        1.670362        1.834335
     Cl  18        0.527270        1.834335       -0.772613

     H   19       -0.151118        0.060871        0.344558
     H   19        0.060871        0.545389       -0.581983
     H   19        0.344558       -0.581983       -0.394271

     C   20       -0.122442       -0.014579       -0.022275
     C   20       -0.014579        0.246079       -0.139076
     C   20       -0.022275       -0.139076       -0.123637

     H   21        0.498837       -0.196741        0.499965
     H   21       -0.196741        0.014941       -0.405344
     H   21        0.499965       -0.405344       -0.513778

     C   22        0.169092       -0.059743        0.042066
     C   22       -0.059743       -0.137767       -0.021910
     C   22        0.042066       -0.021910       -0.031325

     C   23       -0.151277       -0.016882       -0.342551
     C   23       -0.016882        0.052710        0.282423
     C   23       -0.342551        0.282423        0.098567

     Cl  24        0.659103        2.597927       -0.182141
     Cl  24        2.597927       -0.174715        1.183147
     Cl  24       -0.182141        1.183147       -0.484388


     NQR/NMR SPECTROSCOPIC PARAMETERS:
     Cl   1    Vxx=    0.0087    axis=(  0.098484 -0.933684  0.344290)
     Cl   1    Vyy=    2.9532    axis=(  0.952747 -0.011438 -0.303550)
     Cl   1    Vzz=   -2.9620    axis=(  0.287358  0.357916  0.888438)
     Cl   1  Q=        -8.1650 1e-30 m^2  Cq=        56.8238 MHz  eta= 0.99410

     C    2    Vxx=    0.0439    axis=( -0.765316 -0.016595  0.643441)
     C    2    Vyy=    0.3361    axis=(  0.642741 -0.072955  0.762602)
     C    2    Vzz=   -0.3801    axis=( -0.034287 -0.997197 -0.066500)
     C    2  Q=         1.0000 1e-30 m^2  Cq=        -0.8930 MHz  eta= 0.76876

     C    3    Vxx=    0.0315    axis=(  0.926049 -0.330834 -0.181611)
     C    3    Vyy=    0.4727    axis=(  0.062709  0.609405 -0.790375)
     C    3    Vzz=   -0.5042    axis=(  0.372157  0.720538  0.585085)
     C    3  Q=         1.0000 1e-30 m^2  Cq=        -1.1847 MHz  eta= 0.87500

     H    4    Vxx=   -0.0102    axis=(  0.574275 -0.713592 -0.401242)
     H    4    Vyy=   -0.7283    axis=(  0.120205  0.558306 -0.820881)
     H    4    Vzz=    0.7385    axis=(  0.809789  0.423180  0.406398)
     H    4  Q=         1.0000 1e-30 m^2  Cq=         1.7352 MHz  eta= 0.97236

     C    5    Vxx=   -0.0259    axis=( -0.033006 -0.308819  0.950548)
     C    5    Vyy=   -0.3671    axis=( -0.997268  0.073061 -0.010891)
     C    5    Vzz=    0.3929    axis=( -0.066084 -0.948310 -0.310387)
     C    5  Q=         1.0000 1e-30 m^2  Cq=         0.9233 MHz  eta= 0.86840

     H    6    Vxx=   -0.0207    axis=(  0.900518 -0.072992  0.428648)
     H    6    Vyy=   -0.8015    axis=(  0.419431  0.405752 -0.812061)
     H    6    Vzz=    0.8221    axis=( -0.114651  0.911064  0.396002)
     H    6  Q=         1.0000 1e-30 m^2  Cq=         1.9317 MHz  eta= 0.94976

     H    7    Vxx=   -0.0181    axis=( -0.950916 -0.173349 -0.256338)
     H    7    Vyy=   -0.6149    axis=( -0.304721  0.668811  0.678113)
     H    7    Vzz=    0.6330    axis=(  0.053891  0.722940 -0.688806)
     H    7  Q=         1.0000 1e-30 m^2  Cq=         1.4872 MHz  eta= 0.94296

     C    8    Vxx=   -0.0069    axis=(  0.993380  0.075311  0.086748)
     C    8    Vyy=   -0.5407    axis=( -0.042995 -0.456514  0.888677)
     C    8    Vzz=    0.5476    axis=(  0.106528 -0.886523 -0.450254)
     C    8  Q=         1.0000 1e-30 m^2  Cq=         1.2866 MHz  eta= 0.97486

     H    9    Vxx=   -0.0553    axis=( -0.576950 -0.034821  0.816037)
     H    9    Vyy=   -0.4864    axis=( -0.177614  0.980531 -0.083736)
     H    9    Vzz=    0.5417    axis=( -0.797234 -0.193251 -0.571902)
     H    9  Q=         1.0000 1e-30 m^2  Cq=         1.2727 MHz  eta= 0.79579

     C   10    Vxx=   -0.0506    axis=( -0.164613  0.029155  0.985927)
     C   10    Vyy=   -0.7389    axis=(  0.981534  0.103584  0.160817)
     C   10    Vzz=    0.7895    axis=( -0.097438  0.994193 -0.045668)
     C   10  Q=         1.0000 1e-30 m^2  Cq=         1.8551 MHz  eta= 0.87181

     C   11    Vxx=    0.2378    axis=(  0.573150  0.535147  0.620578)
     C   11    Vyy=    0.4023    axis=( -0.765722  0.619463  0.173017)
     C   11    Vzz=   -0.6400    axis=( -0.291836 -0.574355  0.764819)
     C   11  Q=         1.0000 1e-30 m^2  Cq=        -1.5038 MHz  eta= 0.25703

     Cl  12    Vxx=    1.1685    axis=( -0.474124 -0.820073  0.320446)
     Cl  12    Vyy=    1.6091    axis=(  0.786786 -0.231266  0.572262)
     Cl  12    Vzz=   -2.7776    axis=( -0.395189  0.523446  0.754871)
     Cl  12  Q=        -8.1650 1e-30 m^2  Cq=        53.2868 MHz  eta= 0.15861

     H   13    Vxx=   -0.0457    axis=(  0.460041 -0.617085  0.638411)
     H   13    Vyy=   -0.5823    axis=( -0.843516 -0.079266  0.531222)
     H   13    Vzz=    0.6280    axis=(  0.277205  0.782894  0.556987)
     H   13  Q=         1.0000 1e-30 m^2  Cq=         1.4756 MHz  eta= 0.85443

     C   14    Vxx=   -0.0234    axis=( -0.015517 -0.506331  0.862200)
     C   14    Vyy=   -0.9292    axis=(  0.519347  0.732779  0.439675)
     C   14    Vzz=    0.9527    axis=( -0.854422  0.454603  0.251591)
     C   14  Q=         1.0000 1e-30 m^2  Cq=         2.2384 MHz  eta= 0.95078

     H   15    Vxx=   -0.0318    axis=( -0.341162 -0.516344  0.785492)
     H   15    Vyy=   -0.6709    axis=( -0.225301  0.856185  0.464959)
     H   15    Vzz=    0.7026    axis=(  0.912605  0.018346  0.408431)
     H   15  Q=         1.0000 1e-30 m^2  Cq=         1.6509 MHz  eta= 0.90959

     C   16    Vxx=   -0.1166    axis=( -0.378086 -0.634840  0.673816)
     C   16    Vyy=   -0.7429    axis=( -0.917059  0.157219 -0.366448)
     C   16    Vzz=    0.8595    axis=(  0.126699 -0.756479 -0.641629)
     C   16  Q=         1.0000 1e-30 m^2  Cq=         2.0194 MHz  eta= 0.72876

     C   17    Vxx=    0.0100    axis=(  0.768545  0.600924 -0.219611)
     C   17    Vyy=    0.4704    axis=( -0.639796  0.721585 -0.264530)
     C   17    Vzz=   -0.4804    axis=( -0.000494  0.343809  0.939039)
     C   17  Q=         1.0000 1e-30 m^2  Cq=        -1.1288 MHz  eta= 0.95833

     Cl  18    Vxx=   -0.8585    axis=(  0.932410 -0.278783  0.229981)
     Cl  18    Vyy=   -1.8683    axis=( -0.332343 -0.411417  0.848695)
     Cl  18    Vzz=    2.7268    axis=(  0.141984  0.867765  0.476261)
     Cl  18  Q=        -8.1650 1e-30 m^2  Cq=       -52.3123 MHz  eta= 0.37033

     H   19    Vxx=    0.0058    axis=(  0.890783  0.282985  0.355564)
     H   19    Vyy=    0.8332    axis=( -0.102477  0.887377 -0.449511)
     H   19    Vzz=   -0.8389    axis=( -0.442724  0.363979  0.819460)
     H   19  Q=         1.0000 1e-30 m^2  Cq=        -1.9711 MHz  eta= 0.98628

     C   20    Vxx=   -0.1113    axis=(  0.915986 -0.112507 -0.385112)
     C   20    Vyy=   -0.1814    axis=(  0.400876  0.295780  0.867071)
     C   20    Vzz=    0.2927    axis=(  0.016357 -0.948607  0.316032)
     C   20  Q=         1.0000 1e-30 m^2  Cq=         0.6876 MHz  eta= 0.23950

     H   21    Vxx=   -0.0142    axis=(  0.502341  0.845089 -0.182970)
     H   21    Vyy=   -0.8351    axis=( -0.280555  0.359459  0.889988)
     H   21    Vzz=    0.8493    axis=(  0.817889 -0.395744  0.417665)
     H   21  Q=         1.0000 1e-30 m^2  Cq=         1.9956 MHz  eta= 0.96646

     C   22    Vxx=   -0.0390    axis=( -0.220158 -0.082441  0.971974)
     C   22    Vyy=   -0.1507    axis=(  0.166936  0.978538  0.120809)
     C   22    Vzz=    0.1897    axis=( -0.961074  0.188855 -0.201670)
     C   22  Q=         1.0000 1e-30 m^2  Cq=         0.4456 MHz  eta= 0.58879

     C   23    Vxx=   -0.0390    axis=(  0.564754  0.794218 -0.224211)
     C   23    Vyy=   -0.4430    axis=( -0.710611  0.329858 -0.621470)
     C   23    Vzz=    0.4820    axis=( -0.419625  0.510304  0.750669)
     C   23  Q=         1.0000 1e-30 m^2  Cq=         1.1326 MHz  eta= 0.83809

     Cl  24    Vxx=   -0.1514    axis=( -0.405568  0.189230  0.894263)
     Cl  24    Vyy=   -2.8423    axis=( -0.558025  0.723611 -0.406196)
     Cl  24    Vzz=    2.9937    axis=( -0.723963 -0.663761 -0.187879)
     Cl  24  Q=        -8.1650 1e-30 m^2  Cq=       -57.4332 MHz  eta= 0.89884

     Initialization:
     gipaw_setup  :      9.14s CPU     11.11s WALL (       1 calls)

     Linear response

     Apply operators

     Induced current

     Other routines
     efg          :      9.28s CPU     11.49s WALL (       1 calls)

     General routines
     calbec       :      3.36s CPU      4.31s WALL (      16 calls)
     fft          :      1.65s CPU      2.48s WALL (      15 calls)
     ffts         :      0.05s CPU      0.07s WALL (       2 calls)
     fftw         :      3.16s CPU      3.80s WALL (     672 calls)
     davcio       :      0.03s CPU      0.30s WALL (      32 calls)

     Parallel routines
     fft_scatter  :      2.28s CPU      3.57s WALL (     689 calls)

     Plugins

     GIPAW        :     62.49s CPU     74.18s WALL (       1 calls)
