
     Program QE v.6.0 (svn rev. 13079) starts on 19Dec2016 at 15:43:31 

     This program is part of the open-source Quantum ESPRESSO suite
     for quantum simulation of materials; please cite
         "P. Giannozzi et al., J. Phys.:Condens. Matter 21 395502 (2009);
          URL http://www.quantum-espresso.org", 
     in publications or presentations arising from this work. More details at
     http://www.quantum-espresso.org/quote

     Parallel version (MPI), running on     8 processors
     R & G space division:  proc/nbgrp/npool/nimage =       8

     ***** This is GIPAW svn revision unknown      *****

     Parallelizing q-star over 1 images

     Reading data from directory:
     /users/majewski/paradichlorobenzene/pbe/9_constraint/scratch/pbe.ecut100.np8.dt60.pcl2phi-129368.save
     Message from routine read_xml_file:
     file /users/majewski/paradichlorobenzene/pbe/9_constraint/scratch/pbe.ecut100.np8.dt60.pcl2phi-129368.save not guaranteed to be safe for post-processing

   Info: using nr1, nr2, nr3 values from input

   Info: using nr1, nr2, nr3 values from input

     IMPORTANT: XC functional enforced from input :
     Exchange-correlation      =  SLA  PW   PBX  PBC ( 1  4  3  4 0 0)
     Any further DFT definition will be discarded
     Please, verify this is what you really want

               file C.pbe-n-kjpaw_psl.1.0.0.UPF: wavefunction(s)  2S 2P renormalized
               file Cl.pbe-n-kjpaw_psl.1.0.0.UPF: wavefunction(s)  3S 3P renormalized
               file H.pbe-kjpaw_psl.1.0.0.UPF: wavefunction(s)  1S renormalized

     Parallelization info
     --------------------
     sticks:   dense  smooth     PW     G-vecs:    dense   smooth      PW
     Min        3057    1223    332               144436    36536    5170
     Max        3059    1225    333               144437    36537    5171
     Sum       24467    9791   2657              1155489   292295   41363


     Subspace diagonalization in iterative solution of the eigenvalue problem:
     a serial algorithm will be used

     GIPAW projectors -----------------------------------------------
     atom=  C    l=0  rc=    1.2000  rs=    0.8000
     atom=  C    l=0  rc=    1.2000  rs=    0.8000
     atom=  C    l=1  rc=    1.4000  rs=    0.9333
     atom=  C    l=1  rc=    1.4000  rs=    0.9333
     projs nearly linearly dependent: l=1  n1,n2= 1, 2  s=  0.99951561

     atom=  Cl   l=0  rc=    1.6000  rs=    1.0667
     atom=  Cl   l=0  rc=    1.6000  rs=    1.0667
     atom=  Cl   l=1  rc=    1.6000  rs=    1.0667
     atom=  Cl   l=1  rc=    1.6000  rs=    1.0667
     atom=  Cl   l=2  rc=    1.6000  rs=    1.0667
     atom=  Cl   l=2  rc=    1.6000  rs=    1.0667
     projs nearly linearly dependent: l=2  n1,n2= 1, 2  s=  0.99993509

     atom=  H    l=0  rc=    1.0000  rs=    0.6667
     atom=  H    l=0  rc=    1.0000  rs=    0.6667
     projs nearly linearly dependent: l=0  n1,n2= 1, 2  s=  0.99968852
     -----------------------------------------------------------------

     GIPAW integrals: -------------------------------------------
     Atom  i/j   nmr_para   nmr_dia   epr_rmc  epr_para   epr_dia
       C   1 1   0.83E+03  0.17E-01  0.93E+01  0.24E+08  0.24E+03
       C   2 1   0.86E+03 -0.61E-01  0.94E+01  0.25E+08  0.25E+03
       C   2 2   0.90E+03 -0.15E+00  0.97E+01  0.26E+08  0.26E+03
       C   3 3   0.33E+01  0.34E+00  0.18E+01  0.55E+03  0.21E+02
       C   4 3   0.35E+01  0.37E+00  0.20E+01  0.59E+03  0.22E+02
       C   4 4   0.38E+01  0.39E+00  0.22E+01  0.63E+03  0.24E+02
       Cl  1 1   0.14E+04 -0.47E+00  0.84E+01  0.32E+09  0.42E+03
       Cl  2 1   0.21E+04 -0.37E+00  0.12E+02  0.49E+09  0.65E+03
       Cl  2 2   0.33E+04 -0.16E+00  0.21E+02  0.76E+09  0.10E+04
       Cl  3 3   0.21E+02  0.79E-01  0.89E+01  0.23E+05  0.13E+03
       Cl  4 3   0.24E+02  0.67E-01  0.99E+01  0.27E+05  0.15E+03
       Cl  4 4   0.28E+02  0.44E-01  0.11E+02  0.32E+05  0.18E+03
       Cl  5 5   0.77E+00  0.19E+00  0.18E+01  0.12E+03  0.22E+02
       Cl  6 5   0.80E+00  0.19E+00  0.19E+01  0.12E+03  0.23E+02
       Cl  6 6   0.83E+00  0.20E+00  0.19E+01  0.12E+03  0.23E+02
       H   1 1   0.39E+02  0.19E+00  0.29E+00  0.78E+05  0.13E+02
       H   2 1   0.41E+02  0.21E+00  0.32E+00  0.82E+05  0.14E+02
       H   2 2   0.43E+02  0.22E+00  0.36E+00  0.86E+05  0.15E+02
     ------------------------------------------------------------

     alpha_pv=     34.3250 eV

     Number of occupied bands for each k-point:
     k-point:     1    nbnd_occ=  42
     k-point:     2    nbnd_occ=  42
     k-point:     3    nbnd_occ=  42
     k-point:     4    nbnd_occ=  42
     k-point:     5    nbnd_occ=  42
     k-point:     6    nbnd_occ=  42
     k-point:     7    nbnd_occ=  42
     k-point:     8    nbnd_occ=  42
     k-point:     9    nbnd_occ=  42
     k-point:    10    nbnd_occ=  42
     k-point:    11    nbnd_occ=  42
     k-point:    12    nbnd_occ=  42
     k-point:    13    nbnd_occ=  42
     k-point:    14    nbnd_occ=  42
     k-point:    15    nbnd_occ=  42
     k-point:    16    nbnd_occ=  42


     q-space interpolation up to   110.00 Rydberg

     GIPAW job: efg                                                                             


     ELECTRIC FIELD GRADIENTS TENSORS IN Hartree/bohrradius^2:

     ----- bare term -----
     Cl   1       -0.121769        0.223525       -0.179711
     Cl   1        0.223525       -0.130099       -0.043235
     Cl   1       -0.179711       -0.043235        0.251867

     C    2        0.016476       -0.140384       -0.553632
     C    2       -0.140384       -0.341048       -0.489565
     C    2       -0.553632       -0.489565        0.324572

     C    3       -0.096459        0.371084       -0.208726
     C    3        0.371084       -0.137341       -0.111990
     C    3       -0.208726       -0.111990        0.233800

     H    4        0.139251       -0.067709       -0.181019
     H    4       -0.067709        0.457780       -0.044356
     H    4       -0.181019       -0.044356       -0.597031

     C    5       -0.099559       -0.062440       -0.488806
     C    5       -0.062440       -0.188347       -0.358178
     C    5       -0.488806       -0.358178        0.287906

     H    6        0.134499        0.108250        0.381754
     H    6        0.108250        0.063582       -0.434407
     H    6        0.381754       -0.434407       -0.198081

     H    7        0.413963        0.020178       -0.073708
     H    7        0.020178       -0.618897        0.298852
     H    7       -0.073708        0.298852        0.204934

     C    8       -0.481807       -0.219069       -0.385672
     C    8       -0.219069        0.011526        0.337883
     C    8       -0.385672        0.337883        0.470281

     H    9       -0.555201        0.263802       -0.293742
     H    9        0.263802        0.336259        0.162181
     H    9       -0.293742        0.162181        0.218943

     C   10       -0.190239       -0.288513       -0.226920
     C   10       -0.288513       -0.324498        0.521963
     C   10       -0.226920        0.521963        0.514737

     C   11       -0.385388        0.037799       -0.307348
     C   11        0.037799       -0.033030        0.388620
     C   11       -0.307348        0.388620        0.418417

     Cl  12       -0.133384       -0.155776        0.138884
     Cl  12       -0.155776       -0.121831       -0.038029
     Cl  12        0.138884       -0.038029        0.255216

     H   13        0.407200       -0.044518        0.059024
     H   13       -0.044518       -0.315542       -0.490158
     H   13        0.059024       -0.490158       -0.091658

     C   14       -0.627590        0.332753       -0.351641
     C   14        0.332753        0.199624       -0.256171
     C   14       -0.351641       -0.256171        0.427966

     H   15       -0.197445        0.027914       -0.554158
     H   15        0.027914        0.115857        0.057069
     H   15       -0.554158        0.057069        0.081589

     C   16       -0.063002        0.313243       -0.199043
     C   16        0.313243       -0.151218       -0.638774
     C   16       -0.199043       -0.638774        0.214219

     C   17       -0.408824        0.221402       -0.340700
     C   17        0.221402        0.054230       -0.347573
     C   17       -0.340700       -0.347573        0.354594

     Cl  18       -0.084338       -0.042875       -0.051431
     Cl  18       -0.042875       -0.030709       -0.133047
     Cl  18       -0.051431       -0.133047        0.115047

     H   19        0.312323        0.408715        0.127171
     H   19        0.408715       -0.628129       -0.018726
     H   19        0.127171       -0.018726        0.315807

     C   20       -0.134122       -0.443793       -0.285850
     C   20       -0.443793       -0.238571        0.407703
     C   20       -0.285850        0.407703        0.372693

     H   21       -0.451507        0.381382        0.205790
     H   21        0.381382        0.250492       -0.074488
     H   21        0.205790       -0.074488        0.201015

     C   22       -0.085309       -0.111094       -0.285767
     C   22       -0.111094       -0.286072        0.406998
     C   22       -0.285767        0.406998        0.371381

     C   23       -0.254415       -0.195119       -0.362330
     C   23       -0.195119       -0.140980        0.495886
     C   23       -0.362330        0.495886        0.395395

     Cl  24       -0.001119       -0.056391        0.047330
     Cl  24       -0.056391        0.059882       -0.055733
     Cl  24        0.047330       -0.055733       -0.058763

     ----- ionic term -----
     Cl   1        0.136245       -0.222544        0.028149
     Cl   1       -0.222544        0.006322       -0.007055
     Cl   1        0.028149       -0.007055       -0.142567

     C    2        0.108055       -0.278276        0.334398
     C    2       -0.278276        0.016773        0.399178
     C    2        0.334398        0.399178       -0.124828

     C    3        0.002773       -0.312531        0.241474
     C    3       -0.312531        0.118299        0.375196
     C    3        0.241474        0.375196       -0.121071

     H    4        0.239712        0.177842        0.797519
     H    4        0.177842       -0.482349        0.248546
     H    4        0.797519        0.248546        0.242637

     C    5        0.128272       -0.284183        0.334864
     C    5       -0.284183        0.018716        0.277471
     C    5        0.334864        0.277471       -0.146988

     H    6       -0.533000       -0.121496       -0.069072
     H    6       -0.121496        0.511355        0.761947
     H    6       -0.069072        0.761947        0.021645

     H    7       -0.506557       -0.088742        0.032945
     H    7       -0.088742        0.806647       -0.608644
     H    7        0.032945       -0.608644       -0.300090

     C    8        0.400529        0.133136        0.176962
     C    8        0.133136        0.061154       -0.283258
     C    8        0.176962       -0.283258       -0.461684

     H    9        0.647063       -0.294593        0.671546
     H    9       -0.294593       -0.449325       -0.225791
     H    9        0.671546       -0.225791       -0.197737

     C   10        0.222533        0.185935        0.161633
     C   10        0.185935        0.121769       -0.359621
     C   10        0.161633       -0.359621       -0.344302

     C   11        0.302839        0.110001        0.147779
     C   11        0.110001        0.122994       -0.377090
     C   11        0.147779       -0.377090       -0.425832

     Cl  12        0.136417        0.221375       -0.015972
     Cl  12        0.221375        0.017728       -0.021267
     Cl  12       -0.015972       -0.021267       -0.154145

     H   13       -0.526949       -0.043656       -0.013063
     H   13       -0.043656        0.518684        0.766246
     H   13       -0.013063        0.766246        0.008265

     C   14        0.186075       -0.306726        0.338837
     C   14       -0.306726        0.004789        0.287002
     C   14        0.338837        0.287002       -0.190864

     H   15        0.602896        0.208283        0.694274
     H   15        0.208283       -0.447216        0.208575
     H   15        0.694274        0.208575       -0.155679

     C   16        0.114522       -0.353794        0.209558
     C   16       -0.353794        0.164405        0.372110
     C   16        0.209558        0.372110       -0.278927

     C   17        0.062289       -0.257259        0.375391
     C   17       -0.257259        0.070044        0.374016
     C   17        0.375391        0.374016       -0.132333

     Cl  18        0.132000       -0.223191        0.054197
     Cl  18       -0.223191        0.014477       -0.031811
     Cl  18        0.054197       -0.031811       -0.146477

     H   19       -0.509513       -0.156785        0.055024
     H   19       -0.156785        0.872846       -0.538748
     H   19        0.055024       -0.538748       -0.363333

     C   20        0.346552        0.088198        0.120597
     C   20        0.088198        0.125161       -0.285237
     C   20        0.120597       -0.285237       -0.471713

     H   21        0.835049       -0.463184        0.327301
     H   21       -0.463184       -0.351168       -0.187504
     H   21        0.327301       -0.187504       -0.483881

     C   22        0.190655        0.120923        0.053405
     C   22        0.120923        0.253863       -0.381881
     C   22        0.053405       -0.381881       -0.444518

     C   23        0.304926        0.076971        0.130962
     C   23        0.076971        0.139505       -0.407309
     C   23        0.130962       -0.407309       -0.444431

     Cl  24        0.144857        0.196677       -0.065493
     Cl  24        0.196677       -0.005763       -0.043947
     Cl  24       -0.065493       -0.043947       -0.139094

     ----- GIPAW term -----
     Cl   1        0.669183       -0.821091       -2.021257
     Cl   1       -0.821091       -1.232325       -0.508263
     Cl   1       -2.021257       -0.508263        0.563142

     C    2        0.056764       -0.127592       -0.233458
     C    2       -0.127592       -0.153327       -0.054326
     C    2       -0.233458       -0.054326        0.096563

     C    3        0.003127        0.040066       -0.141950
     C    3        0.040066       -0.088980       -0.009616
     C    3       -0.141950       -0.009616        0.085853

     H    4       -0.000000        0.000000        0.000000
     H    4        0.000000        0.000000        0.000000
     H    4        0.000000        0.000000        0.000000

     C    5        0.040085       -0.054366       -0.236294
     C    5       -0.054366       -0.169527       -0.026755
     C    5       -0.236294       -0.026755        0.129442

     H    6       -0.000000        0.000000        0.000000
     H    6        0.000000        0.000000        0.000000
     H    6        0.000000        0.000000        0.000000

     H    7       -0.000000        0.000000        0.000000
     H    7        0.000000        0.000000        0.000000
     H    7        0.000000        0.000000        0.000000

     C    8       -0.078898       -0.038848       -0.046274
     C    8       -0.038848       -0.014803        0.049637
     C    8       -0.046274        0.049637        0.093702

     H    9       -0.000000        0.000000        0.000000
     H    9        0.000000        0.000000        0.000000
     H    9        0.000000        0.000000        0.000000

     C   10       -0.081245       -0.042189       -0.075692
     C   10       -0.042189       -0.080662        0.106648
     C   10       -0.075692        0.106648        0.161907

     C   11       -0.030568        0.114006        0.041816
     C   11        0.114006       -0.066181        0.010474
     C   11        0.041816        0.010474        0.096749

     Cl  12        0.338255        1.145475        1.536151
     Cl  12        1.145475       -1.268206       -0.443880
     Cl  12        1.536151       -0.443880        0.929951

     H   13       -0.000000        0.000000        0.000000
     H   13        0.000000        0.000000        0.000000
     H   13        0.000000        0.000000        0.000000

     C   14       -0.149594        0.031628       -0.049146
     C   14        0.031628        0.136577       -0.018888
     C   14       -0.049146       -0.018888        0.013017

     H   15       -0.000000        0.000000        0.000000
     H   15        0.000000        0.000000        0.000000
     H   15        0.000000        0.000000        0.000000

     C   16       -0.082105        0.093521       -0.051265
     C   16        0.093521        0.127003       -0.160497
     C   16       -0.051265       -0.160497       -0.044898

     C   17       -0.037013       -0.125608       -0.063253
     C   17       -0.125608        0.110258       -0.027250
     C   17       -0.063253       -0.027250       -0.073245

     Cl  18       -0.050224       -2.179563       -0.052441
     Cl  18       -2.179563       -0.048988       -1.802279
     Cl  18       -0.052441       -1.802279        0.099212

     H   19       -0.000000        0.000000        0.000000
     H   19        0.000000        0.000000        0.000000
     H   19        0.000000        0.000000        0.000000

     C   20        0.065898       -0.194047       -0.127542
     C   20       -0.194047       -0.064825        0.149797
     C   20       -0.127542        0.149797       -0.001073

     H   21       -0.000000        0.000000        0.000000
     H   21        0.000000        0.000000        0.000000
     H   21        0.000000        0.000000        0.000000

     C   22       -0.022797       -0.046426       -0.192188
     C   22       -0.046426       -0.107402        0.106680
     C   22       -0.192188        0.106680        0.130199

     C   23        0.031033        0.049127       -0.163148
     C   23        0.049127       -0.077404        0.110092
     C   23       -0.163148        0.110092        0.046372

     Cl  24       -0.459906        0.749956       -1.042690
     Cl  24        0.749956       -0.944962        1.183501
     Cl  24       -1.042690        1.183501        1.404868

     ----- total EFG -----
     Cl   1        0.683659       -0.820110       -2.172820
     Cl   1       -0.820110       -1.356101       -0.558552
     Cl   1       -2.172820       -0.558552        0.672442

     C    2        0.181294       -0.546253       -0.452691
     C    2       -0.546253       -0.477601       -0.144712
     C    2       -0.452691       -0.144712        0.296307

     C    3       -0.090559        0.098619       -0.109201
     C    3        0.098619       -0.108022        0.253590
     C    3       -0.109201        0.253590        0.198581

     H    4        0.378963        0.110133        0.616500
     H    4        0.110133       -0.024569        0.204190
     H    4        0.616500        0.204190       -0.354394

     C    5        0.068798       -0.400989       -0.390235
     C    5       -0.400989       -0.339158       -0.107463
     C    5       -0.390235       -0.107463        0.270360

     H    6       -0.398501       -0.013246        0.312681
     H    6       -0.013246        0.574937        0.327541
     H    6        0.312681        0.327541       -0.176436

     H    7       -0.092594       -0.068564       -0.040763
     H    7       -0.068564        0.187750       -0.309791
     H    7       -0.040763       -0.309791       -0.095156

     C    8       -0.160176       -0.124781       -0.254984
     C    8       -0.124781        0.057877        0.104262
     C    8       -0.254984        0.104262        0.102299

     H    9        0.091861       -0.030791        0.377803
     H    9       -0.030791       -0.113067       -0.063611
     H    9        0.377803       -0.063611        0.021205

     C   10       -0.048951       -0.144768       -0.140979
     C   10       -0.144768       -0.283391        0.268990
     C   10       -0.140979        0.268990        0.332342

     C   11       -0.113117        0.261806       -0.117753
     C   11        0.261806        0.023783        0.022004
     C   11       -0.117753        0.022004        0.089334

     Cl  12        0.341288        1.211075        1.659063
     Cl  12        1.211075       -1.372309       -0.503177
     Cl  12        1.659063       -0.503177        1.031022

     H   13       -0.119749       -0.088174        0.045961
     H   13       -0.088174        0.203142        0.276089
     H   13        0.045961        0.276089       -0.083393

     C   14       -0.591108        0.057655       -0.061950
     C   14        0.057655        0.340990        0.011943
     C   14       -0.061950        0.011943        0.250118

     H   15        0.405451        0.236197        0.140117
     H   15        0.236197       -0.331360        0.265644
     H   15        0.140117        0.265644       -0.074091

     C   16       -0.030585        0.052970       -0.040749
     C   16        0.052970        0.140191       -0.427161
     C   16       -0.040749       -0.427161       -0.109606

     C   17       -0.383548       -0.161464       -0.028562
     C   17       -0.161464        0.234532       -0.000807
     C   17       -0.028562       -0.000807        0.149016

     Cl  18       -0.002561       -2.445629       -0.049675
     Cl  18       -2.445629       -0.065220       -1.967137
     Cl  18       -0.049675       -1.967137        0.067781

     H   19       -0.197190        0.251931        0.182195
     H   19        0.251931        0.244717       -0.557474
     H   19        0.182195       -0.557474       -0.047527

     C   20        0.278329       -0.549642       -0.292795
     C   20       -0.549642       -0.178235        0.272262
     C   20       -0.292795        0.272262       -0.100093

     H   21        0.383542       -0.081801        0.533091
     H   21       -0.081801       -0.100677       -0.261991
     H   21        0.533091       -0.261991       -0.282866

     C   22        0.082549       -0.036597       -0.424550
     C   22       -0.036597       -0.139611        0.131797
     C   22       -0.424550        0.131797        0.057062

     C   23        0.081543       -0.069021       -0.394516
     C   23       -0.069021       -0.078879        0.198670
     C   23       -0.394516        0.198670       -0.002664

     Cl  24       -0.316168        0.890241       -1.060854
     Cl  24        0.890241       -0.890843        1.083821
     Cl  24       -1.060854        1.083821        1.207010

     ----- total EFG (symmetrized) -----
     Cl   1        0.683659       -0.820110       -2.172820
     Cl   1       -0.820110       -1.356101       -0.558552
     Cl   1       -2.172820       -0.558552        0.672442

     C    2        0.181294       -0.546253       -0.452691
     C    2       -0.546253       -0.477601       -0.144712
     C    2       -0.452691       -0.144712        0.296307

     C    3       -0.090559        0.098619       -0.109201
     C    3        0.098619       -0.108022        0.253590
     C    3       -0.109201        0.253590        0.198581

     H    4        0.378963        0.110133        0.616500
     H    4        0.110133       -0.024569        0.204190
     H    4        0.616500        0.204190       -0.354394

     C    5        0.068798       -0.400989       -0.390235
     C    5       -0.400989       -0.339158       -0.107463
     C    5       -0.390235       -0.107463        0.270360

     H    6       -0.398501       -0.013246        0.312681
     H    6       -0.013246        0.574937        0.327541
     H    6        0.312681        0.327541       -0.176436

     H    7       -0.092594       -0.068564       -0.040763
     H    7       -0.068564        0.187750       -0.309791
     H    7       -0.040763       -0.309791       -0.095156

     C    8       -0.160176       -0.124781       -0.254984
     C    8       -0.124781        0.057877        0.104262
     C    8       -0.254984        0.104262        0.102299

     H    9        0.091861       -0.030791        0.377803
     H    9       -0.030791       -0.113067       -0.063611
     H    9        0.377803       -0.063611        0.021205

     C   10       -0.048951       -0.144768       -0.140979
     C   10       -0.144768       -0.283391        0.268990
     C   10       -0.140979        0.268990        0.332342

     C   11       -0.113117        0.261806       -0.117753
     C   11        0.261806        0.023783        0.022004
     C   11       -0.117753        0.022004        0.089334

     Cl  12        0.341288        1.211075        1.659063
     Cl  12        1.211075       -1.372309       -0.503177
     Cl  12        1.659063       -0.503177        1.031022

     H   13       -0.119749       -0.088174        0.045961
     H   13       -0.088174        0.203142        0.276089
     H   13        0.045961        0.276089       -0.083393

     C   14       -0.591108        0.057655       -0.061950
     C   14        0.057655        0.340990        0.011943
     C   14       -0.061950        0.011943        0.250118

     H   15        0.405451        0.236197        0.140117
     H   15        0.236197       -0.331360        0.265644
     H   15        0.140117        0.265644       -0.074091

     C   16       -0.030585        0.052970       -0.040749
     C   16        0.052970        0.140191       -0.427161
     C   16       -0.040749       -0.427161       -0.109606

     C   17       -0.383548       -0.161464       -0.028562
     C   17       -0.161464        0.234532       -0.000807
     C   17       -0.028562       -0.000807        0.149016

     Cl  18       -0.002561       -2.445629       -0.049675
     Cl  18       -2.445629       -0.065220       -1.967137
     Cl  18       -0.049675       -1.967137        0.067781

     H   19       -0.197190        0.251931        0.182195
     H   19        0.251931        0.244717       -0.557474
     H   19        0.182195       -0.557474       -0.047527

     C   20        0.278329       -0.549642       -0.292795
     C   20       -0.549642       -0.178235        0.272262
     C   20       -0.292795        0.272262       -0.100093

     H   21        0.383542       -0.081801        0.533091
     H   21       -0.081801       -0.100677       -0.261991
     H   21        0.533091       -0.261991       -0.282866

     C   22        0.082549       -0.036597       -0.424550
     C   22       -0.036597       -0.139611        0.131797
     C   22       -0.424550        0.131797        0.057062

     C   23        0.081543       -0.069021       -0.394516
     C   23       -0.069021       -0.078879        0.198670
     C   23       -0.394516        0.198670       -0.002664

     Cl  24       -0.316168        0.890241       -1.060854
     Cl  24        0.890241       -0.890843        1.083821
     Cl  24       -1.060854        1.083821        1.207010


     NQR/NMR SPECTROSCOPIC PARAMETERS:
     Cl   1    Vxx=   -0.4540    axis=( -0.453191  0.729321 -0.512551)
     Cl   1    Vyy=   -2.4056    axis=(  0.532927  0.682587  0.500064)
     Cl   1    Vzz=    2.8596    axis=(  0.714568 -0.046528 -0.698017)
     Cl   1  Q=        -8.1650 1e-30 m^2  Cq=       -54.8591 MHz  eta= 0.68250

     C    2    Vxx=    0.1345    axis=(  0.431487 -0.553452  0.712398)
     C    2    Vyy=    0.7604    axis=(  0.731005 -0.248245 -0.635615)
     C    2    Vzz=   -0.8950    axis=( -0.528631 -0.795025 -0.297461)
     C    2  Q=         1.0000 1e-30 m^2  Cq=        -2.1028 MHz  eta= 0.69933

     C    3    Vxx=   -0.0144    axis=(  0.855958  0.494746 -0.150209)
     C    3    Vyy=   -0.3326    axis=( -0.504222  0.734427 -0.454288)
     C    3    Vzz=    0.3470    axis=( -0.114440  0.464590  0.878100)
     C    3  Q=         1.0000 1e-30 m^2  Cq=         0.8153 MHz  eta= 0.91704

     H    4    Vxx=   -0.0510    axis=(  0.297662 -0.953947 -0.037171)
     H    4    Vyy=   -0.7274    axis=(  0.465249  0.178951 -0.866903)
     H    4    Vzz=    0.7784    axis=(  0.833631  0.240750  0.497090)
     H    4  Q=         1.0000 1e-30 m^2  Cq=         1.8289 MHz  eta= 0.86902

     C    5    Vxx=    0.0785    axis=(  0.477229 -0.618775  0.623995)
     C    5    Vyy=    0.6061    axis=( -0.670121  0.203114  0.713921)
     C    5    Vzz=   -0.6846    axis=( -0.568499 -0.758856 -0.317722)
     C    5  Q=         1.0000 1e-30 m^2  Cq=        -1.6084 MHz  eta= 0.77073

     H    6    Vxx=   -0.0525    axis=(  0.636201 -0.346449  0.689363)
     H    6    Vyy=   -0.6545    axis=( -0.765632 -0.173293  0.619498)
     H    6    Vzz=    0.7070    axis=(  0.095163  0.921923  0.375501)
     H    6  Q=         1.0000 1e-30 m^2  Cq=         1.6611 MHz  eta= 0.85154

     H    7    Vxx=   -0.0724    axis=(  0.949378 -0.103130 -0.296726)
     H    7    Vyy=   -0.3171    axis=(  0.305085  0.527817  0.792674)
     H    7    Vzz=    0.3895    axis=(  0.074868 -0.843074  0.532561)
     H    7  Q=         1.0000 1e-30 m^2  Cq=         0.9152 MHz  eta= 0.62824

     C    8    Vxx=   -0.0187    axis=( -0.120780 -0.863538  0.489607)
     C    8    Vyy=   -0.3237    axis=( -0.864048 -0.151363 -0.480115)
     C    8    Vzz=    0.3424    axis=( -0.488706  0.481032  0.727856)
     C    8  Q=         1.0000 1e-30 m^2  Cq=         0.8045 MHz  eta= 0.89083

     H    9    Vxx=   -0.1175    axis=( -0.171219 -0.985125  0.014583)
     H    9    Vyy=   -0.3262    axis=( -0.660011  0.125677  0.740669)
     H    9    Vzz=    0.4437    axis=(  0.731484 -0.117191  0.671712)
     H    9  Q=         1.0000 1e-30 m^2  Cq=         1.0426 MHz  eta= 0.47050

     C   10    Vxx=   -0.0881    axis=(  0.910121 -0.135206  0.391663)
     C   10    Vyy=   -0.4075    axis=( -0.260007 -0.922347  0.285783)
     C   10    Vzz=    0.4957    axis=( -0.322610  0.361932  0.874602)
     C   10  Q=         1.0000 1e-30 m^2  Cq=         1.1646 MHz  eta= 0.64446

     C   11    Vxx=    0.0945    axis=(  0.042706  0.437784  0.898065)
     C   11    Vyy=    0.2475    axis=(  0.621996  0.691790 -0.366808)
     C   11    Vzz=   -0.3420    axis=( -0.781855  0.574258 -0.242756)
     C   11  Q=         1.0000 1e-30 m^2  Cq=        -0.8035 MHz  eta= 0.44755

     Cl  12    Vxx=    0.0544    axis=( -0.524081 -0.642182  0.559412)
     Cl  12    Vyy=    2.4226    axis=(  0.658257  0.111353  0.744512)
     Cl  12    Vzz=   -2.4770    axis=( -0.540404  0.758422  0.364362)
     Cl  12  Q=        -8.1650 1e-30 m^2  Cq=        47.5197 MHz  eta= 0.95610

     H   13    Vxx=   -0.0827    axis=(  0.888162 -0.146684  0.435490)
     H   13    Vyy=   -0.2937    axis=(  0.447225  0.493752 -0.745787)
     H   13    Vzz=    0.3764    axis=( -0.105629  0.857142  0.504133)
     H   13  Q=         1.0000 1e-30 m^2  Cq=         0.8844 MHz  eta= 0.56083

     C   14    Vxx=    0.2540    axis=( -0.078567 -0.084309  0.993337)
     C   14    Vyy=    0.3453    axis=( -0.055360 -0.994511 -0.088787)
     C   14    Vzz=   -0.5993    axis=(  0.995371 -0.061967  0.073468)
     C   14  Q=         1.0000 1e-30 m^2  Cq=        -1.4080 MHz  eta= 0.15229

     H   15    Vxx=   -0.0336    axis=(  0.455141 -0.363949 -0.812642)
     H   15    Vyy=   -0.5170    axis=(  0.150423 -0.868107  0.473037)
     H   15    Vzz=    0.5506    axis=( -0.877621 -0.337539 -0.340365)
     H   15  Q=         1.0000 1e-30 m^2  Cq=         1.2938 MHz  eta= 0.87797

     C   16    Vxx=   -0.0395    axis=(  0.991179 -0.107314  0.077764)
     C   16    Vyy=   -0.4298    axis=(  0.002130  0.599603  0.800295)
     C   16    Vzz=    0.4693    axis=( -0.132510 -0.793070  0.594543)
     C   16  Q=         1.0000 1e-30 m^2  Cq=         1.1026 MHz  eta= 0.83158

     C   17    Vxx=    0.1501    axis=( -0.035654 -0.058642  0.997642)
     C   17    Vyy=    0.2745    axis=(  0.240015 -0.969561 -0.048413)
     C   17    Vzz=   -0.4245    axis=(  0.970114  0.237723  0.048644)
     C   17  Q=         1.0000 1e-30 m^2  Cq=        -0.9975 MHz  eta= 0.29297

     Cl  18    Vxx=    0.0887    axis=(  0.627030 -0.007566 -0.778959)
     Cl  18    Vyy=    3.0944    axis=(  0.549310 -0.704729  0.449017)
     Cl  18    Vzz=   -3.1831    axis=(  0.552352  0.709437  0.437730)
     Cl  18  Q=        -8.1650 1e-30 m^2  Cq=        61.0657 MHz  eta= 0.94429

     H   19    Vxx=   -0.0159    axis=(  0.835321  0.245112  0.492097)
     H   19    Vyy=   -0.6686    axis=( -0.538895  0.542161  0.644712)
     H   19    Vzz=    0.6845    axis=( -0.108769 -0.803730  0.584968)
     H   19  Q=         1.0000 1e-30 m^2  Cq=         1.6084 MHz  eta= 0.95345

     C   20    Vxx=   -0.2583    axis=(  0.437267 -0.051399  0.897862)
     C   20    Vyy=   -0.5576    axis=( -0.491767 -0.849551  0.190861)
     C   20    Vzz=    0.8158    axis=(  0.752969 -0.524996 -0.396757)
     C   20  Q=         1.0000 1e-30 m^2  Cq=         1.9169 MHz  eta= 0.36685

     H   21    Vxx=   -0.0805    axis=(  0.375114  0.907883 -0.187185)
     H   21    Vyy=   -0.6477    axis=( -0.409618  0.343489  0.845120)
     H   21    Vzz=    0.7282    axis=(  0.831566 -0.240342  0.500733)
     H   21  Q=         1.0000 1e-30 m^2  Cq=         1.7110 MHz  eta= 0.77902

     C   22    Vxx=   -0.1394    axis=(  0.334655  0.937625  0.094157)
     C   22    Vyy=   -0.3765    axis=(  0.635125 -0.298238  0.712510)
     C   22    Vzz=    0.5160    axis=( -0.696149  0.178644  0.695315)
     C   22  Q=         1.0000 1e-30 m^2  Cq=         1.2124 MHz  eta= 0.45953

     C   23    Vxx=   -0.1016    axis=( -0.460729 -0.885583 -0.058913)
     C   23    Vyy=   -0.3948    axis=(  0.568389 -0.345385  0.746755)
     C   23    Vzz=    0.4964    axis=(  0.681662 -0.310567 -0.662485)
     C   23  Q=         1.0000 1e-30 m^2  Cq=         1.1664 MHz  eta= 0.59077

     Cl  24    Vxx=    0.3091    axis=(  0.752127  0.650934  0.102912)
     Cl  24    Vyy=    1.8939    axis=(  0.337165 -0.245906 -0.908763)
     Cl  24    Vzz=   -2.2030    axis=( -0.566238  0.718203 -0.404424)
     Cl  24  Q=        -8.1650 1e-30 m^2  Cq=        42.2639 MHz  eta= 0.71935

     Initialization:
     gipaw_setup  :      9.39s CPU     11.16s WALL (       1 calls)

     Linear response

     Apply operators

     Induced current

     Other routines
     efg          :      9.54s CPU     12.21s WALL (       1 calls)

     General routines
     calbec       :      3.26s CPU      4.45s WALL (      16 calls)
     fft          :      1.33s CPU      1.48s WALL (      15 calls)
     ffts         :      0.04s CPU      0.04s WALL (       2 calls)
     fftw         :      3.42s CPU      4.23s WALL (     672 calls)
     davcio       :      0.02s CPU      0.36s WALL (      32 calls)

     Parallel routines
     fft_scatter  :      2.04s CPU      2.82s WALL (     689 calls)

     Plugins

     GIPAW        :     62.96s CPU     76.48s WALL (       1 calls)
