
     Program QE v.6.0 (svn rev. 13079) starts on 13Jan2017 at  1: 5: 5 

     This program is part of the open-source Quantum ESPRESSO suite
     for quantum simulation of materials; please cite
         "P. Giannozzi et al., J. Phys.:Condens. Matter 21 395502 (2009);
          URL http://www.quantum-espresso.org", 
     in publications or presentations arising from this work. More details at
     http://www.quantum-espresso.org/quote

     Parallel version (MPI), running on     8 processors
     R & G space division:  proc/nbgrp/npool/nimage =       8

     ***** This is GIPAW svn revision unknown      *****

     Parallelizing q-star over 1 images

     Reading data from directory:
     /users/majewski/paradichlorobenzene/pbe/9_constraint/scratch/pbe.ecut100.np8.dt60.pcl2phi-129368.save
     Message from routine read_xml_file:
     file /users/majewski/paradichlorobenzene/pbe/9_constraint/scratch/pbe.ecut100.np8.dt60.pcl2phi-129368.save not guaranteed to be safe for post-processing

   Info: using nr1, nr2, nr3 values from input

   Info: using nr1, nr2, nr3 values from input

     IMPORTANT: XC functional enforced from input :
     Exchange-correlation      =  SLA  PW   PBX  PBC ( 1  4  3  4 0 0)
     Any further DFT definition will be discarded
     Please, verify this is what you really want

               file C.pbe-n-kjpaw_psl.1.0.0.UPF: wavefunction(s)  2S 2P renormalized
               file Cl.pbe-n-kjpaw_psl.1.0.0.UPF: wavefunction(s)  3S 3P renormalized
               file H.pbe-kjpaw_psl.1.0.0.UPF: wavefunction(s)  1S renormalized

     Parallelization info
     --------------------
     sticks:   dense  smooth     PW     G-vecs:    dense   smooth      PW
     Min        3057    1223    332               144436    36536    5170
     Max        3059    1225    333               144437    36537    5171
     Sum       24467    9791   2657              1155489   292295   41363


     Subspace diagonalization in iterative solution of the eigenvalue problem:
     a serial algorithm will be used

     GIPAW projectors -----------------------------------------------
     atom=  C    l=0  rc=    1.2000  rs=    0.8000
     atom=  C    l=0  rc=    1.2000  rs=    0.8000
     atom=  C    l=1  rc=    1.4000  rs=    0.9333
     atom=  C    l=1  rc=    1.4000  rs=    0.9333
     projs nearly linearly dependent: l=1  n1,n2= 1, 2  s=  0.99951561

     atom=  Cl   l=0  rc=    1.6000  rs=    1.0667
     atom=  Cl   l=0  rc=    1.6000  rs=    1.0667
     atom=  Cl   l=1  rc=    1.6000  rs=    1.0667
     atom=  Cl   l=1  rc=    1.6000  rs=    1.0667
     atom=  Cl   l=2  rc=    1.6000  rs=    1.0667
     atom=  Cl   l=2  rc=    1.6000  rs=    1.0667
     projs nearly linearly dependent: l=2  n1,n2= 1, 2  s=  0.99993509

     atom=  H    l=0  rc=    1.0000  rs=    0.6667
     atom=  H    l=0  rc=    1.0000  rs=    0.6667
     projs nearly linearly dependent: l=0  n1,n2= 1, 2  s=  0.99968852
     -----------------------------------------------------------------

     GIPAW integrals: -------------------------------------------
     Atom  i/j   nmr_para   nmr_dia   epr_rmc  epr_para   epr_dia
       C   1 1   0.83E+03  0.17E-01  0.93E+01  0.24E+08  0.24E+03
       C   2 1   0.86E+03 -0.61E-01  0.94E+01  0.25E+08  0.25E+03
       C   2 2   0.90E+03 -0.15E+00  0.97E+01  0.26E+08  0.26E+03
       C   3 3   0.33E+01  0.34E+00  0.18E+01  0.55E+03  0.21E+02
       C   4 3   0.35E+01  0.37E+00  0.20E+01  0.59E+03  0.22E+02
       C   4 4   0.38E+01  0.39E+00  0.22E+01  0.63E+03  0.24E+02
       Cl  1 1   0.14E+04 -0.47E+00  0.84E+01  0.32E+09  0.42E+03
       Cl  2 1   0.21E+04 -0.37E+00  0.12E+02  0.49E+09  0.65E+03
       Cl  2 2   0.33E+04 -0.16E+00  0.21E+02  0.76E+09  0.10E+04
       Cl  3 3   0.21E+02  0.79E-01  0.89E+01  0.23E+05  0.13E+03
       Cl  4 3   0.24E+02  0.67E-01  0.99E+01  0.27E+05  0.15E+03
       Cl  4 4   0.28E+02  0.44E-01  0.11E+02  0.32E+05  0.18E+03
       Cl  5 5   0.77E+00  0.19E+00  0.18E+01  0.12E+03  0.22E+02
       Cl  6 5   0.80E+00  0.19E+00  0.19E+01  0.12E+03  0.23E+02
       Cl  6 6   0.83E+00  0.20E+00  0.19E+01  0.12E+03  0.23E+02
       H   1 1   0.39E+02  0.19E+00  0.29E+00  0.78E+05  0.13E+02
       H   2 1   0.41E+02  0.21E+00  0.32E+00  0.82E+05  0.14E+02
       H   2 2   0.43E+02  0.22E+00  0.36E+00  0.86E+05  0.15E+02
     ------------------------------------------------------------

     alpha_pv=     34.0528 eV

     Number of occupied bands for each k-point:
     k-point:     1    nbnd_occ=  42
     k-point:     2    nbnd_occ=  42
     k-point:     3    nbnd_occ=  42
     k-point:     4    nbnd_occ=  42
     k-point:     5    nbnd_occ=  42
     k-point:     6    nbnd_occ=  42
     k-point:     7    nbnd_occ=  42
     k-point:     8    nbnd_occ=  42
     k-point:     9    nbnd_occ=  42
     k-point:    10    nbnd_occ=  42
     k-point:    11    nbnd_occ=  42
     k-point:    12    nbnd_occ=  42
     k-point:    13    nbnd_occ=  42
     k-point:    14    nbnd_occ=  42
     k-point:    15    nbnd_occ=  42
     k-point:    16    nbnd_occ=  42


     q-space interpolation up to   110.00 Rydberg

     GIPAW job: efg                                                                             


     ELECTRIC FIELD GRADIENTS TENSORS IN Hartree/bohrradius^2:

     ----- bare term -----
     Cl   1        0.143392        0.033181       -0.389155
     Cl   1        0.033181        0.337864       -0.046713
     Cl   1       -0.389155       -0.046713       -0.481256

     C    2       -0.120657        0.270653       -0.148724
     C    2        0.270653       -0.346479       -0.341684
     C    2       -0.148724       -0.341684        0.467136

     C    3       -0.058825        0.447062       -0.285909
     C    3        0.447062       -0.278798       -0.333806
     C    3       -0.285909       -0.333806        0.337623

     H    4        0.055825       -0.013038       -0.154692
     H    4       -0.013038        0.425529       -0.329776
     H    4       -0.154692       -0.329776       -0.481355

     C    5       -0.616703        0.319877       -0.487258
     C    5        0.319877        0.360181       -0.076837
     C    5       -0.487258       -0.076837        0.256522

     H    6       -0.224263        0.101801        0.024005
     H    6        0.101801       -0.087367       -0.521068
     H    6        0.024005       -0.521068        0.311630

     H    7        0.308656        0.219380        0.055116
     H    7        0.219380       -0.551412       -0.233567
     H    7        0.055116       -0.233567        0.242756

     C    8        0.015913        0.031492       -0.145291
     C    8        0.031492       -0.111901        0.263384
     C    8       -0.145291        0.263384        0.095988

     H    9       -0.193027        0.358162        0.108897
     H    9        0.358162       -0.064032       -0.162917
     H    9        0.108897       -0.162917        0.257060

     C   10       -0.158906       -0.055101        0.101604
     C   10       -0.055101       -0.054801       -0.061642
     C   10        0.101604       -0.061642        0.213707

     C   11       -0.021921        0.081258       -0.256344
     C   11        0.081258        0.028585        0.648573
     C   11       -0.256344        0.648573       -0.006665

     Cl  12       -0.149216       -0.210597       -0.034020
     Cl  12       -0.210597        0.050266        0.078784
     Cl  12       -0.034020        0.078784        0.098950

     H   13        0.294026        0.130196       -0.115803
     H   13        0.130196       -0.590114        0.101741
     H   13       -0.115803        0.101741        0.296088

     C   14       -0.055177       -0.236180       -0.370682
     C   14       -0.236180       -0.129629       -0.304411
     C   14       -0.370682       -0.304411        0.184807

     H   15        0.050917       -0.103506       -0.251218
     H   15       -0.103506       -0.213176       -0.388643
     H   15       -0.251218       -0.388643        0.162259

     C   16       -0.660184        0.336585       -0.252560
     C   16        0.336585        0.114765       -0.123340
     C   16       -0.252560       -0.123340        0.545419

     C   17        0.322391        0.086717       -0.093551
     C   17        0.086717       -0.550037       -0.658968
     C   17       -0.093551       -0.658968        0.227646

     Cl  18        0.265564        0.124172       -0.183708
     Cl  18        0.124172        0.013474       -0.592112
     Cl  18       -0.183708       -0.592112       -0.279038

     H   19        0.344210        0.186224        0.070765
     H   19        0.186224       -0.537934        0.396241
     H   19        0.070765        0.396241        0.193724

     C   20       -0.708734       -0.311456       -0.403469
     C   20       -0.311456        0.250433        0.081035
     C   20       -0.403469        0.081035        0.458301

     H   21       -0.476816        0.332589        0.203827
     H   21        0.332589        0.355189        0.001893
     H   21        0.203827        0.001893        0.121627

     C   22        0.066393       -0.024991       -0.144951
     C   22       -0.024991       -0.534302        0.357783
     C   22       -0.144951        0.357783        0.467910

     C   23       -0.786201       -0.321626       -0.347309
     C   23       -0.321626        0.244040        0.009544
     C   23       -0.347309        0.009544        0.542161

     Cl  24       -0.071745        0.009461        0.026734
     Cl  24        0.009461       -0.055259       -0.041464
     Cl  24        0.026734       -0.041464        0.127003

     ----- ionic term -----
     Cl   1        0.211442       -0.192495        0.063571
     Cl   1       -0.192495       -0.081356       -0.026166
     Cl   1        0.063571       -0.026166       -0.130086

     C    2        0.173954       -0.164997        0.318355
     C    2       -0.164997        0.126860        0.380925
     C    2        0.318355        0.380925       -0.300815

     C    3        0.101294       -0.292624        0.294373
     C    3       -0.292624        0.177474        0.335851
     C    3        0.294373        0.335851       -0.278768

     H    4        0.063944        0.369171        0.691694
     H    4        0.369171       -0.243622        0.486996
     H    4        0.691694        0.486996        0.179678

     C    5        0.223542       -0.226250        0.409346
     C    5       -0.226250        0.013343        0.266437
     C    5        0.409346        0.266437       -0.236885

     H    6       -0.496891       -0.198463       -0.074673
     H    6       -0.198463        0.688960        0.646147
     H    6       -0.074673        0.646147       -0.192070

     H    7       -0.491722       -0.219348        0.017147
     H    7       -0.219348        1.053732       -0.202361
     H    7        0.017147       -0.202361       -0.562010

     C    8        0.361633       -0.007112        0.047532
     C    8       -0.007112        0.181613       -0.192846
     C    8        0.047532       -0.192846       -0.543247

     H    9        0.745231       -0.566129        0.246696
     H    9       -0.566129       -0.243077       -0.165958
     H    9        0.246696       -0.165958       -0.502154

     C   10        0.186828        0.033180        0.045074
     C   10        0.033180        0.283629       -0.347537
     C   10        0.045074       -0.347537       -0.470457

     C   11        0.260920       -0.009405        0.156094
     C   11       -0.009405        0.227531       -0.337756
     C   11        0.156094       -0.337756       -0.488452

     Cl  12        0.117412        0.174361       -0.011082
     Cl  12        0.174361        0.032790       -0.002306
     Cl  12       -0.011082       -0.002306       -0.150202

     H   13       -0.526031       -0.047477       -0.002683
     H   13       -0.047477        0.899767        0.523259
     H   13       -0.002683        0.523259       -0.373736

     C   14        0.202581       -0.139942        0.384727
     C   14       -0.139942        0.121894        0.243894
     C   14        0.384727        0.243894       -0.324474

     H   15        0.232730        0.411722        0.694522
     H   15        0.411722       -0.224907        0.423053
     H   15        0.694522        0.423053       -0.007823

     C   16        0.057244       -0.241458        0.300116
     C   16       -0.241458        0.298711        0.328313
     C   16        0.300116        0.328313       -0.355955

     C   17        0.055270       -0.205841        0.376095
     C   17       -0.205841        0.238808        0.364285
     C   17        0.376095        0.364285       -0.294078

     Cl  18        0.165008       -0.187325        0.089958
     Cl  18       -0.187325       -0.019110       -0.045118
     Cl  18        0.089958       -0.045118       -0.145898

     H   19       -0.529319       -0.122986        0.045422
     H   19       -0.122986        0.879579       -0.520745
     H   19        0.045422       -0.520745       -0.350261

     C   20        0.336708        0.079901        0.058794
     C   20        0.079901        0.134090       -0.304788
     C   20        0.058794       -0.304788       -0.470798

     H   21        0.683262       -0.552299        0.381229
     H   21       -0.552299       -0.241605       -0.241113
     H   21        0.381229       -0.241113       -0.441657

     C   22        0.186110        0.110086        0.005422
     C   22        0.110086        0.261518       -0.404452
     C   22        0.005422       -0.404452       -0.447628

     C   23        0.311599        0.046337        0.046344
     C   23        0.046337        0.201782       -0.351899
     C   23        0.046344       -0.351899       -0.513381

     Cl  24        0.159966        0.234720       -0.042901
     Cl  24        0.234720       -0.005034       -0.022956
     Cl  24       -0.042901       -0.022956       -0.154933

     ----- GIPAW term -----
     Cl   1        0.152091       -0.656878        0.284801
     Cl   1       -0.656878       -0.293622        0.194880
     Cl   1        0.284801        0.194880        0.141531

     C    2       -0.081836       -0.029606        0.006125
     C    2       -0.029606       -0.099004       -0.129026
     C    2        0.006125       -0.129026        0.180840

     C    3        0.020100        0.111021       -0.197779
     C    3        0.111021       -0.119982       -0.094446
     C    3       -0.197779       -0.094446        0.099882

     H    4       -0.000000        0.000000        0.000000
     H    4        0.000000        0.000000        0.000000
     H    4        0.000000        0.000000        0.000000

     C    5       -0.001196        0.197280        0.025505
     C    5        0.197280        0.085030        0.090773
     C    5        0.025505        0.090773       -0.083834

     H    6       -0.000000        0.000000        0.000000
     H    6        0.000000        0.000000        0.000000
     H    6        0.000000        0.000000        0.000000

     H    7       -0.000000        0.000000        0.000000
     H    7        0.000000        0.000000        0.000000
     H    7        0.000000        0.000000        0.000000

     C    8       -0.034495       -0.017576       -0.010180
     C    8       -0.017576        0.103798        0.090214
     C    8       -0.010180        0.090214       -0.069303

     H    9       -0.000000        0.000000        0.000000
     H    9        0.000000        0.000000        0.000000
     H    9        0.000000        0.000000        0.000000

     C   10       -0.019502        0.003660        0.008817
     C   10        0.003660        0.017921       -0.000890
     C   10        0.008817       -0.000890        0.001581

     C   11       -0.058355        0.040435       -0.046533
     C   11        0.040435        0.152965        0.185540
     C   11       -0.046533        0.185540       -0.094611

     Cl  12       -0.526838       -0.116785       -0.897936
     Cl  12       -0.116785        1.346454        2.026083
     Cl  12       -0.897936        2.026083       -0.819616

     H   13       -0.000000        0.000000        0.000000
     H   13        0.000000        0.000000        0.000000
     H   13        0.000000        0.000000        0.000000

     C   14       -0.004155       -0.082946        0.003557
     C   14       -0.082946        0.030425       -0.087297
     C   14        0.003557       -0.087297       -0.026270

     H   15       -0.000000        0.000000        0.000000
     H   15        0.000000        0.000000        0.000000
     H   15        0.000000        0.000000        0.000000

     C   16       -0.091782       -0.065343       -0.035469
     C   16       -0.065343        0.110931        0.026749
     C   16       -0.035469        0.026749       -0.019150

     C   17       -0.025472       -0.003481        0.032027
     C   17       -0.003481        0.049480        0.098620
     C   17        0.032027        0.098620       -0.024008

     Cl  18        0.397960       -0.066530        0.130256
     Cl  18       -0.066530       -0.133748       -0.471589
     Cl  18        0.130256       -0.471589       -0.264212

     H   19       -0.000000        0.000000        0.000000
     H   19        0.000000        0.000000        0.000000
     H   19        0.000000        0.000000        0.000000

     C   20       -0.152635        0.066255       -0.098636
     C   20        0.066255        0.158173       -0.110513
     C   20       -0.098636       -0.110513       -0.005538

     H   21       -0.000000        0.000000        0.000000
     H   21        0.000000        0.000000        0.000000
     H   21        0.000000        0.000000        0.000000

     C   22       -0.078959        0.052037       -0.080641
     C   22        0.052037       -0.111149       -0.116057
     C   22       -0.080641       -0.116057        0.190108

     C   23       -0.191268        0.038597       -0.049689
     C   23        0.038597        0.105164       -0.209807
     C   23       -0.049689       -0.209807        0.086104

     Cl  24       -0.518890        1.756634       -0.222983
     Cl  24        1.756634       -1.072132       -1.260700
     Cl  24       -0.222983       -1.260700        1.591021

     ----- total EFG -----
     Cl   1        0.506925       -0.816192       -0.040783
     Cl   1       -0.816192       -0.037114        0.122001
     Cl   1       -0.040783        0.122001       -0.469811

     C    2       -0.028538        0.076050        0.175756
     C    2        0.076050       -0.318623       -0.089785
     C    2        0.175756       -0.089785        0.347161

     C    3        0.062569        0.265459       -0.189315
     C    3        0.265459       -0.221306       -0.092401
     C    3       -0.189315       -0.092401        0.158738

     H    4        0.119770        0.356133        0.537002
     H    4        0.356133        0.181907        0.157221
     H    4        0.537002        0.157221       -0.301677

     C    5       -0.394357        0.290906       -0.052407
     C    5        0.290906        0.458554        0.280373
     C    5       -0.052407        0.280373       -0.064197

     H    6       -0.721154       -0.096662       -0.050668
     H    6       -0.096662        0.601593        0.125079
     H    6       -0.050668        0.125079        0.119561

     H    7       -0.183066        0.000032        0.072263
     H    7        0.000032        0.502320       -0.435928
     H    7        0.072263       -0.435928       -0.319254

     C    8        0.343051        0.006805       -0.107939
     C    8        0.006805        0.173510        0.160753
     C    8       -0.107939        0.160753       -0.516561

     H    9        0.552203       -0.207967        0.355593
     H    9       -0.207967       -0.307109       -0.328876
     H    9        0.355593       -0.328876       -0.245094

     C   10        0.008419       -0.018261        0.155495
     C   10       -0.018261        0.246750       -0.410070
     C   10        0.155495       -0.410070       -0.255169

     C   11        0.180645        0.112287       -0.146782
     C   11        0.112287        0.409082        0.496358
     C   11       -0.146782        0.496358       -0.589727

     Cl  12       -0.558643       -0.153021       -0.943039
     Cl  12       -0.153021        1.429511        2.102561
     Cl  12       -0.943039        2.102561       -0.870868

     H   13       -0.232004        0.082718       -0.118486
     H   13        0.082718        0.309653        0.625000
     H   13       -0.118486        0.625000       -0.077648

     C   14        0.143249       -0.459068        0.017603
     C   14       -0.459068        0.022690       -0.147814
     C   14        0.017603       -0.147814       -0.165938

     H   15        0.283648        0.308216        0.443303
     H   15        0.308216       -0.438083        0.034410
     H   15        0.443303        0.034410        0.154435

     C   16       -0.694722        0.029785        0.012087
     C   16        0.029785        0.524408        0.231722
     C   16        0.012087        0.231722        0.170314

     C   17        0.352189       -0.122605        0.314571
     C   17       -0.122605       -0.261749       -0.196063
     C   17        0.314571       -0.196063       -0.090440

     Cl  18        0.828532       -0.129683        0.036506
     Cl  18       -0.129683       -0.139384       -1.108819
     Cl  18        0.036506       -1.108819       -0.689148

     H   19       -0.185109        0.063238        0.116187
     H   19        0.063238        0.341645       -0.124504
     H   19        0.116187       -0.124504       -0.156536

     C   20       -0.524661       -0.165300       -0.443310
     C   20       -0.165300        0.542696       -0.334267
     C   20       -0.443310       -0.334267       -0.018035

     H   21        0.206446       -0.219710        0.585056
     H   21       -0.219710        0.113584       -0.239220
     H   21        0.585056       -0.239220       -0.320030

     C   22        0.173544        0.137133       -0.220171
     C   22        0.137133       -0.383933       -0.162727
     C   22       -0.220171       -0.162727        0.210389

     C   23       -0.665870       -0.236692       -0.350654
     C   23       -0.236692        0.550986       -0.552162
     C   23       -0.350654       -0.552162        0.114883

     Cl  24       -0.430668        2.000815       -0.239150
     Cl  24        2.000815       -1.132424       -1.325120
     Cl  24       -0.239150       -1.325120        1.563092

     ----- total EFG (symmetrized) -----
     Cl   1        0.506925       -0.816192       -0.040783
     Cl   1       -0.816192       -0.037114        0.122001
     Cl   1       -0.040783        0.122001       -0.469811

     C    2       -0.028538        0.076050        0.175756
     C    2        0.076050       -0.318623       -0.089785
     C    2        0.175756       -0.089785        0.347161

     C    3        0.062569        0.265459       -0.189315
     C    3        0.265459       -0.221306       -0.092401
     C    3       -0.189315       -0.092401        0.158738

     H    4        0.119770        0.356133        0.537002
     H    4        0.356133        0.181907        0.157221
     H    4        0.537002        0.157221       -0.301677

     C    5       -0.394357        0.290906       -0.052407
     C    5        0.290906        0.458554        0.280373
     C    5       -0.052407        0.280373       -0.064197

     H    6       -0.721154       -0.096662       -0.050668
     H    6       -0.096662        0.601593        0.125079
     H    6       -0.050668        0.125079        0.119561

     H    7       -0.183066        0.000032        0.072263
     H    7        0.000032        0.502320       -0.435928
     H    7        0.072263       -0.435928       -0.319254

     C    8        0.343051        0.006805       -0.107939
     C    8        0.006805        0.173510        0.160753
     C    8       -0.107939        0.160753       -0.516561

     H    9        0.552203       -0.207967        0.355593
     H    9       -0.207967       -0.307109       -0.328876
     H    9        0.355593       -0.328876       -0.245094

     C   10        0.008419       -0.018261        0.155495
     C   10       -0.018261        0.246750       -0.410070
     C   10        0.155495       -0.410070       -0.255169

     C   11        0.180645        0.112287       -0.146782
     C   11        0.112287        0.409082        0.496358
     C   11       -0.146782        0.496358       -0.589727

     Cl  12       -0.558643       -0.153021       -0.943039
     Cl  12       -0.153021        1.429511        2.102561
     Cl  12       -0.943039        2.102561       -0.870868

     H   13       -0.232004        0.082718       -0.118486
     H   13        0.082718        0.309653        0.625000
     H   13       -0.118486        0.625000       -0.077648

     C   14        0.143249       -0.459068        0.017603
     C   14       -0.459068        0.022690       -0.147814
     C   14        0.017603       -0.147814       -0.165938

     H   15        0.283648        0.308216        0.443303
     H   15        0.308216       -0.438083        0.034410
     H   15        0.443303        0.034410        0.154435

     C   16       -0.694722        0.029785        0.012087
     C   16        0.029785        0.524408        0.231722
     C   16        0.012087        0.231722        0.170314

     C   17        0.352189       -0.122605        0.314571
     C   17       -0.122605       -0.261749       -0.196063
     C   17        0.314571       -0.196063       -0.090440

     Cl  18        0.828532       -0.129683        0.036506
     Cl  18       -0.129683       -0.139384       -1.108819
     Cl  18        0.036506       -1.108819       -0.689148

     H   19       -0.185109        0.063238        0.116187
     H   19        0.063238        0.341645       -0.124504
     H   19        0.116187       -0.124504       -0.156536

     C   20       -0.524661       -0.165300       -0.443310
     C   20       -0.165300        0.542696       -0.334267
     C   20       -0.443310       -0.334267       -0.018035

     H   21        0.206446       -0.219710        0.585056
     H   21       -0.219710        0.113584       -0.239220
     H   21        0.585056       -0.239220       -0.320030

     C   22        0.173544        0.137133       -0.220171
     C   22        0.137133       -0.383933       -0.162727
     C   22       -0.220171       -0.162727        0.210389

     C   23       -0.665870       -0.236692       -0.350654
     C   23       -0.236692        0.550986       -0.552162
     C   23       -0.350654       -0.552162        0.114883

     Cl  24       -0.430668        2.000815       -0.239150
     Cl  24        2.000815       -1.132424       -1.325120
     Cl  24       -0.239150       -1.325120        1.563092


     NQR/NMR SPECTROSCOPIC PARAMETERS:
     Cl   1    Vxx=   -0.4455    axis=(  0.275510  0.275483  0.920980)
     Cl   1    Vyy=   -0.6567    axis=( -0.521194 -0.762215  0.383908)
     Cl   1    Vzz=    1.1022    axis=( -0.807745  0.585779  0.066418)
     Cl   1  Q=        -8.1650 1e-30 m^2  Cq=       -21.1449 MHz  eta= 0.19157

     C    2    Vxx=   -0.0577    axis=( -0.881953 -0.361259  0.302739)
     C    2    Vyy=   -0.3631    axis=( -0.313678  0.929274  0.195080)
     C    2    Vzz=    0.4209    axis=(  0.351802 -0.077088  0.932895)
     C    2  Q=         1.0000 1e-30 m^2  Cq=         0.9889 MHz  eta= 0.72572

     C    3    Vxx=   -0.0215    axis=(  0.540492  0.368283  0.756463)
     C    3    Vyy=   -0.3811    axis=( -0.525160  0.850125 -0.038656)
     C    3    Vzz=    0.4026    axis=( -0.657325 -0.376370  0.652893)
     C    3  Q=         1.0000 1e-30 m^2  Cq=         0.9460 MHz  eta= 0.89313

     H    4    Vxx=   -0.0722    axis=(  0.410184 -0.820750  0.397641)
     H    4    Vyy=   -0.6747    axis=(  0.586693 -0.096344 -0.804058)
     H    4    Vzz=    0.7469    axis=(  0.698241  0.563105  0.442010)
     H    4  Q=         1.0000 1e-30 m^2  Cq=         1.7550 MHz  eta= 0.80655

     C    5    Vxx=   -0.1131    axis=( -0.402634 -0.229701  0.886072)
     C    5    Vyy=   -0.5277    axis=( -0.883902  0.349159 -0.311134)
     C    5    Vzz=    0.6408    axis=( -0.237913 -0.908474 -0.343617)
     C    5  Q=         1.0000 1e-30 m^2  Cq=         1.5056 MHz  eta= 0.64710

     H    6    Vxx=    0.0899    axis=( -0.031615 -0.242950  0.969524)
     H    6    Vyy=    0.6404    axis=( -0.077631  0.967675  0.239955)
     H    6    Vzz=   -0.7302    axis=( -0.996481 -0.067679 -0.049453)
     H    6  Q=         1.0000 1e-30 m^2  Cq=        -1.7158 MHz  eta= 0.75386

     H    7    Vxx=   -0.1709    axis=(  0.980587  0.106541  0.164615)
     H    7    Vyy=   -0.5205    axis=( -0.193315  0.384679  0.902580)
     H    7    Vzz=    0.6915    axis=(  0.032838 -0.916881  0.397807)
     H    7  Q=         1.0000 1e-30 m^2  Cq=         1.6246 MHz  eta= 0.50559

     C    8    Vxx=    0.2073    axis=(  0.110053  0.973633  0.199819)
     C    8    Vyy=    0.3575    axis=(  0.987022 -0.083403 -0.137230)
     C    8    Vzz=   -0.5648    axis=(  0.116946 -0.212328  0.970175)
     C    8  Q=         1.0000 1e-30 m^2  Cq=        -1.3269 MHz  eta= 0.26598

     H    9    Vxx=   -0.1666    axis=( -0.478448 -0.656550  0.583120)
     H    9    Vyy=   -0.6144    axis=(  0.092079 -0.697909 -0.710243)
     H    9    Vzz=    0.7809    axis=(  0.873275 -0.286121  0.394367)
     H    9  Q=         1.0000 1e-30 m^2  Cq=         1.8349 MHz  eta= 0.57341

     C   10    Vxx=    0.0215    axis=(  0.951982  0.284250  0.113716)
     C   10    Vyy=    0.4946    axis=(  0.192036 -0.843696  0.501297)
     C   10    Vzz=   -0.5161    axis=(  0.238436 -0.455388 -0.857770)
     C   10  Q=         1.0000 1e-30 m^2  Cq=        -1.2126 MHz  eta= 0.91652

     C   11    Vxx=    0.2068    axis=(  0.977949 -0.039813 -0.205013)
     C   11    Vyy=    0.6193    axis=(  0.114211  0.923816  0.365403)
     C   11    Vzz=   -0.8261    axis=(  0.174846 -0.380760  0.907993)
     C   11  Q=         1.0000 1e-30 m^2  Cq=        -1.9411 MHz  eta= 0.49925

     Cl  12    Vxx=   -0.3734    axis=(  0.906430  0.350958 -0.234976)
     Cl  12    Vyy=   -2.4183    axis=( -0.379371  0.432006 -0.818199)
     Cl  12    Vzz=    2.7917    axis=( -0.185642  0.830783  0.524726)
     Cl  12  Q=        -8.1650 1e-30 m^2  Cq=       -53.5572 MHz  eta= 0.73247

     H   13    Vxx=   -0.1746    axis=( -0.929360 -0.221965  0.294993)
     H   13    Vyy=   -0.5957    axis=(  0.369155 -0.550598  0.748710)
     H   13    Vzz=    0.7703    axis=(  0.003765 -0.804720 -0.593643)
     H   13  Q=         1.0000 1e-30 m^2  Cq=         1.8100 MHz  eta= 0.54659

     C   14    Vxx=   -0.1421    axis=( -0.362082 -0.190097  0.912556)
     C   14    Vyy=   -0.4209    axis=(  0.576784  0.723372  0.379543)
     C   14    Vzz=    0.5630    axis=(  0.732268 -0.663774  0.152275)
     C   14  Q=         1.0000 1e-30 m^2  Cq=         1.3229 MHz  eta= 0.49513

     H   15    Vxx=   -0.1461    axis=( -0.485862 -0.422772  0.764985)
     H   15    Vyy=   -0.5787    axis=( -0.425119  0.879036  0.215799)
     H   15    Vzz=    0.7248    axis=( -0.763683 -0.220361 -0.606819)
     H   15  Q=         1.0000 1e-30 m^2  Cq=         1.7031 MHz  eta= 0.59677

     C   16    Vxx=    0.0558    axis=( -0.003146 -0.443058  0.896487)
     C   16    Vyy=    0.6397    axis=(  0.024015  0.896200  0.443000)
     C   16    Vzz=   -0.6955    axis=( -0.999707  0.022923  0.007821)
     C   16  Q=         1.0000 1e-30 m^2  Cq=        -1.6341 MHz  eta= 0.83968

     C   17    Vxx=   -0.1648    axis=(  0.516194  0.594329 -0.616698)
     C   17    Vyy=   -0.3997    axis=( -0.136582  0.767953  0.625775)
     C   17    Vzz=    0.5645    axis=( -0.845511  0.238791 -0.477587)
     C   17  Q=         1.0000 1e-30 m^2  Cq=         1.3264 MHz  eta= 0.41615

     Cl  18    Vxx=    0.6443    axis=(  0.557868  0.645582 -0.521544)
     Cl  18    Vyy=    0.9134    axis=( -0.829651  0.450081 -0.330311)
     Cl  18    Vzz=   -1.5577    axis=(  0.021494  0.616970  0.786693)
     Cl  18  Q=        -8.1650 1e-30 m^2  Cq=        29.8846 MHz  eta= 0.17274

     H   19    Vxx=   -0.0593    axis=( -0.703168 -0.107351 -0.702873)
     H   19    Vyy=   -0.3140    axis=( -0.707981  0.197067  0.678180)
     H   19    Vzz=    0.3733    axis=(  0.065710  0.974495 -0.214574)
     H   19  Q=         1.0000 1e-30 m^2  Cq=         0.8772 MHz  eta= 0.68223

     C   20    Vxx=    0.1530    axis=(  0.569317 -0.382669 -0.727628)
     C   20    Vyy=    0.7001    axis=( -0.038703 -0.896559  0.441230)
     C   20    Vzz=   -0.8531    axis=(  0.821207  0.223038  0.525237)
     C   20  Q=         1.0000 1e-30 m^2  Cq=        -2.0044 MHz  eta= 0.64124

     H   21    Vxx=   -0.0357    axis=(  0.436572  0.886684  0.152304)
     H   21    Vyy=   -0.7073    axis=( -0.517318  0.108907  0.848835)
     H   21    Vzz=    0.7430    axis=(  0.736061 -0.449368  0.506243)
     H   21  Q=         1.0000 1e-30 m^2  Cq=         1.7457 MHz  eta= 0.90394

     C   22    Vxx=   -0.0288    axis=( -0.742388  0.020181 -0.669667)
     C   22    Vyy=   -0.4373    axis=( -0.148046  0.969896  0.193351)
     C   22    Vzz=    0.4661    axis=(  0.653409  0.242683 -0.717051)
     C   22  Q=         1.0000 1e-30 m^2  Cq=         1.0951 MHz  eta= 0.87647

     C   23    Vxx=    0.0058    axis=( -0.532975  0.476633  0.699113)
     C   23    Vyy=    0.9266    axis=( -0.001055 -0.826620  0.562760)
     C   23    Vzz=   -0.9324    axis=(  0.846130  0.299199  0.441070)
     C   23  Q=         1.0000 1e-30 m^2  Cq=        -2.1907 MHz  eta= 0.98764

     Cl  24    Vxx=    0.4500    axis=(  0.700669  0.380530  0.603539)
     Cl  24    Vyy=    2.5355    axis=( -0.396556 -0.495511  0.772795)
     Cl  24    Vzz=   -2.9854    axis=(  0.593132 -0.780811 -0.196288)
     Cl  24  Q=        -8.1650 1e-30 m^2  Cq=        57.2741 MHz  eta= 0.69856

     Initialization:
     gipaw_setup  :      9.62s CPU     11.66s WALL (       1 calls)

     Linear response

     Apply operators

     Induced current

     Other routines
     efg          :     10.94s CPU     23.28s WALL (       1 calls)

     General routines
     calbec       :      3.32s CPU      4.30s WALL (      16 calls)
     fft          :      1.59s CPU      2.06s WALL (      15 calls)
     ffts         :      0.03s CPU      0.05s WALL (       2 calls)
     fftw         :      4.71s CPU      8.97s WALL (     672 calls)
     davcio       :      0.09s CPU      6.87s WALL (      32 calls)

     Parallel routines
     fft_scatter  :      3.56s CPU      8.17s WALL (     689 calls)

     Plugins

     GIPAW        :     63.26s CPU     86.65s WALL (       1 calls)
