
     Program QE v.6.0 (svn rev. 13079) starts on 31Dec2016 at 14:13:20 

     This program is part of the open-source Quantum ESPRESSO suite
     for quantum simulation of materials; please cite
         "P. Giannozzi et al., J. Phys.:Condens. Matter 21 395502 (2009);
          URL http://www.quantum-espresso.org", 
     in publications or presentations arising from this work. More details at
     http://www.quantum-espresso.org/quote

     Parallel version (MPI), running on     8 processors
     R & G space division:  proc/nbgrp/npool/nimage =       8

     ***** This is GIPAW svn revision unknown      *****

     Parallelizing q-star over 1 images

     Reading data from directory:
     /users/majewski/paradichlorobenzene/pbe/9_constraint/scratch/pbe.ecut100.np8.dt60.pcl2phi-129368.save
     Message from routine read_xml_file:
     file /users/majewski/paradichlorobenzene/pbe/9_constraint/scratch/pbe.ecut100.np8.dt60.pcl2phi-129368.save not guaranteed to be safe for post-processing

   Info: using nr1, nr2, nr3 values from input

   Info: using nr1, nr2, nr3 values from input

     IMPORTANT: XC functional enforced from input :
     Exchange-correlation      =  SLA  PW   PBX  PBC ( 1  4  3  4 0 0)
     Any further DFT definition will be discarded
     Please, verify this is what you really want

               file C.pbe-n-kjpaw_psl.1.0.0.UPF: wavefunction(s)  2S 2P renormalized
               file Cl.pbe-n-kjpaw_psl.1.0.0.UPF: wavefunction(s)  3S 3P renormalized
               file H.pbe-kjpaw_psl.1.0.0.UPF: wavefunction(s)  1S renormalized

     Parallelization info
     --------------------
     sticks:   dense  smooth     PW     G-vecs:    dense   smooth      PW
     Min        3057    1223    332               144436    36536    5170
     Max        3059    1225    333               144437    36537    5171
     Sum       24467    9791   2657              1155489   292295   41363


     Subspace diagonalization in iterative solution of the eigenvalue problem:
     a serial algorithm will be used

     GIPAW projectors -----------------------------------------------
     atom=  C    l=0  rc=    1.2000  rs=    0.8000
     atom=  C    l=0  rc=    1.2000  rs=    0.8000
     atom=  C    l=1  rc=    1.4000  rs=    0.9333
     atom=  C    l=1  rc=    1.4000  rs=    0.9333
     projs nearly linearly dependent: l=1  n1,n2= 1, 2  s=  0.99951561

     atom=  Cl   l=0  rc=    1.6000  rs=    1.0667
     atom=  Cl   l=0  rc=    1.6000  rs=    1.0667
     atom=  Cl   l=1  rc=    1.6000  rs=    1.0667
     atom=  Cl   l=1  rc=    1.6000  rs=    1.0667
     atom=  Cl   l=2  rc=    1.6000  rs=    1.0667
     atom=  Cl   l=2  rc=    1.6000  rs=    1.0667
     projs nearly linearly dependent: l=2  n1,n2= 1, 2  s=  0.99993509

     atom=  H    l=0  rc=    1.0000  rs=    0.6667
     atom=  H    l=0  rc=    1.0000  rs=    0.6667
     projs nearly linearly dependent: l=0  n1,n2= 1, 2  s=  0.99968852
     -----------------------------------------------------------------

     GIPAW integrals: -------------------------------------------
     Atom  i/j   nmr_para   nmr_dia   epr_rmc  epr_para   epr_dia
       C   1 1   0.83E+03  0.17E-01  0.93E+01  0.24E+08  0.24E+03
       C   2 1   0.86E+03 -0.61E-01  0.94E+01  0.25E+08  0.25E+03
       C   2 2   0.90E+03 -0.15E+00  0.97E+01  0.26E+08  0.26E+03
       C   3 3   0.33E+01  0.34E+00  0.18E+01  0.55E+03  0.21E+02
       C   4 3   0.35E+01  0.37E+00  0.20E+01  0.59E+03  0.22E+02
       C   4 4   0.38E+01  0.39E+00  0.22E+01  0.63E+03  0.24E+02
       Cl  1 1   0.14E+04 -0.47E+00  0.84E+01  0.32E+09  0.42E+03
       Cl  2 1   0.21E+04 -0.37E+00  0.12E+02  0.49E+09  0.65E+03
       Cl  2 2   0.33E+04 -0.16E+00  0.21E+02  0.76E+09  0.10E+04
       Cl  3 3   0.21E+02  0.79E-01  0.89E+01  0.23E+05  0.13E+03
       Cl  4 3   0.24E+02  0.67E-01  0.99E+01  0.27E+05  0.15E+03
       Cl  4 4   0.28E+02  0.44E-01  0.11E+02  0.32E+05  0.18E+03
       Cl  5 5   0.77E+00  0.19E+00  0.18E+01  0.12E+03  0.22E+02
       Cl  6 5   0.80E+00  0.19E+00  0.19E+01  0.12E+03  0.23E+02
       Cl  6 6   0.83E+00  0.20E+00  0.19E+01  0.12E+03  0.23E+02
       H   1 1   0.39E+02  0.19E+00  0.29E+00  0.78E+05  0.13E+02
       H   2 1   0.41E+02  0.21E+00  0.32E+00  0.82E+05  0.14E+02
       H   2 2   0.43E+02  0.22E+00  0.36E+00  0.86E+05  0.15E+02
     ------------------------------------------------------------

     alpha_pv=     33.8755 eV

     Number of occupied bands for each k-point:
     k-point:     1    nbnd_occ=  42
     k-point:     2    nbnd_occ=  42
     k-point:     3    nbnd_occ=  42
     k-point:     4    nbnd_occ=  42
     k-point:     5    nbnd_occ=  42
     k-point:     6    nbnd_occ=  42
     k-point:     7    nbnd_occ=  42
     k-point:     8    nbnd_occ=  42
     k-point:     9    nbnd_occ=  42
     k-point:    10    nbnd_occ=  42
     k-point:    11    nbnd_occ=  42
     k-point:    12    nbnd_occ=  42
     k-point:    13    nbnd_occ=  42
     k-point:    14    nbnd_occ=  42
     k-point:    15    nbnd_occ=  42
     k-point:    16    nbnd_occ=  42


     q-space interpolation up to   110.00 Rydberg

     GIPAW job: efg                                                                             


     ELECTRIC FIELD GRADIENTS TENSORS IN Hartree/bohrradius^2:

     ----- bare term -----
     Cl   1       -0.007661        0.293088       -0.002492
     Cl   1        0.293088       -0.141488       -0.019111
     Cl   1       -0.002492       -0.019111        0.149149

     C    2        0.058244       -0.377534       -0.526758
     C    2       -0.377534       -0.241685       -0.541237
     C    2       -0.526758       -0.541237        0.183441

     C    3       -0.570097        0.310320       -0.067613
     C    3        0.310320        0.180914       -0.328542
     C    3       -0.067613       -0.328542        0.389183

     H    4       -0.213251       -0.493376       -0.021647
     H    4       -0.493376       -0.108513        0.184565
     H    4       -0.021647        0.184565        0.321764

     C    5       -0.122202       -0.203334       -0.341083
     C    5       -0.203334        0.046219       -0.509246
     C    5       -0.341083       -0.509246        0.075984

     H    6        0.435071       -0.068350       -0.024209
     H    6       -0.068350       -0.741834        0.120950
     H    6       -0.024209        0.120950        0.306763

     H    7        0.189741        0.029333        0.389226
     H    7        0.029333        0.166337        0.241021
     H    7        0.389226        0.241021       -0.356078

     C    8       -0.254713       -0.115028       -0.178033
     C    8       -0.115028        0.243702        0.022006
     C    8       -0.178033        0.022006        0.011011

     H    9        0.207815        0.028695       -0.157532
     H    9        0.028695        0.213387       -0.237777
     H    9       -0.157532       -0.237777       -0.421202

     C   10        0.238801       -0.084049        0.189122
     C   10       -0.084049       -0.102476       -0.039509
     C   10        0.189122       -0.039509       -0.136325

     C   11       -0.100878       -0.049973       -0.349817
     C   11       -0.049973        0.070307        0.097194
     C   11       -0.349817        0.097194        0.030571

     Cl  12       -0.058898       -0.011830        0.113001
     Cl  12       -0.011830        0.002666       -0.131858
     Cl  12        0.113001       -0.131858        0.056232

     H   13        0.196046       -0.377234        0.243075
     H   13       -0.377234       -0.477039        0.015496
     H   13        0.243075        0.015496        0.280994

     C   14       -0.364208        0.444350       -0.190456
     C   14        0.444350        0.086739        0.045753
     C   14       -0.190456        0.045753        0.277469

     H   15       -0.531429       -0.003793        0.149346
     H   15       -0.003793        0.248031       -0.219932
     H   15        0.149346       -0.219932        0.283398

     C   16        0.042903       -0.190542       -0.053709
     C   16       -0.190542       -0.294952       -0.438213
     C   16       -0.053709       -0.438213        0.252048

     C   17       -0.679444        0.447361       -0.330213
     C   17        0.447361        0.145494       -0.040893
     C   17       -0.330213       -0.040893        0.533950

     Cl  18       -0.014345        0.075404        0.095632
     Cl  18        0.075404       -0.049148       -0.051930
     Cl  18        0.095632       -0.051930        0.063493

     H   19        0.332307        0.318973       -0.103905
     H   19        0.318973       -0.588910        0.443791
     H   19       -0.103905        0.443791        0.256603

     C   20       -0.034769       -0.504980       -0.057628
     C   20       -0.504980       -0.253758        0.402853
     C   20       -0.057628        0.402853        0.288528

     H   21       -0.018714        0.130521       -0.495184
     H   21        0.130521        0.463795        0.135143
     H   21       -0.495184        0.135143       -0.445080

     C   22       -0.344772       -0.279077       -0.319056
     C   22       -0.279077       -0.031216        0.363589
     C   22       -0.319056        0.363589        0.375988

     C   23       -0.003802       -0.386245       -0.194590
     C   23       -0.386245       -0.165033        0.584109
     C   23       -0.194590        0.584109        0.168835

     Cl  24        0.058049       -0.051630        0.043720
     Cl  24       -0.051630        0.006833       -0.049623
     Cl  24        0.043720       -0.049623       -0.064882

     ----- ionic term -----
     Cl   1        0.108901       -0.181755       -0.015000
     Cl   1       -0.181755        0.041430        0.016485
     Cl   1       -0.015000        0.016485       -0.150331

     C    2        0.240319       -0.061833        0.173903
     C    2       -0.061833        0.278733        0.298888
     C    2        0.173903        0.298888       -0.519052

     C    3        0.212016       -0.075038        0.119343
     C    3       -0.075038        0.313476        0.273199
     C    3        0.119343        0.273199       -0.525493

     H    4        0.813308        0.460135        0.394597
     H    4        0.460135       -0.312972        0.157846
     H    4        0.394597        0.157846       -0.500336

     C    5        0.373755       -0.059512        0.143159
     C    5       -0.059512        0.171856        0.218532
     C    5        0.143159        0.218532       -0.545611

     H    6       -0.486572        0.189944        0.045587
     H    6        0.189944        0.934199        0.426084
     H    6        0.045587        0.426084       -0.447627

     H    7       -0.517795        0.127645       -0.065261
     H    7        0.127645        0.520806       -0.747718
     H    7       -0.065261       -0.747718       -0.003011

     C    8        0.127559        0.323330        0.299423
     C    8        0.323330        0.034473       -0.245059
     C    8        0.299423       -0.245059       -0.162032

     H    9        0.241678       -0.018708        0.814178
     H    9       -0.018708       -0.522592       -0.099257
     H    9        0.814178       -0.099257        0.280914

     C   10        0.002736        0.339421        0.258695
     C   10        0.339421        0.100567       -0.339945
     C   10        0.258695       -0.339945       -0.103303

     C   11        0.075185        0.264506        0.336754
     C   11        0.264506        0.005214       -0.389581
     C   11        0.336754       -0.389581       -0.080399

     Cl  12        0.149168        0.221255        0.035717
     Cl  12        0.221255       -0.012403        0.007132
     Cl  12        0.035717        0.007132       -0.136765

     H   13       -0.497799        0.085001        0.037995
     H   13        0.085001        0.897356        0.487337
     H   13        0.037995        0.487337       -0.399557

     C   14        0.356719       -0.198566        0.171031
     C   14       -0.198566        0.175154        0.226512
     C   14        0.171031        0.226512       -0.531873

     H   15        0.882244        0.241034        0.466292
     H   15        0.241034       -0.436736        0.133147
     H   15        0.466292        0.133147       -0.445508

     C   16        0.238890       -0.228215        0.142583
     C   16       -0.228215        0.260741        0.310090
     C   16        0.142583        0.310090       -0.499631

     C   17        0.278514       -0.041958        0.152701
     C   17       -0.041958        0.232008        0.341235
     C   17        0.152701        0.341235       -0.510522

     Cl  18        0.127161       -0.211641       -0.013181
     Cl  18       -0.211641        0.030451        0.007172
     Cl  18       -0.013181        0.007172       -0.157612

     H   19       -0.538859       -0.046834        0.039694
     H   19       -0.046834        0.664679       -0.703789
     H   19        0.039694       -0.703789       -0.125820

     C   20        0.100026        0.269184        0.298404
     C   20        0.269184        0.063229       -0.272127
     C   20        0.298404       -0.272127       -0.163255

     H   21        0.279625       -0.125229        0.775031
     H   21       -0.125229       -0.517267       -0.203902
     H   21        0.775031       -0.203902        0.237642

     C   22        0.005833        0.328679        0.209323
     C   22        0.328679        0.142911       -0.394152
     C   22        0.209323       -0.394152       -0.148743

     C   23        0.060354        0.277683        0.314622
     C   23        0.277683        0.062791       -0.369119
     C   23        0.314622       -0.369119       -0.123145

     Cl  24        0.118633        0.203816        0.019466
     Cl  24        0.203816        0.036711        0.010158
     Cl  24        0.019466        0.010158       -0.155344

     ----- GIPAW term -----
     Cl   1        2.522274       -1.353997       -0.043614
     Cl   1       -1.353997       -1.012398       -0.069897
     Cl   1       -0.043614       -0.069897       -1.509876

     C    2        0.059145       -0.247266       -0.172024
     C    2       -0.247266       -0.021136        0.053744
     C    2       -0.172024        0.053744       -0.038009

     C    3       -0.193971       -0.035129        0.020299
     C    3       -0.035129        0.234504       -0.141700
     C    3        0.020299       -0.141700       -0.040533

     H    4       -0.000000        0.000000        0.000000
     H    4        0.000000        0.000000        0.000000
     H    4        0.000000        0.000000        0.000000

     C    5       -0.079913       -0.118151       -0.022570
     C    5       -0.118151        0.208006       -0.145673
     C    5       -0.022570       -0.145673       -0.128093

     H    6       -0.000000        0.000000        0.000000
     H    6        0.000000        0.000000        0.000000
     H    6        0.000000        0.000000        0.000000

     H    7       -0.000000        0.000000        0.000000
     H    7        0.000000        0.000000        0.000000
     H    7        0.000000        0.000000        0.000000

     C    8       -0.013687       -0.043728       -0.039693
     C    8       -0.043728        0.028431        0.030592
     C    8       -0.039693        0.030592       -0.014743

     H    9       -0.000000        0.000000        0.000000
     H    9        0.000000        0.000000        0.000000
     H    9        0.000000        0.000000        0.000000

     C   10        0.019107        0.009979        0.026586
     C   10        0.009979        0.003038       -0.027232
     C   10        0.026586       -0.027232       -0.022145

     C   11        0.033401       -0.034358       -0.060405
     C   11       -0.034358        0.026951        0.032599
     C   11       -0.060405        0.032599       -0.060352

     Cl  12        0.101335       -0.197159       -1.174842
     Cl  12       -0.197159        0.078569        1.406652
     Cl  12       -1.174842        1.406652       -0.179904

     H   13       -0.000000        0.000000        0.000000
     H   13        0.000000        0.000000        0.000000
     H   13        0.000000        0.000000        0.000000

     C   14        0.030193       -0.019367       -0.054440
     C   14       -0.019367        0.006074        0.058185
     C   14       -0.054440        0.058185       -0.036266

     H   15       -0.000000        0.000000        0.000000
     H   15        0.000000        0.000000        0.000000
     H   15        0.000000        0.000000        0.000000

     C   16       -0.019012       -0.070868       -0.042832
     C   16       -0.070868       -0.017698        0.035849
     C   16       -0.042832        0.035849        0.036711

     C   17       -0.075151       -0.091630       -0.124923
     C   17       -0.091630        0.035578        0.134255
     C   17       -0.124923        0.134255        0.039573

     Cl  18       -0.014370       -2.045825       -0.648599
     Cl  18       -2.045825        0.193019        1.541577
     Cl  18       -0.648599        1.541577       -0.178649

     H   19       -0.000000        0.000000        0.000000
     H   19        0.000000        0.000000        0.000000
     H   19        0.000000        0.000000        0.000000

     C   20        0.048615       -0.248204        0.055652
     C   20       -0.248204        0.022581        0.031221
     C   20        0.055652        0.031221       -0.071196

     H   21       -0.000000        0.000000        0.000000
     H   21        0.000000        0.000000        0.000000
     H   21        0.000000        0.000000        0.000000

     C   22       -0.065249       -0.086691       -0.045636
     C   22       -0.086691        0.028008        0.021470
     C   22       -0.045636        0.021470        0.037241

     C   23        0.129675       -0.117658       -0.076790
     C   23       -0.117658        0.012886        0.126359
     C   23       -0.076790        0.126359       -0.142561

     Cl  24        1.870021        1.601922        0.418142
     Cl  24        1.601922        0.044011       -0.377146
     Cl  24        0.418142       -0.377146       -1.914032

     ----- total EFG -----
     Cl   1        2.623513       -1.242664       -0.061106
     Cl   1       -1.242664       -1.112456       -0.072523
     Cl   1       -0.061106       -0.072523       -1.511057

     C    2        0.357708       -0.686634       -0.524879
     C    2       -0.686634        0.015913       -0.188605
     C    2       -0.524879       -0.188605       -0.373620

     C    3       -0.552052        0.200153        0.072030
     C    3        0.200153        0.728894       -0.197042
     C    3        0.072030       -0.197042       -0.176842

     H    4        0.600057       -0.033241        0.372950
     H    4       -0.033241       -0.421486        0.342411
     H    4        0.372950        0.342411       -0.178571

     C    5        0.171640       -0.380997       -0.220494
     C    5       -0.380997        0.426081       -0.436388
     C    5       -0.220494       -0.436388       -0.597721

     H    6       -0.051501        0.121593        0.021378
     H    6        0.121593        0.192365        0.547034
     H    6        0.021378        0.547034       -0.140863

     H    7       -0.328054        0.156977        0.323965
     H    7        0.156977        0.687143       -0.506696
     H    7        0.323965       -0.506696       -0.359089

     C    8       -0.140841        0.164574        0.081697
     C    8        0.164574        0.306605       -0.192462
     C    8        0.081697       -0.192462       -0.165764

     H    9        0.449493        0.009987        0.656646
     H    9        0.009987       -0.309205       -0.337034
     H    9        0.656646       -0.337034       -0.140288

     C   10        0.260645        0.265351        0.474402
     C   10        0.265351        0.001128       -0.406685
     C   10        0.474402       -0.406685       -0.261773

     C   11        0.007708        0.180175       -0.073468
     C   11        0.180175        0.102472       -0.259789
     C   11       -0.073468       -0.259789       -0.110179

     Cl  12        0.191604        0.012266       -1.026124
     Cl  12        0.012266        0.068833        1.281926
     Cl  12       -1.026124        1.281926       -0.260437

     H   13       -0.301753       -0.292233        0.281070
     H   13       -0.292233        0.420317        0.502833
     H   13        0.281070        0.502833       -0.118563

     C   14        0.022704        0.226417       -0.073864
     C   14        0.226417        0.267967        0.330450
     C   14       -0.073864        0.330450       -0.290670

     H   15        0.350816        0.237241        0.615638
     H   15        0.237241       -0.188706       -0.086785
     H   15        0.615638       -0.086785       -0.162110

     C   16        0.262781       -0.489625        0.046041
     C   16       -0.489625       -0.051909       -0.092274
     C   16        0.046041       -0.092274       -0.210872

     C   17       -0.476081        0.313774       -0.302435
     C   17        0.313774        0.413080        0.434597
     C   17       -0.302435        0.434597        0.063000

     Cl  18        0.098446       -2.182063       -0.566148
     Cl  18       -2.182063        0.174322        1.496818
     Cl  18       -0.566148        1.496818       -0.272768

     H   19       -0.206552        0.272139       -0.064211
     H   19        0.272139        0.075769       -0.259997
     H   19       -0.064211       -0.259997        0.130783

     C   20        0.113871       -0.484000        0.296427
     C   20       -0.484000       -0.167948        0.161948
     C   20        0.296427        0.161948        0.054077

     H   21        0.260911        0.005292        0.279847
     H   21        0.005292       -0.053472       -0.068759
     H   21        0.279847       -0.068759       -0.207438

     C   22       -0.404188       -0.037088       -0.155369
     C   22       -0.037088        0.139703       -0.009094
     C   22       -0.155369       -0.009094        0.264486

     C   23        0.186227       -0.226220        0.043242
     C   23       -0.226220       -0.089356        0.341349
     C   23        0.043242        0.341349       -0.096871

     Cl  24        2.046703        1.754108        0.481328
     Cl  24        1.754108        0.087556       -0.416612
     Cl  24        0.481328       -0.416612       -2.134258

     ----- total EFG (symmetrized) -----
     Cl   1        2.623513       -1.242664       -0.061106
     Cl   1       -1.242664       -1.112456       -0.072523
     Cl   1       -0.061106       -0.072523       -1.511057

     C    2        0.357708       -0.686634       -0.524879
     C    2       -0.686634        0.015913       -0.188605
     C    2       -0.524879       -0.188605       -0.373620

     C    3       -0.552052        0.200153        0.072030
     C    3        0.200153        0.728894       -0.197042
     C    3        0.072030       -0.197042       -0.176842

     H    4        0.600057       -0.033241        0.372950
     H    4       -0.033241       -0.421486        0.342411
     H    4        0.372950        0.342411       -0.178571

     C    5        0.171640       -0.380997       -0.220494
     C    5       -0.380997        0.426081       -0.436388
     C    5       -0.220494       -0.436388       -0.597721

     H    6       -0.051501        0.121593        0.021378
     H    6        0.121593        0.192365        0.547034
     H    6        0.021378        0.547034       -0.140863

     H    7       -0.328054        0.156977        0.323965
     H    7        0.156977        0.687143       -0.506696
     H    7        0.323965       -0.506696       -0.359089

     C    8       -0.140841        0.164574        0.081697
     C    8        0.164574        0.306605       -0.192462
     C    8        0.081697       -0.192462       -0.165764

     H    9        0.449493        0.009987        0.656646
     H    9        0.009987       -0.309205       -0.337034
     H    9        0.656646       -0.337034       -0.140288

     C   10        0.260645        0.265351        0.474402
     C   10        0.265351        0.001128       -0.406685
     C   10        0.474402       -0.406685       -0.261773

     C   11        0.007708        0.180175       -0.073468
     C   11        0.180175        0.102472       -0.259789
     C   11       -0.073468       -0.259789       -0.110179

     Cl  12        0.191604        0.012266       -1.026124
     Cl  12        0.012266        0.068833        1.281926
     Cl  12       -1.026124        1.281926       -0.260437

     H   13       -0.301753       -0.292233        0.281070
     H   13       -0.292233        0.420317        0.502833
     H   13        0.281070        0.502833       -0.118563

     C   14        0.022704        0.226417       -0.073864
     C   14        0.226417        0.267967        0.330450
     C   14       -0.073864        0.330450       -0.290670

     H   15        0.350816        0.237241        0.615638
     H   15        0.237241       -0.188706       -0.086785
     H   15        0.615638       -0.086785       -0.162110

     C   16        0.262781       -0.489625        0.046041
     C   16       -0.489625       -0.051909       -0.092274
     C   16        0.046041       -0.092274       -0.210872

     C   17       -0.476081        0.313774       -0.302435
     C   17        0.313774        0.413080        0.434597
     C   17       -0.302435        0.434597        0.063000

     Cl  18        0.098446       -2.182063       -0.566148
     Cl  18       -2.182063        0.174322        1.496818
     Cl  18       -0.566148        1.496818       -0.272768

     H   19       -0.206552        0.272139       -0.064211
     H   19        0.272139        0.075769       -0.259997
     H   19       -0.064211       -0.259997        0.130783

     C   20        0.113871       -0.484000        0.296427
     C   20       -0.484000       -0.167948        0.161948
     C   20        0.296427        0.161948        0.054077

     H   21        0.260911        0.005292        0.279847
     H   21        0.005292       -0.053472       -0.068759
     H   21        0.279847       -0.068759       -0.207438

     C   22       -0.404188       -0.037088       -0.155369
     C   22       -0.037088        0.139703       -0.009094
     C   22       -0.155369       -0.009094        0.264486

     C   23        0.186227       -0.226220        0.043242
     C   23       -0.226220       -0.089356        0.341349
     C   23        0.043242        0.341349       -0.096871

     Cl  24        2.046703        1.754108        0.481328
     Cl  24        1.754108        0.087556       -0.416612
     Cl  24        0.481328       -0.416612       -2.134258


     NQR/NMR SPECTROSCOPIC PARAMETERS:
     Cl   1    Vxx=   -1.4118    axis=( -0.212372 -0.722020  0.658472)
     Cl   1    Vyy=   -1.5876    axis=( -0.196402 -0.628555 -0.752559)
     Cl   1    Vzz=    2.9994    axis=( -0.957248  0.289148  0.008319)
     Cl   1  Q=        -8.1650 1e-30 m^2  Cq=       -57.5421 MHz  eta= 0.05860

     C    2    Vxx=   -0.0229    axis=( -0.231860 -0.668614  0.706539)
     C    2    Vyy=   -0.9457    axis=( -0.539690 -0.515873 -0.665289)
     C    2    Vzz=    0.9685    axis=( -0.809305  0.535566  0.241234)
     C    2  Q=         1.0000 1e-30 m^2  Cq=         2.2757 MHz  eta= 0.95273

     C    3    Vxx=   -0.1868    axis=(  0.268003  0.146319  0.952242)
     C    3    Vyy=   -0.6077    axis=( -0.953969  0.178397  0.241077)
     C    3    Vzz=    0.7945    axis=( -0.134603 -0.973019  0.187395)
     C    3  Q=         1.0000 1e-30 m^2  Cq=         1.8668 MHz  eta= 0.52967

     H    4    Vxx=   -0.0466    axis=( -0.355605  0.647273  0.674228)
     H    4    Vyy=   -0.7120    axis=(  0.196325  0.757016 -0.623204)
     H    4    Vzz=    0.7585    axis=(  0.913784  0.089247  0.396274)
     H    4  Q=         1.0000 1e-30 m^2  Cq=         1.7823 MHz  eta= 0.87726

     C    5    Vxx=    0.1284    axis=(  0.810528  0.359630 -0.462288)
     C    5    Vyy=    0.7458    axis=(  0.488894 -0.850067  0.195880)
     C    5    Vzz=   -0.8741    axis=(  0.322531  0.384776  0.864824)
     C    5  Q=         1.0000 1e-30 m^2  Cq=        -2.0538 MHz  eta= 0.70633

     H    6    Vxx=   -0.0636    axis=(  0.980118 -0.064782 -0.187543)
     H    6    Vyy=   -0.5523    axis=( -0.111892  0.600109 -0.792054)
     H    6    Vzz=    0.6159    axis=(  0.163857  0.797291  0.580929)
     H    6  Q=         1.0000 1e-30 m^2  Cq=         1.4472 MHz  eta= 0.79339

     H    7    Vxx=   -0.0684    axis=(  0.809659  0.201456  0.551243)
     H    7    Vyy=   -0.8244    axis=( -0.586521  0.311532  0.747623)
     H    7    Vzz=    0.8928    axis=( -0.021117 -0.928635  0.370393)
     H    7  Q=         1.0000 1e-30 m^2  Cq=         2.0978 MHz  eta= 0.84671

     C    8    Vxx=   -0.0707    axis=(  0.759297  0.000750  0.650744)
     C    8    Vyy=   -0.3358    axis=( -0.605611  0.366742  0.706212)
     C    8    Vzz=    0.4064    axis=( -0.238126 -0.930322  0.278920)
     C    8  Q=         1.0000 1e-30 m^2  Cq=         0.9550 MHz  eta= 0.65228

     H    9    Vxx=   -0.1425    axis=(  0.421110  0.817886 -0.392083)
     H    9    Vyy=   -0.7584    axis=( -0.400667  0.555562  0.728572)
     H    9    Vzz=    0.9009    axis=( -0.813715  0.149714 -0.561652)
     H    9  Q=         1.0000 1e-30 m^2  Cq=         2.1167 MHz  eta= 0.68366

     C   10    Vxx=    0.2841    axis=(  0.194827  0.860109 -0.471440)
     C   10    Vyy=    0.5424    axis=( -0.873712 -0.066236 -0.481913)
     C   10    Vzz=   -0.8266    axis=( -0.445724  0.505792  0.738583)
     C   10  Q=         1.0000 1e-30 m^2  Cq=        -1.9421 MHz  eta= 0.31247

     C   11    Vxx=   -0.0849    axis=(  0.871567 -0.285305  0.398714)
     C   11    Vyy=   -0.2912    axis=( -0.165187  0.594808  0.786713)
     C   11    Vzz=    0.3761    axis=( -0.461611 -0.751535  0.471286)
     C   11  Q=         1.0000 1e-30 m^2  Cq=         0.8836 MHz  eta= 0.54856

     Cl  12    Vxx=    0.1551    axis=(  0.774634  0.631435  0.035090)
     Cl  12    Vyy=    1.5756    axis=(  0.489030 -0.562905 -0.666324)
     Cl  12    Vzz=   -1.7307    axis=( -0.400987  0.533317 -0.744837)
     Cl  12  Q=        -8.1650 1e-30 m^2  Cq=        33.2034 MHz  eta= 0.82075

     H   13    Vxx=    0.0257    axis=(  0.746335 -0.238902  0.621217)
     H   13    Vyy=    0.7339    axis=( -0.116896  0.871800  0.475709)
     H   13    Vzz=   -0.7596    axis=( -0.655225 -0.427656  0.622728)
     H   13  Q=         1.0000 1e-30 m^2  Cq=        -1.7848 MHz  eta= 0.93223

     C   14    Vxx=    0.0076    axis=(  0.874835 -0.201927 -0.440328)
     C   14    Vyy=    0.4904    axis=(  0.367837  0.868379  0.332587)
     C   14    Vzz=   -0.4981    axis=(  0.315213 -0.452928  0.833965)
     C   14  Q=         1.0000 1e-30 m^2  Cq=        -1.1702 MHz  eta= 0.96940

     H   15    Vxx=   -0.1218    axis=(  0.099230  0.900577 -0.423218)
     H   15    Vyy=   -0.6631    axis=( -0.541859  0.405631  0.736106)
     H   15    Vzz=    0.7849    axis=(  0.834591  0.156281  0.528237)
     H   15  Q=         1.0000 1e-30 m^2  Cq=         1.8442 MHz  eta= 0.68969

     C   16    Vxx=   -0.2097    axis=( -0.222003 -0.123269  0.967223)
     C   16    Vyy=   -0.4200    axis=(  0.556900  0.798228  0.229554)
     C   16    Vzz=    0.6297    axis=(  0.800361 -0.589607  0.108561)
     C   16  Q=         1.0000 1e-30 m^2  Cq=         1.4796 MHz  eta= 0.33405

     C   17    Vxx=    0.0855    axis=(  0.593337  0.375985 -0.711748)
     C   17    Vyy=    0.7148    axis=( -0.090449 -0.847469 -0.523082)
     C   17    Vzz=   -0.8004    axis=(  0.799856 -0.374741  0.468828)
     C   17  Q=         1.0000 1e-30 m^2  Cq=        -1.8805 MHz  eta= 0.78624

     Cl  18    Vxx=   -0.6820    axis=(  0.561991 -0.013565  0.827032)
     Cl  18    Vyy=   -2.3105    axis=(  0.571747  0.728907 -0.376562)
     Cl  18    Vzz=    2.9926    axis=( -0.597721  0.684478  0.417395)
     Cl  18  Q=        -8.1650 1e-30 m^2  Cq=       -57.4110 MHz  eta= 0.54418

     H   19    Vxx=   -0.0630    axis=(  0.494209  0.437830  0.751041)
     H   19    Vyy=   -0.3875    axis=(  0.796504 -0.574209 -0.189382)
     H   19    Vzz=    0.4505    axis=(  0.348338  0.691801 -0.632513)
     H   19  Q=         1.0000 1e-30 m^2  Cq=         1.0585 MHz  eta= 0.72014

     C   20    Vxx=    0.1377    axis=( -0.045837  0.523376  0.850868)
     C   20    Vyy=    0.5279    axis=(  0.807266 -0.482302  0.340156)
     C   20    Vzz=   -0.6657    axis=(  0.588405  0.702469 -0.400396)
     C   20  Q=         1.0000 1e-30 m^2  Cq=        -1.5640 MHz  eta= 0.58621

     H   21    Vxx=   -0.0408    axis=(  0.139326  0.975774 -0.168678)
     H   21    Vyy=   -0.3521    axis=( -0.407357  0.211736  0.888385)
     H   21    Vzz=    0.3930    axis=(  0.902579 -0.055063  0.426989)
     H   21  Q=         1.0000 1e-30 m^2  Cq=         0.9233 MHz  eta= 0.79220

     C   22    Vxx=    0.1422    axis=(  0.065255 -0.997831  0.008707)
     C   22    Vyy=    0.2988    axis=(  0.215513  0.005573 -0.976485)
     C   22    Vzz=   -0.4410    axis=(  0.974318  0.065597  0.215409)
     C   22  Q=         1.0000 1e-30 m^2  Cq=        -1.0363 MHz  eta= 0.35512

     C   23    Vxx=    0.1193    axis=( -0.683424 -0.326867 -0.652756)
     C   23    Vyy=    0.3703    axis=(  0.674662 -0.624355 -0.393715)
     C   23    Vzz=   -0.4897    axis=( -0.278859 -0.709464  0.647224)
     C   23  Q=         1.0000 1e-30 m^2  Cq=        -1.1505 MHz  eta= 0.51261

     Cl  24    Vxx=   -0.6919    axis=( -0.449538  0.806947 -0.383082)
     Cl  24    Vyy=   -2.3925    axis=( -0.223892  0.313381  0.922857)
     Cl  24    Vzz=    3.0844    axis=( -0.864747 -0.500628 -0.039792)
     Cl  24  Q=        -8.1650 1e-30 m^2  Cq=       -59.1718 MHz  eta= 0.55138

     Initialization:
     gipaw_setup  :      8.92s CPU     10.74s WALL (       1 calls)

     Linear response

     Apply operators

     Induced current

     Other routines
     efg          :      9.25s CPU     11.80s WALL (       1 calls)

     General routines
     calbec       :      3.20s CPU      4.27s WALL (      16 calls)
     fft          :      1.40s CPU      2.01s WALL (      15 calls)
     ffts         :      0.04s CPU      0.05s WALL (       2 calls)
     fftw         :      3.26s CPU      3.99s WALL (     672 calls)
     davcio       :      0.03s CPU      0.33s WALL (      32 calls)

     Parallel routines
     fft_scatter  :      2.10s CPU      3.18s WALL (     689 calls)

     Plugins

     GIPAW        :     61.39s CPU     73.24s WALL (       1 calls)
