
     Program QE v.6.0 (svn rev. 13079) starts on 18Dec2016 at  3: 4:43 

     This program is part of the open-source Quantum ESPRESSO suite
     for quantum simulation of materials; please cite
         "P. Giannozzi et al., J. Phys.:Condens. Matter 21 395502 (2009);
          URL http://www.quantum-espresso.org", 
     in publications or presentations arising from this work. More details at
     http://www.quantum-espresso.org/quote

     Parallel version (MPI), running on     8 processors
     R & G space division:  proc/nbgrp/npool/nimage =       8

     ***** This is GIPAW svn revision unknown      *****

     Parallelizing q-star over 1 images

     Reading data from directory:
     /users/majewski/paradichlorobenzene/pbe/9_constraint/scratch/pbe.ecut100.np8.dt60.pcl2phi-129368.save
     Message from routine read_xml_file:
     file /users/majewski/paradichlorobenzene/pbe/9_constraint/scratch/pbe.ecut100.np8.dt60.pcl2phi-129368.save not guaranteed to be safe for post-processing

   Info: using nr1, nr2, nr3 values from input

   Info: using nr1, nr2, nr3 values from input

     IMPORTANT: XC functional enforced from input :
     Exchange-correlation      =  SLA  PW   PBX  PBC ( 1  4  3  4 0 0)
     Any further DFT definition will be discarded
     Please, verify this is what you really want

               file C.pbe-n-kjpaw_psl.1.0.0.UPF: wavefunction(s)  2S 2P renormalized
               file Cl.pbe-n-kjpaw_psl.1.0.0.UPF: wavefunction(s)  3S 3P renormalized
               file H.pbe-kjpaw_psl.1.0.0.UPF: wavefunction(s)  1S renormalized

     Parallelization info
     --------------------
     sticks:   dense  smooth     PW     G-vecs:    dense   smooth      PW
     Min        3057    1223    332               144436    36536    5170
     Max        3059    1225    333               144437    36537    5171
     Sum       24467    9791   2657              1155489   292295   41363


     Subspace diagonalization in iterative solution of the eigenvalue problem:
     a serial algorithm will be used

     GIPAW projectors -----------------------------------------------
     atom=  C    l=0  rc=    1.2000  rs=    0.8000
     atom=  C    l=0  rc=    1.2000  rs=    0.8000
     atom=  C    l=1  rc=    1.4000  rs=    0.9333
     atom=  C    l=1  rc=    1.4000  rs=    0.9333
     projs nearly linearly dependent: l=1  n1,n2= 1, 2  s=  0.99951561

     atom=  Cl   l=0  rc=    1.6000  rs=    1.0667
     atom=  Cl   l=0  rc=    1.6000  rs=    1.0667
     atom=  Cl   l=1  rc=    1.6000  rs=    1.0667
     atom=  Cl   l=1  rc=    1.6000  rs=    1.0667
     atom=  Cl   l=2  rc=    1.6000  rs=    1.0667
     atom=  Cl   l=2  rc=    1.6000  rs=    1.0667
     projs nearly linearly dependent: l=2  n1,n2= 1, 2  s=  0.99993509

     atom=  H    l=0  rc=    1.0000  rs=    0.6667
     atom=  H    l=0  rc=    1.0000  rs=    0.6667
     projs nearly linearly dependent: l=0  n1,n2= 1, 2  s=  0.99968852
     -----------------------------------------------------------------

     GIPAW integrals: -------------------------------------------
     Atom  i/j   nmr_para   nmr_dia   epr_rmc  epr_para   epr_dia
       C   1 1   0.83E+03  0.17E-01  0.93E+01  0.24E+08  0.24E+03
       C   2 1   0.86E+03 -0.61E-01  0.94E+01  0.25E+08  0.25E+03
       C   2 2   0.90E+03 -0.15E+00  0.97E+01  0.26E+08  0.26E+03
       C   3 3   0.33E+01  0.34E+00  0.18E+01  0.55E+03  0.21E+02
       C   4 3   0.35E+01  0.37E+00  0.20E+01  0.59E+03  0.22E+02
       C   4 4   0.38E+01  0.39E+00  0.22E+01  0.63E+03  0.24E+02
       Cl  1 1   0.14E+04 -0.47E+00  0.84E+01  0.32E+09  0.42E+03
       Cl  2 1   0.21E+04 -0.37E+00  0.12E+02  0.49E+09  0.65E+03
       Cl  2 2   0.33E+04 -0.16E+00  0.21E+02  0.76E+09  0.10E+04
       Cl  3 3   0.21E+02  0.79E-01  0.89E+01  0.23E+05  0.13E+03
       Cl  4 3   0.24E+02  0.67E-01  0.99E+01  0.27E+05  0.15E+03
       Cl  4 4   0.28E+02  0.44E-01  0.11E+02  0.32E+05  0.18E+03
       Cl  5 5   0.77E+00  0.19E+00  0.18E+01  0.12E+03  0.22E+02
       Cl  6 5   0.80E+00  0.19E+00  0.19E+01  0.12E+03  0.23E+02
       Cl  6 6   0.83E+00  0.20E+00  0.19E+01  0.12E+03  0.23E+02
       H   1 1   0.39E+02  0.19E+00  0.29E+00  0.78E+05  0.13E+02
       H   2 1   0.41E+02  0.21E+00  0.32E+00  0.82E+05  0.14E+02
       H   2 2   0.43E+02  0.22E+00  0.36E+00  0.86E+05  0.15E+02
     ------------------------------------------------------------

     alpha_pv=     33.9585 eV

     Number of occupied bands for each k-point:
     k-point:     1    nbnd_occ=  42
     k-point:     2    nbnd_occ=  42
     k-point:     3    nbnd_occ=  42
     k-point:     4    nbnd_occ=  42
     k-point:     5    nbnd_occ=  42
     k-point:     6    nbnd_occ=  42
     k-point:     7    nbnd_occ=  42
     k-point:     8    nbnd_occ=  42
     k-point:     9    nbnd_occ=  42
     k-point:    10    nbnd_occ=  42
     k-point:    11    nbnd_occ=  42
     k-point:    12    nbnd_occ=  42
     k-point:    13    nbnd_occ=  42
     k-point:    14    nbnd_occ=  42
     k-point:    15    nbnd_occ=  42
     k-point:    16    nbnd_occ=  42


     q-space interpolation up to   110.00 Rydberg

     GIPAW job: efg                                                                             


     ELECTRIC FIELD GRADIENTS TENSORS IN Hartree/bohrradius^2:

     ----- bare term -----
     Cl   1       -0.004919        0.075381       -0.015265
     Cl   1        0.075381        0.086474       -0.002649
     Cl   1       -0.015265       -0.002649       -0.081554

     C    2       -0.222831        0.320299       -0.168013
     C    2        0.320299       -0.161082       -0.389241
     C    2       -0.168013       -0.389241        0.383913

     C    3       -0.056347        0.368884       -0.216287
     C    3        0.368884       -0.169260       -0.593455
     C    3       -0.216287       -0.593455        0.225607

     H    4        0.022543       -0.136424       -0.370765
     H    4       -0.136424        0.450753        0.063139
     H    4       -0.370765        0.063139       -0.473296

     C    5       -0.534645        0.318053       -0.351102
     C    5        0.318053        0.350476       -0.173495
     C    5       -0.351102       -0.173495        0.184169

     H    6        0.302841       -0.078179        0.343115
     H    6       -0.078179        0.040274       -0.283931
     H    6        0.343115       -0.283931       -0.343115

     H    7        0.406432        0.038384       -0.022683
     H    7        0.038384       -0.526808        0.536827
     H    7       -0.022683        0.536827        0.120376

     C    8       -0.219777       -0.221345       -0.268178
     C    8       -0.221345       -0.029345        0.527045
     C    8       -0.268178        0.527045        0.249121

     H    9       -0.106605        0.177033       -0.453984
     H    9        0.177033        0.376670        0.323299
     H    9       -0.453984        0.323299       -0.270065

     C   10       -0.518906       -0.390588       -0.292770
     C   10       -0.390588        0.174773        0.358977
     C   10       -0.292770        0.358977        0.344134

     C   11        0.020836       -0.403141       -0.103351
     C   11       -0.403141       -0.096021        0.593071
     C   11       -0.103351        0.593071        0.075186

     Cl  12       -0.112896       -0.183179        0.073425
     Cl  12       -0.183179        0.040886       -0.139528
     Cl  12        0.073425       -0.139528        0.072009

     H   13        0.213231        0.297707        0.151181
     H   13        0.297707       -0.409019       -0.497958
     H   13        0.151181       -0.497958        0.195788

     C   14       -0.068797       -0.371072       -0.488778
     C   14       -0.371072       -0.040231       -0.521801
     C   14       -0.488778       -0.521801        0.109028

     H   15        0.016443       -0.118491       -0.330582
     H   15       -0.118491       -0.052872       -0.541728
     H   15       -0.330582       -0.541728        0.036428

     C   16       -0.692231        0.323010       -0.270671
     C   16        0.323010        0.273958       -0.099322
     C   16       -0.270671       -0.099322        0.418273

     C   17        0.061972       -0.034193       -0.245126
     C   17       -0.034193       -0.035630       -0.595101
     C   17       -0.245126       -0.595101       -0.026342

     Cl  18       -0.256423        0.295920       -0.002769
     Cl  18        0.295920        0.067360        0.084630
     Cl  18       -0.002769        0.084630        0.189063

     H   19        0.433861        0.038782        0.027074
     H   19        0.038782       -0.305128        0.476720
     H   19        0.027074        0.476720       -0.128733

     C   20       -0.367892       -0.298237       -0.485511
     C   20       -0.298237        0.228862        0.295323
     C   20       -0.485511        0.295323        0.139030

     H   21        0.004112        0.113751       -0.256183
     H   21        0.113751        0.525958        0.144183
     H   21       -0.256183        0.144183       -0.530071

     C   22       -0.004097       -0.416246       -0.194984
     C   22       -0.416246       -0.214271        0.461210
     C   22       -0.194984        0.461210        0.218368

     C   23       -0.170897       -0.190215       -0.394856
     C   23       -0.190215       -0.041546        0.306174
     C   23       -0.394856        0.306174        0.212443

     Cl  24       -0.006908        0.027259       -0.029131
     Cl  24        0.027259        0.003739        0.024831
     Cl  24       -0.029131        0.024831        0.003168

     ----- ionic term -----
     Cl   1        0.219106       -0.207956       -0.004406
     Cl   1       -0.207956       -0.084719       -0.006042
     Cl   1       -0.004406       -0.006042       -0.134386

     C    2        0.277169       -0.183815        0.174865
     C    2       -0.183815       -0.075286        0.449880
     C    2        0.174865        0.449880       -0.201884

     C    3        0.201607       -0.342136        0.134300
     C    3       -0.342136       -0.009688        0.410322
     C    3        0.134300        0.410322       -0.191920

     H    4        0.371758        0.309218        0.735201
     H    4        0.309218       -0.436221        0.331208
     H    4        0.735201        0.331208        0.064463

     C    5        0.263541       -0.247804        0.291808
     C    5       -0.247804       -0.086581        0.338355
     C    5        0.291808        0.338355       -0.176960

     H    6       -0.521930       -0.100710       -0.039076
     H    6       -0.100710        0.515187        0.767322
     H    6       -0.039076        0.767322        0.006743

     H    7       -0.513713        0.036416       -0.015758
     H    7        0.036416        0.422743       -0.777840
     H    7       -0.015758       -0.777840        0.090969

     C    8        0.230057        0.247174        0.291631
     C    8        0.247174       -0.024398       -0.312480
     C    8        0.291631       -0.312480       -0.205660

     H    9        0.231309       -0.123996        0.784313
     H    9       -0.123996       -0.515578       -0.217251
     H    9        0.784313       -0.217251        0.284269

     C   10        0.069913        0.340695        0.204920
     C   10        0.340695        0.154698       -0.388724
     C   10        0.204920       -0.388724       -0.224611

     C   11        0.150854        0.238698        0.308663
     C   11        0.238698        0.130419       -0.368694
     C   11        0.308663       -0.368694       -0.281274

     Cl  12        0.115437        0.236979        0.057995
     Cl  12        0.236979        0.046345        0.040348
     Cl  12        0.057995        0.040348       -0.161782

     H   13       -0.522732        0.029709        0.017821
     H   13        0.029709        0.566241        0.759017
     H   13        0.017821        0.759017       -0.043509

     C   14        0.249649       -0.092472        0.261544
     C   14       -0.092472       -0.005651        0.346348
     C   14        0.261544        0.346348       -0.243998

     H   15        0.434133        0.275932        0.755802
     H   15        0.275932       -0.449326        0.283425
     H   15        0.755802        0.283425        0.015193

     C   16        0.134360       -0.226273        0.198380
     C   16       -0.226273        0.096656        0.401368
     C   16        0.198380        0.401368       -0.231016

     C   17        0.117414       -0.214074        0.339361
     C   17       -0.214074        0.058752        0.415331
     C   17        0.339361        0.415331       -0.176166

     Cl  18        0.142665       -0.208724        0.054608
     Cl  18       -0.208724        0.003237       -0.024179
     Cl  18        0.054608       -0.024179       -0.145902

     H   19       -0.485880       -0.204346        0.138178
     H   19       -0.204346        0.719087       -0.648439
     H   19        0.138178       -0.648439       -0.233206

     C   20        0.260523        0.141841        0.330330
     C   20        0.141841        0.054300       -0.274252
     C   20        0.330330       -0.274252       -0.314823

     H   21        0.349403       -0.392536        0.725358
     H   21       -0.392536       -0.325696       -0.377293
     H   21        0.725358       -0.377293       -0.023708

     C   22        0.090550        0.216084        0.219400
     C   22        0.216084        0.199800       -0.381730
     C   22        0.219400       -0.381730       -0.290350

     C   23        0.184174        0.176977        0.249496
     C   23        0.176977        0.045456       -0.399555
     C   23        0.249496       -0.399555       -0.229631

     Cl  24        0.183859        0.204272       -0.018925
     Cl  24        0.204272       -0.062151       -0.013596
     Cl  24       -0.018925       -0.013596       -0.121709

     ----- GIPAW term -----
     Cl   1        2.585871        0.334607       -0.242168
     Cl   1        0.334607        0.089598       -0.103117
     Cl   1       -0.242168       -0.103117       -2.675470

     C    2        0.115974       -0.169363        0.012475
     C    2       -0.169363       -0.020709       -0.067855
     C    2        0.012475       -0.067855       -0.095265

     C    3       -0.072823        0.134866       -0.109437
     C    3        0.134866        0.047204       -0.216720
     C    3       -0.109437       -0.216720        0.025619

     H    4       -0.000000        0.000000        0.000000
     H    4        0.000000        0.000000        0.000000
     H    4        0.000000        0.000000        0.000000

     C    5       -0.099467        0.132768       -0.077360
     C    5        0.132768        0.146335       -0.093823
     C    5       -0.077360       -0.093823       -0.046867

     H    6       -0.000000        0.000000        0.000000
     H    6        0.000000        0.000000        0.000000
     H    6        0.000000        0.000000        0.000000

     H    7       -0.000000        0.000000        0.000000
     H    7        0.000000        0.000000        0.000000
     H    7        0.000000        0.000000        0.000000

     C    8       -0.083289       -0.110799       -0.060148
     C    8       -0.110799        0.134700        0.208301
     C    8       -0.060148        0.208301       -0.051411

     H    9       -0.000000        0.000000        0.000000
     H    9        0.000000        0.000000        0.000000
     H    9        0.000000        0.000000        0.000000

     C   10       -0.179617       -0.134515       -0.088157
     C   10       -0.134515        0.218409        0.108252
     C   10       -0.088157        0.108252       -0.038792

     C   11        0.078613       -0.164394       -0.050915
     C   11       -0.164394        0.090808        0.121292
     C   11       -0.050915        0.121292       -0.169421

     Cl  12        0.244950        0.232960        1.083380
     Cl  12        0.232960        0.591995       -1.834764
     Cl  12        1.083380       -1.834764       -0.836945

     H   13       -0.000000        0.000000        0.000000
     H   13        0.000000        0.000000        0.000000
     H   13        0.000000        0.000000        0.000000

     C   14        0.041606       -0.227916       -0.082125
     C   14       -0.227916        0.069761       -0.046842
     C   14       -0.082125       -0.046842       -0.111368

     H   15       -0.000000        0.000000        0.000000
     H   15        0.000000        0.000000        0.000000
     H   15        0.000000        0.000000        0.000000

     C   16       -0.168196       -0.106909       -0.060398
     C   16       -0.106909        0.243266        0.076116
     C   16       -0.060398        0.076116       -0.075070

     C   17       -0.066118       -0.049091       -0.018778
     C   17       -0.049091        0.257224        0.025465
     C   17       -0.018778        0.025465       -0.191106

     Cl  18       -1.161923       -0.349954        0.133300
     Cl  18       -0.349954        1.767545        2.102102
     Cl  18        0.133300        2.102102       -0.605621

     H   19       -0.000000        0.000000        0.000000
     H   19        0.000000        0.000000        0.000000
     H   19        0.000000        0.000000        0.000000

     C   20        0.008173       -0.180807       -0.155733
     C   20       -0.180807        0.047863        0.117642
     C   20       -0.155733        0.117642       -0.056037

     H   21       -0.000000        0.000000        0.000000
     H   21        0.000000        0.000000        0.000000
     H   21        0.000000        0.000000        0.000000

     C   22       -0.021728       -0.143192       -0.131032
     C   22       -0.143192       -0.017700        0.166688
     C   22       -0.131032        0.166688        0.039428

     C   23       -0.037738       -0.043603       -0.120684
     C   23       -0.043603        0.022605        0.149566
     C   23       -0.120684        0.149566        0.015134

     Cl  24        1.348871        2.445412       -0.193972
     Cl  24        2.445412        0.150870        0.215756
     Cl  24       -0.193972        0.215756       -1.499741

     ----- total EFG -----
     Cl   1        2.800058        0.202032       -0.261838
     Cl   1        0.202032        0.091353       -0.111808
     Cl   1       -0.261838       -0.111808       -2.891411

     C    2        0.170312       -0.032879        0.019326
     C    2       -0.032879       -0.257076       -0.007216
     C    2        0.019326       -0.007216        0.086764

     C    3        0.072437        0.161614       -0.191424
     C    3        0.161614       -0.131744       -0.399853
     C    3       -0.191424       -0.399853        0.059306

     H    4        0.394300        0.172794        0.364436
     H    4        0.172794        0.014532        0.394347
     H    4        0.364436        0.394347       -0.408832

     C    5       -0.370571        0.203016       -0.136654
     C    5        0.203016        0.410230        0.071036
     C    5       -0.136654        0.071036       -0.039659

     H    6       -0.219089       -0.178888        0.304039
     H    6       -0.178888        0.555461        0.483391
     H    6        0.304039        0.483391       -0.336372

     H    7       -0.107281        0.074800       -0.038441
     H    7        0.074800       -0.104064       -0.241013
     H    7       -0.038441       -0.241013        0.211345

     C    8       -0.073009       -0.084970       -0.036695
     C    8       -0.084970        0.080958        0.422866
     C    8       -0.036695        0.422866       -0.007949

     H    9        0.124704        0.053037        0.330330
     H    9        0.053037       -0.138908        0.106048
     H    9        0.330330        0.106048        0.014205

     C   10       -0.628610       -0.184408       -0.176007
     C   10       -0.184408        0.547880        0.078504
     C   10       -0.176007        0.078504        0.080730

     C   11        0.250303       -0.328837        0.154397
     C   11       -0.328837        0.125206        0.345668
     C   11        0.154397        0.345668       -0.375509

     Cl  12        0.247492        0.286761        1.214800
     Cl  12        0.286761        0.679226       -1.933944
     Cl  12        1.214800       -1.933944       -0.926717

     H   13       -0.309501        0.327416        0.169002
     H   13        0.327416        0.157222        0.261059
     H   13        0.169002        0.261059        0.152279

     C   14        0.222458       -0.691461       -0.309359
     C   14       -0.691461        0.023879       -0.222295
     C   14       -0.309359       -0.222295       -0.246337

     H   15        0.450577        0.157441        0.425220
     H   15        0.157441       -0.502198       -0.258303
     H   15        0.425220       -0.258303        0.051621

     C   16       -0.726067       -0.010172       -0.132688
     C   16       -0.010172        0.613881        0.378162
     C   16       -0.132688        0.378162        0.112186

     C   17        0.113268       -0.297358        0.075457
     C   17       -0.297358        0.280347       -0.154306
     C   17        0.075457       -0.154306       -0.393614

     Cl  18       -1.275681       -0.262757        0.185139
     Cl  18       -0.262757        1.838142        2.162553
     Cl  18        0.185139        2.162553       -0.562460

     H   19       -0.052019       -0.165565        0.165252
     H   19       -0.165565        0.413959       -0.171719
     H   19        0.165252       -0.171719       -0.361939

     C   20       -0.099195       -0.337203       -0.310914
     C   20       -0.337203        0.331025        0.138713
     C   20       -0.310914        0.138713       -0.231830

     H   21        0.353515       -0.278785        0.469174
     H   21       -0.278785        0.200263       -0.233110
     H   21        0.469174       -0.233110       -0.553778

     C   22        0.064725       -0.343354       -0.106617
     C   22       -0.343354       -0.032171        0.246168
     C   22       -0.106617        0.246168       -0.032554

     C   23       -0.024461       -0.056842       -0.266044
     C   23       -0.056842        0.026515        0.056184
     C   23       -0.266044        0.056184       -0.002055

     Cl  24        1.525823        2.676943       -0.242029
     Cl  24        2.676943        0.092459        0.226991
     Cl  24       -0.242029        0.226991       -1.618282

     ----- total EFG (symmetrized) -----
     Cl   1        2.800058        0.202032       -0.261838
     Cl   1        0.202032        0.091353       -0.111808
     Cl   1       -0.261838       -0.111808       -2.891411

     C    2        0.170312       -0.032879        0.019326
     C    2       -0.032879       -0.257076       -0.007216
     C    2        0.019326       -0.007216        0.086764

     C    3        0.072437        0.161614       -0.191424
     C    3        0.161614       -0.131744       -0.399853
     C    3       -0.191424       -0.399853        0.059306

     H    4        0.394300        0.172794        0.364436
     H    4        0.172794        0.014532        0.394347
     H    4        0.364436        0.394347       -0.408832

     C    5       -0.370571        0.203016       -0.136654
     C    5        0.203016        0.410230        0.071036
     C    5       -0.136654        0.071036       -0.039659

     H    6       -0.219089       -0.178888        0.304039
     H    6       -0.178888        0.555461        0.483391
     H    6        0.304039        0.483391       -0.336372

     H    7       -0.107281        0.074800       -0.038441
     H    7        0.074800       -0.104064       -0.241013
     H    7       -0.038441       -0.241013        0.211345

     C    8       -0.073009       -0.084970       -0.036695
     C    8       -0.084970        0.080958        0.422866
     C    8       -0.036695        0.422866       -0.007949

     H    9        0.124704        0.053037        0.330330
     H    9        0.053037       -0.138908        0.106048
     H    9        0.330330        0.106048        0.014205

     C   10       -0.628610       -0.184408       -0.176007
     C   10       -0.184408        0.547880        0.078504
     C   10       -0.176007        0.078504        0.080730

     C   11        0.250303       -0.328837        0.154397
     C   11       -0.328837        0.125206        0.345668
     C   11        0.154397        0.345668       -0.375509

     Cl  12        0.247492        0.286761        1.214800
     Cl  12        0.286761        0.679226       -1.933944
     Cl  12        1.214800       -1.933944       -0.926717

     H   13       -0.309501        0.327416        0.169002
     H   13        0.327416        0.157222        0.261059
     H   13        0.169002        0.261059        0.152279

     C   14        0.222458       -0.691461       -0.309359
     C   14       -0.691461        0.023879       -0.222295
     C   14       -0.309359       -0.222295       -0.246337

     H   15        0.450577        0.157441        0.425220
     H   15        0.157441       -0.502198       -0.258303
     H   15        0.425220       -0.258303        0.051621

     C   16       -0.726067       -0.010172       -0.132688
     C   16       -0.010172        0.613881        0.378162
     C   16       -0.132688        0.378162        0.112186

     C   17        0.113268       -0.297358        0.075457
     C   17       -0.297358        0.280347       -0.154306
     C   17        0.075457       -0.154306       -0.393614

     Cl  18       -1.275681       -0.262757        0.185139
     Cl  18       -0.262757        1.838142        2.162553
     Cl  18        0.185139        2.162553       -0.562460

     H   19       -0.052019       -0.165565        0.165252
     H   19       -0.165565        0.413959       -0.171719
     H   19        0.165252       -0.171719       -0.361939

     C   20       -0.099195       -0.337203       -0.310914
     C   20       -0.337203        0.331025        0.138713
     C   20       -0.310914        0.138713       -0.231830

     H   21        0.353515       -0.278785        0.469174
     H   21       -0.278785        0.200263       -0.233110
     H   21        0.469174       -0.233110       -0.553778

     C   22        0.064725       -0.343354       -0.106617
     C   22       -0.343354       -0.032171        0.246168
     C   22       -0.106617        0.246168       -0.032554

     C   23       -0.024461       -0.056842       -0.266044
     C   23       -0.056842        0.026515        0.056184
     C   23       -0.266044        0.056184       -0.002055

     Cl  24        1.525823        2.676943       -0.242029
     Cl  24        2.676943        0.092459        0.226991
     Cl  24       -0.242029        0.226991       -1.618282


     NQR/NMR SPECTROSCOPIC PARAMETERS:
     Cl   1    Vxx=    0.0792    axis=(  0.076955 -0.996561  0.030726)
     Cl   1    Vyy=    2.8277    axis=(  0.996037  0.075463 -0.047076)
     Cl   1    Vzz=   -2.9069    axis=(  0.044596  0.034227  0.998419)
     Cl   1  Q=        -8.1650 1e-30 m^2  Cq=        55.7682 MHz  eta= 0.94551

     C    2    Vxx=    0.0825    axis=( -0.214943  0.000059  0.976627)
     C    2    Vyy=    0.1772    axis=( -0.973705  0.077285 -0.214304)
     C    2    Vzz=   -0.2597    axis=( -0.075491 -0.997009 -0.016555)
     C    2  Q=         1.0000 1e-30 m^2  Cq=        -0.6102 MHz  eta= 0.36454

     C    3    Vxx=   -0.0687    axis=( -0.870693  0.289546 -0.397564)
     C    3    Vyy=   -0.4475    axis=( -0.018635  0.788338  0.614960)
     C    3    Vzz=    0.5162    axis=(  0.491474  0.542850 -0.681005)
     C    3  Q=         1.0000 1e-30 m^2  Cq=         1.2128 MHz  eta= 0.73377

     H    4    Vxx=    0.0078    axis=(  0.574687 -0.782893 -0.238355)
     H    4    Vyy=    0.6886    axis=(  0.787139  0.449093  0.422762)
     H    4    Vzz=   -0.6964    axis=( -0.223934 -0.430574  0.874334)
     H    4  Q=         1.0000 1e-30 m^2  Cq=        -1.6362 MHz  eta= 0.97774

     C    5    Vxx=    0.0095    axis=( -0.336646  0.003630  0.941624)
     C    5    Vyy=    0.4627    axis=( -0.224185 -0.971547 -0.076404)
     C    5    Vzz=   -0.4721    axis=(  0.914555 -0.236819  0.327882)
     C    5  Q=         1.0000 1e-30 m^2  Cq=        -1.1093 MHz  eta= 0.95988

     H    6    Vxx=    0.0017    axis=(  0.842515 -0.173120  0.510095)
     H    6    Vyy=    0.7692    axis=(  0.046723 -0.919894 -0.389373)
     H    6    Vzz=   -0.7709    axis=(  0.536642  0.351886 -0.766936)
     H    6  Q=         1.0000 1e-30 m^2  Cq=        -1.8113 MHz  eta= 0.99547

     H    7    Vxx=   -0.1012    axis=( -0.931765 -0.222965 -0.286533)
     H    7    Vyy=   -0.2510    axis=(  0.330382 -0.847948 -0.414526)
     H    7    Vzz=    0.3522    axis=( -0.150541 -0.480906  0.863751)
     H    7  Q=         1.0000 1e-30 m^2  Cq=         0.8276 MHz  eta= 0.42536

     C    8    Vxx=   -0.0842    axis=(  0.982828  0.053430  0.176618)
     C    8    Vyy=   -0.3915    axis=( -0.095154 -0.673324  0.733199)
     C    8    Vzz=    0.4757    axis=( -0.158095  0.737415  0.656677)
     C    8  Q=         1.0000 1e-30 m^2  Cq=         1.1178 MHz  eta= 0.64593

     H    9    Vxx=   -0.1429    axis=( -0.365649  0.918806  0.148648)
     H    9    Vyy=   -0.2827    axis=( -0.563448 -0.345629  0.750378)
     H    9    Vzz=    0.4255    axis=( -0.740829 -0.190619 -0.644079)
     H    9  Q=         1.0000 1e-30 m^2  Cq=         0.9998 MHz  eta= 0.32858

     C   10    Vxx=    0.0933    axis=( -0.173063 -0.235349  0.956379)
     C   10    Vyy=    0.5980    axis=( -0.174262  0.963028  0.205451)
     C   10    Vzz=   -0.6913    axis=( -0.969372 -0.131104 -0.207677)
     C   10  Q=         1.0000 1e-30 m^2  Cq=        -1.6242 MHz  eta= 0.73017

     C   11    Vxx=    0.1124    axis=(  0.623724  0.530980  0.573611)
     C   11    Vyy=    0.5368    axis=( -0.713173  0.686951  0.139581)
     C   11    Vzz=   -0.6492    axis=( -0.319928 -0.496144  0.807148)
     C   11  Q=         1.0000 1e-30 m^2  Cq=        -1.5253 MHz  eta= 0.65386

     Cl  12    Vxx=    0.5955    axis=(  0.886169  0.438281  0.150381)
     Cl  12    Vyy=    2.0945    axis=(  0.273322 -0.756496  0.594145)
     Cl  12    Vzz=   -2.6900    axis=(  0.374165 -0.485410 -0.790175)
     Cl  12  Q=        -8.1650 1e-30 m^2  Cq=        51.6060 MHz  eta= 0.55727

     H   13    Vxx=   -0.0808    axis=( -0.222353 -0.565315  0.794341)
     H   13    Vyy=   -0.4800    axis=( -0.897599  0.436767  0.059581)
     H   13    Vzz=    0.5609    axis=( -0.380624 -0.699752 -0.604543)
     H   13  Q=         1.0000 1e-30 m^2  Cq=         1.3178 MHz  eta= 0.71180

     C   14    Vxx=   -0.0119    axis=( -0.291958 -0.471308  0.832243)
     C   14    Vyy=   -0.8177    axis=(  0.570122  0.612900  0.547096)
     C   14    Vzz=    0.8297    axis=( -0.767933  0.634210  0.089762)
     C   14  Q=         1.0000 1e-30 m^2  Cq=         1.9494 MHz  eta= 0.97126

     H   15    Vxx=   -0.0264    axis=(  0.456065  0.536387 -0.710136)
     H   15    Vyy=   -0.6945    axis=( -0.284841  0.843957  0.454535)
     H   15    Vzz=    0.7208    axis=( -0.843131  0.005022 -0.537684)
     H   15  Q=         1.0000 1e-30 m^2  Cq=         1.6936 MHz  eta= 0.92686

     C   16    Vxx=   -0.0717    axis=( -0.167411 -0.478064  0.862223)
     C   16    Vyy=   -0.7485    axis=(  0.984779 -0.039624  0.169236)
     C   16    Vzz=    0.8202    axis=( -0.046741  0.877431  0.477420)
     C   16  Q=         1.0000 1e-30 m^2  Cq=         1.9271 MHz  eta= 0.82510

     C   17    Vxx=   -0.1088    axis=(  0.809232  0.579037 -0.099301)
     C   17    Vyy=   -0.4275    axis=(  0.025039 -0.202865 -0.978886)
     C   17    Vzz=    0.5363    axis=( -0.586956  0.789659 -0.178663)
     C   17  Q=         1.0000 1e-30 m^2  Cq=         1.2601 MHz  eta= 0.59438

     Cl  18    Vxx=   -1.1540    axis=(  0.918398 -0.175603  0.354553)
     Cl  18    Vyy=   -1.9612    axis=( -0.394496 -0.475007  0.786601)
     Cl  18    Vzz=    3.1152    axis=( -0.030286  0.862283  0.505521)
     Cl  18  Q=        -8.1650 1e-30 m^2  Cq=       -59.7633 MHz  eta= 0.25913

     H   19    Vxx=   -0.0750    axis=(  0.878783  0.392742  0.271098)
     H   19    Vyy=   -0.4447    axis=(  0.341445 -0.120578 -0.932135)
     H   19    Vzz=    0.5197    axis=( -0.333400  0.911710 -0.240062)
     H   19  Q=         1.0000 1e-30 m^2  Cq=         1.2211 MHz  eta= 0.71125

     C   20    Vxx=   -0.1083    axis=( -0.511476 -0.589897  0.624832)
     C   20    Vyy=   -0.5003    axis=(  0.684950  0.159197  0.710985)
     C   20    Vzz=    0.6086    axis=( -0.518879  0.791630  0.322624)
     C   20  Q=         1.0000 1e-30 m^2  Cq=         1.4299 MHz  eta= 0.64416

     H   21    Vxx=   -0.0026    axis=(  0.531554  0.841501  0.096571)
     H   21    Vyy=   -0.7656    axis=( -0.358266  0.120054  0.925868)
     H   21    Vzz=    0.7681    axis=(  0.767526 -0.526747  0.365297)
     H   21  Q=         1.0000 1e-30 m^2  Cq=         1.8048 MHz  eta= 0.99326

     C   22    Vxx=   -0.1004    axis=(  0.586429  0.030762  0.809416)
     C   22    Vyy=   -0.3804    axis=(  0.501048  0.771381 -0.392329)
     C   22    Vzz=    0.4808    axis=( -0.636437  0.635629  0.436947)
     C   22  Q=         1.0000 1e-30 m^2  Cq=         1.1298 MHz  eta= 0.58222

     C   23    Vxx=    0.0012    axis=(  0.204012  0.953158 -0.223315)
     C   23    Vyy=    0.2784    axis=( -0.660513  0.302386  0.687230)
     C   23    Vzz=   -0.2796    axis=(  0.722566  0.007299  0.691263)
     C   23  Q=         1.0000 1e-30 m^2  Cq=        -0.6568 MHz  eta= 0.99152

     Cl  24    Vxx=   -1.4208    axis=( -0.307813  0.416178  0.855597)
     Cl  24    Vyy=   -2.1601    axis=( -0.524803  0.675823 -0.517538)
     Cl  24    Vzz=    3.5809    axis=( -0.793620 -0.608325  0.010385)
     Cl  24  Q=        -8.1650 1e-30 m^2  Cq=       -68.6981 MHz  eta= 0.20646

     Initialization:
     gipaw_setup  :      9.12s CPU     11.18s WALL (       1 calls)

     Linear response

     Apply operators

     Induced current

     Other routines
     efg          :      9.27s CPU     11.85s WALL (       1 calls)

     General routines
     calbec       :      3.25s CPU      4.31s WALL (      16 calls)
     fft          :      1.77s CPU      2.75s WALL (      15 calls)
     ffts         :      0.06s CPU      0.09s WALL (       2 calls)
     fftw         :      3.24s CPU      4.14s WALL (     672 calls)
     davcio       :      0.02s CPU      0.31s WALL (      32 calls)

     Parallel routines
     fft_scatter  :      2.44s CPU      4.09s WALL (     689 calls)

     Plugins

     GIPAW        :     61.34s CPU     74.04s WALL (       1 calls)
