
     Program QE v.6.0 (svn rev. 13079) starts on 30Dec2016 at 19: 1:52 

     This program is part of the open-source Quantum ESPRESSO suite
     for quantum simulation of materials; please cite
         "P. Giannozzi et al., J. Phys.:Condens. Matter 21 395502 (2009);
          URL http://www.quantum-espresso.org", 
     in publications or presentations arising from this work. More details at
     http://www.quantum-espresso.org/quote

     Parallel version (MPI), running on     8 processors
     R & G space division:  proc/nbgrp/npool/nimage =       8

     ***** This is GIPAW svn revision unknown      *****

     Parallelizing q-star over 1 images

     Reading data from directory:
     /users/majewski/paradichlorobenzene/pbe/9_constraint/scratch/pbe.ecut100.np8.dt60.pcl2phi-129368.save
     Message from routine read_xml_file:
     file /users/majewski/paradichlorobenzene/pbe/9_constraint/scratch/pbe.ecut100.np8.dt60.pcl2phi-129368.save not guaranteed to be safe for post-processing

   Info: using nr1, nr2, nr3 values from input

   Info: using nr1, nr2, nr3 values from input

     IMPORTANT: XC functional enforced from input :
     Exchange-correlation      =  SLA  PW   PBX  PBC ( 1  4  3  4 0 0)
     Any further DFT definition will be discarded
     Please, verify this is what you really want

               file C.pbe-n-kjpaw_psl.1.0.0.UPF: wavefunction(s)  2S 2P renormalized
               file Cl.pbe-n-kjpaw_psl.1.0.0.UPF: wavefunction(s)  3S 3P renormalized
               file H.pbe-kjpaw_psl.1.0.0.UPF: wavefunction(s)  1S renormalized

     Parallelization info
     --------------------
     sticks:   dense  smooth     PW     G-vecs:    dense   smooth      PW
     Min        3057    1223    332               144436    36536    5170
     Max        3059    1225    333               144437    36537    5171
     Sum       24467    9791   2657              1155489   292295   41363


     Subspace diagonalization in iterative solution of the eigenvalue problem:
     a serial algorithm will be used

     GIPAW projectors -----------------------------------------------
     atom=  C    l=0  rc=    1.2000  rs=    0.8000
     atom=  C    l=0  rc=    1.2000  rs=    0.8000
     atom=  C    l=1  rc=    1.4000  rs=    0.9333
     atom=  C    l=1  rc=    1.4000  rs=    0.9333
     projs nearly linearly dependent: l=1  n1,n2= 1, 2  s=  0.99951561

     atom=  Cl   l=0  rc=    1.6000  rs=    1.0667
     atom=  Cl   l=0  rc=    1.6000  rs=    1.0667
     atom=  Cl   l=1  rc=    1.6000  rs=    1.0667
     atom=  Cl   l=1  rc=    1.6000  rs=    1.0667
     atom=  Cl   l=2  rc=    1.6000  rs=    1.0667
     atom=  Cl   l=2  rc=    1.6000  rs=    1.0667
     projs nearly linearly dependent: l=2  n1,n2= 1, 2  s=  0.99993509

     atom=  H    l=0  rc=    1.0000  rs=    0.6667
     atom=  H    l=0  rc=    1.0000  rs=    0.6667
     projs nearly linearly dependent: l=0  n1,n2= 1, 2  s=  0.99968852
     -----------------------------------------------------------------

     GIPAW integrals: -------------------------------------------
     Atom  i/j   nmr_para   nmr_dia   epr_rmc  epr_para   epr_dia
       C   1 1   0.83E+03  0.17E-01  0.93E+01  0.24E+08  0.24E+03
       C   2 1   0.86E+03 -0.61E-01  0.94E+01  0.25E+08  0.25E+03
       C   2 2   0.90E+03 -0.15E+00  0.97E+01  0.26E+08  0.26E+03
       C   3 3   0.33E+01  0.34E+00  0.18E+01  0.55E+03  0.21E+02
       C   4 3   0.35E+01  0.37E+00  0.20E+01  0.59E+03  0.22E+02
       C   4 4   0.38E+01  0.39E+00  0.22E+01  0.63E+03  0.24E+02
       Cl  1 1   0.14E+04 -0.47E+00  0.84E+01  0.32E+09  0.42E+03
       Cl  2 1   0.21E+04 -0.37E+00  0.12E+02  0.49E+09  0.65E+03
       Cl  2 2   0.33E+04 -0.16E+00  0.21E+02  0.76E+09  0.10E+04
       Cl  3 3   0.21E+02  0.79E-01  0.89E+01  0.23E+05  0.13E+03
       Cl  4 3   0.24E+02  0.67E-01  0.99E+01  0.27E+05  0.15E+03
       Cl  4 4   0.28E+02  0.44E-01  0.11E+02  0.32E+05  0.18E+03
       Cl  5 5   0.77E+00  0.19E+00  0.18E+01  0.12E+03  0.22E+02
       Cl  6 5   0.80E+00  0.19E+00  0.19E+01  0.12E+03  0.23E+02
       Cl  6 6   0.83E+00  0.20E+00  0.19E+01  0.12E+03  0.23E+02
       H   1 1   0.39E+02  0.19E+00  0.29E+00  0.78E+05  0.13E+02
       H   2 1   0.41E+02  0.21E+00  0.32E+00  0.82E+05  0.14E+02
       H   2 2   0.43E+02  0.22E+00  0.36E+00  0.86E+05  0.15E+02
     ------------------------------------------------------------

     alpha_pv=     34.4838 eV

     Number of occupied bands for each k-point:
     k-point:     1    nbnd_occ=  42
     k-point:     2    nbnd_occ=  42
     k-point:     3    nbnd_occ=  42
     k-point:     4    nbnd_occ=  42
     k-point:     5    nbnd_occ=  42
     k-point:     6    nbnd_occ=  42
     k-point:     7    nbnd_occ=  42
     k-point:     8    nbnd_occ=  42
     k-point:     9    nbnd_occ=  42
     k-point:    10    nbnd_occ=  42
     k-point:    11    nbnd_occ=  42
     k-point:    12    nbnd_occ=  42
     k-point:    13    nbnd_occ=  42
     k-point:    14    nbnd_occ=  42
     k-point:    15    nbnd_occ=  42
     k-point:    16    nbnd_occ=  42


     q-space interpolation up to   110.00 Rydberg

     GIPAW job: efg                                                                             


     ELECTRIC FIELD GRADIENTS TENSORS IN Hartree/bohrradius^2:

     ----- bare term -----
     Cl   1       -0.283442        0.280131        0.106406
     Cl   1        0.280131        0.033770       -0.148420
     Cl   1        0.106406       -0.148420        0.249672

     C    2        0.079878       -0.150697       -0.353160
     C    2       -0.150697       -0.041114       -0.629661
     C    2       -0.353160       -0.629661       -0.038763

     C    3       -0.575968        0.317796       -0.280903
     C    3        0.317796        0.183297       -0.107642
     C    3       -0.280903       -0.107642        0.392671

     H    4       -0.043422       -0.087451       -0.284543
     H    4       -0.087451        0.364234       -0.445578
     H    4       -0.284543       -0.445578       -0.320813

     C    5       -0.086299       -0.317582       -0.463380
     C    5       -0.317582       -0.074247       -0.425319
     C    5       -0.463380       -0.425319        0.160546

     H    6        0.298705        0.167090        0.254885
     H    6        0.167090       -0.155668       -0.584885
     H    6        0.254885       -0.584885       -0.143037

     H    7        0.486409        0.046091        0.035567
     H    7        0.046091       -0.289336        0.411134
     H    7        0.035567        0.411134       -0.197073

     C    8       -0.574822       -0.384773       -0.436250
     C    8       -0.384773        0.370102        0.246733
     C    8       -0.436250        0.246733        0.204720

     H    9        0.080174       -0.036191       -0.463922
     H    9       -0.036191        0.022260       -0.249324
     H    9       -0.463922       -0.249324       -0.102434

     C   10        0.202222       -0.247164        0.042606
     C   10       -0.247164       -0.189418        0.401481
     C   10        0.042606        0.401481       -0.012804

     C   11       -0.210960       -0.139087       -0.346528
     C   11       -0.139087        0.048185       -0.054934
     C   11       -0.346528       -0.054934        0.162776

     Cl  12       -0.024382        0.352295        0.151079
     Cl  12        0.352295       -0.300629       -0.245738
     Cl  12        0.151079       -0.245738        0.325011

     H   13        0.498863       -0.021177        0.102957
     H   13       -0.021177       -0.128617       -0.258917
     H   13        0.102957       -0.258917       -0.370246

     C   14       -0.607136        0.314350       -0.120092
     C   14        0.314350        0.129890       -0.003032
     C   14       -0.120092       -0.003032        0.477245

     H   15       -0.120335        0.252109       -0.465849
     H   15        0.252109       -0.037545        0.089915
     H   15       -0.465849        0.089915        0.157880

     C   16        0.238420       -0.017559       -0.284426
     C   16       -0.017559       -0.182790       -0.514357
     C   16       -0.284426       -0.514357       -0.055630

     C   17       -0.685400        0.462390       -0.250793
     C   17        0.462390        0.244263       -0.153025
     C   17       -0.250793       -0.153025        0.441137

     Cl  18       -0.002702       -0.074083       -0.054511
     Cl  18       -0.074083       -0.006731        0.033711
     Cl  18       -0.054511        0.033711        0.009433

     H   19        0.409132        0.152342       -0.099694
     H   19        0.152342       -0.458149        0.586465
     H   19       -0.099694        0.586465        0.049017

     C   20       -0.114836       -0.367688       -0.160741
     C   20       -0.367688       -0.094640        0.461497
     C   20       -0.160741        0.461497        0.209476

     H   21        0.082267        0.113481       -0.457076
     H   21        0.113481        0.485820        0.138236
     H   21       -0.457076        0.138236       -0.568088

     C   22       -0.661079       -0.312462       -0.299659
     C   22       -0.312462        0.099816        0.081364
     C   22       -0.299659        0.081364        0.561263

     C   23        0.018510       -0.257210       -0.106502
     C   23       -0.257210       -0.215289        0.461835
     C   23       -0.106502        0.461835        0.196779

     Cl  24       -0.203216       -0.164529        0.010076
     Cl  24       -0.164529       -0.048636       -0.124825
     Cl  24        0.010076       -0.124825        0.251852

     ----- ionic term -----
     Cl   1        0.099396       -0.196708        0.003485
     Cl   1       -0.196708        0.036778        0.012966
     Cl   1        0.003485        0.012966       -0.136174

     C    2        0.170967       -0.228682        0.281064
     C    2       -0.228682       -0.012407        0.449015
     C    2        0.281064        0.449015       -0.158560

     C    3        0.104939       -0.293394        0.191104
     C    3       -0.293394        0.014263        0.428888
     C    3        0.191104        0.428888       -0.119202

     H    4        0.429890        0.123316        0.815208
     H    4        0.123316       -0.543828        0.170897
     H    4        0.815208        0.170897        0.113938

     C    5        0.253423       -0.234781        0.267580
     C    5       -0.234781       -0.078410        0.330726
     C    5        0.267580        0.330726       -0.175013

     H    6       -0.536379        0.018802        0.021768
     H    6        0.018802        0.430086        0.809944
     H    6        0.021768        0.809944        0.106293

     H    7       -0.520986       -0.179524        0.095400
     H    7       -0.179524        0.623700       -0.696891
     H    7        0.095400       -0.696891       -0.102714

     C    8        0.120441        0.173176        0.330266
     C    8        0.173176        0.098132       -0.266017
     C    8        0.330266       -0.266017       -0.218574

     H    9        0.597874       -0.189416        0.721613
     H    9       -0.189416       -0.434922       -0.185966
     H    9        0.721613       -0.185966       -0.162952

     C   10        0.058765        0.228489        0.249729
     C   10        0.228489        0.233970       -0.333456
     C   10        0.249729       -0.333456       -0.292735

     C   11        0.101888        0.257584        0.406012
     C   11        0.257584        0.115014       -0.342644
     C   11        0.406012       -0.342644       -0.216902

     Cl  12        0.122014        0.231897        0.027762
     Cl  12        0.231897        0.037653        0.002627
     Cl  12        0.027762        0.002627       -0.159667

     H   13       -0.480377       -0.108663       -0.019171
     H   13       -0.108663        0.556069        0.752678
     H   13       -0.019171        0.752678       -0.075692

     C   14        0.363285       -0.284788        0.276634
     C   14       -0.284788       -0.079853        0.308118
     C   14        0.276634        0.308118       -0.283432

     H   15        0.560080        0.267442        0.695522
     H   15        0.267442       -0.456167        0.255984
     H   15        0.695522        0.255984       -0.103912

     C   16        0.165551       -0.271837        0.175606
     C   16       -0.271837        0.055036        0.442157
     C   16        0.175606        0.442157       -0.220588

     C   17        0.183548       -0.212696        0.251992
     C   17       -0.212696       -0.034703        0.468123
     C   17        0.251992        0.468123       -0.148845

     Cl  18        0.165125       -0.226672       -0.026675
     Cl  18       -0.226672       -0.045863        0.011571
     Cl  18       -0.026675        0.011571       -0.119262

     H   19       -0.524892        0.018914        0.032463
     H   19        0.018914        0.441930       -0.767857
     H   19        0.032463       -0.767857        0.082961

     C   20        0.172697        0.291218        0.451627
     C   20        0.291218       -0.015085       -0.217861
     C   20        0.451627       -0.217861       -0.157611

     H   21        0.338361       -0.125091        0.795919
     H   21       -0.125091       -0.526317       -0.185355
     H   21        0.795919       -0.185355        0.187956

     C   22        0.022869        0.325456        0.287236
     C   22        0.325456        0.140082       -0.307450
     C   22        0.287236       -0.307450       -0.162951

     C   23        0.106821        0.264992        0.337443
     C   23        0.264992        0.083310       -0.354249
     C   23        0.337443       -0.354249       -0.190131

     Cl  24        0.108236        0.223348        0.043442
     Cl  24        0.223348        0.053566        0.030065
     Cl  24        0.043442        0.030065       -0.161802

     ----- GIPAW term -----
     Cl   1       -0.266430       -1.800916        1.106017
     Cl   1       -1.800916        0.616731       -1.718983
     Cl   1        1.106017       -1.718983       -0.350301

     C    2       -0.039798       -0.077678       -0.038184
     C    2       -0.077678        0.168806       -0.084767
     C    2       -0.038184       -0.084767       -0.129009

     C    3       -0.112281       -0.145026       -0.085935
     C    3       -0.145026        0.188445        0.093290
     C    3       -0.085935        0.093290       -0.076164

     H    4       -0.000000        0.000000        0.000000
     H    4        0.000000        0.000000        0.000000
     H    4        0.000000        0.000000        0.000000

     C    5       -0.013003       -0.217257       -0.138798
     C    5       -0.217257        0.067580        0.048656
     C    5       -0.138798        0.048656       -0.054577

     H    6       -0.000000        0.000000        0.000000
     H    6        0.000000        0.000000        0.000000
     H    6        0.000000        0.000000        0.000000

     H    7       -0.000000        0.000000        0.000000
     H    7        0.000000        0.000000        0.000000
     H    7        0.000000        0.000000        0.000000

     C    8       -0.100875       -0.191403       -0.102615
     C    8       -0.191403        0.174983        0.100036
     C    8       -0.102615        0.100036       -0.074107

     H    9       -0.000000        0.000000        0.000000
     H    9        0.000000        0.000000        0.000000
     H    9        0.000000        0.000000        0.000000

     C   10       -0.011646       -0.071739        0.002407
     C   10       -0.071739        0.080798        0.056498
     C   10        0.002407        0.056498       -0.069152

     C   11        0.019593       -0.032197       -0.030377
     C   11       -0.032197        0.025851       -0.012237
     C   11       -0.030377       -0.012237       -0.045444

     Cl  12        0.182071        0.131206       -0.155246
     Cl  12        0.131206        0.505788        0.278900
     Cl  12       -0.155246        0.278900       -0.687859

     H   13       -0.000000        0.000000        0.000000
     H   13        0.000000        0.000000        0.000000
     H   13        0.000000        0.000000        0.000000

     C   14       -0.057401       -0.044966        0.015438
     C   14       -0.044966        0.055546        0.010599
     C   14        0.015438        0.010599        0.001855

     H   15       -0.000000        0.000000        0.000000
     H   15        0.000000        0.000000        0.000000
     H   15        0.000000        0.000000        0.000000

     C   16       -0.030986       -0.048245       -0.030381
     C   16       -0.048245        0.122170       -0.027456
     C   16       -0.030381       -0.027456       -0.091184

     C   17       -0.118472       -0.107879       -0.019707
     C   17       -0.107879        0.224736       -0.000197
     C   17       -0.019707       -0.000197       -0.106265

     Cl  18        1.472014       -3.088340       -1.234344
     Cl  18       -3.088340       -0.097462        0.856751
     Cl  18       -1.234344        0.856751       -1.374552

     H   19       -0.000000        0.000000        0.000000
     H   19        0.000000        0.000000        0.000000
     H   19        0.000000        0.000000        0.000000

     C   20       -0.031551       -0.195848       -0.011813
     C   20       -0.195848        0.137816        0.106603
     C   20       -0.011813        0.106603       -0.106265

     H   21       -0.000000        0.000000        0.000000
     H   21        0.000000        0.000000        0.000000
     H   21        0.000000        0.000000        0.000000

     C   22       -0.244981       -0.061478       -0.007774
     C   22       -0.061478        0.017360       -0.151264
     C   22       -0.007774       -0.151264        0.227620

     C   23        0.025531       -0.053663        0.059235
     C   23       -0.053663        0.078474       -0.067846
     C   23        0.059235       -0.067846       -0.104005

     Cl  24       -0.778536        1.082725        0.272781
     Cl  24        1.082725       -0.486229       -1.824055
     Cl  24        0.272781       -1.824055        1.264765

     ----- total EFG -----
     Cl   1       -0.450477       -1.717492        1.215908
     Cl   1       -1.717492        0.687279       -1.854437
     Cl   1        1.215908       -1.854437       -0.236803

     C    2        0.211047       -0.457058       -0.110280
     C    2       -0.457058        0.115285       -0.265413
     C    2       -0.110280       -0.265413       -0.326332

     C    3       -0.583310       -0.120624       -0.175734
     C    3       -0.120624        0.386006        0.414537
     C    3       -0.175734        0.414537        0.197305

     H    4        0.386468        0.035865        0.530665
     H    4        0.035865       -0.179594       -0.274681
     H    4        0.530665       -0.274681       -0.206874

     C    5        0.154121       -0.769620       -0.334598
     C    5       -0.769620       -0.085077       -0.045937
     C    5       -0.334598       -0.045937       -0.069044

     H    6       -0.237674        0.185892        0.276654
     H    6        0.185892        0.274418        0.225059
     H    6        0.276654        0.225059       -0.036744

     H    7       -0.034577       -0.133433        0.130967
     H    7       -0.133433        0.334364       -0.285757
     H    7        0.130967       -0.285757       -0.299788

     C    8       -0.555257       -0.403000       -0.208600
     C    8       -0.403000        0.643217        0.080753
     C    8       -0.208600        0.080753       -0.087961

     H    9        0.678048       -0.225607        0.257691
     H    9       -0.225607       -0.412663       -0.435290
     H    9        0.257691       -0.435290       -0.265385

     C   10        0.249341       -0.090415        0.294743
     C   10       -0.090415        0.125350        0.124523
     C   10        0.294743        0.124523       -0.374691

     C   11       -0.089480        0.086301        0.029108
     C   11        0.086301        0.189050       -0.409815
     C   11        0.029108       -0.409815       -0.099570

     Cl  12        0.279703        0.715398        0.023595
     Cl  12        0.715398        0.242812        0.035788
     Cl  12        0.023595        0.035788       -0.522515

     H   13        0.018486       -0.129840        0.083786
     H   13       -0.129840        0.427451        0.493761
     H   13        0.083786        0.493761       -0.445937

     C   14       -0.301252       -0.015403        0.171980
     C   14       -0.015403        0.105583        0.315685
     C   14        0.171980        0.315685        0.195668

     H   15        0.439745        0.519552        0.229673
     H   15        0.519552       -0.493712        0.345899
     H   15        0.229673        0.345899        0.053967

     C   16        0.372985       -0.337641       -0.139201
     C   16       -0.337641       -0.005584       -0.099655
     C   16       -0.139201       -0.099655       -0.367401

     C   17       -0.620324        0.141815       -0.018509
     C   17        0.141815        0.434297        0.314901
     C   17       -0.018509        0.314901        0.186027

     Cl  18        1.634437       -3.389095       -1.315530
     Cl  18       -3.389095       -0.150056        0.902034
     Cl  18       -1.315530        0.902034       -1.484381

     H   19       -0.115759        0.171257       -0.067231
     H   19        0.171257       -0.016219       -0.181392
     H   19       -0.067231       -0.181392        0.131978

     C   20        0.026310       -0.272318        0.279073
     C   20       -0.272318        0.028091        0.350239
     C   20        0.279073        0.350239       -0.054401

     H   21        0.420628       -0.011610        0.338843
     H   21       -0.011610       -0.040497       -0.047119
     H   21        0.338843       -0.047119       -0.380131

     C   22       -0.883191       -0.048483       -0.020198
     C   22       -0.048483        0.257258       -0.377349
     C   22       -0.020198       -0.377349        0.625933

     C   23        0.150863       -0.045881        0.290176
     C   23       -0.045881       -0.053505        0.039740
     C   23        0.290176        0.039740       -0.097358

     Cl  24       -0.873516        1.141544        0.326299
     Cl  24        1.141544       -0.481299       -1.918814
     Cl  24        0.326299       -1.918814        1.354815

     ----- total EFG (symmetrized) -----
     Cl   1       -0.450477       -1.717492        1.215908
     Cl   1       -1.717492        0.687279       -1.854437
     Cl   1        1.215908       -1.854437       -0.236803

     C    2        0.211047       -0.457058       -0.110280
     C    2       -0.457058        0.115285       -0.265413
     C    2       -0.110280       -0.265413       -0.326332

     C    3       -0.583310       -0.120624       -0.175734
     C    3       -0.120624        0.386006        0.414537
     C    3       -0.175734        0.414537        0.197305

     H    4        0.386468        0.035865        0.530665
     H    4        0.035865       -0.179594       -0.274681
     H    4        0.530665       -0.274681       -0.206874

     C    5        0.154121       -0.769620       -0.334598
     C    5       -0.769620       -0.085077       -0.045937
     C    5       -0.334598       -0.045937       -0.069044

     H    6       -0.237674        0.185892        0.276654
     H    6        0.185892        0.274418        0.225059
     H    6        0.276654        0.225059       -0.036744

     H    7       -0.034577       -0.133433        0.130967
     H    7       -0.133433        0.334364       -0.285757
     H    7        0.130967       -0.285757       -0.299788

     C    8       -0.555257       -0.403000       -0.208600
     C    8       -0.403000        0.643217        0.080753
     C    8       -0.208600        0.080753       -0.087961

     H    9        0.678048       -0.225607        0.257691
     H    9       -0.225607       -0.412663       -0.435290
     H    9        0.257691       -0.435290       -0.265385

     C   10        0.249341       -0.090415        0.294743
     C   10       -0.090415        0.125350        0.124523
     C   10        0.294743        0.124523       -0.374691

     C   11       -0.089480        0.086301        0.029108
     C   11        0.086301        0.189050       -0.409815
     C   11        0.029108       -0.409815       -0.099570

     Cl  12        0.279703        0.715398        0.023595
     Cl  12        0.715398        0.242812        0.035788
     Cl  12        0.023595        0.035788       -0.522515

     H   13        0.018486       -0.129840        0.083786
     H   13       -0.129840        0.427451        0.493761
     H   13        0.083786        0.493761       -0.445937

     C   14       -0.301252       -0.015403        0.171980
     C   14       -0.015403        0.105583        0.315685
     C   14        0.171980        0.315685        0.195668

     H   15        0.439745        0.519552        0.229673
     H   15        0.519552       -0.493712        0.345899
     H   15        0.229673        0.345899        0.053967

     C   16        0.372985       -0.337641       -0.139201
     C   16       -0.337641       -0.005584       -0.099655
     C   16       -0.139201       -0.099655       -0.367401

     C   17       -0.620324        0.141815       -0.018509
     C   17        0.141815        0.434297        0.314901
     C   17       -0.018509        0.314901        0.186027

     Cl  18        1.634437       -3.389095       -1.315530
     Cl  18       -3.389095       -0.150056        0.902034
     Cl  18       -1.315530        0.902034       -1.484381

     H   19       -0.115759        0.171257       -0.067231
     H   19        0.171257       -0.016219       -0.181392
     H   19       -0.067231       -0.181392        0.131978

     C   20        0.026310       -0.272318        0.279073
     C   20       -0.272318        0.028091        0.350239
     C   20        0.279073        0.350239       -0.054401

     H   21        0.420628       -0.011610        0.338843
     H   21       -0.011610       -0.040497       -0.047119
     H   21        0.338843       -0.047119       -0.380131

     C   22       -0.883191       -0.048483       -0.020198
     C   22       -0.048483        0.257258       -0.377349
     C   22       -0.020198       -0.377349        0.625933

     C   23        0.150863       -0.045881        0.290176
     C   23       -0.045881       -0.053505        0.039740
     C   23        0.290176        0.039740       -0.097358

     Cl  24       -0.873516        1.141544        0.326299
     Cl  24        1.141544       -0.481299       -1.918814
     Cl  24        0.326299       -1.918814        1.354815


     NQR/NMR SPECTROSCOPIC PARAMETERS:
     Cl   1    Vxx=   -1.5637    axis=(  0.709818 -0.037869 -0.703367)
     Cl   1    Vyy=   -1.7478    axis=( -0.508005 -0.719244 -0.473940)
     Cl   1    Vzz=    3.3115    axis=( -0.487944  0.693725 -0.529770)
     Cl   1  Q=        -8.1650 1e-30 m^2  Cq=       -63.5288 MHz  eta= 0.05558

     C    2    Vxx=   -0.0463    axis=(  0.561286  0.478912 -0.674982)
     C    2    Vyy=   -0.5868    axis=(  0.412943  0.544740  0.729888)
     C    2    Vzz=    0.6331    axis=( -0.717242  0.688405 -0.107992)
     C    2  Q=         1.0000 1e-30 m^2  Cq=         1.4876 MHz  eta= 0.85370

     C    3    Vxx=   -0.1259    axis=( -0.121624 -0.641828  0.757143)
     C    3    Vyy=   -0.6223    axis=(  0.980891  0.038982  0.190611)
     C    3    Vzz=    0.7481    axis=( -0.151854  0.765858  0.624822)
     C    3  Q=         1.0000 1e-30 m^2  Cq=         1.7578 MHz  eta= 0.66351

     H    4    Vxx=   -0.0547    axis=(  0.349716  0.869224 -0.349497)
     H    4    Vyy=   -0.6570    axis=( -0.411258  0.477622  0.776366)
     H    4    Vzz=    0.7117    axis=(  0.841763 -0.127774  0.524508)
     H    4  Q=         1.0000 1e-30 m^2  Cq=         1.6722 MHz  eta= 0.84622

     C    5    Vxx=   -0.0378    axis=( -0.029702 -0.404752  0.913944)
     C    5    Vyy=   -0.8315    axis=(  0.648100  0.688305  0.325887)
     C    5    Vzz=    0.8693    axis=( -0.760976  0.602006  0.241876)
     C    5  Q=         1.0000 1e-30 m^2  Cq=         2.0425 MHz  eta= 0.91297

     H    6    Vxx=   -0.0805    axis=(  0.410125 -0.631898  0.657648)
     H    6    Vyy=   -0.4325    axis=( -0.829681  0.040929  0.556735)
     H    6    Vzz=    0.5129    axis=(  0.378717  0.773970  0.507488)
     H    6  Q=         1.0000 1e-30 m^2  Cq=         1.2052 MHz  eta= 0.68627

     H    7    Vxx=   -0.0747    axis=(  0.929010  0.360715  0.082619)
     H    7    Vyy=   -0.4251    axis=( -0.204074  0.313144  0.927521)
     H    7    Vzz=    0.4998    axis=(  0.308699 -0.878536  0.364526)
     H    7  Q=         1.0000 1e-30 m^2  Cq=         1.1744 MHz  eta= 0.70093

     C    8    Vxx=   -0.0609    axis=( -0.212645 -0.230618  0.949525)
     C    8    Vyy=   -0.7276    axis=( -0.927905 -0.256881 -0.270194)
     C    8    Vzz=    0.7884    axis=(  0.306226 -0.938524 -0.159368)
     C    8  Q=         1.0000 1e-30 m^2  Cq=         1.8525 MHz  eta= 0.84562

     H    9    Vxx=   -0.0571    axis=(  0.422243  0.582408 -0.694631)
     H    9    Vyy=   -0.7805    axis=(  0.004522  0.764930  0.644098)
     H    9    Vzz=    0.8376    axis=(  0.906471 -0.275107  0.320353)
     H    9  Q=         1.0000 1e-30 m^2  Cq=         1.9680 MHz  eta= 0.86375

     C   10    Vxx=    0.1531    axis=( -0.076793 -0.959964 -0.269392)
     C   10    Vyy=    0.3730    axis=( -0.926264  0.168675 -0.337023)
     C   10    Vzz=   -0.5261    axis=( -0.368970 -0.223647  0.902133)
     C   10  Q=         1.0000 1e-30 m^2  Cq=        -1.2361 MHz  eta= 0.41814

     C   11    Vxx=   -0.0773    axis=(  0.969090  0.055769  0.240320)
     C   11    Vyy=   -0.4070    axis=( -0.228081  0.573838  0.786568)
     C   11    Vzz=    0.4843    axis=( -0.094039 -0.817067  0.568821)
     C   11  Q=         1.0000 1e-30 m^2  Cq=         1.1379 MHz  eta= 0.68079

     Cl  12    Vxx=   -0.4532    axis=(  0.694818 -0.707561 -0.128785)
     Cl  12    Vyy=   -0.5249    axis=(  0.070126 -0.111562  0.991280)
     Cl  12    Vzz=    0.9781    axis=( -0.715758 -0.697791 -0.027897)
     Cl  12  Q=        -8.1650 1e-30 m^2  Cq=       -18.7636 MHz  eta= 0.07329

     H   13    Vxx=    0.0312    axis=(  0.974602  0.046324  0.219103)
     H   13    Vyy=    0.6611    axis=( -0.132097  0.908956  0.395410)
     H   13    Vzz=   -0.6923    axis=( -0.180838 -0.414310  0.891989)
     H   13  Q=         1.0000 1e-30 m^2  Cq=        -1.6265 MHz  eta= 0.91000

     C   14    Vxx=   -0.1000    axis=(  0.478801 -0.724810  0.495379)
     C   14    Vyy=   -0.3883    axis=( -0.864224 -0.289836  0.411231)
     C   14    Vzz=    0.4883    axis=(  0.154486  0.625016  0.765173)
     C   14  Q=         1.0000 1e-30 m^2  Cq=         1.1472 MHz  eta= 0.59038

     H   15    Vxx=   -0.0450    axis=( -0.499959  0.085459  0.861822)
     H   15    Vyy=   -0.7904    axis=( -0.328643  0.901966 -0.280092)
     H   15    Vzz=    0.8354    axis=( -0.801271 -0.423266 -0.422860)
     H   15  Q=         1.0000 1e-30 m^2  Cq=         1.9629 MHz  eta= 0.89234

     C   16    Vxx=   -0.1107    axis=(  0.389295  0.767611 -0.509140)
     C   16    Vyy=   -0.4654    axis=(  0.308366  0.412241  0.857302)
     C   16    Vzz=    0.5761    axis=( -0.867963  0.490745  0.076222)
     C   16  Q=         1.0000 1e-30 m^2  Cq=         1.3536 MHz  eta= 0.61563

     C   17    Vxx=   -0.0138    axis=( -0.150685 -0.536022  0.830647)
     C   17    Vyy=   -0.6438    axis=( -0.984994  0.152929 -0.079998)
     C   17    Vzz=    0.6577    axis=( -0.084149 -0.830237 -0.551023)
     C   17  Q=         1.0000 1e-30 m^2  Cq=         1.5453 MHz  eta= 0.95796

     Cl  18    Vxx=   -1.8888    axis=(  0.138333 -0.230106  0.963284)
     Cl  18    Vyy=   -2.7709    axis=(  0.624715  0.775001  0.095417)
     Cl  18    Vzz=    4.6597    axis=( -0.768502  0.588579  0.250959)
     Cl  18  Q=        -8.1650 1e-30 m^2  Cq=       -89.3933 MHz  eta= 0.18931

     H   19    Vxx=   -0.0560    axis=(  0.590567  0.464872  0.659640)
     H   19    Vyy=   -0.2547    axis=( -0.726661  0.661860  0.184133)
     H   19    Vzz=    0.3108    axis=( -0.350990 -0.588078  0.728677)
     H   19  Q=         1.0000 1e-30 m^2  Cq=         0.7301 MHz  eta= 0.63929

     C   20    Vxx=    0.2632    axis=(  0.833468 -0.195390  0.516869)
     C   20    Vyy=    0.3427    axis=( -0.173230  0.795846  0.580190)
     C   20    Vzz=   -0.6059    axis=(  0.524712  0.573107 -0.629465)
     C   20  Q=         1.0000 1e-30 m^2  Cq=        -1.4237 MHz  eta= 0.13118

     H   21    Vxx=   -0.0383    axis=(  0.073022  0.995223 -0.064796)
     H   21    Vyy=   -0.5077    axis=( -0.340646  0.085951  0.936255)
     H   21    Vzz=    0.5460    axis=(  0.937352 -0.046295  0.345295)
     H   21  Q=         1.0000 1e-30 m^2  Cq=         1.2829 MHz  eta= 0.85978

     C   22    Vxx=    0.0246    axis=( -0.056989  0.846527  0.529287)
     C   22    Vyy=    0.8616    axis=(  0.004908 -0.529905  0.848043)
     C   22    Vzz=   -0.8862    axis=( -0.998363 -0.050926 -0.026044)
     C   22  Q=         1.0000 1e-30 m^2  Cq=        -2.0822 MHz  eta= 0.94451

     C   23    Vxx=   -0.0405    axis=(  0.091246 -0.972576 -0.213939)
     C   23    Vyy=   -0.3026    axis=(  0.541036  0.228779 -0.809284)
     C   23    Vzz=    0.3430    axis=(  0.836035 -0.041905  0.547074)
     C   23  Q=         1.0000 1e-30 m^2  Cq=         0.8060 MHz  eta= 0.76412

     Cl  24    Vxx=   -0.0988    axis=(  0.808866  0.436229  0.394259)
     Cl  24    Vyy=   -2.4999    axis=( -0.578670  0.709512  0.402163)
     Cl  24    Vzz=    2.5988    axis=( -0.104296 -0.553441  0.826332)
     Cl  24  Q=        -8.1650 1e-30 m^2  Cq=       -49.8561 MHz  eta= 0.92394

     Initialization:
     gipaw_setup  :      8.96s CPU     11.02s WALL (       1 calls)

     Linear response

     Apply operators

     Induced current

     Other routines
     efg          :      9.23s CPU     11.64s WALL (       1 calls)

     General routines
     calbec       :      3.26s CPU      4.25s WALL (      16 calls)
     fft          :      1.34s CPU      1.65s WALL (      15 calls)
     ffts         :      0.03s CPU      0.05s WALL (       2 calls)
     fftw         :      3.22s CPU      3.92s WALL (     672 calls)
     davcio       :      0.03s CPU      0.33s WALL (      32 calls)

     Parallel routines
     fft_scatter  :      1.99s CPU      2.86s WALL (     689 calls)

     Plugins

     GIPAW        :     60.56s CPU     72.08s WALL (       1 calls)
