
     Program QE v.6.0 (svn rev. 13079) starts on 24Jan2017 at 16:51:38 

     This program is part of the open-source Quantum ESPRESSO suite
     for quantum simulation of materials; please cite
         "P. Giannozzi et al., J. Phys.:Condens. Matter 21 395502 (2009);
          URL http://www.quantum-espresso.org", 
     in publications or presentations arising from this work. More details at
     http://www.quantum-espresso.org/quote

     Parallel version (MPI), running on     8 processors
     R & G space division:  proc/nbgrp/npool/nimage =       8

     ***** This is GIPAW svn revision unknown      *****

     Parallelizing q-star over 1 images

     Reading data from directory:
     /users/majewski/paradichlorobenzene/pbe/9_constraint/scratch/pbe.ecut100.np8.dt60.pcl2phi-129368.save
     Message from routine read_xml_file:
     file /users/majewski/paradichlorobenzene/pbe/9_constraint/scratch/pbe.ecut100.np8.dt60.pcl2phi-129368.save not guaranteed to be safe for post-processing

   Info: using nr1, nr2, nr3 values from input

   Info: using nr1, nr2, nr3 values from input

     IMPORTANT: XC functional enforced from input :
     Exchange-correlation      =  SLA  PW   PBX  PBC ( 1  4  3  4 0 0)
     Any further DFT definition will be discarded
     Please, verify this is what you really want

               file C.pbe-n-kjpaw_psl.1.0.0.UPF: wavefunction(s)  2S 2P renormalized
               file Cl.pbe-n-kjpaw_psl.1.0.0.UPF: wavefunction(s)  3S 3P renormalized
               file H.pbe-kjpaw_psl.1.0.0.UPF: wavefunction(s)  1S renormalized

     Parallelization info
     --------------------
     sticks:   dense  smooth     PW     G-vecs:    dense   smooth      PW
     Min        3057    1223    332               144436    36536    5170
     Max        3059    1225    333               144437    36537    5171
     Sum       24467    9791   2657              1155489   292295   41363


     Subspace diagonalization in iterative solution of the eigenvalue problem:
     a serial algorithm will be used

     GIPAW projectors -----------------------------------------------
     atom=  C    l=0  rc=    1.2000  rs=    0.8000
     atom=  C    l=0  rc=    1.2000  rs=    0.8000
     atom=  C    l=1  rc=    1.4000  rs=    0.9333
     atom=  C    l=1  rc=    1.4000  rs=    0.9333
     projs nearly linearly dependent: l=1  n1,n2= 1, 2  s=  0.99951561

     atom=  Cl   l=0  rc=    1.6000  rs=    1.0667
     atom=  Cl   l=0  rc=    1.6000  rs=    1.0667
     atom=  Cl   l=1  rc=    1.6000  rs=    1.0667
     atom=  Cl   l=1  rc=    1.6000  rs=    1.0667
     atom=  Cl   l=2  rc=    1.6000  rs=    1.0667
     atom=  Cl   l=2  rc=    1.6000  rs=    1.0667
     projs nearly linearly dependent: l=2  n1,n2= 1, 2  s=  0.99993509

     atom=  H    l=0  rc=    1.0000  rs=    0.6667
     atom=  H    l=0  rc=    1.0000  rs=    0.6667
     projs nearly linearly dependent: l=0  n1,n2= 1, 2  s=  0.99968852
     -----------------------------------------------------------------

     GIPAW integrals: -------------------------------------------
     Atom  i/j   nmr_para   nmr_dia   epr_rmc  epr_para   epr_dia
       C   1 1   0.83E+03  0.17E-01  0.93E+01  0.24E+08  0.24E+03
       C   2 1   0.86E+03 -0.61E-01  0.94E+01  0.25E+08  0.25E+03
       C   2 2   0.90E+03 -0.15E+00  0.97E+01  0.26E+08  0.26E+03
       C   3 3   0.33E+01  0.34E+00  0.18E+01  0.55E+03  0.21E+02
       C   4 3   0.35E+01  0.37E+00  0.20E+01  0.59E+03  0.22E+02
       C   4 4   0.38E+01  0.39E+00  0.22E+01  0.63E+03  0.24E+02
       Cl  1 1   0.14E+04 -0.47E+00  0.84E+01  0.32E+09  0.42E+03
       Cl  2 1   0.21E+04 -0.37E+00  0.12E+02  0.49E+09  0.65E+03
       Cl  2 2   0.33E+04 -0.16E+00  0.21E+02  0.76E+09  0.10E+04
       Cl  3 3   0.21E+02  0.79E-01  0.89E+01  0.23E+05  0.13E+03
       Cl  4 3   0.24E+02  0.67E-01  0.99E+01  0.27E+05  0.15E+03
       Cl  4 4   0.28E+02  0.44E-01  0.11E+02  0.32E+05  0.18E+03
       Cl  5 5   0.77E+00  0.19E+00  0.18E+01  0.12E+03  0.22E+02
       Cl  6 5   0.80E+00  0.19E+00  0.19E+01  0.12E+03  0.23E+02
       Cl  6 6   0.83E+00  0.20E+00  0.19E+01  0.12E+03  0.23E+02
       H   1 1   0.39E+02  0.19E+00  0.29E+00  0.78E+05  0.13E+02
       H   2 1   0.41E+02  0.21E+00  0.32E+00  0.82E+05  0.14E+02
       H   2 2   0.43E+02  0.22E+00  0.36E+00  0.86E+05  0.15E+02
     ------------------------------------------------------------

     alpha_pv=     33.9974 eV

     Number of occupied bands for each k-point:
     k-point:     1    nbnd_occ=  42
     k-point:     2    nbnd_occ=  42
     k-point:     3    nbnd_occ=  42
     k-point:     4    nbnd_occ=  42
     k-point:     5    nbnd_occ=  42
     k-point:     6    nbnd_occ=  42
     k-point:     7    nbnd_occ=  42
     k-point:     8    nbnd_occ=  42
     k-point:     9    nbnd_occ=  42
     k-point:    10    nbnd_occ=  42
     k-point:    11    nbnd_occ=  42
     k-point:    12    nbnd_occ=  42
     k-point:    13    nbnd_occ=  42
     k-point:    14    nbnd_occ=  42
     k-point:    15    nbnd_occ=  42
     k-point:    16    nbnd_occ=  42


     q-space interpolation up to   110.00 Rydberg

     GIPAW job: efg                                                                             


     ELECTRIC FIELD GRADIENTS TENSORS IN Hartree/bohrradius^2:

     ----- bare term -----
     Cl   1       -0.276016        0.252231        0.082018
     Cl   1        0.252231        0.017556       -0.159704
     Cl   1        0.082018       -0.159704        0.258460

     C    2       -0.019534       -0.419266       -0.409459
     C    2       -0.419266       -0.046936       -0.722433
     C    2       -0.409459       -0.722433        0.066470

     C    3       -0.321929        0.365623       -0.369095
     C    3        0.365623       -0.188490       -0.287052
     C    3       -0.369095       -0.287052        0.510419

     H    4        0.003925       -0.137300       -0.369502
     H    4       -0.137300        0.497152       -0.126573
     H    4       -0.369502       -0.126573       -0.501077

     C    5       -0.191991        0.142165       -0.254559
     C    5        0.142165       -0.338392       -0.327204
     C    5       -0.254559       -0.327204        0.530383

     H    6        0.471549       -0.020256        0.081281
     H    6       -0.020256        0.126797       -0.283689
     H    6        0.081281       -0.283689       -0.598345

     H    7        0.279088       -0.050996       -0.196912
     H    7       -0.050996       -0.490121        0.498814
     H    7       -0.196912        0.498814        0.211033

     C    8       -0.840858       -0.353506       -0.410776
     C    8       -0.353506        0.335770        0.027470
     C    8       -0.410776        0.027470        0.505088

     H    9       -0.505764        0.296994       -0.273069
     H    9        0.296994        0.357030        0.147778
     H    9       -0.273069        0.147778        0.148734

     C   10       -0.038013       -0.387054       -0.050078
     C   10       -0.387054       -0.474011        0.473060
     C   10       -0.050078        0.473060        0.512024

     C   11       -0.685715       -0.351572       -0.371681
     C   11       -0.351572        0.320672        0.067837
     C   11       -0.371681        0.067837        0.365043

     Cl  12       -0.025318       -0.003681       -0.029259
     Cl  12       -0.003681        0.148909        0.009453
     Cl  12       -0.029259        0.009453       -0.123591

     H   13        0.445088        0.067119       -0.069501
     H   13        0.067119        0.135776       -0.072102
     H   13       -0.069501       -0.072102       -0.580864

     C   14       -0.522577        0.325788       -0.016268
     C   14        0.325788        0.216078       -0.066377
     C   14       -0.016268       -0.066377        0.306498

     H   15        0.112094        0.112499       -0.380557
     H   15        0.112499        0.034916        0.217433
     H   15       -0.380557        0.217433       -0.147010

     C   16        0.304646        0.026063       -0.220644
     C   16        0.026063       -0.199232       -0.413291
     C   16       -0.220644       -0.413291       -0.105414

     C   17       -0.777890        0.381479       -0.367104
     C   17        0.381479        0.318502       -0.026736
     C   17       -0.367104       -0.026736        0.459388

     Cl  18       -0.001360        0.022549        0.071404
     Cl  18        0.022549       -0.042413        0.001145
     Cl  18        0.071404        0.001145        0.043773

     H   19        0.421011        0.261285        0.038584
     H   19        0.261285       -0.758813       -0.057726
     H   19        0.038584       -0.057726        0.337802

     C   20       -0.072609       -0.270263       -0.127337
     C   20       -0.270263       -0.082016        0.425360
     C   20       -0.127337        0.425360        0.154625

     H   21       -0.264449        0.406214        0.116285
     H   21        0.406214        0.001557       -0.151765
     H   21        0.116285       -0.151765        0.262892

     C   22       -0.362511       -0.160459       -0.067861
     C   22       -0.160459        0.048060        0.069321
     C   22       -0.067861        0.069321        0.314452

     C   23        0.036834       -0.237048       -0.116602
     C   23       -0.237048       -0.012830        0.605799
     C   23       -0.116602        0.605799       -0.024004

     Cl  24       -0.116325       -0.229133       -0.041431
     Cl  24       -0.229133        0.109553        0.066055
     Cl  24       -0.041431        0.066055        0.006772

     ----- ionic term -----
     Cl   1        0.121954       -0.201386       -0.024436
     Cl   1       -0.201386        0.007251        0.021716
     Cl   1       -0.024436        0.021716       -0.129206

     C    2        0.159794       -0.237967        0.309329
     C    2       -0.237967       -0.112867        0.432482
     C    2        0.309329        0.432482       -0.046927

     C    3        0.098386       -0.291725        0.180861
     C    3       -0.291725       -0.000198        0.452901
     C    3        0.180861        0.452901       -0.098188

     H    4        0.475773        0.195890        0.774788
     H    4        0.195890       -0.539279        0.220838
     H    4        0.774788        0.220838        0.063506

     C    5        0.245002       -0.322803        0.233590
     C    5       -0.322803       -0.108573        0.308057
     C    5        0.233590        0.308057       -0.136429

     H    6       -0.531427        0.019200        0.037373
     H    6        0.019200        0.225188        0.801766
     H    6        0.037373        0.801766        0.306240

     H    7       -0.500266        0.019151       -0.010470
     H    7        0.019151        0.776247       -0.621826
     H    7       -0.010470       -0.621826       -0.275981

     C    8        0.396662        0.164704        0.188138
     C    8        0.164704        0.091924       -0.279833
     C    8        0.188138       -0.279833       -0.488586

     H    9        0.676634       -0.417591        0.563411
     H    9       -0.417591       -0.327568       -0.244437
     H    9        0.563411       -0.244437       -0.349066

     C   10        0.288718        0.223411        0.152012
     C   10        0.223411        0.148115       -0.305820
     C   10        0.152012       -0.305820       -0.436833

     C   11        0.341725        0.140305        0.212776
     C   11        0.140305        0.094532       -0.282306
     C   11        0.212776       -0.282306       -0.436257

     Cl  12        0.170861        0.218076        0.042237
     Cl  12        0.218076       -0.016165        0.016280
     Cl  12        0.042237        0.016280       -0.154697

     H   13       -0.529540        0.059051        0.083573
     H   13        0.059051        0.163162        0.796333
     H   13        0.083573        0.796333        0.366379

     C   14        0.218611       -0.266908        0.317095
     C   14       -0.266908       -0.146904        0.300058
     C   14        0.317095        0.300058       -0.071707

     H   15        0.331160        0.072957        0.774329
     H   15        0.072957       -0.523779        0.122541
     H   15        0.774329        0.122541        0.192619

     C   16        0.042452       -0.309406        0.189582
     C   16       -0.309406       -0.030501        0.400679
     C   16        0.189582        0.400679       -0.011951

     C   17        0.143962       -0.260209        0.242151
     C   17       -0.260209       -0.114360        0.408648
     C   17        0.242151        0.408648       -0.029602

     Cl  18        0.123650       -0.217590       -0.024828
     Cl  18       -0.217590        0.005815        0.009164
     Cl  18       -0.024828        0.009164       -0.129465

     H   19       -0.515208       -0.052990        0.017734
     H   19       -0.052990        0.859510       -0.558110
     H   19        0.017734       -0.558110       -0.344302

     C   20        0.406841        0.184131        0.119442
     C   20        0.184131        0.093864       -0.290255
     C   20        0.119442       -0.290255       -0.500706

     H   21        0.916304       -0.464994        0.247701
     H   21       -0.464994       -0.317797       -0.150219
     H   21        0.247701       -0.150219       -0.598507

     C   22        0.288118        0.197308        0.018900
     C   22        0.197308        0.257966       -0.345946
     C   22        0.018900       -0.345946       -0.546084

     C   23        0.258438        0.078174        0.187138
     C   23        0.078174        0.230536       -0.358912
     C   23        0.187138       -0.358912       -0.488974

     Cl  24        0.143940        0.186951        0.000039
     Cl  24        0.186951        0.019133       -0.010260
     Cl  24        0.000039       -0.010260       -0.163073

     ----- GIPAW term -----
     Cl   1       -0.698554       -1.473016        0.869181
     Cl   1       -1.473016        0.349775       -2.051378
     Cl   1        0.869181       -2.051378        0.348779

     C    2        0.056790       -0.292025       -0.007391
     C    2       -0.292025        0.079266       -0.158874
     C    2       -0.007391       -0.158874       -0.136056

     C    3       -0.085072        0.030329       -0.184138
     C    3        0.030329       -0.091585       -0.001025
     C    3       -0.184138       -0.001025        0.176657

     H    4       -0.000000        0.000000        0.000000
     H    4        0.000000        0.000000        0.000000
     H    4        0.000000        0.000000        0.000000

     C    5       -0.102763        0.000690       -0.085642
     C    5        0.000690       -0.198385       -0.003685
     C    5       -0.085642       -0.003685        0.301147

     H    6       -0.000000        0.000000        0.000000
     H    6        0.000000        0.000000        0.000000
     H    6        0.000000        0.000000        0.000000

     H    7       -0.000000        0.000000        0.000000
     H    7        0.000000        0.000000        0.000000
     H    7        0.000000        0.000000        0.000000

     C    8       -0.209438       -0.120982        0.011124
     C    8       -0.120982        0.133400       -0.173191
     C    8        0.011124       -0.173191        0.076038

     H    9       -0.000000        0.000000        0.000000
     H    9        0.000000        0.000000        0.000000
     H    9        0.000000        0.000000        0.000000

     C   10       -0.051670       -0.087194        0.055405
     C   10       -0.087194       -0.096190       -0.029729
     C   10        0.055405       -0.029729        0.147860

     C   11       -0.155272       -0.041404       -0.009826
     C   11       -0.041404        0.217397       -0.160501
     C   11       -0.009826       -0.160501       -0.062126

     Cl  12        0.855245        1.876270       -0.188306
     Cl  12        1.876270        1.514554        0.129427
     Cl  12       -0.188306        0.129427       -2.369799

     H   13       -0.000000        0.000000        0.000000
     H   13        0.000000        0.000000        0.000000
     H   13        0.000000        0.000000        0.000000

     C   14       -0.083038       -0.042879        0.041638
     C   14       -0.042879        0.105395       -0.041161
     C   14        0.041638       -0.041161       -0.022357

     H   15       -0.000000        0.000000        0.000000
     H   15        0.000000        0.000000        0.000000
     H   15        0.000000        0.000000        0.000000

     C   16       -0.010762       -0.019613       -0.020173
     C   16       -0.019613        0.087688       -0.014309
     C   16       -0.020173       -0.014309       -0.076926

     C   17       -0.181991       -0.057447       -0.064093
     C   17       -0.057447        0.215853        0.172700
     C   17       -0.064093        0.172700       -0.033862

     Cl  18       -0.272539       -1.894411       -0.310215
     Cl  18       -1.894411        0.309340        1.900854
     Cl  18       -0.310215        1.900854       -0.036801

     H   19       -0.000000        0.000000        0.000000
     H   19        0.000000        0.000000        0.000000
     H   19        0.000000        0.000000        0.000000

     C   20       -0.040508       -0.160273       -0.028212
     C   20       -0.160273        0.151161        0.140336
     C   20       -0.028212        0.140336       -0.110652

     H   21       -0.000000        0.000000        0.000000
     H   21        0.000000        0.000000        0.000000
     H   21        0.000000        0.000000        0.000000

     C   22       -0.076488       -0.039741       -0.027948
     C   22       -0.039741        0.084084        0.051732
     C   22       -0.027948        0.051732       -0.007596

     C   23       -0.005841       -0.103446       -0.009572
     C   23       -0.103446        0.213468        0.069052
     C   23       -0.009572        0.069052       -0.207627

     Cl  24        0.181565       -0.577817       -0.701875
     Cl  24       -0.577817        1.889312        1.083702
     Cl  24       -0.701875        1.083702       -2.070877

     ----- total EFG -----
     Cl   1       -0.852616       -1.422170        0.926764
     Cl   1       -1.422170        0.374582       -2.189366
     Cl   1        0.926764       -2.189366        0.478034

     C    2        0.197049       -0.949259       -0.107521
     C    2       -0.949259       -0.080537       -0.448824
     C    2       -0.107521       -0.448824       -0.116512

     C    3       -0.308615        0.104227       -0.372371
     C    3        0.104227       -0.280272        0.164824
     C    3       -0.372371        0.164824        0.588888

     H    4        0.479697        0.058590        0.405286
     H    4        0.058590       -0.042127        0.094265
     H    4        0.405286        0.094265       -0.437570

     C    5       -0.049751       -0.179947       -0.106610
     C    5       -0.179947       -0.645350       -0.022832
     C    5       -0.106610       -0.022832        0.695101

     H    6       -0.059879       -0.001056        0.118654
     H    6       -0.001056        0.351985        0.518077
     H    6        0.118654        0.518077       -0.292106

     H    7       -0.221178       -0.031844       -0.207382
     H    7       -0.031844        0.286126       -0.123012
     H    7       -0.207382       -0.123012       -0.064948

     C    8       -0.653634       -0.309783       -0.211513
     C    8       -0.309783        0.561094       -0.425554
     C    8       -0.211513       -0.425554        0.092540

     H    9        0.170870       -0.120596        0.290342
     H    9       -0.120596        0.029462       -0.096659
     H    9        0.290342       -0.096659       -0.200332

     C   10        0.199035       -0.250836        0.157339
     C   10       -0.250836       -0.422086        0.137511
     C   10        0.157339        0.137511        0.223051

     C   11       -0.499261       -0.252670       -0.168731
     C   11       -0.252670        0.632602       -0.374970
     C   11       -0.168731       -0.374970       -0.133340

     Cl  12        1.000789        2.090665       -0.175328
     Cl  12        2.090665        1.647298        0.155160
     Cl  12       -0.175328        0.155160       -2.648087

     H   13       -0.084452        0.126169        0.014072
     H   13        0.126169        0.298938        0.724231
     H   13        0.014072        0.724231       -0.214486

     C   14       -0.387004        0.016001        0.342466
     C   14        0.016001        0.174569        0.192521
     C   14        0.342466        0.192521        0.212435

     H   15        0.443254        0.185456        0.393771
     H   15        0.185456       -0.488863        0.339974
     H   15        0.393771        0.339974        0.045609

     C   16        0.336337       -0.302956       -0.051235
     C   16       -0.302956       -0.142045       -0.026921
     C   16       -0.051235       -0.026921       -0.194291

     C   17       -0.815919        0.063823       -0.189046
     C   17        0.063823        0.419995        0.554612
     C   17       -0.189046        0.554612        0.395924

     Cl  18       -0.150249       -2.089451       -0.263639
     Cl  18       -2.089451        0.272742        1.911164
     Cl  18       -0.263639        1.911164       -0.122493

     H   19       -0.094196        0.208294        0.056318
     H   19        0.208294        0.100697       -0.615836
     H   19        0.056318       -0.615836       -0.006501

     C   20        0.293724       -0.246404       -0.036107
     C   20       -0.246404        0.163009        0.275441
     C   20       -0.036107        0.275441       -0.456733

     H   21        0.651855       -0.058780        0.363986
     H   21       -0.058780       -0.316240       -0.301984
     H   21        0.363986       -0.301984       -0.335615

     C   22       -0.150881       -0.002891       -0.076909
     C   22       -0.002891        0.390110       -0.224893
     C   22       -0.076909       -0.224893       -0.239229

     C   23        0.289431       -0.262320        0.060965
     C   23       -0.262320        0.431175        0.315939
     C   23        0.060965        0.315939       -0.720605

     Cl  24        0.209180       -0.619999       -0.743267
     Cl  24       -0.619999        2.017998        1.139496
     Cl  24       -0.743267        1.139496       -2.227178

     ----- total EFG (symmetrized) -----
     Cl   1       -0.852616       -1.422170        0.926764
     Cl   1       -1.422170        0.374582       -2.189366
     Cl   1        0.926764       -2.189366        0.478034

     C    2        0.197049       -0.949259       -0.107521
     C    2       -0.949259       -0.080537       -0.448824
     C    2       -0.107521       -0.448824       -0.116512

     C    3       -0.308615        0.104227       -0.372371
     C    3        0.104227       -0.280272        0.164824
     C    3       -0.372371        0.164824        0.588888

     H    4        0.479697        0.058590        0.405286
     H    4        0.058590       -0.042127        0.094265
     H    4        0.405286        0.094265       -0.437570

     C    5       -0.049751       -0.179947       -0.106610
     C    5       -0.179947       -0.645350       -0.022832
     C    5       -0.106610       -0.022832        0.695101

     H    6       -0.059879       -0.001056        0.118654
     H    6       -0.001056        0.351985        0.518077
     H    6        0.118654        0.518077       -0.292106

     H    7       -0.221178       -0.031844       -0.207382
     H    7       -0.031844        0.286126       -0.123012
     H    7       -0.207382       -0.123012       -0.064948

     C    8       -0.653634       -0.309783       -0.211513
     C    8       -0.309783        0.561094       -0.425554
     C    8       -0.211513       -0.425554        0.092540

     H    9        0.170870       -0.120596        0.290342
     H    9       -0.120596        0.029462       -0.096659
     H    9        0.290342       -0.096659       -0.200332

     C   10        0.199035       -0.250836        0.157339
     C   10       -0.250836       -0.422086        0.137511
     C   10        0.157339        0.137511        0.223051

     C   11       -0.499261       -0.252670       -0.168731
     C   11       -0.252670        0.632602       -0.374970
     C   11       -0.168731       -0.374970       -0.133340

     Cl  12        1.000789        2.090665       -0.175328
     Cl  12        2.090665        1.647298        0.155160
     Cl  12       -0.175328        0.155160       -2.648087

     H   13       -0.084452        0.126169        0.014072
     H   13        0.126169        0.298938        0.724231
     H   13        0.014072        0.724231       -0.214486

     C   14       -0.387004        0.016001        0.342466
     C   14        0.016001        0.174569        0.192521
     C   14        0.342466        0.192521        0.212435

     H   15        0.443254        0.185456        0.393771
     H   15        0.185456       -0.488863        0.339974
     H   15        0.393771        0.339974        0.045609

     C   16        0.336337       -0.302956       -0.051235
     C   16       -0.302956       -0.142045       -0.026921
     C   16       -0.051235       -0.026921       -0.194291

     C   17       -0.815919        0.063823       -0.189046
     C   17        0.063823        0.419995        0.554612
     C   17       -0.189046        0.554612        0.395924

     Cl  18       -0.150249       -2.089451       -0.263639
     Cl  18       -2.089451        0.272742        1.911164
     Cl  18       -0.263639        1.911164       -0.122493

     H   19       -0.094196        0.208294        0.056318
     H   19        0.208294        0.100697       -0.615836
     H   19        0.056318       -0.615836       -0.006501

     C   20        0.293724       -0.246404       -0.036107
     C   20       -0.246404        0.163009        0.275441
     C   20       -0.036107        0.275441       -0.456733

     H   21        0.651855       -0.058780        0.363986
     H   21       -0.058780       -0.316240       -0.301984
     H   21        0.363986       -0.301984       -0.335615

     C   22       -0.150881       -0.002891       -0.076909
     C   22       -0.002891        0.390110       -0.224893
     C   22       -0.076909       -0.224893       -0.239229

     C   23        0.289431       -0.262320        0.060965
     C   23       -0.262320        0.431175        0.315939
     C   23        0.060965        0.315939       -0.720605

     Cl  24        0.209180       -0.619999       -0.743267
     Cl  24       -0.619999        2.017998        1.139496
     Cl  24       -0.743267        1.139496       -2.227178


     NQR/NMR SPECTROSCOPIC PARAMETERS:
     Cl   1    Vxx=   -1.2767    axis=(  0.754200 -0.185574 -0.629877)
     Cl   1    Vyy=   -2.0075    axis=( -0.539904 -0.721223 -0.433982)
     Cl   1    Vzz=    3.2841    axis=( -0.373746  0.667382 -0.644138)
     Cl   1  Q=        -8.1650 1e-30 m^2  Cq=       -63.0045 MHz  eta= 0.22252

     C    2    Vxx=    0.0206    axis=( -0.405234 -0.176920  0.896931)
     C    2    Vyy=    1.0589    axis=( -0.715879  0.671604 -0.190960)
     C    2    Vzz=   -1.0795    axis=( -0.568597 -0.719477 -0.398810)
     C    2  Q=         1.0000 1e-30 m^2  Cq=        -2.5364 MHz  eta= 0.96184

     C    3    Vxx=   -0.1987    axis=(  0.535671  0.840883  0.077285)
     C    3    Vyy=   -0.5389    axis=( -0.780467  0.527961 -0.334858)
     C    3    Vzz=    0.7376    axis=( -0.322380  0.119055  0.939094)
     C    3  Q=         1.0000 1e-30 m^2  Cq=         1.7331 MHz  eta= 0.46116

     H    4    Vxx=   -0.0453    axis=(  0.162693 -0.984301 -0.068436)
     H    4    Vyy=   -0.5992    axis=( -0.343252 -0.121490  0.931353)
     H    4    Vzz=    0.6445    axis=( -0.925045 -0.128033 -0.357629)
     H    4  Q=         1.0000 1e-30 m^2  Cq=         1.5143 MHz  eta= 0.85956

     C    5    Vxx=   -0.0127    axis=(  0.951823 -0.275590  0.134473)
     C    5    Vyy=   -0.6974    axis=( -0.273144 -0.961274 -0.036675)
     C    5    Vzz=    0.7101    axis=( -0.139373  0.001823  0.990238)
     C    5  Q=         1.0000 1e-30 m^2  Cq=         1.6684 MHz  eta= 0.96420

     H    6    Vxx=   -0.0443    axis=(  0.978366 -0.163354  0.126948)
     H    6    Vyy=   -0.6003    axis=(  0.190248  0.469336 -0.862281)
     H    6    Vzz=    0.6446    axis=(  0.081275  0.867778  0.490260)
     H    6  Q=         1.0000 1e-30 m^2  Cq=         1.5145 MHz  eta= 0.86253

     H    7    Vxx=    0.0517    axis=( -0.598330  0.307044  0.740085)
     H    7    Vyy=    0.3272    axis=(  0.071171  0.940378 -0.332602)
     H    7    Vzz=   -0.3789    axis=( -0.798083 -0.146333 -0.584509)
     H    7  Q=         1.0000 1e-30 m^2  Cq=        -0.8903 MHz  eta= 0.72722

     C    8    Vxx=    0.0076    axis=( -0.438651  0.380467  0.814143)
     C    8    Vyy=    0.8311    axis=(  0.115400 -0.874607  0.470899)
     C    8    Vzz=   -0.8387    axis=( -0.891217 -0.300513 -0.339742)
     C    8  Q=         1.0000 1e-30 m^2  Cq=        -1.9707 MHz  eta= 0.98181

     H    9    Vxx=   -0.0323    axis=(  0.375107  0.919267  0.119345)
     H    9    Vyy=   -0.3613    axis=( -0.464419  0.074943  0.882439)
     H    9    Vzz=    0.3936    axis=(  0.802253 -0.386435  0.455037)
     H    9  Q=         1.0000 1e-30 m^2  Cq=         0.9249 MHz  eta= 0.83591

     C   10    Vxx=    0.1766    axis=( -0.564131  0.401996  0.721218)
     C   10    Vyy=    0.3775    axis=( -0.747549  0.122240 -0.652862)
     C   10    Vzz=   -0.5541    axis=(  0.350609  0.907445 -0.231552)
     C   10  Q=         1.0000 1e-30 m^2  Cq=        -1.3019 MHz  eta= 0.36246

     C   11    Vxx=   -0.1288    axis=( -0.527974  0.227711  0.818163)
     C   11    Vyy=   -0.6800    axis=(  0.838489  0.292715  0.459623)
     C   11    Vzz=    0.8088    axis=(  0.134827 -0.928690  0.345479)
     C   11  Q=         1.0000 1e-30 m^2  Cq=         1.9003 MHz  eta= 0.68145

     Cl  12    Vxx=   -0.7624    axis=( -0.753498  0.645805  0.123198)
     Cl  12    Vyy=   -2.6772    axis=(  0.093144 -0.080637  0.992382)
     Cl  12    Vzz=    3.4396    axis=( -0.650819 -0.759233 -0.000607)
     Cl  12  Q=        -8.1650 1e-30 m^2  Cq=       -65.9861 MHz  eta= 0.55668

     H   13    Vxx=   -0.0922    axis=(  0.987964 -0.044222 -0.148231)
     H   13    Vyy=   -0.7320    axis=( -0.095421  0.579990 -0.809015)
     H   13    Vzz=    0.8242    axis=(  0.121749  0.813422  0.568790)
     H   13  Q=         1.0000 1e-30 m^2  Cq=         1.9366 MHz  eta= 0.77625

     C   14    Vxx=    0.0702    axis=(  0.296703 -0.849713  0.435839)
     C   14    Vyy=    0.4783    axis=( -0.322887 -0.518773 -0.791592)
     C   14    Vzz=   -0.5485    axis=(  0.898728  0.094141 -0.428283)
     C   14  Q=         1.0000 1e-30 m^2  Cq=        -1.2888 MHz  eta= 0.74392

     H   15    Vxx=   -0.1234    axis=(  0.609063 -0.352080 -0.710691)
     H   15    Vyy=   -0.6541    axis=(  0.006022  0.898095 -0.439760)
     H   15    Vzz=    0.7775    axis=( -0.793099 -0.263562 -0.549116)
     H   15  Q=         1.0000 1e-30 m^2  Cq=         1.8269 MHz  eta= 0.68251

     C   16    Vxx=   -0.1767    axis=( -0.123851 -0.365748  0.922437)
     C   16    Vyy=   -0.3082    axis=(  0.417761  0.823978  0.382800)
     C   16    Vzz=    0.4849    axis=( -0.900076  0.432768  0.050744)
     C   16  Q=         1.0000 1e-30 m^2  Cq=         1.1393 MHz  eta= 0.27102

     C   17    Vxx=   -0.1020    axis=( -0.241864 -0.692551  0.679614)
     C   17    Vyy=   -0.8650    axis=( -0.969056  0.136808 -0.205460)
     C   17    Vzz=    0.9670    axis=(  0.049315 -0.708277 -0.704210)
     C   17  Q=         1.0000 1e-30 m^2  Cq=         2.2720 MHz  eta= 0.78910

     Cl  18    Vxx=   -0.3976    axis=(  0.672453 -0.013764  0.740012)
     Cl  18    Vyy=   -2.6341    axis=( -0.536573 -0.697736  0.474609)
     Cl  18    Vzz=    3.0317    axis=( -0.509801  0.716223  0.476580)
     Cl  18  Q=        -8.1650 1e-30 m^2  Cq=       -58.1616 MHz  eta= 0.73770

     H   19    Vxx=   -0.0492    axis=(  0.933271  0.109075  0.342210)
     H   19    Vyy=   -0.6338    axis=(  0.325424 -0.659999 -0.677127)
     H   19    Vzz=    0.6830    axis=( -0.152000 -0.743306  0.651453)
     H   19  Q=         1.0000 1e-30 m^2  Cq=         1.6048 MHz  eta= 0.85593

     C   20    Vxx=    0.0395    axis=(  0.683104  0.658508  0.315811)
     C   20    Vyy=    0.5256    axis=( -0.727136  0.653591  0.209983)
     C   20    Vzz=   -0.5651    axis=( -0.068136 -0.373077  0.925295)
     C   20  Q=         1.0000 1e-30 m^2  Cq=        -1.3278 MHz  eta= 0.86021

     H   21    Vxx=   -0.1239    axis=(  0.317707  0.770470 -0.552665)
     H   21    Vyy=   -0.6691    axis=( -0.182258  0.621618  0.761823)
     H   21    Vzz=    0.7930    axis=(  0.930508 -0.141309  0.337916)
     H   21  Q=         1.0000 1e-30 m^2  Cq=         1.8631 MHz  eta= 0.68760

     C   22    Vxx=   -0.1225    axis=(  0.930341 -0.142905 -0.337703)
     C   22    Vyy=   -0.3404    axis=(  0.365102  0.275238  0.889351)
     C   22    Vzz=    0.4629    axis=( -0.034144 -0.950696  0.308240)
     C   22  Q=         1.0000 1e-30 m^2  Cq=         1.0877 MHz  eta= 0.47067

     C   23    Vxx=    0.1486    axis=( -0.830704 -0.501978 -0.240728)
     C   23    Vyy=    0.6675    axis=( -0.544483  0.822714  0.163339)
     C   23    Vzz=   -0.8161    axis=( -0.116058 -0.266759  0.956750)
     C   23  Q=         1.0000 1e-30 m^2  Cq=        -1.9175 MHz  eta= 0.63587

     Cl  24    Vxx=    0.0621    axis=(  0.924230  0.362630 -0.119573)
     Cl  24    Vyy=    2.5710    axis=( -0.322141  0.908644  0.265691)
     Cl  24    Vzz=   -2.6331    axis=(  0.204997 -0.207040  0.956614)
     Cl  24  Q=        -8.1650 1e-30 m^2  Cq=        50.5143 MHz  eta= 0.95285

     Initialization:
     gipaw_setup  :      9.23s CPU     11.12s WALL (       1 calls)

     Linear response

     Apply operators

     Induced current

     Other routines
     efg          :      9.48s CPU     11.83s WALL (       1 calls)

     General routines
     calbec       :      3.46s CPU      4.50s WALL (      16 calls)
     fft          :      1.47s CPU      1.81s WALL (      15 calls)
     ffts         :      0.04s CPU      0.05s WALL (       2 calls)
     fftw         :      3.28s CPU      3.99s WALL (     672 calls)
     davcio       :      0.02s CPU      0.32s WALL (      32 calls)

     Parallel routines
     fft_scatter  :      2.11s CPU      3.03s WALL (     689 calls)

     Plugins

     GIPAW        :     61.33s CPU     75.51s WALL (       1 calls)
