
     Program QE v.6.0 (svn rev. 13079) starts on  1Jan2017 at 13:53:18 

     This program is part of the open-source Quantum ESPRESSO suite
     for quantum simulation of materials; please cite
         "P. Giannozzi et al., J. Phys.:Condens. Matter 21 395502 (2009);
          URL http://www.quantum-espresso.org", 
     in publications or presentations arising from this work. More details at
     http://www.quantum-espresso.org/quote

     Parallel version (MPI), running on     8 processors
     R & G space division:  proc/nbgrp/npool/nimage =       8

     ***** This is GIPAW svn revision unknown      *****

     Parallelizing q-star over 1 images

     Reading data from directory:
     /users/majewski/paradichlorobenzene/pbe/9_constraint/scratch/pbe.ecut100.np8.dt60.pcl2phi-129368.save
     Message from routine read_xml_file:
     file /users/majewski/paradichlorobenzene/pbe/9_constraint/scratch/pbe.ecut100.np8.dt60.pcl2phi-129368.save not guaranteed to be safe for post-processing

   Info: using nr1, nr2, nr3 values from input

   Info: using nr1, nr2, nr3 values from input

     IMPORTANT: XC functional enforced from input :
     Exchange-correlation      =  SLA  PW   PBX  PBC ( 1  4  3  4 0 0)
     Any further DFT definition will be discarded
     Please, verify this is what you really want

               file C.pbe-n-kjpaw_psl.1.0.0.UPF: wavefunction(s)  2S 2P renormalized
               file Cl.pbe-n-kjpaw_psl.1.0.0.UPF: wavefunction(s)  3S 3P renormalized
               file H.pbe-kjpaw_psl.1.0.0.UPF: wavefunction(s)  1S renormalized

     Parallelization info
     --------------------
     sticks:   dense  smooth     PW     G-vecs:    dense   smooth      PW
     Min        3057    1223    332               144436    36536    5170
     Max        3059    1225    333               144437    36537    5171
     Sum       24467    9791   2657              1155489   292295   41363


     Subspace diagonalization in iterative solution of the eigenvalue problem:
     a serial algorithm will be used

     GIPAW projectors -----------------------------------------------
     atom=  C    l=0  rc=    1.2000  rs=    0.8000
     atom=  C    l=0  rc=    1.2000  rs=    0.8000
     atom=  C    l=1  rc=    1.4000  rs=    0.9333
     atom=  C    l=1  rc=    1.4000  rs=    0.9333
     projs nearly linearly dependent: l=1  n1,n2= 1, 2  s=  0.99951561

     atom=  Cl   l=0  rc=    1.6000  rs=    1.0667
     atom=  Cl   l=0  rc=    1.6000  rs=    1.0667
     atom=  Cl   l=1  rc=    1.6000  rs=    1.0667
     atom=  Cl   l=1  rc=    1.6000  rs=    1.0667
     atom=  Cl   l=2  rc=    1.6000  rs=    1.0667
     atom=  Cl   l=2  rc=    1.6000  rs=    1.0667
     projs nearly linearly dependent: l=2  n1,n2= 1, 2  s=  0.99993509

     atom=  H    l=0  rc=    1.0000  rs=    0.6667
     atom=  H    l=0  rc=    1.0000  rs=    0.6667
     projs nearly linearly dependent: l=0  n1,n2= 1, 2  s=  0.99968852
     -----------------------------------------------------------------

     GIPAW integrals: -------------------------------------------
     Atom  i/j   nmr_para   nmr_dia   epr_rmc  epr_para   epr_dia
       C   1 1   0.83E+03  0.17E-01  0.93E+01  0.24E+08  0.24E+03
       C   2 1   0.86E+03 -0.61E-01  0.94E+01  0.25E+08  0.25E+03
       C   2 2   0.90E+03 -0.15E+00  0.97E+01  0.26E+08  0.26E+03
       C   3 3   0.33E+01  0.34E+00  0.18E+01  0.55E+03  0.21E+02
       C   4 3   0.35E+01  0.37E+00  0.20E+01  0.59E+03  0.22E+02
       C   4 4   0.38E+01  0.39E+00  0.22E+01  0.63E+03  0.24E+02
       Cl  1 1   0.14E+04 -0.47E+00  0.84E+01  0.32E+09  0.42E+03
       Cl  2 1   0.21E+04 -0.37E+00  0.12E+02  0.49E+09  0.65E+03
       Cl  2 2   0.33E+04 -0.16E+00  0.21E+02  0.76E+09  0.10E+04
       Cl  3 3   0.21E+02  0.79E-01  0.89E+01  0.23E+05  0.13E+03
       Cl  4 3   0.24E+02  0.67E-01  0.99E+01  0.27E+05  0.15E+03
       Cl  4 4   0.28E+02  0.44E-01  0.11E+02  0.32E+05  0.18E+03
       Cl  5 5   0.77E+00  0.19E+00  0.18E+01  0.12E+03  0.22E+02
       Cl  6 5   0.80E+00  0.19E+00  0.19E+01  0.12E+03  0.23E+02
       Cl  6 6   0.83E+00  0.20E+00  0.19E+01  0.12E+03  0.23E+02
       H   1 1   0.39E+02  0.19E+00  0.29E+00  0.78E+05  0.13E+02
       H   2 1   0.41E+02  0.21E+00  0.32E+00  0.82E+05  0.14E+02
       H   2 2   0.43E+02  0.22E+00  0.36E+00  0.86E+05  0.15E+02
     ------------------------------------------------------------

     alpha_pv=     33.9708 eV

     Number of occupied bands for each k-point:
     k-point:     1    nbnd_occ=  42
     k-point:     2    nbnd_occ=  42
     k-point:     3    nbnd_occ=  42
     k-point:     4    nbnd_occ=  42
     k-point:     5    nbnd_occ=  42
     k-point:     6    nbnd_occ=  42
     k-point:     7    nbnd_occ=  42
     k-point:     8    nbnd_occ=  42
     k-point:     9    nbnd_occ=  42
     k-point:    10    nbnd_occ=  42
     k-point:    11    nbnd_occ=  42
     k-point:    12    nbnd_occ=  42
     k-point:    13    nbnd_occ=  42
     k-point:    14    nbnd_occ=  42
     k-point:    15    nbnd_occ=  42
     k-point:    16    nbnd_occ=  42


     q-space interpolation up to   110.00 Rydberg

     GIPAW job: efg                                                                             


     ELECTRIC FIELD GRADIENTS TENSORS IN Hartree/bohrradius^2:

     ----- bare term -----
     Cl   1       -0.020144        0.131574        0.027961
     Cl   1        0.131574        0.069839        0.058608
     Cl   1        0.027961        0.058608       -0.049695

     C    2       -0.079614        0.048003       -0.312812
     C    2        0.048003       -0.414724       -0.453679
     C    2       -0.312812       -0.453679        0.494337

     C    3       -0.463675        0.151618       -0.230629
     C    3        0.151618       -0.094440       -0.321397
     C    3       -0.230629       -0.321397        0.558115

     H    4       -0.442386       -0.210826       -0.564863
     H    4       -0.210826        0.374911       -0.182328
     H    4       -0.564863       -0.182328        0.067475

     C    5       -0.126696        0.240957       -0.070895
     C    5        0.240957       -0.350646       -0.299904
     C    5       -0.070895       -0.299904        0.477342

     H    6        0.491229       -0.022906        0.027364
     H    6       -0.022906       -0.017185       -0.527554
     H    6        0.027364       -0.527554       -0.474044

     H    7        0.365982        0.117524       -0.126134
     H    7        0.117524       -0.350431        0.550035
     H    7       -0.126134        0.550035       -0.015551

     C    8       -0.321726       -0.257815       -0.239706
     C    8       -0.257815       -0.202222        0.432038
     C    8       -0.239706        0.432038        0.523948

     H    9       -0.196804        0.199345       -0.586709
     H    9        0.199345        0.392408        0.233693
     H    9       -0.586709        0.233693       -0.195604

     C   10       -0.426041       -0.162977       -0.251724
     C   10       -0.162977       -0.123170        0.378179
     C   10       -0.251724        0.378179        0.549211

     C   11       -0.090636       -0.204148       -0.157179
     C   11       -0.204148       -0.500349        0.390874
     C   11       -0.157179        0.390874        0.590984

     Cl  12       -0.018949       -0.026782       -0.063749
     Cl  12       -0.026782       -0.027046       -0.015856
     Cl  12       -0.063749       -0.015856        0.045995

     H   13        0.370360       -0.025236       -0.078972
     H   13       -0.025236       -0.534540       -0.548722
     H   13       -0.078972       -0.548722        0.164180

     C   14       -0.704956        0.272012       -0.454031
     C   14        0.272012        0.043985       -0.087656
     C   14       -0.454031       -0.087656        0.660970

     H   15       -0.483311        0.132583       -0.202236
     H   15        0.132583        0.168245       -0.398158
     H   15       -0.202236       -0.398158        0.315066

     C   16       -0.017556        0.229083       -0.075870
     C   16        0.229083       -0.602951       -0.386549
     C   16       -0.075870       -0.386549        0.620507

     C   17       -0.585163        0.119025       -0.156824
     C   17        0.119025        0.157797       -0.163596
     C   17       -0.156824       -0.163596        0.427365

     Cl  18        0.017359        0.066447        0.014737
     Cl  18        0.066447        0.073067        0.004788
     Cl  18        0.014737        0.004788       -0.090426

     H   19        0.480050        0.217279        0.056989
     H   19        0.217279       -0.636189       -0.140322
     H   19        0.056989       -0.140322        0.156140

     C   20       -0.571379       -0.029132       -0.296104
     C   20       -0.029132       -0.028991        0.264736
     C   20       -0.296104        0.264736        0.600370

     H   21       -0.490881        0.303496       -0.333825
     H   21        0.303496        0.315035        0.138309
     H   21       -0.333825        0.138309        0.175847

     C   22       -0.147409       -0.278465       -0.051881
     C   22       -0.278465       -0.455737        0.464309
     C   22       -0.051881        0.464309        0.603146

     C   23       -0.447335        0.089072       -0.273652
     C   23        0.089072       -0.068055        0.467310
     C   23       -0.273652        0.467310        0.515390

     Cl  24       -0.075417       -0.095855        0.099547
     Cl  24       -0.095855       -0.048415       -0.108476
     Cl  24        0.099547       -0.108476        0.123832

     ----- ionic term -----
     Cl   1        0.138529       -0.187198       -0.021060
     Cl   1       -0.187198       -0.021076        0.013666
     Cl   1       -0.021060        0.013666       -0.117453

     C    2        0.256493       -0.120042        0.246691
     C    2       -0.120042        0.018149        0.416752
     C    2        0.246691        0.416752       -0.274642

     C    3        0.194830       -0.178575        0.138605
     C    3       -0.178575        0.111889        0.416898
     C    3        0.138605        0.416898       -0.306719

     H    4        0.716375        0.358133        0.580564
     H    4        0.358133       -0.442316        0.235817
     H    4        0.580564        0.235817       -0.274059

     C    5        0.340501       -0.183344        0.206748
     C    5       -0.183344        0.002497        0.315510
     C    5        0.206748        0.315510       -0.342998

     H    6       -0.501029        0.044571        0.045592
     H    6        0.044571        0.663825        0.715520
     H    6        0.045592        0.715520       -0.162797

     H    7       -0.476210       -0.186116        0.099170
     H    7       -0.186116        0.806576       -0.567642
     H    7        0.099170       -0.567642       -0.330367

     C    8        0.348115        0.125031        0.337839
     C    8        0.125031        0.035739       -0.289159
     C    8        0.337839       -0.289159       -0.383854

     H    9        0.584921       -0.393722        0.643827
     H    9       -0.393722       -0.366104       -0.278781
     H    9        0.643827       -0.278781       -0.218816

     C   10        0.155035        0.187395        0.190626
     C   10        0.187395        0.232817       -0.392596
     C   10        0.190626       -0.392596       -0.387852

     C   11        0.131233        0.147629        0.280194
     C   11        0.147629        0.232560       -0.384301
     C   11        0.280194       -0.384301       -0.363793

     Cl  12        0.102353        0.212983        0.033005
     Cl  12        0.212983        0.033791        0.017639
     Cl  12        0.033005        0.017639       -0.136144

     H   13       -0.526192       -0.035298       -0.021327
     H   13       -0.035298        0.542613        0.779966
     H   13       -0.021327        0.779966       -0.016421

     C   14        0.299879       -0.244534        0.197852
     C   14       -0.244534        0.013713        0.332521
     C   14        0.197852        0.332521       -0.313593

     H   15        0.661604        0.053412        0.693539
     H   15        0.053412       -0.522432        0.120848
     H   15        0.693539        0.120848       -0.139172

     C   16        0.191961       -0.343070        0.142107
     C   16       -0.343070        0.082641        0.376783
     C   16        0.142107        0.376783       -0.274603

     C   17        0.292515       -0.231748        0.208901
     C   17       -0.231748        0.013008        0.400886
     C   17        0.208901        0.400886       -0.305523

     Cl  18        0.162808       -0.234316       -0.007316
     Cl  18       -0.234316        0.001072        0.020284
     Cl  18       -0.007316        0.020284       -0.163880

     H   19       -0.492858       -0.185261        0.081934
     H   19       -0.185261        0.808764       -0.566758
     H   19        0.081934       -0.566758       -0.315906

     C   20        0.275388        0.132096        0.275680
     C   20        0.132096        0.109621       -0.272767
     C   20        0.275680       -0.272767       -0.385009

     H   21        0.507875       -0.243214        0.742662
     H   21       -0.243214       -0.445661       -0.232762
     H   21        0.742662       -0.232762       -0.062214

     C   22        0.118637        0.195180        0.231620
     C   22        0.195180        0.217100       -0.372109
     C   22        0.231620       -0.372109       -0.335737

     C   23        0.185627        0.112299        0.353366
     C   23        0.112299        0.166152       -0.395359
     C   23        0.353366       -0.395359       -0.351779

     Cl  24        0.121805        0.204482        0.026673
     Cl  24        0.204482        0.037626        0.009477
     Cl  24        0.026673        0.009477       -0.159431

     ----- GIPAW term -----
     Cl   1        1.295563       -1.119866        0.258656
     Cl   1       -1.119866        0.642102        0.499505
     Cl   1        0.258656        0.499505       -1.937665

     C    2       -0.029903       -0.110109       -0.061177
     C    2       -0.110109       -0.151880       -0.026670
     C    2       -0.061177       -0.026670        0.181783

     C    3       -0.196715       -0.003183        0.028730
     C    3       -0.003183       -0.096864       -0.035383
     C    3        0.028730       -0.035383        0.293579

     H    4       -0.000000        0.000000        0.000000
     H    4        0.000000        0.000000        0.000000
     H    4        0.000000        0.000000        0.000000

     C    5       -0.100106        0.024478        0.015548
     C    5        0.024478       -0.193030       -0.028867
     C    5        0.015548       -0.028867        0.293136

     H    6       -0.000000        0.000000        0.000000
     H    6        0.000000        0.000000        0.000000
     H    6        0.000000        0.000000        0.000000

     H    7       -0.000000        0.000000        0.000000
     H    7        0.000000        0.000000        0.000000
     H    7        0.000000        0.000000        0.000000

     C    8       -0.123016       -0.043646       -0.062719
     C    8       -0.043646       -0.143035        0.152564
     C    8       -0.062719        0.152564        0.266051

     H    9       -0.000000        0.000000        0.000000
     H    9        0.000000        0.000000        0.000000
     H    9        0.000000        0.000000        0.000000

     C   10       -0.196722        0.007066       -0.007988
     C   10        0.007066       -0.093826        0.083748
     C   10       -0.007988        0.083748        0.290548

     C   11       -0.085509        0.052202        0.022741
     C   11        0.052202       -0.187486        0.073224
     C   11        0.022741        0.073224        0.272994

     Cl  12       -0.631070        1.289575       -0.438803
     Cl  12        1.289575       -0.718109        1.650348
     Cl  12       -0.438803        1.650348        1.349179

     H   13       -0.000000        0.000000        0.000000
     H   13        0.000000        0.000000        0.000000
     H   13        0.000000        0.000000        0.000000

     C   14       -0.190508        0.017062       -0.124482
     C   14        0.017062       -0.056146        0.093599
     C   14       -0.124482        0.093599        0.246654

     H   15       -0.000000        0.000000        0.000000
     H   15        0.000000        0.000000        0.000000
     H   15        0.000000        0.000000        0.000000

     C   16       -0.115181        0.014213       -0.014126
     C   16        0.014213       -0.177577        0.075155
     C   16       -0.014126        0.075155        0.292758

     C   17       -0.116610       -0.033879       -0.011886
     C   17       -0.033879       -0.058053        0.027599
     C   17       -0.011886        0.027599        0.174663

     Cl  18       -0.711084       -1.089903       -0.154388
     Cl  18       -1.089903       -1.341499        0.033632
     Cl  18       -0.154388        0.033632        2.052583

     H   19       -0.000000        0.000000        0.000000
     H   19        0.000000        0.000000        0.000000
     H   19        0.000000        0.000000        0.000000

     C   20       -0.179379        0.013554        0.001947
     C   20        0.013554       -0.097549        0.109577
     C   20        0.001947        0.109577        0.276928

     H   21       -0.000000        0.000000        0.000000
     H   21        0.000000        0.000000        0.000000
     H   21        0.000000        0.000000        0.000000

     C   22       -0.131088       -0.032203       -0.020079
     C   22       -0.032203       -0.155706        0.116799
     C   22       -0.020079        0.116799        0.286794

     C   23       -0.117680        0.125296        0.007324
     C   23        0.125296       -0.109086        0.106548
     C   23        0.007324        0.106548        0.226766

     Cl  24        0.734704        1.389204        0.878137
     Cl  24        1.389204       -0.319930       -0.988542
     Cl  24        0.878137       -0.988542       -0.414774

     ----- total EFG -----
     Cl   1        1.413948       -1.175490        0.265558
     Cl   1       -1.175490        0.690865        0.571780
     Cl   1        0.265558        0.571780       -2.104813

     C    2        0.146976       -0.182147       -0.127298
     C    2       -0.182147       -0.548455       -0.063597
     C    2       -0.127298       -0.063597        0.401478

     C    3       -0.465560       -0.030140       -0.063293
     C    3       -0.030140       -0.079414        0.060119
     C    3       -0.063293        0.060119        0.544975

     H    4        0.273989        0.147307        0.015701
     H    4        0.147307       -0.067405        0.053489
     H    4        0.015701        0.053489       -0.206584

     C    5        0.113698        0.082091        0.151401
     C    5        0.082091       -0.541178       -0.013261
     C    5        0.151401       -0.013261        0.427480

     H    6       -0.009800        0.021666        0.072956
     H    6        0.021666        0.646640        0.187966
     H    6        0.072956        0.187966       -0.636840

     H    7       -0.110227       -0.068592       -0.026964
     H    7       -0.068592        0.456145       -0.017607
     H    7       -0.026964       -0.017607       -0.345918

     C    8       -0.096627       -0.176429        0.035414
     C    8       -0.176429       -0.309518        0.295443
     C    8        0.035414        0.295443        0.406145

     H    9        0.388116       -0.194377        0.057118
     H    9       -0.194377        0.026304       -0.045088
     H    9        0.057118       -0.045088       -0.414420

     C   10       -0.467728        0.031485       -0.069086
     C   10        0.031485        0.015821        0.069331
     C   10       -0.069086        0.069331        0.451907

     C   11       -0.044911       -0.004317        0.145756
     C   11       -0.004317       -0.455274        0.079797
     C   11        0.145756        0.079797        0.500185

     Cl  12       -0.547666        1.475776       -0.469547
     Cl  12        1.475776       -0.711365        1.652131
     Cl  12       -0.469547        1.652131        1.259030

     H   13       -0.155832       -0.060535       -0.100300
     H   13       -0.060535        0.008073        0.231244
     H   13       -0.100300        0.231244        0.147759

     C   14       -0.595585        0.044540       -0.380660
     C   14        0.044540        0.001553        0.338464
     C   14       -0.380660        0.338464        0.594031

     H   15        0.178293        0.185995        0.491302
     H   15        0.185995       -0.354187       -0.277310
     H   15        0.491302       -0.277310        0.175894

     C   16        0.059224       -0.099773        0.052112
     C   16       -0.099773       -0.697887        0.065389
     C   16        0.052112        0.065389        0.638663

     C   17       -0.409257       -0.146602        0.040191
     C   17       -0.146602        0.112752        0.264888
     C   17        0.040191        0.264888        0.296505

     Cl  18       -0.530916       -1.257772       -0.146967
     Cl  18       -1.257772       -1.267361        0.058703
     Cl  18       -0.146967        0.058703        1.798277

     H   19       -0.012808        0.032018        0.138923
     H   19        0.032018        0.172575       -0.707080
     H   19        0.138923       -0.707080       -0.159767

     C   20       -0.475370        0.116519       -0.018476
     C   20        0.116519       -0.016919        0.101545
     C   20       -0.018476        0.101545        0.492289

     H   21        0.016994        0.060283        0.408838
     H   21        0.060283       -0.130627       -0.094453
     H   21        0.408838       -0.094453        0.113633

     C   22       -0.159860       -0.115488        0.159660
     C   22       -0.115488       -0.394344        0.209000
     C   22        0.159660        0.209000        0.554203

     C   23       -0.379388        0.326667        0.087038
     C   23        0.326667       -0.010989        0.178499
     C   23        0.087038        0.178499        0.390377

     Cl  24        0.781092        1.497831        1.004357
     Cl  24        1.497831       -0.330719       -1.087540
     Cl  24        1.004357       -1.087540       -0.450374

     ----- total EFG (symmetrized) -----
     Cl   1        1.413948       -1.175490        0.265558
     Cl   1       -1.175490        0.690865        0.571780
     Cl   1        0.265558        0.571780       -2.104813

     C    2        0.146976       -0.182147       -0.127298
     C    2       -0.182147       -0.548455       -0.063597
     C    2       -0.127298       -0.063597        0.401478

     C    3       -0.465560       -0.030140       -0.063293
     C    3       -0.030140       -0.079414        0.060119
     C    3       -0.063293        0.060119        0.544975

     H    4        0.273989        0.147307        0.015701
     H    4        0.147307       -0.067405        0.053489
     H    4        0.015701        0.053489       -0.206584

     C    5        0.113698        0.082091        0.151401
     C    5        0.082091       -0.541178       -0.013261
     C    5        0.151401       -0.013261        0.427480

     H    6       -0.009800        0.021666        0.072956
     H    6        0.021666        0.646640        0.187966
     H    6        0.072956        0.187966       -0.636840

     H    7       -0.110227       -0.068592       -0.026964
     H    7       -0.068592        0.456145       -0.017607
     H    7       -0.026964       -0.017607       -0.345918

     C    8       -0.096627       -0.176429        0.035414
     C    8       -0.176429       -0.309518        0.295443
     C    8        0.035414        0.295443        0.406145

     H    9        0.388116       -0.194377        0.057118
     H    9       -0.194377        0.026304       -0.045088
     H    9        0.057118       -0.045088       -0.414420

     C   10       -0.467728        0.031485       -0.069086
     C   10        0.031485        0.015821        0.069331
     C   10       -0.069086        0.069331        0.451907

     C   11       -0.044911       -0.004317        0.145756
     C   11       -0.004317       -0.455274        0.079797
     C   11        0.145756        0.079797        0.500185

     Cl  12       -0.547666        1.475776       -0.469547
     Cl  12        1.475776       -0.711365        1.652131
     Cl  12       -0.469547        1.652131        1.259030

     H   13       -0.155832       -0.060535       -0.100300
     H   13       -0.060535        0.008073        0.231244
     H   13       -0.100300        0.231244        0.147759

     C   14       -0.595585        0.044540       -0.380660
     C   14        0.044540        0.001553        0.338464
     C   14       -0.380660        0.338464        0.594031

     H   15        0.178293        0.185995        0.491302
     H   15        0.185995       -0.354187       -0.277310
     H   15        0.491302       -0.277310        0.175894

     C   16        0.059224       -0.099773        0.052112
     C   16       -0.099773       -0.697887        0.065389
     C   16        0.052112        0.065389        0.638663

     C   17       -0.409257       -0.146602        0.040191
     C   17       -0.146602        0.112752        0.264888
     C   17        0.040191        0.264888        0.296505

     Cl  18       -0.530916       -1.257772       -0.146967
     Cl  18       -1.257772       -1.267361        0.058703
     Cl  18       -0.146967        0.058703        1.798277

     H   19       -0.012808        0.032018        0.138923
     H   19        0.032018        0.172575       -0.707080
     H   19        0.138923       -0.707080       -0.159767

     C   20       -0.475370        0.116519       -0.018476
     C   20        0.116519       -0.016919        0.101545
     C   20       -0.018476        0.101545        0.492289

     H   21        0.016994        0.060283        0.408838
     H   21        0.060283       -0.130627       -0.094453
     H   21        0.408838       -0.094453        0.113633

     C   22       -0.159860       -0.115488        0.159660
     C   22       -0.115488       -0.394344        0.209000
     C   22        0.159660        0.209000        0.554203

     C   23       -0.379388        0.326667        0.087038
     C   23        0.326667       -0.010989        0.178499
     C   23        0.087038        0.178499        0.390377

     Cl  24        0.781092        1.497831        1.004357
     Cl  24        1.497831       -0.330719       -1.087540
     Cl  24        1.004357       -1.087540       -0.450374


     NQR/NMR SPECTROSCOPIC PARAMETERS:
     Cl   1    Vxx=    0.0030    axis=(  0.582727  0.762785  0.280335)
     Cl   1    Vyy=    2.2860    axis=( -0.799543  0.599871  0.029760)
     Cl   1    Vzz=   -2.2890    axis=( -0.145465 -0.241482  0.959441)
     Cl   1  Q=        -8.1650 1e-30 m^2  Cq=        43.9131 MHz  eta= 0.99739

     C    2    Vxx=    0.1475    axis=(  0.886720 -0.266584  0.377704)
     C    2    Vyy=    0.4544    axis=( -0.388754  0.012187  0.921261)
     C    2    Vzz=   -0.6019    axis=( -0.250197 -0.963735 -0.092830)
     C    2  Q=         1.0000 1e-30 m^2  Cq=        -1.4141 MHz  eta= 0.50981

     C    3    Vxx=   -0.0837    axis=( -0.061601  0.992961 -0.101161)
     C    3    Vyy=   -0.4713    axis=(  0.996017  0.067702  0.058027)
     C    3    Vzz=    0.5550    axis=( -0.064467  0.097184  0.993176)
     C    3  Q=         1.0000 1e-30 m^2  Cq=         1.3039 MHz  eta= 0.69847

     H    4    Vxx=   -0.1033    axis=( -0.349072  0.852705  0.388643)
     H    4    Vyy=   -0.2275    axis=(  0.084165 -0.384526  0.919269)
     H    4    Vzz=    0.3308    axis=(  0.933308  0.353602  0.062460)
     H    4  Q=         1.0000 1e-30 m^2  Cq=         0.7774 MHz  eta= 0.37537

     C    5    Vxx=    0.0634    axis=( -0.916872 -0.132748  0.376461)
     C    5    Vyy=    0.4890    axis=(  0.377508  0.018165  0.925828)
     C    5    Vzz=   -0.5524    axis=(  0.129741 -0.990983 -0.033459)
     C    5  Q=         1.0000 1e-30 m^2  Cq=        -1.2979 MHz  eta= 0.77037

     H    6    Vxx=   -0.0040    axis=(  0.993472 -0.060938  0.096438)
     H    6    Vyy=   -0.6710    axis=(  0.104112  0.138775 -0.984836)
     H    6    Vzz=    0.6751    axis=(  0.046630  0.988447  0.144213)
     H    6  Q=         1.0000 1e-30 m^2  Cq=         1.5862 MHz  eta= 0.98801

     H    7    Vxx=   -0.1148    axis=(  0.985676  0.114598 -0.123737)
     H    7    Vyy=   -0.3498    axis=(  0.120835  0.031960  0.992158)
     H    7    Vzz=    0.4646    axis=( -0.117654  0.992898 -0.017655)
     H    7  Q=         1.0000 1e-30 m^2  Cq=         1.0916 MHz  eta= 0.50572

     C    8    Vxx=   -0.0182    axis=(  0.911729 -0.368894  0.180739)
     C    8    Vyy=   -0.4953    axis=(  0.408241  0.862608 -0.298741)
     C    8    Vzz=    0.5136    axis=( -0.045703  0.346156  0.937063)
     C    8  Q=         1.0000 1e-30 m^2  Cq=         1.2067 MHz  eta= 0.92904

     H    9    Vxx=   -0.0574    axis=(  0.404826  0.912996 -0.050534)
     H    9    Vyy=   -0.4209    axis=(  0.051560 -0.077969 -0.995622)
     H    9    Vzz=    0.4783    axis=( -0.912939  0.400448 -0.078637)
     H    9  Q=         1.0000 1e-30 m^2  Cq=         1.1238 MHz  eta= 0.76003

     C   10    Vxx=    0.0086    axis=(  0.085625  0.986311 -0.140925)
     C   10    Vyy=    0.4670    axis=(  0.067988 -0.146899 -0.986812)
     C   10    Vzz=   -0.4756    axis=( -0.994005  0.074914 -0.079636)
     C   10  Q=         1.0000 1e-30 m^2  Cq=        -1.1176 MHz  eta= 0.96364

     C   11    Vxx=   -0.0800    axis=(  0.970001 -0.061186 -0.235274)
     C   11    Vyy=   -0.4626    axis=( -0.041254 -0.995201  0.088732)
     C   11    Vzz=    0.5426    axis=(  0.239574  0.076364  0.967870)
     C   11  Q=         1.0000 1e-30 m^2  Cq=         1.2748 MHz  eta= 0.70513

     Cl  12    Vxx=    0.4738    axis=(  0.804863  0.425419 -0.413781)
     Cl  12    Vyy=    2.2441    axis=(  0.143824  0.536623  0.831475)
     Cl  12    Vzz=   -2.7178    axis=(  0.575770 -0.728735  0.370723)
     Cl  12  Q=        -8.1650 1e-30 m^2  Cq=        52.1404 MHz  eta= 0.65137

     H   13    Vxx=   -0.1587    axis=(  0.399674  0.789871 -0.465150)
     H   13    Vyy=   -0.1878    axis=( -0.888307  0.208517 -0.409184)
     H   13    Vzz=    0.3466    axis=( -0.226211  0.576736  0.784987)
     H   13  Q=         1.0000 1e-30 m^2  Cq=         0.8143 MHz  eta= 0.08394

     C   14    Vxx=   -0.0903    axis=(  0.295897  0.911347 -0.286166)
     C   14    Vyy=   -0.7353    axis=( -0.926875  0.201491 -0.316708)
     C   14    Vzz=    0.8256    axis=( -0.230971  0.358953  0.904326)
     C   14  Q=         1.0000 1e-30 m^2  Cq=         1.9398 MHz  eta= 0.78134

     H   15    Vxx=   -0.0087    axis=(  0.561175  0.680452 -0.471242)
     H   15    Vyy=   -0.6641    axis=( -0.457571  0.729472  0.508429)
     H   15    Vzz=    0.6729    axis=(  0.689719 -0.069691  0.720716)
     H   15  Q=         1.0000 1e-30 m^2  Cq=         1.5810 MHz  eta= 0.97400

     C   16    Vxx=    0.0689    axis=(  0.988020 -0.134945 -0.074879)
     C   16    Vyy=    0.6457    axis=( -0.081263 -0.042428 -0.995789)
     C   16    Vzz=   -0.7146    axis=(  0.131200  0.989944 -0.052886)
     C   16  Q=         1.0000 1e-30 m^2  Cq=        -1.6790 MHz  eta= 0.80716

     C   17    Vxx=   -0.0236    axis=( -0.342734  0.744469 -0.572974)
     C   17    Vyy=   -0.4645    axis=( -0.937479 -0.310351  0.157528)
     C   17    Vzz=    0.4882    axis=( -0.060548  0.591141  0.804292)
     C   17  Q=         1.0000 1e-30 m^2  Cq=         1.1470 MHz  eta= 0.90321

     Cl  18    Vxx=    0.3948    axis=( -0.794578  0.597445 -0.108195)
     Cl  18    Vyy=    1.8153    axis=( -0.092690  0.056749  0.994077)
     Cl  18    Vzz=   -2.2101    axis=( -0.600046 -0.799899 -0.010286)
     Cl  18  Q=        -8.1650 1e-30 m^2  Cq=        42.4001 MHz  eta= 0.64274

     H   19    Vxx=    0.0049    axis=(  0.981230  0.172889  0.085424)
     H   19    Vyy=    0.7378    axis=(  0.082464 -0.776615  0.624555)
     H   19    Vzz=   -0.7427    axis=(  0.174320 -0.605787 -0.776295)
     H   19  Q=         1.0000 1e-30 m^2  Cq=        -1.7451 MHz  eta= 0.98673

     C   20    Vxx=   -0.0068    axis=(  0.243999  0.952027 -0.184685)
     C   20    Vyy=   -0.5051    axis=(  0.969767 -0.240314  0.042433)
     C   20    Vzz=    0.5118    axis=(  0.003985  0.189455  0.981881)
     C   20  Q=         1.0000 1e-30 m^2  Cq=         1.2025 MHz  eta= 0.97360

     H   21    Vxx=   -0.0874    axis=(  0.320060  0.922050 -0.217682)
     H   21    Vyy=   -0.3912    axis=( -0.681210  0.383660  0.623505)
     H   21    Vzz=    0.4786    axis=(  0.658418 -0.051271  0.750904)
     H   21  Q=         1.0000 1e-30 m^2  Cq=         1.1244 MHz  eta= 0.63473

     C   22    Vxx=   -0.1179    axis=(  0.897471 -0.434084 -0.078211)
     C   22    Vyy=   -0.5033    axis=(  0.406408  0.882738 -0.235809)
     C   22    Vzz=    0.6213    axis=(  0.171400  0.179846  0.968647)
     C   22  Q=         1.0000 1e-30 m^2  Cq=         1.4597 MHz  eta= 0.62040

     C   23    Vxx=    0.0609    axis=(  0.442876  0.734099 -0.514742)
     C   23    Vyy=    0.5095    axis=(  0.249497  0.450532  0.857189)
     C   23    Vzz=   -0.5705    axis=( -0.861169  0.508055 -0.016374)
     C   23  Q=         1.0000 1e-30 m^2  Cq=        -1.3403 MHz  eta= 0.78640

     Cl  24    Vxx=    0.6036    axis=(  0.228122 -0.560740  0.795947)
     Cl  24    Vyy=    1.8483    axis=(  0.845490  0.519478  0.123648)
     Cl  24    Vzz=   -2.4519    axis=( -0.482811  0.644758  0.592605)
     Cl  24  Q=        -8.1650 1e-30 m^2  Cq=        47.0385 MHz  eta= 0.50761

     Initialization:
     gipaw_setup  :      9.05s CPU     11.17s WALL (       1 calls)

     Linear response

     Apply operators

     Induced current

     Other routines
     efg          :      9.19s CPU     12.26s WALL (       1 calls)

     General routines
     calbec       :      3.29s CPU      4.73s WALL (      16 calls)
     fft          :      1.49s CPU      1.94s WALL (      15 calls)
     ffts         :      0.04s CPU      0.04s WALL (       2 calls)
     fftw         :      3.25s CPU      3.96s WALL (     672 calls)
     davcio       :      0.02s CPU      0.31s WALL (      32 calls)

     Parallel routines
     fft_scatter  :      1.94s CPU      2.91s WALL (     689 calls)

     Plugins

     GIPAW        :     61.23s CPU     74.37s WALL (       1 calls)
