
     Program QE v.6.0 (svn rev. 13079) starts on 23Dec2016 at 22: 2:25 

     This program is part of the open-source Quantum ESPRESSO suite
     for quantum simulation of materials; please cite
         "P. Giannozzi et al., J. Phys.:Condens. Matter 21 395502 (2009);
          URL http://www.quantum-espresso.org", 
     in publications or presentations arising from this work. More details at
     http://www.quantum-espresso.org/quote

     Parallel version (MPI), running on     8 processors
     R & G space division:  proc/nbgrp/npool/nimage =       8

     ***** This is GIPAW svn revision unknown      *****

     Parallelizing q-star over 1 images

     Reading data from directory:
     /users/majewski/paradichlorobenzene/pbe/9_constraint/scratch/pbe.ecut100.np8.dt60.pcl2phi-129368.save
     Message from routine read_xml_file:
     file /users/majewski/paradichlorobenzene/pbe/9_constraint/scratch/pbe.ecut100.np8.dt60.pcl2phi-129368.save not guaranteed to be safe for post-processing

   Info: using nr1, nr2, nr3 values from input

   Info: using nr1, nr2, nr3 values from input

     IMPORTANT: XC functional enforced from input :
     Exchange-correlation      =  SLA  PW   PBX  PBC ( 1  4  3  4 0 0)
     Any further DFT definition will be discarded
     Please, verify this is what you really want

               file C.pbe-n-kjpaw_psl.1.0.0.UPF: wavefunction(s)  2S 2P renormalized
               file Cl.pbe-n-kjpaw_psl.1.0.0.UPF: wavefunction(s)  3S 3P renormalized
               file H.pbe-kjpaw_psl.1.0.0.UPF: wavefunction(s)  1S renormalized

     Parallelization info
     --------------------
     sticks:   dense  smooth     PW     G-vecs:    dense   smooth      PW
     Min        3057    1223    332               144436    36536    5170
     Max        3059    1225    333               144437    36537    5171
     Sum       24467    9791   2657              1155489   292295   41363


     Subspace diagonalization in iterative solution of the eigenvalue problem:
     a serial algorithm will be used

     GIPAW projectors -----------------------------------------------
     atom=  C    l=0  rc=    1.2000  rs=    0.8000
     atom=  C    l=0  rc=    1.2000  rs=    0.8000
     atom=  C    l=1  rc=    1.4000  rs=    0.9333
     atom=  C    l=1  rc=    1.4000  rs=    0.9333
     projs nearly linearly dependent: l=1  n1,n2= 1, 2  s=  0.99951561

     atom=  Cl   l=0  rc=    1.6000  rs=    1.0667
     atom=  Cl   l=0  rc=    1.6000  rs=    1.0667
     atom=  Cl   l=1  rc=    1.6000  rs=    1.0667
     atom=  Cl   l=1  rc=    1.6000  rs=    1.0667
     atom=  Cl   l=2  rc=    1.6000  rs=    1.0667
     atom=  Cl   l=2  rc=    1.6000  rs=    1.0667
     projs nearly linearly dependent: l=2  n1,n2= 1, 2  s=  0.99993509

     atom=  H    l=0  rc=    1.0000  rs=    0.6667
     atom=  H    l=0  rc=    1.0000  rs=    0.6667
     projs nearly linearly dependent: l=0  n1,n2= 1, 2  s=  0.99968852
     -----------------------------------------------------------------

     GIPAW integrals: -------------------------------------------
     Atom  i/j   nmr_para   nmr_dia   epr_rmc  epr_para   epr_dia
       C   1 1   0.83E+03  0.17E-01  0.93E+01  0.24E+08  0.24E+03
       C   2 1   0.86E+03 -0.61E-01  0.94E+01  0.25E+08  0.25E+03
       C   2 2   0.90E+03 -0.15E+00  0.97E+01  0.26E+08  0.26E+03
       C   3 3   0.33E+01  0.34E+00  0.18E+01  0.55E+03  0.21E+02
       C   4 3   0.35E+01  0.37E+00  0.20E+01  0.59E+03  0.22E+02
       C   4 4   0.38E+01  0.39E+00  0.22E+01  0.63E+03  0.24E+02
       Cl  1 1   0.14E+04 -0.47E+00  0.84E+01  0.32E+09  0.42E+03
       Cl  2 1   0.21E+04 -0.37E+00  0.12E+02  0.49E+09  0.65E+03
       Cl  2 2   0.33E+04 -0.16E+00  0.21E+02  0.76E+09  0.10E+04
       Cl  3 3   0.21E+02  0.79E-01  0.89E+01  0.23E+05  0.13E+03
       Cl  4 3   0.24E+02  0.67E-01  0.99E+01  0.27E+05  0.15E+03
       Cl  4 4   0.28E+02  0.44E-01  0.11E+02  0.32E+05  0.18E+03
       Cl  5 5   0.77E+00  0.19E+00  0.18E+01  0.12E+03  0.22E+02
       Cl  6 5   0.80E+00  0.19E+00  0.19E+01  0.12E+03  0.23E+02
       Cl  6 6   0.83E+00  0.20E+00  0.19E+01  0.12E+03  0.23E+02
       H   1 1   0.39E+02  0.19E+00  0.29E+00  0.78E+05  0.13E+02
       H   2 1   0.41E+02  0.21E+00  0.32E+00  0.82E+05  0.14E+02
       H   2 2   0.43E+02  0.22E+00  0.36E+00  0.86E+05  0.15E+02
     ------------------------------------------------------------

     alpha_pv=     34.0794 eV

     Number of occupied bands for each k-point:
     k-point:     1    nbnd_occ=  42
     k-point:     2    nbnd_occ=  42
     k-point:     3    nbnd_occ=  42
     k-point:     4    nbnd_occ=  42
     k-point:     5    nbnd_occ=  42
     k-point:     6    nbnd_occ=  42
     k-point:     7    nbnd_occ=  42
     k-point:     8    nbnd_occ=  42
     k-point:     9    nbnd_occ=  42
     k-point:    10    nbnd_occ=  42
     k-point:    11    nbnd_occ=  42
     k-point:    12    nbnd_occ=  42
     k-point:    13    nbnd_occ=  42
     k-point:    14    nbnd_occ=  42
     k-point:    15    nbnd_occ=  42
     k-point:    16    nbnd_occ=  42


     q-space interpolation up to   110.00 Rydberg

     GIPAW job: efg                                                                             


     ELECTRIC FIELD GRADIENTS TENSORS IN Hartree/bohrradius^2:

     ----- bare term -----
     Cl   1        0.286726        0.081665        0.111832
     Cl   1        0.081665        0.345247        0.176164
     Cl   1        0.111832        0.176164       -0.631972

     C    2       -0.516950       -0.078600       -0.218780
     C    2       -0.078600       -0.017801       -0.352334
     C    2       -0.218780       -0.352334        0.534751

     C    3       -0.060342        0.243026       -0.169450
     C    3        0.243026       -0.416439       -0.474974
     C    3       -0.169450       -0.474974        0.476781

     H    4       -0.587754       -0.061903       -0.124630
     H    4       -0.061903        0.369724       -0.292848
     H    4       -0.124630       -0.292848        0.218030

     C    5       -0.677556        0.370545       -0.362686
     C    5        0.370545        0.340437       -0.305312
     C    5       -0.362686       -0.305312        0.337119

     H    6        0.478760       -0.057061        0.091714
     H    6       -0.057061       -0.206462       -0.374688
     H    6        0.091714       -0.374688       -0.272298

     H    7        0.468463        0.220161        0.061744
     H    7        0.220161       -0.622554        0.021056
     H    7        0.061744        0.021056        0.154092

     C    8       -0.528127        0.069473       -0.262542
     C    8        0.069473       -0.022020        0.340077
     C    8       -0.262542        0.340077        0.550147

     H    9       -0.298477        0.282004       -0.446064
     H    9        0.282004        0.000116        0.176885
     H    9       -0.446064        0.176885        0.298361

     C   10       -0.211593       -0.372867       -0.025759
     C   10       -0.372867       -0.378567        0.544094
     C   10       -0.025759        0.544094        0.590160

     C   11       -0.241006        0.115472       -0.346972
     C   11        0.115472       -0.078143        0.545974
     C   11       -0.346972        0.545974        0.319148

     Cl  12        0.000772       -0.159745       -0.077298
     Cl  12       -0.159745       -0.053163        0.030309
     Cl  12       -0.077298        0.030309        0.052391

     H   13        0.487167       -0.058992       -0.123868
     H   13       -0.058992        0.016019       -0.481750
     H   13       -0.123868       -0.481750       -0.503186

     C   14       -0.167044        0.276233       -0.113039
     C   14        0.276233       -0.385798       -0.317795
     C   14       -0.113039       -0.317795        0.552842

     H   15       -0.376574       -0.456398       -0.422952
     H   15       -0.456398        0.131440       -0.246492
     H   15       -0.422952       -0.246492        0.245134

     C   16       -0.357389        0.319267       -0.328942
     C   16        0.319267        0.042785       -0.306654
     C   16       -0.328942       -0.306654        0.314604

     C   17       -0.017352        0.271614       -0.205525
     C   17        0.271614       -0.121952       -0.600716
     C   17       -0.205525       -0.600716        0.139304

     Cl  18       -0.088493        0.169117       -0.081369
     Cl  18        0.169117        0.064880       -0.116127
     Cl  18       -0.081369       -0.116127        0.023613

     H   19        0.393443        0.078274       -0.308802
     H   19        0.078274        0.012985        0.433629
     H   19       -0.308802        0.433629       -0.406428

     C   20       -0.218594       -0.319460       -0.025561
     C   20       -0.319460       -0.322314        0.389249
     C   20       -0.025561        0.389249        0.540908

     H   21        0.136318        0.068012       -0.388192
     H   21        0.068012        0.434534       -0.047285
     H   21       -0.388192       -0.047285       -0.570852

     C   22       -0.285825       -0.098732       -0.194101
     C   22       -0.098732       -0.055082        0.301826
     C   22       -0.194101        0.301826        0.340907

     C   23       -0.168342       -0.300540       -0.083167
     C   23       -0.300540       -0.417163        0.449173
     C   23       -0.083167        0.449173        0.585504

     Cl  24       -0.067187       -0.007457       -0.090153
     Cl  24       -0.007457        0.000450        0.130890
     Cl  24       -0.090153        0.130890        0.066737

     ----- ionic term -----
     Cl   1        0.138870       -0.179596       -0.046678
     Cl   1       -0.179596       -0.032220        0.029989
     Cl   1       -0.046678        0.029989       -0.106649

     C    2        0.231990       -0.049890        0.158396
     C    2       -0.049890       -0.049209        0.503664
     C    2        0.158396        0.503664       -0.182781

     C    3        0.239880       -0.208348        0.079078
     C    3       -0.208348       -0.022910        0.444954
     C    3        0.079078        0.444954       -0.216970

     H    4        0.782485        0.298707        0.553115
     H    4        0.298707       -0.493115        0.198346
     H    4        0.553115        0.198346       -0.289370

     C    5        0.314250       -0.217064        0.139660
     C    5       -0.217064       -0.063609        0.348568
     C    5        0.139660        0.348568       -0.250641

     H    6       -0.527371        0.022376        0.024788
     H    6        0.022376        0.523512        0.788951
     H    6        0.024788        0.788951        0.003859

     H    7       -0.421837       -0.286906        0.150877
     H    7       -0.286906        0.732282       -0.583168
     H    7        0.150877       -0.583168       -0.310444

     C    8        0.326266        0.116338        0.361574
     C    8        0.116338        0.009298       -0.263282
     C    8        0.361574       -0.263282       -0.335564

     H    9        0.457450       -0.384422        0.687337
     H    9       -0.384422       -0.329050       -0.327812
     H    9        0.687337       -0.327812       -0.128400

     C   10        0.106177        0.179267        0.225116
     C   10        0.179267        0.228099       -0.379598
     C   10        0.225116       -0.379598       -0.334276

     C   11        0.083934        0.219379        0.310699
     C   11        0.219379        0.209519       -0.340966
     C   11        0.310699       -0.340966       -0.293453

     Cl  12        0.129469        0.219342        0.049364
     Cl  12        0.219342        0.032215        0.024685
     Cl  12        0.049364        0.024685       -0.161684

     H   13       -0.503439        0.083630        0.065037
     H   13        0.083630        0.436335        0.798737
     H   13        0.065037        0.798737        0.067104

     C   14        0.333143       -0.072509        0.178366
     C   14       -0.072509       -0.059092        0.373592
     C   14        0.178366        0.373592       -0.274050

     H   15        0.571056        0.373010        0.647040
     H   15        0.373010       -0.425245        0.285458
     H   15        0.647040        0.285458       -0.145811

     C   16        0.164769       -0.160463        0.118676
     C   16       -0.160463        0.072788        0.449582
     C   16        0.118676        0.449582       -0.237557

     C   17        0.227528       -0.183247        0.187853
     C   17       -0.183247        0.017282        0.425015
     C   17        0.187853        0.425015       -0.244810

     Cl  18        0.139755       -0.199524       -0.026280
     Cl  18       -0.199524       -0.008623        0.018450
     Cl  18       -0.026280        0.018450       -0.131132

     H   19       -0.511439       -0.168331        0.121424
     H   19       -0.168331        0.601813       -0.709167
     H   19        0.121424       -0.709167       -0.090374

     C   20        0.168586        0.202625        0.307133
     C   20        0.202625        0.085937       -0.270291
     C   20        0.307133       -0.270291       -0.254524

     H   21        0.338090       -0.209935        0.780888
     H   21       -0.209935       -0.453836       -0.251307
     H   21        0.780888       -0.251307        0.115747

     C   22        0.047226        0.287522        0.223644
     C   22        0.287522        0.167541       -0.369598
     C   22        0.223644       -0.369598       -0.214767

     C   23        0.159566        0.212592        0.288766
     C   23        0.212592        0.096919       -0.398393
     C   23        0.288766       -0.398393       -0.256484

     Cl  24        0.105084        0.230959        0.008862
     Cl  24        0.230959        0.035199        0.001664
     Cl  24        0.008862        0.001664       -0.140283

     ----- GIPAW term -----
     Cl   1        0.084181       -0.495150       -0.253368
     Cl   1       -0.495150       -0.281115        0.008578
     Cl   1       -0.253368        0.008578        0.196934

     C    2       -0.142199       -0.094563        0.031932
     C    2       -0.094563       -0.122337       -0.054505
     C    2        0.031932       -0.054505        0.264536

     C    3       -0.074840        0.021408       -0.031333
     C    3        0.021408       -0.066261        0.033964
     C    3       -0.031333        0.033964        0.141101

     H    4       -0.000000        0.000000        0.000000
     H    4        0.000000        0.000000        0.000000
     H    4        0.000000        0.000000        0.000000

     C    5       -0.190007        0.101075       -0.058027
     C    5        0.101075        0.221740       -0.101799
     C    5       -0.058027       -0.101799       -0.031733

     H    6       -0.000000        0.000000        0.000000
     H    6        0.000000        0.000000        0.000000
     H    6        0.000000        0.000000        0.000000

     H    7       -0.000000        0.000000        0.000000
     H    7        0.000000        0.000000        0.000000
     H    7        0.000000        0.000000        0.000000

     C    8       -0.093728        0.058776        0.135546
     C    8        0.058776       -0.115294        0.091544
     C    8        0.135546        0.091544        0.209023

     H    9       -0.000000        0.000000        0.000000
     H    9        0.000000        0.000000        0.000000
     H    9        0.000000        0.000000        0.000000

     C   10       -0.104056       -0.032028        0.058302
     C   10       -0.032028       -0.103751        0.153714
     C   10        0.058302        0.153714        0.207808

     C   11        0.018133        0.171028       -0.010016
     C   11        0.171028       -0.039737        0.110905
     C   11       -0.010016        0.110905        0.021604

     Cl  12        1.700811        1.396313       -0.624986
     Cl  12        1.396313       -0.257467        0.238500
     Cl  12       -0.624986        0.238500       -1.443344

     H   13       -0.000000        0.000000        0.000000
     H   13        0.000000        0.000000        0.000000
     H   13        0.000000        0.000000        0.000000

     C   14       -0.092162        0.056918        0.038639
     C   14        0.056918       -0.167834        0.049041
     C   14        0.038639        0.049041        0.259996

     H   15       -0.000000        0.000000        0.000000
     H   15        0.000000        0.000000        0.000000
     H   15        0.000000        0.000000        0.000000

     C   16       -0.038678        0.151777       -0.035041
     C   16        0.151777        0.059111        0.005643
     C   16       -0.035041        0.005643       -0.020433

     C   17        0.077592        0.064644       -0.043138
     C   17        0.064644        0.075585       -0.106259
     C   17       -0.043138       -0.106259       -0.153177

     Cl  18        0.394556        0.093427       -1.316925
     Cl  18        0.093427        0.829643       -1.762664
     Cl  18       -1.316925       -1.762664       -1.224199

     H   19       -0.000000        0.000000        0.000000
     H   19        0.000000        0.000000        0.000000
     H   19        0.000000        0.000000        0.000000

     C   20       -0.110458       -0.032655        0.067777
     C   20       -0.032655       -0.188160        0.109629
     C   20        0.067777        0.109629        0.298618

     H   21       -0.000000        0.000000        0.000000
     H   21        0.000000        0.000000        0.000000
     H   21        0.000000        0.000000        0.000000

     C   22       -0.157114        0.016890       -0.013898
     C   22        0.016890       -0.068123        0.110624
     C   22       -0.013898        0.110624        0.225237

     C   23       -0.072526        0.062750        0.085111
     C   23        0.062750       -0.144385        0.148970
     C   23        0.085111        0.148970        0.216912

     Cl  24       -0.226884        1.561868       -0.559437
     Cl  24        1.561868        0.497624        2.150869
     Cl  24       -0.559437        2.150869       -0.270740

     ----- total EFG -----
     Cl   1        0.509777       -0.593081       -0.188213
     Cl   1       -0.593081        0.031911        0.214730
     Cl   1       -0.188213        0.214730       -0.541688

     C    2       -0.427159       -0.223053       -0.028452
     C    2       -0.223053       -0.189347        0.096825
     C    2       -0.028452        0.096825        0.616506

     C    3        0.104699        0.056086       -0.121706
     C    3        0.056086       -0.505610        0.003944
     C    3       -0.121706        0.003944        0.400912

     H    4        0.194732        0.236804        0.428486
     H    4        0.236804       -0.123391       -0.094502
     H    4        0.428486       -0.094502       -0.071340

     C    5       -0.553314        0.254557       -0.281053
     C    5        0.254557        0.498568       -0.058543
     C    5       -0.281053       -0.058543        0.054746

     H    6       -0.048610       -0.034685        0.116502
     H    6       -0.034685        0.317049        0.414263
     H    6        0.116502        0.414263       -0.268439

     H    7        0.046625       -0.066745        0.212621
     H    7       -0.066745        0.109727       -0.562112
     H    7        0.212621       -0.562112       -0.156353

     C    8       -0.295589        0.244587        0.234578
     C    8        0.244587       -0.128017        0.168338
     C    8        0.234578        0.168338        0.423606

     H    9        0.158973       -0.102418        0.241273
     H    9       -0.102418       -0.328934       -0.150927
     H    9        0.241273       -0.150927        0.169962

     C   10       -0.209473       -0.225628        0.257659
     C   10       -0.225628       -0.254219        0.318210
     C   10        0.257659        0.318210        0.463692

     C   11       -0.138939        0.505879       -0.046288
     C   11        0.505879        0.091640        0.315912
     C   11       -0.046288        0.315912        0.047300

     Cl  12        1.831052        1.455909       -0.652920
     Cl  12        1.455909       -0.278415        0.293494
     Cl  12       -0.652920        0.293494       -1.552637

     H   13       -0.016272        0.024637       -0.058831
     H   13        0.024637        0.452354        0.316987
     H   13       -0.058831        0.316987       -0.436082

     C   14        0.073937        0.260642        0.103966
     C   14        0.260642       -0.612724        0.104838
     C   14        0.103966        0.104838        0.538787

     H   15        0.194482       -0.083388        0.224088
     H   15       -0.083388       -0.293805        0.038965
     H   15        0.224088        0.038965        0.099323

     C   16       -0.231298        0.310581       -0.245307
     C   16        0.310581        0.174684        0.148571
     C   16       -0.245307        0.148571        0.056614

     C   17        0.287768        0.153011       -0.060810
     C   17        0.153011       -0.029086       -0.281960
     C   17       -0.060810       -0.281960       -0.258683

     Cl  18        0.445819        0.063020       -1.424574
     Cl  18        0.063020        0.885900       -1.860340
     Cl  18       -1.424574       -1.860340       -1.331718

     H   19       -0.117996       -0.090057       -0.187378
     H   19       -0.090057        0.614798       -0.275538
     H   19       -0.187378       -0.275538       -0.496802

     C   20       -0.160466       -0.149489        0.349350
     C   20       -0.149489       -0.424537        0.228588
     C   20        0.349350        0.228588        0.585003

     H   21        0.474407       -0.141924        0.392696
     H   21       -0.141924       -0.019302       -0.298592
     H   21        0.392696       -0.298592       -0.455105

     C   22       -0.395713        0.205679        0.015645
     C   22        0.205679        0.044336        0.042852
     C   22        0.015645        0.042852        0.351377

     C   23       -0.081302       -0.025197        0.290710
     C   23       -0.025197       -0.464629        0.199750
     C   23        0.290710        0.199750        0.545932

     Cl  24       -0.188987        1.785369       -0.640729
     Cl  24        1.785369        0.533273        2.283424
     Cl  24       -0.640729        2.283424       -0.344286

     ----- total EFG (symmetrized) -----
     Cl   1        0.509777       -0.593081       -0.188213
     Cl   1       -0.593081        0.031911        0.214730
     Cl   1       -0.188213        0.214730       -0.541688

     C    2       -0.427159       -0.223053       -0.028452
     C    2       -0.223053       -0.189347        0.096825
     C    2       -0.028452        0.096825        0.616506

     C    3        0.104699        0.056086       -0.121706
     C    3        0.056086       -0.505610        0.003944
     C    3       -0.121706        0.003944        0.400912

     H    4        0.194732        0.236804        0.428486
     H    4        0.236804       -0.123391       -0.094502
     H    4        0.428486       -0.094502       -0.071340

     C    5       -0.553314        0.254557       -0.281053
     C    5        0.254557        0.498568       -0.058543
     C    5       -0.281053       -0.058543        0.054746

     H    6       -0.048610       -0.034685        0.116502
     H    6       -0.034685        0.317049        0.414263
     H    6        0.116502        0.414263       -0.268439

     H    7        0.046625       -0.066745        0.212621
     H    7       -0.066745        0.109727       -0.562112
     H    7        0.212621       -0.562112       -0.156353

     C    8       -0.295589        0.244587        0.234578
     C    8        0.244587       -0.128017        0.168338
     C    8        0.234578        0.168338        0.423606

     H    9        0.158973       -0.102418        0.241273
     H    9       -0.102418       -0.328934       -0.150927
     H    9        0.241273       -0.150927        0.169962

     C   10       -0.209473       -0.225628        0.257659
     C   10       -0.225628       -0.254219        0.318210
     C   10        0.257659        0.318210        0.463692

     C   11       -0.138939        0.505879       -0.046288
     C   11        0.505879        0.091640        0.315912
     C   11       -0.046288        0.315912        0.047300

     Cl  12        1.831052        1.455909       -0.652920
     Cl  12        1.455909       -0.278415        0.293494
     Cl  12       -0.652920        0.293494       -1.552637

     H   13       -0.016272        0.024637       -0.058831
     H   13        0.024637        0.452354        0.316987
     H   13       -0.058831        0.316987       -0.436082

     C   14        0.073937        0.260642        0.103966
     C   14        0.260642       -0.612724        0.104838
     C   14        0.103966        0.104838        0.538787

     H   15        0.194482       -0.083388        0.224088
     H   15       -0.083388       -0.293805        0.038965
     H   15        0.224088        0.038965        0.099323

     C   16       -0.231298        0.310581       -0.245307
     C   16        0.310581        0.174684        0.148571
     C   16       -0.245307        0.148571        0.056614

     C   17        0.287768        0.153011       -0.060810
     C   17        0.153011       -0.029086       -0.281960
     C   17       -0.060810       -0.281960       -0.258683

     Cl  18        0.445819        0.063020       -1.424574
     Cl  18        0.063020        0.885900       -1.860340
     Cl  18       -1.424574       -1.860340       -1.331718

     H   19       -0.117996       -0.090057       -0.187378
     H   19       -0.090057        0.614798       -0.275538
     H   19       -0.187378       -0.275538       -0.496802

     C   20       -0.160466       -0.149489        0.349350
     C   20       -0.149489       -0.424537        0.228588
     C   20        0.349350        0.228588        0.585003

     H   21        0.474407       -0.141924        0.392696
     H   21       -0.141924       -0.019302       -0.298592
     H   21        0.392696       -0.298592       -0.455105

     C   22       -0.395713        0.205679        0.015645
     C   22        0.205679        0.044336        0.042852
     C   22        0.015645        0.042852        0.351377

     C   23       -0.081302       -0.025197        0.290710
     C   23       -0.025197       -0.464629        0.199750
     C   23        0.290710        0.199750        0.545932

     Cl  24       -0.188987        1.785369       -0.640729
     Cl  24        1.785369        0.533273        2.283424
     Cl  24       -0.640729        2.283424       -0.344286


     NQR/NMR SPECTROSCOPIC PARAMETERS:
     Cl   1    Vxx=   -0.3478    axis=(  0.586980  0.761837  0.273968)
     Cl   1    Vyy=   -0.6133    axis=(  0.014985  0.328117 -0.944518)
     Cl   1    Vzz=    0.9611    axis=( -0.809463  0.558519  0.181182)
     Cl   1  Q=        -8.1650 1e-30 m^2  Cq=       -18.4387 MHz  eta= 0.27621

     C    2    Vxx=   -0.0694    axis=( -0.515686  0.845146 -0.140702)
     C    2    Vyy=   -0.5616    axis=(  0.855052  0.518079 -0.021929)
     C    2    Vzz=    0.6309    axis=( -0.054361  0.131617  0.989809)
     C    2  Q=         1.0000 1e-30 m^2  Cq=         1.4825 MHz  eta= 0.78012

     C    3    Vxx=    0.0662    axis=( -0.935973 -0.094141 -0.339251)
     C    3    Vyy=    0.4447    axis=( -0.339287 -0.016120  0.940545)
     C    3    Vzz=   -0.5110    axis=(  0.094013 -0.995428  0.016853)
     C    3  Q=         1.0000 1e-30 m^2  Cq=        -1.2006 MHz  eta= 0.74078

     H    4    Vxx=   -0.0269    axis=(  0.129809  0.837877 -0.530199)
     H    4    Vyy=   -0.5130    axis=( -0.564595  0.502030  0.655132)
     H    4    Vzz=    0.5399    axis=(  0.815096  0.214306  0.538229)
     H    4  Q=         1.0000 1e-30 m^2  Cq=         1.2686 MHz  eta= 0.90034

     C    5    Vxx=    0.1157    axis=( -0.263400  0.314592  0.911950)
     C    5    Vyy=    0.5871    axis=( -0.268158 -0.931953  0.244039)
     C    5    Vzz=   -0.7029    axis=(  0.926667 -0.180267  0.329836)
     C    5  Q=         1.0000 1e-30 m^2  Cq=        -1.6515 MHz  eta= 0.67070

     H    6    Vxx=   -0.0188    axis=(  0.967687 -0.150029  0.202665)
     H    6    Vyy=   -0.5136    axis=(  0.248941  0.440533 -0.862530)
     H    6    Vzz=    0.5325    axis=(  0.040124  0.885111  0.463647)
     H    6  Q=         1.0000 1e-30 m^2  Cq=         1.2511 MHz  eta= 0.92926

     H    7    Vxx=    0.0100    axis=(  0.929812  0.365199 -0.045602)
     H    7    Vyy=    0.6154    axis=(  0.314470 -0.723990  0.613960)
     H    7    Vzz=   -0.6254    axis=(  0.191202 -0.585208 -0.788019)
     H    7  Q=         1.0000 1e-30 m^2  Cq=        -1.4694 MHz  eta= 0.96808

     C    8    Vxx=   -0.0920    axis=(  0.425223  0.785374 -0.449859)
     C    8    Vyy=   -0.4817    axis=(  0.842394 -0.525188 -0.120624)
     C    8    Vzz=    0.5737    axis=(  0.330996  0.327666  0.884916)
     C    8  Q=         1.0000 1e-30 m^2  Cq=         1.3479 MHz  eta= 0.67921

     H    9    Vxx=   -0.0736    axis=( -0.737099 -0.099461  0.668426)
     H    9    Vyy=   -0.3738    axis=( -0.080695 -0.969079 -0.233183)
     H    9    Vzz=    0.4474    axis=(  0.670950 -0.225817  0.706281)
     H    9  Q=         1.0000 1e-30 m^2  Cq=         1.0513 MHz  eta= 0.67082

     C   10    Vxx=   -0.0057    axis=(  0.757042 -0.652808  0.026994)
     C   10    Vyy=   -0.6138    axis=(  0.617750  0.701709 -0.354950)
     C   10    Vzz=    0.6195    axis=(  0.212772  0.285387  0.934496)
     C   10  Q=         1.0000 1e-30 m^2  Cq=         1.4557 MHz  eta= 0.98152

     C   11    Vxx=    0.0372    axis=(  0.518867  0.103052 -0.848621)
     C   11    Vyy=    0.5911    axis=( -0.504373 -0.764603 -0.401235)
     C   11    Vzz=   -0.6284    axis=(  0.690206 -0.636209  0.344751)
     C   11  Q=         1.0000 1e-30 m^2  Cq=        -1.4764 MHz  eta= 0.88147

     Cl  12    Vxx=   -0.6858    axis=( -0.325687  0.793546  0.514016)
     Cl  12    Vyy=   -1.9374    axis=(  0.311024 -0.423478  0.850841)
     Cl  12    Vzz=    2.6232    axis=(  0.892856  0.436979 -0.108891)
     Cl  12  Q=        -8.1650 1e-30 m^2  Cq=       -50.3253 MHz  eta= 0.47710

     H   13    Vxx=   -0.0087    axis=(  0.992813  0.027091 -0.116569)
     H   13    Vyy=   -0.5452    axis=( -0.119278  0.303350 -0.945384)
     H   13    Vzz=    0.5539    axis=(  0.009749  0.952494  0.304401)
     H   13  Q=         1.0000 1e-30 m^2  Cq=         1.3015 MHz  eta= 0.96862

     C   14    Vxx=    0.1205    axis=(  0.912242  0.281741 -0.297384)
     C   14    Vyy=    0.5835    axis=(  0.266977  0.141713  0.953226)
     C   14    Vzz=   -0.7040    axis=(  0.310706 -0.948967  0.054058)
     C   14  Q=         1.0000 1e-30 m^2  Cq=        -1.6542 MHz  eta= 0.65757

     H   15    Vxx=   -0.0541    axis=( -0.572253  0.321637  0.754371)
     H   15    Vyy=   -0.3244    axis=(  0.245430  0.944887 -0.216687)
     H   15    Vzz=    0.3785    axis=( -0.782490  0.061145 -0.619654)
     H   15  Q=         1.0000 1e-30 m^2  Cq=         0.8892 MHz  eta= 0.71435

     C   16    Vxx=    0.1937    axis=( -0.421123  0.132465  0.897278)
     C   16    Vyy=    0.3438    axis=( -0.447554 -0.890801 -0.078544)
     C   16    Vzz=   -0.5375    axis=(  0.788892 -0.434657  0.434422)
     C   16  Q=         1.0000 1e-30 m^2  Cq=        -1.2629 MHz  eta= 0.27934

     C   17    Vxx=    0.0519    axis=( -0.559165  0.665383 -0.494571)
     C   17    Vyy=    0.3982    axis=(  0.827537  0.484047 -0.284395)
     C   17    Vzz=   -0.4501    axis=( -0.050164  0.568299  0.821291)
     C   17  Q=         1.0000 1e-30 m^2  Cq=        -1.0575 MHz  eta= 0.76934

     Cl  18    Vxx=    0.5356    axis=(  0.827311 -0.556476 -0.076758)
     Cl  18    Vyy=    2.3124    axis=( -0.435325 -0.721472  0.538489)
     Cl  18    Vzz=   -2.8480    axis=( -0.355034 -0.412083 -0.839129)
     Cl  18  Q=        -8.1650 1e-30 m^2  Cq=        54.6381 MHz  eta= 0.62388

     H   19    Vxx=   -0.0415    axis=(  0.929935 -0.026379 -0.366777)
     H   19    Vyy=   -0.6404    axis=(  0.363041  0.224551  0.904311)
     H   19    Vzz=    0.6820    axis=(  0.058505 -0.974105  0.218395)
     H   19  Q=         1.0000 1e-30 m^2  Cq=         1.6024 MHz  eta= 0.87819

     C   20    Vxx=   -0.1399    axis=(  0.792198 -0.576568 -0.199980)
     C   20    Vyy=   -0.6054    axis=(  0.509230  0.805133 -0.304048)
     C   20    Vzz=    0.7453    axis=(  0.336316  0.139030  0.931430)
     C   20  Q=         1.0000 1e-30 m^2  Cq=         1.7511 MHz  eta= 0.62468

     H   21    Vxx=   -0.0152    axis=(  0.427017  0.878315 -0.214985)
     H   21    Vyy=   -0.6849    axis=(  0.262306 -0.347847 -0.900110)
     H   21    Vzz=    0.7001    axis=( -0.865362  0.327971 -0.378924)
     H   21  Q=         1.0000 1e-30 m^2  Cq=         1.6451 MHz  eta= 0.95654

     C   22    Vxx=    0.1166    axis=(  0.360685  0.912982 -0.190708)
     C   22    Vyy=    0.3602    axis=(  0.068720  0.177902  0.981646)
     C   22    Vzz=   -0.4769    axis=( -0.930153  0.367170 -0.001426)
     C   22  Q=         1.0000 1e-30 m^2  Cq=        -1.1205 MHz  eta= 0.51082

     C   23    Vxx=   -0.1676    axis=( -0.914608  0.276168  0.295336)
     C   23    Vyy=   -0.5198    axis=(  0.210533  0.948851 -0.235283)
     C   23    Vzz=    0.6873    axis=(  0.345207  0.153014  0.925969)
     C   23  Q=         1.0000 1e-30 m^2  Cq=         1.6149 MHz  eta= 0.51240

     Cl  24    Vxx=    0.3740    axis=(  0.786599  0.026663 -0.616888)
     Cl  24    Vyy=    2.8007    axis=( -0.363603 -0.787476 -0.497669)
     Cl  24    Vzz=   -3.1747    axis=(  0.499054 -0.615769  0.609733)
     Cl  24  Q=        -8.1650 1e-30 m^2  Cq=        60.9057 MHz  eta= 0.76438

     Initialization:
     gipaw_setup  :      9.23s CPU     10.99s WALL (       1 calls)

     Linear response

     Apply operators

     Induced current

     Other routines
     efg          :      9.72s CPU     11.99s WALL (       1 calls)

     General routines
     calbec       :      3.32s CPU      4.21s WALL (      16 calls)
     fft          :      1.88s CPU      3.15s WALL (      15 calls)
     ffts         :      0.04s CPU      0.05s WALL (       2 calls)
     fftw         :      3.48s CPU      4.05s WALL (     672 calls)
     davcio       :      0.06s CPU      0.35s WALL (      32 calls)

     Parallel routines
     fft_scatter  :      2.47s CPU      4.25s WALL (     689 calls)

     Plugins

     GIPAW        :     61.23s CPU     73.63s WALL (       1 calls)
