
     Program QE v.6.0 (svn rev. 13079) starts on  3Jan2017 at  0:13:26 

     This program is part of the open-source Quantum ESPRESSO suite
     for quantum simulation of materials; please cite
         "P. Giannozzi et al., J. Phys.:Condens. Matter 21 395502 (2009);
          URL http://www.quantum-espresso.org", 
     in publications or presentations arising from this work. More details at
     http://www.quantum-espresso.org/quote

     Parallel version (MPI), running on     8 processors
     R & G space division:  proc/nbgrp/npool/nimage =       8

     ***** This is GIPAW svn revision unknown      *****

     Parallelizing q-star over 1 images

     Reading data from directory:
     /users/majewski/paradichlorobenzene/pbe/9_constraint/scratch/pbe.ecut100.np8.dt60.pcl2phi-129368.save
     Message from routine read_xml_file:
     file /users/majewski/paradichlorobenzene/pbe/9_constraint/scratch/pbe.ecut100.np8.dt60.pcl2phi-129368.save not guaranteed to be safe for post-processing

   Info: using nr1, nr2, nr3 values from input

   Info: using nr1, nr2, nr3 values from input

     IMPORTANT: XC functional enforced from input :
     Exchange-correlation      =  SLA  PW   PBX  PBC ( 1  4  3  4 0 0)
     Any further DFT definition will be discarded
     Please, verify this is what you really want

               file C.pbe-n-kjpaw_psl.1.0.0.UPF: wavefunction(s)  2S 2P renormalized
               file Cl.pbe-n-kjpaw_psl.1.0.0.UPF: wavefunction(s)  3S 3P renormalized
               file H.pbe-kjpaw_psl.1.0.0.UPF: wavefunction(s)  1S renormalized

     Parallelization info
     --------------------
     sticks:   dense  smooth     PW     G-vecs:    dense   smooth      PW
     Min        3057    1223    332               144436    36536    5170
     Max        3059    1225    333               144437    36537    5171
     Sum       24467    9791   2657              1155489   292295   41363


     Subspace diagonalization in iterative solution of the eigenvalue problem:
     a serial algorithm will be used

     GIPAW projectors -----------------------------------------------
     atom=  C    l=0  rc=    1.2000  rs=    0.8000
     atom=  C    l=0  rc=    1.2000  rs=    0.8000
     atom=  C    l=1  rc=    1.4000  rs=    0.9333
     atom=  C    l=1  rc=    1.4000  rs=    0.9333
     projs nearly linearly dependent: l=1  n1,n2= 1, 2  s=  0.99951561

     atom=  Cl   l=0  rc=    1.6000  rs=    1.0667
     atom=  Cl   l=0  rc=    1.6000  rs=    1.0667
     atom=  Cl   l=1  rc=    1.6000  rs=    1.0667
     atom=  Cl   l=1  rc=    1.6000  rs=    1.0667
     atom=  Cl   l=2  rc=    1.6000  rs=    1.0667
     atom=  Cl   l=2  rc=    1.6000  rs=    1.0667
     projs nearly linearly dependent: l=2  n1,n2= 1, 2  s=  0.99993509

     atom=  H    l=0  rc=    1.0000  rs=    0.6667
     atom=  H    l=0  rc=    1.0000  rs=    0.6667
     projs nearly linearly dependent: l=0  n1,n2= 1, 2  s=  0.99968852
     -----------------------------------------------------------------

     GIPAW integrals: -------------------------------------------
     Atom  i/j   nmr_para   nmr_dia   epr_rmc  epr_para   epr_dia
       C   1 1   0.83E+03  0.17E-01  0.93E+01  0.24E+08  0.24E+03
       C   2 1   0.86E+03 -0.61E-01  0.94E+01  0.25E+08  0.25E+03
       C   2 2   0.90E+03 -0.15E+00  0.97E+01  0.26E+08  0.26E+03
       C   3 3   0.33E+01  0.34E+00  0.18E+01  0.55E+03  0.21E+02
       C   4 3   0.35E+01  0.37E+00  0.20E+01  0.59E+03  0.22E+02
       C   4 4   0.38E+01  0.39E+00  0.22E+01  0.63E+03  0.24E+02
       Cl  1 1   0.14E+04 -0.47E+00  0.84E+01  0.32E+09  0.42E+03
       Cl  2 1   0.21E+04 -0.37E+00  0.12E+02  0.49E+09  0.65E+03
       Cl  2 2   0.33E+04 -0.16E+00  0.21E+02  0.76E+09  0.10E+04
       Cl  3 3   0.21E+02  0.79E-01  0.89E+01  0.23E+05  0.13E+03
       Cl  4 3   0.24E+02  0.67E-01  0.99E+01  0.27E+05  0.15E+03
       Cl  4 4   0.28E+02  0.44E-01  0.11E+02  0.32E+05  0.18E+03
       Cl  5 5   0.77E+00  0.19E+00  0.18E+01  0.12E+03  0.22E+02
       Cl  6 5   0.80E+00  0.19E+00  0.19E+01  0.12E+03  0.23E+02
       Cl  6 6   0.83E+00  0.20E+00  0.19E+01  0.12E+03  0.23E+02
       H   1 1   0.39E+02  0.19E+00  0.29E+00  0.78E+05  0.13E+02
       H   2 1   0.41E+02  0.21E+00  0.32E+00  0.82E+05  0.14E+02
       H   2 2   0.43E+02  0.22E+00  0.36E+00  0.86E+05  0.15E+02
     ------------------------------------------------------------

     alpha_pv=     34.1038 eV

     Number of occupied bands for each k-point:
     k-point:     1    nbnd_occ=  42
     k-point:     2    nbnd_occ=  42
     k-point:     3    nbnd_occ=  42
     k-point:     4    nbnd_occ=  42
     k-point:     5    nbnd_occ=  42
     k-point:     6    nbnd_occ=  42
     k-point:     7    nbnd_occ=  42
     k-point:     8    nbnd_occ=  42
     k-point:     9    nbnd_occ=  42
     k-point:    10    nbnd_occ=  42
     k-point:    11    nbnd_occ=  42
     k-point:    12    nbnd_occ=  42
     k-point:    13    nbnd_occ=  42
     k-point:    14    nbnd_occ=  42
     k-point:    15    nbnd_occ=  42
     k-point:    16    nbnd_occ=  42


     q-space interpolation up to   110.00 Rydberg

     GIPAW job: efg                                                                             


     ELECTRIC FIELD GRADIENTS TENSORS IN Hartree/bohrradius^2:

     ----- bare term -----
     Cl   1       -0.081668       -0.043080       -0.090800
     Cl   1       -0.043080       -0.099569       -0.010694
     Cl   1       -0.090800       -0.010694        0.181237

     C    2       -0.551988        0.328821       -0.379293
     C    2        0.328821        0.265234       -0.287282
     C    2       -0.379293       -0.287282        0.286754

     C    3       -0.041410        0.146655       -0.219071
     C    3        0.146655       -0.412640       -0.451944
     C    3       -0.219071       -0.451944        0.454050

     H    4       -0.582724       -0.207798        0.038585
     H    4       -0.207798        0.438210       -0.183204
     H    4        0.038585       -0.183204        0.144514

     C    5       -0.768988        0.314601       -0.440016
     C    5        0.314601        0.244070       -0.056518
     C    5       -0.440016       -0.056518        0.524918

     H    6        0.428440       -0.216324        0.083874
     H    6       -0.216324       -0.561019       -0.213530
     H    6        0.083874       -0.213530        0.132580

     H    7        0.253176        0.323202       -0.229303
     H    7        0.323202       -0.363028        0.538344
     H    7       -0.229303        0.538344        0.109852

     C    8       -0.166538       -0.206559       -0.215724
     C    8       -0.206559       -0.066414        0.430988
     C    8       -0.215724        0.430988        0.232953

     H    9       -0.248978        0.528977       -0.174563
     H    9        0.528977       -0.133890       -0.028286
     H    9       -0.174563       -0.028286        0.382868

     C   10       -0.515514       -0.354387       -0.210128
     C   10       -0.354387        0.155975        0.376998
     C   10       -0.210128        0.376998        0.359539

     C   11        0.012397        0.033149       -0.140001
     C   11        0.033149       -0.014353        0.443105
     C   11       -0.140001        0.443105        0.001956

     Cl  12        0.102573       -0.118211        0.053445
     Cl  12       -0.118211        0.121849       -0.207437
     Cl  12        0.053445       -0.207437       -0.224422

     H   13        0.451243       -0.175990        0.009137
     H   13       -0.175990       -0.793695        0.035843
     H   13        0.009137        0.035843        0.342451

     C   14       -0.058363       -0.037827       -0.199176
     C   14       -0.037827       -0.056072       -0.342213
     C   14       -0.199176       -0.342213        0.114435

     H   15       -0.113984       -0.456362       -0.134109
     H   15       -0.456362       -0.297450        0.067909
     H   15       -0.134109        0.067909        0.411434

     C   16       -0.361172        0.189862        0.027047
     C   16        0.189862        0.019683       -0.074161
     C   16        0.027047       -0.074161        0.341489

     C   17       -0.029730       -0.042228       -0.272092
     C   17       -0.042228        0.068646       -0.701551
     C   17       -0.272092       -0.701551       -0.038916

     Cl  18       -0.229155        0.246076        0.023432
     Cl  18        0.246076        0.079019        0.144231
     Cl  18        0.023432        0.144231        0.150136

     H   19        0.534450        0.019877        0.001911
     H   19        0.019877       -0.245906        0.335553
     H   19        0.001911        0.335553       -0.288544

     C   20       -0.704882       -0.365941       -0.304193
     C   20       -0.365941        0.428083        0.212873
     C   20       -0.304193        0.212873        0.276799

     H   21       -0.577907        0.120389       -0.314753
     H   21        0.120389        0.339847        0.200082
     H   21       -0.314753        0.200082        0.238060

     C   22       -0.021168        0.016051       -0.277180
     C   22        0.016051       -0.141775        0.575814
     C   22       -0.277180        0.575814        0.162943

     C   23       -0.578213       -0.272609       -0.384048
     C   23       -0.272609        0.231443        0.198532
     C   23       -0.384048        0.198532        0.346770

     Cl  24       -0.096113        0.052187       -0.032935
     Cl  24        0.052187       -0.087373       -0.065064
     Cl  24       -0.032935       -0.065064        0.183486

     ----- ionic term -----
     Cl   1        0.193496       -0.195904       -0.044074
     Cl   1       -0.195904       -0.060790        0.026515
     Cl   1       -0.044074        0.026515       -0.132707

     C    2        0.315348       -0.041353        0.137540
     C    2       -0.041353        0.142154        0.383222
     C    2        0.137540        0.383222       -0.457501

     C    3        0.240482       -0.199970        0.114568
     C    3       -0.199970        0.254930        0.325755
     C    3        0.114568        0.325755       -0.495412

     H    4        0.798826        0.429483        0.459327
     H    4        0.429483       -0.338078        0.208933
     H    4        0.459327        0.208933       -0.460748

     C    5        0.348049       -0.112960        0.194477
     C    5       -0.112960        0.169993        0.249434
     C    5        0.194477        0.249434       -0.518042

     H    6       -0.525340        0.162236        0.063158
     H    6        0.162236        0.955272        0.453975
     H    6        0.063158        0.453975       -0.429932

     H    7       -0.498911       -0.204616        0.149042
     H    7       -0.204616        0.525026       -0.780699
     H    7        0.149042       -0.780699       -0.026115

     C    8        0.322831        0.129788        0.191600
     C    8        0.129788       -0.031361       -0.360740
     C    8        0.191600       -0.360740       -0.291471

     H    9        0.674007       -0.380666        0.587232
     H    9       -0.380666       -0.429502       -0.267485
     H    9        0.587232       -0.267485       -0.244505

     C   10        0.180130        0.195758        0.091902
     C   10        0.195758        0.060249       -0.472289
     C   10        0.091902       -0.472289       -0.240378

     C   11        0.238198        0.091370        0.180140
     C   11        0.091370        0.020683       -0.477880
     C   11        0.180140       -0.477880       -0.258880

     Cl  12        0.097087        0.189731       -0.029778
     Cl  12        0.189731        0.032024       -0.031753
     Cl  12       -0.029778       -0.031753       -0.129111

     H   13       -0.503290        0.105505        0.038898
     H   13        0.105505        0.708817        0.654463
     H   13        0.038898        0.654463       -0.205527

     C   14        0.366896       -0.096135        0.179310
     C   14       -0.096135        0.096775        0.310022
     C   14        0.179310        0.310022       -0.463671

     H   15        0.574377        0.389546        0.634002
     H   15        0.389546       -0.326677        0.293985
     H   15        0.634002        0.293985       -0.247700

     C   16        0.197099       -0.183101        0.155735
     C   16       -0.183101        0.264812        0.341946
     C   16        0.155735        0.341946       -0.461911

     C   17        0.259679       -0.060854        0.267937
     C   17       -0.060854        0.221215        0.283670
     C   17        0.267937        0.283670       -0.480894

     Cl  18        0.138434       -0.183953        0.056426
     Cl  18       -0.183953        0.020329       -0.031754
     Cl  18        0.056426       -0.031754       -0.158764

     H   19       -0.483590       -0.102883        0.078313
     H   19       -0.102883        0.594888       -0.750262
     H   19        0.078313       -0.750262       -0.111298

     C   20        0.424482        0.083192        0.190764
     C   20        0.083192       -0.069219       -0.353445
     C   20        0.190764       -0.353445       -0.355263

     H   21        0.605916       -0.462079        0.561629
     H   21       -0.462079       -0.342734       -0.294415
     H   21        0.561629       -0.294415       -0.263181

     C   22        0.194673        0.112952        0.106530
     C   22        0.112952        0.102119       -0.446948
     C   22        0.106530       -0.446948       -0.296792

     C   23        0.231873        0.122976        0.191877
     C   23        0.122976        0.051777       -0.447484
     C   23        0.191877       -0.447484       -0.283650

     Cl  24        0.156457        0.213083       -0.034512
     Cl  24        0.213083       -0.020282       -0.023173
     Cl  24       -0.034512       -0.023173       -0.136174

     ----- GIPAW term -----
     Cl   1        0.314274       -2.135791       -1.237149
     Cl   1       -2.135791       -1.167141        0.038181
     Cl   1       -1.237149        0.038181        0.852867

     C    2       -0.133794       -0.019415       -0.058291
     C    2       -0.019415        0.265818       -0.045096
     C    2       -0.058291       -0.045096       -0.132024

     C    3       -0.084440       -0.025722       -0.072243
     C    3       -0.025722       -0.050680        0.074094
     C    3       -0.072243        0.074094        0.135120

     H    4       -0.000000        0.000000        0.000000
     H    4        0.000000        0.000000        0.000000
     H    4        0.000000        0.000000        0.000000

     C    5       -0.201506        0.004147       -0.093045
     C    5        0.004147        0.122327        0.143277
     C    5       -0.093045        0.143277        0.079179

     H    6       -0.000000        0.000000        0.000000
     H    6        0.000000        0.000000        0.000000
     H    6        0.000000        0.000000        0.000000

     H    7       -0.000000        0.000000        0.000000
     H    7        0.000000        0.000000        0.000000
     H    7        0.000000        0.000000        0.000000

     C    8       -0.083804       -0.081025       -0.009471
     C    8       -0.081025        0.152929        0.027859
     C    8       -0.009471        0.027859       -0.069125

     H    9       -0.000000        0.000000        0.000000
     H    9        0.000000        0.000000        0.000000
     H    9        0.000000        0.000000        0.000000

     C   10       -0.192167       -0.101781       -0.071074
     C   10       -0.101781        0.206423        0.171406
     C   10       -0.071074        0.171406       -0.014256

     C   11       -0.021843        0.005678       -0.040979
     C   11        0.005678        0.057854        0.116532
     C   11       -0.040979        0.116532       -0.036011

     Cl  12       -0.473909        0.494681       -0.507035
     Cl  12        0.494681       -0.667559        0.858940
     Cl  12       -0.507035        0.858940        1.141467

     H   13       -0.000000        0.000000        0.000000
     H   13        0.000000        0.000000        0.000000
     H   13        0.000000        0.000000        0.000000

     C   14       -0.061392        0.007448       -0.017422
     C   14        0.007448        0.126083       -0.137230
     C   14       -0.017422       -0.137230       -0.064691

     H   15       -0.000000        0.000000        0.000000
     H   15        0.000000        0.000000        0.000000
     H   15        0.000000        0.000000        0.000000

     C   16       -0.082393        0.003103        0.006917
     C   16        0.003103        0.080221       -0.054840
     C   16        0.006917       -0.054840        0.002173

     C   17       -0.060351       -0.049649       -0.045129
     C   17       -0.049649        0.247327       -0.155462
     C   17       -0.045129       -0.155462       -0.186976

     Cl  18       -0.721999       -0.468374        0.394987
     Cl  18       -0.468374        1.287638        2.086713
     Cl  18        0.394987        2.086713       -0.565640

     H   19       -0.000000        0.000000        0.000000
     H   19        0.000000        0.000000        0.000000
     H   19        0.000000        0.000000        0.000000

     C   20       -0.188133       -0.092886       -0.043590
     C   20       -0.092886        0.243607        0.105750
     C   20       -0.043590        0.105750       -0.055473

     H   21       -0.000000        0.000000        0.000000
     H   21        0.000000        0.000000        0.000000
     H   21        0.000000        0.000000        0.000000

     C   22       -0.085868        0.115648       -0.068492
     C   22        0.115648        0.172790        0.012052
     C   22       -0.068492        0.012052       -0.086923

     C   23       -0.122046        0.044919       -0.055524
     C   23        0.044919        0.199769       -0.075512
     C   23       -0.055524       -0.075512       -0.077724

     Cl  24       -0.015661        2.226548       -0.691245
     Cl  24        2.226548       -0.985547       -0.915375
     Cl  24       -0.691245       -0.915375        1.001208

     ----- total EFG -----
     Cl   1        0.426103       -2.374775       -1.372023
     Cl   1       -2.374775       -1.327500        0.054002
     Cl   1       -1.372023        0.054002        0.901398

     C    2       -0.370434        0.268053       -0.300044
     C    2        0.268053        0.673205        0.050844
     C    2       -0.300044        0.050844       -0.302771

     C    3        0.114632       -0.079037       -0.176746
     C    3       -0.079037       -0.208391       -0.052095
     C    3       -0.176746       -0.052095        0.093758

     H    4        0.216102        0.221685        0.497912
     H    4        0.221685        0.100132        0.025729
     H    4        0.497912        0.025729       -0.316233

     C    5       -0.622445        0.205787       -0.338584
     C    5        0.205787        0.536391        0.336192
     C    5       -0.338584        0.336192        0.086055

     H    6       -0.096900       -0.054088        0.147032
     H    6       -0.054088        0.394253        0.240445
     H    6        0.147032        0.240445       -0.297352

     H    7       -0.245735        0.118586       -0.080261
     H    7        0.118586        0.161998       -0.242356
     H    7       -0.080261       -0.242356        0.083737

     C    8        0.072489       -0.157796       -0.033595
     C    8       -0.157796        0.055154        0.098107
     C    8       -0.033595        0.098107       -0.127643

     H    9        0.425029        0.148311        0.412670
     H    9        0.148311       -0.563391       -0.295771
     H    9        0.412670       -0.295771        0.138363

     C   10       -0.527551       -0.260410       -0.189300
     C   10       -0.260410        0.422647        0.076115
     C   10       -0.189300        0.076115        0.104904

     C   11        0.228752        0.130197       -0.000840
     C   11        0.130197        0.064184        0.081756
     C   11       -0.000840        0.081756       -0.292936

     Cl  12       -0.274249        0.566201       -0.483367
     Cl  12        0.566201       -0.513686        0.619750
     Cl  12       -0.483367        0.619750        0.787935

     H   13       -0.052047       -0.070485        0.048035
     H   13       -0.070485       -0.084878        0.690306
     H   13        0.048035        0.690306        0.136925

     C   14        0.247141       -0.126515       -0.037288
     C   14       -0.126515        0.166786       -0.169421
     C   14       -0.037288       -0.169421       -0.413926

     H   15        0.460392       -0.066817        0.499893
     H   15       -0.066817       -0.624127        0.361894
     H   15        0.499893        0.361894        0.163734

     C   16       -0.246467        0.009864        0.189699
     C   16        0.009864        0.364716        0.212945
     C   16        0.189699        0.212945       -0.118249

     C   17        0.169599       -0.152732       -0.049284
     C   17       -0.152732        0.537188       -0.573343
     C   17       -0.049284       -0.573343       -0.706786

     Cl  18       -0.812719       -0.406252        0.474844
     Cl  18       -0.406252        1.386987        2.199190
     Cl  18        0.474844        2.199190       -0.574268

     H   19        0.050860       -0.083006        0.080224
     H   19       -0.083006        0.348982       -0.414709
     H   19        0.080224       -0.414709       -0.399842

     C   20       -0.468534       -0.375636       -0.157019
     C   20       -0.375636        0.602471       -0.034821
     C   20       -0.157019       -0.034821       -0.133937

     H   21        0.028009       -0.341690        0.246876
     H   21       -0.341690       -0.002887       -0.094334
     H   21        0.246876       -0.094334       -0.025122

     C   22        0.087638        0.244650       -0.239142
     C   22        0.244650        0.133134        0.140918
     C   22       -0.239142        0.140918       -0.220772

     C   23       -0.468386       -0.104714       -0.247696
     C   23       -0.104714        0.482989       -0.324464
     C   23       -0.247696       -0.324464       -0.014603

     Cl  24        0.044683        2.491818       -0.758693
     Cl  24        2.491818       -1.093202       -1.003612
     Cl  24       -0.758693       -1.003612        1.048519

     ----- total EFG (symmetrized) -----
     Cl   1        0.426103       -2.374775       -1.372023
     Cl   1       -2.374775       -1.327500        0.054002
     Cl   1       -1.372023        0.054002        0.901398

     C    2       -0.370434        0.268053       -0.300044
     C    2        0.268053        0.673205        0.050844
     C    2       -0.300044        0.050844       -0.302771

     C    3        0.114632       -0.079037       -0.176746
     C    3       -0.079037       -0.208391       -0.052095
     C    3       -0.176746       -0.052095        0.093758

     H    4        0.216102        0.221685        0.497912
     H    4        0.221685        0.100132        0.025729
     H    4        0.497912        0.025729       -0.316233

     C    5       -0.622445        0.205787       -0.338584
     C    5        0.205787        0.536391        0.336192
     C    5       -0.338584        0.336192        0.086055

     H    6       -0.096900       -0.054088        0.147032
     H    6       -0.054088        0.394253        0.240445
     H    6        0.147032        0.240445       -0.297352

     H    7       -0.245735        0.118586       -0.080261
     H    7        0.118586        0.161998       -0.242356
     H    7       -0.080261       -0.242356        0.083737

     C    8        0.072489       -0.157796       -0.033595
     C    8       -0.157796        0.055154        0.098107
     C    8       -0.033595        0.098107       -0.127643

     H    9        0.425029        0.148311        0.412670
     H    9        0.148311       -0.563391       -0.295771
     H    9        0.412670       -0.295771        0.138363

     C   10       -0.527551       -0.260410       -0.189300
     C   10       -0.260410        0.422647        0.076115
     C   10       -0.189300        0.076115        0.104904

     C   11        0.228752        0.130197       -0.000840
     C   11        0.130197        0.064184        0.081756
     C   11       -0.000840        0.081756       -0.292936

     Cl  12       -0.274249        0.566201       -0.483367
     Cl  12        0.566201       -0.513686        0.619750
     Cl  12       -0.483367        0.619750        0.787935

     H   13       -0.052047       -0.070485        0.048035
     H   13       -0.070485       -0.084878        0.690306
     H   13        0.048035        0.690306        0.136925

     C   14        0.247141       -0.126515       -0.037288
     C   14       -0.126515        0.166786       -0.169421
     C   14       -0.037288       -0.169421       -0.413926

     H   15        0.460392       -0.066817        0.499893
     H   15       -0.066817       -0.624127        0.361894
     H   15        0.499893        0.361894        0.163734

     C   16       -0.246467        0.009864        0.189699
     C   16        0.009864        0.364716        0.212945
     C   16        0.189699        0.212945       -0.118249

     C   17        0.169599       -0.152732       -0.049284
     C   17       -0.152732        0.537188       -0.573343
     C   17       -0.049284       -0.573343       -0.706786

     Cl  18       -0.812719       -0.406252        0.474844
     Cl  18       -0.406252        1.386987        2.199190
     Cl  18        0.474844        2.199190       -0.574268

     H   19        0.050860       -0.083006        0.080224
     H   19       -0.083006        0.348982       -0.414709
     H   19        0.080224       -0.414709       -0.399842

     C   20       -0.468534       -0.375636       -0.157019
     C   20       -0.375636        0.602471       -0.034821
     C   20       -0.157019       -0.034821       -0.133937

     H   21        0.028009       -0.341690        0.246876
     H   21       -0.341690       -0.002887       -0.094334
     H   21        0.246876       -0.094334       -0.025122

     C   22        0.087638        0.244650       -0.239142
     C   22        0.244650        0.133134        0.140918
     C   22       -0.239142        0.140918       -0.220772

     C   23       -0.468386       -0.104714       -0.247696
     C   23       -0.104714        0.482989       -0.324464
     C   23       -0.247696       -0.324464       -0.014603

     Cl  24        0.044683        2.491818       -0.758693
     Cl  24        2.491818       -1.093202       -1.003612
     Cl  24       -0.758693       -1.003612        1.048519


     NQR/NMR SPECTROSCOPIC PARAMETERS:
     Cl   1    Vxx=    0.3116    axis=(  0.335556 -0.459069  0.822592)
     Cl   1    Vyy=    2.8158    axis=(  0.729901 -0.425326 -0.535110)
     Cl   1    Vzz=   -3.1274    axis=( -0.595522 -0.779970 -0.192354)
     Cl   1  Q=        -8.1650 1e-30 m^2  Cq=        59.9970 MHz  eta= 0.80074

     C    2    Vxx=   -0.0586    axis=( -0.605007  0.167522  0.778398)
     C    2    Vyy=   -0.6799    axis=( -0.759030  0.173944 -0.627389)
     C    2    Vzz=    0.7385    axis=( -0.240499 -0.970402  0.021917)
     C    2  Q=         1.0000 1e-30 m^2  Cq=         1.7352 MHz  eta= 0.84124

     C    3    Vxx=   -0.0266    axis=( -0.589529  0.448717 -0.671646)
     C    3    Vyy=   -0.2557    axis=(  0.334792  0.892458  0.302378)
     C    3    Vzz=    0.2823    axis=(  0.735098 -0.046601 -0.676357)
     C    3  Q=         1.0000 1e-30 m^2  Cq=         0.6632 MHz  eta= 0.81171

     H    4    Vxx=    0.0282    axis=(  0.260880 -0.914654  0.308789)
     H    4    Vyy=    0.5987    axis=(  0.807133  0.382136  0.450010)
     H    4    Vzz=   -0.6269    axis=( -0.529602  0.131835  0.837939)
     H    4  Q=         1.0000 1e-30 m^2  Cq=        -1.4729 MHz  eta= 0.90998

     C    5    Vxx=    0.1178    axis=( -0.470867 -0.400016  0.786303)
     C    5    Vyy=    0.7163    axis=( -0.019286 -0.886413 -0.462494)
     C    5    Vzz=   -0.8341    axis=(  0.881993 -0.232938  0.409668)
     C    5  Q=         1.0000 1e-30 m^2  Cq=        -1.9597 MHz  eta= 0.71757

     H    6    Vxx=   -0.0263    axis=(  0.911241 -0.109763  0.396979)
     H    6    Vyy=   -0.4434    axis=(  0.411629  0.275901 -0.868585)
     H    6    Vzz=    0.4697    axis=( -0.014188  0.954898  0.296594)
     H    6  Q=         1.0000 1e-30 m^2  Cq=         1.1037 MHz  eta= 0.88789

     H    7    Vxx=   -0.1211    axis=(  0.094552  0.624225  0.775501)
     H    7    Vyy=   -0.2786    axis=(  0.971924 -0.226479  0.063800)
     H    7    Vzz=    0.3998    axis=(  0.215460  0.747696 -0.628114)
     H    7  Q=         1.0000 1e-30 m^2  Cq=         0.9393 MHz  eta= 0.39400

     C    8    Vxx=   -0.0681    axis=(  0.705881  0.528280  0.471860)
     C    8    Vyy=   -0.1769    axis=(  0.197674  0.492774 -0.847407)
     C    8    Vzz=    0.2449    axis=( -0.680189  0.691443  0.243413)
     C    8  Q=         1.0000 1e-30 m^2  Cq=         0.5755 MHz  eta= 0.44421

     H    9    Vxx=    0.0253    axis=( -0.535839 -0.482936  0.692567)
     H    9    Vyy=    0.7207    axis=(  0.804609 -0.043474  0.592211)
     H    9    Vzz=   -0.7461    axis=( -0.255891  0.874576  0.411870)
     H    9  Q=         1.0000 1e-30 m^2  Cq=        -1.7530 MHz  eta= 0.93211

     C   10    Vxx=    0.1056    axis=( -0.139318 -0.337902  0.930813)
     C   10    Vyy=    0.5260    axis=(  0.278478 -0.915414 -0.290631)
     C   10    Vzz=   -0.6316    axis=(  0.950284  0.218721  0.221632)
     C   10  Q=         1.0000 1e-30 m^2  Cq=        -1.4841 MHz  eta= 0.66561

     C   11    Vxx=    0.0093    axis=( -0.496190  0.837747  0.227979)
     C   11    Vyy=    0.3031    axis=(  0.866341  0.494981  0.066677)
     C   11    Vzz=   -0.3124    axis=(  0.056987 -0.230593  0.971380)
     C   11  Q=         1.0000 1e-30 m^2  Cq=        -0.7340 MHz  eta= 0.94034

     Cl  12    Vxx=    0.1846    axis=(  0.782277  0.622794 -0.013010)
     Cl  12    Vyy=    1.0879    axis=(  0.212480 -0.286407 -0.934250)
     Cl  12    Vzz=   -1.2724    axis=( -0.585572  0.728078 -0.356381)
     Cl  12  Q=        -8.1650 1e-30 m^2  Cq=        24.4108 MHz  eta= 0.70991

     H   13    Vxx=   -0.0408    axis=(  0.991057 -0.093476  0.095222)
     H   13    Vyy=   -0.6845    axis=(  0.132908  0.754932 -0.642194)
     H   13    Vzz=    0.7253    axis=( -0.011857  0.649107  0.760605)
     H   13  Q=         1.0000 1e-30 m^2  Cq=         1.7041 MHz  eta= 0.88754

     C   14    Vxx=    0.1196    axis=(  0.635785  0.721735 -0.273636)
     C   14    Vyy=    0.3470    axis=(  0.765518 -0.634976  0.103862)
     C   14    Vzz=   -0.4666    axis=(  0.098791  0.275507  0.956209)
     C   14  Q=         1.0000 1e-30 m^2  Cq=        -1.0963 MHz  eta= 0.48747

     H   15    Vxx=   -0.0340    axis=( -0.596485  0.467568  0.652369)
     H   15    Vyy=   -0.8189    axis=(  0.214494  0.876095 -0.431797)
     H   15    Vzz=    0.8528    axis=( -0.773432 -0.117631 -0.622869)
     H   15  Q=         1.0000 1e-30 m^2  Cq=         2.0038 MHz  eta= 0.92036

     C   16    Vxx=   -0.0520    axis=(  0.641685 -0.361011  0.676691)
     C   16    Vyy=   -0.4021    axis=( -0.758179 -0.165394  0.630721)
     C   16    Vzz=    0.4541    axis=(  0.115777  0.917778  0.379842)
     C   16  Q=         1.0000 1e-30 m^2  Cq=         1.0669 MHz  eta= 0.77111

     C   17    Vxx=    0.1536    axis=(  0.975599  0.152781 -0.157685)
     C   17    Vyy=    0.7864    axis=( -0.199444  0.916978 -0.345504)
     C   17    Vzz=   -0.9401    axis=(  0.091808  0.368522  0.925074)
     C   17  Q=         1.0000 1e-30 m^2  Cq=        -2.2088 MHz  eta= 0.67312

     Cl  18    Vxx=   -0.5503    axis=(  0.919483 -0.194812  0.341466)
     Cl  18    Vyy=   -2.2659    axis=(  0.392446  0.506047 -0.768051)
     Cl  18    Vzz=    2.8162    axis=( -0.023173  0.840217  0.541755)
     Cl  18  Q=        -8.1650 1e-30 m^2  Cq=       -54.0271 MHz  eta= 0.60918

     H   19    Vxx=    0.0300    axis=(  0.975629  0.217647 -0.027895)
     H   19    Vyy=    0.5566    axis=( -0.210180  0.890417 -0.403710)
     H   19    Vzz=   -0.5867    axis=( -0.063028  0.399734  0.914462)
     H   19  Q=         1.0000 1e-30 m^2  Cq=        -1.3784 MHz  eta= 0.89756

     C   20    Vxx=   -0.0832    axis=( -0.283881 -0.107124  0.952857)
     C   20    Vyy=   -0.6381    axis=(  0.909716  0.283964  0.302953)
     C   20    Vzz=    0.7213    axis=( -0.303031  0.952832  0.016840)
     C   20  Q=         1.0000 1e-30 m^2  Cq=         1.6948 MHz  eta= 0.76919

     H   21    Vxx=   -0.1067    axis=( -0.052573  0.571133  0.819172)
     H   21    Vyy=   -0.3694    axis=( -0.726694 -0.584525  0.360897)
     H   21    Vzz=    0.4762    axis=(  0.684947 -0.576314  0.445769)
     H   21  Q=         1.0000 1e-30 m^2  Cq=         1.1188 MHz  eta= 0.55169

     C   22    Vxx=    0.0919    axis=( -0.469455  0.613046  0.635442)
     C   22    Vyy=    0.3635    axis=( -0.718213 -0.683752  0.129049)
     C   22    Vzz=   -0.4554    axis=(  0.513598 -0.395800  0.761288)
     C   22  Q=         1.0000 1e-30 m^2  Cq=        -1.0699 MHz  eta= 0.59658

     C   23    Vxx=   -0.0156    axis=(  0.509680 -0.391504 -0.766127)
     C   23    Vyy=   -0.6277    axis=(  0.860228  0.216035  0.461885)
     C   23    Vzz=    0.6433    axis=(  0.015320  0.894457 -0.446891)
     C   23  Q=         1.0000 1e-30 m^2  Cq=         1.5115 MHz  eta= 0.95142

     Cl  24    Vxx=    0.2458    axis=(  0.487553  0.290084  0.823495)
     Cl  24    Vyy=    2.8595    axis=(  0.628131  0.538568 -0.561602)
     Cl  24    Vzz=   -3.1053    axis=( -0.606419  0.791073  0.080370)
     Cl  24  Q=        -8.1650 1e-30 m^2  Cq=        59.5744 MHz  eta= 0.84169

     Initialization:
     gipaw_setup  :      9.03s CPU     10.79s WALL (       1 calls)

     Linear response

     Apply operators

     Induced current

     Other routines
     efg          :      9.42s CPU     12.59s WALL (       1 calls)

     General routines
     calbec       :      3.30s CPU      4.51s WALL (      16 calls)
     fft          :      1.74s CPU      3.09s WALL (      15 calls)
     ffts         :      0.04s CPU      0.05s WALL (       2 calls)
     fftw         :      3.12s CPU      3.83s WALL (     672 calls)
     davcio       :      0.03s CPU      0.33s WALL (      32 calls)

     Parallel routines
     fft_scatter  :      2.31s CPU      4.10s WALL (     689 calls)

     Plugins

     GIPAW        :     60.87s CPU     74.67s WALL (       1 calls)
