
     Program QE v.6.0 (svn rev. 13079) starts on 11Jan2017 at 16: 1:29 

     This program is part of the open-source Quantum ESPRESSO suite
     for quantum simulation of materials; please cite
         "P. Giannozzi et al., J. Phys.:Condens. Matter 21 395502 (2009);
          URL http://www.quantum-espresso.org", 
     in publications or presentations arising from this work. More details at
     http://www.quantum-espresso.org/quote

     Parallel version (MPI), running on     8 processors
     R & G space division:  proc/nbgrp/npool/nimage =       8

     ***** This is GIPAW svn revision unknown      *****

     Parallelizing q-star over 1 images

     Reading data from directory:
     /users/majewski/paradichlorobenzene/pbe/9_constraint/scratch/pbe.ecut100.np8.dt60.pcl2phi-129368.save
     Message from routine read_xml_file:
     file /users/majewski/paradichlorobenzene/pbe/9_constraint/scratch/pbe.ecut100.np8.dt60.pcl2phi-129368.save not guaranteed to be safe for post-processing

   Info: using nr1, nr2, nr3 values from input

   Info: using nr1, nr2, nr3 values from input

     IMPORTANT: XC functional enforced from input :
     Exchange-correlation      =  SLA  PW   PBX  PBC ( 1  4  3  4 0 0)
     Any further DFT definition will be discarded
     Please, verify this is what you really want

               file C.pbe-n-kjpaw_psl.1.0.0.UPF: wavefunction(s)  2S 2P renormalized
               file Cl.pbe-n-kjpaw_psl.1.0.0.UPF: wavefunction(s)  3S 3P renormalized
               file H.pbe-kjpaw_psl.1.0.0.UPF: wavefunction(s)  1S renormalized

     Parallelization info
     --------------------
     sticks:   dense  smooth     PW     G-vecs:    dense   smooth      PW
     Min        3057    1223    332               144436    36536    5170
     Max        3059    1225    333               144437    36537    5171
     Sum       24467    9791   2657              1155489   292295   41363


     Subspace diagonalization in iterative solution of the eigenvalue problem:
     a serial algorithm will be used

     GIPAW projectors -----------------------------------------------
     atom=  C    l=0  rc=    1.2000  rs=    0.8000
     atom=  C    l=0  rc=    1.2000  rs=    0.8000
     atom=  C    l=1  rc=    1.4000  rs=    0.9333
     atom=  C    l=1  rc=    1.4000  rs=    0.9333
     projs nearly linearly dependent: l=1  n1,n2= 1, 2  s=  0.99951561

     atom=  Cl   l=0  rc=    1.6000  rs=    1.0667
     atom=  Cl   l=0  rc=    1.6000  rs=    1.0667
     atom=  Cl   l=1  rc=    1.6000  rs=    1.0667
     atom=  Cl   l=1  rc=    1.6000  rs=    1.0667
     atom=  Cl   l=2  rc=    1.6000  rs=    1.0667
     atom=  Cl   l=2  rc=    1.6000  rs=    1.0667
     projs nearly linearly dependent: l=2  n1,n2= 1, 2  s=  0.99993509

     atom=  H    l=0  rc=    1.0000  rs=    0.6667
     atom=  H    l=0  rc=    1.0000  rs=    0.6667
     projs nearly linearly dependent: l=0  n1,n2= 1, 2  s=  0.99968852
     -----------------------------------------------------------------

     GIPAW integrals: -------------------------------------------
     Atom  i/j   nmr_para   nmr_dia   epr_rmc  epr_para   epr_dia
       C   1 1   0.83E+03  0.17E-01  0.93E+01  0.24E+08  0.24E+03
       C   2 1   0.86E+03 -0.61E-01  0.94E+01  0.25E+08  0.25E+03
       C   2 2   0.90E+03 -0.15E+00  0.97E+01  0.26E+08  0.26E+03
       C   3 3   0.33E+01  0.34E+00  0.18E+01  0.55E+03  0.21E+02
       C   4 3   0.35E+01  0.37E+00  0.20E+01  0.59E+03  0.22E+02
       C   4 4   0.38E+01  0.39E+00  0.22E+01  0.63E+03  0.24E+02
       Cl  1 1   0.14E+04 -0.47E+00  0.84E+01  0.32E+09  0.42E+03
       Cl  2 1   0.21E+04 -0.37E+00  0.12E+02  0.49E+09  0.65E+03
       Cl  2 2   0.33E+04 -0.16E+00  0.21E+02  0.76E+09  0.10E+04
       Cl  3 3   0.21E+02  0.79E-01  0.89E+01  0.23E+05  0.13E+03
       Cl  4 3   0.24E+02  0.67E-01  0.99E+01  0.27E+05  0.15E+03
       Cl  4 4   0.28E+02  0.44E-01  0.11E+02  0.32E+05  0.18E+03
       Cl  5 5   0.77E+00  0.19E+00  0.18E+01  0.12E+03  0.22E+02
       Cl  6 5   0.80E+00  0.19E+00  0.19E+01  0.12E+03  0.23E+02
       Cl  6 6   0.83E+00  0.20E+00  0.19E+01  0.12E+03  0.23E+02
       H   1 1   0.39E+02  0.19E+00  0.29E+00  0.78E+05  0.13E+02
       H   2 1   0.41E+02  0.21E+00  0.32E+00  0.82E+05  0.14E+02
       H   2 2   0.43E+02  0.22E+00  0.36E+00  0.86E+05  0.15E+02
     ------------------------------------------------------------

     alpha_pv=     33.9331 eV

     Number of occupied bands for each k-point:
     k-point:     1    nbnd_occ=  42
     k-point:     2    nbnd_occ=  42
     k-point:     3    nbnd_occ=  42
     k-point:     4    nbnd_occ=  42
     k-point:     5    nbnd_occ=  42
     k-point:     6    nbnd_occ=  42
     k-point:     7    nbnd_occ=  42
     k-point:     8    nbnd_occ=  42
     k-point:     9    nbnd_occ=  42
     k-point:    10    nbnd_occ=  42
     k-point:    11    nbnd_occ=  42
     k-point:    12    nbnd_occ=  42
     k-point:    13    nbnd_occ=  42
     k-point:    14    nbnd_occ=  42
     k-point:    15    nbnd_occ=  42
     k-point:    16    nbnd_occ=  42


     q-space interpolation up to   110.00 Rydberg

     GIPAW job: efg                                                                             


     ELECTRIC FIELD GRADIENTS TENSORS IN Hartree/bohrradius^2:

     ----- bare term -----
     Cl   1        0.106773       -0.017589        0.064793
     Cl   1       -0.017589       -0.011134        0.236579
     Cl   1        0.064793        0.236579       -0.095638

     C    2       -0.407591        0.230922       -0.417864
     C    2        0.230922        0.146466       -0.340989
     C    2       -0.417864       -0.340989        0.261125

     C    3        0.060080        0.552963       -0.112232
     C    3        0.552963       -0.350026       -0.548441
     C    3       -0.112232       -0.548441        0.289947

     H    4       -0.153064       -0.189745       -0.383708
     H    4       -0.189745        0.450904       -0.045754
     H    4       -0.383708       -0.045754       -0.297839

     C    5       -0.699609        0.243319       -0.370067
     C    5        0.243319        0.166002       -0.137358
     C    5       -0.370067       -0.137358        0.533606

     H    6        0.127757        0.116529       -0.154104
     H    6        0.116529       -0.400426       -0.474597
     H    6       -0.154104       -0.474597        0.272669

     H    7        0.240949        0.441073        0.130777
     H    7        0.441073       -0.579554       -0.073733
     H    7        0.130777       -0.073733        0.338605

     C    8       -0.161453       -0.044372       -0.207862
     C    8       -0.044372       -0.062326        0.362797
     C    8       -0.207862        0.362797        0.223779

     H    9       -0.215929        0.321465        0.178284
     H    9        0.321465        0.030270       -0.155281
     H    9        0.178284       -0.155281        0.185658

     C   10        0.032367       -0.064730        0.203412
     C   10       -0.064730       -0.090650       -0.104537
     C   10        0.203412       -0.104537        0.058283

     C   11       -0.170485        0.156451       -0.258065
     C   11        0.156451       -0.010902        0.596710
     C   11       -0.258065        0.596710        0.181387

     Cl  12        0.166379       -0.181271       -0.026390
     Cl  12       -0.181271        0.215457       -0.231300
     Cl  12       -0.026390       -0.231300       -0.381836

     H   13        0.434730       -0.141525       -0.115952
     H   13       -0.141525       -0.355740       -0.632095
     H   13       -0.115952       -0.632095       -0.078990

     C   14       -0.123473       -0.120224       -0.399246
     C   14       -0.120224       -0.215342       -0.313837
     C   14       -0.399246       -0.313837        0.338815

     H   15        0.077259       -0.136517       -0.379686
     H   15       -0.136517        0.398842       -0.385554
     H   15       -0.379686       -0.385554       -0.476101

     C   16       -0.496627        0.303392       -0.340955
     C   16        0.303392        0.024143       -0.069458
     C   16       -0.340955       -0.069458        0.472484

     C   17        0.024679        0.075921       -0.187353
     C   17        0.075921       -0.549250       -0.314742
     C   17       -0.187353       -0.314742        0.524571

     Cl  18       -0.183802        0.150014        0.025062
     Cl  18        0.150014       -0.051105        0.119227
     Cl  18        0.025062        0.119227        0.234907

     H   19       -0.012547        0.279404        0.100767
     H   19        0.279404       -0.370451        0.373079
     H   19        0.100767        0.373079        0.382998

     C   20       -0.556926       -0.318617       -0.460253
     C   20       -0.318617        0.053910        0.026432
     C   20       -0.460253        0.026432        0.503016

     H   21       -0.481713        0.200953        0.260714
     H   21        0.200953        0.316232        0.097762
     H   21        0.260714        0.097762        0.165481

     C   22        0.101275        0.021820       -0.101603
     C   22        0.021820       -0.494109        0.349193
     C   22       -0.101603        0.349193        0.392835

     C   23       -0.733467       -0.179270       -0.258890
     C   23       -0.179270        0.127910        0.102214
     C   23       -0.258890        0.102214        0.605558

     Cl  24       -0.001817       -0.008516        0.080691
     Cl  24       -0.008516        0.048927        0.045023
     Cl  24        0.080691        0.045023       -0.047110

     ----- ionic term -----
     Cl   1        0.112225       -0.191039        0.085860
     Cl   1       -0.191039        0.027742       -0.054795
     Cl   1        0.085860       -0.054795       -0.139967

     C    2        0.029553       -0.196459        0.401643
     C    2       -0.196459        0.140769        0.327148
     C    2        0.401643        0.327148       -0.170322

     C    3        0.065689       -0.303129        0.271130
     C    3       -0.303129        0.203540        0.323976
     C    3        0.271130        0.323976       -0.269230

     H    4        0.364616        0.256350        0.761653
     H    4        0.256350       -0.397312        0.274256
     H    4        0.761653        0.274256        0.032696

     C    5        0.187699       -0.267631        0.345453
     C    5       -0.267631        0.072471        0.249978
     C    5        0.345453        0.249978       -0.260170

     H    6       -0.497638       -0.069923       -0.035533
     H    6       -0.069923        0.658156        0.685230
     H    6       -0.035533        0.685230       -0.160517

     H    7       -0.464795       -0.334442        0.126856
     H    7       -0.334442        0.732331       -0.611442
     H    7        0.126856       -0.611442       -0.267536

     C    8        0.420289       -0.058544       -0.026768
     C    8       -0.058544        0.099586       -0.290881
     C    8       -0.026768       -0.290881       -0.519875

     H    9        0.858965       -0.504682        0.178800
     H    9       -0.504682       -0.291410       -0.115825
     H    9        0.178800       -0.115825       -0.567555

     C   10        0.222081        0.063727       -0.048167
     C   10        0.063727        0.277659       -0.346226
     C   10       -0.048167       -0.346226       -0.499740

     C   11        0.261891        0.011134        0.024710
     C   11        0.011134        0.251449       -0.340909
     C   11        0.024710       -0.340909       -0.513340

     Cl  12        0.096457        0.170339       -0.054560
     Cl  12        0.170339        0.027450       -0.041460
     Cl  12       -0.054560       -0.041460       -0.123907

     H   13       -0.493768        0.221788        0.150976
     H   13        0.221788        0.647493        0.668150
     H   13        0.150976        0.668150       -0.153725

     C   14        0.134305       -0.127571        0.393620
     C   14       -0.127571        0.052174        0.277679
     C   14        0.393620        0.277679       -0.186479

     H   15        0.516816        0.336179        0.678152
     H   15        0.336179       -0.391985        0.286801
     H   15        0.678152        0.286801       -0.124831

     C   16        0.069652       -0.232264        0.226716
     C   16       -0.232264        0.203719        0.360997
     C   16        0.226716        0.360997       -0.273371

     C   17        0.150085       -0.225319        0.291722
     C   17       -0.225319        0.083365        0.401604
     C   17        0.291722        0.401604       -0.233450

     Cl  18        0.177143       -0.212517        0.006122
     Cl  18       -0.212517       -0.020402        0.005260
     Cl  18        0.006122        0.005260       -0.156741

     H   19       -0.480623       -0.243634        0.104765
     H   19       -0.243634        0.753555       -0.617635
     H   19        0.104765       -0.617635       -0.272932

     C   20        0.382333        0.067621        0.012883
     C   20        0.067621        0.114710       -0.307071
     C   20        0.012883       -0.307071       -0.497043

     H   21        0.898949       -0.436784        0.258764
     H   21       -0.436784       -0.362934       -0.158372
     H   21        0.258764       -0.158372       -0.536015

     C   22        0.222752        0.127194       -0.005558
     C   22        0.127194        0.225696       -0.424834
     C   22       -0.005558       -0.424834       -0.448447

     C   23        0.331825       -0.064701        0.021897
     C   23       -0.064701        0.156439       -0.370766
     C   23        0.021897       -0.370766       -0.488264

     Cl  24        0.134801        0.197393       -0.031286
     Cl  24        0.197393       -0.005987       -0.017528
     Cl  24       -0.031286       -0.017528       -0.128814

     ----- GIPAW term -----
     Cl   1       -0.252264       -0.485517       -0.727816
     Cl   1       -0.485517       -0.013603       -1.382618
     Cl   1       -0.727816       -1.382618        0.265868

     C    2       -0.047462       -0.012190       -0.069681
     C    2       -0.012190        0.159342       -0.034273
     C    2       -0.069681       -0.034273       -0.111880

     C    3        0.069345        0.208522       -0.024082
     C    3        0.208522       -0.022648       -0.087706
     C    3       -0.024082       -0.087706       -0.046696

     H    4       -0.000000        0.000000        0.000000
     H    4        0.000000        0.000000        0.000000
     H    4        0.000000        0.000000        0.000000

     C    5       -0.147695        0.087058        0.044634
     C    5        0.087058        0.007847        0.098432
     C    5        0.044634        0.098432        0.139848

     H    6       -0.000000        0.000000        0.000000
     H    6        0.000000        0.000000        0.000000
     H    6        0.000000        0.000000        0.000000

     H    7       -0.000000        0.000000        0.000000
     H    7        0.000000        0.000000        0.000000
     H    7        0.000000        0.000000        0.000000

     C    8       -0.081140       -0.042783       -0.043025
     C    8       -0.042783        0.080138        0.186333
     C    8       -0.043025        0.186333        0.001003

     H    9       -0.000000        0.000000        0.000000
     H    9        0.000000        0.000000        0.000000
     H    9        0.000000        0.000000        0.000000

     C   10        0.011723        0.009188        0.024376
     C   10        0.009188        0.005980       -0.025539
     C   10        0.024376       -0.025539       -0.017704

     C   11       -0.081547        0.082879       -0.031209
     C   11        0.082879        0.031257        0.213068
     C   11       -0.031209        0.213068        0.050290

     Cl  12       -0.341504        0.400107       -0.181619
     Cl  12        0.400107       -0.585875        0.346510
     Cl  12       -0.181619        0.346510        0.927379

     H   13       -0.000000        0.000000        0.000000
     H   13        0.000000        0.000000        0.000000
     H   13        0.000000        0.000000        0.000000

     C   14       -0.056876       -0.129022       -0.155302
     C   14       -0.129022       -0.051855        0.103681
     C   14       -0.155302        0.103681        0.108730

     H   15       -0.000000        0.000000        0.000000
     H   15        0.000000        0.000000        0.000000
     H   15        0.000000        0.000000        0.000000

     C   16       -0.176395        0.002329       -0.127939
     C   16        0.002329       -0.069191        0.082365
     C   16       -0.127939        0.082365        0.245587

     C   17       -0.076476       -0.063744       -0.013442
     C   17       -0.063744       -0.175516        0.059544
     C   17       -0.013442        0.059544        0.251992

     Cl  18       -0.689950       -1.036234        0.513885
     Cl  18       -1.036234       -0.571919        1.778747
     Cl  18        0.513885        1.778747        1.261869

     H   19       -0.000000        0.000000        0.000000
     H   19        0.000000        0.000000        0.000000
     H   19        0.000000        0.000000        0.000000

     C   20       -0.048034        0.081295       -0.182520
     C   20        0.081295        0.003975       -0.136114
     C   20       -0.182520       -0.136114        0.044059

     H   21       -0.000000        0.000000        0.000000
     H   21        0.000000        0.000000        0.000000
     H   21        0.000000        0.000000        0.000000

     C   22       -0.053029        0.052859       -0.070201
     C   22        0.052859       -0.094231       -0.088798
     C   22       -0.070201       -0.088798        0.147260

     C   23       -0.181707        0.039789       -0.007825
     C   23        0.039789       -0.049981       -0.133693
     C   23       -0.007825       -0.133693        0.231689

     Cl  24       -0.375634        1.468781       -0.919374
     Cl  24        1.468781       -1.296299       -0.245499
     Cl  24       -0.919374       -0.245499        1.671933

     ----- total EFG -----
     Cl   1       -0.033266       -0.694145       -0.577163
     Cl   1       -0.694145        0.003005       -1.200834
     Cl   1       -0.577163       -1.200834        0.030262

     C    2       -0.425500        0.022273       -0.085902
     C    2        0.022273        0.446577       -0.048114
     C    2       -0.085902       -0.048114       -0.021077

     C    3        0.195114        0.458355        0.134816
     C    3        0.458355       -0.169134       -0.312171
     C    3        0.134816       -0.312171       -0.025979

     H    4        0.211552        0.066605        0.377945
     H    4        0.066605        0.053592        0.228502
     H    4        0.377945        0.228502       -0.265144

     C    5       -0.659604        0.062747        0.020020
     C    5        0.062747        0.246320        0.211052
     C    5        0.020020        0.211052        0.413284

     H    6       -0.369881        0.046606       -0.189637
     H    6        0.046606        0.257729        0.210633
     H    6       -0.189637        0.210633        0.112152

     H    7       -0.223846        0.106631        0.257633
     H    7        0.106631        0.152777       -0.685175
     H    7        0.257633       -0.685175        0.071069

     C    8        0.177695       -0.145699       -0.277654
     C    8       -0.145699        0.117398        0.258249
     C    8       -0.277654        0.258249       -0.295093

     H    9        0.643036       -0.183217        0.357084
     H    9       -0.183217       -0.261140       -0.271106
     H    9        0.357084       -0.271106       -0.381897

     C   10        0.266171        0.008185        0.179621
     C   10        0.008185        0.192989       -0.476302
     C   10        0.179621       -0.476302       -0.459161

     C   11        0.009860        0.250464       -0.264565
     C   11        0.250464        0.271803        0.468869
     C   11       -0.264565        0.468869       -0.281663

     Cl  12       -0.078667        0.389175       -0.262569
     Cl  12        0.389175       -0.342968        0.073750
     Cl  12       -0.262569        0.073750        0.421635

     H   13       -0.059038        0.080263        0.035025
     H   13        0.080263        0.291753        0.036055
     H   13        0.035025        0.036055       -0.232715

     C   14       -0.046044       -0.376818       -0.160927
     C   14       -0.376818       -0.215023        0.067523
     C   14       -0.160927        0.067523        0.261067

     H   15        0.594076        0.199661        0.298466
     H   15        0.199661        0.006857       -0.098753
     H   15        0.298466       -0.098753       -0.600933

     C   16       -0.603371        0.073457       -0.242178
     C   16        0.073457        0.158671        0.373904
     C   16       -0.242178        0.373904        0.444700

     C   17        0.098288       -0.213142        0.090928
     C   17       -0.213142       -0.641401        0.146406
     C   17        0.090928        0.146406        0.543113

     Cl  18       -0.696610       -1.098736        0.545070
     Cl  18       -1.098736       -0.643426        1.903234
     Cl  18        0.545070        1.903234        1.340035

     H   19       -0.493170        0.035770        0.205532
     H   19        0.035770        0.383104       -0.244556
     H   19        0.205532       -0.244556        0.110066

     C   20       -0.222627       -0.169701       -0.629889
     C   20       -0.169701        0.172595       -0.416753
     C   20       -0.629889       -0.416753        0.050032

     H   21        0.417236       -0.235831        0.519478
     H   21       -0.235831       -0.046702       -0.060610
     H   21        0.519478       -0.060610       -0.370534

     C   22        0.270997        0.201873       -0.177362
     C   22        0.201873       -0.362645       -0.164439
     C   22       -0.177362       -0.164439        0.091647

     C   23       -0.583349       -0.204183       -0.244818
     C   23       -0.204183        0.234367       -0.402245
     C   23       -0.244818       -0.402245        0.348982

     Cl  24       -0.242650        1.657658       -0.869968
     Cl  24        1.657658       -1.253359       -0.218004
     Cl  24       -0.869968       -0.218004        1.496009

     ----- total EFG (symmetrized) -----
     Cl   1       -0.033266       -0.694145       -0.577163
     Cl   1       -0.694145        0.003005       -1.200834
     Cl   1       -0.577163       -1.200834        0.030262

     C    2       -0.425500        0.022273       -0.085902
     C    2        0.022273        0.446577       -0.048114
     C    2       -0.085902       -0.048114       -0.021077

     C    3        0.195114        0.458355        0.134816
     C    3        0.458355       -0.169134       -0.312171
     C    3        0.134816       -0.312171       -0.025979

     H    4        0.211552        0.066605        0.377945
     H    4        0.066605        0.053592        0.228502
     H    4        0.377945        0.228502       -0.265144

     C    5       -0.659604        0.062747        0.020020
     C    5        0.062747        0.246320        0.211052
     C    5        0.020020        0.211052        0.413284

     H    6       -0.369881        0.046606       -0.189637
     H    6        0.046606        0.257729        0.210633
     H    6       -0.189637        0.210633        0.112152

     H    7       -0.223846        0.106631        0.257633
     H    7        0.106631        0.152777       -0.685175
     H    7        0.257633       -0.685175        0.071069

     C    8        0.177695       -0.145699       -0.277654
     C    8       -0.145699        0.117398        0.258249
     C    8       -0.277654        0.258249       -0.295093

     H    9        0.643036       -0.183217        0.357084
     H    9       -0.183217       -0.261140       -0.271106
     H    9        0.357084       -0.271106       -0.381897

     C   10        0.266171        0.008185        0.179621
     C   10        0.008185        0.192989       -0.476302
     C   10        0.179621       -0.476302       -0.459161

     C   11        0.009860        0.250464       -0.264565
     C   11        0.250464        0.271803        0.468869
     C   11       -0.264565        0.468869       -0.281663

     Cl  12       -0.078667        0.389175       -0.262569
     Cl  12        0.389175       -0.342968        0.073750
     Cl  12       -0.262569        0.073750        0.421635

     H   13       -0.059038        0.080263        0.035025
     H   13        0.080263        0.291753        0.036055
     H   13        0.035025        0.036055       -0.232715

     C   14       -0.046044       -0.376818       -0.160927
     C   14       -0.376818       -0.215023        0.067523
     C   14       -0.160927        0.067523        0.261067

     H   15        0.594076        0.199661        0.298466
     H   15        0.199661        0.006857       -0.098753
     H   15        0.298466       -0.098753       -0.600933

     C   16       -0.603371        0.073457       -0.242178
     C   16        0.073457        0.158671        0.373904
     C   16       -0.242178        0.373904        0.444700

     C   17        0.098288       -0.213142        0.090928
     C   17       -0.213142       -0.641401        0.146406
     C   17        0.090928        0.146406        0.543113

     Cl  18       -0.696610       -1.098736        0.545070
     Cl  18       -1.098736       -0.643426        1.903234
     Cl  18        0.545070        1.903234        1.340035

     H   19       -0.493170        0.035770        0.205532
     H   19        0.035770        0.383104       -0.244556
     H   19        0.205532       -0.244556        0.110066

     C   20       -0.222627       -0.169701       -0.629889
     C   20       -0.169701        0.172595       -0.416753
     C   20       -0.629889       -0.416753        0.050032

     H   21        0.417236       -0.235831        0.519478
     H   21       -0.235831       -0.046702       -0.060610
     H   21        0.519478       -0.060610       -0.370534

     C   22        0.270997        0.201873       -0.177362
     C   22        0.201873       -0.362645       -0.164439
     C   22       -0.177362       -0.164439        0.091647

     C   23       -0.583349       -0.204183       -0.244818
     C   23       -0.204183        0.234367       -0.402245
     C   23       -0.244818       -0.402245        0.348982

     Cl  24       -0.242650        1.657658       -0.869968
     Cl  24        1.657658       -1.253359       -0.218004
     Cl  24       -0.869968       -0.218004        1.496009


     NQR/NMR SPECTROSCOPIC PARAMETERS:
     Cl   1    Vxx=    0.4529    axis=( -0.873008  0.278729  0.400208)
     Cl   1    Vyy=    1.2241    axis=(  0.083894 -0.722537  0.686223)
     Cl   1    Vzz=   -1.6770    axis=( -0.480436 -0.632653 -0.607397)
     Cl   1  Q=        -8.1650 1e-30 m^2  Cq=        32.1729 MHz  eta= 0.45983

     C    2    Vxx=   -0.0094    axis=( -0.195140  0.112336  0.974321)
     C    2    Vyy=   -0.4432    axis=(  0.980125 -0.013834  0.197897)
     C    2    Vzz=    0.4526    axis=(  0.035709  0.993574 -0.107404)
     C    2  Q=         1.0000 1e-30 m^2  Cq=         1.0634 MHz  eta= 0.95838

     C    3    Vxx=    0.1421    axis=(  0.388639 -0.301069  0.870814)
     C    3    Vyy=    0.5157    axis=(  0.789855  0.595510 -0.146620)
     C    3    Vzz=   -0.6578    axis=( -0.474436  0.744799  0.469240)
     C    3  Q=         1.0000 1e-30 m^2  Cq=        -1.5455 MHz  eta= 0.56789

     H    4    Vxx=    0.0351    axis=(  0.476183 -0.876727 -0.067821)
     H    4    Vyy=    0.4899    axis=(  0.774976  0.381970  0.503500)
     H    4    Vzz=   -0.5250    axis=( -0.415526 -0.292318  0.861329)
     H    4  Q=         1.0000 1e-30 m^2  Cq=        -1.2336 MHz  eta= 0.86632

     C    5    Vxx=    0.1050    axis=(  0.052663  0.822430 -0.566424)
     C    5    Vyy=    0.5590    axis=(  0.042623  0.564843  0.824097)
     C    5    Vzz=   -0.6640    axis=( -0.997702  0.067542  0.005309)
     C    5  Q=         1.0000 1e-30 m^2  Cq=        -1.5600 MHz  eta= 0.68377

     H    6    Vxx=    0.0398    axis=( -0.392496 -0.594433  0.701852)
     H    6    Vyy=    0.4151    axis=(  0.100602 -0.786254 -0.609659)
     H    6    Vzz=   -0.4549    axis=( -0.914235  0.168681 -0.368403)
     H    6  Q=         1.0000 1e-30 m^2  Cq=        -1.0688 MHz  eta= 0.82499

     H    7    Vxx=   -0.0936    axis=( -0.875009 -0.395948 -0.278540)
     H    7    Vyy=   -0.7147    axis=( -0.473614  0.581011  0.661904)
     H    7    Vzz=    0.8083    axis=( -0.100244  0.711092 -0.695916)
     H    7  Q=         1.0000 1e-30 m^2  Cq=         1.8992 MHz  eta= 0.76844

     C    8    Vxx=   -0.0004    axis=(  0.662254  0.748593  0.032056)
     C    8    Vyy=   -0.4806    axis=(  0.309631 -0.312377  0.898081)
     C    8    Vzz=    0.4811    axis=(  0.682311 -0.584832 -0.438661)
     C    8  Q=         1.0000 1e-30 m^2  Cq=         1.1304 MHz  eta= 0.99818

     H    9    Vxx=   -0.1926    axis=(  0.372104  0.808495 -0.455932)
     H    9    Vyy=   -0.6252    axis=( -0.155377  0.538531  0.828156)
     H    9    Vzz=    0.8178    axis=(  0.915094 -0.237319  0.326012)
     H    9  Q=         1.0000 1e-30 m^2  Cq=         1.9214 MHz  eta= 0.52901

     C   10    Vxx=    0.2614    axis=(  0.911580  0.408864 -0.043029)
     C   10    Vyy=    0.4755    axis=( -0.378333  0.793311 -0.476993)
     C   10    Vzz=   -0.7368    axis=( -0.160890  0.451096  0.877853)
     C   10  Q=         1.0000 1e-30 m^2  Cq=        -1.7313 MHz  eta= 0.29058

     C   11    Vxx=    0.1653    axis=( -0.877562 -0.039735  0.477814)
     C   11    Vyy=    0.5567    axis=( -0.194885 -0.880962 -0.431192)
     C   11    Vzz=   -0.7220    axis=(  0.438069 -0.471516  0.765355)
     C   11  Q=         1.0000 1e-30 m^2  Cq=        -1.6963 MHz  eta= 0.54221

     Cl  12    Vxx=    0.1200    axis=(  0.659657  0.621721  0.422274)
     Cl  12    Vyy=    0.5448    axis=(  0.449709  0.123655 -0.884574)
     Cl  12    Vzz=   -0.6649    axis=( -0.602174  0.773416 -0.198024)
     Cl  12  Q=        -8.1650 1e-30 m^2  Cq=        12.7550 MHz  eta= 0.63889

     H   13    Vxx=   -0.0723    axis=(  0.960766 -0.227548  0.158592)
     H   13    Vyy=   -0.2403    axis=( -0.172113 -0.040732  0.984235)
     H   13    Vzz=    0.3126    axis=( -0.217501 -0.972915 -0.078297)
     H   13  Q=         1.0000 1e-30 m^2  Cq=         0.7345 MHz  eta= 0.53765

     C   14    Vxx=    0.0923    axis=(  0.524454 -0.489986  0.696320)
     C   14    Vyy=    0.4274    axis=(  0.567792 -0.408153 -0.714859)
     C   14    Vzz=   -0.5198    axis=( -0.634476 -0.770275 -0.064153)
     C   14  Q=         1.0000 1e-30 m^2  Cq=        -1.2213 MHz  eta= 0.64468

     H   15    Vxx=   -0.0067    axis=( -0.189636  0.948719 -0.252924)
     H   15    Vyy=   -0.7007    axis=(  0.249522 -0.202574 -0.946944)
     H   15    Vzz=    0.7074    axis=( -0.949619 -0.242685 -0.198311)
     H   15  Q=         1.0000 1e-30 m^2  Cq=         1.6622 MHz  eta= 0.98099

     C   16    Vxx=   -0.0338    axis=( -0.310792 -0.818862  0.482570)
     C   16    Vyy=   -0.6877    axis=( -0.942536  0.200022 -0.267613)
     C   16    Vzz=    0.7215    axis=( -0.122613  0.538011  0.833972)
     C   16  Q=         1.0000 1e-30 m^2  Cq=         1.6953 MHz  eta= 0.90632

     C   17    Vxx=    0.1494    axis=(  0.953325 -0.278522 -0.116609)
     C   17    Vyy=    0.5706    axis=( -0.147610 -0.092988 -0.984665)
     C   17    Vzz=   -0.7200    axis=(  0.263407  0.955918 -0.129761)
     C   17  Q=         1.0000 1e-30 m^2  Cq=        -1.6917 MHz  eta= 0.58490

     Cl  18    Vxx=    0.0900    axis=(  0.838908 -0.445557  0.312591)
     Cl  18    Vyy=    2.4982    axis=( -0.036418  0.527088  0.849030)
     Cl  18    Vzz=   -2.5883    axis=( -0.543054 -0.723642  0.425952)
     Cl  18  Q=        -8.1650 1e-30 m^2  Cq=        49.6543 MHz  eta= 0.93042

     H   19    Vxx=    0.0370    axis=(  0.339121  0.519279  0.784440)
     H   19    Vyy=    0.5323    axis=(  0.076165 -0.846270  0.527281)
     H   19    Vzz=   -0.5693    axis=(  0.937655 -0.119065 -0.326539)
     H   19  Q=         1.0000 1e-30 m^2  Cq=        -1.3376 MHz  eta= 0.86991

     C   20    Vxx=    0.2043    axis=( -0.572530  0.801617  0.172105)
     C   20    Vyy=    0.6781    axis=( -0.441064 -0.478086  0.759537)
     C   20    Vzz=   -0.8825    axis=( -0.691138 -0.358949 -0.627283)
     C   20  Q=         1.0000 1e-30 m^2  Cq=        -2.0734 MHz  eta= 0.53692

     H   21    Vxx=   -0.1136    axis=(  0.216017  0.953110  0.211938)
     H   21    Vyy=   -0.6333    axis=( -0.458007 -0.092787  0.884093)
     H   21    Vzz=    0.7469    axis=(  0.862303 -0.288048  0.416488)
     H   21  Q=         1.0000 1e-30 m^2  Cq=         1.7550 MHz  eta= 0.69574

     C   22    Vxx=   -0.0151    axis=(  0.559069 -0.066308  0.826465)
     C   22    Vyy=   -0.4460    axis=( -0.213360  0.951722  0.220687)
     C   22    Vzz=    0.4612    axis=( -0.801199 -0.299714  0.517931)
     C   22  Q=         1.0000 1e-30 m^2  Cq=         1.0836 MHz  eta= 0.93435

     C   23    Vxx=    0.0426    axis=( -0.446623  0.698121  0.559602)
     C   23    Vyy=    0.7002    axis=( -0.043931 -0.641804  0.765609)
     C   23    Vzz=   -0.7428    axis=(  0.893643  0.317354  0.317314)
     C   23  Q=         1.0000 1e-30 m^2  Cq=        -1.7453 MHz  eta= 0.88540

     Cl  24    Vxx=    0.3873    axis=(  0.608797  0.537567  0.583428)
     Cl  24    Vyy=    2.1244    axis=( -0.507612 -0.301211  0.807219)
     Cl  24    Vzz=   -2.5118    axis=( -0.609669  0.787587 -0.089500)
     Cl  24  Q=        -8.1650 1e-30 m^2  Cq=        48.1871 MHz  eta= 0.69158

     Initialization:
     gipaw_setup  :      9.65s CPU     12.56s WALL (       1 calls)

     Linear response

     Apply operators

     Induced current

     Other routines
     efg          :      9.54s CPU     14.83s WALL (       1 calls)

     General routines
     calbec       :      3.36s CPU      4.83s WALL (      16 calls)
     fft          :      1.45s CPU      1.85s WALL (      15 calls)
     ffts         :      0.04s CPU      0.06s WALL (       2 calls)
     fftw         :      3.34s CPU      4.57s WALL (     672 calls)
     davcio       :      0.03s CPU      2.32s WALL (      32 calls)

     Parallel routines
     fft_scatter  :      2.12s CPU      3.57s WALL (     689 calls)

     Plugins

     GIPAW        :     63.01s CPU     80.94s WALL (       1 calls)
