
     Program QE v.6.0 (svn rev. 13079) starts on 21Jan2017 at  8:20:23 

     This program is part of the open-source Quantum ESPRESSO suite
     for quantum simulation of materials; please cite
         "P. Giannozzi et al., J. Phys.:Condens. Matter 21 395502 (2009);
          URL http://www.quantum-espresso.org", 
     in publications or presentations arising from this work. More details at
     http://www.quantum-espresso.org/quote

     Parallel version (MPI), running on     8 processors
     R & G space division:  proc/nbgrp/npool/nimage =       8

     ***** This is GIPAW svn revision unknown      *****

     Parallelizing q-star over 1 images

     Reading data from directory:
     /users/majewski/paradichlorobenzene/pbe/9_constraint/scratch/pbe.ecut100.np8.dt60.pcl2phi-129368.save
     Message from routine read_xml_file:
     file /users/majewski/paradichlorobenzene/pbe/9_constraint/scratch/pbe.ecut100.np8.dt60.pcl2phi-129368.save not guaranteed to be safe for post-processing

   Info: using nr1, nr2, nr3 values from input

   Info: using nr1, nr2, nr3 values from input

     IMPORTANT: XC functional enforced from input :
     Exchange-correlation      =  SLA  PW   PBX  PBC ( 1  4  3  4 0 0)
     Any further DFT definition will be discarded
     Please, verify this is what you really want

               file C.pbe-n-kjpaw_psl.1.0.0.UPF: wavefunction(s)  2S 2P renormalized
               file Cl.pbe-n-kjpaw_psl.1.0.0.UPF: wavefunction(s)  3S 3P renormalized
               file H.pbe-kjpaw_psl.1.0.0.UPF: wavefunction(s)  1S renormalized

     Parallelization info
     --------------------
     sticks:   dense  smooth     PW     G-vecs:    dense   smooth      PW
     Min        3057    1223    332               144436    36536    5170
     Max        3059    1225    333               144437    36537    5171
     Sum       24467    9791   2657              1155489   292295   41363


     Subspace diagonalization in iterative solution of the eigenvalue problem:
     a serial algorithm will be used

     GIPAW projectors -----------------------------------------------
     atom=  C    l=0  rc=    1.2000  rs=    0.8000
     atom=  C    l=0  rc=    1.2000  rs=    0.8000
     atom=  C    l=1  rc=    1.4000  rs=    0.9333
     atom=  C    l=1  rc=    1.4000  rs=    0.9333
     projs nearly linearly dependent: l=1  n1,n2= 1, 2  s=  0.99951561

     atom=  Cl   l=0  rc=    1.6000  rs=    1.0667
     atom=  Cl   l=0  rc=    1.6000  rs=    1.0667
     atom=  Cl   l=1  rc=    1.6000  rs=    1.0667
     atom=  Cl   l=1  rc=    1.6000  rs=    1.0667
     atom=  Cl   l=2  rc=    1.6000  rs=    1.0667
     atom=  Cl   l=2  rc=    1.6000  rs=    1.0667
     projs nearly linearly dependent: l=2  n1,n2= 1, 2  s=  0.99993509

     atom=  H    l=0  rc=    1.0000  rs=    0.6667
     atom=  H    l=0  rc=    1.0000  rs=    0.6667
     projs nearly linearly dependent: l=0  n1,n2= 1, 2  s=  0.99968852
     -----------------------------------------------------------------

     GIPAW integrals: -------------------------------------------
     Atom  i/j   nmr_para   nmr_dia   epr_rmc  epr_para   epr_dia
       C   1 1   0.83E+03  0.17E-01  0.93E+01  0.24E+08  0.24E+03
       C   2 1   0.86E+03 -0.61E-01  0.94E+01  0.25E+08  0.25E+03
       C   2 2   0.90E+03 -0.15E+00  0.97E+01  0.26E+08  0.26E+03
       C   3 3   0.33E+01  0.34E+00  0.18E+01  0.55E+03  0.21E+02
       C   4 3   0.35E+01  0.37E+00  0.20E+01  0.59E+03  0.22E+02
       C   4 4   0.38E+01  0.39E+00  0.22E+01  0.63E+03  0.24E+02
       Cl  1 1   0.14E+04 -0.47E+00  0.84E+01  0.32E+09  0.42E+03
       Cl  2 1   0.21E+04 -0.37E+00  0.12E+02  0.49E+09  0.65E+03
       Cl  2 2   0.33E+04 -0.16E+00  0.21E+02  0.76E+09  0.10E+04
       Cl  3 3   0.21E+02  0.79E-01  0.89E+01  0.23E+05  0.13E+03
       Cl  4 3   0.24E+02  0.67E-01  0.99E+01  0.27E+05  0.15E+03
       Cl  4 4   0.28E+02  0.44E-01  0.11E+02  0.32E+05  0.18E+03
       Cl  5 5   0.77E+00  0.19E+00  0.18E+01  0.12E+03  0.22E+02
       Cl  6 5   0.80E+00  0.19E+00  0.19E+01  0.12E+03  0.23E+02
       Cl  6 6   0.83E+00  0.20E+00  0.19E+01  0.12E+03  0.23E+02
       H   1 1   0.39E+02  0.19E+00  0.29E+00  0.78E+05  0.13E+02
       H   2 1   0.41E+02  0.21E+00  0.32E+00  0.82E+05  0.14E+02
       H   2 2   0.43E+02  0.22E+00  0.36E+00  0.86E+05  0.15E+02
     ------------------------------------------------------------

     alpha_pv=     33.6711 eV

     Number of occupied bands for each k-point:
     k-point:     1    nbnd_occ=  42
     k-point:     2    nbnd_occ=  42
     k-point:     3    nbnd_occ=  42
     k-point:     4    nbnd_occ=  42
     k-point:     5    nbnd_occ=  42
     k-point:     6    nbnd_occ=  42
     k-point:     7    nbnd_occ=  42
     k-point:     8    nbnd_occ=  42
     k-point:     9    nbnd_occ=  42
     k-point:    10    nbnd_occ=  42
     k-point:    11    nbnd_occ=  42
     k-point:    12    nbnd_occ=  42
     k-point:    13    nbnd_occ=  42
     k-point:    14    nbnd_occ=  42
     k-point:    15    nbnd_occ=  42
     k-point:    16    nbnd_occ=  42


     q-space interpolation up to   110.00 Rydberg

     GIPAW job: efg                                                                             


     ELECTRIC FIELD GRADIENTS TENSORS IN Hartree/bohrradius^2:

     ----- bare term -----
     Cl   1        0.215281        0.006059        0.013202
     Cl   1        0.006059       -0.288325       -0.218710
     Cl   1        0.013202       -0.218710        0.073045

     C    2       -0.809706        0.442991       -0.355041
     C    2        0.442991        0.334660       -0.003559
     C    2       -0.355041       -0.003559        0.475046

     C    3        0.168524       -0.062660       -0.105725
     C    3       -0.062660       -0.477358       -0.509417
     C    3       -0.105725       -0.509417        0.308834

     H    4       -0.538087       -0.036231        0.187221
     H    4       -0.036231        0.307461       -0.266380
     H    4        0.187221       -0.266380        0.230627

     C    5       -0.828998        0.364516       -0.472060
     C    5        0.364516        0.321480        0.017261
     C    5       -0.472060        0.017261        0.507518

     H    6        0.099194       -0.276649        0.194012
     H    6       -0.276649       -0.446985       -0.280425
     H    6        0.194012       -0.280425        0.347791

     H    7        0.298898        0.404556       -0.069616
     H    7        0.404556       -0.633899        0.327231
     H    7       -0.069616        0.327231        0.335001

     C    8       -0.064726       -0.165871       -0.137989
     C    8       -0.165871       -0.042931        0.421484
     C    8       -0.137989        0.421484        0.107657

     H    9       -0.428274        0.384304       -0.349744
     H    9        0.384304        0.172484        0.138151
     H    9       -0.349744        0.138151        0.255790

     C   10       -0.507344       -0.315143       -0.109408
     C   10       -0.315143        0.129568        0.343925
     C   10       -0.109408        0.343925        0.377776

     C   11        0.106000        0.079491       -0.200500
     C   11        0.079491       -0.054719        0.454831
     C   11       -0.200500        0.454831       -0.051281

     Cl  12       -0.233736       -0.272217        0.018495
     Cl  12       -0.272217        0.028131        0.089044
     Cl  12        0.018495        0.089044        0.205606

     H   13        0.308048       -0.349077        0.075429
     H   13       -0.349077       -0.630266        0.085112
     H   13        0.075429        0.085112        0.322218

     C   14       -0.003918        0.186178       -0.058066
     C   14        0.186178       -0.119963       -0.359242
     C   14       -0.058066       -0.359242        0.123881

     H   15       -0.190969       -0.480270       -0.030703
     H   15       -0.480270       -0.168903        0.112367
     H   15       -0.030703        0.112367        0.359872

     C   16       -0.461459        0.227894       -0.123419
     C   16        0.227894        0.119612       -0.129538
     C   16       -0.123419       -0.129538        0.341848

     C   17        0.019093       -0.121538       -0.305215
     C   17       -0.121538        0.025900       -0.641973
     C   17       -0.305215       -0.641973       -0.044993

     Cl  18       -0.320280        0.292124       -0.014217
     Cl  18        0.292124        0.185950        0.080100
     Cl  18       -0.014217        0.080100        0.134331

     H   19        0.542414        0.011533       -0.005505
     H   19        0.011533       -0.242687        0.321605
     H   19       -0.005505        0.321605       -0.299727

     C   20       -0.445062       -0.264850       -0.035526
     C   20       -0.264850        0.215929       -0.001408
     C   20       -0.035526       -0.001408        0.229133

     H   21       -0.008981       -0.134907       -0.507435
     H   21       -0.134907        0.013560       -0.206437
     H   21       -0.507435       -0.206437       -0.004579

     C   22        0.142067       -0.071405       -0.165996
     C   22       -0.071405       -0.074804        0.545097
     C   22       -0.165996        0.545097       -0.067263

     C   23       -0.551173       -0.447629       -0.290687
     C   23       -0.447629        0.141962        0.068553
     C   23       -0.290687        0.068553        0.409211

     Cl  24        0.009758       -0.036060        0.009942
     Cl  24       -0.036060        0.035277       -0.045170
     Cl  24        0.009942       -0.045170       -0.045035

     ----- ionic term -----
     Cl   1        0.114216       -0.201834       -0.008424
     Cl   1       -0.201834        0.037541        0.008921
     Cl   1       -0.008424        0.008921       -0.151757

     C    2        0.200892       -0.067403        0.162202
     C    2       -0.067403        0.288399        0.364528
     C    2        0.162202        0.364528       -0.489291

     C    3        0.195084       -0.104249        0.104857
     C    3       -0.104249        0.302547        0.369443
     C    3        0.104857        0.369443       -0.497631

     H    4        0.861240        0.430720        0.392288
     H    4        0.430720       -0.335571        0.162186
     H    4        0.392288        0.162186       -0.525669

     C    5        0.382638       -0.046319        0.185749
     C    5       -0.046319        0.120627        0.268641
     C    5        0.185749        0.268641       -0.503265

     H    6       -0.454549        0.317878        0.105016
     H    6        0.317878        0.842829        0.492456
     H    6        0.105016        0.492456       -0.388280

     H    7       -0.515686       -0.144898        0.107621
     H    7       -0.144898        0.522488       -0.768868
     H    7        0.107621       -0.768868       -0.006802

     C    8        0.262063        0.249322        0.212711
     C    8        0.249322        0.050033       -0.312766
     C    8        0.212711       -0.312766       -0.312096

     H    9        0.576618       -0.089119        0.747873
     H    9       -0.089119       -0.528476       -0.155714
     H    9        0.747873       -0.155714       -0.048142

     C   10        0.084833        0.313312        0.180820
     C   10        0.313312        0.170255       -0.461768
     C   10        0.180820       -0.461768       -0.255088

     C   11        0.138104        0.172234        0.273394
     C   11        0.172234        0.108290       -0.482146
     C   11        0.273394       -0.482146       -0.246394

     Cl  12        0.120326        0.197079        0.002563
     Cl  12        0.197079        0.036525       -0.019514
     Cl  12        0.002563       -0.019514       -0.156851

     H   13       -0.471462        0.201427        0.063886
     H   13        0.201427        0.918025        0.455571
     H   13        0.063886        0.455571       -0.446563

     C   14        0.380464       -0.175581        0.126964
     C   14       -0.175581        0.167080        0.247872
     C   14        0.126964        0.247872       -0.547544

     H   15        0.733409        0.448968        0.483621
     H   15        0.448968       -0.302836        0.239021
     H   15        0.483621        0.239021       -0.430572

     C   16        0.212823       -0.164576        0.120066
     C   16       -0.164576        0.308007        0.366372
     C   16        0.120066        0.366372       -0.520830

     C   17        0.310850       -0.054619        0.240234
     C   17       -0.054619        0.208084        0.323815
     C   17        0.240234        0.323815       -0.518935

     Cl  18        0.134340       -0.186340        0.017691
     Cl  18       -0.186340        0.037387       -0.008801
     Cl  18        0.017691       -0.008801       -0.171727

     H   19       -0.506851       -0.064586        0.058093
     H   19       -0.064586        0.784703       -0.639245
     H   19        0.058093       -0.639245       -0.277852

     C   20        0.315199        0.211091        0.229589
     C   20        0.211091        0.032758       -0.314070
     C   20        0.229589       -0.314070       -0.347957

     H   21        0.563285       -0.231021        0.711499
     H   21       -0.231021       -0.448304       -0.220450
     H   21        0.711499       -0.220450       -0.114981

     C   22        0.205493        0.265214        0.148435
     C   22        0.265214        0.095112       -0.370125
     C   22        0.148435       -0.370125       -0.300604

     C   23        0.247027        0.209507        0.186865
     C   23        0.209507        0.031112       -0.352563
     C   23        0.186865       -0.352563       -0.278139

     Cl  24        0.155298        0.208773       -0.030208
     Cl  24        0.208773       -0.026258       -0.019287
     Cl  24       -0.030208       -0.019287       -0.129040

     ----- GIPAW term -----
     Cl   1        0.003561       -0.423663        0.403394
     Cl   1       -0.423663        0.953964        1.192344
     Cl   1        0.403394        1.192344       -0.957525

     C    2       -0.172436        0.023127       -0.018179
     C    2        0.023127        0.189988        0.169040
     C    2       -0.018179        0.169040       -0.017552

     C    3       -0.060630       -0.068021       -0.027351
     C    3       -0.068021        0.016780        0.118323
     C    3       -0.027351        0.118323        0.043851

     H    4       -0.000000        0.000000        0.000000
     H    4        0.000000        0.000000        0.000000
     H    4        0.000000        0.000000        0.000000

     C    5       -0.154746       -0.051125       -0.108175
     C    5       -0.051125        0.121573        0.168323
     C    5       -0.108175        0.168323        0.033173

     H    6       -0.000000        0.000000        0.000000
     H    6        0.000000        0.000000        0.000000
     H    6        0.000000        0.000000        0.000000

     H    7       -0.000000        0.000000        0.000000
     H    7        0.000000        0.000000        0.000000
     H    7        0.000000        0.000000        0.000000

     C    8       -0.065220       -0.108242       -0.017142
     C    8       -0.108242        0.188496        0.127047
     C    8       -0.017142        0.127047       -0.123276

     H    9       -0.000000        0.000000        0.000000
     H    9        0.000000        0.000000        0.000000
     H    9        0.000000        0.000000        0.000000

     C   10       -0.187818       -0.048653       -0.027379
     C   10       -0.048653        0.186236        0.173290
     C   10       -0.027379        0.173290        0.001582

     C   11       -0.011820        0.018011       -0.032370
     C   11        0.018011        0.077847        0.086477
     C   11       -0.032370        0.086477       -0.066026

     Cl  12       -1.168368        0.752104        0.076482
     Cl  12        0.752104        0.804371        2.329435
     Cl  12        0.076482        2.329435        0.363997

     H   13       -0.000000        0.000000        0.000000
     H   13        0.000000        0.000000        0.000000
     H   13        0.000000        0.000000        0.000000

     C   14       -0.034298        0.116514        0.001806
     C   14        0.116514        0.146779       -0.084035
     C   14        0.001806       -0.084035       -0.112482

     H   15       -0.000000        0.000000        0.000000
     H   15        0.000000        0.000000        0.000000
     H   15        0.000000        0.000000        0.000000

     C   16       -0.116490        0.057464       -0.036441
     C   16        0.057464        0.141154       -0.071457
     C   16       -0.036441       -0.071457       -0.024664

     C   17       -0.064882       -0.102161       -0.037849
     C   17       -0.102161        0.268343       -0.037931
     C   17       -0.037849       -0.037931       -0.203461

     Cl  18       -1.051445       -0.839659       -0.139163
     Cl  18       -0.839659        2.542216        1.195907
     Cl  18       -0.139163        1.195907       -1.490771

     H   19       -0.000000        0.000000        0.000000
     H   19        0.000000        0.000000        0.000000
     H   19        0.000000        0.000000        0.000000

     C   20       -0.069328        0.010397        0.021841
     C   20        0.010397        0.076556        0.030128
     C   20        0.021841        0.030128       -0.007228

     H   21       -0.000000        0.000000        0.000000
     H   21        0.000000        0.000000        0.000000
     H   21        0.000000        0.000000        0.000000

     C   22       -0.073944        0.007236       -0.016201
     C   22        0.007236        0.178961        0.106352
     C   22       -0.016201        0.106352       -0.105017

     C   23       -0.087682       -0.021835       -0.022612
     C   23       -0.021835        0.137884        0.029630
     C   23       -0.022612        0.029630       -0.050202

     Cl  24       -0.086743        1.812128       -0.082122
     Cl  24        1.812128        2.312764       -1.011714
     Cl  24       -0.082122       -1.011714       -2.226021

     ----- total EFG -----
     Cl   1        0.333057       -0.619438        0.408171
     Cl   1       -0.619438        0.703180        0.982555
     Cl   1        0.408171        0.982555       -1.036238

     C    2       -0.781250        0.398715       -0.211017
     C    2        0.398715        0.813047        0.530008
     C    2       -0.211017        0.530008       -0.031797

     C    3        0.302978       -0.234930       -0.028219
     C    3       -0.234930       -0.158031       -0.021650
     C    3       -0.028219       -0.021650       -0.144947

     H    4        0.323153        0.394490        0.579509
     H    4        0.394490       -0.028111       -0.104194
     H    4        0.579509       -0.104194       -0.295042

     C    5       -0.601106        0.267072       -0.394485
     C    5        0.267072        0.563680        0.454226
     C    5       -0.394485        0.454226        0.037425

     H    6       -0.355355        0.041229        0.299028
     H    6        0.041229        0.395844        0.212031
     H    6        0.299028        0.212031       -0.040489

     H    7       -0.216787        0.259658        0.038005
     H    7        0.259658       -0.111411       -0.441637
     H    7        0.038005       -0.441637        0.328199

     C    8        0.132116       -0.024792        0.057580
     C    8       -0.024792        0.195598        0.235766
     C    8        0.057580        0.235766       -0.327715

     H    9        0.148345        0.295185        0.398129
     H    9        0.295185       -0.355993       -0.017563
     H    9        0.398129       -0.017563        0.207648

     C   10       -0.610330       -0.050484        0.044034
     C   10       -0.050484        0.486060        0.055447
     C   10        0.044034        0.055447        0.124270

     C   11        0.232283        0.269736        0.040525
     C   11        0.269736        0.131419        0.059162
     C   11        0.040525        0.059162       -0.363702

     Cl  12       -1.281778        0.676966        0.097541
     Cl  12        0.676966        0.869026        2.398964
     Cl  12        0.097541        2.398964        0.412752

     H   13       -0.163414       -0.147651        0.139315
     H   13       -0.147651        0.287759        0.540683
     H   13        0.139315        0.540683       -0.124345

     C   14        0.342248        0.127111        0.070704
     C   14        0.127111        0.193896       -0.195405
     C   14        0.070704       -0.195405       -0.536144

     H   15        0.542440       -0.031302        0.452918
     H   15       -0.031302       -0.471740        0.351388
     H   15        0.452918        0.351388       -0.070700

     C   16       -0.365126        0.120781       -0.039795
     C   16        0.120781        0.568773        0.165376
     C   16       -0.039795        0.165376       -0.203647

     C   17        0.265062       -0.278317       -0.102829
     C   17       -0.278317        0.502327       -0.356090
     C   17       -0.102829       -0.356090       -0.767389

     Cl  18       -1.237385       -0.733875       -0.135689
     Cl  18       -0.733875        2.765553        1.267206
     Cl  18       -0.135689        1.267206       -1.528168

     H   19        0.035564       -0.053053        0.052588
     H   19       -0.053053        0.542016       -0.317640
     H   19        0.052588       -0.317640       -0.577580

     C   20       -0.199191       -0.043362        0.215905
     C   20       -0.043362        0.325243       -0.285349
     C   20        0.215905       -0.285349       -0.126052

     H   21        0.554303       -0.365928        0.204064
     H   21       -0.365928       -0.434743       -0.426887
     H   21        0.204064       -0.426887       -0.119560

     C   22        0.273616        0.201045       -0.033763
     C   22        0.201045        0.199269        0.281324
     C   22       -0.033763        0.281324       -0.472885

     C   23       -0.391828       -0.259957       -0.126434
     C   23       -0.259957        0.310959       -0.254381
     C   23       -0.126434       -0.254381        0.080870

     Cl  24        0.078312        1.984841       -0.102388
     Cl  24        1.984841        2.321784       -1.076171
     Cl  24       -0.102388       -1.076171       -2.400096

     ----- total EFG (symmetrized) -----
     Cl   1        0.333057       -0.619438        0.408171
     Cl   1       -0.619438        0.703180        0.982555
     Cl   1        0.408171        0.982555       -1.036238

     C    2       -0.781250        0.398715       -0.211017
     C    2        0.398715        0.813047        0.530008
     C    2       -0.211017        0.530008       -0.031797

     C    3        0.302978       -0.234930       -0.028219
     C    3       -0.234930       -0.158031       -0.021650
     C    3       -0.028219       -0.021650       -0.144947

     H    4        0.323153        0.394490        0.579509
     H    4        0.394490       -0.028111       -0.104194
     H    4        0.579509       -0.104194       -0.295042

     C    5       -0.601106        0.267072       -0.394485
     C    5        0.267072        0.563680        0.454226
     C    5       -0.394485        0.454226        0.037425

     H    6       -0.355355        0.041229        0.299028
     H    6        0.041229        0.395844        0.212031
     H    6        0.299028        0.212031       -0.040489

     H    7       -0.216787        0.259658        0.038005
     H    7        0.259658       -0.111411       -0.441637
     H    7        0.038005       -0.441637        0.328199

     C    8        0.132116       -0.024792        0.057580
     C    8       -0.024792        0.195598        0.235766
     C    8        0.057580        0.235766       -0.327715

     H    9        0.148345        0.295185        0.398129
     H    9        0.295185       -0.355993       -0.017563
     H    9        0.398129       -0.017563        0.207648

     C   10       -0.610330       -0.050484        0.044034
     C   10       -0.050484        0.486060        0.055447
     C   10        0.044034        0.055447        0.124270

     C   11        0.232283        0.269736        0.040525
     C   11        0.269736        0.131419        0.059162
     C   11        0.040525        0.059162       -0.363702

     Cl  12       -1.281778        0.676966        0.097541
     Cl  12        0.676966        0.869026        2.398964
     Cl  12        0.097541        2.398964        0.412752

     H   13       -0.163414       -0.147651        0.139315
     H   13       -0.147651        0.287759        0.540683
     H   13        0.139315        0.540683       -0.124345

     C   14        0.342248        0.127111        0.070704
     C   14        0.127111        0.193896       -0.195405
     C   14        0.070704       -0.195405       -0.536144

     H   15        0.542440       -0.031302        0.452918
     H   15       -0.031302       -0.471740        0.351388
     H   15        0.452918        0.351388       -0.070700

     C   16       -0.365126        0.120781       -0.039795
     C   16        0.120781        0.568773        0.165376
     C   16       -0.039795        0.165376       -0.203647

     C   17        0.265062       -0.278317       -0.102829
     C   17       -0.278317        0.502327       -0.356090
     C   17       -0.102829       -0.356090       -0.767389

     Cl  18       -1.237385       -0.733875       -0.135689
     Cl  18       -0.733875        2.765553        1.267206
     Cl  18       -0.135689        1.267206       -1.528168

     H   19        0.035564       -0.053053        0.052588
     H   19       -0.053053        0.542016       -0.317640
     H   19        0.052588       -0.317640       -0.577580

     C   20       -0.199191       -0.043362        0.215905
     C   20       -0.043362        0.325243       -0.285349
     C   20        0.215905       -0.285349       -0.126052

     H   21        0.554303       -0.365928        0.204064
     H   21       -0.365928       -0.434743       -0.426887
     H   21        0.204064       -0.426887       -0.119560

     C   22        0.273616        0.201045       -0.033763
     C   22        0.201045        0.199269        0.281324
     C   22       -0.033763        0.281324       -0.472885

     C   23       -0.391828       -0.259957       -0.126434
     C   23       -0.259957        0.310959       -0.254381
     C   23       -0.126434       -0.254381        0.080870

     Cl  24        0.078312        1.984841       -0.102388
     Cl  24        1.984841        2.321784       -1.076171
     Cl  24       -0.102388       -1.076171       -2.400096


     NQR/NMR SPECTROSCOPIC PARAMETERS:
     Cl   1    Vxx=    0.3496    axis=( -0.855485 -0.268832 -0.442578)
     Cl   1    Vyy=    1.3298    axis=( -0.418703  0.861998  0.285739)
     Cl   1    Vzz=   -1.6793    axis=( -0.304686 -0.429754  0.849987)
     Cl   1  Q=        -8.1650 1e-30 m^2  Cq=        32.2171 MHz  eta= 0.58368

     C    2    Vxx=   -0.1076    axis=( -0.440943 -0.296694  0.847079)
     C    2    Vyy=   -1.0007    axis=( -0.885357  0.298729 -0.356237)
     C    2    Vzz=    1.1083    axis=( -0.147353 -0.907047 -0.394402)
     C    2  Q=         1.0000 1e-30 m^2  Cq=         2.6040 MHz  eta= 0.80584

     C    3    Vxx=   -0.1375    axis=( -0.067898 -0.243525  0.967515)
     C    3    Vyy=   -0.2647    axis=(  0.380819  0.890004  0.250740)
     C    3    Vzz=    0.4022    axis=( -0.922153  0.385473  0.032309)
     C    3  Q=         1.0000 1e-30 m^2  Cq=         0.9449 MHz  eta= 0.31613

     H    4    Vxx=   -0.0115    axis=( -0.101409  0.848652 -0.519140)
     H    4    Vyy=   -0.7678    axis=( -0.538128  0.392106  0.746104)
     H    4    Vzz=    0.7793    axis=(  0.836741  0.355025  0.416920)
     H    4  Q=         1.0000 1e-30 m^2  Cq=         1.8310 MHz  eta= 0.97046

     C    5    Vxx=    0.0979    axis=(  0.561096  0.390164 -0.730030)
     C    5    Vyy=    0.8265    axis=( -0.028347 -0.872369 -0.488025)
     C    5    Vzz=   -0.9243    axis=(  0.827265 -0.294523  0.478423)
     C    5  Q=         1.0000 1e-30 m^2  Cq=        -2.1718 MHz  eta= 0.78825

     H    6    Vxx=    0.0304    axis=(  0.507035 -0.474613  0.719484)
     H    6    Vyy=    0.5118    axis=(  0.193855  0.876148  0.441344)
     H    6    Vzz=   -0.5421    axis=(  0.839843  0.084302 -0.536244)
     H    6  Q=         1.0000 1e-30 m^2  Cq=        -1.2738 MHz  eta= 0.88795

     H    7    Vxx=   -0.0567    axis=(  0.799796  0.432041  0.416734)
     H    7    Vyy=   -0.5591    axis=(  0.585239 -0.715628 -0.381276)
     H    7    Vzz=    0.6158    axis=( -0.133500 -0.548832  0.825204)
     H    7  Q=         1.0000 1e-30 m^2  Cq=         1.4468 MHz  eta= 0.81578

     C    8    Vxx=    0.1391    axis=(  0.993602 -0.024273  0.110296)
     C    8    Vyy=    0.2862    axis=( -0.016824  0.933920  0.357087)
     C    8    Vzz=   -0.4253    axis=( -0.111675 -0.356658  0.927536)
     C    8  Q=         1.0000 1e-30 m^2  Cq=        -0.9993 MHz  eta= 0.34582

     H    9    Vxx=   -0.0688    axis=( -0.493187 -0.548212  0.675448)
     H    9    Vyy=   -0.5473    axis=(  0.508780 -0.811576 -0.287206)
     H    9    Vzz=    0.6161    axis=(  0.705627  0.202008  0.679178)
     H    9  Q=         1.0000 1e-30 m^2  Cq=         1.4475 MHz  eta= 0.77665

     C   10    Vxx=    0.1195    axis=(  0.069269 -0.139871  0.987744)
     C   10    Vyy=    0.4961    axis=(  0.039441 -0.988964 -0.142810)
     C   10    Vzz=   -0.6156    axis=(  0.996818  0.048850 -0.062988)
     C   10  Q=         1.0000 1e-30 m^2  Cq=        -1.4464 MHz  eta= 0.61173

     C   11    Vxx=   -0.0912    axis=(  0.644007 -0.761845 -0.069626)
     C   11    Vyy=   -0.3708    axis=( -0.018985 -0.106900  0.994089)
     C   11    Vzz=    0.4620    axis=( -0.764784 -0.638878 -0.083308)
     C   11  Q=         1.0000 1e-30 m^2  Cq=         1.0856 MHz  eta= 0.60526

     Cl  12    Vxx=   -1.1290    axis=(  0.852142  0.257962 -0.455312)
     Cl  12    Vyy=   -1.9950    axis=( -0.507320  0.620662 -0.597834)
     Cl  12    Vzz=    3.1240    axis=( -0.128376 -0.740428 -0.659762)
     Cl  12  Q=        -8.1650 1e-30 m^2  Cq=       -59.9325 MHz  eta= 0.27723

     H   13    Vxx=   -0.0729    axis=(  0.904406 -0.197059  0.378441)
     H   13    Vyy=   -0.5897    axis=(  0.423290  0.525858 -0.737766)
     H   13    Vzz=    0.6626    axis=( -0.053623  0.827431  0.559002)
     H   13  Q=         1.0000 1e-30 m^2  Cq=         1.5569 MHz  eta= 0.77981

     C   14    Vxx=    0.1790    axis=( -0.514702  0.812759 -0.272955)
     C   14    Vyy=    0.4168    axis=(  0.850669  0.523833 -0.044296)
     C   14    Vzz=   -0.5959    axis=( -0.106981  0.254994  0.961006)
     C   14  Q=         1.0000 1e-30 m^2  Cq=        -1.4000 MHz  eta= 0.39911

     H   15    Vxx=   -0.0648    axis=( -0.457724  0.600981  0.655218)
     H   15    Vyy=   -0.7340    axis=(  0.221802  0.790834 -0.570425)
     H   15    Vzz=    0.7988    axis=(  0.860984  0.115769  0.495283)
     H   15  Q=         1.0000 1e-30 m^2  Cq=         1.8768 MHz  eta= 0.83775

     C   16    Vxx=   -0.2135    axis=( -0.354709 -0.140636  0.924339)
     C   16    Vyy=   -0.4016    axis=( -0.928201  0.171776 -0.330055)
     C   16    Vzz=    0.6152    axis=( -0.112362 -0.975046 -0.191469)
     C   16  Q=         1.0000 1e-30 m^2  Cq=         1.4454 MHz  eta= 0.30576

     C   17    Vxx=    0.1581    axis=(  0.864748  0.428970 -0.261144)
     C   17    Vyy=    0.7283    axis=(  0.478965 -0.860817  0.172008)
     C   17    Vzz=   -0.8864    axis=(  0.151011  0.273822  0.949851)
     C   17  Q=         1.0000 1e-30 m^2  Cq=        -2.0827 MHz  eta= 0.64338

     Cl  18    Vxx=   -1.3538    axis=(  0.979576  0.126413  0.156369)
     Cl  18    Vyy=   -1.8816    axis=(  0.116274  0.278345 -0.953417)
     Cl  18    Vzz=    3.2353    axis=( -0.164049  0.952126  0.257962)
     Cl  18  Q=        -8.1650 1e-30 m^2  Cq=       -62.0681 MHz  eta= 0.16314

     H   19    Vxx=    0.0305    axis=(  0.992718  0.118004  0.024209)
     H   19    Vyy=    0.6329    axis=( -0.107907  0.960443 -0.256720)
     H   19    Vzz=   -0.6634    axis=( -0.053546  0.252239  0.966182)
     H   19  Q=         1.0000 1e-30 m^2  Cq=        -1.5588 MHz  eta= 0.90793

     C   20    Vxx=   -0.0721    axis=(  0.726302  0.451502  0.518297)
     C   20    Vyy=   -0.4186    axis=( -0.657434  0.236168  0.715545)
     C   20    Vzz=    0.4907    axis=(  0.200664 -0.860448  0.468362)
     C   20  Q=         1.0000 1e-30 m^2  Cq=         1.1529 MHz  eta= 0.70622

     H   21    Vxx=   -0.0420    axis=(  0.499711  0.380297 -0.778244)
     H   21    Vyy=   -0.7611    axis=(  0.155426  0.844516  0.512480)
     H   21    Vzz=    0.8031    axis=(  0.852134 -0.377051  0.362906)
     H   21  Q=         1.0000 1e-30 m^2  Cq=         1.8870 MHz  eta= 0.89544

     C   22    Vxx=    0.1173    axis=( -0.716335  0.613048  0.333221)
     C   22    Vyy=    0.4700    axis=(  0.687242  0.702482  0.184981)
     C   22    Vzz=   -0.5873    axis=(  0.120679 -0.361512  0.924525)
     C   22  Q=         1.0000 1e-30 m^2  Cq=        -1.3799 MHz  eta= 0.60066

     C   23    Vxx=    0.0424    axis=( -0.447742  0.347135  0.824029)
     C   23    Vyy=    0.5035    axis=(  0.185556 -0.865432  0.465399)
     C   23    Vzz=   -0.5459    axis=(  0.874698  0.361283  0.323077)
     C   23  Q=         1.0000 1e-30 m^2  Cq=        -1.2826 MHz  eta= 0.84464

     Cl  24    Vxx=   -0.9558    axis=(  0.861093 -0.435064  0.263131)
     Cl  24    Vyy=   -2.6846    axis=(  0.156085 -0.266340 -0.951157)
     Cl  24    Vzz=    3.6404    axis=(  0.483896  0.860106 -0.161437)
     Cl  24  Q=        -8.1650 1e-30 m^2  Cq=       -69.8401 MHz  eta= 0.47490

     Initialization:
     gipaw_setup  :      9.20s CPU     10.99s WALL (       1 calls)

     Linear response

     Apply operators

     Induced current

     Other routines
     efg          :      9.30s CPU     11.75s WALL (       1 calls)

     General routines
     calbec       :      3.25s CPU      4.30s WALL (      16 calls)
     fft          :      1.32s CPU      1.61s WALL (      15 calls)
     ffts         :      0.04s CPU      0.04s WALL (       2 calls)
     fftw         :      3.22s CPU      3.79s WALL (     672 calls)
     davcio       :      0.02s CPU      0.31s WALL (      32 calls)

     Parallel routines
     fft_scatter  :      1.99s CPU      2.64s WALL (     689 calls)

     Plugins

     GIPAW        :     61.83s CPU     71.80s WALL (       1 calls)
