
     Program QE v.6.0 (svn rev. 13079) starts on 17Jan2017 at 23:16:27 

     This program is part of the open-source Quantum ESPRESSO suite
     for quantum simulation of materials; please cite
         "P. Giannozzi et al., J. Phys.:Condens. Matter 21 395502 (2009);
          URL http://www.quantum-espresso.org", 
     in publications or presentations arising from this work. More details at
     http://www.quantum-espresso.org/quote

     Parallel version (MPI), running on     8 processors
     R & G space division:  proc/nbgrp/npool/nimage =       8

     ***** This is GIPAW svn revision unknown      *****

     Parallelizing q-star over 1 images

     Reading data from directory:
     /users/majewski/paradichlorobenzene/pbe/9_constraint/scratch/pbe.ecut100.np8.dt60.pcl2phi-129368.save
     Message from routine read_xml_file:
     file /users/majewski/paradichlorobenzene/pbe/9_constraint/scratch/pbe.ecut100.np8.dt60.pcl2phi-129368.save not guaranteed to be safe for post-processing

   Info: using nr1, nr2, nr3 values from input

   Info: using nr1, nr2, nr3 values from input

     IMPORTANT: XC functional enforced from input :
     Exchange-correlation      =  SLA  PW   PBX  PBC ( 1  4  3  4 0 0)
     Any further DFT definition will be discarded
     Please, verify this is what you really want

               file C.pbe-n-kjpaw_psl.1.0.0.UPF: wavefunction(s)  2S 2P renormalized
               file Cl.pbe-n-kjpaw_psl.1.0.0.UPF: wavefunction(s)  3S 3P renormalized
               file H.pbe-kjpaw_psl.1.0.0.UPF: wavefunction(s)  1S renormalized

     Parallelization info
     --------------------
     sticks:   dense  smooth     PW     G-vecs:    dense   smooth      PW
     Min        3057    1223    332               144436    36536    5170
     Max        3059    1225    333               144437    36537    5171
     Sum       24467    9791   2657              1155489   292295   41363


     Subspace diagonalization in iterative solution of the eigenvalue problem:
     a serial algorithm will be used

     GIPAW projectors -----------------------------------------------
     atom=  C    l=0  rc=    1.2000  rs=    0.8000
     atom=  C    l=0  rc=    1.2000  rs=    0.8000
     atom=  C    l=1  rc=    1.4000  rs=    0.9333
     atom=  C    l=1  rc=    1.4000  rs=    0.9333
     projs nearly linearly dependent: l=1  n1,n2= 1, 2  s=  0.99951561

     atom=  Cl   l=0  rc=    1.6000  rs=    1.0667
     atom=  Cl   l=0  rc=    1.6000  rs=    1.0667
     atom=  Cl   l=1  rc=    1.6000  rs=    1.0667
     atom=  Cl   l=1  rc=    1.6000  rs=    1.0667
     atom=  Cl   l=2  rc=    1.6000  rs=    1.0667
     atom=  Cl   l=2  rc=    1.6000  rs=    1.0667
     projs nearly linearly dependent: l=2  n1,n2= 1, 2  s=  0.99993509

     atom=  H    l=0  rc=    1.0000  rs=    0.6667
     atom=  H    l=0  rc=    1.0000  rs=    0.6667
     projs nearly linearly dependent: l=0  n1,n2= 1, 2  s=  0.99968852
     -----------------------------------------------------------------

     GIPAW integrals: -------------------------------------------
     Atom  i/j   nmr_para   nmr_dia   epr_rmc  epr_para   epr_dia
       C   1 1   0.83E+03  0.17E-01  0.93E+01  0.24E+08  0.24E+03
       C   2 1   0.86E+03 -0.61E-01  0.94E+01  0.25E+08  0.25E+03
       C   2 2   0.90E+03 -0.15E+00  0.97E+01  0.26E+08  0.26E+03
       C   3 3   0.33E+01  0.34E+00  0.18E+01  0.55E+03  0.21E+02
       C   4 3   0.35E+01  0.37E+00  0.20E+01  0.59E+03  0.22E+02
       C   4 4   0.38E+01  0.39E+00  0.22E+01  0.63E+03  0.24E+02
       Cl  1 1   0.14E+04 -0.47E+00  0.84E+01  0.32E+09  0.42E+03
       Cl  2 1   0.21E+04 -0.37E+00  0.12E+02  0.49E+09  0.65E+03
       Cl  2 2   0.33E+04 -0.16E+00  0.21E+02  0.76E+09  0.10E+04
       Cl  3 3   0.21E+02  0.79E-01  0.89E+01  0.23E+05  0.13E+03
       Cl  4 3   0.24E+02  0.67E-01  0.99E+01  0.27E+05  0.15E+03
       Cl  4 4   0.28E+02  0.44E-01  0.11E+02  0.32E+05  0.18E+03
       Cl  5 5   0.77E+00  0.19E+00  0.18E+01  0.12E+03  0.22E+02
       Cl  6 5   0.80E+00  0.19E+00  0.19E+01  0.12E+03  0.23E+02
       Cl  6 6   0.83E+00  0.20E+00  0.19E+01  0.12E+03  0.23E+02
       H   1 1   0.39E+02  0.19E+00  0.29E+00  0.78E+05  0.13E+02
       H   2 1   0.41E+02  0.21E+00  0.32E+00  0.82E+05  0.14E+02
       H   2 2   0.43E+02  0.22E+00  0.36E+00  0.86E+05  0.15E+02
     ------------------------------------------------------------

     alpha_pv=     34.3138 eV

     Number of occupied bands for each k-point:
     k-point:     1    nbnd_occ=  42
     k-point:     2    nbnd_occ=  42
     k-point:     3    nbnd_occ=  42
     k-point:     4    nbnd_occ=  42
     k-point:     5    nbnd_occ=  42
     k-point:     6    nbnd_occ=  42
     k-point:     7    nbnd_occ=  42
     k-point:     8    nbnd_occ=  42
     k-point:     9    nbnd_occ=  42
     k-point:    10    nbnd_occ=  42
     k-point:    11    nbnd_occ=  42
     k-point:    12    nbnd_occ=  42
     k-point:    13    nbnd_occ=  42
     k-point:    14    nbnd_occ=  42
     k-point:    15    nbnd_occ=  42
     k-point:    16    nbnd_occ=  42


     q-space interpolation up to   110.00 Rydberg

     GIPAW job: efg                                                                             


     ELECTRIC FIELD GRADIENTS TENSORS IN Hartree/bohrradius^2:

     ----- bare term -----
     Cl   1       -0.185350        0.277457       -0.016499
     Cl   1        0.277457       -0.022607        0.008779
     Cl   1       -0.016499        0.008779        0.207958

     C    2        0.078777       -0.033940       -0.211769
     C    2       -0.033940       -0.265965       -0.469486
     C    2       -0.211769       -0.469486        0.187188

     C    3       -0.422092        0.408147       -0.316094
     C    3        0.408147        0.177364       -0.033923
     C    3       -0.316094       -0.033923        0.244727

     H    4        0.117021       -0.052451       -0.205454
     H    4       -0.052451        0.397066       -0.280175
     H    4       -0.205454       -0.280175       -0.514088

     C    5       -0.061071       -0.282935       -0.482992
     C    5       -0.282935       -0.149102       -0.381878
     C    5       -0.482992       -0.381878        0.210173

     H    6        0.005849        0.185106        0.310551
     H    6        0.185106        0.021419       -0.408065
     H    6        0.310551       -0.408065       -0.027268

     H    7        0.223003        0.026039        0.206231
     H    7        0.026039       -0.201684        0.493502
     H    7        0.206231        0.493502       -0.021319

     C    8       -0.546535       -0.336866       -0.442318
     C    8       -0.336866        0.221654        0.297504
     C    8       -0.442318        0.297504        0.324881

     H    9       -0.431686        0.259433       -0.498542
     H    9        0.259433        0.263775        0.220353
     H    9       -0.498542        0.220353        0.167912

     C   10       -0.040994       -0.470108       -0.241584
     C   10       -0.470108       -0.262289        0.551671
     C   10       -0.241584        0.551671        0.303284

     C   11       -0.319876       -0.277552       -0.415087
     C   11       -0.277552        0.022572        0.435325
     C   11       -0.415087        0.435325        0.297304

     Cl  12        0.007262       -0.000141        0.016689
     Cl  12       -0.000141       -0.051506       -0.090017
     Cl  12        0.016689       -0.090017        0.044244

     H   13        0.383721       -0.078284        0.266492
     H   13       -0.078284       -0.018502       -0.258960
     H   13        0.266492       -0.258960       -0.365219

     C   14       -0.703504        0.343730       -0.409272
     C   14        0.343730        0.392811       -0.049947
     C   14       -0.409272       -0.049947        0.310693

     H   15        0.087012       -0.034691       -0.440691
     H   15       -0.034691        0.201979        0.261665
     H   15       -0.440691        0.261665       -0.288991

     C   16        0.077071        0.263471       -0.108213
     C   16        0.263471       -0.094473       -0.556995
     C   16       -0.108213       -0.556995        0.017402

     C   17       -0.478374        0.320588       -0.218805
     C   17        0.320588        0.102889       -0.371326
     C   17       -0.218805       -0.371326        0.375484

     Cl  18        0.029436       -0.018843        0.102438
     Cl  18       -0.018843       -0.063172        0.066657
     Cl  18        0.102438        0.066657        0.033736

     H   19        0.255446        0.441961        0.074330
     H   19        0.441961       -0.619622        0.104534
     H   19        0.074330        0.104534        0.364176

     C   20       -0.110507       -0.311372       -0.198184
     C   20       -0.311372       -0.201826        0.313347
     C   20       -0.198184        0.313347        0.312333

     H   21       -0.633103        0.321338       -0.202107
     H   21        0.321338        0.343874        0.116487
     H   21       -0.202107        0.116487        0.289229

     C   22       -0.359030       -0.349779       -0.338624
     C   22       -0.349779        0.007659        0.423888
     C   22       -0.338624        0.423888        0.351371

     C   23       -0.061938       -0.103938       -0.272344
     C   23       -0.103938       -0.116249        0.589170
     C   23       -0.272344        0.589170        0.178187

     Cl  24       -0.186806       -0.125391       -0.030910
     Cl  24       -0.125391       -0.008364       -0.126007
     Cl  24       -0.030910       -0.126007        0.195170

     ----- ionic term -----
     Cl   1        0.119923       -0.211783        0.054359
     Cl   1       -0.211783        0.013350       -0.028798
     Cl   1        0.054359       -0.028798       -0.133272

     C    2        0.094827       -0.289474        0.355447
     C    2       -0.289474       -0.027785        0.385688
     C    2        0.355447        0.385688       -0.067041

     C    3        0.102914       -0.345590        0.246565
     C    3       -0.345590        0.011746        0.353670
     C    3        0.246565        0.353670       -0.114660

     H    4        0.304205        0.160793        0.841347
     H    4        0.160793       -0.530486        0.224520
     H    4        0.841347        0.224520        0.226281

     C    5        0.212685       -0.320664        0.286132
     C    5       -0.320664       -0.064724        0.268383
     C    5        0.286132        0.268383       -0.147961

     H    6       -0.457194       -0.248744       -0.182778
     H    6       -0.248744        0.408911        0.743272
     H    6       -0.182778        0.743272        0.048283

     H    7       -0.510966        0.033500       -0.010756
     H    7        0.033500        0.553894       -0.743967
     H    7       -0.010756       -0.743967       -0.042928

     C    8        0.307370        0.211943        0.345380
     C    8        0.211943        0.036902       -0.285878
     C    8        0.345380       -0.285878       -0.344271

     H    9        0.663007       -0.516660        0.501467
     H    9       -0.516660       -0.252217       -0.248476
     H    9        0.501467       -0.248476       -0.410790

     C   10        0.178937        0.228097        0.191921
     C   10        0.228097        0.253615       -0.310759
     C   10        0.191921       -0.310759       -0.432552

     C   11        0.151436        0.250701        0.234433
     C   11        0.250701        0.234405       -0.299809
     C   11        0.234433       -0.299809       -0.385842

     Cl  12        0.116282        0.225550        0.042588
     Cl  12        0.225550        0.041825        0.018553
     Cl  12        0.042588        0.018553       -0.158108

     H   13       -0.524331       -0.056758       -0.008013
     H   13       -0.056758        0.393076        0.786681
     H   13       -0.008013        0.786681        0.131255

     C   14        0.230497       -0.268666        0.380344
     C   14       -0.268666       -0.131679        0.290711
     C   14        0.380344        0.290711       -0.098818

     H   15        0.418180        0.225207        0.758472
     H   15        0.225207       -0.465564        0.279197
     H   15        0.758472        0.279197        0.047384

     C   16        0.146526       -0.357934        0.204845
     C   16       -0.357934        0.030872        0.392784
     C   16        0.204845        0.392784       -0.177398

     C   17        0.162262       -0.286522        0.280706
     C   17       -0.286522       -0.052783        0.419379
     C   17        0.280706        0.419379       -0.109479

     Cl  18        0.202550       -0.225829        0.032910
     Cl  18       -0.225829       -0.071378       -0.016527
     Cl  18        0.032910       -0.016527       -0.131172

     H   19       -0.513247       -0.077446        0.057683
     H   19       -0.077446        0.641700       -0.687232
     H   19        0.057683       -0.687232       -0.128453

     C   20        0.211933        0.246346        0.275275
     C   20        0.246346        0.174281       -0.224070
     C   20        0.275275       -0.224070       -0.386214

     H   21        0.690668       -0.249278        0.631595
     H   21       -0.249278       -0.457705       -0.205771
     H   21        0.631595       -0.205771       -0.232963

     C   22        0.103768        0.269541        0.251037
     C   22        0.269541        0.290078       -0.332641
     C   22        0.251037       -0.332641       -0.393846

     C   23        0.195418        0.155697        0.374103
     C   23        0.155697        0.169197       -0.381298
     C   23        0.374103       -0.381298       -0.364615

     Cl  24        0.120293        0.232964        0.038684
     Cl  24        0.232964        0.056277        0.024832
     Cl  24        0.038684        0.024832       -0.176570

     ----- GIPAW term -----
     Cl   1       -1.164476       -0.807866       -0.452380
     Cl   1       -0.807866       -0.434743        1.842681
     Cl   1       -0.452380        1.842681        1.599220

     C    2       -0.078407       -0.068795       -0.003506
     C    2       -0.068795        0.129235        0.163731
     C    2       -0.003506        0.163731       -0.050828

     C    3       -0.052066       -0.031583       -0.106369
     C    3       -0.031583        0.023932        0.086367
     C    3       -0.106369        0.086367        0.028133

     H    4       -0.000000        0.000000        0.000000
     H    4        0.000000        0.000000        0.000000
     H    4        0.000000        0.000000        0.000000

     C    5        0.036607       -0.187047       -0.190630
     C    5       -0.187047       -0.061266        0.054051
     C    5       -0.190630        0.054051        0.024659

     H    6       -0.000000        0.000000        0.000000
     H    6        0.000000        0.000000        0.000000
     H    6        0.000000        0.000000        0.000000

     H    7       -0.000000        0.000000        0.000000
     H    7        0.000000        0.000000        0.000000
     H    7        0.000000        0.000000        0.000000

     C    8       -0.079557       -0.148504       -0.077219
     C    8       -0.148504        0.104222        0.051934
     C    8       -0.077219        0.051934       -0.024665

     H    9       -0.000000        0.000000        0.000000
     H    9        0.000000        0.000000        0.000000
     H    9        0.000000        0.000000        0.000000

     C   10       -0.007894       -0.168089       -0.133479
     C   10       -0.168089       -0.022425        0.173438
     C   10       -0.133479        0.173438        0.030319

     C   11       -0.092802       -0.035785       -0.116356
     C   11       -0.035785        0.096136        0.215342
     C   11       -0.116356        0.215342       -0.003334

     Cl  12        0.031749       -0.063322       -1.084571
     Cl  12       -0.063322        0.668121        1.696783
     Cl  12       -1.084571        1.696783       -0.699870

     H   13       -0.000000        0.000000        0.000000
     H   13        0.000000        0.000000        0.000000
     H   13        0.000000        0.000000        0.000000

     C   14       -0.107548        0.118113       -0.033323
     C   14        0.118113        0.169063        0.017123
     C   14       -0.033323        0.017123       -0.061515

     H   15       -0.000000        0.000000        0.000000
     H   15        0.000000        0.000000        0.000000
     H   15        0.000000        0.000000        0.000000

     C   16       -0.071815        0.092044       -0.039333
     C   16        0.092044        0.145312       -0.159813
     C   16       -0.039333       -0.159813       -0.073497

     C   17       -0.083542       -0.150639        0.009759
     C   17       -0.150639        0.179031       -0.121443
     C   17        0.009759       -0.121443       -0.095489

     Cl  18        1.845009       -1.823552        1.753680
     Cl  18       -1.823552       -1.080186        0.358457
     Cl  18        1.753680        0.358457       -0.764823

     H   19       -0.000000        0.000000        0.000000
     H   19        0.000000        0.000000        0.000000
     H   19        0.000000        0.000000        0.000000

     C   20        0.011203       -0.150484       -0.109357
     C   20       -0.150484       -0.015241        0.150862
     C   20       -0.109357        0.150862        0.004038

     H   21       -0.000000        0.000000        0.000000
     H   21        0.000000        0.000000        0.000000
     H   21        0.000000        0.000000        0.000000

     C   22       -0.092662       -0.135063       -0.119478
     C   22       -0.135063        0.091573        0.111949
     C   22       -0.119478        0.111949        0.001089

     C   23        0.047018        0.048932       -0.045142
     C   23        0.048932        0.071130        0.090760
     C   23       -0.045142        0.090760       -0.118148

     Cl  24        0.100569        1.713636       -0.237934
     Cl  24        1.713636        0.090313       -1.145982
     Cl  24       -0.237934       -1.145982       -0.190883

     ----- total EFG -----
     Cl   1       -1.229904       -0.742193       -0.414520
     Cl   1       -0.742193       -0.444001        1.822662
     Cl   1       -0.414520        1.822662        1.673905

     C    2        0.095197       -0.392209        0.140172
     C    2       -0.392209       -0.164515        0.079933
     C    2        0.140172        0.079933        0.069319

     C    3       -0.371243        0.030974       -0.175898
     C    3        0.030974        0.213042        0.406114
     C    3       -0.175898        0.406114        0.158201

     H    4        0.421226        0.108342        0.635892
     H    4        0.108342       -0.133419       -0.055655
     H    4        0.635892       -0.055655       -0.287807

     C    5        0.188220       -0.790647       -0.387490
     C    5       -0.790647       -0.275092       -0.059444
     C    5       -0.387490       -0.059444        0.086871

     H    6       -0.451345       -0.063639        0.127773
     H    6       -0.063639        0.430331        0.335207
     H    6        0.127773        0.335207        0.021014

     H    7       -0.287963        0.059540        0.195475
     H    7        0.059540        0.352210       -0.250465
     H    7        0.195475       -0.250465       -0.064247

     C    8       -0.318722       -0.273427       -0.174157
     C    8       -0.273427        0.362778        0.063561
     C    8       -0.174157        0.063561       -0.044055

     H    9        0.231321       -0.257227        0.002925
     H    9       -0.257227        0.011557       -0.028123
     H    9        0.002925       -0.028123       -0.242878

     C   10        0.130049       -0.410100       -0.183143
     C   10       -0.410100       -0.031100        0.414350
     C   10       -0.183143        0.414350       -0.098949

     C   11       -0.261242       -0.062636       -0.297009
     C   11       -0.062636        0.353113        0.350858
     C   11       -0.297009        0.350858       -0.091871

     Cl  12        0.155294        0.162087       -1.025294
     Cl  12        0.162087        0.658440        1.625319
     Cl  12       -1.025294        1.625319       -0.813734

     H   13       -0.140610       -0.135042        0.258479
     H   13       -0.135042        0.374574        0.527721
     H   13        0.258479        0.527721       -0.233964

     C   14       -0.580555        0.193177       -0.062251
     C   14        0.193177        0.430195        0.257887
     C   14       -0.062251        0.257887        0.150360

     H   15        0.505192        0.190516        0.317780
     H   15        0.190516       -0.263585        0.540862
     H   15        0.317780        0.540862       -0.241607

     C   16        0.151782       -0.002419        0.057299
     C   16       -0.002419        0.081712       -0.324024
     C   16        0.057299       -0.324024       -0.233493

     C   17       -0.399654       -0.116574        0.071660
     C   17       -0.116574        0.229137       -0.073390
     C   17        0.071660       -0.073390        0.170517

     Cl  18        2.076995       -2.068224        1.889027
     Cl  18       -2.068224       -1.214736        0.408587
     Cl  18        1.889027        0.408587       -0.862259

     H   19       -0.257801        0.364515        0.132014
     H   19        0.364515        0.022079       -0.582698
     H   19        0.132014       -0.582698        0.235722

     C   20        0.112630       -0.215511       -0.032267
     C   20       -0.215511       -0.042787        0.240139
     C   20       -0.032267        0.240139       -0.069843

     H   21        0.057565        0.072059        0.429488
     H   21        0.072059       -0.113831       -0.089283
     H   21        0.429488       -0.089283        0.056266

     C   22       -0.347924       -0.215300       -0.207065
     C   22       -0.215300        0.389310        0.203196
     C   22       -0.207065        0.203196       -0.041387

     C   23        0.180498        0.100691        0.056618
     C   23        0.100691        0.124079        0.298632
     C   23        0.056618        0.298632       -0.304576

     Cl  24        0.034057        1.821208       -0.230160
     Cl  24        1.821208        0.138226       -1.247156
     Cl  24       -0.230160       -1.247156       -0.172283

     ----- total EFG (symmetrized) -----
     Cl   1       -1.229904       -0.742193       -0.414520
     Cl   1       -0.742193       -0.444001        1.822662
     Cl   1       -0.414520        1.822662        1.673905

     C    2        0.095197       -0.392209        0.140172
     C    2       -0.392209       -0.164515        0.079933
     C    2        0.140172        0.079933        0.069319

     C    3       -0.371243        0.030974       -0.175898
     C    3        0.030974        0.213042        0.406114
     C    3       -0.175898        0.406114        0.158201

     H    4        0.421226        0.108342        0.635892
     H    4        0.108342       -0.133419       -0.055655
     H    4        0.635892       -0.055655       -0.287807

     C    5        0.188220       -0.790647       -0.387490
     C    5       -0.790647       -0.275092       -0.059444
     C    5       -0.387490       -0.059444        0.086871

     H    6       -0.451345       -0.063639        0.127773
     H    6       -0.063639        0.430331        0.335207
     H    6        0.127773        0.335207        0.021014

     H    7       -0.287963        0.059540        0.195475
     H    7        0.059540        0.352210       -0.250465
     H    7        0.195475       -0.250465       -0.064247

     C    8       -0.318722       -0.273427       -0.174157
     C    8       -0.273427        0.362778        0.063561
     C    8       -0.174157        0.063561       -0.044055

     H    9        0.231321       -0.257227        0.002925
     H    9       -0.257227        0.011557       -0.028123
     H    9        0.002925       -0.028123       -0.242878

     C   10        0.130049       -0.410100       -0.183143
     C   10       -0.410100       -0.031100        0.414350
     C   10       -0.183143        0.414350       -0.098949

     C   11       -0.261242       -0.062636       -0.297009
     C   11       -0.062636        0.353113        0.350858
     C   11       -0.297009        0.350858       -0.091871

     Cl  12        0.155294        0.162087       -1.025294
     Cl  12        0.162087        0.658440        1.625319
     Cl  12       -1.025294        1.625319       -0.813734

     H   13       -0.140610       -0.135042        0.258479
     H   13       -0.135042        0.374574        0.527721
     H   13        0.258479        0.527721       -0.233964

     C   14       -0.580555        0.193177       -0.062251
     C   14        0.193177        0.430195        0.257887
     C   14       -0.062251        0.257887        0.150360

     H   15        0.505192        0.190516        0.317780
     H   15        0.190516       -0.263585        0.540862
     H   15        0.317780        0.540862       -0.241607

     C   16        0.151782       -0.002419        0.057299
     C   16       -0.002419        0.081712       -0.324024
     C   16        0.057299       -0.324024       -0.233493

     C   17       -0.399654       -0.116574        0.071660
     C   17       -0.116574        0.229137       -0.073390
     C   17        0.071660       -0.073390        0.170517

     Cl  18        2.076995       -2.068224        1.889027
     Cl  18       -2.068224       -1.214736        0.408587
     Cl  18        1.889027        0.408587       -0.862259

     H   19       -0.257801        0.364515        0.132014
     H   19        0.364515        0.022079       -0.582698
     H   19        0.132014       -0.582698        0.235722

     C   20        0.112630       -0.215511       -0.032267
     C   20       -0.215511       -0.042787        0.240139
     C   20       -0.032267        0.240139       -0.069843

     H   21        0.057565        0.072059        0.429488
     H   21        0.072059       -0.113831       -0.089283
     H   21        0.429488       -0.089283        0.056266

     C   22       -0.347924       -0.215300       -0.207065
     C   22       -0.215300        0.389310        0.203196
     C   22       -0.207065        0.203196       -0.041387

     C   23        0.180498        0.100691        0.056618
     C   23        0.100691        0.124079        0.298632
     C   23        0.056618        0.298632       -0.304576

     Cl  24        0.034057        1.821208       -0.230160
     Cl  24        1.821208        0.138226       -1.247156
     Cl  24       -0.230160       -1.247156       -0.172283


     NQR/NMR SPECTROSCOPIC PARAMETERS:
     Cl   1    Vxx=   -0.9925    axis=(  0.745551 -0.490492  0.451190)
     Cl   1    Vyy=   -1.8621    axis=( -0.642339 -0.709307  0.290316)
     Cl   1    Vzz=    2.8546    axis=( -0.177635  0.506262  0.843887)
     Cl   1  Q=        -8.1650 1e-30 m^2  Cq=       -54.7642 MHz  eta= 0.30465

     C    2    Vxx=    0.0935    axis=( -0.029386  0.336285  0.941302)
     C    2    Vyy=    0.3934    axis=(  0.812810 -0.540071  0.218318)
     C    2    Vzz=   -0.4869    axis=(  0.581787  0.771515 -0.257466)
     C    2  Q=         1.0000 1e-30 m^2  Cq=        -1.1441 MHz  eta= 0.61598

     C    3    Vxx=   -0.1325    axis=( -0.509624 -0.635728  0.579770)
     C    3    Vyy=   -0.4702    axis=( -0.854281  0.293667 -0.428910)
     C    3    Vzz=    0.6027    axis=(  0.102410 -0.713869 -0.692750)
     C    3  Q=         1.0000 1e-30 m^2  Cq=         1.4161 MHz  eta= 0.56033

     H    4    Vxx=   -0.1186    axis=(  0.033724  0.980101 -0.195616)
     H    4    Vyy=   -0.6808    axis=( -0.504740  0.185635  0.843076)
     H    4    Vzz=    0.7993    axis=(  0.862613  0.070304  0.500956)
     H    4  Q=         1.0000 1e-30 m^2  Cq=         1.8781 MHz  eta= 0.70330

     C    5    Vxx=    0.0655    axis=( -0.114523  0.422793 -0.898961)
     C    5    Vyy=    0.8810    axis=(  0.783354 -0.518071 -0.343451)
     C    5    Vzz=   -0.9465    axis=(  0.610935  0.743537  0.271866)
     C    5  Q=         1.0000 1e-30 m^2  Cq=        -2.2238 MHz  eta= 0.86167

     H    6    Vxx=   -0.1079    axis=(  0.383330 -0.455188  0.803655)
     H    6    Vyy=   -0.5106    axis=(  0.923587  0.182574 -0.337126)
     H    6    Vzz=    0.6185    axis=(  0.006729  0.871476  0.490392)
     H    6  Q=         1.0000 1e-30 m^2  Cq=         1.4531 MHz  eta= 0.65107

     H    7    Vxx=   -0.0264    axis=(  0.608788  0.368915  0.702338)
     H    7    Vyy=   -0.4445    axis=(  0.792232 -0.236089 -0.562699)
     H    7    Vzz=    0.4709    axis=(  0.041774 -0.898979  0.435995)
     H    7  Q=         1.0000 1e-30 m^2  Cq=         1.1065 MHz  eta= 0.88801

     C    8    Vxx=   -0.0209    axis=( -0.239512 -0.322414  0.915797)
     C    8    Vyy=   -0.4653    axis=( -0.902965 -0.272645 -0.332143)
     C    8    Vzz=    0.4862    axis=(  0.356775 -0.906484 -0.225826)
     C    8  Q=         1.0000 1e-30 m^2  Cq=         1.1424 MHz  eta= 0.91410

     H    9    Vxx=   -0.1530    axis=(  0.541900  0.806964 -0.234849)
     H    9    Vyy=   -0.2487    axis=(  0.107083  0.210863  0.971633)
     H    9    Vzz=    0.4017    axis=(  0.833593 -0.551676  0.027854)
     H    9  Q=         1.0000 1e-30 m^2  Cq=         0.9437 MHz  eta= 0.23818

     C   10    Vxx=   -0.1604    axis=(  0.726724  0.224894  0.649072)
     C   10    Vyy=   -0.5264    axis=( -0.300161 -0.745947  0.594531)
     C   10    Vzz=    0.6868    axis=( -0.617880  0.626886  0.474593)
     C   10  Q=         1.0000 1e-30 m^2  Cq=         1.6137 MHz  eta= 0.53280

     C   11    Vxx=   -0.0738    axis=(  0.660823  0.532065 -0.529358)
     C   11    Vyy=   -0.5216    axis=( -0.710863  0.217406 -0.668886)
     C   11    Vzz=    0.5953    axis=( -0.240806  0.818316  0.521892)
     C   11  Q=         1.0000 1e-30 m^2  Cq=         1.3987 MHz  eta= 0.75222

     Cl  12    Vxx=    0.4150    axis=(  0.884100  0.441113 -0.154230)
     Cl  12    Vyy=    1.8296    axis=(  0.280714 -0.765193 -0.579378)
     Cl  12    Vzz=   -2.2446    axis=( -0.373587  0.468933 -0.800334)
     Cl  12  Q=        -8.1650 1e-30 m^2  Cq=        43.0623 MHz  eta= 0.63021

     H   13    Vxx=    0.0130    axis=(  0.884190 -0.247753  0.396014)
     H   13    Vyy=    0.6797    axis=( -0.016484 -0.863783 -0.503594)
     H   13    Vzz=   -0.6927    axis=(  0.466837  0.438745 -0.767832)
     H   13  Q=         1.0000 1e-30 m^2  Cq=        -1.6275 MHz  eta= 0.96247

     C   14    Vxx=    0.0328    axis=( -0.229093 -0.449062  0.863632)
     C   14    Vyy=    0.5994    axis=( -0.116679 -0.868162 -0.482369)
     C   14    Vzz=   -0.6322    axis=(  0.966386 -0.211275  0.146494)
     C   14  Q=         1.0000 1e-30 m^2  Cq=        -1.4855 MHz  eta= 0.89630

     H   15    Vxx=    0.0237    axis=(  0.590808 -0.607562 -0.530862)
     H   15    Vyy=    0.7761    axis=( -0.803540 -0.383893 -0.454918)
     H   15    Vzz=   -0.7999    axis=( -0.072597 -0.695338  0.715007)
     H   15  Q=         1.0000 1e-30 m^2  Cq=        -1.8793 MHz  eta= 0.94065

     C   16    Vxx=    0.1479    axis=(  0.969906  0.237030 -0.055662)
     C   16    Vyy=    0.2921    axis=( -0.230010  0.817012 -0.528760)
     C   16    Vzz=   -0.4400    axis=( -0.079855  0.525650  0.846945)
     C   16  Q=         1.0000 1e-30 m^2  Cq=        -1.0338 MHz  eta= 0.32772

     C   17    Vxx=    0.1209    axis=( -0.009474  0.554022  0.832448)
     C   17    Vyy=    0.3054    axis=( -0.190403  0.816255 -0.545412)
     C   17    Vzz=   -0.4262    axis=( -0.981660 -0.163667  0.097754)
     C   17  Q=         1.0000 1e-30 m^2  Cq=        -1.0015 MHz  eta= 0.43289

     Cl  18    Vxx=   -0.6106    axis=( -0.038258  0.646343  0.762087)
     Cl  18    Vyy=   -3.0113    axis=(  0.481630  0.680142 -0.552665)
     Cl  18    Vzz=    3.6219    axis=(  0.875539 -0.345900  0.337319)
     Cl  18  Q=        -8.1650 1e-30 m^2  Cq=       -69.4839 MHz  eta= 0.66285

     H   19    Vxx=    0.0029    axis=(  0.779768  0.376524  0.500192)
     H   19    Vyy=    0.7409    axis=( -0.146766 -0.666742  0.730694)
     H   19    Vzz=   -0.7438    axis=(  0.608623 -0.643183 -0.464643)
     H   19  Q=         1.0000 1e-30 m^2  Cq=        -1.7476 MHz  eta= 0.99222

     C   20    Vxx=   -0.0041    axis=( -0.692937 -0.275538 -0.666271)
     C   20    Vyy=   -0.3368    axis=( -0.303988 -0.726292  0.616515)
     C   20    Vzz=    0.3409    axis=( -0.653781  0.629745  0.419515)
     C   20  Q=         1.0000 1e-30 m^2  Cq=         0.8010 MHz  eta= 0.97600

     H   21    Vxx=   -0.0709    axis=( -0.264286 -0.935132  0.235970)
     H   21    Vyy=   -0.4157    axis=(  0.657535 -0.353698 -0.665241)
     H   21    Vzz=    0.4867    axis=(  0.705550 -0.020655  0.708359)
     H   21  Q=         1.0000 1e-30 m^2  Cq=         1.1434 MHz  eta= 0.70847

     C   22    Vxx=   -0.0898    axis=( -0.272576 -0.476885  0.835633)
     C   22    Vyy=   -0.4666    axis=( -0.914911 -0.140286 -0.378495)
     C   22    Vzz=    0.5564    axis=(  0.297726 -0.867699 -0.398068)
     C   22  Q=         1.0000 1e-30 m^2  Cq=         1.3073 MHz  eta= 0.67720

     C   23    Vxx=    0.1038    axis=(  0.832654 -0.495645 -0.247031)
     C   23    Vyy=    0.3541    axis=(  0.553749  0.739450  0.382852)
     C   23    Vzz=   -0.4579    axis=( -0.007092 -0.455576  0.890169)
     C   23  Q=         1.0000 1e-30 m^2  Cq=        -1.0758 MHz  eta= 0.54675

     Cl  24    Vxx=   -0.3210    axis=(  0.566062 -0.006175  0.824340)
     Cl  24    Vyy=   -2.0470    axis=( -0.577478  0.710648  0.401869)
     Cl  24    Vzz=    2.3680    axis=( -0.588297 -0.703521  0.398704)
     Cl  24  Q=        -8.1650 1e-30 m^2  Cq=       -45.4280 MHz  eta= 0.72889

     Initialization:
     gipaw_setup  :      8.98s CPU     11.17s WALL (       1 calls)

     Linear response

     Apply operators

     Induced current

     Other routines
     efg          :      9.26s CPU     11.37s WALL (       1 calls)

     General routines
     calbec       :      3.12s CPU      3.96s WALL (      16 calls)
     fft          :      2.13s CPU      4.15s WALL (      15 calls)
     ffts         :      0.04s CPU      0.04s WALL (       2 calls)
     fftw         :      3.20s CPU      3.83s WALL (     672 calls)
     davcio       :      0.04s CPU      0.34s WALL (      32 calls)

     Parallel routines
     fft_scatter  :      2.68s CPU      5.06s WALL (     689 calls)

     Plugins

     GIPAW        :     61.08s CPU     73.99s WALL (       1 calls)
