
     Program QE v.6.0 (svn rev. 13079) starts on 14Jan2017 at  4:12:16 

     This program is part of the open-source Quantum ESPRESSO suite
     for quantum simulation of materials; please cite
         "P. Giannozzi et al., J. Phys.:Condens. Matter 21 395502 (2009);
          URL http://www.quantum-espresso.org", 
     in publications or presentations arising from this work. More details at
     http://www.quantum-espresso.org/quote

     Parallel version (MPI), running on     8 processors
     R & G space division:  proc/nbgrp/npool/nimage =       8

     ***** This is GIPAW svn revision unknown      *****

     Parallelizing q-star over 1 images

     Reading data from directory:
     /users/majewski/paradichlorobenzene/pbe/9_constraint/scratch/pbe.ecut100.np8.dt60.pcl2phi-129368.save
     Message from routine read_xml_file:
     file /users/majewski/paradichlorobenzene/pbe/9_constraint/scratch/pbe.ecut100.np8.dt60.pcl2phi-129368.save not guaranteed to be safe for post-processing

   Info: using nr1, nr2, nr3 values from input

   Info: using nr1, nr2, nr3 values from input

     IMPORTANT: XC functional enforced from input :
     Exchange-correlation      =  SLA  PW   PBX  PBC ( 1  4  3  4 0 0)
     Any further DFT definition will be discarded
     Please, verify this is what you really want

               file C.pbe-n-kjpaw_psl.1.0.0.UPF: wavefunction(s)  2S 2P renormalized
               file Cl.pbe-n-kjpaw_psl.1.0.0.UPF: wavefunction(s)  3S 3P renormalized
               file H.pbe-kjpaw_psl.1.0.0.UPF: wavefunction(s)  1S renormalized

     Parallelization info
     --------------------
     sticks:   dense  smooth     PW     G-vecs:    dense   smooth      PW
     Min        3057    1223    332               144436    36536    5170
     Max        3059    1225    333               144437    36537    5171
     Sum       24467    9791   2657              1155489   292295   41363


     Subspace diagonalization in iterative solution of the eigenvalue problem:
     a serial algorithm will be used

     GIPAW projectors -----------------------------------------------
     atom=  C    l=0  rc=    1.2000  rs=    0.8000
     atom=  C    l=0  rc=    1.2000  rs=    0.8000
     atom=  C    l=1  rc=    1.4000  rs=    0.9333
     atom=  C    l=1  rc=    1.4000  rs=    0.9333
     projs nearly linearly dependent: l=1  n1,n2= 1, 2  s=  0.99951561

     atom=  Cl   l=0  rc=    1.6000  rs=    1.0667
     atom=  Cl   l=0  rc=    1.6000  rs=    1.0667
     atom=  Cl   l=1  rc=    1.6000  rs=    1.0667
     atom=  Cl   l=1  rc=    1.6000  rs=    1.0667
     atom=  Cl   l=2  rc=    1.6000  rs=    1.0667
     atom=  Cl   l=2  rc=    1.6000  rs=    1.0667
     projs nearly linearly dependent: l=2  n1,n2= 1, 2  s=  0.99993509

     atom=  H    l=0  rc=    1.0000  rs=    0.6667
     atom=  H    l=0  rc=    1.0000  rs=    0.6667
     projs nearly linearly dependent: l=0  n1,n2= 1, 2  s=  0.99968852
     -----------------------------------------------------------------

     GIPAW integrals: -------------------------------------------
     Atom  i/j   nmr_para   nmr_dia   epr_rmc  epr_para   epr_dia
       C   1 1   0.83E+03  0.17E-01  0.93E+01  0.24E+08  0.24E+03
       C   2 1   0.86E+03 -0.61E-01  0.94E+01  0.25E+08  0.25E+03
       C   2 2   0.90E+03 -0.15E+00  0.97E+01  0.26E+08  0.26E+03
       C   3 3   0.33E+01  0.34E+00  0.18E+01  0.55E+03  0.21E+02
       C   4 3   0.35E+01  0.37E+00  0.20E+01  0.59E+03  0.22E+02
       C   4 4   0.38E+01  0.39E+00  0.22E+01  0.63E+03  0.24E+02
       Cl  1 1   0.14E+04 -0.47E+00  0.84E+01  0.32E+09  0.42E+03
       Cl  2 1   0.21E+04 -0.37E+00  0.12E+02  0.49E+09  0.65E+03
       Cl  2 2   0.33E+04 -0.16E+00  0.21E+02  0.76E+09  0.10E+04
       Cl  3 3   0.21E+02  0.79E-01  0.89E+01  0.23E+05  0.13E+03
       Cl  4 3   0.24E+02  0.67E-01  0.99E+01  0.27E+05  0.15E+03
       Cl  4 4   0.28E+02  0.44E-01  0.11E+02  0.32E+05  0.18E+03
       Cl  5 5   0.77E+00  0.19E+00  0.18E+01  0.12E+03  0.22E+02
       Cl  6 5   0.80E+00  0.19E+00  0.19E+01  0.12E+03  0.23E+02
       Cl  6 6   0.83E+00  0.20E+00  0.19E+01  0.12E+03  0.23E+02
       H   1 1   0.39E+02  0.19E+00  0.29E+00  0.78E+05  0.13E+02
       H   2 1   0.41E+02  0.21E+00  0.32E+00  0.82E+05  0.14E+02
       H   2 2   0.43E+02  0.22E+00  0.36E+00  0.86E+05  0.15E+02
     ------------------------------------------------------------

     alpha_pv=     34.3578 eV

     Number of occupied bands for each k-point:
     k-point:     1    nbnd_occ=  42
     k-point:     2    nbnd_occ=  42
     k-point:     3    nbnd_occ=  42
     k-point:     4    nbnd_occ=  42
     k-point:     5    nbnd_occ=  42
     k-point:     6    nbnd_occ=  42
     k-point:     7    nbnd_occ=  42
     k-point:     8    nbnd_occ=  42
     k-point:     9    nbnd_occ=  42
     k-point:    10    nbnd_occ=  42
     k-point:    11    nbnd_occ=  42
     k-point:    12    nbnd_occ=  42
     k-point:    13    nbnd_occ=  42
     k-point:    14    nbnd_occ=  42
     k-point:    15    nbnd_occ=  42
     k-point:    16    nbnd_occ=  42


     q-space interpolation up to   110.00 Rydberg

     GIPAW job: efg                                                                             


     ELECTRIC FIELD GRADIENTS TENSORS IN Hartree/bohrradius^2:

     ----- bare term -----
     Cl   1       -0.001351        0.104974        0.001636
     Cl   1        0.104974        0.061226        0.017771
     Cl   1        0.001636        0.017771       -0.059874

     C    2       -0.078244        0.129046       -0.225441
     C    2        0.129046       -0.380454       -0.463815
     C    2       -0.225441       -0.463815        0.458698

     C    3       -0.230441        0.382756       -0.299302
     C    3        0.382756       -0.228548       -0.401687
     C    3       -0.299302       -0.401687        0.458989

     H    4       -0.069517       -0.150466       -0.375217
     H    4       -0.150466        0.476058       -0.193813
     H    4       -0.375217       -0.193813       -0.406540

     C    5       -0.574844        0.140525       -0.335759
     C    5        0.140525        0.083078       -0.228508
     C    5       -0.335759       -0.228508        0.491765

     H    6       -0.158372        0.222227       -0.088090
     H    6        0.222227       -0.207366       -0.439987
     H    6       -0.088090       -0.439987        0.365738

     H    7        0.317148        0.160224       -0.110914
     H    7        0.160224       -0.441673        0.509725
     H    7       -0.110914        0.509725        0.124525

     C    8       -0.346144       -0.204528       -0.357066
     C    8       -0.204528       -0.078576        0.416875
     C    8       -0.357066        0.416875        0.424720

     H    9       -0.498066        0.277863       -0.389416
     H    9        0.277863        0.296867        0.174968
     H    9       -0.389416        0.174968        0.201199

     C   10       -0.201735       -0.398693       -0.308957
     C   10       -0.398693       -0.250562        0.433126
     C   10       -0.308957        0.433126        0.452297

     C   11       -0.096366        0.043799       -0.441381
     C   11        0.043799       -0.159674        0.527800
     C   11       -0.441381        0.527800        0.256040

     Cl  12       -0.079752       -0.072400       -0.017124
     Cl  12       -0.072400        0.030656        0.012270
     Cl  12       -0.017124        0.012270        0.049097

     H   13        0.142303        0.276206        0.039108
     H   13        0.276206       -0.426175       -0.431261
     H   13        0.039108       -0.431261        0.283872

     C   14       -0.122871       -0.195908       -0.468566
     C   14       -0.195908       -0.072441       -0.492945
     C   14       -0.468566       -0.492945        0.195312

     H   15        0.087747       -0.096025       -0.298456
     H   15       -0.096025        0.230297       -0.510311
     H   15       -0.298456       -0.510311       -0.318044

     C   16       -0.607440        0.340532       -0.404431
     C   16        0.340532        0.105182       -0.002164
     C   16       -0.404431       -0.002164        0.502258

     C   17        0.013810        0.110344       -0.152224
     C   17        0.110344       -0.551218       -0.315768
     C   17       -0.152224       -0.315768        0.537409

     Cl  18       -0.038854        0.116727       -0.024716
     Cl  18        0.116727        0.023494       -0.023746
     Cl  18       -0.024716       -0.023746        0.015360

     H   19        0.415370        0.019641        0.234433
     H   19        0.019641       -0.013310        0.389975
     H   19        0.234433        0.389975       -0.402060

     C   20       -0.364912       -0.267253       -0.322936
     C   20       -0.267253       -0.100393        0.430019
     C   20       -0.322936        0.430019        0.465305

     H   21       -0.316116        0.161852       -0.549784
     H   21        0.161852        0.344307        0.155016
     H   21       -0.549784        0.155016       -0.028191

     C   22       -0.180653       -0.195194       -0.259593
     C   22       -0.195194       -0.147878        0.619634
     C   22       -0.259593        0.619634        0.328531

     C   23       -0.258900       -0.177457       -0.315492
     C   23       -0.177457       -0.104053        0.473311
     C   23       -0.315492        0.473311        0.362953

     Cl  24       -0.019551        0.052621       -0.038931
     Cl  24        0.052621        0.052950        0.075572
     Cl  24       -0.038931        0.075572       -0.033399

     ----- ionic term -----
     Cl   1        0.127688       -0.227639        0.091516
     Cl   1       -0.227639        0.015841       -0.049971
     Cl   1        0.091516       -0.049971       -0.143529

     C    2        0.048029       -0.206853        0.371831
     C    2       -0.206853        0.210531        0.404486
     C    2        0.371831        0.404486       -0.258560

     C    3        0.073350       -0.277978        0.286408
     C    3       -0.277978        0.208753        0.363124
     C    3        0.286408        0.363124       -0.282102

     H    4        0.364823        0.269546        0.782053
     H    4        0.269546       -0.415499        0.294959
     H    4        0.782053        0.294959        0.050676

     C    5        0.234263       -0.253492        0.343479
     C    5       -0.253492        0.025057        0.260084
     C    5        0.343479        0.260084       -0.259320

     H    6       -0.461414       -0.221235       -0.114205
     H    6       -0.221235        0.579918        0.692495
     H    6       -0.114205        0.692495       -0.118504

     H    7       -0.502901       -0.152768        0.116999
     H    7       -0.152768        0.651429       -0.703119
     H    7        0.116999       -0.703119       -0.148527

     C    8        0.251085        0.231065        0.332148
     C    8        0.231065        0.075897       -0.258055
     C    8        0.332148       -0.258055       -0.326981

     H    9        0.771149       -0.396374        0.504086
     H    9       -0.396374       -0.392858       -0.224482
     H    9        0.504086       -0.224482       -0.378291

     C   10        0.155369        0.273965        0.183508
     C   10        0.273965        0.184676       -0.359103
     C   10        0.183508       -0.359103       -0.340045

     C   11        0.163022        0.209710        0.292284
     C   11        0.209710        0.049679       -0.428792
     C   11        0.292284       -0.428792       -0.212702

     Cl  12        0.151403        0.217746       -0.000146
     Cl  12        0.217746       -0.008043       -0.006246
     Cl  12       -0.000146       -0.006246       -0.143360

     H   13       -0.523584       -0.020482        0.014458
     H   13       -0.020482        0.696912        0.676989
     H   13        0.014458        0.676989       -0.173328

     C   14        0.205351       -0.156145        0.391908
     C   14       -0.156145        0.038790        0.277911
     C   14        0.391908        0.277911       -0.244142

     H   15        0.361444        0.366116        0.749080
     H   15        0.366116       -0.360638        0.340256
     H   15        0.749080        0.340256       -0.000806

     C   16        0.114155       -0.223265        0.283107
     C   16       -0.223265        0.158946        0.325716
     C   16        0.283107        0.325716       -0.273101

     C   17        0.145250       -0.209016        0.332382
     C   17       -0.209016        0.116884        0.365886
     C   17        0.332382        0.365886       -0.262135

     Cl  18        0.151560       -0.208324        0.056176
     Cl  18       -0.208324       -0.011892       -0.027082
     Cl  18        0.056176       -0.027082       -0.139668

     H   19       -0.515405        0.061938       -0.038633
     H   19        0.061938        0.384365       -0.790613
     H   19       -0.038633       -0.790613        0.131040

     C   20        0.199123        0.211011        0.288106
     C   20        0.211011       -0.025618       -0.324253
     C   20        0.288106       -0.324253       -0.173505

     H   21        0.545686       -0.396383        0.680401
     H   21       -0.396383       -0.384380       -0.310480
     H   21        0.680401       -0.310480       -0.161306

     C   22        0.089938        0.203861        0.193490
     C   22        0.203861        0.172913       -0.420990
     C   22        0.193490       -0.420990       -0.262851

     C   23        0.160566        0.220854        0.280365
     C   23        0.220854        0.102250       -0.397384
     C   23        0.280365       -0.397384       -0.262816

     Cl  24        0.117334        0.223968        0.014794
     Cl  24        0.223968        0.022842        0.002207
     Cl  24        0.014794        0.002207       -0.140176

     ----- GIPAW term -----
     Cl   1       -0.794890       -0.961934       -0.303790
     Cl   1       -0.961934       -1.252832       -0.367547
     Cl   1       -0.303790       -0.367547        2.047722

     C    2        0.006554       -0.091798        0.008610
     C    2       -0.091798       -0.123039       -0.026782
     C    2        0.008610       -0.026782        0.116486

     C    3       -0.038141        0.053383       -0.126405
     C    3        0.053383       -0.065511       -0.051128
     C    3       -0.126405       -0.051128        0.103652

     H    4       -0.000000        0.000000        0.000000
     H    4        0.000000        0.000000        0.000000
     H    4        0.000000        0.000000        0.000000

     C    5       -0.068353        0.053687        0.091641
     C    5        0.053687       -0.057746        0.033532
     C    5        0.091641        0.033532        0.126099

     H    6       -0.000000        0.000000        0.000000
     H    6        0.000000        0.000000        0.000000
     H    6        0.000000        0.000000        0.000000

     H    7       -0.000000        0.000000        0.000000
     H    7        0.000000        0.000000        0.000000
     H    7        0.000000        0.000000        0.000000

     C    8       -0.037042       -0.028712       -0.058131
     C    8       -0.028712       -0.032271        0.089108
     C    8       -0.058131        0.089108        0.069314

     H    9       -0.000000        0.000000        0.000000
     H    9        0.000000        0.000000        0.000000
     H    9        0.000000        0.000000        0.000000

     C   10       -0.039213       -0.077314       -0.143043
     C   10       -0.077314       -0.078160        0.084646
     C   10       -0.143043        0.084646        0.117372

     C   11        0.084637        0.148612       -0.107356
     C   11        0.148612       -0.034340        0.084469
     C   11       -0.107356        0.084469       -0.050297

     Cl  12        1.059699        2.103817       -0.158577
     Cl  12        2.103817        0.364463        0.073832
     Cl  12       -0.158577        0.073832       -1.424162

     H   13       -0.000000        0.000000        0.000000
     H   13        0.000000        0.000000        0.000000
     H   13        0.000000        0.000000        0.000000

     C   14        0.137464       -0.167488       -0.071147
     C   14       -0.167488       -0.062591       -0.098715
     C   14       -0.071147       -0.098715       -0.074873

     H   15       -0.000000        0.000000        0.000000
     H   15        0.000000        0.000000        0.000000
     H   15        0.000000        0.000000        0.000000

     C   16       -0.194141       -0.024341       -0.152657
     C   16       -0.024341        0.014653        0.171928
     C   16       -0.152657        0.171928        0.179488

     C   17       -0.076079       -0.055636        0.025012
     C   17       -0.055636       -0.159616        0.112353
     C   17        0.025012        0.112353        0.235696

     Cl  18       -0.773798       -0.876449        0.571125
     Cl  18       -0.876449       -1.143031        0.952055
     Cl  18        0.571125        0.952055        1.916829

     H   19       -0.000000        0.000000        0.000000
     H   19        0.000000        0.000000        0.000000
     H   19        0.000000        0.000000        0.000000

     C   20       -0.072563       -0.050368       -0.066593
     C   20       -0.050368       -0.063429        0.122902
     C   20       -0.066593        0.122902        0.135992

     H   21       -0.000000        0.000000        0.000000
     H   21        0.000000        0.000000        0.000000
     H   21        0.000000        0.000000        0.000000

     C   22       -0.112275       -0.010323       -0.057986
     C   22       -0.010323        0.046056        0.196279
     C   22       -0.057986        0.196279        0.066219

     C   23        0.006198        0.114586       -0.040707
     C   23        0.114586        0.020122        0.112720
     C   23       -0.040707        0.112720       -0.026319

     Cl  24        1.068678        2.445302       -0.222463
     Cl  24        2.445302        0.585434        0.669752
     Cl  24       -0.222463        0.669752       -1.654113

     ----- total EFG -----
     Cl   1       -0.668553       -1.084599       -0.210638
     Cl   1       -1.084599       -1.175766       -0.399747
     Cl   1       -0.210638       -0.399747        1.844319

     C    2       -0.023662       -0.169605        0.155000
     C    2       -0.169605       -0.292962       -0.086112
     C    2        0.155000       -0.086112        0.316624

     C    3       -0.195232        0.158160       -0.139299
     C    3        0.158160       -0.085306       -0.089691
     C    3       -0.139299       -0.089691        0.280538

     H    4        0.295305        0.119080        0.406836
     H    4        0.119080        0.060559        0.101146
     H    4        0.406836        0.101146       -0.355864

     C    5       -0.408934       -0.059280        0.099361
     C    5       -0.059280        0.050389        0.065107
     C    5        0.099361        0.065107        0.358545

     H    6       -0.619786        0.000992       -0.202295
     H    6        0.000992        0.372552        0.252508
     H    6       -0.202295        0.252508        0.247234

     H    7       -0.185753        0.007456        0.006086
     H    7        0.007456        0.209755       -0.193394
     H    7        0.006086       -0.193394       -0.024002

     C    8       -0.132102       -0.002175       -0.083049
     C    8       -0.002175       -0.034951        0.247929
     C    8       -0.083049        0.247929        0.167053

     H    9        0.273083       -0.118512        0.114670
     H    9       -0.118512       -0.095992       -0.049513
     H    9        0.114670       -0.049513       -0.177092

     C   10       -0.085578       -0.202042       -0.268493
     C   10       -0.202042       -0.144046        0.158668
     C   10       -0.268493        0.158668        0.229624

     C   11        0.151293        0.402122       -0.256454
     C   11        0.402122       -0.144334        0.183477
     C   11       -0.256454        0.183477       -0.006958

     Cl  12        1.131349        2.249163       -0.175847
     Cl  12        2.249163        0.387076        0.079857
     Cl  12       -0.175847        0.079857       -1.518425

     H   13       -0.381281        0.255724        0.053566
     H   13        0.255724        0.270737        0.245728
     H   13        0.053566        0.245728        0.110543

     C   14        0.219944       -0.519541       -0.147806
     C   14       -0.519541       -0.096242       -0.313748
     C   14       -0.147806       -0.313748       -0.123703

     H   15        0.449191        0.270092        0.450624
     H   15        0.270092       -0.130340       -0.170055
     H   15        0.450624       -0.170055       -0.318851

     C   16       -0.687426        0.092926       -0.273980
     C   16        0.092926        0.278781        0.495480
     C   16       -0.273980        0.495480        0.408645

     C   17        0.082981       -0.154308        0.205170
     C   17       -0.154308       -0.593950        0.162471
     C   17        0.205170        0.162471        0.510970

     Cl  18       -0.661092       -0.968047        0.602586
     Cl  18       -0.968047       -1.131429        0.901228
     Cl  18        0.602586        0.901228        1.792521

     H   19       -0.100036        0.081579        0.195800
     H   19        0.081579        0.371056       -0.400638
     H   19        0.195800       -0.400638       -0.271020

     C   20       -0.238352       -0.106610       -0.101423
     C   20       -0.106610       -0.189440        0.228668
     C   20       -0.101423        0.228668        0.427793

     H   21        0.229570       -0.234531        0.130617
     H   21       -0.234531       -0.040073       -0.155464
     H   21        0.130617       -0.155464       -0.189497

     C   22       -0.202989       -0.001657       -0.124089
     C   22       -0.001657        0.071091        0.394923
     C   22       -0.124089        0.394923        0.131898

     C   23       -0.092136        0.157982       -0.075835
     C   23        0.157982        0.018319        0.188647
     C   23       -0.075835        0.188647        0.073817

     Cl  24        1.166461        2.721891       -0.246599
     Cl  24        2.721891        0.661227        0.747531
     Cl  24       -0.246599        0.747531       -1.827688

     ----- total EFG (symmetrized) -----
     Cl   1       -0.668553       -1.084599       -0.210638
     Cl   1       -1.084599       -1.175766       -0.399747
     Cl   1       -0.210638       -0.399747        1.844319

     C    2       -0.023662       -0.169605        0.155000
     C    2       -0.169605       -0.292962       -0.086112
     C    2        0.155000       -0.086112        0.316624

     C    3       -0.195232        0.158160       -0.139299
     C    3        0.158160       -0.085306       -0.089691
     C    3       -0.139299       -0.089691        0.280538

     H    4        0.295305        0.119080        0.406836
     H    4        0.119080        0.060559        0.101146
     H    4        0.406836        0.101146       -0.355864

     C    5       -0.408934       -0.059280        0.099361
     C    5       -0.059280        0.050389        0.065107
     C    5        0.099361        0.065107        0.358545

     H    6       -0.619786        0.000992       -0.202295
     H    6        0.000992        0.372552        0.252508
     H    6       -0.202295        0.252508        0.247234

     H    7       -0.185753        0.007456        0.006086
     H    7        0.007456        0.209755       -0.193394
     H    7        0.006086       -0.193394       -0.024002

     C    8       -0.132102       -0.002175       -0.083049
     C    8       -0.002175       -0.034951        0.247929
     C    8       -0.083049        0.247929        0.167053

     H    9        0.273083       -0.118512        0.114670
     H    9       -0.118512       -0.095992       -0.049513
     H    9        0.114670       -0.049513       -0.177092

     C   10       -0.085578       -0.202042       -0.268493
     C   10       -0.202042       -0.144046        0.158668
     C   10       -0.268493        0.158668        0.229624

     C   11        0.151293        0.402122       -0.256454
     C   11        0.402122       -0.144334        0.183477
     C   11       -0.256454        0.183477       -0.006958

     Cl  12        1.131349        2.249163       -0.175847
     Cl  12        2.249163        0.387076        0.079857
     Cl  12       -0.175847        0.079857       -1.518425

     H   13       -0.381281        0.255724        0.053566
     H   13        0.255724        0.270737        0.245728
     H   13        0.053566        0.245728        0.110543

     C   14        0.219944       -0.519541       -0.147806
     C   14       -0.519541       -0.096242       -0.313748
     C   14       -0.147806       -0.313748       -0.123703

     H   15        0.449191        0.270092        0.450624
     H   15        0.270092       -0.130340       -0.170055
     H   15        0.450624       -0.170055       -0.318851

     C   16       -0.687426        0.092926       -0.273980
     C   16        0.092926        0.278781        0.495480
     C   16       -0.273980        0.495480        0.408645

     C   17        0.082981       -0.154308        0.205170
     C   17       -0.154308       -0.593950        0.162471
     C   17        0.205170        0.162471        0.510970

     Cl  18       -0.661092       -0.968047        0.602586
     Cl  18       -0.968047       -1.131429        0.901228
     Cl  18        0.602586        0.901228        1.792521

     H   19       -0.100036        0.081579        0.195800
     H   19        0.081579        0.371056       -0.400638
     H   19        0.195800       -0.400638       -0.271020

     C   20       -0.238352       -0.106610       -0.101423
     C   20       -0.106610       -0.189440        0.228668
     C   20       -0.101423        0.228668        0.427793

     H   21        0.229570       -0.234531        0.130617
     H   21       -0.234531       -0.040073       -0.155464
     H   21        0.130617       -0.155464       -0.189497

     C   22       -0.202989       -0.001657       -0.124089
     C   22       -0.001657        0.071091        0.394923
     C   22       -0.124089        0.394923        0.131898

     C   23       -0.092136        0.157982       -0.075835
     C   23        0.157982        0.018319        0.188647
     C   23       -0.075835        0.188647        0.073817

     Cl  24        1.166461        2.721891       -0.246599
     Cl  24        2.721891        0.661227        0.747531
     Cl  24       -0.246599        0.747531       -1.827688


     NQR/NMR SPECTROSCOPIC PARAMETERS:
     Cl   1    Vxx=    0.1877    axis=(  0.788474 -0.613214 -0.047717)
     Cl   1    Vyy=    1.8985    axis=(  0.031627  0.117899 -0.992522)
     Cl   1    Vzz=   -2.0862    axis=(  0.614254  0.781069  0.112355)
     Cl   1  Q=        -8.1650 1e-30 m^2  Cq=        40.0232 MHz  eta= 0.82005

     C    2    Vxx=   -0.0317    axis=( -0.808636  0.375656  0.452759)
     C    2    Vyy=   -0.3750    axis=( -0.428779 -0.903261 -0.016368)
     C    2    Vzz=    0.4067    axis=(  0.402811 -0.207369  0.891482)
     C    2  Q=         1.0000 1e-30 m^2  Cq=         0.9556 MHz  eta= 0.84432

     C    3    Vxx=   -0.0429    axis=(  0.446849  0.793789  0.412582)
     C    3    Vyy=   -0.3149    axis=(  0.838551 -0.532333  0.115987)
     C    3    Vzz=    0.3578    axis=( -0.311701 -0.294142  0.903506)
     C    3  Q=         1.0000 1e-30 m^2  Cq=         0.8407 MHz  eta= 0.76025

     H    4    Vxx=    0.0153    axis=(  0.301201 -0.950912  0.071019)
     H    4    Vyy=    0.5387    axis=(  0.854388  0.302198  0.422726)
     H    4    Vzz=   -0.5540    axis=( -0.423437 -0.066648  0.903471)
     H    4  Q=         1.0000 1e-30 m^2  Cq=        -1.3017 MHz  eta= 0.94481

     C    5    Vxx=    0.0498    axis=(  0.159434 -0.975075  0.154301)
     C    5    Vyy=    0.3812    axis=( -0.110108 -0.172889 -0.978767)
     C    5    Vzz=   -0.4310    axis=(  0.981049  0.139059 -0.134928)
     C    5  Q=         1.0000 1e-30 m^2  Cq=        -1.0127 MHz  eta= 0.76901

     H    6    Vxx=    0.0845    axis=( -0.212093 -0.643772  0.735237)
     H    6    Vyy=    0.5833    axis=( -0.106550  0.763102  0.637434)
     H    6    Vzz=   -0.6678    axis=( -0.971423  0.056856 -0.230443)
     H    6  Q=         1.0000 1e-30 m^2  Cq=        -1.5691 MHz  eta= 0.74696

     H    7    Vxx=   -0.1316    axis=(  0.163252  0.483610  0.859924)
     H    7    Vyy=   -0.1873    axis=(  0.986560 -0.086159 -0.138839)
     H    7    Vzz=    0.3189    axis=(  0.006946  0.871033 -0.491176)
     H    7  Q=         1.0000 1e-30 m^2  Cq=         0.7492 MHz  eta= 0.17453

     C    8    Vxx=   -0.1190    axis=(  0.872335  0.465314 -0.150048)
     C    8    Vyy=   -0.2252    axis=( -0.466360  0.699816 -0.541078)
     C    8    Vzz=    0.3442    axis=( -0.146765  0.541978  0.827478)
     C    8  Q=         1.0000 1e-30 m^2  Cq=         0.8087 MHz  eta= 0.30861

     H    9    Vxx=   -0.1280    axis=(  0.325163  0.928869 -0.177402)
     H    9    Vyy=   -0.2097    axis=( -0.167790  0.241290  0.955838)
     H    9    Vzz=    0.3377    axis=(  0.930653 -0.281037  0.234314)
     H    9  Q=         1.0000 1e-30 m^2  Cq=         0.7936 MHz  eta= 0.24190

     C   10    Vxx=   -0.1483    axis=( -0.457650  0.655780 -0.600424)
     C   10    Vyy=   -0.3283    axis=( -0.732008 -0.661207 -0.164223)
     C   10    Vzz=    0.4766    axis=( -0.504699  0.364358  0.782638)
     C   10  Q=         1.0000 1e-30 m^2  Cq=         1.1199 MHz  eta= 0.37763

     C   11    Vxx=    0.1197    axis=( -0.030016  0.539140  0.841681)
     C   11    Vyy=    0.4619    axis=(  0.837690  0.472968 -0.273087)
     C   11    Vzz=   -0.5817    axis=( -0.545321  0.696871 -0.465829)
     C   11  Q=         1.0000 1e-30 m^2  Cq=        -1.3667 MHz  eta= 0.58837

     Cl  12    Vxx=   -1.3456    axis=( -0.446823  0.547399  0.707604)
     Cl  12    Vyy=   -1.6948    axis=(  0.467160 -0.531783  0.706377)
     Cl  12    Vzz=    3.0404    axis=( -0.762962 -0.646189  0.018110)
     Cl  12  Q=        -8.1650 1e-30 m^2  Cq=       -58.3294 MHz  eta= 0.11486

     H   13    Vxx=   -0.0427    axis=( -0.227624 -0.478988  0.847796)
     H   13    Vyy=   -0.4713    axis=( -0.937726  0.342449 -0.058293)
     H   13    Vzz=    0.5140    axis=( -0.262406 -0.808269 -0.527109)
     H   13  Q=         1.0000 1e-30 m^2  Cq=         1.2077 MHz  eta= 0.83397

     C   14    Vxx=    0.0754    axis=( -0.396126 -0.351555  0.848229)
     C   14    Vyy=    0.6123    axis=( -0.778517  0.618389 -0.107273)
     C   14    Vzz=   -0.6876    axis=( -0.486823 -0.702854 -0.518651)
     C   14  Q=         1.0000 1e-30 m^2  Cq=        -1.6156 MHz  eta= 0.78081

     H   15    Vxx=   -0.0302    axis=( -0.003364  0.859300 -0.511462)
     H   15    Vyy=   -0.6664    axis=( -0.426041  0.461492  0.778148)
     H   15    Vzz=    0.6966    axis=(  0.904698  0.220521  0.364544)
     H   15  Q=         1.0000 1e-30 m^2  Cq=         1.6367 MHz  eta= 0.91335

     C   16    Vxx=   -0.0596    axis=( -0.358589 -0.738212  0.571364)
     C   16    Vyy=   -0.7980    axis=( -0.928437  0.218408 -0.300503)
     C   16    Vzz=    0.8575    axis=( -0.097045  0.638233  0.763702)
     C   16  Q=         1.0000 1e-30 m^2  Cq=         2.0149 MHz  eta= 0.86106

     C   17    Vxx=    0.0623    axis=(  0.905797 -0.289584 -0.309311)
     C   17    Vyy=    0.6011    axis=( -0.345565 -0.082460 -0.934765)
     C   17    Vzz=   -0.6634    axis=(  0.245187  0.953594 -0.174762)
     C   17  Q=         1.0000 1e-30 m^2  Cq=        -1.5587 MHz  eta= 0.81232

     Cl  18    Vxx=    0.0969    axis=(  0.797712 -0.601937  0.036443)
     Cl  18    Vyy=    2.0894    axis=( -0.130051 -0.230729 -0.964288)
     Cl  18    Vzz=   -2.1863    axis=(  0.588849  0.764484 -0.262338)
     Cl  18  Q=        -8.1650 1e-30 m^2  Cq=        41.9437 MHz  eta= 0.91135

     H   19    Vxx=   -0.0028    axis=(  0.908367  0.197034  0.368845)
     H   19    Vyy=   -0.5608    axis=(  0.417783 -0.389486 -0.820828)
     H   19    Vzz=    0.5636    axis=( -0.018071  0.899710 -0.436114)
     H   19  Q=         1.0000 1e-30 m^2  Cq=         1.3243 MHz  eta= 0.98994

     C   20    Vxx=   -0.1942    axis=( -0.707106  0.618530 -0.342670)
     C   20    Vyy=   -0.3312    axis=(  0.686681  0.716298 -0.124039)
     C   20    Vzz=    0.5255    axis=( -0.168732  0.323013  0.931231)
     C   20  Q=         1.0000 1e-30 m^2  Cq=         1.2347 MHz  eta= 0.26070

     H   21    Vxx=   -0.1374    axis=(  0.587522  0.653534 -0.477191)
     H   21    Vyy=   -0.2879    axis=(  0.046081  0.561724  0.826040)
     H   21    Vzz=    0.4253    axis=(  0.807895 -0.507307  0.299910)
     H   21  Q=         1.0000 1e-30 m^2  Cq=         0.9994 MHz  eta= 0.35391

     C   22    Vxx=   -0.1633    axis=( -0.839242 -0.469155  0.274893)
     C   22    Vyy=   -0.3464    axis=(  0.528038 -0.582489  0.617966)
     C   22    Vzz=    0.5097    axis=( -0.129800  0.663777  0.736581)
     C   22  Q=         1.0000 1e-30 m^2  Cq=         1.1975 MHz  eta= 0.35929

     C   23    Vxx=    0.0465    axis=(  0.736926  0.377465 -0.560768)
     C   23    Vyy=    0.2447    axis=( -0.171090 -0.698408 -0.694949)
     C   23    Vzz=   -0.2912    axis=( -0.653964  0.608068 -0.450094)
     C   23  Q=         1.0000 1e-30 m^2  Cq=        -0.6843 MHz  eta= 0.68071

     Cl  24    Vxx=   -1.1158    axis=(  0.515533 -0.495597 -0.699006)
     Cl  24    Vyy=   -2.5507    axis=( -0.444617  0.542635 -0.712645)
     Cl  24    Vzz=    3.6666    axis=( -0.732490 -0.678182 -0.059395)
     Cl  24  Q=        -8.1650 1e-30 m^2  Cq=       -70.3409 MHz  eta= 0.39136

     Initialization:
     gipaw_setup  :      8.94s CPU     10.75s WALL (       1 calls)

     Linear response

     Apply operators

     Induced current

     Other routines
     efg          :      9.74s CPU     13.18s WALL (       1 calls)

     General routines
     calbec       :      3.65s CPU      5.30s WALL (      16 calls)
     fft          :      1.30s CPU      1.53s WALL (      15 calls)
     ffts         :      0.04s CPU      0.04s WALL (       2 calls)
     fftw         :      3.38s CPU      4.28s WALL (     672 calls)
     davcio       :      0.01s CPU      0.32s WALL (      32 calls)

     Parallel routines
     fft_scatter  :      2.00s CPU      2.87s WALL (     689 calls)

     Plugins

     GIPAW        :     61.72s CPU     72.69s WALL (       1 calls)
