
     Program QE v.6.0 (svn rev. 13079) starts on  9Jan2017 at  8:20: 1 

     This program is part of the open-source Quantum ESPRESSO suite
     for quantum simulation of materials; please cite
         "P. Giannozzi et al., J. Phys.:Condens. Matter 21 395502 (2009);
          URL http://www.quantum-espresso.org", 
     in publications or presentations arising from this work. More details at
     http://www.quantum-espresso.org/quote

     Parallel version (MPI), running on     8 processors
     R & G space division:  proc/nbgrp/npool/nimage =       8

     ***** This is GIPAW svn revision unknown      *****

     Parallelizing q-star over 1 images

     Reading data from directory:
     /users/majewski/paradichlorobenzene/pbe/9_constraint/scratch/pbe.ecut100.np8.dt60.pcl2phi-129368.save
     Message from routine read_xml_file:
     file /users/majewski/paradichlorobenzene/pbe/9_constraint/scratch/pbe.ecut100.np8.dt60.pcl2phi-129368.save not guaranteed to be safe for post-processing

   Info: using nr1, nr2, nr3 values from input

   Info: using nr1, nr2, nr3 values from input

     IMPORTANT: XC functional enforced from input :
     Exchange-correlation      =  SLA  PW   PBX  PBC ( 1  4  3  4 0 0)
     Any further DFT definition will be discarded
     Please, verify this is what you really want

               file C.pbe-n-kjpaw_psl.1.0.0.UPF: wavefunction(s)  2S 2P renormalized
               file Cl.pbe-n-kjpaw_psl.1.0.0.UPF: wavefunction(s)  3S 3P renormalized
               file H.pbe-kjpaw_psl.1.0.0.UPF: wavefunction(s)  1S renormalized

     Parallelization info
     --------------------
     sticks:   dense  smooth     PW     G-vecs:    dense   smooth      PW
     Min        3057    1223    332               144436    36536    5170
     Max        3059    1225    333               144437    36537    5171
     Sum       24467    9791   2657              1155489   292295   41363


     Subspace diagonalization in iterative solution of the eigenvalue problem:
     a serial algorithm will be used

     GIPAW projectors -----------------------------------------------
     atom=  C    l=0  rc=    1.2000  rs=    0.8000
     atom=  C    l=0  rc=    1.2000  rs=    0.8000
     atom=  C    l=1  rc=    1.4000  rs=    0.9333
     atom=  C    l=1  rc=    1.4000  rs=    0.9333
     projs nearly linearly dependent: l=1  n1,n2= 1, 2  s=  0.99951561

     atom=  Cl   l=0  rc=    1.6000  rs=    1.0667
     atom=  Cl   l=0  rc=    1.6000  rs=    1.0667
     atom=  Cl   l=1  rc=    1.6000  rs=    1.0667
     atom=  Cl   l=1  rc=    1.6000  rs=    1.0667
     atom=  Cl   l=2  rc=    1.6000  rs=    1.0667
     atom=  Cl   l=2  rc=    1.6000  rs=    1.0667
     projs nearly linearly dependent: l=2  n1,n2= 1, 2  s=  0.99993509

     atom=  H    l=0  rc=    1.0000  rs=    0.6667
     atom=  H    l=0  rc=    1.0000  rs=    0.6667
     projs nearly linearly dependent: l=0  n1,n2= 1, 2  s=  0.99968852
     -----------------------------------------------------------------

     GIPAW integrals: -------------------------------------------
     Atom  i/j   nmr_para   nmr_dia   epr_rmc  epr_para   epr_dia
       C   1 1   0.83E+03  0.17E-01  0.93E+01  0.24E+08  0.24E+03
       C   2 1   0.86E+03 -0.61E-01  0.94E+01  0.25E+08  0.25E+03
       C   2 2   0.90E+03 -0.15E+00  0.97E+01  0.26E+08  0.26E+03
       C   3 3   0.33E+01  0.34E+00  0.18E+01  0.55E+03  0.21E+02
       C   4 3   0.35E+01  0.37E+00  0.20E+01  0.59E+03  0.22E+02
       C   4 4   0.38E+01  0.39E+00  0.22E+01  0.63E+03  0.24E+02
       Cl  1 1   0.14E+04 -0.47E+00  0.84E+01  0.32E+09  0.42E+03
       Cl  2 1   0.21E+04 -0.37E+00  0.12E+02  0.49E+09  0.65E+03
       Cl  2 2   0.33E+04 -0.16E+00  0.21E+02  0.76E+09  0.10E+04
       Cl  3 3   0.21E+02  0.79E-01  0.89E+01  0.23E+05  0.13E+03
       Cl  4 3   0.24E+02  0.67E-01  0.99E+01  0.27E+05  0.15E+03
       Cl  4 4   0.28E+02  0.44E-01  0.11E+02  0.32E+05  0.18E+03
       Cl  5 5   0.77E+00  0.19E+00  0.18E+01  0.12E+03  0.22E+02
       Cl  6 5   0.80E+00  0.19E+00  0.19E+01  0.12E+03  0.23E+02
       Cl  6 6   0.83E+00  0.20E+00  0.19E+01  0.12E+03  0.23E+02
       H   1 1   0.39E+02  0.19E+00  0.29E+00  0.78E+05  0.13E+02
       H   2 1   0.41E+02  0.21E+00  0.32E+00  0.82E+05  0.14E+02
       H   2 2   0.43E+02  0.22E+00  0.36E+00  0.86E+05  0.15E+02
     ------------------------------------------------------------

     alpha_pv=     33.9808 eV

     Number of occupied bands for each k-point:
     k-point:     1    nbnd_occ=  42
     k-point:     2    nbnd_occ=  42
     k-point:     3    nbnd_occ=  42
     k-point:     4    nbnd_occ=  42
     k-point:     5    nbnd_occ=  42
     k-point:     6    nbnd_occ=  42
     k-point:     7    nbnd_occ=  42
     k-point:     8    nbnd_occ=  42
     k-point:     9    nbnd_occ=  42
     k-point:    10    nbnd_occ=  42
     k-point:    11    nbnd_occ=  42
     k-point:    12    nbnd_occ=  42
     k-point:    13    nbnd_occ=  42
     k-point:    14    nbnd_occ=  42
     k-point:    15    nbnd_occ=  42
     k-point:    16    nbnd_occ=  42


     q-space interpolation up to   110.00 Rydberg

     GIPAW job: efg                                                                             


     ELECTRIC FIELD GRADIENTS TENSORS IN Hartree/bohrradius^2:

     ----- bare term -----
     Cl   1       -0.095405        0.073036       -0.096789
     Cl   1        0.073036       -0.018313       -0.131888
     Cl   1       -0.096789       -0.131888        0.113718

     C    2       -0.065448        0.269495       -0.228327
     C    2        0.269495       -0.053400       -0.653472
     C    2       -0.228327       -0.653472        0.118849

     C    3       -0.243100        0.152197       -0.163419
     C    3        0.152197        0.004831       -0.192667
     C    3       -0.163419       -0.192667        0.238269

     H    4       -0.416691       -0.435895        0.151025
     H    4       -0.435895        0.160438        0.104175
     H    4        0.151025        0.104175        0.256253

     C    5       -0.038603        0.268188       -0.095093
     C    5        0.268188       -0.179484       -0.329534
     C    5       -0.095093       -0.329534        0.218088

     H    6        0.274565       -0.415868        0.104046
     H    6       -0.415868       -0.612710        0.072675
     H    6        0.104046        0.072675        0.338145

     H    7        0.313007        0.026180       -0.224380
     H    7        0.026180       -0.314416        0.488970
     H    7       -0.224380        0.488970        0.001410

     C    8       -0.550488       -0.319438       -0.250002
     C    8       -0.319438        0.136286        0.291471
     C    8       -0.250002        0.291471        0.414202

     H    9        0.131145        0.024535       -0.406168
     H    9        0.024535        0.278847       -0.239783
     H    9       -0.406168       -0.239783       -0.409992

     C   10       -0.033463        0.144378       -0.268667
     C   10        0.144378       -0.057285        0.697960
     C   10       -0.268667        0.697960        0.090749

     C   11       -0.366842       -0.348819       -0.100298
     C   11       -0.348819       -0.073271        0.440053
     C   11       -0.100298        0.440053        0.440113

     Cl  12        0.058989       -0.025192       -0.091516
     Cl  12       -0.025192       -0.071039       -0.074909
     Cl  12       -0.091516       -0.074909        0.012050

     H   13        0.269200       -0.057343        0.153166
     H   13       -0.057343       -0.274478       -0.507938
     H   13        0.153166       -0.507938        0.005278

     C   14       -0.687825        0.400901       -0.406007
     C   14        0.400901        0.386069       -0.261820
     C   14       -0.406007       -0.261820        0.301756

     H   15       -0.513149       -0.126999       -0.368985
     H   15       -0.126999        0.317465       -0.304058
     H   15       -0.368985       -0.304058        0.195683

     C   16        0.038784        0.375309       -0.048566
     C   16        0.375309       -0.289835       -0.495801
     C   16       -0.048566       -0.495801        0.251051

     C   17       -0.552814        0.291839       -0.375232
     C   17        0.291839        0.256512       -0.136523
     C   17       -0.375232       -0.136523        0.296302

     Cl  18       -0.066544        0.052579        0.058686
     Cl  18        0.052579       -0.032668        0.079492
     Cl  18        0.058686        0.079492        0.099213

     H   19        0.435601       -0.069345       -0.093518
     H   19       -0.069345       -0.736650       -0.094347
     H   19       -0.093518       -0.094347        0.301049

     C   20       -0.170267        0.306899       -0.386318
     C   20        0.306899        0.022109        0.575425
     C   20       -0.386318        0.575425        0.148158

     H   21       -0.103998        0.106296       -0.357618
     H   21        0.106296        0.155670        0.492115
     H   21       -0.357618        0.492115       -0.051673

     C   22       -0.420188       -0.334623       -0.296140
     C   22       -0.334623        0.024432        0.145471
     C   22       -0.296140        0.145471        0.395756

     C   23        0.071499        0.307123       -0.570916
     C   23        0.307123       -0.280473        0.522930
     C   23       -0.570916        0.522930        0.208974

     Cl  24       -0.186346       -0.274462       -0.058130
     Cl  24       -0.274462       -0.057443       -0.010264
     Cl  24       -0.058130       -0.010264        0.243790

     ----- ionic term -----
     Cl   1        0.103388       -0.192958       -0.008230
     Cl   1       -0.192958        0.052211        0.007032
     Cl   1       -0.008230        0.007032       -0.155600

     C    2        0.214470       -0.133718        0.233269
     C    2       -0.133718        0.199731        0.349434
     C    2        0.233269        0.349434       -0.414201

     C    3        0.223630       -0.172087        0.104527
     C    3       -0.172087        0.231337        0.343415
     C    3        0.104527        0.343415       -0.454967

     H    4        0.832260        0.366689        0.420737
     H    4        0.366689       -0.398210        0.174846
     H    4        0.420737        0.174846       -0.434050

     C    5        0.352171       -0.098956        0.133054
     C    5       -0.098956        0.129600        0.277526
     C    5        0.133054        0.277526       -0.481771

     H    6       -0.490670        0.187574        0.051294
     H    6        0.187574        0.830767        0.557625
     H    6        0.051294        0.557625       -0.340098

     H    7       -0.523488       -0.112373        0.075590
     H    7       -0.112373        0.594260       -0.707556
     H    7        0.075590       -0.707556       -0.070772

     C    8        0.162589        0.174335        0.352640
     C    8        0.174335        0.054611       -0.279751
     C    8        0.352640       -0.279751       -0.217200

     H    9        0.096077       -0.114286        0.787426
     H    9       -0.114286       -0.468066       -0.220230
     H    9        0.787426       -0.220230        0.371990

     C   10       -0.054736        0.261543        0.243296
     C   10        0.261543        0.258186       -0.392871
     C   10        0.243296       -0.392871       -0.203451

     C   11        0.074502        0.211683        0.320691
     C   11        0.211683        0.242767       -0.390213
     C   11        0.320691       -0.390213       -0.317269

     Cl  12        0.114619        0.231102        0.039191
     Cl  12        0.231102        0.047303        0.025727
     Cl  12        0.039191        0.025727       -0.161922

     H   13       -0.515803       -0.018907        0.008882
     H   13       -0.018907        0.640720        0.722985
     H   13        0.008882        0.722985       -0.124917

     C   14        0.307210       -0.200479        0.173043
     C   14       -0.200479        0.055946        0.324170
     C   14        0.173043        0.324170       -0.363156

     H   15        0.668395        0.420821        0.577682
     H   15        0.420821       -0.361685        0.267632
     H   15        0.577682        0.267632       -0.306709

     C   16        0.139530       -0.170731        0.111712
     C   16       -0.170731        0.205702        0.455080
     C   16        0.111712        0.455080       -0.345231

     C   17        0.234688       -0.092732        0.106091
     C   17       -0.092732        0.147424        0.451487
     C   17        0.106091        0.451487       -0.382111

     Cl  18        0.134202       -0.202455       -0.036903
     Cl  18       -0.202455       -0.006367        0.031984
     Cl  18       -0.036903        0.031984       -0.127836

     H   19       -0.491081       -0.134113        0.064191
     H   19       -0.134113        0.925304       -0.453250
     H   19        0.064191       -0.453250       -0.434223

     C   20        0.231061        0.185521        0.343187
     C   20        0.185521        0.148287       -0.201200
     C   20        0.343187       -0.201200       -0.379348

     H   21        0.504772       -0.284457        0.734029
     H   21       -0.284457       -0.400848       -0.255065
     H   21        0.734029       -0.255065       -0.103924

     C   22        0.117199        0.240449        0.274670
     C   22        0.240449        0.223294       -0.294896
     C   22        0.274670       -0.294896       -0.340493

     C   23        0.136213        0.198476        0.385190
     C   23        0.198476        0.136186       -0.304775
     C   23        0.385190       -0.304775       -0.272399

     Cl  24        0.140898        0.200346        0.064067
     Cl  24        0.200346        0.016987        0.030814
     Cl  24        0.064067        0.030814       -0.157885

     ----- GIPAW term -----
     Cl   1        0.581941       -1.542145       -0.941752
     Cl   1       -1.542145       -0.164501       -1.169280
     Cl   1       -0.941752       -1.169280       -0.417441

     C    2        0.031330        0.095103       -0.108902
     C    2        0.095103        0.081547       -0.196375
     C    2       -0.108902       -0.196375       -0.112877

     C    3       -0.043848        0.084198       -0.088209
     C    3        0.084198        0.047980       -0.087174
     C    3       -0.088209       -0.087174       -0.004133

     H    4       -0.000000        0.000000        0.000000
     H    4        0.000000        0.000000        0.000000
     H    4        0.000000        0.000000        0.000000

     C    5        0.005808        0.149616       -0.047420
     C    5        0.149616        0.055047       -0.126946
     C    5       -0.047420       -0.126946       -0.060855

     H    6       -0.000000        0.000000        0.000000
     H    6        0.000000        0.000000        0.000000
     H    6        0.000000        0.000000        0.000000

     H    7       -0.000000        0.000000        0.000000
     H    7        0.000000        0.000000        0.000000
     H    7        0.000000        0.000000        0.000000

     C    8       -0.101300        0.049198       -0.008208
     C    8        0.049198        0.118252        0.058295
     C    8       -0.008208        0.058295       -0.016952

     H    9       -0.000000        0.000000        0.000000
     H    9        0.000000        0.000000        0.000000
     H    9        0.000000        0.000000        0.000000

     C   10       -0.082336        0.172683       -0.009042
     C   10        0.172683        0.166072        0.195132
     C   10       -0.009042        0.195132       -0.083736

     C   11       -0.046962        0.147708        0.079384
     C   11        0.147708        0.068433        0.181288
     C   11        0.079384        0.181288       -0.021471

     Cl  12       -0.404100        1.115039       -0.505716
     Cl  12        1.115039        0.490696        2.006752
     Cl  12       -0.505716        2.006752       -0.086596

     H   13       -0.000000        0.000000        0.000000
     H   13        0.000000        0.000000        0.000000
     H   13        0.000000        0.000000        0.000000

     C   14       -0.171812        0.152593       -0.069720
     C   14        0.152593        0.231515       -0.069894
     C   14       -0.069720       -0.069894       -0.059703

     H   15       -0.000000        0.000000        0.000000
     H   15        0.000000        0.000000        0.000000
     H   15        0.000000        0.000000        0.000000

     C   16       -0.084184        0.124495        0.047665
     C   16        0.124495        0.134939        0.086388
     C   16        0.047665        0.086388       -0.050755

     C   17       -0.082392        0.070255        0.013465
     C   17        0.070255        0.165898        0.128556
     C   17        0.013465        0.128556       -0.083506

     Cl  18       -0.342853       -0.973693        0.943021
     Cl  18       -0.973693       -0.457531        1.893076
     Cl  18        0.943021        1.893076        0.800384

     H   19       -0.000000        0.000000        0.000000
     H   19        0.000000        0.000000        0.000000
     H   19        0.000000        0.000000        0.000000

     C   20       -0.011112        0.222347       -0.006113
     C   20        0.222347        0.113431        0.177634
     C   20       -0.006113        0.177634       -0.102319

     H   21       -0.000000        0.000000        0.000000
     H   21        0.000000        0.000000        0.000000
     H   21        0.000000        0.000000        0.000000

     C   22       -0.041309        0.130112       -0.115780
     C   22        0.130112        0.086256       -0.089399
     C   22       -0.115780       -0.089399       -0.044947

     C   23        0.110553        0.230140       -0.213893
     C   23        0.230140       -0.092989       -0.006711
     C   23       -0.213893       -0.006711       -0.017565

     Cl  24       -0.420837        0.828132       -1.775463
     Cl  24        0.828132       -1.403574       -0.465872
     Cl  24       -1.775463       -0.465872        1.824411

     ----- total EFG -----
     Cl   1        0.589925       -1.662067       -1.046771
     Cl   1       -1.662067       -0.130602       -1.294137
     Cl   1       -1.046771       -1.294137       -0.459322

     C    2        0.180352        0.230880       -0.103960
     C    2        0.230880        0.227878       -0.500413
     C    2       -0.103960       -0.500413       -0.408230

     C    3       -0.063318        0.064307       -0.147101
     C    3        0.064307        0.284148        0.063574
     C    3       -0.147101        0.063574       -0.220830

     H    4        0.415569       -0.069206        0.571762
     H    4       -0.069206       -0.237772        0.279021
     H    4        0.571762        0.279021       -0.177797

     C    5        0.319376        0.318848       -0.009458
     C    5        0.318848        0.005162       -0.178954
     C    5       -0.009458       -0.178954       -0.324539

     H    6       -0.216104       -0.228294        0.155341
     H    6       -0.228294        0.218057        0.630300
     H    6        0.155341        0.630300       -0.001953

     H    7       -0.210481       -0.086193       -0.148790
     H    7       -0.086193        0.279843       -0.218586
     H    7       -0.148790       -0.218586       -0.069362

     C    8       -0.489199       -0.095906        0.094430
     C    8       -0.095906        0.309149        0.070016
     C    8        0.094430        0.070016        0.180050

     H    9        0.227221       -0.089751        0.381258
     H    9       -0.089751       -0.189220       -0.460012
     H    9        0.381258       -0.460012       -0.038002

     C   10       -0.170535        0.578604       -0.034412
     C   10        0.578604        0.366973        0.500221
     C   10       -0.034412        0.500221       -0.196438

     C   11       -0.339301        0.010572        0.299777
     C   11        0.010572        0.237929        0.231128
     C   11        0.299777        0.231128        0.101373

     Cl  12       -0.230492        1.320949       -0.558042
     Cl  12        1.320949        0.466960        1.957570
     Cl  12       -0.558042        1.957570       -0.236467

     H   13       -0.246603       -0.076250        0.162048
     H   13       -0.076250        0.366242        0.215047
     H   13        0.162048        0.215047       -0.119639

     C   14       -0.552427        0.353016       -0.302684
     C   14        0.353016        0.673530       -0.007544
     C   14       -0.302684       -0.007544       -0.121103

     H   15        0.155246        0.293822        0.208696
     H   15        0.293822       -0.044220       -0.036426
     H   15        0.208696       -0.036426       -0.111026

     C   16        0.094129        0.329074        0.110811
     C   16        0.329074        0.050805        0.045667
     C   16        0.110811        0.045667       -0.144934

     C   17       -0.400518        0.269361       -0.255677
     C   17        0.269361        0.569834        0.443520
     C   17       -0.255677        0.443520       -0.169316

     Cl  18       -0.275195       -1.123569        0.964803
     Cl  18       -1.123569       -0.496566        2.004552
     Cl  18        0.964803        2.004552        0.771761

     H   19       -0.055480       -0.203458       -0.029327
     H   19       -0.203458        0.188654       -0.547598
     H   19       -0.029327       -0.547598       -0.133174

     C   20        0.049682        0.714766       -0.049244
     C   20        0.714766        0.283827        0.551859
     C   20       -0.049244        0.551859       -0.333509

     H   21        0.400775       -0.178161        0.376411
     H   21       -0.178161       -0.245177        0.237049
     H   21        0.376411        0.237049       -0.155597

     C   22       -0.344299        0.035938       -0.137250
     C   22        0.035938        0.333983       -0.238824
     C   22       -0.137250       -0.238824        0.010316

     C   23        0.318265        0.735739       -0.399619
     C   23        0.735739       -0.237275        0.211444
     C   23       -0.399619        0.211444       -0.080990

     Cl  24       -0.466285        0.754015       -1.769526
     Cl  24        0.754015       -1.444031       -0.445321
     Cl  24       -1.769526       -0.445321        1.910316

     ----- total EFG (symmetrized) -----
     Cl   1        0.589925       -1.662067       -1.046771
     Cl   1       -1.662067       -0.130602       -1.294137
     Cl   1       -1.046771       -1.294137       -0.459322

     C    2        0.180352        0.230880       -0.103960
     C    2        0.230880        0.227878       -0.500413
     C    2       -0.103960       -0.500413       -0.408230

     C    3       -0.063318        0.064307       -0.147101
     C    3        0.064307        0.284148        0.063574
     C    3       -0.147101        0.063574       -0.220830

     H    4        0.415569       -0.069206        0.571762
     H    4       -0.069206       -0.237772        0.279021
     H    4        0.571762        0.279021       -0.177797

     C    5        0.319376        0.318848       -0.009458
     C    5        0.318848        0.005162       -0.178954
     C    5       -0.009458       -0.178954       -0.324539

     H    6       -0.216104       -0.228294        0.155341
     H    6       -0.228294        0.218057        0.630300
     H    6        0.155341        0.630300       -0.001953

     H    7       -0.210481       -0.086193       -0.148790
     H    7       -0.086193        0.279843       -0.218586
     H    7       -0.148790       -0.218586       -0.069362

     C    8       -0.489199       -0.095906        0.094430
     C    8       -0.095906        0.309149        0.070016
     C    8        0.094430        0.070016        0.180050

     H    9        0.227221       -0.089751        0.381258
     H    9       -0.089751       -0.189220       -0.460012
     H    9        0.381258       -0.460012       -0.038002

     C   10       -0.170535        0.578604       -0.034412
     C   10        0.578604        0.366973        0.500221
     C   10       -0.034412        0.500221       -0.196438

     C   11       -0.339301        0.010572        0.299777
     C   11        0.010572        0.237929        0.231128
     C   11        0.299777        0.231128        0.101373

     Cl  12       -0.230492        1.320949       -0.558042
     Cl  12        1.320949        0.466960        1.957570
     Cl  12       -0.558042        1.957570       -0.236467

     H   13       -0.246603       -0.076250        0.162048
     H   13       -0.076250        0.366242        0.215047
     H   13        0.162048        0.215047       -0.119639

     C   14       -0.552427        0.353016       -0.302684
     C   14        0.353016        0.673530       -0.007544
     C   14       -0.302684       -0.007544       -0.121103

     H   15        0.155246        0.293822        0.208696
     H   15        0.293822       -0.044220       -0.036426
     H   15        0.208696       -0.036426       -0.111026

     C   16        0.094129        0.329074        0.110811
     C   16        0.329074        0.050805        0.045667
     C   16        0.110811        0.045667       -0.144934

     C   17       -0.400518        0.269361       -0.255677
     C   17        0.269361        0.569834        0.443520
     C   17       -0.255677        0.443520       -0.169316

     Cl  18       -0.275195       -1.123569        0.964803
     Cl  18       -1.123569       -0.496566        2.004552
     Cl  18        0.964803        2.004552        0.771761

     H   19       -0.055480       -0.203458       -0.029327
     H   19       -0.203458        0.188654       -0.547598
     H   19       -0.029327       -0.547598       -0.133174

     C   20        0.049682        0.714766       -0.049244
     C   20        0.714766        0.283827        0.551859
     C   20       -0.049244        0.551859       -0.333509

     H   21        0.400775       -0.178161        0.376411
     H   21       -0.178161       -0.245177        0.237049
     H   21        0.376411        0.237049       -0.155597

     C   22       -0.344299        0.035938       -0.137250
     C   22        0.035938        0.333983       -0.238824
     C   22       -0.137250       -0.238824        0.010316

     C   23        0.318265        0.735739       -0.399619
     C   23        0.735739       -0.237275        0.211444
     C   23       -0.399619        0.211444       -0.080990

     Cl  24       -0.466285        0.754015       -1.769526
     Cl  24        0.754015       -1.444031       -0.445321
     Cl  24       -1.769526       -0.445321        1.910316


     NQR/NMR SPECTROSCOPIC PARAMETERS:
     Cl   1    Vxx=    0.7745    axis=( -0.372524 -0.464589  0.803357)
     Cl   1    Vyy=    1.9303    axis=( -0.778876  0.627176  0.001529)
     Cl   1    Vzz=   -2.7048    axis=( -0.504557 -0.625146 -0.595495)
     Cl   1  Q=        -8.1650 1e-30 m^2  Cq=        51.8905 MHz  eta= 0.42733

     C    2    Vxx=    0.0425    axis=(  0.876553 -0.409661  0.252651)
     C    2    Vyy=    0.6411    axis=(  0.480670  0.772055 -0.415797)
     C    2    Vzz=   -0.6836    axis=( -0.024725  0.485910  0.873659)
     C    2  Q=         1.0000 1e-30 m^2  Cq=        -1.6062 MHz  eta= 0.87570

     C    3    Vxx=    0.0230    axis=( -0.844345  0.078905  0.529958)
     C    3    Vyy=    0.2986    axis=( -0.142621 -0.986511 -0.080348)
     C    3    Vzz=   -0.3216    axis=(  0.516469 -0.143425  0.844209)
     C    3  Q=         1.0000 1e-30 m^2  Cq=        -0.7557 MHz  eta= 0.85697

     H    4    Vxx=   -0.0781    axis=(  0.344592 -0.849114 -0.400326)
     H    4    Vyy=   -0.6926    axis=(  0.416945  0.520510 -0.745135)
     H    4    Vzz=    0.7708    axis=(  0.841078  0.089853  0.533398)
     H    4  Q=         1.0000 1e-30 m^2  Cq=         1.8110 MHz  eta= 0.79725

     C    5    Vxx=   -0.1027    axis=( -0.521445  0.674824 -0.522214)
     C    5    Vyy=   -0.4277    axis=( -0.201544  0.497282  0.843854)
     C    5    Vzz=    0.5305    axis=(  0.829141  0.545272 -0.123298)
     C    5  Q=         1.0000 1e-30 m^2  Cq=         1.2464 MHz  eta= 0.61268

     H    6    Vxx=   -0.0700    axis=(  0.863984 -0.259488  0.431506)
     H    6    Vyy=   -0.6840    axis=( -0.496887 -0.578020  0.647299)
     H    6    Vzz=    0.7540    axis=( -0.081452  0.773666  0.628336)
     H    6  Q=         1.0000 1e-30 m^2  Cq=         1.7716 MHz  eta= 0.81444

     H    7    Vxx=   -0.0203    axis=( -0.668598  0.302666  0.679242)
     H    7    Vyy=   -0.3650    axis=(  0.743229  0.301747  0.597126)
     H    7    Vzz=    0.3853    axis=(  0.024229 -0.904070  0.426698)
     H    7  Q=         1.0000 1e-30 m^2  Cq=         0.9053 MHz  eta= 0.89461

     C    8    Vxx=    0.1725    axis=(  0.181393 -0.344525  0.921086)
     C    8    Vyy=    0.3431    axis=(  0.066229 -0.930218 -0.360983)
     C    8    Vzz=   -0.5156    axis=( -0.981178 -0.126483  0.145918)
     C    8  Q=         1.0000 1e-30 m^2  Cq=        -1.2115 MHz  eta= 0.33105

     H    9    Vxx=   -0.0314    axis=(  0.719741  0.601464 -0.346718)
     H    9    Vyy=   -0.6236    axis=( -0.237626  0.682685  0.690996)
     H    9    Vzz=    0.6550    axis=(  0.652309 -0.414949  0.634280)
     H    9  Q=         1.0000 1e-30 m^2  Cq=         1.5391 MHz  eta= 0.90400

     C   10    Vxx=   -0.1510    axis=( -0.665044  0.021992  0.746480)
     C   10    Vyy=   -0.7432    axis=( -0.606576  0.567178 -0.557112)
     C   10    Vzz=    0.8942    axis=(  0.435639  0.823301  0.363859)
     C   10  Q=         1.0000 1e-30 m^2  Cq=         2.1010 MHz  eta= 0.66218

     C   11    Vxx=    0.0429    axis=(  0.428515 -0.700168  0.571086)
     C   11    Vyy=    0.4613    axis=(  0.258322  0.700613  0.665140)
     C   11    Vzz=   -0.5042    axis=( -0.865820 -0.137498  0.481092)
     C   11  Q=         1.0000 1e-30 m^2  Cq=        -1.1847 MHz  eta= 0.82967

     Cl  12    Vxx=    0.2865    axis=(  0.822377  0.084123 -0.562689)
     Cl  12    Vyy=    2.3043    axis=( -0.290956 -0.787715 -0.543001)
     Cl  12    Vzz=   -2.5908    axis=(  0.488917 -0.610270  0.623322)
     Cl  12  Q=        -8.1650 1e-30 m^2  Cq=        49.7024 MHz  eta= 0.77886

     H   13    Vxx=   -0.0441    axis=(  0.660435 -0.248624  0.708528)
     H   13    Vyy=   -0.4040    axis=( -0.750576 -0.245577  0.613456)
     H   13    Vzz=    0.4480    axis=( -0.021479  0.936951  0.348799)
     H   13  Q=         1.0000 1e-30 m^2  Cq=         1.0527 MHz  eta= 0.80336

     C   14    Vxx=   -0.0001    axis=( -0.367723  0.202855  0.907540)
     C   14    Vyy=   -0.7765    axis=(  0.887755 -0.214010  0.407543)
     C   14    Vzz=    0.7766    axis=(  0.276895  0.955536 -0.101389)
     C   14  Q=         1.0000 1e-30 m^2  Cq=         1.8248 MHz  eta= 0.99962

     H   15    Vxx=   -0.0514    axis=( -0.111046  0.626229 -0.771690)
     H   15    Vyy=   -0.3595    axis=( -0.569641  0.596170  0.565765)
     H   15    Vzz=    0.4110    axis=(  0.814357  0.502412  0.290523)
     H   15  Q=         1.0000 1e-30 m^2  Cq=         0.9656 MHz  eta= 0.74969

     C   16    Vxx=   -0.1508    axis=(  0.113286 -0.391774  0.913061)
     C   16    Vyy=   -0.2736    axis=(  0.680133 -0.639333 -0.358709)
     C   16    Vzz=    0.4244    axis=(  0.724282  0.661640  0.194031)
     C   16  Q=         1.0000 1e-30 m^2  Cq=         0.9972 MHz  eta= 0.28949

     C   17    Vxx=   -0.0533    axis=( -0.679271 -0.207427  0.703964)
     C   17    Vyy=   -0.7411    axis=( -0.723516  0.349976 -0.595014)
     C   17    Vzz=    0.7944    axis=(  0.122948  0.913505  0.387805)
     C   17  Q=         1.0000 1e-30 m^2  Cq=         1.8665 MHz  eta= 0.86582

     Cl  18    Vxx=    0.5752    axis=(  0.863026 -0.439752  0.248604)
     Cl  18    Vyy=    2.2466    axis=(  0.056977  0.573727  0.817063)
     Cl  18    Vzz=   -2.8218    axis=( -0.501936 -0.690982  0.520196)
     Cl  18  Q=        -8.1650 1e-30 m^2  Cq=        54.1356 MHz  eta= 0.59229

     H   19    Vxx=   -0.0457    axis=(  0.938082  0.005061 -0.346375)
     H   19    Vyy=   -0.5844    axis=(  0.273484  0.602897  0.749481)
     H   19    Vzz=    0.6301    axis=(  0.212621 -0.797803  0.564183)
     H   19  Q=         1.0000 1e-30 m^2  Cq=         1.4805 MHz  eta= 0.85479

     C   20    Vxx=   -0.1234    axis=(  0.669893 -0.211238 -0.711774)
     C   20    Vyy=   -0.8889    axis=(  0.488111 -0.597077  0.636590)
     C   20    Vzz=    1.0123    axis=( -0.559456 -0.773871 -0.296870)
     C   20  Q=         1.0000 1e-30 m^2  Cq=         2.3784 MHz  eta= 0.75622

     H   21    Vxx=   -0.0019    axis=(  0.230966 -0.760422 -0.606970)
     H   21    Vyy=   -0.5924    axis=( -0.369150 -0.645680  0.668450)
     H   21    Vzz=    0.5943    axis=( -0.900213  0.069674 -0.429840)
     H   21  Q=         1.0000 1e-30 m^2  Cq=         1.3964 MHz  eta= 0.99377

     C   22    Vxx=   -0.0779    axis=( -0.344914  0.493180  0.798629)
     C   22    Vyy=   -0.3943    axis=(  0.930999  0.071444  0.357963)
     C   22    Vzz=    0.4722    axis=(  0.119483  0.866989 -0.483792)
     C   22  Q=         1.0000 1e-30 m^2  Cq=         1.1095 MHz  eta= 0.67010

     C   23    Vxx=    0.0615    axis=( -0.050895  0.490329  0.870050)
     C   23    Vyy=    0.8775    axis=( -0.831095 -0.503876  0.235350)
     C   23    Vzz=   -0.9390    axis=(  0.553797 -0.711116  0.433154)
     C   23  Q=         1.0000 1e-30 m^2  Cq=        -2.2064 MHz  eta= 0.86891

     Cl  24    Vxx=   -1.0341    axis=(  0.619147  0.630938  0.467520)
     Cl  24    Vyy=   -1.9471    axis=(  0.622256 -0.757355  0.198016)
     Cl  24    Vzz=    2.9812    axis=( -0.479014 -0.168316  0.861519)
     Cl  24  Q=        -8.1650 1e-30 m^2  Cq=       -57.1927 MHz  eta= 0.30626

     Initialization:
     gipaw_setup  :      9.34s CPU     10.88s WALL (       1 calls)

     Linear response

     Apply operators

     Induced current

     Other routines
     efg          :      9.39s CPU     11.77s WALL (       1 calls)

     General routines
     calbec       :      3.30s CPU      4.45s WALL (      16 calls)
     fft          :      1.36s CPU      1.56s WALL (      15 calls)
     ffts         :      0.03s CPU      0.05s WALL (       2 calls)
     fftw         :      3.30s CPU      3.95s WALL (     672 calls)
     davcio       :      0.03s CPU      0.30s WALL (      32 calls)

     Parallel routines
     fft_scatter  :      1.97s CPU      2.66s WALL (     689 calls)

     Plugins

     GIPAW        :     61.70s CPU     73.33s WALL (       1 calls)
