
     Program QE v.6.0 (svn rev. 13079) starts on  3Jan2017 at  6:35:18 

     This program is part of the open-source Quantum ESPRESSO suite
     for quantum simulation of materials; please cite
         "P. Giannozzi et al., J. Phys.:Condens. Matter 21 395502 (2009);
          URL http://www.quantum-espresso.org", 
     in publications or presentations arising from this work. More details at
     http://www.quantum-espresso.org/quote

     Parallel version (MPI), running on     8 processors
     R & G space division:  proc/nbgrp/npool/nimage =       8

     ***** This is GIPAW svn revision unknown      *****

     Parallelizing q-star over 1 images

     Reading data from directory:
     /users/majewski/paradichlorobenzene/pbe/9_constraint/scratch/pbe.ecut100.np8.dt60.pcl2phi-129368.save
     Message from routine read_xml_file:
     file /users/majewski/paradichlorobenzene/pbe/9_constraint/scratch/pbe.ecut100.np8.dt60.pcl2phi-129368.save not guaranteed to be safe for post-processing

   Info: using nr1, nr2, nr3 values from input

   Info: using nr1, nr2, nr3 values from input

     IMPORTANT: XC functional enforced from input :
     Exchange-correlation      =  SLA  PW   PBX  PBC ( 1  4  3  4 0 0)
     Any further DFT definition will be discarded
     Please, verify this is what you really want

               file C.pbe-n-kjpaw_psl.1.0.0.UPF: wavefunction(s)  2S 2P renormalized
               file Cl.pbe-n-kjpaw_psl.1.0.0.UPF: wavefunction(s)  3S 3P renormalized
               file H.pbe-kjpaw_psl.1.0.0.UPF: wavefunction(s)  1S renormalized

     Parallelization info
     --------------------
     sticks:   dense  smooth     PW     G-vecs:    dense   smooth      PW
     Min        3057    1223    332               144436    36536    5170
     Max        3059    1225    333               144437    36537    5171
     Sum       24467    9791   2657              1155489   292295   41363


     Subspace diagonalization in iterative solution of the eigenvalue problem:
     a serial algorithm will be used

     GIPAW projectors -----------------------------------------------
     atom=  C    l=0  rc=    1.2000  rs=    0.8000
     atom=  C    l=0  rc=    1.2000  rs=    0.8000
     atom=  C    l=1  rc=    1.4000  rs=    0.9333
     atom=  C    l=1  rc=    1.4000  rs=    0.9333
     projs nearly linearly dependent: l=1  n1,n2= 1, 2  s=  0.99951561

     atom=  Cl   l=0  rc=    1.6000  rs=    1.0667
     atom=  Cl   l=0  rc=    1.6000  rs=    1.0667
     atom=  Cl   l=1  rc=    1.6000  rs=    1.0667
     atom=  Cl   l=1  rc=    1.6000  rs=    1.0667
     atom=  Cl   l=2  rc=    1.6000  rs=    1.0667
     atom=  Cl   l=2  rc=    1.6000  rs=    1.0667
     projs nearly linearly dependent: l=2  n1,n2= 1, 2  s=  0.99993509

     atom=  H    l=0  rc=    1.0000  rs=    0.6667
     atom=  H    l=0  rc=    1.0000  rs=    0.6667
     projs nearly linearly dependent: l=0  n1,n2= 1, 2  s=  0.99968852
     -----------------------------------------------------------------

     GIPAW integrals: -------------------------------------------
     Atom  i/j   nmr_para   nmr_dia   epr_rmc  epr_para   epr_dia
       C   1 1   0.83E+03  0.17E-01  0.93E+01  0.24E+08  0.24E+03
       C   2 1   0.86E+03 -0.61E-01  0.94E+01  0.25E+08  0.25E+03
       C   2 2   0.90E+03 -0.15E+00  0.97E+01  0.26E+08  0.26E+03
       C   3 3   0.33E+01  0.34E+00  0.18E+01  0.55E+03  0.21E+02
       C   4 3   0.35E+01  0.37E+00  0.20E+01  0.59E+03  0.22E+02
       C   4 4   0.38E+01  0.39E+00  0.22E+01  0.63E+03  0.24E+02
       Cl  1 1   0.14E+04 -0.47E+00  0.84E+01  0.32E+09  0.42E+03
       Cl  2 1   0.21E+04 -0.37E+00  0.12E+02  0.49E+09  0.65E+03
       Cl  2 2   0.33E+04 -0.16E+00  0.21E+02  0.76E+09  0.10E+04
       Cl  3 3   0.21E+02  0.79E-01  0.89E+01  0.23E+05  0.13E+03
       Cl  4 3   0.24E+02  0.67E-01  0.99E+01  0.27E+05  0.15E+03
       Cl  4 4   0.28E+02  0.44E-01  0.11E+02  0.32E+05  0.18E+03
       Cl  5 5   0.77E+00  0.19E+00  0.18E+01  0.12E+03  0.22E+02
       Cl  6 5   0.80E+00  0.19E+00  0.19E+01  0.12E+03  0.23E+02
       Cl  6 6   0.83E+00  0.20E+00  0.19E+01  0.12E+03  0.23E+02
       H   1 1   0.39E+02  0.19E+00  0.29E+00  0.78E+05  0.13E+02
       H   2 1   0.41E+02  0.21E+00  0.32E+00  0.82E+05  0.14E+02
       H   2 2   0.43E+02  0.22E+00  0.36E+00  0.86E+05  0.15E+02
     ------------------------------------------------------------

     alpha_pv=     34.4649 eV

     Number of occupied bands for each k-point:
     k-point:     1    nbnd_occ=  42
     k-point:     2    nbnd_occ=  42
     k-point:     3    nbnd_occ=  42
     k-point:     4    nbnd_occ=  42
     k-point:     5    nbnd_occ=  42
     k-point:     6    nbnd_occ=  42
     k-point:     7    nbnd_occ=  42
     k-point:     8    nbnd_occ=  42
     k-point:     9    nbnd_occ=  42
     k-point:    10    nbnd_occ=  42
     k-point:    11    nbnd_occ=  42
     k-point:    12    nbnd_occ=  42
     k-point:    13    nbnd_occ=  42
     k-point:    14    nbnd_occ=  42
     k-point:    15    nbnd_occ=  42
     k-point:    16    nbnd_occ=  42


     q-space interpolation up to   110.00 Rydberg

     GIPAW job: efg                                                                             


     ELECTRIC FIELD GRADIENTS TENSORS IN Hartree/bohrradius^2:

     ----- bare term -----
     Cl   1       -0.083619       -0.043788        0.015942
     Cl   1       -0.043788       -0.023936        0.141273
     Cl   1        0.015942        0.141273        0.107555

     C    2       -0.610035        0.223140       -0.373394
     C    2        0.223140        0.126205       -0.150387
     C    2       -0.373394       -0.150387        0.483830

     C    3       -0.025720        0.328214       -0.053321
     C    3        0.328214       -0.517841       -0.428995
     C    3       -0.053321       -0.428995        0.543561

     H    4       -0.484338       -0.292615       -0.428354
     H    4       -0.292615        0.307042       -0.177100
     H    4       -0.428354       -0.177100        0.177296

     C    5       -0.800423        0.311556       -0.400366
     C    5        0.311556        0.264806       -0.056431
     C    5       -0.400366       -0.056431        0.535618

     H    6        0.416851       -0.086895       -0.052757
     H    6       -0.086895       -0.573039       -0.509158
     H    6       -0.052757       -0.509158        0.156188

     H    7        0.398586        0.291519        0.022546
     H    7        0.291519       -0.726304        0.136264
     H    7        0.022546        0.136264        0.327718

     C    8       -0.306198       -0.031975       -0.310747
     C    8       -0.031975        0.006609        0.562244
     C    8       -0.310747        0.562244        0.299589

     H    9       -0.398475        0.413314        0.178797
     H    9        0.413314        0.249519       -0.106910
     H    9        0.178797       -0.106910        0.148956

     C   10       -0.122811       -0.251424        0.076066
     C   10       -0.251424       -0.234440        0.289342
     C   10        0.076066        0.289342        0.357251

     C   11       -0.182703        0.202818       -0.222171
     C   11        0.202818       -0.012587        0.371866
     C   11       -0.222171        0.371866        0.195290

     Cl  12        0.092861       -0.186635        0.058053
     Cl  12       -0.186635       -0.006152       -0.335817
     Cl  12        0.058053       -0.335817       -0.086709

     H   13        0.441496       -0.187089        0.020019
     H   13       -0.187089       -0.756042        0.111362
     H   13        0.020019        0.111362        0.314546

     C   14       -0.158973       -0.049257       -0.270751
     C   14       -0.049257        0.049936       -0.507387
     C   14       -0.270751       -0.507387        0.109037

     H   15       -0.102136       -0.460908       -0.175091
     H   15       -0.460908       -0.300308       -0.040134
     H   15       -0.175091       -0.040134        0.402445

     C   16       -0.584084        0.270886       -0.197346
     C   16        0.270886        0.201008       -0.104895
     C   16       -0.197346       -0.104895        0.383076

     C   17        0.039119        0.180798       -0.108621
     C   17        0.180798       -0.207535       -0.441286
     C   17       -0.108621       -0.441286        0.168417

     Cl  18       -0.147448        0.237742       -0.001514
     Cl  18        0.237742       -0.016561       -0.001547
     Cl  18       -0.001514       -0.001547        0.164010

     H   19        0.409786       -0.049930       -0.322780
     H   19       -0.049930       -0.072234        0.298827
     H   19       -0.322780        0.298827       -0.337552

     C   20       -0.461632       -0.339605        0.030376
     C   20       -0.339605        0.146673        0.326275
     C   20        0.030376        0.326275        0.314959

     H   21       -0.481644       -0.092948       -0.504517
     H   21       -0.092948        0.274136        0.060602
     H   21       -0.504517        0.060602        0.207507

     C   22       -0.005105        0.205682       -0.313726
     C   22        0.205682       -0.105165        0.672713
     C   22       -0.313726        0.672713        0.110270

     C   23       -0.539245       -0.277890       -0.382325
     C   23       -0.277890        0.222203        0.260558
     C   23       -0.382325        0.260558        0.317042

     Cl  24       -0.073963        0.066138       -0.012923
     Cl  24        0.066138       -0.026943       -0.125156
     Cl  24       -0.012923       -0.125156        0.100906

     ----- ionic term -----
     Cl   1        0.167043       -0.216909       -0.003943
     Cl   1       -0.216909       -0.012056        0.008035
     Cl   1       -0.003943        0.008035       -0.154987

     C    2        0.257060       -0.083710        0.148465
     C    2       -0.083710        0.187033        0.412195
     C    2        0.148465        0.412195       -0.444093

     C    3        0.143551       -0.206716        0.148497
     C    3       -0.206716        0.230288        0.408402
     C    3        0.148497        0.408402       -0.373840

     H    4        0.524286        0.421808        0.636534
     H    4        0.421808       -0.313618        0.315398
     H    4        0.636534        0.315398       -0.210669

     C    5        0.294504       -0.127270        0.244142
     C    5       -0.127270        0.089971        0.302520
     C    5        0.244142        0.302520       -0.384475

     H    6       -0.522175        0.149382        0.087164
     H    6        0.149382        0.727107        0.650957
     H    6        0.087164        0.650957       -0.204932

     H    7       -0.496447       -0.197682        0.108853
     H    7       -0.197682        0.672775       -0.705153
     H    7        0.108853       -0.705153       -0.176329

     C    8        0.378790        0.081287        0.180293
     C    8        0.081287       -0.004377       -0.367607
     C    8        0.180293       -0.367607       -0.374413

     H    9        0.878897       -0.311238        0.465922
     H    9       -0.311238       -0.445676       -0.201129
     H    9        0.465922       -0.201129       -0.433221

     C   10        0.213971        0.178385        0.063226
     C   10        0.178385        0.147787       -0.458588
     C   10        0.063226       -0.458588       -0.361758

     C   11        0.339492        0.101159        0.229993
     C   11        0.101159        0.034641       -0.431972
     C   11        0.229993       -0.431972       -0.374133

     Cl  12        0.170246        0.197394       -0.014861
     Cl  12        0.197394       -0.018477       -0.027622
     Cl  12       -0.014861       -0.027622       -0.151769

     H   13       -0.472599        0.171509        0.059007
     H   13        0.171509        0.888812        0.498263
     H   13        0.059007        0.498263       -0.416212

     C   14        0.419679       -0.037647        0.209641
     C   14       -0.037647        0.105475        0.251642
     C   14        0.209641        0.251642       -0.525154

     H   15        0.594257        0.440947        0.582068
     H   15        0.440947       -0.288808        0.284286
     H   15        0.582068        0.284286       -0.305449

     C   16        0.229921       -0.158100        0.175894
     C   16       -0.158100        0.235272        0.293895
     C   16        0.175894        0.293895       -0.465193

     C   17        0.256733       -0.156878        0.300558
     C   17       -0.156878        0.195950        0.275155
     C   17        0.300558        0.275155       -0.452683

     Cl  18        0.162239       -0.216923        0.055418
     Cl  18       -0.216923        0.011812       -0.031151
     Cl  18        0.055418       -0.031151       -0.174051

     H   19       -0.508481       -0.141817        0.092019
     H   19       -0.141817        0.637803       -0.743223
     H   19        0.092019       -0.743223       -0.129322

     C   20        0.409782        0.134567        0.186309
     C   20        0.134567       -0.034799       -0.355067
     C   20        0.186309       -0.355067       -0.374983

     H   21        0.592976       -0.342343        0.656387
     H   21       -0.342343       -0.427464       -0.272930
     H   21        0.656387       -0.272930       -0.165512

     C   22        0.210670        0.171377        0.120046
     C   22        0.171377        0.082046       -0.437087
     C   22        0.120046       -0.437087       -0.292716

     C   23        0.334168        0.081340        0.220162
     C   23        0.081340        0.009697       -0.430692
     C   23        0.220162       -0.430692       -0.343865

     Cl  24        0.140614        0.224678       -0.039902
     Cl  24        0.224678       -0.001470       -0.023983
     Cl  24       -0.039902       -0.023983       -0.139144

     ----- GIPAW term -----
     Cl   1       -0.015473       -2.139561       -0.117974
     Cl   1       -2.139561       -0.077027        1.722366
     Cl   1       -0.117974        1.722366        0.092499

     C    2       -0.131301       -0.088447       -0.080291
     C    2       -0.088447        0.072457        0.136468
     C    2       -0.080291        0.136468        0.058844

     C    3       -0.088746        0.063668        0.043427
     C    3        0.063668       -0.103823        0.090515
     C    3        0.043427        0.090515        0.192569

     H    4       -0.000000        0.000000        0.000000
     H    4        0.000000        0.000000        0.000000
     H    4        0.000000        0.000000        0.000000

     C    5       -0.200418        0.100314        0.012375
     C    5        0.100314        0.082774        0.155729
     C    5        0.012375        0.155729        0.117644

     H    6       -0.000000        0.000000        0.000000
     H    6        0.000000        0.000000        0.000000
     H    6        0.000000        0.000000        0.000000

     H    7       -0.000000        0.000000        0.000000
     H    7        0.000000        0.000000        0.000000
     H    7        0.000000        0.000000        0.000000

     C    8       -0.123071        0.007379       -0.036998
     C    8        0.007379        0.111751        0.254562
     C    8       -0.036998        0.254562        0.011320

     H    9       -0.000000        0.000000        0.000000
     H    9        0.000000        0.000000        0.000000
     H    9        0.000000        0.000000        0.000000

     C   10       -0.080117       -0.016128        0.016010
     C   10       -0.016128       -0.035832        0.104537
     C   10        0.016010        0.104537        0.115948

     C   11       -0.052383        0.077322        0.004014
     C   11        0.077322       -0.032572        0.105435
     C   11        0.004014        0.105435        0.084955

     Cl  12       -0.467310        0.118718       -0.387397
     Cl  12        0.118718       -0.098782        1.021684
     Cl  12       -0.387397        1.021684        0.566092

     H   13       -0.000000        0.000000        0.000000
     H   13        0.000000        0.000000        0.000000
     H   13        0.000000        0.000000        0.000000

     C   14       -0.107011       -0.026566       -0.022801
     C   14       -0.026566        0.213544       -0.188847
     C   14       -0.022801       -0.188847       -0.106533

     H   15       -0.000000        0.000000        0.000000
     H   15        0.000000        0.000000        0.000000
     H   15        0.000000        0.000000        0.000000

     C   16       -0.145234        0.062288       -0.036703
     C   16        0.062288        0.194433       -0.032388
     C   16       -0.036703       -0.032388       -0.049199

     C   17       -0.037310        0.031524        0.054592
     C   17        0.031524        0.135760        0.132249
     C   17        0.054592        0.132249       -0.098451

     Cl  18       -0.969859       -0.222709        0.510906
     Cl  18       -0.222709        0.538950        2.178018
     Cl  18        0.510906        2.178018        0.430909

     H   19       -0.000000        0.000000        0.000000
     H   19        0.000000        0.000000        0.000000
     H   19        0.000000        0.000000        0.000000

     C   20       -0.116675        0.057165        0.093341
     C   20        0.057165        0.096064        0.170778
     C   20        0.093341        0.170778        0.020611

     H   21       -0.000000        0.000000        0.000000
     H   21        0.000000        0.000000        0.000000
     H   21        0.000000        0.000000        0.000000

     C   22       -0.018467        0.222679       -0.032863
     C   22        0.222679        0.118261        0.145852
     C   22       -0.032863        0.145852       -0.099794

     C   23       -0.111848        0.052367       -0.060702
     C   23        0.052367        0.217842       -0.013174
     C   23       -0.060702       -0.013174       -0.105994

     Cl  24        0.411926        2.408343       -0.274600
     Cl  24        2.408343       -0.141456       -1.230662
     Cl  24       -0.274600       -1.230662       -0.270470

     ----- total EFG -----
     Cl   1        0.067951       -2.400258       -0.105975
     Cl   1       -2.400258       -0.113019        1.871675
     Cl   1       -0.105975        1.871675        0.045068

     C    2       -0.484276        0.050982       -0.305220
     C    2        0.050982        0.385696        0.398276
     C    2       -0.305220        0.398276        0.098580

     C    3        0.029085        0.185165        0.138603
     C    3        0.185165       -0.391376        0.069922
     C    3        0.138603        0.069922        0.362291

     H    4        0.039948        0.129193        0.208180
     H    4        0.129193       -0.006576        0.138298
     H    4        0.208180        0.138298       -0.033373

     C    5       -0.706337        0.284600       -0.143849
     C    5        0.284600        0.437550        0.401818
     C    5       -0.143849        0.401818        0.268787

     H    6       -0.105324        0.062487        0.034408
     H    6        0.062487        0.154068        0.141799
     H    6        0.034408        0.141799       -0.048744

     H    7       -0.097861        0.093837        0.131399
     H    7        0.093837       -0.053529       -0.568889
     H    7        0.131399       -0.568889        0.151389

     C    8       -0.050479        0.056690       -0.167451
     C    8        0.056690        0.113983        0.449200
     C    8       -0.167451        0.449200       -0.063504

     H    9        0.480422        0.102076        0.644719
     H    9        0.102076       -0.196157       -0.308039
     H    9        0.644719       -0.308039       -0.284265

     C   10        0.011043       -0.089167        0.155303
     C   10       -0.089167       -0.122484       -0.064708
     C   10        0.155303       -0.064708        0.111441

     C   11        0.104406        0.381300        0.011837
     C   11        0.381300       -0.010518        0.045328
     C   11        0.011837        0.045328       -0.093888

     Cl  12       -0.204204        0.129477       -0.344205
     Cl  12        0.129477       -0.123411        0.658245
     Cl  12       -0.344205        0.658245        0.327614

     H   13       -0.031103       -0.015579        0.079025
     H   13       -0.015579        0.132769        0.609625
     H   13        0.079025        0.609625       -0.101666

     C   14        0.153695       -0.113470       -0.083910
     C   14       -0.113470        0.368956       -0.444591
     C   14       -0.083910       -0.444591       -0.522651

     H   15        0.492120       -0.019962        0.406978
     H   15       -0.019962       -0.589116        0.244152
     H   15        0.406978        0.244152        0.096996

     C   16       -0.499397        0.175074       -0.058156
     C   16        0.175074        0.630712        0.156611
     C   16       -0.058156        0.156611       -0.131316

     C   17        0.258542        0.055444        0.246529
     C   17        0.055444        0.124175       -0.033883
     C   17        0.246529       -0.033883       -0.382718

     Cl  18       -0.955069       -0.201891        0.564810
     Cl  18       -0.201891        0.534201        2.145320
     Cl  18        0.564810        2.145320        0.420867

     H   19       -0.098695       -0.191747       -0.230762
     H   19       -0.191747        0.565569       -0.444397
     H   19       -0.230762       -0.444397       -0.466874

     C   20       -0.168525       -0.147873        0.310027
     C   20       -0.147873        0.207938        0.141986
     C   20        0.310027        0.141986       -0.039413

     H   21        0.111333       -0.435291        0.151870
     H   21       -0.435291       -0.153328       -0.212328
     H   21        0.151870       -0.212328        0.041995

     C   22        0.187097        0.599739       -0.226543
     C   22        0.599739        0.095142        0.381479
     C   22       -0.226543        0.381479       -0.282239

     C   23       -0.316925       -0.144183       -0.222865
     C   23       -0.144183        0.449742       -0.183308
     C   23       -0.222865       -0.183308       -0.132817

     Cl  24        0.478577        2.699158       -0.327426
     Cl  24        2.699158       -0.169869       -1.379801
     Cl  24       -0.327426       -1.379801       -0.308708

     ----- total EFG (symmetrized) -----
     Cl   1        0.067951       -2.400258       -0.105975
     Cl   1       -2.400258       -0.113019        1.871675
     Cl   1       -0.105975        1.871675        0.045068

     C    2       -0.484276        0.050982       -0.305220
     C    2        0.050982        0.385696        0.398276
     C    2       -0.305220        0.398276        0.098580

     C    3        0.029085        0.185165        0.138603
     C    3        0.185165       -0.391376        0.069922
     C    3        0.138603        0.069922        0.362291

     H    4        0.039948        0.129193        0.208180
     H    4        0.129193       -0.006576        0.138298
     H    4        0.208180        0.138298       -0.033373

     C    5       -0.706337        0.284600       -0.143849
     C    5        0.284600        0.437550        0.401818
     C    5       -0.143849        0.401818        0.268787

     H    6       -0.105324        0.062487        0.034408
     H    6        0.062487        0.154068        0.141799
     H    6        0.034408        0.141799       -0.048744

     H    7       -0.097861        0.093837        0.131399
     H    7        0.093837       -0.053529       -0.568889
     H    7        0.131399       -0.568889        0.151389

     C    8       -0.050479        0.056690       -0.167451
     C    8        0.056690        0.113983        0.449200
     C    8       -0.167451        0.449200       -0.063504

     H    9        0.480422        0.102076        0.644719
     H    9        0.102076       -0.196157       -0.308039
     H    9        0.644719       -0.308039       -0.284265

     C   10        0.011043       -0.089167        0.155303
     C   10       -0.089167       -0.122484       -0.064708
     C   10        0.155303       -0.064708        0.111441

     C   11        0.104406        0.381300        0.011837
     C   11        0.381300       -0.010518        0.045328
     C   11        0.011837        0.045328       -0.093888

     Cl  12       -0.204204        0.129477       -0.344205
     Cl  12        0.129477       -0.123411        0.658245
     Cl  12       -0.344205        0.658245        0.327614

     H   13       -0.031103       -0.015579        0.079025
     H   13       -0.015579        0.132769        0.609625
     H   13        0.079025        0.609625       -0.101666

     C   14        0.153695       -0.113470       -0.083910
     C   14       -0.113470        0.368956       -0.444591
     C   14       -0.083910       -0.444591       -0.522651

     H   15        0.492120       -0.019962        0.406978
     H   15       -0.019962       -0.589116        0.244152
     H   15        0.406978        0.244152        0.096996

     C   16       -0.499397        0.175074       -0.058156
     C   16        0.175074        0.630712        0.156611
     C   16       -0.058156        0.156611       -0.131316

     C   17        0.258542        0.055444        0.246529
     C   17        0.055444        0.124175       -0.033883
     C   17        0.246529       -0.033883       -0.382718

     Cl  18       -0.955069       -0.201891        0.564810
     Cl  18       -0.201891        0.534201        2.145320
     Cl  18        0.564810        2.145320        0.420867

     H   19       -0.098695       -0.191747       -0.230762
     H   19       -0.191747        0.565569       -0.444397
     H   19       -0.230762       -0.444397       -0.466874

     C   20       -0.168525       -0.147873        0.310027
     C   20       -0.147873        0.207938        0.141986
     C   20        0.310027        0.141986       -0.039413

     H   21        0.111333       -0.435291        0.151870
     H   21       -0.435291       -0.153328       -0.212328
     H   21        0.151870       -0.212328        0.041995

     C   22        0.187097        0.599739       -0.226543
     C   22        0.599739        0.095142        0.381479
     C   22       -0.226543        0.381479       -0.282239

     C   23       -0.316925       -0.144183       -0.222865
     C   23       -0.144183        0.449742       -0.183308
     C   23       -0.222865       -0.183308       -0.132817

     Cl  24        0.478577        2.699158       -0.327426
     Cl  24        2.699158       -0.169869       -1.379801
     Cl  24       -0.327426       -1.379801       -0.308708


     NQR/NMR SPECTROSCOPIC PARAMETERS:
     Cl   1    Vxx=   -0.0491    axis=( -0.614997  0.004833 -0.788514)
     Cl   1    Vyy=   -3.0224    axis=( -0.546988 -0.722883  0.422189)
     Cl   1    Vzz=    3.0714    axis=( -0.567963  0.690953  0.447215)
     Cl   1  Q=        -8.1650 1e-30 m^2  Cq=       -58.9236 MHz  eta= 0.96805

     C    2    Vxx=   -0.0218    axis=( -0.493733 -0.575451  0.651985)
     C    2    Vyy=   -0.6603    axis=( -0.860839  0.217184 -0.460204)
     C    2    Vzz=    0.6821    axis=(  0.123224 -0.788472 -0.602601)
     C    2  Q=         1.0000 1e-30 m^2  Cq=         1.6027 MHz  eta= 0.93606

     C    3    Vxx=    0.0279    axis=(  0.854539  0.307625 -0.418485)
     C    3    Vyy=    0.4338    axis=(  0.385793  0.163514  0.907980)
     C    3    Vzz=   -0.4616    axis=( -0.347746  0.937353 -0.021049)
     C    3  Q=         1.0000 1e-30 m^2  Cq=        -1.0847 MHz  eta= 0.87927

     H    4    Vxx=   -0.1100    axis=(  0.503236 -0.848418  0.164137)
     H    4    Vyy=   -0.2123    axis=( -0.568653 -0.182106  0.802167)
     H    4    Vzz=    0.3223    axis=(  0.650682  0.497016  0.574097)
     H    4  Q=         1.0000 1e-30 m^2  Cq=         0.7573 MHz  eta= 0.31766

     C    5    Vxx=    0.0510    axis=( -0.348428 -0.539958  0.766188)
     C    5    Vyy=    0.7760    axis=( -0.093896 -0.793192 -0.601689)
     C    5    Vzz=   -0.8271    axis=( -0.932621  0.281587 -0.225670)
     C    5  Q=         1.0000 1e-30 m^2  Cq=        -1.9433 MHz  eta= 0.87661

     H    6    Vxx=   -0.1187    axis=(  0.817090 -0.402031  0.413201)
     H    6    Vyy=   -0.1230    axis=( -0.540221 -0.283662  0.792273)
     H    6    Vzz=    0.2416    axis=(  0.201309  0.870578  0.448963)
     H    6  Q=         1.0000 1e-30 m^2  Cq=         0.5678 MHz  eta= 0.01781

     H    7    Vxx=   -0.0494    axis=(  0.949276  0.273820  0.154591)
     H    7    Vyy=   -0.5799    axis=( -0.309155  0.722916  0.617912)
     H    7    Vzz=    0.6293    axis=(  0.057440 -0.634361  0.770900)
     H    7  Q=         1.0000 1e-30 m^2  Cq=         1.4786 MHz  eta= 0.84302

     C    8    Vxx=    0.0040    axis=(  0.928294  0.316787 -0.194722)
     C    8    Vyy=    0.4908    axis=(  0.121259 -0.752926 -0.646838)
     C    8    Vzz=   -0.4948    axis=( -0.351521  0.576843 -0.737350)
     C    8  Q=         1.0000 1e-30 m^2  Cq=        -1.1625 MHz  eta= 0.98386

     H    9    Vxx=   -0.0362    axis=(  0.282448  0.886436 -0.366680)
     H    9    Vyy=   -0.8156    axis=( -0.424546  0.458282  0.780857)
     H    9    Vzz=    0.8518    axis=(  0.860223 -0.064879  0.505774)
     H    9  Q=         1.0000 1e-30 m^2  Cq=         2.0014 MHz  eta= 0.91498

     C   10    Vxx=   -0.0859    axis=( -0.639483  0.422979  0.641989)
     C   10    Vyy=   -0.1680    axis=( -0.496251 -0.864888  0.075523)
     C   10    Vzz=    0.2539    axis=(  0.587193 -0.270292  0.762985)
     C   10  Q=         1.0000 1e-30 m^2  Cq=         0.5965 MHz  eta= 0.32340

     C   11    Vxx=   -0.0938    axis=(  0.125383 -0.034401 -0.991512)
     C   11    Vyy=   -0.3415    axis=(  0.644423 -0.757039  0.107757)
     C   11    Vzz=    0.4354    axis=(  0.754320  0.652464  0.072751)
     C   11  Q=         1.0000 1e-30 m^2  Cq=         1.0229 MHz  eta= 0.56904

     Cl  12    Vxx=   -0.0731    axis=(  0.845285  0.519097 -0.126618)
     Cl  12    Vyy=   -0.7676    axis=( -0.493678  0.668102 -0.556707)
     Cl  12    Vzz=    0.8407    axis=( -0.204391  0.533084  0.821003)
     Cl  12  Q=        -8.1650 1e-30 m^2  Cq=       -16.1286 MHz  eta= 0.82603

     H   13    Vxx=   -0.0247    axis=(  0.990997 -0.121308  0.056656)
     H   13    Vyy=   -0.6139    axis=(  0.120924  0.629324 -0.767677)
     H   13    Vzz=    0.6385    axis=(  0.057470  0.767617  0.638327)
     H   13  Q=         1.0000 1e-30 m^2  Cq=         1.5003 MHz  eta= 0.92270

     C   14    Vxx=    0.1572    axis=(  0.974290  0.113620 -0.194549)
     C   14    Vyy=    0.5660    axis=( -0.178695  0.915616 -0.360159)
     C   14    Vzz=   -0.7232    axis=(  0.137211  0.385664  0.912379)
     C   14  Q=         1.0000 1e-30 m^2  Cq=        -1.6992 MHz  eta= 0.56522

     H   15    Vxx=   -0.0694    axis=( -0.534966  0.376002  0.756593)
     H   15    Vyy=   -0.6873    axis=(  0.139725  0.922553 -0.359683)
     H   15    Vzz=    0.7568    axis=( -0.833239 -0.086703 -0.546072)
     H   15  Q=         1.0000 1e-30 m^2  Cq=         1.7781 MHz  eta= 0.81650

     C   16    Vxx=   -0.1410    axis=( -0.226699 -0.144044  0.963254)
     C   16    Vyy=   -0.5425    axis=( -0.964491  0.170811 -0.201447)
     C   16    Vzz=    0.6836    axis=( -0.135517 -0.974718 -0.177652)
     C   16  Q=         1.0000 1e-30 m^2  Cq=         1.6062 MHz  eta= 0.58733

     C   17    Vxx=    0.1206    axis=( -0.147100  0.979450 -0.137981)
     C   17    Vyy=    0.3501    axis=( -0.934263 -0.183394 -0.305809)
     C   17    Vzz=   -0.4707    axis=( -0.324829  0.083926  0.942042)
     C   17  Q=         1.0000 1e-30 m^2  Cq=        -1.1061 MHz  eta= 0.48753

     Cl  18    Vxx=   -0.6746    axis=( -0.874740  0.382332 -0.297744)
     Cl  18    Vyy=   -1.9667    axis=( -0.479430 -0.593361  0.646582)
     Cl  18    Vzz=    2.6412    axis=(  0.070539  0.708339  0.702339)
     Cl  18  Q=        -8.1650 1e-30 m^2  Cq=       -50.6709 MHz  eta= 0.48920

     H   19    Vxx=    0.0120    axis=(  0.908161 -0.021064 -0.418091)
     H   19    Vyy=    0.7431    axis=( -0.125897  0.938754 -0.320765)
     H   19    Vzz=   -0.7551    axis=(  0.399241  0.343942  0.849888)
     H   19  Q=         1.0000 1e-30 m^2  Cq=        -1.7742 MHz  eta= 0.96825

     C   20    Vxx=    0.2084    axis=( -0.671528  0.247060 -0.698579)
     C   20    Vyy=    0.2729    axis=(  0.047893 -0.926334 -0.373647)
     C   20    Vzz=   -0.4812    axis=( -0.739430 -0.284371  0.610226)
     C   20  Q=         1.0000 1e-30 m^2  Cq=        -1.1307 MHz  eta= 0.13395

     H   21    Vxx=   -0.0658    axis=( -0.454898  0.122595  0.882065)
     H   21    Vyy=   -0.4898    axis=( -0.549523 -0.818062 -0.169700)
     H   21    Vzz=    0.5556    axis=(  0.700780 -0.561912  0.439503)
     H   21  Q=         1.0000 1e-30 m^2  Cq=         1.3055 MHz  eta= 0.76301

     C   22    Vxx=    0.0639    axis=( -0.507851  0.393715  0.766209)
     C   22    Vyy=    0.7525    axis=( -0.703500 -0.702879 -0.105114)
     C   22    Vzz=   -0.8164    axis=(  0.497168 -0.592410  0.633936)
     C   22  Q=         1.0000 1e-30 m^2  Cq=        -1.9182 MHz  eta= 0.84337

     C   23    Vxx=    0.0067    axis=( -0.601093  0.130603  0.788436)
     C   23    Vyy=    0.5106    axis=(  0.103821 -0.965435  0.239074)
     C   23    Vzz=   -0.5174    axis=(  0.792407  0.225561  0.566757)
     C   23  Q=         1.0000 1e-30 m^2  Cq=        -1.2156 MHz  eta= 0.97399

     Cl  24    Vxx=   -0.4106    axis=(  0.457792 -0.043081  0.888015)
     Cl  24    Vyy=   -2.8520    axis=( -0.573941  0.748492  0.332192)
     Cl  24    Vzz=    3.2625    axis=( -0.678983 -0.661743  0.317927)
     Cl  24  Q=        -8.1650 1e-30 m^2  Cq=       -62.5897 MHz  eta= 0.74831

     Initialization:
     gipaw_setup  :      9.19s CPU     10.78s WALL (       1 calls)

     Linear response

     Apply operators

     Induced current

     Other routines
     efg          :      8.99s CPU     11.06s WALL (       1 calls)

     General routines
     calbec       :      3.12s CPU      3.98s WALL (      16 calls)
     fft          :      1.49s CPU      2.14s WALL (      15 calls)
     ffts         :      0.03s CPU      0.04s WALL (       2 calls)
     fftw         :      3.16s CPU      3.79s WALL (     672 calls)
     davcio       :      0.01s CPU      0.32s WALL (      32 calls)

     Parallel routines
     fft_scatter  :      1.96s CPU      3.03s WALL (     689 calls)

     Plugins

     GIPAW        :     60.92s CPU     72.07s WALL (       1 calls)
