
     Program QE v.6.0 (svn rev. 13079) starts on 18Jan2017 at  6:30:32 

     This program is part of the open-source Quantum ESPRESSO suite
     for quantum simulation of materials; please cite
         "P. Giannozzi et al., J. Phys.:Condens. Matter 21 395502 (2009);
          URL http://www.quantum-espresso.org", 
     in publications or presentations arising from this work. More details at
     http://www.quantum-espresso.org/quote

     Parallel version (MPI), running on     8 processors
     R & G space division:  proc/nbgrp/npool/nimage =       8

     ***** This is GIPAW svn revision unknown      *****

     Parallelizing q-star over 1 images

     Reading data from directory:
     /users/majewski/paradichlorobenzene/pbe/9_constraint/scratch/pbe.ecut100.np8.dt60.pcl2phi-129368.save
     Message from routine read_xml_file:
     file /users/majewski/paradichlorobenzene/pbe/9_constraint/scratch/pbe.ecut100.np8.dt60.pcl2phi-129368.save not guaranteed to be safe for post-processing

   Info: using nr1, nr2, nr3 values from input

   Info: using nr1, nr2, nr3 values from input

     IMPORTANT: XC functional enforced from input :
     Exchange-correlation      =  SLA  PW   PBX  PBC ( 1  4  3  4 0 0)
     Any further DFT definition will be discarded
     Please, verify this is what you really want

               file C.pbe-n-kjpaw_psl.1.0.0.UPF: wavefunction(s)  2S 2P renormalized
               file Cl.pbe-n-kjpaw_psl.1.0.0.UPF: wavefunction(s)  3S 3P renormalized
               file H.pbe-kjpaw_psl.1.0.0.UPF: wavefunction(s)  1S renormalized

     Parallelization info
     --------------------
     sticks:   dense  smooth     PW     G-vecs:    dense   smooth      PW
     Min        3057    1223    332               144436    36536    5170
     Max        3059    1225    333               144437    36537    5171
     Sum       24467    9791   2657              1155489   292295   41363


     Subspace diagonalization in iterative solution of the eigenvalue problem:
     a serial algorithm will be used

     GIPAW projectors -----------------------------------------------
     atom=  C    l=0  rc=    1.2000  rs=    0.8000
     atom=  C    l=0  rc=    1.2000  rs=    0.8000
     atom=  C    l=1  rc=    1.4000  rs=    0.9333
     atom=  C    l=1  rc=    1.4000  rs=    0.9333
     projs nearly linearly dependent: l=1  n1,n2= 1, 2  s=  0.99951561

     atom=  Cl   l=0  rc=    1.6000  rs=    1.0667
     atom=  Cl   l=0  rc=    1.6000  rs=    1.0667
     atom=  Cl   l=1  rc=    1.6000  rs=    1.0667
     atom=  Cl   l=1  rc=    1.6000  rs=    1.0667
     atom=  Cl   l=2  rc=    1.6000  rs=    1.0667
     atom=  Cl   l=2  rc=    1.6000  rs=    1.0667
     projs nearly linearly dependent: l=2  n1,n2= 1, 2  s=  0.99993509

     atom=  H    l=0  rc=    1.0000  rs=    0.6667
     atom=  H    l=0  rc=    1.0000  rs=    0.6667
     projs nearly linearly dependent: l=0  n1,n2= 1, 2  s=  0.99968852
     -----------------------------------------------------------------

     GIPAW integrals: -------------------------------------------
     Atom  i/j   nmr_para   nmr_dia   epr_rmc  epr_para   epr_dia
       C   1 1   0.83E+03  0.17E-01  0.93E+01  0.24E+08  0.24E+03
       C   2 1   0.86E+03 -0.61E-01  0.94E+01  0.25E+08  0.25E+03
       C   2 2   0.90E+03 -0.15E+00  0.97E+01  0.26E+08  0.26E+03
       C   3 3   0.33E+01  0.34E+00  0.18E+01  0.55E+03  0.21E+02
       C   4 3   0.35E+01  0.37E+00  0.20E+01  0.59E+03  0.22E+02
       C   4 4   0.38E+01  0.39E+00  0.22E+01  0.63E+03  0.24E+02
       Cl  1 1   0.14E+04 -0.47E+00  0.84E+01  0.32E+09  0.42E+03
       Cl  2 1   0.21E+04 -0.37E+00  0.12E+02  0.49E+09  0.65E+03
       Cl  2 2   0.33E+04 -0.16E+00  0.21E+02  0.76E+09  0.10E+04
       Cl  3 3   0.21E+02  0.79E-01  0.89E+01  0.23E+05  0.13E+03
       Cl  4 3   0.24E+02  0.67E-01  0.99E+01  0.27E+05  0.15E+03
       Cl  4 4   0.28E+02  0.44E-01  0.11E+02  0.32E+05  0.18E+03
       Cl  5 5   0.77E+00  0.19E+00  0.18E+01  0.12E+03  0.22E+02
       Cl  6 5   0.80E+00  0.19E+00  0.19E+01  0.12E+03  0.23E+02
       Cl  6 6   0.83E+00  0.20E+00  0.19E+01  0.12E+03  0.23E+02
       H   1 1   0.39E+02  0.19E+00  0.29E+00  0.78E+05  0.13E+02
       H   2 1   0.41E+02  0.21E+00  0.32E+00  0.82E+05  0.14E+02
       H   2 2   0.43E+02  0.22E+00  0.36E+00  0.86E+05  0.15E+02
     ------------------------------------------------------------

     alpha_pv=     34.0357 eV

     Number of occupied bands for each k-point:
     k-point:     1    nbnd_occ=  42
     k-point:     2    nbnd_occ=  42
     k-point:     3    nbnd_occ=  42
     k-point:     4    nbnd_occ=  42
     k-point:     5    nbnd_occ=  42
     k-point:     6    nbnd_occ=  42
     k-point:     7    nbnd_occ=  42
     k-point:     8    nbnd_occ=  42
     k-point:     9    nbnd_occ=  42
     k-point:    10    nbnd_occ=  42
     k-point:    11    nbnd_occ=  42
     k-point:    12    nbnd_occ=  42
     k-point:    13    nbnd_occ=  42
     k-point:    14    nbnd_occ=  42
     k-point:    15    nbnd_occ=  42
     k-point:    16    nbnd_occ=  42


     q-space interpolation up to   110.00 Rydberg

     GIPAW job: efg                                                                             


     ELECTRIC FIELD GRADIENTS TENSORS IN Hartree/bohrradius^2:

     ----- bare term -----
     Cl   1       -0.140140        0.179363       -0.011669
     Cl   1        0.179363       -0.036823        0.013284
     Cl   1       -0.011669        0.013284        0.176962

     C    2        0.021845       -0.143998       -0.362533
     C    2       -0.143998       -0.454111       -0.377649
     C    2       -0.362533       -0.377649        0.432267

     C    3       -0.277992        0.407030       -0.304692
     C    3        0.407030        0.000362       -0.011184
     C    3       -0.304692       -0.011184        0.277631

     H    4        0.086153       -0.013641       -0.177098
     H    4       -0.013641        0.334872       -0.368980
     H    4       -0.177098       -0.368980       -0.421025

     C    5       -0.022616       -0.211732       -0.512843
     C    5       -0.211732       -0.106715       -0.401521
     C    5       -0.512843       -0.401521        0.129332

     H    6        0.028409        0.176493        0.348687
     H    6        0.176493        0.022379       -0.443526
     H    6        0.348687       -0.443526       -0.050788

     H    7        0.333763        0.172334       -0.018613
     H    7        0.172334       -0.545566        0.412604
     H    7       -0.018613        0.412604        0.211803

     C    8       -0.508875       -0.313809       -0.336478
     C    8       -0.313809        0.070028        0.346012
     C    8       -0.336478        0.346012        0.438847

     H    9       -0.058369        0.015834       -0.531005
     H    9        0.015834        0.168651       -0.176533
     H    9       -0.531005       -0.176533       -0.110282

     C   10       -0.064679       -0.365621       -0.220397
     C   10       -0.365621       -0.167958        0.593562
     C   10       -0.220397        0.593562        0.232637

     C   11       -0.194901       -0.193727       -0.502082
     C   11       -0.193727       -0.050647        0.454633
     C   11       -0.502082        0.454633        0.245548

     Cl  12       -0.050437       -0.118694       -0.067487
     Cl  12       -0.118694        0.003464        0.054091
     Cl  12       -0.067487        0.054091        0.046973

     H   13        0.159516       -0.070752        0.230071
     H   13       -0.070752       -0.178357       -0.485729
     H   13        0.230071       -0.485729        0.018841

     C   14       -0.755780        0.369890       -0.416396
     C   14        0.369890        0.342345       -0.128944
     C   14       -0.416396       -0.128944        0.413434

     H   15        0.085792       -0.086943       -0.404770
     H   15       -0.086943        0.383226        0.166956
     H   15       -0.404770        0.166956       -0.469018

     C   16       -0.153670        0.228435       -0.247389
     C   16        0.228435       -0.136705       -0.644422
     C   16       -0.247389       -0.644422        0.290375

     C   17       -0.113105        0.355335       -0.157262
     C   17        0.355335       -0.256979       -0.409442
     C   17       -0.157262       -0.409442        0.370085

     Cl  18       -0.093494       -0.043205        0.016780
     Cl  18       -0.043205       -0.102526       -0.040444
     Cl  18        0.016780       -0.040444        0.196021

     H   19        0.420064        0.293870        0.075503
     H   19        0.293870       -0.688267       -0.007914
     H   19        0.075503       -0.007914        0.268203

     C   20       -0.239261       -0.320327       -0.326182
     C   20       -0.320327       -0.186508        0.343108
     C   20       -0.326182        0.343108        0.425768

     H   21       -0.361622        0.509537       -0.153847
     H   21        0.509537        0.042970       -0.038095
     H   21       -0.153847       -0.038095        0.318652

     C   22       -0.248157       -0.286048       -0.305290
     C   22       -0.286048       -0.207986        0.513480
     C   22       -0.305290        0.513480        0.456143

     C   23       -0.150330       -0.144734       -0.302841
     C   23       -0.144734       -0.170661        0.501913
     C   23       -0.302841        0.501913        0.320992

     Cl  24       -0.032160        0.033912       -0.042895
     Cl  24        0.033912        0.009226        0.076503
     Cl  24       -0.042895        0.076503        0.022934

     ----- ionic term -----
     Cl   1        0.149494       -0.199627        0.051696
     Cl   1       -0.199627       -0.020686       -0.022679
     Cl   1        0.051696       -0.022679       -0.128807

     C    2        0.116240       -0.244047        0.346999
     C    2       -0.244047        0.027894        0.375607
     C    2        0.346999        0.375607       -0.144134

     C    3        0.081306       -0.277372        0.233383
     C    3       -0.277372        0.123677        0.382679
     C    3        0.233383        0.382679       -0.204983

     H    4        0.243004        0.315652        0.773270
     H    4        0.315652       -0.377692        0.373888
     H    4        0.773270        0.373888        0.134688

     C    5        0.208802       -0.260397        0.312581
     C    5       -0.260397       -0.020019        0.283583
     C    5        0.312581        0.283583       -0.188783

     H    6       -0.512888       -0.122569       -0.061576
     H    6       -0.122569        0.538224        0.748181
     H    6       -0.061576        0.748181       -0.025336

     H    7       -0.498832       -0.184993        0.087487
     H    7       -0.184993        0.845321       -0.530525
     H    7        0.087487       -0.530525       -0.346489

     C    8        0.213500        0.213426        0.325955
     C    8        0.213426        0.194056       -0.198092
     C    8        0.325955       -0.198092       -0.407556

     H    9        0.610552       -0.225759        0.744169
     H    9       -0.225759       -0.449354       -0.218002
     H    9        0.744169       -0.218002       -0.161198

     C   10        0.068914        0.264981        0.270956
     C   10        0.264981        0.282111       -0.343329
     C   10        0.270956       -0.343329       -0.351025

     C   11        0.163824        0.173780        0.296960
     C   11        0.173780        0.192672       -0.398964
     C   11        0.296960       -0.398964       -0.356496

     Cl  12        0.118524        0.218079        0.020176
     Cl  12        0.218079        0.035836        0.003410
     Cl  12        0.020176        0.003410       -0.154360

     H   13       -0.505273       -0.159036       -0.098641
     H   13       -0.159036        0.435659        0.766398
     H   13       -0.098641        0.766398        0.069614

     C   14        0.189839       -0.272901        0.360071
     C   14       -0.272901       -0.059648        0.275373
     C   14        0.360071        0.275373       -0.130191

     H   15        0.273098        0.173833        0.803463
     H   15        0.173833       -0.491551        0.253466
     H   15        0.803463        0.253466        0.218454

     C   16        0.067805       -0.350072        0.235548
     C   16       -0.350072        0.072942        0.361088
     C   16        0.235548        0.361088       -0.140747

     C   17        0.097635       -0.317217        0.312479
     C   17       -0.317217        0.056412        0.377506
     C   17        0.312479        0.377506       -0.154047

     Cl  18        0.137943       -0.243027        0.063993
     Cl  18       -0.243027        0.010569       -0.037364
     Cl  18        0.063993       -0.037364       -0.148512

     H   19       -0.498958       -0.041844        0.033888
     H   19       -0.041844        0.723099       -0.642018
     H   19        0.033888       -0.642018       -0.224141

     C   20        0.290814        0.231388        0.297989
     C   20        0.231388        0.118807       -0.259916
     C   20        0.297989       -0.259916       -0.409621

     H   21        0.577589       -0.427646        0.618605
     H   21       -0.427646       -0.328841       -0.280153
     H   21        0.618605       -0.280153       -0.248748

     C   22        0.128173        0.215857        0.216874
     C   22        0.215857        0.317138       -0.328961
     C   22        0.216874       -0.328961       -0.445311

     C   23        0.154417        0.186375        0.296490
     C   23        0.186375        0.241009       -0.297009
     C   23        0.296490       -0.297009       -0.395426

     Cl  24        0.103634        0.204057        0.025935
     Cl  24        0.204057        0.053222        0.019940
     Cl  24        0.025935        0.019940       -0.156856

     ----- GIPAW term -----
     Cl   1       -1.027953       -0.996999       -0.271349
     Cl   1       -0.996999       -1.207284        1.053268
     Cl   1       -0.271349        1.053268        2.235237

     C    2       -0.048841       -0.137156       -0.126632
     C    2       -0.137156       -0.139703        0.080669
     C    2       -0.126632        0.080669        0.188544

     C    3       -0.006460       -0.027293       -0.154885
     C    3       -0.027293       -0.047386        0.085032
     C    3       -0.154885        0.085032        0.053847

     H    4       -0.000000        0.000000        0.000000
     H    4        0.000000        0.000000        0.000000
     H    4        0.000000        0.000000        0.000000

     C    5        0.130629       -0.112401       -0.208797
     C    5       -0.112401       -0.130324       -0.014472
     C    5       -0.208797       -0.014472       -0.000306

     H    6       -0.000000        0.000000        0.000000
     H    6        0.000000        0.000000        0.000000
     H    6        0.000000        0.000000        0.000000

     H    7       -0.000000        0.000000        0.000000
     H    7        0.000000        0.000000        0.000000
     H    7        0.000000        0.000000        0.000000

     C    8       -0.102734       -0.048643       -0.046894
     C    8       -0.048643        0.051884        0.076709
     C    8       -0.046894        0.076709        0.050850

     H    9       -0.000000        0.000000        0.000000
     H    9        0.000000        0.000000        0.000000
     H    9        0.000000        0.000000        0.000000

     C   10       -0.078155       -0.130596       -0.108981
     C   10       -0.130596        0.048003        0.219469
     C   10       -0.108981        0.219469        0.030152

     C   11       -0.023507       -0.048663       -0.175854
     C   11       -0.048663        0.023651        0.198051
     C   11       -0.175854        0.198051       -0.000144

     Cl  12        0.411967       -0.282147       -1.372359
     Cl  12       -0.282147        0.688049        1.780067
     Cl  12       -1.372359        1.780067       -1.100016

     H   13       -0.000000        0.000000        0.000000
     H   13        0.000000        0.000000        0.000000
     H   13        0.000000        0.000000        0.000000

     C   14       -0.183974        0.123839       -0.028663
     C   14        0.123839        0.182213        0.085008
     C   14       -0.028663        0.085008        0.001761

     H   15       -0.000000        0.000000        0.000000
     H   15        0.000000        0.000000        0.000000
     H   15        0.000000        0.000000        0.000000

     C   16       -0.121837        0.040883       -0.069814
     C   16        0.040883        0.066245       -0.226361
     C   16       -0.069814       -0.226361        0.055592

     C   17        0.190607       -0.120866        0.003089
     C   17       -0.120866       -0.092375       -0.057278
     C   17        0.003089       -0.057278       -0.098232

     Cl  18        0.036135       -2.227740        0.703858
     Cl  18       -2.227740       -1.076902       -0.783644
     Cl  18        0.703858       -0.783644        1.040767

     H   19       -0.000000        0.000000        0.000000
     H   19        0.000000        0.000000        0.000000
     H   19        0.000000        0.000000        0.000000

     C   20       -0.024527       -0.135045       -0.162694
     C   20       -0.135045       -0.066168        0.168582
     C   20       -0.162694        0.168582        0.090695

     H   21       -0.000000        0.000000        0.000000
     H   21        0.000000        0.000000        0.000000
     H   21        0.000000        0.000000        0.000000

     C   22       -0.091116       -0.087244       -0.152011
     C   22       -0.087244       -0.038258        0.168449
     C   22       -0.152011        0.168449        0.129374

     C   23        0.077053        0.102700       -0.053841
     C   23        0.102700       -0.030661        0.079135
     C   23       -0.053841        0.079135       -0.046392

     Cl  24        1.036229        2.370651       -0.259098
     Cl  24        2.370651        0.219400        0.667799
     Cl  24       -0.259098        0.667799       -1.255629

     ----- total EFG -----
     Cl   1       -1.018599       -1.017263       -0.231322
     Cl   1       -1.017263       -1.264793        1.043872
     Cl   1       -0.231322        1.043872        2.283392

     C    2        0.089244       -0.525201       -0.142166
     C    2       -0.525201       -0.565921        0.078627
     C    2       -0.142166        0.078627        0.476677

     C    3       -0.203147        0.102366       -0.226193
     C    3        0.102366        0.076652        0.456528
     C    3       -0.226193        0.456528        0.126495

     H    4        0.329158        0.302011        0.596173
     H    4        0.302011       -0.042821        0.004907
     H    4        0.596173        0.004907       -0.286337

     C    5        0.316815       -0.584530       -0.409059
     C    5       -0.584530       -0.257058       -0.132410
     C    5       -0.409059       -0.132410       -0.059757

     H    6       -0.484479        0.053924        0.287112
     H    6        0.053924        0.560603        0.304656
     H    6        0.287112        0.304656       -0.076124

     H    7       -0.165069       -0.012660        0.068874
     H    7       -0.012660        0.299755       -0.117920
     H    7        0.068874       -0.117920       -0.134686

     C    8       -0.398108       -0.149026       -0.057417
     C    8       -0.149026        0.315967        0.224629
     C    8       -0.057417        0.224629        0.082141

     H    9        0.552183       -0.209925        0.213164
     H    9       -0.209925       -0.280704       -0.394535
     H    9        0.213164       -0.394535       -0.271480

     C   10       -0.073920       -0.231236       -0.058422
     C   10       -0.231236        0.162156        0.469702
     C   10       -0.058422        0.469702       -0.088236

     C   11       -0.054584       -0.068609       -0.380976
     C   11       -0.068609        0.165676        0.253721
     C   11       -0.380976        0.253721       -0.111092

     Cl  12        0.480055       -0.182762       -1.419670
     Cl  12       -0.182762        0.727349        1.837568
     Cl  12       -1.419670        1.837568       -1.207404

     H   13       -0.345757       -0.229789        0.131429
     H   13       -0.229789        0.257302        0.280668
     H   13        0.131429        0.280668        0.088455

     C   14       -0.749915        0.220829       -0.084989
     C   14        0.220829        0.464911        0.231437
     C   14       -0.084989        0.231437        0.285004

     H   15        0.358889        0.086891        0.398692
     H   15        0.086891       -0.108325        0.420423
     H   15        0.398692        0.420423       -0.250564

     C   16       -0.207703       -0.080753       -0.081655
     C   16       -0.080753        0.002483       -0.509696
     C   16       -0.081655       -0.509696        0.205220

     C   17        0.175136       -0.082748        0.158306
     C   17       -0.082748       -0.292943       -0.089215
     C   17        0.158306       -0.089215        0.117806

     Cl  18        0.080583       -2.513971        0.784631
     Cl  18       -2.513971       -1.168859       -0.861453
     Cl  18        0.784631       -0.861453        1.088276

     H   19       -0.078894        0.252026        0.109390
     H   19        0.252026        0.034832       -0.649932
     H   19        0.109390       -0.649932        0.044062

     C   20        0.027026       -0.223984       -0.190887
     C   20       -0.223984       -0.133869        0.251773
     C   20       -0.190887        0.251773        0.106843

     H   21        0.215967        0.081890        0.464758
     H   21        0.081890       -0.285872       -0.318248
     H   21        0.464758       -0.318248        0.069904

     C   22       -0.211100       -0.157435       -0.240427
     C   22       -0.157435        0.070895        0.352968
     C   22       -0.240427        0.352968        0.140206

     C   23        0.081139        0.144341       -0.060192
     C   23        0.144341        0.039687        0.284039
     C   23       -0.060192        0.284039       -0.120826

     Cl  24        1.107703        2.608620       -0.276057
     Cl  24        2.608620        0.281848        0.764243
     Cl  24       -0.276057        0.764243       -1.389551

     ----- total EFG (symmetrized) -----
     Cl   1       -1.018599       -1.017263       -0.231322
     Cl   1       -1.017263       -1.264793        1.043872
     Cl   1       -0.231322        1.043872        2.283392

     C    2        0.089244       -0.525201       -0.142166
     C    2       -0.525201       -0.565921        0.078627
     C    2       -0.142166        0.078627        0.476677

     C    3       -0.203147        0.102366       -0.226193
     C    3        0.102366        0.076652        0.456528
     C    3       -0.226193        0.456528        0.126495

     H    4        0.329158        0.302011        0.596173
     H    4        0.302011       -0.042821        0.004907
     H    4        0.596173        0.004907       -0.286337

     C    5        0.316815       -0.584530       -0.409059
     C    5       -0.584530       -0.257058       -0.132410
     C    5       -0.409059       -0.132410       -0.059757

     H    6       -0.484479        0.053924        0.287112
     H    6        0.053924        0.560603        0.304656
     H    6        0.287112        0.304656       -0.076124

     H    7       -0.165069       -0.012660        0.068874
     H    7       -0.012660        0.299755       -0.117920
     H    7        0.068874       -0.117920       -0.134686

     C    8       -0.398108       -0.149026       -0.057417
     C    8       -0.149026        0.315967        0.224629
     C    8       -0.057417        0.224629        0.082141

     H    9        0.552183       -0.209925        0.213164
     H    9       -0.209925       -0.280704       -0.394535
     H    9        0.213164       -0.394535       -0.271480

     C   10       -0.073920       -0.231236       -0.058422
     C   10       -0.231236        0.162156        0.469702
     C   10       -0.058422        0.469702       -0.088236

     C   11       -0.054584       -0.068609       -0.380976
     C   11       -0.068609        0.165676        0.253721
     C   11       -0.380976        0.253721       -0.111092

     Cl  12        0.480055       -0.182762       -1.419670
     Cl  12       -0.182762        0.727349        1.837568
     Cl  12       -1.419670        1.837568       -1.207404

     H   13       -0.345757       -0.229789        0.131429
     H   13       -0.229789        0.257302        0.280668
     H   13        0.131429        0.280668        0.088455

     C   14       -0.749915        0.220829       -0.084989
     C   14        0.220829        0.464911        0.231437
     C   14       -0.084989        0.231437        0.285004

     H   15        0.358889        0.086891        0.398692
     H   15        0.086891       -0.108325        0.420423
     H   15        0.398692        0.420423       -0.250564

     C   16       -0.207703       -0.080753       -0.081655
     C   16       -0.080753        0.002483       -0.509696
     C   16       -0.081655       -0.509696        0.205220

     C   17        0.175136       -0.082748        0.158306
     C   17       -0.082748       -0.292943       -0.089215
     C   17        0.158306       -0.089215        0.117806

     Cl  18        0.080583       -2.513971        0.784631
     Cl  18       -2.513971       -1.168859       -0.861453
     Cl  18        0.784631       -0.861453        1.088276

     H   19       -0.078894        0.252026        0.109390
     H   19        0.252026        0.034832       -0.649932
     H   19        0.109390       -0.649932        0.044062

     C   20        0.027026       -0.223984       -0.190887
     C   20       -0.223984       -0.133869        0.251773
     C   20       -0.190887        0.251773        0.106843

     H   21        0.215967        0.081890        0.464758
     H   21        0.081890       -0.285872       -0.318248
     H   21        0.464758       -0.318248        0.069904

     C   22       -0.211100       -0.157435       -0.240427
     C   22       -0.157435        0.070895        0.352968
     C   22       -0.240427        0.352968        0.140206

     C   23        0.081139        0.144341       -0.060192
     C   23        0.144341        0.039687        0.284039
     C   23       -0.060192        0.284039       -0.120826

     Cl  24        1.107703        2.608620       -0.276057
     Cl  24        2.608620        0.281848        0.764243
     Cl  24       -0.276057        0.764243       -1.389551


     NQR/NMR SPECTROSCOPIC PARAMETERS:
     Cl   1    Vxx=   -0.3770    axis=( -0.779721  0.556845 -0.286284)
     Cl   1    Vyy=   -2.2603    axis=(  0.610146  0.778388 -0.147763)
     Cl   1    Vzz=    2.6374    axis=( -0.140559  0.289889  0.946682)
     Cl   1  Q=        -8.1650 1e-30 m^2  Cq=       -50.5970 MHz  eta= 0.71408

     C    2    Vxx=    0.2593    axis=( -0.700413  0.388757 -0.598572)
     C    2    Vyy=    0.5981    axis=( -0.523463  0.290302  0.801069)
     C    2    Vzz=   -0.8573    axis=( -0.485188 -0.874410 -0.000169)
     C    2  Q=         1.0000 1e-30 m^2  Cq=        -2.0144 MHz  eta= 0.39520

     C    3    Vxx=   -0.0467    axis=(  0.796174  0.514978 -0.317656)
     C    3    Vyy=   -0.5244    axis=( -0.591004  0.549346 -0.590706)
     C    3    Vzz=    0.5711    axis=( -0.129698  0.658040  0.741729)
     C    3  Q=         1.0000 1e-30 m^2  Cq=         1.3418 MHz  eta= 0.83648

     H    4    Vxx=   -0.0881    axis=(  0.131628 -0.918398  0.373120)
     H    4    Vyy=   -0.6887    axis=(  0.543349 -0.247975 -0.802048)
     H    4    Vzz=    0.7768    axis=(  0.829124  0.308306  0.466370)
     H    4  Q=         1.0000 1e-30 m^2  Cq=         1.8252 MHz  eta= 0.77317

     C    5    Vxx=    0.0009    axis=(  0.055317 -0.552241  0.831847)
     C    5    Vyy=    0.7815    axis=( -0.837456  0.428001  0.339828)
     C    5    Vzz=   -0.7825    axis=( -0.543698 -0.715434 -0.438802)
     C    5  Q=         1.0000 1e-30 m^2  Cq=        -1.8385 MHz  eta= 0.99759

     H    6    Vxx=   -0.0644    axis=(  0.475354 -0.418277  0.774004)
     H    6    Vyy=   -0.6404    axis=( -0.868832 -0.084729  0.487804)
     H    6    Vzz=    0.7049    axis=(  0.138457  0.904359  0.403689)
     H    6  Q=         1.0000 1e-30 m^2  Cq=         1.6561 MHz  eta= 0.81717

     H    7    Vxx=   -0.1022    axis=(  0.699578  0.221356  0.679406)
     H    7    Vyy=   -0.2293    axis=(  0.712056 -0.136482 -0.688730)
     H    7    Vzz=    0.3314    axis=(  0.059728 -0.965595  0.253097)
     H    7  Q=         1.0000 1e-30 m^2  Cq=         0.7788 MHz  eta= 0.38339

     C    8    Vxx=   -0.0522    axis=(  0.071282 -0.498368  0.864030)
     C    8    Vyy=   -0.4283    axis=( -0.981734 -0.188248 -0.027588)
     C    8    Vzz=    0.4805    axis=(  0.176401 -0.846281 -0.502683)
     C    8  Q=         1.0000 1e-30 m^2  Cq=         1.1289 MHz  eta= 0.78287

     H    9    Vxx=   -0.0342    axis=(  0.454486  0.626441 -0.633256)
     H    9    Vyy=   -0.6707    axis=( -0.000488  0.711097  0.703094)
     H    9    Vzz=    0.7048    axis=(  0.890754 -0.319237  0.323490)
     H    9  Q=         1.0000 1e-30 m^2  Cq=         1.6561 MHz  eta= 0.90302

     C   10    Vxx=   -0.1211    axis=(  0.913392  0.085776  0.397941)
     C   10    Vyy=   -0.4745    axis=( -0.258663 -0.632548  0.730052)
     C   10    Vzz=    0.5956    axis=( -0.314338  0.769757  0.555577)
     C   10  Q=         1.0000 1e-30 m^2  Cq=         1.3994 MHz  eta= 0.59339

     C   11    Vxx=    0.0244    axis=(  0.597648  0.758257 -0.260505)
     C   11    Vyy=    0.4727    axis=( -0.514031  0.611732  0.601295)
     C   11    Vzz=   -0.4971    axis=(  0.615296 -0.225455  0.755368)
     C   11  Q=         1.0000 1e-30 m^2  Cq=        -1.1681 MHz  eta= 0.90172

     Cl  12    Vxx=    0.3942    axis=(  0.802747  0.595655 -0.028146)
     Cl  12    Vyy=    2.3362    axis=(  0.486048 -0.680918 -0.547822)
     Cl  12    Vzz=   -2.7304    axis=( -0.345478  0.426082 -0.836121)
     Cl  12  Q=        -8.1650 1e-30 m^2  Cq=        52.3816 MHz  eta= 0.71124

     H   13    Vxx=    0.0274    axis=(  0.515688 -0.405741  0.754612)
     H   13    Vyy=    0.4814    axis=( -0.143578  0.827377  0.542985)
     H   13    Vzz=   -0.5087    axis=( -0.844660 -0.388357  0.368413)
     H   13  Q=         1.0000 1e-30 m^2  Cq=        -1.1953 MHz  eta= 0.89243

     C   14    Vxx=    0.1664    axis=( -0.199411 -0.503987  0.840376)
     C   14    Vyy=    0.6370    axis=( -0.101684 -0.842328 -0.529286)
     C   14    Vzz=   -0.8034    axis=( -0.974626  0.190998 -0.116722)
     C   14  Q=         1.0000 1e-30 m^2  Cq=        -1.8876 MHz  eta= 0.58581

     H   15    Vxx=    0.0123    axis=(  0.571287 -0.750067 -0.333211)
     H   15    Vyy=    0.6608    axis=( -0.778440 -0.366507 -0.509612)
     H   15    Vzz=   -0.6731    axis=(  0.260119  0.550520 -0.793263)
     H   15  Q=         1.0000 1e-30 m^2  Cq=        -1.5814 MHz  eta= 0.96356

     C   16    Vxx=   -0.1574    axis=(  0.914552 -0.321302 -0.245682)
     C   16    Vyy=   -0.4663    axis=(  0.404207  0.704233  0.583671)
     C   16    Vzz=    0.6237    axis=( -0.014518 -0.633104  0.773930)
     C   16  Q=         1.0000 1e-30 m^2  Cq=         1.4655 MHz  eta= 0.49528

     C   17    Vxx=   -0.0137    axis=( -0.653897 -0.047469  0.755093)
     C   17    Vyy=   -0.3171    axis=(  0.113435  0.980597  0.159879)
     C   17    Vzz=    0.3307    axis=( -0.748031  0.190199 -0.635825)
     C   17  Q=         1.0000 1e-30 m^2  Cq=         0.7771 MHz  eta= 0.91730

     Cl  18    Vxx=    0.3303    axis=( -0.466569  0.305418  0.830080)
     Cl  18    Vyy=    2.8139    axis=( -0.643660  0.526440 -0.555484)
     Cl  18    Vzz=   -3.1442    axis=( -0.606642 -0.793461 -0.049035)
     Cl  18  Q=        -8.1650 1e-30 m^2  Cq=        60.3191 MHz  eta= 0.78990

     H   19    Vxx=    0.0116    axis=(  0.916330  0.172262  0.361476)
     H   19    Vyy=    0.7030    axis=(  0.135229  0.716569 -0.684282)
     H   19    Vzz=   -0.7147    axis=( -0.376898  0.675911  0.633319)
     H   19  Q=         1.0000 1e-30 m^2  Cq=        -1.6792 MHz  eta= 0.96743

     C   20    Vxx=   -0.1273    axis=( -0.746835  0.050477 -0.663091)
     C   20    Vyy=   -0.3273    axis=( -0.362970 -0.866431  0.342855)
     C   20    Vzz=    0.4546    axis=( -0.557217  0.496738  0.665403)
     C   20  Q=         1.0000 1e-30 m^2  Cq=         1.0682 MHz  eta= 0.43993

     H   21    Vxx=   -0.0279    axis=(  0.570801  0.703486 -0.423431)
     H   21    Vyy=   -0.6106    axis=( -0.405511  0.689940  0.599619)
     H   21    Vzz=    0.6385    axis=(  0.713966 -0.170558  0.679090)
     H   21  Q=         1.0000 1e-30 m^2  Cq=         1.5001 MHz  eta= 0.91269

     C   22    Vxx=   -0.2288    axis=( -0.406161 -0.777930  0.479436)
     C   22    Vyy=   -0.3356    axis=( -0.846325  0.122371 -0.518419)
     C   22    Vzz=    0.5644    axis=(  0.344625 -0.616321 -0.708084)
     C   22  Q=         1.0000 1e-30 m^2  Cq=         1.3262 MHz  eta= 0.18917

     C   23    Vxx=    0.0872    axis=( -0.869208  0.158759  0.468267)
     C   23    Vyy=    0.2893    axis=( -0.401453 -0.779453 -0.480924)
     C   23    Vzz=   -0.3765    axis=(  0.288641 -0.606010  0.741241)
     C   23  Q=         1.0000 1e-30 m^2  Cq=        -0.8846 MHz  eta= 0.53675

     Cl  24    Vxx=   -0.8712    axis=(  0.416669 -0.402355 -0.815167)
     Cl  24    Vyy=   -2.4824    axis=( -0.509070  0.639649 -0.575931)
     Cl  24    Vzz=    3.3536    axis=( -0.753150 -0.654950 -0.061695)
     Cl  24  Q=        -8.1650 1e-30 m^2  Cq=       -64.3368 MHz  eta= 0.48042

     Initialization:
     gipaw_setup  :      9.34s CPU     11.48s WALL (       1 calls)

     Linear response

     Apply operators

     Induced current

     Other routines
     efg          :     10.32s CPU     14.13s WALL (       1 calls)

     General routines
     calbec       :      3.49s CPU      4.88s WALL (      16 calls)
     fft          :      1.66s CPU      2.50s WALL (      15 calls)
     ffts         :      0.04s CPU      0.06s WALL (       2 calls)
     fftw         :      3.89s CPU      5.40s WALL (     672 calls)
     davcio       :      0.11s CPU      0.41s WALL (      32 calls)

     Parallel routines
     fft_scatter  :      2.88s CPU      4.96s WALL (     689 calls)

     Plugins

     GIPAW        :     66.39s CPU     87.16s WALL (       1 calls)
