
     Program QE v.6.0 (svn rev. 13079) starts on 17Dec2016 at  9:48:16 

     This program is part of the open-source Quantum ESPRESSO suite
     for quantum simulation of materials; please cite
         "P. Giannozzi et al., J. Phys.:Condens. Matter 21 395502 (2009);
          URL http://www.quantum-espresso.org", 
     in publications or presentations arising from this work. More details at
     http://www.quantum-espresso.org/quote

     Parallel version (MPI), running on     8 processors
     R & G space division:  proc/nbgrp/npool/nimage =       8

     ***** This is GIPAW svn revision unknown      *****

     Parallelizing q-star over 1 images

     Reading data from directory:
     /users/majewski/paradichlorobenzene/pbe/9_constraint/scratch/pbe.ecut100.np8.dt60.pcl2phi-129368.save
     Message from routine read_xml_file:
     file /users/majewski/paradichlorobenzene/pbe/9_constraint/scratch/pbe.ecut100.np8.dt60.pcl2phi-129368.save not guaranteed to be safe for post-processing

   Info: using nr1, nr2, nr3 values from input

   Info: using nr1, nr2, nr3 values from input

     IMPORTANT: XC functional enforced from input :
     Exchange-correlation      =  SLA  PW   PBX  PBC ( 1  4  3  4 0 0)
     Any further DFT definition will be discarded
     Please, verify this is what you really want

               file C.pbe-n-kjpaw_psl.1.0.0.UPF: wavefunction(s)  2S 2P renormalized
               file Cl.pbe-n-kjpaw_psl.1.0.0.UPF: wavefunction(s)  3S 3P renormalized
               file H.pbe-kjpaw_psl.1.0.0.UPF: wavefunction(s)  1S renormalized

     Parallelization info
     --------------------
     sticks:   dense  smooth     PW     G-vecs:    dense   smooth      PW
     Min        3057    1223    332               144436    36536    5170
     Max        3059    1225    333               144437    36537    5171
     Sum       24467    9791   2657              1155489   292295   41363


     Subspace diagonalization in iterative solution of the eigenvalue problem:
     a serial algorithm will be used

     GIPAW projectors -----------------------------------------------
     atom=  C    l=0  rc=    1.2000  rs=    0.8000
     atom=  C    l=0  rc=    1.2000  rs=    0.8000
     atom=  C    l=1  rc=    1.4000  rs=    0.9333
     atom=  C    l=1  rc=    1.4000  rs=    0.9333
     projs nearly linearly dependent: l=1  n1,n2= 1, 2  s=  0.99951561

     atom=  Cl   l=0  rc=    1.6000  rs=    1.0667
     atom=  Cl   l=0  rc=    1.6000  rs=    1.0667
     atom=  Cl   l=1  rc=    1.6000  rs=    1.0667
     atom=  Cl   l=1  rc=    1.6000  rs=    1.0667
     atom=  Cl   l=2  rc=    1.6000  rs=    1.0667
     atom=  Cl   l=2  rc=    1.6000  rs=    1.0667
     projs nearly linearly dependent: l=2  n1,n2= 1, 2  s=  0.99993509

     atom=  H    l=0  rc=    1.0000  rs=    0.6667
     atom=  H    l=0  rc=    1.0000  rs=    0.6667
     projs nearly linearly dependent: l=0  n1,n2= 1, 2  s=  0.99968852
     -----------------------------------------------------------------

     GIPAW integrals: -------------------------------------------
     Atom  i/j   nmr_para   nmr_dia   epr_rmc  epr_para   epr_dia
       C   1 1   0.83E+03  0.17E-01  0.93E+01  0.24E+08  0.24E+03
       C   2 1   0.86E+03 -0.61E-01  0.94E+01  0.25E+08  0.25E+03
       C   2 2   0.90E+03 -0.15E+00  0.97E+01  0.26E+08  0.26E+03
       C   3 3   0.33E+01  0.34E+00  0.18E+01  0.55E+03  0.21E+02
       C   4 3   0.35E+01  0.37E+00  0.20E+01  0.59E+03  0.22E+02
       C   4 4   0.38E+01  0.39E+00  0.22E+01  0.63E+03  0.24E+02
       Cl  1 1   0.14E+04 -0.47E+00  0.84E+01  0.32E+09  0.42E+03
       Cl  2 1   0.21E+04 -0.37E+00  0.12E+02  0.49E+09  0.65E+03
       Cl  2 2   0.33E+04 -0.16E+00  0.21E+02  0.76E+09  0.10E+04
       Cl  3 3   0.21E+02  0.79E-01  0.89E+01  0.23E+05  0.13E+03
       Cl  4 3   0.24E+02  0.67E-01  0.99E+01  0.27E+05  0.15E+03
       Cl  4 4   0.28E+02  0.44E-01  0.11E+02  0.32E+05  0.18E+03
       Cl  5 5   0.77E+00  0.19E+00  0.18E+01  0.12E+03  0.22E+02
       Cl  6 5   0.80E+00  0.19E+00  0.19E+01  0.12E+03  0.23E+02
       Cl  6 6   0.83E+00  0.20E+00  0.19E+01  0.12E+03  0.23E+02
       H   1 1   0.39E+02  0.19E+00  0.29E+00  0.78E+05  0.13E+02
       H   2 1   0.41E+02  0.21E+00  0.32E+00  0.82E+05  0.14E+02
       H   2 2   0.43E+02  0.22E+00  0.36E+00  0.86E+05  0.15E+02
     ------------------------------------------------------------

     alpha_pv=     33.8494 eV

     Number of occupied bands for each k-point:
     k-point:     1    nbnd_occ=  42
     k-point:     2    nbnd_occ=  42
     k-point:     3    nbnd_occ=  42
     k-point:     4    nbnd_occ=  42
     k-point:     5    nbnd_occ=  42
     k-point:     6    nbnd_occ=  42
     k-point:     7    nbnd_occ=  42
     k-point:     8    nbnd_occ=  42
     k-point:     9    nbnd_occ=  42
     k-point:    10    nbnd_occ=  42
     k-point:    11    nbnd_occ=  42
     k-point:    12    nbnd_occ=  42
     k-point:    13    nbnd_occ=  42
     k-point:    14    nbnd_occ=  42
     k-point:    15    nbnd_occ=  42
     k-point:    16    nbnd_occ=  42


     q-space interpolation up to   110.00 Rydberg

     GIPAW job: efg                                                                             


     ELECTRIC FIELD GRADIENTS TENSORS IN Hartree/bohrradius^2:

     ----- bare term -----
     Cl   1        0.022028       -0.069442       -0.146120
     Cl   1       -0.069442       -0.072870       -0.027407
     Cl   1       -0.146120       -0.027407        0.050842

     C    2       -0.591858        0.339755       -0.379478
     C    2        0.339755        0.045774       -0.086790
     C    2       -0.379478       -0.086790        0.546084

     C    3       -0.010009        0.062903       -0.232899
     C    3        0.062903       -0.492277       -0.397648
     C    3       -0.232899       -0.397648        0.502286

     H    4       -0.598713       -0.040884       -0.081626
     H    4       -0.040884        0.373053       -0.297390
     H    4       -0.081626       -0.297390        0.225659

     C    5       -0.905632        0.329153       -0.464084
     C    5        0.329153        0.320264        0.053225
     C    5       -0.464084        0.053225        0.585368

     H    6        0.446933       -0.072187       -0.081589
     H    6       -0.072187       -0.590296       -0.542750
     H    6       -0.081589       -0.542750        0.143363

     H    7        0.429290        0.254311        0.013139
     H    7        0.254311       -0.764834        0.112617
     H    7        0.013139        0.112617        0.335544

     C    8       -0.247467       -0.082260       -0.311146
     C    8       -0.082260       -0.004940        0.527661
     C    8       -0.311146        0.527661        0.252406

     H    9       -0.286376        0.256149       -0.496336
     H    9        0.256149        0.246473        0.295142
     H    9       -0.496336        0.295142        0.039903

     C   10       -0.390562       -0.353595       -0.279082
     C   10       -0.353595       -0.062575        0.344560
     C   10       -0.279082        0.344560        0.453136

     C   11       -0.034547        0.082200       -0.358597
     C   11        0.082200       -0.206296        0.517808
     C   11       -0.358597        0.517808        0.240843

     Cl  12       -0.151732       -0.202803       -0.001549
     Cl  12       -0.202803        0.163638       -0.033637
     Cl  12       -0.001549       -0.033637       -0.011907

     H   13        0.390546        0.100960        0.193480
     H   13        0.100960       -0.142616       -0.605948
     H   13        0.193480       -0.605948       -0.247930

     C   14       -0.062024       -0.247629       -0.379058
     C   14       -0.247629       -0.154421       -0.359737
     C   14       -0.379058       -0.359737        0.216445

     H   15        0.041243       -0.141893       -0.319278
     H   15       -0.141893       -0.186543       -0.498039
     H   15       -0.319278       -0.498039        0.145300

     C   16       -0.631526        0.344233       -0.396399
     C   16        0.344233        0.195788       -0.004409
     C   16       -0.396399       -0.004409        0.435737

     C   17        0.044417        0.013419       -0.202577
     C   17        0.013419       -0.153712       -0.484747
     C   17       -0.202577       -0.484747        0.109295

     Cl  18       -0.139310        0.226813       -0.001563
     Cl  18        0.226813       -0.016132       -0.006800
     Cl  18       -0.001563       -0.006800        0.155442

     H   19        0.275794        0.051191        0.357453
     H   19        0.051191        0.030144        0.334322
     H   19        0.357453        0.334322       -0.305938

     C   20       -0.455414       -0.326517       -0.412146
     C   20       -0.326517        0.236666        0.326661
     C   20       -0.412146        0.326661        0.218747

     H   21        0.164212        0.046602       -0.321213
     H   21        0.046602        0.291386       -0.240495
     H   21       -0.321213       -0.240495       -0.455597

     C   22        0.085446       -0.243991       -0.083436
     C   22       -0.243991       -0.122963        0.395276
     C   22       -0.083436        0.395276        0.037517

     C   23       -0.297394       -0.256954       -0.386201
     C   23       -0.256954       -0.049961        0.457022
     C   23       -0.386201        0.457022        0.347355

     Cl  24        0.067249       -0.011544       -0.012477
     Cl  24       -0.011544       -0.025402       -0.138494
     Cl  24       -0.012477       -0.138494       -0.041847

     ----- ionic term -----
     Cl   1        0.191962       -0.248267        0.013215
     Cl   1       -0.248267       -0.023745       -0.002270
     Cl   1        0.013215       -0.002270       -0.168217

     C    2        0.265351       -0.213116        0.273411
     C    2       -0.213116        0.056700        0.404931
     C    2        0.273411        0.404931       -0.322051

     C    3        0.220119       -0.265274        0.141854
     C    3       -0.265274        0.134058        0.385656
     C    3        0.141854        0.385656       -0.354177

     H    4        0.652085        0.318964        0.617028
     H    4        0.318964       -0.412073        0.247371
     H    4        0.617028        0.247371       -0.240012

     C    5        0.347910       -0.149175        0.209075
     C    5       -0.149175        0.039480        0.313943
     C    5        0.209075        0.313943       -0.387389

     H    6       -0.511030        0.043190        0.020116
     H    6        0.043190        0.736931        0.675273
     H    6        0.020116        0.675273       -0.225901

     H    7       -0.513808       -0.167228        0.092948
     H    7       -0.167228        0.802241       -0.594832
     H    7        0.092948       -0.594832       -0.288433

     C    8        0.161285        0.195722        0.328695
     C    8        0.195722        0.113718       -0.255664
     C    8        0.328695       -0.255664       -0.275003

     H    9        0.563858       -0.295625        0.683368
     H    9       -0.295625       -0.436097       -0.260819
     H    9        0.683368       -0.260819       -0.127761

     C   10        0.066107        0.247382        0.229376
     C   10        0.247382        0.236407       -0.391381
     C   10        0.229376       -0.391381       -0.302513

     C   11        0.091149        0.204948        0.339117
     C   11        0.204948        0.087234       -0.422826
     C   11        0.339117       -0.422826       -0.178383

     Cl  12        0.160631        0.206766        0.003002
     Cl  12        0.206766       -0.008107       -0.005177
     Cl  12        0.003002       -0.005177       -0.152524

     H   13       -0.507810        0.108518        0.094900
     H   13        0.108518        0.562056        0.753892
     H   13        0.094900        0.753892       -0.054246

     C   14        0.308217       -0.120555        0.284618
     C   14       -0.120555       -0.046259        0.343099
     C   14        0.284618        0.343099       -0.261957

     H   15        0.496344        0.455261        0.647560
     H   15        0.455261       -0.314120        0.336620
     H   15        0.647560        0.336620       -0.182223

     C   16        0.143193       -0.204238        0.122944
     C   16       -0.204238        0.112089        0.458563
     C   16        0.122944        0.458563       -0.255283

     C   17        0.266560       -0.147647        0.150941
     C   17       -0.147647        0.019686        0.459809
     C   17        0.150941        0.459809       -0.286245

     Cl  18        0.171138       -0.175561       -0.025221
     Cl  18       -0.175561       -0.043051        0.012432
     Cl  18       -0.025221        0.012432       -0.128087

     H   19       -0.520061        0.059515       -0.027952
     H   19        0.059515        0.517287       -0.754115
     H   19       -0.027952       -0.754115        0.002775

     C   20        0.132707        0.245124        0.348655
     C   20        0.245124       -0.001365       -0.290549
     C   20        0.348655       -0.290549       -0.131341

     H   21        0.312327       -0.165343        0.794032
     H   21       -0.165343       -0.452945       -0.239387
     H   21        0.794032       -0.239387        0.140618

     C   22       -0.004369        0.295067        0.240724
     C   22        0.295067        0.174858       -0.416050
     C   22        0.240724       -0.416050       -0.170489

     C   23        0.058432        0.246568        0.323486
     C   23        0.246568        0.127171       -0.420378
     C   23        0.323486       -0.420378       -0.185602

     Cl  24        0.127325        0.235670        0.055531
     Cl  24        0.235670        0.014204        0.023294
     Cl  24        0.055531        0.023294       -0.141529

     ----- GIPAW term -----
     Cl   1        1.514837       -2.305218       -1.725812
     Cl   1       -2.305218       -0.940531       -0.082761
     Cl   1       -1.725812       -0.082761       -0.574306

     C    2       -0.065314       -0.113792       -0.177947
     C    2       -0.113792       -0.020195        0.135018
     C    2       -0.177947        0.135018        0.085509

     C    3       -0.095703       -0.058421       -0.107054
     C    3       -0.058421       -0.098419        0.120412
     C    3       -0.107054        0.120412        0.194122

     H    4       -0.000000        0.000000        0.000000
     H    4        0.000000        0.000000        0.000000
     H    4        0.000000        0.000000        0.000000

     C    5       -0.245798        0.018197       -0.075493
     C    5        0.018197        0.116497        0.219336
     C    5       -0.075493        0.219336        0.129301

     H    6       -0.000000        0.000000        0.000000
     H    6        0.000000        0.000000        0.000000
     H    6        0.000000        0.000000        0.000000

     H    7       -0.000000        0.000000        0.000000
     H    7        0.000000        0.000000        0.000000
     H    7        0.000000        0.000000        0.000000

     C    8       -0.086206       -0.001952       -0.042584
     C    8       -0.001952        0.136390        0.160573
     C    8       -0.042584        0.160573       -0.050184

     H    9       -0.000000        0.000000        0.000000
     H    9        0.000000        0.000000        0.000000
     H    9        0.000000        0.000000        0.000000

     C   10       -0.113331       -0.023656       -0.075940
     C   10       -0.023656        0.053633        0.014532
     C   10       -0.075940        0.014532        0.059698

     C   11        0.033019        0.165980       -0.072990
     C   11        0.165980        0.013277        0.003257
     C   11       -0.072990        0.003257       -0.046295

     Cl  12        0.364501        0.889745       -0.026797
     Cl  12        0.889745        1.572543       -0.344573
     Cl  12       -0.026797       -0.344573       -1.937044

     H   13       -0.000000        0.000000        0.000000
     H   13        0.000000        0.000000        0.000000
     H   13        0.000000        0.000000        0.000000

     C   14       -0.004630       -0.149376       -0.146971
     C   14       -0.149376       -0.050374        0.069612
     C   14       -0.146971        0.069612        0.055004

     H   15       -0.000000        0.000000        0.000000
     H   15        0.000000        0.000000        0.000000
     H   15        0.000000        0.000000        0.000000

     C   16       -0.159678       -0.085537       -0.145723
     C   16       -0.085537        0.130293        0.176046
     C   16       -0.145723        0.176046        0.029385

     C   17       -0.069494       -0.046649        0.004060
     C   17       -0.046649        0.188788        0.127738
     C   17        0.004060        0.127738       -0.119294

     Cl  18       -0.522757        0.764838       -0.268296
     Cl  18        0.764838        2.405086       -0.450382
     Cl  18       -0.268296       -0.450382       -1.882329

     H   19       -0.000000        0.000000        0.000000
     H   19        0.000000        0.000000        0.000000
     H   19        0.000000        0.000000        0.000000

     C   20       -0.082449       -0.156581       -0.138254
     C   20       -0.156581        0.082670        0.162774
     C   20       -0.138254        0.162774       -0.000222

     H   21       -0.000000        0.000000        0.000000
     H   21        0.000000        0.000000        0.000000
     H   21        0.000000        0.000000        0.000000

     C   22       -0.042563       -0.072589       -0.048861
     C   22       -0.072589        0.053631        0.127192
     C   22       -0.048861        0.127192       -0.011067

     C   23       -0.099338       -0.013152       -0.106503
     C   23       -0.013152        0.052507        0.226366
     C   23       -0.106503        0.226366        0.046831

     Cl  24       -0.394594        0.686878       -0.790080
     Cl  24        0.686878       -0.046290        1.730013
     Cl  24       -0.790080        1.730013        0.440884

     ----- total EFG -----
     Cl   1        1.728828       -2.622927       -1.858717
     Cl   1       -2.622927       -1.037146       -0.112438
     Cl   1       -1.858717       -0.112438       -0.691682

     C    2       -0.391821        0.012847       -0.284015
     C    2        0.012847        0.082280        0.453159
     C    2       -0.284015        0.453159        0.309542

     C    3        0.114408       -0.260792       -0.198100
     C    3       -0.260792       -0.456638        0.108419
     C    3       -0.198100        0.108419        0.342230

     H    4        0.053372        0.278080        0.535402
     H    4        0.278080       -0.039020       -0.050020
     H    4        0.535402       -0.050020       -0.014352

     C    5       -0.803521        0.198175       -0.330501
     C    5        0.198175        0.476241        0.586504
     C    5       -0.330501        0.586504        0.327280

     H    6       -0.064097       -0.028998       -0.061473
     H    6       -0.028998        0.146636        0.132522
     H    6       -0.061473        0.132522       -0.082539

     H    7       -0.084518        0.087082        0.106087
     H    7        0.087082        0.037407       -0.482215
     H    7        0.106087       -0.482215        0.047111

     C    8       -0.172388        0.111510       -0.025035
     C    8        0.111510        0.245169        0.432570
     C    8       -0.025035        0.432570       -0.072781

     H    9        0.277482       -0.039476        0.187032
     H    9       -0.039476       -0.189624        0.034323
     H    9        0.187032        0.034323       -0.087858

     C   10       -0.437786       -0.129869       -0.125646
     C   10       -0.129869        0.227465       -0.032289
     C   10       -0.125646       -0.032289        0.210321

     C   11        0.089621        0.453128       -0.092470
     C   11        0.453128       -0.105785        0.098240
     C   11       -0.092470        0.098240        0.016165

     Cl  12        0.373400        0.893708       -0.025344
     Cl  12        0.893708        1.728074       -0.383387
     Cl  12       -0.025344       -0.383387       -2.101474

     H   13       -0.117265        0.209479        0.288380
     H   13        0.209479        0.419440        0.147944
     H   13        0.288380        0.147944       -0.302176

     C   14        0.241563       -0.517560       -0.241410
     C   14       -0.517560       -0.251054        0.052974
     C   14       -0.241410        0.052974        0.009492

     H   15        0.537587        0.313368        0.328283
     H   15        0.313368       -0.500664       -0.161419
     H   15        0.328283       -0.161419       -0.036924

     C   16       -0.648010        0.054459       -0.419179
     C   16        0.054459        0.438170        0.630200
     C   16       -0.419179        0.630200        0.209840

     C   17        0.241483       -0.180877       -0.047576
     C   17       -0.180877        0.054762        0.102800
     C   17       -0.047576        0.102800       -0.296244

     Cl  18       -0.490929        0.816090       -0.295080
     Cl  18        0.816090        2.345903       -0.444750
     Cl  18       -0.295080       -0.444750       -1.854974

     H   19       -0.244267        0.110706        0.329501
     H   19        0.110706        0.547430       -0.419794
     H   19        0.329501       -0.419794       -0.303163

     C   20       -0.405156       -0.237973       -0.201745
     C   20       -0.237973        0.317971        0.198886
     C   20       -0.201745        0.198886        0.087184

     H   21        0.476539       -0.118740        0.472819
     H   21       -0.118740       -0.161559       -0.479882
     H   21        0.472819       -0.479882       -0.314980

     C   22        0.038513       -0.021514        0.108427
     C   22       -0.021514        0.105527        0.106417
     C   22        0.108427        0.106417       -0.144040

     C   23       -0.338300       -0.023539       -0.169218
     C   23       -0.023539        0.129717        0.263011
     C   23       -0.169218        0.263011        0.208583

     Cl  24       -0.200019        0.911004       -0.747027
     Cl  24        0.911004       -0.057489        1.614813
     Cl  24       -0.747027        1.614813        0.257508

     ----- total EFG (symmetrized) -----
     Cl   1        1.728828       -2.622927       -1.858717
     Cl   1       -2.622927       -1.037146       -0.112438
     Cl   1       -1.858717       -0.112438       -0.691682

     C    2       -0.391821        0.012847       -0.284015
     C    2        0.012847        0.082280        0.453159
     C    2       -0.284015        0.453159        0.309542

     C    3        0.114408       -0.260792       -0.198100
     C    3       -0.260792       -0.456638        0.108419
     C    3       -0.198100        0.108419        0.342230

     H    4        0.053372        0.278080        0.535402
     H    4        0.278080       -0.039020       -0.050020
     H    4        0.535402       -0.050020       -0.014352

     C    5       -0.803521        0.198175       -0.330501
     C    5        0.198175        0.476241        0.586504
     C    5       -0.330501        0.586504        0.327280

     H    6       -0.064097       -0.028998       -0.061473
     H    6       -0.028998        0.146636        0.132522
     H    6       -0.061473        0.132522       -0.082539

     H    7       -0.084518        0.087082        0.106087
     H    7        0.087082        0.037407       -0.482215
     H    7        0.106087       -0.482215        0.047111

     C    8       -0.172388        0.111510       -0.025035
     C    8        0.111510        0.245169        0.432570
     C    8       -0.025035        0.432570       -0.072781

     H    9        0.277482       -0.039476        0.187032
     H    9       -0.039476       -0.189624        0.034323
     H    9        0.187032        0.034323       -0.087858

     C   10       -0.437786       -0.129869       -0.125646
     C   10       -0.129869        0.227465       -0.032289
     C   10       -0.125646       -0.032289        0.210321

     C   11        0.089621        0.453128       -0.092470
     C   11        0.453128       -0.105785        0.098240
     C   11       -0.092470        0.098240        0.016165

     Cl  12        0.373400        0.893708       -0.025344
     Cl  12        0.893708        1.728074       -0.383387
     Cl  12       -0.025344       -0.383387       -2.101474

     H   13       -0.117265        0.209479        0.288380
     H   13        0.209479        0.419440        0.147944
     H   13        0.288380        0.147944       -0.302176

     C   14        0.241563       -0.517560       -0.241410
     C   14       -0.517560       -0.251054        0.052974
     C   14       -0.241410        0.052974        0.009492

     H   15        0.537587        0.313368        0.328283
     H   15        0.313368       -0.500664       -0.161419
     H   15        0.328283       -0.161419       -0.036924

     C   16       -0.648010        0.054459       -0.419179
     C   16        0.054459        0.438170        0.630200
     C   16       -0.419179        0.630200        0.209840

     C   17        0.241483       -0.180877       -0.047576
     C   17       -0.180877        0.054762        0.102800
     C   17       -0.047576        0.102800       -0.296244

     Cl  18       -0.490929        0.816090       -0.295080
     Cl  18        0.816090        2.345903       -0.444750
     Cl  18       -0.295080       -0.444750       -1.854974

     H   19       -0.244267        0.110706        0.329501
     H   19        0.110706        0.547430       -0.419794
     H   19        0.329501       -0.419794       -0.303163

     C   20       -0.405156       -0.237973       -0.201745
     C   20       -0.237973        0.317971        0.198886
     C   20       -0.201745        0.198886        0.087184

     H   21        0.476539       -0.118740        0.472819
     H   21       -0.118740       -0.161559       -0.479882
     H   21        0.472819       -0.479882       -0.314980

     C   22        0.038513       -0.021514        0.108427
     C   22       -0.021514        0.105527        0.106417
     C   22        0.108427        0.106417       -0.144040

     C   23       -0.338300       -0.023539       -0.169218
     C   23       -0.023539        0.129717        0.263011
     C   23       -0.169218        0.263011        0.208583

     Cl  24       -0.200019        0.911004       -0.747027
     Cl  24        0.911004       -0.057489        1.614813
     Cl  24       -0.747027        1.614813        0.257508


     NQR/NMR SPECTROSCOPIC PARAMETERS:
     Cl   1    Vxx=   -0.6976    axis=(  0.036254 -0.555262  0.830885)
     Cl   1    Vyy=   -3.1517    axis=(  0.549574  0.705495  0.447487)
     Cl   1    Vzz=    3.8493    axis=( -0.834658  0.440410  0.330735)
     Cl   1  Q=        -8.1650 1e-30 m^2  Cq=       -73.8477 MHz  eta= 0.63753

     C    2    Vxx=   -0.1550    axis=(  0.527256  0.746515 -0.405853)
     C    2    Vyy=   -0.5519    axis=( -0.826111  0.338581 -0.450449)
     C    2    Vzz=    0.7070    axis=( -0.198853  0.572782  0.795222)
     C    2  Q=         1.0000 1e-30 m^2  Cq=         1.6611 MHz  eta= 0.56147

     C    3    Vxx=    0.0467    axis=( -0.754654  0.261350 -0.601826)
     C    3    Vyy=    0.5121    axis=( -0.553728  0.238360  0.797853)
     C    3    Vzz=   -0.5588    axis=( -0.351970 -0.935350  0.035163)
     C    3  Q=         1.0000 1e-30 m^2  Cq=        -1.3131 MHz  eta= 0.83272

     H    4    Vxx=    0.0073    axis=(  0.063727  0.883384 -0.464297)
     H    4    Vyy=    0.6036    axis=(  0.738172  0.271367  0.617627)
     H    4    Vzz=   -0.6109    axis=(  0.671596 -0.382090 -0.634796)
     H    4  Q=         1.0000 1e-30 m^2  Cq=        -1.4354 MHz  eta= 0.97600

     C    5    Vxx=   -0.0096    axis=( -0.428484 -0.619361  0.657871)
     C    5    Vyy=   -0.9862    axis=( -0.902594  0.259927 -0.343165)
     C    5    Vzz=    0.9959    axis=( -0.041545  0.740831  0.670406)
     C    5  Q=         1.0000 1e-30 m^2  Cq=         2.3399 MHz  eta= 0.98066

     H    6    Vxx=   -0.0531    axis=(  0.884947  0.339769 -0.318475)
     H    6    Vyy=   -0.1639    axis=( -0.427358  0.320795 -0.845255)
     H    6    Vzz=    0.2170    axis=( -0.185026  0.884109  0.429089)
     H    6  Q=         1.0000 1e-30 m^2  Cq=         0.5099 MHz  eta= 0.51058

     H    7    Vxx=   -0.0385    axis=(  0.946503  0.245410  0.209535)
     H    7    Vyy=   -0.4864    axis=( -0.321805  0.669681  0.669304)
     H    7    Vzz=    0.5248    axis=(  0.023932 -0.700928  0.712830)
     H    7  Q=         1.0000 1e-30 m^2  Cq=         1.2332 MHz  eta= 0.85346

     C    8    Vxx=   -0.1494    axis=( -0.931531 -0.114983  0.345005)
     C    8    Vyy=   -0.4060    axis=(  0.347722 -0.559416  0.752425)
     C    8    Vzz=    0.5553    axis=( -0.106485 -0.820873 -0.561095)
     C    8  Q=         1.0000 1e-30 m^2  Cq=         1.3048 MHz  eta= 0.46210

     H    9    Vxx=   -0.1302    axis=(  0.279760 -0.612724 -0.739123)
     H    9    Vyy=   -0.2270    axis=( -0.266831 -0.789155  0.553204)
     H    9    Vzz=    0.3572    axis=( -0.922245  0.042457 -0.384267)
     H    9  Q=         1.0000 1e-30 m^2  Cq=         0.8393 MHz  eta= 0.27108

     C   10    Vxx=    0.2310    axis=( -0.236148  0.332978  0.912885)
     C   10    Vyy=    0.2553    axis=(  0.107120 -0.924810  0.365037)
     C   10    Vzz=   -0.4863    axis=(  0.965795  0.183992  0.182724)
     C   10  Q=         1.0000 1e-30 m^2  Cq=        -1.1426 MHz  eta= 0.04978

     C   11    Vxx=    0.0506    axis=( -0.137627  0.209421  0.968092)
     C   11    Vyy=    0.4557    axis=( -0.780051 -0.625242  0.024360)
     C   11    Vzz=   -0.5063    axis=(  0.610393 -0.751808  0.249409)
     C   11  Q=         1.0000 1e-30 m^2  Cq=        -1.1895 MHz  eta= 0.80026

     Cl  12    Vxx=   -0.0602    axis=(  0.898248 -0.433826  0.070328)
     Cl  12    Vyy=   -2.1412    axis=(  0.027224 -0.104791 -0.994122)
     Cl  12    Vzz=    2.2014    axis=(  0.438646  0.894882 -0.082318)
     Cl  12  Q=        -8.1650 1e-30 m^2  Cq=       -42.2330 MHz  eta= 0.94529

     H   13    Vxx=   -0.0476    axis=(  0.705771 -0.481206  0.519931)
     H   13    Vyy=   -0.5126    axis=(  0.590994 -0.004785 -0.806662)
     H   13    Vzz=    0.5602    axis=(  0.390658  0.876594  0.281013)
     H   13  Q=         1.0000 1e-30 m^2  Cq=         1.3163 MHz  eta= 0.82991

     C   14    Vxx=   -0.0624    axis=(  0.208092 -0.310429  0.927540)
     C   14    Vyy=   -0.5907    axis=( -0.553139 -0.819445 -0.150156)
     C   14    Vzz=    0.6531    axis=(  0.806682 -0.481812 -0.342231)
     C   14  Q=         1.0000 1e-30 m^2  Cq=         1.5345 MHz  eta= 0.80892

     H   15    Vxx=   -0.0405    axis=(  0.236003  0.460851 -0.855522)
     H   15    Vyy=   -0.6878    axis=(  0.323164 -0.867503 -0.378158)
     H   15    Vzz=    0.7283    axis=( -0.916443 -0.187228 -0.353664)
     H   15  Q=         1.0000 1e-30 m^2  Cq=         1.7112 MHz  eta= 0.88870

     C   16    Vxx=   -0.1023    axis=( -0.511722 -0.629812  0.584361)
     C   16    Vyy=   -0.8954    axis=( -0.846857  0.255103 -0.466643)
     C   16    Vzz=    0.9977    axis=(  0.144825 -0.733662 -0.663902)
     C   16  Q=         1.0000 1e-30 m^2  Cq=         2.3442 MHz  eta= 0.79492

     C   17    Vxx=   -0.0411    axis=(  0.551874  0.804088  0.221082)
     C   17    Vyy=   -0.3241    axis=(  0.003016  0.263184 -0.964741)
     C   17    Vzz=    0.3653    axis=( -0.833922  0.533083  0.142819)
     C   17  Q=         1.0000 1e-30 m^2  Cq=         0.8582 MHz  eta= 0.77486

     Cl  18    Vxx=   -0.6857    axis=(  0.951606 -0.275996 -0.135171)
     Cl  18    Vyy=   -1.9355    axis=( -0.160610 -0.071646 -0.984414)
     Cl  18    Vzz=    2.6212    axis=(  0.262010  0.958485 -0.112507)
     Cl  18  Q=        -8.1650 1e-30 m^2  Cq=       -50.2863 MHz  eta= 0.47680

     H   19    Vxx=    0.0053    axis=( -0.810677 -0.245896 -0.531354)
     H   19    Vyy=    0.7203    axis=( -0.026249  0.921884 -0.386576)
     H   19    Vzz=   -0.7256    axis=( -0.584904  0.299441  0.753805)
     H   19  Q=         1.0000 1e-30 m^2  Cq=        -1.7049 MHz  eta= 0.98544

     C   20    Vxx=   -0.0220    axis=( -0.094341 -0.551029  0.829136)
     C   20    Vyy=   -0.5114    axis=( -0.945283 -0.211694 -0.248245)
     C   20    Vzz=    0.5335    axis=(  0.312314 -0.807188 -0.500907)
     C   20  Q=         1.0000 1e-30 m^2  Cq=         1.2534 MHz  eta= 0.91738

     H   21    Vxx=   -0.0139    axis=(  0.537356  0.759484 -0.366651)
     H   21    Vyy=   -0.7955    axis=( -0.243502  0.555958  0.794744)
     H   21    Vzz=    0.8094    axis=(  0.807438 -0.337780  0.483683)
     H   21  Q=         1.0000 1e-30 m^2  Cq=         1.9019 MHz  eta= 0.96565

     C   22    Vxx=    0.0793    axis=(  0.896994 -0.351614  0.267899)
     C   22    Vyy=    0.1488    axis=(  0.226040  0.885667  0.405586)
     C   22    Vzz=   -0.2281    axis=( -0.379879 -0.303252  0.873917)
     C   22  Q=         1.0000 1e-30 m^2  Cq=        -0.5359 MHz  eta= 0.30443

     C   23    Vxx=   -0.0691    axis=(  0.285217  0.776631 -0.561690)
     C   23    Vyy=   -0.3922    axis=( -0.941411  0.116945 -0.316336)
     C   23    Vzz=    0.4614    axis=( -0.179990  0.619006  0.764484)
     C   23  Q=         1.0000 1e-30 m^2  Cq=         1.0841 MHz  eta= 0.70026

     Cl  24    Vxx=    0.4864    axis=( -0.862149 -0.346437  0.369704)
     Cl  24    Vyy=    1.7248    axis=( -0.039234 -0.681854 -0.730435)
     Cl  24    Vzz=   -2.2112    axis=( -0.505134  0.644249 -0.574268)
     Cl  24  Q=        -8.1650 1e-30 m^2  Cq=        42.4204 MHz  eta= 0.56007

     Initialization:
     gipaw_setup  :      9.07s CPU     11.13s WALL (       1 calls)

     Linear response

     Apply operators

     Induced current

     Other routines
     efg          :      9.81s CPU     12.92s WALL (       1 calls)

     General routines
     calbec       :      3.47s CPU      4.87s WALL (      16 calls)
     fft          :      1.36s CPU      1.89s WALL (      15 calls)
     ffts         :      0.05s CPU      0.08s WALL (       2 calls)
     fftw         :      3.38s CPU      4.16s WALL (     672 calls)
     davcio       :      0.04s CPU      0.32s WALL (      32 calls)

     Parallel routines
     fft_scatter  :      2.15s CPU      3.25s WALL (     689 calls)

     Plugins

     GIPAW        :     61.93s CPU     74.53s WALL (       1 calls)
