
     Program QE v.6.0 (svn rev. 13079) starts on 20Dec2016 at  3:12: 5 

     This program is part of the open-source Quantum ESPRESSO suite
     for quantum simulation of materials; please cite
         "P. Giannozzi et al., J. Phys.:Condens. Matter 21 395502 (2009);
          URL http://www.quantum-espresso.org", 
     in publications or presentations arising from this work. More details at
     http://www.quantum-espresso.org/quote

     Parallel version (MPI), running on     8 processors
     R & G space division:  proc/nbgrp/npool/nimage =       8

     ***** This is GIPAW svn revision unknown      *****

     Parallelizing q-star over 1 images

     Reading data from directory:
     /users/majewski/paradichlorobenzene/pbe/9_constraint/scratch/pbe.ecut100.np8.dt60.pcl2phi-129368.save
     Message from routine read_xml_file:
     file /users/majewski/paradichlorobenzene/pbe/9_constraint/scratch/pbe.ecut100.np8.dt60.pcl2phi-129368.save not guaranteed to be safe for post-processing

   Info: using nr1, nr2, nr3 values from input

   Info: using nr1, nr2, nr3 values from input

     IMPORTANT: XC functional enforced from input :
     Exchange-correlation      =  SLA  PW   PBX  PBC ( 1  4  3  4 0 0)
     Any further DFT definition will be discarded
     Please, verify this is what you really want

               file C.pbe-n-kjpaw_psl.1.0.0.UPF: wavefunction(s)  2S 2P renormalized
               file Cl.pbe-n-kjpaw_psl.1.0.0.UPF: wavefunction(s)  3S 3P renormalized
               file H.pbe-kjpaw_psl.1.0.0.UPF: wavefunction(s)  1S renormalized

     Parallelization info
     --------------------
     sticks:   dense  smooth     PW     G-vecs:    dense   smooth      PW
     Min        3057    1223    332               144436    36536    5170
     Max        3059    1225    333               144437    36537    5171
     Sum       24467    9791   2657              1155489   292295   41363


     Subspace diagonalization in iterative solution of the eigenvalue problem:
     a serial algorithm will be used

     GIPAW projectors -----------------------------------------------
     atom=  C    l=0  rc=    1.2000  rs=    0.8000
     atom=  C    l=0  rc=    1.2000  rs=    0.8000
     atom=  C    l=1  rc=    1.4000  rs=    0.9333
     atom=  C    l=1  rc=    1.4000  rs=    0.9333
     projs nearly linearly dependent: l=1  n1,n2= 1, 2  s=  0.99951561

     atom=  Cl   l=0  rc=    1.6000  rs=    1.0667
     atom=  Cl   l=0  rc=    1.6000  rs=    1.0667
     atom=  Cl   l=1  rc=    1.6000  rs=    1.0667
     atom=  Cl   l=1  rc=    1.6000  rs=    1.0667
     atom=  Cl   l=2  rc=    1.6000  rs=    1.0667
     atom=  Cl   l=2  rc=    1.6000  rs=    1.0667
     projs nearly linearly dependent: l=2  n1,n2= 1, 2  s=  0.99993509

     atom=  H    l=0  rc=    1.0000  rs=    0.6667
     atom=  H    l=0  rc=    1.0000  rs=    0.6667
     projs nearly linearly dependent: l=0  n1,n2= 1, 2  s=  0.99968852
     -----------------------------------------------------------------

     GIPAW integrals: -------------------------------------------
     Atom  i/j   nmr_para   nmr_dia   epr_rmc  epr_para   epr_dia
       C   1 1   0.83E+03  0.17E-01  0.93E+01  0.24E+08  0.24E+03
       C   2 1   0.86E+03 -0.61E-01  0.94E+01  0.25E+08  0.25E+03
       C   2 2   0.90E+03 -0.15E+00  0.97E+01  0.26E+08  0.26E+03
       C   3 3   0.33E+01  0.34E+00  0.18E+01  0.55E+03  0.21E+02
       C   4 3   0.35E+01  0.37E+00  0.20E+01  0.59E+03  0.22E+02
       C   4 4   0.38E+01  0.39E+00  0.22E+01  0.63E+03  0.24E+02
       Cl  1 1   0.14E+04 -0.47E+00  0.84E+01  0.32E+09  0.42E+03
       Cl  2 1   0.21E+04 -0.37E+00  0.12E+02  0.49E+09  0.65E+03
       Cl  2 2   0.33E+04 -0.16E+00  0.21E+02  0.76E+09  0.10E+04
       Cl  3 3   0.21E+02  0.79E-01  0.89E+01  0.23E+05  0.13E+03
       Cl  4 3   0.24E+02  0.67E-01  0.99E+01  0.27E+05  0.15E+03
       Cl  4 4   0.28E+02  0.44E-01  0.11E+02  0.32E+05  0.18E+03
       Cl  5 5   0.77E+00  0.19E+00  0.18E+01  0.12E+03  0.22E+02
       Cl  6 5   0.80E+00  0.19E+00  0.19E+01  0.12E+03  0.23E+02
       Cl  6 6   0.83E+00  0.20E+00  0.19E+01  0.12E+03  0.23E+02
       H   1 1   0.39E+02  0.19E+00  0.29E+00  0.78E+05  0.13E+02
       H   2 1   0.41E+02  0.21E+00  0.32E+00  0.82E+05  0.14E+02
       H   2 2   0.43E+02  0.22E+00  0.36E+00  0.86E+05  0.15E+02
     ------------------------------------------------------------

     alpha_pv=     34.0221 eV

     Number of occupied bands for each k-point:
     k-point:     1    nbnd_occ=  42
     k-point:     2    nbnd_occ=  42
     k-point:     3    nbnd_occ=  42
     k-point:     4    nbnd_occ=  42
     k-point:     5    nbnd_occ=  42
     k-point:     6    nbnd_occ=  42
     k-point:     7    nbnd_occ=  42
     k-point:     8    nbnd_occ=  42
     k-point:     9    nbnd_occ=  42
     k-point:    10    nbnd_occ=  42
     k-point:    11    nbnd_occ=  42
     k-point:    12    nbnd_occ=  42
     k-point:    13    nbnd_occ=  42
     k-point:    14    nbnd_occ=  42
     k-point:    15    nbnd_occ=  42
     k-point:    16    nbnd_occ=  42


     q-space interpolation up to   110.00 Rydberg

     GIPAW job: efg                                                                             


     ELECTRIC FIELD GRADIENTS TENSORS IN Hartree/bohrradius^2:

     ----- bare term -----
     Cl   1       -0.106542        0.279695       -0.155697
     Cl   1        0.279695       -0.114028       -0.045450
     Cl   1       -0.155697       -0.045450        0.220570

     C    2        0.104833       -0.241164       -0.606799
     C    2       -0.241164       -0.243310       -0.533808
     C    2       -0.606799       -0.533808        0.138477

     C    3        0.046938        0.277246        0.075243
     C    3        0.277246       -0.054311        0.037151
     C    3        0.075243        0.037151        0.007372

     H    4        0.178857       -0.059464       -0.156565
     H    4       -0.059464        0.365601        0.128303
     H    4       -0.156565        0.128303       -0.544458

     C    5       -0.088596       -0.021953       -0.359003
     C    5       -0.021953       -0.027628       -0.295727
     C    5       -0.359003       -0.295727        0.116225

     H    6        0.204346        0.051109        0.376761
     H    6        0.051109        0.111711       -0.371508
     H    6        0.376761       -0.371508       -0.316057

     H    7        0.400757       -0.021631       -0.230435
     H    7       -0.021631       -0.284580        0.427921
     H    7       -0.230435        0.427921       -0.116177

     C    8       -0.689701       -0.360155       -0.344224
     C    8       -0.360155        0.317321        0.286309
     C    8       -0.344224        0.286309        0.372380

     H    9       -0.472529        0.102947       -0.466207
     H    9        0.102947        0.251976        0.251192
     H    9       -0.466207        0.251192        0.220552

     C   10       -0.050713       -0.370178       -0.037647
     C   10       -0.370178       -0.520436        0.461192
     C   10       -0.037647        0.461192        0.571150

     C   11       -0.643782       -0.082280       -0.222197
     C   11       -0.082280        0.138817        0.137180
     C   11       -0.222197        0.137180        0.504966

     Cl  12       -0.087669       -0.083040        0.088261
     Cl  12       -0.083040       -0.032185       -0.128998
     Cl  12        0.088261       -0.128998        0.119854

     H   13        0.520043        0.048662       -0.150430
     H   13        0.048662       -0.006442       -0.185743
     H   13       -0.150430       -0.185743       -0.513600

     C   14       -0.528735        0.320855       -0.046314
     C   14        0.320855        0.176426       -0.311301
     C   14       -0.046314       -0.311301        0.352308

     H   15        0.136573        0.042829       -0.382421
     H   15        0.042829        0.151913        0.248425
     H   15       -0.382421        0.248425       -0.288487

     C   16        0.033965       -0.009448       -0.204844
     C   16       -0.009448       -0.053421       -0.563210
     C   16       -0.204844       -0.563210        0.019456

     C   17       -0.562700        0.328238       -0.288056
     C   17        0.328238        0.213700       -0.299401
     C   17       -0.288056       -0.299401        0.349000

     Cl  18        0.096419        0.036094       -0.061885
     Cl  18        0.036094       -0.122715        0.045230
     Cl  18       -0.061885        0.045230        0.026296

     H   19       -0.076784        0.394867       -0.257426
     H   19        0.394867       -0.191211        0.394533
     H   19       -0.257426        0.394533        0.267994

     C   20        0.107816       -0.602077        0.090852
     C   20       -0.602077       -0.503287        0.381217
     C   20        0.090852        0.381217        0.395471

     H   21       -0.575713        0.340948        0.187604
     H   21        0.340948        0.339859       -0.001745
     H   21        0.187604       -0.001745        0.235854

     C   22       -0.076578       -0.116965       -0.345011
     C   22       -0.116965       -0.201849        0.402280
     C   22       -0.345011        0.402280        0.278427

     C   23       -0.260026       -0.208815       -0.349186
     C   23       -0.208815       -0.129930        0.533279
     C   23       -0.349186        0.533279        0.389956

     Cl  24        0.150073        0.019406        0.274369
     Cl  24        0.019406        0.246726       -0.234021
     Cl  24        0.274369       -0.234021       -0.396799

     ----- ionic term -----
     Cl   1        0.115800       -0.201520        0.027804
     Cl   1       -0.201520        0.011616       -0.008471
     Cl   1        0.027804       -0.008471       -0.127415

     C    2        0.039267       -0.303104        0.294531
     C    2       -0.303104       -0.034088        0.374658
     C    2        0.294531        0.374658       -0.005179

     C    3       -0.012969       -0.370900        0.233968
     C    3       -0.370900        0.052367        0.347017
     C    3        0.233968        0.347017       -0.039397

     H    4        0.283619        0.059798        0.810210
     H    4        0.059798       -0.542041        0.127926
     H    4        0.810210        0.127926        0.258422

     C    5        0.059008       -0.363607        0.330623
     C    5       -0.363607        0.020652        0.209680
     C    5        0.330623        0.209680       -0.079660

     H    6       -0.546859       -0.055661       -0.004214
     H    6       -0.055661        0.515519        0.754021
     H    6       -0.004214        0.754021        0.031340

     H    7       -0.483105       -0.180359        0.121832
     H    7       -0.180359        0.525781       -0.775407
     H    7        0.121832       -0.775407       -0.042677

     C    8        0.442774        0.204824        0.132875
     C    8        0.204824       -0.062823       -0.353485
     C    8        0.132875       -0.353485       -0.379950

     H    9        0.612678       -0.198567        0.722134
     H    9       -0.198567       -0.493475       -0.200190
     H    9        0.722134       -0.200190       -0.119203

     C   10        0.268534        0.275589        0.090224
     C   10        0.275589        0.040130       -0.395483
     C   10        0.090224       -0.395483       -0.308664

     C   11        0.289360        0.144242        0.182663
     C   11        0.144242        0.039757       -0.324166
     C   11        0.182663       -0.324166       -0.329118

     Cl  12        0.115501        0.198704        0.012132
     Cl  12        0.198704        0.020219       -0.002849
     Cl  12        0.012132       -0.002849       -0.135720

     H   13       -0.547077       -0.026169       -0.026102
     H   13       -0.026169        0.285884        0.798081
     H   13       -0.026102        0.798081        0.261193

     C   14        0.112768       -0.349666        0.309486
     C   14       -0.349666       -0.010690        0.239075
     C   14        0.309486        0.239075       -0.102078

     H   15        0.281919        0.038546        0.785402
     H   15        0.038546       -0.504092        0.100745
     H   15        0.785402        0.100745        0.222172

     C   16        0.012014       -0.379783        0.244811
     C   16       -0.379783        0.121615        0.320072
     C   16        0.244811        0.320072       -0.133628

     C   17       -0.045816       -0.321937        0.342271
     C   17       -0.321937        0.067964        0.321413
     C   17        0.342271        0.321413       -0.022148

     Cl  18        0.077588       -0.224419        0.029731
     Cl  18       -0.224419        0.065592       -0.022570
     Cl  18        0.029731       -0.022570       -0.143179

     H   19       -0.495721       -0.238434        0.139273
     H   19       -0.238434        0.662857       -0.713073
     H   19        0.139273       -0.713073       -0.167137

     C   20        0.325726        0.125148        0.093057
     C   20        0.125148        0.030305       -0.355354
     C   20        0.093057       -0.355354       -0.356030

     H   21        0.846033       -0.326315        0.438218
     H   21       -0.326315       -0.453089       -0.193579
     H   21        0.438218       -0.193579       -0.392944

     C   22        0.202525        0.161699        0.019994
     C   22        0.161699        0.151456       -0.439326
     C   22        0.019994       -0.439326       -0.353981

     C   23        0.296307        0.096193        0.137421
     C   23        0.096193        0.040245       -0.399522
     C   23        0.137421       -0.399522       -0.336552

     Cl  24        0.114667        0.166064       -0.063603
     Cl  24        0.166064       -0.006661       -0.045090
     Cl  24       -0.063603       -0.045090       -0.108005

     ----- GIPAW term -----
     Cl   1        1.089801       -0.243997       -2.231917
     Cl   1       -0.243997       -1.267137       -0.704188
     Cl   1       -2.231917       -0.704188        0.177336

     C    2        0.170354       -0.130572       -0.233220
     C    2       -0.130572       -0.131100       -0.052172
     C    2       -0.233220       -0.052172       -0.039255

     C    3        0.024536        0.009322       -0.011255
     C    3        0.009322       -0.016821        0.019591
     C    3       -0.011255        0.019591       -0.007715

     H    4       -0.000000        0.000000        0.000000
     H    4        0.000000        0.000000        0.000000
     H    4        0.000000        0.000000        0.000000

     C    5        0.041023        0.001795       -0.166672
     C    5        0.001795       -0.109315       -0.053942
     C    5       -0.166672       -0.053942        0.068292

     H    6       -0.000000        0.000000        0.000000
     H    6        0.000000        0.000000        0.000000
     H    6        0.000000        0.000000        0.000000

     H    7       -0.000000        0.000000        0.000000
     H    7        0.000000        0.000000        0.000000
     H    7        0.000000        0.000000        0.000000

     C    8       -0.192772       -0.063851       -0.044544
     C    8       -0.063851        0.217240        0.072990
     C    8       -0.044544        0.072990       -0.024469

     H    9       -0.000000        0.000000        0.000000
     H    9        0.000000        0.000000        0.000000
     H    9        0.000000        0.000000        0.000000

     C   10       -0.071963       -0.072475        0.057601
     C   10       -0.072475       -0.133865       -0.032688
     C   10        0.057601       -0.032688        0.205829

     C   11       -0.109325        0.004699        0.126014
     C   11        0.004699       -0.053953       -0.133039
     C   11        0.126014       -0.133039        0.163278

     Cl  12       -0.007854        0.899413        1.118913
     Cl  12        0.899413       -0.276413       -1.848501
     Cl  12        1.118913       -1.848501        0.284267

     H   13       -0.000000        0.000000        0.000000
     H   13        0.000000        0.000000        0.000000
     H   13        0.000000        0.000000        0.000000

     C   14       -0.082588       -0.134478        0.085502
     C   14       -0.134478        0.149686       -0.118030
     C   14        0.085502       -0.118030       -0.067099

     H   15       -0.000000        0.000000        0.000000
     H   15        0.000000        0.000000        0.000000
     H   15        0.000000        0.000000        0.000000

     C   16       -0.096639       -0.053378       -0.010561
     C   16       -0.053378        0.127956       -0.182515
     C   16       -0.010561       -0.182515       -0.031316

     C   17       -0.122251       -0.122468       -0.027074
     C   17       -0.122468        0.244032       -0.064525
     C   17       -0.027074       -0.064525       -0.121782

     Cl  18       -0.121036       -0.508200       -0.506181
     Cl  18       -0.508200        1.949924       -1.305894
     Cl  18       -0.506181       -1.305894       -1.828889

     H   19       -0.000000        0.000000        0.000000
     H   19        0.000000        0.000000        0.000000
     H   19        0.000000        0.000000        0.000000

     C   20        0.206395       -0.203823        0.148214
     C   20       -0.203823       -0.175103        0.019666
     C   20        0.148214        0.019666       -0.031291

     H   21       -0.000000        0.000000        0.000000
     H   21        0.000000        0.000000        0.000000
     H   21        0.000000        0.000000        0.000000

     C   22        0.029152       -0.075038       -0.211164
     C   22       -0.075038       -0.079547        0.112947
     C   22       -0.211164        0.112947        0.050395

     C   23        0.000897        0.004612       -0.185215
     C   23        0.004612       -0.081163        0.158822
     C   23       -0.185215        0.158822        0.080266

     Cl  24        0.077196        0.553178       -0.564207
     Cl  24        0.553178       -0.400391        0.408347
     Cl  24       -0.564207        0.408347        0.323195

     ----- total EFG -----
     Cl   1        1.099059       -0.165822       -2.359810
     Cl   1       -0.165822       -1.369549       -0.758109
     Cl   1       -2.359810       -0.758109        0.270490

     C    2        0.314454       -0.674840       -0.545488
     C    2       -0.674840       -0.408497       -0.211321
     C    2       -0.545488       -0.211321        0.094043

     C    3        0.058505       -0.084332        0.297956
     C    3       -0.084332       -0.018765        0.403759
     C    3        0.297956        0.403759       -0.039740

     H    4        0.462476        0.000335        0.653644
     H    4        0.000335       -0.176440        0.256229
     H    4        0.653644        0.256229       -0.286036

     C    5        0.011435       -0.383765       -0.195051
     C    5       -0.383765       -0.116291       -0.139988
     C    5       -0.195051       -0.139988        0.104856

     H    6       -0.342513       -0.004552        0.372547
     H    6       -0.004552        0.627230        0.382512
     H    6        0.372547        0.382512       -0.284718

     H    7       -0.082348       -0.201990       -0.108603
     H    7       -0.201990        0.241201       -0.347486
     H    7       -0.108603       -0.347486       -0.158854

     C    8       -0.439699       -0.219183       -0.255894
     C    8       -0.219183        0.471738        0.005814
     C    8       -0.255894        0.005814       -0.032039

     H    9        0.140149       -0.095621        0.255927
     H    9       -0.095621       -0.241499        0.051002
     H    9        0.255927        0.051002        0.101350

     C   10        0.145857       -0.167065        0.110178
     C   10       -0.167065       -0.614172        0.033022
     C   10        0.110178        0.033022        0.468315

     C   11       -0.463747        0.066661        0.086480
     C   11        0.066661        0.124621       -0.320025
     C   11        0.086480       -0.320025        0.339126

     Cl  12        0.019978        1.015077        1.219306
     Cl  12        1.015077       -0.288379       -1.980348
     Cl  12        1.219306       -1.980348        0.268401

     H   13       -0.027034        0.022493       -0.176532
     H   13        0.022493        0.279442        0.612338
     H   13       -0.176532        0.612338       -0.252408

     C   14       -0.498554       -0.163288        0.348675
     C   14       -0.163288        0.315423       -0.190256
     C   14        0.348675       -0.190256        0.183132

     H   15        0.418493        0.081374        0.402981
     H   15        0.081374       -0.352178        0.349169
     H   15        0.402981        0.349169       -0.066315

     C   16       -0.050660       -0.442610        0.029407
     C   16       -0.442610        0.196149       -0.425652
     C   16        0.029407       -0.425652       -0.145489

     C   17       -0.730766       -0.116168        0.027141
     C   17       -0.116168        0.525696       -0.042512
     C   17        0.027141       -0.042512        0.205070

     Cl  18        0.052971       -0.696526       -0.538335
     Cl  18       -0.696526        1.892801       -1.283233
     Cl  18       -0.538335       -1.283233       -1.945772

     H   19       -0.572504        0.156433       -0.118153
     H   19        0.156433        0.471646       -0.318540
     H   19       -0.118153       -0.318540        0.100858

     C   20        0.639937       -0.680753        0.332122
     C   20       -0.680753       -0.648086        0.045530
     C   20        0.332122        0.045530        0.008149

     H   21        0.270319        0.014632        0.625823
     H   21        0.014632       -0.113230       -0.195323
     H   21        0.625823       -0.195323       -0.157090

     C   22        0.155098       -0.030304       -0.536181
     C   22       -0.030304       -0.129940        0.075901
     C   22       -0.536181        0.075901       -0.025158

     C   23        0.037178       -0.108010       -0.396980
     C   23       -0.108010       -0.170849        0.292580
     C   23       -0.396980        0.292580        0.133671

     Cl  24        0.341936        0.738647       -0.353441
     Cl  24        0.738647       -0.160327        0.129237
     Cl  24       -0.353441        0.129237       -0.181609

     ----- total EFG (symmetrized) -----
     Cl   1        1.099059       -0.165822       -2.359810
     Cl   1       -0.165822       -1.369549       -0.758109
     Cl   1       -2.359810       -0.758109        0.270490

     C    2        0.314454       -0.674840       -0.545488
     C    2       -0.674840       -0.408497       -0.211321
     C    2       -0.545488       -0.211321        0.094043

     C    3        0.058505       -0.084332        0.297956
     C    3       -0.084332       -0.018765        0.403759
     C    3        0.297956        0.403759       -0.039740

     H    4        0.462476        0.000335        0.653644
     H    4        0.000335       -0.176440        0.256229
     H    4        0.653644        0.256229       -0.286036

     C    5        0.011435       -0.383765       -0.195051
     C    5       -0.383765       -0.116291       -0.139988
     C    5       -0.195051       -0.139988        0.104856

     H    6       -0.342513       -0.004552        0.372547
     H    6       -0.004552        0.627230        0.382512
     H    6        0.372547        0.382512       -0.284718

     H    7       -0.082348       -0.201990       -0.108603
     H    7       -0.201990        0.241201       -0.347486
     H    7       -0.108603       -0.347486       -0.158854

     C    8       -0.439699       -0.219183       -0.255894
     C    8       -0.219183        0.471738        0.005814
     C    8       -0.255894        0.005814       -0.032039

     H    9        0.140149       -0.095621        0.255927
     H    9       -0.095621       -0.241499        0.051002
     H    9        0.255927        0.051002        0.101350

     C   10        0.145857       -0.167065        0.110178
     C   10       -0.167065       -0.614172        0.033022
     C   10        0.110178        0.033022        0.468315

     C   11       -0.463747        0.066661        0.086480
     C   11        0.066661        0.124621       -0.320025
     C   11        0.086480       -0.320025        0.339126

     Cl  12        0.019978        1.015077        1.219306
     Cl  12        1.015077       -0.288379       -1.980348
     Cl  12        1.219306       -1.980348        0.268401

     H   13       -0.027034        0.022493       -0.176532
     H   13        0.022493        0.279442        0.612338
     H   13       -0.176532        0.612338       -0.252408

     C   14       -0.498554       -0.163288        0.348675
     C   14       -0.163288        0.315423       -0.190256
     C   14        0.348675       -0.190256        0.183132

     H   15        0.418493        0.081374        0.402981
     H   15        0.081374       -0.352178        0.349169
     H   15        0.402981        0.349169       -0.066315

     C   16       -0.050660       -0.442610        0.029407
     C   16       -0.442610        0.196149       -0.425652
     C   16        0.029407       -0.425652       -0.145489

     C   17       -0.730766       -0.116168        0.027141
     C   17       -0.116168        0.525696       -0.042512
     C   17        0.027141       -0.042512        0.205070

     Cl  18        0.052971       -0.696526       -0.538335
     Cl  18       -0.696526        1.892801       -1.283233
     Cl  18       -0.538335       -1.283233       -1.945772

     H   19       -0.572504        0.156433       -0.118153
     H   19        0.156433        0.471646       -0.318540
     H   19       -0.118153       -0.318540        0.100858

     C   20        0.639937       -0.680753        0.332122
     C   20       -0.680753       -0.648086        0.045530
     C   20        0.332122        0.045530        0.008149

     H   21        0.270319        0.014632        0.625823
     H   21        0.014632       -0.113230       -0.195323
     H   21        0.625823       -0.195323       -0.157090

     C   22        0.155098       -0.030304       -0.536181
     C   22       -0.030304       -0.129940        0.075901
     C   22       -0.536181        0.075901       -0.025158

     C   23        0.037178       -0.108010       -0.396980
     C   23       -0.108010       -0.170849        0.292580
     C   23       -0.396980        0.292580        0.133671

     Cl  24        0.341936        0.738647       -0.353441
     Cl  24        0.738647       -0.160327        0.129237
     Cl  24       -0.353441        0.129237       -0.181609


     NQR/NMR SPECTROSCOPIC PARAMETERS:
     Cl   1    Vxx=   -0.8526    axis=(  0.455486 -0.778723  0.431418)
     Cl   1    Vyy=   -2.2578    axis=( -0.470651 -0.621986 -0.625796)
     Cl   1    Vzz=    3.1103    axis=( -0.755658 -0.081994  0.649813)
     Cl   1  Q=        -8.1650 1e-30 m^2  Cq=       -59.6702 MHz  eta= 0.45179

     C    2    Vxx=    0.1116    axis=(  0.198893 -0.579228  0.790530)
     C    2    Vyy=    0.9062    axis=( -0.818055  0.346059  0.459379)
     C    2    Vzz=   -1.0179    axis=( -0.539655 -0.738064 -0.405011)
     C    2  Q=         1.0000 1e-30 m^2  Cq=        -2.3916 MHz  eta= 0.78065

     C    3    Vxx=    0.1117    axis=( -0.799470  0.600099  0.026992)
     C    3    Vyy=    0.4463    axis=(  0.433169  0.544783  0.718036)
     C    3    Vzz=   -0.5581    axis=( -0.416188 -0.585741  0.695482)
     C    3  Q=         1.0000 1e-30 m^2  Cq=        -1.3113 MHz  eta= 0.59954

     H    4    Vxx=   -0.1062    axis=(  0.291811 -0.922303 -0.253385)
     H    4    Vyy=   -0.7518    axis=(  0.441230  0.364848 -0.819879)
     H    4    Vzz=    0.8580    axis=(  0.848624  0.127449  0.513415)
     H    4  Q=         1.0000 1e-30 m^2  Cq=         2.0159 MHz  eta= 0.75255

     C    5    Vxx=    0.1725    axis=(  0.022925 -0.460603  0.887310)
     C    5    Vyy=    0.3553    axis=(  0.781154 -0.545647 -0.303428)
     C    5    Vzz=   -0.5277    axis=(  0.623918  0.700082  0.347293)
     C    5  Q=         1.0000 1e-30 m^2  Cq=        -1.2400 MHz  eta= 0.34634

     H    6    Vxx=   -0.0396    axis=(  0.733144 -0.334622  0.592054)
     H    6    Vyy=   -0.7417    axis=(  0.669470  0.201975 -0.714854)
     H    6    Vzz=    0.7813    axis=(  0.119626  0.920453  0.372097)
     H    6  Q=         1.0000 1e-30 m^2  Cq=         1.8357 MHz  eta= 0.89867

     H    7    Vxx=   -0.0068    axis=(  0.851974 -0.037792 -0.522218)
     H    7    Vyy=   -0.4639    axis=(  0.469976  0.494832  0.730934)
     H    7    Vzz=    0.4707    axis=(  0.230787 -0.868167  0.439345)
     H    7  Q=         1.0000 1e-30 m^2  Cq=         1.1061 MHz  eta= 0.97103

     C    8    Vxx=    0.0695    axis=( -0.364562 -0.211750  0.906784)
     C    8    Vyy=    0.5295    axis=(  0.249861 -0.960335 -0.123801)
     C    8    Vzz=   -0.5990    axis=(  0.897031  0.181437  0.403010)
     C    8  Q=         1.0000 1e-30 m^2  Cq=        -1.4074 MHz  eta= 0.76800

     H    9    Vxx=   -0.0742    axis=( -0.552247  0.515489  0.655205)
     H    9    Vyy=   -0.3053    axis=(  0.384001  0.854869 -0.348917)
     H    9    Vzz=    0.3795    axis=( -0.739977  0.058911 -0.670047)
     H    9  Q=         1.0000 1e-30 m^2  Cq=         0.8917 MHz  eta= 0.60878

     C   10    Vxx=    0.1493    axis=(  0.929520 -0.216309 -0.298668)
     C   10    Vyy=    0.5027    axis=(  0.302270 -0.017036  0.953070)
     C   10    Vzz=   -0.6520    axis=( -0.211245 -0.976176  0.049548)
     C   10  Q=         1.0000 1e-30 m^2  Cq=        -1.5319 MHz  eta= 0.54192

     C   11    Vxx=   -0.0774    axis=(  0.260422  0.790993  0.553634)
     C   11    Vyy=   -0.4929    axis=( -0.965007  0.195014  0.175305)
     C   11    Vzz=    0.5704    axis=(  0.030699 -0.579913  0.814100)
     C   11  Q=         1.0000 1e-30 m^2  Cq=         1.3401 MHz  eta= 0.72850

     Cl  12    Vxx=    0.8284    axis=(  0.859903  0.481607  0.169177)
     Cl  12    Vyy=    2.0357    axis=(  0.177130 -0.592354  0.785965)
     Cl  12    Vzz=   -2.8641    axis=( -0.478739  0.645888  0.594675)
     Cl  12  Q=        -8.1650 1e-30 m^2  Cq=        54.9461 MHz  eta= 0.42154

     H   13    Vxx=    0.0029    axis=(  0.965608  0.221819 -0.135636)
     H   13    Vyy=    0.6898    axis=(  0.111098 -0.823661 -0.556094)
     H   13    Vzz=   -0.6928    axis=( -0.235070  0.521900 -0.819977)
     H   13  Q=         1.0000 1e-30 m^2  Cq=        -1.6277 MHz  eta= 0.99154

     C   14    Vxx=    0.0879    axis=(  0.203257  0.709893  0.674343)
     C   14    Vyy=    0.5638    axis=( -0.317655  0.699277 -0.640395)
     C   14    Vzz=   -0.6518    axis=(  0.926165  0.084044 -0.367634)
     C   14  Q=         1.0000 1e-30 m^2  Cq=        -1.5314 MHz  eta= 0.73015

     H   15    Vxx=   -0.0904    axis=(  0.553722 -0.599173 -0.578259)
     H   15    Vyy=   -0.6155    axis=(  0.180988  0.764435 -0.618775)
     H   15    Vzz=    0.7059    axis=( -0.812794 -0.237972 -0.531728)
     H   15  Q=         1.0000 1e-30 m^2  Cq=         1.6587 MHz  eta= 0.74389

     C   16    Vxx=   -0.1274    axis=( -0.720423 -0.079091  0.689010)
     C   16    Vyy=   -0.5663    axis=(  0.502540  0.625135  0.597210)
     C   16    Vzz=    0.6937    axis=(  0.477958 -0.776499  0.410615)
     C   16  Q=         1.0000 1e-30 m^2  Cq=         1.6299 MHz  eta= 0.63275

     C   17    Vxx=    0.1997    axis=(  0.012229  0.133577  0.990963)
     C   17    Vyy=    0.5423    axis=( -0.092867  0.986905 -0.131884)
     C   17    Vzz=   -0.7420    axis=( -0.995603 -0.090415  0.024474)
     C   17  Q=         1.0000 1e-30 m^2  Cq=        -1.7434 MHz  eta= 0.46178

     Cl  18    Vxx=    0.1395    axis=(  0.936288  0.134477 -0.324469)
     Cl  18    Vyy=    2.3986    axis=( -0.222227  0.942195 -0.250766)
     Cl  18    Vzz=   -2.5381    axis=(  0.271991  0.306895  0.912051)
     Cl  18  Q=        -8.1650 1e-30 m^2  Cq=        48.6923 MHz  eta= 0.89008

     H   19    Vxx=   -0.0812    axis=( -0.044996  0.508256  0.860030)
     H   19    Vyy=   -0.6037    axis=(  0.987207 -0.109195  0.116182)
     H   19    Vzz=    0.6849    axis=(  0.152961  0.854255 -0.496841)
     H   19  Q=         1.0000 1e-30 m^2  Cq=         1.6093 MHz  eta= 0.76287

     C   20    Vxx=   -0.0429    axis=( -0.182936  0.276750  0.943368)
     C   20    Vyy=   -0.9731    axis=(  0.413837  0.892084 -0.181454)
     C   20    Vzz=    1.0160    axis=( -0.891781  0.357206 -0.277724)
     C   20  Q=         1.0000 1e-30 m^2  Cq=         2.3873 MHz  eta= 0.91556

     H   21    Vxx=   -0.0736    axis=(  0.272521  0.946673 -0.171878)
     H   21    Vyy=   -0.6569    axis=( -0.537247  0.297919  0.789056)
     H   21    Vzz=    0.7305    axis=(  0.798184 -0.122693  0.589787)
     H   21  Q=         1.0000 1e-30 m^2  Cq=         1.7164 MHz  eta= 0.79862

     C   22    Vxx=   -0.1327    axis=( -0.144372 -0.989288 -0.021582)
     C   22    Vyy=   -0.4830    axis=(  0.636415 -0.109532  0.763530)
     C   22    Vzz=    0.6157    axis=(  0.757715 -0.096497 -0.645411)
     C   22  Q=         1.0000 1e-30 m^2  Cq=         1.4466 MHz  eta= 0.56890

     C   23    Vxx=   -0.1915    axis=( -0.683102 -0.701654 -0.202616)
     C   23    Vyy=   -0.4058    axis=(  0.437553 -0.615325  0.655684)
     C   23    Vzz=    0.5973    axis=( -0.584739  0.359244  0.727341)
     C   23  Q=         1.0000 1e-30 m^2  Cq=         1.4035 MHz  eta= 0.35876

     Cl  24    Vxx=   -0.0726    axis=( -0.096962  0.473351  0.875521)
     Cl  24    Vyy=   -0.8418    axis=( -0.566289  0.697163 -0.439637)
     Cl  24    Vzz=    0.9144    axis=( -0.818483 -0.538426  0.200455)
     Cl  24  Q=        -8.1650 1e-30 m^2  Cq=       -17.5424 MHz  eta= 0.84122

     Initialization:
     gipaw_setup  :      9.18s CPU     10.79s WALL (       1 calls)

     Linear response

     Apply operators

     Induced current

     Other routines
     efg          :      9.10s CPU     11.77s WALL (       1 calls)

     General routines
     calbec       :      3.21s CPU      4.21s WALL (      16 calls)
     fft          :      1.38s CPU      1.78s WALL (      15 calls)
     ffts         :      0.03s CPU      0.05s WALL (       2 calls)
     fftw         :      3.24s CPU      4.21s WALL (     672 calls)
     davcio       :      0.02s CPU      0.31s WALL (      32 calls)

     Parallel routines
     fft_scatter  :      2.07s CPU      3.14s WALL (     689 calls)

     Plugins

     GIPAW        :     62.59s CPU     72.95s WALL (       1 calls)
