
     Program QE v.6.0 (svn rev. 13079) starts on  4Jan2017 at  9:11:24 

     This program is part of the open-source Quantum ESPRESSO suite
     for quantum simulation of materials; please cite
         "P. Giannozzi et al., J. Phys.:Condens. Matter 21 395502 (2009);
          URL http://www.quantum-espresso.org", 
     in publications or presentations arising from this work. More details at
     http://www.quantum-espresso.org/quote

     Parallel version (MPI), running on     8 processors
     R & G space division:  proc/nbgrp/npool/nimage =       8

     ***** This is GIPAW svn revision unknown      *****

     Parallelizing q-star over 1 images

     Reading data from directory:
     /users/majewski/paradichlorobenzene/pbe/9_constraint/scratch/pbe.ecut100.np8.dt60.pcl2phi-129368.save
     Message from routine read_xml_file:
     file /users/majewski/paradichlorobenzene/pbe/9_constraint/scratch/pbe.ecut100.np8.dt60.pcl2phi-129368.save not guaranteed to be safe for post-processing

   Info: using nr1, nr2, nr3 values from input

   Info: using nr1, nr2, nr3 values from input

     IMPORTANT: XC functional enforced from input :
     Exchange-correlation      =  SLA  PW   PBX  PBC ( 1  4  3  4 0 0)
     Any further DFT definition will be discarded
     Please, verify this is what you really want

               file C.pbe-n-kjpaw_psl.1.0.0.UPF: wavefunction(s)  2S 2P renormalized
               file Cl.pbe-n-kjpaw_psl.1.0.0.UPF: wavefunction(s)  3S 3P renormalized
               file H.pbe-kjpaw_psl.1.0.0.UPF: wavefunction(s)  1S renormalized

     Parallelization info
     --------------------
     sticks:   dense  smooth     PW     G-vecs:    dense   smooth      PW
     Min        3057    1223    332               144436    36536    5170
     Max        3059    1225    333               144437    36537    5171
     Sum       24467    9791   2657              1155489   292295   41363


     Subspace diagonalization in iterative solution of the eigenvalue problem:
     a serial algorithm will be used

     GIPAW projectors -----------------------------------------------
     atom=  C    l=0  rc=    1.2000  rs=    0.8000
     atom=  C    l=0  rc=    1.2000  rs=    0.8000
     atom=  C    l=1  rc=    1.4000  rs=    0.9333
     atom=  C    l=1  rc=    1.4000  rs=    0.9333
     projs nearly linearly dependent: l=1  n1,n2= 1, 2  s=  0.99951561

     atom=  Cl   l=0  rc=    1.6000  rs=    1.0667
     atom=  Cl   l=0  rc=    1.6000  rs=    1.0667
     atom=  Cl   l=1  rc=    1.6000  rs=    1.0667
     atom=  Cl   l=1  rc=    1.6000  rs=    1.0667
     atom=  Cl   l=2  rc=    1.6000  rs=    1.0667
     atom=  Cl   l=2  rc=    1.6000  rs=    1.0667
     projs nearly linearly dependent: l=2  n1,n2= 1, 2  s=  0.99993509

     atom=  H    l=0  rc=    1.0000  rs=    0.6667
     atom=  H    l=0  rc=    1.0000  rs=    0.6667
     projs nearly linearly dependent: l=0  n1,n2= 1, 2  s=  0.99968852
     -----------------------------------------------------------------

     GIPAW integrals: -------------------------------------------
     Atom  i/j   nmr_para   nmr_dia   epr_rmc  epr_para   epr_dia
       C   1 1   0.83E+03  0.17E-01  0.93E+01  0.24E+08  0.24E+03
       C   2 1   0.86E+03 -0.61E-01  0.94E+01  0.25E+08  0.25E+03
       C   2 2   0.90E+03 -0.15E+00  0.97E+01  0.26E+08  0.26E+03
       C   3 3   0.33E+01  0.34E+00  0.18E+01  0.55E+03  0.21E+02
       C   4 3   0.35E+01  0.37E+00  0.20E+01  0.59E+03  0.22E+02
       C   4 4   0.38E+01  0.39E+00  0.22E+01  0.63E+03  0.24E+02
       Cl  1 1   0.14E+04 -0.47E+00  0.84E+01  0.32E+09  0.42E+03
       Cl  2 1   0.21E+04 -0.37E+00  0.12E+02  0.49E+09  0.65E+03
       Cl  2 2   0.33E+04 -0.16E+00  0.21E+02  0.76E+09  0.10E+04
       Cl  3 3   0.21E+02  0.79E-01  0.89E+01  0.23E+05  0.13E+03
       Cl  4 3   0.24E+02  0.67E-01  0.99E+01  0.27E+05  0.15E+03
       Cl  4 4   0.28E+02  0.44E-01  0.11E+02  0.32E+05  0.18E+03
       Cl  5 5   0.77E+00  0.19E+00  0.18E+01  0.12E+03  0.22E+02
       Cl  6 5   0.80E+00  0.19E+00  0.19E+01  0.12E+03  0.23E+02
       Cl  6 6   0.83E+00  0.20E+00  0.19E+01  0.12E+03  0.23E+02
       H   1 1   0.39E+02  0.19E+00  0.29E+00  0.78E+05  0.13E+02
       H   2 1   0.41E+02  0.21E+00  0.32E+00  0.82E+05  0.14E+02
       H   2 2   0.43E+02  0.22E+00  0.36E+00  0.86E+05  0.15E+02
     ------------------------------------------------------------

     alpha_pv=     33.5631 eV

     Number of occupied bands for each k-point:
     k-point:     1    nbnd_occ=  42
     k-point:     2    nbnd_occ=  42
     k-point:     3    nbnd_occ=  42
     k-point:     4    nbnd_occ=  42
     k-point:     5    nbnd_occ=  42
     k-point:     6    nbnd_occ=  42
     k-point:     7    nbnd_occ=  42
     k-point:     8    nbnd_occ=  42
     k-point:     9    nbnd_occ=  42
     k-point:    10    nbnd_occ=  42
     k-point:    11    nbnd_occ=  42
     k-point:    12    nbnd_occ=  42
     k-point:    13    nbnd_occ=  42
     k-point:    14    nbnd_occ=  42
     k-point:    15    nbnd_occ=  42
     k-point:    16    nbnd_occ=  42


     q-space interpolation up to   110.00 Rydberg

     GIPAW job: efg                                                                             


     ELECTRIC FIELD GRADIENTS TENSORS IN Hartree/bohrradius^2:

     ----- bare term -----
     Cl   1        0.115296        0.004252       -0.015904
     Cl   1        0.004252       -0.178133        0.004427
     Cl   1       -0.015904        0.004427        0.062837

     C    2       -0.748071        0.456224       -0.375782
     C    2        0.456224        0.364617       -0.048356
     C    2       -0.375782       -0.048356        0.383454

     C    3        0.107131        0.042253       -0.189047
     C    3        0.042253       -0.187092       -0.572504
     C    3       -0.189047       -0.572504        0.079961

     H    4       -0.239852        0.128243       -0.506425
     H    4        0.128243       -0.027943       -0.052405
     H    4       -0.506425       -0.052405        0.267795

     C    5       -0.875106        0.335446       -0.481693
     C    5        0.335446        0.332302        0.055418
     C    5       -0.481693        0.055418        0.542804

     H    6        0.270744       -0.040236       -0.055601
     H    6       -0.040236       -0.529920       -0.625934
     H    6       -0.055601       -0.625934        0.259175

     H    7        0.339548        0.364566        0.122116
     H    7        0.364566       -0.628888       -0.150921
     H    7        0.122116       -0.150921        0.289340

     C    8       -0.023592        0.082609       -0.055028
     C    8        0.082609       -0.114918       -0.074198
     C    8       -0.055028       -0.074198        0.138510

     H    9       -0.305414        0.421682        0.167433
     H    9        0.421682        0.097120       -0.166647
     H    9        0.167433       -0.166647        0.208294

     C   10        0.060536       -0.067469        0.212781
     C   10       -0.067469       -0.091387       -0.113680
     C   10        0.212781       -0.113680        0.030852

     C   11       -0.148407        0.117456       -0.107134
     C   11        0.117456        0.066435        0.192712
     C   11       -0.107134        0.192712        0.081972

     Cl  12        0.026835       -0.131984        0.036260
     Cl  12       -0.131984        0.051811       -0.156189
     Cl  12        0.036260       -0.156189       -0.078646

     H   13        0.404530        0.065383        0.154474
     H   13        0.065383       -0.104243       -0.577680
     H   13        0.154474       -0.577680       -0.300288

     C   14       -0.013256       -0.073135       -0.211836
     C   14       -0.073135       -0.273612       -0.287905
     C   14       -0.211836       -0.287905        0.286868

     H   15        0.131155       -0.071790       -0.237716
     H   15       -0.071790        0.439379       -0.212845
     H   15       -0.237716       -0.212845       -0.570534

     C   16       -0.284875        0.375970       -0.218696
     C   16        0.375970        0.183196       -0.014366
     C   16       -0.218696       -0.014366        0.101679

     C   17        0.085976       -0.133683       -0.243090
     C   17       -0.133683       -0.460530       -0.370840
     C   17       -0.243090       -0.370840        0.374555

     Cl  18       -0.025013        0.244704        0.016001
     Cl  18        0.244704        0.053957       -0.123057
     Cl  18        0.016001       -0.123057       -0.028944

     H   19        0.118661        0.120586       -0.185926
     H   19        0.120586       -0.325737        0.503394
     H   19       -0.185926        0.503394        0.207077

     C   20       -0.474391       -0.322069       -0.084958
     C   20       -0.322069        0.074878        0.383643
     C   20       -0.084958        0.383643        0.399513

     H   21       -0.684587        0.143728        0.078204
     H   21        0.143728        0.433474        0.166323
     H   21        0.078204        0.166323        0.251112

     C   22       -0.052174        0.140509       -0.293549
     C   22        0.140509       -0.132645        0.659153
     C   22       -0.293549        0.659153        0.184820

     C   23       -0.320723       -0.328877       -0.215766
     C   23       -0.328877       -0.082807        0.374871
     C   23       -0.215766        0.374871        0.403530

     Cl  24        0.044072       -0.057742        0.004321
     Cl  24       -0.057742        0.004218       -0.027939
     Cl  24        0.004321       -0.027939       -0.048289

     ----- ionic term -----
     Cl   1        0.119522       -0.224302        0.029333
     Cl   1       -0.224302        0.046541       -0.013509
     Cl   1        0.029333       -0.013509       -0.166063

     C    2        0.032612       -0.226452        0.361081
     C    2       -0.226452        0.172873        0.377403
     C    2        0.361081        0.377403       -0.205486

     C    3        0.026460       -0.198305        0.260192
     C    3       -0.198305        0.248502        0.371273
     C    3        0.260192        0.371273       -0.274961

     H    4        0.493319        0.300014        0.715014
     H    4        0.300014       -0.393782        0.257119
     H    4        0.715014        0.257119       -0.099537

     C    5        0.157989       -0.165845        0.341142
     C    5       -0.165845        0.079657        0.268745
     C    5        0.341142        0.268745       -0.237646

     H    6       -0.516611        0.154781        0.086688
     H    6        0.154781        0.598845        0.713390
     H    6        0.086688        0.713390       -0.082234

     H    7       -0.490823       -0.163751        0.102949
     H    7       -0.163751        0.595793       -0.707057
     H    7        0.102949       -0.707057       -0.104970

     C    8        0.317508        0.156091        0.136897
     C    8        0.156091        0.103970       -0.303987
     C    8        0.136897       -0.303987       -0.421478

     H    9        0.777720       -0.305346        0.549983
     H    9       -0.305346       -0.405634       -0.203784
     H    9        0.549983       -0.203784       -0.372086

     C   10        0.224205        0.211463        0.110848
     C   10        0.211463        0.219674       -0.345097
     C   10        0.110848       -0.345097       -0.443879

     C   11        0.344608        0.086736        0.138024
     C   11        0.086736        0.141930       -0.310697
     C   11        0.138024       -0.310697       -0.486538

     Cl  12        0.153057        0.181557        0.000213
     Cl  12        0.181557        0.008032       -0.014984
     Cl  12        0.000213       -0.014984       -0.161089

     H   13       -0.532298       -0.007914        0.027645
     H   13       -0.007914        0.516939        0.755385
     H   13        0.027645        0.755385        0.015359

     C   14        0.127602       -0.302811        0.361046
     C   14       -0.302811        0.065382        0.253518
     C   14        0.361046        0.253518       -0.192984

     H   15        0.414761        0.161655        0.813578
     H   15        0.161655       -0.490695        0.216078
     H   15        0.813578        0.216078        0.075935

     C   16        0.043256       -0.359098        0.253286
     C   16       -0.359098        0.175367        0.341710
     C   16        0.253286        0.341710       -0.218623

     C   17        0.157541       -0.227994        0.315234
     C   17       -0.227994        0.040697        0.371087
     C   17        0.315234        0.371087       -0.198238

     Cl  18        0.145054       -0.188649        0.037355
     Cl  18       -0.188649       -0.012899       -0.016800
     Cl  18        0.037355       -0.016800       -0.132155

     H   19       -0.492793       -0.189428        0.074712
     H   19       -0.189428        0.804125       -0.582762
     H   19        0.074712       -0.582762       -0.311331

     C   20        0.413369        0.109571        0.131953
     C   20        0.109571        0.117768       -0.249423
     C   20        0.131953       -0.249423       -0.531137

     H   21        0.831818       -0.480855        0.289602
     H   21       -0.480855       -0.324819       -0.148522
     H   21        0.289602       -0.148522       -0.506999

     C   22        0.237280        0.136853        0.081432
     C   22        0.136853        0.275466       -0.306700
     C   22        0.081432       -0.306700       -0.512746

     C   23        0.156113        0.072001        0.120561
     C   23        0.072001        0.276309       -0.360421
     C   23        0.120561       -0.360421       -0.432421

     Cl  24        0.081741        0.188956       -0.039486
     Cl  24        0.188956        0.029418       -0.032909
     Cl  24       -0.039486       -0.032909       -0.111159

     ----- GIPAW term -----
     Cl   1        0.103324        0.005062       -0.013628
     Cl   1        0.005062        2.156045        0.161101
     Cl   1       -0.013628        0.161101       -2.259369

     C    2       -0.166111        0.042891       -0.025971
     C    2        0.042891        0.262181        0.105161
     C    2       -0.025971        0.105161       -0.096070

     C    3       -0.107835       -0.045902       -0.021933
     C    3       -0.045902        0.228621        0.069252
     C    3       -0.021933        0.069252       -0.120786

     H    4       -0.000000        0.000000        0.000000
     H    4        0.000000        0.000000        0.000000
     H    4        0.000000        0.000000        0.000000

     C    5       -0.211112       -0.032756       -0.111005
     C    5       -0.032756        0.138834        0.209510
     C    5       -0.111005        0.209510        0.072279

     H    6       -0.000000        0.000000        0.000000
     H    6        0.000000        0.000000        0.000000
     H    6        0.000000        0.000000        0.000000

     H    7       -0.000000        0.000000        0.000000
     H    7        0.000000        0.000000        0.000000
     H    7        0.000000        0.000000        0.000000

     C    8        0.000589        0.005975        0.001403
     C    8        0.005975       -0.002915        0.008245
     C    8        0.001403        0.008245        0.002325

     H    9       -0.000000        0.000000        0.000000
     H    9        0.000000        0.000000        0.000000
     H    9        0.000000        0.000000        0.000000

     C   10        0.016015        0.008894        0.024861
     C   10        0.008894        0.006268       -0.028810
     C   10        0.024861       -0.028810       -0.022283

     C   11       -0.024261        0.040963       -0.006244
     C   11        0.040963       -0.017482        0.039185
     C   11       -0.006244        0.039185        0.041743

     Cl  12       -0.636035        0.460483       -0.621496
     Cl  12        0.460483       -0.563353        1.339517
     Cl  12       -0.621496        1.339517        1.199388

     H   13       -0.000000        0.000000        0.000000
     H   13        0.000000        0.000000        0.000000
     H   13        0.000000        0.000000        0.000000

     C   14       -0.079262       -0.073408       -0.062282
     C   14       -0.073408       -0.027613        0.136966
     C   14       -0.062282        0.136966        0.106875

     H   15       -0.000000        0.000000        0.000000
     H   15        0.000000        0.000000        0.000000
     H   15        0.000000        0.000000        0.000000

     C   16       -0.030093       -0.005976       -0.073118
     C   16       -0.005976        0.004004        0.050499
     C   16       -0.073118        0.050499        0.026090

     C   17       -0.059657       -0.110174       -0.059877
     C   17       -0.110174       -0.084388        0.117720
     C   17       -0.059877        0.117720        0.144045

     Cl  18       -0.920552       -0.548021       -0.053783
     Cl  18       -0.548021       -0.760516        1.078228
     Cl  18       -0.053783        1.078228        1.681068

     H   19       -0.000000        0.000000        0.000000
     H   19        0.000000        0.000000        0.000000
     H   19        0.000000        0.000000        0.000000

     C   20       -0.079555        0.084355        0.082671
     C   20        0.084355        0.084881        0.149764
     C   20        0.082671        0.149764       -0.005326

     H   21       -0.000000        0.000000        0.000000
     H   21        0.000000        0.000000        0.000000
     H   21        0.000000        0.000000        0.000000

     C   22       -0.013202        0.186952       -0.015853
     C   22        0.186952        0.060650        0.167906
     C   22       -0.015853        0.167906       -0.047448

     C   23       -0.114152        0.022540       -0.015256
     C   23        0.022540        0.045428        0.199408
     C   23       -0.015256        0.199408        0.068725

     Cl  24       -0.059850        0.654227        0.115835
     Cl  24        0.654227        2.525538       -0.752109
     Cl  24        0.115835       -0.752109       -2.465688

     ----- total EFG -----
     Cl   1        0.338141       -0.214989       -0.000200
     Cl   1       -0.214989        2.024453        0.152019
     Cl   1       -0.000200        0.152019       -2.362594

     C    2       -0.881570        0.272663       -0.040672
     C    2        0.272663        0.799671        0.434209
     C    2       -0.040672        0.434209        0.081899

     C    3        0.025755       -0.201954        0.049212
     C    3       -0.201954        0.290032       -0.131979
     C    3        0.049212       -0.131979       -0.315787

     H    4        0.253467        0.428257        0.208589
     H    4        0.428257       -0.421725        0.204714
     H    4        0.208589        0.204714        0.168258

     C    5       -0.928229        0.136845       -0.251557
     C    5        0.136845        0.550793        0.533673
     C    5       -0.251557        0.533673        0.377437

     H    6       -0.245867        0.114544        0.031088
     H    6        0.114544        0.068926        0.087456
     H    6        0.031088        0.087456        0.176941

     H    7       -0.151276        0.200815        0.225066
     H    7        0.200815       -0.033095       -0.857978
     H    7        0.225066       -0.857978        0.184370

     C    8        0.294505        0.244674        0.083272
     C    8        0.244674       -0.013862       -0.369940
     C    8        0.083272       -0.369940       -0.280642

     H    9        0.472306        0.116336        0.717415
     H    9        0.116336       -0.308514       -0.370431
     H    9        0.717415       -0.370431       -0.163792

     C   10        0.300756        0.152889        0.348490
     C   10        0.152889        0.134555       -0.487587
     C   10        0.348490       -0.487587       -0.435311

     C   11        0.171940        0.245155        0.024646
     C   11        0.245155        0.190883       -0.078800
     C   11        0.024646       -0.078800       -0.362823

     Cl  12       -0.456143        0.510056       -0.585023
     Cl  12        0.510056       -0.503511        1.168344
     Cl  12       -0.585023        1.168344        0.959653

     H   13       -0.127767        0.057469        0.182119
     H   13        0.057469        0.412696        0.177705
     H   13        0.182119        0.177705       -0.284929

     C   14        0.035084       -0.449354        0.086928
     C   14       -0.449354       -0.235843        0.102578
     C   14        0.086928        0.102578        0.200759

     H   15        0.545915        0.089866        0.575862
     H   15        0.089866       -0.051316        0.003233
     H   15        0.575862        0.003233       -0.494599

     C   16       -0.271712        0.010897       -0.038527
     C   16        0.010897        0.362566        0.377844
     C   16       -0.038527        0.377844       -0.090854

     C   17        0.183860       -0.471851        0.012266
     C   17       -0.471851       -0.504221        0.117967
     C   17        0.012266        0.117967        0.320362

     Cl  18       -0.800512       -0.491966       -0.000427
     Cl  18       -0.491966       -0.719458        0.938371
     Cl  18       -0.000427        0.938371        1.519970

     H   19       -0.374133       -0.068842       -0.111214
     H   19       -0.068842        0.478387       -0.079368
     H   19       -0.111214       -0.079368       -0.104255

     C   20       -0.140577       -0.128143        0.129667
     C   20       -0.128143        0.277527        0.283984
     C   20        0.129667        0.283984       -0.136950

     H   21        0.147232       -0.337126        0.367806
     H   21       -0.337126        0.108655        0.017801
     H   21        0.367806        0.017801       -0.255887

     C   22        0.171903        0.464314       -0.227970
     C   22        0.464314        0.203470        0.520359
     C   22       -0.227970        0.520359       -0.375374

     C   23       -0.278763       -0.234336       -0.110460
     C   23       -0.234336        0.238929        0.213858
     C   23       -0.110460        0.213858        0.039834

     Cl  24        0.065962        0.785441        0.080670
     Cl  24        0.785441        2.559173       -0.812957
     Cl  24        0.080670       -0.812957       -2.625136

     ----- total EFG (symmetrized) -----
     Cl   1        0.338141       -0.214989       -0.000200
     Cl   1       -0.214989        2.024453        0.152019
     Cl   1       -0.000200        0.152019       -2.362594

     C    2       -0.881570        0.272663       -0.040672
     C    2        0.272663        0.799671        0.434209
     C    2       -0.040672        0.434209        0.081899

     C    3        0.025755       -0.201954        0.049212
     C    3       -0.201954        0.290032       -0.131979
     C    3        0.049212       -0.131979       -0.315787

     H    4        0.253467        0.428257        0.208589
     H    4        0.428257       -0.421725        0.204714
     H    4        0.208589        0.204714        0.168258

     C    5       -0.928229        0.136845       -0.251557
     C    5        0.136845        0.550793        0.533673
     C    5       -0.251557        0.533673        0.377437

     H    6       -0.245867        0.114544        0.031088
     H    6        0.114544        0.068926        0.087456
     H    6        0.031088        0.087456        0.176941

     H    7       -0.151276        0.200815        0.225066
     H    7        0.200815       -0.033095       -0.857978
     H    7        0.225066       -0.857978        0.184370

     C    8        0.294505        0.244674        0.083272
     C    8        0.244674       -0.013862       -0.369940
     C    8        0.083272       -0.369940       -0.280642

     H    9        0.472306        0.116336        0.717415
     H    9        0.116336       -0.308514       -0.370431
     H    9        0.717415       -0.370431       -0.163792

     C   10        0.300756        0.152889        0.348490
     C   10        0.152889        0.134555       -0.487587
     C   10        0.348490       -0.487587       -0.435311

     C   11        0.171940        0.245155        0.024646
     C   11        0.245155        0.190883       -0.078800
     C   11        0.024646       -0.078800       -0.362823

     Cl  12       -0.456143        0.510056       -0.585023
     Cl  12        0.510056       -0.503511        1.168344
     Cl  12       -0.585023        1.168344        0.959653

     H   13       -0.127767        0.057469        0.182119
     H   13        0.057469        0.412696        0.177705
     H   13        0.182119        0.177705       -0.284929

     C   14        0.035084       -0.449354        0.086928
     C   14       -0.449354       -0.235843        0.102578
     C   14        0.086928        0.102578        0.200759

     H   15        0.545915        0.089866        0.575862
     H   15        0.089866       -0.051316        0.003233
     H   15        0.575862        0.003233       -0.494599

     C   16       -0.271712        0.010897       -0.038527
     C   16        0.010897        0.362566        0.377844
     C   16       -0.038527        0.377844       -0.090854

     C   17        0.183860       -0.471851        0.012266
     C   17       -0.471851       -0.504221        0.117967
     C   17        0.012266        0.117967        0.320362

     Cl  18       -0.800512       -0.491966       -0.000427
     Cl  18       -0.491966       -0.719458        0.938371
     Cl  18       -0.000427        0.938371        1.519970

     H   19       -0.374133       -0.068842       -0.111214
     H   19       -0.068842        0.478387       -0.079368
     H   19       -0.111214       -0.079368       -0.104255

     C   20       -0.140577       -0.128143        0.129667
     C   20       -0.128143        0.277527        0.283984
     C   20        0.129667        0.283984       -0.136950

     H   21        0.147232       -0.337126        0.367806
     H   21       -0.337126        0.108655        0.017801
     H   21        0.367806        0.017801       -0.255887

     C   22        0.171903        0.464314       -0.227970
     C   22        0.464314        0.203470        0.520359
     C   22       -0.227970        0.520359       -0.375374

     C   23       -0.278763       -0.234336       -0.110460
     C   23       -0.234336        0.238929        0.213858
     C   23       -0.110460        0.213858        0.039834

     Cl  24        0.065962        0.785441        0.080670
     Cl  24        0.785441        2.559173       -0.812957
     Cl  24        0.080670       -0.812957       -2.625136


     NQR/NMR SPECTROSCOPIC PARAMETERS:
     Cl   1    Vxx=    0.3113    axis=(  0.992270  0.123904  0.006970)
     Cl   1    Vyy=    2.0566    axis=( -0.124071  0.991687  0.034119)
     Cl   1    Vzz=   -2.3679    axis=( -0.002685 -0.034720  0.999393)
     Cl   1  Q=        -8.1650 1e-30 m^2  Cq=        45.4265 MHz  eta= 0.73707

     C    2    Vxx=   -0.0945    axis=( -0.180059 -0.384701  0.905309)
     C    2    Vyy=   -0.9374    axis=(  0.976277 -0.182408  0.116662)
     C    2    Vzz=    1.0319    axis=(  0.120255  0.904838  0.408419)
     C    2  Q=         1.0000 1e-30 m^2  Cq=         2.4245 MHz  eta= 0.81680

     C    3    Vxx=   -0.0821    axis=(  0.887009  0.456279 -0.070887)
     C    3    Vyy=   -0.3435    axis=(  0.022949 -0.196889 -0.980157)
     C    3    Vzz=    0.4255    axis=( -0.461182  0.867781 -0.185114)
     C    3  Q=         1.0000 1e-30 m^2  Cq=         0.9998 MHz  eta= 0.61429

     H    4    Vxx=    0.0113    axis=( -0.521766 -0.116512  0.845095)
     H    4    Vyy=    0.6299    axis=(  0.751064  0.407039  0.519829)
     H    4    Vzz=   -0.6412    axis=( -0.404553  0.905949 -0.124871)
     H    4  Q=         1.0000 1e-30 m^2  Cq=        -1.5065 MHz  eta= 0.96491

     C    5    Vxx=    0.0071    axis=( -0.286025 -0.633618  0.718831)
     C    5    Vyy=    1.0066    axis=(  0.031537 -0.755990 -0.653823)
     C    5    Vzz=   -1.0138    axis=( -0.957703  0.164340 -0.236215)
     C    5  Q=         1.0000 1e-30 m^2  Cq=        -2.3819 MHz  eta= 0.98595

     H    6    Vxx=    0.0423    axis=(  0.250632  0.784444 -0.567301)
     H    6    Vyy=    0.2409    axis=(  0.179265  0.538263  0.823491)
     H    6    Vzz=   -0.2831    axis=( -0.951340  0.308090  0.005718)
     H    6  Q=         1.0000 1e-30 m^2  Cq=        -0.6653 MHz  eta= 0.70139

     H    7    Vxx=   -0.0339    axis=(  0.929052  0.299095  0.217725)
     H    7    Vyy=   -0.9078    axis=( -0.368324  0.692723  0.620058)
     H    7    Vzz=    0.9417    axis=(  0.034633 -0.656260  0.753740)
     H    7  Q=         1.0000 1e-30 m^2  Cq=         2.2127 MHz  eta= 0.92804

     C    8    Vxx=    0.1399    axis=( -0.563002  0.562034 -0.605926)
     C    8    Vyy=    0.4514    axis=( -0.791986 -0.576434  0.201203)
     C    8    Vzz=   -0.5913    axis=( -0.236193  0.593163  0.769656)
     C    8  Q=         1.0000 1e-30 m^2  Cq=        -1.3893 MHz  eta= 0.52690

     H    9    Vxx=   -0.0699    axis=(  0.373431  0.828835 -0.416631)
     H    9    Vyy=   -0.8785    axis=( -0.427623  0.552360  0.715568)
     H    9    Vzz=    0.9484    axis=(  0.823218 -0.089055  0.560697)
     H    9  Q=         1.0000 1e-30 m^2  Cq=         2.2283 MHz  eta= 0.85260

     C   10    Vxx=    0.3811    axis=(  0.616610  0.763328 -0.192674)
     C   10    Vyy=    0.4595    axis=( -0.721525  0.450023 -0.526196)
     C   10    Vzz=   -0.8407    axis=( -0.314952  0.463476  0.828248)
     C   10  Q=         1.0000 1e-30 m^2  Cq=        -1.9753 MHz  eta= 0.09328

     C   11    Vxx=   -0.0475    axis=( -0.715455  0.662618 -0.221498)
     C   11    Vyy=   -0.3813    axis=( -0.126914  0.188497  0.973839)
     C   11    Vzz=    0.4288    axis=(  0.687035  0.724849 -0.050766)
     C   11  Q=         1.0000 1e-30 m^2  Cq=         1.0074 MHz  eta= 0.77853

     Cl  12    Vxx=   -0.0258    axis=(  0.831270  0.537086 -0.143279)
     Cl  12    Vyy=   -1.6175    axis=( -0.538650  0.714643 -0.446253)
     Cl  12    Vzz=    1.6433    axis=( -0.137283  0.448134  0.883362)
     Cl  12  Q=        -8.1650 1e-30 m^2  Cq=       -31.5255 MHz  eta= 0.96865

     H   13    Vxx=   -0.0503    axis=(  0.849326 -0.277719  0.448908)
     H   13    Vyy=   -0.4221    axis=(  0.499421  0.147349 -0.853737)
     H   13    Vzz=    0.4724    axis=(  0.170953  0.949295  0.263846)
     H   13  Q=         1.0000 1e-30 m^2  Cq=         1.1100 MHz  eta= 0.78706

     C   14    Vxx=    0.2230    axis=(  0.052830  0.168327  0.984314)
     C   14    Vyy=    0.3694    axis=(  0.806234 -0.588803  0.057419)
     C   14    Vzz=   -0.5924    axis=(  0.589233  0.790555 -0.166817)
     C   14  Q=         1.0000 1e-30 m^2  Cq=        -1.3919 MHz  eta= 0.24726

     H   15    Vxx=   -0.0578    axis=(  0.068662 -0.994168  0.083162)
     H   15    Vyy=   -0.7520    axis=( -0.407861  0.048101  0.911776)
     H   15    Vzz=    0.8098    axis=( -0.910459 -0.096523 -0.402180)
     H   15  Q=         1.0000 1e-30 m^2  Cq=         1.9028 MHz  eta= 0.85727

     C   16    Vxx=   -0.2461    axis=(  0.833670  0.280434 -0.475763)
     C   16    Vyy=   -0.3305    axis=( -0.552149  0.405740 -0.728359)
     C   16    Vzz=    0.5766    axis=(  0.011220 -0.869903 -0.493095)
     C   16  Q=         1.0000 1e-30 m^2  Cq=         1.3548 MHz  eta= 0.14652

     C   17    Vxx=    0.3153    axis=( -0.367649  0.078294 -0.926663)
     C   17    Vyy=    0.4403    axis=(  0.815188 -0.452415 -0.361647)
     C   17    Vzz=   -0.7555    axis=(  0.447551  0.888364 -0.102506)
     C   17  Q=         1.0000 1e-30 m^2  Cq=        -1.7752 MHz  eta= 0.16548

     Cl  18    Vxx=   -0.4582    axis=(  0.792105 -0.551416  0.261745)
     Cl  18    Vyy=   -1.4139    axis=( -0.606948 -0.756992  0.242026)
     Cl  18    Vzz=    1.8721    axis=( -0.064682  0.350576  0.934298)
     Cl  18  Q=        -8.1650 1e-30 m^2  Cq=       -35.9154 MHz  eta= 0.51052

     H   19    Vxx=   -0.0690    axis=( -0.358804  0.089597  0.929103)
     H   19    Vyy=   -0.4234    axis=(  0.931264  0.101876  0.349814)
     H   19    Vzz=    0.4924    axis=( -0.063311  0.990754 -0.119992)
     H   19  Q=         1.0000 1e-30 m^2  Cq=         1.1569 MHz  eta= 0.71990

     C   20    Vxx=   -0.0282    axis=(  0.820280 -0.164892  0.547678)
     C   20    Vyy=   -0.3995    axis=(  0.562255  0.408131 -0.719235)
     C   20    Vzz=    0.4277    axis=( -0.104928  0.897909  0.427493)
     C   20  Q=         1.0000 1e-30 m^2  Cq=         1.0049 MHz  eta= 0.86793

     H   21    Vxx=   -0.0195    axis=( -0.320745 -0.766188 -0.556848)
     H   21    Vyy=   -0.5365    axis=( -0.565676 -0.316588  0.761435)
     H   21    Vzz=    0.5561    axis=( -0.759693  0.559222 -0.331870)
     H   21  Q=         1.0000 1e-30 m^2  Cq=         1.3065 MHz  eta= 0.92973

     C   22    Vxx=    0.1609    axis=( -0.719854  0.319615  0.616163)
     C   22    Vyy=    0.7100    axis=( -0.566942 -0.782887 -0.256251)
     C   22    Vzz=   -0.8709    axis=(  0.400484 -0.533792  0.744768)
     C   22  Q=         1.0000 1e-30 m^2  Cq=        -2.0463 MHz  eta= 0.63055

     C   23    Vxx=   -0.0932    axis=(  0.099904 -0.487875  0.867178)
     C   23    Vyy=   -0.3712    axis=(  0.939551  0.333129  0.079177)
     C   23    Vzz=    0.4644    axis=( -0.327510  0.806848  0.491664)
     C   23  Q=         1.0000 1e-30 m^2  Cq=         1.0911 MHz  eta= 0.59855

     Cl  24    Vxx=   -0.1268    axis=(  0.962398 -0.247635  0.111655)
     Cl  24    Vyy=   -2.7641    axis=(  0.072752 -0.161048 -0.984262)
     Cl  24    Vzz=    2.8909    axis=(  0.261719  0.955375 -0.136976)
     Cl  24  Q=        -8.1650 1e-30 m^2  Cq=       -55.4604 MHz  eta= 0.91229

     Initialization:
     gipaw_setup  :      9.10s CPU     10.97s WALL (       1 calls)

     Linear response

     Apply operators

     Induced current

     Other routines
     efg          :      9.24s CPU     11.93s WALL (       1 calls)

     General routines
     calbec       :      3.21s CPU      4.21s WALL (      16 calls)
     fft          :      1.76s CPU      3.18s WALL (      15 calls)
     ffts         :      0.05s CPU      0.09s WALL (       2 calls)
     fftw         :      3.25s CPU      4.08s WALL (     672 calls)
     davcio       :      0.03s CPU      0.32s WALL (      32 calls)

     Parallel routines
     fft_scatter  :      2.45s CPU      4.49s WALL (     689 calls)

     Plugins

     GIPAW        :     61.08s CPU     72.99s WALL (       1 calls)
