
     Program QE v.6.0 (svn rev. 13079) starts on 16Dec2016 at  6:48:43 

     This program is part of the open-source Quantum ESPRESSO suite
     for quantum simulation of materials; please cite
         "P. Giannozzi et al., J. Phys.:Condens. Matter 21 395502 (2009);
          URL http://www.quantum-espresso.org", 
     in publications or presentations arising from this work. More details at
     http://www.quantum-espresso.org/quote

     Parallel version (MPI), running on     8 processors
     R & G space division:  proc/nbgrp/npool/nimage =       8

     ***** This is GIPAW svn revision unknown      *****

     Parallelizing q-star over 1 images

     Reading data from directory:
     /users/majewski/paradichlorobenzene/pbe/9_constraint/scratch/pbe.ecut100.np8.dt60.pcl2phi-129368.save
     Message from routine read_xml_file:
     file /users/majewski/paradichlorobenzene/pbe/9_constraint/scratch/pbe.ecut100.np8.dt60.pcl2phi-129368.save not guaranteed to be safe for post-processing

   Info: using nr1, nr2, nr3 values from input

   Info: using nr1, nr2, nr3 values from input

     IMPORTANT: XC functional enforced from input :
     Exchange-correlation      =  SLA  PW   PBX  PBC ( 1  4  3  4 0 0)
     Any further DFT definition will be discarded
     Please, verify this is what you really want

               file C.pbe-n-kjpaw_psl.1.0.0.UPF: wavefunction(s)  2S 2P renormalized
               file Cl.pbe-n-kjpaw_psl.1.0.0.UPF: wavefunction(s)  3S 3P renormalized
               file H.pbe-kjpaw_psl.1.0.0.UPF: wavefunction(s)  1S renormalized

     Parallelization info
     --------------------
     sticks:   dense  smooth     PW     G-vecs:    dense   smooth      PW
     Min        3057    1223    332               144436    36536    5170
     Max        3059    1225    333               144437    36537    5171
     Sum       24467    9791   2657              1155489   292295   41363


     Subspace diagonalization in iterative solution of the eigenvalue problem:
     a serial algorithm will be used

     GIPAW projectors -----------------------------------------------
     atom=  C    l=0  rc=    1.2000  rs=    0.8000
     atom=  C    l=0  rc=    1.2000  rs=    0.8000
     atom=  C    l=1  rc=    1.4000  rs=    0.9333
     atom=  C    l=1  rc=    1.4000  rs=    0.9333
     projs nearly linearly dependent: l=1  n1,n2= 1, 2  s=  0.99951561

     atom=  Cl   l=0  rc=    1.6000  rs=    1.0667
     atom=  Cl   l=0  rc=    1.6000  rs=    1.0667
     atom=  Cl   l=1  rc=    1.6000  rs=    1.0667
     atom=  Cl   l=1  rc=    1.6000  rs=    1.0667
     atom=  Cl   l=2  rc=    1.6000  rs=    1.0667
     atom=  Cl   l=2  rc=    1.6000  rs=    1.0667
     projs nearly linearly dependent: l=2  n1,n2= 1, 2  s=  0.99993509

     atom=  H    l=0  rc=    1.0000  rs=    0.6667
     atom=  H    l=0  rc=    1.0000  rs=    0.6667
     projs nearly linearly dependent: l=0  n1,n2= 1, 2  s=  0.99968852
     -----------------------------------------------------------------

     GIPAW integrals: -------------------------------------------
     Atom  i/j   nmr_para   nmr_dia   epr_rmc  epr_para   epr_dia
       C   1 1   0.83E+03  0.17E-01  0.93E+01  0.24E+08  0.24E+03
       C   2 1   0.86E+03 -0.61E-01  0.94E+01  0.25E+08  0.25E+03
       C   2 2   0.90E+03 -0.15E+00  0.97E+01  0.26E+08  0.26E+03
       C   3 3   0.33E+01  0.34E+00  0.18E+01  0.55E+03  0.21E+02
       C   4 3   0.35E+01  0.37E+00  0.20E+01  0.59E+03  0.22E+02
       C   4 4   0.38E+01  0.39E+00  0.22E+01  0.63E+03  0.24E+02
       Cl  1 1   0.14E+04 -0.47E+00  0.84E+01  0.32E+09  0.42E+03
       Cl  2 1   0.21E+04 -0.37E+00  0.12E+02  0.49E+09  0.65E+03
       Cl  2 2   0.33E+04 -0.16E+00  0.21E+02  0.76E+09  0.10E+04
       Cl  3 3   0.21E+02  0.79E-01  0.89E+01  0.23E+05  0.13E+03
       Cl  4 3   0.24E+02  0.67E-01  0.99E+01  0.27E+05  0.15E+03
       Cl  4 4   0.28E+02  0.44E-01  0.11E+02  0.32E+05  0.18E+03
       Cl  5 5   0.77E+00  0.19E+00  0.18E+01  0.12E+03  0.22E+02
       Cl  6 5   0.80E+00  0.19E+00  0.19E+01  0.12E+03  0.23E+02
       Cl  6 6   0.83E+00  0.20E+00  0.19E+01  0.12E+03  0.23E+02
       H   1 1   0.39E+02  0.19E+00  0.29E+00  0.78E+05  0.13E+02
       H   2 1   0.41E+02  0.21E+00  0.32E+00  0.82E+05  0.14E+02
       H   2 2   0.43E+02  0.22E+00  0.36E+00  0.86E+05  0.15E+02
     ------------------------------------------------------------

     alpha_pv=     33.9939 eV

     Number of occupied bands for each k-point:
     k-point:     1    nbnd_occ=  42
     k-point:     2    nbnd_occ=  42
     k-point:     3    nbnd_occ=  42
     k-point:     4    nbnd_occ=  42
     k-point:     5    nbnd_occ=  42
     k-point:     6    nbnd_occ=  42
     k-point:     7    nbnd_occ=  42
     k-point:     8    nbnd_occ=  42
     k-point:     9    nbnd_occ=  42
     k-point:    10    nbnd_occ=  42
     k-point:    11    nbnd_occ=  42
     k-point:    12    nbnd_occ=  42
     k-point:    13    nbnd_occ=  42
     k-point:    14    nbnd_occ=  42
     k-point:    15    nbnd_occ=  42
     k-point:    16    nbnd_occ=  42


     q-space interpolation up to   110.00 Rydberg

     GIPAW job: efg                                                                             


     ELECTRIC FIELD GRADIENTS TENSORS IN Hartree/bohrradius^2:

     ----- bare term -----
     Cl   1        0.359638        0.032582       -0.075454
     Cl   1        0.032582        0.293442       -0.344749
     Cl   1       -0.075454       -0.344749       -0.653081

     C    2       -0.752741        0.235686       -0.264157
     C    2        0.235686        0.206337       -0.051830
     C    2       -0.264157       -0.051830        0.546404

     C    3        0.124529       -0.034632       -0.081187
     C    3       -0.034632       -0.493897       -0.354129
     C    3       -0.081187       -0.354129        0.369368

     H    4       -0.459124       -0.144685        0.253421
     H    4       -0.144685        0.266182       -0.146168
     H    4        0.253421       -0.146168        0.192942

     C    5       -0.442574        0.339747       -0.463409
     C    5        0.339747       -0.067925       -0.012635
     C    5       -0.463409       -0.012635        0.510498

     H    6        0.078284       -0.402642        0.221762
     H    6       -0.402642       -0.421301       -0.130902
     H    6        0.221762       -0.130902        0.343016

     H    7        0.301033        0.184145       -0.144705
     H    7        0.184145       -0.403078        0.520483
     H    7       -0.144705        0.520483        0.102045

     C    8       -0.280035       -0.294218       -0.328504
     C    8       -0.294218       -0.119759        0.475017
     C    8       -0.328504        0.475017        0.399795

     H    9       -0.379511        0.111698       -0.535848
     H    9        0.111698        0.274118        0.124427
     H    9       -0.535848        0.124427        0.105393

     C   10       -0.314274       -0.361931       -0.161780
     C   10       -0.361931       -0.163097        0.490527
     C   10       -0.161780        0.490527        0.477371

     C   11       -0.315757        0.134667       -0.309576
     C   11        0.134667       -0.077252        0.577243
     C   11       -0.309576        0.577243        0.393009

     Cl  12        0.037134       -0.285735       -0.019062
     Cl  12       -0.285735       -0.020885        0.010183
     Cl  12       -0.019062        0.010183       -0.016249

     H   13        0.130682       -0.499844        0.072933
     H   13       -0.499844       -0.517584       -0.071724
     H   13        0.072933       -0.071724        0.386901

     C   14       -0.028072        0.395524       -0.109790
     C   14        0.395524       -0.209961       -0.383843
     C   14       -0.109790       -0.383843        0.238033

     H   15       -0.475071       -0.390849        0.197498
     H   15       -0.390849        0.268624        0.066244
     H   15        0.197498        0.066244        0.206447

     C   16       -0.215312        0.176727       -0.115041
     C   16        0.176727       -0.090586       -0.276486
     C   16       -0.115041       -0.276486        0.305898

     C   17       -0.109852       -0.243414       -0.351020
     C   17       -0.243414       -0.014640       -0.724057
     C   17       -0.351020       -0.724057        0.124492

     Cl  18       -0.104038        0.178494        0.146748
     Cl  18        0.178494       -0.112285       -0.052552
     Cl  18        0.146748       -0.052552        0.216322

     H   19        0.510949        0.012495        0.058762
     H   19        0.012495        0.095328        0.184251
     H   19        0.058762        0.184251       -0.606277

     C   20       -0.341159       -0.267632       -0.069068
     C   20       -0.267632        0.144451        0.213010
     C   20       -0.069068        0.213010        0.196708

     H   21        0.158534        0.010555       -0.315590
     H   21        0.010555        0.238800       -0.210122
     H   21       -0.315590       -0.210122       -0.397333

     C   22        0.150345       -0.063706       -0.058818
     C   22       -0.063706       -0.040247        0.096933
     C   22       -0.058818        0.096933       -0.110098

     C   23       -0.267399       -0.260159       -0.393288
     C   23       -0.260159       -0.007175        0.366120
     C   23       -0.393288        0.366120        0.274574

     Cl  24        0.013967       -0.018071       -0.021903
     Cl  24       -0.018071       -0.056029       -0.037264
     Cl  24       -0.021903       -0.037264        0.042062

     ----- ionic term -----
     Cl   1        0.091978       -0.172505       -0.066214
     Cl   1       -0.172505        0.010332        0.051330
     Cl   1       -0.066214        0.051330       -0.102310

     C    2        0.261789        0.001185        0.048479
     C    2        0.001185        0.187085        0.391740
     C    2        0.048479        0.391740       -0.448875

     C    3        0.229391       -0.142758        0.018872
     C    3       -0.142758        0.252778        0.366009
     C    3        0.018872        0.366009       -0.482170

     H    4        1.000010        0.337998        0.202508
     H    4        0.337998       -0.420113        0.108456
     H    4        0.202508        0.108456       -0.579897

     C    5        0.325415       -0.103775        0.085751
     C    5       -0.103775        0.177625        0.286940
     C    5        0.085751        0.286940       -0.503040

     H    6       -0.502561        0.253282        0.093647
     H    6        0.253282        0.843738        0.551414
     H    6        0.093647        0.551414       -0.341177

     H    7       -0.527700       -0.075246        0.061299
     H    7       -0.075246        0.420864       -0.789246
     H    7        0.061299       -0.789246        0.106836

     C    8        0.229061        0.300771        0.301718
     C    8        0.300771        0.026928       -0.286087
     C    8        0.301718       -0.286087       -0.255989

     H    9        0.573149       -0.056107        0.759272
     H    9       -0.056107       -0.504822       -0.112933
     H    9        0.759272       -0.112933       -0.068327

     C   10        0.137877        0.365574        0.229906
     C   10        0.365574        0.162990       -0.318636
     C   10        0.229906       -0.318636       -0.300867

     C   11        0.081164        0.256257        0.385707
     C   11        0.256257        0.105386       -0.306721
     C   11        0.385707       -0.306721       -0.186550

     Cl  12        0.083208        0.200500        0.039133
     Cl  12        0.200500        0.073964        0.021502
     Cl  12        0.039133        0.021502       -0.157172

     H   13       -0.474289        0.259335        0.081422
     H   13        0.259335        0.748303        0.597445
     H   13        0.081422        0.597445       -0.274014

     C   14        0.370350       -0.102875        0.044129
     C   14       -0.102875        0.139377        0.296706
     C   14        0.044129        0.296706       -0.509727

     H   15        0.889375        0.282556        0.455385
     H   15        0.282556       -0.432202        0.150891
     H   15        0.455385        0.150891       -0.457173

     C   16        0.226079       -0.149903        0.069876
     C   16       -0.149903        0.284096        0.352964
     C   16        0.069876        0.352964       -0.510176

     C   17        0.242318       -0.038347        0.148419
     C   17       -0.038347        0.284210        0.328620
     C   17        0.148419        0.328620       -0.526528

     Cl  18        0.089583       -0.192566       -0.013758
     Cl  18       -0.192566        0.066413        0.013465
     Cl  18       -0.013758        0.013465       -0.155997

     H   19       -0.541708       -0.037279        0.062832
     H   19       -0.037279        0.480827       -0.781685
     H   19        0.062832       -0.781685        0.060881

     C   20        0.188002        0.280399        0.372436
     C   20        0.280399       -0.010605       -0.255533
     C   20        0.372436       -0.255533       -0.177397

     H   21        0.400521       -0.102261        0.808184
     H   21       -0.102261       -0.506762       -0.153674
     H   21        0.808184       -0.153674        0.106241

     C   22        0.069436        0.300771        0.259125
     C   22        0.300771        0.082246       -0.335049
     C   22        0.259125       -0.335049       -0.151681

     C   23        0.123293        0.247450        0.293957
     C   23        0.247450        0.043655       -0.385424
     C   23        0.293957       -0.385424       -0.166948

     Cl  24        0.106426        0.216638        0.002516
     Cl  24        0.216638        0.034133       -0.007702
     Cl  24        0.002516       -0.007702       -0.140559

     ----- GIPAW term -----
     Cl   1        0.286019       -0.521236       -0.039218
     Cl   1       -0.521236        0.033703        0.072246
     Cl   1       -0.039218        0.072246       -0.319722

     C    2       -0.166072        0.010291        0.054731
     C    2        0.010291        0.016148        0.185459
     C    2        0.054731        0.185459        0.149924

     C    3       -0.048925       -0.053399       -0.056241
     C    3       -0.053399       -0.079247        0.093620
     C    3       -0.056241        0.093620        0.128171

     H    4       -0.000000        0.000000        0.000000
     H    4        0.000000        0.000000        0.000000
     H    4        0.000000        0.000000        0.000000

     C    5        0.005253       -0.044087       -0.219757
     C    5       -0.044087       -0.085884        0.109196
     C    5       -0.219757        0.109196        0.080631

     H    6       -0.000000        0.000000        0.000000
     H    6        0.000000        0.000000        0.000000
     H    6        0.000000        0.000000        0.000000

     H    7       -0.000000        0.000000        0.000000
     H    7        0.000000        0.000000        0.000000
     H    7        0.000000        0.000000        0.000000

     C    8       -0.049226       -0.119701       -0.101428
     C    8       -0.119701       -0.000258        0.187841
     C    8       -0.101428        0.187841        0.049484

     H    9       -0.000000        0.000000        0.000000
     H    9        0.000000        0.000000        0.000000
     H    9        0.000000        0.000000        0.000000

     C   10       -0.105931       -0.030971       -0.013809
     C   10       -0.030971        0.023630        0.132459
     C   10       -0.013809        0.132459        0.082301

     C   11       -0.053144        0.162155        0.000139
     C   11        0.162155       -0.060761        0.157475
     C   11        0.000139        0.157475        0.113905

     Cl  12        2.101730       -0.010381       -0.156660
     Cl  12       -0.010381        0.017147        0.096320
     Cl  12       -0.156660        0.096320       -2.118877

     H   13       -0.000000        0.000000        0.000000
     H   13        0.000000        0.000000        0.000000
     H   13        0.000000        0.000000        0.000000

     C   14        0.038845        0.209053       -0.050105
     C   14        0.209053        0.044296       -0.130925
     C   14       -0.050105       -0.130925       -0.083141

     H   15       -0.000000        0.000000        0.000000
     H   15        0.000000        0.000000        0.000000
     H   15        0.000000        0.000000        0.000000

     C   16       -0.073464        0.065982       -0.086499
     C   16        0.065982        0.011551       -0.123147
     C   16       -0.086499       -0.123147        0.061913

     C   17       -0.009421       -0.212725       -0.029329
     C   17       -0.212725        0.106759       -0.201928
     C   17       -0.029329       -0.201928       -0.097338

     Cl  18        1.043211       -1.571057        1.296208
     Cl  18       -1.571057       -0.869049       -0.416873
     Cl  18        1.296208       -0.416873       -0.174162

     H   19       -0.000000        0.000000        0.000000
     H   19        0.000000        0.000000        0.000000
     H   19        0.000000        0.000000        0.000000

     C   20       -0.102202       -0.029285       -0.006193
     C   20       -0.029285        0.036849        0.132230
     C   20       -0.006193        0.132230        0.065353

     H   21       -0.000000        0.000000        0.000000
     H   21        0.000000        0.000000        0.000000
     H   21        0.000000        0.000000        0.000000

     C   22       -0.010926        0.003377       -0.007439
     C   22        0.003377        0.011714        0.025583
     C   22       -0.007439        0.025583       -0.000788

     C   23       -0.078208       -0.043325       -0.112580
     C   23       -0.043325        0.063510        0.189905
     C   23       -0.112580        0.189905        0.014697

     Cl  24        0.186617       -0.246757       -0.920777
     Cl  24       -0.246757        1.330267        1.515045
     Cl  24       -0.920777        1.515045       -1.516884

     ----- total EFG -----
     Cl   1        0.737635       -0.661158       -0.180886
     Cl   1       -0.661158        0.337477       -0.221173
     Cl   1       -0.180886       -0.221173       -1.075112

     C    2       -0.657023        0.247162       -0.160948
     C    2        0.247162        0.409570        0.525370
     C    2       -0.160948        0.525370        0.247453

     C    3        0.304996       -0.230788       -0.118555
     C    3       -0.230788       -0.320365        0.105500
     C    3       -0.118555        0.105500        0.015370

     H    4        0.540885        0.193313        0.455928
     H    4        0.193313       -0.153931       -0.037712
     H    4        0.455928       -0.037712       -0.386954

     C    5       -0.111906        0.191885       -0.597415
     C    5        0.191885        0.023817        0.383501
     C    5       -0.597415        0.383501        0.088089

     H    6       -0.424276       -0.149360        0.315410
     H    6       -0.149360        0.422437        0.420512
     H    6        0.315410        0.420512        0.001839

     H    7       -0.226667        0.108899       -0.083407
     H    7        0.108899        0.017786       -0.268764
     H    7       -0.083407       -0.268764        0.208881

     C    8       -0.100201       -0.113148       -0.128214
     C    8       -0.113148       -0.093089        0.376772
     C    8       -0.128214        0.376772        0.193289

     H    9        0.193638        0.055591        0.223424
     H    9        0.055591       -0.230704        0.011494
     H    9        0.223424        0.011494        0.037066

     C   10       -0.282328       -0.027328        0.054317
     C   10       -0.027328        0.023523        0.304350
     C   10        0.054317        0.304350        0.258805

     C   11       -0.287737        0.553079        0.076269
     C   11        0.553079       -0.032628        0.427996
     C   11        0.076269        0.427996        0.320365

     Cl  12        2.222072       -0.095617       -0.136590
     Cl  12       -0.095617        0.070226        0.128005
     Cl  12       -0.136590        0.128005       -2.292298

     H   13       -0.343607       -0.240508        0.154356
     H   13       -0.240508        0.230720        0.525721
     H   13        0.154356        0.525721        0.112887

     C   14        0.381123        0.501702       -0.115767
     C   14        0.501702       -0.026288       -0.218063
     C   14       -0.115767       -0.218063       -0.354835

     H   15        0.414304       -0.108292        0.652884
     H   15       -0.108292       -0.163578        0.217135
     H   15        0.652884        0.217135       -0.250726

     C   16       -0.062696        0.092807       -0.131663
     C   16        0.092807        0.205061       -0.046670
     C   16       -0.131663       -0.046670       -0.142364

     C   17        0.123045       -0.494486       -0.231930
     C   17       -0.494486        0.376329       -0.597365
     C   17       -0.231930       -0.597365       -0.499374

     Cl  18        1.028757       -1.585129        1.429198
     Cl  18       -1.585129       -0.914920       -0.455960
     Cl  18        1.429198       -0.455960       -0.113837

     H   19       -0.030759       -0.024784        0.121595
     H   19       -0.024784        0.576155       -0.597434
     H   19        0.121595       -0.597434       -0.545396

     C   20       -0.255359       -0.016518        0.297175
     C   20       -0.016518        0.170695        0.089707
     C   20        0.297175        0.089707        0.084664

     H   21        0.559055       -0.091706        0.492594
     H   21       -0.091706       -0.267963       -0.363796
     H   21        0.492594       -0.363796       -0.291092

     C   22        0.208854        0.240441        0.192868
     C   22        0.240441        0.053713       -0.212533
     C   22        0.192868       -0.212533       -0.262567

     C   23       -0.222314       -0.056034       -0.211911
     C   23       -0.056034        0.099991        0.170601
     C   23       -0.211911        0.170601        0.122324

     Cl  24        0.307010       -0.048191       -0.940164
     Cl  24       -0.048191        1.308371        1.470080
     Cl  24       -0.940164        1.470080       -1.615381

     ----- total EFG (symmetrized) -----
     Cl   1        0.737635       -0.661158       -0.180886
     Cl   1       -0.661158        0.337477       -0.221173
     Cl   1       -0.180886       -0.221173       -1.075112

     C    2       -0.657023        0.247162       -0.160948
     C    2        0.247162        0.409570        0.525370
     C    2       -0.160948        0.525370        0.247453

     C    3        0.304996       -0.230788       -0.118555
     C    3       -0.230788       -0.320365        0.105500
     C    3       -0.118555        0.105500        0.015370

     H    4        0.540885        0.193313        0.455928
     H    4        0.193313       -0.153931       -0.037712
     H    4        0.455928       -0.037712       -0.386954

     C    5       -0.111906        0.191885       -0.597415
     C    5        0.191885        0.023817        0.383501
     C    5       -0.597415        0.383501        0.088089

     H    6       -0.424276       -0.149360        0.315410
     H    6       -0.149360        0.422437        0.420512
     H    6        0.315410        0.420512        0.001839

     H    7       -0.226667        0.108899       -0.083407
     H    7        0.108899        0.017786       -0.268764
     H    7       -0.083407       -0.268764        0.208881

     C    8       -0.100201       -0.113148       -0.128214
     C    8       -0.113148       -0.093089        0.376772
     C    8       -0.128214        0.376772        0.193289

     H    9        0.193638        0.055591        0.223424
     H    9        0.055591       -0.230704        0.011494
     H    9        0.223424        0.011494        0.037066

     C   10       -0.282328       -0.027328        0.054317
     C   10       -0.027328        0.023523        0.304350
     C   10        0.054317        0.304350        0.258805

     C   11       -0.287737        0.553079        0.076269
     C   11        0.553079       -0.032628        0.427996
     C   11        0.076269        0.427996        0.320365

     Cl  12        2.222072       -0.095617       -0.136590
     Cl  12       -0.095617        0.070226        0.128005
     Cl  12       -0.136590        0.128005       -2.292298

     H   13       -0.343607       -0.240508        0.154356
     H   13       -0.240508        0.230720        0.525721
     H   13        0.154356        0.525721        0.112887

     C   14        0.381123        0.501702       -0.115767
     C   14        0.501702       -0.026288       -0.218063
     C   14       -0.115767       -0.218063       -0.354835

     H   15        0.414304       -0.108292        0.652884
     H   15       -0.108292       -0.163578        0.217135
     H   15        0.652884        0.217135       -0.250726

     C   16       -0.062696        0.092807       -0.131663
     C   16        0.092807        0.205061       -0.046670
     C   16       -0.131663       -0.046670       -0.142364

     C   17        0.123045       -0.494486       -0.231930
     C   17       -0.494486        0.376329       -0.597365
     C   17       -0.231930       -0.597365       -0.499374

     Cl  18        1.028757       -1.585129        1.429198
     Cl  18       -1.585129       -0.914920       -0.455960
     Cl  18        1.429198       -0.455960       -0.113837

     H   19       -0.030759       -0.024784        0.121595
     H   19       -0.024784        0.576155       -0.597434
     H   19        0.121595       -0.597434       -0.545396

     C   20       -0.255359       -0.016518        0.297175
     C   20       -0.016518        0.170695        0.089707
     C   20        0.297175        0.089707        0.084664

     H   21        0.559055       -0.091706        0.492594
     H   21       -0.091706       -0.267963       -0.363796
     H   21        0.492594       -0.363796       -0.291092

     C   22        0.208854        0.240441        0.192868
     C   22        0.240441        0.053713       -0.212533
     C   22        0.192868       -0.212533       -0.262567

     C   23       -0.222314       -0.056034       -0.211911
     C   23       -0.056034        0.099991        0.170601
     C   23       -0.211911        0.170601        0.122324

     Cl  24        0.307010       -0.048191       -0.940164
     Cl  24       -0.048191        1.308371        1.470080
     Cl  24       -0.940164        1.470080       -1.615381


     NQR/NMR SPECTROSCOPIC PARAMETERS:
     Cl   1    Vxx=   -0.0720    axis=(  0.570948  0.774045 -0.273628)
     Cl   1    Vyy=   -1.1564    axis=(  0.167433  0.216504  0.961817)
     Cl   1    Vzz=    1.2284    axis=( -0.803731  0.594962  0.005988)
     Cl   1  Q=        -8.1650 1e-30 m^2  Cq=       -23.5663 MHz  eta= 0.88274

     C    2    Vxx=   -0.0686    axis=( -0.428810 -0.558513  0.710060)
     C    2    Vyy=   -0.7963    axis=( -0.901584  0.314309 -0.297246)
     C    2    Vzz=    0.8648    axis=( -0.057163 -0.767641 -0.638325)
     C    2  Q=         1.0000 1e-30 m^2  Cq=         2.0320 MHz  eta= 0.84138

     C    3    Vxx=   -0.0260    axis=(  0.365517  0.046600  0.929637)
     C    3    Vyy=   -0.4064    axis=( -0.280808 -0.946692  0.157864)
     C    3    Vzz=    0.4324    axis=(  0.887437 -0.318752 -0.332946)
     C    3  Q=         1.0000 1e-30 m^2  Cq=         1.0159 MHz  eta= 0.87994

     H    4    Vxx=   -0.1566    axis=( -0.070676  0.952632 -0.295798)
     H    4    Vyy=   -0.6009    axis=( -0.395061  0.245559  0.885227)
     H    4    Vzz=    0.7575    axis=(  0.915932  0.179423  0.358993)
     H    4  Q=         1.0000 1e-30 m^2  Cq=         1.7797 MHz  eta= 0.58661

     C    5    Vxx=    0.1586    axis=( -0.537735 -0.842676 -0.027157)
     C    5    Vyy=    0.6503    axis=( -0.534730  0.315969  0.783727)
     C    5    Vzz=   -0.8089    axis=(  0.651847 -0.435960  0.620511)
     C    5  Q=         1.0000 1e-30 m^2  Cq=        -1.9007 MHz  eta= 0.60782

     H    6    Vxx=    0.0146    axis=( -0.617645  0.443504 -0.649476)
     H    6    Vyy=    0.6838    axis=(  0.039493  0.842274  0.537602)
     H    6    Vzz=   -0.6985    axis=( -0.785465 -0.306397  0.537741)
     H    6  Q=         1.0000 1e-30 m^2  Cq=        -1.6411 MHz  eta= 0.95809

     H    7    Vxx=   -0.1555    axis=(  0.370336  0.705069  0.604755)
     H    7    Vyy=   -0.2695    axis=( -0.907596  0.413280  0.073954)
     H    7    Vzz=    0.4250    axis=( -0.197790 -0.576261  0.792970)
     H    7  Q=         1.0000 1e-30 m^2  Cq=         0.9986 MHz  eta= 0.26805

     C    8    Vxx=   -0.1463    axis=(  0.957865  0.076427  0.276863)
     C    8    Vyy=   -0.3549    axis=(  0.092487  0.830530 -0.549241)
     C    8    Vzz=    0.5011    axis=( -0.271920  0.551705  0.788467)
     C    8  Q=         1.0000 1e-30 m^2  Cq=         1.1775 MHz  eta= 0.41618

     H    9    Vxx=   -0.1170    axis=( -0.551189 -0.187363  0.813072)
     H    9    Vyy=   -0.2397    axis=( -0.179140  0.978311  0.104000)
     H    9    Vzz=    0.3567    axis=( -0.814923 -0.088330 -0.572798)
     H    9  Q=         1.0000 1e-30 m^2  Cq=         0.8381 MHz  eta= 0.34375

     C   10    Vxx=   -0.1619    axis=( -0.400418  0.766178 -0.502631)
     C   10    Vyy=   -0.3068    axis=( -0.915490 -0.310984  0.255276)
     C   10    Vzz=    0.4686    axis=(  0.039277  0.562371  0.825952)
     C   10  Q=         1.0000 1e-30 m^2  Cq=         1.1011 MHz  eta= 0.30922

     C   11    Vxx=    0.0102    axis=( -0.578110 -0.408778  0.706180)
     C   11    Vyy=    0.7618    axis=( -0.381152 -0.629945 -0.676677)
     C   11    Vzz=   -0.7719    axis=( -0.721465  0.660355 -0.208370)
     C   11  Q=         1.0000 1e-30 m^2  Cq=        -1.8138 MHz  eta= 0.97363

     Cl  12    Vxx=    0.0722    axis=(  0.047624  0.997550  0.051252)
     Cl  12    Vyy=    2.2308    axis=( -0.998444  0.046050  0.031455)
     Cl  12    Vzz=   -2.3030    axis=(  0.029017 -0.052670  0.998190)
     Cl  12  Q=        -8.1650 1e-30 m^2  Cq=        44.1823 MHz  eta= 0.93727

     H   13    Vxx=   -0.0788    axis=( -0.709301  0.415762 -0.569239)
     H   13    Vyy=   -0.6280    axis=( -0.700602 -0.504899  0.504216)
     H   13    Vzz=    0.7068    axis=( -0.077775  0.756451  0.649409)
     H   13  Q=         1.0000 1e-30 m^2  Cq=         1.6606 MHz  eta= 0.77714

     C   14    Vxx=   -0.2657    axis=(  0.539365 -0.547795  0.639535)
     C   14    Vyy=   -0.4962    axis=( -0.254994  0.617569  0.744034)
     C   14    Vzz=    0.7618    axis=( -0.802536 -0.564384  0.193411)
     C   14  Q=         1.0000 1e-30 m^2  Cq=         1.7900 MHz  eta= 0.30252

     H   15    Vxx=   -0.0645    axis=(  0.218047 -0.924314 -0.313207)
     H   15    Vyy=   -0.7505    axis=(  0.478771  0.380968 -0.790975)
     H   15    Vzz=    0.8149    axis=(  0.850431  0.022515  0.525604)
     H   15  Q=         1.0000 1e-30 m^2  Cq=         1.9148 MHz  eta= 0.84182

     C   16    Vxx=   -0.0127    axis=(  0.707433 -0.422788 -0.566383)
     C   16    Vyy=   -0.2409    axis=(  0.608356 -0.043674  0.792461)
     C   16    Vzz=    0.2536    axis=( -0.359779 -0.905176  0.226309)
     C   16  Q=         1.0000 1e-30 m^2  Cq=         0.5959 MHz  eta= 0.89946

     C   17    Vxx=    0.1211    axis=(  0.795464  0.259841 -0.547467)
     C   17    Vyy=    0.8599    axis=(  0.470003 -0.834810  0.286687)
     C   17    Vzz=   -0.9810    axis=(  0.382538  0.485360  0.786187)
     C   17  Q=         1.0000 1e-30 m^2  Cq=        -2.3050 MHz  eta= 0.75303

     Cl  18    Vxx=   -0.8139    axis=( -0.273311  0.449212  0.850594)
     Cl  18    Vyy=   -1.8779    axis=( -0.553732 -0.796530  0.242736)
     Cl  18    Vzz=    2.6918    axis=(  0.786563 -0.404659  0.466443)
     Cl  18  Q=        -8.1650 1e-30 m^2  Cq=       -51.6405 MHz  eta= 0.39530

     H   19    Vxx=   -0.0234    axis=(  0.988288  0.126259  0.085705)
     H   19    Vyy=   -0.8172    axis=( -0.128789  0.388853  0.912254)
     H   19    Vzz=    0.8406    axis=(  0.081854 -0.912607  0.400560)
     H   19  Q=         1.0000 1e-30 m^2  Cq=         1.9751 MHz  eta= 0.94437

     C   20    Vxx=    0.1369    axis=( -0.328103  0.862553 -0.385164)
     C   20    Vyy=    0.2967    axis=(  0.399966  0.496232  0.770572)
     C   20    Vzz=   -0.4336    axis=( -0.855790 -0.098775  0.507807)
     C   20  Q=         1.0000 1e-30 m^2  Cq=        -1.0188 MHz  eta= 0.36845

     H   21    Vxx=   -0.1157    axis=(  0.427608  0.790435 -0.438593)
     H   21    Vyy=   -0.7218    axis=( -0.258479  0.571844  0.778577)
     H   21    Vzz=    0.8375    axis=(  0.866222 -0.219559  0.448836)
     H   21  Q=         1.0000 1e-30 m^2  Cq=         1.9679 MHz  eta= 0.72369

     C   22    Vxx=    0.1007    axis=( -0.409591  0.675788 -0.612818)
     C   22    Vyy=    0.3859    axis=( -0.827147 -0.558445 -0.062986)
     C   22    Vzz=   -0.4866    axis=( -0.384790  0.481092  0.787710)
     C   22  Q=         1.0000 1e-30 m^2  Cq=        -1.1433 MHz  eta= 0.58605

     C   23    Vxx=   -0.0258    axis=( -0.305457 -0.811637  0.497937)
     C   23    Vyy=   -0.3245    axis=( -0.892488  0.061760 -0.446823)
     C   23    Vzz=    0.3503    axis=( -0.331905  0.580888  0.743242)
     C   23  Q=         1.0000 1e-30 m^2  Cq=         0.8230 MHz  eta= 0.85292

     Cl  24    Vxx=    0.4626    axis=(  0.921651  0.348619 -0.170363)
     Cl  24    Vyy=    2.0259    axis=( -0.252906  0.872706  0.417639)
     Cl  24    Vzz=   -2.4884    axis=(  0.294274 -0.341832  0.892499)
     Cl  24  Q=        -8.1650 1e-30 m^2  Cq=        47.7391 MHz  eta= 0.62822

     Initialization:
     gipaw_setup  :      9.10s CPU     10.81s WALL (       1 calls)

     Linear response

     Apply operators

     Induced current

     Other routines
     efg          :      9.29s CPU     12.09s WALL (       1 calls)

     General routines
     calbec       :      3.30s CPU      4.32s WALL (      16 calls)
     fft          :      1.74s CPU      2.82s WALL (      15 calls)
     ffts         :      0.04s CPU      0.04s WALL (       2 calls)
     fftw         :      3.18s CPU      3.86s WALL (     672 calls)
     davcio       :      0.04s CPU      0.33s WALL (      32 calls)

     Parallel routines
     fft_scatter  :      2.37s CPU      3.81s WALL (     689 calls)

     Plugins

     GIPAW        :     60.76s CPU     73.72s WALL (       1 calls)
