
     Program QE v.6.0 (svn rev. 13079) starts on 27Dec2016 at 17:29:22 

     This program is part of the open-source Quantum ESPRESSO suite
     for quantum simulation of materials; please cite
         "P. Giannozzi et al., J. Phys.:Condens. Matter 21 395502 (2009);
          URL http://www.quantum-espresso.org", 
     in publications or presentations arising from this work. More details at
     http://www.quantum-espresso.org/quote

     Parallel version (MPI), running on     8 processors
     R & G space division:  proc/nbgrp/npool/nimage =       8

     ***** This is GIPAW svn revision unknown      *****

     Parallelizing q-star over 1 images

     Reading data from directory:
     /users/majewski/paradichlorobenzene/pbe/9_constraint/scratch/pbe.ecut100.np8.dt60.pcl2phi-129368.save
     Message from routine read_xml_file:
     file /users/majewski/paradichlorobenzene/pbe/9_constraint/scratch/pbe.ecut100.np8.dt60.pcl2phi-129368.save not guaranteed to be safe for post-processing

   Info: using nr1, nr2, nr3 values from input

   Info: using nr1, nr2, nr3 values from input

     IMPORTANT: XC functional enforced from input :
     Exchange-correlation      =  SLA  PW   PBX  PBC ( 1  4  3  4 0 0)
     Any further DFT definition will be discarded
     Please, verify this is what you really want

               file C.pbe-n-kjpaw_psl.1.0.0.UPF: wavefunction(s)  2S 2P renormalized
               file Cl.pbe-n-kjpaw_psl.1.0.0.UPF: wavefunction(s)  3S 3P renormalized
               file H.pbe-kjpaw_psl.1.0.0.UPF: wavefunction(s)  1S renormalized

     Parallelization info
     --------------------
     sticks:   dense  smooth     PW     G-vecs:    dense   smooth      PW
     Min        3057    1223    332               144436    36536    5170
     Max        3059    1225    333               144437    36537    5171
     Sum       24467    9791   2657              1155489   292295   41363


     Subspace diagonalization in iterative solution of the eigenvalue problem:
     a serial algorithm will be used

     GIPAW projectors -----------------------------------------------
     atom=  C    l=0  rc=    1.2000  rs=    0.8000
     atom=  C    l=0  rc=    1.2000  rs=    0.8000
     atom=  C    l=1  rc=    1.4000  rs=    0.9333
     atom=  C    l=1  rc=    1.4000  rs=    0.9333
     projs nearly linearly dependent: l=1  n1,n2= 1, 2  s=  0.99951561

     atom=  Cl   l=0  rc=    1.6000  rs=    1.0667
     atom=  Cl   l=0  rc=    1.6000  rs=    1.0667
     atom=  Cl   l=1  rc=    1.6000  rs=    1.0667
     atom=  Cl   l=1  rc=    1.6000  rs=    1.0667
     atom=  Cl   l=2  rc=    1.6000  rs=    1.0667
     atom=  Cl   l=2  rc=    1.6000  rs=    1.0667
     projs nearly linearly dependent: l=2  n1,n2= 1, 2  s=  0.99993509

     atom=  H    l=0  rc=    1.0000  rs=    0.6667
     atom=  H    l=0  rc=    1.0000  rs=    0.6667
     projs nearly linearly dependent: l=0  n1,n2= 1, 2  s=  0.99968852
     -----------------------------------------------------------------

     GIPAW integrals: -------------------------------------------
     Atom  i/j   nmr_para   nmr_dia   epr_rmc  epr_para   epr_dia
       C   1 1   0.83E+03  0.17E-01  0.93E+01  0.24E+08  0.24E+03
       C   2 1   0.86E+03 -0.61E-01  0.94E+01  0.25E+08  0.25E+03
       C   2 2   0.90E+03 -0.15E+00  0.97E+01  0.26E+08  0.26E+03
       C   3 3   0.33E+01  0.34E+00  0.18E+01  0.55E+03  0.21E+02
       C   4 3   0.35E+01  0.37E+00  0.20E+01  0.59E+03  0.22E+02
       C   4 4   0.38E+01  0.39E+00  0.22E+01  0.63E+03  0.24E+02
       Cl  1 1   0.14E+04 -0.47E+00  0.84E+01  0.32E+09  0.42E+03
       Cl  2 1   0.21E+04 -0.37E+00  0.12E+02  0.49E+09  0.65E+03
       Cl  2 2   0.33E+04 -0.16E+00  0.21E+02  0.76E+09  0.10E+04
       Cl  3 3   0.21E+02  0.79E-01  0.89E+01  0.23E+05  0.13E+03
       Cl  4 3   0.24E+02  0.67E-01  0.99E+01  0.27E+05  0.15E+03
       Cl  4 4   0.28E+02  0.44E-01  0.11E+02  0.32E+05  0.18E+03
       Cl  5 5   0.77E+00  0.19E+00  0.18E+01  0.12E+03  0.22E+02
       Cl  6 5   0.80E+00  0.19E+00  0.19E+01  0.12E+03  0.23E+02
       Cl  6 6   0.83E+00  0.20E+00  0.19E+01  0.12E+03  0.23E+02
       H   1 1   0.39E+02  0.19E+00  0.29E+00  0.78E+05  0.13E+02
       H   2 1   0.41E+02  0.21E+00  0.32E+00  0.82E+05  0.14E+02
       H   2 2   0.43E+02  0.22E+00  0.36E+00  0.86E+05  0.15E+02
     ------------------------------------------------------------

     alpha_pv=     33.9722 eV

     Number of occupied bands for each k-point:
     k-point:     1    nbnd_occ=  42
     k-point:     2    nbnd_occ=  42
     k-point:     3    nbnd_occ=  42
     k-point:     4    nbnd_occ=  42
     k-point:     5    nbnd_occ=  42
     k-point:     6    nbnd_occ=  42
     k-point:     7    nbnd_occ=  42
     k-point:     8    nbnd_occ=  42
     k-point:     9    nbnd_occ=  42
     k-point:    10    nbnd_occ=  42
     k-point:    11    nbnd_occ=  42
     k-point:    12    nbnd_occ=  42
     k-point:    13    nbnd_occ=  42
     k-point:    14    nbnd_occ=  42
     k-point:    15    nbnd_occ=  42
     k-point:    16    nbnd_occ=  42


     q-space interpolation up to   110.00 Rydberg

     GIPAW job: efg                                                                             


     ELECTRIC FIELD GRADIENTS TENSORS IN Hartree/bohrradius^2:

     ----- bare term -----
     Cl   1       -0.039481        0.222978       -0.119776
     Cl   1        0.222978        0.006791       -0.103351
     Cl   1       -0.119776       -0.103351        0.032690

     C    2       -0.070583        0.091013       -0.587907
     C    2        0.091013       -0.077414       -0.484295
     C    2       -0.587907       -0.484295        0.147997

     C    3       -0.091680        0.420570       -0.280351
     C    3        0.420570       -0.248070       -0.470572
     C    3       -0.280351       -0.470572        0.339750

     H    4       -0.107394       -0.161780       -0.409247
     H    4       -0.161780        0.459709       -0.126038
     H    4       -0.409247       -0.126038       -0.352315

     C    5       -0.295901        0.158666       -0.469865
     C    5        0.158666       -0.052287       -0.420921
     C    5       -0.469865       -0.420921        0.348188

     H    6        0.216954        0.107801        0.121528
     H    6        0.107801       -0.309878       -0.533301
     H    6        0.121528       -0.533301        0.092925

     H    7        0.225744        0.412074       -0.001837
     H    7        0.412074       -0.575576        0.261375
     H    7       -0.001837        0.261375        0.349832

     C    8       -0.241032        0.147901       -0.359912
     C    8        0.147901        0.021837        0.564415
     C    8       -0.359912        0.564415        0.219195

     H    9       -0.303629        0.494049       -0.017474
     H    9        0.494049        0.060122       -0.171302
     H    9       -0.017474       -0.171302        0.243508

     C   10       -0.403147       -0.353713       -0.064074
     C   10       -0.353713       -0.066173        0.500829
     C   10       -0.064074        0.500829        0.469320

     C   11       -0.031034        0.344739       -0.408622
     C   11        0.344739       -0.052295        0.687029
     C   11       -0.408622        0.687029        0.083328

     Cl  12       -0.217998       -0.150699        0.070508
     Cl  12       -0.150699       -0.066607        0.136757
     Cl  12        0.070508        0.136757        0.284605

     H   13        0.176928       -0.156114       -0.344251
     H   13       -0.156114       -0.155474       -0.486184
     H   13       -0.344251       -0.486184       -0.021454

     C   14       -0.173601        0.413160       -0.200632
     C   14        0.413160       -0.246766       -0.402472
     C   14       -0.200632       -0.402472        0.420366

     H   15       -0.028338       -0.103408       -0.548981
     H   15       -0.103408        0.457793       -0.054674
     H   15       -0.548981       -0.054674       -0.429455

     C   16       -0.242371        0.059636       -0.250281
     C   16        0.059636       -0.150290       -0.518873
     C   16       -0.250281       -0.518873        0.392661

     C   17       -0.073804        0.224031       -0.202771
     C   17        0.224031       -0.271448       -0.497429
     C   17       -0.202771       -0.497429        0.345252

     Cl  18       -0.154707        0.046762        0.002640
     Cl  18        0.046762       -0.119386        0.033912
     Cl  18        0.002640        0.033912        0.274093

     H   19        0.224303        0.061432       -0.236847
     H   19        0.061432       -0.302017        0.499567
     H   19       -0.236847        0.499567        0.077715

     C   20       -0.378367       -0.340519       -0.299837
     C   20       -0.340519       -0.060642        0.232764
     C   20       -0.299837        0.232764        0.439010

     H   21       -0.677736        0.293160       -0.079032
     H   21        0.293160        0.388435        0.103360
     H   21       -0.079032        0.103360        0.289301

     C   22        0.057956        0.082600       -0.459488
     C   22        0.082600       -0.342898        0.501745
     C   22       -0.459488        0.501745        0.284942

     C   23       -0.369786       -0.241513       -0.371559
     C   23       -0.241513       -0.069449        0.297260
     C   23       -0.371559        0.297260        0.439235

     Cl  24        0.038771       -0.022130       -0.149370
     Cl  24       -0.022130       -0.035250        0.090181
     Cl  24       -0.149370        0.090181       -0.003521

     ----- ionic term -----
     Cl   1        0.126625       -0.209454        0.019842
     Cl   1       -0.209454        0.019723       -0.002742
     Cl   1        0.019842       -0.002742       -0.146347

     C    2        0.121288       -0.202040        0.328783
     C    2       -0.202040        0.095609        0.379752
     C    2        0.328783        0.379752       -0.216898

     C    3        0.082973       -0.208969        0.243631
     C    3       -0.208969        0.191564        0.355625
     C    3        0.243631        0.355625       -0.274537

     H    4        0.549762        0.360698        0.677808
     H    4        0.360698       -0.373692        0.275648
     H    4        0.677808        0.275648       -0.176069

     C    5        0.171726       -0.213278        0.309302
     C    5       -0.213278        0.106112        0.256665
     C    5        0.309302        0.256665       -0.277839

     H    6       -0.527678        0.013218        0.017231
     H    6        0.013218        0.697759        0.676261
     H    6        0.017231        0.676261       -0.170082

     H    7       -0.423931       -0.341270        0.188171
     H    7       -0.341270        0.638452       -0.649678
     H    7        0.188171       -0.649678       -0.214522

     C    8        0.363026        0.031933        0.230787
     C    8        0.031933        0.060244       -0.309037
     C    8        0.230787       -0.309037       -0.423270

     H    9        0.805863       -0.457005        0.398205
     H    9       -0.457005       -0.330001       -0.194458
     H    9        0.398205       -0.194458       -0.475862

     C   10        0.181899        0.139427        0.110929
     C   10        0.139427        0.250884       -0.400835
     C   10        0.110929       -0.400835       -0.432783

     C   11        0.190296        0.075351        0.211778
     C   11        0.075351        0.181643       -0.442329
     C   11        0.211778       -0.442329       -0.371939

     Cl  12        0.125550        0.182417       -0.021063
     Cl  12        0.182417        0.003681       -0.023783
     Cl  12       -0.021063       -0.023783       -0.129231

     H   13       -0.495362        0.136578        0.133089
     H   13        0.136578        0.447477        0.752274
     H   13        0.133089        0.752274        0.047885

     C   14        0.195038       -0.194809        0.368447
     C   14       -0.194809        0.009370        0.274863
     C   14        0.368447        0.274863       -0.204408

     H   15        0.340564        0.233164        0.762140
     H   15        0.233164       -0.447130        0.279251
     H   15        0.762140        0.279251        0.106566

     C   16        0.025065       -0.256219        0.252599
     C   16       -0.256219        0.185546        0.395083
     C   16        0.252599        0.395083       -0.210611

     C   17        0.119784       -0.216711        0.348786
     C   17       -0.216711        0.112996        0.375383
     C   17        0.348786        0.375383       -0.232780

     Cl  18        0.123993       -0.235626        0.050218
     Cl  18       -0.235626        0.032001       -0.030614
     Cl  18        0.050218       -0.030614       -0.155994

     H   19       -0.505125       -0.078238        0.067380
     H   19       -0.078238        0.539705       -0.754542
     H   19        0.067380       -0.754542       -0.034580

     C   20        0.335117        0.136751        0.205773
     C   20        0.136751        0.011175       -0.343670
     C   20        0.205773       -0.343670       -0.346293

     H   21        0.593256       -0.401848        0.605459
     H   21       -0.401848       -0.378207       -0.290638
     H   21        0.605459       -0.290638       -0.215050

     C   22        0.186542        0.169315        0.137279
     C   22        0.169315        0.174104       -0.414981
     C   22        0.137279       -0.414981       -0.360646

     C   23        0.323553        0.089610        0.205453
     C   23        0.089610        0.094240       -0.400391
     C   23        0.205453       -0.400391       -0.417794

     Cl  24        0.168011        0.222975       -0.016616
     Cl  24        0.222975       -0.014741       -0.010374
     Cl  24       -0.016616       -0.010374       -0.153270

     ----- GIPAW term -----
     Cl   1        1.112158        0.249014       -1.389103
     Cl   1        0.249014        0.372387       -1.366084
     Cl   1       -1.389103       -1.366084       -1.484546

     C    2        0.102229        0.034414       -0.211040
     C    2        0.034414       -0.025765       -0.149141
     C    2       -0.211040       -0.149141       -0.076464

     C    3       -0.034527        0.131206       -0.172225
     C    3        0.131206       -0.069897       -0.163774
     C    3       -0.172225       -0.163774        0.104424

     H    4       -0.000000        0.000000        0.000000
     H    4        0.000000        0.000000        0.000000
     H    4        0.000000        0.000000        0.000000

     C    5        0.014073        0.043424       -0.145328
     C    5        0.043424       -0.069595       -0.103081
     C    5       -0.145328       -0.103081        0.055522

     H    6       -0.000000        0.000000        0.000000
     H    6        0.000000        0.000000        0.000000
     H    6        0.000000        0.000000        0.000000

     H    7       -0.000000        0.000000        0.000000
     H    7        0.000000        0.000000        0.000000
     H    7        0.000000        0.000000        0.000000

     C    8       -0.057034        0.140698       -0.022661
     C    8        0.140698        0.118330        0.185408
     C    8       -0.022661        0.185408       -0.061297

     H    9       -0.000000        0.000000        0.000000
     H    9        0.000000        0.000000        0.000000
     H    9        0.000000        0.000000        0.000000

     C   10       -0.155261        0.009353        0.036375
     C   10        0.009353        0.092823        0.195875
     C   10        0.036375        0.195875        0.062438

     C   11        0.056504        0.279764       -0.042412
     C   11        0.279764        0.086761        0.136163
     C   11       -0.042412        0.136163       -0.143265

     Cl  12       -0.313439        1.599484        0.666515
     Cl  12        1.599484       -0.632899        1.422744
     Cl  12        0.666515        1.422744        0.946338

     H   13       -0.000000        0.000000        0.000000
     H   13        0.000000        0.000000        0.000000
     H   13        0.000000        0.000000        0.000000

     C   14        0.066997        0.121129       -0.006251
     C   14        0.121129       -0.092768       -0.080703
     C   14       -0.006251       -0.080703        0.025771

     H   15       -0.000000        0.000000        0.000000
     H   15        0.000000        0.000000        0.000000
     H   15        0.000000        0.000000        0.000000

     C   16       -0.064437       -0.056358        0.028117
     C   16       -0.056358       -0.053145       -0.125979
     C   16        0.028117       -0.125979        0.117581

     C   17        0.105569       -0.068930        0.011642
     C   17       -0.068930       -0.070912       -0.064279
     C   17        0.011642       -0.064279       -0.034657

     Cl  18       -0.396836       -1.708416        0.273601
     Cl  18       -1.708416       -1.298190        0.296862
     Cl  18        0.273601        0.296862        1.695025

     H   19       -0.000000        0.000000        0.000000
     H   19        0.000000        0.000000        0.000000
     H   19        0.000000        0.000000        0.000000

     C   20        0.032653        0.046637       -0.071651
     C   20        0.046637       -0.023434       -0.002642
     C   20       -0.071651       -0.002642       -0.009219

     H   21       -0.000000        0.000000        0.000000
     H   21        0.000000        0.000000        0.000000
     H   21        0.000000        0.000000        0.000000

     C   22        0.097804        0.106141       -0.238832
     C   22        0.106141       -0.121888        0.022763
     C   22       -0.238832        0.022763        0.024085

     C   23        0.026040        0.130062       -0.150761
     C   23        0.130062       -0.032243       -0.026555
     C   23       -0.150761       -0.026555        0.006203

     Cl  24        1.715160        1.536466       -1.541211
     Cl  24        1.536466       -0.526855        0.774597
     Cl  24       -1.541211        0.774597       -1.188305

     ----- total EFG -----
     Cl   1        1.199303        0.262538       -1.489037
     Cl   1        0.262538        0.398901       -1.472177
     Cl   1       -1.489037       -1.472177       -1.598203

     C    2        0.152935       -0.076613       -0.470164
     C    2       -0.076613       -0.007569       -0.253683
     C    2       -0.470164       -0.253683       -0.145365

     C    3       -0.043234        0.342807       -0.208945
     C    3        0.342807       -0.126403       -0.278722
     C    3       -0.208945       -0.278722        0.169637

     H    4        0.442368        0.198918        0.268561
     H    4        0.198918        0.086016        0.149610
     H    4        0.268561        0.149610       -0.528384

     C    5       -0.110101       -0.011188       -0.305891
     C    5       -0.011188       -0.015769       -0.267338
     C    5       -0.305891       -0.267338        0.125871

     H    6       -0.310724        0.121020        0.138759
     H    6        0.121020        0.387881        0.142960
     H    6        0.138759        0.142960       -0.077157

     H    7       -0.198186        0.070804        0.186334
     H    7        0.070804        0.062876       -0.388303
     H    7        0.186334       -0.388303        0.135310

     C    8        0.064961        0.320531       -0.151786
     C    8        0.320531        0.200412        0.440786
     C    8       -0.151786        0.440786       -0.265373

     H    9        0.502234        0.037044        0.380730
     H    9        0.037044       -0.269880       -0.365760
     H    9        0.380730       -0.365760       -0.232354

     C   10       -0.376509       -0.204933        0.083230
     C   10       -0.204933        0.277535        0.295870
     C   10        0.083230        0.295870        0.098974

     C   11        0.215766        0.699854       -0.239256
     C   11        0.699854        0.216110        0.380864
     C   11       -0.239256        0.380864       -0.431876

     Cl  12       -0.405886        1.631202        0.715960
     Cl  12        1.631202       -0.695825        1.535718
     Cl  12        0.715960        1.535718        1.101711

     H   13       -0.318434       -0.019536       -0.211162
     H   13       -0.019536        0.292003        0.266091
     H   13       -0.211162        0.266091        0.026431

     C   14        0.088434        0.339480        0.161564
     C   14        0.339480       -0.330164       -0.208312
     C   14        0.161564       -0.208312        0.241730

     H   15        0.312226        0.129756        0.213159
     H   15        0.129756        0.010663        0.224576
     H   15        0.213159        0.224576       -0.322889

     C   16       -0.281743       -0.252941        0.030435
     C   16       -0.252941       -0.017889       -0.249769
     C   16        0.030435       -0.249769        0.299632

     C   17        0.151548       -0.061610        0.157657
     C   17       -0.061610       -0.229363       -0.186326
     C   17        0.157657       -0.186326        0.077815

     Cl  18       -0.427549       -1.897280        0.326459
     Cl  18       -1.897280       -1.385575        0.300160
     Cl  18        0.326459        0.300160        1.813125

     H   19       -0.280822       -0.016807       -0.169467
     H   19       -0.016807        0.237688       -0.254975
     H   19       -0.169467       -0.254975        0.043134

     C   20       -0.010596       -0.157132       -0.165715
     C   20       -0.157132       -0.072901       -0.113547
     C   20       -0.165715       -0.113547        0.083498

     H   21       -0.084479       -0.108689        0.526426
     H   21       -0.108689        0.010228       -0.187278
     H   21        0.526426       -0.187278        0.074251

     C   22        0.342301        0.358055       -0.561041
     C   22        0.358055       -0.290683        0.109528
     C   22       -0.561041        0.109528       -0.051619

     C   23       -0.020192       -0.021840       -0.316867
     C   23       -0.021840       -0.007451       -0.129685
     C   23       -0.316867       -0.129685        0.027643

     Cl  24        1.921941        1.737311       -1.707198
     Cl  24        1.737311       -0.576846        0.854404
     Cl  24       -1.707198        0.854404       -1.345095

     ----- total EFG (symmetrized) -----
     Cl   1        1.199303        0.262538       -1.489037
     Cl   1        0.262538        0.398901       -1.472177
     Cl   1       -1.489037       -1.472177       -1.598203

     C    2        0.152935       -0.076613       -0.470164
     C    2       -0.076613       -0.007569       -0.253683
     C    2       -0.470164       -0.253683       -0.145365

     C    3       -0.043234        0.342807       -0.208945
     C    3        0.342807       -0.126403       -0.278722
     C    3       -0.208945       -0.278722        0.169637

     H    4        0.442368        0.198918        0.268561
     H    4        0.198918        0.086016        0.149610
     H    4        0.268561        0.149610       -0.528384

     C    5       -0.110101       -0.011188       -0.305891
     C    5       -0.011188       -0.015769       -0.267338
     C    5       -0.305891       -0.267338        0.125871

     H    6       -0.310724        0.121020        0.138759
     H    6        0.121020        0.387881        0.142960
     H    6        0.138759        0.142960       -0.077157

     H    7       -0.198186        0.070804        0.186334
     H    7        0.070804        0.062876       -0.388303
     H    7        0.186334       -0.388303        0.135310

     C    8        0.064961        0.320531       -0.151786
     C    8        0.320531        0.200412        0.440786
     C    8       -0.151786        0.440786       -0.265373

     H    9        0.502234        0.037044        0.380730
     H    9        0.037044       -0.269880       -0.365760
     H    9        0.380730       -0.365760       -0.232354

     C   10       -0.376509       -0.204933        0.083230
     C   10       -0.204933        0.277535        0.295870
     C   10        0.083230        0.295870        0.098974

     C   11        0.215766        0.699854       -0.239256
     C   11        0.699854        0.216110        0.380864
     C   11       -0.239256        0.380864       -0.431876

     Cl  12       -0.405886        1.631202        0.715960
     Cl  12        1.631202       -0.695825        1.535718
     Cl  12        0.715960        1.535718        1.101711

     H   13       -0.318434       -0.019536       -0.211162
     H   13       -0.019536        0.292003        0.266091
     H   13       -0.211162        0.266091        0.026431

     C   14        0.088434        0.339480        0.161564
     C   14        0.339480       -0.330164       -0.208312
     C   14        0.161564       -0.208312        0.241730

     H   15        0.312226        0.129756        0.213159
     H   15        0.129756        0.010663        0.224576
     H   15        0.213159        0.224576       -0.322889

     C   16       -0.281743       -0.252941        0.030435
     C   16       -0.252941       -0.017889       -0.249769
     C   16        0.030435       -0.249769        0.299632

     C   17        0.151548       -0.061610        0.157657
     C   17       -0.061610       -0.229363       -0.186326
     C   17        0.157657       -0.186326        0.077815

     Cl  18       -0.427549       -1.897280        0.326459
     Cl  18       -1.897280       -1.385575        0.300160
     Cl  18        0.326459        0.300160        1.813125

     H   19       -0.280822       -0.016807       -0.169467
     H   19       -0.016807        0.237688       -0.254975
     H   19       -0.169467       -0.254975        0.043134

     C   20       -0.010596       -0.157132       -0.165715
     C   20       -0.157132       -0.072901       -0.113547
     C   20       -0.165715       -0.113547        0.083498

     H   21       -0.084479       -0.108689        0.526426
     H   21       -0.108689        0.010228       -0.187278
     H   21        0.526426       -0.187278        0.074251

     C   22        0.342301        0.358055       -0.561041
     C   22        0.358055       -0.290683        0.109528
     C   22       -0.561041        0.109528       -0.051619

     C   23       -0.020192       -0.021840       -0.316867
     C   23       -0.021840       -0.007451       -0.129685
     C   23       -0.316867       -0.129685        0.027643

     Cl  24        1.921941        1.737311       -1.707198
     Cl  24        1.737311       -0.576846        0.854404
     Cl  24       -1.707198        0.854404       -1.345095


     NQR/NMR SPECTROSCOPIC PARAMETERS:
     Cl   1    Vxx=    0.4738    axis=(  0.586184 -0.797083  0.145077)
     Cl   1    Vyy=    2.2852    axis=( -0.751336 -0.467826  0.465439)
     Cl   1    Vzz=   -2.7590    axis=( -0.303122 -0.381835 -0.873109)
     Cl   1  Q=        -8.1650 1e-30 m^2  Cq=        52.9297 MHz  eta= 0.65656

     C    2    Vxx=    0.0829    axis=(  0.386253 -0.899524  0.204119)
     C    2    Vyy=    0.5139    axis=( -0.764009 -0.188008  0.617205)
     C    2    Vzz=   -0.5968    axis=( -0.516815 -0.394346 -0.759864)
     C    2  Q=         1.0000 1e-30 m^2  Cq=        -1.4022 MHz  eta= 0.72221

     C    3    Vxx=   -0.1203    axis=(  0.602673  0.312149  0.734404)
     C    3    Vyy=   -0.4412    axis=( -0.596771  0.787278  0.155105)
     C    3    Vzz=    0.5615    axis=( -0.529764 -0.531749  0.660752)
     C    3  Q=         1.0000 1e-30 m^2  Cq=         1.3192 MHz  eta= 0.57149

     H    4    Vxx=   -0.0018    axis=(  0.427691 -0.903106 -0.038461)
     H    4    Vyy=   -0.6116    axis=(  0.218598  0.144621 -0.965039)
     H    4    Vzz=    0.6135    axis=(  0.877095  0.404331  0.259270)
     H    4  Q=         1.0000 1e-30 m^2  Cq=         1.4414 MHz  eta= 0.99408

     C    5    Vxx=   -0.0435    axis=(  0.620196 -0.777171 -0.106594)
     C    5    Vyy=   -0.4000    axis=(  0.658973  0.442444  0.608275)
     C    5    Vzz=    0.4435    axis=( -0.425571 -0.447492  0.786537)
     C    5  Q=         1.0000 1e-30 m^2  Cq=         1.0420 MHz  eta= 0.80379

     H    6    Vxx=   -0.0810    axis=(  0.340121 -0.353485  0.871416)
     H    6    Vyy=   -0.3789    axis=(  0.918761 -0.072653 -0.388072)
     H    6    Vzz=    0.4599    axis=(  0.200489  0.932614  0.300058)
     H    6  Q=         1.0000 1e-30 m^2  Cq=         1.0806 MHz  eta= 0.64779

     H    7    Vxx=   -0.0697    axis=(  0.773262  0.543510  0.326594)
     H    7    Vyy=   -0.4317    axis=( -0.619505  0.537737  0.571885)
     H    7    Vzz=    0.5014    axis=(  0.135204 -0.644543  0.752518)
     H    7  Q=         1.0000 1e-30 m^2  Cq=         1.1780 MHz  eta= 0.72188

     C    8    Vxx=    0.0988    axis=( -0.815027  0.175524  0.552197)
     C    8    Vyy=    0.5590    axis=( -0.425392 -0.828331 -0.364568)
     C    8    Vzz=   -0.6578    axis=(  0.393411 -0.532033  0.749779)
     C    8  Q=         1.0000 1e-30 m^2  Cq=        -1.5455 MHz  eta= 0.69970

     H    9    Vxx=    0.0140    axis=(  0.368937  0.751977 -0.546275)
     H    9    Vyy=    0.6782    axis=(  0.895240 -0.129502  0.426350)
     H    9    Vzz=   -0.6922    axis=( -0.249861  0.646343  0.720978)
     H    9  Q=         1.0000 1e-30 m^2  Cq=        -1.6264 MHz  eta= 0.95954

     C   10    Vxx=   -0.0258    axis=(  0.446995 -0.451362  0.772313)
     C   10    Vyy=   -0.4874    axis=(  0.884066  0.354613 -0.304428)
     C   10    Vzz=    0.5131    axis=( -0.136465  0.818854  0.557544)
     C   10  Q=         1.0000 1e-30 m^2  Cq=         1.2057 MHz  eta= 0.89956

     C   11    Vxx=   -0.0243    axis=(  0.541054 -0.432202 -0.721431)
     C   11    Vyy=   -0.8998    axis=( -0.485936  0.539472 -0.687631)
     C   11    Vzz=    0.9240    axis=( -0.686387 -0.722614 -0.081861)
     C   11  Q=         1.0000 1e-30 m^2  Cq=         2.1711 MHz  eta= 0.94747

     Cl  12    Vxx=   -0.3601    axis=( -0.684885 -0.308884  0.659942)
     Cl  12    Vyy=   -2.3430    axis=( -0.575649  0.784637 -0.230159)
     Cl  12    Vzz=    2.7031    axis=( -0.446722 -0.537527 -0.715195)
     Cl  12  Q=        -8.1650 1e-30 m^2  Cq=       -51.8582 MHz  eta= 0.73357

     H   13    Vxx=   -0.0446    axis=(  0.480048  0.560994 -0.674418)
     H   13    Vyy=   -0.4337    axis=( -0.861081  0.154443 -0.484445)
     H   13    Vzz=    0.4783    axis=(  0.167612 -0.813285 -0.557201)
     H   13  Q=         1.0000 1e-30 m^2  Cq=         1.1239 MHz  eta= 0.81350

     C   14    Vxx=    0.2565    axis=(  0.680462  0.561123 -0.471288)
     C   14    Vyy=    0.3440    axis=(  0.556136  0.023345  0.830763)
     C   14    Vzz=   -0.6005    axis=( -0.477163  0.827403  0.296175)
     C   14  Q=         1.0000 1e-30 m^2  Cq=        -1.4110 MHz  eta= 0.14580

     H   15    Vxx=   -0.0026    axis=(  0.505932 -0.827493 -0.243493)
     H   15    Vyy=   -0.4609    axis=(  0.185962  0.380286 -0.905980)
     H   15    Vzz=    0.4635    axis=(  0.842289  0.413084  0.346281)
     H   15  Q=         1.0000 1e-30 m^2  Cq=         1.0890 MHz  eta= 0.98883

     C   16    Vxx=   -0.0178    axis=( -0.543710  0.633497  0.550510)
     C   16    Vyy=   -0.4513    axis=( -0.812029 -0.562849 -0.154303)
     C   16    Vzz=    0.4691    axis=(  0.212104 -0.530926  0.820445)
     C   16  Q=         1.0000 1e-30 m^2  Cq=         1.1023 MHz  eta= 0.92391

     C   17    Vxx=   -0.0102    axis=( -0.721043 -0.319832  0.614658)
     C   17    Vyy=   -0.3176    axis=( -0.028101  0.899861  0.435270)
     C   17    Vzz=    0.3277    axis=(  0.692320 -0.296576  0.657826)
     C   17  Q=         1.0000 1e-30 m^2  Cq=         0.7701 MHz  eta= 0.93790

     Cl  18    Vxx=    1.0437    axis=(  0.779632 -0.619885 -0.088969)
     Cl  18    Vyy=    1.8602    axis=(  0.127048  0.017449  0.991743)
     Cl  18    Vzz=   -2.9039    axis=( -0.613215 -0.784498  0.092359)
     Cl  18  Q=        -8.1650 1e-30 m^2  Cq=        55.7108 MHz  eta= 0.28117

     H   19    Vxx=   -0.0441    axis=(  0.507794 -0.561151 -0.653647)
     H   19    Vyy=   -0.3794    axis=(  0.852673  0.219178  0.474247)
     H   19    Vzz=    0.4235    axis=(  0.122859  0.798167 -0.589775)
     H   19  Q=         1.0000 1e-30 m^2  Cq=         0.9951 MHz  eta= 0.79171

     C   20    Vxx=    0.0919    axis=(  0.500674 -0.761246  0.412104)
     C   20    Vyy=    0.2088    axis=( -0.613378  0.023939  0.789427)
     C   20    Vzz=   -0.3007    axis=(  0.610813  0.648021  0.454946)
     C   20  Q=         1.0000 1e-30 m^2  Cq=        -0.7066 MHz  eta= 0.38872

     H   21    Vxx=   -0.0632    axis=(  0.280129  0.937825  0.204969)
     H   21    Vyy=   -0.5406    axis=( -0.745445  0.077982  0.661990)
     H   21    Vzz=    0.6038    axis=(  0.604847 -0.338236  0.720942)
     H   21  Q=         1.0000 1e-30 m^2  Cq=         1.4186 MHz  eta= 0.79075

     C   22    Vxx=   -0.1008    axis=(  0.201281  0.745852  0.634973)
     C   22    Vyy=   -0.6909    axis=(  0.527946 -0.628631  0.571048)
     C   22    Vzz=    0.7917    axis=( -0.825081 -0.220291  0.520301)
     C   22  Q=         1.0000 1e-30 m^2  Cq=         1.8602 MHz  eta= 0.74533

     C   23    Vxx=    0.0061    axis=(  0.380459 -0.924237  0.032188)
     C   23    Vyy=    0.3409    axis=( -0.633057 -0.234908  0.737603)
     C   23    Vzz=   -0.3470    axis=( -0.674159 -0.301004 -0.674467)
     C   23  Q=         1.0000 1e-30 m^2  Cq=        -0.8152 MHz  eta= 0.96509

     Cl  24    Vxx=   -0.0795    axis=(  0.102548 -0.754799 -0.647891)
     Cl  24    Vyy=   -3.0548    axis=(  0.436372 -0.551171  0.711189)
     Cl  24    Vzz=    3.1343    axis=( -0.893903 -0.355653  0.272852)
     Cl  24  Q=        -8.1650 1e-30 m^2  Cq=       -60.1291 MHz  eta= 0.94928

     Initialization:
     gipaw_setup  :      9.07s CPU     10.72s WALL (       1 calls)

     Linear response

     Apply operators

     Induced current

     Other routines
     efg          :      9.38s CPU     11.82s WALL (       1 calls)

     General routines
     calbec       :      3.35s CPU      4.55s WALL (      16 calls)
     fft          :      1.90s CPU      3.38s WALL (      15 calls)
     ffts         :      0.04s CPU      0.05s WALL (       2 calls)
     fftw         :      3.36s CPU      3.92s WALL (     672 calls)
     davcio       :      0.04s CPU      0.33s WALL (      32 calls)

     Parallel routines
     fft_scatter  :      2.44s CPU      4.36s WALL (     689 calls)

     Plugins

     GIPAW        :     60.84s CPU     74.81s WALL (       1 calls)
