
     Program QE v.6.0 (svn rev. 13079) starts on 31Dec2016 at 11:51:35 

     This program is part of the open-source Quantum ESPRESSO suite
     for quantum simulation of materials; please cite
         "P. Giannozzi et al., J. Phys.:Condens. Matter 21 395502 (2009);
          URL http://www.quantum-espresso.org", 
     in publications or presentations arising from this work. More details at
     http://www.quantum-espresso.org/quote

     Parallel version (MPI), running on     8 processors
     R & G space division:  proc/nbgrp/npool/nimage =       8

     ***** This is GIPAW svn revision unknown      *****

     Parallelizing q-star over 1 images

     Reading data from directory:
     /users/majewski/paradichlorobenzene/pbe/9_constraint/scratch/pbe.ecut100.np8.dt60.pcl2phi-129368.save
     Message from routine read_xml_file:
     file /users/majewski/paradichlorobenzene/pbe/9_constraint/scratch/pbe.ecut100.np8.dt60.pcl2phi-129368.save not guaranteed to be safe for post-processing

   Info: using nr1, nr2, nr3 values from input

   Info: using nr1, nr2, nr3 values from input

     IMPORTANT: XC functional enforced from input :
     Exchange-correlation      =  SLA  PW   PBX  PBC ( 1  4  3  4 0 0)
     Any further DFT definition will be discarded
     Please, verify this is what you really want

               file C.pbe-n-kjpaw_psl.1.0.0.UPF: wavefunction(s)  2S 2P renormalized
               file Cl.pbe-n-kjpaw_psl.1.0.0.UPF: wavefunction(s)  3S 3P renormalized
               file H.pbe-kjpaw_psl.1.0.0.UPF: wavefunction(s)  1S renormalized

     Parallelization info
     --------------------
     sticks:   dense  smooth     PW     G-vecs:    dense   smooth      PW
     Min        3057    1223    332               144436    36536    5170
     Max        3059    1225    333               144437    36537    5171
     Sum       24467    9791   2657              1155489   292295   41363


     Subspace diagonalization in iterative solution of the eigenvalue problem:
     a serial algorithm will be used

     GIPAW projectors -----------------------------------------------
     atom=  C    l=0  rc=    1.2000  rs=    0.8000
     atom=  C    l=0  rc=    1.2000  rs=    0.8000
     atom=  C    l=1  rc=    1.4000  rs=    0.9333
     atom=  C    l=1  rc=    1.4000  rs=    0.9333
     projs nearly linearly dependent: l=1  n1,n2= 1, 2  s=  0.99951561

     atom=  Cl   l=0  rc=    1.6000  rs=    1.0667
     atom=  Cl   l=0  rc=    1.6000  rs=    1.0667
     atom=  Cl   l=1  rc=    1.6000  rs=    1.0667
     atom=  Cl   l=1  rc=    1.6000  rs=    1.0667
     atom=  Cl   l=2  rc=    1.6000  rs=    1.0667
     atom=  Cl   l=2  rc=    1.6000  rs=    1.0667
     projs nearly linearly dependent: l=2  n1,n2= 1, 2  s=  0.99993509

     atom=  H    l=0  rc=    1.0000  rs=    0.6667
     atom=  H    l=0  rc=    1.0000  rs=    0.6667
     projs nearly linearly dependent: l=0  n1,n2= 1, 2  s=  0.99968852
     -----------------------------------------------------------------

     GIPAW integrals: -------------------------------------------
     Atom  i/j   nmr_para   nmr_dia   epr_rmc  epr_para   epr_dia
       C   1 1   0.83E+03  0.17E-01  0.93E+01  0.24E+08  0.24E+03
       C   2 1   0.86E+03 -0.61E-01  0.94E+01  0.25E+08  0.25E+03
       C   2 2   0.90E+03 -0.15E+00  0.97E+01  0.26E+08  0.26E+03
       C   3 3   0.33E+01  0.34E+00  0.18E+01  0.55E+03  0.21E+02
       C   4 3   0.35E+01  0.37E+00  0.20E+01  0.59E+03  0.22E+02
       C   4 4   0.38E+01  0.39E+00  0.22E+01  0.63E+03  0.24E+02
       Cl  1 1   0.14E+04 -0.47E+00  0.84E+01  0.32E+09  0.42E+03
       Cl  2 1   0.21E+04 -0.37E+00  0.12E+02  0.49E+09  0.65E+03
       Cl  2 2   0.33E+04 -0.16E+00  0.21E+02  0.76E+09  0.10E+04
       Cl  3 3   0.21E+02  0.79E-01  0.89E+01  0.23E+05  0.13E+03
       Cl  4 3   0.24E+02  0.67E-01  0.99E+01  0.27E+05  0.15E+03
       Cl  4 4   0.28E+02  0.44E-01  0.11E+02  0.32E+05  0.18E+03
       Cl  5 5   0.77E+00  0.19E+00  0.18E+01  0.12E+03  0.22E+02
       Cl  6 5   0.80E+00  0.19E+00  0.19E+01  0.12E+03  0.23E+02
       Cl  6 6   0.83E+00  0.20E+00  0.19E+01  0.12E+03  0.23E+02
       H   1 1   0.39E+02  0.19E+00  0.29E+00  0.78E+05  0.13E+02
       H   2 1   0.41E+02  0.21E+00  0.32E+00  0.82E+05  0.14E+02
       H   2 2   0.43E+02  0.22E+00  0.36E+00  0.86E+05  0.15E+02
     ------------------------------------------------------------

     alpha_pv=     34.2392 eV

     Number of occupied bands for each k-point:
     k-point:     1    nbnd_occ=  42
     k-point:     2    nbnd_occ=  42
     k-point:     3    nbnd_occ=  42
     k-point:     4    nbnd_occ=  42
     k-point:     5    nbnd_occ=  42
     k-point:     6    nbnd_occ=  42
     k-point:     7    nbnd_occ=  42
     k-point:     8    nbnd_occ=  42
     k-point:     9    nbnd_occ=  42
     k-point:    10    nbnd_occ=  42
     k-point:    11    nbnd_occ=  42
     k-point:    12    nbnd_occ=  42
     k-point:    13    nbnd_occ=  42
     k-point:    14    nbnd_occ=  42
     k-point:    15    nbnd_occ=  42
     k-point:    16    nbnd_occ=  42


     q-space interpolation up to   110.00 Rydberg

     GIPAW job: efg                                                                             


     ELECTRIC FIELD GRADIENTS TENSORS IN Hartree/bohrradius^2:

     ----- bare term -----
     Cl   1       -0.067471        0.311298       -0.032029
     Cl   1        0.311298       -0.121915       -0.007521
     Cl   1       -0.032029       -0.007521        0.189387

     C    2        0.064441       -0.425467       -0.536139
     C    2       -0.425467       -0.162412       -0.625766
     C    2       -0.536139       -0.625766        0.097971

     C    3       -0.473267        0.312136        0.041918
     C    3        0.312136        0.074840       -0.324340
     C    3        0.041918       -0.324340        0.398428

     H    4       -0.173430       -0.470466       -0.070690
     H    4       -0.470466       -0.174918        0.183868
     H    4       -0.070690        0.183868        0.348348

     C    5       -0.144501       -0.152507       -0.320675
     C    5       -0.152507        0.066588       -0.520111
     C    5       -0.320675       -0.520111        0.077912

     H    6        0.452346       -0.145837        0.001726
     H    6       -0.145837       -0.780600        0.075871
     H    6        0.001726        0.075871        0.328254

     H    7        0.339570        0.040419        0.294997
     H    7        0.040419        0.179319        0.123829
     H    7        0.294997        0.123829       -0.518889

     C    8       -0.262145       -0.074977       -0.183162
     C    8       -0.074977        0.263633       -0.046873
     C    8       -0.183162       -0.046873       -0.001487

     H    9        0.220232        0.036808       -0.199430
     H    9        0.036808        0.247960       -0.265477
     H    9       -0.199430       -0.265477       -0.468192

     C   10        0.178492       -0.060789        0.294193
     C   10       -0.060789       -0.145891       -0.043230
     C   10        0.294193       -0.043230       -0.032601

     C   11       -0.157104       -0.131663       -0.427972
     C   11       -0.131663        0.103958        0.139456
     C   11       -0.427972        0.139456        0.053146

     Cl  12       -0.083392       -0.013903        0.142505
     Cl  12       -0.013903        0.015792       -0.142118
     Cl  12        0.142505       -0.142118        0.067600

     H   13       -0.142760       -0.319460        0.123772
     H   13       -0.319460       -0.321700       -0.288861
     H   13        0.123772       -0.288861        0.464460

     C   14       -0.409839        0.426114       -0.328745
     C   14        0.426114        0.006404        0.030412
     C   14       -0.328745        0.030412        0.403435

     H   15       -0.683818       -0.244131        0.132860
     H   15       -0.244131        0.417584       -0.089891
     H   15        0.132860       -0.089891        0.266234

     C   16        0.018140       -0.238466       -0.226672
     C   16       -0.238466       -0.258199       -0.526346
     C   16       -0.226672       -0.526346        0.240059

     C   17       -0.596219        0.430947       -0.337371
     C   17        0.430947        0.088604       -0.067434
     C   17       -0.337371       -0.067434        0.507615

     Cl  18        0.001791        0.094543        0.121536
     Cl  18        0.094543       -0.054810       -0.090196
     Cl  18        0.121536       -0.090196        0.053020

     H   19        0.383590        0.178260       -0.123647
     H   19        0.178260       -0.438154        0.573444
     H   19       -0.123647        0.573444        0.054564

     C   20        0.017528       -0.534177       -0.071414
     C   20       -0.534177       -0.289234        0.404366
     C   20       -0.071414        0.404366        0.271707

     H   21       -0.239633        0.184364       -0.632534
     H   21        0.184364        0.412964        0.195654
     H   21       -0.632534        0.195654       -0.173331

     C   22       -0.559159       -0.295519       -0.261188
     C   22       -0.295519        0.070335        0.158253
     C   22       -0.261188        0.158253        0.488824

     C   23        0.024076       -0.269738       -0.103824
     C   23       -0.269738       -0.172080        0.484508
     C   23       -0.103824        0.484508        0.148003

     Cl  24        0.011967       -0.062340        0.021615
     Cl  24       -0.062340        0.028166       -0.041464
     Cl  24        0.021615       -0.041464       -0.040133

     ----- ionic term -----
     Cl   1        0.117566       -0.189929        0.001450
     Cl   1       -0.189929        0.042361        0.006189
     Cl   1        0.001450        0.006189       -0.159927

     C    2        0.243862       -0.053499        0.227705
     C    2       -0.053499        0.274068        0.319707
     C    2        0.227705        0.319707       -0.517930

     C    3        0.203629       -0.128402        0.106875
     C    3       -0.128402        0.335980        0.323086
     C    3        0.106875        0.323086       -0.539609

     H    4        0.780937        0.450000        0.458032
     H    4        0.450000       -0.311493        0.189082
     H    4        0.458032        0.189082       -0.469444

     C    5        0.344213       -0.137070        0.114842
     C    5       -0.137070        0.174975        0.255291
     C    5        0.114842        0.255291       -0.519188

     H    6       -0.479989        0.208122        0.055764
     H    6        0.208122        0.876682        0.492438
     H    6        0.055764        0.492438       -0.396693

     H    7       -0.548425        0.007290        0.009524
     H    7        0.007290        0.332253       -0.792657
     H    7        0.009524       -0.792657        0.216172

     C    8        0.067735        0.353105        0.317460
     C    8        0.353105        0.016330       -0.265195
     C    8        0.317460       -0.265195       -0.084065

     H    9        0.436708       -0.118000        0.793430
     H    9       -0.118000       -0.493139       -0.195173
     H    9        0.793430       -0.195173        0.056430

     C   10        0.041626        0.424972        0.216878
     C   10        0.424972        0.122858       -0.367989
     C   10        0.216878       -0.367989       -0.164484

     C   11        0.140893        0.322450        0.315708
     C   11        0.322450       -0.008360       -0.378220
     C   11        0.315708       -0.378220       -0.132533

     Cl  12        0.158121        0.237961        0.049152
     Cl  12        0.237961       -0.010723        0.016577
     Cl  12        0.049152        0.016577       -0.147398

     H   13       -0.474682        0.221044        0.128801
     H   13        0.221044        0.700979        0.635855
     H   13        0.128801        0.635855       -0.226297

     C   14        0.367867       -0.081085        0.242398
     C   14       -0.081085        0.087896        0.273299
     C   14        0.242398        0.273299       -0.455763

     H   15        0.548054        0.502314        0.540494
     H   15        0.502314       -0.265767        0.307365
     H   15        0.540494        0.307365       -0.282287

     C   16        0.135573       -0.101530        0.169229
     C   16       -0.101530        0.267752        0.379565
     C   16        0.169229        0.379565       -0.403325

     C   17        0.220025       -0.083923        0.131572
     C   17       -0.083923        0.224352        0.371072
     C   17        0.131572        0.371072       -0.444377

     Cl  18        0.114760       -0.210684       -0.029956
     Cl  18       -0.210684        0.029087        0.015934
     Cl  18       -0.029956        0.015934       -0.143846

     H   19       -0.533277        0.080871       -0.046247
     H   19        0.080871        0.465262       -0.778776
     H   19       -0.046247       -0.778776        0.068015

     C   20        0.154885        0.310825        0.344380
     C   20        0.310825        0.044920       -0.242807
     C   20        0.344380       -0.242807       -0.199805

     H   21        0.585353       -0.191370        0.706016
     H   21       -0.191370       -0.510129       -0.191209
     H   21        0.706016       -0.191209       -0.075225

     C   22        0.062843        0.313972        0.272737
     C   22        0.313972        0.157195       -0.340449
     C   22        0.272737       -0.340449       -0.220038

     C   23       -0.026212        0.247148        0.313184
     C   23        0.247148        0.084485       -0.412857
     C   23        0.313184       -0.412857       -0.058273

     Cl  24        0.099673        0.189245        0.001531
     Cl  24        0.189245        0.040104       -0.002688
     Cl  24        0.001531       -0.002688       -0.139777

     ----- GIPAW term -----
     Cl   1        2.309533       -1.639120       -0.361354
     Cl   1       -1.639120       -0.853142        0.069063
     Cl   1       -0.361354        0.069063       -1.456391

     C    2        0.094106       -0.271772       -0.128648
     C    2       -0.271772        0.022385        0.001390
     C    2       -0.128648        0.001390       -0.116491

     C    3       -0.139165       -0.067081        0.065674
     C    3       -0.067081        0.159574       -0.143909
     C    3        0.065674       -0.143909       -0.020409

     H    4       -0.000000        0.000000        0.000000
     H    4        0.000000        0.000000        0.000000
     H    4        0.000000        0.000000        0.000000

     C    5       -0.096918       -0.094215       -0.024959
     C    5       -0.094215        0.230793       -0.153574
     C    5       -0.024959       -0.153574       -0.133875

     H    6       -0.000000        0.000000        0.000000
     H    6        0.000000        0.000000        0.000000
     H    6        0.000000        0.000000        0.000000

     H    7       -0.000000        0.000000        0.000000
     H    7        0.000000        0.000000        0.000000
     H    7        0.000000        0.000000        0.000000

     C    8       -0.000459       -0.032088       -0.023190
     C    8       -0.032088        0.027063        0.000313
     C    8       -0.023190        0.000313       -0.026604

     H    9       -0.000000        0.000000        0.000000
     H    9        0.000000        0.000000        0.000000
     H    9        0.000000        0.000000        0.000000

     C   10        0.007538        0.022248        0.037964
     C   10        0.022248       -0.000716       -0.030022
     C   10        0.037964       -0.030022       -0.006822

     C   11        0.038032       -0.072680       -0.081154
     C   11       -0.072680        0.051313        0.047278
     C   11       -0.081154        0.047278       -0.089345

     Cl  12        0.145497       -0.253353       -1.152496
     Cl  12       -0.253353        0.009198        1.289804
     Cl  12       -1.152496        1.289804       -0.154695

     H   13       -0.000000        0.000000        0.000000
     H   13        0.000000        0.000000        0.000000
     H   13        0.000000        0.000000        0.000000

     C   14        0.042794       -0.060754       -0.131723
     C   14       -0.060754       -0.025762        0.100172
     C   14       -0.131723        0.100172       -0.017032

     H   15       -0.000000        0.000000        0.000000
     H   15        0.000000        0.000000        0.000000
     H   15        0.000000        0.000000        0.000000

     C   16        0.015188       -0.108749       -0.095625
     C   16       -0.108749       -0.021857        0.020172
     C   16       -0.095625        0.020172        0.006669

     C   17       -0.027802       -0.135556       -0.142530
     C   17       -0.135556        0.036921        0.124561
     C   17       -0.142530        0.124561       -0.009119

     Cl  18       -0.094221       -1.859554       -0.564378
     Cl  18       -1.859554        0.077410        1.491289
     Cl  18       -0.564378        1.491289        0.016810

     H   19       -0.000000        0.000000        0.000000
     H   19        0.000000        0.000000        0.000000
     H   19        0.000000        0.000000        0.000000

     C   20        0.105710       -0.265825        0.003075
     C   20       -0.265825       -0.004950        0.083521
     C   20        0.003075        0.083521       -0.100760

     H   21       -0.000000        0.000000        0.000000
     H   21        0.000000        0.000000        0.000000
     H   21        0.000000        0.000000        0.000000

     C   22       -0.169869       -0.099530        0.050135
     C   22       -0.099530        0.013087       -0.109967
     C   22        0.050135       -0.109967        0.156781

     C   23        0.022521       -0.073273        0.051490
     C   23       -0.073273        0.115802       -0.053462
     C   23        0.051490       -0.053462       -0.138323

     Cl  24        1.528069        1.690476        0.198224
     Cl  24        1.690476        0.273838       -0.320188
     Cl  24        0.198224       -0.320188       -1.801906

     ----- total EFG -----
     Cl   1        2.359627       -1.517750       -0.391934
     Cl   1       -1.517750       -0.932696        0.067731
     Cl   1       -0.391934        0.067731       -1.426931

     C    2        0.402409       -0.750738       -0.437082
     C    2       -0.750738        0.134041       -0.304668
     C    2       -0.437082       -0.304668       -0.536449

     C    3       -0.408803        0.116653        0.214467
     C    3        0.116653        0.570393       -0.145163
     C    3        0.214467       -0.145163       -0.161590

     H    4        0.607506       -0.020466        0.387342
     H    4       -0.020466       -0.486411        0.372951
     H    4        0.387342        0.372951       -0.121096

     C    5        0.102794       -0.383792       -0.230791
     C    5       -0.383792        0.472356       -0.418394
     C    5       -0.230791       -0.418394       -0.575150

     H    6       -0.027643        0.062285        0.057490
     H    6        0.062285        0.096082        0.568309
     H    6        0.057490        0.568309       -0.068439

     H    7       -0.208855        0.047709        0.304521
     H    7        0.047709        0.511572       -0.668828
     H    7        0.304521       -0.668828       -0.302717

     C    8       -0.194869        0.246040        0.111108
     C    8        0.246040        0.307026       -0.311754
     C    8        0.111108       -0.311754       -0.112156

     H    9        0.656940       -0.081192        0.594000
     H    9       -0.081192       -0.245179       -0.460649
     H    9        0.594000       -0.460649       -0.411761

     C   10        0.227656        0.386431        0.549034
     C   10        0.386431       -0.023749       -0.441241
     C   10        0.549034       -0.441241       -0.203907

     C   11        0.021821        0.118106       -0.193418
     C   11        0.118106        0.146912       -0.191486
     C   11       -0.193418       -0.191486       -0.168732

     Cl  12        0.220226       -0.029295       -0.960839
     Cl  12       -0.029295        0.014267        1.164263
     Cl  12       -0.960839        1.164263       -0.234493

     H   13       -0.617442       -0.098416        0.252573
     H   13       -0.098416        0.379279        0.346995
     H   13        0.252573        0.346995        0.238164

     C   14        0.000822        0.284276       -0.218069
     C   14        0.284276        0.068538        0.403882
     C   14       -0.218069        0.403882       -0.069360

     H   15       -0.135765        0.258182        0.673355
     H   15        0.258182        0.151818        0.217474
     H   15        0.673355        0.217474       -0.016053

     C   16        0.168902       -0.448745       -0.153067
     C   16       -0.448745       -0.012304       -0.126610
     C   16       -0.153067       -0.126610       -0.156597

     C   17       -0.403996        0.211468       -0.348329
     C   17        0.211468        0.349877        0.428199
     C   17       -0.348329        0.428199        0.054119

     Cl  18        0.022330       -1.975695       -0.472798
     Cl  18       -1.975695        0.051687        1.417026
     Cl  18       -0.472798        1.417026       -0.074016

     H   19       -0.149687        0.259131       -0.169894
     H   19        0.259131        0.027108       -0.205333
     H   19       -0.169894       -0.205333        0.122579

     C   20        0.278122       -0.489178        0.276042
     C   20       -0.489178       -0.249264        0.245080
     C   20        0.276042        0.245080       -0.028858

     H   21        0.345720       -0.007006        0.073482
     H   21       -0.007006       -0.097165        0.004445
     H   21        0.073482        0.004445       -0.248556

     C   22       -0.666185       -0.081077        0.061685
     C   22       -0.081077        0.240618       -0.292162
     C   22        0.061685       -0.292162        0.425567

     C   23        0.020386       -0.095863        0.260849
     C   23       -0.095863        0.028207        0.018189
     C   23        0.260849        0.018189       -0.048593

     Cl  24        1.639708        1.817380        0.221371
     Cl  24        1.817380        0.342107       -0.364339
     Cl  24        0.221371       -0.364339       -1.981816

     ----- total EFG (symmetrized) -----
     Cl   1        2.359627       -1.517750       -0.391934
     Cl   1       -1.517750       -0.932696        0.067731
     Cl   1       -0.391934        0.067731       -1.426931

     C    2        0.402409       -0.750738       -0.437082
     C    2       -0.750738        0.134041       -0.304668
     C    2       -0.437082       -0.304668       -0.536449

     C    3       -0.408803        0.116653        0.214467
     C    3        0.116653        0.570393       -0.145163
     C    3        0.214467       -0.145163       -0.161590

     H    4        0.607506       -0.020466        0.387342
     H    4       -0.020466       -0.486411        0.372951
     H    4        0.387342        0.372951       -0.121096

     C    5        0.102794       -0.383792       -0.230791
     C    5       -0.383792        0.472356       -0.418394
     C    5       -0.230791       -0.418394       -0.575150

     H    6       -0.027643        0.062285        0.057490
     H    6        0.062285        0.096082        0.568309
     H    6        0.057490        0.568309       -0.068439

     H    7       -0.208855        0.047709        0.304521
     H    7        0.047709        0.511572       -0.668828
     H    7        0.304521       -0.668828       -0.302717

     C    8       -0.194869        0.246040        0.111108
     C    8        0.246040        0.307026       -0.311754
     C    8        0.111108       -0.311754       -0.112156

     H    9        0.656940       -0.081192        0.594000
     H    9       -0.081192       -0.245179       -0.460649
     H    9        0.594000       -0.460649       -0.411761

     C   10        0.227656        0.386431        0.549034
     C   10        0.386431       -0.023749       -0.441241
     C   10        0.549034       -0.441241       -0.203907

     C   11        0.021821        0.118106       -0.193418
     C   11        0.118106        0.146912       -0.191486
     C   11       -0.193418       -0.191486       -0.168732

     Cl  12        0.220226       -0.029295       -0.960839
     Cl  12       -0.029295        0.014267        1.164263
     Cl  12       -0.960839        1.164263       -0.234493

     H   13       -0.617442       -0.098416        0.252573
     H   13       -0.098416        0.379279        0.346995
     H   13        0.252573        0.346995        0.238164

     C   14        0.000822        0.284276       -0.218069
     C   14        0.284276        0.068538        0.403882
     C   14       -0.218069        0.403882       -0.069360

     H   15       -0.135765        0.258182        0.673355
     H   15        0.258182        0.151818        0.217474
     H   15        0.673355        0.217474       -0.016053

     C   16        0.168902       -0.448745       -0.153067
     C   16       -0.448745       -0.012304       -0.126610
     C   16       -0.153067       -0.126610       -0.156597

     C   17       -0.403996        0.211468       -0.348329
     C   17        0.211468        0.349877        0.428199
     C   17       -0.348329        0.428199        0.054119

     Cl  18        0.022330       -1.975695       -0.472798
     Cl  18       -1.975695        0.051687        1.417026
     Cl  18       -0.472798        1.417026       -0.074016

     H   19       -0.149687        0.259131       -0.169894
     H   19        0.259131        0.027108       -0.205333
     H   19       -0.169894       -0.205333        0.122579

     C   20        0.278122       -0.489178        0.276042
     C   20       -0.489178       -0.249264        0.245080
     C   20        0.276042        0.245080       -0.028858

     H   21        0.345720       -0.007006        0.073482
     H   21       -0.007006       -0.097165        0.004445
     H   21        0.073482        0.004445       -0.248556

     C   22       -0.666185       -0.081077        0.061685
     C   22       -0.081077        0.240618       -0.292162
     C   22        0.061685       -0.292162        0.425567

     C   23        0.020386       -0.095863        0.260849
     C   23       -0.095863        0.028207        0.018189
     C   23        0.260849        0.018189       -0.048593

     Cl  24        1.639708        1.817380        0.221371
     Cl  24        1.817380        0.342107       -0.364339
     Cl  24        0.221371       -0.364339       -1.981816


     NQR/NMR SPECTROSCOPIC PARAMETERS:
     Cl   1    Vxx=   -1.4080    axis=( -0.134486 -0.547182  0.826139)
     Cl   1    Vyy=   -1.5790    axis=( -0.346386 -0.755157 -0.556556)
     Cl   1    Vzz=    2.9870    axis=( -0.928402  0.361012  0.087978)
     Cl   1  Q=        -8.1650 1e-30 m^2  Cq=       -57.3031 MHz  eta= 0.05724

     C    2    Vxx=   -0.0097    axis=( -0.394857 -0.614435  0.683050)
     C    2    Vyy=   -1.0350    axis=( -0.479364 -0.496459 -0.723698)
     C    2    Vzz=    1.0447    axis=( -0.783772  0.613187  0.098508)
     C    2  Q=         1.0000 1e-30 m^2  Cq=         2.4546 MHz  eta= 0.98139

     C    3    Vxx=   -0.0444    axis=(  0.528025  0.098968  0.843442)
     C    3    Vyy=   -0.5596    axis=( -0.845600  0.152991  0.511424)
     C    3    Vzz=    0.6040    axis=( -0.078424 -0.983259  0.164470)
     C    3  Q=         1.0000 1e-30 m^2  Cq=         1.4191 MHz  eta= 0.85311

     H    4    Vxx=   -0.0307    axis=( -0.405024  0.589910  0.698542)
     H    4    Vyy=   -0.7586    axis=(  0.174778  0.799879 -0.574149)
     H    4    Vzz=    0.7893    axis=(  0.897445  0.110455  0.427073)
     H    4  Q=         1.0000 1e-30 m^2  Cq=         1.8546 MHz  eta= 0.92214

     C    5    Vxx=    0.0932    axis=(  0.823504  0.307386 -0.476817)
     C    5    Vyy=    0.7605    axis=(  0.441304 -0.875258  0.197925)
     C    5    Vzz=   -0.8536    axis=(  0.356499  0.373413  0.856429)
     C    5  Q=         1.0000 1e-30 m^2  Cq=        -2.0057 MHz  eta= 0.78172

     H    6    Vxx=   -0.0391    axis=(  0.990985 -0.104574 -0.083740)
     H    6    Vyy=   -0.5604    axis=(  0.005127  0.654208 -0.756297)
     H    6    Vzz=    0.5995    axis=(  0.133872  0.749050  0.648847)
     H    6  Q=         1.0000 1e-30 m^2  Cq=         1.4086 MHz  eta= 0.86964

     H    7    Vxx=   -0.0812    axis=(  0.895826  0.298943  0.328830)
     H    7    Vyy=   -0.8173    axis=( -0.432658  0.417673  0.798972)
     H    7    Vzz=    0.8984    axis=(  0.101504 -0.858011  0.503502)
     H    7  Q=         1.0000 1e-30 m^2  Cq=         2.1109 MHz  eta= 0.81934

     C    8    Vxx=   -0.0483    axis=(  0.713494  0.112686  0.691541)
     C    8    Vyy=   -0.4665    axis=(  0.656558 -0.452164 -0.603721)
     C    8    Vzz=    0.5148    axis=( -0.244659 -0.884788  0.396602)
     C    8  Q=         1.0000 1e-30 m^2  Cq=         1.2096 MHz  eta= 0.81227

     H    9    Vxx=   -0.0675    axis=(  0.412256  0.823259 -0.390243)
     H    9    Vyy=   -0.9143    axis=( -0.277993  0.521576  0.806647)
     H    9    Vzz=    0.9818    axis=(  0.867620 -0.224060  0.443883)
     H    9  Q=         1.0000 1e-30 m^2  Cq=         2.3068 MHz  eta= 0.86254

     C   10    Vxx=    0.3307    axis=(  0.119012  0.822323 -0.556436)
     C   10    Vyy=    0.6159    axis=(  0.860204  0.194489  0.471406)
     C   10    Vzz=   -0.9467    axis=( -0.495869  0.534751  0.684219)
     C   10  Q=         1.0000 1e-30 m^2  Cq=        -2.2243 MHz  eta= 0.30123

     C   11    Vxx=   -0.0381    axis=(  0.747311 -0.644459 -0.161863)
     C   11    Vyy=   -0.3159    axis=(  0.411055  0.256982  0.874639)
     C   11    Vzz=    0.3540    axis=( -0.522073 -0.720162  0.456954)
     C   11  Q=         1.0000 1e-30 m^2  Cq=         0.8318 MHz  eta= 0.78455

     Cl  12    Vxx=    0.1063    axis=(  0.759167  0.647092  0.070267)
     Cl  12    Vyy=    1.4710    axis=(  0.520928 -0.539304 -0.661654)
     Cl  12    Vzz=   -1.5773    axis=( -0.390256  0.538910 -0.746510)
     Cl  12  Q=        -8.1650 1e-30 m^2  Cq=        30.2594 MHz  eta= 0.86518

     H   13    Vxx=    0.0522    axis=(  0.353632 -0.628565  0.692712)
     H   13    Vyy=    0.6687    axis=(  0.069886  0.756249  0.650541)
     H   13    Vzz=   -0.7209    axis=( -0.932770 -0.181641  0.311362)
     H   13  Q=         1.0000 1e-30 m^2  Cq=        -1.6939 MHz  eta= 0.85507

     C   14    Vxx=    0.1819    axis=(  0.826741  0.102229 -0.553217)
     C   14    Vyy=    0.4300    axis=( -0.259512 -0.803181 -0.536241)
     C   14    Vzz=   -0.6119    axis=(  0.499152 -0.586899  0.637493)
     C   14  Q=         1.0000 1e-30 m^2  Cq=        -1.4378 MHz  eta= 0.40551

     H   15    Vxx=   -0.0248    axis=(  0.279296 -0.880283  0.383530)
     H   15    Vyy=   -0.7542    axis=( -0.745484  0.052952  0.664417)
     H   15    Vzz=    0.7791    axis=(  0.605183  0.471484  0.641448)
     H   15  Q=         1.0000 1e-30 m^2  Cq=         1.8305 MHz  eta= 0.93621

     C   16    Vxx=   -0.0454    axis=( -0.274673 -0.425321  0.862355)
     C   16    Vyy=   -0.4929    axis=(  0.561719  0.656923  0.502916)
     C   16    Vzz=    0.5383    axis=( -0.780402  0.622539  0.058472)
     C   16  Q=         1.0000 1e-30 m^2  Cq=         1.2649 MHz  eta= 0.83134

     C   17    Vxx=    0.0854    axis=(  0.637293  0.474063 -0.607554)
     C   17    Vyy=    0.6560    axis=(  0.034067 -0.804956 -0.592356)
     C   17    Vzz=   -0.7414    axis=(  0.769868 -0.356807  0.529143)
     C   17  Q=         1.0000 1e-30 m^2  Cq=        -1.7420 MHz  eta= 0.76968

     Cl  18    Vxx=   -0.4880    axis=(  0.573552 -0.047550  0.817788)
     Cl  18    Vyy=   -2.1974    axis=(  0.575848  0.733428 -0.361223)
     Cl  18    Vzz=    2.6854    axis=( -0.582612  0.678102  0.448041)
     Cl  18  Q=        -8.1650 1e-30 m^2  Cq=       -51.5187 MHz  eta= 0.63655

     H   19    Vxx=   -0.1012    axis=(  0.325973  0.560238  0.761495)
     H   19    Vyy=   -0.3361    axis=( -0.827623  0.558428 -0.056559)
     H   19    Vzz=    0.4374    axis=( -0.456926 -0.611794  0.645698)
     H   19  Q=         1.0000 1e-30 m^2  Cq=         1.0276 MHz  eta= 0.53716

     C   20    Vxx=    0.1281    axis=(  0.045895  0.501570  0.863899)
     C   20    Vyy=    0.5943    axis=( -0.870927  0.443658 -0.211315)
     C   20    Vzz=   -0.7224    axis=( -0.489265 -0.742694  0.457193)
     C   20  Q=         1.0000 1e-30 m^2  Cq=        -1.6973 MHz  eta= 0.64535

     H   21    Vxx=   -0.0971    axis=( -0.010129 -0.999362 -0.034241)
     H   21    Vyy=   -0.2577    axis=( -0.121197 -0.032763  0.992088)
     H   21    Vzz=    0.3548    axis=( -0.992577  0.014199 -0.120788)
     H   21  Q=         1.0000 1e-30 m^2  Cq=         0.8336 MHz  eta= 0.45268

     C   22    Vxx=    0.0278    axis=( -0.040782  0.802237  0.595612)
     C   22    Vyy=    0.6468    axis=(  0.074258 -0.592025  0.802491)
     C   22    Vzz=   -0.6746    axis=( -0.996405 -0.076956  0.035429)
     C   22  Q=         1.0000 1e-30 m^2  Cq=        -1.5851 MHz  eta= 0.91751

     C   23    Vxx=    0.0308    axis=( -0.040014 -0.937351 -0.346080)
     C   23    Vyy=    0.2650    axis=( -0.750268  0.256938 -0.609164)
     C   23    Vzz=   -0.2958    axis=(  0.659922  0.235278 -0.713545)
     C   23  Q=         1.0000 1e-30 m^2  Cq=        -0.6951 MHz  eta= 0.79157

     Cl  24    Vxx=   -0.7874    axis=( -0.544868  0.768519 -0.335405)
     Cl  24    Vyy=   -2.1334    axis=( -0.188821  0.277269  0.942055)
     Cl  24    Vzz=    2.9208    axis=( -0.816985 -0.576628  0.005962)
     Cl  24  Q=        -8.1650 1e-30 m^2  Cq=       -56.0341 MHz  eta= 0.46085

     Initialization:
     gipaw_setup  :      9.13s CPU     11.07s WALL (       1 calls)

     Linear response

     Apply operators

     Induced current

     Other routines
     efg          :      9.53s CPU     11.59s WALL (       1 calls)

     General routines
     calbec       :      3.36s CPU      4.34s WALL (      16 calls)
     fft          :      1.32s CPU      1.52s WALL (      15 calls)
     ffts         :      0.04s CPU      0.05s WALL (       2 calls)
     fftw         :      3.26s CPU      3.84s WALL (     672 calls)
     davcio       :      0.03s CPU      0.31s WALL (      32 calls)

     Parallel routines
     fft_scatter  :      2.01s CPU      2.56s WALL (     689 calls)

     Plugins

     GIPAW        :     62.98s CPU     75.11s WALL (       1 calls)
