
     Program QE v.6.0 (svn rev. 13079) starts on 31Dec2016 at  3:49:18 

     This program is part of the open-source Quantum ESPRESSO suite
     for quantum simulation of materials; please cite
         "P. Giannozzi et al., J. Phys.:Condens. Matter 21 395502 (2009);
          URL http://www.quantum-espresso.org", 
     in publications or presentations arising from this work. More details at
     http://www.quantum-espresso.org/quote

     Parallel version (MPI), running on     8 processors
     R & G space division:  proc/nbgrp/npool/nimage =       8

     ***** This is GIPAW svn revision unknown      *****

     Parallelizing q-star over 1 images

     Reading data from directory:
     /users/majewski/paradichlorobenzene/pbe/9_constraint/scratch/pbe.ecut100.np8.dt60.pcl2phi-129368.save
     Message from routine read_xml_file:
     file /users/majewski/paradichlorobenzene/pbe/9_constraint/scratch/pbe.ecut100.np8.dt60.pcl2phi-129368.save not guaranteed to be safe for post-processing

   Info: using nr1, nr2, nr3 values from input

   Info: using nr1, nr2, nr3 values from input

     IMPORTANT: XC functional enforced from input :
     Exchange-correlation      =  SLA  PW   PBX  PBC ( 1  4  3  4 0 0)
     Any further DFT definition will be discarded
     Please, verify this is what you really want

               file C.pbe-n-kjpaw_psl.1.0.0.UPF: wavefunction(s)  2S 2P renormalized
               file Cl.pbe-n-kjpaw_psl.1.0.0.UPF: wavefunction(s)  3S 3P renormalized
               file H.pbe-kjpaw_psl.1.0.0.UPF: wavefunction(s)  1S renormalized

     Parallelization info
     --------------------
     sticks:   dense  smooth     PW     G-vecs:    dense   smooth      PW
     Min        3057    1223    332               144436    36536    5170
     Max        3059    1225    333               144437    36537    5171
     Sum       24467    9791   2657              1155489   292295   41363


     Subspace diagonalization in iterative solution of the eigenvalue problem:
     a serial algorithm will be used

     GIPAW projectors -----------------------------------------------
     atom=  C    l=0  rc=    1.2000  rs=    0.8000
     atom=  C    l=0  rc=    1.2000  rs=    0.8000
     atom=  C    l=1  rc=    1.4000  rs=    0.9333
     atom=  C    l=1  rc=    1.4000  rs=    0.9333
     projs nearly linearly dependent: l=1  n1,n2= 1, 2  s=  0.99951561

     atom=  Cl   l=0  rc=    1.6000  rs=    1.0667
     atom=  Cl   l=0  rc=    1.6000  rs=    1.0667
     atom=  Cl   l=1  rc=    1.6000  rs=    1.0667
     atom=  Cl   l=1  rc=    1.6000  rs=    1.0667
     atom=  Cl   l=2  rc=    1.6000  rs=    1.0667
     atom=  Cl   l=2  rc=    1.6000  rs=    1.0667
     projs nearly linearly dependent: l=2  n1,n2= 1, 2  s=  0.99993509

     atom=  H    l=0  rc=    1.0000  rs=    0.6667
     atom=  H    l=0  rc=    1.0000  rs=    0.6667
     projs nearly linearly dependent: l=0  n1,n2= 1, 2  s=  0.99968852
     -----------------------------------------------------------------

     GIPAW integrals: -------------------------------------------
     Atom  i/j   nmr_para   nmr_dia   epr_rmc  epr_para   epr_dia
       C   1 1   0.83E+03  0.17E-01  0.93E+01  0.24E+08  0.24E+03
       C   2 1   0.86E+03 -0.61E-01  0.94E+01  0.25E+08  0.25E+03
       C   2 2   0.90E+03 -0.15E+00  0.97E+01  0.26E+08  0.26E+03
       C   3 3   0.33E+01  0.34E+00  0.18E+01  0.55E+03  0.21E+02
       C   4 3   0.35E+01  0.37E+00  0.20E+01  0.59E+03  0.22E+02
       C   4 4   0.38E+01  0.39E+00  0.22E+01  0.63E+03  0.24E+02
       Cl  1 1   0.14E+04 -0.47E+00  0.84E+01  0.32E+09  0.42E+03
       Cl  2 1   0.21E+04 -0.37E+00  0.12E+02  0.49E+09  0.65E+03
       Cl  2 2   0.33E+04 -0.16E+00  0.21E+02  0.76E+09  0.10E+04
       Cl  3 3   0.21E+02  0.79E-01  0.89E+01  0.23E+05  0.13E+03
       Cl  4 3   0.24E+02  0.67E-01  0.99E+01  0.27E+05  0.15E+03
       Cl  4 4   0.28E+02  0.44E-01  0.11E+02  0.32E+05  0.18E+03
       Cl  5 5   0.77E+00  0.19E+00  0.18E+01  0.12E+03  0.22E+02
       Cl  6 5   0.80E+00  0.19E+00  0.19E+01  0.12E+03  0.23E+02
       Cl  6 6   0.83E+00  0.20E+00  0.19E+01  0.12E+03  0.23E+02
       H   1 1   0.39E+02  0.19E+00  0.29E+00  0.78E+05  0.13E+02
       H   2 1   0.41E+02  0.21E+00  0.32E+00  0.82E+05  0.14E+02
       H   2 2   0.43E+02  0.22E+00  0.36E+00  0.86E+05  0.15E+02
     ------------------------------------------------------------

     alpha_pv=     34.2275 eV

     Number of occupied bands for each k-point:
     k-point:     1    nbnd_occ=  42
     k-point:     2    nbnd_occ=  42
     k-point:     3    nbnd_occ=  42
     k-point:     4    nbnd_occ=  42
     k-point:     5    nbnd_occ=  42
     k-point:     6    nbnd_occ=  42
     k-point:     7    nbnd_occ=  42
     k-point:     8    nbnd_occ=  42
     k-point:     9    nbnd_occ=  42
     k-point:    10    nbnd_occ=  42
     k-point:    11    nbnd_occ=  42
     k-point:    12    nbnd_occ=  42
     k-point:    13    nbnd_occ=  42
     k-point:    14    nbnd_occ=  42
     k-point:    15    nbnd_occ=  42
     k-point:    16    nbnd_occ=  42


     q-space interpolation up to   110.00 Rydberg

     GIPAW job: efg                                                                             


     ELECTRIC FIELD GRADIENTS TENSORS IN Hartree/bohrradius^2:

     ----- bare term -----
     Cl   1       -0.257109        0.314348       -0.031793
     Cl   1        0.314348        0.025608        0.006866
     Cl   1       -0.031793        0.006866        0.231501

     C    2       -0.018158       -0.382569       -0.448577
     C    2       -0.382569       -0.114273       -0.681958
     C    2       -0.448577       -0.681958        0.132431

     C    3       -0.432577        0.326162        0.025318
     C    3        0.326162        0.039105       -0.361340
     C    3        0.025318       -0.361340        0.393472

     H    4       -0.193901       -0.362127       -0.331800
     H    4       -0.362127       -0.191059       -0.002789
     H    4       -0.331800       -0.002789        0.384959

     C    5       -0.182196       -0.267467       -0.372818
     C    5       -0.267467        0.048303       -0.570351
     C    5       -0.372818       -0.570351        0.133893

     H    6        0.288893        0.273512       -0.023218
     H    6        0.273512       -0.639101       -0.292179
     H    6       -0.023218       -0.292179        0.350208

     H    7        0.166725        0.089323        0.320157
     H    7        0.089323       -0.050607        0.400365
     H    7        0.320157        0.400365       -0.116118

     C    8       -0.393773       -0.127568       -0.337780
     C    8       -0.127568        0.282575       -0.036926
     C    8       -0.337780       -0.036926        0.111197

     H    9        0.185111        0.017311       -0.328611
     H    9        0.017311        0.160183       -0.291652
     H    9       -0.328611       -0.291652       -0.345294

     C   10        0.224766       -0.112932        0.213240
     C   10       -0.112932       -0.202341        0.114413
     C   10        0.213240        0.114413       -0.022425

     C   11       -0.212095       -0.161253       -0.399943
     C   11       -0.161253        0.100814        0.042980
     C   11       -0.399943        0.042980        0.111281

     Cl  12        0.007035        0.183726        0.179041
     Cl  12        0.183726       -0.133941       -0.281436
     Cl  12        0.179041       -0.281436        0.126905

     H   13        0.165769        0.082166       -0.445793
     H   13        0.082166       -0.011283       -0.309827
     H   13       -0.445793       -0.309827       -0.154486

     C   14       -0.380615        0.459875        0.031873
     C   14        0.459875        0.027063       -0.238889
     C   14        0.031873       -0.238889        0.353552

     H   15       -0.418840        0.280440       -0.299049
     H   15        0.280440        0.107407       -0.095422
     H   15       -0.299049       -0.095422        0.311433

     C   16        0.078896       -0.211406       -0.411493
     C   16       -0.211406       -0.205690       -0.641591
     C   16       -0.411493       -0.641591        0.126794

     C   17       -0.588456        0.442663       -0.268653
     C   17        0.442663        0.126753       -0.127727
     C   17       -0.268653       -0.127727        0.461703

     Cl  18       -0.024504        0.041637        0.094581
     Cl  18        0.041637       -0.028625       -0.054509
     Cl  18        0.094581       -0.054509        0.053129

     H   19        0.462301        0.052673       -0.026029
     H   19        0.052673       -0.339912        0.652295
     H   19       -0.026029        0.652295       -0.122390

     C   20       -0.049674       -0.439330       -0.008438
     C   20       -0.439330       -0.273389        0.340317
     C   20       -0.008438        0.340317        0.323063

     H   21        0.092751        0.123614       -0.425083
     H   21        0.123614        0.474158        0.220383
     H   21       -0.425083        0.220383       -0.566909

     C   22       -0.618657       -0.365419       -0.293954
     C   22       -0.365419        0.173745        0.101366
     C   22       -0.293954        0.101366        0.444913

     C   23        0.073692       -0.541738        0.062965
     C   23       -0.541738       -0.267751        0.483096
     C   23        0.062965        0.483096        0.194060

     Cl  24       -0.026511       -0.008019        0.088516
     Cl  24       -0.008019       -0.065244       -0.071674
     Cl  24        0.088516       -0.071674        0.091755

     ----- ionic term -----
     Cl   1        0.130859       -0.194393        0.040792
     Cl   1       -0.194393        0.022350       -0.012466
     Cl   1        0.040792       -0.012466       -0.153209

     C    2        0.208519       -0.145033        0.326265
     C    2       -0.145033        0.098061        0.362752
     C    2        0.326265        0.362752       -0.306580

     C    3        0.216261       -0.234634        0.178193
     C    3       -0.234634        0.169038        0.389542
     C    3        0.178193        0.389542       -0.385299

     H    4        0.709918        0.334494        0.627601
     H    4        0.334494       -0.406640        0.227390
     H    4        0.627601        0.227390       -0.303279

     C    5        0.385389       -0.243619        0.181481
     C    5       -0.243619        0.040708        0.303620
     C    5        0.181481        0.303620       -0.426096

     H    6       -0.482454        0.001809        0.000799
     H    6        0.001809        0.634093        0.720935
     H    6        0.000799        0.720935       -0.151639

     H    7       -0.519432       -0.049551        0.054863
     H    7       -0.049551        0.700023       -0.675358
     H    7        0.054863       -0.675358       -0.180591

     C    8        0.159976        0.275006        0.334354
     C    8        0.275006        0.060480       -0.226807
     C    8        0.334354       -0.226807       -0.220455

     H    9        0.527983       -0.172421        0.759823
     H    9       -0.172421       -0.460480       -0.203001
     H    9        0.759823       -0.203001       -0.067503

     C   10        0.080298        0.313220        0.241711
     C   10        0.313220        0.125416       -0.351868
     C   10        0.241711       -0.351868       -0.205714

     C   11        0.047512        0.299386        0.331307
     C   11        0.299386        0.060273       -0.366874
     C   11        0.331307       -0.366874       -0.107785

     Cl  12        0.136361        0.228203        0.049190
     Cl  12        0.228203        0.007172        0.017208
     Cl  12        0.049190        0.017208       -0.143533

     H   13       -0.529197        0.141259        0.121720
     H   13        0.141259        0.500738        0.784179
     H   13        0.121720        0.784179        0.028459

     C   14        0.245737       -0.144334        0.242430
     C   14       -0.144334        0.005294        0.342897
     C   14        0.242430        0.342897       -0.251032

     H   15        0.642223        0.229714        0.632234
     H   15        0.229714       -0.475117        0.200728
     H   15        0.632234        0.200728       -0.167106

     C   16        0.132496       -0.188119        0.151740
     C   16       -0.188119        0.118845        0.434570
     C   16        0.151740        0.434570       -0.251341

     C   17        0.258855       -0.140955        0.165434
     C   17       -0.140955        0.051725        0.456810
     C   17        0.165434        0.456810       -0.310580

     Cl  18        0.119772       -0.227768       -0.055413
     Cl  18       -0.227768        0.010843        0.037821
     Cl  18       -0.055413        0.037821       -0.130615

     H   19       -0.529079        0.083636       -0.044448
     H   19        0.083636        0.490863       -0.761095
     H   19       -0.044448       -0.761095        0.038216

     C   20        0.132244        0.317637        0.280849
     C   20        0.317637        0.000991       -0.273111
     C   20        0.280849       -0.273111       -0.133234

     H   21        0.220525       -0.109416        0.785325
     H   21       -0.109416       -0.525213       -0.189863
     H   21        0.785325       -0.189863        0.304688

     C   22        0.018833        0.355750        0.196154
     C   22        0.355750        0.130330       -0.388998
     C   22        0.196154       -0.388998       -0.149163

     C   23        0.032985        0.304921        0.281809
     C   23        0.304921        0.124905       -0.370184
     C   23        0.281809       -0.370184       -0.157890

     Cl  24        0.072107        0.209909        0.023155
     Cl  24        0.209909        0.072441        0.018542
     Cl  24        0.023155        0.018542       -0.144548

     ----- GIPAW term -----
     Cl   1        0.669577       -2.256439       -0.410558
     Cl   1       -2.256439        0.740775        0.334099
     Cl   1       -0.410558        0.334099       -1.410352

     C    2        0.061873       -0.206900        0.019418
     C    2       -0.206900        0.012362       -0.123224
     C    2        0.019418       -0.123224       -0.074234

     C    3       -0.085824       -0.133491        0.084453
     C    3       -0.133491        0.150118       -0.121096
     C    3        0.084453       -0.121096       -0.064295

     H    4       -0.000000        0.000000        0.000000
     H    4        0.000000        0.000000        0.000000
     H    4        0.000000        0.000000        0.000000

     C    5       -0.051563       -0.190263       -0.015846
     C    5       -0.190263        0.161135       -0.178435
     C    5       -0.015846       -0.178435       -0.109572

     H    6       -0.000000        0.000000        0.000000
     H    6        0.000000        0.000000        0.000000
     H    6        0.000000        0.000000        0.000000

     H    7       -0.000000        0.000000        0.000000
     H    7        0.000000        0.000000        0.000000
     H    7        0.000000        0.000000        0.000000

     C    8        0.003152       -0.063825       -0.029413
     C    8       -0.063825        0.039452       -0.016829
     C    8       -0.029413       -0.016829       -0.042605

     H    9       -0.000000        0.000000        0.000000
     H    9        0.000000        0.000000        0.000000
     H    9        0.000000        0.000000        0.000000

     C   10        0.012390        0.004047        0.033132
     C   10        0.004047        0.006395       -0.017055
     C   10        0.033132       -0.017055       -0.018785

     C   11        0.022263       -0.062372       -0.053940
     C   11       -0.062372        0.053526        0.015441
     C   11       -0.053940        0.015441       -0.075790

     Cl  12        0.134224       -0.032921       -0.529902
     Cl  12       -0.032921        0.512313        0.831164
     Cl  12       -0.529902        0.831164       -0.646537

     H   13       -0.000000        0.000000        0.000000
     H   13        0.000000        0.000000        0.000000
     H   13        0.000000        0.000000        0.000000

     C   14        0.029326       -0.124948        0.088433
     C   14       -0.124948        0.054899       -0.055652
     C   14        0.088433       -0.055652       -0.084224

     H   15       -0.000000        0.000000        0.000000
     H   15        0.000000        0.000000        0.000000
     H   15        0.000000        0.000000        0.000000

     C   16        0.015629       -0.144780       -0.055683
     C   16       -0.144780        0.052886       -0.042640
     C   16       -0.055683       -0.042640       -0.068515

     C   17       -0.024210       -0.175673       -0.072229
     C   17       -0.175673        0.122479        0.066177
     C   17       -0.072229        0.066177       -0.098269

     Cl  18       -0.032709       -2.041865       -0.837841
     Cl  18       -2.041865       -0.333327        1.409312
     Cl  18       -0.837841        1.409312        0.366036

     H   19       -0.000000        0.000000        0.000000
     H   19        0.000000        0.000000        0.000000
     H   19        0.000000        0.000000        0.000000

     C   20       -0.030957       -0.202796        0.098552
     C   20       -0.202796        0.042094       -0.075272
     C   20        0.098552       -0.075272       -0.011137

     H   21       -0.000000        0.000000        0.000000
     H   21        0.000000        0.000000        0.000000
     H   21        0.000000        0.000000        0.000000

     C   22       -0.186012       -0.140630        0.022494
     C   22       -0.140630        0.101680       -0.143850
     C   22        0.022494       -0.143850        0.084332

     C   23        0.106072       -0.189665        0.085458
     C   23       -0.189665        0.035981       -0.022809
     C   23        0.085458       -0.022809       -0.142053

     Cl  24        1.106531        1.939879        0.921001
     Cl  24        1.939879       -0.547901       -0.545214
     Cl  24        0.921001       -0.545214       -0.558630

     ----- total EFG -----
     Cl   1        0.543327       -2.136483       -0.401559
     Cl   1       -2.136483        0.788733        0.328499
     Cl   1       -0.401559        0.328499       -1.332060

     C    2        0.252234       -0.734503       -0.102894
     C    2       -0.734503       -0.003851       -0.442431
     C    2       -0.102894       -0.442431       -0.248384

     C    3       -0.302139       -0.041963        0.287964
     C    3       -0.041963        0.358261       -0.092894
     C    3        0.287964       -0.092894       -0.056121

     H    4        0.516018       -0.027633        0.295802
     H    4       -0.027633       -0.597698        0.224601
     H    4        0.295802        0.224601        0.081681

     C    5        0.151630       -0.701349       -0.207183
     C    5       -0.701349        0.250145       -0.445166
     C    5       -0.207183       -0.445166       -0.401775

     H    6       -0.193561        0.275321       -0.022419
     H    6        0.275321       -0.005008        0.428756
     H    6       -0.022419        0.428756        0.198568

     H    7       -0.352707        0.039772        0.375020
     H    7        0.039772        0.649416       -0.274993
     H    7        0.375020       -0.274993       -0.296709

     C    8       -0.230644        0.083613       -0.032839
     C    8        0.083613        0.382507       -0.280562
     C    8       -0.032839       -0.280562       -0.151863

     H    9        0.713093       -0.155110        0.431213
     H    9       -0.155110       -0.300297       -0.494653
     H    9        0.431213       -0.494653       -0.412797

     C   10        0.317454        0.204334        0.488082
     C   10        0.204334       -0.070530       -0.254510
     C   10        0.488082       -0.254510       -0.246924

     C   11       -0.142319        0.075761       -0.122576
     C   11        0.075761        0.214613       -0.308453
     C   11       -0.122576       -0.308453       -0.072294

     Cl  12        0.277621        0.379008       -0.301670
     Cl  12        0.379008        0.385544        0.566937
     Cl  12       -0.301670        0.566937       -0.663165

     H   13       -0.363428        0.223426       -0.324073
     H   13        0.223426        0.489456        0.474352
     H   13       -0.324073        0.474352       -0.126028

     C   14       -0.105552        0.190592        0.362737
     C   14        0.190592        0.087256        0.048356
     C   14        0.362737        0.048356        0.018296

     H   15        0.223383        0.510154        0.333184
     H   15        0.510154       -0.367710        0.105307
     H   15        0.333184        0.105307        0.144327

     C   16        0.227021       -0.544305       -0.315437
     C   16       -0.544305       -0.033959       -0.249662
     C   16       -0.315437       -0.249662       -0.193061

     C   17       -0.353811        0.126034       -0.175448
     C   17        0.126034        0.300957        0.395259
     C   17       -0.175448        0.395259        0.052854

     Cl  18        0.062558       -2.227996       -0.798673
     Cl  18       -2.227996       -0.351109        1.392623
     Cl  18       -0.798673        1.392623        0.288550

     H   19       -0.066778        0.136309       -0.070477
     H   19        0.136309        0.150951       -0.108799
     H   19       -0.070477       -0.108799       -0.084174

     C   20        0.051612       -0.324488        0.370963
     C   20       -0.324488       -0.230304       -0.008066
     C   20        0.370963       -0.008066        0.178692

     H   21        0.313276        0.014198        0.360242
     H   21        0.014198       -0.051055        0.030521
     H   21        0.360242        0.030521       -0.262221

     C   22       -0.785836       -0.150298       -0.075307
     C   22       -0.150298        0.405754       -0.431482
     C   22       -0.075307       -0.431482        0.380082

     C   23        0.212748       -0.426482        0.430231
     C   23       -0.426482       -0.106865        0.090103
     C   23        0.430231        0.090103       -0.105883

     Cl  24        1.152126        2.141770        1.032671
     Cl  24        2.141770       -0.540704       -0.598345
     Cl  24        1.032671       -0.598345       -0.611423

     ----- total EFG (symmetrized) -----
     Cl   1        0.543327       -2.136483       -0.401559
     Cl   1       -2.136483        0.788733        0.328499
     Cl   1       -0.401559        0.328499       -1.332060

     C    2        0.252234       -0.734503       -0.102894
     C    2       -0.734503       -0.003851       -0.442431
     C    2       -0.102894       -0.442431       -0.248384

     C    3       -0.302139       -0.041963        0.287964
     C    3       -0.041963        0.358261       -0.092894
     C    3        0.287964       -0.092894       -0.056121

     H    4        0.516018       -0.027633        0.295802
     H    4       -0.027633       -0.597698        0.224601
     H    4        0.295802        0.224601        0.081681

     C    5        0.151630       -0.701349       -0.207183
     C    5       -0.701349        0.250145       -0.445166
     C    5       -0.207183       -0.445166       -0.401775

     H    6       -0.193561        0.275321       -0.022419
     H    6        0.275321       -0.005008        0.428756
     H    6       -0.022419        0.428756        0.198568

     H    7       -0.352707        0.039772        0.375020
     H    7        0.039772        0.649416       -0.274993
     H    7        0.375020       -0.274993       -0.296709

     C    8       -0.230644        0.083613       -0.032839
     C    8        0.083613        0.382507       -0.280562
     C    8       -0.032839       -0.280562       -0.151863

     H    9        0.713093       -0.155110        0.431213
     H    9       -0.155110       -0.300297       -0.494653
     H    9        0.431213       -0.494653       -0.412797

     C   10        0.317454        0.204334        0.488082
     C   10        0.204334       -0.070530       -0.254510
     C   10        0.488082       -0.254510       -0.246924

     C   11       -0.142319        0.075761       -0.122576
     C   11        0.075761        0.214613       -0.308453
     C   11       -0.122576       -0.308453       -0.072294

     Cl  12        0.277621        0.379008       -0.301670
     Cl  12        0.379008        0.385544        0.566937
     Cl  12       -0.301670        0.566937       -0.663165

     H   13       -0.363428        0.223426       -0.324073
     H   13        0.223426        0.489456        0.474352
     H   13       -0.324073        0.474352       -0.126028

     C   14       -0.105552        0.190592        0.362737
     C   14        0.190592        0.087256        0.048356
     C   14        0.362737        0.048356        0.018296

     H   15        0.223383        0.510154        0.333184
     H   15        0.510154       -0.367710        0.105307
     H   15        0.333184        0.105307        0.144327

     C   16        0.227021       -0.544305       -0.315437
     C   16       -0.544305       -0.033959       -0.249662
     C   16       -0.315437       -0.249662       -0.193061

     C   17       -0.353811        0.126034       -0.175448
     C   17        0.126034        0.300957        0.395259
     C   17       -0.175448        0.395259        0.052854

     Cl  18        0.062558       -2.227996       -0.798673
     Cl  18       -2.227996       -0.351109        1.392623
     Cl  18       -0.798673        1.392623        0.288550

     H   19       -0.066778        0.136309       -0.070477
     H   19        0.136309        0.150951       -0.108799
     H   19       -0.070477       -0.108799       -0.084174

     C   20        0.051612       -0.324488        0.370963
     C   20       -0.324488       -0.230304       -0.008066
     C   20        0.370963       -0.008066        0.178692

     H   21        0.313276        0.014198        0.360242
     H   21        0.014198       -0.051055        0.030521
     H   21        0.360242        0.030521       -0.262221

     C   22       -0.785836       -0.150298       -0.075307
     C   22       -0.150298        0.405754       -0.431482
     C   22       -0.075307       -0.431482        0.380082

     C   23        0.212748       -0.426482        0.430231
     C   23       -0.426482       -0.106865        0.090103
     C   23        0.430231        0.090103       -0.105883

     Cl  24        1.152126        2.141770        1.032671
     Cl  24        2.141770       -0.540704       -0.598345
     Cl  24        1.032671       -0.598345       -0.611423


     NQR/NMR SPECTROSCOPIC PARAMETERS:
     Cl   1    Vxx=   -1.3577    axis=( -0.285405 -0.416211  0.863315)
     Cl   1    Vyy=   -1.5114    axis=( -0.672561 -0.554761 -0.489798)
     Cl   1    Vzz=    2.8691    axis=(  0.682793 -0.720422 -0.121596)
     Cl   1  Q=        -8.1650 1e-30 m^2  Cq=       -55.0416 MHz  eta= 0.05357

     C    2    Vxx=   -0.0223    axis=( -0.497728 -0.300050  0.813779)
     C    2    Vyy=   -0.8878    axis=(  0.487272  0.679454  0.548551)
     C    2    Vzz=    0.9101    axis=( -0.717518  0.669561 -0.191978)
     C    2  Q=         1.0000 1e-30 m^2  Cq=         2.1384 MHz  eta= 0.95095

     C    3    Vxx=    0.0955    axis=(  0.522813  0.357160  0.774018)
     C    3    Vyy=    0.3971    axis=( -0.182693  0.933843 -0.307508)
     C    3    Vzz=   -0.4926    axis=( -0.832640  0.019362  0.553475)
     C    3  Q=         1.0000 1e-30 m^2  Cq=        -1.1574 MHz  eta= 0.61216

     H    4    Vxx=    0.0059    axis=( -0.460490  0.328026  0.824832)
     H    4    Vyy=    0.6707    axis=( -0.881918 -0.063499 -0.467107)
     H    4    Vzz=   -0.6766    axis=( -0.100847 -0.942532  0.318533)
     H    4  Q=         1.0000 1e-30 m^2  Cq=        -1.5896 MHz  eta= 0.98267

     C    5    Vxx=   -0.0143    axis=(  0.592676  0.353935 -0.723509)
     C    5    Vyy=   -0.9182    axis=(  0.492170  0.551920  0.673166)
     C    5    Vzz=    0.9325    axis=( -0.637576  0.755059 -0.152913)
     C    5  Q=         1.0000 1e-30 m^2  Cq=         2.1911 MHz  eta= 0.96936

     H    6    Vxx=   -0.0522    axis=( -0.769577 -0.351852  0.532871)
     H    6    Vyy=   -0.5185    axis=( -0.602491  0.676572 -0.423385)
     H    6    Vzz=    0.5706    axis=(  0.211557  0.646877  0.732662)
     H    6  Q=         1.0000 1e-30 m^2  Cq=         1.3408 MHz  eta= 0.81719

     H    7    Vxx=    0.0083    axis=(  0.712114  0.238972  0.660140)
     H    7    Vyy=    0.7272    axis=(  0.061945 -0.958006  0.279978)
     H    7    Vzz=   -0.7355    axis=(  0.699325 -0.158484 -0.697013)
     H    7  Q=         1.0000 1e-30 m^2  Cq=        -1.7281 MHz  eta= 0.97746

     C    8    Vxx=   -0.2412    axis=( -0.988925  0.074945 -0.128103)
     C    8    Vyy=   -0.2724    axis=( -0.087636  0.401729  0.911556)
     C    8    Vzz=    0.5136    axis=( -0.119779 -0.912687  0.390712)
     C    8  Q=         1.0000 1e-30 m^2  Cq=         1.2067 MHz  eta= 0.06059

     H    9    Vxx=   -0.0548    axis=(  0.434614  0.745039 -0.505992)
     H    9    Vyy=   -0.8874    axis=( -0.149403  0.613687  0.775286)
     H    9    Vzz=    0.9423    axis=(  0.888138 -0.261353  0.378028)
     H    9  Q=         1.0000 1e-30 m^2  Cq=         2.2140 MHz  eta= 0.88361

     C   10    Vxx=    0.0922    axis=( -0.154332 -0.883987  0.441304)
     C   10    Vyy=    0.6033    axis=(  0.874908  0.085245  0.476727)
     C   10    Vzz=   -0.6955    axis=( -0.459040  0.459675  0.760251)
     C   10  Q=         1.0000 1e-30 m^2  Cq=        -1.6342 MHz  eta= 0.73487

     C   11    Vxx=   -0.1419    axis=(  0.877839 -0.406149 -0.253852)
     C   11    Vyy=   -0.2986    axis=(  0.425801  0.419109  0.801898)
     C   11    Vzz=    0.4405    axis=(  0.219298  0.812029 -0.540849)
     C   11  Q=         1.0000 1e-30 m^2  Cq=         1.0350 MHz  eta= 0.35564

     Cl  12    Vxx=    0.2842    axis=( -0.803542  0.362030  0.472499)
     Cl  12    Vyy=    0.7679    axis=(  0.506478  0.832869  0.223180)
     Cl  12    Vzz=   -1.0522    axis=(  0.312732 -0.418645  0.852605)
     Cl  12  Q=        -8.1650 1e-30 m^2  Cq=        20.1858 MHz  eta= 0.45970

     H   13    Vxx=    0.0168    axis=(  0.714558  0.297597 -0.633122)
     H   13    Vyy=    0.7489    axis=( -0.042560 -0.884838 -0.463950)
     H   13    Vzz=   -0.7657    axis=(  0.698280 -0.358465  0.619603)
     H   13  Q=         1.0000 1e-30 m^2  Cq=        -1.7991 MHz  eta= 0.95622

     C   14    Vxx=    0.0301    axis=( -0.130426  0.856767 -0.498938)
     C   14    Vyy=    0.4082    axis=(  0.619398  0.463359  0.633755)
     C   14    Vzz=   -0.4383    axis=( -0.774167  0.226383  0.591114)
     C   14  Q=         1.0000 1e-30 m^2  Cq=        -1.0297 MHz  eta= 0.86272

     H   15    Vxx=   -0.0512    axis=( -0.390957 -0.346466  0.852710)
     H   15    Vyy=   -0.6696    axis=( -0.522396  0.846294  0.104346)
     H   15    Vzz=    0.7209    axis=( -0.757796 -0.404657 -0.511857)
     H   15  Q=         1.0000 1e-30 m^2  Cq=         1.6937 MHz  eta= 0.85789

     C   16    Vxx=    0.0760    axis=( -0.259578 -0.537112  0.802577)
     C   16    Vyy=    0.6682    axis=( -0.805306  0.579080  0.127080)
     C   16    Vzz=   -0.7442    axis=( -0.533013 -0.613333 -0.582856)
     C   16  Q=         1.0000 1e-30 m^2  Cq=        -1.7487 MHz  eta= 0.79565

     C   17    Vxx=   -0.0719    axis=(  0.608165  0.471470 -0.638632)
     C   17    Vyy=   -0.5193    axis=( -0.793807  0.358645 -0.491167)
     C   17    Vzz=    0.5912    axis=(  0.002529 -0.805661 -0.592371)
     C   17  Q=         1.0000 1e-30 m^2  Cq=         1.3890 MHz  eta= 0.75687

     Cl  18    Vxx=   -0.4887    axis=(  0.514222 -0.173833  0.839856)
     Cl  18    Vyy=   -2.4883    axis=(  0.604635  0.767978 -0.211247)
     Cl  18    Vzz=    2.9770    axis=( -0.608269  0.616434  0.500017)
     Cl  18  Q=        -8.1650 1e-30 m^2  Cq=       -57.1122 MHz  eta= 0.67168

     H   19    Vxx=   -0.1167    axis=(  0.517277 -0.534941 -0.668029)
     H   19    Vyy=   -0.1474    axis=(  0.745971 -0.100755  0.658312)
     H   19    Vzz=    0.2641    axis=(  0.419465  0.838861 -0.346932)
     H   19  Q=         1.0000 1e-30 m^2  Cq=         0.6205 MHz  eta= 0.11608

     C   20    Vxx=   -0.0446    axis=(  0.384568 -0.643088 -0.662227)
     C   20    Vyy=   -0.5119    axis=( -0.623974 -0.709778  0.326911)
     C   20    Vzz=    0.5564    axis=( -0.680267  0.287493 -0.674229)
     C   20  Q=         1.0000 1e-30 m^2  Cq=         1.3074 MHz  eta= 0.83981

     H   21    Vxx=   -0.0511    axis=(  0.067510 -0.997298 -0.028984)
     H   21    Vyy=   -0.4367    axis=(  0.431456  0.055375 -0.900433)
     H   21    Vzz=    0.4878    axis=(  0.899605  0.048283  0.434028)
     H   21  Q=         1.0000 1e-30 m^2  Cq=         1.1462 MHz  eta= 0.79039

     C   22    Vxx=   -0.0066    axis=( -0.198663  0.673069  0.712398)
     C   22    Vyy=   -0.8200    axis=( -0.979444 -0.162279 -0.119812)
     C   22    Vzz=    0.8265    axis=(  0.034965 -0.721557  0.691472)
     C   22  Q=         1.0000 1e-30 m^2  Cq=         1.9420 MHz  eta= 0.98408

     C   23    Vxx=   -0.0163    axis=(  0.001899 -0.709687 -0.704514)
     C   23    Vyy=   -0.6313    axis=( -0.583096 -0.573136  0.575773)
     C   23    Vzz=    0.6476    axis=( -0.812401  0.409706 -0.414904)
     C   23  Q=         1.0000 1e-30 m^2  Cq=         1.5215 MHz  eta= 0.94972

     Cl  24    Vxx=   -0.1004    axis=(  0.138085 -0.494512  0.858132)
     Cl  24    Vyy=   -2.5957    axis=( -0.530750  0.694575  0.485664)
     Cl  24    Vzz=    2.6961    axis=( -0.836204 -0.522517 -0.166551)
     Cl  24  Q=        -8.1650 1e-30 m^2  Cq=       -51.7239 MHz  eta= 0.92549

     Initialization:
     gipaw_setup  :      9.34s CPU     11.11s WALL (       1 calls)

     Linear response

     Apply operators

     Induced current

     Other routines
     efg          :      9.22s CPU     11.32s WALL (       1 calls)

     General routines
     calbec       :      3.17s CPU      3.88s WALL (      16 calls)
     fft          :      1.58s CPU      2.30s WALL (      15 calls)
     ffts         :      0.05s CPU      0.05s WALL (       2 calls)
     fftw         :      3.28s CPU      4.02s WALL (     672 calls)
     davcio       :      0.02s CPU      0.33s WALL (      32 calls)

     Parallel routines
     fft_scatter  :      2.24s CPU      3.58s WALL (     689 calls)

     Plugins

     GIPAW        :     61.27s CPU     73.41s WALL (       1 calls)
