
     Program QE v.6.0 (svn rev. 13079) starts on  4Jan2017 at 12: 7:31 

     This program is part of the open-source Quantum ESPRESSO suite
     for quantum simulation of materials; please cite
         "P. Giannozzi et al., J. Phys.:Condens. Matter 21 395502 (2009);
          URL http://www.quantum-espresso.org", 
     in publications or presentations arising from this work. More details at
     http://www.quantum-espresso.org/quote

     Parallel version (MPI), running on     8 processors
     R & G space division:  proc/nbgrp/npool/nimage =       8

     ***** This is GIPAW svn revision unknown      *****

     Parallelizing q-star over 1 images

     Reading data from directory:
     /users/majewski/paradichlorobenzene/pbe/9_constraint/scratch/pbe.ecut100.np8.dt60.pcl2phi-129368.save
     Message from routine read_xml_file:
     file /users/majewski/paradichlorobenzene/pbe/9_constraint/scratch/pbe.ecut100.np8.dt60.pcl2phi-129368.save not guaranteed to be safe for post-processing

   Info: using nr1, nr2, nr3 values from input

   Info: using nr1, nr2, nr3 values from input

     IMPORTANT: XC functional enforced from input :
     Exchange-correlation      =  SLA  PW   PBX  PBC ( 1  4  3  4 0 0)
     Any further DFT definition will be discarded
     Please, verify this is what you really want

               file C.pbe-n-kjpaw_psl.1.0.0.UPF: wavefunction(s)  2S 2P renormalized
               file Cl.pbe-n-kjpaw_psl.1.0.0.UPF: wavefunction(s)  3S 3P renormalized
               file H.pbe-kjpaw_psl.1.0.0.UPF: wavefunction(s)  1S renormalized

     Parallelization info
     --------------------
     sticks:   dense  smooth     PW     G-vecs:    dense   smooth      PW
     Min        3057    1223    332               144436    36536    5170
     Max        3059    1225    333               144437    36537    5171
     Sum       24467    9791   2657              1155489   292295   41363


     Subspace diagonalization in iterative solution of the eigenvalue problem:
     a serial algorithm will be used

     GIPAW projectors -----------------------------------------------
     atom=  C    l=0  rc=    1.2000  rs=    0.8000
     atom=  C    l=0  rc=    1.2000  rs=    0.8000
     atom=  C    l=1  rc=    1.4000  rs=    0.9333
     atom=  C    l=1  rc=    1.4000  rs=    0.9333
     projs nearly linearly dependent: l=1  n1,n2= 1, 2  s=  0.99951561

     atom=  Cl   l=0  rc=    1.6000  rs=    1.0667
     atom=  Cl   l=0  rc=    1.6000  rs=    1.0667
     atom=  Cl   l=1  rc=    1.6000  rs=    1.0667
     atom=  Cl   l=1  rc=    1.6000  rs=    1.0667
     atom=  Cl   l=2  rc=    1.6000  rs=    1.0667
     atom=  Cl   l=2  rc=    1.6000  rs=    1.0667
     projs nearly linearly dependent: l=2  n1,n2= 1, 2  s=  0.99993509

     atom=  H    l=0  rc=    1.0000  rs=    0.6667
     atom=  H    l=0  rc=    1.0000  rs=    0.6667
     projs nearly linearly dependent: l=0  n1,n2= 1, 2  s=  0.99968852
     -----------------------------------------------------------------

     GIPAW integrals: -------------------------------------------
     Atom  i/j   nmr_para   nmr_dia   epr_rmc  epr_para   epr_dia
       C   1 1   0.83E+03  0.17E-01  0.93E+01  0.24E+08  0.24E+03
       C   2 1   0.86E+03 -0.61E-01  0.94E+01  0.25E+08  0.25E+03
       C   2 2   0.90E+03 -0.15E+00  0.97E+01  0.26E+08  0.26E+03
       C   3 3   0.33E+01  0.34E+00  0.18E+01  0.55E+03  0.21E+02
       C   4 3   0.35E+01  0.37E+00  0.20E+01  0.59E+03  0.22E+02
       C   4 4   0.38E+01  0.39E+00  0.22E+01  0.63E+03  0.24E+02
       Cl  1 1   0.14E+04 -0.47E+00  0.84E+01  0.32E+09  0.42E+03
       Cl  2 1   0.21E+04 -0.37E+00  0.12E+02  0.49E+09  0.65E+03
       Cl  2 2   0.33E+04 -0.16E+00  0.21E+02  0.76E+09  0.10E+04
       Cl  3 3   0.21E+02  0.79E-01  0.89E+01  0.23E+05  0.13E+03
       Cl  4 3   0.24E+02  0.67E-01  0.99E+01  0.27E+05  0.15E+03
       Cl  4 4   0.28E+02  0.44E-01  0.11E+02  0.32E+05  0.18E+03
       Cl  5 5   0.77E+00  0.19E+00  0.18E+01  0.12E+03  0.22E+02
       Cl  6 5   0.80E+00  0.19E+00  0.19E+01  0.12E+03  0.23E+02
       Cl  6 6   0.83E+00  0.20E+00  0.19E+01  0.12E+03  0.23E+02
       H   1 1   0.39E+02  0.19E+00  0.29E+00  0.78E+05  0.13E+02
       H   2 1   0.41E+02  0.21E+00  0.32E+00  0.82E+05  0.14E+02
       H   2 2   0.43E+02  0.22E+00  0.36E+00  0.86E+05  0.15E+02
     ------------------------------------------------------------

     alpha_pv=     34.0505 eV

     Number of occupied bands for each k-point:
     k-point:     1    nbnd_occ=  42
     k-point:     2    nbnd_occ=  42
     k-point:     3    nbnd_occ=  42
     k-point:     4    nbnd_occ=  42
     k-point:     5    nbnd_occ=  42
     k-point:     6    nbnd_occ=  42
     k-point:     7    nbnd_occ=  42
     k-point:     8    nbnd_occ=  42
     k-point:     9    nbnd_occ=  42
     k-point:    10    nbnd_occ=  42
     k-point:    11    nbnd_occ=  42
     k-point:    12    nbnd_occ=  42
     k-point:    13    nbnd_occ=  42
     k-point:    14    nbnd_occ=  42
     k-point:    15    nbnd_occ=  42
     k-point:    16    nbnd_occ=  42


     q-space interpolation up to   110.00 Rydberg

     GIPAW job: efg                                                                             


     ELECTRIC FIELD GRADIENTS TENSORS IN Hartree/bohrradius^2:

     ----- bare term -----
     Cl   1        0.076308        0.052300       -0.018068
     Cl   1        0.052300       -0.061981        0.010450
     Cl   1       -0.018068        0.010450       -0.014326

     C    2       -0.710006        0.463696       -0.366924
     C    2        0.463696        0.342961       -0.087049
     C    2       -0.366924       -0.087049        0.367045

     C    3        0.166924        0.182944       -0.084190
     C    3        0.182944       -0.225167       -0.583132
     C    3       -0.084190       -0.583132        0.058243

     H    4       -0.066112        0.050083       -0.528562
     H    4        0.050083       -0.055887        0.109321
     H    4       -0.528562        0.109321        0.121999

     C    5       -0.953238        0.369496       -0.463599
     C    5        0.369496        0.441283        0.034370
     C    5       -0.463599        0.034370        0.511955

     H    6        0.406366       -0.053253       -0.111163
     H    6       -0.053253       -0.589145       -0.680996
     H    6       -0.111163       -0.680996        0.182779

     H    7        0.326379        0.330709        0.127436
     H    7        0.330709       -0.574925       -0.220746
     H    7        0.127436       -0.220746        0.248546

     C    8       -0.159597       -0.052489       -0.117010
     C    8       -0.052489       -0.096920        0.038973
     C    8       -0.117010        0.038973        0.256517

     H    9       -0.330694        0.366344        0.213600
     H    9        0.366344        0.152088       -0.125396
     H    9        0.213600       -0.125396        0.178606

     C   10        0.062988       -0.061567        0.182536
     C   10       -0.061567       -0.123468       -0.025326
     C   10        0.182536       -0.025326        0.060479

     C   11       -0.139250        0.115384       -0.122770
     C   11        0.115384        0.043377        0.238307
     C   11       -0.122770        0.238307        0.095873

     Cl  12        0.022292       -0.129131        0.036070
     Cl  12       -0.129131        0.049499       -0.149055
     Cl  12        0.036070       -0.149055       -0.071792

     H   13        0.350510        0.161599        0.175100
     H   13        0.161599       -0.293187       -0.597953
     H   13        0.175100       -0.597953       -0.057323

     C   14       -0.052813       -0.085057       -0.260624
     C   14       -0.085057       -0.228292       -0.311000
     C   14       -0.260624       -0.311000        0.281105

     H   15        0.147855       -0.079469       -0.260714
     H   15       -0.079469        0.453576       -0.052053
     H   15       -0.260714       -0.052053       -0.601431

     C   16       -0.373243        0.376308       -0.269380
     C   16        0.376308        0.208423       -0.034321
     C   16       -0.269380       -0.034321        0.164819

     C   17        0.103842       -0.130342       -0.217411
     C   17       -0.130342       -0.455157       -0.389022
     C   17       -0.217411       -0.389022        0.351315

     Cl  18       -0.118819        0.344118        0.066633
     Cl  18        0.344118        0.056558       -0.069113
     Cl  18        0.066633       -0.069113        0.062261

     H   19        0.250109        0.089265       -0.170393
     H   19        0.089265       -0.368702        0.520601
     H   19       -0.170393        0.520601        0.118593

     C   20       -0.475578       -0.332409       -0.014599
     C   20       -0.332409        0.081111        0.423660
     C   20       -0.014599        0.423660        0.394467

     H   21       -0.539119       -0.004327       -0.339322
     H   21       -0.004327        0.271464        0.231229
     H   21       -0.339322        0.231229        0.267655

     C   22       -0.007936       -0.046152       -0.228001
     C   22       -0.046152       -0.069636        0.612597
     C   22       -0.228001        0.612597        0.077573

     C   23       -0.508920       -0.383662       -0.333298
     C   23       -0.383662        0.201296        0.305165
     C   23       -0.333298        0.305165        0.307624

     Cl  24        0.031224       -0.059191        0.017093
     Cl  24       -0.059191        0.010609       -0.038660
     Cl  24        0.017093       -0.038660       -0.041833

     ----- ionic term -----
     Cl   1        0.147250       -0.230316        0.024299
     Cl   1       -0.230316        0.018805       -0.006781
     Cl   1        0.024299       -0.006781       -0.166056

     C    2        0.040004       -0.258286        0.321421
     C    2       -0.258286        0.185115        0.404810
     C    2        0.321421        0.404810       -0.225119

     C    3        0.000431       -0.269730        0.252720
     C    3       -0.269730        0.270668        0.384159
     C    3        0.252720        0.384159       -0.271099

     H    4        0.415947        0.241761        0.754499
     H    4        0.241761       -0.419372        0.252033
     H    4        0.754499        0.252033        0.003425

     C    5        0.150089       -0.245232        0.348360
     C    5       -0.245232        0.087627        0.261517
     C    5        0.348360        0.261517       -0.237716

     H    6       -0.529876       -0.003693        0.009627
     H    6       -0.003693        0.671344        0.694228
     H    6        0.009627        0.694228       -0.141468

     H    7       -0.479316       -0.181375        0.068600
     H    7       -0.181375        0.848952       -0.547338
     H    7        0.068600       -0.547338       -0.369636

     C    8        0.415794        0.200736        0.120175
     C    8        0.200736        0.103303       -0.278799
     C    8        0.120175       -0.278799       -0.519097

     H    9        0.888637       -0.354978        0.423183
     H    9       -0.354978       -0.396874       -0.183672
     H    9        0.423183       -0.183672       -0.491763

     C   10        0.242621        0.209406        0.078575
     C   10        0.209406        0.241424       -0.398448
     C   10        0.078575       -0.398448       -0.484045

     C   11        0.282383        0.084946        0.175014
     C   11        0.084946        0.181776       -0.376824
     C   11        0.175014       -0.376824       -0.464159

     Cl  12        0.141476        0.184137       -0.003601
     Cl  12        0.184137        0.019942       -0.017033
     Cl  12       -0.003601       -0.017033       -0.161418

     H   13       -0.528775       -0.050557       -0.011463
     H   13       -0.050557        0.617237        0.715889
     H   13       -0.011463        0.715889       -0.088462

     C   14        0.129592       -0.300406        0.353248
     C   14       -0.300406        0.092694        0.236450
     C   14        0.353248        0.236450       -0.222286

     H   15        0.373413        0.002082        0.839064
     H   15        0.002082       -0.528903        0.092286
     H   15        0.839064        0.092286        0.155490

     C   16        0.031666       -0.372896        0.282061
     C   16       -0.372896        0.176412        0.295238
     C   16        0.282061        0.295238       -0.208079

     C   17        0.113510       -0.267538        0.352772
     C   17       -0.267538        0.089830        0.376944
     C   17        0.352772        0.376944       -0.203340

     Cl  18        0.128208       -0.218421        0.041587
     Cl  18       -0.218421        0.025818       -0.016144
     Cl  18        0.041587       -0.016144       -0.154026

     H   19       -0.514215       -0.161232        0.051952
     H   19       -0.161232        0.872497       -0.537211
     H   19        0.051952       -0.537211       -0.358282

     C   20        0.322757        0.124096        0.114284
     C   20        0.124096        0.159121       -0.299236
     C   20        0.114284       -0.299236       -0.481878

     H   21        0.667837       -0.434852        0.570743
     H   21       -0.434852       -0.331550       -0.267520
     H   21        0.570743       -0.267520       -0.336286

     C   22        0.124352        0.154539        0.093303
     C   22        0.154539        0.315213       -0.427923
     C   22        0.093303       -0.427923       -0.439565

     C   23        0.247603        0.148042        0.120698
     C   23        0.148042        0.219229       -0.381875
     C   23        0.120698       -0.381875       -0.466832

     Cl  24        0.101111        0.212946       -0.036564
     Cl  24        0.212946        0.023998       -0.031631
     Cl  24       -0.036564       -0.031631       -0.125109

     ----- GIPAW term -----
     Cl   1       -0.020955       -0.380290       -0.062033
     Cl   1       -0.380290        2.526279        0.108000
     Cl   1       -0.062033        0.108000       -2.505324

     C    2       -0.156520        0.035439       -0.032207
     C    2        0.035439        0.268189        0.044236
     C    2       -0.032207        0.044236       -0.111668

     C    3       -0.087528        0.038352        0.017888
     C    3        0.038352        0.214690        0.051570
     C    3        0.017888        0.051570       -0.127162

     H    4       -0.000000        0.000000        0.000000
     H    4        0.000000        0.000000        0.000000
     H    4        0.000000        0.000000        0.000000

     C    5       -0.239123        0.020039       -0.057774
     C    5        0.020039        0.212228        0.196603
     C    5       -0.057774        0.196603        0.026895

     H    6       -0.000000        0.000000        0.000000
     H    6        0.000000        0.000000        0.000000
     H    6        0.000000        0.000000        0.000000

     H    7       -0.000000        0.000000        0.000000
     H    7        0.000000        0.000000        0.000000
     H    7        0.000000        0.000000        0.000000

     C    8       -0.028934       -0.023668       -0.039399
     C    8       -0.023668       -0.020880        0.053485
     C    8       -0.039399        0.053485        0.049813

     H    9       -0.000000        0.000000        0.000000
     H    9        0.000000        0.000000        0.000000
     H    9        0.000000        0.000000        0.000000

     C   10        0.007286        0.005774        0.019756
     C   10        0.005774        0.000468       -0.014964
     C   10        0.019756       -0.014964       -0.007754

     C   11       -0.029714        0.041189       -0.013138
     C   11        0.041189       -0.016749        0.057340
     C   11       -0.013138        0.057340        0.046463

     Cl  12       -0.637100        0.466068       -0.645287
     Cl  12        0.466068       -0.565809        1.364009
     Cl  12       -0.645287        1.364009        1.202909

     H   13       -0.000000        0.000000        0.000000
     H   13        0.000000        0.000000        0.000000
     H   13        0.000000        0.000000        0.000000

     C   14       -0.098204       -0.084864       -0.070596
     C   14       -0.084864        0.031469        0.147928
     C   14       -0.070596        0.147928        0.066735

     H   15       -0.000000        0.000000        0.000000
     H   15        0.000000        0.000000        0.000000
     H   15        0.000000        0.000000        0.000000

     C   16       -0.056036       -0.009754       -0.080668
     C   16       -0.009754        0.012730        0.063439
     C   16       -0.080668        0.063439        0.043305

     C   17       -0.060303       -0.103804       -0.043431
     C   17       -0.103804       -0.060537        0.125719
     C   17       -0.043431        0.125719        0.120840

     Cl  18       -0.772141       -0.551052       -1.037833
     Cl  18       -0.551052       -0.943044        0.803870
     Cl  18       -1.037833        0.803870        1.715185

     H   19       -0.000000        0.000000        0.000000
     H   19        0.000000        0.000000        0.000000
     H   19        0.000000        0.000000        0.000000

     C   20       -0.128613        0.054678        0.101956
     C   20        0.054678        0.073002        0.210245
     C   20        0.101956        0.210245        0.055611

     H   21       -0.000000        0.000000        0.000000
     H   21        0.000000        0.000000        0.000000
     H   21        0.000000        0.000000        0.000000

     C   22       -0.117568        0.063212       -0.037169
     C   22        0.063212        0.252370        0.044510
     C   22       -0.037169        0.044510       -0.134802

     C   23       -0.142232       -0.016422       -0.050242
     C   23       -0.016422        0.220313        0.150330
     C   23       -0.050242        0.150330       -0.078081

     Cl  24        0.039410        0.322065        0.331430
     Cl  24        0.322065        2.258937       -1.119916
     Cl  24        0.331430       -1.119916       -2.298348

     ----- total EFG -----
     Cl   1        0.202603       -0.558306       -0.055802
     Cl   1       -0.558306        2.483103        0.111669
     Cl   1       -0.055802        0.111669       -2.685706

     C    2       -0.826522        0.240849       -0.077710
     C    2        0.240849        0.796264        0.361996
     C    2       -0.077710        0.361996        0.030258

     C    3        0.079827       -0.048434        0.186417
     C    3       -0.048434        0.260191       -0.147403
     C    3        0.186417       -0.147403       -0.340018

     H    4        0.349836        0.291844        0.225937
     H    4        0.291844       -0.475260        0.361354
     H    4        0.225937        0.361354        0.125424

     C    5       -1.042273        0.144304       -0.173013
     C    5        0.144304        0.741138        0.492490
     C    5       -0.173013        0.492490        0.301135

     H    6       -0.123510       -0.056947       -0.101536
     H    6       -0.056947        0.082200        0.013232
     H    6       -0.101536        0.013232        0.041311

     H    7       -0.152938        0.149333        0.196036
     H    7        0.149333        0.274027       -0.768084
     H    7        0.196036       -0.768084       -0.121089

     C    8        0.227264        0.124580       -0.036234
     C    8        0.124580       -0.014497       -0.186342
     C    8       -0.036234       -0.186342       -0.212767

     H    9        0.557943        0.011366        0.636783
     H    9        0.011366       -0.244786       -0.309068
     H    9        0.636783       -0.309068       -0.313157

     C   10        0.312895        0.153612        0.280867
     C   10        0.153612        0.118424       -0.438737
     C   10        0.280867       -0.438737       -0.431319

     C   11        0.113419        0.241519        0.039106
     C   11        0.241519        0.208404       -0.081177
     C   11        0.039106       -0.081177       -0.321822

     Cl  12       -0.473332        0.521074       -0.612818
     Cl  12        0.521074       -0.496368        1.197921
     Cl  12       -0.612818        1.197921        0.969699

     H   13       -0.178265        0.111042        0.163638
     H   13        0.111042        0.324050        0.117936
     H   13        0.163638        0.117936       -0.145785

     C   14       -0.021426       -0.470326        0.022027
     C   14       -0.470326       -0.104129        0.073378
     C   14        0.022027        0.073378        0.125555

     H   15        0.521268       -0.077387        0.578350
     H   15       -0.077387       -0.075327        0.040233
     H   15        0.578350        0.040233       -0.445941

     C   16       -0.397612       -0.006342       -0.067987
     C   16       -0.006342        0.397566        0.324356
     C   16       -0.067987        0.324356        0.000046

     C   17        0.157049       -0.501684        0.091929
     C   17       -0.501684       -0.425864        0.113641
     C   17        0.091929        0.113641        0.268815

     Cl  18       -0.762752       -0.425355       -0.929613
     Cl  18       -0.425355       -0.860667        0.718613
     Cl  18       -0.929613        0.718613        1.623419

     H   19       -0.264106       -0.071967       -0.118441
     H   19       -0.071967        0.503795       -0.016610
     H   19       -0.118441       -0.016610       -0.239689

     C   20       -0.281434       -0.153635        0.201641
     C   20       -0.153635        0.313234        0.334669
     C   20        0.201641        0.334669       -0.031800

     H   21        0.128717       -0.439179        0.231421
     H   21       -0.439179       -0.060086       -0.036292
     H   21        0.231421       -0.036292       -0.068631

     C   22       -0.001153        0.171599       -0.171867
     C   22        0.171599        0.497947        0.229185
     C   22       -0.171867        0.229185       -0.496794

     C   23       -0.403549       -0.252042       -0.262842
     C   23       -0.252042        0.640838        0.073619
     C   23       -0.262842        0.073619       -0.237289

     Cl  24        0.171745        0.475821        0.311959
     Cl  24        0.475821        2.293545       -1.190207
     Cl  24        0.311959       -1.190207       -2.465290

     ----- total EFG (symmetrized) -----
     Cl   1        0.202603       -0.558306       -0.055802
     Cl   1       -0.558306        2.483103        0.111669
     Cl   1       -0.055802        0.111669       -2.685706

     C    2       -0.826522        0.240849       -0.077710
     C    2        0.240849        0.796264        0.361996
     C    2       -0.077710        0.361996        0.030258

     C    3        0.079827       -0.048434        0.186417
     C    3       -0.048434        0.260191       -0.147403
     C    3        0.186417       -0.147403       -0.340018

     H    4        0.349836        0.291844        0.225937
     H    4        0.291844       -0.475260        0.361354
     H    4        0.225937        0.361354        0.125424

     C    5       -1.042273        0.144304       -0.173013
     C    5        0.144304        0.741138        0.492490
     C    5       -0.173013        0.492490        0.301135

     H    6       -0.123510       -0.056947       -0.101536
     H    6       -0.056947        0.082200        0.013232
     H    6       -0.101536        0.013232        0.041311

     H    7       -0.152938        0.149333        0.196036
     H    7        0.149333        0.274027       -0.768084
     H    7        0.196036       -0.768084       -0.121089

     C    8        0.227264        0.124580       -0.036234
     C    8        0.124580       -0.014497       -0.186342
     C    8       -0.036234       -0.186342       -0.212767

     H    9        0.557943        0.011366        0.636783
     H    9        0.011366       -0.244786       -0.309068
     H    9        0.636783       -0.309068       -0.313157

     C   10        0.312895        0.153612        0.280867
     C   10        0.153612        0.118424       -0.438737
     C   10        0.280867       -0.438737       -0.431319

     C   11        0.113419        0.241519        0.039106
     C   11        0.241519        0.208404       -0.081177
     C   11        0.039106       -0.081177       -0.321822

     Cl  12       -0.473332        0.521074       -0.612818
     Cl  12        0.521074       -0.496368        1.197921
     Cl  12       -0.612818        1.197921        0.969699

     H   13       -0.178265        0.111042        0.163638
     H   13        0.111042        0.324050        0.117936
     H   13        0.163638        0.117936       -0.145785

     C   14       -0.021426       -0.470326        0.022027
     C   14       -0.470326       -0.104129        0.073378
     C   14        0.022027        0.073378        0.125555

     H   15        0.521268       -0.077387        0.578350
     H   15       -0.077387       -0.075327        0.040233
     H   15        0.578350        0.040233       -0.445941

     C   16       -0.397612       -0.006342       -0.067987
     C   16       -0.006342        0.397566        0.324356
     C   16       -0.067987        0.324356        0.000046

     C   17        0.157049       -0.501684        0.091929
     C   17       -0.501684       -0.425864        0.113641
     C   17        0.091929        0.113641        0.268815

     Cl  18       -0.762752       -0.425355       -0.929613
     Cl  18       -0.425355       -0.860667        0.718613
     Cl  18       -0.929613        0.718613        1.623419

     H   19       -0.264106       -0.071967       -0.118441
     H   19       -0.071967        0.503795       -0.016610
     H   19       -0.118441       -0.016610       -0.239689

     C   20       -0.281434       -0.153635        0.201641
     C   20       -0.153635        0.313234        0.334669
     C   20        0.201641        0.334669       -0.031800

     H   21        0.128717       -0.439179        0.231421
     H   21       -0.439179       -0.060086       -0.036292
     H   21        0.231421       -0.036292       -0.068631

     C   22       -0.001153        0.171599       -0.171867
     C   22        0.171599        0.497947        0.229185
     C   22       -0.171867        0.229185       -0.496794

     C   23       -0.403549       -0.252042       -0.262842
     C   23       -0.252042        0.640838        0.073619
     C   23       -0.262842        0.073619       -0.237289

     Cl  24        0.171745        0.475821        0.311959
     Cl  24        0.475821        2.293545       -1.190207
     Cl  24        0.311959       -1.190207       -2.465290


     NQR/NMR SPECTROSCOPIC PARAMETERS:
     Cl   1    Vxx=    0.0736    axis=(  0.974029  0.226177 -0.010545)
     Cl   1    Vyy=    2.6152    axis=( -0.225896  0.973882  0.022894)
     Cl   1    Vzz=   -2.6888    axis=(  0.015447 -0.019917  0.999682)
     Cl   1  Q=        -8.1650 1e-30 m^2  Cq=        51.5831 MHz  eta= 0.94528

     C    2    Vxx=   -0.0806    axis=( -0.201473 -0.325992  0.923655)
     C    2    Vyy=   -0.8813    axis=( -0.973311  0.172422 -0.151450)
     C    2    Vzz=    0.9618    axis=( -0.109887 -0.929516 -0.352029)
     C    2  Q=         1.0000 1e-30 m^2  Cq=         2.2599 MHz  eta= 0.83250

     C    3    Vxx=    0.1001    axis=(  0.863602  0.457115  0.212692)
     C    3    Vyy=    0.3322    axis=( -0.387940  0.871922 -0.298755)
     C    3    Vzz=   -0.4323    axis=( -0.322017  0.175493  0.930326)
     C    3  Q=         1.0000 1e-30 m^2  Cq=        -1.0158 MHz  eta= 0.53694

     H    4    Vxx=    0.0118    axis=( -0.643924  0.167941  0.746430)
     H    4    Vyy=    0.6639    axis=( -0.743464 -0.367667 -0.558643)
     H    4    Vzz=   -0.6757    axis=( -0.180619  0.914668 -0.361608)
     H    4  Q=         1.0000 1e-30 m^2  Cq=        -1.5877 MHz  eta= 0.96503

     C    5    Vxx=    0.0284    axis=( -0.204360 -0.528155  0.824190)
     C    5    Vyy=    1.0609    axis=( -0.013093 -0.840409 -0.541794)
     C    5    Vzz=   -1.0893    axis=(  0.978808 -0.121512  0.164830)
     C    5  Q=         1.0000 1e-30 m^2  Cq=        -2.5595 MHz  eta= 0.94779

     H    6    Vxx=    0.0541    axis=(  0.178399  0.691555 -0.699946)
     H    6    Vyy=    0.1259    axis=(  0.400389 -0.700822 -0.590371)
     H    6    Vzz=   -0.1800    axis=(  0.898812  0.174929  0.401917)
     H    6  Q=         1.0000 1e-30 m^2  Cq=        -0.4229 MHz  eta= 0.39870

     H    7    Vxx=   -0.0604    axis=(  0.936164  0.217086  0.276533)
     H    7    Vyy=   -0.8092    axis=( -0.351556  0.573278  0.740108)
     H    7    Vzz=    0.8696    axis=(  0.002137 -0.790080  0.613000)
     H    7  Q=         1.0000 1e-30 m^2  Cq=         2.0431 MHz  eta= 0.86107

     C    8    Vxx=    0.0219    axis=( -0.514979  0.708294 -0.482820)
     C    8    Vyy=    0.3049    axis=(  0.854820  0.466301 -0.227696)
     C    8    Vzz=   -0.3268    axis=( -0.063864  0.529984  0.845600)
     C    8  Q=         1.0000 1e-30 m^2  Cq=        -0.7679 MHz  eta= 0.86569

     H    9    Vxx=   -0.1167    axis=(  0.318221  0.879900 -0.352862)
     H    9    Vyy=   -0.7934    axis=( -0.381723  0.459631  0.801889)
     H    9    Vzz=    0.9102    axis=(  0.867769 -0.120483  0.482143)
     H    9  Q=         1.0000 1e-30 m^2  Cq=         2.1385 MHz  eta= 0.74349

     C   10    Vxx=    0.3612    axis=(  0.032098  0.879217 -0.475339)
     C   10    Vyy=    0.4077    axis=(  0.958359  0.107945  0.264377)
     C   10    Vzz=   -0.7689    axis=( -0.283756  0.464032  0.839141)
     C   10  Q=         1.0000 1e-30 m^2  Cq=        -1.8066 MHz  eta= 0.06041

     C   11    Vxx=   -0.0600    axis=( -0.752929  0.588349 -0.294863)
     C   11    Vyy=   -0.3491    axis=( -0.198034  0.224729  0.954086)
     C   11    Vzz=    0.4091    axis=(  0.627599  0.776751 -0.052692)
     C   11  Q=         1.0000 1e-30 m^2  Cq=         0.9611 MHz  eta= 0.70668

     Cl  12    Vxx=   -0.0234    axis=(  0.826878  0.543328 -0.145145)
     Cl  12    Vyy=   -1.6578    axis=( -0.544262  0.708138 -0.449799)
     Cl  12    Vzz=    1.6811    axis=( -0.141606  0.450926  0.881257)
     Cl  12  Q=        -8.1650 1e-30 m^2  Cq=       -32.2516 MHz  eta= 0.97220

     H   13    Vxx=   -0.0650    axis=(  0.616315 -0.384280  0.687376)
     H   13    Vyy=   -0.3265    axis=( -0.743004  0.005494  0.669264)
     H   13    Vzz=    0.3915    axis=(  0.260961  0.923200  0.282135)
     H   13  Q=         1.0000 1e-30 m^2  Cq=         0.9198 MHz  eta= 0.66795

     C   14    Vxx=    0.1288    axis=(  0.155844 -0.003506  0.987775)
     C   14    Vyy=    0.4133    axis=( -0.726576  0.677045  0.117037)
     C   14    Vzz=   -0.5421    axis=( -0.669179 -0.735933  0.102966)
     C   14  Q=         1.0000 1e-30 m^2  Cq=        -1.2736 MHz  eta= 0.52489

     H   15    Vxx=   -0.0712    axis=( -0.010225 -0.992438 -0.122320)
     H   15    Vyy=   -0.7236    axis=(  0.424365  0.106458 -0.899211)
     H   15    Vzz=    0.7948    axis=(  0.905433 -0.061103  0.420068)
     H   15  Q=         1.0000 1e-30 m^2  Cq=         1.8675 MHz  eta= 0.82093

     C   16    Vxx=   -0.1680    axis=( -0.235817 -0.485480  0.841843)
     C   16    Vyy=   -0.4128    axis=(  0.970984 -0.082277  0.224544)
     C   16    Vzz=    0.5808    axis=( -0.039747  0.870368  0.490795)
     C   16  Q=         1.0000 1e-30 m^2  Cq=         1.3645 MHz  eta= 0.42158

     C   17    Vxx=    0.2863    axis=( -0.051923  0.192926  0.979839)
     C   17    Vyy=    0.4490    axis=(  0.866683 -0.478756  0.140191)
     C   17    Vzz=   -0.7354    axis=(  0.496150  0.856489 -0.142347)
     C   17  Q=         1.0000 1e-30 m^2  Cq=        -1.7278 MHz  eta= 0.22129

     Cl  18    Vxx=   -0.9194    axis=( -0.604461  0.680959 -0.413426)
     Cl  18    Vyy=   -1.2452    axis=(  0.726673  0.683983  0.064145)
     Cl  18    Vzz=    2.1646    axis=( -0.326456  0.261653  0.908275)
     Cl  18  Q=        -8.1650 1e-30 m^2  Cq=       -41.5260 MHz  eta= 0.15051

     H   19    Vxx=   -0.1348    axis=( -0.657723 -0.054583  0.751280)
     H   19    Vyy=   -0.3757    axis=(  0.747700  0.073644  0.659940)
     H   19    Vzz=    0.5105    axis=( -0.091348  0.995790 -0.007625)
     H   19  Q=         1.0000 1e-30 m^2  Cq=         1.1995 MHz  eta= 0.47195

     C   20    Vxx=   -0.0060    axis=(  0.673152 -0.355685  0.648347)
     C   20    Vyy=   -0.5122    axis=( -0.738595 -0.366820  0.565615)
     C   20    Vzz=    0.5182    axis=( -0.036646  0.859611  0.509633)
     C   20  Q=         1.0000 1e-30 m^2  Cq=         1.2176 MHz  eta= 0.97667

     H   21    Vxx=   -0.0964    axis=( -0.036343  0.451225  0.891670)
     H   21    Vyy=   -0.4550    axis=( -0.647426 -0.690323  0.322946)
     H   21    Vzz=    0.5514    axis=(  0.761261 -0.565554  0.317223)
     H   21  Q=         1.0000 1e-30 m^2  Cq=         1.2956 MHz  eta= 0.65026

     C   22    Vxx=    0.0371    axis=( -0.917387  0.160454  0.364218)
     C   22    Vyy=    0.5797    axis=(  0.233700  0.957924  0.166633)
     C   22    Vzz=   -0.6167    axis=(  0.322156 -0.237985  0.916285)
     C   22  Q=         1.0000 1e-30 m^2  Cq=        -1.4491 MHz  eta= 0.87979

     C   23    Vxx=   -0.0996    axis=(  0.503749  0.253594 -0.825788)
     C   23    Vyy=   -0.6177    axis=( -0.827235 -0.133746 -0.545705)
     C   23    Vzz=    0.7172    axis=(  0.248834 -0.958020 -0.142407)
     C   23  Q=         1.0000 1e-30 m^2  Cq=         1.6852 MHz  eta= 0.72239

     Cl  24    Vxx=    0.1667    axis=(  0.977523 -0.122782  0.171386)
     Cl  24    Vyy=    2.6376    axis=(  0.158739  0.963615 -0.215053)
     Cl  24    Vzz=   -2.8042    axis=( -0.138746  0.237425  0.961446)
     Cl  24  Q=        -8.1650 1e-30 m^2  Cq=        53.7976 MHz  eta= 0.88113

     Initialization:
     gipaw_setup  :      9.17s CPU     10.92s WALL (       1 calls)

     Linear response

     Apply operators

     Induced current

     Other routines
     efg          :      9.49s CPU     11.72s WALL (       1 calls)

     General routines
     calbec       :      3.16s CPU      4.04s WALL (      16 calls)
     fft          :      1.53s CPU      2.05s WALL (      15 calls)
     ffts         :      0.04s CPU      0.04s WALL (       2 calls)
     fftw         :      3.47s CPU      4.20s WALL (     672 calls)
     davcio       :      0.02s CPU      0.33s WALL (      32 calls)

     Parallel routines
     fft_scatter  :      2.20s CPU      3.33s WALL (     689 calls)

     Plugins

     GIPAW        :     61.27s CPU     72.88s WALL (       1 calls)
