
     Program QE v.6.0 (svn rev. 13079) starts on 22Jan2017 at 22:31:55 

     This program is part of the open-source Quantum ESPRESSO suite
     for quantum simulation of materials; please cite
         "P. Giannozzi et al., J. Phys.:Condens. Matter 21 395502 (2009);
          URL http://www.quantum-espresso.org", 
     in publications or presentations arising from this work. More details at
     http://www.quantum-espresso.org/quote

     Parallel version (MPI), running on     8 processors
     R & G space division:  proc/nbgrp/npool/nimage =       8

     ***** This is GIPAW svn revision unknown      *****

     Parallelizing q-star over 1 images

     Reading data from directory:
     /users/majewski/paradichlorobenzene/pbe/9_constraint/scratch/pbe.ecut100.np8.dt60.pcl2phi-129368.save
     Message from routine read_xml_file:
     file /users/majewski/paradichlorobenzene/pbe/9_constraint/scratch/pbe.ecut100.np8.dt60.pcl2phi-129368.save not guaranteed to be safe for post-processing

   Info: using nr1, nr2, nr3 values from input

   Info: using nr1, nr2, nr3 values from input

     IMPORTANT: XC functional enforced from input :
     Exchange-correlation      =  SLA  PW   PBX  PBC ( 1  4  3  4 0 0)
     Any further DFT definition will be discarded
     Please, verify this is what you really want

               file C.pbe-n-kjpaw_psl.1.0.0.UPF: wavefunction(s)  2S 2P renormalized
               file Cl.pbe-n-kjpaw_psl.1.0.0.UPF: wavefunction(s)  3S 3P renormalized
               file H.pbe-kjpaw_psl.1.0.0.UPF: wavefunction(s)  1S renormalized

     Parallelization info
     --------------------
     sticks:   dense  smooth     PW     G-vecs:    dense   smooth      PW
     Min        3057    1223    332               144436    36536    5170
     Max        3059    1225    333               144437    36537    5171
     Sum       24467    9791   2657              1155489   292295   41363


     Subspace diagonalization in iterative solution of the eigenvalue problem:
     a serial algorithm will be used

     GIPAW projectors -----------------------------------------------
     atom=  C    l=0  rc=    1.2000  rs=    0.8000
     atom=  C    l=0  rc=    1.2000  rs=    0.8000
     atom=  C    l=1  rc=    1.4000  rs=    0.9333
     atom=  C    l=1  rc=    1.4000  rs=    0.9333
     projs nearly linearly dependent: l=1  n1,n2= 1, 2  s=  0.99951561

     atom=  Cl   l=0  rc=    1.6000  rs=    1.0667
     atom=  Cl   l=0  rc=    1.6000  rs=    1.0667
     atom=  Cl   l=1  rc=    1.6000  rs=    1.0667
     atom=  Cl   l=1  rc=    1.6000  rs=    1.0667
     atom=  Cl   l=2  rc=    1.6000  rs=    1.0667
     atom=  Cl   l=2  rc=    1.6000  rs=    1.0667
     projs nearly linearly dependent: l=2  n1,n2= 1, 2  s=  0.99993509

     atom=  H    l=0  rc=    1.0000  rs=    0.6667
     atom=  H    l=0  rc=    1.0000  rs=    0.6667
     projs nearly linearly dependent: l=0  n1,n2= 1, 2  s=  0.99968852
     -----------------------------------------------------------------

     GIPAW integrals: -------------------------------------------
     Atom  i/j   nmr_para   nmr_dia   epr_rmc  epr_para   epr_dia
       C   1 1   0.83E+03  0.17E-01  0.93E+01  0.24E+08  0.24E+03
       C   2 1   0.86E+03 -0.61E-01  0.94E+01  0.25E+08  0.25E+03
       C   2 2   0.90E+03 -0.15E+00  0.97E+01  0.26E+08  0.26E+03
       C   3 3   0.33E+01  0.34E+00  0.18E+01  0.55E+03  0.21E+02
       C   4 3   0.35E+01  0.37E+00  0.20E+01  0.59E+03  0.22E+02
       C   4 4   0.38E+01  0.39E+00  0.22E+01  0.63E+03  0.24E+02
       Cl  1 1   0.14E+04 -0.47E+00  0.84E+01  0.32E+09  0.42E+03
       Cl  2 1   0.21E+04 -0.37E+00  0.12E+02  0.49E+09  0.65E+03
       Cl  2 2   0.33E+04 -0.16E+00  0.21E+02  0.76E+09  0.10E+04
       Cl  3 3   0.21E+02  0.79E-01  0.89E+01  0.23E+05  0.13E+03
       Cl  4 3   0.24E+02  0.67E-01  0.99E+01  0.27E+05  0.15E+03
       Cl  4 4   0.28E+02  0.44E-01  0.11E+02  0.32E+05  0.18E+03
       Cl  5 5   0.77E+00  0.19E+00  0.18E+01  0.12E+03  0.22E+02
       Cl  6 5   0.80E+00  0.19E+00  0.19E+01  0.12E+03  0.23E+02
       Cl  6 6   0.83E+00  0.20E+00  0.19E+01  0.12E+03  0.23E+02
       H   1 1   0.39E+02  0.19E+00  0.29E+00  0.78E+05  0.13E+02
       H   2 1   0.41E+02  0.21E+00  0.32E+00  0.82E+05  0.14E+02
       H   2 2   0.43E+02  0.22E+00  0.36E+00  0.86E+05  0.15E+02
     ------------------------------------------------------------

     alpha_pv=     34.0520 eV

     Number of occupied bands for each k-point:
     k-point:     1    nbnd_occ=  42
     k-point:     2    nbnd_occ=  42
     k-point:     3    nbnd_occ=  42
     k-point:     4    nbnd_occ=  42
     k-point:     5    nbnd_occ=  42
     k-point:     6    nbnd_occ=  42
     k-point:     7    nbnd_occ=  42
     k-point:     8    nbnd_occ=  42
     k-point:     9    nbnd_occ=  42
     k-point:    10    nbnd_occ=  42
     k-point:    11    nbnd_occ=  42
     k-point:    12    nbnd_occ=  42
     k-point:    13    nbnd_occ=  42
     k-point:    14    nbnd_occ=  42
     k-point:    15    nbnd_occ=  42
     k-point:    16    nbnd_occ=  42


     q-space interpolation up to   110.00 Rydberg

     GIPAW job: efg                                                                             


     ELECTRIC FIELD GRADIENTS TENSORS IN Hartree/bohrradius^2:

     ----- bare term -----
     Cl   1        0.048442        0.087318       -0.124949
     Cl   1        0.087318        0.016736       -0.097007
     Cl   1       -0.124949       -0.097007       -0.065178

     C    2       -0.188558        0.366342       -0.337371
     C    2        0.366342       -0.216716       -0.361008
     C    2       -0.337371       -0.361008        0.405274

     C    3       -0.049275       -0.087349       -0.307754
     C    3       -0.087349       -0.165943       -0.631741
     C    3       -0.307754       -0.631741        0.215218

     H    4       -0.127820       -0.129118       -0.544075
     H    4       -0.129118        0.419949       -0.084662
     H    4       -0.544075       -0.084662       -0.292129

     C    5       -0.642737        0.337593       -0.269560
     C    5        0.337593        0.263686       -0.343720
     C    5       -0.269560       -0.343720        0.379051

     H    6        0.547942       -0.018013        0.024181
     H    6       -0.018013       -0.044599       -0.222887
     H    6        0.024181       -0.222887       -0.503343

     H    7        0.316226        0.148821       -0.098127
     H    7        0.148821       -0.455171        0.503521
     H    7       -0.098127        0.503521        0.138944

     C    8       -0.172387       -0.425762       -0.283299
     C    8       -0.425762       -0.262222        0.326204
     C    8       -0.283299        0.326204        0.434609

     H    9        0.088863        0.059164       -0.435999
     H    9        0.059164        0.339872       -0.200955
     H    9       -0.435999       -0.200955       -0.428735

     C   10       -0.203402       -0.239569       -0.264799
     C   10       -0.239569       -0.158225        0.595578
     C   10       -0.264799        0.595578        0.361627

     C   11       -0.318036       -0.191170       -0.344136
     C   11       -0.191170       -0.022630        0.441158
     C   11       -0.344136        0.441158        0.340666

     Cl  12       -0.025209       -0.070670       -0.075438
     Cl  12       -0.070670        0.000370        0.053389
     Cl  12       -0.075438        0.053389        0.024839

     H   13        0.411332        0.019668        0.243755
     H   13        0.019668        0.034990       -0.447042
     H   13        0.243755       -0.447042       -0.446321

     C   14       -0.073699       -0.122003       -0.554332
     C   14       -0.122003       -0.169069       -0.399991
     C   14       -0.554332       -0.399991        0.242767

     H   15       -0.038120       -0.080445       -0.290452
     H   15       -0.080445        0.329702       -0.468981
     H   15       -0.290452       -0.468981       -0.291582

     C   16       -0.271839        0.398328       -0.399818
     C   16        0.398328       -0.177542       -0.139202
     C   16       -0.399818       -0.139202        0.449381

     C   17        0.009578       -0.236220       -0.446698
     C   17       -0.236220       -0.211586       -0.522024
     C   17       -0.446698       -0.522024        0.202009

     Cl  18       -0.115846        0.099435       -0.058590
     Cl  18        0.099435       -0.007521        0.048537
     Cl  18       -0.058590        0.048537        0.123366

     H   19        0.339959        0.028249        0.298469
     H   19        0.028249        0.162778        0.189165
     H   19        0.298469        0.189165       -0.502737

     C   20       -0.275426       -0.200594       -0.341219
     C   20       -0.200594        0.068423        0.311505
     C   20       -0.341219        0.311505        0.207003

     H   21        0.155313        0.064449       -0.312847
     H   21        0.064449        0.327927       -0.223620
     H   21       -0.312847       -0.223620       -0.483240

     C   22        0.117602       -0.210484        0.072803
     C   22       -0.210484       -0.091994        0.036247
     C   22        0.072803        0.036247       -0.025608

     C   23       -0.016980        0.002616       -0.464390
     C   23        0.002616       -0.072446        0.358013
     C   23       -0.464390        0.358013        0.089427

     Cl  24       -0.159815        0.102081        0.265483
     Cl  24        0.102081        0.012682       -0.237660
     Cl  24        0.265483       -0.237660        0.147133

     ----- ionic term -----
     Cl   1        0.182712       -0.226187        0.000143
     Cl   1       -0.226187       -0.031950        0.002378
     Cl   1        0.000143        0.002378       -0.150762

     C    2        0.256458       -0.228754        0.221457
     C    2       -0.228754       -0.042531        0.439423
     C    2        0.221457        0.439423       -0.213927

     C    3        0.104583       -0.253987        0.157056
     C    3       -0.253987        0.023981        0.460242
     C    3        0.157056        0.460242       -0.128564

     H    4        0.318159        0.304201        0.754455
     H    4        0.304201       -0.439636        0.341240
     H    4        0.754455        0.341240        0.121477

     C    5        0.248800       -0.222685        0.267228
     C    5       -0.222685       -0.121936        0.326276
     C    5        0.267228        0.326276       -0.126864

     H    6       -0.519947       -0.026611        0.002785
     H    6       -0.026611        0.294053        0.790891
     H    6        0.002785        0.790891        0.225893

     H    7       -0.532112        0.003892        0.007776
     H    7        0.003892        0.586464       -0.723084
     H    7        0.007776       -0.723084       -0.054352

     C    8        0.081561        0.296366        0.387810
     C    8        0.296366        0.125700       -0.208578
     C    8        0.387810       -0.208578       -0.207260

     H    9        0.348452       -0.137692        0.794323
     H    9       -0.137692       -0.483009       -0.182083
     H    9        0.794323       -0.182083        0.134557

     C   10       -0.029548        0.342746        0.288913
     C   10        0.342746        0.213221       -0.277253
     C   10        0.288913       -0.277253       -0.183672

     C   11       -0.032643        0.318270        0.354726
     C   11        0.318270        0.124531       -0.286701
     C   11        0.354726       -0.286701       -0.091887

     Cl  12        0.066695        0.219604        0.041809
     Cl  12        0.219604        0.079160        0.035084
     Cl  12        0.041809        0.035084       -0.145855

     H   13       -0.511906        0.076176        0.076892
     H   13        0.076176        0.412708        0.799867
     H   13        0.076892        0.799867        0.099198

     C   14        0.297861       -0.180358        0.275624
     C   14       -0.180358       -0.043025        0.322048
     C   14        0.275624        0.322048       -0.254837

     H   15        0.495803        0.341911        0.736197
     H   15        0.341911       -0.405043        0.304767
     H   15        0.736197        0.304767       -0.090760

     C   16        0.132589       -0.264976        0.186297
     C   16       -0.264976        0.105063        0.425354
     C   16        0.186297        0.425354       -0.237652

     C   17        0.119337       -0.231948        0.273314
     C   17       -0.231948        0.038915        0.423380
     C   17        0.273314        0.423380       -0.158252

     Cl  18        0.130895       -0.199322        0.023882
     Cl  18       -0.199322       -0.002796       -0.003917
     Cl  18        0.023882       -0.003917       -0.128099

     H   19       -0.548789        0.090120       -0.079414
     H   19        0.090120        0.252353       -0.783897
     H   19       -0.079414       -0.783897        0.296436

     C   20        0.068655        0.370181        0.326882
     C   20        0.370181       -0.000315       -0.221208
     C   20        0.326882       -0.221208       -0.068340

     H   21        0.575504       -0.188474        0.761792
     H   21       -0.188474       -0.479440       -0.204430
     H   21        0.761792       -0.204430       -0.096065

     C   22        0.036919        0.323683        0.253534
     C   22        0.323683        0.167787       -0.368208
     C   22        0.253534       -0.368208       -0.204706

     C   23        0.008273        0.260775        0.353730
     C   23        0.260775        0.110947       -0.405919
     C   23        0.353730       -0.405919       -0.119220

     Cl  24        0.087817        0.219960        0.037373
     Cl  24        0.219960        0.058920        0.010477
     Cl  24        0.037373        0.010477       -0.146737

     ----- GIPAW term -----
     Cl   1        1.996561       -0.656250       -1.517410
     Cl   1       -0.656250       -0.205653       -0.977163
     Cl   1       -1.517410       -0.977163       -1.790909

     C    2        0.146578       -0.043546       -0.198025
     C    2       -0.043546       -0.134557       -0.031552
     C    2       -0.198025       -0.031552       -0.012021

     C    3       -0.005385       -0.156244       -0.047396
     C    3       -0.156244        0.045900       -0.133769
     C    3       -0.047396       -0.133769       -0.040516

     H    4       -0.000000        0.000000        0.000000
     H    4        0.000000        0.000000        0.000000
     H    4        0.000000        0.000000        0.000000

     C    5       -0.185166        0.018891       -0.015372
     C    5        0.018891        0.193213       -0.128792
     C    5       -0.015372       -0.128792       -0.008047

     H    6       -0.000000        0.000000        0.000000
     H    6        0.000000        0.000000        0.000000
     H    6        0.000000        0.000000        0.000000

     H    7       -0.000000        0.000000        0.000000
     H    7        0.000000        0.000000        0.000000
     H    7        0.000000        0.000000        0.000000

     C    8        0.122260       -0.089638       -0.091759
     C    8       -0.089638       -0.131510        0.059706
     C    8       -0.091759        0.059706        0.009249

     H    9       -0.000000        0.000000        0.000000
     H    9        0.000000        0.000000        0.000000
     H    9        0.000000        0.000000        0.000000

     C   10       -0.135729       -0.043811       -0.086270
     C   10       -0.043811        0.008338        0.223319
     C   10       -0.086270        0.223319        0.127391

     C   11       -0.017726        0.104391       -0.055221
     C   11        0.104391        0.071019        0.099796
     C   11       -0.055221        0.099796       -0.053292

     Cl  12        0.030499        0.205313       -1.149553
     Cl  12        0.205313        0.966821        1.997578
     Cl  12       -1.149553        1.997578       -0.997320

     H   13       -0.000000        0.000000        0.000000
     H   13        0.000000        0.000000        0.000000
     H   13        0.000000        0.000000        0.000000

     C   14        0.105754       -0.100879       -0.241623
     C   14       -0.100879       -0.150939       -0.024788
     C   14       -0.241623       -0.024788        0.045185

     H   15       -0.000000        0.000000        0.000000
     H   15        0.000000        0.000000        0.000000
     H   15        0.000000        0.000000        0.000000

     C   16       -0.000064       -0.024008       -0.229320
     C   16       -0.024008       -0.101140        0.078193
     C   16       -0.229320        0.078193        0.101205

     C   17        0.043848       -0.233621       -0.126210
     C   17       -0.233621        0.010579        0.023478
     C   17       -0.126210        0.023478       -0.054427

     Cl  18        0.824680       -2.024068       -0.473166
     Cl  18       -2.024068        0.107011        0.419621
     Cl  18       -0.473166        0.419621       -0.931691

     H   19       -0.000000        0.000000        0.000000
     H   19        0.000000        0.000000        0.000000
     H   19        0.000000        0.000000        0.000000

     C   20       -0.046349       -0.087056       -0.148435
     C   20       -0.087056       -0.040787        0.143966
     C   20       -0.148435        0.143966        0.087136

     H   21       -0.000000        0.000000        0.000000
     H   21        0.000000        0.000000        0.000000
     H   21        0.000000        0.000000        0.000000

     C   22        0.014054       -0.018212       -0.009426
     C   22       -0.018212       -0.008983        0.002948
     C   22       -0.009426        0.002948       -0.005071

     C   23        0.057438       -0.022428       -0.159490
     C   23       -0.022428       -0.040627        0.104820
     C   23       -0.159490        0.104820       -0.016811

     Cl  24        0.153039       -0.246438       -0.614874
     Cl  24       -0.246438        0.183696        0.756313
     Cl  24       -0.614874        0.756313       -0.336735

     ----- total EFG -----
     Cl   1        2.227715       -0.795119       -1.642215
     Cl   1       -0.795119       -0.220866       -1.071792
     Cl   1       -1.642215       -1.071792       -2.006849

     C    2        0.214477        0.094042       -0.313939
     C    2        0.094042       -0.393803        0.046863
     C    2       -0.313939        0.046863        0.179326

     C    3        0.049923       -0.497580       -0.198094
     C    3       -0.497580       -0.096062       -0.305267
     C    3       -0.198094       -0.305267        0.046138

     H    4        0.190339        0.175082        0.210381
     H    4        0.175082       -0.019688        0.256578
     H    4        0.210381        0.256578       -0.170652

     C    5       -0.579103        0.133799       -0.017704
     C    5        0.133799        0.334963       -0.146237
     C    5       -0.017704       -0.146237        0.244140

     H    6        0.027995       -0.044624        0.026966
     H    6       -0.044624        0.249455        0.568004
     H    6        0.026966        0.568004       -0.277450

     H    7       -0.215886        0.152713       -0.090352
     H    7        0.152713        0.131293       -0.219563
     H    7       -0.090352       -0.219563        0.084593

     C    8        0.031433       -0.219033        0.012753
     C    8       -0.219033       -0.268031        0.177332
     C    8        0.012753        0.177332        0.236598

     H    9        0.437315       -0.078527        0.358323
     H    9       -0.078527       -0.143137       -0.383037
     H    9        0.358323       -0.383037       -0.294178

     C   10       -0.368680        0.059366       -0.062157
     C   10        0.059366        0.063334        0.541644
     C   10       -0.062157        0.541644        0.305345

     C   11       -0.368406        0.231491       -0.044631
     C   11        0.231491        0.172919        0.254253
     C   11       -0.044631        0.254253        0.195486

     Cl  12        0.071986        0.354247       -1.183182
     Cl  12        0.354247        1.046351        2.086051
     Cl  12       -1.183182        2.086051       -1.118336

     H   13       -0.100574        0.095844        0.320647
     H   13        0.095844        0.447698        0.352825
     H   13        0.320647        0.352825       -0.347123

     C   14        0.329916       -0.403240       -0.520331
     C   14       -0.403240       -0.363032       -0.102731
     C   14       -0.520331       -0.102731        0.033116

     H   15        0.457683        0.261466        0.445745
     H   15        0.261466       -0.075341       -0.164214
     H   15        0.445745       -0.164214       -0.382342

     C   16       -0.139315        0.109344       -0.442841
     C   16        0.109344       -0.173619        0.364344
     C   16       -0.442841        0.364344        0.312934

     C   17        0.172762       -0.701788       -0.299593
     C   17       -0.701788       -0.162092       -0.075166
     C   17       -0.299593       -0.075166       -0.010670

     Cl  18        0.839729       -2.123956       -0.507874
     Cl  18       -2.123956        0.096695        0.464241
     Cl  18       -0.507874        0.464241       -0.936424

     H   19       -0.208830        0.118369        0.219055
     H   19        0.118369        0.415131       -0.594732
     H   19        0.219055       -0.594732       -0.206301

     C   20       -0.253120        0.082530       -0.162773
     C   20        0.082530        0.027322        0.234264
     C   20       -0.162773        0.234264        0.225799

     H   21        0.730817       -0.124025        0.448945
     H   21       -0.124025       -0.151513       -0.428050
     H   21        0.448945       -0.428050       -0.579304

     C   22        0.168574        0.094987        0.316911
     C   22        0.094987        0.066810       -0.329014
     C   22        0.316911       -0.329014       -0.235384

     C   23        0.048731        0.240963       -0.270150
     C   23        0.240963       -0.002127        0.056915
     C   23       -0.270150        0.056915       -0.046604

     Cl  24        0.081041        0.075603       -0.312018
     Cl  24        0.075603        0.255297        0.529130
     Cl  24       -0.312018        0.529130       -0.336338

     ----- total EFG (symmetrized) -----
     Cl   1        2.227715       -0.795119       -1.642215
     Cl   1       -0.795119       -0.220866       -1.071792
     Cl   1       -1.642215       -1.071792       -2.006849

     C    2        0.214477        0.094042       -0.313939
     C    2        0.094042       -0.393803        0.046863
     C    2       -0.313939        0.046863        0.179326

     C    3        0.049923       -0.497580       -0.198094
     C    3       -0.497580       -0.096062       -0.305267
     C    3       -0.198094       -0.305267        0.046138

     H    4        0.190339        0.175082        0.210381
     H    4        0.175082       -0.019688        0.256578
     H    4        0.210381        0.256578       -0.170652

     C    5       -0.579103        0.133799       -0.017704
     C    5        0.133799        0.334963       -0.146237
     C    5       -0.017704       -0.146237        0.244140

     H    6        0.027995       -0.044624        0.026966
     H    6       -0.044624        0.249455        0.568004
     H    6        0.026966        0.568004       -0.277450

     H    7       -0.215886        0.152713       -0.090352
     H    7        0.152713        0.131293       -0.219563
     H    7       -0.090352       -0.219563        0.084593

     C    8        0.031433       -0.219033        0.012753
     C    8       -0.219033       -0.268031        0.177332
     C    8        0.012753        0.177332        0.236598

     H    9        0.437315       -0.078527        0.358323
     H    9       -0.078527       -0.143137       -0.383037
     H    9        0.358323       -0.383037       -0.294178

     C   10       -0.368680        0.059366       -0.062157
     C   10        0.059366        0.063334        0.541644
     C   10       -0.062157        0.541644        0.305345

     C   11       -0.368406        0.231491       -0.044631
     C   11        0.231491        0.172919        0.254253
     C   11       -0.044631        0.254253        0.195486

     Cl  12        0.071986        0.354247       -1.183182
     Cl  12        0.354247        1.046351        2.086051
     Cl  12       -1.183182        2.086051       -1.118336

     H   13       -0.100574        0.095844        0.320647
     H   13        0.095844        0.447698        0.352825
     H   13        0.320647        0.352825       -0.347123

     C   14        0.329916       -0.403240       -0.520331
     C   14       -0.403240       -0.363032       -0.102731
     C   14       -0.520331       -0.102731        0.033116

     H   15        0.457683        0.261466        0.445745
     H   15        0.261466       -0.075341       -0.164214
     H   15        0.445745       -0.164214       -0.382342

     C   16       -0.139315        0.109344       -0.442841
     C   16        0.109344       -0.173619        0.364344
     C   16       -0.442841        0.364344        0.312934

     C   17        0.172762       -0.701788       -0.299593
     C   17       -0.701788       -0.162092       -0.075166
     C   17       -0.299593       -0.075166       -0.010670

     Cl  18        0.839729       -2.123956       -0.507874
     Cl  18       -2.123956        0.096695        0.464241
     Cl  18       -0.507874        0.464241       -0.936424

     H   19       -0.208830        0.118369        0.219055
     H   19        0.118369        0.415131       -0.594732
     H   19        0.219055       -0.594732       -0.206301

     C   20       -0.253120        0.082530       -0.162773
     C   20        0.082530        0.027322        0.234264
     C   20       -0.162773        0.234264        0.225799

     H   21        0.730817       -0.124025        0.448945
     H   21       -0.124025       -0.151513       -0.428050
     H   21        0.448945       -0.428050       -0.579304

     C   22        0.168574        0.094987        0.316911
     C   22        0.094987        0.066810       -0.329014
     C   22        0.316911       -0.329014       -0.235384

     C   23        0.048731        0.240963       -0.270150
     C   23        0.240963       -0.002127        0.056915
     C   23       -0.270150        0.056915       -0.046604

     Cl  24        0.081041        0.075603       -0.312018
     Cl  24        0.075603        0.255297        0.529130
     Cl  24       -0.312018        0.529130       -0.336338


     NQR/NMR SPECTROSCOPIC PARAMETERS:
     Cl   1    Vxx=    0.2810    axis=(  0.007456  0.903465 -0.428596)
     Cl   1    Vyy=    2.8491    axis=(  0.946593 -0.144541 -0.288219)
     Cl   1    Vzz=   -3.1302    axis=(  0.322346  0.403557  0.856292)
     Cl   1  Q=        -8.1650 1e-30 m^2  Cq=        60.0507 MHz  eta= 0.82044

     C    2    Vxx=   -0.0861    axis=( -0.641236 -0.303339 -0.704841)
     C    2    Vyy=   -0.4267    axis=(  0.235394 -0.952021  0.195564)
     C    2    Vzz=    0.5128    axis=( -0.730346 -0.040512  0.681875)
     C    2  Q=         1.0000 1e-30 m^2  Cq=         1.2049 MHz  eta= 0.66414

     C    3    Vxx=    0.2128    axis=( -0.407580 -0.219468  0.886404)
     C    3    Vyy=    0.4877    axis=(  0.709841 -0.686790  0.156349)
     C    3    Vzz=   -0.7005    axis=(  0.574460  0.692931  0.435710)
     C    3  Q=         1.0000 1e-30 m^2  Cq=        -1.6459 MHz  eta= 0.39243

     H    4    Vxx=   -0.0783    axis=(  0.677478 -0.667059 -0.309928)
     H    4    Vyy=   -0.3720    axis=(  0.145175  0.534337 -0.832712)
     H    4    Vzz=    0.4503    axis=(  0.721074  0.519150  0.458842)
     H    4  Q=         1.0000 1e-30 m^2  Cq=         1.0579 MHz  eta= 0.65223

     C    5    Vxx=    0.1419    axis=(  0.084462  0.563876  0.821529)
     C    5    Vyy=    0.4564    axis=(  0.114863  0.813469 -0.570153)
     C    5    Vzz=   -0.5983    axis=( -0.989784  0.142519  0.003939)
     C    5  Q=         1.0000 1e-30 m^2  Cq=        -1.4058 MHz  eta= 0.52550

     H    6    Vxx=    0.0303    axis=(  0.996797 -0.004043  0.079870)
     H    6    Vyy=    0.6130    axis=(  0.039569 -0.842975 -0.536495)
     H    6    Vzz=   -0.6434    axis=(  0.069498  0.537937 -0.840115)
     H    6  Q=         1.0000 1e-30 m^2  Cq=        -1.5117 MHz  eta= 0.90570

     H    7    Vxx=   -0.1061    axis=(  0.190542  0.597753  0.778707)
     H    7    Vyy=   -0.2737    axis=( -0.940491  0.338516 -0.029723)
     H    7    Vzz=    0.3798    axis=( -0.281371 -0.726704  0.626683)
     H    7  Q=         1.0000 1e-30 m^2  Cq=         0.8923 MHz  eta= 0.44146

     C    8    Vxx=    0.1173    axis=(  0.868232 -0.318365  0.380547)
     C    8    Vyy=    0.3069    axis=( -0.254671  0.372286  0.892494)
     C    8    Vzz=   -0.4243    axis=( -0.425811 -0.871807  0.242152)
     C    8  Q=         1.0000 1e-30 m^2  Cq=        -0.9969 MHz  eta= 0.44687

     H    9    Vxx=    0.0093    axis=(  0.483261  0.774887 -0.407442)
     H    9    Vyy=    0.6514    axis=(  0.847114 -0.296379  0.441086)
     H    9    Vzz=   -0.6607    axis=(  0.221034 -0.558310 -0.799646)
     H    9  Q=         1.0000 1e-30 m^2  Cq=        -1.5523 MHz  eta= 0.97187

     C   10    Vxx=   -0.2845    axis=(  0.710913  0.553744 -0.433555)
     C   10    Vyy=   -0.4549    axis=( -0.703204  0.550634 -0.449785)
     C   10    Vzz=    0.7395    axis=( -0.010335  0.624636  0.780848)
     C   10  Q=         1.0000 1e-30 m^2  Cq=         1.7374 MHz  eta= 0.23043

     C   11    Vxx=    0.0213    axis=( -0.416058 -0.562598  0.714408)
     C   11    Vyy=    0.4603    axis=( -0.166585 -0.725184 -0.668100)
     C   11    Vzz=   -0.4816    axis=( -0.893949  0.396978 -0.207999)
     C   11  Q=         1.0000 1e-30 m^2  Cq=        -1.1315 MHz  eta= 0.91173

     Cl  12    Vxx=    0.5111    axis=(  0.912851  0.330443 -0.239813)
     Cl  12    Vyy=    2.3630    axis=(  0.154641 -0.823415 -0.545961)
     Cl  12    Vzz=   -2.8740    axis=( -0.377875  0.461296 -0.802756)
     Cl  12  Q=        -8.1650 1e-30 m^2  Cq=        55.1365 MHz  eta= 0.64437

     H   13    Vxx=   -0.0174    axis=(  0.832281 -0.433558  0.345450)
     H   13    Vyy=   -0.6252    axis=(  0.474958  0.236342 -0.847678)
     H   13    Vzz=    0.6426    axis=(  0.285874  0.869580  0.402625)
     H   13  Q=         1.0000 1e-30 m^2  Cq=         1.5098 MHz  eta= 0.94580

     C   14    Vxx=   -0.0758    axis=(  0.276391 -0.643278  0.714003)
     C   14    Vyy=   -0.7108    axis=( -0.510842 -0.727633 -0.457811)
     C   14    Vzz=    0.7865    axis=( -0.814032  0.238208  0.529725)
     C   14  Q=         1.0000 1e-30 m^2  Cq=         1.8480 MHz  eta= 0.80738

     H   15    Vxx=   -0.0077    axis=( -0.058824  0.886655 -0.458675)
     H   15    Vyy=   -0.6851    axis=( -0.410957  0.397222  0.820566)
     H   15    Vzz=    0.6928    axis=(  0.909755  0.236764  0.341011)
     H   15  Q=         1.0000 1e-30 m^2  Cq=         1.6278 MHz  eta= 0.97766

     C   16    Vxx=   -0.0512    axis=(  0.660322  0.749071  0.053547)
     C   16    Vyy=   -0.6167    axis=( -0.619915  0.583936 -0.524141)
     C   16    Vzz=    0.6679    axis=( -0.423887  0.312907  0.849947)
     C   16  Q=         1.0000 1e-30 m^2  Cq=         1.5693 MHz  eta= 0.84673

     C   17    Vxx=    0.0203    axis=(  0.003333 -0.392005  0.919957)
     C   17    Vyy=    0.7745    axis=(  0.785199 -0.568649 -0.245153)
     C   17    Vzz=   -0.7948    axis=(  0.619234  0.723166  0.305907)
     C   17  Q=         1.0000 1e-30 m^2  Cq=        -1.8675 MHz  eta= 0.94899

     Cl  18    Vxx=   -1.0633    axis=(  0.169197 -0.083233  0.982062)
     Cl  18    Vyy=   -1.6893    axis=( -0.637216 -0.769395  0.044576)
     Cl  18    Vzz=    2.7525    axis=(  0.751883 -0.633328 -0.183216)
     Cl  18  Q=        -8.1650 1e-30 m^2  Cq=       -52.8061 MHz  eta= 0.22743

     H   19    Vxx=   -0.0815    axis=(  0.889799  0.247253  0.383568)
     H   19    Vyy=   -0.6941    axis=( -0.456166  0.457831  0.763088)
     H   19    Vzz=    0.7756    axis=(  0.013066 -0.853965  0.520166)
     H   19  Q=         1.0000 1e-30 m^2  Cq=         1.8223 MHz  eta= 0.78981

     C   20    Vxx=   -0.0260    axis=(  0.536507  0.762154 -0.362328)
     C   20    Vyy=   -0.3686    axis=( -0.830722  0.401410 -0.385708)
     C   20    Vzz=    0.3945    axis=( -0.148527  0.507929  0.848497)
     C   20  Q=         1.0000 1e-30 m^2  Cq=         0.9270 MHz  eta= 0.86844

     H   21    Vxx=   -0.0205    axis=(  0.360798  0.857426 -0.366942)
     H   21    Vyy=   -0.9096    axis=(  0.202664 -0.456119 -0.866535)
     H   21    Vzz=    0.9301    axis=( -0.910358  0.238278 -0.338336)
     H   21  Q=         1.0000 1e-30 m^2  Cq=         2.1854 MHz  eta= 0.95589

     C   22    Vxx=    0.2067    axis=(  0.589201  0.790727 -0.166110)
     C   22    Vyy=    0.3760    axis=( -0.705532  0.403305 -0.582725)
     C   22    Vzz=   -0.5827    axis=( -0.393784  0.460539  0.795511)
     C   22  Q=         1.0000 1e-30 m^2  Cq=        -1.3692 MHz  eta= 0.29056

     C   23    Vxx=    0.0347    axis=( -0.042558  0.746687  0.663812)
     C   23    Vyy=    0.3509    axis=( -0.767267 -0.449980  0.456967)
     C   23    Vzz=   -0.3857    axis=( -0.639914  0.489874 -0.592059)
     C   23  Q=         1.0000 1e-30 m^2  Cq=        -0.9062 MHz  eta= 0.81987

     Cl  24    Vxx=    0.1742    axis=(  0.914310  0.359886 -0.185793)
     Cl  24    Vyy=    0.5857    axis=( -0.211284  0.815188  0.539284)
     Cl  24    Vzz=   -0.7599    axis=(  0.345537 -0.453817  0.821373)
     Cl  24  Q=        -8.1650 1e-30 m^2  Cq=        14.5792 MHz  eta= 0.54154

     Initialization:
     gipaw_setup  :      9.15s CPU     11.00s WALL (       1 calls)

     Linear response

     Apply operators

     Induced current

     Other routines
     efg          :      9.33s CPU     11.71s WALL (       1 calls)

     General routines
     calbec       :      3.23s CPU      4.14s WALL (      16 calls)
     fft          :      1.66s CPU      2.70s WALL (      15 calls)
     ffts         :      0.04s CPU      0.04s WALL (       2 calls)
     fftw         :      3.30s CPU      4.14s WALL (     672 calls)
     davcio       :      0.02s CPU      0.33s WALL (      32 calls)

     Parallel routines
     fft_scatter  :      2.40s CPU      4.08s WALL (     689 calls)

     Plugins

     GIPAW        :     60.90s CPU     73.88s WALL (       1 calls)
