
     Program QE v.6.0 (svn rev. 13079) starts on 23Jan2017 at  3:25:44 

     This program is part of the open-source Quantum ESPRESSO suite
     for quantum simulation of materials; please cite
         "P. Giannozzi et al., J. Phys.:Condens. Matter 21 395502 (2009);
          URL http://www.quantum-espresso.org", 
     in publications or presentations arising from this work. More details at
     http://www.quantum-espresso.org/quote

     Parallel version (MPI), running on     8 processors
     R & G space division:  proc/nbgrp/npool/nimage =       8

     ***** This is GIPAW svn revision unknown      *****

     Parallelizing q-star over 1 images

     Reading data from directory:
     /users/majewski/paradichlorobenzene/pbe/9_constraint/scratch/pbe.ecut100.np8.dt60.pcl2phi-129368.save
     Message from routine read_xml_file:
     file /users/majewski/paradichlorobenzene/pbe/9_constraint/scratch/pbe.ecut100.np8.dt60.pcl2phi-129368.save not guaranteed to be safe for post-processing

   Info: using nr1, nr2, nr3 values from input

   Info: using nr1, nr2, nr3 values from input

     IMPORTANT: XC functional enforced from input :
     Exchange-correlation      =  SLA  PW   PBX  PBC ( 1  4  3  4 0 0)
     Any further DFT definition will be discarded
     Please, verify this is what you really want

               file C.pbe-n-kjpaw_psl.1.0.0.UPF: wavefunction(s)  2S 2P renormalized
               file Cl.pbe-n-kjpaw_psl.1.0.0.UPF: wavefunction(s)  3S 3P renormalized
               file H.pbe-kjpaw_psl.1.0.0.UPF: wavefunction(s)  1S renormalized

     Parallelization info
     --------------------
     sticks:   dense  smooth     PW     G-vecs:    dense   smooth      PW
     Min        3057    1223    332               144436    36536    5170
     Max        3059    1225    333               144437    36537    5171
     Sum       24467    9791   2657              1155489   292295   41363


     Subspace diagonalization in iterative solution of the eigenvalue problem:
     a serial algorithm will be used

     GIPAW projectors -----------------------------------------------
     atom=  C    l=0  rc=    1.2000  rs=    0.8000
     atom=  C    l=0  rc=    1.2000  rs=    0.8000
     atom=  C    l=1  rc=    1.4000  rs=    0.9333
     atom=  C    l=1  rc=    1.4000  rs=    0.9333
     projs nearly linearly dependent: l=1  n1,n2= 1, 2  s=  0.99951561

     atom=  Cl   l=0  rc=    1.6000  rs=    1.0667
     atom=  Cl   l=0  rc=    1.6000  rs=    1.0667
     atom=  Cl   l=1  rc=    1.6000  rs=    1.0667
     atom=  Cl   l=1  rc=    1.6000  rs=    1.0667
     atom=  Cl   l=2  rc=    1.6000  rs=    1.0667
     atom=  Cl   l=2  rc=    1.6000  rs=    1.0667
     projs nearly linearly dependent: l=2  n1,n2= 1, 2  s=  0.99993509

     atom=  H    l=0  rc=    1.0000  rs=    0.6667
     atom=  H    l=0  rc=    1.0000  rs=    0.6667
     projs nearly linearly dependent: l=0  n1,n2= 1, 2  s=  0.99968852
     -----------------------------------------------------------------

     GIPAW integrals: -------------------------------------------
     Atom  i/j   nmr_para   nmr_dia   epr_rmc  epr_para   epr_dia
       C   1 1   0.83E+03  0.17E-01  0.93E+01  0.24E+08  0.24E+03
       C   2 1   0.86E+03 -0.61E-01  0.94E+01  0.25E+08  0.25E+03
       C   2 2   0.90E+03 -0.15E+00  0.97E+01  0.26E+08  0.26E+03
       C   3 3   0.33E+01  0.34E+00  0.18E+01  0.55E+03  0.21E+02
       C   4 3   0.35E+01  0.37E+00  0.20E+01  0.59E+03  0.22E+02
       C   4 4   0.38E+01  0.39E+00  0.22E+01  0.63E+03  0.24E+02
       Cl  1 1   0.14E+04 -0.47E+00  0.84E+01  0.32E+09  0.42E+03
       Cl  2 1   0.21E+04 -0.37E+00  0.12E+02  0.49E+09  0.65E+03
       Cl  2 2   0.33E+04 -0.16E+00  0.21E+02  0.76E+09  0.10E+04
       Cl  3 3   0.21E+02  0.79E-01  0.89E+01  0.23E+05  0.13E+03
       Cl  4 3   0.24E+02  0.67E-01  0.99E+01  0.27E+05  0.15E+03
       Cl  4 4   0.28E+02  0.44E-01  0.11E+02  0.32E+05  0.18E+03
       Cl  5 5   0.77E+00  0.19E+00  0.18E+01  0.12E+03  0.22E+02
       Cl  6 5   0.80E+00  0.19E+00  0.19E+01  0.12E+03  0.23E+02
       Cl  6 6   0.83E+00  0.20E+00  0.19E+01  0.12E+03  0.23E+02
       H   1 1   0.39E+02  0.19E+00  0.29E+00  0.78E+05  0.13E+02
       H   2 1   0.41E+02  0.21E+00  0.32E+00  0.82E+05  0.14E+02
       H   2 2   0.43E+02  0.22E+00  0.36E+00  0.86E+05  0.15E+02
     ------------------------------------------------------------

     alpha_pv=     34.3266 eV

     Number of occupied bands for each k-point:
     k-point:     1    nbnd_occ=  42
     k-point:     2    nbnd_occ=  42
     k-point:     3    nbnd_occ=  42
     k-point:     4    nbnd_occ=  42
     k-point:     5    nbnd_occ=  42
     k-point:     6    nbnd_occ=  42
     k-point:     7    nbnd_occ=  42
     k-point:     8    nbnd_occ=  42
     k-point:     9    nbnd_occ=  42
     k-point:    10    nbnd_occ=  42
     k-point:    11    nbnd_occ=  42
     k-point:    12    nbnd_occ=  42
     k-point:    13    nbnd_occ=  42
     k-point:    14    nbnd_occ=  42
     k-point:    15    nbnd_occ=  42
     k-point:    16    nbnd_occ=  42


     q-space interpolation up to   110.00 Rydberg

     GIPAW job: efg                                                                             


     ELECTRIC FIELD GRADIENTS TENSORS IN Hartree/bohrradius^2:

     ----- bare term -----
     Cl   1       -0.005271        0.029745       -0.092509
     Cl   1        0.029745        0.016755       -0.087557
     Cl   1       -0.092509       -0.087557       -0.011484

     C    2        0.044514        0.453285       -0.003484
     C    2        0.453285       -0.418232       -0.454346
     C    2       -0.003484       -0.454346        0.373718

     C    3       -0.381264        0.239332       -0.269003
     C    3        0.239332       -0.009802       -0.288926
     C    3       -0.269003       -0.288926        0.391066

     H    4       -0.188843       -0.388832       -0.495327
     H    4       -0.388832        0.109781       -0.385960
     H    4       -0.495327       -0.385960        0.079062

     C    5       -0.176714        0.388095       -0.134978
     C    5        0.388095       -0.279042       -0.407949
     C    5       -0.134978       -0.407949        0.455756

     H    6        0.341767       -0.168679       -0.130197
     H    6       -0.168679       -0.411769       -0.538303
     H    6       -0.130197       -0.538303        0.070003

     H    7        0.470402       -0.019672       -0.253229
     H    7       -0.019672       -0.035389        0.289653
     H    7       -0.253229        0.289653       -0.435013

     C    8       -0.235837       -0.365120       -0.015904
     C    8       -0.365120       -0.176356        0.389010
     C    8       -0.015904        0.389010        0.412193

     H    9       -0.027695       -0.119702       -0.542278
     H    9       -0.119702        0.156850       -0.214766
     H    9       -0.542278       -0.214766       -0.129156

     C   10       -0.147018        0.068278       -0.220020
     C   10        0.068278       -0.097353        0.655568
     C   10       -0.220020        0.655568        0.244372

     C   11       -0.314717       -0.252450       -0.286736
     C   11       -0.252450       -0.061724        0.360168
     C   11       -0.286736        0.360168        0.376441

     Cl  12       -0.045003       -0.066707       -0.094278
     Cl  12       -0.066707        0.002220        0.090343
     Cl  12       -0.094278        0.090343        0.042783

     H   13        0.341897       -0.004760        0.072299
     H   13       -0.004760       -0.317655       -0.530028
     H   13        0.072299       -0.530028       -0.024241

     C   14       -0.205149       -0.003434       -0.434553
     C   14       -0.003434       -0.005828       -0.386809
     C   14       -0.434553       -0.386809        0.210976

     H   15       -0.373889       -0.199330       -0.498972
     H   15       -0.199330        0.271472       -0.293913
     H   15       -0.498972       -0.293913        0.102417

     C   16       -0.021203        0.466118       -0.130134
     C   16        0.466118       -0.366074       -0.378156
     C   16       -0.130134       -0.378156        0.387277

     C   17       -0.037216       -0.212404       -0.440445
     C   17       -0.212404       -0.126183       -0.578080
     C   17       -0.440445       -0.578080        0.163399

     Cl  18       -0.153125        0.158483       -0.129929
     Cl  18        0.158483       -0.068351        0.071047
     Cl  18       -0.129929        0.071047        0.221475

     H   19        0.305897        0.014265        0.327965
     H   19        0.014265        0.155384        0.241695
     H   19        0.327965        0.241695       -0.461281

     C   20       -0.111023       -0.034654       -0.493790
     C   20       -0.034654       -0.034229        0.354903
     C   20       -0.493790        0.354903        0.145252

     H   21        0.167247        0.073722       -0.226892
     H   21        0.073722        0.374353       -0.186776
     H   21       -0.226892       -0.186776       -0.541601

     C   22        0.101795       -0.231438        0.149217
     C   22       -0.231438       -0.133078       -0.000845
     C   22        0.149217       -0.000845        0.031283

     C   23        0.038002        0.089506       -0.530606
     C   23        0.089506       -0.044103        0.443238
     C   23       -0.530606        0.443238        0.006101

     Cl  24       -0.167213       -0.081912        0.146235
     Cl  24       -0.081912        0.030696       -0.103981
     Cl  24        0.146235       -0.103981        0.136517

     ----- ionic term -----
     Cl   1        0.139042       -0.179768       -0.043497
     Cl   1       -0.179768       -0.025163        0.021214
     Cl   1       -0.043497        0.021214       -0.113879

     C    2        0.220316       -0.153258        0.198231
     C    2       -0.153258        0.029768        0.406694
     C    2        0.198231        0.406694       -0.250084

     C    3        0.169071       -0.218075        0.189415
     C    3       -0.218075        0.126826        0.363971
     C    3        0.189415        0.363971       -0.295897

     H    4        0.475987        0.415631        0.677643
     H    4        0.415631       -0.357199        0.317331
     H    4        0.677643        0.317331       -0.118788

     C    5        0.278239       -0.173006        0.286298
     C    5       -0.173006        0.038529        0.303690
     C    5        0.286298        0.303690       -0.316768

     H    6       -0.526312        0.049109        0.052391
     H    6        0.049109        0.685259        0.708250
     H    6        0.052391        0.708250       -0.158947

     H    7       -0.550311        0.011007       -0.008509
     H    7        0.011007        0.342480       -0.789432
     H    7       -0.008509       -0.789432        0.207830

     C    8        0.102447        0.320235        0.338920
     C    8        0.320235       -0.009723       -0.258517
     C    8        0.338920       -0.258517       -0.092724

     H    9        0.502148       -0.107128        0.739969
     H    9       -0.107128       -0.491602       -0.153026
     H    9        0.739969       -0.153026       -0.010546

     C   10        0.070418        0.353890        0.235748
     C   10        0.353890        0.122538       -0.329386
     C   10        0.235748       -0.329386       -0.192956

     C   11        0.024536        0.300207        0.400203
     C   11        0.300207        0.073887       -0.314087
     C   11        0.400203       -0.314087       -0.098424

     Cl  12        0.057833        0.242856        0.055456
     Cl  12        0.242856        0.093186        0.041022
     Cl  12        0.055456        0.041022       -0.151019

     H   13       -0.482979        0.134143        0.116400
     H   13        0.134143        0.491142        0.761553
     H   13        0.116400        0.761553       -0.008164

     C   14        0.335524       -0.186135        0.308160
     C   14       -0.186135       -0.028710        0.304696
     C   14        0.308160        0.304696       -0.306814

     H   15        0.612761        0.304298        0.696593
     H   15        0.304298       -0.414718        0.256396
     H   15        0.696593        0.256396       -0.198043

     C   16        0.201149       -0.289061        0.198183
     C   16       -0.289061        0.136383        0.373650
     C   16        0.198183        0.373650       -0.337531

     C   17        0.196237       -0.199194        0.298678
     C   17       -0.199194        0.097395        0.385162
     C   17        0.298678        0.385162       -0.293631

     Cl  18        0.164746       -0.218925        0.055969
     Cl  18       -0.218925       -0.009216       -0.019003
     Cl  18        0.055969       -0.019003       -0.155531

     H   19       -0.552356        0.032647       -0.019335
     H   19        0.032647        0.231118       -0.788292
     H   19       -0.019335       -0.788292        0.321238

     C   20        0.077871        0.277387        0.372332
     C   20        0.277387       -0.009431       -0.246182
     C   20        0.372332       -0.246182       -0.068440

     H   21        0.480278       -0.162580        0.795425
     H   21       -0.162580       -0.490449       -0.203507
     H   21        0.795425       -0.203507        0.010171

     C   22       -0.024754        0.308113        0.254925
     C   22        0.308113        0.139375       -0.373618
     C   22        0.254925       -0.373618       -0.114621

     C   23       -0.005414        0.268484        0.357365
     C   23        0.268484        0.024293       -0.393683
     C   23        0.357365       -0.393683       -0.018879

     Cl  24        0.097855        0.204203        0.038881
     Cl  24        0.204203        0.032056        0.015226
     Cl  24        0.038881        0.015226       -0.129911

     ----- GIPAW term -----
     Cl   1        1.791674       -0.807100       -1.999495
     Cl   1       -0.807100       -0.757700       -1.005568
     Cl   1       -1.999495       -1.005568       -1.033974

     C    2        0.214151        0.013626        0.121715
     C    2        0.013626       -0.155148       -0.038172
     C    2        0.121715       -0.038172       -0.059003

     C    3       -0.061095        0.094710        0.040053
     C    3        0.094710       -0.009695        0.032345
     C    3        0.040053        0.032345        0.070790

     H    4       -0.000000        0.000000        0.000000
     H    4        0.000000        0.000000        0.000000
     H    4        0.000000        0.000000        0.000000

     C    5        0.036344        0.100588        0.053251
     C    5        0.100588       -0.114505       -0.066616
     C    5        0.053251       -0.066616        0.078161

     H    6       -0.000000        0.000000        0.000000
     H    6        0.000000        0.000000        0.000000
     H    6        0.000000        0.000000        0.000000

     H    7       -0.000000        0.000000        0.000000
     H    7        0.000000        0.000000        0.000000
     H    7        0.000000        0.000000        0.000000

     C    8        0.079600        0.072147        0.121456
     C    8        0.072147       -0.068122        0.116243
     C    8        0.121456        0.116243       -0.011478

     H    9       -0.000000        0.000000        0.000000
     H    9        0.000000        0.000000        0.000000
     H    9        0.000000        0.000000        0.000000

     C   10       -0.120935        0.118711        0.026374
     C   10        0.118711        0.051387        0.249419
     C   10        0.026374        0.249419        0.069549

     C   11        0.046937        0.156485       -0.059057
     C   11        0.156485        0.027712        0.031951
     C   11       -0.059057        0.031951       -0.074649

     Cl  12       -0.103011        0.600943       -1.118768
     Cl  12        0.600943        0.681511        2.140889
     Cl  12       -1.118768        2.140889       -0.578500

     H   13       -0.000000        0.000000        0.000000
     H   13        0.000000        0.000000        0.000000
     H   13        0.000000        0.000000        0.000000

     C   14        0.185670       -0.003985        0.011046
     C   14       -0.003985       -0.110229       -0.054270
     C   14        0.011046       -0.054270       -0.075440

     H   15       -0.000000        0.000000        0.000000
     H   15        0.000000        0.000000        0.000000
     H   15        0.000000        0.000000        0.000000

     C   16        0.168219       -0.005333       -0.027543
     C   16       -0.005333       -0.124633       -0.028374
     C   16       -0.027543       -0.028374       -0.043585

     C   17        0.144851       -0.211404       -0.060595
     C   17       -0.211404       -0.038550       -0.093560
     C   17       -0.060595       -0.093560       -0.106300

     Cl  18        0.624261       -1.818091       -1.123970
     Cl  18       -1.818091       -0.388210        0.672565
     Cl  18       -1.123970        0.672565       -0.236051

     H   19       -0.000000        0.000000        0.000000
     H   19        0.000000        0.000000        0.000000
     H   19        0.000000        0.000000        0.000000

     C   20        0.089064       -0.032962       -0.221594
     C   20       -0.032962       -0.125706        0.084774
     C   20       -0.221594        0.084774        0.036642

     H   21       -0.000000        0.000000        0.000000
     H   21        0.000000        0.000000        0.000000
     H   21        0.000000        0.000000        0.000000

     C   22        0.022628       -0.007278        0.008754
     C   22       -0.007278       -0.013876       -0.015474
     C   22        0.008754       -0.015474       -0.008752

     C   23        0.152174       -0.009090       -0.161169
     C   23       -0.009090       -0.061287        0.082676
     C   23       -0.161169        0.082676       -0.090887

     Cl  24        0.452113       -0.511373       -1.308294
     Cl  24       -0.511373       -0.233423        1.103567
     Cl  24       -1.308294        1.103567       -0.218690

     ----- total EFG -----
     Cl   1        1.925445       -0.957123       -2.135501
     Cl   1       -0.957123       -0.766107       -1.071912
     Cl   1       -2.135501       -1.071912       -1.159338

     C    2        0.478981        0.313654        0.316462
     C    2        0.313654       -0.543612       -0.085824
     C    2        0.316462       -0.085824        0.064631

     C    3       -0.273288        0.115966       -0.039536
     C    3        0.115966        0.107328        0.107390
     C    3       -0.039536        0.107390        0.165959

     H    4        0.287144        0.026799        0.182315
     H    4        0.026799       -0.247418       -0.068630
     H    4        0.182315       -0.068630       -0.039727

     C    5        0.137869        0.315678        0.204570
     C    5        0.315678       -0.355018       -0.170875
     C    5        0.204570       -0.170875        0.217149

     H    6       -0.184545       -0.119570       -0.077806
     H    6       -0.119570        0.273490        0.169947
     H    6       -0.077806        0.169947       -0.088945

     H    7       -0.079908       -0.008664       -0.261737
     H    7       -0.008664        0.307091       -0.499779
     H    7       -0.261737       -0.499779       -0.227182

     C    8       -0.053790        0.027262        0.444472
     C    8        0.027262       -0.254201        0.246735
     C    8        0.444472        0.246735        0.307991

     H    9        0.474454       -0.226830        0.197690
     H    9       -0.226830       -0.334752       -0.367792
     H    9        0.197690       -0.367792       -0.139701

     C   10       -0.197535        0.540880        0.042102
     C   10        0.540880        0.076571        0.575602
     C   10        0.042102        0.575602        0.120964

     C   11       -0.243244        0.204243        0.054411
     C   11        0.204243        0.039876        0.078032
     C   11        0.054411        0.078032        0.203368

     Cl  12       -0.090181        0.777091       -1.157590
     Cl  12        0.777091        0.776917        2.272253
     Cl  12       -1.157590        2.272253       -0.686736

     H   13       -0.141082        0.129382        0.188700
     H   13        0.129382        0.173487        0.231525
     H   13        0.188700        0.231525       -0.032405

     C   14        0.316045       -0.193554       -0.115346
     C   14       -0.193554       -0.144767       -0.136383
     C   14       -0.115346       -0.136383       -0.171278

     H   15        0.238872        0.104968        0.197620
     H   15        0.104968       -0.143246       -0.037517
     H   15        0.197620       -0.037517       -0.095626

     C   16        0.348164        0.171725        0.040506
     C   16        0.171725       -0.354324       -0.032880
     C   16        0.040506       -0.032880        0.006160

     C   17        0.303871       -0.623002       -0.202362
     C   17       -0.623002       -0.067339       -0.286479
     C   17       -0.202362       -0.286479       -0.236532

     Cl  18        0.635882       -1.878533       -1.197930
     Cl  18       -1.878533       -0.465776        0.724609
     Cl  18       -1.197930        0.724609       -0.170106

     H   19       -0.246459        0.046912        0.308630
     H   19        0.046912        0.386502       -0.546597
     H   19        0.308630       -0.546597       -0.140043

     C   20        0.055912        0.209771       -0.343052
     C   20        0.209771       -0.169366        0.193495
     C   20       -0.343052        0.193495        0.113454

     H   21        0.647525       -0.088858        0.568534
     H   21       -0.088858       -0.116095       -0.390283
     H   21        0.568534       -0.390283       -0.531430

     C   22        0.099669        0.069396        0.412896
     C   22        0.069396       -0.007579       -0.389938
     C   22        0.412896       -0.389938       -0.092090

     C   23        0.184761        0.348899       -0.334409
     C   23        0.348899       -0.081097        0.132231
     C   23       -0.334409        0.132231       -0.103664

     Cl  24        0.382755       -0.389082       -1.123178
     Cl  24       -0.389082       -0.170671        1.014813
     Cl  24       -1.123178        1.014813       -0.212084

     ----- total EFG (symmetrized) -----
     Cl   1        1.925445       -0.957123       -2.135501
     Cl   1       -0.957123       -0.766107       -1.071912
     Cl   1       -2.135501       -1.071912       -1.159338

     C    2        0.478981        0.313654        0.316462
     C    2        0.313654       -0.543612       -0.085824
     C    2        0.316462       -0.085824        0.064631

     C    3       -0.273288        0.115966       -0.039536
     C    3        0.115966        0.107328        0.107390
     C    3       -0.039536        0.107390        0.165959

     H    4        0.287144        0.026799        0.182315
     H    4        0.026799       -0.247418       -0.068630
     H    4        0.182315       -0.068630       -0.039727

     C    5        0.137869        0.315678        0.204570
     C    5        0.315678       -0.355018       -0.170875
     C    5        0.204570       -0.170875        0.217149

     H    6       -0.184545       -0.119570       -0.077806
     H    6       -0.119570        0.273490        0.169947
     H    6       -0.077806        0.169947       -0.088945

     H    7       -0.079908       -0.008664       -0.261737
     H    7       -0.008664        0.307091       -0.499779
     H    7       -0.261737       -0.499779       -0.227182

     C    8       -0.053790        0.027262        0.444472
     C    8        0.027262       -0.254201        0.246735
     C    8        0.444472        0.246735        0.307991

     H    9        0.474454       -0.226830        0.197690
     H    9       -0.226830       -0.334752       -0.367792
     H    9        0.197690       -0.367792       -0.139701

     C   10       -0.197535        0.540880        0.042102
     C   10        0.540880        0.076571        0.575602
     C   10        0.042102        0.575602        0.120964

     C   11       -0.243244        0.204243        0.054411
     C   11        0.204243        0.039876        0.078032
     C   11        0.054411        0.078032        0.203368

     Cl  12       -0.090181        0.777091       -1.157590
     Cl  12        0.777091        0.776917        2.272253
     Cl  12       -1.157590        2.272253       -0.686736

     H   13       -0.141082        0.129382        0.188700
     H   13        0.129382        0.173487        0.231525
     H   13        0.188700        0.231525       -0.032405

     C   14        0.316045       -0.193554       -0.115346
     C   14       -0.193554       -0.144767       -0.136383
     C   14       -0.115346       -0.136383       -0.171278

     H   15        0.238872        0.104968        0.197620
     H   15        0.104968       -0.143246       -0.037517
     H   15        0.197620       -0.037517       -0.095626

     C   16        0.348164        0.171725        0.040506
     C   16        0.171725       -0.354324       -0.032880
     C   16        0.040506       -0.032880        0.006160

     C   17        0.303871       -0.623002       -0.202362
     C   17       -0.623002       -0.067339       -0.286479
     C   17       -0.202362       -0.286479       -0.236532

     Cl  18        0.635882       -1.878533       -1.197930
     Cl  18       -1.878533       -0.465776        0.724609
     Cl  18       -1.197930        0.724609       -0.170106

     H   19       -0.246459        0.046912        0.308630
     H   19        0.046912        0.386502       -0.546597
     H   19        0.308630       -0.546597       -0.140043

     C   20        0.055912        0.209771       -0.343052
     C   20        0.209771       -0.169366        0.193495
     C   20       -0.343052        0.193495        0.113454

     H   21        0.647525       -0.088858        0.568534
     H   21       -0.088858       -0.116095       -0.390283
     H   21        0.568534       -0.390283       -0.531430

     C   22        0.099669        0.069396        0.412896
     C   22        0.069396       -0.007579       -0.389938
     C   22        0.412896       -0.389938       -0.092090

     C   23        0.184761        0.348899       -0.334409
     C   23        0.348899       -0.081097        0.132231
     C   23       -0.334409        0.132231       -0.103664

     Cl  24        0.382755       -0.389082       -1.123178
     Cl  24       -0.389082       -0.170671        1.014813
     Cl  24       -1.123178        1.014813       -0.212084


     NQR/NMR SPECTROSCOPIC PARAMETERS:
     Cl   1    Vxx=    0.0348    axis=(  0.142860 -0.849808  0.507363)
     Cl   1    Vyy=    3.0557    axis=( -0.897624  0.104717  0.428143)
     Cl   1    Vzz=   -3.0904    axis=( -0.416968 -0.516586 -0.747848)
     Cl   1  Q=        -8.1650 1e-30 m^2  Cq=        59.2885 MHz  eta= 0.97750

     C    2    Vxx=   -0.0227    axis=( -0.335812 -0.346537  0.875867)
     C    2    Vyy=   -0.6742    axis=( -0.315901  0.917445  0.241869)
     C    2    Vzz=    0.6970    axis=( -0.887376 -0.195464 -0.417560)
     C    2  Q=         1.0000 1e-30 m^2  Cq=         1.6376 MHz  eta= 0.93473

     C    3    Vxx=    0.0643    axis=(  0.317638  0.710814 -0.627574)
     C    3    Vyy=    0.2512    axis=(  0.083449  0.638326  0.765229)
     C    3    Vzz=   -0.3156    axis=(  0.944533 -0.295436  0.143440)
     C    3  Q=         1.0000 1e-30 m^2  Cq=        -0.7414 MHz  eta= 0.59225

     H    4    Vxx=   -0.0873    axis=( -0.373420 -0.417591  0.828357)
     H    4    Vyy=   -0.2813    axis=( -0.165788  0.908617  0.383315)
     H    4    Vzz=    0.3686    axis=( -0.912728  0.005806 -0.408527)
     H    4  Q=         1.0000 1e-30 m^2  Cq=         0.8660 MHz  eta= 0.52620

     C    5    Vxx=    0.1880    axis=( -0.529275 -0.518955  0.671233)
     C    5    Vyy=    0.3962    axis=(  0.718231  0.147117  0.680075)
     C    5    Vzz=   -0.5842    axis=(  0.451678 -0.842047 -0.294864)
     C    5  Q=         1.0000 1e-30 m^2  Cq=        -1.3726 MHz  eta= 0.35653

     H    6    Vxx=   -0.1459    axis=( -0.337308 -0.434528  0.835110)
     H    6    Vyy=   -0.2297    axis=( -0.909566 -0.078290 -0.408117)
     H    6    Vzz=    0.3757    axis=(  0.242719 -0.897249 -0.368824)
     H    6  Q=         1.0000 1e-30 m^2  Cq=         0.8827 MHz  eta= 0.22306

     H    7    Vxx=   -0.0057    axis=(  0.899411 -0.363341 -0.242990)
     H    7    Vyy=   -0.6252    axis=( -0.394853 -0.436914 -0.808206)
     H    7    Vzz=    0.6309    axis=(  0.187489  0.822855 -0.536431)
     H    7  Q=         1.0000 1e-30 m^2  Cq=         1.4824 MHz  eta= 0.98194

     C    8    Vxx=   -0.2161    axis=(  0.635371 -0.749468 -0.186015)
     C    8    Vyy=   -0.4445    axis=(  0.571129  0.618213 -0.540022)
     C    8    Vzz=    0.6606    axis=(  0.519726  0.236876  0.820838)
     C    8  Q=         1.0000 1e-30 m^2  Cq=         1.5522 MHz  eta= 0.34584

     H    9    Vxx=   -0.0279    axis=(  0.501300  0.486846 -0.715317)
     H    9    Vyy=   -0.6213    axis=(  0.060191  0.805072  0.590115)
     H    9    Vzz=    0.6492    axis=(  0.863177 -0.338881  0.374279)
     H    9  Q=         1.0000 1e-30 m^2  Cq=         1.5254 MHz  eta= 0.91397

     C   10    Vxx=   -0.0838    axis=(  0.685966  0.198779 -0.699955)
     C   10    Vyy=   -0.7644    axis=( -0.613619  0.675021 -0.409657)
     C   10    Vzz=    0.8482    axis=( -0.391053 -0.710517 -0.585016)
     C   10  Q=         1.0000 1e-30 m^2  Cq=         1.9929 MHz  eta= 0.80250

     C   11    Vxx=    0.0767    axis=(  0.357428  0.718773 -0.596331)
     C   11    Vyy=    0.2738    axis=(  0.290401  0.521324  0.802426)
     C   11    Vzz=   -0.3505    axis=( -0.887644  0.459985  0.022397)
     C   11  Q=         1.0000 1e-30 m^2  Cq=        -0.8234 MHz  eta= 0.56228

     Cl  12    Vxx=    0.5739    axis=( -0.902000 -0.274758  0.333023)
     Cl  12    Vyy=    2.4336    axis=(  0.025273 -0.803637 -0.594583)
     Cl  12    Vzz=   -3.0076    axis=(  0.430996 -0.527897  0.731824)
     Cl  12  Q=        -8.1650 1e-30 m^2  Cq=        57.6984 MHz  eta= 0.61835

     H   13    Vxx=   -0.1197    axis=(  0.562552 -0.650816  0.509876)
     H   13    Vyy=   -0.2876    axis=( -0.741046 -0.123471  0.660004)
     H   13    Vzz=    0.4073    axis=(  0.366587  0.749128  0.551744)
     H   13  Q=         1.0000 1e-30 m^2  Cq=         0.9570 MHz  eta= 0.41209

     C   14    Vxx=   -0.0293    axis=( -0.124888 -0.662821  0.738290)
     C   14    Vyy=   -0.3646    axis=( -0.306482 -0.681952 -0.664086)
     C   14    Vzz=    0.3939    axis=( -0.943648  0.309208  0.117975)
     C   14  Q=         1.0000 1e-30 m^2  Cq=         0.9255 MHz  eta= 0.85110

     H   15    Vxx=   -0.0932    axis=( -0.136628 -0.761248  0.633904)
     H   15    Vyy=   -0.2506    axis=(  0.403464 -0.627188 -0.666222)
     H   15    Vzz=    0.3438    axis=(  0.904737  0.164733  0.392828)
     H   15  Q=         1.0000 1e-30 m^2  Cq=         0.8078 MHz  eta= 0.45800

     C   16    Vxx=    0.0077    axis=( -0.058520 -0.117801  0.991311)
     C   16    Vyy=    0.3906    axis=( -0.971835 -0.220351 -0.083555)
     C   16    Vzz=   -0.3983    axis=(  0.228279 -0.968281 -0.101588)
     C   16  Q=         1.0000 1e-30 m^2  Cq=        -0.9357 MHz  eta= 0.96145

     C   17    Vxx=   -0.0038    axis=( -0.338405 -0.437696  0.833009)
     C   17    Vyy=   -0.7646    axis=(  0.495317  0.669823  0.553171)
     C   17    Vzz=    0.7684    axis=( -0.800090  0.599799 -0.009873)
     C   17  Q=         1.0000 1e-30 m^2  Cq=         1.8055 MHz  eta= 0.99012

     Cl  18    Vxx=   -0.8280    axis=(  0.276254 -0.354408  0.893352)
     Cl  18    Vyy=   -1.8881    axis=(  0.626950  0.770969  0.111983)
     Cl  18    Vzz=    2.7162    axis=( -0.728435  0.529152  0.435180)
     Cl  18  Q=        -8.1650 1e-30 m^2  Cq=       -52.1081 MHz  eta= 0.39031

     H   19    Vxx=   -0.0684    axis=(  0.816483  0.407394  0.409128)
     H   19    Vyy=   -0.6782    axis=( -0.561822  0.397262  0.725630)
     H   19    Vzz=    0.7466    axis=(  0.133087 -0.822322  0.553240)
     H   19  Q=         1.0000 1e-30 m^2  Cq=         1.7543 MHz  eta= 0.81678

     C   20    Vxx=    0.0745    axis=(  0.478747  0.760298  0.439031)
     C   20    Vyy=    0.4289    axis=( -0.676642  0.000891  0.736311)
     C   20    Vzz=   -0.5034    axis=(  0.559425 -0.649574  0.514876)
     C   20  Q=         1.0000 1e-30 m^2  Cq=        -1.1828 MHz  eta= 0.70418

     H   21    Vxx=   -0.0267    axis=(  0.357517  0.889355 -0.285007)
     H   21    Vyy=   -0.9034    axis=(  0.295700 -0.397276 -0.868754)
     H   21    Vzz=    0.9302    axis=( -0.885857  0.226318 -0.405016)
     H   21  Q=         1.0000 1e-30 m^2  Cq=         2.1855 MHz  eta= 0.94250

     C   22    Vxx=    0.1100    axis=( -0.653624 -0.748857  0.109495)
     C   22    Vyy=    0.5173    axis=(  0.599943 -0.424492  0.678141)
     C   22    Vzz=   -0.6273    axis=( -0.461351  0.508940  0.726730)
     C   22  Q=         1.0000 1e-30 m^2  Cq=        -1.4739 MHz  eta= 0.64926

     C   23    Vxx=    0.0394    axis=( -0.029992  0.698130  0.715343)
     C   23    Vyy=    0.5053    axis=( -0.833206 -0.412793  0.367926)
     C   23    Vzz=   -0.5447    axis=(  0.552149 -0.584993  0.594066)
     C   23  Q=         1.0000 1e-30 m^2  Cq=        -1.2798 MHz  eta= 0.85531

     Cl  24    Vxx=   -0.3066    axis=(  0.669194  0.725807  0.159320)
     Cl  24    Vyy=   -1.4223    axis=(  0.371370 -0.512370  0.774313)
     Cl  24    Vzz=    1.7289    axis=( -0.643633  0.458999  0.612418)
     Cl  24  Q=        -8.1650 1e-30 m^2  Cq=       -33.1687 MHz  eta= 0.64528

     Initialization:
     gipaw_setup  :      9.10s CPU     10.93s WALL (       1 calls)

     Linear response

     Apply operators

     Induced current

     Other routines
     efg          :      9.30s CPU     11.82s WALL (       1 calls)

     General routines
     calbec       :      3.22s CPU      4.32s WALL (      16 calls)
     fft          :      1.70s CPU      2.63s WALL (      15 calls)
     ffts         :      0.04s CPU      0.05s WALL (       2 calls)
     fftw         :      3.25s CPU      4.00s WALL (     672 calls)
     davcio       :      0.05s CPU      0.33s WALL (      32 calls)

     Parallel routines
     fft_scatter  :      2.37s CPU      3.84s WALL (     689 calls)

     Plugins

     GIPAW        :     60.84s CPU     71.86s WALL (       1 calls)
