
     Program QE v.6.0 (svn rev. 13079) starts on 21Jan2017 at 12:43:41 

     This program is part of the open-source Quantum ESPRESSO suite
     for quantum simulation of materials; please cite
         "P. Giannozzi et al., J. Phys.:Condens. Matter 21 395502 (2009);
          URL http://www.quantum-espresso.org", 
     in publications or presentations arising from this work. More details at
     http://www.quantum-espresso.org/quote

     Parallel version (MPI), running on     8 processors
     R & G space division:  proc/nbgrp/npool/nimage =       8

     ***** This is GIPAW svn revision unknown      *****

     Parallelizing q-star over 1 images

     Reading data from directory:
     /users/majewski/paradichlorobenzene/pbe/9_constraint/scratch/pbe.ecut100.np8.dt60.pcl2phi-129368.save
     Message from routine read_xml_file:
     file /users/majewski/paradichlorobenzene/pbe/9_constraint/scratch/pbe.ecut100.np8.dt60.pcl2phi-129368.save not guaranteed to be safe for post-processing

   Info: using nr1, nr2, nr3 values from input

   Info: using nr1, nr2, nr3 values from input

     IMPORTANT: XC functional enforced from input :
     Exchange-correlation      =  SLA  PW   PBX  PBC ( 1  4  3  4 0 0)
     Any further DFT definition will be discarded
     Please, verify this is what you really want

               file C.pbe-n-kjpaw_psl.1.0.0.UPF: wavefunction(s)  2S 2P renormalized
               file Cl.pbe-n-kjpaw_psl.1.0.0.UPF: wavefunction(s)  3S 3P renormalized
               file H.pbe-kjpaw_psl.1.0.0.UPF: wavefunction(s)  1S renormalized

     Parallelization info
     --------------------
     sticks:   dense  smooth     PW     G-vecs:    dense   smooth      PW
     Min        3057    1223    332               144436    36536    5170
     Max        3059    1225    333               144437    36537    5171
     Sum       24467    9791   2657              1155489   292295   41363


     Subspace diagonalization in iterative solution of the eigenvalue problem:
     a serial algorithm will be used

     GIPAW projectors -----------------------------------------------
     atom=  C    l=0  rc=    1.2000  rs=    0.8000
     atom=  C    l=0  rc=    1.2000  rs=    0.8000
     atom=  C    l=1  rc=    1.4000  rs=    0.9333
     atom=  C    l=1  rc=    1.4000  rs=    0.9333
     projs nearly linearly dependent: l=1  n1,n2= 1, 2  s=  0.99951561

     atom=  Cl   l=0  rc=    1.6000  rs=    1.0667
     atom=  Cl   l=0  rc=    1.6000  rs=    1.0667
     atom=  Cl   l=1  rc=    1.6000  rs=    1.0667
     atom=  Cl   l=1  rc=    1.6000  rs=    1.0667
     atom=  Cl   l=2  rc=    1.6000  rs=    1.0667
     atom=  Cl   l=2  rc=    1.6000  rs=    1.0667
     projs nearly linearly dependent: l=2  n1,n2= 1, 2  s=  0.99993509

     atom=  H    l=0  rc=    1.0000  rs=    0.6667
     atom=  H    l=0  rc=    1.0000  rs=    0.6667
     projs nearly linearly dependent: l=0  n1,n2= 1, 2  s=  0.99968852
     -----------------------------------------------------------------

     GIPAW integrals: -------------------------------------------
     Atom  i/j   nmr_para   nmr_dia   epr_rmc  epr_para   epr_dia
       C   1 1   0.83E+03  0.17E-01  0.93E+01  0.24E+08  0.24E+03
       C   2 1   0.86E+03 -0.61E-01  0.94E+01  0.25E+08  0.25E+03
       C   2 2   0.90E+03 -0.15E+00  0.97E+01  0.26E+08  0.26E+03
       C   3 3   0.33E+01  0.34E+00  0.18E+01  0.55E+03  0.21E+02
       C   4 3   0.35E+01  0.37E+00  0.20E+01  0.59E+03  0.22E+02
       C   4 4   0.38E+01  0.39E+00  0.22E+01  0.63E+03  0.24E+02
       Cl  1 1   0.14E+04 -0.47E+00  0.84E+01  0.32E+09  0.42E+03
       Cl  2 1   0.21E+04 -0.37E+00  0.12E+02  0.49E+09  0.65E+03
       Cl  2 2   0.33E+04 -0.16E+00  0.21E+02  0.76E+09  0.10E+04
       Cl  3 3   0.21E+02  0.79E-01  0.89E+01  0.23E+05  0.13E+03
       Cl  4 3   0.24E+02  0.67E-01  0.99E+01  0.27E+05  0.15E+03
       Cl  4 4   0.28E+02  0.44E-01  0.11E+02  0.32E+05  0.18E+03
       Cl  5 5   0.77E+00  0.19E+00  0.18E+01  0.12E+03  0.22E+02
       Cl  6 5   0.80E+00  0.19E+00  0.19E+01  0.12E+03  0.23E+02
       Cl  6 6   0.83E+00  0.20E+00  0.19E+01  0.12E+03  0.23E+02
       H   1 1   0.39E+02  0.19E+00  0.29E+00  0.78E+05  0.13E+02
       H   2 1   0.41E+02  0.21E+00  0.32E+00  0.82E+05  0.14E+02
       H   2 2   0.43E+02  0.22E+00  0.36E+00  0.86E+05  0.15E+02
     ------------------------------------------------------------

     alpha_pv=     34.1135 eV

     Number of occupied bands for each k-point:
     k-point:     1    nbnd_occ=  42
     k-point:     2    nbnd_occ=  42
     k-point:     3    nbnd_occ=  42
     k-point:     4    nbnd_occ=  42
     k-point:     5    nbnd_occ=  42
     k-point:     6    nbnd_occ=  42
     k-point:     7    nbnd_occ=  42
     k-point:     8    nbnd_occ=  42
     k-point:     9    nbnd_occ=  42
     k-point:    10    nbnd_occ=  42
     k-point:    11    nbnd_occ=  42
     k-point:    12    nbnd_occ=  42
     k-point:    13    nbnd_occ=  42
     k-point:    14    nbnd_occ=  42
     k-point:    15    nbnd_occ=  42
     k-point:    16    nbnd_occ=  42


     q-space interpolation up to   110.00 Rydberg

     GIPAW job: efg                                                                             


     ELECTRIC FIELD GRADIENTS TENSORS IN Hartree/bohrradius^2:

     ----- bare term -----
     Cl   1        0.013908        0.032473        0.050419
     Cl   1        0.032473       -0.009002        0.057065
     Cl   1        0.050419        0.057065       -0.004906

     C    2       -0.728480        0.455613       -0.372981
     C    2        0.455613        0.227384       -0.072627
     C    2       -0.372981       -0.072627        0.501096

     C    3        0.309697        0.072933       -0.060049
     C    3        0.072933       -0.582611       -0.598231
     C    3       -0.060049       -0.598231        0.272914

     H    4       -0.468150        0.180350       -0.042076
     H    4        0.180350        0.112961       -0.422050
     H    4       -0.042076       -0.422050        0.355190

     C    5       -0.819544        0.355798       -0.435328
     C    5        0.355798        0.329826       -0.045524
     C    5       -0.435328       -0.045524        0.489719

     H    6        0.267028       -0.216318        0.143639
     H    6       -0.216318       -0.513014       -0.319688
     H    6        0.143639       -0.319688        0.245986

     H    7        0.446828        0.098874       -0.031663
     H    7        0.098874       -0.725422        0.407377
     H    7       -0.031663        0.407377        0.278594

     C    8       -0.192897        0.029023       -0.308691
     C    8        0.029023        0.054305        0.510370
     C    8       -0.308691        0.510370        0.138592

     H    9       -0.290028        0.405282       -0.349859
     H    9        0.405282       -0.027606        0.111331
     H    9       -0.349859        0.111331        0.317633

     C   10       -0.544087       -0.300595       -0.043407
     C   10       -0.300595        0.154020        0.289263
     C   10       -0.043407        0.289263        0.390067

     C   11        0.026994        0.162670       -0.309101
     C   11        0.162670       -0.021112        0.603114
     C   11       -0.309101        0.603114       -0.005882

     Cl  12       -0.262006       -0.217949        0.055881
     Cl  12       -0.217949        0.007635        0.166071
     Cl  12        0.055881        0.166071        0.254370

     H   13        0.291222       -0.313496        0.022190
     H   13       -0.313496       -0.585984       -0.055870
     H   13        0.022190       -0.055870        0.294762

     C   14        0.166678       -0.029747        0.055871
     C   14       -0.029747       -0.331336       -0.256673
     C   14        0.055871       -0.256673        0.164658

     H   15       -0.209813       -0.476613       -0.031913
     H   15       -0.476613       -0.144408        0.081343
     H   15       -0.031913        0.081343        0.354222

     C   16       -0.464302        0.143522       -0.141636
     C   16        0.143522        0.034711        0.014754
     C   16       -0.141636        0.014754        0.429591

     C   17        0.072893        0.014228       -0.191748
     C   17        0.014228       -0.187258       -0.495284
     C   17       -0.191748       -0.495284        0.114365

     Cl  18       -0.255108        0.190280       -0.042847
     Cl  18        0.190280        0.127731        0.080468
     Cl  18       -0.042847        0.080468        0.127377

     H   19        0.549012       -0.030051       -0.052012
     H   19       -0.030051       -0.051019        0.191336
     H   19       -0.052012        0.191336       -0.497993

     C   20       -0.337738       -0.251177        0.035165
     C   20       -0.251177        0.155303       -0.105636
     C   20        0.035165       -0.105636        0.182435

     H   21        0.115841       -0.100443       -0.357061
     H   21       -0.100443        0.057244       -0.209698
     H   21       -0.357061       -0.209698       -0.173086

     C   22        0.298792       -0.028328       -0.131605
     C   22       -0.028328       -0.147734        0.214271
     C   22       -0.131605        0.214271       -0.151057

     C   23       -0.634071       -0.436980       -0.325189
     C   23       -0.436980        0.289660        0.185064
     C   23       -0.325189        0.185064        0.344411

     Cl  24        0.015179       -0.065276       -0.022691
     Cl  24       -0.065276        0.076809       -0.008447
     Cl  24       -0.022691       -0.008447       -0.091987

     ----- ionic term -----
     Cl   1        0.177078       -0.210955        0.006395
     Cl   1       -0.210955       -0.015315        0.006696
     Cl   1        0.006395        0.006696       -0.161763

     C    2        0.280311       -0.060201        0.192967
     C    2       -0.060201        0.218741        0.352124
     C    2        0.192967        0.352124       -0.499052

     C    3        0.151781       -0.197530        0.171268
     C    3       -0.197530        0.315878        0.336705
     C    3        0.171268        0.336705       -0.467659

     H    4        0.763483        0.230171        0.595525
     H    4        0.230171       -0.403520        0.173598
     H    4        0.595525        0.173598       -0.359963

     C    5        0.330273       -0.090511        0.221634
     C    5       -0.090511        0.155393        0.259330
     C    5        0.221634        0.259330       -0.485666

     H    6       -0.474388        0.243142        0.120025
     H    6        0.243142        0.766705        0.580364
     H    6        0.120025        0.580364       -0.292317

     H    7       -0.513235       -0.104321        0.078011
     H    7       -0.104321        0.611006       -0.749158
     H    7        0.078011       -0.749158       -0.097771

     C    8        0.348010        0.248111        0.231018
     C    8        0.248111       -0.059643       -0.337932
     C    8        0.231018       -0.337932       -0.288366

     H    9        0.622382       -0.157150        0.724841
     H    9       -0.157150       -0.521492       -0.180291
     H    9        0.724841       -0.180291       -0.100889

     C   10        0.200746        0.277316        0.147764
     C   10        0.277316        0.093499       -0.434093
     C   10        0.147764       -0.434093       -0.294246

     C   11        0.105453        0.181912        0.306092
     C   11        0.181912        0.101508       -0.423576
     C   11        0.306092       -0.423576       -0.206961

     Cl  12        0.098821        0.179535        0.006055
     Cl  12        0.179535        0.044381       -0.013091
     Cl  12        0.006055       -0.013091       -0.143201

     H   13       -0.504377        0.194483        0.058870
     H   13        0.194483        0.807177        0.562530
     H   13        0.058870        0.562530       -0.302800

     C   14        0.325554       -0.107098        0.148886
     C   14       -0.107098        0.174145        0.274760
     C   14        0.148886        0.274760       -0.499699

     H   15        0.793172        0.391174        0.476243
     H   15        0.391174       -0.352961        0.189582
     H   15        0.476243        0.189582       -0.440211

     C   16        0.214027       -0.159082        0.110950
     C   16       -0.159082        0.307001        0.291083
     C   16        0.110950        0.291083       -0.521028

     C   17        0.268189       -0.074508        0.207575
     C   17       -0.074508        0.254106        0.287330
     C   17        0.207575        0.287330       -0.522295

     Cl  18        0.102403       -0.184457       -0.008036
     Cl  18       -0.184457        0.060251        0.003470
     Cl  18       -0.008036        0.003470       -0.162655

     H   19       -0.526697       -0.062845        0.065280
     H   19       -0.062845        0.695925       -0.708349
     H   19        0.065280       -0.708349       -0.169228

     C   20        0.250746        0.258995        0.292090
     C   20        0.258995        0.016984       -0.294067
     C   20        0.292090       -0.294067       -0.267731

     H   21        0.477395       -0.041299        0.783492
     H   21       -0.041299       -0.514879       -0.113505
     H   21        0.783492       -0.113505        0.037484

     C   22        0.148943        0.338560        0.203365
     C   22        0.338560        0.013945       -0.356651
     C   22        0.203365       -0.356651       -0.162888

     C   23        0.228657        0.260672        0.269342
     C   23        0.260672       -0.047184       -0.402560
     C   23        0.269342       -0.402560       -0.181473

     Cl  24        0.134773        0.242922       -0.012372
     Cl  24        0.242922        0.011311       -0.013685
     Cl  24       -0.012372       -0.013685       -0.146083

     ----- GIPAW term -----
     Cl   1       -0.244572       -1.135391        0.351763
     Cl   1       -1.135391        1.454578        1.979390
     Cl   1        0.351763        1.979390       -1.210006

     C    2       -0.081578        0.067610        0.011636
     C    2        0.067610        0.083080        0.088117
     C    2        0.011636        0.088117       -0.001502

     C    3       -0.038526       -0.016180        0.012241
     C    3       -0.016180        0.028465        0.110298
     C    3        0.012241        0.110298        0.010060

     H    4       -0.000000        0.000000        0.000000
     H    4        0.000000        0.000000        0.000000
     H    4        0.000000        0.000000        0.000000

     C    5       -0.137279        0.006471       -0.055507
     C    5        0.006471        0.059620        0.119949
     C    5       -0.055507        0.119949        0.077658

     H    6       -0.000000        0.000000        0.000000
     H    6        0.000000        0.000000        0.000000
     H    6        0.000000        0.000000        0.000000

     H    7       -0.000000        0.000000        0.000000
     H    7        0.000000        0.000000        0.000000
     H    7        0.000000        0.000000        0.000000

     C    8       -0.106083        0.053222       -0.039382
     C    8        0.053222        0.228509        0.109909
     C    8       -0.039382        0.109909       -0.122427

     H    9       -0.000000        0.000000        0.000000
     H    9        0.000000        0.000000        0.000000
     H    9        0.000000        0.000000        0.000000

     C   10       -0.179061        0.014870        0.016703
     C   10        0.014870        0.203354        0.138824
     C   10        0.016703        0.138824       -0.024293

     C   11       -0.042573        0.072013       -0.032217
     C   11        0.072013        0.122951        0.142451
     C   11       -0.032217        0.142451       -0.080378

     Cl  12       -0.764679        1.365623        0.550656
     Cl  12        1.365623        0.173790        2.082895
     Cl  12        0.550656        2.082895        0.590889

     H   13       -0.000000        0.000000        0.000000
     H   13        0.000000        0.000000        0.000000
     H   13        0.000000        0.000000        0.000000

     C   14       -0.003425        0.006658        0.040057
     C   14        0.006658        0.054186        0.018957
     C   14        0.040057        0.018957       -0.050760

     H   15       -0.000000        0.000000        0.000000
     H   15        0.000000        0.000000        0.000000
     H   15        0.000000        0.000000        0.000000

     C   16       -0.067993        0.021767       -0.019725
     C   16        0.021767        0.076370        0.002005
     C   16       -0.019725        0.002005       -0.008376

     C   17       -0.072421       -0.039979        0.007608
     C   17       -0.039979        0.181994        0.135756
     C   17        0.007608        0.135756       -0.109573

     Cl  18       -0.110696       -1.773116       -0.392779
     Cl  18       -1.773116        1.358877        0.828703
     Cl  18       -0.392779        0.828703       -1.248181

     H   19       -0.000000        0.000000        0.000000
     H   19        0.000000        0.000000        0.000000
     H   19        0.000000        0.000000        0.000000

     C   20       -0.025554        0.020120        0.028983
     C   20        0.020120        0.034057       -0.011791
     C   20        0.028983       -0.011791       -0.008504

     H   21       -0.000000        0.000000        0.000000
     H   21        0.000000        0.000000        0.000000
     H   21        0.000000        0.000000        0.000000

     C   22        0.005167        0.009961       -0.008534
     C   22        0.009961        0.037734        0.011948
     C   22       -0.008534        0.011948       -0.042901

     C   23       -0.153220       -0.003038       -0.033207
     C   23       -0.003038        0.263627        0.056874
     C   23       -0.033207        0.056874       -0.110407

     Cl  24        0.048102        0.632149       -0.110463
     Cl  24        0.632149        2.673442        0.011474
     Cl  24       -0.110463        0.011474       -2.721544

     ----- total EFG -----
     Cl   1       -0.053587       -1.313873        0.408577
     Cl   1       -1.313873        1.430261        2.043151
     Cl   1        0.408577        2.043151       -1.376674

     C    2       -0.529747        0.463022       -0.168378
     C    2        0.463022        0.529204        0.367614
     C    2       -0.168378        0.367614        0.000543

     C    3        0.422951       -0.140778        0.123459
     C    3       -0.140778       -0.238267       -0.151228
     C    3        0.123459       -0.151228       -0.184684

     H    4        0.295333        0.410521        0.553449
     H    4        0.410521       -0.290559       -0.248452
     H    4        0.553449       -0.248452       -0.004774

     C    5       -0.626550        0.271759       -0.269201
     C    5        0.271759        0.544839        0.333755
     C    5       -0.269201        0.333755        0.081711

     H    6       -0.207360        0.026824        0.263664
     H    6        0.026824        0.253691        0.260677
     H    6        0.263664        0.260677       -0.046331

     H    7       -0.066406       -0.005447        0.046347
     H    7       -0.005447       -0.114416       -0.341781
     H    7        0.046347       -0.341781        0.180823

     C    8        0.049030        0.330355       -0.117055
     C    8        0.330355        0.223171        0.282347
     C    8       -0.117055        0.282347       -0.272201

     H    9        0.332354        0.248132        0.374982
     H    9        0.248132       -0.549098       -0.068960
     H    9        0.374982       -0.068960        0.216744

     C   10       -0.522401       -0.008409        0.121060
     C   10       -0.008409        0.450872       -0.006006
     C   10        0.121060       -0.006006        0.071529

     C   11        0.089874        0.416595       -0.035226
     C   11        0.416595        0.203348        0.321989
     C   11       -0.035226        0.321989       -0.293222

     Cl  12       -0.927864        1.327209        0.612592
     Cl  12        1.327209        0.225806        2.235874
     Cl  12        0.612592        2.235874        0.702058

     H   13       -0.213155       -0.119013        0.081060
     H   13       -0.119013        0.221193        0.506660
     H   13        0.081060        0.506660       -0.008038

     C   14        0.488807       -0.130188        0.244814
     C   14       -0.130188       -0.103006        0.037044
     C   14        0.244814        0.037044       -0.385801

     H   15        0.583359       -0.085439        0.444330
     H   15       -0.085439       -0.497370        0.270926
     H   15        0.444330        0.270926       -0.085989

     C   16       -0.318268        0.006207       -0.050411
     C   16        0.006207        0.418082        0.307842
     C   16       -0.050411        0.307842       -0.099814

     C   17        0.268662       -0.100259        0.023435
     C   17       -0.100259        0.248842       -0.072198
     C   17        0.023435       -0.072198       -0.517503

     Cl  18       -0.263401       -1.767294       -0.443662
     Cl  18       -1.767294        1.546859        0.912642
     Cl  18       -0.443662        0.912642       -1.283458

     H   19        0.022315       -0.092896        0.013268
     H   19       -0.092896        0.644906       -0.517014
     H   19        0.013268       -0.517014       -0.667222

     C   20       -0.112545        0.027938        0.356237
     C   20        0.027938        0.206345       -0.411494
     C   20        0.356237       -0.411494       -0.093800

     H   21        0.593236       -0.141742        0.426430
     H   21       -0.141742       -0.457634       -0.323202
     H   21        0.426430       -0.323202       -0.135602

     C   22        0.452901        0.320193        0.063227
     C   22        0.320193       -0.096055       -0.130431
     C   22        0.063227       -0.130431       -0.356847

     C   23       -0.558633       -0.179347       -0.089053
     C   23       -0.179347        0.506103       -0.160622
     C   23       -0.089053       -0.160622        0.052530

     Cl  24        0.198053        0.809795       -0.145526
     Cl  24        0.809795        2.761562       -0.010658
     Cl  24       -0.145526       -0.010658       -2.959614

     ----- total EFG (symmetrized) -----
     Cl   1       -0.053587       -1.313873        0.408577
     Cl   1       -1.313873        1.430261        2.043151
     Cl   1        0.408577        2.043151       -1.376674

     C    2       -0.529747        0.463022       -0.168378
     C    2        0.463022        0.529204        0.367614
     C    2       -0.168378        0.367614        0.000543

     C    3        0.422951       -0.140778        0.123459
     C    3       -0.140778       -0.238267       -0.151228
     C    3        0.123459       -0.151228       -0.184684

     H    4        0.295333        0.410521        0.553449
     H    4        0.410521       -0.290559       -0.248452
     H    4        0.553449       -0.248452       -0.004774

     C    5       -0.626550        0.271759       -0.269201
     C    5        0.271759        0.544839        0.333755
     C    5       -0.269201        0.333755        0.081711

     H    6       -0.207360        0.026824        0.263664
     H    6        0.026824        0.253691        0.260677
     H    6        0.263664        0.260677       -0.046331

     H    7       -0.066406       -0.005447        0.046347
     H    7       -0.005447       -0.114416       -0.341781
     H    7        0.046347       -0.341781        0.180823

     C    8        0.049030        0.330355       -0.117055
     C    8        0.330355        0.223171        0.282347
     C    8       -0.117055        0.282347       -0.272201

     H    9        0.332354        0.248132        0.374982
     H    9        0.248132       -0.549098       -0.068960
     H    9        0.374982       -0.068960        0.216744

     C   10       -0.522401       -0.008409        0.121060
     C   10       -0.008409        0.450872       -0.006006
     C   10        0.121060       -0.006006        0.071529

     C   11        0.089874        0.416595       -0.035226
     C   11        0.416595        0.203348        0.321989
     C   11       -0.035226        0.321989       -0.293222

     Cl  12       -0.927864        1.327209        0.612592
     Cl  12        1.327209        0.225806        2.235874
     Cl  12        0.612592        2.235874        0.702058

     H   13       -0.213155       -0.119013        0.081060
     H   13       -0.119013        0.221193        0.506660
     H   13        0.081060        0.506660       -0.008038

     C   14        0.488807       -0.130188        0.244814
     C   14       -0.130188       -0.103006        0.037044
     C   14        0.244814        0.037044       -0.385801

     H   15        0.583359       -0.085439        0.444330
     H   15       -0.085439       -0.497370        0.270926
     H   15        0.444330        0.270926       -0.085989

     C   16       -0.318268        0.006207       -0.050411
     C   16        0.006207        0.418082        0.307842
     C   16       -0.050411        0.307842       -0.099814

     C   17        0.268662       -0.100259        0.023435
     C   17       -0.100259        0.248842       -0.072198
     C   17        0.023435       -0.072198       -0.517503

     Cl  18       -0.263401       -1.767294       -0.443662
     Cl  18       -1.767294        1.546859        0.912642
     Cl  18       -0.443662        0.912642       -1.283458

     H   19        0.022315       -0.092896        0.013268
     H   19       -0.092896        0.644906       -0.517014
     H   19        0.013268       -0.517014       -0.667222

     C   20       -0.112545        0.027938        0.356237
     C   20        0.027938        0.206345       -0.411494
     C   20        0.356237       -0.411494       -0.093800

     H   21        0.593236       -0.141742        0.426430
     H   21       -0.141742       -0.457634       -0.323202
     H   21        0.426430       -0.323202       -0.135602

     C   22        0.452901        0.320193        0.063227
     C   22        0.320193       -0.096055       -0.130431
     C   22        0.063227       -0.130431       -0.356847

     C   23       -0.558633       -0.179347       -0.089053
     C   23       -0.179347        0.506103       -0.160622
     C   23       -0.089053       -0.160622        0.052530

     Cl  24        0.198053        0.809795       -0.145526
     Cl  24        0.809795        2.761562       -0.010658
     Cl  24       -0.145526       -0.010658       -2.959614


     NQR/NMR SPECTROSCOPIC PARAMETERS:
     Cl   1    Vxx=   -0.0340    axis=(  0.874137  0.132293  0.467314)
     Cl   1    Vyy=   -2.8183    axis=(  0.351450  0.491795 -0.796631)
     Cl   1    Vzz=    2.8523    axis=( -0.335212  0.860602  0.383402)
     Cl   1  Q=        -8.1650 1e-30 m^2  Cq=       -54.7191 MHz  eta= 0.97616

     C    2    Vxx=    0.0015    axis=( -0.453980 -0.205625  0.866961)
     C    2    Vyy=    0.8105    axis=( -0.265808 -0.897447 -0.352044)
     C    2    Vzz=   -0.8121    axis=(  0.850440 -0.390266  0.352766)
     C    2  Q=         1.0000 1e-30 m^2  Cq=        -1.9080 MHz  eta= 0.99625

     C    3    Vxx=   -0.1205    axis=( -0.320342 -0.579478  0.749391)
     C    3    Vyy=   -0.3663    axis=(  0.042061  0.781598  0.622363)
     C    3    Vzz=    0.4868    axis=(  0.946368 -0.230889  0.226005)
     C    3  Q=         1.0000 1e-30 m^2  Cq=         1.1437 MHz  eta= 0.50483

     H    4    Vxx=    0.0662    axis=(  0.244452  0.727636 -0.640929)
     H    4    Vyy=    0.7537    axis=(  0.821618  0.195600  0.535429)
     H    4    Vzz=   -0.8199    axis=( -0.514963  0.657485  0.550024)
     H    4  Q=         1.0000 1e-30 m^2  Cq=        -1.9265 MHz  eta= 0.83852

     C    5    Vxx=    0.0877    axis=( -0.442576 -0.342090  0.828916)
     C    5    Vyy=    0.7307    axis=( -0.096423 -0.900861 -0.423264)
     C    5    Vzz=   -0.8184    axis=(  0.891532 -0.267253  0.365714)
     C    5  Q=         1.0000 1e-30 m^2  Cq=        -1.9230 MHz  eta= 0.78568

     H    6    Vxx=   -0.0136    axis=(  0.631451 -0.572991  0.522447)
     H    6    Vyy=   -0.4323    axis=(  0.731603  0.216973 -0.646281)
     H    6    Vzz=    0.4459    axis=(  0.256957  0.790319  0.556210)
     H    6  Q=         1.0000 1e-30 m^2  Cq=         1.0476 MHz  eta= 0.93921

     H    7    Vxx=   -0.0685    axis=(  0.993211  0.112143 -0.030906)
     H    7    Vyy=   -0.3407    axis=( -0.076651  0.830796  0.551274)
     H    7    Vzz=    0.4092    axis=(  0.087498 -0.545162  0.833752)
     H    7  Q=         1.0000 1e-30 m^2  Cq=         0.9614 MHz  eta= 0.66535

     C    8    Vxx=    0.0078    axis=( -0.726185  0.308336  0.614478)
     C    8    Vyy=    0.5115    axis=( -0.530740 -0.819552 -0.215986)
     C    8    Vzz=   -0.5193    axis=(  0.437000 -0.482974  0.758793)
     C    8  Q=         1.0000 1e-30 m^2  Cq=        -1.2202 MHz  eta= 0.96992

     H    9    Vxx=   -0.0227    axis=( -0.548437 -0.357548  0.755894)
     H    9    Vyy=   -0.6490    axis=(  0.314303 -0.925830 -0.209889)
     H    9    Vzz=    0.6717    axis=(  0.774875  0.122469  0.620138)
     H    9  Q=         1.0000 1e-30 m^2  Cq=         1.5782 MHz  eta= 0.93240

     C   10    Vxx=    0.0951    axis=(  0.192067  0.021102  0.981155)
     C   10    Vyy=    0.4511    axis=(  0.011041 -0.999752  0.019341)
     C   10    Vzz=   -0.5462    axis=(  0.981320  0.007118 -0.192253)
     C   10  Q=         1.0000 1e-30 m^2  Cq=        -1.2833 MHz  eta= 0.65177

     C   11    Vxx=   -0.0779    axis=(  0.707668 -0.337562 -0.620692)
     C   11    Vyy=   -0.5455    axis=(  0.394930 -0.539456  0.743652)
     C   11    Vzz=    0.6235    axis=( -0.585864 -0.771388 -0.248443)
     C   11  Q=         1.0000 1e-30 m^2  Cq=         1.4649 MHz  eta= 0.74995

     Cl  12    Vxx=   -0.9933    axis=(  0.775297  0.232778 -0.587136)
     Cl  12    Vyy=   -2.1676    axis=(  0.546553 -0.713151  0.438970)
     Cl  12    Vzz=    3.1609    axis=( -0.316534 -0.661233 -0.680130)
     Cl  12  Q=        -8.1650 1e-30 m^2  Cq=       -60.6405 MHz  eta= 0.37151

     H   13    Vxx=   -0.1448    axis=(  0.888546 -0.246608  0.386872)
     H   13    Vyy=   -0.4834    axis=( -0.455898 -0.569093  0.684317)
     H   13    Vzz=    0.6282    axis=( -0.051408  0.784421  0.618094)
     H   13  Q=         1.0000 1e-30 m^2  Cq=         1.4761 MHz  eta= 0.53892

     C   14    Vxx=   -0.1097    axis=( -0.115302 -0.965908 -0.231792)
     C   14    Vyy=   -0.4633    axis=( -0.269121 -0.194245  0.943315)
     C   14    Vzz=    0.5729    axis=( -0.956180  0.171146 -0.237549)
     C   14  Q=         1.0000 1e-30 m^2  Cq=         1.3462 MHz  eta= 0.61721

     H   15    Vxx=   -0.1070    axis=(  0.388285 -0.581293 -0.715075)
     H   15    Vyy=   -0.6995    axis=(  0.238210  0.812896 -0.531465)
     H   15    Vzz=    0.8066    axis=( -0.890219 -0.036021 -0.454106)
     H   15  Q=         1.0000 1e-30 m^2  Cq=         1.8951 MHz  eta= 0.73462

     C   16    Vxx=   -0.2196    axis=( -0.438520 -0.387270  0.811001)
     C   16    Vyy=   -0.3421    axis=( -0.898544  0.171013 -0.404194)
     C   16    Vzz=    0.5617    axis=(  0.017841 -0.905967 -0.422972)
     C   16  Q=         1.0000 1e-30 m^2  Cq=         1.3197 MHz  eta= 0.21822

     C   17    Vxx=    0.1600    axis=(  0.683538  0.727920 -0.053923)
     C   17    Vyy=    0.3645    axis=( -0.729694  0.679645 -0.075026)
     C   17    Vzz=   -0.5245    axis=( -0.017964  0.090630  0.995723)
     C   17  Q=         1.0000 1e-30 m^2  Cq=        -1.2324 MHz  eta= 0.38972

     Cl  18    Vxx=   -1.3041    axis=(  0.836626  0.398216  0.376139)
     Cl  18    Vyy=   -1.5689    axis=( -0.218815 -0.386549  0.895935)
     Cl  18    Vzz=    2.8729    axis=( -0.502172  0.831867  0.236261)
     Cl  18  Q=        -8.1650 1e-30 m^2  Cq=       -55.1155 MHz  eta= 0.09217

     H   19    Vxx=    0.0122    axis=(  0.993412  0.099713 -0.056475)
     H   19    Vyy=    0.8346    axis=( -0.112710  0.939206 -0.324327)
     H   19    Vzz=   -0.8468    axis=(  0.020702  0.328556  0.944258)
     H   19  Q=         1.0000 1e-30 m^2  Cq=        -1.9897 MHz  eta= 0.97110

     C   20    Vxx=    0.0399    axis=(  0.768657  0.573155  0.284007)
     C   20    Vyy=    0.5526    axis=(  0.304698 -0.718464  0.625275)
     C   20    Vzz=   -0.5925    axis=(  0.562428 -0.394086 -0.726892)
     C   20  Q=         1.0000 1e-30 m^2  Cq=        -1.3922 MHz  eta= 0.86528

     H   21    Vxx=   -0.1767    axis=(  0.480457  0.546644 -0.685815)
     H   21    Vyy=   -0.6685    axis=( -0.103080  0.811762  0.574819)
     H   21    Vzz=    0.8452    axis=( -0.870940  0.205482 -0.446364)
     H   21  Q=         1.0000 1e-30 m^2  Cq=         1.9859 MHz  eta= 0.58182

     C   22    Vxx=   -0.1444    axis=( -0.343133  0.751428 -0.563575)
     C   22    Vyy=   -0.4557    axis=( -0.237575  0.511062  0.826059)
     C   22    Vzz=    0.6002    axis=( -0.908745 -0.417339 -0.003159)
     C   22  Q=         1.0000 1e-30 m^2  Cq=         1.4102 MHz  eta= 0.51866

     C   23    Vxx=    0.0322    axis=( -0.215365  0.239368  0.946742)
     C   23    Vyy=    0.5760    axis=( -0.129537  0.953923 -0.270650)
     C   23    Vzz=   -0.6082    axis=( -0.967904 -0.180927 -0.174435)
     C   23  Q=         1.0000 1e-30 m^2  Cq=        -1.4290 MHz  eta= 0.89419

     Cl  24    Vxx=   -0.0299    axis=(  0.959312 -0.278468 -0.046639)
     Cl  24    Vyy=   -2.9664    axis=(  0.047166 -0.004810  0.998875)
     Cl  24    Vzz=    2.9964    axis=( -0.278379 -0.960433  0.008520)
     Cl  24  Q=        -8.1650 1e-30 m^2  Cq=       -57.4839 MHz  eta= 0.98002

     Initialization:
     gipaw_setup  :      9.16s CPU     11.08s WALL (       1 calls)

     Linear response

     Apply operators

     Induced current

     Other routines
     efg          :     10.19s CPU     13.21s WALL (       1 calls)

     General routines
     calbec       :      3.34s CPU      4.49s WALL (      16 calls)
     fft          :      1.36s CPU      1.62s WALL (      15 calls)
     ffts         :      0.04s CPU      0.07s WALL (       2 calls)
     fftw         :      4.01s CPU      5.29s WALL (     672 calls)
     davcio       :      0.05s CPU      0.28s WALL (      32 calls)

     Parallel routines
     fft_scatter  :      2.42s CPU      3.75s WALL (     689 calls)

     Plugins

     GIPAW        :     62.58s CPU     73.50s WALL (       1 calls)
