
     Program QE v.6.0 (svn rev. 13079) starts on 12Jan2017 at 13:52: 5 

     This program is part of the open-source Quantum ESPRESSO suite
     for quantum simulation of materials; please cite
         "P. Giannozzi et al., J. Phys.:Condens. Matter 21 395502 (2009);
          URL http://www.quantum-espresso.org", 
     in publications or presentations arising from this work. More details at
     http://www.quantum-espresso.org/quote

     Parallel version (MPI), running on     8 processors
     R & G space division:  proc/nbgrp/npool/nimage =       8

     ***** This is GIPAW svn revision unknown      *****

     Parallelizing q-star over 1 images

     Reading data from directory:
     /users/majewski/paradichlorobenzene/pbe/9_constraint/scratch/pbe.ecut100.np8.dt60.pcl2phi-129368.save
     Message from routine read_xml_file:
     file /users/majewski/paradichlorobenzene/pbe/9_constraint/scratch/pbe.ecut100.np8.dt60.pcl2phi-129368.save not guaranteed to be safe for post-processing

   Info: using nr1, nr2, nr3 values from input

   Info: using nr1, nr2, nr3 values from input

     IMPORTANT: XC functional enforced from input :
     Exchange-correlation      =  SLA  PW   PBX  PBC ( 1  4  3  4 0 0)
     Any further DFT definition will be discarded
     Please, verify this is what you really want

               file C.pbe-n-kjpaw_psl.1.0.0.UPF: wavefunction(s)  2S 2P renormalized
               file Cl.pbe-n-kjpaw_psl.1.0.0.UPF: wavefunction(s)  3S 3P renormalized
               file H.pbe-kjpaw_psl.1.0.0.UPF: wavefunction(s)  1S renormalized

     Parallelization info
     --------------------
     sticks:   dense  smooth     PW     G-vecs:    dense   smooth      PW
     Min        3057    1223    332               144436    36536    5170
     Max        3059    1225    333               144437    36537    5171
     Sum       24467    9791   2657              1155489   292295   41363


     Subspace diagonalization in iterative solution of the eigenvalue problem:
     a serial algorithm will be used

     GIPAW projectors -----------------------------------------------
     atom=  C    l=0  rc=    1.2000  rs=    0.8000
     atom=  C    l=0  rc=    1.2000  rs=    0.8000
     atom=  C    l=1  rc=    1.4000  rs=    0.9333
     atom=  C    l=1  rc=    1.4000  rs=    0.9333
     projs nearly linearly dependent: l=1  n1,n2= 1, 2  s=  0.99951561

     atom=  Cl   l=0  rc=    1.6000  rs=    1.0667
     atom=  Cl   l=0  rc=    1.6000  rs=    1.0667
     atom=  Cl   l=1  rc=    1.6000  rs=    1.0667
     atom=  Cl   l=1  rc=    1.6000  rs=    1.0667
     atom=  Cl   l=2  rc=    1.6000  rs=    1.0667
     atom=  Cl   l=2  rc=    1.6000  rs=    1.0667
     projs nearly linearly dependent: l=2  n1,n2= 1, 2  s=  0.99993509

     atom=  H    l=0  rc=    1.0000  rs=    0.6667
     atom=  H    l=0  rc=    1.0000  rs=    0.6667
     projs nearly linearly dependent: l=0  n1,n2= 1, 2  s=  0.99968852
     -----------------------------------------------------------------

     GIPAW integrals: -------------------------------------------
     Atom  i/j   nmr_para   nmr_dia   epr_rmc  epr_para   epr_dia
       C   1 1   0.83E+03  0.17E-01  0.93E+01  0.24E+08  0.24E+03
       C   2 1   0.86E+03 -0.61E-01  0.94E+01  0.25E+08  0.25E+03
       C   2 2   0.90E+03 -0.15E+00  0.97E+01  0.26E+08  0.26E+03
       C   3 3   0.33E+01  0.34E+00  0.18E+01  0.55E+03  0.21E+02
       C   4 3   0.35E+01  0.37E+00  0.20E+01  0.59E+03  0.22E+02
       C   4 4   0.38E+01  0.39E+00  0.22E+01  0.63E+03  0.24E+02
       Cl  1 1   0.14E+04 -0.47E+00  0.84E+01  0.32E+09  0.42E+03
       Cl  2 1   0.21E+04 -0.37E+00  0.12E+02  0.49E+09  0.65E+03
       Cl  2 2   0.33E+04 -0.16E+00  0.21E+02  0.76E+09  0.10E+04
       Cl  3 3   0.21E+02  0.79E-01  0.89E+01  0.23E+05  0.13E+03
       Cl  4 3   0.24E+02  0.67E-01  0.99E+01  0.27E+05  0.15E+03
       Cl  4 4   0.28E+02  0.44E-01  0.11E+02  0.32E+05  0.18E+03
       Cl  5 5   0.77E+00  0.19E+00  0.18E+01  0.12E+03  0.22E+02
       Cl  6 5   0.80E+00  0.19E+00  0.19E+01  0.12E+03  0.23E+02
       Cl  6 6   0.83E+00  0.20E+00  0.19E+01  0.12E+03  0.23E+02
       H   1 1   0.39E+02  0.19E+00  0.29E+00  0.78E+05  0.13E+02
       H   2 1   0.41E+02  0.21E+00  0.32E+00  0.82E+05  0.14E+02
       H   2 2   0.43E+02  0.22E+00  0.36E+00  0.86E+05  0.15E+02
     ------------------------------------------------------------

     alpha_pv=     34.6371 eV

     Number of occupied bands for each k-point:
     k-point:     1    nbnd_occ=  42
     k-point:     2    nbnd_occ=  42
     k-point:     3    nbnd_occ=  42
     k-point:     4    nbnd_occ=  42
     k-point:     5    nbnd_occ=  42
     k-point:     6    nbnd_occ=  42
     k-point:     7    nbnd_occ=  42
     k-point:     8    nbnd_occ=  42
     k-point:     9    nbnd_occ=  42
     k-point:    10    nbnd_occ=  42
     k-point:    11    nbnd_occ=  42
     k-point:    12    nbnd_occ=  42
     k-point:    13    nbnd_occ=  42
     k-point:    14    nbnd_occ=  42
     k-point:    15    nbnd_occ=  42
     k-point:    16    nbnd_occ=  42


     q-space interpolation up to   110.00 Rydberg

     GIPAW job: efg                                                                             


     ELECTRIC FIELD GRADIENTS TENSORS IN Hartree/bohrradius^2:

     ----- bare term -----
     Cl   1       -0.004492        0.034644       -0.108680
     Cl   1        0.034644        0.064768        0.035873
     Cl   1       -0.108680        0.035873       -0.060276

     C    2       -0.177473        0.261070       -0.185141
     C    2        0.261070       -0.312611       -0.399921
     C    2       -0.185141       -0.399921        0.490084

     C    3       -0.048597        0.353960       -0.195167
     C    3        0.353960       -0.183842       -0.275809
     C    3       -0.195167       -0.275809        0.232440

     H    4        0.068610       -0.053713       -0.182820
     H    4       -0.053713        0.471721       -0.278207
     H    4       -0.182820       -0.278207       -0.540331

     C    5       -0.347194        0.213828       -0.485195
     C    5        0.213828        0.299686       -0.151905
     C    5       -0.485195       -0.151905        0.047508

     H    6       -0.186513        0.093397        0.146168
     H    6        0.093397       -0.063573       -0.495361
     H    6        0.146168       -0.495361        0.250086

     H    7        0.347570        0.355449       -0.067923
     H    7        0.355449       -0.669701        0.349512
     H    7       -0.067923        0.349512        0.322131

     C    8       -0.141160       -0.152320       -0.204253
     C    8       -0.152320       -0.028669        0.417146
     C    8       -0.204253        0.417146        0.169828

     H    9       -0.331791        0.557295       -0.129542
     H    9        0.557295       -0.039848       -0.026869
     H    9       -0.129542       -0.026869        0.371639

     C   10       -0.391409       -0.229441       -0.135207
     C   10       -0.229441        0.083026        0.188534
     C   10       -0.135207        0.188534        0.308384

     C   11       -0.027614        0.011244       -0.229029
     C   11        0.011244        0.036669        0.654430
     C   11       -0.229029        0.654430       -0.009055

     Cl  12        0.248017       -0.069572        0.168376
     Cl  12       -0.069572        0.094059       -0.499561
     Cl  12        0.168376       -0.499561       -0.342075

     H   13        0.322419        0.072255       -0.103455
     H   13        0.072255       -0.597235        0.152896
     H   13       -0.103455        0.152896        0.274816

     C   14       -0.049044       -0.205683       -0.310250
     C   14       -0.205683       -0.131291       -0.218897
     C   14       -0.310250       -0.218897        0.180335

     H   15       -0.002791       -0.259735       -0.321478
     H   15       -0.259735       -0.361733       -0.305535
     H   15       -0.321478       -0.305535        0.364524

     C   16       -0.648279        0.299283       -0.129345
     C   16        0.299283        0.168905       -0.123134
     C   16       -0.129345       -0.123134        0.479374

     C   17        0.167719        0.097739       -0.111782
     C   17        0.097739       -0.287604       -0.551306
     C   17       -0.111782       -0.551306        0.119885

     Cl  18        0.289833        0.260114       -0.062067
     Cl  18        0.260114        0.106388       -0.563763
     Cl  18       -0.062067       -0.563763       -0.396221

     H   19        0.344805       -0.099861       -0.269663
     H   19       -0.099861       -0.353212        0.461119
     H   19       -0.269663        0.461119        0.008408

     C   20       -0.849057       -0.371802       -0.331022
     C   20       -0.371802        0.505073        0.150838
     C   20       -0.331022        0.150838        0.343985

     H   21       -0.559146       -0.010253       -0.032309
     H   21       -0.010253        0.344501        0.357187
     H   21       -0.032309        0.357187        0.214645

     C   22        0.099918       -0.068059       -0.126766
     C   22       -0.068059       -0.506851        0.405569
     C   22       -0.126766        0.405569        0.406933

     C   23       -0.745307       -0.270617       -0.308574
     C   23       -0.270617        0.142254        0.061988
     C   23       -0.308574        0.061988        0.603053

     Cl  24        0.136959       -0.042559        0.109350
     Cl  24       -0.042559        0.165427        0.102835
     Cl  24        0.109350        0.102835       -0.302386

     ----- ionic term -----
     Cl   1        0.217950       -0.217747        0.056354
     Cl   1       -0.217747       -0.078953       -0.020650
     Cl   1        0.056354       -0.020650       -0.138997

     C    2        0.230988       -0.167033        0.278850
     C    2       -0.167033        0.081545        0.410849
     C    2        0.278850        0.410849       -0.312534

     C    3        0.094099       -0.244033        0.236299
     C    3       -0.244033        0.152851        0.377046
     C    3        0.236299        0.377046       -0.246950

     H    4        0.216282        0.417847        0.670812
     H    4        0.417847       -0.235561        0.436368
     H    4        0.670812        0.436368        0.019279

     C    5        0.146272       -0.161218        0.384774
     C    5       -0.161218        0.043375        0.298211
     C    5        0.384774        0.298211       -0.189647

     H    6       -0.543832       -0.082885       -0.021776
     H    6       -0.082885        0.792848        0.603511
     H    6       -0.021776        0.603511       -0.249016

     H    7       -0.491196       -0.212917        0.108701
     H    7       -0.212917        0.719843       -0.680224
     H    7        0.108701       -0.680224       -0.228647

     C    8        0.369962        0.035606        0.099649
     C    8        0.035606        0.016889       -0.335422
     C    8        0.099649       -0.335422       -0.386851

     H    9        0.587994       -0.284184        0.685816
     H    9       -0.284184       -0.514193       -0.237483
     H    9        0.685816       -0.237483       -0.073801

     C   10        0.174186        0.117945        0.099673
     C   10        0.117945        0.100172       -0.428548
     C   10        0.099673       -0.428548       -0.274359

     C   11        0.275578        0.050533        0.147009
     C   11        0.050533        0.045900       -0.445869
     C   11        0.147009       -0.445869       -0.321478

     Cl  12        0.100615        0.169125       -0.069440
     Cl  12        0.169125        0.005743       -0.042155
     Cl  12       -0.069440       -0.042155       -0.106358

     H   13       -0.517523       -0.028044       -0.006268
     H   13       -0.028044        0.910411        0.518364
     H   13       -0.006268        0.518364       -0.392888

     C   14        0.242996       -0.144213        0.349627
     C   14       -0.144213        0.144435        0.244078
     C   14        0.349627        0.244078       -0.387431

     H   15        0.509238        0.322143        0.706699
     H   15        0.322143       -0.337612        0.290982
     H   15        0.706699        0.290982       -0.171627

     C   16        0.122922       -0.290144        0.287944
     C   16       -0.290144        0.286596        0.298506
     C   16        0.287944        0.298506       -0.409518

     C   17        0.017573       -0.204057        0.461440
     C   17       -0.204057        0.224960        0.332830
     C   17        0.461440        0.332830       -0.242533

     Cl  18        0.139366       -0.204132        0.142565
     Cl  18       -0.204132       -0.001460       -0.081450
     Cl  18        0.142565       -0.081450       -0.137905

     H   19       -0.464360       -0.245966        0.150564
     H   19       -0.245966        0.588553       -0.734243
     H   19        0.150564       -0.734243       -0.124193

     C   20        0.392414        0.061629        0.141733
     C   20        0.061629       -0.064703       -0.372423
     C   20        0.141733       -0.372423       -0.327711

     H   21        0.648936       -0.364270        0.604664
     H   21       -0.364270       -0.408938       -0.278594
     H   21        0.604664       -0.278594       -0.239999

     C   22        0.142460        0.162087        0.032758
     C   22        0.162087        0.137136       -0.522646
     C   22        0.032758       -0.522646       -0.279596

     C   23        0.230303        0.116837        0.078714
     C   23        0.116837        0.120515       -0.490061
     C   23        0.078714       -0.490061       -0.350819

     Cl  24        0.145694        0.234082       -0.052699
     Cl  24        0.234082       -0.008379       -0.031319
     Cl  24       -0.052699       -0.031319       -0.137315

     ----- GIPAW term -----
     Cl   1       -0.281393       -1.192312        1.063839
     Cl   1       -1.192312       -1.265538        0.323173
     Cl   1        1.063839        0.323173        1.546932

     C    2       -0.097802       -0.035015       -0.006035
     C    2       -0.035015       -0.086940       -0.169292
     C    2       -0.006035       -0.169292        0.184742

     C    3       -0.022678        0.082368       -0.136842
     C    3        0.082368       -0.071288       -0.095051
     C    3       -0.136842       -0.095051        0.093965

     H    4       -0.000000        0.000000        0.000000
     H    4        0.000000        0.000000        0.000000
     H    4        0.000000        0.000000        0.000000

     C    5        0.080878        0.164854       -0.069569
     C    5        0.164854        0.038355       -0.010798
     C    5       -0.069569       -0.010798       -0.119233

     H    6       -0.000000        0.000000        0.000000
     H    6        0.000000        0.000000        0.000000
     H    6        0.000000        0.000000        0.000000

     H    7       -0.000000        0.000000        0.000000
     H    7        0.000000        0.000000        0.000000
     H    7        0.000000        0.000000        0.000000

     C    8       -0.108347       -0.060418       -0.006972
     C    8       -0.060418        0.213781       -0.001617
     C    8       -0.006972       -0.001617       -0.105433

     H    9       -0.000000        0.000000        0.000000
     H    9        0.000000        0.000000        0.000000
     H    9        0.000000        0.000000        0.000000

     C   10       -0.105563       -0.078356       -0.058268
     C   10       -0.078356        0.116051        0.101705
     C   10       -0.058268        0.101705       -0.010488

     C   11       -0.054219        0.007759       -0.055744
     C   11        0.007759        0.161549        0.190228
     C   11       -0.055744        0.190228       -0.107330

     Cl  12        0.174569        0.167509       -0.302749
     Cl  12        0.167509       -0.189104        0.036970
     Cl  12       -0.302749        0.036970        0.014535

     H   13       -0.000000        0.000000        0.000000
     H   13        0.000000        0.000000        0.000000
     H   13        0.000000        0.000000        0.000000

     C   14       -0.012383       -0.058233        0.004706
     C   14       -0.058233        0.022951       -0.077653
     C   14        0.004706       -0.077653       -0.010567

     H   15       -0.000000        0.000000        0.000000
     H   15        0.000000        0.000000        0.000000
     H   15        0.000000        0.000000        0.000000

     C   16       -0.132368       -0.076519       -0.001601
     C   16       -0.076519        0.184670       -0.006752
     C   16       -0.001601       -0.006752       -0.052302

     C   17       -0.050561        0.012299        0.034139
     C   17        0.012299        0.150590        0.118985
     C   17        0.034139        0.118985       -0.100029

     Cl  18        0.410105        0.086262        0.174804
     Cl  18        0.086262        0.006474       -0.626795
     Cl  18        0.174804       -0.626795       -0.416580

     H   19       -0.000000        0.000000        0.000000
     H   19        0.000000        0.000000        0.000000
     H   19        0.000000        0.000000        0.000000

     C   20       -0.233395       -0.036507       -0.027645
     C   20       -0.036507        0.320323        0.017137
     C   20       -0.027645        0.017137       -0.086928

     H   21       -0.000000        0.000000        0.000000
     H   21        0.000000        0.000000        0.000000
     H   21        0.000000        0.000000        0.000000

     C   22       -0.098082        0.041846       -0.033048
     C   22        0.041846       -0.015361       -0.176163
     C   22       -0.033048       -0.176163        0.113442

     C   23       -0.171369        0.052019       -0.075815
     C   23        0.052019       -0.020884       -0.153561
     C   23       -0.075815       -0.153561        0.192253

     Cl  24       -0.377161        1.079174       -0.263017
     Cl  24        1.079174       -0.901687       -0.421029
     Cl  24       -0.263017       -0.421029        1.278849

     ----- total EFG -----
     Cl   1       -0.067936       -1.375414        1.011513
     Cl   1       -1.375414       -1.279723        0.338396
     Cl   1        1.011513        0.338396        1.347659

     C    2       -0.044287        0.059022        0.087674
     C    2        0.059022       -0.318006       -0.158364
     C    2        0.087674       -0.158364        0.362293

     C    3        0.022824        0.192294       -0.095711
     C    3        0.192294       -0.102279        0.006187
     C    3       -0.095711        0.006187        0.079455

     H    4        0.284891        0.364134        0.487991
     H    4        0.364134        0.236160        0.158161
     H    4        0.487991        0.158161       -0.521052

     C    5       -0.120044        0.217464       -0.169990
     C    5        0.217464        0.381416        0.135509
     C    5       -0.169990        0.135509       -0.261372

     H    6       -0.730345        0.010512        0.124392
     H    6        0.010512        0.729275        0.108150
     H    6        0.124392        0.108150        0.001070

     H    7       -0.143626        0.142532        0.040778
     H    7        0.142532        0.050142       -0.330712
     H    7        0.040778       -0.330712        0.093484

     C    8        0.120455       -0.177133       -0.111576
     C    8       -0.177133        0.202001        0.080107
     C    8       -0.111576        0.080107       -0.322456

     H    9        0.256203        0.273111        0.556274
     H    9        0.273111       -0.554040       -0.264352
     H    9        0.556274       -0.264352        0.297838

     C   10       -0.322786       -0.189852       -0.093802
     C   10       -0.189852        0.299249       -0.138309
     C   10       -0.093802       -0.138309        0.023537

     C   11        0.193745        0.069536       -0.137764
     C   11        0.069536        0.244119        0.398789
     C   11       -0.137764        0.398789       -0.437863

     Cl  12        0.523200        0.267062       -0.203813
     Cl  12        0.267062       -0.089303       -0.504746
     Cl  12       -0.203813       -0.504746       -0.433898

     H   13       -0.195104        0.044211       -0.109723
     H   13        0.044211        0.313176        0.671260
     H   13       -0.109723        0.671260       -0.118072

     C   14        0.181568       -0.408128        0.044083
     C   14       -0.408128        0.036094       -0.052472
     C   14        0.044083       -0.052472       -0.217663

     H   15        0.506448        0.062408        0.385221
     H   15        0.062408       -0.699344       -0.014553
     H   15        0.385221       -0.014553        0.192897

     C   16       -0.657725       -0.067380        0.156999
     C   16       -0.067380        0.640170        0.168620
     C   16        0.156999        0.168620        0.017555

     C   17        0.134731       -0.094019        0.383798
     C   17       -0.094019        0.087947       -0.099491
     C   17        0.383798       -0.099491       -0.222678

     Cl  18        0.839304        0.142245        0.255301
     Cl  18        0.142245        0.111402       -1.272007
     Cl  18        0.255301       -1.272007       -0.950706

     H   19       -0.119555       -0.345826       -0.119098
     H   19       -0.345826        0.235340       -0.273124
     H   19       -0.119098       -0.273124       -0.115786

     C   20       -0.690039       -0.346679       -0.216934
     C   20       -0.346679        0.760693       -0.204448
     C   20       -0.216934       -0.204448       -0.070654

     H   21        0.089791       -0.374523        0.572355
     H   21       -0.374523       -0.064437        0.078593
     H   21        0.572355        0.078593       -0.025353

     C   22        0.144296        0.135875       -0.127056
     C   22        0.135875       -0.385076       -0.293239
     C   22       -0.127056       -0.293239        0.240779

     C   23       -0.686372       -0.101761       -0.305675
     C   23       -0.101761        0.241885       -0.581634
     C   23       -0.305675       -0.581634        0.444487

     Cl  24       -0.094508        1.270698       -0.206366
     Cl  24        1.270698       -0.744639       -0.349514
     Cl  24       -0.206366       -0.349514        0.839147

     ----- total EFG (symmetrized) -----
     Cl   1       -0.067936       -1.375414        1.011513
     Cl   1       -1.375414       -1.279723        0.338396
     Cl   1        1.011513        0.338396        1.347659

     C    2       -0.044287        0.059022        0.087674
     C    2        0.059022       -0.318006       -0.158364
     C    2        0.087674       -0.158364        0.362293

     C    3        0.022824        0.192294       -0.095711
     C    3        0.192294       -0.102279        0.006187
     C    3       -0.095711        0.006187        0.079455

     H    4        0.284891        0.364134        0.487991
     H    4        0.364134        0.236160        0.158161
     H    4        0.487991        0.158161       -0.521052

     C    5       -0.120044        0.217464       -0.169990
     C    5        0.217464        0.381416        0.135509
     C    5       -0.169990        0.135509       -0.261372

     H    6       -0.730345        0.010512        0.124392
     H    6        0.010512        0.729275        0.108150
     H    6        0.124392        0.108150        0.001070

     H    7       -0.143626        0.142532        0.040778
     H    7        0.142532        0.050142       -0.330712
     H    7        0.040778       -0.330712        0.093484

     C    8        0.120455       -0.177133       -0.111576
     C    8       -0.177133        0.202001        0.080107
     C    8       -0.111576        0.080107       -0.322456

     H    9        0.256203        0.273111        0.556274
     H    9        0.273111       -0.554040       -0.264352
     H    9        0.556274       -0.264352        0.297838

     C   10       -0.322786       -0.189852       -0.093802
     C   10       -0.189852        0.299249       -0.138309
     C   10       -0.093802       -0.138309        0.023537

     C   11        0.193745        0.069536       -0.137764
     C   11        0.069536        0.244119        0.398789
     C   11       -0.137764        0.398789       -0.437863

     Cl  12        0.523200        0.267062       -0.203813
     Cl  12        0.267062       -0.089303       -0.504746
     Cl  12       -0.203813       -0.504746       -0.433898

     H   13       -0.195104        0.044211       -0.109723
     H   13        0.044211        0.313176        0.671260
     H   13       -0.109723        0.671260       -0.118072

     C   14        0.181568       -0.408128        0.044083
     C   14       -0.408128        0.036094       -0.052472
     C   14        0.044083       -0.052472       -0.217663

     H   15        0.506448        0.062408        0.385221
     H   15        0.062408       -0.699344       -0.014553
     H   15        0.385221       -0.014553        0.192897

     C   16       -0.657725       -0.067380        0.156999
     C   16       -0.067380        0.640170        0.168620
     C   16        0.156999        0.168620        0.017555

     C   17        0.134731       -0.094019        0.383798
     C   17       -0.094019        0.087947       -0.099491
     C   17        0.383798       -0.099491       -0.222678

     Cl  18        0.839304        0.142245        0.255301
     Cl  18        0.142245        0.111402       -1.272007
     Cl  18        0.255301       -1.272007       -0.950706

     H   19       -0.119555       -0.345826       -0.119098
     H   19       -0.345826        0.235340       -0.273124
     H   19       -0.119098       -0.273124       -0.115786

     C   20       -0.690039       -0.346679       -0.216934
     C   20       -0.346679        0.760693       -0.204448
     C   20       -0.216934       -0.204448       -0.070654

     H   21        0.089791       -0.374523        0.572355
     H   21       -0.374523       -0.064437        0.078593
     H   21        0.572355        0.078593       -0.025353

     C   22        0.144296        0.135875       -0.127056
     C   22        0.135875       -0.385076       -0.293239
     C   22       -0.127056       -0.293239        0.240779

     C   23       -0.686372       -0.101761       -0.305675
     C   23       -0.101761        0.241885       -0.581634
     C   23       -0.305675       -0.581634        0.444487

     Cl  24       -0.094508        1.270698       -0.206366
     Cl  24        1.270698       -0.744639       -0.349514
     Cl  24       -0.206366       -0.349514        0.839147


     NQR/NMR SPECTROSCOPIC PARAMETERS:
     Cl   1    Vxx=    0.4516    axis=(  0.633813 -0.599149 -0.489185)
     Cl   1    Vyy=    1.9203    axis=( -0.522036  0.135325 -0.842120)
     Cl   1    Vzz=   -2.3719    axis=(  0.570754  0.789119 -0.227006)
     Cl   1  Q=        -8.1650 1e-30 m^2  Cq=        45.5033 MHz  eta= 0.61924

     C    2    Vxx=   -0.0379    axis=(  0.959129  0.262215 -0.106370)
     C    2    Vyy=   -0.3714    axis=( -0.232546  0.944588  0.231680)
     C    2    Vzz=    0.4093    axis=(  0.161225 -0.197475  0.966959)
     C    2  Q=         1.0000 1e-30 m^2  Cq=         0.9616 MHz  eta= 0.81491

     C    3    Vxx=    0.0458    axis=( -0.321663 -0.452440 -0.831764)
     C    3    Vyy=    0.2079    axis=( -0.729344 -0.441798  0.522372)
     C    3    Vzz=   -0.2537    axis=( -0.603813  0.774670 -0.187874)
     C    3  Q=         1.0000 1e-30 m^2  Cq=        -0.5960 MHz  eta= 0.63884

     H    4    Vxx=   -0.0449    axis=(  0.517178 -0.815714  0.259111)
     H    4    Vyy=   -0.7511    axis=(  0.430114 -0.014031 -0.902665)
     H    4    Vzz=    0.7961    axis=(  0.739952  0.578286  0.343593)
     H    4  Q=         1.0000 1e-30 m^2  Cq=         1.8704 MHz  eta= 0.88708

     C    5    Vxx=   -0.0264    axis=( -0.743506  0.182714  0.643284)
     C    5    Vyy=   -0.4430    axis=(  0.587909 -0.279830  0.758985)
     C    5    Vzz=    0.4694    axis=( -0.318687 -0.942502 -0.100636)
     C    5  Q=         1.0000 1e-30 m^2  Cq=         1.1029 MHz  eta= 0.88748

     H    6    Vxx=    0.0054    axis=(  0.162805 -0.148107  0.975479)
     H    6    Vyy=    0.7455    axis=(  0.019426  0.988959  0.146912)
     H    6    Vzz=   -0.7510    axis=( -0.986467 -0.004968  0.163885)
     H    6  Q=         1.0000 1e-30 m^2  Cq=        -1.7645 MHz  eta= 0.98559

     H    7    Vxx=   -0.0643    axis=( -0.822778 -0.324211 -0.466822)
     H    7    Vyy=   -0.3476    axis=( -0.554058  0.640636  0.531606)
     H    7    Vzz=    0.4119    axis=(  0.126711  0.696041 -0.706733)
     H    7  Q=         1.0000 1e-30 m^2  Cq=         0.9678 MHz  eta= 0.68765

     C    8    Vxx=   -0.0166    axis=(  0.753498  0.649030 -0.104883)
     C    8    Vyy=   -0.3518    axis=( -0.201929  0.076645 -0.976397)
     C    8    Vzz=    0.3684    axis=( -0.625672  0.756892  0.188810)
     C    8  Q=         1.0000 1e-30 m^2  Cq=         0.8656 MHz  eta= 0.90995

     H    9    Vxx=   -0.0127    axis=( -0.589840 -0.574665  0.567317)
     H    9    Vyy=   -0.8209    axis=( -0.413564  0.818389  0.399005)
     H    9    Vzz=    0.8337    axis=(  0.693580 -0.000727  0.720379)
     H    9  Q=         1.0000 1e-30 m^2  Cq=         1.9588 MHz  eta= 0.96942

     C   10    Vxx=    0.0281    axis=( -0.358198  0.212896  0.909049)
     C   10    Vyy=    0.3866    axis=( -0.209319  0.930558 -0.300413)
     C   10    Vzz=   -0.4147    axis=( -0.909879 -0.297888 -0.288761)
     C   10  Q=         1.0000 1e-30 m^2  Cq=        -0.9744 MHz  eta= 0.86445

     C   11    Vxx=    0.2218    axis=(  0.983348  0.051321 -0.174337)
     C   11    Vyy=    0.4280    axis=(  0.026066  0.909550  0.414777)
     C   11    Vzz=   -0.6498    axis=(  0.179855 -0.412414  0.893066)
     C   11  Q=         1.0000 1e-30 m^2  Cq=        -1.5267 MHz  eta= 0.31730

     Cl  12    Vxx=    0.0390    axis=( -0.569717  0.672546 -0.472340)
     Cl  12    Vyy=    0.7561    axis=(  0.821796  0.460201 -0.335956)
     Cl  12    Vzz=   -0.7950    axis=(  0.008575  0.579567  0.814880)
     Cl  12  Q=        -8.1650 1e-30 m^2  Cq=        15.2523 MHz  eta= 0.90199

     H   13    Vxx=   -0.1662    axis=( -0.967441 -0.171470  0.186161)
     H   13    Vyy=   -0.6373    axis=(  0.251404 -0.566129  0.785044)
     H   13    Vzz=    0.8034    axis=(  0.029221 -0.806285 -0.590805)
     H   13  Q=         1.0000 1e-30 m^2  Cq=         1.8878 MHz  eta= 0.58639

     C   14    Vxx=   -0.2221    axis=( -0.158661 -0.050411  0.986045)
     C   14    Vyy=   -0.3074    axis=(  0.626990  0.766332  0.140065)
     C   14    Vzz=    0.5295    axis=( -0.762699  0.640464 -0.089980)
     C   14  Q=         1.0000 1e-30 m^2  Cq=         1.2441 MHz  eta= 0.16118

     H   15    Vxx=   -0.0628    axis=( -0.553437 -0.073227  0.829665)
     H   15    Vyy=   -0.7041    axis=(  0.065490 -0.996869 -0.044299)
     H   15    Vzz=    0.7669    axis=(  0.830312  0.029818  0.556501)
     H   15  Q=         1.0000 1e-30 m^2  Cq=         1.8019 MHz  eta= 0.83626

     C   16    Vxx=    0.0170    axis=( -0.242256  0.228904 -0.942823)
     C   16    Vyy=    0.6835    axis=( -0.020554  0.970341  0.240866)
     C   16    Vzz=   -0.7004    axis=( -0.969995 -0.077729  0.230366)
     C   16  Q=         1.0000 1e-30 m^2  Cq=        -1.6457 MHz  eta= 0.95158

     C   17    Vxx=    0.0385    axis=(  0.338372  0.930090  0.142958)
     C   17    Vyy=    0.4310    axis=( -0.778723  0.362055 -0.512354)
     C   17    Vzz=   -0.4694    axis=( -0.528294  0.062041  0.846792)
     C   17  Q=         1.0000 1e-30 m^2  Cq=        -1.1029 MHz  eta= 0.83618

     Cl  18    Vxx=    0.8654    axis=(  0.965147  0.257826 -0.044905)
     Cl  18    Vyy=    0.9644    axis=( -0.238151  0.794106 -0.559178)
     Cl  18    Vzz=   -1.8299    axis=( -0.108511  0.550384  0.827830)
     Cl  18  Q=        -8.1650 1e-30 m^2  Cq=        35.1050 MHz  eta= 0.05411

     H   19    Vxx=   -0.0007    axis=(  0.638088  0.045491 -0.768618)
     H   19    Vyy=   -0.4995    axis=(  0.644913  0.513769  0.565799)
     H   19    Vzz=    0.5003    axis=( -0.420631  0.856722 -0.298492)
     H   19  Q=         1.0000 1e-30 m^2  Cq=         1.1755 MHz  eta= 0.99701

     C   20    Vxx=   -0.0107    axis=( -0.345328  0.092334  0.933929)
     C   20    Vyy=   -0.8542    axis=(  0.918559  0.237217  0.316192)
     C   20    Vzz=    0.8649    axis=( -0.192349  0.967059 -0.166732)
     C   20  Q=         1.0000 1e-30 m^2  Cq=         2.0322 MHz  eta= 0.97536

     H   21    Vxx=    0.0197    axis=(  0.070639 -0.830696 -0.552226)
     H   21    Vyy=    0.6831    axis=( -0.754506  0.317627 -0.574311)
     H   21    Vzz=   -0.7028    axis=(  0.652480  0.457227 -0.604329)
     H   21  Q=         1.0000 1e-30 m^2  Cq=        -1.6512 MHz  eta= 0.94406

     C   22    Vxx=    0.0603    axis=(  0.863307 -0.066055  0.500337)
     C   22    Vyy=    0.4509    axis=(  0.488491  0.358446 -0.795546)
     C   22    Vzz=   -0.5112    axis=( -0.126794  0.931211  0.341716)
     C   22  Q=         1.0000 1e-30 m^2  Cq=        -1.2011 MHz  eta= 0.76422

     C   23    Vxx=   -0.1201    axis=( -0.419144  0.736129  0.531444)
     C   23    Vyy=   -0.8315    axis=(  0.901673  0.268955  0.338598)
     C   23    Vzz=    0.9516    axis=( -0.106318 -0.621110  0.776479)
     C   23  Q=         1.0000 1e-30 m^2  Cq=         2.2359 MHz  eta= 0.74762

     Cl  24    Vxx=    0.4927    axis=( -0.571762 -0.382111 -0.726003)
     Cl  24    Vyy=    1.2474    axis=(  0.553622  0.473367 -0.685147)
     Cl  24    Vzz=   -1.7400    axis=( -0.605468  0.793672  0.059108)
     Cl  24  Q=        -8.1650 1e-30 m^2  Cq=        33.3819 MHz  eta= 0.43373

     Initialization:
     gipaw_setup  :      9.08s CPU     11.04s WALL (       1 calls)

     Linear response

     Apply operators

     Induced current

     Other routines
     efg          :      9.42s CPU     11.76s WALL (       1 calls)

     General routines
     calbec       :      3.36s CPU      4.42s WALL (      16 calls)
     fft          :      1.68s CPU      2.79s WALL (      15 calls)
     ffts         :      0.04s CPU      0.04s WALL (       2 calls)
     fftw         :      3.26s CPU      4.01s WALL (     672 calls)
     davcio       :      0.01s CPU      0.33s WALL (      32 calls)

     Parallel routines
     fft_scatter  :      2.35s CPU      4.00s WALL (     689 calls)

     Plugins

     GIPAW        :     61.28s CPU     73.06s WALL (       1 calls)
