
     Program QE v.6.0 (svn rev. 13079) starts on 25Dec2016 at 13:12: 3 

     This program is part of the open-source Quantum ESPRESSO suite
     for quantum simulation of materials; please cite
         "P. Giannozzi et al., J. Phys.:Condens. Matter 21 395502 (2009);
          URL http://www.quantum-espresso.org", 
     in publications or presentations arising from this work. More details at
     http://www.quantum-espresso.org/quote

     Parallel version (MPI), running on     8 processors
     R & G space division:  proc/nbgrp/npool/nimage =       8

     ***** This is GIPAW svn revision unknown      *****

     Parallelizing q-star over 1 images

     Reading data from directory:
     /users/majewski/paradichlorobenzene/pbe/9_constraint/scratch/pbe.ecut100.np8.dt60.pcl2phi-129368.save
     Message from routine read_xml_file:
     file /users/majewski/paradichlorobenzene/pbe/9_constraint/scratch/pbe.ecut100.np8.dt60.pcl2phi-129368.save not guaranteed to be safe for post-processing

   Info: using nr1, nr2, nr3 values from input

   Info: using nr1, nr2, nr3 values from input

     IMPORTANT: XC functional enforced from input :
     Exchange-correlation      =  SLA  PW   PBX  PBC ( 1  4  3  4 0 0)
     Any further DFT definition will be discarded
     Please, verify this is what you really want

               file C.pbe-n-kjpaw_psl.1.0.0.UPF: wavefunction(s)  2S 2P renormalized
               file Cl.pbe-n-kjpaw_psl.1.0.0.UPF: wavefunction(s)  3S 3P renormalized
               file H.pbe-kjpaw_psl.1.0.0.UPF: wavefunction(s)  1S renormalized

     Parallelization info
     --------------------
     sticks:   dense  smooth     PW     G-vecs:    dense   smooth      PW
     Min        3057    1223    332               144436    36536    5170
     Max        3059    1225    333               144437    36537    5171
     Sum       24467    9791   2657              1155489   292295   41363


     Subspace diagonalization in iterative solution of the eigenvalue problem:
     a serial algorithm will be used

     GIPAW projectors -----------------------------------------------
     atom=  C    l=0  rc=    1.2000  rs=    0.8000
     atom=  C    l=0  rc=    1.2000  rs=    0.8000
     atom=  C    l=1  rc=    1.4000  rs=    0.9333
     atom=  C    l=1  rc=    1.4000  rs=    0.9333
     projs nearly linearly dependent: l=1  n1,n2= 1, 2  s=  0.99951561

     atom=  Cl   l=0  rc=    1.6000  rs=    1.0667
     atom=  Cl   l=0  rc=    1.6000  rs=    1.0667
     atom=  Cl   l=1  rc=    1.6000  rs=    1.0667
     atom=  Cl   l=1  rc=    1.6000  rs=    1.0667
     atom=  Cl   l=2  rc=    1.6000  rs=    1.0667
     atom=  Cl   l=2  rc=    1.6000  rs=    1.0667
     projs nearly linearly dependent: l=2  n1,n2= 1, 2  s=  0.99993509

     atom=  H    l=0  rc=    1.0000  rs=    0.6667
     atom=  H    l=0  rc=    1.0000  rs=    0.6667
     projs nearly linearly dependent: l=0  n1,n2= 1, 2  s=  0.99968852
     -----------------------------------------------------------------

     GIPAW integrals: -------------------------------------------
     Atom  i/j   nmr_para   nmr_dia   epr_rmc  epr_para   epr_dia
       C   1 1   0.83E+03  0.17E-01  0.93E+01  0.24E+08  0.24E+03
       C   2 1   0.86E+03 -0.61E-01  0.94E+01  0.25E+08  0.25E+03
       C   2 2   0.90E+03 -0.15E+00  0.97E+01  0.26E+08  0.26E+03
       C   3 3   0.33E+01  0.34E+00  0.18E+01  0.55E+03  0.21E+02
       C   4 3   0.35E+01  0.37E+00  0.20E+01  0.59E+03  0.22E+02
       C   4 4   0.38E+01  0.39E+00  0.22E+01  0.63E+03  0.24E+02
       Cl  1 1   0.14E+04 -0.47E+00  0.84E+01  0.32E+09  0.42E+03
       Cl  2 1   0.21E+04 -0.37E+00  0.12E+02  0.49E+09  0.65E+03
       Cl  2 2   0.33E+04 -0.16E+00  0.21E+02  0.76E+09  0.10E+04
       Cl  3 3   0.21E+02  0.79E-01  0.89E+01  0.23E+05  0.13E+03
       Cl  4 3   0.24E+02  0.67E-01  0.99E+01  0.27E+05  0.15E+03
       Cl  4 4   0.28E+02  0.44E-01  0.11E+02  0.32E+05  0.18E+03
       Cl  5 5   0.77E+00  0.19E+00  0.18E+01  0.12E+03  0.22E+02
       Cl  6 5   0.80E+00  0.19E+00  0.19E+01  0.12E+03  0.23E+02
       Cl  6 6   0.83E+00  0.20E+00  0.19E+01  0.12E+03  0.23E+02
       H   1 1   0.39E+02  0.19E+00  0.29E+00  0.78E+05  0.13E+02
       H   2 1   0.41E+02  0.21E+00  0.32E+00  0.82E+05  0.14E+02
       H   2 2   0.43E+02  0.22E+00  0.36E+00  0.86E+05  0.15E+02
     ------------------------------------------------------------

     alpha_pv=     34.1159 eV

     Number of occupied bands for each k-point:
     k-point:     1    nbnd_occ=  42
     k-point:     2    nbnd_occ=  42
     k-point:     3    nbnd_occ=  42
     k-point:     4    nbnd_occ=  42
     k-point:     5    nbnd_occ=  42
     k-point:     6    nbnd_occ=  42
     k-point:     7    nbnd_occ=  42
     k-point:     8    nbnd_occ=  42
     k-point:     9    nbnd_occ=  42
     k-point:    10    nbnd_occ=  42
     k-point:    11    nbnd_occ=  42
     k-point:    12    nbnd_occ=  42
     k-point:    13    nbnd_occ=  42
     k-point:    14    nbnd_occ=  42
     k-point:    15    nbnd_occ=  42
     k-point:    16    nbnd_occ=  42


     q-space interpolation up to   110.00 Rydberg

     GIPAW job: efg                                                                             


     ELECTRIC FIELD GRADIENTS TENSORS IN Hartree/bohrradius^2:

     ----- bare term -----
     Cl   1       -0.026061       -0.050070       -0.019966
     Cl   1       -0.050070        0.156505        0.035999
     Cl   1       -0.019966        0.035999       -0.130444

     C    2       -0.416015        0.382000       -0.205052
     C    2        0.382000        0.034617       -0.319132
     C    2       -0.205052       -0.319132        0.381398

     C    3        0.137527       -0.040788       -0.203919
     C    3       -0.040788       -0.096558       -0.341919
     C    3       -0.203919       -0.341919       -0.040969

     H    4        0.112992       -0.024060       -0.445357
     H    4       -0.024060        0.345911        0.176019
     H    4       -0.445357        0.176019       -0.458903

     C    5       -0.452569        0.310802       -0.011606
     C    5        0.310802        0.211095       -0.182457
     C    5       -0.011606       -0.182457        0.241474

     H    6        0.543657        0.009366       -0.058088
     H    6        0.009366       -0.003092       -0.193062
     H    6       -0.058088       -0.193062       -0.540566

     H    7        0.195967        0.333780       -0.281818
     H    7        0.333780       -0.222702        0.498189
     H    7       -0.281818        0.498189        0.026735

     C    8        0.027392       -0.250634        0.024291
     C    8       -0.250634       -0.238735        0.384022
     C    8        0.024291        0.384022        0.211343

     H    9       -0.354645        0.564387       -0.229642
     H    9        0.564387       -0.014549        0.117946
     H    9       -0.229642        0.117946        0.369194

     C   10       -0.547620       -0.310810       -0.315581
     C   10       -0.310810        0.212826        0.064483
     C   10       -0.315581        0.064483        0.334793

     C   11        0.114132       -0.000567       -0.210134
     C   11       -0.000567       -0.028303        0.612011
     C   11       -0.210134        0.612011       -0.085829

     Cl  12       -0.201807       -0.181241       -0.010602
     Cl  12       -0.181241        0.153059       -0.055478
     Cl  12       -0.010602       -0.055478        0.048747

     H   13        0.400166       -0.325118        0.040670
     H   13       -0.325118       -0.756634       -0.031475
     H   13        0.040670       -0.031475        0.356468

     C   14       -0.161030       -0.062237       -0.256666
     C   14       -0.062237        0.005109       -0.458504
     C   14       -0.256666       -0.458504        0.155921

     H   15       -0.285561       -0.470276       -0.267409
     H   15       -0.470276       -0.057411       -0.032786
     H   15       -0.267409       -0.032786        0.342972

     C   16       -0.513141        0.312642       -0.081147
     C   16        0.312642        0.128503       -0.348394
     C   16       -0.081147       -0.348394        0.384638

     C   17       -0.028473       -0.252172       -0.350064
     C   17       -0.252172       -0.003519       -0.686440
     C   17       -0.350064       -0.686440        0.031992

     Cl  18       -0.267431        0.254889       -0.041243
     Cl  18        0.254889        0.076860        0.025376
     Cl  18       -0.041243        0.025376        0.190572

     H   19        0.237408       -0.005739       -0.077746
     H   19       -0.005739       -0.521307        0.636614
     H   19       -0.077746        0.636614        0.283898

     C   20       -0.947600       -0.390881       -0.435362
     C   20       -0.390881        0.503418        0.021218
     C   20       -0.435362        0.021218        0.444182

     H   21       -0.520817       -0.018279       -0.037414
     H   21       -0.018279        0.301203        0.416127
     H   21       -0.037414        0.416127        0.219614

     C   22        0.199262       -0.221740       -0.049050
     C   22       -0.221740       -0.438199        0.576411
     C   22       -0.049050        0.576411        0.238937

     C   23       -0.643683       -0.421049       -0.412487
     C   23       -0.421049        0.283238        0.035372
     C   23       -0.412487        0.035372        0.360445

     Cl  24       -0.045254       -0.088663        0.066960
     Cl  24       -0.088663        0.061542       -0.134847
     Cl  24        0.066960       -0.134847       -0.016288

     ----- ionic term -----
     Cl   1        0.134374       -0.208402       -0.039489
     Cl   1       -0.208402       -0.015217        0.027153
     Cl   1       -0.039489        0.027153       -0.119156

     C    2        0.168398       -0.166263        0.198808
     C    2       -0.166263        0.064381        0.447583
     C    2        0.198808        0.447583       -0.232779

     C    3        0.063932       -0.201576        0.222793
     C    3       -0.201576        0.133758        0.416007
     C    3        0.222793        0.416007       -0.197690

     H    4        0.326892        0.334382        0.748465
     H    4        0.334382       -0.380563        0.345853
     H    4        0.748465        0.345853        0.053671

     C    5        0.228606       -0.192135        0.322226
     C    5       -0.192135        0.011229        0.306651
     C    5        0.322226        0.306651       -0.239835

     H    6       -0.532693        0.034308        0.055696
     H    6        0.034308        0.564107        0.761501
     H    6        0.055696        0.761501       -0.031413

     H    7       -0.496742       -0.162893        0.146110
     H    7       -0.162893        0.333624       -0.789238
     H    7        0.146110       -0.789238        0.163119

     C    8        0.311735        0.144391        0.244804
     C    8        0.144391       -0.010732       -0.335641
     C    8        0.244804       -0.335641       -0.301003

     H    9        0.711648       -0.269560        0.621396
     H    9       -0.269560       -0.472033       -0.202753
     H    9        0.621396       -0.202753       -0.239616

     C   10        0.203293        0.186048        0.187366
     C   10        0.186048        0.129660       -0.394809
     C   10        0.187366       -0.394809       -0.332953

     C   11        0.240334        0.025718        0.294359
     C   11        0.025718        0.109216       -0.392842
     C   11        0.294359       -0.392842       -0.349550

     Cl  12        0.071754        0.169401        0.018551
     Cl  12        0.169401        0.065964        0.010645
     Cl  12        0.018551        0.010645       -0.137718

     H   13       -0.470958        0.211868        0.115871
     H   13        0.211868        0.640962        0.677292
     H   13        0.115871        0.677292       -0.170004

     C   14        0.274010       -0.158134        0.264942
     C   14       -0.158134        0.057576        0.292425
     C   14        0.264942        0.292425       -0.331587

     H   15        0.612260        0.235299        0.709504
     H   15        0.235299       -0.454485        0.219329
     H   15        0.709504        0.219329       -0.157775

     C   16        0.135795       -0.205089        0.232060
     C   16       -0.205089        0.194945        0.390215
     C   16        0.232060        0.390215       -0.330741

     C   17        0.124659       -0.155859        0.386370
     C   17       -0.155859        0.154296        0.381369
     C   17        0.386370        0.381369       -0.278955

     Cl  18        0.114146       -0.208440        0.049110
     Cl  18       -0.208440        0.054507       -0.021600
     Cl  18        0.049110       -0.021600       -0.168653

     H   19       -0.467717       -0.272019        0.139912
     H   19       -0.272019        0.729680       -0.630691
     H   19        0.139912       -0.630691       -0.261963

     C   20        0.349048        0.100577        0.229329
     C   20        0.100577        0.100450       -0.324512
     C   20        0.229329       -0.324512       -0.449498

     H   21        0.795412       -0.445232        0.415635
     H   21       -0.445232       -0.308485       -0.210815
     H   21        0.415635       -0.210815       -0.486927

     C   22        0.168206        0.197792        0.101590
     C   22        0.197792        0.288928       -0.429192
     C   22        0.101590       -0.429192       -0.457133

     C   23        0.243181        0.147462        0.236878
     C   23        0.147462        0.156235       -0.417669
     C   23        0.236878       -0.417669       -0.399416

     Cl  24        0.178269        0.231050       -0.005323
     Cl  24        0.231050       -0.017761       -0.013059
     Cl  24       -0.005323       -0.013059       -0.160508

     ----- GIPAW term -----
     Cl   1        0.297540       -2.385263       -0.154612
     Cl   1       -2.385263        2.292489        0.362750
     Cl   1       -0.154612        0.362750       -2.590029

     C    2       -0.120054       -0.026786       -0.004684
     C    2       -0.026786        0.118922       -0.173776
     C    2       -0.004684       -0.173776        0.001132

     C    3       -0.037491       -0.044995       -0.004313
     C    3       -0.044995        0.047331       -0.087514
     C    3       -0.004313       -0.087514       -0.009839

     H    4       -0.000000        0.000000        0.000000
     H    4        0.000000        0.000000        0.000000
     H    4        0.000000        0.000000        0.000000

     C    5       -0.110101       -0.017471        0.043040
     C    5       -0.017471        0.101991       -0.113614
     C    5        0.043040       -0.113614        0.008111

     H    6       -0.000000        0.000000        0.000000
     H    6        0.000000        0.000000        0.000000
     H    6        0.000000        0.000000        0.000000

     H    7       -0.000000        0.000000        0.000000
     H    7        0.000000        0.000000        0.000000
     H    7        0.000000        0.000000        0.000000

     C    8       -0.042686       -0.125581        0.056216
     C    8       -0.125581        0.125574       -0.018853
     C    8        0.056216       -0.018853       -0.082888

     H    9       -0.000000        0.000000        0.000000
     H    9        0.000000        0.000000        0.000000
     H    9        0.000000        0.000000        0.000000

     C   10       -0.095501       -0.146752       -0.042566
     C   10       -0.146752        0.163478       -0.031378
     C   10       -0.042566       -0.031378       -0.067977

     C   11       -0.039684        0.003179       -0.023817
     C   11        0.003179        0.214447        0.056319
     C   11       -0.023817        0.056319       -0.174763

     Cl  12        0.118063        1.385930       -0.108612
     Cl  12        1.385930        1.474920       -0.541918
     Cl  12       -0.108612       -0.541918       -1.592983

     H   13       -0.000000        0.000000        0.000000
     H   13        0.000000        0.000000        0.000000
     H   13        0.000000        0.000000        0.000000

     C   14       -0.097860       -0.021144       -0.018752
     C   14       -0.021144        0.151046       -0.201771
     C   14       -0.018752       -0.201771       -0.053186

     H   15       -0.000000        0.000000        0.000000
     H   15        0.000000        0.000000        0.000000
     H   15        0.000000        0.000000        0.000000

     C   16       -0.190497        0.028400       -0.009961
     C   16        0.028400        0.189740       -0.174003
     C   16       -0.009961       -0.174003        0.000757

     C   17       -0.047938       -0.138746       -0.018934
     C   17       -0.138746        0.135381       -0.178708
     C   17       -0.018934       -0.178708       -0.087443

     Cl  18        0.253156       -2.198026       -0.456443
     Cl  18       -2.198026        1.128113        0.459987
     Cl  18       -0.456443        0.459987       -1.381269

     H   19       -0.000000        0.000000        0.000000
     H   19        0.000000        0.000000        0.000000
     H   19        0.000000        0.000000        0.000000

     C   20       -0.231412       -0.042588       -0.038450
     C   20       -0.042588        0.277586       -0.126527
     C   20       -0.038450       -0.126527       -0.046174

     H   21       -0.000000        0.000000        0.000000
     H   21        0.000000        0.000000        0.000000
     H   21        0.000000        0.000000        0.000000

     C   22       -0.079866       -0.041749        0.036915
     C   22       -0.041749        0.116773       -0.127055
     C   22        0.036915       -0.127055       -0.036907

     C   23       -0.079190       -0.115978        0.009628
     C   23       -0.115978        0.153594       -0.105716
     C   23        0.009628       -0.105716       -0.074404

     Cl  24        0.235557        0.630145        0.772319
     Cl  24        0.630145        1.204249       -1.803276
     Cl  24        0.772319       -1.803276       -1.439806

     ----- total EFG -----
     Cl   1        0.405852       -2.643734       -0.214067
     Cl   1       -2.643734        2.433777        0.425902
     Cl   1       -0.214067        0.425902       -2.839629

     C    2       -0.367671        0.188951       -0.010927
     C    2        0.188951        0.217920       -0.045325
     C    2       -0.010927       -0.045325        0.149751

     C    3        0.163968       -0.287358        0.014562
     C    3       -0.287358        0.084531       -0.013426
     C    3        0.014562       -0.013426       -0.248498

     H    4        0.439885        0.310323        0.303108
     H    4        0.310323       -0.034652        0.521872
     H    4        0.303108        0.521872       -0.405232

     C    5       -0.334065        0.101196        0.353660
     C    5        0.101196        0.324315        0.010581
     C    5        0.353660        0.010581        0.009750

     H    6        0.010964        0.043674       -0.002392
     H    6        0.043674        0.561015        0.568438
     H    6       -0.002392        0.568438       -0.571979

     H    7       -0.300776        0.170887       -0.135707
     H    7        0.170887        0.110922       -0.291050
     H    7       -0.135707       -0.291050        0.189854

     C    8        0.296441       -0.231824        0.325311
     C    8       -0.231824       -0.123893        0.029528
     C    8        0.325311        0.029528       -0.172548

     H    9        0.357004        0.294827        0.391754
     H    9        0.294827       -0.486581       -0.084807
     H    9        0.391754       -0.084807        0.129578

     C   10       -0.439827       -0.271514       -0.170781
     C   10       -0.271514        0.505964       -0.361704
     C   10       -0.170781       -0.361704       -0.066136

     C   11        0.314782        0.028330        0.060408
     C   11        0.028330        0.295360        0.275488
     C   11        0.060408        0.275488       -0.610142

     Cl  12       -0.011990        1.374089       -0.100663
     Cl  12        1.374089        1.693943       -0.586752
     Cl  12       -0.100663       -0.586752       -1.681953

     H   13       -0.070792       -0.113250        0.156541
     H   13       -0.113250       -0.115672        0.645817
     H   13        0.156541        0.645817        0.186464

     C   14        0.015121       -0.241515       -0.010476
     C   14       -0.241515        0.213731       -0.367850
     C   14       -0.010476       -0.367850       -0.228852

     H   15        0.326698       -0.234977        0.442095
     H   15       -0.234977       -0.511896        0.186543
     H   15        0.442095        0.186543        0.185197

     C   16       -0.567843        0.135953        0.140952
     C   16        0.135953        0.513188       -0.132182
     C   16        0.140952       -0.132182        0.054655

     C   17        0.048248       -0.546776        0.017372
     C   17       -0.546776        0.286158       -0.483779
     C   17        0.017372       -0.483779       -0.334406

     Cl  18        0.099871       -2.151576       -0.448576
     Cl  18       -2.151576        1.259480        0.463763
     Cl  18       -0.448576        0.463763       -1.359351

     H   19       -0.230309       -0.277758        0.062167
     H   19       -0.277758        0.208373        0.005923
     H   19        0.062167        0.005923        0.021936

     C   20       -0.829964       -0.332892       -0.244482
     C   20       -0.332892        0.881454       -0.429820
     C   20       -0.244482       -0.429820       -0.051490

     H   21        0.274595       -0.463511        0.378221
     H   21       -0.463511       -0.007282        0.205312
     H   21        0.378221        0.205312       -0.267313

     C   22        0.287602       -0.065696        0.089456
     C   22       -0.065696       -0.032498        0.020163
     C   22        0.089456        0.020163       -0.255104

     C   23       -0.479692       -0.389564       -0.165981
     C   23       -0.389564        0.593067       -0.488014
     C   23       -0.165981       -0.488014       -0.113375

     Cl  24        0.368572        0.772532        0.833956
     Cl  24        0.772532        1.248030       -1.951182
     Cl  24        0.833956       -1.951182       -1.616602

     ----- total EFG (symmetrized) -----
     Cl   1        0.405852       -2.643734       -0.214067
     Cl   1       -2.643734        2.433777        0.425902
     Cl   1       -0.214067        0.425902       -2.839629

     C    2       -0.367671        0.188951       -0.010927
     C    2        0.188951        0.217920       -0.045325
     C    2       -0.010927       -0.045325        0.149751

     C    3        0.163968       -0.287358        0.014562
     C    3       -0.287358        0.084531       -0.013426
     C    3        0.014562       -0.013426       -0.248498

     H    4        0.439885        0.310323        0.303108
     H    4        0.310323       -0.034652        0.521872
     H    4        0.303108        0.521872       -0.405232

     C    5       -0.334065        0.101196        0.353660
     C    5        0.101196        0.324315        0.010581
     C    5        0.353660        0.010581        0.009750

     H    6        0.010964        0.043674       -0.002392
     H    6        0.043674        0.561015        0.568438
     H    6       -0.002392        0.568438       -0.571979

     H    7       -0.300776        0.170887       -0.135707
     H    7        0.170887        0.110922       -0.291050
     H    7       -0.135707       -0.291050        0.189854

     C    8        0.296441       -0.231824        0.325311
     C    8       -0.231824       -0.123893        0.029528
     C    8        0.325311        0.029528       -0.172548

     H    9        0.357004        0.294827        0.391754
     H    9        0.294827       -0.486581       -0.084807
     H    9        0.391754       -0.084807        0.129578

     C   10       -0.439827       -0.271514       -0.170781
     C   10       -0.271514        0.505964       -0.361704
     C   10       -0.170781       -0.361704       -0.066136

     C   11        0.314782        0.028330        0.060408
     C   11        0.028330        0.295360        0.275488
     C   11        0.060408        0.275488       -0.610142

     Cl  12       -0.011990        1.374089       -0.100663
     Cl  12        1.374089        1.693943       -0.586752
     Cl  12       -0.100663       -0.586752       -1.681953

     H   13       -0.070792       -0.113250        0.156541
     H   13       -0.113250       -0.115672        0.645817
     H   13        0.156541        0.645817        0.186464

     C   14        0.015121       -0.241515       -0.010476
     C   14       -0.241515        0.213731       -0.367850
     C   14       -0.010476       -0.367850       -0.228852

     H   15        0.326698       -0.234977        0.442095
     H   15       -0.234977       -0.511896        0.186543
     H   15        0.442095        0.186543        0.185197

     C   16       -0.567843        0.135953        0.140952
     C   16        0.135953        0.513188       -0.132182
     C   16        0.140952       -0.132182        0.054655

     C   17        0.048248       -0.546776        0.017372
     C   17       -0.546776        0.286158       -0.483779
     C   17        0.017372       -0.483779       -0.334406

     Cl  18        0.099871       -2.151576       -0.448576
     Cl  18       -2.151576        1.259480        0.463763
     Cl  18       -0.448576        0.463763       -1.359351

     H   19       -0.230309       -0.277758        0.062167
     H   19       -0.277758        0.208373        0.005923
     H   19        0.062167        0.005923        0.021936

     C   20       -0.829964       -0.332892       -0.244482
     C   20       -0.332892        0.881454       -0.429820
     C   20       -0.244482       -0.429820       -0.051490

     H   21        0.274595       -0.463511        0.378221
     H   21       -0.463511       -0.007282        0.205312
     H   21        0.378221        0.205312       -0.267313

     C   22        0.287602       -0.065696        0.089456
     C   22       -0.065696       -0.032498        0.020163
     C   22        0.089456        0.020163       -0.255104

     C   23       -0.479692       -0.389564       -0.165981
     C   23       -0.389564        0.593067       -0.488014
     C   23       -0.165981       -0.488014       -0.113375

     Cl  24        0.368572        0.772532        0.833956
     Cl  24        0.772532        1.248030       -1.951182
     Cl  24        0.833956       -1.951182       -1.616602


     NQR/NMR SPECTROSCOPIC PARAMETERS:
     Cl   1    Vxx=   -1.4088    axis=(  0.825322  0.562939  0.044089)
     Cl   1    Vyy=   -2.8738    axis=(  0.000977 -0.079503  0.996834)
     Cl   1    Vzz=    4.2826    axis=(  0.564662 -0.822666 -0.066166)
     Cl   1  Q=        -8.1650 1e-30 m^2  Cq=       -82.1603 MHz  eta= 0.34207

     C    2    Vxx=    0.1342    axis=(  0.093354  0.302810  0.948468)
     C    2    Vyy=    0.2892    axis=(  0.267083  0.910096 -0.316847)
     C    2    Vzz=   -0.4234    axis=( -0.959141  0.282898  0.004085)
     C    2  Q=         1.0000 1e-30 m^2  Cq=        -0.9947 MHz  eta= 0.36599

     C    3    Vxx=   -0.1658    axis=(  0.657075  0.753796 -0.006681)
     C    3    Vyy=   -0.2491    axis=(  0.018099 -0.024635 -0.999533)
     C    3    Vzz=    0.4149    axis=( -0.753608  0.656647 -0.029830)
     C    3  Q=         1.0000 1e-30 m^2  Cq=         0.9749 MHz  eta= 0.20065

     H    4    Vxx=   -0.0419    axis=(  0.658224 -0.648490 -0.382364)
     H    4    Vyy=   -0.7782    axis=(  0.064989  0.554959 -0.829335)
     H    4    Vzz=    0.8201    axis=(  0.750012  0.521039  0.407432)
     H    4  Q=         1.0000 1e-30 m^2  Cq=         1.9270 MHz  eta= 0.89776

     C    5    Vxx=    0.2012    axis=(  0.439884 -0.429478  0.788702)
     C    5    Vyy=    0.3614    axis=(  0.295680  0.898529  0.324373)
     C    5    Vzz=   -0.5627    axis=( -0.847983  0.090517  0.522237)
     C    5  Q=         1.0000 1e-30 m^2  Cq=        -1.3221 MHz  eta= 0.28471

     H    6    Vxx=    0.0094    axis=(  0.998482 -0.037272 -0.040549)
     H    6    Vyy=    0.7990    axis=(  0.049972  0.922624  0.382450)
     H    6    Vzz=   -0.8084    axis=(  0.023156 -0.383896  0.923086)
     H    6  Q=         1.0000 1e-30 m^2  Cq=        -1.8995 MHz  eta= 0.97667

     H    7    Vxx=   -0.1369    axis=(  0.159763  0.703288  0.692720)
     H    7    Vyy=   -0.3647    axis=( -0.952552  0.293999 -0.078795)
     H    7    Vzz=    0.5017    axis=( -0.259075 -0.647264  0.716889)
     H    7  Q=         1.0000 1e-30 m^2  Cq=         1.1787 MHz  eta= 0.45409

     C    8    Vxx=   -0.1120    axis=( -0.028205 -0.830446 -0.556384)
     C    8    Vyy=   -0.4104    axis=(  0.491621  0.473112 -0.731077)
     C    8    Vzz=    0.5224    axis=(  0.870352 -0.294151  0.394921)
     C    8  Q=         1.0000 1e-30 m^2  Cq=         1.2274 MHz  eta= 0.57127

     H    9    Vxx=   -0.0430    axis=( -0.439988 -0.441873  0.781766)
     H    9    Vyy=   -0.6393    axis=( -0.374039  0.881626  0.287802)
     H    9    Vzz=    0.6823    axis=( -0.816398 -0.165782 -0.553183)
     H    9  Q=         1.0000 1e-30 m^2  Cq=         1.6032 MHz  eta= 0.87404

     C   10    Vxx=   -0.0631    axis=( -0.543500  0.249992  0.801319)
     C   10    Vyy=   -0.6449    axis=(  0.824646  0.337267  0.454102)
     C   10    Vzz=    0.7081    axis=(  0.156737 -0.907609  0.389459)
     C   10  Q=         1.0000 1e-30 m^2  Cq=         1.6637 MHz  eta= 0.82164

     C   11    Vxx=    0.2934    axis=(  0.875186 -0.475971 -0.086611)
     C   11    Vyy=    0.3965    axis=(  0.481165  0.837762  0.258140)
     C   11    Vzz=   -0.6899    axis=( -0.050308 -0.267594  0.962217)
     C   11  Q=         1.0000 1e-30 m^2  Cq=        -1.6210 MHz  eta= 0.14947

     Cl  12    Vxx=   -0.7390    axis=(  0.874062 -0.448814  0.185960)
     Cl  12    Vyy=   -1.7944    axis=(  0.102345 -0.204078 -0.973590)
     Cl  12    Vzz=    2.5333    axis=(  0.474911  0.870010 -0.132443)
     Cl  12  Q=        -8.1650 1e-30 m^2  Cq=       -48.6008 MHz  eta= 0.41660

     H   13    Vxx=   -0.0179    axis=(  0.954195 -0.271240  0.126257)
     H   13    Vyy=   -0.6844    axis=(  0.290929  0.742734 -0.603081)
     H   13    Vzz=    0.7023    axis=(  0.069804  0.612189  0.787625)
     H   13  Q=         1.0000 1e-30 m^2  Cq=         1.6501 MHz  eta= 0.94906

     C   14    Vxx=   -0.0359    axis=(  0.876139  0.204101 -0.436718)
     C   14    Vyy=   -0.4739    axis=(  0.277547  0.527142  0.803174)
     C   14    Vzz=    0.5098    axis=(  0.394141 -0.824902  0.405202)
     C   14  Q=         1.0000 1e-30 m^2  Cq=         1.1979 MHz  eta= 0.85909

     H   15    Vxx=   -0.0179    axis=( -0.527296  0.508035  0.681072)
     H   15    Vyy=   -0.6887    axis=(  0.357648  0.859801 -0.364459)
     H   15    Vzz=    0.7066    axis=( -0.770744  0.051406 -0.635068)
     H   15  Q=         1.0000 1e-30 m^2  Cq=         1.6603 MHz  eta= 0.94925

     C   16    Vxx=    0.0644    axis=(  0.254235  0.201569  0.945904)
     C   16    Vyy=    0.5570    axis=( -0.088282 -0.969120  0.230244)
     C   16    Vzz=   -0.6213    axis=(  0.963105 -0.142043 -0.228589)
     C   16  Q=         1.0000 1e-30 m^2  Cq=        -1.4599 MHz  eta= 0.79280

     C   17    Vxx=   -0.1533    axis=(  0.747811  0.256169 -0.612500)
     C   17    Vyy=   -0.7068    axis=(  0.395532  0.569065  0.720915)
     C   17    Vzz=    0.8600    axis=(  0.533228 -0.781372  0.324231)
     C   17  Q=         1.0000 1e-30 m^2  Cq=         2.0207 MHz  eta= 0.64354

     Cl  18    Vxx=   -1.4138    axis=( -0.300301 -0.392512  0.869341)
     Cl  18    Vyy=   -1.5884    axis=( -0.738566 -0.481065 -0.472331)
     Cl  18    Vzz=    3.0022    axis=(  0.603605 -0.783907 -0.145431)
     Cl  18  Q=        -8.1650 1e-30 m^2  Cq=       -57.5961 MHz  eta= 0.05817

     H   19    Vxx=    0.0291    axis=(  0.102062  0.125540  0.986825)
     H   19    Vyy=    0.3444    axis=( -0.440086  0.895348 -0.068387)
     H   19    Vzz=   -0.3736    axis=( -0.892137 -0.427308  0.146630)
     H   19  Q=         1.0000 1e-30 m^2  Cq=        -0.8777 MHz  eta= 0.84410

     C   20    Vxx=   -0.0683    axis=( -0.396174  0.259710  0.880680)
     C   20    Vyy=   -1.0080    axis=(  0.910158  0.237557  0.339380)
     C   20    Vzz=    1.0763    axis=( -0.121071  0.936011 -0.330491)
     C   20  Q=         1.0000 1e-30 m^2  Cq=         2.5288 MHz  eta= 0.87315

     H   21    Vxx=    0.0522    axis=( -0.223110 -0.678322 -0.700072)
     H   21    Vyy=    0.6606    axis=( -0.831399  0.507359 -0.226634)
     H   21    Vzz=   -0.7127    axis=(  0.508919  0.531475 -0.677153)
     H   21  Q=         1.0000 1e-30 m^2  Cq=        -1.6746 MHz  eta= 0.85364

     C   22    Vxx=   -0.0396    axis=( -0.153535 -0.975901 -0.155061)
     C   22    Vyy=   -0.2734    axis=( -0.170808 -0.128349  0.976909)
     C   22    Vzz=    0.3130    axis=( -0.973269  0.176475 -0.146986)
     C   22  Q=         1.0000 1e-30 m^2  Cq=         0.7355 MHz  eta= 0.74679

     C   23    Vxx=   -0.1203    axis=(  0.589372 -0.211524 -0.779678)
     C   23    Vyy=   -0.7789    axis=( -0.781458 -0.393999 -0.483827)
     C   23    Vzz=    0.8992    axis=( -0.204852  0.894440 -0.397509)
     C   23  Q=         1.0000 1e-30 m^2  Cq=         2.1127 MHz  eta= 0.73241

     Cl  24    Vxx=    0.6709    axis=( -0.932028  0.025448 -0.361492)
     Cl  24    Vyy=    2.2942    axis=(  0.182486  0.894782 -0.407510)
     Cl  24    Vzz=   -2.9651    axis=( -0.313086  0.445778  0.838606)
     Cl  24  Q=        -8.1650 1e-30 m^2  Cq=        56.8848 MHz  eta= 0.54745

     Initialization:
     gipaw_setup  :      9.11s CPU     11.19s WALL (       1 calls)

     Linear response

     Apply operators

     Induced current

     Other routines
     efg          :      9.46s CPU     13.10s WALL (       1 calls)

     General routines
     calbec       :      3.55s CPU      5.44s WALL (      16 calls)
     fft          :      1.44s CPU      2.13s WALL (      15 calls)
     ffts         :      0.04s CPU      0.06s WALL (       2 calls)
     fftw         :      3.16s CPU      4.05s WALL (     672 calls)
     davcio       :      0.02s CPU      0.33s WALL (      32 calls)

     Parallel routines
     fft_scatter  :      1.99s CPU      3.36s WALL (     689 calls)

     Plugins

     GIPAW        :     61.48s CPU     79.28s WALL (       1 calls)
