
     Program QE v.6.0 (svn rev. 13079) starts on 18Dec2016 at 16:53:52 

     This program is part of the open-source Quantum ESPRESSO suite
     for quantum simulation of materials; please cite
         "P. Giannozzi et al., J. Phys.:Condens. Matter 21 395502 (2009);
          URL http://www.quantum-espresso.org", 
     in publications or presentations arising from this work. More details at
     http://www.quantum-espresso.org/quote

     Parallel version (MPI), running on     8 processors
     R & G space division:  proc/nbgrp/npool/nimage =       8

     ***** This is GIPAW svn revision unknown      *****

     Parallelizing q-star over 1 images

     Reading data from directory:
     /users/majewski/paradichlorobenzene/pbe/9_constraint/scratch/pbe.ecut100.np8.dt60.pcl2phi-129368.save
     Message from routine read_xml_file:
     file /users/majewski/paradichlorobenzene/pbe/9_constraint/scratch/pbe.ecut100.np8.dt60.pcl2phi-129368.save not guaranteed to be safe for post-processing

   Info: using nr1, nr2, nr3 values from input

   Info: using nr1, nr2, nr3 values from input

     IMPORTANT: XC functional enforced from input :
     Exchange-correlation      =  SLA  PW   PBX  PBC ( 1  4  3  4 0 0)
     Any further DFT definition will be discarded
     Please, verify this is what you really want

               file C.pbe-n-kjpaw_psl.1.0.0.UPF: wavefunction(s)  2S 2P renormalized
               file Cl.pbe-n-kjpaw_psl.1.0.0.UPF: wavefunction(s)  3S 3P renormalized
               file H.pbe-kjpaw_psl.1.0.0.UPF: wavefunction(s)  1S renormalized

     Parallelization info
     --------------------
     sticks:   dense  smooth     PW     G-vecs:    dense   smooth      PW
     Min        3057    1223    332               144436    36536    5170
     Max        3059    1225    333               144437    36537    5171
     Sum       24467    9791   2657              1155489   292295   41363


     Subspace diagonalization in iterative solution of the eigenvalue problem:
     a serial algorithm will be used

     GIPAW projectors -----------------------------------------------
     atom=  C    l=0  rc=    1.2000  rs=    0.8000
     atom=  C    l=0  rc=    1.2000  rs=    0.8000
     atom=  C    l=1  rc=    1.4000  rs=    0.9333
     atom=  C    l=1  rc=    1.4000  rs=    0.9333
     projs nearly linearly dependent: l=1  n1,n2= 1, 2  s=  0.99951561

     atom=  Cl   l=0  rc=    1.6000  rs=    1.0667
     atom=  Cl   l=0  rc=    1.6000  rs=    1.0667
     atom=  Cl   l=1  rc=    1.6000  rs=    1.0667
     atom=  Cl   l=1  rc=    1.6000  rs=    1.0667
     atom=  Cl   l=2  rc=    1.6000  rs=    1.0667
     atom=  Cl   l=2  rc=    1.6000  rs=    1.0667
     projs nearly linearly dependent: l=2  n1,n2= 1, 2  s=  0.99993509

     atom=  H    l=0  rc=    1.0000  rs=    0.6667
     atom=  H    l=0  rc=    1.0000  rs=    0.6667
     projs nearly linearly dependent: l=0  n1,n2= 1, 2  s=  0.99968852
     -----------------------------------------------------------------

     GIPAW integrals: -------------------------------------------
     Atom  i/j   nmr_para   nmr_dia   epr_rmc  epr_para   epr_dia
       C   1 1   0.83E+03  0.17E-01  0.93E+01  0.24E+08  0.24E+03
       C   2 1   0.86E+03 -0.61E-01  0.94E+01  0.25E+08  0.25E+03
       C   2 2   0.90E+03 -0.15E+00  0.97E+01  0.26E+08  0.26E+03
       C   3 3   0.33E+01  0.34E+00  0.18E+01  0.55E+03  0.21E+02
       C   4 3   0.35E+01  0.37E+00  0.20E+01  0.59E+03  0.22E+02
       C   4 4   0.38E+01  0.39E+00  0.22E+01  0.63E+03  0.24E+02
       Cl  1 1   0.14E+04 -0.47E+00  0.84E+01  0.32E+09  0.42E+03
       Cl  2 1   0.21E+04 -0.37E+00  0.12E+02  0.49E+09  0.65E+03
       Cl  2 2   0.33E+04 -0.16E+00  0.21E+02  0.76E+09  0.10E+04
       Cl  3 3   0.21E+02  0.79E-01  0.89E+01  0.23E+05  0.13E+03
       Cl  4 3   0.24E+02  0.67E-01  0.99E+01  0.27E+05  0.15E+03
       Cl  4 4   0.28E+02  0.44E-01  0.11E+02  0.32E+05  0.18E+03
       Cl  5 5   0.77E+00  0.19E+00  0.18E+01  0.12E+03  0.22E+02
       Cl  6 5   0.80E+00  0.19E+00  0.19E+01  0.12E+03  0.23E+02
       Cl  6 6   0.83E+00  0.20E+00  0.19E+01  0.12E+03  0.23E+02
       H   1 1   0.39E+02  0.19E+00  0.29E+00  0.78E+05  0.13E+02
       H   2 1   0.41E+02  0.21E+00  0.32E+00  0.82E+05  0.14E+02
       H   2 2   0.43E+02  0.22E+00  0.36E+00  0.86E+05  0.15E+02
     ------------------------------------------------------------

     alpha_pv=     34.0086 eV

     Number of occupied bands for each k-point:
     k-point:     1    nbnd_occ=  42
     k-point:     2    nbnd_occ=  42
     k-point:     3    nbnd_occ=  42
     k-point:     4    nbnd_occ=  42
     k-point:     5    nbnd_occ=  42
     k-point:     6    nbnd_occ=  42
     k-point:     7    nbnd_occ=  42
     k-point:     8    nbnd_occ=  42
     k-point:     9    nbnd_occ=  42
     k-point:    10    nbnd_occ=  42
     k-point:    11    nbnd_occ=  42
     k-point:    12    nbnd_occ=  42
     k-point:    13    nbnd_occ=  42
     k-point:    14    nbnd_occ=  42
     k-point:    15    nbnd_occ=  42
     k-point:    16    nbnd_occ=  42


     q-space interpolation up to   110.00 Rydberg

     GIPAW job: efg                                                                             


     ELECTRIC FIELD GRADIENTS TENSORS IN Hartree/bohrradius^2:

     ----- bare term -----
     Cl   1       -0.093880       -0.009176        0.033732
     Cl   1       -0.009176       -0.100479        0.023998
     Cl   1        0.033732        0.023998        0.194359

     C    2        0.025885        0.465404        0.058804
     C    2        0.465404       -0.469329       -0.443349
     C    2        0.058804       -0.443349        0.443444

     C    3       -0.120391        0.222770       -0.426130
     C    3        0.222770       -0.110967       -0.448179
     C    3       -0.426130       -0.448179        0.231358

     H    4       -0.284553       -0.551534       -0.211886
     H    4       -0.551534       -0.102915       -0.057261
     H    4       -0.211886       -0.057261        0.387468

     C    5       -0.502007        0.248281       -0.421109
     C    5        0.248281       -0.098404       -0.295406
     C    5       -0.421109       -0.295406        0.600411

     H    6        0.487098       -0.152200       -0.002175
     H    6       -0.152200       -0.653968       -0.035408
     H    6       -0.002175       -0.035408        0.166870

     H    7        0.273258        0.231926       -0.198459
     H    7        0.231926       -0.353360        0.533250
     H    7       -0.198459        0.533250        0.080102

     C    8       -0.205797       -0.321818       -0.243867
     C    8       -0.321818       -0.165324        0.444161
     C    8       -0.243867        0.444161        0.371121

     H    9       -0.351240        0.460388       -0.364591
     H    9        0.460388        0.057187        0.193477
     H    9       -0.364591        0.193477        0.294053

     C   10       -0.353042       -0.354778       -0.350899
     C   10       -0.354778        0.030841        0.421840
     C   10       -0.350899        0.421840        0.322201

     C   11       -0.003920       -0.329959       -0.187379
     C   11       -0.329959       -0.151197        0.584010
     C   11       -0.187379        0.584010        0.155117

     Cl  12        0.037800       -0.163584       -0.033700
     Cl  12       -0.163584        0.082388        0.019733
     Cl  12       -0.033700        0.019733       -0.120188

     H   13        0.150928        0.306759       -0.248611
     H   13        0.306759       -0.485220       -0.097491
     H   13       -0.248611       -0.097491        0.334292

     C   14       -0.367016       -0.231589       -0.271805
     C   14       -0.231589       -0.049835       -0.404638
     C   14       -0.271805       -0.404638        0.416851

     H   15       -0.110068       -0.297710       -0.329515
     H   15       -0.297710       -0.340697       -0.062078
     H   15       -0.329515       -0.062078        0.450765

     C   16       -0.374988        0.333690        0.016007
     C   16        0.333690       -0.018052       -0.388172
     C   16        0.016007       -0.388172        0.393040

     C   17       -0.031580       -0.071809       -0.350878
     C   17       -0.071809       -0.222424       -0.511884
     C   17       -0.350878       -0.511884        0.254004

     Cl  18       -0.129803        0.205781        0.046156
     Cl  18        0.205781        0.047037        0.101314
     Cl  18        0.046156        0.101314        0.082767

     H   19        0.438409       -0.011778       -0.131979
     H   19       -0.011778       -0.591842        0.247225
     H   19       -0.131979        0.247225        0.153433

     C   20       -0.694588       -0.169423       -0.360584
     C   20       -0.169423        0.040246        0.194391
     C   20       -0.360584        0.194391        0.654342

     H   21       -0.403702        0.404231       -0.163530
     H   21        0.404231        0.262043       -0.036503
     H   21       -0.163530       -0.036503        0.141659

     C   22       -0.083230       -0.414350        0.070101
     C   22       -0.414350       -0.563930        0.496115
     C   22        0.070101        0.496115        0.647161

     C   23       -0.473689       -0.176128       -0.380180
     C   23       -0.176128        0.111364        0.268214
     C   23       -0.380180        0.268214        0.362325

     Cl  24        0.049250        0.108430       -0.035763
     Cl  24        0.108430        0.013433       -0.006347
     Cl  24       -0.035763       -0.006347       -0.062683

     ----- ionic term -----
     Cl   1        0.141996       -0.242130        0.051402
     Cl   1       -0.242130        0.029257       -0.032495
     Cl   1        0.051402       -0.032495       -0.171254

     C    2        0.228248       -0.143009        0.299495
     C    2       -0.143009        0.264093        0.309031
     C    2        0.299495        0.309031       -0.492341

     C    3        0.134946       -0.116122        0.200168
     C    3       -0.116122        0.306691        0.334700
     C    3        0.200168        0.334700       -0.441637

     H    4        0.462639        0.522887        0.565061
     H    4        0.522887       -0.207631        0.340514
     H    4        0.565061        0.340514       -0.255008

     C    5        0.317346       -0.086232        0.258040
     C    5       -0.086232        0.112294        0.255711
     C    5        0.258040        0.255711       -0.429640

     H    6       -0.510898        0.053264        0.020529
     H    6        0.053264        0.838158        0.560489
     H    6        0.020529        0.560489       -0.327260

     H    7       -0.504292       -0.124415        0.104694
     H    7       -0.124415        0.541223       -0.746583
     H    7        0.104694       -0.746583       -0.036931

     C    8        0.361145        0.144908        0.239751
     C    8        0.144908       -0.009278       -0.327141
     C    8        0.239751       -0.327141       -0.351867

     H    9        0.491795       -0.328379        0.705794
     H    9       -0.328379       -0.426608       -0.296132
     H    9        0.705794       -0.296132       -0.065188

     C   10        0.157828        0.207154        0.149907
     C   10        0.207154        0.189856       -0.426696
     C   10        0.149907       -0.426696       -0.347684

     C   11        0.265564        0.101349        0.175105
     C   11        0.101349        0.160946       -0.393997
     C   11        0.175105       -0.393997       -0.426510

     Cl  12        0.142296        0.202147       -0.009337
     Cl  12        0.202147        0.006716       -0.002036
     Cl  12       -0.009337       -0.002036       -0.149011

     H   13       -0.495112       -0.080293       -0.010708
     H   13       -0.080293        0.738198        0.636267
     H   13       -0.010708        0.636267       -0.243086

     C   14        0.399949       -0.190289        0.300068
     C   14       -0.190289        0.065017        0.245691
     C   14        0.300068        0.245691       -0.464966

     H   15        0.582591        0.467753        0.571559
     H   15        0.467753       -0.264232        0.296380
     H   15        0.571559        0.296380       -0.318358

     C   16        0.243985       -0.255279        0.210593
     C   16       -0.255279        0.227223        0.289059
     C   16        0.210593        0.289059       -0.471208

     C   17        0.293085       -0.128709        0.241132
     C   17       -0.128709        0.148134        0.315840
     C   17        0.241132        0.315840       -0.441219

     Cl  18        0.199189       -0.178187        0.035681
     Cl  18       -0.178187       -0.043657       -0.012449
     Cl  18        0.035681       -0.012449       -0.155532

     H   19       -0.502739       -0.045808        0.021922
     H   19       -0.045808        0.749050       -0.652088
     H   19        0.021922       -0.652088       -0.246311

     C   20        0.381310        0.169463        0.171088
     C   20        0.169463        0.111610       -0.287922
     C   20        0.171088       -0.287922       -0.492920

     H   21        0.675992       -0.444111        0.538399
     H   21       -0.444111       -0.320497       -0.257722
     H   21        0.538399       -0.257722       -0.355495

     C   22        0.230292        0.243107        0.137653
     C   22        0.243107        0.246523       -0.340233
     C   22        0.137653       -0.340233       -0.476815

     C   23        0.283803        0.155713        0.259053
     C   23        0.155713        0.128453       -0.314971
     C   23        0.259053       -0.314971       -0.412256

     Cl  24        0.159795        0.208825        0.018147
     Cl  24        0.208825       -0.006318        0.008916
     Cl  24        0.018147        0.008916       -0.153477

     ----- GIPAW term -----
     Cl   1       -0.055094       -1.888937        1.073809
     Cl   1       -1.888937       -1.373956       -0.056337
     Cl   1        1.073809       -0.056337        1.429050

     C    2        0.179906       -0.004136        0.176486
     C    2       -0.004136       -0.178686       -0.041279
     C    2        0.176486       -0.041279       -0.001219

     C    3        0.082448        0.129049       -0.179065
     C    3        0.129049       -0.029201       -0.103777
     C    3       -0.179065       -0.103777       -0.053247

     H    4       -0.000000        0.000000        0.000000
     H    4        0.000000        0.000000        0.000000
     H    4        0.000000        0.000000        0.000000

     C    5       -0.122495        0.050577       -0.139911
     C    5        0.050577       -0.098800       -0.078938
     C    5       -0.139911       -0.078938        0.221294

     H    6       -0.000000        0.000000        0.000000
     H    6        0.000000        0.000000        0.000000
     H    6        0.000000        0.000000        0.000000

     H    7       -0.000000        0.000000        0.000000
     H    7        0.000000        0.000000        0.000000
     H    7        0.000000        0.000000        0.000000

     C    8       -0.008589       -0.115336       -0.024320
     C    8       -0.115336       -0.004601        0.092950
     C    8       -0.024320        0.092950        0.013190

     H    9       -0.000000        0.000000        0.000000
     H    9        0.000000        0.000000        0.000000
     H    9        0.000000        0.000000        0.000000

     C   10       -0.085505       -0.161939       -0.140364
     C   10       -0.161939        0.102380        0.134882
     C   10       -0.140364        0.134882       -0.016875

     C   11        0.105221       -0.089790       -0.042120
     C   11       -0.089790        0.047375        0.101827
     C   11       -0.042120        0.101827       -0.152596

     Cl  12        1.802430        0.427506       -0.321270
     Cl  12        0.427506        0.675328        0.184968
     Cl  12       -0.321270        0.184968       -2.477758

     H   13       -0.000000        0.000000        0.000000
     H   13        0.000000        0.000000        0.000000
     H   13        0.000000        0.000000        0.000000

     C   14       -0.010673       -0.125367        0.149379
     C   14       -0.125367       -0.099350       -0.134712
     C   14        0.149379       -0.134712        0.110023

     H   15       -0.000000        0.000000        0.000000
     H   15        0.000000        0.000000        0.000000
     H   15        0.000000        0.000000        0.000000

     C   16       -0.052912       -0.140318        0.087154
     C   16       -0.140318        0.118129       -0.116335
     C   16        0.087154       -0.116335       -0.065218

     C   17        0.030909       -0.160608       -0.069866
     C   17       -0.160608        0.004079        0.002919
     C   17       -0.069866        0.002919       -0.034989

     Cl  18       -0.089742        0.135771        0.968144
     Cl  18        0.135771        1.028064        1.934003
     Cl  18        0.968144        1.934003       -0.938322

     H   19       -0.000000        0.000000        0.000000
     H   19        0.000000        0.000000        0.000000
     H   19        0.000000        0.000000        0.000000

     C   20       -0.190636       -0.025297        0.011711
     C   20       -0.025297       -0.078089       -0.024426
     C   20        0.011711       -0.024426        0.268725

     H   21       -0.000000        0.000000        0.000000
     H   21        0.000000        0.000000        0.000000
     H   21        0.000000        0.000000        0.000000

     C   22       -0.077399       -0.058271        0.121860
     C   22       -0.058271       -0.192382        0.053594
     C   22        0.121860        0.053594        0.269781

     C   23       -0.067302        0.063768       -0.047229
     C   23        0.063768        0.094591       -0.055461
     C   23       -0.047229       -0.055461       -0.027290

     Cl  24        1.679346        2.868654       -0.272464
     Cl  24        2.868654        0.178317       -0.029617
     Cl  24       -0.272464       -0.029617       -1.857663

     ----- total EFG -----
     Cl   1       -0.006978       -2.140242        1.158943
     Cl   1       -2.140242       -1.445178       -0.064834
     Cl   1        1.158943       -0.064834        1.452155

     C    2        0.434039        0.318259        0.534785
     C    2        0.318259       -0.383922       -0.175598
     C    2        0.534785       -0.175598       -0.050117

     C    3        0.097003        0.235696       -0.405026
     C    3        0.235696        0.166523       -0.217256
     C    3       -0.405026       -0.217256       -0.263526

     H    4        0.178086       -0.028648        0.353175
     H    4       -0.028648       -0.310546        0.283252
     H    4        0.353175        0.283252        0.132460

     C    5       -0.307156        0.212626       -0.302980
     C    5        0.212626       -0.084909       -0.118633
     C    5       -0.302980       -0.118633        0.392066

     H    6       -0.023800       -0.098936        0.018354
     H    6       -0.098936        0.184190        0.525081
     H    6        0.018354        0.525081       -0.160390

     H    7       -0.231033        0.107511       -0.093765
     H    7        0.107511        0.187862       -0.213333
     H    7       -0.093765       -0.213333        0.043171

     C    8        0.146759       -0.292246       -0.028436
     C    8       -0.292246       -0.179203        0.209970
     C    8       -0.028436        0.209970        0.032443

     H    9        0.140555        0.132009        0.341203
     H    9        0.132009       -0.369421       -0.102655
     H    9        0.341203       -0.102655        0.228865

     C   10       -0.280719       -0.309563       -0.341356
     C   10       -0.309563        0.323077        0.130026
     C   10       -0.341356        0.130026       -0.042358

     C   11        0.366865       -0.318400       -0.054394
     C   11       -0.318400        0.057124        0.291840
     C   11       -0.054394        0.291840       -0.423990

     Cl  12        1.982526        0.466069       -0.364307
     Cl  12        0.466069        0.764431        0.202665
     Cl  12       -0.364307        0.202665       -2.746957

     H   13       -0.344184        0.226466       -0.259319
     H   13        0.226466        0.252978        0.538777
     H   13       -0.259319        0.538777        0.091206

     C   14        0.022259       -0.547245        0.177643
     C   14       -0.547245       -0.084167       -0.293659
     C   14        0.177643       -0.293659        0.061908

     H   15        0.472523        0.170043        0.242044
     H   15        0.170043       -0.604929        0.234303
     H   15        0.242044        0.234303        0.132406

     C   16       -0.183915       -0.061907        0.313754
     C   16       -0.061907        0.327301       -0.215448
     C   16        0.313754       -0.215448       -0.143386

     C   17        0.292415       -0.361126       -0.179612
     C   17       -0.361126       -0.070211       -0.193126
     C   17       -0.179612       -0.193126       -0.222204

     Cl  18       -0.020357        0.163365        1.049981
     Cl  18        0.163365        1.031444        2.022867
     Cl  18        1.049981        2.022867       -1.011087

     H   19       -0.064330       -0.057586       -0.110057
     H   19       -0.057586        0.157208       -0.404863
     H   19       -0.110057       -0.404863       -0.092878

     C   20       -0.503913       -0.025257       -0.177785
     C   20       -0.025257        0.073767       -0.117957
     C   20       -0.177785       -0.117957        0.430146

     H   21        0.272290       -0.039880        0.374868
     H   21       -0.039880       -0.058454       -0.294225
     H   21        0.374868       -0.294225       -0.213836

     C   22        0.069663       -0.229513        0.329614
     C   22       -0.229513       -0.509788        0.209476
     C   22        0.329614        0.209476        0.440126

     C   23       -0.257188        0.043352       -0.168356
     C   23        0.043352        0.334408       -0.102218
     C   23       -0.168356       -0.102218       -0.077221

     Cl  24        1.888391        3.185910       -0.290079
     Cl  24        3.185910        0.185432       -0.027048
     Cl  24       -0.290079       -0.027048       -2.073823

     ----- total EFG (symmetrized) -----
     Cl   1       -0.006978       -2.140242        1.158943
     Cl   1       -2.140242       -1.445178       -0.064834
     Cl   1        1.158943       -0.064834        1.452155

     C    2        0.434039        0.318259        0.534785
     C    2        0.318259       -0.383922       -0.175598
     C    2        0.534785       -0.175598       -0.050117

     C    3        0.097003        0.235696       -0.405026
     C    3        0.235696        0.166523       -0.217256
     C    3       -0.405026       -0.217256       -0.263526

     H    4        0.178086       -0.028648        0.353175
     H    4       -0.028648       -0.310546        0.283252
     H    4        0.353175        0.283252        0.132460

     C    5       -0.307156        0.212626       -0.302980
     C    5        0.212626       -0.084909       -0.118633
     C    5       -0.302980       -0.118633        0.392066

     H    6       -0.023800       -0.098936        0.018354
     H    6       -0.098936        0.184190        0.525081
     H    6        0.018354        0.525081       -0.160390

     H    7       -0.231033        0.107511       -0.093765
     H    7        0.107511        0.187862       -0.213333
     H    7       -0.093765       -0.213333        0.043171

     C    8        0.146759       -0.292246       -0.028436
     C    8       -0.292246       -0.179203        0.209970
     C    8       -0.028436        0.209970        0.032443

     H    9        0.140555        0.132009        0.341203
     H    9        0.132009       -0.369421       -0.102655
     H    9        0.341203       -0.102655        0.228865

     C   10       -0.280719       -0.309563       -0.341356
     C   10       -0.309563        0.323077        0.130026
     C   10       -0.341356        0.130026       -0.042358

     C   11        0.366865       -0.318400       -0.054394
     C   11       -0.318400        0.057124        0.291840
     C   11       -0.054394        0.291840       -0.423990

     Cl  12        1.982526        0.466069       -0.364307
     Cl  12        0.466069        0.764431        0.202665
     Cl  12       -0.364307        0.202665       -2.746957

     H   13       -0.344184        0.226466       -0.259319
     H   13        0.226466        0.252978        0.538777
     H   13       -0.259319        0.538777        0.091206

     C   14        0.022259       -0.547245        0.177643
     C   14       -0.547245       -0.084167       -0.293659
     C   14        0.177643       -0.293659        0.061908

     H   15        0.472523        0.170043        0.242044
     H   15        0.170043       -0.604929        0.234303
     H   15        0.242044        0.234303        0.132406

     C   16       -0.183915       -0.061907        0.313754
     C   16       -0.061907        0.327301       -0.215448
     C   16        0.313754       -0.215448       -0.143386

     C   17        0.292415       -0.361126       -0.179612
     C   17       -0.361126       -0.070211       -0.193126
     C   17       -0.179612       -0.193126       -0.222204

     Cl  18       -0.020357        0.163365        1.049981
     Cl  18        0.163365        1.031444        2.022867
     Cl  18        1.049981        2.022867       -1.011087

     H   19       -0.064330       -0.057586       -0.110057
     H   19       -0.057586        0.157208       -0.404863
     H   19       -0.110057       -0.404863       -0.092878

     C   20       -0.503913       -0.025257       -0.177785
     C   20       -0.025257        0.073767       -0.117957
     C   20       -0.177785       -0.117957        0.430146

     H   21        0.272290       -0.039880        0.374868
     H   21       -0.039880       -0.058454       -0.294225
     H   21        0.374868       -0.294225       -0.213836

     C   22        0.069663       -0.229513        0.329614
     C   22       -0.229513       -0.509788        0.209476
     C   22        0.329614        0.209476        0.440126

     C   23       -0.257188        0.043352       -0.168356
     C   23        0.043352        0.334408       -0.102218
     C   23       -0.168356       -0.102218       -0.077221

     Cl  24        1.888391        3.185910       -0.290079
     Cl  24        3.185910        0.185432       -0.027048
     Cl  24       -0.290079       -0.027048       -2.073823


     NQR/NMR SPECTROSCOPIC PARAMETERS:
     Cl   1    Vxx=    0.5678    axis=(  0.502758 -0.512117 -0.696398)
     Cl   1    Vyy=    2.5062    axis=( -0.620212  0.347470 -0.703279)
     Cl   1    Vzz=   -3.0740    axis=( -0.602139 -0.785494  0.142928)
     Cl   1  Q=        -8.1650 1e-30 m^2  Cq=        58.9738 MHz  eta= 0.63059

     C    2    Vxx=   -0.0864    axis=(  0.271430  0.687674 -0.673372)
     C    2    Vyy=   -0.7195    axis=( -0.447955  0.709503  0.544006)
     C    2    Vzz=    0.8059    axis=( -0.851858 -0.153981 -0.500627)
     C    2  Q=         1.0000 1e-30 m^2  Cq=         1.8934 MHz  eta= 0.78568

     C    3    Vxx=   -0.0632    axis=(  0.550040 -0.797846 -0.246775)
     C    3    Vyy=   -0.5315    axis=(  0.514964  0.091394  0.852326)
     C    3    Vzz=    0.5947    axis=( -0.657471 -0.595894  0.461132)
     C    3  Q=         1.0000 1e-30 m^2  Cq=         1.3973 MHz  eta= 0.78757

     H    4    Vxx=   -0.0407    axis=(  0.681132 -0.563308 -0.467700)
     H    4    Vyy=   -0.5063    axis=(  0.302306  0.798177 -0.521080)
     H    4    Vzz=    0.5470    axis=(  0.666836  0.213536  0.713955)
     H    4  Q=         1.0000 1e-30 m^2  Cq=         1.2853 MHz  eta= 0.85109

     C    5    Vxx=   -0.0728    axis=(  0.273830  0.873960  0.401512)
     C    5    Vyy=   -0.4878    axis=(  0.884543 -0.392757  0.251646)
     C    5    Vzz=    0.5606    axis=( -0.377625 -0.286246  0.880604)
     C    5  Q=         1.0000 1e-30 m^2  Cq=         1.3171 MHz  eta= 0.74029

     H    6    Vxx=   -0.0218    axis=(  0.983551  0.013182  0.180151)
     H    6    Vyy=   -0.5509    axis=(  0.138109  0.587926 -0.797038)
     H    6    Vzz=    0.5727    axis=( -0.116422  0.808807  0.576434)
     H    6  Q=         1.0000 1e-30 m^2  Cq=         1.3455 MHz  eta= 0.92399

     H    7    Vxx=   -0.1086    axis=( -0.080858  0.601265  0.794948)
     H    7    Vyy=   -0.2655    axis=( -0.970160  0.135434 -0.201116)
     H    7    Vzz=    0.3741    axis=( -0.228588 -0.787488  0.572372)
     H    7  Q=         1.0000 1e-30 m^2  Cq=         0.8791 MHz  eta= 0.41919

     C    8    Vxx=    0.0414    axis=( -0.525442 -0.107261 -0.844041)
     C    8    Vyy=    0.3747    axis=( -0.742980  0.541243  0.393747)
     C    8    Vzz=   -0.4161    axis=(  0.414597  0.833997 -0.364084)
     C    8  Q=         1.0000 1e-30 m^2  Cq=        -0.9778 MHz  eta= 0.80092

     H    9    Vxx=   -0.0672    axis=( -0.652181 -0.483250  0.584063)
     H    9    Vyy=   -0.4617    axis=(  0.368881 -0.875404 -0.312402)
     H    9    Vzz=    0.5289    axis=(  0.662259  0.011707  0.749183)
     H    9  Q=         1.0000 1e-30 m^2  Cq=         1.2426 MHz  eta= 0.74589

     C   10    Vxx=   -0.0077    axis=(  0.297011  0.577014 -0.760815)
     C   10    Vyy=   -0.5633    axis=(  0.840153  0.220740  0.495396)
     C   10    Vzz=    0.5710    axis=(  0.453793 -0.786339 -0.419218)
     C   10  Q=         1.0000 1e-30 m^2  Cq=         1.3417 MHz  eta= 0.97299

     C   11    Vxx=   -0.0369    axis=( -0.594236 -0.680162 -0.429259)
     C   11    Vyy=   -0.5709    axis=( -0.106077 -0.462772  0.880108)
     C   11    Vzz=    0.6078    axis=( -0.797265  0.568526  0.202846)
     C   11  Q=         1.0000 1e-30 m^2  Cq=         1.4280 MHz  eta= 0.87867

     Cl  12    Vxx=    0.6343    axis=( -0.303709  0.948545  0.089575)
     Cl  12    Vyy=    2.1566    axis=(  0.949189  0.309367 -0.057733)
     Cl  12    Vzz=   -2.7909    axis=(  0.082474 -0.067489  0.994305)
     Cl  12  Q=        -8.1650 1e-30 m^2  Cq=        53.5426 MHz  eta= 0.54543

     H   13    Vxx=   -0.0139    axis=(  0.721593  0.449942 -0.526170)
     H   13    Vyy=   -0.7030    axis=( -0.692312  0.471736 -0.546048)
     H   13    Vzz=    0.7169    axis=(  0.002524  0.758299  0.651902)
     H   13  Q=         1.0000 1e-30 m^2  Cq=         1.6845 MHz  eta= 0.96127

     C   14    Vxx=   -0.0946    axis=( -0.462138  0.182971  0.867727)
     C   14    Vyy=   -0.5979    axis=( -0.623809 -0.762543 -0.171439)
     C   14    Vzz=    0.6925    axis=(  0.630311 -0.620524  0.466538)
     C   14  Q=         1.0000 1e-30 m^2  Cq=         1.6271 MHz  eta= 0.72672

     H   15    Vxx=    0.0290    axis=( -0.521322  0.169306  0.836396)
     H   15    Vyy=    0.6527    axis=( -0.848664 -0.205544 -0.487361)
     H   15    Vzz=   -0.6817    axis=( -0.089403  0.963892 -0.250838)
     H   15  Q=         1.0000 1e-30 m^2  Cq=        -1.6017 MHz  eta= 0.91500

     C   16    Vxx=    0.0268    axis=( -0.655160 -0.524703 -0.543555)
     C   16    Vyy=    0.4650    axis=( -0.298582  0.840732 -0.451685)
     C   16    Vzz=   -0.4918    axis=( -0.693985  0.133630  0.707480)
     C   16  Q=         1.0000 1e-30 m^2  Cq=        -1.1557 MHz  eta= 0.89097

     C   17    Vxx=    0.0006    axis=( -0.282441 -0.600375  0.748183)
     C   17    Vyy=    0.5192    axis=( -0.861258  0.502172  0.077838)
     C   17    Vzz=   -0.5198    axis=( -0.422448 -0.622394 -0.658911)
     C   17  Q=         1.0000 1e-30 m^2  Cq=        -1.2213 MHz  eta= 0.99780

     Cl  18    Vxx=    0.0498    axis=(  0.905774 -0.405348  0.123561)
     Cl  18    Vyy=    2.4776    axis=( -0.280097 -0.791486 -0.543228)
     Cl  18    Vzz=   -2.5274    axis=(  0.317993  0.457432 -0.830444)
     Cl  18  Q=        -8.1650 1e-30 m^2  Cq=        48.4869 MHz  eta= 0.96062

     H   19    Vxx=   -0.0241    axis=(  0.947818 -0.218146 -0.232493)
     H   19    Vyy=   -0.4325    axis=(  0.316571  0.557680  0.767317)
     H   19    Vzz=    0.4566    axis=( -0.037730 -0.800878  0.597638)
     H   19  Q=         1.0000 1e-30 m^2  Cq=         1.0729 MHz  eta= 0.89453

     C   20    Vxx=    0.0475    axis=(  0.121609 -0.963032 -0.240378)
     C   20    Vyy=    0.4926    axis=(  0.163320  0.258288 -0.952163)
     C   20    Vzz=   -0.5402    axis=(  0.979049  0.076534  0.188692)
     C   20  Q=         1.0000 1e-30 m^2  Cq=        -1.2691 MHz  eta= 0.82407

     H   21    Vxx=    0.0097    axis=(  0.495919  0.828780 -0.259208)
     H   21    Vyy=    0.5339    axis=( -0.794302  0.312309 -0.521102)
     H   21    Vzz=   -0.5436    axis=( -0.350926  0.464314  0.813181)
     H   21  Q=         1.0000 1e-30 m^2  Cq=        -1.2773 MHz  eta= 0.96430

     C   22    Vxx=    0.0420    axis=(  0.783690 -0.477000 -0.397870)
     C   22    Vyy=    0.6371    axis=( -0.482072 -0.063136 -0.873854)
     C   22    Vzz=   -0.6791    axis=(  0.391709  0.876633 -0.279427)
     C   22  Q=         1.0000 1e-30 m^2  Cq=        -1.5956 MHz  eta= 0.87626

     C   23    Vxx=   -0.0112    axis=(  0.501458 -0.302607 -0.810536)
     C   23    Vyy=   -0.3585    axis=(  0.854035  0.023234  0.519696)
     C   23    Vzz=    0.3697    axis=(  0.138432  0.952832 -0.270088)
     C   23  Q=         1.0000 1e-30 m^2  Cq=         0.8686 MHz  eta= 0.93927

     Cl  24    Vxx=   -1.9934    axis=( -0.278789  0.418386  0.864425)
     Cl  24    Vyy=   -2.3508    axis=(  0.541510 -0.674887  0.501293)
     Cl  24    Vzz=    4.3441    axis=( -0.793123 -0.607849  0.038409)
     Cl  24  Q=        -8.1650 1e-30 m^2  Cq=       -83.3398 MHz  eta= 0.08227

     Initialization:
     gipaw_setup  :      9.20s CPU     10.83s WALL (       1 calls)

     Linear response

     Apply operators

     Induced current

     Other routines
     efg          :      9.45s CPU     12.12s WALL (       1 calls)

     General routines
     calbec       :      3.28s CPU      4.35s WALL (      16 calls)
     fft          :      1.52s CPU      2.10s WALL (      15 calls)
     ffts         :      0.04s CPU      0.06s WALL (       2 calls)
     fftw         :      3.40s CPU      4.45s WALL (     672 calls)
     davcio       :      0.02s CPU      0.32s WALL (      32 calls)

     Parallel routines
     fft_scatter  :      2.27s CPU      3.80s WALL (     689 calls)

     Plugins

     GIPAW        :     60.90s CPU     75.36s WALL (       1 calls)
