
     Program QE v.6.0 (svn rev. 13079) starts on 20Jan2017 at 14:48:41 

     This program is part of the open-source Quantum ESPRESSO suite
     for quantum simulation of materials; please cite
         "P. Giannozzi et al., J. Phys.:Condens. Matter 21 395502 (2009);
          URL http://www.quantum-espresso.org", 
     in publications or presentations arising from this work. More details at
     http://www.quantum-espresso.org/quote

     Parallel version (MPI), running on     8 processors
     R & G space division:  proc/nbgrp/npool/nimage =       8

     ***** This is GIPAW svn revision unknown      *****

     Parallelizing q-star over 1 images

     Reading data from directory:
     /users/majewski/paradichlorobenzene/pbe/9_constraint/scratch/pbe.ecut100.np8.dt60.pcl2phi-129368.save
     Message from routine read_xml_file:
     file /users/majewski/paradichlorobenzene/pbe/9_constraint/scratch/pbe.ecut100.np8.dt60.pcl2phi-129368.save not guaranteed to be safe for post-processing

   Info: using nr1, nr2, nr3 values from input

   Info: using nr1, nr2, nr3 values from input

     IMPORTANT: XC functional enforced from input :
     Exchange-correlation      =  SLA  PW   PBX  PBC ( 1  4  3  4 0 0)
     Any further DFT definition will be discarded
     Please, verify this is what you really want

               file C.pbe-n-kjpaw_psl.1.0.0.UPF: wavefunction(s)  2S 2P renormalized
               file Cl.pbe-n-kjpaw_psl.1.0.0.UPF: wavefunction(s)  3S 3P renormalized
               file H.pbe-kjpaw_psl.1.0.0.UPF: wavefunction(s)  1S renormalized

     Parallelization info
     --------------------
     sticks:   dense  smooth     PW     G-vecs:    dense   smooth      PW
     Min        3057    1223    332               144436    36536    5170
     Max        3059    1225    333               144437    36537    5171
     Sum       24467    9791   2657              1155489   292295   41363


     Subspace diagonalization in iterative solution of the eigenvalue problem:
     a serial algorithm will be used

     GIPAW projectors -----------------------------------------------
     atom=  C    l=0  rc=    1.2000  rs=    0.8000
     atom=  C    l=0  rc=    1.2000  rs=    0.8000
     atom=  C    l=1  rc=    1.4000  rs=    0.9333
     atom=  C    l=1  rc=    1.4000  rs=    0.9333
     projs nearly linearly dependent: l=1  n1,n2= 1, 2  s=  0.99951561

     atom=  Cl   l=0  rc=    1.6000  rs=    1.0667
     atom=  Cl   l=0  rc=    1.6000  rs=    1.0667
     atom=  Cl   l=1  rc=    1.6000  rs=    1.0667
     atom=  Cl   l=1  rc=    1.6000  rs=    1.0667
     atom=  Cl   l=2  rc=    1.6000  rs=    1.0667
     atom=  Cl   l=2  rc=    1.6000  rs=    1.0667
     projs nearly linearly dependent: l=2  n1,n2= 1, 2  s=  0.99993509

     atom=  H    l=0  rc=    1.0000  rs=    0.6667
     atom=  H    l=0  rc=    1.0000  rs=    0.6667
     projs nearly linearly dependent: l=0  n1,n2= 1, 2  s=  0.99968852
     -----------------------------------------------------------------

     GIPAW integrals: -------------------------------------------
     Atom  i/j   nmr_para   nmr_dia   epr_rmc  epr_para   epr_dia
       C   1 1   0.83E+03  0.17E-01  0.93E+01  0.24E+08  0.24E+03
       C   2 1   0.86E+03 -0.61E-01  0.94E+01  0.25E+08  0.25E+03
       C   2 2   0.90E+03 -0.15E+00  0.97E+01  0.26E+08  0.26E+03
       C   3 3   0.33E+01  0.34E+00  0.18E+01  0.55E+03  0.21E+02
       C   4 3   0.35E+01  0.37E+00  0.20E+01  0.59E+03  0.22E+02
       C   4 4   0.38E+01  0.39E+00  0.22E+01  0.63E+03  0.24E+02
       Cl  1 1   0.14E+04 -0.47E+00  0.84E+01  0.32E+09  0.42E+03
       Cl  2 1   0.21E+04 -0.37E+00  0.12E+02  0.49E+09  0.65E+03
       Cl  2 2   0.33E+04 -0.16E+00  0.21E+02  0.76E+09  0.10E+04
       Cl  3 3   0.21E+02  0.79E-01  0.89E+01  0.23E+05  0.13E+03
       Cl  4 3   0.24E+02  0.67E-01  0.99E+01  0.27E+05  0.15E+03
       Cl  4 4   0.28E+02  0.44E-01  0.11E+02  0.32E+05  0.18E+03
       Cl  5 5   0.77E+00  0.19E+00  0.18E+01  0.12E+03  0.22E+02
       Cl  6 5   0.80E+00  0.19E+00  0.19E+01  0.12E+03  0.23E+02
       Cl  6 6   0.83E+00  0.20E+00  0.19E+01  0.12E+03  0.23E+02
       H   1 1   0.39E+02  0.19E+00  0.29E+00  0.78E+05  0.13E+02
       H   2 1   0.41E+02  0.21E+00  0.32E+00  0.82E+05  0.14E+02
       H   2 2   0.43E+02  0.22E+00  0.36E+00  0.86E+05  0.15E+02
     ------------------------------------------------------------

     alpha_pv=     34.0306 eV

     Number of occupied bands for each k-point:
     k-point:     1    nbnd_occ=  42
     k-point:     2    nbnd_occ=  42
     k-point:     3    nbnd_occ=  42
     k-point:     4    nbnd_occ=  42
     k-point:     5    nbnd_occ=  42
     k-point:     6    nbnd_occ=  42
     k-point:     7    nbnd_occ=  42
     k-point:     8    nbnd_occ=  42
     k-point:     9    nbnd_occ=  42
     k-point:    10    nbnd_occ=  42
     k-point:    11    nbnd_occ=  42
     k-point:    12    nbnd_occ=  42
     k-point:    13    nbnd_occ=  42
     k-point:    14    nbnd_occ=  42
     k-point:    15    nbnd_occ=  42
     k-point:    16    nbnd_occ=  42


     q-space interpolation up to   110.00 Rydberg

     GIPAW job: efg                                                                             


     ELECTRIC FIELD GRADIENTS TENSORS IN Hartree/bohrradius^2:

     ----- bare term -----
     Cl   1        0.006251        0.027924        0.041240
     Cl   1        0.027924        0.000332        0.057673
     Cl   1        0.041240        0.057673       -0.006583

     C    2       -0.722635        0.512431       -0.357595
     C    2        0.512431        0.152641       -0.103877
     C    2       -0.357595       -0.103877        0.569994

     C    3        0.345484        0.076303       -0.147750
     C    3        0.076303       -0.421413       -0.637984
     C    3       -0.147750       -0.637984        0.075929

     H    4       -0.128365        0.165961       -0.500011
     H    4        0.165961       -0.128082       -0.002016
     H    4       -0.500011       -0.002016        0.256447

     C    5       -0.637480        0.299572       -0.228976
     C    5        0.299572        0.061137       -0.038138
     C    5       -0.228976       -0.038138        0.576343

     H    6        0.501820        0.095102       -0.060043
     H    6        0.095102       -0.060426       -0.175716
     H    6       -0.060043       -0.175716       -0.441394

     H    7        0.314812        0.150822        0.022218
     H    7        0.150822       -0.559197       -0.196417
     H    7        0.022218       -0.196417        0.244385

     C    8        0.193697        0.122545       -0.058851
     C    8        0.122545       -0.278750        0.005818
     C    8       -0.058851        0.005818        0.085053

     H    9       -0.145023        0.346568        0.070915
     H    9        0.346568       -0.139160       -0.158678
     H    9        0.070915       -0.158678        0.284183

     C   10       -0.199504       -0.037179        0.137107
     C   10       -0.037179       -0.117564       -0.206135
     C   10        0.137107       -0.206135        0.317068

     C   11        0.121142        0.009154       -0.173892
     C   11        0.009154       -0.038349        0.544662
     C   11       -0.173892        0.544662       -0.082793

     Cl  12        0.105871       -0.039532        0.142375
     Cl  12       -0.039532       -0.203868       -0.398755
     Cl  12        0.142375       -0.398755        0.097997

     H   13        0.373318       -0.219918       -0.150708
     H   13       -0.219918       -0.337011       -0.557242
     H   13       -0.150708       -0.557242       -0.036307

     C   14        0.117270        0.098022       -0.089616
     C   14        0.098022       -0.333712       -0.453520
     C   14       -0.089616       -0.453520        0.216442

     H   15       -0.008049       -0.344832       -0.421644
     H   15       -0.344832       -0.033691       -0.452452
     H   15       -0.421644       -0.452452        0.041740

     C   16       -0.663689        0.315289       -0.349030
     C   16        0.315289        0.202889       -0.056212
     C   16       -0.349030       -0.056212        0.460800

     C   17        0.235937        0.046977       -0.118151
     C   17        0.046977       -0.181001       -0.562704
     C   17       -0.118151       -0.562704       -0.054937

     Cl  18       -0.304800        0.299422        0.058676
     Cl  18        0.299422        0.070211       -0.135884
     Cl  18        0.058676       -0.135884        0.234589

     H   19        0.147221        0.140765        0.085165
     H   19        0.140765       -0.482076        0.500776
     H   19        0.085165        0.500776        0.334855

     C   20       -0.851115       -0.360759       -0.418851
     C   20       -0.360759        0.376055        0.028173
     C   20       -0.418851        0.028173        0.475060

     H   21       -0.542780        0.101422        0.201371
     H   21        0.101422        0.361667        0.229731
     H   21        0.201371        0.229731        0.181112

     C   22        0.189041        0.009705       -0.065134
     C   22        0.009705       -0.515727        0.440229
     C   22       -0.065134        0.440229        0.326686

     C   23       -0.815168       -0.441576       -0.359899
     C   23       -0.441576        0.343189        0.005246
     C   23       -0.359899        0.005246        0.471979

     Cl  24       -0.010690       -0.009541        0.048299
     Cl  24       -0.009541       -0.008297       -0.065730
     Cl  24        0.048299       -0.065730        0.018987

     ----- ionic term -----
     Cl   1        0.189962       -0.238692        0.012799
     Cl   1       -0.238692       -0.029285       -0.002656
     Cl   1        0.012799       -0.002656       -0.160677

     C    2        0.261671       -0.194464        0.247927
     C    2       -0.194464       -0.000428        0.388783
     C    2        0.247927        0.388783       -0.261243

     C    3        0.151891       -0.256262        0.132217
     C    3       -0.256262        0.099709        0.451671
     C    3        0.132217        0.451671       -0.251600

     H    4        0.469309        0.317023        0.690805
     H    4        0.317023       -0.391261        0.296361
     H    4        0.690805        0.296361       -0.078048

     C    5        0.330642       -0.272545        0.180813
     C    5       -0.272545       -0.056137        0.328544
     C    5        0.180813        0.328544       -0.274505

     H    6       -0.497321        0.036643        0.059267
     H    6        0.036643        0.394929        0.796734
     H    6        0.059267        0.796734        0.102391

     H    7       -0.518754       -0.067857        0.009371
     H    7       -0.067857        1.006805       -0.383873
     H    7        0.009371       -0.383873       -0.488052

     C    8        0.378018        0.102975        0.055487
     C    8        0.102975        0.204097       -0.216723
     C    8        0.055487       -0.216723       -0.582115

     H    9        0.823548       -0.502296        0.289096
     H    9       -0.502296       -0.261707       -0.168457
     H    9        0.289096       -0.168457       -0.561841

     C   10        0.256920        0.164178        0.041960
     C   10        0.164178        0.263344       -0.311089
     C   10        0.041960       -0.311089       -0.520263

     C   11        0.318898        0.082292        0.073022
     C   11        0.082292        0.158991       -0.319566
     C   11        0.073022       -0.319566       -0.477889

     Cl  12        0.152865        0.156308       -0.030906
     Cl  12        0.156308       -0.010469       -0.032665
     Cl  12       -0.030906       -0.032665       -0.142396

     H   13       -0.522112        0.145864        0.117363
     H   13        0.145864        0.489349        0.793812
     H   13        0.117363        0.793812        0.032763

     C   14        0.291944       -0.158503        0.238853
     C   14       -0.158503       -0.030212        0.318612
     C   14        0.238853        0.318612       -0.261732

     H   15        0.491735        0.225335        0.738672
     H   15        0.225335       -0.507374        0.229724
     H   15        0.738672        0.229724        0.015639

     C   16        0.131738       -0.203863        0.183649
     C   16       -0.203863        0.057635        0.408301
     C   16        0.183649        0.408301       -0.189373

     C   17        0.147968       -0.214695        0.201368
     C   17       -0.214695        0.084210        0.418335
     C   17        0.201368        0.418335       -0.232178

     Cl  18        0.072060       -0.197973       -0.027365
     Cl  18       -0.197973        0.075764        0.038329
     Cl  18       -0.027365        0.038329       -0.147824

     H   19       -0.501103       -0.217938        0.066637
     H   19       -0.217938        0.864577       -0.520150
     H   19        0.066637       -0.520150       -0.363474

     C   20        0.382900        0.116193        0.031745
     C   20        0.116193        0.116141       -0.298008
     C   20        0.031745       -0.298008       -0.499042

     H   21        0.805571       -0.431349        0.431543
     H   21       -0.431349       -0.316030       -0.193801
     H   21        0.431543       -0.193801       -0.489540

     C   22        0.227646        0.152724        0.011183
     C   22        0.152724        0.291251       -0.384378
     C   22        0.011183       -0.384378       -0.518897

     C   23        0.267928        0.011776        0.085829
     C   23        0.011776        0.278626       -0.329475
     C   23        0.085829       -0.329475       -0.546554

     Cl  24        0.159571        0.206265       -0.006846
     Cl  24        0.206265       -0.013279       -0.009161
     Cl  24       -0.006846       -0.009161       -0.146293

     ----- GIPAW term -----
     Cl   1       -0.192073       -1.725576       -0.021650
     Cl   1       -1.725576        1.644871        1.759228
     Cl   1       -0.021650        1.759228       -1.452797

     C    2       -0.059554        0.039515       -0.005274
     C    2        0.039515        0.051030        0.043351
     C    2       -0.005274        0.043351        0.008523

     C    3       -0.029970       -0.007002       -0.002198
     C    3       -0.007002        0.105063        0.057823
     C    3       -0.002198        0.057823       -0.075093

     H    4       -0.000000        0.000000        0.000000
     H    4        0.000000        0.000000        0.000000
     H    4        0.000000        0.000000        0.000000

     C    5       -0.041572       -0.035158       -0.001881
     C    5       -0.035158        0.017882        0.013435
     C    5       -0.001881        0.013435        0.023690

     H    6       -0.000000        0.000000        0.000000
     H    6        0.000000        0.000000        0.000000
     H    6        0.000000        0.000000        0.000000

     H    7       -0.000000        0.000000        0.000000
     H    7        0.000000        0.000000        0.000000
     H    7        0.000000        0.000000        0.000000

     C    8        0.026291        0.008689        0.008682
     C    8        0.008689        0.011627       -0.013194
     C    8        0.008682       -0.013194       -0.037918

     H    9       -0.000000        0.000000        0.000000
     H    9        0.000000        0.000000        0.000000
     H    9        0.000000        0.000000        0.000000

     C   10        0.001142        0.025208        0.021605
     C   10        0.025208       -0.005055       -0.037464
     C   10        0.021605       -0.037464        0.003913

     C   11       -0.019248       -0.004970       -0.030203
     C   11       -0.004970        0.141982        0.087910
     C   11       -0.030203        0.087910       -0.122734

     Cl  12       -0.074149       -0.141718       -0.443782
     Cl  12       -0.141718        0.194442        0.635930
     Cl  12       -0.443782        0.635930       -0.120293

     H   13       -0.000000        0.000000        0.000000
     H   13        0.000000        0.000000        0.000000
     H   13        0.000000        0.000000        0.000000

     C   14       -0.068280        0.035874        0.021359
     C   14        0.035874        0.099576        0.077577
     C   14        0.021359        0.077577       -0.031296

     H   15       -0.000000        0.000000        0.000000
     H   15        0.000000        0.000000        0.000000
     H   15        0.000000        0.000000        0.000000

     C   16       -0.122702        0.089545       -0.023315
     C   16        0.089545        0.132708        0.072787
     C   16       -0.023315        0.072787       -0.010006

     C   17       -0.007651        0.018321        0.001519
     C   17        0.018321        0.145292        0.010957
     C   17        0.001519        0.010957       -0.137641

     Cl  18       -1.044183       -1.265866        0.575464
     Cl  18       -1.265866        1.271101       -2.114174
     Cl  18        0.575464       -2.114174       -0.226919

     H   19       -0.000000        0.000000        0.000000
     H   19        0.000000        0.000000        0.000000
     H   19        0.000000        0.000000        0.000000

     C   20       -0.161659        0.083325       -0.078083
     C   20        0.083325        0.204649       -0.128001
     C   20       -0.078083       -0.128001       -0.042990

     H   21       -0.000000        0.000000        0.000000
     H   21        0.000000        0.000000        0.000000
     H   21        0.000000        0.000000        0.000000

     C   22       -0.052599        0.049309       -0.019797
     C   22        0.049309       -0.020175       -0.122019
     C   22       -0.019797       -0.122019        0.072774

     C   23       -0.178356       -0.004148       -0.031018
     C   23       -0.004148        0.207218       -0.165317
     C   23       -0.031018       -0.165317       -0.028862

     Cl  24       -0.228155        1.859145       -0.090385
     Cl  24        1.859145        1.073752       -1.986728
     Cl  24       -0.090385       -1.986728       -0.845598

     ----- total EFG -----
     Cl   1        0.004140       -1.936344        0.032389
     Cl   1       -1.936344        1.615918        1.814244
     Cl   1        0.032389        1.814244       -1.620057

     C    2       -0.520518        0.357482       -0.114943
     C    2        0.357482        0.203244        0.328257
     C    2       -0.114943        0.328257        0.317274

     C    3        0.467406       -0.186961       -0.017732
     C    3       -0.186961       -0.216641       -0.128490
     C    3       -0.017732       -0.128490       -0.250764

     H    4        0.340944        0.482983        0.190794
     H    4        0.482983       -0.519343        0.294345
     H    4        0.190794        0.294345        0.178399

     C    5       -0.348410       -0.008131       -0.050043
     C    5       -0.008131        0.022882        0.303841
     C    5       -0.050043        0.303841        0.325528

     H    6        0.004499        0.131746       -0.000777
     H    6        0.131746        0.334503        0.621018
     H    6       -0.000777        0.621018       -0.339003

     H    7       -0.203942        0.082965        0.031589
     H    7        0.082965        0.447608       -0.580290
     H    7        0.031589       -0.580290       -0.243667

     C    8        0.598005        0.234210        0.005318
     C    8        0.234210       -0.063025       -0.224099
     C    8        0.005318       -0.224099       -0.534980

     H    9        0.678525       -0.155728        0.360011
     H    9       -0.155728       -0.400867       -0.327135
     H    9        0.360011       -0.327135       -0.277658

     C   10        0.058558        0.152206        0.200671
     C   10        0.152206        0.140724       -0.554687
     C   10        0.200671       -0.554687       -0.199282

     C   11        0.420792        0.086476       -0.131073
     C   11        0.086476        0.262623        0.313006
     C   11       -0.131073        0.313006       -0.683415

     Cl  12        0.184587       -0.024942       -0.332312
     Cl  12       -0.024942       -0.019895        0.204510
     Cl  12       -0.332312        0.204510       -0.164692

     H   13       -0.148794       -0.074054       -0.033345
     H   13       -0.074054        0.152339        0.236570
     H   13       -0.033345        0.236570       -0.003544

     C   14        0.340934       -0.024607        0.170596
     C   14       -0.024607       -0.264348       -0.057331
     C   14        0.170596       -0.057331       -0.076586

     H   15        0.483686       -0.119497        0.317027
     H   15       -0.119497       -0.541065       -0.222728
     H   15        0.317027       -0.222728        0.057379

     C   16       -0.654652        0.200971       -0.188697
     C   16        0.200971        0.393232        0.424876
     C   16       -0.188697        0.424876        0.261420

     C   17        0.376255       -0.149398        0.084735
     C   17       -0.149398        0.048501       -0.133412
     C   17        0.084735       -0.133412       -0.424756

     Cl  18       -1.276922       -1.164416        0.606775
     Cl  18       -1.164416        1.417076       -2.211729
     Cl  18        0.606775       -2.211729       -0.140154

     H   19       -0.353882       -0.077174        0.151802
     H   19       -0.077174        0.382501       -0.019374
     H   19        0.151802       -0.019374       -0.028619

     C   20       -0.629873       -0.161241       -0.465189
     C   20       -0.161241        0.696845       -0.397836
     C   20       -0.465189       -0.397836       -0.066972

     H   21        0.262791       -0.329927        0.632914
     H   21       -0.329927        0.045637        0.035930
     H   21        0.632914        0.035930       -0.308428

     C   22        0.364089        0.211738       -0.073748
     C   22        0.211738       -0.244651       -0.066168
     C   22       -0.073748       -0.066168       -0.119438

     C   23       -0.725596       -0.433948       -0.305088
     C   23       -0.433948        0.829033       -0.489546
     C   23       -0.305088       -0.489546       -0.103437

     Cl  24       -0.079273        2.055869       -0.048932
     Cl  24        2.055869        1.052177       -2.061619
     Cl  24       -0.048932       -2.061619       -0.972904

     ----- total EFG (symmetrized) -----
     Cl   1        0.004140       -1.936344        0.032389
     Cl   1       -1.936344        1.615918        1.814244
     Cl   1        0.032389        1.814244       -1.620057

     C    2       -0.520518        0.357482       -0.114943
     C    2        0.357482        0.203244        0.328257
     C    2       -0.114943        0.328257        0.317274

     C    3        0.467406       -0.186961       -0.017732
     C    3       -0.186961       -0.216641       -0.128490
     C    3       -0.017732       -0.128490       -0.250764

     H    4        0.340944        0.482983        0.190794
     H    4        0.482983       -0.519343        0.294345
     H    4        0.190794        0.294345        0.178399

     C    5       -0.348410       -0.008131       -0.050043
     C    5       -0.008131        0.022882        0.303841
     C    5       -0.050043        0.303841        0.325528

     H    6        0.004499        0.131746       -0.000777
     H    6        0.131746        0.334503        0.621018
     H    6       -0.000777        0.621018       -0.339003

     H    7       -0.203942        0.082965        0.031589
     H    7        0.082965        0.447608       -0.580290
     H    7        0.031589       -0.580290       -0.243667

     C    8        0.598005        0.234210        0.005318
     C    8        0.234210       -0.063025       -0.224099
     C    8        0.005318       -0.224099       -0.534980

     H    9        0.678525       -0.155728        0.360011
     H    9       -0.155728       -0.400867       -0.327135
     H    9        0.360011       -0.327135       -0.277658

     C   10        0.058558        0.152206        0.200671
     C   10        0.152206        0.140724       -0.554687
     C   10        0.200671       -0.554687       -0.199282

     C   11        0.420792        0.086476       -0.131073
     C   11        0.086476        0.262623        0.313006
     C   11       -0.131073        0.313006       -0.683415

     Cl  12        0.184587       -0.024942       -0.332312
     Cl  12       -0.024942       -0.019895        0.204510
     Cl  12       -0.332312        0.204510       -0.164692

     H   13       -0.148794       -0.074054       -0.033345
     H   13       -0.074054        0.152339        0.236570
     H   13       -0.033345        0.236570       -0.003544

     C   14        0.340934       -0.024607        0.170596
     C   14       -0.024607       -0.264348       -0.057331
     C   14        0.170596       -0.057331       -0.076586

     H   15        0.483686       -0.119497        0.317027
     H   15       -0.119497       -0.541065       -0.222728
     H   15        0.317027       -0.222728        0.057379

     C   16       -0.654652        0.200971       -0.188697
     C   16        0.200971        0.393232        0.424876
     C   16       -0.188697        0.424876        0.261420

     C   17        0.376255       -0.149398        0.084735
     C   17       -0.149398        0.048501       -0.133412
     C   17        0.084735       -0.133412       -0.424756

     Cl  18       -1.276922       -1.164416        0.606775
     Cl  18       -1.164416        1.417076       -2.211729
     Cl  18        0.606775       -2.211729       -0.140154

     H   19       -0.353882       -0.077174        0.151802
     H   19       -0.077174        0.382501       -0.019374
     H   19        0.151802       -0.019374       -0.028619

     C   20       -0.629873       -0.161241       -0.465189
     C   20       -0.161241        0.696845       -0.397836
     C   20       -0.465189       -0.397836       -0.066972

     H   21        0.262791       -0.329927        0.632914
     H   21       -0.329927        0.045637        0.035930
     H   21        0.632914        0.035930       -0.308428

     C   22        0.364089        0.211738       -0.073748
     C   22        0.211738       -0.244651       -0.066168
     C   22       -0.073748       -0.066168       -0.119438

     C   23       -0.725596       -0.433948       -0.305088
     C   23       -0.433948        0.829033       -0.489546
     C   23       -0.305088       -0.489546       -0.103437

     Cl  24       -0.079273        2.055869       -0.048932
     Cl  24        2.055869        1.052177       -2.061619
     Cl  24       -0.048932       -2.061619       -0.972904


     NQR/NMR SPECTROSCOPIC PARAMETERS:
     Cl   1    Vxx=   -0.6282    axis=(  0.806810  0.272253  0.524344)
     Cl   1    Vyy=   -2.7459    axis=(  0.353482  0.488688 -0.797643)
     Cl   1    Vzz=    3.3742    axis=( -0.473401  0.828892  0.298041)
     Cl   1  Q=        -8.1650 1e-30 m^2  Cq=       -64.7314 MHz  eta= 0.62763

     C    2    Vxx=    0.1075    axis=( -0.456555 -0.587104  0.668481)
     C    2    Vyy=    0.6145    axis=(  0.146207  0.691634  0.707295)
     C    2    Vzz=   -0.7220    axis=( -0.877600  0.420656 -0.229930)
     C    2  Q=         1.0000 1e-30 m^2  Cq=        -1.6964 MHz  eta= 0.70226

     C    3    Vxx=   -0.1287    axis=( -0.186388 -0.663038  0.725010)
     C    3    Vyy=   -0.3868    axis=(  0.168688  0.705386  0.688459)
     C    3    Vzz=    0.5155    axis=( -0.967886  0.250621 -0.019629)
     C    3  Q=         1.0000 1e-30 m^2  Cq=         1.2111 MHz  eta= 0.50064

     H    4    Vxx=    0.0526    axis=( -0.533630 -0.015461  0.845577)
     H    4    Vyy=    0.7241    axis=( -0.766382 -0.413957 -0.491221)
     H    4    Vzz=   -0.7767    axis=( -0.357627  0.910165 -0.209051)
     H    4  Q=         1.0000 1e-30 m^2  Cq=        -1.8250 MHz  eta= 0.86453

     C    5    Vxx=   -0.1632    axis=(  0.102571  0.849466 -0.517577)
     C    5    Vyy=   -0.3530    axis=( -0.993252  0.059154 -0.099751)
     C    5    Vzz=    0.5162    axis=( -0.054118  0.524316  0.849802)
     C    5  Q=         1.0000 1e-30 m^2  Cq=         1.2128 MHz  eta= 0.36755

     H    6    Vxx=   -0.0068    axis=(  0.983148 -0.085272 -0.161705)
     H    6    Vyy=   -0.7152    axis=( -0.095317  0.515690 -0.851457)
     H    6    Vzz=    0.7220    axis=(  0.155995  0.852521  0.498871)
     H    6  Q=         1.0000 1e-30 m^2  Cq=         1.6964 MHz  eta= 0.98116

     H    7    Vxx=   -0.1948    axis=(  0.982437  0.038115  0.182658)
     H    7    Vyy=   -0.5858    axis=( -0.177508  0.492638  0.851938)
     H    7    Vzz=    0.7807    axis=( -0.057513 -0.869399  0.490751)
     H    7  Q=         1.0000 1e-30 m^2  Cq=         1.8342 MHz  eta= 0.50080

     C    8    Vxx=   -0.0443    axis=( -0.311427  0.863105 -0.397571)
     C    8    Vyy=   -0.6317    axis=( -0.078897  0.393447  0.915955)
     C    8    Vzz=    0.6760    axis=( -0.946989 -0.316620  0.054434)
     C    8  Q=         1.0000 1e-30 m^2  Cq=         1.5883 MHz  eta= 0.86892

     H    9    Vxx=   -0.1690    axis=( -0.395099 -0.650257  0.648893)
     H    9    Vyy=   -0.6826    axis=( -0.094903  0.731477  0.675230)
     H    9    Vzz=    0.8517    axis=(  0.913723 -0.205201  0.350717)
     H    9  Q=         1.0000 1e-30 m^2  Cq=         2.0011 MHz  eta= 0.60305

     C   10    Vxx=    0.1428    axis=(  0.948248  0.182993  0.259499)
     C   10    Vyy=    0.5509    axis=( -0.007026 -0.804948  0.593304)
     C   10    Vzz=   -0.6937    axis=(  0.317454 -0.564422 -0.762004)
     C   10  Q=         1.0000 1e-30 m^2  Cq=        -1.6300 MHz  eta= 0.58818

     C   11    Vxx=    0.3373    axis=( -0.397418  0.861766  0.315307)
     C   11    Vyy=    0.4590    axis=(  0.909378  0.415860  0.009605)
     C   11    Vzz=   -0.7962    axis=(  0.122847 -0.290551  0.948941)
     C   11  Q=         1.0000 1e-30 m^2  Cq=        -1.8708 MHz  eta= 0.15283

     Cl  12    Vxx=    0.0078    axis=(  0.449375  0.876366  0.173334)
     Cl  12    Vyy=    0.4246    axis=( -0.784981  0.294737  0.544918)
     Cl  12    Vzz=   -0.4324    axis=(  0.426459 -0.380936  0.820378)
     Cl  12  Q=        -8.1650 1e-30 m^2  Cq=         8.2954 MHz  eta= 0.96409

     H   13    Vxx=   -0.1509    axis=(  0.816120 -0.218187  0.535109)
     H   13    Vyy=   -0.1857    axis=( -0.554736 -0.555237  0.619661)
     H   13    Vzz=    0.3365    axis=( -0.161911  0.802562  0.574176)
     H   13  Q=         1.0000 1e-30 m^2  Cq=         0.7907 MHz  eta= 0.10343

     C   14    Vxx=   -0.1230    axis=( -0.343147 -0.301090  0.889716)
     C   14    Vyy=   -0.2815    axis=( -0.045794  0.951467  0.304326)
     C   14    Vzz=    0.4045    axis=( -0.938165  0.063685 -0.340281)
     C   14  Q=         1.0000 1e-30 m^2  Cq=         0.9504 MHz  eta= 0.39191

     H   15    Vxx=   -0.0741    axis=( -0.518523 -0.256400  0.815716)
     H   15    Vyy=   -0.6151    axis=(  0.014520  0.951205  0.308217)
     H   15    Vzz=    0.6892    axis=( -0.854940  0.171662 -0.489499)
     H   15  Q=         1.0000 1e-30 m^2  Cq=         1.6193 MHz  eta= 0.78486

     C   16    Vxx=    0.0101    axis=( -0.380498 -0.590099  0.712042)
     C   16    Vyy=    0.7580    axis=( -0.022504 -0.763821 -0.645036)
     C   16    Vzz=   -0.7681    axis=( -0.924508  0.261459 -0.277352)
     C   16  Q=         1.0000 1e-30 m^2  Cq=        -1.8047 MHz  eta= 0.97359

     C   17    Vxx=    0.0093    axis=(  0.408032  0.892002 -0.194532)
     C   17    Vyy=    0.4530    axis=( -0.911262  0.384898 -0.146475)
     C   17    Vzz=   -0.4622    axis=( -0.055781  0.237036  0.969898)
     C   17  Q=         1.0000 1e-30 m^2  Cq=        -1.0861 MHz  eta= 0.95995

     Cl  18    Vxx=   -1.5007    axis=( -0.738922  0.194187  0.645203)
     Cl  18    Vyy=   -1.8488    axis=(  0.616880  0.580140  0.531880)
     Cl  18    Vzz=    3.3496    axis=( -0.271024  0.791030 -0.548468)
     Cl  18  Q=        -8.1650 1e-30 m^2  Cq=       -64.2595 MHz  eta= 0.10392

     H   19    Vxx=    0.0254    axis=(  0.346592  0.125325  0.929606)
     H   19    Vyy=    0.3936    axis=(  0.120070 -0.988809  0.088540)
     H   19    Vzz=   -0.4190    axis=(  0.930300  0.080930 -0.357761)
     H   19  Q=         1.0000 1e-30 m^2  Cq=        -0.9844 MHz  eta= 0.87891

     C   20    Vxx=    0.0954    axis=(  0.559764 -0.347522 -0.752259)
     C   20    Vyy=    0.8673    axis=(  0.026634  0.914886 -0.402833)
     C   20    Vzz=   -0.9627    axis=(  0.828224  0.205456  0.521376)
     C   20  Q=         1.0000 1e-30 m^2  Cq=        -2.2620 MHz  eta= 0.80183

     H   21    Vxx=    0.0063    axis=( -0.151715 -0.900352 -0.407859)
     H   21    Vyy=    0.7674    axis=( -0.812964  0.348367 -0.466616)
     H   21    Vzz=   -0.7738    axis=(  0.562203  0.260782 -0.784806)
     H   21  Q=         1.0000 1e-30 m^2  Cq=        -1.8180 MHz  eta= 0.98367

     C   22    Vxx=   -0.1250    axis=(  0.213082 -0.156286  0.964454)
     C   22    Vyy=   -0.3199    axis=( -0.268123  0.939873  0.211541)
     C   22    Vzz=    0.4450    axis=( -0.939524 -0.303668  0.158366)
     C   22  Q=         1.0000 1e-30 m^2  Cq=         1.0455 MHz  eta= 0.43811

     C   23    Vxx=   -0.0431    axis=(  0.509072 -0.214580 -0.833548)
     C   23    Vyy=   -1.0423    axis=(  0.844799  0.309992  0.436142)
     C   23    Vzz=    1.0855    axis=(  0.164806 -0.926208  0.339085)
     C   23  Q=         1.0000 1e-30 m^2  Cq=         2.5504 MHz  eta= 0.92052

     Cl  24    Vxx=   -0.5359    axis=( -0.756142  0.152815 -0.636315)
     Cl  24    Vyy=   -2.7806    axis=(  0.442370 -0.597182 -0.669091)
     Cl  24    Vzz=    3.3165    axis=( -0.482243 -0.787414  0.383953)
     Cl  24  Q=        -8.1650 1e-30 m^2  Cq=       -63.6262 MHz  eta= 0.67681

     Initialization:
     gipaw_setup  :      9.24s CPU     11.10s WALL (       1 calls)

     Linear response

     Apply operators

     Induced current

     Other routines
     efg          :      9.54s CPU     12.38s WALL (       1 calls)

     General routines
     calbec       :      3.44s CPU      4.72s WALL (      16 calls)
     fft          :      1.68s CPU      2.63s WALL (      15 calls)
     ffts         :      0.04s CPU      0.05s WALL (       2 calls)
     fftw         :      3.39s CPU      4.25s WALL (     672 calls)
     davcio       :      0.04s CPU      0.32s WALL (      32 calls)

     Parallel routines
     fft_scatter  :      2.41s CPU      4.10s WALL (     689 calls)

     Plugins

     GIPAW        :     61.66s CPU     79.08s WALL (       1 calls)
