
     Program QE v.6.0 (svn rev. 13079) starts on 18Dec2016 at  0:10:24 

     This program is part of the open-source Quantum ESPRESSO suite
     for quantum simulation of materials; please cite
         "P. Giannozzi et al., J. Phys.:Condens. Matter 21 395502 (2009);
          URL http://www.quantum-espresso.org", 
     in publications or presentations arising from this work. More details at
     http://www.quantum-espresso.org/quote

     Parallel version (MPI), running on     8 processors
     R & G space division:  proc/nbgrp/npool/nimage =       8

     ***** This is GIPAW svn revision unknown      *****

     Parallelizing q-star over 1 images

     Reading data from directory:
     /users/majewski/paradichlorobenzene/pbe/9_constraint/scratch/pbe.ecut100.np8.dt60.pcl2phi-129368.save
     Message from routine read_xml_file:
     file /users/majewski/paradichlorobenzene/pbe/9_constraint/scratch/pbe.ecut100.np8.dt60.pcl2phi-129368.save not guaranteed to be safe for post-processing

   Info: using nr1, nr2, nr3 values from input

   Info: using nr1, nr2, nr3 values from input

     IMPORTANT: XC functional enforced from input :
     Exchange-correlation      =  SLA  PW   PBX  PBC ( 1  4  3  4 0 0)
     Any further DFT definition will be discarded
     Please, verify this is what you really want

               file C.pbe-n-kjpaw_psl.1.0.0.UPF: wavefunction(s)  2S 2P renormalized
               file Cl.pbe-n-kjpaw_psl.1.0.0.UPF: wavefunction(s)  3S 3P renormalized
               file H.pbe-kjpaw_psl.1.0.0.UPF: wavefunction(s)  1S renormalized

     Parallelization info
     --------------------
     sticks:   dense  smooth     PW     G-vecs:    dense   smooth      PW
     Min        3057    1223    332               144436    36536    5170
     Max        3059    1225    333               144437    36537    5171
     Sum       24467    9791   2657              1155489   292295   41363


     Subspace diagonalization in iterative solution of the eigenvalue problem:
     a serial algorithm will be used

     GIPAW projectors -----------------------------------------------
     atom=  C    l=0  rc=    1.2000  rs=    0.8000
     atom=  C    l=0  rc=    1.2000  rs=    0.8000
     atom=  C    l=1  rc=    1.4000  rs=    0.9333
     atom=  C    l=1  rc=    1.4000  rs=    0.9333
     projs nearly linearly dependent: l=1  n1,n2= 1, 2  s=  0.99951561

     atom=  Cl   l=0  rc=    1.6000  rs=    1.0667
     atom=  Cl   l=0  rc=    1.6000  rs=    1.0667
     atom=  Cl   l=1  rc=    1.6000  rs=    1.0667
     atom=  Cl   l=1  rc=    1.6000  rs=    1.0667
     atom=  Cl   l=2  rc=    1.6000  rs=    1.0667
     atom=  Cl   l=2  rc=    1.6000  rs=    1.0667
     projs nearly linearly dependent: l=2  n1,n2= 1, 2  s=  0.99993509

     atom=  H    l=0  rc=    1.0000  rs=    0.6667
     atom=  H    l=0  rc=    1.0000  rs=    0.6667
     projs nearly linearly dependent: l=0  n1,n2= 1, 2  s=  0.99968852
     -----------------------------------------------------------------

     GIPAW integrals: -------------------------------------------
     Atom  i/j   nmr_para   nmr_dia   epr_rmc  epr_para   epr_dia
       C   1 1   0.83E+03  0.17E-01  0.93E+01  0.24E+08  0.24E+03
       C   2 1   0.86E+03 -0.61E-01  0.94E+01  0.25E+08  0.25E+03
       C   2 2   0.90E+03 -0.15E+00  0.97E+01  0.26E+08  0.26E+03
       C   3 3   0.33E+01  0.34E+00  0.18E+01  0.55E+03  0.21E+02
       C   4 3   0.35E+01  0.37E+00  0.20E+01  0.59E+03  0.22E+02
       C   4 4   0.38E+01  0.39E+00  0.22E+01  0.63E+03  0.24E+02
       Cl  1 1   0.14E+04 -0.47E+00  0.84E+01  0.32E+09  0.42E+03
       Cl  2 1   0.21E+04 -0.37E+00  0.12E+02  0.49E+09  0.65E+03
       Cl  2 2   0.33E+04 -0.16E+00  0.21E+02  0.76E+09  0.10E+04
       Cl  3 3   0.21E+02  0.79E-01  0.89E+01  0.23E+05  0.13E+03
       Cl  4 3   0.24E+02  0.67E-01  0.99E+01  0.27E+05  0.15E+03
       Cl  4 4   0.28E+02  0.44E-01  0.11E+02  0.32E+05  0.18E+03
       Cl  5 5   0.77E+00  0.19E+00  0.18E+01  0.12E+03  0.22E+02
       Cl  6 5   0.80E+00  0.19E+00  0.19E+01  0.12E+03  0.23E+02
       Cl  6 6   0.83E+00  0.20E+00  0.19E+01  0.12E+03  0.23E+02
       H   1 1   0.39E+02  0.19E+00  0.29E+00  0.78E+05  0.13E+02
       H   2 1   0.41E+02  0.21E+00  0.32E+00  0.82E+05  0.14E+02
       H   2 2   0.43E+02  0.22E+00  0.36E+00  0.86E+05  0.15E+02
     ------------------------------------------------------------

     alpha_pv=     33.7546 eV

     Number of occupied bands for each k-point:
     k-point:     1    nbnd_occ=  42
     k-point:     2    nbnd_occ=  42
     k-point:     3    nbnd_occ=  42
     k-point:     4    nbnd_occ=  42
     k-point:     5    nbnd_occ=  42
     k-point:     6    nbnd_occ=  42
     k-point:     7    nbnd_occ=  42
     k-point:     8    nbnd_occ=  42
     k-point:     9    nbnd_occ=  42
     k-point:    10    nbnd_occ=  42
     k-point:    11    nbnd_occ=  42
     k-point:    12    nbnd_occ=  42
     k-point:    13    nbnd_occ=  42
     k-point:    14    nbnd_occ=  42
     k-point:    15    nbnd_occ=  42
     k-point:    16    nbnd_occ=  42


     q-space interpolation up to   110.00 Rydberg

     GIPAW job: efg                                                                             


     ELECTRIC FIELD GRADIENTS TENSORS IN Hartree/bohrradius^2:

     ----- bare term -----
     Cl   1       -0.044814        0.040923       -0.022604
     Cl   1        0.040923        0.095755       -0.035952
     Cl   1       -0.022604       -0.035952       -0.050941

     C    2       -0.259539        0.287519       -0.203725
     C    2        0.287519       -0.121299       -0.396501
     C    2       -0.203725       -0.396501        0.380837

     C    3       -0.036347        0.210421       -0.181103
     C    3        0.210421       -0.084620       -0.590071
     C    3       -0.181103       -0.590071        0.120968

     H    4        0.037104       -0.128989       -0.373588
     H    4       -0.128989        0.471012        0.028360
     H    4       -0.373588        0.028360       -0.508116

     C    5       -0.481649        0.258009       -0.336243
     C    5        0.258009        0.326356       -0.077453
     C    5       -0.336243       -0.077453        0.155293

     H    6        0.311547       -0.073834        0.343111
     H    6       -0.073834        0.081147       -0.242775
     H    6        0.343111       -0.242775       -0.392694

     H    7        0.452309       -0.019683       -0.044080
     H    7       -0.019683       -0.786087        0.174858
     H    7       -0.044080        0.174858        0.333778

     C    8       -0.255600       -0.041817       -0.287892
     C    8       -0.041817        0.025453        0.553144
     C    8       -0.287892        0.553144        0.230147

     H    9       -0.063937        0.364795       -0.342986
     H    9        0.364795       -0.291873        0.274928
     H    9       -0.342986        0.274928        0.355810

     C   10       -0.496176       -0.388659       -0.306013
     C   10       -0.388659        0.147448        0.360287
     C   10       -0.306013        0.360287        0.348727

     C   11        0.022508       -0.322678       -0.120900
     C   11       -0.322678       -0.053841        0.603335
     C   11       -0.120900        0.603335        0.031334

     Cl  12       -0.059602       -0.132256        0.095276
     Cl  12       -0.132256        0.005909       -0.136021
     Cl  12        0.095276       -0.136021        0.053693

     H   13       -0.092658        0.288219        0.224884
     H   13        0.288219       -0.097382       -0.439081
     H   13        0.224884       -0.439081        0.190040

     C   14       -0.046154       -0.322896       -0.521994
     C   14       -0.322896       -0.084931       -0.489807
     C   14       -0.521994       -0.489807        0.131084

     H   15        0.025695       -0.057465       -0.285377
     H   15       -0.057465       -0.153520       -0.507239
     H   15       -0.285377       -0.507239        0.127825

     C   16       -0.591655        0.324357       -0.261563
     C   16        0.324357        0.195460       -0.112236
     C   16       -0.261563       -0.112236        0.396195

     C   17        0.052800        0.037296       -0.205031
     C   17        0.037296       -0.001253       -0.608693
     C   17       -0.205031       -0.608693       -0.051547

     Cl  18       -0.217502        0.301290       -0.004978
     Cl  18        0.301290        0.017824        0.020065
     Cl  18       -0.004978        0.020065        0.199678

     H   19        0.238969        0.039381        0.385209
     H   19        0.039381        0.086015        0.311136
     H   19        0.385209        0.311136       -0.324984

     C   20       -0.333504       -0.230431       -0.368427
     C   20       -0.230431        0.223834        0.223782
     C   20       -0.368427        0.223782        0.109670

     H   21        0.001814        0.128706       -0.402040
     H   21        0.128706        0.375813       -0.136169
     H   21       -0.402040       -0.136169       -0.377627

     C   22        0.101252       -0.291398       -0.049629
     C   22       -0.291398       -0.159016        0.342783
     C   22       -0.049629        0.342783        0.057764

     C   23       -0.315999       -0.276586       -0.439042
     C   23       -0.276586        0.043465        0.428338
     C   23       -0.439042        0.428338        0.272534

     Cl  24       -0.041984        0.035479       -0.035622
     Cl  24        0.035479       -0.017485        0.069838
     Cl  24       -0.035622        0.069838        0.059469

     ----- ionic term -----
     Cl   1        0.197517       -0.191755       -0.020393
     Cl   1       -0.191755       -0.078106       -0.002266
     Cl   1       -0.020393       -0.002266       -0.119411

     C    2        0.253837       -0.170824        0.205339
     C    2       -0.170824       -0.135688        0.476119
     C    2        0.205339        0.476119       -0.118149

     C    3        0.128034       -0.240544        0.150842
     C    3       -0.240544       -0.025498        0.449557
     C    3        0.150842        0.449557       -0.102536

     H    4        0.332410        0.397284        0.705065
     H    4        0.397284       -0.376998        0.382297
     H    4        0.705065        0.382297        0.044588

     C    5        0.243325       -0.185576        0.334788
     C    5       -0.185576       -0.127997        0.338808
     C    5        0.334788        0.338808       -0.115328

     H    6       -0.524789       -0.064425       -0.014413
     H    6       -0.064425        0.473970        0.777382
     H    6       -0.014413        0.777382        0.050819

     H    7       -0.502580       -0.001427        0.012991
     H    7       -0.001427        0.636842       -0.715324
     H    7        0.012991       -0.715324       -0.134262

     C    8        0.268110        0.148834        0.329683
     C    8        0.148834        0.012123       -0.308073
     C    8        0.329683       -0.308073       -0.280233

     H    9        0.406811       -0.459021        0.628544
     H    9       -0.459021       -0.293365       -0.380699
     H    9        0.628544       -0.380699       -0.113446

     C   10        0.045874        0.193177        0.202522
     C   10        0.193177        0.233149       -0.450470
     C   10        0.202522       -0.450470       -0.279023

     C   11        0.046654        0.199271        0.317632
     C   11        0.199271        0.164765       -0.416210
     C   11        0.317632       -0.416210       -0.211419

     Cl  12        0.101000        0.207796        0.050886
     Cl  12        0.207796        0.042659        0.035355
     Cl  12        0.050886        0.035355       -0.143659

     H   13       -0.466412       -0.197718       -0.128535
     H   13       -0.197718        0.521251        0.750612
     H   13       -0.128535        0.750612       -0.054839

     C   14        0.370418       -0.257105        0.243803
     C   14       -0.257105       -0.097822        0.333419
     C   14        0.243803        0.333419       -0.272595

     H   15        0.345185        0.403081        0.712675
     H   15        0.403081       -0.336912        0.394507
     H   15        0.712675        0.394507       -0.008273

     C   16        0.184473       -0.299327        0.157459
     C   16       -0.299327        0.070805        0.450431
     C   16        0.157459        0.450431       -0.255278

     C   17        0.154753       -0.274644        0.344368
     C   17       -0.274644        0.007915        0.415418
     C   17        0.344368        0.415418       -0.162668

     Cl  18        0.156592       -0.226082        0.060219
     Cl  18       -0.226082       -0.002197       -0.032486
     Cl  18        0.060219       -0.032486       -0.154395

     H   19       -0.533208        0.058202       -0.020110
     H   19        0.058202        0.564434       -0.747937
     H   19       -0.020110       -0.747937       -0.031225

     C   20        0.157735        0.224439        0.277314
     C   20        0.224439        0.038098       -0.305033
     C   20        0.277314       -0.305033       -0.195833

     H   21        0.542785       -0.377962        0.663844
     H   21       -0.377962       -0.367802       -0.310889
     H   21        0.663844       -0.310889       -0.174983

     C   22        0.097380        0.250167        0.177592
     C   22        0.250167        0.134111       -0.421044
     C   22        0.177592       -0.421044       -0.231492

     C   23        0.239428        0.185661        0.273352
     C   23        0.185661       -0.010123       -0.458389
     C   23        0.273352       -0.458389       -0.229305

     Cl  24        0.190347        0.229429        0.006160
     Cl  24        0.229429       -0.051802       -0.004527
     Cl  24        0.006160       -0.004527       -0.138546

     ----- GIPAW term -----
     Cl   1        2.511372        0.036135       -1.069500
     Cl   1        0.036135       -0.239555       -0.605587
     Cl   1       -1.069500       -0.605587       -2.271817

     C    2        0.077419       -0.165753       -0.001131
     C    2       -0.165753        0.006642       -0.071700
     C    2       -0.001131       -0.071700       -0.084061

     C    3       -0.110984        0.059934       -0.061569
     C    3        0.059934        0.104506       -0.223239
     C    3       -0.061569       -0.223239        0.006478

     H    4       -0.000000        0.000000        0.000000
     H    4        0.000000        0.000000        0.000000
     H    4        0.000000        0.000000        0.000000

     C    5       -0.058720        0.108016       -0.058921
     C    5        0.108016        0.106361       -0.045278
     C    5       -0.058921       -0.045278       -0.047641

     H    6       -0.000000        0.000000        0.000000
     H    6        0.000000        0.000000        0.000000
     H    6        0.000000        0.000000        0.000000

     H    7       -0.000000        0.000000        0.000000
     H    7        0.000000        0.000000        0.000000
     H    7        0.000000        0.000000        0.000000

     C    8       -0.121647       -0.012115       -0.039432
     C    8       -0.012115        0.157961        0.246272
     C    8       -0.039432        0.246272       -0.036313

     H    9       -0.000000        0.000000        0.000000
     H    9        0.000000        0.000000        0.000000
     H    9        0.000000        0.000000        0.000000

     C   10       -0.165536       -0.135719       -0.089773
     C   10       -0.135719        0.197264        0.092084
     C   10       -0.089773        0.092084       -0.031728

     C   11        0.037270       -0.134017       -0.018070
     C   11       -0.134017        0.163623        0.086478
     C   11       -0.018070        0.086478       -0.200893

     Cl  12        0.785214        0.484821        1.383007
     Cl  12        0.484821       -0.007060       -1.592134
     Cl  12        1.383007       -1.592134       -0.778154

     H   13       -0.000000        0.000000        0.000000
     H   13        0.000000        0.000000        0.000000
     H   13        0.000000        0.000000        0.000000

     C   14        0.139437       -0.237295       -0.133041
     C   14       -0.237295       -0.038894       -0.051816
     C   14       -0.133041       -0.051816       -0.100543

     H   15       -0.000000        0.000000        0.000000
     H   15        0.000000        0.000000        0.000000
     H   15        0.000000        0.000000        0.000000

     C   16       -0.112484       -0.147635       -0.072067
     C   16       -0.147635        0.197373        0.081828
     C   16       -0.072067        0.081828       -0.084889

     C   17       -0.056445       -0.005287       -0.012598
     C   17       -0.005287        0.265047       -0.014388
     C   17       -0.012598       -0.014388       -0.208602

     Cl  18       -1.162009       -0.051071        0.225880
     Cl  18       -0.051071        1.843078        1.970633
     Cl  18        0.225880        1.970633       -0.681070

     H   19       -0.000000        0.000000        0.000000
     H   19        0.000000        0.000000        0.000000
     H   19        0.000000        0.000000        0.000000

     C   20       -0.022904       -0.122083       -0.123720
     C   20       -0.122083        0.035551        0.110345
     C   20       -0.123720        0.110345       -0.012647

     H   21       -0.000000        0.000000        0.000000
     H   21        0.000000        0.000000        0.000000
     H   21        0.000000        0.000000        0.000000

     C   22       -0.015610       -0.085077       -0.052298
     C   22       -0.085077        0.025133        0.102524
     C   22       -0.052298        0.102524       -0.009524

     C   23       -0.082574       -0.048444       -0.126860
     C   23       -0.048444        0.103575        0.207747
     C   23       -0.126860        0.207747       -0.021001

     Cl  24        0.972398        2.398499       -0.196649
     Cl  24        2.398499       -0.003568        0.618816
     Cl  24       -0.196649        0.618816       -0.968830

     ----- total EFG -----
     Cl   1        2.664075       -0.114697       -1.112497
     Cl   1       -0.114697       -0.221907       -0.643804
     Cl   1       -1.112497       -0.643804       -2.442169

     C    2        0.071717       -0.049058        0.000483
     C    2       -0.049058       -0.250344        0.007917
     C    2        0.000483        0.007917        0.178627

     C    3       -0.019297        0.029812       -0.091830
     C    3        0.029812       -0.005612       -0.363753
     C    3       -0.091830       -0.363753        0.024910

     H    4        0.369514        0.268295        0.331477
     H    4        0.268295        0.094013        0.410657
     H    4        0.331477        0.410657       -0.463528

     C    5       -0.297044        0.180450       -0.060376
     C    5        0.180450        0.304720        0.216077
     C    5       -0.060376        0.216077       -0.007676

     H    6       -0.213242       -0.138259        0.328698
     H    6       -0.138259        0.555117        0.534607
     H    6        0.328698        0.534607       -0.341875

     H    7       -0.050270       -0.021109       -0.031090
     H    7       -0.021109       -0.149245       -0.540466
     H    7       -0.031090       -0.540466        0.199516

     C    8       -0.109137        0.094901        0.002359
     C    8        0.094901        0.195536        0.491343
     C    8        0.002359        0.491343       -0.086399

     H    9        0.342874       -0.094226        0.285558
     H    9       -0.094226       -0.585238       -0.105771
     H    9        0.285558       -0.105771        0.242364

     C   10       -0.615838       -0.331201       -0.193264
     C   10       -0.331201        0.577862        0.001901
     C   10       -0.193264        0.001901        0.037976

     C   11        0.106432       -0.257424        0.178662
     C   11       -0.257424        0.274547        0.273603
     C   11        0.178662        0.273603       -0.380979

     Cl  12        0.826612        0.560360        1.529169
     Cl  12        0.560360        0.041507       -1.692800
     Cl  12        1.529169       -1.692800       -0.868119

     H   13       -0.559070        0.090502        0.096350
     H   13        0.090502        0.423869        0.311531
     H   13        0.096350        0.311531        0.135201

     C   14        0.463701       -0.817296       -0.411232
     C   14       -0.817296       -0.221647       -0.208203
     C   14       -0.411232       -0.208203       -0.242054

     H   15        0.370880        0.345616        0.427298
     H   15        0.345616       -0.490432       -0.112733
     H   15        0.427298       -0.112733        0.119552

     C   16       -0.519666       -0.122605       -0.176171
     C   16       -0.122605        0.463639        0.420022
     C   16       -0.176171        0.420022        0.056028

     C   17        0.151107       -0.242634        0.126740
     C   17       -0.242634        0.271710       -0.207664
     C   17        0.126740       -0.207664       -0.422817

     Cl  18       -1.222919        0.024137        0.281121
     Cl  18        0.024137        1.858705        1.958212
     Cl  18        0.281121        1.958212       -0.635786

     H   19       -0.294240        0.097583        0.365098
     H   19        0.097583        0.650449       -0.436802
     H   19        0.365098       -0.436802       -0.356209

     C   20       -0.198673       -0.128075       -0.214832
     C   20       -0.128075        0.297482        0.029094
     C   20       -0.214832        0.029094       -0.098810

     H   21        0.544600       -0.249256        0.261803
     H   21       -0.249256        0.008010       -0.447058
     H   21        0.261803       -0.447058       -0.552610

     C   22        0.183023       -0.126308        0.075665
     C   22       -0.126308        0.000229        0.024263
     C   22        0.075665        0.024263       -0.183251

     C   23       -0.159145       -0.139369       -0.292550
     C   23       -0.139369        0.136917        0.177696
     C   23       -0.292550        0.177696        0.022229

     Cl  24        1.120762        2.663407       -0.226112
     Cl  24        2.663407       -0.072855        0.684127
     Cl  24       -0.226112        0.684127       -1.047907

     ----- total EFG (symmetrized) -----
     Cl   1        2.664075       -0.114697       -1.112497
     Cl   1       -0.114697       -0.221907       -0.643804
     Cl   1       -1.112497       -0.643804       -2.442169

     C    2        0.071717       -0.049058        0.000483
     C    2       -0.049058       -0.250344        0.007917
     C    2        0.000483        0.007917        0.178627

     C    3       -0.019297        0.029812       -0.091830
     C    3        0.029812       -0.005612       -0.363753
     C    3       -0.091830       -0.363753        0.024910

     H    4        0.369514        0.268295        0.331477
     H    4        0.268295        0.094013        0.410657
     H    4        0.331477        0.410657       -0.463528

     C    5       -0.297044        0.180450       -0.060376
     C    5        0.180450        0.304720        0.216077
     C    5       -0.060376        0.216077       -0.007676

     H    6       -0.213242       -0.138259        0.328698
     H    6       -0.138259        0.555117        0.534607
     H    6        0.328698        0.534607       -0.341875

     H    7       -0.050270       -0.021109       -0.031090
     H    7       -0.021109       -0.149245       -0.540466
     H    7       -0.031090       -0.540466        0.199516

     C    8       -0.109137        0.094901        0.002359
     C    8        0.094901        0.195536        0.491343
     C    8        0.002359        0.491343       -0.086399

     H    9        0.342874       -0.094226        0.285558
     H    9       -0.094226       -0.585238       -0.105771
     H    9        0.285558       -0.105771        0.242364

     C   10       -0.615838       -0.331201       -0.193264
     C   10       -0.331201        0.577862        0.001901
     C   10       -0.193264        0.001901        0.037976

     C   11        0.106432       -0.257424        0.178662
     C   11       -0.257424        0.274547        0.273603
     C   11        0.178662        0.273603       -0.380979

     Cl  12        0.826612        0.560360        1.529169
     Cl  12        0.560360        0.041507       -1.692800
     Cl  12        1.529169       -1.692800       -0.868119

     H   13       -0.559070        0.090502        0.096350
     H   13        0.090502        0.423869        0.311531
     H   13        0.096350        0.311531        0.135201

     C   14        0.463701       -0.817296       -0.411232
     C   14       -0.817296       -0.221647       -0.208203
     C   14       -0.411232       -0.208203       -0.242054

     H   15        0.370880        0.345616        0.427298
     H   15        0.345616       -0.490432       -0.112733
     H   15        0.427298       -0.112733        0.119552

     C   16       -0.519666       -0.122605       -0.176171
     C   16       -0.122605        0.463639        0.420022
     C   16       -0.176171        0.420022        0.056028

     C   17        0.151107       -0.242634        0.126740
     C   17       -0.242634        0.271710       -0.207664
     C   17        0.126740       -0.207664       -0.422817

     Cl  18       -1.222919        0.024137        0.281121
     Cl  18        0.024137        1.858705        1.958212
     Cl  18        0.281121        1.958212       -0.635786

     H   19       -0.294240        0.097583        0.365098
     H   19        0.097583        0.650449       -0.436802
     H   19        0.365098       -0.436802       -0.356209

     C   20       -0.198673       -0.128075       -0.214832
     C   20       -0.128075        0.297482        0.029094
     C   20       -0.214832        0.029094       -0.098810

     H   21        0.544600       -0.249256        0.261803
     H   21       -0.249256        0.008010       -0.447058
     H   21        0.261803       -0.447058       -0.552610

     C   22        0.183023       -0.126308        0.075665
     C   22       -0.126308        0.000229        0.024263
     C   22        0.075665        0.024263       -0.183251

     C   23       -0.159145       -0.139369       -0.292550
     C   23       -0.139369        0.136917        0.177696
     C   23       -0.292550        0.177696        0.022229

     Cl  24        1.120762        2.663407       -0.226112
     Cl  24        2.663407       -0.072855        0.684127
     Cl  24       -0.226112        0.684127       -1.047907


     NQR/NMR SPECTROSCOPIC PARAMETERS:
     Cl   1    Vxx=   -0.0587    axis=(  0.055598 -0.970139  0.236092)
     Cl   1    Vyy=   -2.8374    axis=( -0.197146 -0.242469 -0.949917)
     Cl   1    Vzz=    2.8960    axis=(  0.978796  0.006269 -0.204740)
     Cl   1  Q=        -8.1650 1e-30 m^2  Cq=       -55.5592 MHz  eta= 0.95949

     C    2    Vxx=    0.0790    axis=(  0.989089 -0.147156  0.006905)
     C    2    Vyy=    0.1788    axis=(  0.004164 -0.018923 -0.999812)
     C    2    Vzz=   -0.2578    axis=(  0.147259  0.988932 -0.018104)
     C    2  Q=         1.0000 1e-30 m^2  Cq=        -0.6057 MHz  eta= 0.38696

     C    3    Vxx=   -0.0324    axis=( -0.969986  0.235076 -0.062180)
     C    3    Vyy=   -0.3598    axis=( -0.126292 -0.705557 -0.697309)
     C    3    Vzz=    0.3922    axis=( -0.207792 -0.668527  0.714068)
     C    3  Q=         1.0000 1e-30 m^2  Cq=         0.9215 MHz  eta= 0.83473

     H    4    Vxx=   -0.0334    axis=(  0.650953 -0.732843 -0.197993)
     H    4    Vyy=   -0.7112    axis=(  0.176600  0.399859 -0.899403)
     H    4    Vzz=    0.7445    axis=(  0.738290  0.550503  0.389709)
     H    4  Q=         1.0000 1e-30 m^2  Cq=         1.7494 MHz  eta= 0.91040

     C    5    Vxx=   -0.0527    axis=( -0.430456 -0.297797  0.852071)
     C    5    Vyy=   -0.3876    axis=( -0.883314  0.333144 -0.329806)
     C    5    Vzz=    0.4403    axis=( -0.185647 -0.894613 -0.406452)
     C    5  Q=         1.0000 1e-30 m^2  Cq=         1.0346 MHz  eta= 0.76067

     H    6    Vxx=    0.0010    axis=(  0.856738 -0.231071  0.461093)
     H    6    Vyy=    0.8046    axis=( -0.014699 -0.904596 -0.426016)
     H    6    Vzz=   -0.8056    axis=(  0.515543  0.358206 -0.778398)
     H    6  Q=         1.0000 1e-30 m^2  Cq=        -1.8928 MHz  eta= 0.99764

     H    7    Vxx=   -0.0480    axis=(  0.997260 -0.069262 -0.025975)
     H    7    Vyy=   -0.5453    axis=(  0.071280  0.805887  0.587762)
     H    7    Vzz=    0.5933    axis=( -0.019777 -0.588004  0.808616)
     H    7  Q=         1.0000 1e-30 m^2  Cq=         1.3940 MHz  eta= 0.83821

     C    8    Vxx=   -0.1092    axis=( -0.981356 -0.004201  0.192151)
     C    8    Vyy=   -0.4653    axis=(  0.155676 -0.603690  0.781871)
     C    8    Vzz=    0.5745    axis=( -0.112715 -0.797208 -0.593089)
     C    8  Q=         1.0000 1e-30 m^2  Cq=         1.3498 MHz  eta= 0.61986

     H    9    Vxx=    0.0033    axis=( -0.648628 -0.032808  0.760398)
     H    9    Vyy=    0.5992    axis=( -0.758028  0.117596 -0.641533)
     H    9    Vzz=   -0.6025    axis=( -0.068372 -0.992519 -0.101146)
     H    9  Q=         1.0000 1e-30 m^2  Cq=        -1.4157 MHz  eta= 0.98890

     C   10    Vxx=    0.0783    axis=( -0.203651 -0.138709  0.969168)
     C   10    Vyy=    0.6678    axis=(  0.260662 -0.961865 -0.082891)
     C   10    Vzz=   -0.7461    axis=(  0.943706  0.235745  0.232041)
     C   10  Q=         1.0000 1e-30 m^2  Cq=        -1.7530 MHz  eta= 0.79007

     C   11    Vxx=    0.0996    axis=(  0.783034  0.368599  0.500992)
     C   11    Vyy=    0.4808    axis=( -0.504326  0.847686  0.164570)
     C   11    Vzz=   -0.5804    axis=( -0.364024 -0.381527  0.849661)
     C   11  Q=         1.0000 1e-30 m^2  Cq=        -1.3637 MHz  eta= 0.65690

     Cl  12    Vxx=    0.9661    axis=( -0.583352 -0.778372  0.232028)
     Cl  12    Vyy=    1.8701    axis=(  0.709469 -0.349245  0.612113)
     Cl  12    Vzz=   -2.8362    axis=( -0.395417  0.521694  0.755964)
     Cl  12  Q=        -8.1650 1e-30 m^2  Cq=        54.4107 MHz  eta= 0.31874

     H   13    Vxx=   -0.0618    axis=(  0.062177 -0.547069  0.834775)
     H   13    Vyy=   -0.5748    axis=( -0.992347  0.055519  0.110298)
     H   13    Vzz=    0.6366    axis=( -0.106687 -0.835245 -0.539430)
     H   13  Q=         1.0000 1e-30 m^2  Cq=         1.4958 MHz  eta= 0.80590

     C   14    Vxx=   -0.0616    axis=( -0.118562 -0.506065  0.854307)
     C   14    Vyy=   -0.9885    axis=(  0.529142  0.695829  0.485623)
     C   14    Vzz=    1.0501    axis=( -0.840209  0.509627  0.185281)
     C   14  Q=         1.0000 1e-30 m^2  Cq=         2.4673 MHz  eta= 0.88258

     H   15    Vxx=   -0.0304    axis=( -0.400957 -0.490800  0.773530)
     H   15    Vyy=   -0.6991    axis=( -0.406839  0.851940  0.329667)
     H   15    Vzz=    0.7295    axis=( -0.820802 -0.182520 -0.541268)
     H   15  Q=         1.0000 1e-30 m^2  Cq=         1.7141 MHz  eta= 0.91663

     C   16    Vxx=   -0.1881    axis=( -0.219350 -0.557362  0.800770)
     C   16    Vyy=   -0.5693    axis=( -0.963476 -0.005489 -0.267740)
     C   16    Vzz=    0.7574    axis=(  0.153624 -0.830251 -0.535801)
     C   16  Q=         1.0000 1e-30 m^2  Cq=         1.7796 MHz  eta= 0.50339

     C   17    Vxx=   -0.0370    axis=(  0.802903  0.593502 -0.055704)
     C   17    Vyy=   -0.4862    axis=( -0.104145  0.231668  0.967204)
     C   17    Vzz=    0.5232    axis=(  0.586942 -0.770769  0.247817)
     C   17  Q=         1.0000 1e-30 m^2  Cq=         1.2294 MHz  eta= 0.85842

     Cl  18    Vxx=   -1.1333    axis=(  0.925608 -0.212464  0.313224)
     Cl  18    Vyy=   -1.8057    axis=( -0.376606 -0.434679  0.818060)
     Cl  18    Vzz=    2.9390    axis=(  0.037656  0.875165  0.482358)
     Cl  18  Q=        -8.1650 1e-30 m^2  Cq=       -56.3839 MHz  eta= 0.22878

     H   19    Vxx=   -0.0152    axis=( -0.800992 -0.241936 -0.547612)
     H   19    Vyy=   -0.7997    axis=( -0.597582  0.267850  0.755746)
     H   19    Vzz=    0.8149    axis=( -0.036164  0.932590 -0.359122)
     H   19  Q=         1.0000 1e-30 m^2  Cq=         1.9146 MHz  eta= 0.96279

     C   20    Vxx=    0.0343    axis=( -0.527952 -0.342852  0.776994)
     C   20    Vyy=    0.3453    axis=( -0.300760  0.931079  0.206482)
     C   20    Vzz=   -0.3796    axis=( -0.794236 -0.124676 -0.594681)
     C   20  Q=         1.0000 1e-30 m^2  Cq=        -0.8920 MHz  eta= 0.81916

     H   21    Vxx=    0.0303    axis=(  0.545126  0.765362 -0.342139)
     H   21    Vyy=    0.7791    axis=(  0.833839 -0.452686  0.315893)
     H   21    Vzz=   -0.8094    axis=(  0.086891 -0.457490 -0.884959)
     H   21  Q=         1.0000 1e-30 m^2  Cq=        -1.9018 MHz  eta= 0.92507

     C   22    Vxx=   -0.0435    axis=( -0.365420 -0.863485 -0.347652)
     C   22    Vyy=   -0.2115    axis=( -0.262239 -0.262856  0.928514)
     C   22    Vzz=    0.2549    axis=( -0.893140  0.430465 -0.130387)
     C   22  Q=         1.0000 1e-30 m^2  Cq=         0.5990 MHz  eta= 0.65910

     C   23    Vxx=   -0.0438    axis=(  0.358095  0.780236 -0.512834)
     C   23    Vyy=   -0.3748    axis=( -0.808352 -0.015802 -0.588487)
     C   23    Vzz=    0.4187    axis=(  0.467263 -0.625285 -0.625047)
     C   23  Q=         1.0000 1e-30 m^2  Cq=         0.9838 MHz  eta= 0.79057

     Cl  24    Vxx=   -0.7502    axis=( -0.307026  0.292564  0.905617)
     Cl  24    Vyy=   -2.5181    axis=( -0.552877  0.719705 -0.419943)
     Cl  24    Vzz=    3.2683    axis=( -0.774637 -0.629628 -0.059216)
     Cl  24  Q=        -8.1650 1e-30 m^2  Cq=       -62.7007 MHz  eta= 0.54090

     Initialization:
     gipaw_setup  :      9.09s CPU     10.89s WALL (       1 calls)

     Linear response

     Apply operators

     Induced current

     Other routines
     efg          :      9.22s CPU     11.58s WALL (       1 calls)

     General routines
     calbec       :      3.34s CPU      4.41s WALL (      16 calls)
     fft          :      1.32s CPU      1.52s WALL (      15 calls)
     ffts         :      0.04s CPU      0.04s WALL (       2 calls)
     fftw         :      3.16s CPU      3.84s WALL (     672 calls)
     davcio       :      0.01s CPU      0.33s WALL (      32 calls)

     Parallel routines
     fft_scatter  :      1.90s CPU      2.60s WALL (     689 calls)

     Plugins

     GIPAW        :     61.98s CPU     73.55s WALL (       1 calls)
