
     Program QE v.6.0 (svn rev. 13079) starts on 24Jan2017 at  2:58:46 

     This program is part of the open-source Quantum ESPRESSO suite
     for quantum simulation of materials; please cite
         "P. Giannozzi et al., J. Phys.:Condens. Matter 21 395502 (2009);
          URL http://www.quantum-espresso.org", 
     in publications or presentations arising from this work. More details at
     http://www.quantum-espresso.org/quote

     Parallel version (MPI), running on     8 processors
     R & G space division:  proc/nbgrp/npool/nimage =       8

     ***** This is GIPAW svn revision unknown      *****

     Parallelizing q-star over 1 images

     Reading data from directory:
     /users/majewski/paradichlorobenzene/pbe/9_constraint/scratch/pbe.ecut100.np8.dt60.pcl2phi-129368.save
     Message from routine read_xml_file:
     file /users/majewski/paradichlorobenzene/pbe/9_constraint/scratch/pbe.ecut100.np8.dt60.pcl2phi-129368.save not guaranteed to be safe for post-processing

   Info: using nr1, nr2, nr3 values from input

   Info: using nr1, nr2, nr3 values from input

     IMPORTANT: XC functional enforced from input :
     Exchange-correlation      =  SLA  PW   PBX  PBC ( 1  4  3  4 0 0)
     Any further DFT definition will be discarded
     Please, verify this is what you really want

               file C.pbe-n-kjpaw_psl.1.0.0.UPF: wavefunction(s)  2S 2P renormalized
               file Cl.pbe-n-kjpaw_psl.1.0.0.UPF: wavefunction(s)  3S 3P renormalized
               file H.pbe-kjpaw_psl.1.0.0.UPF: wavefunction(s)  1S renormalized

     Parallelization info
     --------------------
     sticks:   dense  smooth     PW     G-vecs:    dense   smooth      PW
     Min        3057    1223    332               144436    36536    5170
     Max        3059    1225    333               144437    36537    5171
     Sum       24467    9791   2657              1155489   292295   41363


     Subspace diagonalization in iterative solution of the eigenvalue problem:
     a serial algorithm will be used

     GIPAW projectors -----------------------------------------------
     atom=  C    l=0  rc=    1.2000  rs=    0.8000
     atom=  C    l=0  rc=    1.2000  rs=    0.8000
     atom=  C    l=1  rc=    1.4000  rs=    0.9333
     atom=  C    l=1  rc=    1.4000  rs=    0.9333
     projs nearly linearly dependent: l=1  n1,n2= 1, 2  s=  0.99951561

     atom=  Cl   l=0  rc=    1.6000  rs=    1.0667
     atom=  Cl   l=0  rc=    1.6000  rs=    1.0667
     atom=  Cl   l=1  rc=    1.6000  rs=    1.0667
     atom=  Cl   l=1  rc=    1.6000  rs=    1.0667
     atom=  Cl   l=2  rc=    1.6000  rs=    1.0667
     atom=  Cl   l=2  rc=    1.6000  rs=    1.0667
     projs nearly linearly dependent: l=2  n1,n2= 1, 2  s=  0.99993509

     atom=  H    l=0  rc=    1.0000  rs=    0.6667
     atom=  H    l=0  rc=    1.0000  rs=    0.6667
     projs nearly linearly dependent: l=0  n1,n2= 1, 2  s=  0.99968852
     -----------------------------------------------------------------

     GIPAW integrals: -------------------------------------------
     Atom  i/j   nmr_para   nmr_dia   epr_rmc  epr_para   epr_dia
       C   1 1   0.83E+03  0.17E-01  0.93E+01  0.24E+08  0.24E+03
       C   2 1   0.86E+03 -0.61E-01  0.94E+01  0.25E+08  0.25E+03
       C   2 2   0.90E+03 -0.15E+00  0.97E+01  0.26E+08  0.26E+03
       C   3 3   0.33E+01  0.34E+00  0.18E+01  0.55E+03  0.21E+02
       C   4 3   0.35E+01  0.37E+00  0.20E+01  0.59E+03  0.22E+02
       C   4 4   0.38E+01  0.39E+00  0.22E+01  0.63E+03  0.24E+02
       Cl  1 1   0.14E+04 -0.47E+00  0.84E+01  0.32E+09  0.42E+03
       Cl  2 1   0.21E+04 -0.37E+00  0.12E+02  0.49E+09  0.65E+03
       Cl  2 2   0.33E+04 -0.16E+00  0.21E+02  0.76E+09  0.10E+04
       Cl  3 3   0.21E+02  0.79E-01  0.89E+01  0.23E+05  0.13E+03
       Cl  4 3   0.24E+02  0.67E-01  0.99E+01  0.27E+05  0.15E+03
       Cl  4 4   0.28E+02  0.44E-01  0.11E+02  0.32E+05  0.18E+03
       Cl  5 5   0.77E+00  0.19E+00  0.18E+01  0.12E+03  0.22E+02
       Cl  6 5   0.80E+00  0.19E+00  0.19E+01  0.12E+03  0.23E+02
       Cl  6 6   0.83E+00  0.20E+00  0.19E+01  0.12E+03  0.23E+02
       H   1 1   0.39E+02  0.19E+00  0.29E+00  0.78E+05  0.13E+02
       H   2 1   0.41E+02  0.21E+00  0.32E+00  0.82E+05  0.14E+02
       H   2 2   0.43E+02  0.22E+00  0.36E+00  0.86E+05  0.15E+02
     ------------------------------------------------------------

     alpha_pv=     33.9963 eV

     Number of occupied bands for each k-point:
     k-point:     1    nbnd_occ=  42
     k-point:     2    nbnd_occ=  42
     k-point:     3    nbnd_occ=  42
     k-point:     4    nbnd_occ=  42
     k-point:     5    nbnd_occ=  42
     k-point:     6    nbnd_occ=  42
     k-point:     7    nbnd_occ=  42
     k-point:     8    nbnd_occ=  42
     k-point:     9    nbnd_occ=  42
     k-point:    10    nbnd_occ=  42
     k-point:    11    nbnd_occ=  42
     k-point:    12    nbnd_occ=  42
     k-point:    13    nbnd_occ=  42
     k-point:    14    nbnd_occ=  42
     k-point:    15    nbnd_occ=  42
     k-point:    16    nbnd_occ=  42


     q-space interpolation up to   110.00 Rydberg

     GIPAW job: efg                                                                             


     ELECTRIC FIELD GRADIENTS TENSORS IN Hartree/bohrradius^2:

     ----- bare term -----
     Cl   1       -0.054878        0.121073       -0.041050
     Cl   1        0.121073        0.086171       -0.047492
     Cl   1       -0.041050       -0.047492       -0.031294

     C    2       -0.064678        0.183280       -0.237016
     C    2        0.183280       -0.004259       -0.681758
     C    2       -0.237016       -0.681758        0.068937

     C    3       -0.169010        0.045162       -0.008586
     C    3        0.045162       -0.033934       -0.049051
     C    3       -0.008586       -0.049051        0.202944

     H    4       -0.292421       -0.439027        0.101953
     H    4       -0.439027        0.012884        0.141170
     H    4        0.101953        0.141170        0.279537

     C    5       -0.013297        0.164011       -0.038093
     C    5        0.164011       -0.199069       -0.227504
     C    5       -0.038093       -0.227504        0.212366

     H    6        0.100353       -0.474969        0.098793
     H    6       -0.474969       -0.462865       -0.000100
     H    6        0.098793       -0.000100        0.362512

     H    7        0.372907        0.060109       -0.074974
     H    7        0.060109       -0.491696        0.562275
     H    7       -0.074974        0.562275        0.118789

     C    8       -0.499711       -0.307629       -0.265914
     C    8       -0.307629        0.093396        0.214748
     C    8       -0.265914        0.214748        0.406314

     H    9       -0.348326       -0.092849       -0.560586
     H    9       -0.092849        0.227558       -0.005226
     H    9       -0.560586       -0.005226        0.120768

     C   10       -0.110262        0.027683       -0.253611
     C   10        0.027683       -0.094453        0.685451
     C   10       -0.253611        0.685451        0.204715

     C   11       -0.442569       -0.304531       -0.226887
     C   11       -0.304531        0.067256        0.345049
     C   11       -0.226887        0.345049        0.375313

     Cl  12        0.016731        0.155346       -0.015573
     Cl  12        0.155346        0.090579        0.040592
     Cl  12       -0.015573        0.040592       -0.107310

     H   13        0.380317       -0.040891        0.021849
     H   13       -0.040891       -0.391825       -0.538309
     H   13        0.021849       -0.538309        0.011509

     C   14       -0.676705        0.353901       -0.400083
     C   14        0.353901        0.281116       -0.223694
     C   14       -0.400083       -0.223694        0.395589

     H   15       -0.513826       -0.215916       -0.419308
     H   15       -0.215916        0.347722       -0.254381
     H   15       -0.419308       -0.254381        0.166104

     C   16        0.045242        0.458995       -0.016643
     C   16        0.458995       -0.350592       -0.492856
     C   16       -0.016643       -0.492856        0.305350

     C   17       -0.438044        0.316441       -0.425594
     C   17        0.316441        0.264154       -0.135140
     C   17       -0.425594       -0.135140        0.173891

     Cl  18       -0.105095        0.060663        0.087067
     Cl  18        0.060663       -0.055222        0.134725
     Cl  18        0.087067        0.134725        0.160317

     H   19        0.269546       -0.247442        0.039581
     H   19       -0.247442       -0.547842        0.427448
     H   19        0.039581        0.427448        0.278296

     C   20       -0.190429        0.246169       -0.385943
     C   20        0.246169        0.025592        0.565223
     C   20       -0.385943        0.565223        0.164837

     H   21       -0.079207        0.380698       -0.255413
     H   21        0.380698       -0.364806        0.033886
     H   21       -0.255413        0.033886        0.444013

     C   22       -0.600537       -0.316355       -0.220909
     C   22       -0.316355        0.218436        0.206850
     C   22       -0.220909        0.206850        0.382101

     C   23       -0.038710        0.228480       -0.396893
     C   23        0.228480       -0.077154        0.623101
     C   23       -0.396893        0.623101        0.115865

     Cl  24       -0.182674       -0.156933       -0.059769
     Cl  24       -0.156933        0.048159       -0.055005
     Cl  24       -0.059769       -0.055005        0.134515

     ----- ionic term -----
     Cl   1        0.106795       -0.185081        0.009908
     Cl   1       -0.185081        0.055993       -0.009477
     Cl   1        0.009908       -0.009477       -0.162788

     C    2        0.220043       -0.077117        0.248026
     C    2       -0.077117        0.256900        0.305415
     C    2        0.248026        0.305415       -0.476943

     C    3        0.205880       -0.126558        0.096685
     C    3       -0.126558        0.301242        0.340266
     C    3        0.096685        0.340266       -0.507121

     H    4        0.758493        0.450869        0.434987
     H    4        0.450869       -0.312390        0.223472
     H    4        0.434987        0.223472       -0.446103

     C    5        0.411459       -0.023474        0.170884
     C    5       -0.023474        0.083880        0.307455
     C    5        0.170884        0.307455       -0.495339

     H    6       -0.436131        0.324191        0.136131
     H    6        0.324191        0.697867        0.606272
     H    6        0.136131        0.606272       -0.261735

     H    7       -0.508472        0.036777        0.002510
     H    7        0.036777        0.704255       -0.674651
     H    7        0.002510       -0.674651       -0.195782

     C    8        0.279930        0.274109        0.272064
     C    8        0.274109        0.111191       -0.242089
     C    8        0.272064       -0.242089       -0.391121

     H    9        0.615023       -0.281593        0.660444
     H    9       -0.281593       -0.430627       -0.225679
     H    9        0.660444       -0.225679       -0.184396

     C   10        0.160914        0.304551        0.219861
     C   10        0.304551        0.171314       -0.327610
     C   10        0.219861       -0.327610       -0.332229

     C   11        0.215069        0.166006        0.267620
     C   11        0.166006        0.077876       -0.383532
     C   11        0.267620       -0.383532       -0.292945

     Cl  12        0.149921        0.206819        0.002590
     Cl  12        0.206819       -0.000147        0.001395
     Cl  12        0.002590        0.001395       -0.149774

     H   13       -0.532318        0.035643        0.036678
     H   13        0.035643        0.615259        0.734247
     H   13        0.036678        0.734247       -0.082941

     C   14        0.293591       -0.180694        0.188862
     C   14       -0.180694        0.112013        0.318117
     C   14        0.188862        0.318117       -0.405604

     H   15        0.660752        0.424875        0.564377
     H   15        0.424875       -0.336575        0.264549
     H   15        0.564377        0.264549       -0.324177

     C   16        0.171216       -0.185984        0.138112
     C   16       -0.185984        0.228018        0.388640
     C   16        0.138112        0.388640       -0.399234

     C   17        0.358437       -0.024976        0.157920
     C   17       -0.024976        0.079595        0.389088
     C   17        0.157920        0.389088       -0.438032

     Cl  18        0.164437       -0.192993       -0.026705
     Cl  18       -0.192993       -0.031784        0.021576
     Cl  18       -0.026705        0.021576       -0.132653

     H   19       -0.508492        0.012306        0.003837
     H   19        0.012306        0.578898       -0.742029
     H   19        0.003837       -0.742029       -0.070406

     C   20        0.335601        0.204722        0.285440
     C   20        0.204722        0.010010       -0.292078
     C   20        0.285440       -0.292078       -0.345611

     H   21        0.667141       -0.518892        0.466269
     H   21       -0.518892       -0.243850       -0.248281
     H   21        0.466269       -0.248281       -0.423291

     C   22        0.226471        0.204973        0.161875
     C   22        0.204973        0.172505       -0.318726
     C   22        0.161875       -0.318726       -0.398976

     C   23        0.246153        0.222105        0.256044
     C   23        0.222105        0.108004       -0.316523
     C   23        0.256044       -0.316523       -0.354158

     Cl  24        0.151090        0.213031        0.027711
     Cl  24        0.213031        0.014225        0.005731
     Cl  24        0.027711        0.005731       -0.165315

     ----- GIPAW term -----
     Cl   1        1.069578       -1.376643       -0.363159
     Cl   1       -1.376643        0.777196       -0.377592
     Cl   1       -0.363159       -0.377592       -1.846773

     C    2       -0.002252        0.058158       -0.082985
     C    2        0.058158        0.144728       -0.193741
     C    2       -0.082985       -0.193741       -0.142476

     C    3       -0.025473        0.023753       -0.029236
     C    3        0.023753        0.021681       -0.029650
     C    3       -0.029236       -0.029650        0.003792

     H    4       -0.000000        0.000000        0.000000
     H    4        0.000000        0.000000        0.000000
     H    4        0.000000        0.000000        0.000000

     C    5        0.004122        0.094379       -0.026773
     C    5        0.094379        0.037419       -0.088412
     C    5       -0.026773       -0.088412       -0.041541

     H    6       -0.000000        0.000000        0.000000
     H    6        0.000000        0.000000        0.000000
     H    6        0.000000        0.000000        0.000000

     H    7       -0.000000        0.000000        0.000000
     H    7        0.000000        0.000000        0.000000
     H    7        0.000000        0.000000        0.000000

     C    8       -0.035344        0.106356       -0.035654
     C    8        0.106356        0.088194       -0.003188
     C    8       -0.035654       -0.003188       -0.052850

     H    9       -0.000000        0.000000        0.000000
     H    9        0.000000        0.000000        0.000000
     H    9        0.000000        0.000000        0.000000

     C   10       -0.097788        0.114308       -0.014333
     C   10        0.114308        0.111747        0.215120
     C   10       -0.014333        0.215120       -0.013959

     C   11       -0.037649        0.176844       -0.003514
     C   11        0.176844        0.144346        0.078355
     C   11       -0.003514        0.078355       -0.106697

     Cl  12        1.153620        3.411732        0.093279
     Cl  12        3.411732        1.174399        0.528028
     Cl  12        0.093279        0.528028       -2.328019

     H   13       -0.000000        0.000000        0.000000
     H   13        0.000000        0.000000        0.000000
     H   13        0.000000        0.000000        0.000000

     C   14       -0.162958        0.099691       -0.050413
     C   14        0.099691        0.166551        0.006006
     C   14       -0.050413        0.006006       -0.003593

     H   15       -0.000000        0.000000        0.000000
     H   15        0.000000        0.000000        0.000000
     H   15        0.000000        0.000000        0.000000

     C   16       -0.045552        0.164859        0.069212
     C   16        0.164859        0.069065        0.067208
     C   16        0.069212        0.067208       -0.023513

     C   17        0.010246        0.155706        0.020167
     C   17        0.155706        0.143373        0.094150
     C   17        0.020167        0.094150       -0.153619

     Cl  18        0.106357       -1.379284        0.845228
     Cl  18       -1.379284       -0.474875        1.489289
     Cl  18        0.845228        1.489289        0.368518

     H   19       -0.000000        0.000000        0.000000
     H   19        0.000000        0.000000        0.000000
     H   19        0.000000        0.000000        0.000000

     C   20       -0.023826        0.199189       -0.025020
     C   20        0.199189        0.120352        0.165297
     C   20       -0.025020        0.165297       -0.096526

     H   21       -0.000000        0.000000        0.000000
     H   21        0.000000        0.000000        0.000000
     H   21        0.000000        0.000000        0.000000

     C   22       -0.169938        0.101723       -0.041761
     C   22        0.101723        0.248960       -0.017929
     C   22       -0.041761       -0.017929       -0.079022

     C   23        0.039243        0.229752       -0.071690
     C   23        0.229752        0.094456        0.081280
     C   23       -0.071690        0.081280       -0.133699

     Cl  24        0.537016        2.028271       -0.514525
     Cl  24        2.028271        0.618799       -0.539131
     Cl  24       -0.514525       -0.539131       -1.155815

     ----- total EFG -----
     Cl   1        1.121495       -1.440651       -0.394301
     Cl   1       -1.440651        0.919360       -0.434561
     Cl   1       -0.394301       -0.434561       -2.040855

     C    2        0.153113        0.164321       -0.071975
     C    2        0.164321        0.397369       -0.570084
     C    2       -0.071975       -0.570084       -0.550482

     C    3        0.011397       -0.057644        0.058863
     C    3       -0.057644        0.288988        0.261565
     C    3        0.058863        0.261565       -0.300385

     H    4        0.466072        0.011842        0.536939
     H    4        0.011842       -0.299506        0.364642
     H    4        0.536939        0.364642       -0.166566

     C    5        0.402285        0.234917        0.106018
     C    5        0.234917       -0.077771       -0.008461
     C    5        0.106018       -0.008461       -0.324514

     H    6       -0.335779       -0.150778        0.234924
     H    6       -0.150778        0.235002        0.606172
     H    6        0.234924        0.606172        0.100777

     H    7       -0.135566        0.096885       -0.072464
     H    7        0.096885        0.212559       -0.112376
     H    7       -0.072464       -0.112376       -0.076993

     C    8       -0.255124        0.072836       -0.029504
     C    8        0.072836        0.292781       -0.030529
     C    8       -0.029504       -0.030529       -0.037656

     H    9        0.266697       -0.374442        0.099857
     H    9       -0.374442       -0.203069       -0.230904
     H    9        0.099857       -0.230904       -0.063628

     C   10       -0.047136        0.446542       -0.048083
     C   10        0.446542        0.188608        0.572961
     C   10       -0.048083        0.572961       -0.141472

     C   11       -0.265149        0.038318        0.037220
     C   11        0.038318        0.289478        0.039871
     C   11        0.037220        0.039871       -0.024329

     Cl  12        1.320271        3.773897        0.080296
     Cl  12        3.773897        1.264832        0.570015
     Cl  12        0.080296        0.570015       -2.585103

     H   13       -0.152001       -0.005248        0.058527
     H   13       -0.005248        0.223434        0.195938
     H   13        0.058527        0.195938       -0.071433

     C   14       -0.546073        0.272898       -0.261633
     C   14        0.272898        0.559680        0.100429
     C   14       -0.261633        0.100429       -0.013607

     H   15        0.146926        0.208960        0.145069
     H   15        0.208960        0.011147        0.010168
     H   15        0.145069        0.010168       -0.158073

     C   16        0.170906        0.437870        0.190682
     C   16        0.437870       -0.053508       -0.037008
     C   16        0.190682       -0.037008       -0.117397

     C   17       -0.069362        0.447171       -0.247507
     C   17        0.447171        0.487123        0.348098
     C   17       -0.247507        0.348098       -0.417761

     Cl  18        0.165699       -1.511615        0.905590
     Cl  18       -1.511615       -0.561882        1.645590
     Cl  18        0.905590        1.645590        0.396182

     H   19       -0.238946       -0.235136        0.043417
     H   19       -0.235136        0.031056       -0.314581
     H   19        0.043417       -0.314581        0.207890

     C   20        0.121346        0.650080       -0.125523
     C   20        0.650080        0.155954        0.438441
     C   20       -0.125523        0.438441       -0.277299

     H   21        0.587934       -0.138194        0.210855
     H   21       -0.138194       -0.608656       -0.214395
     H   21        0.210855       -0.214395        0.020722

     C   22       -0.544004       -0.009660       -0.100795
     C   22       -0.009660        0.639901       -0.129805
     C   22       -0.100795       -0.129805       -0.095896

     C   23        0.246686        0.680338       -0.212539
     C   23        0.680338        0.125305        0.387858
     C   23       -0.212539        0.387858       -0.371992

     Cl  24        0.505432        2.084368       -0.546583
     Cl  24        2.084368        0.681182       -0.588406
     Cl  24       -0.546583       -0.588406       -1.186615

     ----- total EFG (symmetrized) -----
     Cl   1        1.121495       -1.440651       -0.394301
     Cl   1       -1.440651        0.919360       -0.434561
     Cl   1       -0.394301       -0.434561       -2.040855

     C    2        0.153113        0.164321       -0.071975
     C    2        0.164321        0.397369       -0.570084
     C    2       -0.071975       -0.570084       -0.550482

     C    3        0.011397       -0.057644        0.058863
     C    3       -0.057644        0.288988        0.261565
     C    3        0.058863        0.261565       -0.300385

     H    4        0.466072        0.011842        0.536939
     H    4        0.011842       -0.299506        0.364642
     H    4        0.536939        0.364642       -0.166566

     C    5        0.402285        0.234917        0.106018
     C    5        0.234917       -0.077771       -0.008461
     C    5        0.106018       -0.008461       -0.324514

     H    6       -0.335779       -0.150778        0.234924
     H    6       -0.150778        0.235002        0.606172
     H    6        0.234924        0.606172        0.100777

     H    7       -0.135566        0.096885       -0.072464
     H    7        0.096885        0.212559       -0.112376
     H    7       -0.072464       -0.112376       -0.076993

     C    8       -0.255124        0.072836       -0.029504
     C    8        0.072836        0.292781       -0.030529
     C    8       -0.029504       -0.030529       -0.037656

     H    9        0.266697       -0.374442        0.099857
     H    9       -0.374442       -0.203069       -0.230904
     H    9        0.099857       -0.230904       -0.063628

     C   10       -0.047136        0.446542       -0.048083
     C   10        0.446542        0.188608        0.572961
     C   10       -0.048083        0.572961       -0.141472

     C   11       -0.265149        0.038318        0.037220
     C   11        0.038318        0.289478        0.039871
     C   11        0.037220        0.039871       -0.024329

     Cl  12        1.320271        3.773897        0.080296
     Cl  12        3.773897        1.264832        0.570015
     Cl  12        0.080296        0.570015       -2.585103

     H   13       -0.152001       -0.005248        0.058527
     H   13       -0.005248        0.223434        0.195938
     H   13        0.058527        0.195938       -0.071433

     C   14       -0.546073        0.272898       -0.261633
     C   14        0.272898        0.559680        0.100429
     C   14       -0.261633        0.100429       -0.013607

     H   15        0.146926        0.208960        0.145069
     H   15        0.208960        0.011147        0.010168
     H   15        0.145069        0.010168       -0.158073

     C   16        0.170906        0.437870        0.190682
     C   16        0.437870       -0.053508       -0.037008
     C   16        0.190682       -0.037008       -0.117397

     C   17       -0.069362        0.447171       -0.247507
     C   17        0.447171        0.487123        0.348098
     C   17       -0.247507        0.348098       -0.417761

     Cl  18        0.165699       -1.511615        0.905590
     Cl  18       -1.511615       -0.561882        1.645590
     Cl  18        0.905590        1.645590        0.396182

     H   19       -0.238946       -0.235136        0.043417
     H   19       -0.235136        0.031056       -0.314581
     H   19        0.043417       -0.314581        0.207890

     C   20        0.121346        0.650080       -0.125523
     C   20        0.650080        0.155954        0.438441
     C   20       -0.125523        0.438441       -0.277299

     H   21        0.587934       -0.138194        0.210855
     H   21       -0.138194       -0.608656       -0.214395
     H   21        0.210855       -0.214395        0.020722

     C   22       -0.544004       -0.009660       -0.100795
     C   22       -0.009660        0.639901       -0.129805
     C   22       -0.100795       -0.129805       -0.095896

     C   23        0.246686        0.680338       -0.212539
     C   23        0.680338        0.125305        0.387858
     C   23       -0.212539        0.387858       -0.371992

     Cl  24        0.505432        2.084368       -0.546583
     Cl  24        2.084368        0.681182       -0.588406
     Cl  24       -0.546583       -0.588406       -1.186615


     NQR/NMR SPECTROSCOPIC PARAMETERS:
     Cl   1    Vxx=   -0.2333    axis=(  0.649265  0.695079 -0.308740)
     Cl   1    Vyy=   -2.2313    axis=(  0.209360  0.226918  0.951145)
     Cl   1    Vzz=    2.4646    axis=( -0.731179  0.682183 -0.001808)
     Cl   1  Q=        -8.1650 1e-30 m^2  Cq=       -47.2827 MHz  eta= 0.81067

     C    2    Vxx=    0.0965    axis=(  0.953627 -0.270416  0.132178)
     C    2    Vyy=    0.7214    axis=(  0.300952  0.863749 -0.404185)
     C    2    Vzz=   -0.8179    axis=( -0.004871  0.425221  0.905077)
     C    2  Q=         1.0000 1e-30 m^2  Cq=        -1.9218 MHz  eta= 0.76394

     C    3    Vxx=    0.0219    axis=(  0.980505  0.020206  0.195454)
     C    3    Vyy=    0.3912    axis=( -0.088179  0.934163  0.345781)
     C    3    Vzz=   -0.4132    axis=( -0.175599 -0.356275  0.917733)
     C    3  Q=         1.0000 1e-30 m^2  Cq=        -0.9708 MHz  eta= 0.89379

     H    4    Vxx=   -0.0901    axis=(  0.455178 -0.765630 -0.454559)
     H    4    Vyy=   -0.7183    axis=(  0.319808  0.617023 -0.719031)
     H    4    Vzz=    0.8084    axis=(  0.830985  0.181916  0.525710)
     H    4  Q=         1.0000 1e-30 m^2  Cq=         1.8993 MHz  eta= 0.77718

     C    5    Vxx=   -0.1607    axis=( -0.329687  0.907520 -0.260218)
     C    5    Vyy=   -0.3483    axis=(  0.198872 -0.202686 -0.958837)
     C    5    Vzz=    0.5090    axis=( -0.922907 -0.367866 -0.113657)
     C    5  Q=         1.0000 1e-30 m^2  Cq=         1.1959 MHz  eta= 0.36859

     H    6    Vxx=   -0.1095    axis=( -0.769296  0.454077 -0.449441)
     H    6    Vyy=   -0.6701    axis=( -0.637504 -0.499217  0.586832)
     H    6    Vzz=    0.7796    axis=(  0.042098  0.737968  0.673521)
     H    6  Q=         1.0000 1e-30 m^2  Cq=         1.8318 MHz  eta= 0.71901

     H    7    Vxx=   -0.0974    axis=(  0.433598 -0.423859 -0.795196)
     H    7    Vyy=   -0.1856    axis=( -0.860577  0.066899 -0.504908)
     H    7    Vzz=    0.2830    axis=(  0.267208  0.903254 -0.335756)
     H    7  Q=         1.0000 1e-30 m^2  Cq=         0.6649 MHz  eta= 0.31178

     C    8    Vxx=   -0.0382    axis=( -0.096752  0.112495  0.988931)
     C    8    Vyy=   -0.2675    axis=(  0.986344 -0.122218  0.110402)
     C    8    Vzz=    0.3057    axis=(  0.133285  0.986107 -0.099133)
     C    8  Q=         1.0000 1e-30 m^2  Cq=         0.7183 MHz  eta= 0.74980

     H    9    Vxx=   -0.0678    axis=( -0.466230 -0.185876  0.864916)
     H    9    Vyy=   -0.4743    axis=(  0.374862  0.844059  0.383461)
     H    9    Vzz=    0.5421    axis=( -0.801316  0.503006 -0.323848)
     H    9  Q=         1.0000 1e-30 m^2  Cq=         1.2737 MHz  eta= 0.74974

     C   10    Vxx=   -0.0357    axis=(  0.796344 -0.044537 -0.603202)
     C   10    Vyy=   -0.7291    axis=( -0.451321  0.620186 -0.641622)
     C   10    Vzz=    0.7648    axis=(  0.402674  0.783189  0.473781)
     C   10  Q=         1.0000 1e-30 m^2  Cq=         1.7970 MHz  eta= 0.90667

     C   11    Vxx=   -0.0251    axis=(  0.129812 -0.140221  0.981574)
     C   11    Vyy=   -0.2726    axis=(  0.988624 -0.057539 -0.138964)
     C   11    Vzz=    0.2977    axis=(  0.075964  0.988447  0.131157)
     C   11  Q=         1.0000 1e-30 m^2  Cq=         0.6995 MHz  eta= 0.83137

     Cl  12    Vxx=   -2.1935    axis=(  0.570902 -0.518002 -0.636981)
     Cl  12    Vyy=   -2.9005    axis=( -0.418252  0.484127 -0.768561)
     Cl  12    Vzz=    5.0940    axis=(  0.706496  0.705192  0.059733)
     Cl  12  Q=        -8.1650 1e-30 m^2  Cq=       -97.7256 MHz  eta= 0.13878

     H   13    Vxx=   -0.1058    axis=(  0.756374 -0.325563  0.567368)
     H   13    Vyy=   -0.2164    axis=( -0.652537 -0.314865  0.689242)
     H   13    Vzz=    0.3222    axis=(  0.045748  0.891554  0.450597)
     H   13  Q=         1.0000 1e-30 m^2  Cq=         0.7570 MHz  eta= 0.34300

     C   14    Vxx=    0.0932    axis=( -0.372130  0.017911  0.928008)
     C   14    Vyy=    0.6259    axis=( -0.212226 -0.974970 -0.066285)
     C   14    Vzz=   -0.7192    axis=(  0.903592 -0.221614  0.366617)
     C   14  Q=         1.0000 1e-30 m^2  Cq=        -1.6897 MHz  eta= 0.74068

     H   15    Vxx=   -0.0870    axis=(  0.328845 -0.758597  0.562487)
     H   15    Vyy=   -0.2437    axis=(  0.491217 -0.371303 -0.787934)
     H   15    Vzz=    0.3307    axis=(  0.806578  0.535411  0.250534)
     H   15  Q=         1.0000 1e-30 m^2  Cq=         0.7770 MHz  eta= 0.47399

     C   16    Vxx=   -0.0776    axis=( -0.099676  0.444281 -0.890326)
     C   16    Vyy=   -0.4591    axis=(  0.600992 -0.686246 -0.409726)
     C   16    Vzz=    0.5367    axis=( -0.793016 -0.575918 -0.198607)
     C   16  Q=         1.0000 1e-30 m^2  Cq=         1.2609 MHz  eta= 0.71087

     C   17    Vxx=    0.0014    axis=( -0.741488  0.231254  0.629855)
     C   17    Vyy=    0.7679    axis=( -0.423880 -0.889128 -0.172560)
     C   17    Vzz=   -0.7693    axis=(  0.520116 -0.394934  0.757302)
     C   17  Q=         1.0000 1e-30 m^2  Cq=        -1.8075 MHz  eta= 0.99631

     Cl  18    Vxx=    1.1423    axis=(  0.817664 -0.206275  0.537473)
     Cl  18    Vyy=    1.6837    axis=( -0.274011  0.681627  0.678456)
     Cl  18    Vzz=   -2.8260    axis=(  0.506305  0.702022 -0.500819)
     Cl  18  Q=        -8.1650 1e-30 m^2  Cq=        54.2159 MHz  eta= 0.19158

     H   19    Vxx=   -0.0851    axis=( -0.592379  0.503762  0.628737)
     H   19    Vyy=   -0.4062    axis=( -0.767006 -0.591454 -0.248763)
     H   19    Vzz=    0.4913    axis=(  0.246552 -0.629608  0.736754)
     H   19  Q=         1.0000 1e-30 m^2  Cq=         1.1542 MHz  eta= 0.65367

     C   20    Vxx=   -0.0212    axis=(  0.588003 -0.275777 -0.760394)
     C   20    Vyy=   -0.8190    axis=( -0.503738  0.610668 -0.611009)
     C   20    Vzz=    0.8402    axis=( -0.632851 -0.742315 -0.220155)
     C   20  Q=         1.0000 1e-30 m^2  Cq=         1.9741 MHz  eta= 0.94948

     H   21    Vxx=   -0.0101    axis=( -0.371180 -0.235978  0.898076)
     H   21    Vyy=   -0.6789    axis=(  0.058657  0.959279  0.276303)
     H   21    Vzz=    0.6890    axis=( -0.926707  0.155237 -0.342223)
     H   21  Q=         1.0000 1e-30 m^2  Cq=         1.6188 MHz  eta= 0.97071

     C   22    Vxx=   -0.0954    axis=( -0.219566  0.166805  0.961232)
     C   22    Vyy=   -0.5668    axis=(  0.975577  0.031199  0.217429)
     C   22    Vzz=    0.6622    axis=( -0.006279 -0.985496  0.169582)
     C   22  Q=         1.0000 1e-30 m^2  Cq=         1.5558 MHz  eta= 0.71187

     C   23    Vxx=   -0.0075    axis=( -0.509571  0.424240  0.748571)
     C   23    Vyy=   -0.8714    axis=( -0.479273  0.582585 -0.656423)
     C   23    Vzz=    0.8789    axis=( -0.714587 -0.693264 -0.093542)
     C   23  Q=         1.0000 1e-30 m^2  Cq=         2.0651 MHz  eta= 0.98293

     Cl  24    Vxx=   -1.3457    axis=(  0.195583  0.082553  0.977206)
     Cl  24    Vyy=   -1.4940    axis=(  0.708301 -0.701069 -0.082537)
     Cl  24    Vzz=    2.8397    axis=(  0.678275  0.708299 -0.195590)
     Cl  24  Q=        -8.1650 1e-30 m^2  Cq=       -54.4778 MHz  eta= 0.05220

     Initialization:
     gipaw_setup  :      9.26s CPU     10.94s WALL (       1 calls)

     Linear response

     Apply operators

     Induced current

     Other routines
     efg          :      9.54s CPU     13.14s WALL (       1 calls)

     General routines
     calbec       :      3.15s CPU      3.98s WALL (      16 calls)
     fft          :      1.43s CPU      1.87s WALL (      15 calls)
     ffts         :      0.03s CPU      0.05s WALL (       2 calls)
     fftw         :      3.31s CPU      4.37s WALL (     672 calls)
     davcio       :      0.02s CPU      0.33s WALL (      32 calls)

     Parallel routines
     fft_scatter  :      2.11s CPU      3.43s WALL (     689 calls)

     Plugins

     GIPAW        :     62.17s CPU     74.97s WALL (       1 calls)
