
     Program QE v.6.0 (svn rev. 13079) starts on 22Jan2017 at  3:44:24 

     This program is part of the open-source Quantum ESPRESSO suite
     for quantum simulation of materials; please cite
         "P. Giannozzi et al., J. Phys.:Condens. Matter 21 395502 (2009);
          URL http://www.quantum-espresso.org", 
     in publications or presentations arising from this work. More details at
     http://www.quantum-espresso.org/quote

     Parallel version (MPI), running on     8 processors
     R & G space division:  proc/nbgrp/npool/nimage =       8

     ***** This is GIPAW svn revision unknown      *****

     Parallelizing q-star over 1 images

     Reading data from directory:
     /users/majewski/paradichlorobenzene/pbe/9_constraint/scratch/pbe.ecut100.np8.dt60.pcl2phi-129368.save
     Message from routine read_xml_file:
     file /users/majewski/paradichlorobenzene/pbe/9_constraint/scratch/pbe.ecut100.np8.dt60.pcl2phi-129368.save not guaranteed to be safe for post-processing

   Info: using nr1, nr2, nr3 values from input

   Info: using nr1, nr2, nr3 values from input

     IMPORTANT: XC functional enforced from input :
     Exchange-correlation      =  SLA  PW   PBX  PBC ( 1  4  3  4 0 0)
     Any further DFT definition will be discarded
     Please, verify this is what you really want

               file C.pbe-n-kjpaw_psl.1.0.0.UPF: wavefunction(s)  2S 2P renormalized
               file Cl.pbe-n-kjpaw_psl.1.0.0.UPF: wavefunction(s)  3S 3P renormalized
               file H.pbe-kjpaw_psl.1.0.0.UPF: wavefunction(s)  1S renormalized

     Parallelization info
     --------------------
     sticks:   dense  smooth     PW     G-vecs:    dense   smooth      PW
     Min        3057    1223    332               144436    36536    5170
     Max        3059    1225    333               144437    36537    5171
     Sum       24467    9791   2657              1155489   292295   41363


     Subspace diagonalization in iterative solution of the eigenvalue problem:
     a serial algorithm will be used

     GIPAW projectors -----------------------------------------------
     atom=  C    l=0  rc=    1.2000  rs=    0.8000
     atom=  C    l=0  rc=    1.2000  rs=    0.8000
     atom=  C    l=1  rc=    1.4000  rs=    0.9333
     atom=  C    l=1  rc=    1.4000  rs=    0.9333
     projs nearly linearly dependent: l=1  n1,n2= 1, 2  s=  0.99951561

     atom=  Cl   l=0  rc=    1.6000  rs=    1.0667
     atom=  Cl   l=0  rc=    1.6000  rs=    1.0667
     atom=  Cl   l=1  rc=    1.6000  rs=    1.0667
     atom=  Cl   l=1  rc=    1.6000  rs=    1.0667
     atom=  Cl   l=2  rc=    1.6000  rs=    1.0667
     atom=  Cl   l=2  rc=    1.6000  rs=    1.0667
     projs nearly linearly dependent: l=2  n1,n2= 1, 2  s=  0.99993509

     atom=  H    l=0  rc=    1.0000  rs=    0.6667
     atom=  H    l=0  rc=    1.0000  rs=    0.6667
     projs nearly linearly dependent: l=0  n1,n2= 1, 2  s=  0.99968852
     -----------------------------------------------------------------

     GIPAW integrals: -------------------------------------------
     Atom  i/j   nmr_para   nmr_dia   epr_rmc  epr_para   epr_dia
       C   1 1   0.83E+03  0.17E-01  0.93E+01  0.24E+08  0.24E+03
       C   2 1   0.86E+03 -0.61E-01  0.94E+01  0.25E+08  0.25E+03
       C   2 2   0.90E+03 -0.15E+00  0.97E+01  0.26E+08  0.26E+03
       C   3 3   0.33E+01  0.34E+00  0.18E+01  0.55E+03  0.21E+02
       C   4 3   0.35E+01  0.37E+00  0.20E+01  0.59E+03  0.22E+02
       C   4 4   0.38E+01  0.39E+00  0.22E+01  0.63E+03  0.24E+02
       Cl  1 1   0.14E+04 -0.47E+00  0.84E+01  0.32E+09  0.42E+03
       Cl  2 1   0.21E+04 -0.37E+00  0.12E+02  0.49E+09  0.65E+03
       Cl  2 2   0.33E+04 -0.16E+00  0.21E+02  0.76E+09  0.10E+04
       Cl  3 3   0.21E+02  0.79E-01  0.89E+01  0.23E+05  0.13E+03
       Cl  4 3   0.24E+02  0.67E-01  0.99E+01  0.27E+05  0.15E+03
       Cl  4 4   0.28E+02  0.44E-01  0.11E+02  0.32E+05  0.18E+03
       Cl  5 5   0.77E+00  0.19E+00  0.18E+01  0.12E+03  0.22E+02
       Cl  6 5   0.80E+00  0.19E+00  0.19E+01  0.12E+03  0.23E+02
       Cl  6 6   0.83E+00  0.20E+00  0.19E+01  0.12E+03  0.23E+02
       H   1 1   0.39E+02  0.19E+00  0.29E+00  0.78E+05  0.13E+02
       H   2 1   0.41E+02  0.21E+00  0.32E+00  0.82E+05  0.14E+02
       H   2 2   0.43E+02  0.22E+00  0.36E+00  0.86E+05  0.15E+02
     ------------------------------------------------------------

     alpha_pv=     33.8767 eV

     Number of occupied bands for each k-point:
     k-point:     1    nbnd_occ=  42
     k-point:     2    nbnd_occ=  42
     k-point:     3    nbnd_occ=  42
     k-point:     4    nbnd_occ=  42
     k-point:     5    nbnd_occ=  42
     k-point:     6    nbnd_occ=  42
     k-point:     7    nbnd_occ=  42
     k-point:     8    nbnd_occ=  42
     k-point:     9    nbnd_occ=  42
     k-point:    10    nbnd_occ=  42
     k-point:    11    nbnd_occ=  42
     k-point:    12    nbnd_occ=  42
     k-point:    13    nbnd_occ=  42
     k-point:    14    nbnd_occ=  42
     k-point:    15    nbnd_occ=  42
     k-point:    16    nbnd_occ=  42


     q-space interpolation up to   110.00 Rydberg

     GIPAW job: efg                                                                             


     ELECTRIC FIELD GRADIENTS TENSORS IN Hartree/bohrradius^2:

     ----- bare term -----
     Cl   1       -0.038823        0.023799        0.057172
     Cl   1        0.023799        0.019910        0.120384
     Cl   1        0.057172        0.120384        0.018913

     C    2       -0.692118        0.245124       -0.363049
     C    2        0.245124        0.128692       -0.084579
     C    2       -0.363049       -0.084579        0.563426

     C    3        0.012174       -0.082328       -0.355208
     C    3       -0.082328       -0.331629       -0.482622
     C    3       -0.355208       -0.482622        0.319455

     H    4       -0.639255       -0.094071       -0.178380
     H    4       -0.094071        0.377074       -0.217502
     H    4       -0.178380       -0.217502        0.262181

     C    5       -0.699864        0.304736       -0.440254
     C    5        0.304736        0.201026       -0.046549
     C    5       -0.440254       -0.046549        0.498839

     H    6        0.210955       -0.094489       -0.068744
     H    6       -0.094489       -0.457276       -0.553306
     H    6       -0.068744       -0.553306        0.246320

     H    7        0.420238        0.005517        0.194361
     H    7        0.005517       -0.050782        0.446299
     H    7        0.194361        0.446299       -0.369456

     C    8       -0.276307       -0.075334       -0.362442
     C    8       -0.075334       -0.069331        0.475787
     C    8       -0.362442        0.475787        0.345638

     H    9       -0.144998        0.156662       -0.397915
     H    9        0.156662        0.426622        0.273336
     H    9       -0.397915        0.273336       -0.281624

     C   10       -0.170390       -0.408307       -0.263085
     C   10       -0.408307       -0.264151        0.449677
     C   10       -0.263085        0.449677        0.434541

     C   11       -0.112866        0.262559       -0.367215
     C   11        0.262559       -0.091681        0.625972
     C   11       -0.367215        0.625972        0.204547

     Cl  12        0.014091       -0.247100        0.104163
     Cl  12       -0.247100       -0.109794       -0.012089
     Cl  12        0.104163       -0.012089        0.095703

     H   13        0.456828        0.013856        0.159448
     H   13        0.013856        0.037248       -0.480156
     H   13        0.159448       -0.480156       -0.494076

     C   14       -0.161983        0.076836       -0.295776
     C   14        0.076836       -0.330913       -0.300408
     C   14       -0.295776       -0.300408        0.492896

     H   15        0.015511       -0.172053       -0.381503
     H   15       -0.172053        0.126432       -0.528817
     H   15       -0.381503       -0.528817       -0.141943

     C   16       -0.617030        0.338120       -0.396422
     C   16        0.338120        0.083545       -0.046761
     C   16       -0.396422       -0.046761        0.533484

     C   17       -0.016290       -0.089103       -0.319180
     C   17       -0.089103       -0.165920       -0.503276
     C   17       -0.319180       -0.503276        0.182210

     Cl  18       -0.171397        0.256597        0.019525
     Cl  18        0.256597        0.071765        0.060749
     Cl  18        0.019525        0.060749        0.099632

     H   19        0.526032        0.002341        0.001658
     H   19        0.002341        0.070559        0.184326
     H   19        0.001658        0.184326       -0.596591

     C   20       -0.485670       -0.323158       -0.091427
     C   20       -0.323158        0.143284        0.375511
     C   20       -0.091427        0.375511        0.342386

     H   21        0.145760       -0.022033       -0.373927
     H   21       -0.022033        0.185994       -0.252202
     H   21       -0.373927       -0.252202       -0.331754

     C   22        0.314982       -0.038977        0.008217
     C   22       -0.038977       -0.106075        0.019789
     C   22        0.008217        0.019789       -0.208907

     C   23       -0.325733       -0.308407       -0.357484
     C   23       -0.308407        0.060016        0.291955
     C   23       -0.357484        0.291955        0.265717

     Cl  24        0.231897        0.220524        0.133208
     Cl  24        0.220524       -0.356680       -0.440849
     Cl  24        0.133208       -0.440849        0.124783

     ----- ionic term -----
     Cl   1        0.106953       -0.214838        0.009119
     Cl   1       -0.214838        0.038900        0.004398
     Cl   1        0.009119        0.004398       -0.145854

     C    2        0.169827       -0.191709        0.303368
     C    2       -0.191709        0.087146        0.385404
     C    2        0.303368        0.385404       -0.256973

     C    3        0.177774       -0.188824        0.182654
     C    3       -0.188824        0.135803        0.387467
     C    3        0.182654        0.387467       -0.313576

     H    4        0.633142        0.371918        0.625998
     H    4        0.371918       -0.389336        0.254949
     H    4        0.625998        0.254949       -0.243806

     C    5        0.300459       -0.153453        0.233197
     C    5       -0.153453        0.039838        0.305998
     C    5        0.233197        0.305998       -0.340297

     H    6       -0.514347        0.145021        0.078635
     H    6        0.145021        0.650608        0.716975
     H    6        0.078635        0.716975       -0.136261

     H    7       -0.549185        0.045640       -0.024257
     H    7        0.045640        0.236223       -0.794722
     H    7       -0.024257       -0.794722        0.312962

     C    8        0.130744        0.297563        0.341623
     C    8        0.297563       -0.049492       -0.262709
     C    8        0.341623       -0.262709       -0.081252

     H    9        0.429386       -0.281015        0.742463
     H    9       -0.281015       -0.436449       -0.282329
     H    9        0.742463       -0.282329        0.007063

     C   10        0.021560        0.246768        0.239566
     C   10        0.246768        0.143270       -0.402963
     C   10        0.239566       -0.402963       -0.164829

     C   11        0.082175        0.243123        0.346156
     C   11        0.243123        0.055732       -0.407912
     C   11        0.346156       -0.407912       -0.137907

     Cl  12        0.104660        0.211562        0.010956
     Cl  12        0.211562        0.045410       -0.005541
     Cl  12        0.010956       -0.005541       -0.150069

     H   13       -0.506259       -0.010531        0.032106
     H   13       -0.010531        0.459293        0.781909
     H   13        0.032106        0.781909        0.046966

     C   14        0.346807       -0.276361        0.262486
     C   14       -0.276361       -0.073112        0.323508
     C   14        0.262486        0.323508       -0.273695

     H   15        0.521933        0.352590        0.712014
     H   15        0.352590       -0.398138        0.302727
     H   15        0.712014        0.302727       -0.123795

     C   16        0.207072       -0.284470        0.150784
     C   16       -0.284470        0.074735        0.424677
     C   16        0.150784        0.424677       -0.281807

     C   17        0.292829       -0.171691        0.235012
     C   17       -0.171691       -0.017615        0.382443
     C   17        0.235012        0.382443       -0.275214

     Cl  18        0.180394       -0.186306        0.017173
     Cl  18       -0.186306       -0.042262       -0.006790
     Cl  18        0.017173       -0.006790       -0.138131

     H   19       -0.533039       -0.036586        0.044326
     H   19       -0.036586        0.378784       -0.789397
     H   19        0.044326       -0.789397        0.154255

     C   20        0.110285        0.220699        0.377031
     C   20        0.220699        0.031086       -0.257136
     C   20        0.377031       -0.257136       -0.141371

     H   21        0.495811       -0.237395        0.749479
     H   21       -0.237395       -0.425915       -0.244366
     H   21        0.749479       -0.244366       -0.069896

     C   22       -0.036569        0.251768        0.252036
     C   22        0.251768        0.167288       -0.380170
     C   22        0.252036       -0.380170       -0.130719

     C   23       -0.007533        0.264055        0.364108
     C   23        0.264055        0.068162       -0.384899
     C   23        0.364108       -0.384899       -0.060630

     Cl  24        0.069329        0.215803        0.031398
     Cl  24        0.215803        0.061485        0.015650
     Cl  24        0.031398        0.015650       -0.130814

     ----- GIPAW term -----
     Cl   1       -0.190749       -1.262821        0.472617
     Cl   1       -1.262821        0.936252        2.132796
     Cl   1        0.472617        2.132796       -0.745503

     C    2       -0.165407       -0.079769       -0.088714
     C    2       -0.079769        0.032387        0.173287
     C    2       -0.088714        0.173287        0.133020

     C    3       -0.030640       -0.145686       -0.157291
     C    3       -0.145686       -0.007981        0.065650
     C    3       -0.157291        0.065650        0.038620

     H    4       -0.000000        0.000000        0.000000
     H    4        0.000000        0.000000        0.000000
     H    4        0.000000        0.000000        0.000000

     C    5       -0.147223       -0.059444       -0.127695
     C    5       -0.059444        0.108616        0.140573
     C    5       -0.127695        0.140573        0.038607

     H    6       -0.000000        0.000000        0.000000
     H    6        0.000000        0.000000        0.000000
     H    6        0.000000        0.000000        0.000000

     H    7       -0.000000        0.000000        0.000000
     H    7        0.000000        0.000000        0.000000
     H    7        0.000000        0.000000        0.000000

     C    8       -0.034974        0.029101       -0.056251
     C    8        0.029101        0.014977        0.112966
     C    8       -0.056251        0.112966        0.019996

     H    9       -0.000000        0.000000        0.000000
     H    9        0.000000        0.000000        0.000000
     H    9        0.000000        0.000000        0.000000

     C   10       -0.011136       -0.074569       -0.101457
     C   10       -0.074569       -0.063482        0.073558
     C   10       -0.101457        0.073558        0.074618

     C   11        0.081788        0.235064        0.006383
     C   11        0.235064       -0.024786        0.141997
     C   11        0.006383        0.141997       -0.057003

     Cl  12        2.079461        0.861284        0.927889
     Cl  12        0.861284       -0.786949       -0.160351
     Cl  12        0.927889       -0.160351       -1.292511

     H   13       -0.000000        0.000000        0.000000
     H   13        0.000000        0.000000        0.000000
     H   13        0.000000        0.000000        0.000000

     C   14       -0.089861       -0.028294       -0.117613
     C   14       -0.028294       -0.181737        0.041345
     C   14       -0.117613        0.041345        0.271598

     H   15       -0.000000        0.000000        0.000000
     H   15        0.000000        0.000000        0.000000
     H   15        0.000000        0.000000        0.000000

     C   16       -0.213478       -0.015313       -0.144753
     C   16       -0.015313        0.042707        0.169411
     C   16       -0.144753        0.169411        0.170771

     C   17       -0.009226       -0.148064       -0.052328
     C   17       -0.148064        0.091576        0.050147
     C   17       -0.052328        0.050147       -0.082350

     Cl  18       -0.497676        0.375597        0.525952
     Cl  18        0.375597        1.967258        1.601081
     Cl  18        0.525952        1.601081       -1.469582

     H   19       -0.000000        0.000000        0.000000
     H   19        0.000000        0.000000        0.000000
     H   19        0.000000        0.000000        0.000000

     C   20       -0.165429       -0.017222        0.021626
     C   20       -0.017222        0.075674        0.213876
     C   20        0.021626        0.213876        0.089755

     H   21       -0.000000        0.000000        0.000000
     H   21        0.000000        0.000000        0.000000
     H   21        0.000000        0.000000        0.000000

     C   22        0.022630        0.006958        0.006691
     C   22        0.006958        0.009880       -0.020613
     C   22        0.006691       -0.020613       -0.032509

     C   23       -0.087937       -0.046643       -0.083698
     C   23       -0.046643        0.105863        0.161553
     C   23       -0.083698        0.161553       -0.017926

     Cl  24        0.279917        0.381962       -0.238714
     Cl  24        0.381962        0.256317        0.347203
     Cl  24       -0.238714        0.347203       -0.536234

     ----- total EFG -----
     Cl   1       -0.122619       -1.453860        0.538908
     Cl   1       -1.453860        0.995063        2.257578
     Cl   1        0.538908        2.257578       -0.872444

     C    2       -0.687699       -0.026354       -0.148395
     C    2       -0.026354        0.248225        0.474112
     C    2       -0.148395        0.474112        0.439474

     C    3        0.159308       -0.416838       -0.329845
     C    3       -0.416838       -0.203807       -0.029505
     C    3       -0.329845       -0.029505        0.044499

     H    4       -0.006113        0.277848        0.447618
     H    4        0.277848       -0.012262        0.037447
     H    4        0.447618        0.037447        0.018375

     C    5       -0.546628        0.091839       -0.334753
     C    5        0.091839        0.349480        0.400022
     C    5       -0.334753        0.400022        0.197149

     H    6       -0.303392        0.050531        0.009891
     H    6        0.050531        0.193333        0.163669
     H    6        0.009891        0.163669        0.110059

     H    7       -0.128947        0.051157        0.170104
     H    7        0.051157        0.185441       -0.348423
     H    7        0.170104       -0.348423       -0.056494

     C    8       -0.180537        0.251330       -0.077070
     C    8        0.251330       -0.103845        0.326044
     C    8       -0.077070        0.326044        0.284382

     H    9        0.284388       -0.124352        0.344548
     H    9       -0.124352       -0.009826       -0.008993
     H    9        0.344548       -0.008993       -0.274561

     C   10       -0.159966       -0.236109       -0.124975
     C   10       -0.236109       -0.184363        0.120273
     C   10       -0.124975        0.120273        0.344330

     C   11        0.051096        0.740746       -0.014677
     C   11        0.740746       -0.060734        0.360058
     C   11       -0.014677        0.360058        0.009638

     Cl  12        2.198211        0.825746        1.043008
     Cl  12        0.825746       -0.851333       -0.177981
     Cl  12        1.043008       -0.177981       -1.346878

     H   13       -0.049431        0.003325        0.191555
     H   13        0.003325        0.496541        0.301753
     H   13        0.191555        0.301753       -0.447110

     C   14        0.094963       -0.227819       -0.150904
     C   14       -0.227819       -0.585762        0.064445
     C   14       -0.150904        0.064445        0.490799

     H   15        0.537443        0.180537        0.330510
     H   15        0.180537       -0.271705       -0.226090
     H   15        0.330510       -0.226090       -0.265738

     C   16       -0.623436        0.038337       -0.390391
     C   16        0.038337        0.200987        0.547327
     C   16       -0.390391        0.547327        0.422449

     C   17        0.267313       -0.408857       -0.136497
     C   17       -0.408857       -0.091959       -0.070686
     C   17       -0.136497       -0.070686       -0.175354

     Cl  18       -0.488679        0.445888        0.562650
     Cl  18        0.445888        1.996760        1.655039
     Cl  18        0.562650        1.655039       -1.508081

     H   19       -0.007007       -0.034245        0.045984
     H   19       -0.034245        0.449343       -0.605072
     H   19        0.045984       -0.605072       -0.442336

     C   20       -0.540814       -0.119680        0.307230
     C   20       -0.119680        0.250044        0.332251
     C   20        0.307230        0.332251        0.290770

     H   21        0.641570       -0.259428        0.375552
     H   21       -0.259428       -0.239921       -0.496568
     H   21        0.375552       -0.496568       -0.401650

     C   22        0.301043        0.219749        0.266944
     C   22        0.219749        0.071093       -0.380994
     C   22        0.266944       -0.380994       -0.372135

     C   23       -0.421203       -0.090994       -0.077074
     C   23       -0.090994        0.234041        0.068609
     C   23       -0.077074        0.068609        0.187162

     Cl  24        0.581142        0.818290       -0.074109
     Cl  24        0.818290       -0.038877       -0.077997
     Cl  24       -0.074109       -0.077997       -0.542265

     ----- total EFG (symmetrized) -----
     Cl   1       -0.122619       -1.453860        0.538908
     Cl   1       -1.453860        0.995063        2.257578
     Cl   1        0.538908        2.257578       -0.872444

     C    2       -0.687699       -0.026354       -0.148395
     C    2       -0.026354        0.248225        0.474112
     C    2       -0.148395        0.474112        0.439474

     C    3        0.159308       -0.416838       -0.329845
     C    3       -0.416838       -0.203807       -0.029505
     C    3       -0.329845       -0.029505        0.044499

     H    4       -0.006113        0.277848        0.447618
     H    4        0.277848       -0.012262        0.037447
     H    4        0.447618        0.037447        0.018375

     C    5       -0.546628        0.091839       -0.334753
     C    5        0.091839        0.349480        0.400022
     C    5       -0.334753        0.400022        0.197149

     H    6       -0.303392        0.050531        0.009891
     H    6        0.050531        0.193333        0.163669
     H    6        0.009891        0.163669        0.110059

     H    7       -0.128947        0.051157        0.170104
     H    7        0.051157        0.185441       -0.348423
     H    7        0.170104       -0.348423       -0.056494

     C    8       -0.180537        0.251330       -0.077070
     C    8        0.251330       -0.103845        0.326044
     C    8       -0.077070        0.326044        0.284382

     H    9        0.284388       -0.124352        0.344548
     H    9       -0.124352       -0.009826       -0.008993
     H    9        0.344548       -0.008993       -0.274561

     C   10       -0.159966       -0.236109       -0.124975
     C   10       -0.236109       -0.184363        0.120273
     C   10       -0.124975        0.120273        0.344330

     C   11        0.051096        0.740746       -0.014677
     C   11        0.740746       -0.060734        0.360058
     C   11       -0.014677        0.360058        0.009638

     Cl  12        2.198211        0.825746        1.043008
     Cl  12        0.825746       -0.851333       -0.177981
     Cl  12        1.043008       -0.177981       -1.346878

     H   13       -0.049431        0.003325        0.191555
     H   13        0.003325        0.496541        0.301753
     H   13        0.191555        0.301753       -0.447110

     C   14        0.094963       -0.227819       -0.150904
     C   14       -0.227819       -0.585762        0.064445
     C   14       -0.150904        0.064445        0.490799

     H   15        0.537443        0.180537        0.330510
     H   15        0.180537       -0.271705       -0.226090
     H   15        0.330510       -0.226090       -0.265738

     C   16       -0.623436        0.038337       -0.390391
     C   16        0.038337        0.200987        0.547327
     C   16       -0.390391        0.547327        0.422449

     C   17        0.267313       -0.408857       -0.136497
     C   17       -0.408857       -0.091959       -0.070686
     C   17       -0.136497       -0.070686       -0.175354

     Cl  18       -0.488679        0.445888        0.562650
     Cl  18        0.445888        1.996760        1.655039
     Cl  18        0.562650        1.655039       -1.508081

     H   19       -0.007007       -0.034245        0.045984
     H   19       -0.034245        0.449343       -0.605072
     H   19        0.045984       -0.605072       -0.442336

     C   20       -0.540814       -0.119680        0.307230
     C   20       -0.119680        0.250044        0.332251
     C   20        0.307230        0.332251        0.290770

     H   21        0.641570       -0.259428        0.375552
     H   21       -0.259428       -0.239921       -0.496568
     H   21        0.375552       -0.496568       -0.401650

     C   22        0.301043        0.219749        0.266944
     C   22        0.219749        0.071093       -0.380994
     C   22        0.266944       -0.380994       -0.372135

     C   23       -0.421203       -0.090994       -0.077074
     C   23       -0.090994        0.234041        0.068609
     C   23       -0.077074        0.068609        0.187162

     Cl  24        0.581142        0.818290       -0.074109
     Cl  24        0.818290       -0.038877       -0.077997
     Cl  24       -0.074109       -0.077997       -0.542265


     NQR/NMR SPECTROSCOPIC PARAMETERS:
     Cl   1    Vxx=    0.1496    axis=( -0.846589 -0.038251 -0.530871)
     Cl   1    Vyy=    2.8178    axis=( -0.324923  0.827130  0.458563)
     Cl   1    Vzz=   -2.9674    axis=( -0.421559 -0.560707  0.712668)
     Cl   1  Q=        -8.1650 1e-30 m^2  Cq=        56.9284 MHz  eta= 0.89915

     C    2    Vxx=   -0.1304    axis=(  0.126855  0.778519 -0.614667)
     C    2    Vyy=   -0.7085    axis=( -0.988173  0.045369 -0.146477)
     C    2    Vzz=    0.8389    axis=( -0.086148  0.625979  0.775067)
     C    2  Q=         1.0000 1e-30 m^2  Cq=         1.9710 MHz  eta= 0.68912

     C    3    Vxx=   -0.0149    axis=(  0.195280 -0.557085  0.807169)
     C    3    Vyy=   -0.5562    axis=(  0.587778  0.725311  0.358386)
     C    3    Vzz=    0.5711    axis=( -0.785101  0.404450  0.469081)
     C    3  Q=         1.0000 1e-30 m^2  Cq=         1.3419 MHz  eta= 0.94769

     H    4    Vxx=   -0.0373    axis=(  0.005533 -0.849786  0.527098)
     H    4    Vyy=   -0.5088    axis=( -0.723504  0.360464  0.588734)
     H    4    Vzz=    0.5461    axis=(  0.690298  0.384615  0.612829)
     H    4  Q=         1.0000 1e-30 m^2  Cq=         1.2831 MHz  eta= 0.86339

     C    5    Vxx=    0.0306    axis=(  0.458978  0.640408 -0.615805)
     C    5    Vyy=    0.6986    axis=(  0.125672 -0.732953 -0.668570)
     C    5    Vzz=   -0.7293    axis=( -0.879514  0.229470 -0.416891)
     C    5  Q=         1.0000 1e-30 m^2  Cq=        -1.7135 MHz  eta= 0.91595

     H    6    Vxx=   -0.0154    axis=( -0.078597 -0.603358  0.793588)
     H    6    Vyy=   -0.3086    axis=( -0.994211  0.105936 -0.017925)
     H    6    Vzz=    0.3240    axis=( -0.073255 -0.790403 -0.608192)
     H    6  Q=         1.0000 1e-30 m^2  Cq=         0.7612 MHz  eta= 0.90519

     H    7    Vxx=   -0.0320    axis=(  0.846191  0.387359  0.365943)
     H    7    Vyy=   -0.4074    axis=( -0.522090  0.465163  0.714874)
     H    7    Vzz=    0.4394    axis=(  0.106690 -0.795975  0.595854)
     H    7  Q=         1.0000 1e-30 m^2  Cq=         1.0324 MHz  eta= 0.85450

     C    8    Vxx=    0.0230    axis=(  0.768811  0.500653 -0.397840)
     C    8    Vyy=    0.4755    axis=(  0.099815  0.520557  0.847973)
     C    8    Vzz=   -0.4985    axis=(  0.631639 -0.691641  0.350237)
     C    8  Q=         1.0000 1e-30 m^2  Cq=        -1.1712 MHz  eta= 0.90767

     H    9    Vxx=   -0.0328    axis=(  0.164032  0.966420  0.197801)
     H    9    Vyy=   -0.4436    axis=( -0.440255 -0.107718  0.891388)
     H    9    Vzz=    0.4764    axis=(  0.882762 -0.233299  0.407803)
     H    9  Q=         1.0000 1e-30 m^2  Cq=         1.1194 MHz  eta= 0.86242

     C   10    Vxx=   -0.0186    axis=( -0.655132  0.620403 -0.431164)
     C   10    Vyy=   -0.4086    axis=( -0.688178 -0.725540  0.001670)
     C   10    Vzz=    0.4272    axis=( -0.311791  0.297812  0.902272)
     C   10  Q=         1.0000 1e-30 m^2  Cq=         1.0038 MHz  eta= 0.91281

     C   11    Vxx=    0.0290    axis=( -0.433941  0.030775  0.900416)
     C   11    Vyy=    0.8108    axis=(  0.663798  0.686656  0.296438)
     C   11    Vzz=   -0.8398    axis=( -0.609153  0.726331 -0.318396)
     C   11  Q=         1.0000 1e-30 m^2  Cq=        -1.9732 MHz  eta= 0.93090

     Cl  12    Vxx=   -0.8319    axis=( -0.079722  0.881176 -0.466019)
     Cl  12    Vyy=   -1.8129    axis=( -0.308595  0.422722  0.852100)
     Cl  12    Vzz=    2.6448    axis=(  0.947847  0.211742  0.238226)
     Cl  12  Q=        -8.1650 1e-30 m^2  Cq=       -50.7395 MHz  eta= 0.37091

     H   13    Vxx=    0.0067    axis=(  0.943399 -0.178568  0.279485)
     H   13    Vyy=    0.5901    axis=(  0.092985  0.951293  0.293930)
     H   13    Vzz=   -0.5968    axis=( -0.318358 -0.251305  0.914053)
     H   13  Q=         1.0000 1e-30 m^2  Cq=        -1.4022 MHz  eta= 0.97759

     C   14    Vxx=    0.0967    axis=( -0.886810  0.259945 -0.382096)
     C   14    Vyy=    0.5585    axis=( -0.361748  0.124058  0.923985)
     C   14    Vzz=   -0.6553    axis=( -0.287587 -0.957621  0.015982)
     C   14  Q=         1.0000 1e-30 m^2  Cq=        -1.5396 MHz  eta= 0.70478

     H   15    Vxx=   -0.0558    axis=(  0.120401  0.764249 -0.633583)
     H   15    Vyy=   -0.6102    axis=( -0.304278  0.635917  0.709242)
     H   15    Vzz=    0.6661    axis=(  0.944943  0.107392  0.309110)
     H   15  Q=         1.0000 1e-30 m^2  Cq=         1.5650 MHz  eta= 0.83237

     C   16    Vxx=   -0.1159    axis=( -0.424165 -0.770520  0.475797)
     C   16    Vyy=   -0.8064    axis=( -0.886622  0.246388 -0.391401)
     C   16    Vzz=    0.9223    axis=( -0.184352  0.587870  0.787669)
     C   16  Q=         1.0000 1e-30 m^2  Cq=         2.1671 MHz  eta= 0.74871

     C   17    Vxx=   -0.1118    axis=( -0.173155 -0.452577  0.874752)
     C   17    Vyy=   -0.4307    axis=(  0.512424  0.717092  0.472441)
     C   17    Vzz=    0.5425    axis=( -0.841094  0.530050  0.107743)
     C   17  Q=         1.0000 1e-30 m^2  Cq=         1.2746 MHz  eta= 0.58794

     Cl  18    Vxx=   -0.5317    axis=(  0.959527 -0.251782  0.126149)
     Cl  18    Vyy=   -2.2426    axis=(  0.209009  0.336478 -0.918203)
     Cl  18    Vzz=    2.7744    axis=(  0.188741  0.907407  0.375485)
     Cl  18  Q=        -8.1650 1e-30 m^2  Cq=       -53.2247 MHz  eta= 0.61670

     H   19    Vxx=   -0.0096    axis=(  0.997161  0.075299  0.000674)
     H   19    Vyy=   -0.7490    axis=(  0.034560 -0.449679 -0.892521)
     H   19    Vzz=    0.7585    axis=( -0.066903  0.890011 -0.451004)
     H   19  Q=         1.0000 1e-30 m^2  Cq=         1.7822 MHz  eta= 0.97479

     C   20    Vxx=    0.0734    axis=(  0.412691 -0.734259  0.539026)
     C   20    Vyy=    0.6227    axis=(  0.135596  0.634699  0.760770)
     C   20    Vzz=   -0.6961    axis=( -0.900722 -0.240873  0.361497)
     C   20  Q=         1.0000 1e-30 m^2  Cq=        -1.6356 MHz  eta= 0.78911

     H   21    Vxx=   -0.0802    axis=(  0.509921  0.704856 -0.493112)
     H   21    Vyy=   -0.8347    axis=( -0.091396  0.614386  0.783694)
     H   21    Vzz=    0.9149    axis=(  0.855352 -0.354553  0.377709)
     H   21  Q=         1.0000 1e-30 m^2  Cq=         2.1498 MHz  eta= 0.82468

     C   22    Vxx=    0.2704    axis=( -0.324705  0.748198 -0.578590)
     C   22    Vyy=    0.4366    axis=( -0.889568 -0.449398 -0.081910)
     C   22    Vzz=   -0.7070    axis=( -0.321302  0.488099  0.811495)
     C   22  Q=         1.0000 1e-30 m^2  Cq=        -1.6611 MHz  eta= 0.23520

     C   23    Vxx=    0.1382    axis=(  0.014859  0.591489 -0.806176)
     C   23    Vyy=    0.3026    axis=( -0.162142  0.797019  0.581782)
     C   23    Vzz=   -0.4409    axis=(  0.986656  0.122070  0.107749)
     C   23  Q=         1.0000 1e-30 m^2  Cq=        -1.0359 MHz  eta= 0.37287

     Cl  24    Vxx=   -0.5411    axis=(  0.236378 -0.238877  0.941840)
     Cl  24    Vyy=   -0.6116    axis=(  0.519921 -0.787776 -0.330289)
     Cl  24    Vzz=    1.1527    axis=( -0.820858 -0.567756  0.062016)
     Cl  24  Q=        -8.1650 1e-30 m^2  Cq=       -22.1144 MHz  eta= 0.06121

     Initialization:
     gipaw_setup  :      9.26s CPU     10.86s WALL (       1 calls)

     Linear response

     Apply operators

     Induced current

     Other routines
     efg          :      9.41s CPU     11.92s WALL (       1 calls)

     General routines
     calbec       :      3.31s CPU      4.43s WALL (      16 calls)
     fft          :      2.04s CPU      3.62s WALL (      15 calls)
     ffts         :      0.04s CPU      0.05s WALL (       2 calls)
     fftw         :      3.32s CPU      4.12s WALL (     672 calls)
     davcio       :      0.02s CPU      0.34s WALL (      32 calls)

     Parallel routines
     fft_scatter  :      2.65s CPU      4.85s WALL (     689 calls)

     Plugins

     GIPAW        :     61.74s CPU     73.64s WALL (       1 calls)
