
     Program QE v.6.0 (svn rev. 13079) starts on 11Jan2017 at 18: 1:43 

     This program is part of the open-source Quantum ESPRESSO suite
     for quantum simulation of materials; please cite
         "P. Giannozzi et al., J. Phys.:Condens. Matter 21 395502 (2009);
          URL http://www.quantum-espresso.org", 
     in publications or presentations arising from this work. More details at
     http://www.quantum-espresso.org/quote

     Parallel version (MPI), running on     8 processors
     R & G space division:  proc/nbgrp/npool/nimage =       8

     ***** This is GIPAW svn revision unknown      *****

     Parallelizing q-star over 1 images

     Reading data from directory:
     /users/majewski/paradichlorobenzene/pbe/9_constraint/scratch/pbe.ecut100.np8.dt60.pcl2phi-129368.save
     Message from routine read_xml_file:
     file /users/majewski/paradichlorobenzene/pbe/9_constraint/scratch/pbe.ecut100.np8.dt60.pcl2phi-129368.save not guaranteed to be safe for post-processing

   Info: using nr1, nr2, nr3 values from input

   Info: using nr1, nr2, nr3 values from input

     IMPORTANT: XC functional enforced from input :
     Exchange-correlation      =  SLA  PW   PBX  PBC ( 1  4  3  4 0 0)
     Any further DFT definition will be discarded
     Please, verify this is what you really want

               file C.pbe-n-kjpaw_psl.1.0.0.UPF: wavefunction(s)  2S 2P renormalized
               file Cl.pbe-n-kjpaw_psl.1.0.0.UPF: wavefunction(s)  3S 3P renormalized
               file H.pbe-kjpaw_psl.1.0.0.UPF: wavefunction(s)  1S renormalized

     Parallelization info
     --------------------
     sticks:   dense  smooth     PW     G-vecs:    dense   smooth      PW
     Min        3057    1223    332               144436    36536    5170
     Max        3059    1225    333               144437    36537    5171
     Sum       24467    9791   2657              1155489   292295   41363


     Subspace diagonalization in iterative solution of the eigenvalue problem:
     a serial algorithm will be used

     GIPAW projectors -----------------------------------------------
     atom=  C    l=0  rc=    1.2000  rs=    0.8000
     atom=  C    l=0  rc=    1.2000  rs=    0.8000
     atom=  C    l=1  rc=    1.4000  rs=    0.9333
     atom=  C    l=1  rc=    1.4000  rs=    0.9333
     projs nearly linearly dependent: l=1  n1,n2= 1, 2  s=  0.99951561

     atom=  Cl   l=0  rc=    1.6000  rs=    1.0667
     atom=  Cl   l=0  rc=    1.6000  rs=    1.0667
     atom=  Cl   l=1  rc=    1.6000  rs=    1.0667
     atom=  Cl   l=1  rc=    1.6000  rs=    1.0667
     atom=  Cl   l=2  rc=    1.6000  rs=    1.0667
     atom=  Cl   l=2  rc=    1.6000  rs=    1.0667
     projs nearly linearly dependent: l=2  n1,n2= 1, 2  s=  0.99993509

     atom=  H    l=0  rc=    1.0000  rs=    0.6667
     atom=  H    l=0  rc=    1.0000  rs=    0.6667
     projs nearly linearly dependent: l=0  n1,n2= 1, 2  s=  0.99968852
     -----------------------------------------------------------------

     GIPAW integrals: -------------------------------------------
     Atom  i/j   nmr_para   nmr_dia   epr_rmc  epr_para   epr_dia
       C   1 1   0.83E+03  0.17E-01  0.93E+01  0.24E+08  0.24E+03
       C   2 1   0.86E+03 -0.61E-01  0.94E+01  0.25E+08  0.25E+03
       C   2 2   0.90E+03 -0.15E+00  0.97E+01  0.26E+08  0.26E+03
       C   3 3   0.33E+01  0.34E+00  0.18E+01  0.55E+03  0.21E+02
       C   4 3   0.35E+01  0.37E+00  0.20E+01  0.59E+03  0.22E+02
       C   4 4   0.38E+01  0.39E+00  0.22E+01  0.63E+03  0.24E+02
       Cl  1 1   0.14E+04 -0.47E+00  0.84E+01  0.32E+09  0.42E+03
       Cl  2 1   0.21E+04 -0.37E+00  0.12E+02  0.49E+09  0.65E+03
       Cl  2 2   0.33E+04 -0.16E+00  0.21E+02  0.76E+09  0.10E+04
       Cl  3 3   0.21E+02  0.79E-01  0.89E+01  0.23E+05  0.13E+03
       Cl  4 3   0.24E+02  0.67E-01  0.99E+01  0.27E+05  0.15E+03
       Cl  4 4   0.28E+02  0.44E-01  0.11E+02  0.32E+05  0.18E+03
       Cl  5 5   0.77E+00  0.19E+00  0.18E+01  0.12E+03  0.22E+02
       Cl  6 5   0.80E+00  0.19E+00  0.19E+01  0.12E+03  0.23E+02
       Cl  6 6   0.83E+00  0.20E+00  0.19E+01  0.12E+03  0.23E+02
       H   1 1   0.39E+02  0.19E+00  0.29E+00  0.78E+05  0.13E+02
       H   2 1   0.41E+02  0.21E+00  0.32E+00  0.82E+05  0.14E+02
       H   2 2   0.43E+02  0.22E+00  0.36E+00  0.86E+05  0.15E+02
     ------------------------------------------------------------

     alpha_pv=     34.0773 eV

     Number of occupied bands for each k-point:
     k-point:     1    nbnd_occ=  42
     k-point:     2    nbnd_occ=  42
     k-point:     3    nbnd_occ=  42
     k-point:     4    nbnd_occ=  42
     k-point:     5    nbnd_occ=  42
     k-point:     6    nbnd_occ=  42
     k-point:     7    nbnd_occ=  42
     k-point:     8    nbnd_occ=  42
     k-point:     9    nbnd_occ=  42
     k-point:    10    nbnd_occ=  42
     k-point:    11    nbnd_occ=  42
     k-point:    12    nbnd_occ=  42
     k-point:    13    nbnd_occ=  42
     k-point:    14    nbnd_occ=  42
     k-point:    15    nbnd_occ=  42
     k-point:    16    nbnd_occ=  42


     q-space interpolation up to   110.00 Rydberg

     GIPAW job: efg                                                                             


     ELECTRIC FIELD GRADIENTS TENSORS IN Hartree/bohrradius^2:

     ----- bare term -----
     Cl   1        0.102611        0.012892        0.034036
     Cl   1        0.012892        0.025909        0.199976
     Cl   1        0.034036        0.199976       -0.128520

     C    2       -0.471575        0.303137       -0.413834
     C    2        0.303137        0.217269       -0.334176
     C    2       -0.413834       -0.334176        0.254306

     C    3        0.114648        0.606995       -0.043114
     C    3        0.606995       -0.383156       -0.541592
     C    3       -0.043114       -0.541592        0.268508

     H    4       -0.248142       -0.207048       -0.491973
     H    4       -0.207048        0.332706       -0.030723
     H    4       -0.491973       -0.030723       -0.084564

     C    5       -0.617050        0.217176       -0.356828
     C    5        0.217176        0.157353       -0.168941
     C    5       -0.356828       -0.168941        0.459698

     H    6        0.257003        0.061836       -0.132532
     H    6        0.061836       -0.476117       -0.482856
     H    6       -0.132532       -0.482856        0.219115

     H    7        0.425336        0.270224       -0.001324
     H    7        0.270224       -0.790344        0.153037
     H    7       -0.001324        0.153037        0.365009

     C    8       -0.061991       -0.131328       -0.133277
     C    8       -0.131328       -0.086249        0.359108
     C    8       -0.133277        0.359108        0.148240

     H    9       -0.256002        0.362388        0.172564
     H    9        0.362388        0.048910       -0.157817
     H    9        0.172564       -0.157817        0.207092

     C   10       -0.068590       -0.086599        0.153821
     C   10       -0.086599       -0.084544       -0.046213
     C   10        0.153821       -0.046213        0.153134

     C   11       -0.164934        0.153281       -0.238056
     C   11        0.153281       -0.014217        0.526727
     C   11       -0.238056        0.526727        0.179151

     Cl  12        0.231386       -0.156659        0.009926
     Cl  12       -0.156659        0.259680       -0.276309
     Cl  12        0.009926       -0.276309       -0.491066

     H   13        0.125784        0.307653        0.196092
     H   13        0.307653       -0.297481       -0.503568
     H   13        0.196092       -0.503568        0.171697

     C   14       -0.152021        0.023372       -0.305137
     C   14        0.023372       -0.260008       -0.293015
     C   14       -0.305137       -0.293015        0.412029

     H   15        0.100212       -0.115973       -0.360551
     H   15       -0.115973        0.477130       -0.248279
     H   15       -0.360551       -0.248279       -0.577342

     C   16       -0.579574        0.339415       -0.384527
     C   16        0.339415        0.116107       -0.003868
     C   16       -0.384527       -0.003868        0.463466

     C   17        0.016332        0.001759       -0.221490
     C   17        0.001759       -0.485674       -0.332985
     C   17       -0.221490       -0.332985        0.469342

     Cl  18       -0.164998        0.166494        0.012157
     Cl  18        0.166494       -0.041541        0.076621
     Cl  18        0.012157        0.076621        0.206539

     H   19        0.139935        0.113547       -0.040772
     H   19        0.113547       -0.430865        0.534937
     H   19       -0.040772        0.534937        0.290930

     C   20       -0.607444       -0.311164       -0.439181
     C   20       -0.311164        0.129920        0.026083
     C   20       -0.439181        0.026083        0.477525

     H   21       -0.470975        0.307092        0.245165
     H   21        0.307092        0.315969       -0.004131
     H   21        0.245165       -0.004131        0.155007

     C   22        0.077807        0.043136       -0.109410
     C   22        0.043136       -0.447671        0.337300
     C   22       -0.109410        0.337300        0.369863

     C   23       -0.767957       -0.298563       -0.328016
     C   23       -0.298563        0.173237        0.034239
     C   23       -0.328016        0.034239        0.594720

     Cl  24        0.046541       -0.022564        0.116427
     Cl  24       -0.022564        0.103586        0.058992
     Cl  24        0.116427        0.058992       -0.150128

     ----- ionic term -----
     Cl   1        0.133361       -0.204278        0.093712
     Cl   1       -0.204278        0.009199       -0.054418
     Cl   1        0.093712       -0.054418       -0.142560

     C    2        0.062402       -0.251824        0.384701
     C    2       -0.251824        0.144850        0.288409
     C    2        0.384701        0.288409       -0.207252

     C    3        0.091722       -0.301285        0.251029
     C    3       -0.301285        0.221464        0.320775
     C    3        0.251029        0.320775       -0.313186

     H    4        0.473998        0.258255        0.735599
     H    4        0.258255       -0.386560        0.253899
     H    4        0.735599        0.253899       -0.087438

     C    5        0.184606       -0.169853        0.369714
     C    5       -0.169853        0.079824        0.297583
     C    5        0.369714        0.297583       -0.264430

     H    6       -0.517185        0.055797        0.026769
     H    6        0.055797        0.692012        0.685767
     H    6        0.026769        0.685767       -0.174827

     H    7       -0.539062       -0.073802        0.015301
     H    7       -0.073802        0.596912       -0.758347
     H    7        0.015301       -0.758347       -0.057850

     C    8        0.318103        0.107873       -0.043146
     C    8        0.107873        0.096038       -0.329663
     C    8       -0.043146       -0.329663       -0.414140

     H    9        0.877965       -0.443557        0.262400
     H    9       -0.443557       -0.359119       -0.139294
     H    9        0.262400       -0.139294       -0.518846

     C   10        0.226448        0.109189       -0.025220
     C   10        0.109189        0.220294       -0.366582
     C   10       -0.025220       -0.366582       -0.446742

     C   11        0.293910        0.005186        0.030088
     C   11        0.005186        0.170544       -0.350612
     C   11        0.030088       -0.350612       -0.464454

     Cl  12        0.094654        0.163162       -0.052317
     Cl  12        0.163162        0.023623       -0.043667
     Cl  12       -0.052317       -0.043667       -0.118277

     H   13       -0.502367       -0.209245       -0.080851
     H   13       -0.209245        0.700575        0.641192
     H   13       -0.080851        0.641192       -0.198208

     C   14        0.183767       -0.344116        0.301073
     C   14       -0.344116        0.078866        0.242481
     C   14        0.301073        0.242481       -0.262633

     H   15        0.486727        0.169347        0.756856
     H   15        0.169347       -0.490429        0.203139
     H   15        0.756856        0.203139        0.003702

     C   16        0.134658       -0.344225        0.245948
     C   16       -0.344225        0.147536        0.330082
     C   16        0.245948        0.330082       -0.282194

     C   17        0.155109       -0.177218        0.343060
     C   17       -0.177218        0.069882        0.419245
     C   17        0.343060        0.419245       -0.224991

     Cl  18        0.164228       -0.206339        0.029476
     Cl  18       -0.206339       -0.010820       -0.007924
     Cl  18        0.029476       -0.007924       -0.153408

     H   19       -0.495845       -0.137468        0.059507
     H   19       -0.137468        0.668827       -0.701410
     H   19        0.059507       -0.701410       -0.172983

     C   20        0.434326        0.085193       -0.010205
     C   20        0.085193        0.037533       -0.320742
     C   20       -0.010205       -0.320742       -0.471858

     H   21        0.773119       -0.519043        0.340775
     H   21       -0.519043       -0.301186       -0.204942
     H   21        0.340775       -0.204942       -0.471934

     C   22        0.246035        0.118157       -0.019137
     C   22        0.118157        0.193857       -0.378464
     C   22       -0.019137       -0.378464       -0.439892

     C   23        0.305522        0.058886        0.006831
     C   23        0.058886        0.153080       -0.331912
     C   23        0.006831       -0.331912       -0.458603

     Cl  24        0.145915        0.208802       -0.045420
     Cl  24        0.208802       -0.011024       -0.026809
     Cl  24       -0.045420       -0.026809       -0.134890

     ----- GIPAW term -----
     Cl   1       -0.382387       -0.667476       -0.657253
     Cl   1       -0.667476       -0.288120       -1.366829
     Cl   1       -0.657253       -1.366829        0.670507

     C    2       -0.097057        0.012930       -0.074350
     C    2        0.012930        0.226760       -0.072079
     C    2       -0.074350       -0.072079       -0.129703

     C    3        0.090573        0.242511        0.018961
     C    3        0.242511       -0.016644       -0.057003
     C    3        0.018961       -0.057003       -0.073929

     H    4       -0.000000        0.000000        0.000000
     H    4        0.000000        0.000000        0.000000
     H    4        0.000000        0.000000        0.000000

     C    5       -0.073651        0.103668        0.082228
     C    5        0.103668       -0.012250        0.080338
     C    5        0.082228        0.080338        0.085901

     H    6       -0.000000        0.000000        0.000000
     H    6        0.000000        0.000000        0.000000
     H    6        0.000000        0.000000        0.000000

     H    7       -0.000000        0.000000        0.000000
     H    7        0.000000        0.000000        0.000000
     H    7        0.000000        0.000000        0.000000

     C    8       -0.048842       -0.091931       -0.031186
     C    8       -0.091931        0.123052        0.143048
     C    8       -0.031186        0.143048       -0.074211

     H    9       -0.000000        0.000000        0.000000
     H    9        0.000000        0.000000        0.000000
     H    9        0.000000        0.000000        0.000000

     C   10       -0.008990        0.005414        0.018306
     C   10        0.005414        0.009482       -0.003955
     C   10        0.018306       -0.003955       -0.000492

     C   11       -0.073598        0.072360       -0.027918
     C   11        0.072360        0.011235        0.181540
     C   11       -0.027918        0.181540        0.062363

     Cl  12       -0.116906        0.344108       -0.260092
     Cl  12        0.344108       -0.402580        0.150764
     Cl  12       -0.260092        0.150764        0.519486

     H   13       -0.000000        0.000000        0.000000
     H   13        0.000000        0.000000        0.000000
     H   13        0.000000        0.000000        0.000000

     C   14       -0.095104       -0.056952       -0.093822
     C   14       -0.056952       -0.060773        0.113969
     C   14       -0.093822        0.113969        0.155876

     H   15       -0.000000        0.000000        0.000000
     H   15        0.000000        0.000000        0.000000
     H   15        0.000000        0.000000        0.000000

     C   16       -0.178247       -0.017389       -0.138951
     C   16       -0.017389       -0.003427        0.150583
     C   16       -0.138951        0.150583        0.181675

     C   17       -0.076862       -0.091824       -0.019444
     C   17       -0.091824       -0.107662        0.150054
     C   17       -0.019444        0.150054        0.184524

     Cl  18       -0.881252       -0.878634        0.462344
     Cl  18       -0.878634       -0.640712        1.808336
     Cl  18        0.462344        1.808336        1.521964

     H   19       -0.000000        0.000000        0.000000
     H   19        0.000000        0.000000        0.000000
     H   19        0.000000        0.000000        0.000000

     C   20       -0.070920        0.103050       -0.155089
     C   20        0.103050        0.063342       -0.141394
     C   20       -0.155089       -0.141394        0.007579

     H   21       -0.000000        0.000000        0.000000
     H   21        0.000000        0.000000        0.000000
     H   21        0.000000        0.000000        0.000000

     C   22       -0.039368        0.049255       -0.088184
     C   22        0.049255       -0.102697       -0.054217
     C   22       -0.088184       -0.054217        0.142064

     C   23       -0.176961        0.053904       -0.076065
     C   23        0.053904        0.016907       -0.179800
     C   23       -0.076065       -0.179800        0.160053

     Cl  24       -0.392970        1.303081       -0.707947
     Cl  24        1.303081       -1.165380       -0.244164
     Cl  24       -0.707947       -0.244164        1.558350

     ----- total EFG -----
     Cl   1       -0.146415       -0.858862       -0.529506
     Cl   1       -0.858862       -0.253012       -1.221271
     Cl   1       -0.529506       -1.221271        0.399427

     C    2       -0.506230        0.064243       -0.103482
     C    2        0.064243        0.588879       -0.117846
     C    2       -0.103482       -0.117846       -0.082649

     C    3        0.296943        0.548222        0.226876
     C    3        0.548222       -0.178336       -0.277820
     C    3        0.226876       -0.277820       -0.118608

     H    4        0.225856        0.051207        0.243626
     H    4        0.051207       -0.053854        0.223176
     H    4        0.243626        0.223176       -0.172002

     C    5       -0.506096        0.150992        0.095114
     C    5        0.150992        0.224927        0.208980
     C    5        0.095114        0.208980        0.281169

     H    6       -0.260183        0.117633       -0.105763
     H    6        0.117633        0.215894        0.202911
     H    6       -0.105763        0.202911        0.044288

     H    7       -0.113727        0.196422        0.013977
     H    7        0.196422       -0.193432       -0.605310
     H    7        0.013977       -0.605310        0.307159

     C    8        0.207270       -0.115386       -0.207609
     C    8       -0.115386        0.132841        0.172493
     C    8       -0.207609        0.172493       -0.340111

     H    9        0.621963       -0.081169        0.434964
     H    9       -0.081169       -0.310209       -0.297111
     H    9        0.434964       -0.297111       -0.311753

     C   10        0.148868        0.028004        0.146907
     C   10        0.028004        0.145232       -0.416750
     C   10        0.146907       -0.416750       -0.294100

     C   11        0.055379        0.230826       -0.235887
     C   11        0.230826        0.167561        0.357655
     C   11       -0.235887        0.357655       -0.222940

     Cl  12        0.209135        0.350610       -0.302482
     Cl  12        0.350610       -0.119278       -0.169212
     Cl  12       -0.302482       -0.169212       -0.089857

     H   13       -0.376583        0.098407        0.115241
     H   13        0.098407        0.403094        0.137624
     H   13        0.115241        0.137624       -0.026511

     C   14       -0.063357       -0.377696       -0.097886
     C   14       -0.377696       -0.241915        0.063435
     C   14       -0.097886        0.063435        0.305272

     H   15        0.586939        0.053375        0.396305
     H   15        0.053375       -0.013299       -0.045140
     H   15        0.396305       -0.045140       -0.573640

     C   16       -0.623163       -0.022200       -0.277530
     C   16       -0.022200        0.260216        0.476797
     C   16       -0.277530        0.476797        0.362947

     C   17        0.094580       -0.267283        0.102127
     C   17       -0.267283       -0.523454        0.236314
     C   17        0.102127        0.236314        0.428874

     Cl  18       -0.882022       -0.918479        0.503977
     Cl  18       -0.918479       -0.693073        1.877032
     Cl  18        0.503977        1.877032        1.575095

     H   19       -0.355910       -0.023920        0.018735
     H   19       -0.023920        0.237963       -0.166474
     H   19        0.018735       -0.166474        0.117947

     C   20       -0.244039       -0.122921       -0.604475
     C   20       -0.122921        0.230794       -0.436052
     C   20       -0.604475       -0.436052        0.013245

     H   21        0.302144       -0.211951        0.585940
     H   21       -0.211951        0.014783       -0.209073
     H   21        0.585940       -0.209073       -0.316927

     C   22        0.284474        0.210548       -0.216731
     C   22        0.210548       -0.356510       -0.095381
     C   22       -0.216731       -0.095381        0.072036

     C   23       -0.639395       -0.185773       -0.397250
     C   23       -0.185773        0.343224       -0.477473
     C   23       -0.397250       -0.477473        0.296171

     Cl  24       -0.200514        1.489319       -0.636940
     Cl  24        1.489319       -1.072818       -0.211981
     Cl  24       -0.636940       -0.211981        1.273332

     ----- total EFG (symmetrized) -----
     Cl   1       -0.146415       -0.858862       -0.529506
     Cl   1       -0.858862       -0.253012       -1.221271
     Cl   1       -0.529506       -1.221271        0.399427

     C    2       -0.506230        0.064243       -0.103482
     C    2        0.064243        0.588879       -0.117846
     C    2       -0.103482       -0.117846       -0.082649

     C    3        0.296943        0.548222        0.226876
     C    3        0.548222       -0.178336       -0.277820
     C    3        0.226876       -0.277820       -0.118608

     H    4        0.225856        0.051207        0.243626
     H    4        0.051207       -0.053854        0.223176
     H    4        0.243626        0.223176       -0.172002

     C    5       -0.506096        0.150992        0.095114
     C    5        0.150992        0.224927        0.208980
     C    5        0.095114        0.208980        0.281169

     H    6       -0.260183        0.117633       -0.105763
     H    6        0.117633        0.215894        0.202911
     H    6       -0.105763        0.202911        0.044288

     H    7       -0.113727        0.196422        0.013977
     H    7        0.196422       -0.193432       -0.605310
     H    7        0.013977       -0.605310        0.307159

     C    8        0.207270       -0.115386       -0.207609
     C    8       -0.115386        0.132841        0.172493
     C    8       -0.207609        0.172493       -0.340111

     H    9        0.621963       -0.081169        0.434964
     H    9       -0.081169       -0.310209       -0.297111
     H    9        0.434964       -0.297111       -0.311753

     C   10        0.148868        0.028004        0.146907
     C   10        0.028004        0.145232       -0.416750
     C   10        0.146907       -0.416750       -0.294100

     C   11        0.055379        0.230826       -0.235887
     C   11        0.230826        0.167561        0.357655
     C   11       -0.235887        0.357655       -0.222940

     Cl  12        0.209135        0.350610       -0.302482
     Cl  12        0.350610       -0.119278       -0.169212
     Cl  12       -0.302482       -0.169212       -0.089857

     H   13       -0.376583        0.098407        0.115241
     H   13        0.098407        0.403094        0.137624
     H   13        0.115241        0.137624       -0.026511

     C   14       -0.063357       -0.377696       -0.097886
     C   14       -0.377696       -0.241915        0.063435
     C   14       -0.097886        0.063435        0.305272

     H   15        0.586939        0.053375        0.396305
     H   15        0.053375       -0.013299       -0.045140
     H   15        0.396305       -0.045140       -0.573640

     C   16       -0.623163       -0.022200       -0.277530
     C   16       -0.022200        0.260216        0.476797
     C   16       -0.277530        0.476797        0.362947

     C   17        0.094580       -0.267283        0.102127
     C   17       -0.267283       -0.523454        0.236314
     C   17        0.102127        0.236314        0.428874

     Cl  18       -0.882022       -0.918479        0.503977
     Cl  18       -0.918479       -0.693073        1.877032
     Cl  18        0.503977        1.877032        1.575095

     H   19       -0.355910       -0.023920        0.018735
     H   19       -0.023920        0.237963       -0.166474
     H   19        0.018735       -0.166474        0.117947

     C   20       -0.244039       -0.122921       -0.604475
     C   20       -0.122921        0.230794       -0.436052
     C   20       -0.604475       -0.436052        0.013245

     H   21        0.302144       -0.211951        0.585940
     H   21       -0.211951        0.014783       -0.209073
     H   21        0.585940       -0.209073       -0.316927

     C   22        0.284474        0.210548       -0.216731
     C   22        0.210548       -0.356510       -0.095381
     C   22       -0.216731       -0.095381        0.072036

     C   23       -0.639395       -0.185773       -0.397250
     C   23       -0.185773        0.343224       -0.477473
     C   23       -0.397250       -0.477473        0.296171

     Cl  24       -0.200514        1.489319       -0.636940
     Cl  24        1.489319       -1.072818       -0.211981
     Cl  24       -0.636940       -0.211981        1.273332


     NQR/NMR SPECTROSCOPIC PARAMETERS:
     Cl   1    Vxx=    0.4540    axis=( -0.849421  0.350667  0.394357)
     Cl   1    Vyy=    1.3470    axis=(  0.093594 -0.635335  0.766544)
     Cl   1    Vzz=   -1.8010    axis=( -0.519350 -0.688028 -0.506846)
     Cl   1  Q=        -8.1650 1e-30 m^2  Cq=        34.5509 MHz  eta= 0.49585

     C    2    Vxx=   -0.0835    axis=( -0.206468  0.188029  0.960217)
     C    2    Vyy=   -0.5314    axis=(  0.975760 -0.033202  0.216312)
     C    2    Vzz=    0.6148    axis=(  0.072554  0.981602 -0.176616)
     C    2  Q=         1.0000 1e-30 m^2  Cq=         1.4446 MHz  eta= 0.72846

     C    3    Vxx=    0.0836    axis=(  0.225649 -0.446190  0.866024)
     C    3    Vyy=    0.6589    axis=( -0.843633 -0.534061 -0.055342)
     C    3    Vzz=   -0.7425    axis=(  0.487203 -0.718118 -0.496931)
     C    3  Q=         1.0000 1e-30 m^2  Cq=        -1.7446 MHz  eta= 0.77470

     H    4    Vxx=   -0.0004    axis=(  0.514434 -0.799678 -0.309635)
     H    4    Vyy=   -0.3916    axis=(  0.281999  0.498754 -0.819586)
     H    4    Vzz=    0.3920    axis=(  0.809836  0.334306  0.482083)
     H    4  Q=         1.0000 1e-30 m^2  Cq=         0.9211 MHz  eta= 0.99805

     C    5    Vxx=    0.0464    axis=(  0.081694  0.727820 -0.680885)
     C    5    Vyy=    0.4933    axis=(  0.169561  0.663059  0.729110)
     C    5    Vzz=   -0.5397    axis=( -0.982128  0.175016  0.069242)
     C    5  Q=         1.0000 1e-30 m^2  Cq=        -1.2681 MHz  eta= 0.82816

     H    6    Vxx=   -0.0012    axis=( -0.501758 -0.429782  0.750684)
     H    6    Vyy=   -0.3520    axis=( -0.862132  0.319180 -0.393512)
     H    6    Vzz=    0.3532    axis=( -0.070479 -0.844637 -0.530680)
     H    6  Q=         1.0000 1e-30 m^2  Cq=         0.8299 MHz  eta= 0.99326

     H    7    Vxx=   -0.0704    axis=(  0.944650  0.189072  0.268121)
     H    7    Vyy=   -0.6531    axis=( -0.305809  0.803415  0.510887)
     H    7    Vzz=    0.7236    axis=( -0.118818 -0.564603  0.816765)
     H    7  Q=         1.0000 1e-30 m^2  Cq=         1.7001 MHz  eta= 0.80528

     C    8    Vxx=    0.0492    axis=(  0.610726  0.791448  0.024982)
     C    8    Vyy=    0.3907    axis=( -0.748004  0.566276  0.346153)
     C    8    Vzz=   -0.4399    axis=(  0.259815 -0.230091  0.937846)
     C    8  Q=         1.0000 1e-30 m^2  Cq=        -1.0337 MHz  eta= 0.77612

     H    9    Vxx=   -0.1584    axis=(  0.360912  0.786814 -0.500666)
     H    9    Vyy=   -0.6660    axis=( -0.223487  0.594176  0.772663)
     H    9    Vzz=    0.8244    axis=(  0.905426 -0.166971  0.390288)
     H    9  Q=         1.0000 1e-30 m^2  Cq=         1.9371 MHz  eta= 0.61577

     C   10    Vxx=    0.1649    axis=(  0.958199  0.281507  0.051083)
     C   10    Vyy=    0.4080    axis=( -0.212605  0.820078 -0.531291)
     C   10    Vzz=   -0.5729    axis=( -0.191454  0.498222  0.845648)
     C   10  Q=         1.0000 1e-30 m^2  Cq=        -1.3461 MHz  eta= 0.42423

     C   11    Vxx=    0.1884    axis=( -0.835931  0.074079  0.543812)
     C   11    Vyy=    0.4065    axis=( -0.320604 -0.870126 -0.374292)
     C   11    Vzz=   -0.5948    axis=(  0.445457 -0.487230  0.751115)
     C   11  Q=         1.0000 1e-30 m^2  Cq=        -1.3976 MHz  eta= 0.36662

     Cl  12    Vxx=   -0.2587    axis=(  0.260281  0.407784  0.875195)
     Cl  12    Vyy=   -0.3460    axis=( -0.595415  0.781356 -0.186986)
     Cl  12    Vzz=    0.6046    axis=( -0.760088 -0.472435  0.446173)
     Cl  12  Q=        -8.1650 1e-30 m^2  Cq=       -11.5992 MHz  eta= 0.14439

     H   13    Vxx=   -0.0478    axis=(  0.223219 -0.328808  0.917637)
     H   13    Vyy=   -0.4151    axis=(  0.962901 -0.072072 -0.260054)
     H   13    Vzz=    0.4629    axis=(  0.151644  0.941643  0.300522)
     H   13  Q=         1.0000 1e-30 m^2  Cq=         1.0875 MHz  eta= 0.79350

     C   14    Vxx=    0.1492    axis=( -0.623543  0.505446 -0.596421)
     C   14    Vyy=    0.3917    axis=( -0.473657  0.362689  0.802562)
     C   14    Vzz=   -0.5409    axis=( -0.621967 -0.782931 -0.013256)
     C   14  Q=         1.0000 1e-30 m^2  Cq=        -1.2709 MHz  eta= 0.44840

     H   15    Vxx=   -0.0102    axis=( -0.024563  0.994982 -0.096993)
     H   15    Vyy=   -0.7011    axis=(  0.296232 -0.085421 -0.951288)
     H   15    Vzz=    0.7113    axis=( -0.954800 -0.052099 -0.292648)
     H   15  Q=         1.0000 1e-30 m^2  Cq=         1.6713 MHz  eta= 0.97128

     C   16    Vxx=   -0.1170    axis=(  0.288044  0.757466 -0.585898)
     C   16    Vyy=   -0.7086    axis=( -0.945163  0.126524 -0.301094)
     C   16    Vzz=    0.8256    axis=( -0.153938  0.640498  0.752373)
     C   16  Q=         1.0000 1e-30 m^2  Cq=         1.9399 MHz  eta= 0.71651

     C   17    Vxx=    0.1936    axis=(  0.931618 -0.361033 -0.041760)
     C   17    Vyy=    0.4889    axis=(  0.119460  0.195671  0.973366)
     C   17    Vzz=   -0.6825    axis=( -0.343246 -0.911794  0.225419)
     C   17  Q=         1.0000 1e-30 m^2  Cq=        -1.6036 MHz  eta= 0.43272

     Cl  18    Vxx=   -0.1827    axis=(  0.831701 -0.481772  0.275988)
     Cl  18    Vyy=   -2.4513    axis=(  0.555211  0.725045 -0.407493)
     Cl  18    Vzz=    2.6341    axis=( -0.003785  0.492144  0.870506)
     Cl  18  Q=        -8.1650 1e-30 m^2  Cq=       -50.5337 MHz  eta= 0.86125

     H   19    Vxx=    0.0010    axis=(  0.004394  0.575148  0.818038)
     H   19    Vyy=    0.3562    axis=( -0.042571  0.817412 -0.574479)
     H   19    Vzz=   -0.3572    axis=( -0.999084 -0.032300  0.028077)
     H   19  Q=         1.0000 1e-30 m^2  Cq=        -0.8393 MHz  eta= 0.99438

     C   20    Vxx=    0.1737    axis=( -0.609411  0.745652  0.269483)
     C   20    Vyy=    0.6907    axis=( -0.388586 -0.577165  0.718249)
     C   20    Vzz=   -0.8643    axis=( -0.691100 -0.332991 -0.641481)
     C   20  Q=         1.0000 1e-30 m^2  Cq=        -2.0309 MHz  eta= 0.59816

     H   21    Vxx=   -0.0894    axis=(  0.365735  0.926290  0.090687)
     H   21    Vyy=   -0.6778    axis=( -0.492470  0.109920  0.863360)
     H   21    Vzz=    0.7671    axis=(  0.789754 -0.360422  0.496372)
     H   21  Q=         1.0000 1e-30 m^2  Cq=         1.8025 MHz  eta= 0.76700

     C   22    Vxx=   -0.0608    axis=(  0.496940  0.074972  0.864540)
     C   22    Vyy=   -0.4215    axis=( -0.265528  0.961614  0.069236)
     C   22    Vzz=    0.4823    axis=( -0.826163 -0.263966  0.497772)
     C   22  Q=         1.0000 1e-30 m^2  Cq=         1.1333 MHz  eta= 0.74784

     C   23    Vxx=    0.0749    axis=(  0.487116 -0.666679 -0.564142)
     C   23    Vyy=    0.8130    axis=(  0.108578  0.687180 -0.718327)
     C   23    Vzz=   -0.8879    axis=(  0.866561  0.288656  0.407123)
     C   23  Q=         1.0000 1e-30 m^2  Cq=        -2.0862 MHz  eta= 0.83123

     Cl  24    Vxx=    0.4389    axis=(  0.611197  0.518251  0.598209)
     Cl  24    Vyy=    1.7631    axis=( -0.505934 -0.325412  0.798835)
     Cl  24    Vzz=   -2.2020    axis=( -0.608661  0.790900 -0.063311)
     Cl  24  Q=        -8.1650 1e-30 m^2  Cq=        42.2443 MHz  eta= 0.60135

     Initialization:
     gipaw_setup  :      9.23s CPU     10.97s WALL (       1 calls)

     Linear response

     Apply operators

     Induced current

     Other routines
     efg          :      9.21s CPU     11.77s WALL (       1 calls)

     General routines
     calbec       :      3.38s CPU      4.48s WALL (      16 calls)
     fft          :      1.54s CPU      2.18s WALL (      15 calls)
     ffts         :      0.04s CPU      0.04s WALL (       2 calls)
     fftw         :      3.11s CPU      3.86s WALL (     672 calls)
     davcio       :      0.03s CPU      0.32s WALL (      32 calls)

     Parallel routines
     fft_scatter  :      2.10s CPU      3.28s WALL (     689 calls)

     Plugins

     GIPAW        :     61.12s CPU     72.98s WALL (       1 calls)
