
     Program QE v.6.0 (svn rev. 13079) starts on 19Dec2016 at 20:17: 8 

     This program is part of the open-source Quantum ESPRESSO suite
     for quantum simulation of materials; please cite
         "P. Giannozzi et al., J. Phys.:Condens. Matter 21 395502 (2009);
          URL http://www.quantum-espresso.org", 
     in publications or presentations arising from this work. More details at
     http://www.quantum-espresso.org/quote

     Parallel version (MPI), running on     8 processors
     R & G space division:  proc/nbgrp/npool/nimage =       8

     ***** This is GIPAW svn revision unknown      *****

     Parallelizing q-star over 1 images

     Reading data from directory:
     /users/majewski/paradichlorobenzene/pbe/9_constraint/scratch/pbe.ecut100.np8.dt60.pcl2phi-129368.save
     Message from routine read_xml_file:
     file /users/majewski/paradichlorobenzene/pbe/9_constraint/scratch/pbe.ecut100.np8.dt60.pcl2phi-129368.save not guaranteed to be safe for post-processing

   Info: using nr1, nr2, nr3 values from input

   Info: using nr1, nr2, nr3 values from input

     IMPORTANT: XC functional enforced from input :
     Exchange-correlation      =  SLA  PW   PBX  PBC ( 1  4  3  4 0 0)
     Any further DFT definition will be discarded
     Please, verify this is what you really want

               file C.pbe-n-kjpaw_psl.1.0.0.UPF: wavefunction(s)  2S 2P renormalized
               file Cl.pbe-n-kjpaw_psl.1.0.0.UPF: wavefunction(s)  3S 3P renormalized
               file H.pbe-kjpaw_psl.1.0.0.UPF: wavefunction(s)  1S renormalized

     Parallelization info
     --------------------
     sticks:   dense  smooth     PW     G-vecs:    dense   smooth      PW
     Min        3057    1223    332               144436    36536    5170
     Max        3059    1225    333               144437    36537    5171
     Sum       24467    9791   2657              1155489   292295   41363


     Subspace diagonalization in iterative solution of the eigenvalue problem:
     a serial algorithm will be used

     GIPAW projectors -----------------------------------------------
     atom=  C    l=0  rc=    1.2000  rs=    0.8000
     atom=  C    l=0  rc=    1.2000  rs=    0.8000
     atom=  C    l=1  rc=    1.4000  rs=    0.9333
     atom=  C    l=1  rc=    1.4000  rs=    0.9333
     projs nearly linearly dependent: l=1  n1,n2= 1, 2  s=  0.99951561

     atom=  Cl   l=0  rc=    1.6000  rs=    1.0667
     atom=  Cl   l=0  rc=    1.6000  rs=    1.0667
     atom=  Cl   l=1  rc=    1.6000  rs=    1.0667
     atom=  Cl   l=1  rc=    1.6000  rs=    1.0667
     atom=  Cl   l=2  rc=    1.6000  rs=    1.0667
     atom=  Cl   l=2  rc=    1.6000  rs=    1.0667
     projs nearly linearly dependent: l=2  n1,n2= 1, 2  s=  0.99993509

     atom=  H    l=0  rc=    1.0000  rs=    0.6667
     atom=  H    l=0  rc=    1.0000  rs=    0.6667
     projs nearly linearly dependent: l=0  n1,n2= 1, 2  s=  0.99968852
     -----------------------------------------------------------------

     GIPAW integrals: -------------------------------------------
     Atom  i/j   nmr_para   nmr_dia   epr_rmc  epr_para   epr_dia
       C   1 1   0.83E+03  0.17E-01  0.93E+01  0.24E+08  0.24E+03
       C   2 1   0.86E+03 -0.61E-01  0.94E+01  0.25E+08  0.25E+03
       C   2 2   0.90E+03 -0.15E+00  0.97E+01  0.26E+08  0.26E+03
       C   3 3   0.33E+01  0.34E+00  0.18E+01  0.55E+03  0.21E+02
       C   4 3   0.35E+01  0.37E+00  0.20E+01  0.59E+03  0.22E+02
       C   4 4   0.38E+01  0.39E+00  0.22E+01  0.63E+03  0.24E+02
       Cl  1 1   0.14E+04 -0.47E+00  0.84E+01  0.32E+09  0.42E+03
       Cl  2 1   0.21E+04 -0.37E+00  0.12E+02  0.49E+09  0.65E+03
       Cl  2 2   0.33E+04 -0.16E+00  0.21E+02  0.76E+09  0.10E+04
       Cl  3 3   0.21E+02  0.79E-01  0.89E+01  0.23E+05  0.13E+03
       Cl  4 3   0.24E+02  0.67E-01  0.99E+01  0.27E+05  0.15E+03
       Cl  4 4   0.28E+02  0.44E-01  0.11E+02  0.32E+05  0.18E+03
       Cl  5 5   0.77E+00  0.19E+00  0.18E+01  0.12E+03  0.22E+02
       Cl  6 5   0.80E+00  0.19E+00  0.19E+01  0.12E+03  0.23E+02
       Cl  6 6   0.83E+00  0.20E+00  0.19E+01  0.12E+03  0.23E+02
       H   1 1   0.39E+02  0.19E+00  0.29E+00  0.78E+05  0.13E+02
       H   2 1   0.41E+02  0.21E+00  0.32E+00  0.82E+05  0.14E+02
       H   2 2   0.43E+02  0.22E+00  0.36E+00  0.86E+05  0.15E+02
     ------------------------------------------------------------

     alpha_pv=     34.6235 eV

     Number of occupied bands for each k-point:
     k-point:     1    nbnd_occ=  42
     k-point:     2    nbnd_occ=  42
     k-point:     3    nbnd_occ=  42
     k-point:     4    nbnd_occ=  42
     k-point:     5    nbnd_occ=  42
     k-point:     6    nbnd_occ=  42
     k-point:     7    nbnd_occ=  42
     k-point:     8    nbnd_occ=  42
     k-point:     9    nbnd_occ=  42
     k-point:    10    nbnd_occ=  42
     k-point:    11    nbnd_occ=  42
     k-point:    12    nbnd_occ=  42
     k-point:    13    nbnd_occ=  42
     k-point:    14    nbnd_occ=  42
     k-point:    15    nbnd_occ=  42
     k-point:    16    nbnd_occ=  42


     q-space interpolation up to   110.00 Rydberg

     GIPAW job: efg                                                                             


     ELECTRIC FIELD GRADIENTS TENSORS IN Hartree/bohrradius^2:

     ----- bare term -----
     Cl   1       -0.037946        0.290270       -0.168293
     Cl   1        0.290270       -0.115192       -0.062421
     Cl   1       -0.168293       -0.062421        0.153138

     C    2        0.037712       -0.191078       -0.476894
     C    2       -0.191078       -0.369571       -0.440757
     C    2       -0.476894       -0.440757        0.331858

     C    3       -0.049533        0.307746       -0.035781
     C    3        0.307746        0.058201        0.040029
     C    3       -0.035781        0.040029       -0.008668

     H    4        0.138959       -0.058648       -0.171634
     H    4       -0.058648        0.428050       -0.075781
     H    4       -0.171634       -0.075781       -0.567009

     C    5       -0.051004       -0.070201       -0.253408
     C    5       -0.070201       -0.069262       -0.263409
     C    5       -0.253408       -0.263409        0.120266

     H    6        0.186440        0.101206        0.359520
     H    6        0.101206        0.068734       -0.425383
     H    6        0.359520       -0.425383       -0.255173

     H    7        0.296040       -0.114122       -0.100094
     H    7       -0.114122       -0.535511        0.376464
     H    7       -0.100094        0.376464        0.239471

     C    8       -0.462423       -0.225329       -0.389994
     C    8       -0.225329        0.020839        0.348094
     C    8       -0.389994        0.348094        0.441584

     H    9       -0.534452        0.251479        0.121024
     H    9        0.251479        0.432344        0.133926
     H    9        0.121024        0.133926        0.102108

     C   10       -0.143616       -0.343469       -0.022382
     C   10       -0.343469       -0.509854        0.504981
     C   10       -0.022382        0.504981        0.653469

     C   11       -0.274828       -0.090723       -0.382386
     C   11       -0.090723        0.066656        0.310071
     C   11       -0.382386        0.310071        0.208172

     Cl  12       -0.114812       -0.160185        0.135547
     Cl  12       -0.160185       -0.099636       -0.078450
     Cl  12        0.135547       -0.078450        0.214448

     H   13        0.436089       -0.084055        0.127245
     H   13       -0.084055       -0.294039       -0.424237
     H   13        0.127245       -0.424237       -0.142050

     C   14       -0.831990        0.329003       -0.333920
     C   14        0.329003        0.437711       -0.105160
     C   14       -0.333920       -0.105160        0.394280

     H   15        0.161332        0.057499       -0.360210
     H   15        0.057499        0.075246        0.264790
     H   15       -0.360210        0.264790       -0.236578

     C   16        0.007990        0.127127       -0.184618
     C   16        0.127127       -0.027776       -0.656727
     C   16       -0.184618       -0.656727        0.019786

     C   17       -0.537057        0.262390       -0.357170
     C   17        0.262390        0.147366       -0.222008
     C   17       -0.357170       -0.222008        0.389691

     Cl  18       -0.070453        0.004987       -0.086660
     Cl  18        0.004987       -0.023126       -0.114679
     Cl  18       -0.086660       -0.114679        0.093579

     H   19        0.260051        0.258635       -0.119582
     H   19        0.258635       -0.462550        0.471060
     H   19       -0.119582        0.471060        0.202499

     C   20        0.046283       -0.540924       -0.104617
     C   20       -0.540924       -0.418236        0.360088
     C   20       -0.104617        0.360088        0.371953

     H   21       -0.760238        0.187079       -0.110617
     H   21        0.187079        0.421243        0.129078
     H   21       -0.110617        0.129078        0.338995

     C   22       -0.102672       -0.208401       -0.418352
     C   22       -0.208401       -0.096048        0.408172
     C   22       -0.418352        0.408172        0.198721

     C   23       -0.231402       -0.207054       -0.288656
     C   23       -0.207054       -0.091341        0.548854
     C   23       -0.288656        0.548854        0.322743

     Cl  24        0.113253       -0.073765        0.097804
     Cl  24       -0.073765        0.140284       -0.199355
     Cl  24        0.097804       -0.199355       -0.253537

     ----- ionic term -----
     Cl   1        0.108101       -0.206381        0.003101
     Cl   1       -0.206381        0.022162        0.007970
     Cl   1        0.003101        0.007970       -0.130263

     C    2        0.055503       -0.312652        0.281754
     C    2       -0.312652        0.006297        0.383483
     C    2        0.281754        0.383483       -0.061799

     C    3        0.032215       -0.313592        0.232792
     C    3       -0.313592        0.071823        0.369381
     C    3        0.232792        0.369381       -0.104039

     H    4        0.305480        0.216001        0.796914
     H    4        0.216001       -0.480655        0.259246
     H    4        0.796914        0.259246        0.175175

     C    5        0.105683       -0.313183        0.330365
     C    5       -0.313183        0.010164        0.250413
     C    5        0.330365        0.250413       -0.115847

     H    6       -0.551297       -0.063963       -0.018172
     H    6       -0.063963        0.614601        0.736914
     H    6       -0.018172        0.736914       -0.063304

     H    7       -0.496340       -0.013297       -0.019806
     H    7       -0.013297        0.781702       -0.634117
     H    7       -0.019806       -0.634117       -0.285362

     C    8        0.380883        0.147451        0.057572
     C    8        0.147451        0.078594       -0.321968
     C    8        0.057572       -0.321968       -0.459477

     H    9        0.883802       -0.293216        0.445283
     H    9       -0.293216       -0.427102       -0.156211
     H    9        0.445283       -0.156211       -0.456700

     C   10        0.280974        0.181991        0.053832
     C   10        0.181991        0.175922       -0.339583
     C   10        0.053832       -0.339583       -0.456896

     C   11        0.276523        0.134676        0.203343
     C   11        0.134676        0.136280       -0.340193
     C   11        0.203343       -0.340193       -0.412803

     Cl  12        0.137114        0.206489       -0.014999
     Cl  12        0.206489        0.006509       -0.025128
     Cl  12       -0.014999       -0.025128       -0.143623

     H   13       -0.495477       -0.163435       -0.089382
     H   13       -0.163435        0.431363        0.758834
     H   13       -0.089382        0.758834        0.064114

     C   14        0.178602       -0.416904        0.328598
     C   14       -0.416904       -0.009634        0.220480
     C   14        0.328598        0.220480       -0.168967

     H   15        0.194831       -0.079434        0.777883
     H   15       -0.079434       -0.500911        0.019359
     H   15        0.777883        0.019359        0.306080

     C   16        0.022113       -0.448250        0.253850
     C   16       -0.448250        0.099627        0.312222
     C   16        0.253850        0.312222       -0.121739

     C   17        0.007624       -0.311870        0.383984
     C   17       -0.311870        0.014140        0.355485
     C   17        0.383984        0.355485       -0.021764

     Cl  18        0.114765       -0.244635        0.069618
     Cl  18       -0.244635        0.021218       -0.043478
     Cl  18        0.069618       -0.043478       -0.135983

     H   19       -0.521308        0.019682        0.006136
     H   19        0.019682        0.656642       -0.734932
     H   19        0.006136       -0.734932       -0.135334

     C   20        0.369681        0.242576        0.157863
     C   20        0.242576        0.015081       -0.322771
     C   20        0.157863       -0.322771       -0.384762

     H   21        0.671615       -0.170732        0.673181
     H   21       -0.170732       -0.545333       -0.167141
     H   21        0.673181       -0.167141       -0.126282

     C   22        0.244144        0.257783        0.123265
     C   22        0.257783        0.057163       -0.386269
     C   22        0.123265       -0.386269       -0.301307

     C   23        0.297722        0.101765        0.070573
     C   23        0.101765        0.058483       -0.440516
     C   23        0.070573       -0.440516       -0.356206

     Cl  24        0.126736        0.204578       -0.068608
     Cl  24        0.204578        0.009728       -0.048138
     Cl  24       -0.068608       -0.048138       -0.136464

     ----- GIPAW term -----
     Cl   1        1.712319       -0.204194       -1.848587
     Cl   1       -0.204194       -0.961134       -0.712597
     Cl   1       -1.848587       -0.712597       -0.751185

     C    2        0.017768       -0.126263       -0.199780
     C    2       -0.126263       -0.148322       -0.005039
     C    2       -0.199780       -0.005039        0.130554

     C    3        0.010599        0.007414       -0.036113
     C    3        0.007414       -0.012808        0.024351
     C    3       -0.036113        0.024351        0.002209

     H    4       -0.000000        0.000000        0.000000
     H    4        0.000000        0.000000        0.000000
     H    4        0.000000        0.000000        0.000000

     C    5        0.011650       -0.031015       -0.122884
     C    5       -0.031015       -0.102858       -0.014382
     C    5       -0.122884       -0.014382        0.091208

     H    6       -0.000000        0.000000        0.000000
     H    6        0.000000        0.000000        0.000000
     H    6        0.000000        0.000000        0.000000

     H    7       -0.000000        0.000000        0.000000
     H    7        0.000000        0.000000        0.000000
     H    7        0.000000        0.000000        0.000000

     C    8       -0.064910       -0.045485       -0.050830
     C    8       -0.045485       -0.006092        0.054457
     C    8       -0.050830        0.054457        0.071002

     H    9       -0.000000        0.000000        0.000000
     H    9        0.000000        0.000000        0.000000
     H    9        0.000000        0.000000        0.000000

     C   10       -0.118255       -0.040478        0.040574
     C   10       -0.040478       -0.175569        0.093261
     C   10        0.040574        0.093261        0.293824

     C   11        0.088185       -0.014142        0.035782
     C   11       -0.014142        0.011981       -0.039976
     C   11        0.035782       -0.039976       -0.100166

     Cl  12        0.409860        0.873751        1.612948
     Cl  12        0.873751       -1.086547       -0.945530
     Cl  12        1.612948       -0.945530        0.676687

     H   13       -0.000000        0.000000        0.000000
     H   13        0.000000        0.000000        0.000000
     H   13        0.000000        0.000000        0.000000

     C   14       -0.208829       -0.072435       -0.040935
     C   14       -0.072435        0.294288        0.057995
     C   14       -0.040935        0.057995       -0.085459

     H   15       -0.000000        0.000000        0.000000
     H   15        0.000000        0.000000        0.000000
     H   15        0.000000        0.000000        0.000000

     C   16       -0.120238        0.009703       -0.028795
     C   16        0.009703        0.223529       -0.182822
     C   16       -0.028795       -0.182822       -0.103292

     C   17       -0.084440       -0.135186       -0.084299
     C   17       -0.135186        0.153685        0.058802
     C   17       -0.084299        0.058802       -0.069245

     Cl  18       -0.328513       -1.597054       -0.509972
     Cl  18       -1.597054        0.142430       -2.120236
     Cl  18       -0.509972       -2.120236        0.186083

     H   19       -0.000000        0.000000        0.000000
     H   19        0.000000        0.000000        0.000000
     H   19        0.000000        0.000000        0.000000

     C   20        0.240804       -0.164466        0.009111
     C   20       -0.164466       -0.178816        0.061810
     C   20        0.009111        0.061810       -0.061988

     H   21       -0.000000        0.000000        0.000000
     H   21        0.000000        0.000000        0.000000
     H   21        0.000000        0.000000        0.000000

     C   22        0.083752       -0.141274       -0.204534
     C   22       -0.141274       -0.032375        0.113400
     C   22       -0.204534        0.113400       -0.051378

     C   23       -0.019801       -0.032957       -0.170199
     C   23       -0.032957       -0.051644        0.190654
     C   23       -0.170199        0.190654        0.071445

     Cl  24       -0.350099        0.533500       -0.652837
     Cl  24        0.533500       -0.670845        0.795782
     Cl  24       -0.652837        0.795782        1.020944

     ----- total EFG -----
     Cl   1        1.782474       -0.120305       -2.013779
     Cl   1       -0.120305       -1.054165       -0.767048
     Cl   1       -2.013779       -0.767048       -0.728309

     C    2        0.110983       -0.629993       -0.394920
     C    2       -0.629993       -0.511596       -0.062314
     C    2       -0.394920       -0.062314        0.400613

     C    3       -0.006718        0.001568        0.160899
     C    3        0.001568        0.117216        0.433761
     C    3        0.160899        0.433761       -0.110498

     H    4        0.444439        0.157353        0.625280
     H    4        0.157353       -0.052605        0.183465
     H    4        0.625280        0.183465       -0.391833

     C    5        0.066329       -0.414399       -0.045927
     C    5       -0.414399       -0.161956       -0.027378
     C    5       -0.045927       -0.027378        0.095627

     H    6       -0.364857        0.037243        0.341348
     H    6        0.037243        0.683335        0.311531
     H    6        0.341348        0.311531       -0.318478

     H    7       -0.200300       -0.127419       -0.119900
     H    7       -0.127419        0.246191       -0.257653
     H    7       -0.119900       -0.257653       -0.045891

     C    8       -0.146450       -0.123362       -0.383252
     C    8       -0.123362        0.093340        0.080584
     C    8       -0.383252        0.080584        0.053109

     H    9        0.349350       -0.041737        0.566307
     H    9       -0.041737        0.005242       -0.022284
     H    9        0.566307       -0.022284       -0.354592

     C   10        0.019103       -0.201956        0.072024
     C   10       -0.201956       -0.509501        0.258658
     C   10        0.072024        0.258658        0.490398

     C   11        0.089880        0.029812       -0.143260
     C   11        0.029812        0.214918       -0.070098
     C   11       -0.143260       -0.070098       -0.304798

     Cl  12        0.432161        0.920056        1.733496
     Cl  12        0.920056       -1.179673       -1.049108
     Cl  12        1.733496       -1.049108        0.747512

     H   13       -0.059388       -0.247490        0.037864
     H   13       -0.247490        0.137324        0.334597
     H   13        0.037864        0.334597       -0.077936

     C   14       -0.862217       -0.160336       -0.046258
     C   14       -0.160336        0.722364        0.173315
     C   14       -0.046258        0.173315        0.139854

     H   15        0.356163       -0.021935        0.417673
     H   15       -0.021935       -0.425665        0.284148
     H   15        0.417673        0.284148        0.069502

     C   16       -0.090135       -0.311420        0.040438
     C   16       -0.311420        0.295380       -0.527327
     C   16        0.040438       -0.527327       -0.205245

     C   17       -0.613873       -0.184666       -0.057486
     C   17       -0.184666        0.315191        0.192278
     C   17       -0.057486        0.192278        0.298682

     Cl  18       -0.284201       -1.836701       -0.527014
     Cl  18       -1.836701        0.140523       -2.278393
     Cl  18       -0.527014       -2.278393        0.143678

     H   19       -0.261256        0.278318       -0.113446
     H   19        0.278318        0.194092       -0.263872
     H   19       -0.113446       -0.263872        0.067165

     C   20        0.656768       -0.462814        0.062358
     C   20       -0.462814       -0.581971        0.099127
     C   20        0.062358        0.099127       -0.074797

     H   21       -0.088623        0.016347        0.562564
     H   21        0.016347       -0.124090       -0.038063
     H   21        0.562564       -0.038063        0.212713

     C   22        0.225224       -0.091891       -0.499622
     C   22       -0.091891       -0.071261        0.135304
     C   22       -0.499622        0.135304       -0.153963

     C   23        0.046519       -0.138246       -0.388282
     C   23       -0.138246       -0.084501        0.298992
     C   23       -0.388282        0.298992        0.037982

     Cl  24       -0.110110        0.664313       -0.623641
     Cl  24        0.664313       -0.520833        0.548290
     Cl  24       -0.623641        0.548290        0.630943

     ----- total EFG (symmetrized) -----
     Cl   1        1.782474       -0.120305       -2.013779
     Cl   1       -0.120305       -1.054165       -0.767048
     Cl   1       -2.013779       -0.767048       -0.728309

     C    2        0.110983       -0.629993       -0.394920
     C    2       -0.629993       -0.511596       -0.062314
     C    2       -0.394920       -0.062314        0.400613

     C    3       -0.006718        0.001568        0.160899
     C    3        0.001568        0.117216        0.433761
     C    3        0.160899        0.433761       -0.110498

     H    4        0.444439        0.157353        0.625280
     H    4        0.157353       -0.052605        0.183465
     H    4        0.625280        0.183465       -0.391833

     C    5        0.066329       -0.414399       -0.045927
     C    5       -0.414399       -0.161956       -0.027378
     C    5       -0.045927       -0.027378        0.095627

     H    6       -0.364857        0.037243        0.341348
     H    6        0.037243        0.683335        0.311531
     H    6        0.341348        0.311531       -0.318478

     H    7       -0.200300       -0.127419       -0.119900
     H    7       -0.127419        0.246191       -0.257653
     H    7       -0.119900       -0.257653       -0.045891

     C    8       -0.146450       -0.123362       -0.383252
     C    8       -0.123362        0.093340        0.080584
     C    8       -0.383252        0.080584        0.053109

     H    9        0.349350       -0.041737        0.566307
     H    9       -0.041737        0.005242       -0.022284
     H    9        0.566307       -0.022284       -0.354592

     C   10        0.019103       -0.201956        0.072024
     C   10       -0.201956       -0.509501        0.258658
     C   10        0.072024        0.258658        0.490398

     C   11        0.089880        0.029812       -0.143260
     C   11        0.029812        0.214918       -0.070098
     C   11       -0.143260       -0.070098       -0.304798

     Cl  12        0.432161        0.920056        1.733496
     Cl  12        0.920056       -1.179673       -1.049108
     Cl  12        1.733496       -1.049108        0.747512

     H   13       -0.059388       -0.247490        0.037864
     H   13       -0.247490        0.137324        0.334597
     H   13        0.037864        0.334597       -0.077936

     C   14       -0.862217       -0.160336       -0.046258
     C   14       -0.160336        0.722364        0.173315
     C   14       -0.046258        0.173315        0.139854

     H   15        0.356163       -0.021935        0.417673
     H   15       -0.021935       -0.425665        0.284148
     H   15        0.417673        0.284148        0.069502

     C   16       -0.090135       -0.311420        0.040438
     C   16       -0.311420        0.295380       -0.527327
     C   16        0.040438       -0.527327       -0.205245

     C   17       -0.613873       -0.184666       -0.057486
     C   17       -0.184666        0.315191        0.192278
     C   17       -0.057486        0.192278        0.298682

     Cl  18       -0.284201       -1.836701       -0.527014
     Cl  18       -1.836701        0.140523       -2.278393
     Cl  18       -0.527014       -2.278393        0.143678

     H   19       -0.261256        0.278318       -0.113446
     H   19        0.278318        0.194092       -0.263872
     H   19       -0.113446       -0.263872        0.067165

     C   20        0.656768       -0.462814        0.062358
     C   20       -0.462814       -0.581971        0.099127
     C   20        0.062358        0.099127       -0.074797

     H   21       -0.088623        0.016347        0.562564
     H   21        0.016347       -0.124090       -0.038063
     H   21        0.562564       -0.038063        0.212713

     C   22        0.225224       -0.091891       -0.499622
     C   22       -0.091891       -0.071261        0.135304
     C   22       -0.499622        0.135304       -0.153963

     C   23        0.046519       -0.138246       -0.388282
     C   23       -0.138246       -0.084501        0.298992
     C   23       -0.388282        0.298992        0.037982

     Cl  24       -0.110110        0.664313       -0.623641
     Cl  24        0.664313       -0.520833        0.548290
     Cl  24       -0.623641        0.548290        0.630943


     NQR/NMR SPECTROSCOPIC PARAMETERS:
     Cl   1    Vxx=   -0.6353    axis=(  0.306278 -0.854873  0.418792)
     Cl   1    Vyy=   -2.2833    axis=(  0.392832  0.514230  0.762398)
     Cl   1    Vzz=    2.9186    axis=( -0.867108 -0.068990  0.493319)
     Cl   1  Q=        -8.1650 1e-30 m^2  Cq=       -55.9917 MHz  eta= 0.56466

     C    2    Vxx=    0.1799    axis=(  0.480850 -0.502840  0.718286)
     C    2    Vyy=    0.7759    axis=( -0.681460  0.301155  0.667022)
     C    2    Vzz=   -0.9558    axis=( -0.551721 -0.810221 -0.197854)
     C    2  Q=         1.0000 1e-30 m^2  Cq=        -2.2458 MHz  eta= 0.62365

     C    3    Vxx=    0.0065    axis=(  0.941413 -0.327571  0.080245)
     C    3    Vyy=    0.4732    axis=( -0.210252 -0.756078 -0.619791)
     C    3    Vzz=   -0.4797    axis=(  0.263697  0.566607 -0.780653)
     C    3  Q=         1.0000 1e-30 m^2  Cq=        -1.1270 MHz  eta= 0.97310

     H    4    Vxx=   -0.0982    axis=(  0.280660 -0.959805 -0.002042)
     H    4    Vyy=   -0.7377    axis=(  0.449466  0.133309 -0.883294)
     H    4    Vzz=    0.8359    axis=(  0.848063  0.246988  0.468814)
     H    4  Q=         1.0000 1e-30 m^2  Cq=         1.9641 MHz  eta= 0.76499

     C    5    Vxx=    0.0985    axis=(  0.003751 -0.110440  0.993876)
     C    5    Vyy=    0.3834    axis=( -0.795962  0.601306  0.069822)
     C    5    Vzz=   -0.4819    axis=( -0.605335 -0.791349 -0.085650)
     C    5  Q=         1.0000 1e-30 m^2  Cq=        -1.1323 MHz  eta= 0.59123

     H    6    Vxx=   -0.0778    axis=( -0.715401  0.294361 -0.633683)
     H    6    Vyy=   -0.7102    axis=( -0.688276 -0.140704  0.711673)
     H    6    Vzz=    0.7880    axis=(  0.120327  0.945280  0.303261)
     H    6  Q=         1.0000 1e-30 m^2  Cq=         1.8515 MHz  eta= 0.80248

     H    7    Vxx=   -0.0332    axis=( -0.694193  0.290652  0.658497)
     H    7    Vyy=   -0.3676    axis=(  0.714216  0.391765  0.580013)
     H    7    Vzz=    0.4008    axis=(  0.089394 -0.872950  0.479549)
     H    7  Q=         1.0000 1e-30 m^2  Cq=         0.9417 MHz  eta= 0.83424

     C    8    Vxx=    0.0363    axis=(  0.174827  0.909877 -0.376245)
     C    8    Vyy=    0.4109    axis=( -0.577300  0.404280  0.709425)
     C    8    Vzz=   -0.4472    axis=(  0.797597  0.093180  0.595950)
     C    8  Q=         1.0000 1e-30 m^2  Cq=        -1.0508 MHz  eta= 0.83760

     H    9    Vxx=    0.0019    axis=(  0.061694  0.997458  0.035657)
     H    9    Vyy=    0.6675    axis=(  0.871834 -0.071247  0.484592)
     H    9    Vzz=   -0.6694    axis=(  0.485901  0.001191 -0.874013)
     H    9  Q=         1.0000 1e-30 m^2  Cq=        -1.5728 MHz  eta= 0.99443

     C   10    Vxx=    0.0870    axis=(  0.950508 -0.309376  0.028666)
     C   10    Vyy=    0.5543    axis=( -0.044866 -0.227965 -0.972635)
     C   10    Vzz=   -0.6414    axis=(  0.307445  0.923211 -0.230563)
     C   10  Q=         1.0000 1e-30 m^2  Cq=        -1.5069 MHz  eta= 0.72867

     C   11    Vxx=    0.1134    axis=(  0.878787 -0.417545 -0.231063)
     C   11    Vyy=    0.2438    axis=( -0.373108 -0.903045  0.212839)
     C   11    Vzz=   -0.3571    axis=(  0.297530  0.100828  0.949373)
     C   11  Q=         1.0000 1e-30 m^2  Cq=        -0.8391 MHz  eta= 0.36505

     Cl  12    Vxx=    0.2161    axis=(  0.559725  0.701056 -0.441847)
     Cl  12    Vyy=    2.3385    axis=(  0.658029 -0.051921  0.751201)
     Cl  12    Vzz=   -2.5546    axis=(  0.503693 -0.711214 -0.490376)
     Cl  12  Q=        -8.1650 1e-30 m^2  Cq=        49.0092 MHz  eta= 0.83081

     H   13    Vxx=   -0.0297    axis=(  0.802776 -0.004953  0.596260)
     H   13    Vyy=   -0.4190    axis=(  0.479820  0.599043 -0.641030)
     H   13    Vzz=    0.4487    axis=( -0.354010  0.800701  0.483274)
     H   13  Q=         1.0000 1e-30 m^2  Cq=         1.0543 MHz  eta= 0.86745

     C   14    Vxx=    0.0922    axis=( -0.002093 -0.265676  0.964060)
     C   14    Vyy=    0.7869    axis=( -0.100668  0.959221  0.264124)
     C   14    Vzz=   -0.8791    axis=( -0.994918 -0.096497 -0.028753)
     C   14  Q=         1.0000 1e-30 m^2  Cq=        -2.0655 MHz  eta= 0.79026

     H   15    Vxx=   -0.0731    axis=(  0.575119 -0.534720 -0.619123)
     H   15    Vyy=   -0.6023    axis=(  0.236808  0.833225 -0.499658)
     H   15    Vzz=    0.6754    axis=( -0.783046 -0.140749 -0.605830)
     H   15  Q=         1.0000 1e-30 m^2  Cq=         1.5868 MHz  eta= 0.78361

     C   16    Vxx=   -0.1494    axis=(  0.894640  0.114307 -0.431918)
     C   16    Vyy=   -0.5800    axis=(  0.297805  0.568089  0.767195)
     C   16    Vzz=    0.7295    axis=(  0.333063 -0.814990  0.474194)
     C   16  Q=         1.0000 1e-30 m^2  Cq=         1.7140 MHz  eta= 0.59026

     C   17    Vxx=    0.1236    axis=(  0.104822 -0.652286  0.750690)
     C   17    Vyy=    0.5261    axis=( -0.152423  0.735392  0.660277)
     C   17    Vzz=   -0.6497    axis=( -0.982741 -0.183634 -0.022338)
     C   17  Q=         1.0000 1e-30 m^2  Cq=        -1.5265 MHz  eta= 0.61956

     Cl  18    Vxx=    0.3962    axis=(  0.779734 -0.112092 -0.615996)
     Cl  18    Vyy=    2.7659    axis=(  0.347177 -0.741336  0.574359)
     Cl  18    Vzz=   -3.1621    axis=(  0.521041  0.661707  0.539129)
     Cl  18  Q=        -8.1650 1e-30 m^2  Cq=        60.6626 MHz  eta= 0.74942

     H   19    Vxx=   -0.1180    axis=(  0.261315  0.476643  0.839361)
     H   19    Vyy=   -0.3935    axis=( -0.897994  0.438964  0.030297)
     H   19    Vzz=    0.5115    axis=( -0.354008 -0.761658  0.542730)
     H   19  Q=         1.0000 1e-30 m^2  Cq=         1.2018 MHz  eta= 0.53860

     C   20    Vxx=   -0.0566    axis=(  0.021959  0.166667  0.985769)
     C   20    Vyy=   -0.7548    axis=(  0.313852  0.935012 -0.165077)
     C   20    Vzz=    0.8115    axis=( -0.949218  0.313010 -0.031777)
     C   20  Q=         1.0000 1e-30 m^2  Cq=         1.9066 MHz  eta= 0.86038

     H   21    Vxx=   -0.1214    axis=(  0.087564  0.995578 -0.034024)
     H   21    Vyy=   -0.5236    axis=( -0.789134  0.090170  0.607567)
     H   21    Vzz=    0.6450    axis=(  0.607948 -0.026352  0.793539)
     H   21  Q=         1.0000 1e-30 m^2  Cq=         1.5154 MHz  eta= 0.62370

     C   22    Vxx=   -0.0974    axis=(  0.262248  0.964966 -0.008148)
     C   22    Vyy=   -0.5072    axis=( -0.545703  0.141331 -0.825975)
     C   22    Vzz=    0.6046    axis=( -0.795886  0.221057  0.563648)
     C   22  Q=         1.0000 1e-30 m^2  Cq=         1.4205 MHz  eta= 0.67787

     C   23    Vxx=   -0.1685    axis=(  0.633611  0.769836  0.076743)
     C   23    Vyy=   -0.4091    axis=(  0.484425 -0.472124  0.736499)
     C   23    Vzz=    0.5776    axis=( -0.603216  0.429478  0.672071)
     C   23  Q=         1.0000 1e-30 m^2  Cq=         1.3570 MHz  eta= 0.41658

     Cl  24    Vxx=    0.3399    axis=(  0.699916  0.679788  0.219105)
     Cl  24    Vyy=    1.0069    axis=( -0.417575  0.140598  0.897699)
     Cl  24    Vzz=   -1.3468    axis=(  0.579439 -0.719806  0.382269)
     Cl  24  Q=        -8.1650 1e-30 m^2  Cq=        25.8373 MHz  eta= 0.49528

     Initialization:
     gipaw_setup  :      9.42s CPU     12.11s WALL (       1 calls)

     Linear response

     Apply operators

     Induced current

     Other routines
     efg          :     10.09s CPU     14.64s WALL (       1 calls)

     General routines
     calbec       :      3.50s CPU      5.20s WALL (      16 calls)
     fft          :      2.33s CPU      5.11s WALL (      15 calls)
     ffts         :      0.05s CPU      0.06s WALL (       2 calls)
     fftw         :      3.79s CPU      5.72s WALL (     672 calls)
     davcio       :      0.01s CPU      0.33s WALL (      32 calls)

     Parallel routines
     fft_scatter  :      3.55s CPU      8.08s WALL (     689 calls)

     Plugins

     GIPAW        :     65.20s CPU     84.59s WALL (       1 calls)
