
     Program QE v.6.0 (svn rev. 13079) starts on 31Dec2016 at  7:53: 1 

     This program is part of the open-source Quantum ESPRESSO suite
     for quantum simulation of materials; please cite
         "P. Giannozzi et al., J. Phys.:Condens. Matter 21 395502 (2009);
          URL http://www.quantum-espresso.org", 
     in publications or presentations arising from this work. More details at
     http://www.quantum-espresso.org/quote

     Parallel version (MPI), running on     8 processors
     R & G space division:  proc/nbgrp/npool/nimage =       8

     ***** This is GIPAW svn revision unknown      *****

     Parallelizing q-star over 1 images

     Reading data from directory:
     /users/majewski/paradichlorobenzene/pbe/9_constraint/scratch/pbe.ecut100.np8.dt60.pcl2phi-129368.save
     Message from routine read_xml_file:
     file /users/majewski/paradichlorobenzene/pbe/9_constraint/scratch/pbe.ecut100.np8.dt60.pcl2phi-129368.save not guaranteed to be safe for post-processing

   Info: using nr1, nr2, nr3 values from input

   Info: using nr1, nr2, nr3 values from input

     IMPORTANT: XC functional enforced from input :
     Exchange-correlation      =  SLA  PW   PBX  PBC ( 1  4  3  4 0 0)
     Any further DFT definition will be discarded
     Please, verify this is what you really want

               file C.pbe-n-kjpaw_psl.1.0.0.UPF: wavefunction(s)  2S 2P renormalized
               file Cl.pbe-n-kjpaw_psl.1.0.0.UPF: wavefunction(s)  3S 3P renormalized
               file H.pbe-kjpaw_psl.1.0.0.UPF: wavefunction(s)  1S renormalized

     Parallelization info
     --------------------
     sticks:   dense  smooth     PW     G-vecs:    dense   smooth      PW
     Min        3057    1223    332               144436    36536    5170
     Max        3059    1225    333               144437    36537    5171
     Sum       24467    9791   2657              1155489   292295   41363


     Subspace diagonalization in iterative solution of the eigenvalue problem:
     a serial algorithm will be used

     GIPAW projectors -----------------------------------------------
     atom=  C    l=0  rc=    1.2000  rs=    0.8000
     atom=  C    l=0  rc=    1.2000  rs=    0.8000
     atom=  C    l=1  rc=    1.4000  rs=    0.9333
     atom=  C    l=1  rc=    1.4000  rs=    0.9333
     projs nearly linearly dependent: l=1  n1,n2= 1, 2  s=  0.99951561

     atom=  Cl   l=0  rc=    1.6000  rs=    1.0667
     atom=  Cl   l=0  rc=    1.6000  rs=    1.0667
     atom=  Cl   l=1  rc=    1.6000  rs=    1.0667
     atom=  Cl   l=1  rc=    1.6000  rs=    1.0667
     atom=  Cl   l=2  rc=    1.6000  rs=    1.0667
     atom=  Cl   l=2  rc=    1.6000  rs=    1.0667
     projs nearly linearly dependent: l=2  n1,n2= 1, 2  s=  0.99993509

     atom=  H    l=0  rc=    1.0000  rs=    0.6667
     atom=  H    l=0  rc=    1.0000  rs=    0.6667
     projs nearly linearly dependent: l=0  n1,n2= 1, 2  s=  0.99968852
     -----------------------------------------------------------------

     GIPAW integrals: -------------------------------------------
     Atom  i/j   nmr_para   nmr_dia   epr_rmc  epr_para   epr_dia
       C   1 1   0.83E+03  0.17E-01  0.93E+01  0.24E+08  0.24E+03
       C   2 1   0.86E+03 -0.61E-01  0.94E+01  0.25E+08  0.25E+03
       C   2 2   0.90E+03 -0.15E+00  0.97E+01  0.26E+08  0.26E+03
       C   3 3   0.33E+01  0.34E+00  0.18E+01  0.55E+03  0.21E+02
       C   4 3   0.35E+01  0.37E+00  0.20E+01  0.59E+03  0.22E+02
       C   4 4   0.38E+01  0.39E+00  0.22E+01  0.63E+03  0.24E+02
       Cl  1 1   0.14E+04 -0.47E+00  0.84E+01  0.32E+09  0.42E+03
       Cl  2 1   0.21E+04 -0.37E+00  0.12E+02  0.49E+09  0.65E+03
       Cl  2 2   0.33E+04 -0.16E+00  0.21E+02  0.76E+09  0.10E+04
       Cl  3 3   0.21E+02  0.79E-01  0.89E+01  0.23E+05  0.13E+03
       Cl  4 3   0.24E+02  0.67E-01  0.99E+01  0.27E+05  0.15E+03
       Cl  4 4   0.28E+02  0.44E-01  0.11E+02  0.32E+05  0.18E+03
       Cl  5 5   0.77E+00  0.19E+00  0.18E+01  0.12E+03  0.22E+02
       Cl  6 5   0.80E+00  0.19E+00  0.19E+01  0.12E+03  0.23E+02
       Cl  6 6   0.83E+00  0.20E+00  0.19E+01  0.12E+03  0.23E+02
       H   1 1   0.39E+02  0.19E+00  0.29E+00  0.78E+05  0.13E+02
       H   2 1   0.41E+02  0.21E+00  0.32E+00  0.82E+05  0.14E+02
       H   2 2   0.43E+02  0.22E+00  0.36E+00  0.86E+05  0.15E+02
     ------------------------------------------------------------

     alpha_pv=     34.3640 eV

     Number of occupied bands for each k-point:
     k-point:     1    nbnd_occ=  42
     k-point:     2    nbnd_occ=  42
     k-point:     3    nbnd_occ=  42
     k-point:     4    nbnd_occ=  42
     k-point:     5    nbnd_occ=  42
     k-point:     6    nbnd_occ=  42
     k-point:     7    nbnd_occ=  42
     k-point:     8    nbnd_occ=  42
     k-point:     9    nbnd_occ=  42
     k-point:    10    nbnd_occ=  42
     k-point:    11    nbnd_occ=  42
     k-point:    12    nbnd_occ=  42
     k-point:    13    nbnd_occ=  42
     k-point:    14    nbnd_occ=  42
     k-point:    15    nbnd_occ=  42
     k-point:    16    nbnd_occ=  42


     q-space interpolation up to   110.00 Rydberg

     GIPAW job: efg                                                                             


     ELECTRIC FIELD GRADIENTS TENSORS IN Hartree/bohrradius^2:

     ----- bare term -----
     Cl   1       -0.196406        0.339113       -0.057255
     Cl   1        0.339113       -0.047841        0.017879
     Cl   1       -0.057255        0.017879        0.244247

     C    2       -0.029405       -0.413221       -0.412294
     C    2       -0.413221       -0.097409       -0.694861
     C    2       -0.412294       -0.694861        0.126814

     C    3       -0.340490        0.373396        0.116675
     C    3        0.373396       -0.055624       -0.362645
     C    3        0.116675       -0.362645        0.396114

     H    4       -0.213622       -0.281618       -0.399465
     H    4       -0.281618       -0.184238       -0.060843
     H    4       -0.399465       -0.060843        0.397860

     C    5       -0.123618       -0.242835       -0.376835
     C    5       -0.242835        0.055087       -0.516584
     C    5       -0.376835       -0.516584        0.068531

     H    6        0.445149        0.055677       -0.016469
     H    6        0.055677       -0.791579       -0.269743
     H    6       -0.016469       -0.269743        0.346430

     H    7        0.089046        0.041582        0.399297
     H    7        0.041582        0.148875        0.293478
     H    7        0.399297        0.293478       -0.237921

     C    8       -0.336594       -0.060570       -0.325280
     C    8       -0.060570        0.290793       -0.041746
     C    8       -0.325280       -0.041746        0.045801

     H    9        0.221574        0.044557       -0.155296
     H    9        0.044557        0.290663       -0.247451
     H    9       -0.155296       -0.247451       -0.512237

     C   10        0.123913       -0.138715        0.262277
     C   10       -0.138715       -0.210472        0.063667
     C   10        0.262277        0.063667        0.086559

     C   11       -0.117350       -0.003958       -0.306780
     C   11       -0.003958        0.086470       -0.013783
     C   11       -0.306780       -0.013783        0.030880

     Cl  12       -0.028228        0.067297        0.145345
     Cl  12        0.067297       -0.038258       -0.199599
     Cl  12        0.145345       -0.199599        0.066486

     H   13       -0.273024       -0.261327       -0.070662
     H   13       -0.261327       -0.198210       -0.341895
     H   13       -0.070662       -0.341895        0.471235

     C   14       -0.298613        0.406173       -0.165854
     C   14        0.406173       -0.099099       -0.154333
     C   14       -0.165854       -0.154333        0.397712

     H   15       -0.724557       -0.103647        0.091403
     H   15       -0.103647        0.415983       -0.152410
     H   15        0.091403       -0.152410        0.308574

     C   16        0.056168       -0.281707       -0.367944
     C   16       -0.281707       -0.237879       -0.610483
     C   16       -0.367944       -0.610483        0.181710

     C   17       -0.594959        0.454444       -0.254603
     C   17        0.454444        0.131690       -0.134767
     C   17       -0.254603       -0.134767        0.463270

     Cl  18        0.003115        0.050759        0.106679
     Cl  18        0.050759       -0.038816       -0.069351
     Cl  18        0.106679       -0.069351        0.035702

     H   19        0.382581        0.243950       -0.125958
     H   19        0.243950       -0.523737        0.547148
     H   19       -0.125958        0.547148        0.141156

     C   20        0.022795       -0.553725        0.030623
     C   20       -0.553725       -0.334211        0.377018
     C   20        0.030623        0.377018        0.311416

     H   21        0.091131        0.069640       -0.479867
     H   21        0.069640        0.455982       -0.019516
     H   21       -0.479867       -0.019516       -0.547113

     C   22       -0.595350       -0.289714       -0.245430
     C   22       -0.289714        0.093240        0.118562
     C   22       -0.245430        0.118562        0.502110

     C   23        0.074830       -0.426407        0.042342
     C   23       -0.426407       -0.223118        0.493700
     C   23        0.042342        0.493700        0.148288

     Cl  24       -0.045395       -0.056295        0.015181
     Cl  24       -0.056295        0.018880       -0.054272
     Cl  24        0.015181       -0.054272        0.026515

     ----- ionic term -----
     Cl   1        0.132806       -0.204817        0.045005
     Cl   1       -0.204817        0.033177       -0.018696
     Cl   1        0.045005       -0.018696       -0.165983

     C    2        0.257772       -0.134271        0.267188
     C    2       -0.134271        0.164364        0.333229
     C    2        0.267188        0.333229       -0.422136

     C    3        0.146508       -0.246403        0.138945
     C    3       -0.246403        0.246140        0.412647
     C    3        0.138945        0.412647       -0.392648

     H    4        0.634343        0.285100        0.690602
     H    4        0.285100       -0.412087        0.239571
     H    4        0.690602        0.239571       -0.222256

     C    5        0.301073       -0.198440        0.152300
     C    5       -0.198440        0.107659        0.321257
     C    5        0.152300        0.321257       -0.408731

     H    6       -0.495696        0.128220        0.060755
     H    6        0.128220        0.664252        0.683135
     H    6        0.060755        0.683135       -0.168556

     H    7       -0.523693        0.073353       -0.017537
     H    7        0.073353        0.525276       -0.756915
     H    7       -0.017537       -0.756915       -0.001582

     C    8        0.159181        0.337910        0.348186
     C    8        0.337910        0.021859       -0.264914
     C    8        0.348186       -0.264914       -0.181040

     H    9        0.293899       -0.106793        0.815671
     H    9       -0.106793       -0.492013       -0.187373
     H    9        0.815671       -0.187373        0.198114

     C   10        0.058124        0.391304        0.262494
     C   10        0.391304        0.147633       -0.332264
     C   10        0.262494       -0.332264       -0.205757

     C   11        0.058580        0.301305        0.309098
     C   11        0.301305        0.068640       -0.358272
     C   11        0.309098       -0.358272       -0.127219

     Cl  12        0.156847        0.213869        0.044087
     Cl  12        0.213869       -0.020721        0.012165
     Cl  12        0.044087        0.012165       -0.136126

     H   13       -0.451615        0.327282        0.146613
     H   13        0.327282        0.760715        0.570197
     H   13        0.146613        0.570197       -0.309100

     C   14        0.341275       -0.054758        0.216414
     C   14       -0.054758        0.090716        0.284439
     C   14        0.216414        0.284439       -0.431991

     H   15        0.660392        0.501221        0.464869
     H   15        0.501221       -0.291044        0.258727
     H   15        0.464869        0.258727       -0.369348

     C   16        0.142835       -0.109101        0.115189
     C   16       -0.109101        0.254339        0.393548
     C   16        0.115189        0.393548       -0.397174

     C   17        0.219808       -0.139997        0.141516
     C   17       -0.139997        0.171028        0.406716
     C   17        0.141516        0.406716       -0.390836

     Cl  18        0.122287       -0.228719       -0.056972
     Cl  18       -0.228719        0.013749        0.037280
     Cl  18       -0.056972        0.037280       -0.136035

     H   19       -0.550530        0.044795       -0.016103
     H   19        0.044795        0.622621       -0.727975
     H   19       -0.016103       -0.727975       -0.072091

     C   20        0.085715        0.335101        0.312237
     C   20        0.335101        0.081242       -0.239656
     C   20        0.312237       -0.239656       -0.166957

     H   21        0.268222       -0.020627        0.801749
     H   21       -0.020627       -0.555184       -0.092237
     H   21        0.801749       -0.092237        0.286961

     C   22       -0.030811        0.385472        0.244454
     C   22        0.385472        0.141066       -0.383403
     C   22        0.244454       -0.383403       -0.110255

     C   23       -0.038438        0.275301        0.296182
     C   23        0.275301        0.111194       -0.484637
     C   23        0.296182       -0.484637       -0.072756

     Cl  24        0.075816        0.211595        0.004579
     Cl  24        0.211595        0.070860       -0.000058
     Cl  24        0.004579       -0.000058       -0.146675

     ----- GIPAW term -----
     Cl   1        1.404164       -2.075177       -0.709679
     Cl   1       -2.075177       -0.081203        0.441297
     Cl   1       -0.709679        0.441297       -1.322961

     C    2        0.063886       -0.238484        0.035326
     C    2       -0.238484        0.012037       -0.150482
     C    2        0.035326       -0.150482       -0.075923

     C    3       -0.043316       -0.114025        0.118663
     C    3       -0.114025        0.083430       -0.126163
     C    3        0.118663       -0.126163       -0.040115

     H    4       -0.000000        0.000000        0.000000
     H    4        0.000000        0.000000        0.000000
     H    4        0.000000        0.000000        0.000000

     C    5       -0.071850       -0.158611       -0.041284
     C    5       -0.158611        0.217348       -0.105455
     C    5       -0.041284       -0.105455       -0.145498

     H    6       -0.000000        0.000000        0.000000
     H    6        0.000000        0.000000        0.000000
     H    6        0.000000        0.000000        0.000000

     H    7       -0.000000        0.000000        0.000000
     H    7        0.000000        0.000000        0.000000
     H    7        0.000000        0.000000        0.000000

     C    8        0.023951       -0.048209       -0.021145
     C    8       -0.048209        0.023339       -0.024686
     C    8       -0.021145       -0.024686       -0.047290

     H    9       -0.000000        0.000000        0.000000
     H    9        0.000000        0.000000        0.000000
     H    9        0.000000        0.000000        0.000000

     C   10        0.005970        0.013220        0.036717
     C   10        0.013220       -0.004570       -0.020769
     C   10        0.036717       -0.020769       -0.001400

     C   11        0.033932       -0.013033       -0.023878
     C   11       -0.013033        0.021039       -0.008578
     C   11       -0.023878       -0.008578       -0.054971

     Cl  12        0.102191       -0.160267       -0.894900
     Cl  12       -0.160267        0.345691        1.226980
     Cl  12       -0.894900        1.226980       -0.447882

     H   13       -0.000000        0.000000        0.000000
     H   13        0.000000        0.000000        0.000000
     H   13        0.000000        0.000000        0.000000

     C   14        0.135165       -0.153636       -0.024927
     C   14       -0.153636       -0.018932        0.031505
     C   14       -0.024927        0.031505       -0.116233

     H   15       -0.000000        0.000000        0.000000
     H   15        0.000000        0.000000        0.000000
     H   15        0.000000        0.000000        0.000000

     C   16        0.050636       -0.168352       -0.110352
     C   16       -0.168352        0.002577        0.000013
     C   16       -0.110352        0.000013       -0.053213

     C   17       -0.027858       -0.173176       -0.060346
     C   17       -0.173176        0.130350        0.054874
     C   17       -0.060346        0.054874       -0.102492

     Cl  18       -0.202540       -1.864569       -0.560706
     Cl  18       -1.864569       -0.178370        1.559720
     Cl  18       -0.560706        1.559720        0.380910

     H   19       -0.000000        0.000000        0.000000
     H   19        0.000000        0.000000        0.000000
     H   19        0.000000        0.000000        0.000000

     C   20        0.073827       -0.261986        0.100279
     C   20       -0.261986       -0.010478       -0.005423
     C   20        0.100279       -0.005423       -0.063348

     H   21       -0.000000        0.000000        0.000000
     H   21        0.000000        0.000000        0.000000
     H   21        0.000000        0.000000        0.000000

     C   22       -0.180425       -0.100035        0.073140
     C   22       -0.100035        0.002381       -0.130624
     C   22        0.073140       -0.130624        0.178043

     C   23        0.034355       -0.156422        0.084134
     C   23       -0.156422        0.105674       -0.056253
     C   23        0.084134       -0.056253       -0.140029

     Cl  24        1.131877        1.906762        0.139181
     Cl  24        1.906762        0.246670       -0.426294
     Cl  24        0.139181       -0.426294       -1.378547

     ----- total EFG -----
     Cl   1        1.340563       -1.940881       -0.721929
     Cl   1       -1.940881       -0.095866        0.440481
     Cl   1       -0.721929        0.440481       -1.244697

     C    2        0.292252       -0.785976       -0.109779
     C    2       -0.785976        0.078993       -0.512114
     C    2       -0.109779       -0.512114       -0.371245

     C    3       -0.237298        0.012968        0.374283
     C    3        0.012968        0.273946       -0.076161
     C    3        0.374283       -0.076161       -0.036648

     H    4        0.420721        0.003482        0.291137
     H    4        0.003482       -0.596324        0.178728
     H    4        0.291137        0.178728        0.175603

     C    5        0.105605       -0.599886       -0.265819
     C    5       -0.599886        0.380093       -0.300782
     C    5       -0.265819       -0.300782       -0.485699

     H    6       -0.050548        0.183897        0.044286
     H    6        0.183897       -0.127327        0.413391
     H    6        0.044286        0.413391        0.177874

     H    7       -0.434648        0.114936        0.381760
     H    7        0.114936        0.674151       -0.463437
     H    7        0.381760       -0.463437       -0.239503

     C    8       -0.153462        0.229131        0.001761
     C    8        0.229131        0.335992       -0.331346
     C    8        0.001761       -0.331346       -0.182530

     H    9        0.515473       -0.062236        0.660374
     H    9       -0.062236       -0.201350       -0.434825
     H    9        0.660374       -0.434825       -0.314123

     C   10        0.188007        0.265808        0.561488
     C   10        0.265808       -0.067409       -0.289365
     C   10        0.561488       -0.289365       -0.120598

     C   11       -0.024838        0.284314       -0.021560
     C   11        0.284314        0.176149       -0.380633
     C   11       -0.021560       -0.380633       -0.151311

     Cl  12        0.230810        0.120898       -0.705467
     Cl  12        0.120898        0.286712        1.039546
     Cl  12       -0.705467        1.039546       -0.517522

     H   13       -0.724639        0.065954        0.075950
     H   13        0.065954        0.562504        0.228302
     H   13        0.075950        0.228302        0.162135

     C   14        0.177826        0.197779        0.025633
     C   14        0.197779       -0.027314        0.161611
     C   14        0.025633        0.161611       -0.150512

     H   15       -0.064165        0.397575        0.556272
     H   15        0.397575        0.124939        0.106317
     H   15        0.556272        0.106317       -0.060774

     C   16        0.249639       -0.559161       -0.363107
     C   16       -0.559161        0.019038       -0.216922
     C   16       -0.363107       -0.216922       -0.268677

     C   17       -0.403009        0.141271       -0.173432
     C   17        0.141271        0.433068        0.326823
     C   17       -0.173432        0.326823       -0.030059

     Cl  18       -0.077139       -2.042528       -0.511000
     Cl  18       -2.042528       -0.203438        1.527649
     Cl  18       -0.511000        1.527649        0.280577

     H   19       -0.167950        0.288745       -0.142061
     H   19        0.288745        0.098885       -0.180828
     H   19       -0.142061       -0.180828        0.069065

     C   20        0.182336       -0.480609        0.443139
     C   20       -0.480609       -0.263447        0.131939
     C   20        0.443139        0.131939        0.081111

     H   21        0.359353        0.049013        0.321881
     H   21        0.049013       -0.099202       -0.111754
     H   21        0.321881       -0.111754       -0.260152

     C   22       -0.806586       -0.004277        0.072164
     C   22       -0.004277        0.236687       -0.395465
     C   22        0.072164       -0.395465        0.569898

     C   23        0.070748       -0.307528        0.422658
     C   23       -0.307528       -0.006250       -0.047190
     C   23        0.422658       -0.047190       -0.064498

     Cl  24        1.162297        2.062062        0.158941
     Cl  24        2.062062        0.336411       -0.480624
     Cl  24        0.158941       -0.480624       -1.498708

     ----- total EFG (symmetrized) -----
     Cl   1        1.340563       -1.940881       -0.721929
     Cl   1       -1.940881       -0.095866        0.440481
     Cl   1       -0.721929        0.440481       -1.244697

     C    2        0.292252       -0.785976       -0.109779
     C    2       -0.785976        0.078993       -0.512114
     C    2       -0.109779       -0.512114       -0.371245

     C    3       -0.237298        0.012968        0.374283
     C    3        0.012968        0.273946       -0.076161
     C    3        0.374283       -0.076161       -0.036648

     H    4        0.420721        0.003482        0.291137
     H    4        0.003482       -0.596324        0.178728
     H    4        0.291137        0.178728        0.175603

     C    5        0.105605       -0.599886       -0.265819
     C    5       -0.599886        0.380093       -0.300782
     C    5       -0.265819       -0.300782       -0.485699

     H    6       -0.050548        0.183897        0.044286
     H    6        0.183897       -0.127327        0.413391
     H    6        0.044286        0.413391        0.177874

     H    7       -0.434648        0.114936        0.381760
     H    7        0.114936        0.674151       -0.463437
     H    7        0.381760       -0.463437       -0.239503

     C    8       -0.153462        0.229131        0.001761
     C    8        0.229131        0.335992       -0.331346
     C    8        0.001761       -0.331346       -0.182530

     H    9        0.515473       -0.062236        0.660374
     H    9       -0.062236       -0.201350       -0.434825
     H    9        0.660374       -0.434825       -0.314123

     C   10        0.188007        0.265808        0.561488
     C   10        0.265808       -0.067409       -0.289365
     C   10        0.561488       -0.289365       -0.120598

     C   11       -0.024838        0.284314       -0.021560
     C   11        0.284314        0.176149       -0.380633
     C   11       -0.021560       -0.380633       -0.151311

     Cl  12        0.230810        0.120898       -0.705467
     Cl  12        0.120898        0.286712        1.039546
     Cl  12       -0.705467        1.039546       -0.517522

     H   13       -0.724639        0.065954        0.075950
     H   13        0.065954        0.562504        0.228302
     H   13        0.075950        0.228302        0.162135

     C   14        0.177826        0.197779        0.025633
     C   14        0.197779       -0.027314        0.161611
     C   14        0.025633        0.161611       -0.150512

     H   15       -0.064165        0.397575        0.556272
     H   15        0.397575        0.124939        0.106317
     H   15        0.556272        0.106317       -0.060774

     C   16        0.249639       -0.559161       -0.363107
     C   16       -0.559161        0.019038       -0.216922
     C   16       -0.363107       -0.216922       -0.268677

     C   17       -0.403009        0.141271       -0.173432
     C   17        0.141271        0.433068        0.326823
     C   17       -0.173432        0.326823       -0.030059

     Cl  18       -0.077139       -2.042528       -0.511000
     Cl  18       -2.042528       -0.203438        1.527649
     Cl  18       -0.511000        1.527649        0.280577

     H   19       -0.167950        0.288745       -0.142061
     H   19        0.288745        0.098885       -0.180828
     H   19       -0.142061       -0.180828        0.069065

     C   20        0.182336       -0.480609        0.443139
     C   20       -0.480609       -0.263447        0.131939
     C   20        0.443139        0.131939        0.081111

     H   21        0.359353        0.049013        0.321881
     H   21        0.049013       -0.099202       -0.111754
     H   21        0.321881       -0.111754       -0.260152

     C   22       -0.806586       -0.004277        0.072164
     C   22       -0.004277        0.236687       -0.395465
     C   22        0.072164       -0.395465        0.569898

     C   23        0.070748       -0.307528        0.422658
     C   23       -0.307528       -0.006250       -0.047190
     C   23        0.422658       -0.047190       -0.064498

     Cl  24        1.162297        2.062062        0.158941
     Cl  24        2.062062        0.336411       -0.480624
     Cl  24        0.158941       -0.480624       -1.498708


     NQR/NMR SPECTROSCOPIC PARAMETERS:
     Cl   1    Vxx=   -1.3806    axis=( -0.209679 -0.585306  0.783232)
     Cl   1    Vyy=   -1.4847    axis=( -0.554615 -0.588510 -0.588267)
     Cl   1    Vzz=    2.8653    axis=(  0.805256 -0.557740 -0.201221)
     Cl   1  Q=        -8.1650 1e-30 m^2  Cq=       -54.9686 MHz  eta= 0.03632

     C    2    Vxx=   -0.0546    axis=(  0.552459  0.349487 -0.756735)
     C    2    Vyy=   -0.9750    axis=(  0.450278  0.638866  0.623779)
     C    2    Vzz=    1.0296    axis=( -0.701455  0.685353 -0.195581)
     C    2  Q=         1.0000 1e-30 m^2  Cq=         2.4191 MHz  eta= 0.89396

     C    3    Vxx=    0.2101    axis=(  0.519095  0.609351  0.599359)
     C    3    Vyy=    0.3184    axis=( -0.329906  0.789739 -0.517179)
     C    3    Vzz=   -0.5285    axis=(  0.788481 -0.070733 -0.610978)
     C    3  Q=         1.0000 1e-30 m^2  Cq=        -1.2417 MHz  eta= 0.20497

     H    4    Vxx=    0.0166    axis=( -0.570521  0.226938  0.789307)
     H    4    Vyy=    0.6228    axis=( -0.818995 -0.085522 -0.567391)
     H    4    Vzz=   -0.6393    axis=(  0.061259  0.970147 -0.234653)
     H    4  Q=         1.0000 1e-30 m^2  Cq=        -1.5022 MHz  eta= 0.94822

     C    5    Vxx=   -0.0321    axis=(  0.623497  0.431877 -0.651716)
     C    5    Vyy=   -0.8301    axis=(  0.491577  0.431642  0.756331)
     C    5    Vzz=    0.8622    axis=( -0.607950  0.791939 -0.056827)
     C    5  Q=         1.0000 1e-30 m^2  Cq=         2.0258 MHz  eta= 0.92561

     H    6    Vxx=   -0.0468    axis=(  0.915860  0.111516 -0.385699)
     H    6    Vyy=   -0.4564    axis=( -0.310309  0.806189 -0.503754)
     H    6    Vzz=    0.5032    axis=(  0.254770  0.581054  0.772961)
     H    6  Q=         1.0000 1e-30 m^2  Cq=         1.1824 MHz  eta= 0.81398

     H    7    Vxx=   -0.0384    axis=( -0.705352 -0.303004 -0.640833)
     H    7    Vyy=   -0.8311    axis=( -0.707998  0.256630  0.657937)
     H    7    Vzz=    0.8695    axis=( -0.034900  0.917785 -0.395540)
     H    7  Q=         1.0000 1e-30 m^2  Cq=         2.0430 MHz  eta= 0.91160

     C    8    Vxx=   -0.1607    axis=( -0.843143  0.030847 -0.536804)
     C    8    Vyy=   -0.3969    axis=(  0.458220 -0.481131 -0.747360)
     C    8    Vzz=    0.5576    axis=( -0.281327 -0.876106  0.391528)
     C    8  Q=         1.0000 1e-30 m^2  Cq=         1.3102 MHz  eta= 0.42356

     H    9    Vxx=   -0.0725    axis=(  0.440022  0.841880 -0.312440)
     H    9    Vyy=   -0.8735    axis=( -0.358082  0.483575  0.798706)
     H    9    Vzz=    0.9460    axis=(  0.823503 -0.239569  0.514246)
     H    9  Q=         1.0000 1e-30 m^2  Cq=         2.2226 MHz  eta= 0.84670

     C   10    Vxx=    0.1492    axis=(  0.242481  0.870277 -0.428745)
     C   10    Vyy=    0.6183    axis=( -0.806595 -0.064722 -0.587551)
     C   10    Vzz=   -0.7676    axis=( -0.539081  0.488293  0.686267)
     C   10  Q=         1.0000 1e-30 m^2  Cq=        -1.8034 MHz  eta= 0.61121

     C   11    Vxx=   -0.0856    axis=(  0.836812 -0.138780  0.529609)
     C   11    Vyy=   -0.4551    axis=( -0.357053  0.594983  0.720075)
     C   11    Vzz=    0.5408    axis=( -0.415041 -0.791666  0.448337)
     C   11  Q=         1.0000 1e-30 m^2  Cq=         1.2706 MHz  eta= 0.68328

     Cl  12    Vxx=    0.3577    axis=(  0.849681  0.523511 -0.063082)
     Cl  12    Vyy=    1.1245    axis=(  0.384161 -0.696534 -0.606020)
     Cl  12    Vzz=   -1.4822    axis=( -0.361196  0.490690 -0.792944)
     Cl  12  Q=        -8.1650 1e-30 m^2  Cq=        28.4346 MHz  eta= 0.51736

     H   13    Vxx=    0.0609    axis=(  0.052416 -0.419375  0.906298)
     H   13    Vyy=    0.6720    axis=(  0.065454  0.907037  0.415932)
     H   13    Vzz=   -0.7328    axis=( -0.996478  0.037520  0.074993)
     H   13  Q=         1.0000 1e-30 m^2  Cq=        -1.7219 MHz  eta= 0.83384

     C   14    Vxx=   -0.0395    axis=(  0.556500 -0.528504 -0.641086)
     C   14    Vyy=   -0.2839    axis=(  0.233861 -0.640769  0.731248)
     C   14    Vzz=    0.3235    axis=( -0.797256 -0.556865 -0.232992)
     C   14  Q=         1.0000 1e-30 m^2  Cq=         0.7600 MHz  eta= 0.75556

     H   15    Vxx=   -0.0392    axis=(  0.174759 -0.797327  0.577693)
     H   15    Vyy=   -0.6799    axis=(  0.737108 -0.283046 -0.613642)
     H   15    Vzz=    0.7192    axis=(  0.652787  0.533061  0.538251)
     H   15  Q=         1.0000 1e-30 m^2  Cq=         1.6897 MHz  eta= 0.89089

     C   16    Vxx=    0.0352    axis=( -0.275526 -0.595646  0.754514)
     C   16    Vyy=    0.7295    axis=( -0.798884  0.578435  0.164913)
     C   16    Vzz=   -0.7646    axis=( -0.534667 -0.557332 -0.635226)
     C   16  Q=         1.0000 1e-30 m^2  Cq=        -1.7966 MHz  eta= 0.90802

     C   17    Vxx=   -0.0604    axis=(  0.534601  0.354911 -0.766968)
     C   17    Vyy=   -0.5439    axis=( -0.843723  0.276023 -0.460373)
     C   17    Vzz=    0.6043    axis=( -0.048309 -0.893224 -0.447009)
     C   17  Q=         1.0000 1e-30 m^2  Cq=         1.4198 MHz  eta= 0.80007

     Cl  18    Vxx=   -0.3359    axis=(  0.589011 -0.125132  0.798378)
     Cl  18    Vyy=   -2.4292    axis=(  0.583150  0.749765 -0.312712)
     Cl  18    Vzz=    2.7651    axis=( -0.559465  0.649765  0.514591)
     Cl  18  Q=        -8.1650 1e-30 m^2  Cq=       -53.0466 MHz  eta= 0.75708

     H   19    Vxx=   -0.0752    axis=(  0.232291  0.488451  0.841104)
     H   19    Vyy=   -0.3541    axis=( -0.853025  0.517792 -0.065112)
     H   19    Vzz=    0.4292    axis=( -0.467321 -0.702358  0.536940)
     H   19  Q=         1.0000 1e-30 m^2  Cq=         1.0086 MHz  eta= 0.64971

     C   20    Vxx=    0.0611    axis=( -0.221307  0.630293  0.744147)
     C   20    Vyy=    0.6741    axis=( -0.789538  0.332091 -0.516087)
     C   20    Vzz=   -0.7352    axis=(  0.572410  0.701745 -0.424146)
     C   20  Q=         1.0000 1e-30 m^2  Cq=        -1.7275 MHz  eta= 0.83386

     H   21    Vxx=   -0.0556    axis=(  0.129628  0.941691 -0.310506)
     H   21    Vyy=   -0.4407    axis=( -0.369150  0.336470  0.866323)
     H   21    Vzz=    0.4963    axis=(  0.920285  0.002323  0.391242)
     H   21  Q=         1.0000 1e-30 m^2  Cq=         1.1662 MHz  eta= 0.77593

     C   22    Vxx=   -0.0242    axis=(  0.046137  0.834109  0.549667)
     C   22    Vyy=   -0.8106    axis=( -0.998209  0.017521  0.057198)
     C   22    Vzz=    0.8348    axis=(  0.038078 -0.551321  0.833424)
     C   22  Q=         1.0000 1e-30 m^2  Cq=         1.9614 MHz  eta= 0.94213

     C   23    Vxx=   -0.0704    axis=(  0.083552  0.818845  0.567902)
     C   23    Vyy=   -0.4905    axis=(  0.679689  0.369926 -0.633386)
     C   23    Vzz=    0.5608    axis=(  0.728727 -0.438917  0.525651)
     C   23  Q=         1.0000 1e-30 m^2  Cq=         1.3178 MHz  eta= 0.74910

     Cl  24    Vxx=   -0.9518    axis=(  0.506575 -0.569277  0.647538)
     Cl  24    Vyy=   -1.9082    axis=(  0.388462 -0.519789 -0.760865)
     Cl  24    Vzz=    2.8600    axis=( -0.769727 -0.636979  0.042170)
     Cl  24  Q=        -8.1650 1e-30 m^2  Cq=       -54.8682 MHz  eta= 0.33439

     Initialization:
     gipaw_setup  :      9.70s CPU     12.62s WALL (       1 calls)

     Linear response

     Apply operators

     Induced current

     Other routines
     efg          :     12.83s CPU     25.37s WALL (       1 calls)

     General routines
     calbec       :      3.97s CPU      6.13s WALL (      16 calls)
     fft          :      2.72s CPU      4.51s WALL (      15 calls)
     ffts         :      0.05s CPU      0.09s WALL (       2 calls)
     fftw         :      5.88s CPU     10.15s WALL (     672 calls)
     davcio       :      0.06s CPU      5.35s WALL (      32 calls)

     Parallel routines
     fft_scatter  :      4.95s CPU     10.71s WALL (     689 calls)

     Plugins

     GIPAW        :     70.31s CPU     98.06s WALL (       1 calls)
