
     Program QE v.6.0 (svn rev. 13079) starts on 21Jan2017 at 18:32:11 

     This program is part of the open-source Quantum ESPRESSO suite
     for quantum simulation of materials; please cite
         "P. Giannozzi et al., J. Phys.:Condens. Matter 21 395502 (2009);
          URL http://www.quantum-espresso.org", 
     in publications or presentations arising from this work. More details at
     http://www.quantum-espresso.org/quote

     Parallel version (MPI), running on     8 processors
     R & G space division:  proc/nbgrp/npool/nimage =       8

     ***** This is GIPAW svn revision unknown      *****

     Parallelizing q-star over 1 images

     Reading data from directory:
     /users/majewski/paradichlorobenzene/pbe/9_constraint/scratch/pbe.ecut100.np8.dt60.pcl2phi-129368.save
     Message from routine read_xml_file:
     file /users/majewski/paradichlorobenzene/pbe/9_constraint/scratch/pbe.ecut100.np8.dt60.pcl2phi-129368.save not guaranteed to be safe for post-processing

   Info: using nr1, nr2, nr3 values from input

   Info: using nr1, nr2, nr3 values from input

     IMPORTANT: XC functional enforced from input :
     Exchange-correlation      =  SLA  PW   PBX  PBC ( 1  4  3  4 0 0)
     Any further DFT definition will be discarded
     Please, verify this is what you really want

               file C.pbe-n-kjpaw_psl.1.0.0.UPF: wavefunction(s)  2S 2P renormalized
               file Cl.pbe-n-kjpaw_psl.1.0.0.UPF: wavefunction(s)  3S 3P renormalized
               file H.pbe-kjpaw_psl.1.0.0.UPF: wavefunction(s)  1S renormalized

     Parallelization info
     --------------------
     sticks:   dense  smooth     PW     G-vecs:    dense   smooth      PW
     Min        3057    1223    332               144436    36536    5170
     Max        3059    1225    333               144437    36537    5171
     Sum       24467    9791   2657              1155489   292295   41363


     Subspace diagonalization in iterative solution of the eigenvalue problem:
     a serial algorithm will be used

     GIPAW projectors -----------------------------------------------
     atom=  C    l=0  rc=    1.2000  rs=    0.8000
     atom=  C    l=0  rc=    1.2000  rs=    0.8000
     atom=  C    l=1  rc=    1.4000  rs=    0.9333
     atom=  C    l=1  rc=    1.4000  rs=    0.9333
     projs nearly linearly dependent: l=1  n1,n2= 1, 2  s=  0.99951561

     atom=  Cl   l=0  rc=    1.6000  rs=    1.0667
     atom=  Cl   l=0  rc=    1.6000  rs=    1.0667
     atom=  Cl   l=1  rc=    1.6000  rs=    1.0667
     atom=  Cl   l=1  rc=    1.6000  rs=    1.0667
     atom=  Cl   l=2  rc=    1.6000  rs=    1.0667
     atom=  Cl   l=2  rc=    1.6000  rs=    1.0667
     projs nearly linearly dependent: l=2  n1,n2= 1, 2  s=  0.99993509

     atom=  H    l=0  rc=    1.0000  rs=    0.6667
     atom=  H    l=0  rc=    1.0000  rs=    0.6667
     projs nearly linearly dependent: l=0  n1,n2= 1, 2  s=  0.99968852
     -----------------------------------------------------------------

     GIPAW integrals: -------------------------------------------
     Atom  i/j   nmr_para   nmr_dia   epr_rmc  epr_para   epr_dia
       C   1 1   0.83E+03  0.17E-01  0.93E+01  0.24E+08  0.24E+03
       C   2 1   0.86E+03 -0.61E-01  0.94E+01  0.25E+08  0.25E+03
       C   2 2   0.90E+03 -0.15E+00  0.97E+01  0.26E+08  0.26E+03
       C   3 3   0.33E+01  0.34E+00  0.18E+01  0.55E+03  0.21E+02
       C   4 3   0.35E+01  0.37E+00  0.20E+01  0.59E+03  0.22E+02
       C   4 4   0.38E+01  0.39E+00  0.22E+01  0.63E+03  0.24E+02
       Cl  1 1   0.14E+04 -0.47E+00  0.84E+01  0.32E+09  0.42E+03
       Cl  2 1   0.21E+04 -0.37E+00  0.12E+02  0.49E+09  0.65E+03
       Cl  2 2   0.33E+04 -0.16E+00  0.21E+02  0.76E+09  0.10E+04
       Cl  3 3   0.21E+02  0.79E-01  0.89E+01  0.23E+05  0.13E+03
       Cl  4 3   0.24E+02  0.67E-01  0.99E+01  0.27E+05  0.15E+03
       Cl  4 4   0.28E+02  0.44E-01  0.11E+02  0.32E+05  0.18E+03
       Cl  5 5   0.77E+00  0.19E+00  0.18E+01  0.12E+03  0.22E+02
       Cl  6 5   0.80E+00  0.19E+00  0.19E+01  0.12E+03  0.23E+02
       Cl  6 6   0.83E+00  0.20E+00  0.19E+01  0.12E+03  0.23E+02
       H   1 1   0.39E+02  0.19E+00  0.29E+00  0.78E+05  0.13E+02
       H   2 1   0.41E+02  0.21E+00  0.32E+00  0.82E+05  0.14E+02
       H   2 2   0.43E+02  0.22E+00  0.36E+00  0.86E+05  0.15E+02
     ------------------------------------------------------------

     alpha_pv=     33.9311 eV

     Number of occupied bands for each k-point:
     k-point:     1    nbnd_occ=  42
     k-point:     2    nbnd_occ=  42
     k-point:     3    nbnd_occ=  42
     k-point:     4    nbnd_occ=  42
     k-point:     5    nbnd_occ=  42
     k-point:     6    nbnd_occ=  42
     k-point:     7    nbnd_occ=  42
     k-point:     8    nbnd_occ=  42
     k-point:     9    nbnd_occ=  42
     k-point:    10    nbnd_occ=  42
     k-point:    11    nbnd_occ=  42
     k-point:    12    nbnd_occ=  42
     k-point:    13    nbnd_occ=  42
     k-point:    14    nbnd_occ=  42
     k-point:    15    nbnd_occ=  42
     k-point:    16    nbnd_occ=  42


     q-space interpolation up to   110.00 Rydberg

     GIPAW job: efg                                                                             


     ELECTRIC FIELD GRADIENTS TENSORS IN Hartree/bohrradius^2:

     ----- bare term -----
     Cl   1       -0.038804       -0.018824        0.030316
     Cl   1       -0.018824        0.044340        0.122987
     Cl   1        0.030316        0.122987       -0.005536

     C    2       -0.713405        0.435193       -0.382591
     C    2        0.435193        0.276243       -0.037044
     C    2       -0.382591       -0.037044        0.437162

     C    3        0.245699        0.146509       -0.052475
     C    3        0.146509       -0.582677       -0.484210
     C    3       -0.052475       -0.484210        0.336978

     H    4       -0.531443       -0.079433       -0.035387
     H    4       -0.079433        0.373574       -0.368352
     H    4       -0.035387       -0.368352        0.157869

     C    5       -0.837108        0.365779       -0.442015
     C    5        0.365779        0.350506       -0.121581
     C    5       -0.442015       -0.121581        0.486602

     H    6        0.286512       -0.124227        0.064595
     H    6       -0.124227       -0.529606       -0.457545
     H    6        0.064595       -0.457545        0.243094

     H    7        0.136236        0.355863       -0.219852
     H    7        0.355863       -0.341736        0.478627
     H    7       -0.219852        0.478627        0.205500

     C    8       -0.199377       -0.247423       -0.248901
     C    8       -0.247423       -0.091798        0.468173
     C    8       -0.248901        0.468173        0.291175

     H    9       -0.051640        0.127220       -0.461522
     H    9        0.127220        0.292517       -0.143943
     H    9       -0.461522       -0.143943       -0.240877

     C   10       -0.234386       -0.390125       -0.187331
     C   10       -0.390125       -0.214542        0.428755
     C   10       -0.187331        0.428755        0.448928

     C   11       -0.158978        0.239084       -0.293966
     C   11        0.239084       -0.017486        0.663023
     C   11       -0.293966        0.663023        0.176464

     Cl  12       -0.223241       -0.207913        0.123809
     Cl  12       -0.207913       -0.026168        0.149616
     Cl  12        0.123809        0.149616        0.249409

     H   13        0.289713       -0.388461       -0.066337
     H   13       -0.388461       -0.592358       -0.290742
     H   13       -0.066337       -0.290742        0.302645

     C   14        0.035618        0.178409       -0.024499
     C   14        0.178409       -0.183463       -0.383600
     C   14       -0.024499       -0.383600        0.147845

     H   15       -0.040032       -0.398875       -0.295693
     H   15       -0.398875       -0.229362       -0.275458
     H   15       -0.295693       -0.275458        0.269394

     C   16       -0.619009        0.312968       -0.337275
     C   16        0.312968        0.208157       -0.044290
     C   16       -0.337275       -0.044290        0.410852

     C   17        0.179169        0.172099       -0.056520
     C   17        0.172099       -0.363246       -0.538047
     C   17       -0.056520       -0.538047        0.184077

     Cl  18       -0.223816        0.168515       -0.044582
     Cl  18        0.168515        0.101508        0.076014
     Cl  18       -0.044582        0.076014        0.122308

     H   19        0.526783        0.015023        0.079180
     H   19        0.015023        0.043149        0.177596
     H   19        0.079180        0.177596       -0.569932

     C   20       -0.256864       -0.243627        0.049700
     C   20       -0.243627        0.176361       -0.049102
     C   20        0.049700       -0.049102        0.080503

     H   21        0.128995       -0.045172       -0.403431
     H   21       -0.045172        0.146928       -0.260646
     H   21       -0.403431       -0.260646       -0.275923

     C   22        0.246820       -0.056829       -0.103266
     C   22       -0.056829       -0.125733        0.287962
     C   22       -0.103266        0.287962       -0.121088

     C   23       -0.390031       -0.369383       -0.273383
     C   23       -0.369383        0.077263        0.130078
     C   23       -0.273383        0.130078        0.312768

     Cl  24        0.130628       -0.021811       -0.047999
     Cl  24       -0.021811       -0.190448       -0.071719
     Cl  24       -0.047999       -0.071719        0.059820

     ----- ionic term -----
     Cl   1        0.175141       -0.198966        0.013474
     Cl   1       -0.198966       -0.029577        0.000387
     Cl   1        0.013474        0.000387       -0.145563

     C    2        0.285630       -0.062400        0.258248
     C    2       -0.062400        0.173878        0.340139
     C    2        0.258248        0.340139       -0.459507

     C    3        0.199663       -0.190912        0.168877
     C    3       -0.190912        0.293124        0.346269
     C    3        0.168877        0.346269       -0.492786

     H    4        0.653240        0.410823        0.591902
     H    4        0.410823       -0.318683        0.262363
     H    4        0.591902        0.262363       -0.334557

     C    5        0.373615       -0.171312        0.213610
     C    5       -0.171312        0.101071        0.276369
     C    5        0.213610        0.276369       -0.474686

     H    6       -0.459879        0.208993        0.124534
     H    6        0.208993        0.715310        0.634623
     H    6        0.124534        0.634623       -0.255431

     H    7       -0.493309       -0.228736        0.177431
     H    7       -0.228736        0.539830       -0.733097
     H    7        0.177431       -0.733097       -0.046521

     C    8        0.149377        0.290287        0.293360
     C    8        0.290287        0.068605       -0.260913
     C    8        0.293360       -0.260913       -0.217981

     H    9        0.362634        0.037800        0.796029
     H    9        0.037800       -0.559236       -0.052958
     H    9        0.796029       -0.052958        0.196603

     C   10        0.005420        0.382421        0.214496
     C   10        0.382421        0.093828       -0.399708
     C   10        0.214496       -0.399708       -0.099248

     C   11        0.114984        0.260539        0.338116
     C   11        0.260539       -0.025031       -0.433114
     C   11        0.338116       -0.433114       -0.089953

     Cl  12        0.108101        0.216197        0.010864
     Cl  12        0.216197        0.045656       -0.005407
     Cl  12        0.010864       -0.005407       -0.153757

     H   13       -0.499620        0.187369        0.099858
     H   13        0.187369        0.688203        0.666307
     H   13        0.099858        0.666307       -0.188583

     C   14        0.353089       -0.108552        0.271767
     C   14       -0.108552        0.079627        0.282159
     C   14        0.271767        0.282159       -0.432716

     H   15        0.491420        0.412432        0.679951
     H   15        0.412432       -0.327590        0.303810
     H   15        0.679951        0.303810       -0.163831

     C   16        0.114789       -0.152735        0.208254
     C   16       -0.152735        0.286392        0.390189
     C   16        0.208254        0.390189       -0.401181

     C   17        0.151865       -0.132837        0.184525
     C   17       -0.132837        0.293220        0.399896
     C   17        0.184525        0.399896       -0.445086

     Cl  18        0.076999       -0.191837       -0.017925
     Cl  18       -0.191837        0.076502        0.014628
     Cl  18       -0.017925        0.014628       -0.153501

     H   19       -0.523845       -0.020459        0.039638
     H   19       -0.020459        0.634386       -0.732413
     H   19        0.039638       -0.732413       -0.110541

     C   20        0.230596        0.274031        0.289279
     C   20        0.274031       -0.010158       -0.306847
     C   20        0.289279       -0.306847       -0.220438

     H   21        0.451962       -0.183332        0.780434
     H   21       -0.183332       -0.463508       -0.225962
     H   21        0.780434       -0.225962        0.011546

     C   22        0.094518        0.288933        0.191143
     C   22        0.288933        0.129735       -0.412865
     C   22        0.191143       -0.412865       -0.224253

     C   23        0.084155        0.288117        0.262690
     C   23        0.288117        0.095918       -0.365135
     C   23        0.262690       -0.365135       -0.180072

     Cl  24        0.108096        0.217419       -0.002011
     Cl  24        0.217419        0.020064       -0.012847
     Cl  24       -0.002011       -0.012847       -0.128160

     ----- GIPAW term -----
     Cl   1       -0.089359       -1.975002       -0.042863
     Cl   1       -1.975002        1.250448        1.929919
     Cl   1       -0.042863        1.929919       -1.161089

     C    2       -0.097969        0.090841        0.017925
     C    2        0.090841        0.129050        0.120351
     C    2        0.017925        0.120351       -0.031082

     C    3       -0.054256        0.001135        0.013981
     C    3        0.001135       -0.003619        0.141467
     C    3        0.013981        0.141467        0.057875

     H    4       -0.000000        0.000000        0.000000
     H    4        0.000000        0.000000        0.000000
     H    4        0.000000        0.000000        0.000000

     C    5       -0.117475        0.024826       -0.025606
     C    5        0.024826        0.064744        0.087490
     C    5       -0.025606        0.087490        0.052731

     H    6       -0.000000        0.000000        0.000000
     H    6        0.000000        0.000000        0.000000
     H    6        0.000000        0.000000        0.000000

     H    7       -0.000000        0.000000        0.000000
     H    7        0.000000        0.000000        0.000000
     H    7        0.000000        0.000000        0.000000

     C    8       -0.052164       -0.095323       -0.026702
     C    8       -0.095323        0.088525        0.095772
     C    8       -0.026702        0.095772       -0.036361

     H    9       -0.000000        0.000000        0.000000
     H    9        0.000000        0.000000        0.000000
     H    9        0.000000        0.000000        0.000000

     C   10       -0.025970       -0.021578       -0.031379
     C   10       -0.021578       -0.019575        0.061656
     C   10       -0.031379        0.061656        0.045546

     C   11       -0.073597        0.135441       -0.004258
     C   11        0.135441        0.048298        0.229384
     C   11       -0.004258        0.229384        0.025299

     Cl  12        0.147362        1.804305        1.162630
     Cl  12        1.804305       -0.130038        1.448776
     Cl  12        1.162630        1.448776       -0.017324

     H   13       -0.000000        0.000000        0.000000
     H   13        0.000000        0.000000        0.000000
     H   13        0.000000        0.000000        0.000000

     C   14       -0.054813        0.097567        0.039191
     C   14        0.097567        0.160015        0.011679
     C   14        0.039191        0.011679       -0.105202

     H   15       -0.000000        0.000000        0.000000
     H   15        0.000000        0.000000        0.000000
     H   15        0.000000        0.000000        0.000000

     C   16       -0.111056        0.119475       -0.025336
     C   16        0.119475        0.145444        0.065765
     C   16       -0.025336        0.065765       -0.034388

     C   17       -0.040300        0.035978        0.056113
     C   17        0.035978        0.108123        0.126590
     C   17        0.056113        0.126590       -0.067823

     Cl  18        0.124976       -1.843575       -0.396360
     Cl  18       -1.843575        1.075046        0.741759
     Cl  18       -0.396360        0.741759       -1.200021

     H   19       -0.000000        0.000000        0.000000
     H   19        0.000000        0.000000        0.000000
     H   19        0.000000        0.000000        0.000000

     C   20       -0.030310        0.007328        0.027324
     C   20        0.007328        0.038075        0.013554
     C   20        0.027324        0.013554       -0.007766

     H   21       -0.000000        0.000000        0.000000
     H   21        0.000000        0.000000        0.000000
     H   21        0.000000        0.000000        0.000000

     C   22       -0.013619        0.002036       -0.008412
     C   22        0.002036        0.060664        0.043291
     C   22       -0.008412        0.043291       -0.047045

     C   23       -0.077635       -0.027062       -0.035830
     C   23       -0.027062        0.107774        0.084839
     C   23       -0.035830        0.084839       -0.030139

     Cl  24       -0.047537        0.337409       -0.442984
     Cl  24        0.337409        1.908585        1.038434
     Cl  24       -0.442984        1.038434       -1.861048

     ----- total EFG -----
     Cl   1        0.046978       -2.192792        0.000927
     Cl   1       -2.192792        1.265211        2.053294
     Cl   1        0.000927        2.053294       -1.312189

     C    2       -0.525744        0.463633       -0.106418
     C    2        0.463633        0.579171        0.423446
     C    2       -0.106418        0.423446       -0.053427

     C    3        0.391105       -0.043267        0.130382
     C    3       -0.043267       -0.293172        0.003526
     C    3        0.130382        0.003526       -0.097934

     H    4        0.121797        0.331390        0.556515
     H    4        0.331390        0.054892       -0.105989
     H    4        0.556515       -0.105989       -0.176688

     C    5       -0.580968        0.219293       -0.254011
     C    5        0.219293        0.516322        0.242278
     C    5       -0.254011        0.242278        0.064647

     H    6       -0.173368        0.084766        0.189129
     H    6        0.084766        0.185705        0.177078
     H    6        0.189129        0.177078       -0.012337

     H    7       -0.357074        0.127127       -0.042420
     H    7        0.127127        0.198094       -0.254470
     H    7       -0.042420       -0.254470        0.158980

     C    8       -0.102164       -0.052459        0.017758
     C    8       -0.052459        0.065332        0.303033
     C    8        0.017758        0.303033        0.036832

     H    9        0.310994        0.165019        0.334507
     H    9        0.165019       -0.266719       -0.196901
     H    9        0.334507       -0.196901       -0.044275

     C   10       -0.254937       -0.029283       -0.004214
     C   10       -0.029283       -0.140289        0.090704
     C   10       -0.004214        0.090704        0.395226

     C   11       -0.117591        0.635063        0.039892
     C   11        0.635063        0.005782        0.459293
     C   11        0.039892        0.459293        0.111810

     Cl  12        0.032222        1.812589        1.297303
     Cl  12        1.812589       -0.110551        1.592984
     Cl  12        1.297303        1.592984        0.078328

     H   13       -0.209907       -0.201093        0.033521
     H   13       -0.201093        0.095845        0.375565
     H   13        0.033521        0.375565        0.114062

     C   14        0.333894        0.167424        0.286459
     C   14        0.167424        0.056178       -0.089761
     C   14        0.286459       -0.089761       -0.390072

     H   15        0.451389        0.013557        0.384258
     H   15        0.013557       -0.556951        0.028351
     H   15        0.384258        0.028351        0.105563

     C   16       -0.615277        0.279708       -0.154356
     C   16        0.279708        0.639993        0.411664
     C   16       -0.154356        0.411664       -0.024716

     C   17        0.290735        0.075239        0.184117
     C   17        0.075239        0.038097       -0.011561
     C   17        0.184117       -0.011561       -0.328832

     Cl  18       -0.021842       -1.866897       -0.458867
     Cl  18       -1.866897        1.253056        0.832401
     Cl  18       -0.458867        0.832401       -1.231214

     H   19        0.002937       -0.005436        0.118818
     H   19       -0.005436        0.677536       -0.554817
     H   19        0.118818       -0.554817       -0.680473

     C   20       -0.056578        0.037732        0.366303
     C   20        0.037732        0.204278       -0.342395
     C   20        0.366303       -0.342395       -0.147700

     H   21        0.580957       -0.228504        0.377003
     H   21       -0.228504       -0.316580       -0.486608
     H   21        0.377003       -0.486608       -0.264376

     C   22        0.327719        0.234141        0.079465
     C   22        0.234141        0.064667       -0.081611
     C   22        0.079465       -0.081611       -0.392386

     C   23       -0.383511       -0.108329       -0.046523
     C   23       -0.108329        0.280955       -0.150217
     C   23       -0.046523       -0.150217        0.102556

     Cl  24        0.191187        0.533017       -0.492994
     Cl  24        0.533017        1.738200        0.953869
     Cl  24       -0.492994        0.953869       -1.929387

     ----- total EFG (symmetrized) -----
     Cl   1        0.046978       -2.192792        0.000927
     Cl   1       -2.192792        1.265211        2.053294
     Cl   1        0.000927        2.053294       -1.312189

     C    2       -0.525744        0.463633       -0.106418
     C    2        0.463633        0.579171        0.423446
     C    2       -0.106418        0.423446       -0.053427

     C    3        0.391105       -0.043267        0.130382
     C    3       -0.043267       -0.293172        0.003526
     C    3        0.130382        0.003526       -0.097934

     H    4        0.121797        0.331390        0.556515
     H    4        0.331390        0.054892       -0.105989
     H    4        0.556515       -0.105989       -0.176688

     C    5       -0.580968        0.219293       -0.254011
     C    5        0.219293        0.516322        0.242278
     C    5       -0.254011        0.242278        0.064647

     H    6       -0.173368        0.084766        0.189129
     H    6        0.084766        0.185705        0.177078
     H    6        0.189129        0.177078       -0.012337

     H    7       -0.357074        0.127127       -0.042420
     H    7        0.127127        0.198094       -0.254470
     H    7       -0.042420       -0.254470        0.158980

     C    8       -0.102164       -0.052459        0.017758
     C    8       -0.052459        0.065332        0.303033
     C    8        0.017758        0.303033        0.036832

     H    9        0.310994        0.165019        0.334507
     H    9        0.165019       -0.266719       -0.196901
     H    9        0.334507       -0.196901       -0.044275

     C   10       -0.254937       -0.029283       -0.004214
     C   10       -0.029283       -0.140289        0.090704
     C   10       -0.004214        0.090704        0.395226

     C   11       -0.117591        0.635063        0.039892
     C   11        0.635063        0.005782        0.459293
     C   11        0.039892        0.459293        0.111810

     Cl  12        0.032222        1.812589        1.297303
     Cl  12        1.812589       -0.110551        1.592984
     Cl  12        1.297303        1.592984        0.078328

     H   13       -0.209907       -0.201093        0.033521
     H   13       -0.201093        0.095845        0.375565
     H   13        0.033521        0.375565        0.114062

     C   14        0.333894        0.167424        0.286459
     C   14        0.167424        0.056178       -0.089761
     C   14        0.286459       -0.089761       -0.390072

     H   15        0.451389        0.013557        0.384258
     H   15        0.013557       -0.556951        0.028351
     H   15        0.384258        0.028351        0.105563

     C   16       -0.615277        0.279708       -0.154356
     C   16        0.279708        0.639993        0.411664
     C   16       -0.154356        0.411664       -0.024716

     C   17        0.290735        0.075239        0.184117
     C   17        0.075239        0.038097       -0.011561
     C   17        0.184117       -0.011561       -0.328832

     Cl  18       -0.021842       -1.866897       -0.458867
     Cl  18       -1.866897        1.253056        0.832401
     Cl  18       -0.458867        0.832401       -1.231214

     H   19        0.002937       -0.005436        0.118818
     H   19       -0.005436        0.677536       -0.554817
     H   19        0.118818       -0.554817       -0.680473

     C   20       -0.056578        0.037732        0.366303
     C   20        0.037732        0.204278       -0.342395
     C   20        0.366303       -0.342395       -0.147700

     H   21        0.580957       -0.228504        0.377003
     H   21       -0.228504       -0.316580       -0.486608
     H   21        0.377003       -0.486608       -0.264376

     C   22        0.327719        0.234141        0.079465
     C   22        0.234141        0.064667       -0.081611
     C   22        0.079465       -0.081611       -0.392386

     C   23       -0.383511       -0.108329       -0.046523
     C   23       -0.108329        0.280955       -0.150217
     C   23       -0.046523       -0.150217        0.102556

     Cl  24        0.191187        0.533017       -0.492994
     Cl  24        0.533017        1.738200        0.953869
     Cl  24       -0.492994        0.953869       -1.929387


     NQR/NMR SPECTROSCOPIC PARAMETERS:
     Cl   1    Vxx=   -0.5823    axis=(  0.758592  0.217942  0.614035)
     Cl   1    Vyy=   -2.9388    axis=(  0.415042  0.564835 -0.713233)
     Cl   1    Vzz=    3.5211    axis=( -0.502272  0.795903  0.338024)
     Cl   1  Q=        -8.1650 1e-30 m^2  Cq=       -67.5499 MHz  eta= 0.66927

     C    2    Vxx=   -0.1050    axis=( -0.460292 -0.220352  0.859986)
     C    2    Vyy=   -0.7870    axis=( -0.847706  0.396810 -0.352046)
     C    2    Vzz=    0.8919    axis=( -0.263678 -0.891059 -0.369442)
     C    2  Q=         1.0000 1e-30 m^2  Cq=         2.0957 MHz  eta= 0.76463

     C    3    Vxx=   -0.1294    axis=( -0.235656  0.083087  0.968278)
     C    3    Vyy=   -0.2967    axis=( -0.075297 -0.994905  0.067046)
     C    3    Vzz=    0.4260    axis=(  0.968915 -0.057109  0.240712)
     C    3  Q=         1.0000 1e-30 m^2  Cq=         1.0010 MHz  eta= 0.39273

     H    4    Vxx=    0.0877    axis=( -0.077106  0.858718 -0.506615)
     H    4    Vyy=    0.6266    axis=( -0.787376 -0.364161 -0.497419)
     H    4    Vzz=   -0.7143    axis=( -0.611632  0.360542  0.704213)
     H    4  Q=         1.0000 1e-30 m^2  Cq=        -1.6783 MHz  eta= 0.75454

     C    5    Vxx=    0.1049    axis=( -0.412381 -0.288945  0.863975)
     C    5    Vyy=    0.6311    axis=(  0.093695  0.929888  0.355710)
     C    5    Vzz=   -0.7360    axis=( -0.906181  0.227638 -0.356396)
     C    5  Q=         1.0000 1e-30 m^2  Cq=        -1.7292 MHz  eta= 0.71503

     H    6    Vxx=   -0.0475    axis=(  0.481518 -0.634316  0.604800)
     H    6    Vyy=   -0.3002    axis=( -0.814111 -0.068139  0.576698)
     H    6    Vzz=    0.3477    axis=(  0.324599  0.770065  0.549214)
     H    6  Q=         1.0000 1e-30 m^2  Cq=         0.8170 MHz  eta= 0.72691

     H    7    Vxx=   -0.0671    axis=(  0.170165  0.638538  0.750542)
     H    7    Vyy=   -0.3852    axis=( -0.973902  0.225064  0.029328)
     H    7    Vzz=    0.4523    axis=( -0.150193 -0.735945  0.660172)
     H    7  Q=         1.0000 1e-30 m^2  Cq=         1.0627 MHz  eta= 0.70315

     C    8    Vxx=   -0.0889    axis=(  0.956271 -0.158140  0.246042)
     C    8    Vyy=   -0.2670    axis=( -0.286973 -0.669800  0.684846)
     C    8    Vzz=    0.3559    axis=( -0.056497  0.725506  0.685892)
     C    8  Q=         1.0000 1e-30 m^2  Cq=         0.8362 MHz  eta= 0.50032

     H    9    Vxx=   -0.0035    axis=(  0.326702  0.688915 -0.647041)
     H    9    Vyy=   -0.5109    axis=( -0.380098  0.722574  0.577418)
     H    9    Vzz=    0.5144    axis=(  0.865327  0.057295  0.497922)
     H    9  Q=         1.0000 1e-30 m^2  Cq=         1.2086 MHz  eta= 0.98628

     C   10    Vxx=   -0.1478    axis=( -0.254332  0.953579 -0.161249)
     C   10    Vyy=   -0.2625    axis=(  0.967024  0.253064 -0.028704)
     C   10    Vzz=    0.4103    axis=( -0.013435  0.163232  0.986496)
     C   10  Q=         1.0000 1e-30 m^2  Cq=         0.9640 MHz  eta= 0.27945

     C   11    Vxx=   -0.0046    axis=( -0.577468 -0.153110  0.801927)
     C   11    Vyy=   -0.7908    axis=( -0.638278  0.697126 -0.326523)
     C   11    Vzz=    0.7954    axis=( -0.509050 -0.700409 -0.500295)
     C   11  Q=         1.0000 1e-30 m^2  Cq=         1.8689 MHz  eta= 0.98841

     Cl  12    Vxx=   -1.2151    axis=( -0.599420 -0.150215  0.786213)
     Cl  12    Vyy=   -1.9239    axis=(  0.551936 -0.788942  0.270068)
     Cl  12    Vzz=    3.1390    axis=(  0.579708  0.595823  0.555817)
     Cl  12  Q=        -8.1650 1e-30 m^2  Cq=       -60.2208 MHz  eta= 0.22581

     H   13    Vxx=   -0.0840    axis=( -0.736105  0.365979 -0.569393)
     H   13    Vyy=   -0.4167    axis=( -0.655151 -0.596614  0.463497)
     H   13    Vzz=    0.5007    axis=( -0.170077  0.714221  0.678942)
     H   13  Q=         1.0000 1e-30 m^2  Cq=         1.1766 MHz  eta= 0.66451

     C   14    Vxx=    0.0493    axis=( -0.212787  0.920822 -0.326815)
     C   14    Vyy=    0.4750    axis=( -0.912566 -0.306826 -0.270335)
     C   14    Vzz=   -0.5244    axis=( -0.349206  0.240716  0.905600)
     C   14  Q=         1.0000 1e-30 m^2  Cq=        -1.2321 MHz  eta= 0.81179

     H   15    Vxx=   -0.1422    axis=( -0.543605  0.039548  0.838409)
     H   15    Vyy=   -0.5582    axis=(  0.003626  0.998991 -0.044771)
     H   15    Vzz=    0.7004    axis=( -0.839334 -0.021298 -0.543199)
     H   15  Q=         1.0000 1e-30 m^2  Cq=         1.6457 MHz  eta= 0.59383

     C   16    Vxx=   -0.0993    axis=( -0.423884 -0.312909  0.849947)
     C   16    Vyy=   -0.7618    axis=( -0.896306  0.279851 -0.343976)
     C   16    Vzz=    0.8611    axis=( -0.130226 -0.907618 -0.399087)
     C   16  Q=         1.0000 1e-30 m^2  Cq=         2.0233 MHz  eta= 0.76940

     C   17    Vxx=    0.0252    axis=( -0.186626  0.973944 -0.128858)
     C   17    Vyy=    0.3565    axis=( -0.944280 -0.214026 -0.250057)
     C   17    Vzz=   -0.3818    axis=( -0.271121  0.075011  0.959618)
     C   17  Q=         1.0000 1e-30 m^2  Cq=        -0.8970 MHz  eta= 0.86793

     Cl  18    Vxx=   -1.2865    axis=(  0.756016  0.381402  0.531951)
     Cl  18    Vyy=   -1.5225    axis=( -0.336343 -0.470829  0.815594)
     Cl  18    Vzz=    2.8091    axis=( -0.561527  0.795520  0.227672)
     Cl  18  Q=        -8.1650 1e-30 m^2  Cq=       -53.8903 MHz  eta= 0.08400

     H   19    Vxx=    0.0142    axis=(  0.991144  0.089877  0.097750)
     H   19    Vyy=    0.8777    axis=( -0.051815  0.939543 -0.338489)
     H   19    Vzz=   -0.8919    axis=( -0.122263  0.330426  0.935879)
     H   19  Q=         1.0000 1e-30 m^2  Cq=        -2.0956 MHz  eta= 0.96824

     C   20    Vxx=    0.1028    axis=(  0.748653  0.608583  0.262954)
     C   20    Vyy=    0.4762    axis=(  0.364625 -0.709238  0.603349)
     C   20    Vzz=   -0.5789    axis=(  0.553685 -0.355820 -0.752878)
     C   20  Q=         1.0000 1e-30 m^2  Cq=        -1.3602 MHz  eta= 0.64501

     H   21    Vxx=   -0.0791    axis=(  0.537973  0.630014 -0.560060)
     H   21    Vyy=   -0.7852    axis=( -0.079127  0.699204  0.710530)
     H   21    Vzz=    0.8643    axis=(  0.839240 -0.337930  0.426004)
     H   21  Q=         1.0000 1e-30 m^2  Cq=         2.0308 MHz  eta= 0.81691

     C   22    Vxx=   -0.0380    axis=( -0.468349  0.832244 -0.296680)
     C   22    Vyy=   -0.4276    axis=( -0.175291  0.241586  0.954416)
     C   22    Vzz=    0.4656    axis=( -0.865980 -0.499005 -0.032739)
     C   22  Q=         1.0000 1e-30 m^2  Cq=         1.0941 MHz  eta= 0.83677

     C   23    Vxx=    0.0373    axis=( -0.210487  0.443547  0.871184)
     C   23    Vyy=    0.3734    axis=(  0.096677 -0.877336  0.470037)
     C   23    Vzz=   -0.4107    axis=(  0.972805  0.183160  0.141787)
     C   23  Q=         1.0000 1e-30 m^2  Cq=        -0.9650 MHz  eta= 0.81827

     Cl  24    Vxx=    0.2499    axis=(  0.946114 -0.157488 -0.282960)
     Cl  24    Vyy=    2.0615    axis=(  0.219080  0.954750  0.201136)
     Cl  24    Vzz=   -2.3114    axis=(  0.238479 -0.252288  0.937805)
     Cl  24  Q=        -8.1650 1e-30 m^2  Cq=        44.3423 MHz  eta= 0.78376

     Initialization:
     gipaw_setup  :      9.10s CPU     11.11s WALL (       1 calls)

     Linear response

     Apply operators

     Induced current

     Other routines
     efg          :      9.28s CPU     11.78s WALL (       1 calls)

     General routines
     calbec       :      3.20s CPU      4.41s WALL (      16 calls)
     fft          :      1.64s CPU      2.70s WALL (      15 calls)
     ffts         :      0.04s CPU      0.05s WALL (       2 calls)
     fftw         :      3.32s CPU      4.02s WALL (     672 calls)
     davcio       :      0.01s CPU      0.31s WALL (      32 calls)

     Parallel routines
     fft_scatter  :      2.24s CPU      3.94s WALL (     689 calls)

     Plugins

     GIPAW        :     62.00s CPU     74.66s WALL (       1 calls)
