
     Program QE v.6.0 (svn rev. 13079) starts on  7Jan2017 at 23:10:56 

     This program is part of the open-source Quantum ESPRESSO suite
     for quantum simulation of materials; please cite
         "P. Giannozzi et al., J. Phys.:Condens. Matter 21 395502 (2009);
          URL http://www.quantum-espresso.org", 
     in publications or presentations arising from this work. More details at
     http://www.quantum-espresso.org/quote

     Parallel version (MPI), running on     8 processors
     R & G space division:  proc/nbgrp/npool/nimage =       8

     ***** This is GIPAW svn revision unknown      *****

     Parallelizing q-star over 1 images

     Reading data from directory:
     /users/majewski/paradichlorobenzene/pbe/9_constraint/scratch/pbe.ecut100.np8.dt60.pcl2phi-129368.save
     Message from routine read_xml_file:
     file /users/majewski/paradichlorobenzene/pbe/9_constraint/scratch/pbe.ecut100.np8.dt60.pcl2phi-129368.save not guaranteed to be safe for post-processing

   Info: using nr1, nr2, nr3 values from input

   Info: using nr1, nr2, nr3 values from input

     IMPORTANT: XC functional enforced from input :
     Exchange-correlation      =  SLA  PW   PBX  PBC ( 1  4  3  4 0 0)
     Any further DFT definition will be discarded
     Please, verify this is what you really want

               file C.pbe-n-kjpaw_psl.1.0.0.UPF: wavefunction(s)  2S 2P renormalized
               file Cl.pbe-n-kjpaw_psl.1.0.0.UPF: wavefunction(s)  3S 3P renormalized
               file H.pbe-kjpaw_psl.1.0.0.UPF: wavefunction(s)  1S renormalized

     Parallelization info
     --------------------
     sticks:   dense  smooth     PW     G-vecs:    dense   smooth      PW
     Min        3057    1223    332               144436    36536    5170
     Max        3059    1225    333               144437    36537    5171
     Sum       24467    9791   2657              1155489   292295   41363


     Subspace diagonalization in iterative solution of the eigenvalue problem:
     a serial algorithm will be used

     GIPAW projectors -----------------------------------------------
     atom=  C    l=0  rc=    1.2000  rs=    0.8000
     atom=  C    l=0  rc=    1.2000  rs=    0.8000
     atom=  C    l=1  rc=    1.4000  rs=    0.9333
     atom=  C    l=1  rc=    1.4000  rs=    0.9333
     projs nearly linearly dependent: l=1  n1,n2= 1, 2  s=  0.99951561

     atom=  Cl   l=0  rc=    1.6000  rs=    1.0667
     atom=  Cl   l=0  rc=    1.6000  rs=    1.0667
     atom=  Cl   l=1  rc=    1.6000  rs=    1.0667
     atom=  Cl   l=1  rc=    1.6000  rs=    1.0667
     atom=  Cl   l=2  rc=    1.6000  rs=    1.0667
     atom=  Cl   l=2  rc=    1.6000  rs=    1.0667
     projs nearly linearly dependent: l=2  n1,n2= 1, 2  s=  0.99993509

     atom=  H    l=0  rc=    1.0000  rs=    0.6667
     atom=  H    l=0  rc=    1.0000  rs=    0.6667
     projs nearly linearly dependent: l=0  n1,n2= 1, 2  s=  0.99968852
     -----------------------------------------------------------------

     GIPAW integrals: -------------------------------------------
     Atom  i/j   nmr_para   nmr_dia   epr_rmc  epr_para   epr_dia
       C   1 1   0.83E+03  0.17E-01  0.93E+01  0.24E+08  0.24E+03
       C   2 1   0.86E+03 -0.61E-01  0.94E+01  0.25E+08  0.25E+03
       C   2 2   0.90E+03 -0.15E+00  0.97E+01  0.26E+08  0.26E+03
       C   3 3   0.33E+01  0.34E+00  0.18E+01  0.55E+03  0.21E+02
       C   4 3   0.35E+01  0.37E+00  0.20E+01  0.59E+03  0.22E+02
       C   4 4   0.38E+01  0.39E+00  0.22E+01  0.63E+03  0.24E+02
       Cl  1 1   0.14E+04 -0.47E+00  0.84E+01  0.32E+09  0.42E+03
       Cl  2 1   0.21E+04 -0.37E+00  0.12E+02  0.49E+09  0.65E+03
       Cl  2 2   0.33E+04 -0.16E+00  0.21E+02  0.76E+09  0.10E+04
       Cl  3 3   0.21E+02  0.79E-01  0.89E+01  0.23E+05  0.13E+03
       Cl  4 3   0.24E+02  0.67E-01  0.99E+01  0.27E+05  0.15E+03
       Cl  4 4   0.28E+02  0.44E-01  0.11E+02  0.32E+05  0.18E+03
       Cl  5 5   0.77E+00  0.19E+00  0.18E+01  0.12E+03  0.22E+02
       Cl  6 5   0.80E+00  0.19E+00  0.19E+01  0.12E+03  0.23E+02
       Cl  6 6   0.83E+00  0.20E+00  0.19E+01  0.12E+03  0.23E+02
       H   1 1   0.39E+02  0.19E+00  0.29E+00  0.78E+05  0.13E+02
       H   2 1   0.41E+02  0.21E+00  0.32E+00  0.82E+05  0.14E+02
       H   2 2   0.43E+02  0.22E+00  0.36E+00  0.86E+05  0.15E+02
     ------------------------------------------------------------

     alpha_pv=     34.1775 eV

     Number of occupied bands for each k-point:
     k-point:     1    nbnd_occ=  42
     k-point:     2    nbnd_occ=  42
     k-point:     3    nbnd_occ=  42
     k-point:     4    nbnd_occ=  42
     k-point:     5    nbnd_occ=  42
     k-point:     6    nbnd_occ=  42
     k-point:     7    nbnd_occ=  42
     k-point:     8    nbnd_occ=  42
     k-point:     9    nbnd_occ=  42
     k-point:    10    nbnd_occ=  42
     k-point:    11    nbnd_occ=  42
     k-point:    12    nbnd_occ=  42
     k-point:    13    nbnd_occ=  42
     k-point:    14    nbnd_occ=  42
     k-point:    15    nbnd_occ=  42
     k-point:    16    nbnd_occ=  42


     q-space interpolation up to   110.00 Rydberg

     GIPAW job: efg                                                                             


     ELECTRIC FIELD GRADIENTS TENSORS IN Hartree/bohrradius^2:

     ----- bare term -----
     Cl   1       -0.167550        0.295335        0.022317
     Cl   1        0.295335       -0.062220        0.042080
     Cl   1        0.022317        0.042080        0.229770

     C    2       -0.059685       -0.116098       -0.259467
     C    2       -0.116098        0.013259       -0.618853
     C    2       -0.259467       -0.618853        0.046426

     C    3       -0.202988        0.300240        0.161954
     C    3        0.300240       -0.063706       -0.024163
     C    3        0.161954       -0.024163        0.266695

     H    4       -0.111278       -0.403118       -0.009890
     H    4       -0.403118       -0.251826        0.194210
     H    4       -0.009890        0.194210        0.363104

     C    5       -0.194101       -0.327633       -0.351563
     C    5       -0.327633       -0.014673       -0.559100
     C    5       -0.351563       -0.559100        0.208774

     H    6        0.276744        0.268560       -0.148837
     H    6        0.268560       -0.626778       -0.041994
     H    6       -0.148837       -0.041994        0.350033

     H    7        0.061971        0.018130        0.378329
     H    7        0.018130        0.226930        0.206790
     H    7        0.378329        0.206790       -0.288901

     C    8       -0.294766        0.046318       -0.282499
     C    8        0.046318        0.314049       -0.069192
     C    8       -0.282499       -0.069192       -0.019283

     H    9        0.153305        0.064231       -0.149179
     H    9        0.064231        0.440632       -0.087148
     H    9       -0.149179       -0.087148       -0.593937

     C   10        0.150804       -0.145323        0.231900
     C   10       -0.145323       -0.159245        0.008593
     C   10        0.231900        0.008593        0.008440

     C   11       -0.265704       -0.228329       -0.436884
     C   11       -0.228329       -0.058821        0.479065
     C   11       -0.436884        0.479065        0.324524

     Cl  12       -0.111930       -0.038465       -0.050070
     Cl  12       -0.038465       -0.081905        0.037388
     Cl  12       -0.050070        0.037388        0.193835

     H   13        0.388987        0.016807       -0.231125
     H   13        0.016807       -0.287134       -0.436472
     H   13       -0.231125       -0.436472       -0.101853

     C   14       -0.672353        0.342753       -0.293137
     C   14        0.342753        0.288203       -0.294569
     C   14       -0.293137       -0.294569        0.384151

     H   15       -0.682373       -0.287217       -0.167173
     H   15       -0.287217        0.379123       -0.122183
     H   15       -0.167173       -0.122183        0.303250

     C   16        0.069699       -0.075036       -0.463645
     C   16       -0.075036       -0.319305       -0.520541
     C   16       -0.463645       -0.520541        0.249606

     C   17       -0.214125        0.368547       -0.339940
     C   17        0.368547       -0.205044       -0.322882
     C   17       -0.339940       -0.322882        0.419169

     Cl  18       -0.049025       -0.005726        0.209658
     Cl  18       -0.005726        0.166369       -0.026468
     Cl  18        0.209658       -0.026468       -0.117345

     H   19        0.154938       -0.162575        0.310559
     H   19       -0.162575       -0.096809        0.529501
     H   19        0.310559        0.529501       -0.058130

     C   20       -0.193480        0.108253       -0.406070
     C   20        0.108253       -0.042308        0.486274
     C   20       -0.406070        0.486274        0.235788

     H   21        0.105838        0.059322       -0.248190
     H   21        0.059322        0.277963        0.434342
     H   21       -0.248190        0.434342       -0.383801

     C   22       -0.684809       -0.346704       -0.396572
     C   22       -0.346704        0.184289       -0.017611
     C   22       -0.396572       -0.017611        0.500520

     C   23        0.066536       -0.332356       -0.010546
     C   23       -0.332356       -0.273508        0.430387
     C   23       -0.010546        0.430387        0.206972

     Cl  24        0.006865       -0.050288       -0.119982
     Cl  24       -0.050288        0.045802        0.125619
     Cl  24       -0.119982        0.125619       -0.052667

     ----- ionic term -----
     Cl   1        0.193103       -0.215973        0.014884
     Cl   1       -0.215973       -0.015091       -0.001016
     Cl   1        0.014884       -0.001016       -0.178013

     C    2        0.345763       -0.149586        0.184717
     C    2       -0.149586        0.126443        0.358758
     C    2        0.184717        0.358758       -0.472207

     C    3        0.274088       -0.183662        0.002347
     C    3       -0.183662        0.179264        0.400456
     C    3        0.002347        0.400456       -0.453353

     H    4        0.671758        0.532868        0.435576
     H    4        0.532868       -0.241770        0.259367
     H    4        0.435576        0.259367       -0.429987

     C    5        0.438201       -0.099225        0.040677
     C    5       -0.099225        0.033718        0.334228
     C    5        0.040677        0.334228       -0.471919

     H    6       -0.497290       -0.015248       -0.033674
     H    6       -0.015248        0.794749        0.626604
     H    6       -0.033674        0.626604       -0.297459

     H    7       -0.524053        0.149899       -0.115291
     H    7        0.149899        0.347332       -0.772185
     H    7       -0.115291       -0.772185        0.176720

     C    8        0.107006        0.287611        0.362445
     C    8        0.287611       -0.121790       -0.284197
     C    8        0.362445       -0.284197        0.014784

     H    9        0.272047       -0.315214        0.729243
     H    9       -0.315214       -0.382415       -0.367366
     H    9        0.729243       -0.367366        0.110368

     C   10        0.059304        0.354227        0.173610
     C   10        0.354227        0.021717       -0.412805
     C   10        0.173610       -0.412805       -0.081022

     C   11        0.154155        0.320352        0.291826
     C   11        0.320352       -0.092618       -0.425227
     C   11        0.291826       -0.425227       -0.061537

     Cl  12        0.196894        0.240665        0.055789
     Cl  12        0.240665       -0.055537        0.025790
     Cl  12        0.055789        0.025790       -0.141357

     H   13       -0.503161        0.141854        0.102727
     H   13        0.141854        0.571667        0.751946
     H   13        0.102727        0.751946       -0.068505

     C   14        0.393809       -0.016377        0.175370
     C   14       -0.016377       -0.028938        0.346453
     C   14        0.175370        0.346453       -0.364870

     H   15        0.540222        0.417177        0.614810
     H   15        0.417177       -0.395686        0.307306
     H   15        0.614810        0.307306       -0.144535

     C   16        0.186177       -0.115791        0.093405
     C   16       -0.115791        0.097641        0.436634
     C   16        0.093405        0.436634       -0.283818

     C   17        0.269810       -0.034607        0.067072
     C   17       -0.034607        0.092880        0.453586
     C   17        0.067072        0.453586       -0.362690

     Cl  18        0.137809       -0.205475       -0.055160
     Cl  18       -0.205475       -0.018360        0.024414
     Cl  18       -0.055160        0.024414       -0.119449

     H   19       -0.505510        0.145246       -0.100549
     H   19        0.145246        0.383042       -0.777067
     H   19       -0.100549       -0.777067        0.122468

     C   20        0.211410        0.267047        0.374117
     C   20        0.267047       -0.101143       -0.280401
     C   20        0.374117       -0.280401       -0.110267

     H   21        0.179280       -0.288616        0.732944
     H   21       -0.288616       -0.418464       -0.365466
     H   21        0.732944       -0.365466        0.239184

     C   22        0.068121        0.319263        0.240847
     C   22        0.319263        0.063085       -0.371285
     C   22        0.240847       -0.371285       -0.131206

     C   23        0.026590        0.287256        0.375776
     C   23        0.287256       -0.023342       -0.374373
     C   23        0.375776       -0.374373       -0.003248

     Cl  24        0.120282        0.210361        0.063679
     Cl  24        0.210361        0.007090        0.042947
     Cl  24        0.063679        0.042947       -0.127372

     ----- GIPAW term -----
     Cl   1       -1.143811        0.089688       -0.263341
     Cl   1        0.089688        1.946580       -1.566247
     Cl   1       -0.263341       -1.566247       -0.802770

     C    2       -0.062324       -0.055207       -0.042784
     C    2       -0.055207        0.104769       -0.195680
     C    2       -0.042784       -0.195680       -0.042445

     C    3       -0.014472       -0.024270        0.048342
     C    3       -0.024270        0.032333       -0.009634
     C    3        0.048342       -0.009634       -0.017862

     H    4       -0.000000        0.000000        0.000000
     H    4        0.000000        0.000000        0.000000
     H    4        0.000000        0.000000        0.000000

     C    5       -0.013618       -0.203426        0.044545
     C    5       -0.203426        0.059342       -0.205573
     C    5        0.044545       -0.205573       -0.045724

     H    6       -0.000000        0.000000        0.000000
     H    6        0.000000        0.000000        0.000000
     H    6        0.000000        0.000000        0.000000

     H    7       -0.000000        0.000000        0.000000
     H    7        0.000000        0.000000        0.000000
     H    7        0.000000        0.000000        0.000000

     C    8        0.032350       -0.012959        0.003589
     C    8       -0.012959        0.010770       -0.039717
     C    8        0.003589       -0.039717       -0.043120

     H    9       -0.000000        0.000000        0.000000
     H    9        0.000000        0.000000        0.000000
     H    9        0.000000        0.000000        0.000000

     C   10        0.013288        0.008173        0.030747
     C   10        0.008173       -0.003605       -0.022166
     C   10        0.030747       -0.022166       -0.009684

     C   11       -0.073565       -0.018551       -0.135806
     C   11       -0.018551        0.040855        0.221178
     C   11       -0.135806        0.221178        0.032710

     Cl  12       -0.653316        1.533686       -0.305665
     Cl  12        1.533686       -1.283060        0.973581
     Cl  12       -0.305665        0.973581        1.936376

     H   13       -0.000000        0.000000        0.000000
     H   13        0.000000        0.000000        0.000000
     H   13        0.000000        0.000000        0.000000

     C   14       -0.184832        0.012043       -0.023415
     C   14        0.012043        0.209851       -0.080051
     C   14       -0.023415       -0.080051       -0.025018

     H   15       -0.000000        0.000000        0.000000
     H   15        0.000000        0.000000        0.000000
     H   15        0.000000        0.000000        0.000000

     C   16        0.130112       -0.097481       -0.226304
     C   16       -0.097481       -0.119326       -0.044571
     C   16       -0.226304       -0.044571       -0.010786

     C   17        0.145261       -0.066795       -0.197919
     C   17       -0.066795       -0.129913       -0.007516
     C   17       -0.197919       -0.007516       -0.015347

     Cl  18        0.260257       -0.992766       -1.380834
     Cl  18       -0.992766       -0.943644       -0.554269
     Cl  18       -1.380834       -0.554269        0.683386

     H   19       -0.000000        0.000000        0.000000
     H   19        0.000000        0.000000        0.000000
     H   19        0.000000        0.000000        0.000000

     C   20       -0.014651        0.135868       -0.080995
     C   20        0.135868        0.061743        0.080341
     C   20       -0.080995        0.080341       -0.047093

     H   21       -0.000000        0.000000        0.000000
     H   21        0.000000        0.000000        0.000000
     H   21        0.000000        0.000000        0.000000

     C   22       -0.223122        0.013326       -0.120827
     C   22        0.013326        0.068441       -0.193342
     C   22       -0.120827       -0.193342        0.154682

     C   23       -0.005843       -0.104485        0.099365
     C   23       -0.104485        0.092789       -0.130157
     C   23        0.099365       -0.130157       -0.086946

     Cl  24       -0.138920        0.322797        1.107693
     Cl  24        0.322797       -0.469327       -1.302838
     Cl  24        1.107693       -1.302838        0.608247

     ----- total EFG -----
     Cl   1       -1.118257        0.169049       -0.226139
     Cl   1        0.169049        1.869270       -1.525183
     Cl   1       -0.226139       -1.525183       -0.751013

     C    2        0.223754       -0.320891       -0.117534
     C    2       -0.320891        0.244471       -0.455776
     C    2       -0.117534       -0.455776       -0.468225

     C    3        0.056628        0.092308        0.212643
     C    3        0.092308        0.147891        0.366659
     C    3        0.212643        0.366659       -0.204519

     H    4        0.560480        0.129750        0.425686
     H    4        0.129750       -0.493597        0.453577
     H    4        0.425686        0.453577       -0.066883

     C    5        0.230483       -0.630283       -0.266341
     C    5       -0.630283        0.078386       -0.430445
     C    5       -0.266341       -0.430445       -0.308869

     H    6       -0.220546        0.253312       -0.182511
     H    6        0.253312        0.167972        0.584610
     H    6       -0.182511        0.584610        0.052574

     H    7       -0.462082        0.168029        0.263038
     H    7        0.168029        0.574262       -0.565396
     H    7        0.263038       -0.565396       -0.112181

     C    8       -0.155410        0.320970        0.083534
     C    8        0.320970        0.203029       -0.393106
     C    8        0.083534       -0.393106       -0.047619

     H    9        0.425352       -0.250983        0.580064
     H    9       -0.250983        0.058218       -0.454514
     H    9        0.580064       -0.454514       -0.483570

     C   10        0.223397        0.217077        0.436256
     C   10        0.217077       -0.141132       -0.426378
     C   10        0.436256       -0.426378       -0.082265

     C   11       -0.185114        0.073472       -0.280863
     C   11        0.073472       -0.110584        0.275016
     C   11       -0.280863        0.275016        0.295698

     Cl  12       -0.568351        1.735885       -0.299947
     Cl  12        1.735885       -1.420502        1.036759
     Cl  12       -0.299947        1.036759        1.988853

     H   13       -0.114174        0.158661       -0.128398
     H   13        0.158661        0.284533        0.315474
     H   13       -0.128398        0.315474       -0.170358

     C   14       -0.463377        0.338419       -0.141181
     C   14        0.338419        0.469115       -0.028167
     C   14       -0.141181       -0.028167       -0.005738

     H   15       -0.142151        0.129960        0.447638
     H   15        0.129960       -0.016563        0.185124
     H   15        0.447638        0.185124        0.158715

     C   16        0.385988       -0.288308       -0.596544
     C   16       -0.288308       -0.340990       -0.128477
     C   16       -0.596544       -0.128477       -0.044998

     C   17        0.200946        0.267145       -0.470788
     C   17        0.267145       -0.242077        0.123188
     C   17       -0.470788        0.123188        0.041132

     Cl  18        0.349042       -1.203968       -1.226336
     Cl  18       -1.203968       -0.795635       -0.556323
     Cl  18       -1.226336       -0.556323        0.446593

     H   19       -0.350572       -0.017329        0.210009
     H   19       -0.017329        0.286234       -0.247566
     H   19        0.210009       -0.247566        0.064338

     C   20        0.003279        0.511169       -0.112949
     C   20        0.511169       -0.081708        0.286215
     C   20       -0.112949        0.286215        0.078428

     H   21        0.285118       -0.229294        0.484754
     H   21       -0.229294       -0.140501        0.068877
     H   21        0.484754        0.068877       -0.144617

     C   22       -0.839811       -0.014115       -0.276551
     C   22       -0.014115        0.315814       -0.582238
     C   22       -0.276551       -0.582238        0.523996

     C   23        0.087283       -0.149585        0.464594
     C   23       -0.149585       -0.204061       -0.074142
     C   23        0.464594       -0.074142        0.116778

     Cl  24       -0.011773        0.482870        1.051391
     Cl  24        0.482870       -0.416435       -1.134272
     Cl  24        1.051391       -1.134272        0.428209

     ----- total EFG (symmetrized) -----
     Cl   1       -1.118257        0.169049       -0.226139
     Cl   1        0.169049        1.869270       -1.525183
     Cl   1       -0.226139       -1.525183       -0.751013

     C    2        0.223754       -0.320891       -0.117534
     C    2       -0.320891        0.244471       -0.455776
     C    2       -0.117534       -0.455776       -0.468225

     C    3        0.056628        0.092308        0.212643
     C    3        0.092308        0.147891        0.366659
     C    3        0.212643        0.366659       -0.204519

     H    4        0.560480        0.129750        0.425686
     H    4        0.129750       -0.493597        0.453577
     H    4        0.425686        0.453577       -0.066883

     C    5        0.230483       -0.630283       -0.266341
     C    5       -0.630283        0.078386       -0.430445
     C    5       -0.266341       -0.430445       -0.308869

     H    6       -0.220546        0.253312       -0.182511
     H    6        0.253312        0.167972        0.584610
     H    6       -0.182511        0.584610        0.052574

     H    7       -0.462082        0.168029        0.263038
     H    7        0.168029        0.574262       -0.565396
     H    7        0.263038       -0.565396       -0.112181

     C    8       -0.155410        0.320970        0.083534
     C    8        0.320970        0.203029       -0.393106
     C    8        0.083534       -0.393106       -0.047619

     H    9        0.425352       -0.250983        0.580064
     H    9       -0.250983        0.058218       -0.454514
     H    9        0.580064       -0.454514       -0.483570

     C   10        0.223397        0.217077        0.436256
     C   10        0.217077       -0.141132       -0.426378
     C   10        0.436256       -0.426378       -0.082265

     C   11       -0.185114        0.073472       -0.280863
     C   11        0.073472       -0.110584        0.275016
     C   11       -0.280863        0.275016        0.295698

     Cl  12       -0.568351        1.735885       -0.299947
     Cl  12        1.735885       -1.420502        1.036759
     Cl  12       -0.299947        1.036759        1.988853

     H   13       -0.114174        0.158661       -0.128398
     H   13        0.158661        0.284533        0.315474
     H   13       -0.128398        0.315474       -0.170358

     C   14       -0.463377        0.338419       -0.141181
     C   14        0.338419        0.469115       -0.028167
     C   14       -0.141181       -0.028167       -0.005738

     H   15       -0.142151        0.129960        0.447638
     H   15        0.129960       -0.016563        0.185124
     H   15        0.447638        0.185124        0.158715

     C   16        0.385988       -0.288308       -0.596544
     C   16       -0.288308       -0.340990       -0.128477
     C   16       -0.596544       -0.128477       -0.044998

     C   17        0.200946        0.267145       -0.470788
     C   17        0.267145       -0.242077        0.123188
     C   17       -0.470788        0.123188        0.041132

     Cl  18        0.349042       -1.203968       -1.226336
     Cl  18       -1.203968       -0.795635       -0.556323
     Cl  18       -1.226336       -0.556323        0.446593

     H   19       -0.350572       -0.017329        0.210009
     H   19       -0.017329        0.286234       -0.247566
     H   19        0.210009       -0.247566        0.064338

     C   20        0.003279        0.511169       -0.112949
     C   20        0.511169       -0.081708        0.286215
     C   20       -0.112949        0.286215        0.078428

     H   21        0.285118       -0.229294        0.484754
     H   21       -0.229294       -0.140501        0.068877
     H   21        0.484754        0.068877       -0.144617

     C   22       -0.839811       -0.014115       -0.276551
     C   22       -0.014115        0.315814       -0.582238
     C   22       -0.276551       -0.582238        0.523996

     C   23        0.087283       -0.149585        0.464594
     C   23       -0.149585       -0.204061       -0.074142
     C   23        0.464594       -0.074142        0.116778

     Cl  24       -0.011773        0.482870        1.051391
     Cl  24        0.482870       -0.416435       -1.134272
     Cl  24        1.051391       -1.134272        0.428209


     NQR/NMR SPECTROSCOPIC PARAMETERS:
     Cl   1    Vxx=   -1.0854    axis=(  0.936409 -0.201777 -0.287096)
     Cl   1    Vyy=   -1.5010    axis=(  0.344479  0.372655  0.861663)
     Cl   1    Vzz=    2.5864    axis=(  0.066876  0.905767 -0.418465)
     Cl   1  Q=        -8.1650 1e-30 m^2  Cq=       -49.6185 MHz  eta= 0.16072

     C    2    Vxx=    0.1306    axis=(  0.793804  0.398689 -0.459262)
     C    2    Vyy=    0.6248    axis=(  0.552205 -0.788920  0.269583)
     C    2    Vzz=   -0.7554    axis=(  0.254841  0.467603  0.846406)
     C    2  Q=         1.0000 1e-30 m^2  Cq=        -1.7749 MHz  eta= 0.65426

     C    3    Vxx=   -0.0006    axis=(  0.862096 -0.506605 -0.011928)
     C    3    Vyy=   -0.4705    axis=( -0.260552 -0.463328  0.847018)
     C    3    Vzz=    0.4711    axis=( -0.434630 -0.727103 -0.531430)
     C    3  Q=         1.0000 1e-30 m^2  Cq=         1.1068 MHz  eta= 0.99763

     H    4    Vxx=   -0.0644    axis=( -0.551716  0.521293  0.651048)
     H    4    Vyy=   -0.7935    axis=(  0.100516  0.816472 -0.568569)
     H    4    Vzz=    0.8579    axis=(  0.827953  0.248248  0.502858)
     H    4  Q=         1.0000 1e-30 m^2  Cq=         2.0158 MHz  eta= 0.84977

     C    5    Vxx=    0.1051    axis=( -0.499713 -0.419605  0.757772)
     C    5    Vyy=    0.7975    axis=( -0.720053  0.687504 -0.094143)
     C    5    Vzz=   -0.9026    axis=( -0.481468 -0.592680 -0.645692)
     C    5  Q=         1.0000 1e-30 m^2  Cq=        -2.1207 MHz  eta= 0.76706

     H    6    Vxx=   -0.0217    axis=(  0.828266  0.317287 -0.461850)
     H    6    Vyy=   -0.6810    axis=( -0.555030  0.577719 -0.598483)
     H    6    Vzz=    0.7028    axis=(  0.076929  0.752043  0.654609)
     H    6  Q=         1.0000 1e-30 m^2  Cq=         1.6512 MHz  eta= 0.93813

     H    7    Vxx=   -0.1343    axis=(  0.688693  0.345371  0.637512)
     H    7    Vyy=   -0.7584    axis=(  0.724926 -0.344483 -0.596502)
     H    7    Vzz=    0.8927    axis=( -0.013597 -0.872955  0.487611)
     H    7  Q=         1.0000 1e-30 m^2  Cq=         2.0975 MHz  eta= 0.69905

     C    8    Vxx=   -0.0266    axis=(  0.733446  0.120141  0.669046)
     C    8    Vyy=   -0.5324    axis=(  0.604919 -0.564305 -0.561813)
     C    8    Vzz=    0.5590    axis=( -0.310049 -0.816778  0.486563)
     C    8  Q=         1.0000 1e-30 m^2  Cq=         1.3135 MHz  eta= 0.90472

     H    9    Vxx=   -0.0534    axis=(  0.561827  0.820060 -0.108869)
     H    9    Vyy=   -0.8750    axis=( -0.327244  0.341181  0.881196)
     H    9    Vzz=    0.9284    axis=(  0.759777 -0.459454  0.460044)
     H    9  Q=         1.0000 1e-30 m^2  Cq=         2.1813 MHz  eta= 0.88497

     C   10    Vxx=    0.2138    axis=( -0.489347 -0.776418  0.397134)
     C   10    Vyy=    0.5437    axis=(  0.758349 -0.153977  0.633402)
     C   10    Vzz=   -0.7575    axis=(  0.430635 -0.611119 -0.664144)
     C   10  Q=         1.0000 1e-30 m^2  Cq=        -1.7798 MHz  eta= 0.43556

     C   11    Vxx=   -0.0714    axis=(  0.652267  0.755056 -0.066619)
     C   11    Vyy=   -0.4366    axis=( -0.687609  0.552429 -0.471186)
     C   11    Vzz=    0.5080    axis=( -0.318969  0.353147  0.879515)
     C   11  Q=         1.0000 1e-30 m^2  Cq=         1.1936 MHz  eta= 0.71897

     Cl  12    Vxx=    0.6903    axis=(  0.804424  0.540761 -0.245925)
     Cl  12    Vyy=    2.2947    axis=( -0.085277 -0.304574 -0.948664)
     Cl  12    Vzz=   -2.9850    axis=( -0.587903  0.784100 -0.198892)
     Cl  12  Q=        -8.1650 1e-30 m^2  Cq=        57.2660 MHz  eta= 0.53751

     H   13    Vxx=   -0.0180    axis=(  0.849636  0.095292 -0.518689)
     H   13    Vyy=   -0.4409    axis=( -0.504263  0.434739 -0.746137)
     H   13    Vzz=    0.4589    axis=(  0.154394  0.895501  0.417422)
     H   13  Q=         1.0000 1e-30 m^2  Cq=         1.0783 MHz  eta= 0.92158

     C   14    Vxx=    0.0124    axis=( -0.160713  0.178966  0.970640)
     C   14    Vyy=    0.5875    axis=(  0.318923  0.940086 -0.120527)
     C   14    Vzz=   -0.6000    axis=( -0.934055  0.290189 -0.208161)
     C   14  Q=         1.0000 1e-30 m^2  Cq=        -1.4097 MHz  eta= 0.95852

     H   15    Vxx=   -0.1041    axis=(  0.215960 -0.932609  0.289139)
     H   15    Vyy=   -0.4640    axis=(  0.811039  0.006452 -0.584957)
     H   15    Vzz=    0.5680    axis=(  0.543671  0.360831  0.757775)
     H   15  Q=         1.0000 1e-30 m^2  Cq=         1.3346 MHz  eta= 0.63364

     C   16    Vxx=   -0.1413    axis=(  0.259879 -0.759244  0.596667)
     C   16    Vyy=   -0.6871    axis=( -0.498714 -0.634642 -0.590351)
     C   16    Vzz=    0.8284    axis=( -0.826890  0.144146  0.543576)
     C   16  Q=         1.0000 1e-30 m^2  Cq=         1.9464 MHz  eta= 0.65876

     C   17    Vxx=   -0.0411    axis=(  0.299518  0.755473  0.582709)
     C   17    Vyy=   -0.5771    axis=(  0.547380 -0.636301  0.543596)
     C   17    Vzz=    0.6183    axis=( -0.781450 -0.156147  0.604114)
     C   17  Q=         1.0000 1e-30 m^2  Cq=         1.4527 MHz  eta= 0.86690

     Cl  18    Vxx=    0.3677    axis=(  0.346889 -0.671914  0.654370)
     Cl  18    Vyy=    1.7237    axis=(  0.749748 -0.220532 -0.623894)
     Cl  18    Vzz=   -2.0914    axis=( -0.563513 -0.707034 -0.427266)
     Cl  18  Q=        -8.1650 1e-30 m^2  Cq=        40.1224 MHz  eta= 0.64833

     H   19    Vxx=   -0.0200    axis=( -0.412007 -0.586865 -0.697022)
     H   19    Vyy=   -0.4481    axis=( -0.896152  0.122621  0.426469)
     H   19    Vzz=    0.4681    axis=( -0.164811  0.800346 -0.576441)
     H   19  Q=         1.0000 1e-30 m^2  Cq=         1.0999 MHz  eta= 0.91469

     C   20    Vxx=    0.1562    axis=( -0.468287  0.054783  0.881877)
     C   20    Vyy=    0.5085    axis=(  0.644920  0.703434  0.298763)
     C   20    Vzz=   -0.6647    axis=( -0.603975  0.708647 -0.364739)
     C   20  Q=         1.0000 1e-30 m^2  Cq=        -1.5617 MHz  eta= 0.53005

     H   21    Vxx=   -0.0860    axis=(  0.068424 -0.880590 -0.468914)
     H   21    Vyy=   -0.5467    axis=(  0.540238  0.427844 -0.724632)
     H   21    Vzz=    0.6327    axis=(  0.838726 -0.203742  0.505003)
     H   21  Q=         1.0000 1e-30 m^2  Cq=         1.4866 MHz  eta= 0.72812

     C   22    Vxx=   -0.1244    axis=( -0.242800  0.770973  0.588769)
     C   22    Vyy=   -0.9093    axis=( -0.963887 -0.123287 -0.236055)
     C   22    Vzz=    1.0337    axis=( -0.109404 -0.624821  0.773065)
     C   22  Q=         1.0000 1e-30 m^2  Cq=         2.4288 MHz  eta= 0.75936

     C   23    Vxx=   -0.2147    axis=( -0.120217  0.919526  0.374193)
     C   23    Vyy=   -0.3832    axis=(  0.713073  0.342228 -0.611888)
     C   23    Vzz=    0.5979    axis=(  0.690706 -0.193268  0.696831)
     C   23  Q=         1.0000 1e-30 m^2  Cq=         1.4047 MHz  eta= 0.28184

     Cl  24    Vxx=    0.2843    axis=(  0.736010  0.669506 -0.100255)
     Cl  24    Vyy=    1.5141    axis=( -0.445834  0.367928 -0.816003)
     Cl  24    Vzz=   -1.7983    axis=( -0.509432  0.645284  0.569287)
     Cl  24  Q=        -8.1650 1e-30 m^2  Cq=        34.5001 MHz  eta= 0.68387

     Initialization:
     gipaw_setup  :      9.05s CPU     10.81s WALL (       1 calls)

     Linear response

     Apply operators

     Induced current

     Other routines
     efg          :      9.07s CPU     11.43s WALL (       1 calls)

     General routines
     calbec       :      3.20s CPU      4.21s WALL (      16 calls)
     fft          :      1.55s CPU      2.18s WALL (      15 calls)
     ffts         :      0.04s CPU      0.04s WALL (       2 calls)
     fftw         :      3.09s CPU      3.82s WALL (     672 calls)
     davcio       :      0.01s CPU      0.34s WALL (      32 calls)

     Parallel routines
     fft_scatter  :      2.08s CPU      3.27s WALL (     689 calls)

     Plugins

     GIPAW        :     61.22s CPU     73.46s WALL (       1 calls)
