
     Program QE v.6.0 (svn rev. 13079) starts on 17Dec2016 at 17:39:17 

     This program is part of the open-source Quantum ESPRESSO suite
     for quantum simulation of materials; please cite
         "P. Giannozzi et al., J. Phys.:Condens. Matter 21 395502 (2009);
          URL http://www.quantum-espresso.org", 
     in publications or presentations arising from this work. More details at
     http://www.quantum-espresso.org/quote

     Parallel version (MPI), running on     8 processors
     R & G space division:  proc/nbgrp/npool/nimage =       8

     ***** This is GIPAW svn revision unknown      *****

     Parallelizing q-star over 1 images

     Reading data from directory:
     /users/majewski/paradichlorobenzene/pbe/9_constraint/scratch/pbe.ecut100.np8.dt60.pcl2phi-129368.save
     Message from routine read_xml_file:
     file /users/majewski/paradichlorobenzene/pbe/9_constraint/scratch/pbe.ecut100.np8.dt60.pcl2phi-129368.save not guaranteed to be safe for post-processing

   Info: using nr1, nr2, nr3 values from input

   Info: using nr1, nr2, nr3 values from input

     IMPORTANT: XC functional enforced from input :
     Exchange-correlation      =  SLA  PW   PBX  PBC ( 1  4  3  4 0 0)
     Any further DFT definition will be discarded
     Please, verify this is what you really want

               file C.pbe-n-kjpaw_psl.1.0.0.UPF: wavefunction(s)  2S 2P renormalized
               file Cl.pbe-n-kjpaw_psl.1.0.0.UPF: wavefunction(s)  3S 3P renormalized
               file H.pbe-kjpaw_psl.1.0.0.UPF: wavefunction(s)  1S renormalized

     Parallelization info
     --------------------
     sticks:   dense  smooth     PW     G-vecs:    dense   smooth      PW
     Min        3057    1223    332               144436    36536    5170
     Max        3059    1225    333               144437    36537    5171
     Sum       24467    9791   2657              1155489   292295   41363


     Subspace diagonalization in iterative solution of the eigenvalue problem:
     a serial algorithm will be used

     GIPAW projectors -----------------------------------------------
     atom=  C    l=0  rc=    1.2000  rs=    0.8000
     atom=  C    l=0  rc=    1.2000  rs=    0.8000
     atom=  C    l=1  rc=    1.4000  rs=    0.9333
     atom=  C    l=1  rc=    1.4000  rs=    0.9333
     projs nearly linearly dependent: l=1  n1,n2= 1, 2  s=  0.99951561

     atom=  Cl   l=0  rc=    1.6000  rs=    1.0667
     atom=  Cl   l=0  rc=    1.6000  rs=    1.0667
     atom=  Cl   l=1  rc=    1.6000  rs=    1.0667
     atom=  Cl   l=1  rc=    1.6000  rs=    1.0667
     atom=  Cl   l=2  rc=    1.6000  rs=    1.0667
     atom=  Cl   l=2  rc=    1.6000  rs=    1.0667
     projs nearly linearly dependent: l=2  n1,n2= 1, 2  s=  0.99993509

     atom=  H    l=0  rc=    1.0000  rs=    0.6667
     atom=  H    l=0  rc=    1.0000  rs=    0.6667
     projs nearly linearly dependent: l=0  n1,n2= 1, 2  s=  0.99968852
     -----------------------------------------------------------------

     GIPAW integrals: -------------------------------------------
     Atom  i/j   nmr_para   nmr_dia   epr_rmc  epr_para   epr_dia
       C   1 1   0.83E+03  0.17E-01  0.93E+01  0.24E+08  0.24E+03
       C   2 1   0.86E+03 -0.61E-01  0.94E+01  0.25E+08  0.25E+03
       C   2 2   0.90E+03 -0.15E+00  0.97E+01  0.26E+08  0.26E+03
       C   3 3   0.33E+01  0.34E+00  0.18E+01  0.55E+03  0.21E+02
       C   4 3   0.35E+01  0.37E+00  0.20E+01  0.59E+03  0.22E+02
       C   4 4   0.38E+01  0.39E+00  0.22E+01  0.63E+03  0.24E+02
       Cl  1 1   0.14E+04 -0.47E+00  0.84E+01  0.32E+09  0.42E+03
       Cl  2 1   0.21E+04 -0.37E+00  0.12E+02  0.49E+09  0.65E+03
       Cl  2 2   0.33E+04 -0.16E+00  0.21E+02  0.76E+09  0.10E+04
       Cl  3 3   0.21E+02  0.79E-01  0.89E+01  0.23E+05  0.13E+03
       Cl  4 3   0.24E+02  0.67E-01  0.99E+01  0.27E+05  0.15E+03
       Cl  4 4   0.28E+02  0.44E-01  0.11E+02  0.32E+05  0.18E+03
       Cl  5 5   0.77E+00  0.19E+00  0.18E+01  0.12E+03  0.22E+02
       Cl  6 5   0.80E+00  0.19E+00  0.19E+01  0.12E+03  0.23E+02
       Cl  6 6   0.83E+00  0.20E+00  0.19E+01  0.12E+03  0.23E+02
       H   1 1   0.39E+02  0.19E+00  0.29E+00  0.78E+05  0.13E+02
       H   2 1   0.41E+02  0.21E+00  0.32E+00  0.82E+05  0.14E+02
       H   2 2   0.43E+02  0.22E+00  0.36E+00  0.86E+05  0.15E+02
     ------------------------------------------------------------

     alpha_pv=     34.1452 eV

     Number of occupied bands for each k-point:
     k-point:     1    nbnd_occ=  42
     k-point:     2    nbnd_occ=  42
     k-point:     3    nbnd_occ=  42
     k-point:     4    nbnd_occ=  42
     k-point:     5    nbnd_occ=  42
     k-point:     6    nbnd_occ=  42
     k-point:     7    nbnd_occ=  42
     k-point:     8    nbnd_occ=  42
     k-point:     9    nbnd_occ=  42
     k-point:    10    nbnd_occ=  42
     k-point:    11    nbnd_occ=  42
     k-point:    12    nbnd_occ=  42
     k-point:    13    nbnd_occ=  42
     k-point:    14    nbnd_occ=  42
     k-point:    15    nbnd_occ=  42
     k-point:    16    nbnd_occ=  42


     q-space interpolation up to   110.00 Rydberg

     GIPAW job: efg                                                                             


     ELECTRIC FIELD GRADIENTS TENSORS IN Hartree/bohrradius^2:

     ----- bare term -----
     Cl   1        0.004156        0.030524       -0.110088
     Cl   1        0.030524        0.002482       -0.092135
     Cl   1       -0.110088       -0.092135       -0.006639

     C    2       -0.225340        0.336555       -0.271095
     C    2        0.336555       -0.163041       -0.316656
     C    2       -0.271095       -0.316656        0.388381

     C    3       -0.060807        0.277246       -0.199910
     C    3        0.277246       -0.104468       -0.662418
     C    3       -0.199910       -0.662418        0.165275

     H    4       -0.173429       -0.098680       -0.536902
     H    4       -0.098680        0.293334        0.035718
     H    4       -0.536902        0.035718       -0.119906

     C    5       -0.625155        0.332477       -0.284127
     C    5        0.332477        0.378820       -0.178425
     C    5       -0.284127       -0.178425        0.246336

     H    6        0.514461       -0.043495        0.137240
     H    6       -0.043495       -0.034618       -0.213960
     H    6        0.137240       -0.213960       -0.479843

     H    7        0.421363        0.053748       -0.029331
     H    7        0.053748       -0.475401        0.580448
     H    7       -0.029331        0.580448        0.054039

     C    8       -0.226687       -0.051479       -0.302329
     C    8       -0.051479        0.024245        0.528601
     C    8       -0.302329        0.528601        0.202442

     H    9        0.028459        0.203567       -0.383276
     H    9        0.203567        0.017380        0.535299
     H    9       -0.383276        0.535299       -0.045840

     C   10       -0.674512       -0.407457       -0.320573
     C   10       -0.407457        0.311717        0.161147
     C   10       -0.320573        0.161147        0.362794

     C   11        0.035057       -0.367621       -0.072049
     C   11       -0.367621       -0.070559        0.589681
     C   11       -0.072049        0.589681        0.035501

     Cl  12       -0.185447       -0.186562        0.019481
     Cl  12       -0.186562        0.104161       -0.134228
     Cl  12        0.019481       -0.134228        0.081286

     H   13        0.162886        0.136509        0.361166
     H   13        0.136509        0.029328       -0.464950
     H   13        0.361166       -0.464950       -0.192214

     C   14       -0.024291       -0.327847       -0.518547
     C   14       -0.327847       -0.091749       -0.463116
     C   14       -0.518547       -0.463116        0.116040

     H   15       -0.039988       -0.063381       -0.312358
     H   15       -0.063381        0.062305       -0.544543
     H   15       -0.312358       -0.544543       -0.022317

     C   16       -0.454013        0.362512       -0.319923
     C   16        0.362512        0.068648       -0.067729
     C   16       -0.319923       -0.067729        0.385365

     C   17        0.042868       -0.032770       -0.248954
     C   17       -0.032770       -0.000516       -0.610764
     C   17       -0.248954       -0.610764       -0.042351

     Cl  18       -0.139067        0.243528       -0.011376
     Cl  18        0.243528       -0.069470       -0.046147
     Cl  18       -0.011376       -0.046147        0.208538

     H   19        0.325954        0.065903        0.341375
     H   19        0.065903        0.055025        0.271223
     H   19        0.341375        0.271223       -0.380979

     C   20       -0.338236       -0.198832       -0.401416
     C   20       -0.198832        0.289721        0.128944
     C   20       -0.401416        0.128944        0.048515

     H   21       -0.059705        0.122952       -0.266055
     H   21        0.122952        0.523667        0.169989
     H   21       -0.266055        0.169989       -0.463962

     C   22        0.076069       -0.346865       -0.076020
     C   22       -0.346865       -0.190024        0.332002
     C   22       -0.076020        0.332002        0.113955

     C   23       -0.203867       -0.202026       -0.388039
     C   23       -0.202026       -0.132817        0.418133
     C   23       -0.388039        0.418133        0.336684

     Cl  24       -0.111328       -0.019795       -0.085932
     Cl  24       -0.019795       -0.060233        0.127561
     Cl  24       -0.085932        0.127561        0.171561

     ----- ionic term -----
     Cl   1        0.198984       -0.231107       -0.022561
     Cl   1       -0.231107       -0.062656        0.007508
     Cl   1       -0.022561        0.007508       -0.136328

     C    2        0.240888       -0.235248        0.177349
     C    2       -0.235248       -0.088223        0.489806
     C    2        0.177349        0.489806       -0.152665

     C    3        0.212798       -0.325395        0.093310
     C    3       -0.325395       -0.015765        0.447345
     C    3        0.093310        0.447345       -0.197033

     H    4        0.514062        0.350516        0.670781
     H    4        0.350516       -0.423292        0.307676
     H    4        0.670781        0.307676       -0.090770

     C    5        0.283841       -0.229512        0.256898
     C    5       -0.229512       -0.105030        0.346048
     C    5        0.256898        0.346048       -0.178810

     H    6       -0.534633        0.014179        0.028726
     H    6        0.014179        0.491255        0.788384
     H    6        0.028726        0.788384        0.043378

     H    7       -0.522140       -0.026132        0.035941
     H    7       -0.026132        0.460031       -0.774505
     H    7        0.035941       -0.774505        0.062109

     C    8        0.200803        0.203623        0.303625
     C    8        0.203623       -0.031508       -0.309424
     C    8        0.303625       -0.309424       -0.169295

     H    9        0.307452       -0.312019        0.726477
     H    9       -0.312019       -0.423944       -0.340602
     H    9        0.726477       -0.340602        0.116492

     C   10        0.091596        0.261780        0.200022
     C   10        0.261780        0.102997       -0.406031
     C   10        0.200022       -0.406031       -0.194594

     C   11        0.137421        0.269478        0.329863
     C   11        0.269478        0.088534       -0.379147
     C   11        0.329863       -0.379147       -0.225955

     Cl  12        0.106658        0.249653        0.048467
     Cl  12        0.249653        0.062893        0.032124
     Cl  12        0.048467        0.032124       -0.169551

     H   13       -0.512571       -0.025960       -0.008706
     H   13       -0.025960        0.363948        0.798218
     H   13       -0.008706        0.798218        0.148623

     C   14        0.302014       -0.173294        0.271336
     C   14       -0.173294       -0.114212        0.358874
     C   14        0.271336        0.358874       -0.187802

     H   15        0.517635        0.314190        0.724365
     H   15        0.314190       -0.449026        0.298952
     H   15        0.724365        0.298952       -0.068609

     C   16        0.188263       -0.301316        0.143413
     C   16       -0.301316        0.015602        0.439380
     C   16        0.143413        0.439380       -0.203866

     C   17        0.189631       -0.254913        0.278544
     C   17       -0.254913       -0.049249        0.426348
     C   17        0.278544        0.426348       -0.140382

     Cl  18        0.171872       -0.199796        0.040081
     Cl  18       -0.199796       -0.031680       -0.018624
     Cl  18        0.040081       -0.018624       -0.140192

     H   19       -0.510032       -0.038194        0.066056
     H   19       -0.038194        0.486752       -0.773605
     H   19        0.066056       -0.773605        0.023280

     C   20        0.263442        0.189636        0.359719
     C   20        0.189636       -0.050740       -0.305654
     C   20        0.359719       -0.305654       -0.212703

     H   21        0.415305       -0.483226        0.647816
     H   21       -0.483226       -0.250396       -0.390116
     H   21        0.647816       -0.390116       -0.164909

     C   22        0.084210        0.235710        0.184549
     C   22        0.235710        0.190290       -0.440797
     C   22        0.184549       -0.440797       -0.274500

     C   23        0.093167        0.253097        0.256768
     C   23        0.253097        0.103308       -0.443071
     C   23        0.256768       -0.443071       -0.196475

     Cl  24        0.165840        0.235442        0.027185
     Cl  24        0.235442       -0.028196        0.006963
     Cl  24        0.027185        0.006963       -0.137644

     ----- GIPAW term -----
     Cl   1        1.754912       -0.912652       -2.004540
     Cl   1       -0.912652       -0.770846       -0.999992
     Cl   1       -2.004540       -0.999992       -0.984066

     C    2        0.149408       -0.147557       -0.100693
     C    2       -0.147557       -0.061803       -0.001062
     C    2       -0.100693       -0.001062       -0.087605

     C    3       -0.104155        0.086374       -0.059174
     C    3        0.086374        0.149404       -0.206169
     C    3       -0.059174       -0.206169       -0.045249

     H    4       -0.000000        0.000000        0.000000
     H    4        0.000000        0.000000        0.000000
     H    4        0.000000        0.000000        0.000000

     C    5       -0.151674        0.090479       -0.045323
     C    5        0.090479        0.191391       -0.101671
     C    5       -0.045323       -0.101671       -0.039717

     H    6       -0.000000        0.000000        0.000000
     H    6        0.000000        0.000000        0.000000
     H    6        0.000000        0.000000        0.000000

     H    7       -0.000000        0.000000        0.000000
     H    7        0.000000        0.000000        0.000000
     H    7        0.000000        0.000000        0.000000

     C    8       -0.097764        0.009003       -0.039000
     C    8        0.009003        0.181377        0.151412
     C    8       -0.039000        0.151412       -0.083613

     H    9       -0.000000        0.000000        0.000000
     H    9        0.000000        0.000000        0.000000
     H    9        0.000000        0.000000        0.000000

     C   10       -0.230273       -0.123591       -0.056241
     C   10       -0.123591        0.281475       -0.057731
     C   10       -0.056241       -0.057731       -0.051202

     C   11        0.050087       -0.156892       -0.024237
     C   11       -0.156892        0.133459        0.096826
     C   11       -0.024237        0.096826       -0.183546

     Cl  12        0.059502        1.088893        0.196591
     Cl  12        1.088893        1.099818       -1.292951
     Cl  12        0.196591       -1.292951       -1.159320

     H   13       -0.000000        0.000000        0.000000
     H   13        0.000000        0.000000        0.000000
     H   13        0.000000        0.000000        0.000000

     C   14        0.127686       -0.194287       -0.163990
     C   14       -0.194287       -0.069050       -0.006741
     C   14       -0.163990       -0.006741       -0.058636

     H   15       -0.000000        0.000000        0.000000
     H   15        0.000000        0.000000        0.000000
     H   15        0.000000        0.000000        0.000000

     C   16       -0.027078       -0.145542       -0.130050
     C   16       -0.145542        0.082813        0.120626
     C   16       -0.130050        0.120626       -0.055735

     C   17       -0.064637       -0.048759       -0.022302
     C   17       -0.048759        0.268256       -0.004358
     C   17       -0.022302       -0.004358       -0.203619

     Cl  18       -0.764900        0.534880        0.336664
     Cl  18        0.534880        2.030889        1.292831
     Cl  18        0.336664        1.292831       -1.265989

     H   19       -0.000000        0.000000        0.000000
     H   19        0.000000        0.000000        0.000000
     H   19        0.000000        0.000000        0.000000

     C   20        0.023628       -0.127061       -0.088616
     C   20       -0.127061        0.047314        0.045039
     C   20       -0.088616        0.045039       -0.070942

     H   21       -0.000000        0.000000        0.000000
     H   21        0.000000        0.000000        0.000000
     H   21        0.000000        0.000000        0.000000

     C   22       -0.001346       -0.101177       -0.076525
     C   22       -0.101177       -0.005794        0.104161
     C   22       -0.076525        0.104161        0.007140

     C   23       -0.075261       -0.015078       -0.123402
     C   23       -0.015078       -0.011449        0.198940
     C   23       -0.123402        0.198940        0.086710

     Cl  24       -0.206285        1.659806       -0.628704
     Cl  24        1.659806       -0.463157        1.684787
     Cl  24       -0.628704        1.684787        0.669442

     ----- total EFG -----
     Cl   1        1.958052       -1.113234       -2.137189
     Cl   1       -1.113234       -0.831020       -1.084619
     Cl   1       -2.137189       -1.084619       -1.127032

     C    2        0.164956       -0.046250       -0.194438
     C    2       -0.046250       -0.313067        0.172088
     C    2       -0.194438        0.172088        0.148111

     C    3        0.047837        0.038225       -0.165775
     C    3        0.038225        0.029171       -0.421242
     C    3       -0.165775       -0.421242       -0.077007

     H    4        0.340634        0.251836        0.133879
     H    4        0.251836       -0.129958        0.343394
     H    4        0.133879        0.343394       -0.210676

     C    5       -0.492989        0.193444       -0.072552
     C    5        0.193444        0.465180        0.065951
     C    5       -0.072552        0.065951        0.027808

     H    6       -0.020172       -0.029316        0.165966
     H    6       -0.029316        0.456638        0.574425
     H    6        0.165966        0.574425       -0.436465

     H    7       -0.100778        0.027616        0.006610
     H    7        0.027616       -0.015370       -0.194057
     H    7        0.006610       -0.194057        0.116148

     C    8       -0.123648        0.161147       -0.037704
     C    8        0.161147        0.174114        0.370589
     C    8       -0.037704        0.370589       -0.050466

     H    9        0.335912       -0.108452        0.343200
     H    9       -0.108452       -0.406564        0.194697
     H    9        0.343200        0.194697        0.070652

     C   10       -0.813188       -0.269268       -0.176791
     C   10       -0.269268        0.696189       -0.302615
     C   10       -0.176791       -0.302615        0.116999

     C   11        0.222566       -0.255035        0.233578
     C   11       -0.255035        0.151434        0.307360
     C   11        0.233578        0.307360       -0.374000

     Cl  12       -0.019286        1.151985        0.264539
     Cl  12        1.151985        1.266871       -1.395055
     Cl  12        0.264539       -1.395055       -1.247585

     H   13       -0.349684        0.110549        0.352461
     H   13        0.110549        0.393276        0.333267
     H   13        0.352461        0.333267       -0.043592

     C   14        0.405409       -0.695428       -0.411202
     C   14       -0.695428       -0.275011       -0.110983
     C   14       -0.411202       -0.110983       -0.130398

     H   15        0.477647        0.250810        0.412007
     H   15        0.250810       -0.386721       -0.245591
     H   15        0.412007       -0.245591       -0.090926

     C   16       -0.292827       -0.084345       -0.306560
     C   16       -0.084345        0.167063        0.492277
     C   16       -0.306560        0.492277        0.125764

     C   17        0.167861       -0.336442        0.007288
     C   17       -0.336442        0.218490       -0.188773
     C   17        0.007288       -0.188773       -0.386352

     Cl  18       -0.732095        0.578612        0.365368
     Cl  18        0.578612        1.929739        1.228060
     Cl  18        0.365368        1.228060       -1.197644

     H   19       -0.184077        0.027709        0.407431
     H   19        0.027709        0.541776       -0.502383
     H   19        0.407431       -0.502383       -0.357699

     C   20       -0.051166       -0.136256       -0.130313
     C   20       -0.136256        0.286295       -0.131671
     C   20       -0.130313       -0.131671       -0.235129

     H   21        0.355600       -0.360274        0.381761
     H   21       -0.360274        0.273271       -0.220127
     H   21        0.381761       -0.220127       -0.628870

     C   22        0.158934       -0.212332        0.032005
     C   22       -0.212332       -0.005528       -0.004633
     C   22        0.032005       -0.004633       -0.153405

     C   23       -0.185961        0.035993       -0.254673
     C   23        0.035993       -0.040958        0.174002
     C   23       -0.254673        0.174002        0.226919

     Cl  24       -0.151773        1.875453       -0.687451
     Cl  24        1.875453       -0.551587        1.819311
     Cl  24       -0.687451        1.819311        0.703359

     ----- total EFG (symmetrized) -----
     Cl   1        1.958052       -1.113234       -2.137189
     Cl   1       -1.113234       -0.831020       -1.084619
     Cl   1       -2.137189       -1.084619       -1.127032

     C    2        0.164956       -0.046250       -0.194438
     C    2       -0.046250       -0.313067        0.172088
     C    2       -0.194438        0.172088        0.148111

     C    3        0.047837        0.038225       -0.165775
     C    3        0.038225        0.029171       -0.421242
     C    3       -0.165775       -0.421242       -0.077007

     H    4        0.340634        0.251836        0.133879
     H    4        0.251836       -0.129958        0.343394
     H    4        0.133879        0.343394       -0.210676

     C    5       -0.492989        0.193444       -0.072552
     C    5        0.193444        0.465180        0.065951
     C    5       -0.072552        0.065951        0.027808

     H    6       -0.020172       -0.029316        0.165966
     H    6       -0.029316        0.456638        0.574425
     H    6        0.165966        0.574425       -0.436465

     H    7       -0.100778        0.027616        0.006610
     H    7        0.027616       -0.015370       -0.194057
     H    7        0.006610       -0.194057        0.116148

     C    8       -0.123648        0.161147       -0.037704
     C    8        0.161147        0.174114        0.370589
     C    8       -0.037704        0.370589       -0.050466

     H    9        0.335912       -0.108452        0.343200
     H    9       -0.108452       -0.406564        0.194697
     H    9        0.343200        0.194697        0.070652

     C   10       -0.813188       -0.269268       -0.176791
     C   10       -0.269268        0.696189       -0.302615
     C   10       -0.176791       -0.302615        0.116999

     C   11        0.222566       -0.255035        0.233578
     C   11       -0.255035        0.151434        0.307360
     C   11        0.233578        0.307360       -0.374000

     Cl  12       -0.019286        1.151985        0.264539
     Cl  12        1.151985        1.266871       -1.395055
     Cl  12        0.264539       -1.395055       -1.247585

     H   13       -0.349684        0.110549        0.352461
     H   13        0.110549        0.393276        0.333267
     H   13        0.352461        0.333267       -0.043592

     C   14        0.405409       -0.695428       -0.411202
     C   14       -0.695428       -0.275011       -0.110983
     C   14       -0.411202       -0.110983       -0.130398

     H   15        0.477647        0.250810        0.412007
     H   15        0.250810       -0.386721       -0.245591
     H   15        0.412007       -0.245591       -0.090926

     C   16       -0.292827       -0.084345       -0.306560
     C   16       -0.084345        0.167063        0.492277
     C   16       -0.306560        0.492277        0.125764

     C   17        0.167861       -0.336442        0.007288
     C   17       -0.336442        0.218490       -0.188773
     C   17        0.007288       -0.188773       -0.386352

     Cl  18       -0.732095        0.578612        0.365368
     Cl  18        0.578612        1.929739        1.228060
     Cl  18        0.365368        1.228060       -1.197644

     H   19       -0.184077        0.027709        0.407431
     H   19        0.027709        0.541776       -0.502383
     H   19        0.407431       -0.502383       -0.357699

     C   20       -0.051166       -0.136256       -0.130313
     C   20       -0.136256        0.286295       -0.131671
     C   20       -0.130313       -0.131671       -0.235129

     H   21        0.355600       -0.360274        0.381761
     H   21       -0.360274        0.273271       -0.220127
     H   21        0.381761       -0.220127       -0.628870

     C   22        0.158934       -0.212332        0.032005
     C   22       -0.212332       -0.005528       -0.004633
     C   22        0.032005       -0.004633       -0.153405

     C   23       -0.185961        0.035993       -0.254673
     C   23        0.035993       -0.040958        0.174002
     C   23       -0.254673        0.174002        0.226919

     Cl  24       -0.151773        1.875453       -0.687451
     Cl  24        1.875453       -0.551587        1.819311
     Cl  24       -0.687451        1.819311        0.703359


     NQR/NMR SPECTROSCOPIC PARAMETERS:
     Cl   1    Vxx=    0.0444    axis=( -0.123660  0.830399 -0.543273)
     Cl   1    Vyy=    3.1209    axis=(  0.898445 -0.138751 -0.416588)
     Cl   1    Vzz=   -3.1653    axis=(  0.421314  0.539616  0.728909)
     Cl   1  Q=        -8.1650 1e-30 m^2  Cq=        60.7245 MHz  eta= 0.97198

     C    2    Vxx=   -0.0146    axis=( -0.740650 -0.245746 -0.625337)
     C    2    Vyy=   -0.3708    axis=(  0.037176 -0.944275  0.327051)
     C    2    Vzz=    0.3854    axis=( -0.670861  0.218983  0.708514)
     C    2  Q=         1.0000 1e-30 m^2  Cq=         0.9055 MHz  eta= 0.92447

     C    3    Vxx=    0.0187    axis=(  0.922098 -0.379763  0.074272)
     C    3    Vyy=    0.4496    axis=( -0.333391 -0.682246  0.650685)
     C    3    Vzz=   -0.4683    axis=( -0.196434 -0.624756 -0.755707)
     C    3  Q=         1.0000 1e-30 m^2  Cq=        -1.1004 MHz  eta= 0.91997

     H    4    Vxx=   -0.0279    axis=(  0.589547 -0.546478 -0.594807)
     H    4    Vyy=   -0.5221    axis=(  0.089037 -0.687935  0.720290)
     H    4    Vzz=    0.5500    axis=( -0.802812 -0.477605 -0.356914)
     H    4  Q=         1.0000 1e-30 m^2  Cq=         1.2922 MHz  eta= 0.89862

     C    5    Vxx=    0.0347    axis=( -0.163524 -0.077195  0.983515)
     C    5    Vyy=    0.5082    axis=(  0.181145  0.977635  0.106852)
     C    5    Vzz=   -0.5429    axis=( -0.969766  0.195631 -0.145883)
     C    5  Q=         1.0000 1e-30 m^2  Cq=        -1.2757 MHz  eta= 0.87219

     H    6    Vxx=    0.0128    axis=(  0.974358 -0.151236  0.166593)
     H    6    Vyy=    0.7406    axis=( -0.062616 -0.893421 -0.444835)
     H    6    Vzz=   -0.7533    axis=(  0.216113  0.422997 -0.879982)
     H    6  Q=         1.0000 1e-30 m^2  Cq=        -1.7701 MHz  eta= 0.96614

     H    7    Vxx=   -0.0903    axis=(  0.924949  0.291299  0.244159)
     H    7    Vyy=   -0.1653    axis=( -0.378888  0.757687  0.531371)
     H    7    Vzz=    0.2556    axis=( -0.030208 -0.584000  0.811192)
     H    7  Q=         1.0000 1e-30 m^2  Cq=         0.6006 MHz  eta= 0.29317

     C    8    Vxx=   -0.0802    axis=(  0.874991  0.126528 -0.467312)
     C    8    Vyy=   -0.3888    axis=( -0.448002  0.577524 -0.682466)
     C    8    Vzz=    0.4690    axis=( -0.183533 -0.806509 -0.562014)
     C    8  Q=         1.0000 1e-30 m^2  Cq=         1.1020 MHz  eta= 0.65798

     H    9    Vxx=   -0.0331    axis=( -0.500687  0.509987  0.699446)
     H    9    Vyy=   -0.5386    axis=(  0.275334  0.859884 -0.429874)
     H    9    Vzz=    0.5717    axis=( -0.820673 -0.022651 -0.570949)
     H    9  Q=         1.0000 1e-30 m^2  Cq=         1.3432 MHz  eta= 0.88433

     C   10    Vxx=    0.0659    axis=( -0.279160  0.316095  0.906727)
     C   10    Vyy=    0.8456    axis=(  0.112352 -0.927029  0.357763)
     C   10    Vzz=   -0.9115    axis=(  0.953649  0.201746  0.223275)
     C   10  Q=         1.0000 1e-30 m^2  Cq=        -2.1418 MHz  eta= 0.85534

     C   11    Vxx=    0.1909    axis=(  0.584945  0.586055  0.560695)
     C   11    Vyy=    0.4457    axis=( -0.729524  0.682272  0.047946)
     C   11    Vzz=   -0.6367    axis=( -0.354448 -0.437086  0.826633)
     C   11  Q=         1.0000 1e-30 m^2  Cq=        -1.4959 MHz  eta= 0.40019

     Cl  12    Vxx=   -0.1602    axis=(  0.849502 -0.214590  0.481973)
     Cl  12    Vyy=   -2.1346    axis=( -0.349944  0.454474  0.819141)
     Cl  12    Vzz=    2.2948    axis=( -0.394824 -0.864526  0.310982)
     Cl  12  Q=        -8.1650 1e-30 m^2  Cq=       -44.0245 MHz  eta= 0.86038

     H   13    Vxx=   -0.0586    axis=(  0.526180 -0.584342  0.617802)
     H   13    Vyy=   -0.5907    axis=( -0.804729 -0.107343  0.583856)
     H   13    Vzz=    0.6493    axis=(  0.274856  0.804377  0.526719)
     H   13  Q=         1.0000 1e-30 m^2  Cq=         1.5255 MHz  eta= 0.81943

     C   14    Vxx=   -0.0706    axis=( -0.010248  0.503742 -0.863794)
     C   14    Vyy=   -0.8534    axis=(  0.540090  0.729786  0.419184)
     C   14    Vzz=    0.9240    axis=(  0.841545 -0.462231 -0.279545)
     C   14  Q=         1.0000 1e-30 m^2  Cq=         2.1710 MHz  eta= 0.84728

     H   15    Vxx=   -0.0177    axis=(  0.261997  0.651749 -0.711745)
     H   15    Vyy=   -0.6881    axis=( -0.357832  0.750543  0.555556)
     H   15    Vzz=    0.7058    axis=(  0.896278  0.109131  0.429857)
     H   15  Q=         1.0000 1e-30 m^2  Cq=         1.6583 MHz  eta= 0.94985

     C   16    Vxx=   -0.2001    axis=( -0.652625 -0.656658  0.377996)
     C   16    Vyy=   -0.5149    axis=( -0.708902  0.353085 -0.610564)
     C   16    Vzz=    0.7150    axis=(  0.267467 -0.666431 -0.695939)
     C   16  Q=         1.0000 1e-30 m^2  Cq=         1.6799 MHz  eta= 0.44017

     C   17    Vxx=   -0.0972    axis=(  0.737833  0.573565 -0.355845)
     C   17    Vyy=   -0.4558    axis=( -0.175756 -0.345751 -0.921719)
     C   17    Vzz=    0.5530    axis=( -0.651699  0.742617 -0.154299)
     C   17  Q=         1.0000 1e-30 m^2  Cq=         1.2992 MHz  eta= 0.64847

     Cl  18    Vxx=   -0.8399    axis=(  0.960745 -0.252085  0.115853)
     Cl  18    Vyy=   -1.6524    axis=(  0.189418  0.290913 -0.937811)
     Cl  18    Vzz=    2.4922    axis=(  0.202705  0.922942  0.327243)
     Cl  18  Q=        -8.1650 1e-30 m^2  Cq=       -47.8125 MHz  eta= 0.32603

     H   19    Vxx=    0.0292    axis=(  0.836395  0.359950  0.413376)
     H   19    Vyy=    0.7893    axis=(  0.160449 -0.881904  0.443284)
     H   19    Vzz=   -0.8185    axis=(  0.524118 -0.304434 -0.795374)
     H   19  Q=         1.0000 1e-30 m^2  Cq=        -1.9231 MHz  eta= 0.92861

     C   20    Vxx=    0.0068    axis=(  0.832179  0.154889 -0.532436)
     C   20    Vyy=    0.3470    axis=( -0.274708  0.949242 -0.153218)
     C   20    Vzz=   -0.3538    axis=(  0.481678  0.273769  0.832488)
     C   20  Q=         1.0000 1e-30 m^2  Cq=        -0.8314 MHz  eta= 0.96129

     H   21    Vxx=   -0.0387    axis=(  0.613542  0.782657  0.104953)
     H   21    Vyy=   -0.7688    axis=( -0.290869  0.100427  0.951478)
     H   21    Vzz=    0.8075    axis=(  0.734140 -0.614299  0.289267)
     H   21  Q=         1.0000 1e-30 m^2  Cq=         1.8973 MHz  eta= 0.90421

     C   22    Vxx=   -0.1387    axis=(  0.392853  0.648930  0.651580)
     C   22    Vyy=   -0.1675    axis=( -0.407400 -0.512406  0.755953)
     C   22    Vzz=    0.3062    axis=(  0.824434 -0.562432  0.063074)
     C   22  Q=         1.0000 1e-30 m^2  Cq=         0.7195 MHz  eta= 0.09401

     C   23    Vxx=   -0.0473    axis=(  0.462178  0.877558 -0.127607)
     C   23    Vyy=   -0.3487    axis=( -0.808907  0.358232 -0.466196)
     C   23    Vzz=    0.3960    axis=( -0.363401  0.318688  0.875430)
     C   23  Q=         1.0000 1e-30 m^2  Cq=         0.9304 MHz  eta= 0.76108

     Cl  24    Vxx=    0.9254    axis=(  0.761551  0.213049 -0.612086)
     Cl  24    Vyy=    2.1959    axis=( -0.342188 -0.669882 -0.658913)
     Cl  24    Vzz=   -3.1214    axis=(  0.550407 -0.711244  0.437246)
     Cl  24  Q=        -8.1650 1e-30 m^2  Cq=        59.8821 MHz  eta= 0.40704

     Initialization:
     gipaw_setup  :      9.06s CPU     11.16s WALL (       1 calls)

     Linear response

     Apply operators

     Induced current

     Other routines
     efg          :      9.44s CPU     12.03s WALL (       1 calls)

     General routines
     calbec       :      3.42s CPU      4.61s WALL (      16 calls)
     fft          :      1.44s CPU      1.82s WALL (      15 calls)
     ffts         :      0.04s CPU      0.06s WALL (       2 calls)
     fftw         :      3.30s CPU      3.94s WALL (     672 calls)
     davcio       :      0.03s CPU      0.31s WALL (      32 calls)

     Parallel routines
     fft_scatter  :      2.16s CPU      3.05s WALL (     689 calls)

     Plugins

     GIPAW        :     62.22s CPU     75.99s WALL (       1 calls)
