
     Program QE v.6.0 (svn rev. 13079) starts on 29Dec2016 at 10: 1:28 

     This program is part of the open-source Quantum ESPRESSO suite
     for quantum simulation of materials; please cite
         "P. Giannozzi et al., J. Phys.:Condens. Matter 21 395502 (2009);
          URL http://www.quantum-espresso.org", 
     in publications or presentations arising from this work. More details at
     http://www.quantum-espresso.org/quote

     Parallel version (MPI), running on     8 processors
     R & G space division:  proc/nbgrp/npool/nimage =       8

     ***** This is GIPAW svn revision unknown      *****

     Parallelizing q-star over 1 images

     Reading data from directory:
     /users/majewski/paradichlorobenzene/pbe/9_constraint/scratch/pbe.ecut100.np8.dt60.pcl2phi-129368.save
     Message from routine read_xml_file:
     file /users/majewski/paradichlorobenzene/pbe/9_constraint/scratch/pbe.ecut100.np8.dt60.pcl2phi-129368.save not guaranteed to be safe for post-processing

   Info: using nr1, nr2, nr3 values from input

   Info: using nr1, nr2, nr3 values from input

     IMPORTANT: XC functional enforced from input :
     Exchange-correlation      =  SLA  PW   PBX  PBC ( 1  4  3  4 0 0)
     Any further DFT definition will be discarded
     Please, verify this is what you really want

               file C.pbe-n-kjpaw_psl.1.0.0.UPF: wavefunction(s)  2S 2P renormalized
               file Cl.pbe-n-kjpaw_psl.1.0.0.UPF: wavefunction(s)  3S 3P renormalized
               file H.pbe-kjpaw_psl.1.0.0.UPF: wavefunction(s)  1S renormalized

     Parallelization info
     --------------------
     sticks:   dense  smooth     PW     G-vecs:    dense   smooth      PW
     Min        3057    1223    332               144436    36536    5170
     Max        3059    1225    333               144437    36537    5171
     Sum       24467    9791   2657              1155489   292295   41363


     Subspace diagonalization in iterative solution of the eigenvalue problem:
     a serial algorithm will be used

     GIPAW projectors -----------------------------------------------
     atom=  C    l=0  rc=    1.2000  rs=    0.8000
     atom=  C    l=0  rc=    1.2000  rs=    0.8000
     atom=  C    l=1  rc=    1.4000  rs=    0.9333
     atom=  C    l=1  rc=    1.4000  rs=    0.9333
     projs nearly linearly dependent: l=1  n1,n2= 1, 2  s=  0.99951561

     atom=  Cl   l=0  rc=    1.6000  rs=    1.0667
     atom=  Cl   l=0  rc=    1.6000  rs=    1.0667
     atom=  Cl   l=1  rc=    1.6000  rs=    1.0667
     atom=  Cl   l=1  rc=    1.6000  rs=    1.0667
     atom=  Cl   l=2  rc=    1.6000  rs=    1.0667
     atom=  Cl   l=2  rc=    1.6000  rs=    1.0667
     projs nearly linearly dependent: l=2  n1,n2= 1, 2  s=  0.99993509

     atom=  H    l=0  rc=    1.0000  rs=    0.6667
     atom=  H    l=0  rc=    1.0000  rs=    0.6667
     projs nearly linearly dependent: l=0  n1,n2= 1, 2  s=  0.99968852
     -----------------------------------------------------------------

     GIPAW integrals: -------------------------------------------
     Atom  i/j   nmr_para   nmr_dia   epr_rmc  epr_para   epr_dia
       C   1 1   0.83E+03  0.17E-01  0.93E+01  0.24E+08  0.24E+03
       C   2 1   0.86E+03 -0.61E-01  0.94E+01  0.25E+08  0.25E+03
       C   2 2   0.90E+03 -0.15E+00  0.97E+01  0.26E+08  0.26E+03
       C   3 3   0.33E+01  0.34E+00  0.18E+01  0.55E+03  0.21E+02
       C   4 3   0.35E+01  0.37E+00  0.20E+01  0.59E+03  0.22E+02
       C   4 4   0.38E+01  0.39E+00  0.22E+01  0.63E+03  0.24E+02
       Cl  1 1   0.14E+04 -0.47E+00  0.84E+01  0.32E+09  0.42E+03
       Cl  2 1   0.21E+04 -0.37E+00  0.12E+02  0.49E+09  0.65E+03
       Cl  2 2   0.33E+04 -0.16E+00  0.21E+02  0.76E+09  0.10E+04
       Cl  3 3   0.21E+02  0.79E-01  0.89E+01  0.23E+05  0.13E+03
       Cl  4 3   0.24E+02  0.67E-01  0.99E+01  0.27E+05  0.15E+03
       Cl  4 4   0.28E+02  0.44E-01  0.11E+02  0.32E+05  0.18E+03
       Cl  5 5   0.77E+00  0.19E+00  0.18E+01  0.12E+03  0.22E+02
       Cl  6 5   0.80E+00  0.19E+00  0.19E+01  0.12E+03  0.23E+02
       Cl  6 6   0.83E+00  0.20E+00  0.19E+01  0.12E+03  0.23E+02
       H   1 1   0.39E+02  0.19E+00  0.29E+00  0.78E+05  0.13E+02
       H   2 1   0.41E+02  0.21E+00  0.32E+00  0.82E+05  0.14E+02
       H   2 2   0.43E+02  0.22E+00  0.36E+00  0.86E+05  0.15E+02
     ------------------------------------------------------------

     alpha_pv=     33.9742 eV

     Number of occupied bands for each k-point:
     k-point:     1    nbnd_occ=  42
     k-point:     2    nbnd_occ=  42
     k-point:     3    nbnd_occ=  42
     k-point:     4    nbnd_occ=  42
     k-point:     5    nbnd_occ=  42
     k-point:     6    nbnd_occ=  42
     k-point:     7    nbnd_occ=  42
     k-point:     8    nbnd_occ=  42
     k-point:     9    nbnd_occ=  42
     k-point:    10    nbnd_occ=  42
     k-point:    11    nbnd_occ=  42
     k-point:    12    nbnd_occ=  42
     k-point:    13    nbnd_occ=  42
     k-point:    14    nbnd_occ=  42
     k-point:    15    nbnd_occ=  42
     k-point:    16    nbnd_occ=  42


     q-space interpolation up to   110.00 Rydberg

     GIPAW job: efg                                                                             


     ELECTRIC FIELD GRADIENTS TENSORS IN Hartree/bohrradius^2:

     ----- bare term -----
     Cl   1        0.028900        0.061571       -0.063214
     Cl   1        0.061571        0.030562       -0.046558
     Cl   1       -0.063214       -0.046558       -0.059462

     C    2       -0.004230        0.393239       -0.105063
     C    2        0.393239       -0.101989       -0.569132
     C    2       -0.105063       -0.569132        0.106219

     C    3       -0.183774        0.040786       -0.098399
     C    3        0.040786        0.000058       -0.083616
     C    3       -0.098399       -0.083616        0.183716

     H    4       -0.355329       -0.476311        0.074641
     H    4       -0.476311        0.048515        0.104781
     H    4        0.074641        0.104781        0.306814

     C    5        0.099905       -0.092726        0.099624
     C    5       -0.092726       -0.263637        0.053012
     C    5        0.099624        0.053012        0.163732

     H    6        0.304442       -0.320036        0.079037
     H    6       -0.320036       -0.603645        0.130632
     H    6        0.079037        0.130632        0.299204

     H    7        0.345381       -0.105733       -0.305646
     H    7       -0.105733       -0.290435        0.412093
     H    7       -0.305646        0.412093       -0.054945

     C    8       -0.647166       -0.342401       -0.181217
     C    8       -0.342401        0.250947        0.157709
     C    8       -0.181217        0.157709        0.396218

     H    9       -0.411568       -0.283922       -0.363082
     H    9       -0.283922        0.055473        0.133352
     H    9       -0.363082        0.133352        0.356095

     C   10        0.071512        0.186707       -0.333566
     C   10        0.186707       -0.136985        0.611969
     C   10       -0.333566        0.611969        0.065473

     C   11       -0.617747       -0.425696       -0.343044
     C   11       -0.425696        0.104834        0.059392
     C   11       -0.343044        0.059392        0.512913

     Cl  12       -0.008598        0.102981       -0.032617
     Cl  12        0.102981        0.071171       -0.069342
     Cl  12       -0.032617       -0.069342       -0.062573

     H   13        0.383436       -0.034848       -0.104145
     H   13       -0.034848       -0.556395       -0.615261
     H   13       -0.104145       -0.615261        0.172960

     C   14       -0.737709        0.418616       -0.444144
     C   14        0.418616        0.422736       -0.080390
     C   14       -0.444144       -0.080390        0.314973

     H   15       -0.467269       -0.040752       -0.398705
     H   15       -0.040752        0.215834       -0.357186
     H   15       -0.398705       -0.357186        0.251435

     C   16        0.097360        0.538827        0.007095
     C   16        0.538827       -0.297250       -0.542946
     C   16        0.007095       -0.542946        0.199890

     C   17       -0.273015        0.267707       -0.440002
     C   17        0.267707        0.133342       -0.182781
     C   17       -0.440002       -0.182781        0.139673

     Cl  18       -0.010699        0.133743       -0.031402
     Cl  18        0.133743        0.060829       -0.011720
     Cl  18       -0.031402       -0.011720       -0.050130

     H   19        0.072915       -0.280043        0.246788
     H   19       -0.280043       -0.161758        0.472108
     H   19        0.246788        0.472108        0.088843

     C   20       -0.073452        0.239133       -0.409206
     C   20        0.239133       -0.171178        0.348996
     C   20       -0.409206        0.348996        0.244631

     H   21        0.000068        0.074471       -0.309834
     H   21        0.074471        0.009531        0.550667
     H   21       -0.309834        0.550667       -0.009599

     C   22       -0.555733       -0.337074       -0.323109
     C   22       -0.337074        0.158591        0.066515
     C   22       -0.323109        0.066515        0.397141

     C   23        0.028203        0.354730       -0.465530
     C   23        0.354730       -0.119045        0.603548
     C   23       -0.465530        0.603548        0.090842

     Cl  24       -0.239651       -0.237489       -0.018702
     Cl  24       -0.237489        0.064531        0.002591
     Cl  24       -0.018702        0.002591        0.175120

     ----- ionic term -----
     Cl   1        0.101370       -0.195215        0.010010
     Cl   1       -0.195215        0.072093       -0.009471
     Cl   1        0.010010       -0.009471       -0.173463

     C    2        0.248513       -0.113660        0.249130
     C    2       -0.113660        0.239571        0.314917
     C    2        0.249130        0.314917       -0.488085

     C    3        0.117326       -0.109003        0.176888
     C    3       -0.109003        0.310046        0.331945
     C    3        0.176888        0.331945       -0.427371

     H    4        0.709863        0.410619        0.511593
     H    4        0.410619       -0.341373        0.241086
     H    4        0.511593        0.241086       -0.368490

     C    5        0.244269       -0.069600        0.210646
     C    5       -0.069600        0.173730        0.260455
     C    5        0.210646        0.260455       -0.417999

     H    6       -0.502998        0.110024        0.035015
     H    6        0.110024        0.751938        0.599545
     H    6        0.035015        0.599545       -0.248940

     H    7       -0.524533       -0.047181        0.048100
     H    7       -0.047181        0.550489       -0.765610
     H    7        0.048100       -0.765610       -0.025956

     C    8        0.247637        0.251959        0.230363
     C    8        0.251959        0.022196       -0.326301
     C    8        0.230363       -0.326301       -0.269834

     H    9        0.617610       -0.269110        0.647677
     H    9       -0.269110       -0.446709       -0.231306
     H    9        0.647677       -0.231306       -0.170901

     C   10        0.149108        0.303982        0.142080
     C   10        0.303982        0.107127       -0.437779
     C   10        0.142080       -0.437779       -0.256235

     C   11        0.171837        0.224835        0.261262
     C   11        0.224835        0.051444       -0.418047
     C   11        0.261262       -0.418047       -0.223281

     Cl  12        0.143535        0.234163        0.011984
     Cl  12        0.234163        0.019157        0.006940
     Cl  12        0.011984        0.006940       -0.162692

     H   13       -0.491408        0.164397        0.087766
     H   13        0.164397        0.790223        0.587103
     H   13        0.087766        0.587103       -0.298815

     C   14        0.385532       -0.146785        0.243544
     C   14       -0.146785        0.107569        0.244508
     C   14        0.243544        0.244508       -0.493101

     H   15        0.767516        0.361364        0.529462
     H   15        0.361364       -0.353531        0.199336
     H   15        0.529462        0.199336       -0.413985

     C   16        0.192511       -0.199826        0.159004
     C   16       -0.199826        0.308502        0.309883
     C   16        0.159004        0.309883       -0.501014

     C   17        0.203150       -0.099692        0.183556
     C   17       -0.099692        0.275815        0.360891
     C   17        0.183556        0.360891       -0.478965

     Cl  18        0.157498       -0.208860       -0.003164
     Cl  18       -0.208860       -0.006594        0.017102
     Cl  18       -0.003164        0.017102       -0.150904

     H   19       -0.478316        0.166021       -0.071274
     H   19        0.166021        0.619131       -0.712606
     H   19       -0.071274       -0.712606       -0.140815

     C   20        0.319327        0.279130        0.184976
     C   20        0.279130       -0.004297       -0.320791
     C   20        0.184976       -0.320791       -0.315030

     H   21        0.499001       -0.314015        0.737442
     H   21       -0.314015       -0.429477       -0.286678
     H   21        0.737442       -0.286678       -0.069524

     C   22        0.162015        0.237425        0.161708
     C   22        0.237425        0.120269       -0.435514
     C   22        0.161708       -0.435514       -0.282285

     C   23        0.148543        0.205688        0.250384
     C   23        0.205688        0.099444       -0.413900
     C   23        0.250384       -0.413900       -0.247988

     Cl  24        0.127196        0.196876        0.003323
     Cl  24        0.196876        0.015697       -0.011679
     Cl  24        0.003323       -0.011679       -0.142893

     ----- GIPAW term -----
     Cl   1        1.647244       -1.621653       -0.541977
     Cl   1       -1.621653        0.256590       -0.374262
     Cl   1       -0.541977       -0.374262       -1.903835

     C    2        0.075981        0.149634       -0.080623
     C    2        0.149634        0.050681       -0.139701
     C    2       -0.080623       -0.139701       -0.126662

     C    3       -0.009657        0.046636       -0.054445
     C    3        0.046636        0.026225       -0.033288
     C    3       -0.054445       -0.033288       -0.016568

     H    4       -0.000000        0.000000        0.000000
     H    4        0.000000        0.000000        0.000000
     H    4        0.000000        0.000000        0.000000

     C    5        0.017547       -0.007908        0.022889
     C    5       -0.007908       -0.000090        0.011146
     C    5        0.022889        0.011146       -0.017457

     H    6       -0.000000        0.000000        0.000000
     H    6        0.000000        0.000000        0.000000
     H    6        0.000000        0.000000        0.000000

     H    7       -0.000000        0.000000        0.000000
     H    7        0.000000        0.000000        0.000000
     H    7        0.000000        0.000000        0.000000

     C    8       -0.081062        0.157763        0.008853
     C    8        0.157763        0.186389       -0.003028
     C    8        0.008853       -0.003028       -0.105327

     H    9       -0.000000        0.000000        0.000000
     H    9        0.000000        0.000000        0.000000
     H    9        0.000000        0.000000        0.000000

     C   10       -0.064074        0.181551       -0.073255
     C   10        0.181551        0.192495       -0.006130
     C   10       -0.073255       -0.006130       -0.128420

     C   11       -0.041709        0.131664       -0.141982
     C   11        0.131664        0.042562       -0.130897
     C   11       -0.141982       -0.130897       -0.000853

     Cl  12        0.827921        3.202554       -0.564585
     Cl  12        3.202554        1.221215       -0.924744
     Cl  12       -0.564585       -0.924744       -2.049136

     H   13       -0.000000        0.000000        0.000000
     H   13        0.000000        0.000000        0.000000
     H   13        0.000000        0.000000        0.000000

     C   14       -0.116647        0.213309        0.003490
     C   14        0.213309        0.187382        0.100994
     C   14        0.003490        0.100994       -0.070735

     H   15       -0.000000        0.000000        0.000000
     H   15        0.000000        0.000000        0.000000
     H   15        0.000000        0.000000        0.000000

     C   16       -0.012561        0.224074        0.059493
     C   16        0.224074        0.116007        0.011273
     C   16        0.059493        0.011273       -0.103446

     C   17       -0.015744        0.097957       -0.093232
     C   17        0.097957        0.108439       -0.081657
     C   17       -0.093232       -0.081657       -0.092695

     Cl  18        0.679486        0.566596       -0.333842
     Cl  18        0.566596        1.926387       -0.414428
     Cl  18       -0.333842       -0.414428       -2.605873

     H   19       -0.000000        0.000000        0.000000
     H   19        0.000000        0.000000        0.000000
     H   19        0.000000        0.000000        0.000000

     C   20       -0.023907        0.166852       -0.157888
     C   20        0.166852       -0.030124       -0.092822
     C   20       -0.157888       -0.092822        0.054031

     H   21       -0.000000        0.000000        0.000000
     H   21        0.000000        0.000000        0.000000
     H   21        0.000000        0.000000        0.000000

     C   22       -0.092054        0.140840       -0.114082
     C   22        0.140840        0.148277       -0.122101
     C   22       -0.114082       -0.122101       -0.056222

     C   23       -0.004956        0.242363       -0.101539
     C   23        0.242363        0.126668       -0.039482
     C   23       -0.101539       -0.039482       -0.121711

     Cl  24        0.486163        2.232331       -0.221992
     Cl  24        2.232331        0.952132       -0.135519
     Cl  24       -0.221992       -0.135519       -1.438295

     ----- total EFG -----
     Cl   1        1.777515       -1.755297       -0.595180
     Cl   1       -1.755297        0.359245       -0.430290
     Cl   1       -0.595180       -0.430290       -2.136760

     C    2        0.320264        0.429213        0.063444
     C    2        0.429213        0.188264       -0.393916
     C    2        0.063444       -0.393916       -0.508528

     C    3       -0.076105       -0.021581        0.024044
     C    3       -0.021581        0.336329        0.215041
     C    3        0.024044        0.215041       -0.260223

     H    4        0.354534       -0.065692        0.586234
     H    4       -0.065692       -0.292858        0.345866
     H    4        0.586234        0.345866       -0.061676

     C    5        0.361721       -0.170233        0.333159
     C    5       -0.170233       -0.089997        0.324613
     C    5        0.333159        0.324613       -0.271724

     H    6       -0.198556       -0.210013        0.114052
     H    6       -0.210013        0.148292        0.730177
     H    6        0.114052        0.730177        0.050264

     H    7       -0.179153       -0.152915       -0.257546
     H    7       -0.152915        0.260054       -0.353516
     H    7       -0.257546       -0.353516       -0.080901

     C    8       -0.480590        0.067321        0.057999
     C    8        0.067321        0.459532       -0.171620
     C    8        0.057999       -0.171620        0.021058

     H    9        0.206042       -0.553033        0.284595
     H    9       -0.553033       -0.391236       -0.097954
     H    9        0.284595       -0.097954        0.185194

     C   10        0.156545        0.672241       -0.264741
     C   10        0.672241        0.162637        0.168059
     C   10       -0.264741        0.168059       -0.319182

     C   11       -0.487619       -0.069197       -0.223764
     C   11       -0.069197        0.198840       -0.489551
     C   11       -0.223764       -0.489551        0.288779

     Cl  12        0.962859        3.539698       -0.585218
     Cl  12        3.539698        1.311543       -0.987146
     Cl  12       -0.585218       -0.987146       -2.274402

     H   13       -0.107972        0.129549       -0.016379
     H   13        0.129549        0.233828       -0.028158
     H   13       -0.016379       -0.028158       -0.125856

     C   14       -0.468824        0.485139       -0.197110
     C   14        0.485139        0.717686        0.265111
     C   14       -0.197110        0.265111       -0.248863

     H   15        0.300247        0.320612        0.130758
     H   15        0.320612       -0.137698       -0.157850
     H   15        0.130758       -0.157850       -0.162550

     C   16        0.277310        0.563075        0.225592
     C   16        0.563075        0.127259       -0.221790
     C   16        0.225592       -0.221790       -0.404569

     C   17       -0.085609        0.265972       -0.349678
     C   17        0.265972        0.517595        0.096453
     C   17       -0.349678        0.096453       -0.431987

     Cl  18        0.826286        0.491478       -0.368409
     Cl  18        0.491478        1.980621       -0.409047
     Cl  18       -0.368409       -0.409047       -2.806907

     H   19       -0.405401       -0.114022        0.175514
     H   19       -0.114022        0.457373       -0.240498
     H   19        0.175514       -0.240498       -0.051972

     C   20        0.221967        0.685115       -0.382119
     C   20        0.685115       -0.205599       -0.064617
     C   20       -0.382119       -0.064617       -0.016368

     H   21        0.499069       -0.239544        0.427608
     H   21       -0.239544       -0.419947        0.263989
     H   21        0.427608        0.263989       -0.079123

     C   22       -0.485771        0.041191       -0.275483
     C   22        0.041191        0.427137       -0.491100
     C   22       -0.275483       -0.491100        0.058634

     C   23        0.171790        0.802780       -0.316685
     C   23        0.802780        0.107067        0.150166
     C   23       -0.316685        0.150166       -0.278857

     Cl  24        0.373708        2.191719       -0.237371
     Cl  24        2.191719        1.032360       -0.144607
     Cl  24       -0.237371       -0.144607       -1.406068

     ----- total EFG (symmetrized) -----
     Cl   1        1.777515       -1.755297       -0.595180
     Cl   1       -1.755297        0.359245       -0.430290
     Cl   1       -0.595180       -0.430290       -2.136760

     C    2        0.320264        0.429213        0.063444
     C    2        0.429213        0.188264       -0.393916
     C    2        0.063444       -0.393916       -0.508528

     C    3       -0.076105       -0.021581        0.024044
     C    3       -0.021581        0.336329        0.215041
     C    3        0.024044        0.215041       -0.260223

     H    4        0.354534       -0.065692        0.586234
     H    4       -0.065692       -0.292858        0.345866
     H    4        0.586234        0.345866       -0.061676

     C    5        0.361721       -0.170233        0.333159
     C    5       -0.170233       -0.089997        0.324613
     C    5        0.333159        0.324613       -0.271724

     H    6       -0.198556       -0.210013        0.114052
     H    6       -0.210013        0.148292        0.730177
     H    6        0.114052        0.730177        0.050264

     H    7       -0.179153       -0.152915       -0.257546
     H    7       -0.152915        0.260054       -0.353516
     H    7       -0.257546       -0.353516       -0.080901

     C    8       -0.480590        0.067321        0.057999
     C    8        0.067321        0.459532       -0.171620
     C    8        0.057999       -0.171620        0.021058

     H    9        0.206042       -0.553033        0.284595
     H    9       -0.553033       -0.391236       -0.097954
     H    9        0.284595       -0.097954        0.185194

     C   10        0.156545        0.672241       -0.264741
     C   10        0.672241        0.162637        0.168059
     C   10       -0.264741        0.168059       -0.319182

     C   11       -0.487619       -0.069197       -0.223764
     C   11       -0.069197        0.198840       -0.489551
     C   11       -0.223764       -0.489551        0.288779

     Cl  12        0.962859        3.539698       -0.585218
     Cl  12        3.539698        1.311543       -0.987146
     Cl  12       -0.585218       -0.987146       -2.274402

     H   13       -0.107972        0.129549       -0.016379
     H   13        0.129549        0.233828       -0.028158
     H   13       -0.016379       -0.028158       -0.125856

     C   14       -0.468824        0.485139       -0.197110
     C   14        0.485139        0.717686        0.265111
     C   14       -0.197110        0.265111       -0.248863

     H   15        0.300247        0.320612        0.130758
     H   15        0.320612       -0.137698       -0.157850
     H   15        0.130758       -0.157850       -0.162550

     C   16        0.277310        0.563075        0.225592
     C   16        0.563075        0.127259       -0.221790
     C   16        0.225592       -0.221790       -0.404569

     C   17       -0.085609        0.265972       -0.349678
     C   17        0.265972        0.517595        0.096453
     C   17       -0.349678        0.096453       -0.431987

     Cl  18        0.826286        0.491478       -0.368409
     Cl  18        0.491478        1.980621       -0.409047
     Cl  18       -0.368409       -0.409047       -2.806907

     H   19       -0.405401       -0.114022        0.175514
     H   19       -0.114022        0.457373       -0.240498
     H   19        0.175514       -0.240498       -0.051972

     C   20        0.221967        0.685115       -0.382119
     C   20        0.685115       -0.205599       -0.064617
     C   20       -0.382119       -0.064617       -0.016368

     H   21        0.499069       -0.239544        0.427608
     H   21       -0.239544       -0.419947        0.263989
     H   21        0.427608        0.263989       -0.079123

     C   22       -0.485771        0.041191       -0.275483
     C   22        0.041191        0.427137       -0.491100
     C   22       -0.275483       -0.491100        0.058634

     C   23        0.171790        0.802780       -0.316685
     C   23        0.802780        0.107067        0.150166
     C   23       -0.316685        0.150166       -0.278857

     Cl  24        0.373708        2.191719       -0.237371
     Cl  24        2.191719        1.032360       -0.144607
     Cl  24       -0.237371       -0.144607       -1.406068


     NQR/NMR SPECTROSCOPIC PARAMETERS:
     Cl   1    Vxx=   -0.5318    axis=(  0.491035  0.778548 -0.390830)
     Cl   1    Vyy=   -2.4425    axis=(  0.254708  0.300725  0.919069)
     Cl   1    Vzz=    2.9743    axis=( -0.833071  0.550843  0.050636)
     Cl   1  Q=        -8.1650 1e-30 m^2  Cq=       -57.0610 MHz  eta= 0.64239

     C    2    Vxx=    0.0164    axis=( -0.673529  0.549836 -0.494003)
     C    2    Vyy=    0.7277    axis=(  0.699123  0.690852 -0.184259)
     C    2    Vzz=   -0.7441    axis=( -0.239970  0.469472  0.849712)
     C    2  Q=         1.0000 1e-30 m^2  Cq=        -1.7483 MHz  eta= 0.95589

     C    3    Vxx=   -0.0731    axis=(  0.993081 -0.009146  0.117076)
     C    3    Vyy=   -0.3331    axis=(  0.114210  0.307193 -0.944769)
     C    3    Vzz=    0.4061    axis=( -0.027325  0.951603  0.306112)
     C    3  Q=         1.0000 1e-30 m^2  Cq=         0.9542 MHz  eta= 0.64015

     H    4    Vxx=   -0.0670    axis=(  0.463794 -0.779582 -0.420888)
     H    4    Vyy=   -0.7227    axis=(  0.407305  0.609517 -0.680141)
     H    4    Vzz=    0.7897    axis=( -0.786764 -0.144015 -0.600218)
     H    4  Q=         1.0000 1e-30 m^2  Cq=         1.8556 MHz  eta= 0.83021

     C    5    Vxx=    0.1460    axis=( -0.153971  0.835903  0.526839)
     C    5    Vyy=    0.5065    axis=( -0.926695  0.062833 -0.370524)
     C    5    Vzz=   -0.6524    axis=( -0.342825 -0.545270  0.764953)
     C    5  Q=         1.0000 1e-30 m^2  Cq=        -1.5329 MHz  eta= 0.55259

     H    6    Vxx=   -0.1068    axis=(  0.915733 -0.215935  0.338830)
     H    6    Vyy=   -0.7300    axis=( -0.394679 -0.641375  0.657926)
     H    6    Vzz=    0.8368    axis=( -0.075248  0.736214  0.672553)
     H    6  Q=         1.0000 1e-30 m^2  Cq=         1.9661 MHz  eta= 0.74466

     H    7    Vxx=    0.0646    axis=(  0.775217 -0.347601 -0.527459)
     H    7    Vyy=    0.4822    axis=(  0.013645  0.844008 -0.536156)
     H    7    Vzz=   -0.5468    axis=(  0.631548  0.408440  0.659032)
     H    7  Q=         1.0000 1e-30 m^2  Cq=        -1.2848 MHz  eta= 0.76354

     C    8    Vxx=   -0.0253    axis=(  0.164969  0.308692  0.936747)
     C    8    Vyy=   -0.4955    axis=( -0.985267  0.095011  0.142204)
     C    8    Vzz=    0.5207    axis=( -0.045104 -0.946405  0.319818)
     C    8  Q=         1.0000 1e-30 m^2  Cq=         1.2235 MHz  eta= 0.90289

     H    9    Vxx=    0.0216    axis=( -0.388930  0.315666  0.865499)
     H    9    Vyy=    0.7040    axis=( -0.756708  0.426397 -0.495558)
     H    9    Vzz=   -0.7256    axis=( -0.525477 -0.847668  0.073028)
     H    9  Q=         1.0000 1e-30 m^2  Cq=        -1.7049 MHz  eta= 0.94052

     C   10    Vxx=   -0.0980    axis=( -0.379039  0.459791  0.803070)
     C   10    Vyy=   -0.7380    axis=( -0.588581  0.549875 -0.592629)
     C   10    Vzz=    0.8361    axis=( -0.714074 -0.697301  0.062201)
     C   10  Q=         1.0000 1e-30 m^2  Cq=         1.9644 MHz  eta= 0.76555

     C   11    Vxx=   -0.1367    axis=( -0.480982  0.689978  0.540913)
     C   11    Vyy=   -0.6105    axis=( -0.871135 -0.306523 -0.383624)
     C   11    Vzz=    0.7472    axis=( -0.098889 -0.655725  0.748496)
     C   11  Q=         1.0000 1e-30 m^2  Cq=         1.7557 MHz  eta= 0.63408

     Cl  12    Vxx=   -2.1739    axis=(  0.608387 -0.428701  0.667893)
     Cl  12    Vyy=   -2.6830    axis=(  0.413901 -0.546658 -0.727909)
     Cl  12    Vzz=    4.8568    axis=( -0.677164 -0.719292  0.155139)
     Cl  12  Q=        -8.1650 1e-30 m^2  Cq=       -93.1760 MHz  eta= 0.10483

     H   13    Vxx=   -0.1266    axis=( -0.216476  0.153114  0.964206)
     H   13    Vyy=   -0.1532    axis=(  0.922768 -0.290419  0.253291)
     H   13    Vzz=    0.2799    axis=(  0.318806  0.944570 -0.078420)
     H   13  Q=         1.0000 1e-30 m^2  Cq=         0.6576 MHz  eta= 0.09500

     C   14    Vxx=   -0.1333    axis=( -0.494488  0.011144  0.869113)
     C   14    Vyy=   -0.7875    axis=( -0.813989  0.344710 -0.467544)
     C   14    Vzz=    0.9208    axis=( -0.304803 -0.938643 -0.161383)
     C   14  Q=         1.0000 1e-30 m^2  Cq=         2.1635 MHz  eta= 0.71044

     H   15    Vxx=   -0.0239    axis=(  0.208191 -0.542426  0.813898)
     H   15    Vyy=   -0.4486    axis=( -0.404571  0.709851  0.576571)
     H   15    Vzz=    0.4725    axis=( -0.890493 -0.449317 -0.071666)
     H   15  Q=         1.0000 1e-30 m^2  Cq=         1.1103 MHz  eta= 0.89883

     C   16    Vxx=   -0.0694    axis=( -0.465557  0.560932 -0.684553)
     C   16    Vyy=   -0.7014    axis=( -0.459913  0.507507  0.728640)
     C   16    Vzz=    0.7708    axis=( -0.756133 -0.654058 -0.021706)
     C   16  Q=         1.0000 1e-30 m^2  Cq=         1.8112 MHz  eta= 0.81992

     C   17    Vxx=    0.0718    axis=( -0.748223  0.320747  0.580761)
     C   17    Vyy=    0.6194    axis=( -0.368980 -0.928680  0.037523)
     C   17    Vzz=   -0.6912    axis=(  0.551376 -0.186213  0.813209)
     C   17  Q=         1.0000 1e-30 m^2  Cq=        -1.6240 MHz  eta= 0.79226

     Cl  18    Vxx=    0.6569    axis=(  0.930214 -0.362704 -0.056105)
     Cl  18    Vyy=    2.2138    axis=(  0.356053  0.928904 -0.101805)
     Cl  18    Vzz=   -2.8707    axis=(  0.089042  0.074724  0.993221)
     Cl  18  Q=        -8.1650 1e-30 m^2  Cq=        55.0731 MHz  eta= 0.54236

     H   19    Vxx=   -0.1051    axis=(  0.330014  0.426880  0.841941)
     H   19    Vyy=   -0.4780    axis=( -0.927876 -0.017336  0.372487)
     H   19    Vzz=    0.5831    axis=(  0.173603 -0.904142  0.390370)
     H   19  Q=         1.0000 1e-30 m^2  Cq=         1.3701 MHz  eta= 0.63947

     C   20    Vxx=   -0.1092    axis=(  0.144366  0.427862  0.892240)
     C   20    Vyy=   -0.7557    axis=(  0.619829 -0.741973  0.255514)
     C   20    Vzz=    0.8649    axis=(  0.771343  0.516149 -0.372317)
     C   20  Q=         1.0000 1e-30 m^2  Cq=         2.0321 MHz  eta= 0.74752

     H   21    Vxx=   -0.0172    axis=(  0.292023 -0.639733 -0.710960)
     H   21    Vyy=   -0.7163    axis=( -0.342880 -0.763977  0.546601)
     H   21    Vzz=    0.7336    axis=( -0.892836  0.084154 -0.442450)
     H   21  Q=         1.0000 1e-30 m^2  Cq=         1.7236 MHz  eta= 0.95305

     C   22    Vxx=   -0.1666    axis=(  0.490602 -0.575345 -0.654437)
     C   22    Vyy=   -0.6301    axis=(  0.858116  0.188438  0.477627)
     C   22    Vzz=    0.7967    axis=(  0.151480  0.795907 -0.586161)
     C   22  Q=         1.0000 1e-30 m^2  Cq=         1.8718 MHz  eta= 0.58176

     C   23    Vxx=   -0.1025    axis=( -0.273567  0.432391  0.859185)
     C   23    Vyy=   -0.8536    axis=( -0.624184  0.599823 -0.500607)
     C   23    Vzz=    0.9561    axis=( -0.731816 -0.673239  0.105800)
     C   23  Q=         1.0000 1e-30 m^2  Cq=         2.2464 MHz  eta= 0.78569

     Cl  24    Vxx=   -1.3710    axis=( -0.355400  0.375609  0.855926)
     Cl  24    Vyy=   -1.5645    axis=(  0.669632 -0.536565  0.513509)
     Cl  24    Vzz=    2.9355    axis=( -0.652138 -0.755656  0.060824)
     Cl  24  Q=        -8.1650 1e-30 m^2  Cq=       -56.3156 MHz  eta= 0.06593

     Initialization:
     gipaw_setup  :      9.05s CPU     10.96s WALL (       1 calls)

     Linear response

     Apply operators

     Induced current

     Other routines
     efg          :      9.54s CPU     12.38s WALL (       1 calls)

     General routines
     calbec       :      3.51s CPU      5.17s WALL (      16 calls)
     fft          :      1.56s CPU      2.32s WALL (      15 calls)
     ffts         :      0.03s CPU      0.05s WALL (       2 calls)
     fftw         :      3.35s CPU      3.92s WALL (     672 calls)
     davcio       :      0.01s CPU      0.31s WALL (      32 calls)

     Parallel routines
     fft_scatter  :      2.19s CPU      3.41s WALL (     689 calls)

     Plugins

     GIPAW        :     60.70s CPU     75.09s WALL (       1 calls)
