
     Program QE v.6.0 (svn rev. 13079) starts on 23Jan2017 at  0:27:57 

     This program is part of the open-source Quantum ESPRESSO suite
     for quantum simulation of materials; please cite
         "P. Giannozzi et al., J. Phys.:Condens. Matter 21 395502 (2009);
          URL http://www.quantum-espresso.org", 
     in publications or presentations arising from this work. More details at
     http://www.quantum-espresso.org/quote

     Parallel version (MPI), running on     8 processors
     R & G space division:  proc/nbgrp/npool/nimage =       8

     ***** This is GIPAW svn revision unknown      *****

     Parallelizing q-star over 1 images

     Reading data from directory:
     /users/majewski/paradichlorobenzene/pbe/9_constraint/scratch/pbe.ecut100.np8.dt60.pcl2phi-129368.save
     Message from routine read_xml_file:
     file /users/majewski/paradichlorobenzene/pbe/9_constraint/scratch/pbe.ecut100.np8.dt60.pcl2phi-129368.save not guaranteed to be safe for post-processing

   Info: using nr1, nr2, nr3 values from input

   Info: using nr1, nr2, nr3 values from input

     IMPORTANT: XC functional enforced from input :
     Exchange-correlation      =  SLA  PW   PBX  PBC ( 1  4  3  4 0 0)
     Any further DFT definition will be discarded
     Please, verify this is what you really want

               file C.pbe-n-kjpaw_psl.1.0.0.UPF: wavefunction(s)  2S 2P renormalized
               file Cl.pbe-n-kjpaw_psl.1.0.0.UPF: wavefunction(s)  3S 3P renormalized
               file H.pbe-kjpaw_psl.1.0.0.UPF: wavefunction(s)  1S renormalized

     Parallelization info
     --------------------
     sticks:   dense  smooth     PW     G-vecs:    dense   smooth      PW
     Min        3057    1223    332               144436    36536    5170
     Max        3059    1225    333               144437    36537    5171
     Sum       24467    9791   2657              1155489   292295   41363


     Subspace diagonalization in iterative solution of the eigenvalue problem:
     a serial algorithm will be used

     GIPAW projectors -----------------------------------------------
     atom=  C    l=0  rc=    1.2000  rs=    0.8000
     atom=  C    l=0  rc=    1.2000  rs=    0.8000
     atom=  C    l=1  rc=    1.4000  rs=    0.9333
     atom=  C    l=1  rc=    1.4000  rs=    0.9333
     projs nearly linearly dependent: l=1  n1,n2= 1, 2  s=  0.99951561

     atom=  Cl   l=0  rc=    1.6000  rs=    1.0667
     atom=  Cl   l=0  rc=    1.6000  rs=    1.0667
     atom=  Cl   l=1  rc=    1.6000  rs=    1.0667
     atom=  Cl   l=1  rc=    1.6000  rs=    1.0667
     atom=  Cl   l=2  rc=    1.6000  rs=    1.0667
     atom=  Cl   l=2  rc=    1.6000  rs=    1.0667
     projs nearly linearly dependent: l=2  n1,n2= 1, 2  s=  0.99993509

     atom=  H    l=0  rc=    1.0000  rs=    0.6667
     atom=  H    l=0  rc=    1.0000  rs=    0.6667
     projs nearly linearly dependent: l=0  n1,n2= 1, 2  s=  0.99968852
     -----------------------------------------------------------------

     GIPAW integrals: -------------------------------------------
     Atom  i/j   nmr_para   nmr_dia   epr_rmc  epr_para   epr_dia
       C   1 1   0.83E+03  0.17E-01  0.93E+01  0.24E+08  0.24E+03
       C   2 1   0.86E+03 -0.61E-01  0.94E+01  0.25E+08  0.25E+03
       C   2 2   0.90E+03 -0.15E+00  0.97E+01  0.26E+08  0.26E+03
       C   3 3   0.33E+01  0.34E+00  0.18E+01  0.55E+03  0.21E+02
       C   4 3   0.35E+01  0.37E+00  0.20E+01  0.59E+03  0.22E+02
       C   4 4   0.38E+01  0.39E+00  0.22E+01  0.63E+03  0.24E+02
       Cl  1 1   0.14E+04 -0.47E+00  0.84E+01  0.32E+09  0.42E+03
       Cl  2 1   0.21E+04 -0.37E+00  0.12E+02  0.49E+09  0.65E+03
       Cl  2 2   0.33E+04 -0.16E+00  0.21E+02  0.76E+09  0.10E+04
       Cl  3 3   0.21E+02  0.79E-01  0.89E+01  0.23E+05  0.13E+03
       Cl  4 3   0.24E+02  0.67E-01  0.99E+01  0.27E+05  0.15E+03
       Cl  4 4   0.28E+02  0.44E-01  0.11E+02  0.32E+05  0.18E+03
       Cl  5 5   0.77E+00  0.19E+00  0.18E+01  0.12E+03  0.22E+02
       Cl  6 5   0.80E+00  0.19E+00  0.19E+01  0.12E+03  0.23E+02
       Cl  6 6   0.83E+00  0.20E+00  0.19E+01  0.12E+03  0.23E+02
       H   1 1   0.39E+02  0.19E+00  0.29E+00  0.78E+05  0.13E+02
       H   2 1   0.41E+02  0.21E+00  0.32E+00  0.82E+05  0.14E+02
       H   2 2   0.43E+02  0.22E+00  0.36E+00  0.86E+05  0.15E+02
     ------------------------------------------------------------

     alpha_pv=     34.0388 eV

     Number of occupied bands for each k-point:
     k-point:     1    nbnd_occ=  42
     k-point:     2    nbnd_occ=  42
     k-point:     3    nbnd_occ=  42
     k-point:     4    nbnd_occ=  42
     k-point:     5    nbnd_occ=  42
     k-point:     6    nbnd_occ=  42
     k-point:     7    nbnd_occ=  42
     k-point:     8    nbnd_occ=  42
     k-point:     9    nbnd_occ=  42
     k-point:    10    nbnd_occ=  42
     k-point:    11    nbnd_occ=  42
     k-point:    12    nbnd_occ=  42
     k-point:    13    nbnd_occ=  42
     k-point:    14    nbnd_occ=  42
     k-point:    15    nbnd_occ=  42
     k-point:    16    nbnd_occ=  42


     q-space interpolation up to   110.00 Rydberg

     GIPAW job: efg                                                                             


     ELECTRIC FIELD GRADIENTS TENSORS IN Hartree/bohrradius^2:

     ----- bare term -----
     Cl   1        0.026367        0.056253       -0.125055
     Cl   1        0.056253        0.005140       -0.098515
     Cl   1       -0.125055       -0.098515       -0.031506

     C    2       -0.055916        0.379925       -0.234031
     C    2        0.379925       -0.272934       -0.444813
     C    2       -0.234031       -0.444813        0.328850

     C    3       -0.207053        0.151814       -0.286433
     C    3        0.151814       -0.173285       -0.530567
     C    3       -0.286433       -0.530567        0.380339

     H    4       -0.456855        0.009329       -0.521950
     H    4        0.009329        0.294653       -0.083365
     H    4       -0.521950       -0.083365        0.162203

     C    5       -0.465488        0.322087       -0.228409
     C    5        0.322087        0.013700       -0.418926
     C    5       -0.228409       -0.418926        0.451788

     H    6        0.416279       -0.030651        0.063280
     H    6       -0.030651       -0.229909       -0.485290
     H    6        0.063280       -0.485290       -0.186369

     H    7        0.067421        0.212658       -0.228340
     H    7        0.212658       -0.270631        0.478604
     H    7       -0.228340        0.478604        0.203209

     C    8       -0.186746       -0.406881       -0.213280
     C    8       -0.406881       -0.242536        0.329608
     C    8       -0.213280        0.329608        0.429282

     H    9        0.147562        0.039711       -0.370334
     H    9        0.039711        0.316995       -0.213489
     H    9       -0.370334       -0.213489       -0.464556

     C   10       -0.116140        0.059618       -0.235185
     C   10        0.059618       -0.079324        0.687855
     C   10       -0.235185        0.687855        0.195464

     C   11       -0.319426       -0.204417       -0.324955
     C   11       -0.204417       -0.033018        0.449086
     C   11       -0.324955        0.449086        0.352444

     Cl  12       -0.044960       -0.089193       -0.086026
     Cl  12       -0.089193        0.002667        0.076067
     Cl  12       -0.086026        0.076067        0.042293

     H   13       -0.063112        0.281478        0.195524
     H   13        0.281478       -0.160429       -0.468518
     H   13        0.195524       -0.468518        0.223541

     C   14       -0.018008       -0.165785       -0.566369
     C   14       -0.165785       -0.099700       -0.449622
     C   14       -0.566369       -0.449622        0.117708

     H   15       -0.148521       -0.109325       -0.293904
     H   15       -0.109325        0.462695       -0.324322
     H   15       -0.293904       -0.324322       -0.314174

     C   16       -0.057056        0.454568       -0.270134
     C   16        0.454568       -0.324538       -0.253749
     C   16       -0.270134       -0.253749        0.381594

     C   17       -0.014049       -0.187091       -0.466161
     C   17       -0.187091       -0.178336       -0.563643
     C   17       -0.466161       -0.563643        0.192385

     Cl  18       -0.132072        0.123145       -0.089119
     Cl  18        0.123145       -0.033528        0.059264
     Cl  18       -0.089119        0.059264        0.165600

     H   19        0.362887        0.004401        0.314306
     H   19        0.004401        0.078217        0.358354
     H   19        0.314306        0.358354       -0.441104

     C   20       -0.132224       -0.042710       -0.300779
     C   20       -0.042710        0.103568        0.227550
     C   20       -0.300779        0.227550        0.028656

     H   21        0.195732        0.050125       -0.155662
     H   21        0.050125        0.309553       -0.193521
     H   21       -0.155662       -0.193521       -0.505285

     C   22        0.091234       -0.271791        0.029759
     C   22       -0.271791       -0.139462        0.100633
     C   22        0.029759        0.100633        0.048228

     C   23        0.005647        0.004526       -0.552619
     C   23        0.004526       -0.074426        0.426302
     C   23       -0.552619        0.426302        0.068778

     Cl  24       -0.170698        0.031379        0.229189
     Cl  24        0.031379        0.029646       -0.187623
     Cl  24        0.229189       -0.187623        0.141052

     ----- ionic term -----
     Cl   1        0.167951       -0.203523       -0.016243
     Cl   1       -0.203523       -0.033426        0.012023
     Cl   1       -0.016243        0.012023       -0.134524

     C    2        0.231608       -0.182135        0.223635
     C    2       -0.182135       -0.005208        0.462845
     C    2        0.223635        0.462845       -0.226400

     C    3        0.213269       -0.321953        0.142439
     C    3       -0.321953        0.052184        0.397315
     C    3        0.142439        0.397315       -0.265453

     H    4        0.645132        0.222104        0.679899
     H    4        0.222104       -0.497237        0.213619
     H    4        0.679899        0.213619       -0.147895

     C    5        0.271545       -0.262337        0.261594
     C    5       -0.262337       -0.026702        0.319233
     C    5        0.261594        0.319233       -0.244843

     H    6       -0.529982       -0.044070       -0.004323
     H    6       -0.044070        0.608439        0.748685
     H    6       -0.004323        0.748685       -0.078457

     H    7       -0.516552       -0.158903        0.100406
     H    7       -0.158903        0.599456       -0.700755
     H    7        0.100406       -0.700755       -0.082904

     C    8        0.100670        0.206697        0.391859
     C    8        0.206697        0.073338       -0.236984
     C    8        0.391859       -0.236984       -0.174008

     H    9        0.091699       -0.102627        0.782376
     H    9       -0.102627       -0.493163       -0.186118
     H    9        0.782376       -0.186118        0.401464

     C   10       -0.105958        0.263952        0.276809
     C   10        0.263952        0.201120       -0.361230
     C   10        0.276809       -0.361230       -0.095162

     C   11       -0.084507        0.293662        0.399511
     C   11        0.293662        0.131084       -0.341097
     C   11        0.399511       -0.341097       -0.046577

     Cl  12        0.066581        0.237506        0.041963
     Cl  12        0.237506        0.086655        0.035222
     Cl  12        0.041963        0.035222       -0.153236

     H   13       -0.505984       -0.056957       -0.024215
     H   13       -0.056957        0.675736        0.711375
     H   13       -0.024215        0.711375       -0.169752

     C   14        0.293499       -0.197935        0.271398
     C   14       -0.197935        0.020764        0.320246
     C   14        0.271398        0.320246       -0.314263

     H   15        0.468666        0.245381        0.778389
     H   15        0.245381       -0.457854        0.261277
     H   15        0.778389        0.261277       -0.010811

     C   16        0.147114       -0.298140        0.195844
     C   16       -0.298140        0.108510        0.384649
     C   16        0.195844        0.384649       -0.255624

     C   17        0.181405       -0.257053        0.293959
     C   17       -0.257053        0.042513        0.384796
     C   17        0.293959        0.384796       -0.223919

     Cl  18        0.159946       -0.216211        0.040022
     Cl  18       -0.216211       -0.013589       -0.011049
     Cl  18        0.040022       -0.011049       -0.146357

     H   19       -0.537325       -0.117211        0.092363
     H   19       -0.117211        0.587227       -0.718493
     H   19        0.092363       -0.718493       -0.049902

     C   20        0.041743        0.269848        0.359009
     C   20        0.269848        0.006233       -0.234510
     C   20        0.359009       -0.234510       -0.047976

     H   21        0.174030       -0.039064        0.818052
     H   21       -0.039064       -0.522296       -0.115919
     H   21        0.818052       -0.115919        0.348266

     C   22       -0.040191        0.308597        0.246647
     C   22        0.308597        0.111690       -0.369394
     C   22        0.246647       -0.369394       -0.071499

     C   23        0.030738        0.258699        0.363712
     C   23        0.258699        0.074064       -0.385607
     C   23        0.363712       -0.385607       -0.104802

     Cl  24        0.091135        0.217588        0.040548
     Cl  24        0.217588        0.051596        0.017652
     Cl  24        0.040548        0.017652       -0.142731

     ----- GIPAW term -----
     Cl   1        1.886268       -0.761779       -1.829628
     Cl   1       -0.761779       -0.524598       -1.048413
     Cl   1       -1.829628       -1.048413       -1.361670

     C    2        0.212308       -0.024870       -0.088377
     C    2       -0.024870       -0.120492       -0.061494
     C    2       -0.088377       -0.061494       -0.091816

     C    3       -0.058160       -0.017862       -0.046156
     C    3       -0.017862       -0.015576       -0.110713
     C    3       -0.046156       -0.110713        0.073736

     H    4       -0.000000        0.000000        0.000000
     H    4        0.000000        0.000000        0.000000
     H    4        0.000000        0.000000        0.000000

     C    5       -0.111874        0.024488        0.001980
     C    5        0.024488        0.027184       -0.152740
     C    5        0.001980       -0.152740        0.084690

     H    6       -0.000000        0.000000        0.000000
     H    6        0.000000        0.000000        0.000000
     H    6        0.000000        0.000000        0.000000

     H    7       -0.000000        0.000000        0.000000
     H    7        0.000000        0.000000        0.000000
     H    7        0.000000        0.000000        0.000000

     C    8        0.123711       -0.038800       -0.025146
     C    8       -0.038800       -0.119236        0.053109
     C    8       -0.025146        0.053109       -0.004475

     H    9       -0.000000        0.000000        0.000000
     H    9        0.000000        0.000000        0.000000
     H    9        0.000000        0.000000        0.000000

     C   10       -0.115523        0.120048        0.006520
     C   10        0.120048        0.101733        0.246126
     C   10        0.006520        0.246126        0.013790

     C   11       -0.022500        0.108478       -0.044956
     C   11        0.108478        0.069704        0.113464
     C   11       -0.044956        0.113464       -0.047203

     Cl  12        0.072577        0.228344       -1.278215
     Cl  12        0.228344        0.678727        2.030892
     Cl  12       -1.278215        2.030892       -0.751304

     H   13       -0.000000        0.000000        0.000000
     H   13        0.000000        0.000000        0.000000
     H   13        0.000000        0.000000        0.000000

     C   14        0.228456       -0.108817       -0.173890
     C   14       -0.108817       -0.139826       -0.059652
     C   14       -0.173890       -0.059652       -0.088630

     H   15       -0.000000        0.000000        0.000000
     H   15        0.000000        0.000000        0.000000
     H   15        0.000000        0.000000        0.000000

     C   16        0.162250       -0.023128       -0.150972
     C   16       -0.023128       -0.135752        0.027321
     C   16       -0.150972        0.027321       -0.026498

     C   17        0.112472       -0.212576       -0.117464
     C   17       -0.212576       -0.031809       -0.065507
     C   17       -0.117464       -0.065507       -0.080664

     Cl  18        0.745806       -1.952427       -0.732376
     Cl  18       -1.952427       -0.090385        0.528548
     Cl  18       -0.732376        0.528548       -0.655421

     H   19       -0.000000        0.000000        0.000000
     H   19        0.000000        0.000000        0.000000
     H   19        0.000000        0.000000        0.000000

     C   20        0.033605       -0.039690       -0.122430
     C   20       -0.039690       -0.053282        0.064269
     C   20       -0.122430        0.064269        0.019677

     H   21       -0.000000        0.000000        0.000000
     H   21        0.000000        0.000000        0.000000
     H   21        0.000000        0.000000        0.000000

     C   22        0.017621       -0.037907       -0.032569
     C   22       -0.037907       -0.022380        0.020694
     C   22       -0.032569        0.020694        0.004759

     C   23        0.113536       -0.030474       -0.195657
     C   23       -0.030474       -0.054379        0.114617
     C   23       -0.195657        0.114617       -0.059156

     Cl  24        0.255021       -0.380574       -0.860585
     Cl  24       -0.380574        0.055059        0.900902
     Cl  24       -0.860585        0.900902       -0.310080

     ----- total EFG -----
     Cl   1        2.080585       -0.909049       -1.970926
     Cl   1       -0.909049       -0.552884       -1.134905
     Cl   1       -1.970926       -1.134905       -1.527701

     C    2        0.388000        0.172920       -0.098774
     C    2        0.172920       -0.398634       -0.043462
     C    2       -0.098774       -0.043462        0.010633

     C    3       -0.051944       -0.188001       -0.190150
     C    3       -0.188001       -0.136678       -0.243964
     C    3       -0.190150       -0.243964        0.188621

     H    4        0.188277        0.231434        0.157949
     H    4        0.231434       -0.202585        0.130254
     H    4        0.157949        0.130254        0.014308

     C    5       -0.305817        0.084239        0.035164
     C    5        0.084239        0.014182       -0.252433
     C    5        0.035164       -0.252433        0.291635

     H    6       -0.113703       -0.074722        0.058957
     H    6       -0.074722        0.378530        0.263395
     H    6        0.058957        0.263395       -0.264827

     H    7       -0.449131        0.053754       -0.127933
     H    7        0.053754        0.328826       -0.222152
     H    7       -0.127933       -0.222152        0.120305

     C    8        0.037635       -0.238984        0.153432
     C    8       -0.238984       -0.288433        0.145732
     C    8        0.153432        0.145732        0.250799

     H    9        0.239261       -0.062916        0.412042
     H    9       -0.062916       -0.176168       -0.399606
     H    9        0.412042       -0.399606       -0.063092

     C   10       -0.337622        0.443618        0.048144
     C   10        0.443618        0.223529        0.572750
     C   10        0.048144        0.572750        0.114092

     C   11       -0.426433        0.197723        0.029601
     C   11        0.197723        0.167770        0.221452
     C   11        0.029601        0.221452        0.258664

     Cl  12        0.094198        0.376657       -1.322278
     Cl  12        0.376657        0.768049        2.142181
     Cl  12       -1.322278        2.142181       -0.862247

     H   13       -0.569096        0.224521        0.171309
     H   13        0.224521        0.515307        0.242857
     H   13        0.171309        0.242857        0.053789

     C   14        0.503947       -0.472537       -0.468861
     C   14       -0.472537       -0.218762       -0.189027
     C   14       -0.468861       -0.189027       -0.285185

     H   15        0.320144        0.136055        0.484485
     H   15        0.136055        0.004841       -0.063045
     H   15        0.484485       -0.063045       -0.324985

     C   16        0.252308        0.133300       -0.225262
     C   16        0.133300       -0.351780        0.158220
     C   16       -0.225262        0.158220        0.099472

     C   17        0.279828       -0.656720       -0.289666
     C   17       -0.656720       -0.167631       -0.244354
     C   17       -0.289666       -0.244354       -0.112197

     Cl  18        0.773680       -2.045493       -0.781474
     Cl  18       -2.045493       -0.137502        0.576763
     Cl  18       -0.781474        0.576763       -0.636178

     H   19       -0.174438       -0.112810        0.406669
     H   19       -0.112810        0.665444       -0.360138
     H   19        0.406669       -0.360138       -0.491007

     C   20       -0.056877        0.187448       -0.064201
     C   20        0.187448        0.056520        0.057309
     C   20       -0.064201        0.057309        0.000357

     H   21        0.369762        0.011060        0.662390
     H   21        0.011060       -0.212743       -0.309440
     H   21        0.662390       -0.309440       -0.157019

     C   22        0.068664       -0.001101        0.243837
     C   22       -0.001101       -0.050152       -0.248066
     C   22        0.243837       -0.248066       -0.018512

     C   23        0.149921        0.232751       -0.384564
     C   23        0.232751       -0.054741        0.155312
     C   23       -0.384564        0.155312       -0.095180

     Cl  24        0.175459       -0.131606       -0.590848
     Cl  24       -0.131606        0.136301        0.730931
     Cl  24       -0.590848        0.730931       -0.311760

     ----- total EFG (symmetrized) -----
     Cl   1        2.080585       -0.909049       -1.970926
     Cl   1       -0.909049       -0.552884       -1.134905
     Cl   1       -1.970926       -1.134905       -1.527701

     C    2        0.388000        0.172920       -0.098774
     C    2        0.172920       -0.398634       -0.043462
     C    2       -0.098774       -0.043462        0.010633

     C    3       -0.051944       -0.188001       -0.190150
     C    3       -0.188001       -0.136678       -0.243964
     C    3       -0.190150       -0.243964        0.188621

     H    4        0.188277        0.231434        0.157949
     H    4        0.231434       -0.202585        0.130254
     H    4        0.157949        0.130254        0.014308

     C    5       -0.305817        0.084239        0.035164
     C    5        0.084239        0.014182       -0.252433
     C    5        0.035164       -0.252433        0.291635

     H    6       -0.113703       -0.074722        0.058957
     H    6       -0.074722        0.378530        0.263395
     H    6        0.058957        0.263395       -0.264827

     H    7       -0.449131        0.053754       -0.127933
     H    7        0.053754        0.328826       -0.222152
     H    7       -0.127933       -0.222152        0.120305

     C    8        0.037635       -0.238984        0.153432
     C    8       -0.238984       -0.288433        0.145732
     C    8        0.153432        0.145732        0.250799

     H    9        0.239261       -0.062916        0.412042
     H    9       -0.062916       -0.176168       -0.399606
     H    9        0.412042       -0.399606       -0.063092

     C   10       -0.337622        0.443618        0.048144
     C   10        0.443618        0.223529        0.572750
     C   10        0.048144        0.572750        0.114092

     C   11       -0.426433        0.197723        0.029601
     C   11        0.197723        0.167770        0.221452
     C   11        0.029601        0.221452        0.258664

     Cl  12        0.094198        0.376657       -1.322278
     Cl  12        0.376657        0.768049        2.142181
     Cl  12       -1.322278        2.142181       -0.862247

     H   13       -0.569096        0.224521        0.171309
     H   13        0.224521        0.515307        0.242857
     H   13        0.171309        0.242857        0.053789

     C   14        0.503947       -0.472537       -0.468861
     C   14       -0.472537       -0.218762       -0.189027
     C   14       -0.468861       -0.189027       -0.285185

     H   15        0.320144        0.136055        0.484485
     H   15        0.136055        0.004841       -0.063045
     H   15        0.484485       -0.063045       -0.324985

     C   16        0.252308        0.133300       -0.225262
     C   16        0.133300       -0.351780        0.158220
     C   16       -0.225262        0.158220        0.099472

     C   17        0.279828       -0.656720       -0.289666
     C   17       -0.656720       -0.167631       -0.244354
     C   17       -0.289666       -0.244354       -0.112197

     Cl  18        0.773680       -2.045493       -0.781474
     Cl  18       -2.045493       -0.137502        0.576763
     Cl  18       -0.781474        0.576763       -0.636178

     H   19       -0.174438       -0.112810        0.406669
     H   19       -0.112810        0.665444       -0.360138
     H   19        0.406669       -0.360138       -0.491007

     C   20       -0.056877        0.187448       -0.064201
     C   20        0.187448        0.056520        0.057309
     C   20       -0.064201        0.057309        0.000357

     H   21        0.369762        0.011060        0.662390
     H   21        0.011060       -0.212743       -0.309440
     H   21        0.662390       -0.309440       -0.157019

     C   22        0.068664       -0.001101        0.243837
     C   22       -0.001101       -0.050152       -0.248066
     C   22        0.243837       -0.248066       -0.018512

     C   23        0.149921        0.232751       -0.384564
     C   23        0.232751       -0.054741        0.155312
     C   23       -0.384564        0.155312       -0.095180

     Cl  24        0.175459       -0.131606       -0.590848
     Cl  24       -0.131606        0.136301        0.730931
     Cl  24       -0.590848        0.730931       -0.311760


     NQR/NMR SPECTROSCOPIC PARAMETERS:
     Cl   1    Vxx=    0.1670    axis=( -0.085063  0.870798 -0.484226)
     Cl   1    Vyy=    2.9926    axis=(  0.920787 -0.116975 -0.372112)
     Cl   1    Vzz=   -3.1596    axis=(  0.380677  0.477522  0.791870)
     Cl   1  Q=        -8.1650 1e-30 m^2  Cq=        60.6148 MHz  eta= 0.89429

     C    2    Vxx=   -0.0137    axis=(  0.239607 -0.001982  0.970868)
     C    2    Vyy=   -0.4361    axis=( -0.199209  0.978621  0.051162)
     C    2    Vzz=    0.4498    axis=( -0.950213 -0.205664  0.234089)
     C    2  Q=         1.0000 1e-30 m^2  Cq=         1.0568 MHz  eta= 0.93928

     C    3    Vxx=    0.0984    axis=(  0.786619 -0.617333 -0.011429)
     C    3    Vyy=    0.3410    axis=(  0.264736  0.353939 -0.897018)
     C    3    Vzz=   -0.4394    axis=(  0.557804  0.702586  0.441846)
     C    3  Q=         1.0000 1e-30 m^2  Cq=        -1.0323 MHz  eta= 0.55226

     H    4    Vxx=   -0.0789    axis=( -0.497491 -0.017529  0.867292)
     H    4    Vyy=   -0.3199    axis=(  0.358385 -0.914636  0.187088)
     H    4    Vzz=    0.3988    axis=(  0.789977  0.403899  0.461305)
     H    4  Q=         1.0000 1e-30 m^2  Cq=         0.9371 MHz  eta= 0.60422

     C    5    Vxx=   -0.0962    axis=(  0.395537  0.785742  0.475564)
     C    5    Vyy=   -0.3450    axis=(  0.918289 -0.348033 -0.188729)
     C    5    Vzz=    0.4412    axis=( -0.017219 -0.511354  0.859198)
     C    5  Q=         1.0000 1e-30 m^2  Cq=         1.0366 MHz  eta= 0.56390

     H    6    Vxx=   -0.0937    axis=(  0.953269 -0.017398  0.301621)
     H    6    Vyy=   -0.3833    axis=(  0.289513  0.338006 -0.895508)
     H    6    Vzz=    0.4770    axis=( -0.086370  0.940983  0.327248)
     H    6  Q=         1.0000 1e-30 m^2  Cq=         1.1207 MHz  eta= 0.60718

     H    7    Vxx=   -0.0075    axis=( -0.166338  0.561874  0.810327)
     H    7    Vyy=   -0.4766    axis=( -0.978390  0.008313 -0.206601)
     H    7    Vzz=    0.4841    axis=( -0.122820 -0.827181  0.548349)
     H    7  Q=         1.0000 1e-30 m^2  Cq=         1.1374 MHz  eta= 0.96913

     C    8    Vxx=    0.1391    axis=(  0.765956 -0.544596 -0.341653)
     C    8    Vyy=    0.3319    axis=(  0.433222  0.044580  0.900184)
     C    8    Vzz=   -0.4710    axis=( -0.475006 -0.837513  0.270077)
     C    8  Q=         1.0000 1e-30 m^2  Cq=        -1.1066 MHz  eta= 0.40924

     H    9    Vxx=   -0.0406    axis=(  0.646615  0.685589 -0.334449)
     H    9    Vyy=   -0.5948    axis=( -0.303734  0.633585  0.711559)
     H    9    Vzz=    0.6354    axis=(  0.699739 -0.358521  0.617922)
     H    9  Q=         1.0000 1e-30 m^2  Cq=         1.4928 MHz  eta= 0.87230

     C   10    Vxx=   -0.1774    axis=( -0.636507 -0.306673  0.707679)
     C   10    Vyy=   -0.6807    axis=( -0.710216  0.590847 -0.382744)
     C   10    Vzz=    0.8581    axis=( -0.300753 -0.746225 -0.593883)
     C   10  Q=         1.0000 1e-30 m^2  Cq=         2.0163 MHz  eta= 0.58652

     C   11    Vxx=    0.0232    axis=(  0.257645  0.687513 -0.678929)
     C   11    Vyy=    0.4649    axis=(  0.170558  0.659258  0.732317)
     C   11    Vzz=   -0.4881    axis=( -0.951067  0.304475 -0.052593)
     C   11  Q=         1.0000 1e-30 m^2  Cq=        -1.1468 MHz  eta= 0.90503

     Cl  12    Vxx=    0.5633    axis=(  0.887370  0.417360 -0.195918)
     Cl  12    Vyy=    2.3475    axis=(  0.226350 -0.764554 -0.603510)
     Cl  12    Vzz=   -2.9108    axis=( -0.401671  0.491191 -0.772912)
     Cl  12  Q=        -8.1650 1e-30 m^2  Cq=        55.8420 MHz  eta= 0.61296

     H   13    Vxx=   -0.0430    axis=(  0.106988 -0.432436  0.895295)
     H   13    Vyy=   -0.6369    axis=(  0.970688 -0.149484 -0.188199)
     H   13    Vzz=    0.6799    axis=(  0.215216  0.889187  0.403767)
     H   13  Q=         1.0000 1e-30 m^2  Cq=         1.5976 MHz  eta= 0.87339

     C   14    Vxx=   -0.0622    axis=(  0.035084  0.724773 -0.688094)
     C   14    Vyy=   -0.7859    axis=(  0.458187  0.600227  0.655585)
     C   14    Vzz=    0.8481    axis=(  0.888163 -0.338276 -0.311023)
     C   14  Q=         1.0000 1e-30 m^2  Cq=         1.9927 MHz  eta= 0.85338

     H   15    Vxx=    0.0144    axis=( -0.044746  0.968787 -0.243824)
     H   15    Vyy=    0.5937    axis=( -0.878257 -0.154463 -0.452554)
     H   15    Vzz=   -0.6081    axis=( -0.476090  0.193890  0.857756)
     H   15  Q=         1.0000 1e-30 m^2  Cq=        -1.4289 MHz  eta= 0.95256

     C   16    Vxx=    0.0450    axis=(  0.500575  0.460455  0.733080)
     C   16    Vyy=    0.4141    axis=( -0.818546 -0.023896  0.573944)
     C   16    Vzz=   -0.4592    axis=( -0.281793  0.887361 -0.364942)
     C   16  Q=         1.0000 1e-30 m^2  Cq=        -1.0789 MHz  eta= 0.80385

     C   17    Vxx=    0.0666    axis=( -0.169419 -0.443262  0.880236)
     C   17    Vyy=    0.7611    axis=( -0.825185  0.552138  0.119218)
     C   17    Vzz=   -0.8277    axis=( -0.538857 -0.706160 -0.459316)
     C   17  Q=         1.0000 1e-30 m^2  Cq=        -1.9448 MHz  eta= 0.83906

     Cl  18    Vxx=   -0.9172    axis=(  0.190940 -0.208614  0.959178)
     Cl  18    Vyy=   -1.7792    axis=( -0.632583 -0.773338 -0.042270)
     Cl  18    Vzz=    2.6964    axis=(  0.750587 -0.598689 -0.279627)
     Cl  18  Q=        -8.1650 1e-30 m^2  Cq=       -51.7282 MHz  eta= 0.31969

     H   19    Vxx=   -0.0133    axis=(  0.826550  0.364798  0.428646)
     H   19    Vyy=   -0.8087    axis=(  0.510966 -0.166904 -0.843242)
     H   19    Vzz=    0.8220    axis=( -0.236070  0.916005 -0.324353)
     H   19  Q=         1.0000 1e-30 m^2  Cq=         1.9315 MHz  eta= 0.96757

     C   20    Vxx=    0.0322    axis=( -0.308489  0.173749  0.935225)
     C   20    Vyy=    0.1960    axis=( -0.587735 -0.807868 -0.043780)
     C   20    Vzz=   -0.2282    axis=(  0.747932 -0.563170  0.351337)
     C   20  Q=         1.0000 1e-30 m^2  Cq=        -0.5361 MHz  eta= 0.71793

     H   21    Vxx=   -0.1049    axis=(  0.386002  0.875322 -0.291228)
     H   21    Vyy=   -0.7411    axis=( -0.459125  0.456106  0.762346)
     H   21    Vzz=    0.8460    axis=(  0.800129 -0.160557  0.577940)
     H   21  Q=         1.0000 1e-30 m^2  Cq=         1.9877 MHz  eta= 0.75198

     C   22    Vxx=    0.0084    axis=(  0.693796  0.700223 -0.168332)
     C   22    Vyy=    0.3490    axis=( -0.594892  0.425493 -0.681952)
     C   22    Vzz=   -0.3574    axis=( -0.405894  0.573275  0.711762)
     C   22  Q=         1.0000 1e-30 m^2  Cq=        -0.8397 MHz  eta= 0.95303

     C   23    Vxx=    0.0730    axis=(  0.107600  0.840867  0.530438)
     C   23    Vyy=    0.4528    axis=( -0.826684 -0.220711  0.517571)
     C   23    Vzz=   -0.5258    axis=(  0.552282 -0.494195  0.671383)
     C   23  Q=         1.0000 1e-30 m^2  Cq=        -1.2355 MHz  eta= 0.72229

     Cl  24    Vxx=    0.0305    axis=(  0.766422  0.640740  0.045276)
     Cl  24    Vyy=    0.9713    axis=(  0.537892 -0.601676 -0.590472)
     Cl  24    Vzz=   -1.0018    axis=( -0.351097  0.476905 -0.805787)
     Cl  24  Q=        -8.1650 1e-30 m^2  Cq=        19.2191 MHz  eta= 0.93905

     Initialization:
     gipaw_setup  :      9.43s CPU     11.69s WALL (       1 calls)

     Linear response

     Apply operators

     Induced current

     Other routines
     efg          :      9.71s CPU     14.96s WALL (       1 calls)

     General routines
     calbec       :      3.27s CPU      4.55s WALL (      16 calls)
     fft          :      1.30s CPU      1.52s WALL (      15 calls)
     ffts         :      0.06s CPU      0.10s WALL (       2 calls)
     fftw         :      3.71s CPU      5.30s WALL (     672 calls)
     davcio       :      0.02s CPU      1.85s WALL (      32 calls)

     Parallel routines
     fft_scatter  :      2.39s CPU      4.04s WALL (     689 calls)

     Plugins

     GIPAW        :     62.80s CPU     78.77s WALL (       1 calls)
