
     Program QE v.6.0 (svn rev. 13079) starts on 23Jan2017 at 18: 3:22 

     This program is part of the open-source Quantum ESPRESSO suite
     for quantum simulation of materials; please cite
         "P. Giannozzi et al., J. Phys.:Condens. Matter 21 395502 (2009);
          URL http://www.quantum-espresso.org", 
     in publications or presentations arising from this work. More details at
     http://www.quantum-espresso.org/quote

     Parallel version (MPI), running on     8 processors
     R & G space division:  proc/nbgrp/npool/nimage =       8

     ***** This is GIPAW svn revision unknown      *****

     Parallelizing q-star over 1 images

     Reading data from directory:
     /users/majewski/paradichlorobenzene/pbe/9_constraint/scratch/pbe.ecut100.np8.dt60.pcl2phi-129368.save
     Message from routine read_xml_file:
     file /users/majewski/paradichlorobenzene/pbe/9_constraint/scratch/pbe.ecut100.np8.dt60.pcl2phi-129368.save not guaranteed to be safe for post-processing

   Info: using nr1, nr2, nr3 values from input

   Info: using nr1, nr2, nr3 values from input

     IMPORTANT: XC functional enforced from input :
     Exchange-correlation      =  SLA  PW   PBX  PBC ( 1  4  3  4 0 0)
     Any further DFT definition will be discarded
     Please, verify this is what you really want

               file C.pbe-n-kjpaw_psl.1.0.0.UPF: wavefunction(s)  2S 2P renormalized
               file Cl.pbe-n-kjpaw_psl.1.0.0.UPF: wavefunction(s)  3S 3P renormalized
               file H.pbe-kjpaw_psl.1.0.0.UPF: wavefunction(s)  1S renormalized

     Parallelization info
     --------------------
     sticks:   dense  smooth     PW     G-vecs:    dense   smooth      PW
     Min        3057    1223    332               144436    36536    5170
     Max        3059    1225    333               144437    36537    5171
     Sum       24467    9791   2657              1155489   292295   41363


     Subspace diagonalization in iterative solution of the eigenvalue problem:
     a serial algorithm will be used

     GIPAW projectors -----------------------------------------------
     atom=  C    l=0  rc=    1.2000  rs=    0.8000
     atom=  C    l=0  rc=    1.2000  rs=    0.8000
     atom=  C    l=1  rc=    1.4000  rs=    0.9333
     atom=  C    l=1  rc=    1.4000  rs=    0.9333
     projs nearly linearly dependent: l=1  n1,n2= 1, 2  s=  0.99951561

     atom=  Cl   l=0  rc=    1.6000  rs=    1.0667
     atom=  Cl   l=0  rc=    1.6000  rs=    1.0667
     atom=  Cl   l=1  rc=    1.6000  rs=    1.0667
     atom=  Cl   l=1  rc=    1.6000  rs=    1.0667
     atom=  Cl   l=2  rc=    1.6000  rs=    1.0667
     atom=  Cl   l=2  rc=    1.6000  rs=    1.0667
     projs nearly linearly dependent: l=2  n1,n2= 1, 2  s=  0.99993509

     atom=  H    l=0  rc=    1.0000  rs=    0.6667
     atom=  H    l=0  rc=    1.0000  rs=    0.6667
     projs nearly linearly dependent: l=0  n1,n2= 1, 2  s=  0.99968852
     -----------------------------------------------------------------

     GIPAW integrals: -------------------------------------------
     Atom  i/j   nmr_para   nmr_dia   epr_rmc  epr_para   epr_dia
       C   1 1   0.83E+03  0.17E-01  0.93E+01  0.24E+08  0.24E+03
       C   2 1   0.86E+03 -0.61E-01  0.94E+01  0.25E+08  0.25E+03
       C   2 2   0.90E+03 -0.15E+00  0.97E+01  0.26E+08  0.26E+03
       C   3 3   0.33E+01  0.34E+00  0.18E+01  0.55E+03  0.21E+02
       C   4 3   0.35E+01  0.37E+00  0.20E+01  0.59E+03  0.22E+02
       C   4 4   0.38E+01  0.39E+00  0.22E+01  0.63E+03  0.24E+02
       Cl  1 1   0.14E+04 -0.47E+00  0.84E+01  0.32E+09  0.42E+03
       Cl  2 1   0.21E+04 -0.37E+00  0.12E+02  0.49E+09  0.65E+03
       Cl  2 2   0.33E+04 -0.16E+00  0.21E+02  0.76E+09  0.10E+04
       Cl  3 3   0.21E+02  0.79E-01  0.89E+01  0.23E+05  0.13E+03
       Cl  4 3   0.24E+02  0.67E-01  0.99E+01  0.27E+05  0.15E+03
       Cl  4 4   0.28E+02  0.44E-01  0.11E+02  0.32E+05  0.18E+03
       Cl  5 5   0.77E+00  0.19E+00  0.18E+01  0.12E+03  0.22E+02
       Cl  6 5   0.80E+00  0.19E+00  0.19E+01  0.12E+03  0.23E+02
       Cl  6 6   0.83E+00  0.20E+00  0.19E+01  0.12E+03  0.23E+02
       H   1 1   0.39E+02  0.19E+00  0.29E+00  0.78E+05  0.13E+02
       H   2 1   0.41E+02  0.21E+00  0.32E+00  0.82E+05  0.14E+02
       H   2 2   0.43E+02  0.22E+00  0.36E+00  0.86E+05  0.15E+02
     ------------------------------------------------------------

     alpha_pv=     34.0448 eV

     Number of occupied bands for each k-point:
     k-point:     1    nbnd_occ=  42
     k-point:     2    nbnd_occ=  42
     k-point:     3    nbnd_occ=  42
     k-point:     4    nbnd_occ=  42
     k-point:     5    nbnd_occ=  42
     k-point:     6    nbnd_occ=  42
     k-point:     7    nbnd_occ=  42
     k-point:     8    nbnd_occ=  42
     k-point:     9    nbnd_occ=  42
     k-point:    10    nbnd_occ=  42
     k-point:    11    nbnd_occ=  42
     k-point:    12    nbnd_occ=  42
     k-point:    13    nbnd_occ=  42
     k-point:    14    nbnd_occ=  42
     k-point:    15    nbnd_occ=  42
     k-point:    16    nbnd_occ=  42


     q-space interpolation up to   110.00 Rydberg

     GIPAW job: efg                                                                             


     ELECTRIC FIELD GRADIENTS TENSORS IN Hartree/bohrradius^2:

     ----- bare term -----
     Cl   1        0.043157        0.161999       -0.027010
     Cl   1        0.161999        0.081342       -0.013468
     Cl   1       -0.027010       -0.013468       -0.124499

     C    2        0.056565        0.485640       -0.130805
     C    2        0.485640       -0.281963       -0.516650
     C    2       -0.130805       -0.516650        0.225398

     C    3       -0.084107       -0.024059        0.004177
     C    3       -0.024059       -0.063412       -0.088668
     C    3        0.004177       -0.088668        0.147519

     H    4       -0.254917       -0.407505        0.103569
     H    4       -0.407505       -0.017330        0.147162
     H    4        0.103569        0.147162        0.272247

     C    5       -0.104189        0.134541       -0.062207
     C    5        0.134541       -0.168540       -0.017607
     C    5       -0.062207       -0.017607        0.272729

     H    6        0.277934       -0.375599        0.149761
     H    6       -0.375599       -0.550016        0.190394
     H    6        0.149761        0.190394        0.272081

     H    7        0.498185       -0.030951       -0.215941
     H    7       -0.030951       -0.063656        0.267487
     H    7       -0.215941        0.267487       -0.434530

     C    8       -0.556458       -0.327119       -0.096771
     C    8       -0.327119        0.167871        0.407015
     C    8       -0.096771        0.407015        0.388588

     H    9        0.053662       -0.065241       -0.499374
     H    9       -0.065241        0.207981       -0.232542
     H    9       -0.499374       -0.232542       -0.261643

     C   10       -0.009208        0.189283       -0.260843
     C   10        0.189283       -0.079124        0.661799
     C   10       -0.260843        0.661799        0.088332

     C   11       -0.253690       -0.289896       -0.209466
     C   11       -0.289896       -0.125970        0.390509
     C   11       -0.209466        0.390509        0.379660

     Cl  12       -0.005958        0.135057        0.004694
     Cl  12        0.135057        0.028562        0.092364
     Cl  12        0.004694        0.092364       -0.022603

     H   13        0.502961       -0.095031       -0.049383
     H   13       -0.095031       -0.646966        0.159980
     H   13       -0.049383        0.159980        0.144004

     C   14       -0.517704       -0.094950       -0.257068
     C   14       -0.094950       -0.025745       -0.346501
     C   14       -0.257068       -0.346501        0.543449

     H   15       -0.280923       -0.461896        0.028340
     H   15       -0.461896        0.075877        0.198021
     H   15        0.028340        0.198021        0.205047

     C   16       -0.119890        0.405094        0.171591
     C   16        0.405094       -0.387367       -0.476703
     C   16        0.171591       -0.476703        0.507256

     C   17       -0.091169        0.011191       -0.488631
     C   17        0.011191       -0.034043       -0.453574
     C   17       -0.488631       -0.453574        0.125212

     Cl  18        0.005313        0.229052        0.035765
     Cl  18        0.229052        0.048840        0.049696
     Cl  18        0.035765        0.049696       -0.054154

     H   19        0.262412       -0.231800        0.089944
     H   19       -0.231800       -0.474954        0.495909
     H   19        0.089944        0.495909        0.212542

     C   20       -0.053204        0.226912       -0.550646
     C   20        0.226912       -0.145236        0.425740
     C   20       -0.550646        0.425740        0.198440

     H   21        0.061803        0.060569       -0.173426
     H   21        0.060569        0.510123        0.177333
     H   21       -0.173426        0.177333       -0.571925

     C   22       -0.056648       -0.476803       -0.329583
     C   22       -0.476803       -0.322130        0.205649
     C   22       -0.329583        0.205649        0.378779

     C   23        0.140781        0.337437       -0.595576
     C   23        0.337437       -0.207728        0.588916
     C   23       -0.595576        0.588916        0.066947

     Cl  24       -0.081162       -0.360334       -0.145763
     Cl  24       -0.360334       -0.155800       -0.012784
     Cl  24       -0.145763       -0.012784        0.236963

     ----- ionic term -----
     Cl   1        0.159616       -0.198955       -0.001357
     Cl   1       -0.198955        0.014831       -0.006211
     Cl   1       -0.001357       -0.006211       -0.174447

     C    2        0.318610       -0.046369        0.163390
     C    2       -0.046369        0.270494        0.260454
     C    2        0.163390        0.260454       -0.589104

     C    3        0.191972       -0.123688        0.099820
     C    3       -0.123688        0.380856        0.273210
     C    3        0.099820        0.273210       -0.572828

     H    4        0.634255        0.570198        0.383074
     H    4        0.570198       -0.154220        0.256167
     H    4        0.383074        0.256167       -0.480035

     C    5        0.384290       -0.107613        0.126841
     C    5       -0.107613        0.186893        0.216236
     C    5        0.126841        0.216236       -0.571183

     H    6       -0.499708        0.126021        0.053655
     H    6        0.126021        0.906671        0.477095
     H    6        0.053655        0.477095       -0.406963

     H    7       -0.523940       -0.071696        0.085032
     H    7       -0.071696        0.443675       -0.777540
     H    7        0.085032       -0.777540        0.080265

     C    8        0.158672        0.208018        0.365125
     C    8        0.208018       -0.074329       -0.306618
     C    8        0.365125       -0.306618       -0.084343

     H    9        0.296779       -0.155892        0.780480
     H    9       -0.155892       -0.492955       -0.223089
     H    9        0.780480       -0.223089        0.196176

     C   10        0.019422        0.248619        0.224935
     C   10        0.248619        0.082906       -0.439246
     C   10        0.224935       -0.439246       -0.102328

     C   11        0.071377        0.185135        0.314604
     C   11        0.185135        0.060685       -0.452314
     C   11        0.314604       -0.452314       -0.132062

     Cl  12        0.117854        0.220297        0.011387
     Cl  12        0.220297        0.028808        0.010941
     Cl  12        0.011387        0.010941       -0.146661

     H   13       -0.496712        0.214946        0.065665
     H   13        0.214946        0.931629        0.437679
     H   13        0.065665        0.437679       -0.434917

     C   14        0.400802       -0.073716        0.141648
     C   14       -0.073716        0.169855        0.238406
     C   14        0.141648        0.238406       -0.570657

     H   15        0.761933        0.485389        0.421395
     H   15        0.485389       -0.261080        0.184313
     H   15        0.421395        0.184313       -0.500853

     C   16        0.269298       -0.165720        0.083241
     C   16       -0.165720        0.298651        0.253537
     C   16        0.083241        0.253537       -0.567949

     C   17        0.265001       -0.057738        0.122515
     C   17       -0.057738        0.289933        0.244008
     C   17        0.122515        0.244008       -0.554934

     Cl  18        0.136257       -0.183453        0.008315
     Cl  18       -0.183453        0.014248        0.000636
     Cl  18        0.008315        0.000636       -0.150505

     H   19       -0.529316       -0.090750        0.052609
     H   19       -0.090750        0.769369       -0.640647
     H   19        0.052609       -0.640647       -0.240053

     C   20        0.167028        0.209064        0.306112
     C   20        0.209064        0.106383       -0.273070
     C   20        0.306112       -0.273070       -0.273411

     H   21        0.231277       -0.169369        0.808492
     H   21       -0.169369       -0.486025       -0.252004
     H   21        0.808492       -0.252004        0.254749

     C   22        0.002785        0.279592        0.246203
     C   22        0.279592        0.153537       -0.398277
     C   22        0.246203       -0.398277       -0.156322

     C   23        0.086764        0.261238        0.378303
     C   23        0.261238        0.041776       -0.399603
     C   23        0.378303       -0.399603       -0.128540

     Cl  24        0.135456        0.224731        0.029628
     Cl  24        0.224731        0.021340        0.007323
     Cl  24        0.029628        0.007323       -0.156796

     ----- GIPAW term -----
     Cl   1        2.093199        0.244577       -0.306912
     Cl   1        0.244577        0.610536       -0.170565
     Cl   1       -0.306912       -0.170565       -2.703735

     C    2        0.218654        0.119331       -0.035014
     C    2        0.119331       -0.073696       -0.078286
     C    2       -0.035014       -0.078286       -0.144958

     C    3       -0.005031        0.012953       -0.034649
     C    3        0.012953       -0.000225       -0.021100
     C    3       -0.034649       -0.021100        0.005256

     H    4       -0.000000        0.000000        0.000000
     H    4        0.000000        0.000000        0.000000
     H    4        0.000000        0.000000        0.000000

     C    5        0.008463        0.039349       -0.047892
     C    5        0.039349       -0.033596       -0.034098
     C    5       -0.047892       -0.034098        0.025133

     H    6       -0.000000        0.000000        0.000000
     H    6        0.000000        0.000000        0.000000
     H    6        0.000000        0.000000        0.000000

     H    7       -0.000000        0.000000        0.000000
     H    7        0.000000        0.000000        0.000000
     H    7        0.000000        0.000000        0.000000

     C    8       -0.160894        0.040496        0.062780
     C    8        0.040496        0.132457        0.199852
     C    8        0.062780        0.199852        0.028437

     H    9       -0.000000        0.000000        0.000000
     H    9        0.000000        0.000000        0.000000
     H    9        0.000000        0.000000        0.000000

     C   10       -0.066316        0.175374        0.020283
     C   10        0.175374        0.110670        0.203909
     C   10        0.020283        0.203909       -0.044354

     C   11        0.087818        0.164453       -0.008604
     C   11        0.164453       -0.001134        0.064346
     C   11       -0.008604        0.064346       -0.086683

     Cl  12        0.937552        3.191042        0.528008
     Cl  12        3.191042        0.561187        1.222937
     Cl  12        0.528008        1.222937       -1.498739

     H   13       -0.000000        0.000000        0.000000
     H   13        0.000000        0.000000        0.000000
     H   13        0.000000        0.000000        0.000000

     C   14       -0.100138       -0.069084        0.131980
     C   14       -0.069084       -0.111489       -0.108332
     C   14        0.131980       -0.108332        0.211627

     H   15       -0.000000        0.000000        0.000000
     H   15        0.000000        0.000000        0.000000
     H   15        0.000000        0.000000        0.000000

     C   16       -0.069197       -0.003354        0.139614
     C   16       -0.003354       -0.098209       -0.147124
     C   16        0.139614       -0.147124        0.167406

     C   17        0.168548       -0.032314       -0.077880
     C   17       -0.032314       -0.019331       -0.057240
     C   17       -0.077880       -0.057240       -0.149217

     Cl  18        1.517380       -0.108329        0.378706
     Cl  18       -0.108329        0.682312        0.468531
     Cl  18        0.378706        0.468531       -2.199692

     H   19       -0.000000        0.000000        0.000000
     H   19        0.000000        0.000000        0.000000
     H   19        0.000000        0.000000        0.000000

     C   20        0.116640        0.176963       -0.208943
     C   20        0.176963       -0.100084        0.009132
     C   20       -0.208943        0.009132       -0.016555

     H   21       -0.000000        0.000000        0.000000
     H   21        0.000000        0.000000        0.000000
     H   21        0.000000        0.000000        0.000000

     C   22        0.126993       -0.028322       -0.214491
     C   22       -0.028322       -0.160536       -0.019549
     C   22       -0.214491       -0.019549        0.033544

     C   23        0.239046        0.209965       -0.174456
     C   23        0.209965       -0.106273        0.049665
     C   23       -0.174456        0.049665       -0.132772

     Cl  24        2.181920        0.716762       -1.878050
     Cl  24        0.716762       -1.465751       -0.150535
     Cl  24       -1.878050       -0.150535       -0.716170

     ----- total EFG -----
     Cl   1        2.295972        0.207622       -0.335280
     Cl   1        0.207622        0.706709       -0.190243
     Cl   1       -0.335280       -0.190243       -3.002681

     C    2        0.593829        0.558602       -0.002429
     C    2        0.558602       -0.085165       -0.334482
     C    2       -0.002429       -0.334482       -0.508665

     C    3        0.102834       -0.134794        0.069348
     C    3       -0.134794        0.317219        0.163442
     C    3        0.069348        0.163442       -0.420053

     H    4        0.379338        0.162693        0.486644
     H    4        0.162693       -0.171549        0.403329
     H    4        0.486644        0.403329       -0.207789

     C    5        0.288564        0.066277        0.016743
     C    5        0.066277       -0.015243        0.164532
     C    5        0.016743        0.164532       -0.273321

     H    6       -0.221773       -0.249578        0.203416
     H    6       -0.249578        0.356655        0.667489
     H    6        0.203416        0.667489       -0.134882

     H    7       -0.025755       -0.102646       -0.130910
     H    7       -0.102646        0.380020       -0.510052
     H    7       -0.130910       -0.510052       -0.354265

     C    8       -0.558681       -0.078604        0.331134
     C    8       -0.078604        0.225999        0.300249
     C    8        0.331134        0.300249        0.332682

     H    9        0.350441       -0.221133        0.281106
     H    9       -0.221133       -0.284975       -0.455631
     H    9        0.281106       -0.455631       -0.065466

     C   10       -0.056103        0.613275       -0.015625
     C   10        0.613275        0.114453        0.426462
     C   10       -0.015625        0.426462       -0.058350

     C   11       -0.094495        0.059692        0.096534
     C   11        0.059692       -0.066420        0.002541
     C   11        0.096534        0.002541        0.160914

     Cl  12        1.049448        3.546396        0.544089
     Cl  12        3.546396        0.618556        1.326242
     Cl  12        0.544089        1.326242       -1.668004

     H   13        0.006250        0.119916        0.016281
     H   13        0.119916        0.284663        0.597660
     H   13        0.016281        0.597660       -0.290913

     C   14       -0.217040       -0.237750        0.016560
     C   14       -0.237750        0.032621       -0.216427
     C   14        0.016560       -0.216427        0.184419

     H   15        0.481010        0.023493        0.449735
     H   15        0.023493       -0.185203        0.382334
     H   15        0.449735        0.382334       -0.295806

     C   16        0.080212        0.236020        0.394447
     C   16        0.236020       -0.186925       -0.370290
     C   16        0.394447       -0.370290        0.106713

     C   17        0.342380       -0.078861       -0.443996
     C   17       -0.078861        0.236558       -0.266806
     C   17       -0.443996       -0.266806       -0.578939

     Cl  18        1.658950       -0.062730        0.422786
     Cl  18       -0.062730        0.745400        0.518862
     Cl  18        0.422786        0.518862       -2.404351

     H   19       -0.266904       -0.322550        0.142553
     H   19       -0.322550        0.294415       -0.144739
     H   19        0.142553       -0.144739       -0.027511

     C   20        0.230464        0.612939       -0.453477
     C   20        0.612939       -0.138938        0.161802
     C   20       -0.453477        0.161802       -0.091527

     H   21        0.293080       -0.108800        0.635066
     H   21       -0.108800        0.024097       -0.074672
     H   21        0.635066       -0.074672       -0.317177

     C   22        0.073129       -0.225534       -0.297871
     C   22       -0.225534       -0.329130       -0.212178
     C   22       -0.297871       -0.212178        0.256001

     C   23        0.466591        0.808640       -0.391729
     C   23        0.808640       -0.272225        0.238979
     C   23       -0.391729        0.238979       -0.194366

     Cl  24        2.236214        0.581158       -1.994185
     Cl  24        0.581158       -1.600211       -0.155996
     Cl  24       -1.994185       -0.155996       -0.636003

     ----- total EFG (symmetrized) -----
     Cl   1        2.295972        0.207622       -0.335280
     Cl   1        0.207622        0.706709       -0.190243
     Cl   1       -0.335280       -0.190243       -3.002681

     C    2        0.593829        0.558602       -0.002429
     C    2        0.558602       -0.085165       -0.334482
     C    2       -0.002429       -0.334482       -0.508665

     C    3        0.102834       -0.134794        0.069348
     C    3       -0.134794        0.317219        0.163442
     C    3        0.069348        0.163442       -0.420053

     H    4        0.379338        0.162693        0.486644
     H    4        0.162693       -0.171549        0.403329
     H    4        0.486644        0.403329       -0.207789

     C    5        0.288564        0.066277        0.016743
     C    5        0.066277       -0.015243        0.164532
     C    5        0.016743        0.164532       -0.273321

     H    6       -0.221773       -0.249578        0.203416
     H    6       -0.249578        0.356655        0.667489
     H    6        0.203416        0.667489       -0.134882

     H    7       -0.025755       -0.102646       -0.130910
     H    7       -0.102646        0.380020       -0.510052
     H    7       -0.130910       -0.510052       -0.354265

     C    8       -0.558681       -0.078604        0.331134
     C    8       -0.078604        0.225999        0.300249
     C    8        0.331134        0.300249        0.332682

     H    9        0.350441       -0.221133        0.281106
     H    9       -0.221133       -0.284975       -0.455631
     H    9        0.281106       -0.455631       -0.065466

     C   10       -0.056103        0.613275       -0.015625
     C   10        0.613275        0.114453        0.426462
     C   10       -0.015625        0.426462       -0.058350

     C   11       -0.094495        0.059692        0.096534
     C   11        0.059692       -0.066420        0.002541
     C   11        0.096534        0.002541        0.160914

     Cl  12        1.049448        3.546396        0.544089
     Cl  12        3.546396        0.618556        1.326242
     Cl  12        0.544089        1.326242       -1.668004

     H   13        0.006250        0.119916        0.016281
     H   13        0.119916        0.284663        0.597660
     H   13        0.016281        0.597660       -0.290913

     C   14       -0.217040       -0.237750        0.016560
     C   14       -0.237750        0.032621       -0.216427
     C   14        0.016560       -0.216427        0.184419

     H   15        0.481010        0.023493        0.449735
     H   15        0.023493       -0.185203        0.382334
     H   15        0.449735        0.382334       -0.295806

     C   16        0.080212        0.236020        0.394447
     C   16        0.236020       -0.186925       -0.370290
     C   16        0.394447       -0.370290        0.106713

     C   17        0.342380       -0.078861       -0.443996
     C   17       -0.078861        0.236558       -0.266806
     C   17       -0.443996       -0.266806       -0.578939

     Cl  18        1.658950       -0.062730        0.422786
     Cl  18       -0.062730        0.745400        0.518862
     Cl  18        0.422786        0.518862       -2.404351

     H   19       -0.266904       -0.322550        0.142553
     H   19       -0.322550        0.294415       -0.144739
     H   19        0.142553       -0.144739       -0.027511

     C   20        0.230464        0.612939       -0.453477
     C   20        0.612939       -0.138938        0.161802
     C   20       -0.453477        0.161802       -0.091527

     H   21        0.293080       -0.108800        0.635066
     H   21       -0.108800        0.024097       -0.074672
     H   21        0.635066       -0.074672       -0.317177

     C   22        0.073129       -0.225534       -0.297871
     C   22       -0.225534       -0.329130       -0.212178
     C   22       -0.297871       -0.212178        0.256001

     C   23        0.466591        0.808640       -0.391729
     C   23        0.808640       -0.272225        0.238979
     C   23       -0.391729        0.238979       -0.194366

     Cl  24        2.236214        0.581158       -1.994185
     Cl  24        0.581158       -1.600211       -0.155996
     Cl  24       -1.994185       -0.155996       -0.636003


     NQR/NMR SPECTROSCOPIC PARAMETERS:
     Cl   1    Vxx=    0.6857    axis=(  0.135708 -0.989992  0.038727)
     Cl   1    Vyy=    2.3465    axis=(  0.988876  0.132946 -0.066710)
     Cl   1    Vzz=   -3.0322    axis=(  0.060893  0.047349  0.997021)
     Cl   1  Q=        -8.1650 1e-30 m^2  Cq=        58.1711 MHz  eta= 0.54773

     C    2    Vxx=   -0.1687    axis=(  0.465351 -0.632573  0.619112)
     C    2    Vyy=   -0.7594    axis=(  0.239443 -0.583415 -0.776076)
     C    2    Vzz=    0.9281    axis=( -0.852124 -0.509390  0.120028)
     C    2  Q=         1.0000 1e-30 m^2  Cq=         2.1807 MHz  eta= 0.63639

     C    3    Vxx=    0.0711    axis=( -0.909702 -0.338184 -0.240985)
     C    3    Vyy=    0.4000    axis=( -0.379163  0.913104  0.149919)
     C    3    Vzz=   -0.4711    axis=( -0.169345 -0.227755  0.958880)
     C    3  Q=         1.0000 1e-30 m^2  Cq=        -1.1069 MHz  eta= 0.69819

     H    4    Vxx=   -0.1188    axis=(  0.566750 -0.756034 -0.327424)
     H    4    Vyy=   -0.6642    axis=(  0.280676  0.550814 -0.786018)
     H    4    Vzz=    0.7830    axis=(  0.774606  0.353576  0.524375)
     H    4  Q=         1.0000 1e-30 m^2  Cq=         1.8398 MHz  eta= 0.69648

     C    5    Vxx=    0.0464    axis=( -0.265818  0.862753  0.430113)
     C    5    Vyy=    0.3073    axis=(  0.963770  0.248048  0.098077)
     C    5    Vzz=   -0.3537    axis=(  0.022072 -0.440601  0.897432)
     C    5  Q=         1.0000 1e-30 m^2  Cq=        -0.8310 MHz  eta= 0.73784

     H    6    Vxx=   -0.0549    axis=(  0.866354 -0.209730  0.453259)
     H    6    Vyy=   -0.7752    axis=(  0.491376  0.520272 -0.698474)
     H    6    Vzz=    0.8301    axis=( -0.089327  0.827847  0.553796)
     H    6  Q=         1.0000 1e-30 m^2  Cq=         1.9504 MHz  eta= 0.86765

     H    7    Vxx=    0.0149    axis=(  0.966897 -0.070686 -0.245179)
     H    7    Vyy=    0.6429    axis=( -0.048851  0.891811 -0.449762)
     H    7    Vzz=   -0.6578    axis=(  0.250446  0.446851  0.858837)
     H    7  Q=         1.0000 1e-30 m^2  Cq=        -1.5456 MHz  eta= 0.95456

     C    8    Vxx=    0.0781    axis=(  0.351583 -0.800014  0.486176)
     C    8    Vyy=    0.6230    axis=( -0.186622 -0.568804 -0.801021)
     C    8    Vzz=   -0.7011    axis=(  0.917367  0.190894 -0.349282)
     C    8  Q=         1.0000 1e-30 m^2  Cq=        -1.6473 MHz  eta= 0.77727

     H    9    Vxx=   -0.0369    axis=( -0.678443 -0.454806  0.576946)
     H    9    Vyy=   -0.6439    axis=(  0.000274 -0.785488 -0.618877)
     H    9    Vzz=    0.6807    axis=(  0.734653 -0.419714  0.533033)
     H    9  Q=         1.0000 1e-30 m^2  Cq=         1.5995 MHz  eta= 0.89173

     C   10    Vxx=   -0.0430    axis=( -0.572386  0.008622  0.819939)
     C   10    Vyy=   -0.7313    axis=( -0.611306  0.661971 -0.433704)
     C   10    Vzz=    0.7742    axis=(  0.546515  0.749480  0.373632)
     C   10  Q=         1.0000 1e-30 m^2  Cq=         1.8192 MHz  eta= 0.88903

     C   11    Vxx=   -0.0347    axis=( -0.463763 -0.852840  0.239973)
     C   11    Vyy=   -0.1604    axis=(  0.821909 -0.515269 -0.242825)
     C   11    Vzz=    0.1951    axis=(  0.330742  0.084622  0.939920)
     C   11  Q=         1.0000 1e-30 m^2  Cq=         0.4584 MHz  eta= 0.64456

     Cl  12    Vxx=   -1.6287    axis=( -0.457982  0.213462  0.862952)
     Cl  12    Vyy=   -3.0295    axis=( -0.545794  0.698717 -0.462498)
     Cl  12    Vzz=    4.6582    axis=(  0.701685  0.682810  0.203494)
     Cl  12  Q=        -8.1650 1e-30 m^2  Cq=       -89.3659 MHz  eta= 0.30072

     H   13    Vxx=   -0.0081    axis=(  0.983918 -0.097592 -0.149606)
     H   13    Vyy=   -0.6702    axis=(  0.074737 -0.535793  0.841036)
     H   13    Vzz=    0.6783    axis=( -0.162236 -0.838691 -0.519882)
     H   13  Q=         1.0000 1e-30 m^2  Cq=         1.5938 MHz  eta= 0.97606

     C   14    Vxx=   -0.0009    axis=( -0.529821  0.527879  0.663802)
     C   14    Vyy=   -0.3800    axis=( -0.803114 -0.563823 -0.192642)
     C   14    Vzz=    0.3809    axis=(  0.272575 -0.635175  0.722673)
     C   14  Q=         1.0000 1e-30 m^2  Cq=         0.8949 MHz  eta= 0.99523

     H   15    Vxx=   -0.0033    axis=(  0.420612 -0.808957 -0.410700)
     H   15    Vyy=   -0.7233    axis=(  0.283426  0.547200 -0.787554)
     H   15    Vzz=    0.7266    axis=(  0.861832  0.214852  0.459439)
     H   15  Q=         1.0000 1e-30 m^2  Cq=         1.7073 MHz  eta= 0.99089

     C   16    Vxx=    0.1686    axis=( -0.630561 -0.720111  0.289540)
     C   16    Vyy=    0.5102    axis=(  0.595804 -0.210030  0.775181)
     C   16    Vzz=   -0.6788    axis=(  0.497404 -0.661308 -0.561482)
     C   16  Q=         1.0000 1e-30 m^2  Cq=        -1.5950 MHz  eta= 0.50318

     C   17    Vxx=    0.3054    axis=(  0.203682 -0.960887  0.187644)
     C   17    Vyy=    0.5246    axis=(  0.911420  0.116108 -0.394757)
     C   17    Vzz=   -0.8300    axis=(  0.357530  0.251427  0.899420)
     C   17  Q=         1.0000 1e-30 m^2  Cq=        -1.9502 MHz  eta= 0.26417

     Cl  18    Vxx=    0.8286    axis=( -0.005712  0.987466  0.157731)
     Cl  18    Vyy=    1.7026    axis=(  0.994822 -0.010394  0.101099)
     Cl  18    Vzz=   -2.5312    axis=( -0.101471 -0.157492  0.982293)
     Cl  18  Q=        -8.1650 1e-30 m^2  Cq=        48.5601 MHz  eta= 0.34526

     H   19    Vxx=   -0.0824    axis=(  0.037303  0.386023  0.921735)
     H   19    Vyy=   -0.4274    axis=( -0.909872 -0.368278  0.191058)
     H   19    Vzz=    0.5098    axis=(  0.413208 -0.845788  0.337493)
     H   19  Q=         1.0000 1e-30 m^2  Cq=         1.1977 MHz  eta= 0.67687

     C   20    Vxx=    0.0466    axis=( -0.029330  0.600175  0.799330)
     C   20    Vyy=    0.7806    axis=(  0.810779  0.481989 -0.332151)
     C   20    Vzz=   -0.8272    axis=( -0.584617  0.638338 -0.500746)
     C   20  Q=         1.0000 1e-30 m^2  Cq=        -1.9436 MHz  eta= 0.88733

     H   21    Vxx=   -0.0009    axis=(  0.161975  0.982373  0.093312)
     H   21    Vyy=   -0.7167    axis=( -0.531824  0.007251  0.846824)
     H   21    Vzz=    0.7176    axis=(  0.831220 -0.186790  0.523625)
     H   21  Q=         1.0000 1e-30 m^2  Cq=         1.6860 MHz  eta= 0.99739

     C   22    Vxx=    0.0814    axis=(  0.677369 -0.595421  0.432025)
     C   22    Vyy=    0.4782    axis=(  0.571216  0.055648 -0.818911)
     C   22    Vzz=   -0.5596    axis=(  0.463555  0.801484  0.377809)
     C   22  Q=         1.0000 1e-30 m^2  Cq=        -1.3148 MHz  eta= 0.70909

     C   23    Vxx=   -0.0151    axis=( -0.103434  0.482855  0.869571)
     C   23    Vyy=   -1.0069    axis=( -0.517948  0.720220 -0.461532)
     C   23    Vzz=    1.0220    axis=( -0.849135 -0.498131  0.175599)
     C   23  Q=         1.0000 1e-30 m^2  Cq=         2.4012 MHz  eta= 0.97051

     Cl  24    Vxx=   -1.5386    axis=(  0.256005  0.683348  0.683737)
     Cl  24    Vyy=   -1.7893    axis=(  0.388594 -0.720391  0.574484)
     Cl  24    Vzz=    3.3279    axis=(  0.885131  0.118625 -0.449969)
     Cl  24  Q=        -8.1650 1e-30 m^2  Cq=       -63.8436 MHz  eta= 0.07534

     Initialization:
     gipaw_setup  :      8.95s CPU     10.87s WALL (       1 calls)

     Linear response

     Apply operators

     Induced current

     Other routines
     efg          :      9.12s CPU     11.44s WALL (       1 calls)

     General routines
     calbec       :      3.28s CPU      4.21s WALL (      16 calls)
     fft          :      1.46s CPU      1.92s WALL (      15 calls)
     ffts         :      0.03s CPU      0.06s WALL (       2 calls)
     fftw         :      3.13s CPU      3.92s WALL (     672 calls)
     davcio       :      0.03s CPU      0.33s WALL (      32 calls)

     Parallel routines
     fft_scatter  :      2.04s CPU      3.10s WALL (     689 calls)

     Plugins

     GIPAW        :     60.31s CPU     71.81s WALL (       1 calls)
