
     Program QE v.6.0 (svn rev. 13079) starts on 15Dec2016 at  2:35:29 

     This program is part of the open-source Quantum ESPRESSO suite
     for quantum simulation of materials; please cite
         "P. Giannozzi et al., J. Phys.:Condens. Matter 21 395502 (2009);
          URL http://www.quantum-espresso.org", 
     in publications or presentations arising from this work. More details at
     http://www.quantum-espresso.org/quote

     Parallel version (MPI), running on     8 processors
     R & G space division:  proc/nbgrp/npool/nimage =       8

     ***** This is GIPAW svn revision unknown      *****

     Parallelizing q-star over 1 images

     Reading data from directory:
     /users/majewski/paradichlorobenzene/pbe/9_constraint/scratch/pbe.ecut100.np8.dt60.pcl2phi-129368.save
     Message from routine read_xml_file:
     file /users/majewski/paradichlorobenzene/pbe/9_constraint/scratch/pbe.ecut100.np8.dt60.pcl2phi-129368.save not guaranteed to be safe for post-processing

   Info: using nr1, nr2, nr3 values from input

   Info: using nr1, nr2, nr3 values from input

     IMPORTANT: XC functional enforced from input :
     Exchange-correlation      =  SLA  PW   PBX  PBC ( 1  4  3  4 0 0)
     Any further DFT definition will be discarded
     Please, verify this is what you really want

               file C.pbe-n-kjpaw_psl.1.0.0.UPF: wavefunction(s)  2S 2P renormalized
               file Cl.pbe-n-kjpaw_psl.1.0.0.UPF: wavefunction(s)  3S 3P renormalized
               file H.pbe-kjpaw_psl.1.0.0.UPF: wavefunction(s)  1S renormalized

     Parallelization info
     --------------------
     sticks:   dense  smooth     PW     G-vecs:    dense   smooth      PW
     Min        3057    1223    332               144436    36536    5170
     Max        3059    1225    333               144437    36537    5171
     Sum       24467    9791   2657              1155489   292295   41363


     Subspace diagonalization in iterative solution of the eigenvalue problem:
     a serial algorithm will be used

     GIPAW projectors -----------------------------------------------
     atom=  C    l=0  rc=    1.2000  rs=    0.8000
     atom=  C    l=0  rc=    1.2000  rs=    0.8000
     atom=  C    l=1  rc=    1.4000  rs=    0.9333
     atom=  C    l=1  rc=    1.4000  rs=    0.9333
     projs nearly linearly dependent: l=1  n1,n2= 1, 2  s=  0.99951561

     atom=  Cl   l=0  rc=    1.6000  rs=    1.0667
     atom=  Cl   l=0  rc=    1.6000  rs=    1.0667
     atom=  Cl   l=1  rc=    1.6000  rs=    1.0667
     atom=  Cl   l=1  rc=    1.6000  rs=    1.0667
     atom=  Cl   l=2  rc=    1.6000  rs=    1.0667
     atom=  Cl   l=2  rc=    1.6000  rs=    1.0667
     projs nearly linearly dependent: l=2  n1,n2= 1, 2  s=  0.99993509

     atom=  H    l=0  rc=    1.0000  rs=    0.6667
     atom=  H    l=0  rc=    1.0000  rs=    0.6667
     projs nearly linearly dependent: l=0  n1,n2= 1, 2  s=  0.99968852
     -----------------------------------------------------------------

     GIPAW integrals: -------------------------------------------
     Atom  i/j   nmr_para   nmr_dia   epr_rmc  epr_para   epr_dia
       C   1 1   0.83E+03  0.17E-01  0.93E+01  0.24E+08  0.24E+03
       C   2 1   0.86E+03 -0.61E-01  0.94E+01  0.25E+08  0.25E+03
       C   2 2   0.90E+03 -0.15E+00  0.97E+01  0.26E+08  0.26E+03
       C   3 3   0.33E+01  0.34E+00  0.18E+01  0.55E+03  0.21E+02
       C   4 3   0.35E+01  0.37E+00  0.20E+01  0.59E+03  0.22E+02
       C   4 4   0.38E+01  0.39E+00  0.22E+01  0.63E+03  0.24E+02
       Cl  1 1   0.14E+04 -0.47E+00  0.84E+01  0.32E+09  0.42E+03
       Cl  2 1   0.21E+04 -0.37E+00  0.12E+02  0.49E+09  0.65E+03
       Cl  2 2   0.33E+04 -0.16E+00  0.21E+02  0.76E+09  0.10E+04
       Cl  3 3   0.21E+02  0.79E-01  0.89E+01  0.23E+05  0.13E+03
       Cl  4 3   0.24E+02  0.67E-01  0.99E+01  0.27E+05  0.15E+03
       Cl  4 4   0.28E+02  0.44E-01  0.11E+02  0.32E+05  0.18E+03
       Cl  5 5   0.77E+00  0.19E+00  0.18E+01  0.12E+03  0.22E+02
       Cl  6 5   0.80E+00  0.19E+00  0.19E+01  0.12E+03  0.23E+02
       Cl  6 6   0.83E+00  0.20E+00  0.19E+01  0.12E+03  0.23E+02
       H   1 1   0.39E+02  0.19E+00  0.29E+00  0.78E+05  0.13E+02
       H   2 1   0.41E+02  0.21E+00  0.32E+00  0.82E+05  0.14E+02
       H   2 2   0.43E+02  0.22E+00  0.36E+00  0.86E+05  0.15E+02
     ------------------------------------------------------------

     alpha_pv=     33.9087 eV

     Number of occupied bands for each k-point:
     k-point:     1    nbnd_occ=  42
     k-point:     2    nbnd_occ=  42
     k-point:     3    nbnd_occ=  42
     k-point:     4    nbnd_occ=  42
     k-point:     5    nbnd_occ=  42
     k-point:     6    nbnd_occ=  42
     k-point:     7    nbnd_occ=  42
     k-point:     8    nbnd_occ=  42
     k-point:     9    nbnd_occ=  42
     k-point:    10    nbnd_occ=  42
     k-point:    11    nbnd_occ=  42
     k-point:    12    nbnd_occ=  42
     k-point:    13    nbnd_occ=  42
     k-point:    14    nbnd_occ=  42
     k-point:    15    nbnd_occ=  42
     k-point:    16    nbnd_occ=  42


     q-space interpolation up to   110.00 Rydberg

     GIPAW job: efg                                                                             


     ELECTRIC FIELD GRADIENTS TENSORS IN Hartree/bohrradius^2:

     ----- bare term -----
     Cl   1       -0.098585        0.087061        0.096774
     Cl   1        0.087061       -0.047935        0.130812
     Cl   1        0.096774        0.130812        0.146520

     C    2       -0.460308        0.150033       -0.375241
     C    2        0.150033       -0.082378       -0.349970
     C    2       -0.375241       -0.349970        0.542686

     C    3       -0.085731        0.126489       -0.304711
     C    3        0.126489       -0.284405       -0.534435
     C    3       -0.304711       -0.534435        0.370136

     H    4       -0.535463       -0.005564       -0.410795
     H    4       -0.005564        0.284123       -0.169209
     H    4       -0.410795       -0.169209        0.251340

     C    5       -0.227584        0.380818       -0.118921
     C    5        0.380818       -0.224992       -0.394498
     C    5       -0.118921       -0.394498        0.452576

     H    6        0.440960       -0.039272       -0.026955
     H    6       -0.039272       -0.214058       -0.494272
     H    6       -0.026955       -0.494272       -0.226902

     H    7        0.449647        0.031576        0.093226
     H    7        0.031576       -0.156715        0.434580
     H    7        0.093226        0.434580       -0.292931

     C    8       -0.451080       -0.286769       -0.362142
     C    8       -0.286769        0.024395        0.388974
     C    8       -0.362142        0.388974        0.426685

     H    9       -0.057573        0.132721       -0.454958
     H    9        0.132721        0.342888       -0.109942
     H    9       -0.454958       -0.109942       -0.285315

     C   10       -0.060250       -0.461166       -0.223363
     C   10       -0.461166       -0.294872        0.534739
     C   10       -0.223363        0.534739        0.355122

     C   11       -0.375302       -0.088280       -0.372229
     C   11       -0.088280        0.002469        0.365927
     C   11       -0.372229        0.365927        0.372834

     Cl  12       -0.029337       -0.006095       -0.015242
     Cl  12       -0.006095       -0.011192        0.013708
     Cl  12       -0.015242        0.013708        0.040529

     H   13        0.511133       -0.028503       -0.038646
     H   13       -0.028503       -0.018377       -0.399222
     H   13       -0.038646       -0.399222       -0.492756

     C   14       -0.319233        0.234340       -0.309280
     C   14        0.234340       -0.124599       -0.418203
     C   14       -0.309280       -0.418203        0.443832

     H   15       -0.046670       -0.129960       -0.450367
     H   15       -0.129960        0.418240        0.033002
     H   15       -0.450367        0.033002       -0.371571

     C   16       -0.130929        0.321576       -0.247221
     C   16        0.321576       -0.190641       -0.606627
     C   16       -0.247221       -0.606627        0.321570

     C   17       -0.286278        0.076335       -0.403879
     C   17        0.076335        0.008345       -0.404104
     C   17       -0.403879       -0.404104        0.277932

     Cl  18       -0.091583        0.019698       -0.106034
     Cl  18        0.019698       -0.075901       -0.092834
     Cl  18       -0.106034       -0.092834        0.167484

     H   19        0.360834        0.147945       -0.054931
     H   19        0.147945       -0.562149        0.442303
     H   19       -0.054931        0.442303        0.201315

     C   20       -0.300450       -0.301555       -0.257888
     C   20       -0.301555       -0.161177        0.413351
     C   20       -0.257888        0.413351        0.461627

     H   21       -0.109617        0.149958       -0.544470
     H   21        0.149958        0.426075        0.168539
     H   21       -0.544470        0.168539       -0.316458

     C   22       -0.292706       -0.178596       -0.283324
     C   22       -0.178596       -0.135882        0.466771
     C   22       -0.283324        0.466771        0.428587

     C   23       -0.183290       -0.111226       -0.392831
     C   23       -0.111226       -0.205812        0.520646
     C   23       -0.392831        0.520646        0.389102

     Cl  24       -0.038520       -0.024721       -0.062947
     Cl  24       -0.024721        0.124336        0.093619
     Cl  24       -0.062947        0.093619       -0.085816

     ----- ionic term -----
     Cl   1        0.084913       -0.236790       -0.002662
     Cl   1       -0.236790        0.072225        0.014604
     Cl   1       -0.002662        0.014604       -0.157138

     C    2        0.148319       -0.253010        0.257094
     C    2       -0.253010        0.088986        0.405953
     C    2        0.257094        0.405953       -0.237305

     C    3        0.151725       -0.283954        0.134381
     C    3       -0.283954        0.105878        0.421226
     C    3        0.134381        0.421226       -0.257603

     H    4        0.646946        0.234557        0.675739
     H    4        0.234557       -0.487354        0.207361
     H    4        0.675739        0.207361       -0.159591

     C    5        0.271499       -0.272096        0.174152
     C    5       -0.272096        0.008581        0.332176
     C    5        0.174152        0.332176       -0.280081

     H    6       -0.525817       -0.043436       -0.031862
     H    6       -0.043436        0.512231        0.792748
     H    6       -0.031862        0.792748        0.013585

     H    7       -0.534486        0.009340        0.024433
     H    7        0.009340        0.466215       -0.784311
     H    7        0.024433       -0.784311        0.068271

     C    8        0.212754        0.321060        0.298643
     C    8        0.321060        0.016829       -0.288431
     C    8        0.298643       -0.288431       -0.229583

     H    9        0.456950       -0.143786        0.767576
     H    9       -0.143786       -0.498346       -0.192749
     H    9        0.767576       -0.192749        0.041396

     C   10        0.125940        0.367767        0.201033
     C   10        0.367767        0.107967       -0.361329
     C   10        0.201033       -0.361329       -0.233907

     C   11        0.283534        0.219014        0.263454
     C   11        0.219014       -0.012205       -0.382132
     C   11        0.263454       -0.382132       -0.271329

     Cl  12        0.168103        0.219039        0.012074
     Cl  12        0.219039       -0.018070       -0.002389
     Cl  12        0.012074       -0.002389       -0.150033

     H   13       -0.496053        0.136255        0.129180
     H   13        0.136255        0.570735        0.750622
     H   13        0.129180        0.750622       -0.074682

     C   14        0.277270       -0.196244        0.262637
     C   14       -0.196244       -0.026112        0.318074
     C   14        0.262637        0.318074       -0.251158

     H   15        0.424289        0.240533        0.756292
     H   15        0.240533       -0.478711        0.262509
     H   15        0.756292        0.262509        0.054422

     C   16        0.098040       -0.231780        0.157472
     C   16       -0.231780        0.067436        0.433724
     C   16        0.157472        0.433724       -0.165476

     C   17        0.238483       -0.166942        0.211065
     C   17       -0.166942       -0.041244        0.407844
     C   17        0.211065        0.407844       -0.197239

     Cl  18        0.148904       -0.178361       -0.024453
     Cl  18       -0.178361       -0.035104        0.017658
     Cl  18       -0.024453        0.017658       -0.113800

     H   19       -0.500676       -0.112148        0.059545
     H   19       -0.112148        0.768273       -0.630641
     H   19        0.059545       -0.630641       -0.267597

     C   20        0.315018        0.168052        0.300878
     C   20        0.168052        0.049638       -0.271112
     C   20        0.300878       -0.271112       -0.364657

     H   21        0.435770       -0.278217        0.744487
     H   21       -0.278217       -0.440136       -0.263934
     H   21        0.744487       -0.263934        0.004367

     C   22        0.118715        0.194601        0.240021
     C   22        0.194601        0.173988       -0.350396
     C   22        0.240021       -0.350396       -0.292704

     C   23        0.101414        0.185953        0.319716
     C   23        0.185953        0.131103       -0.348087
     C   23        0.319716       -0.348087       -0.232517

     Cl  24        0.098841        0.198299        0.012724
     Cl  24        0.198299        0.035039        0.002116
     Cl  24        0.012724        0.002116       -0.133880

     ----- GIPAW term -----
     Cl   1        0.053992       -1.030815        1.117815
     Cl   1       -1.030815       -0.453937        1.660976
     Cl   1        1.117815        1.660976        0.399946

     C    2       -0.080655       -0.085534       -0.153087
     C    2       -0.085534       -0.101954       -0.020020
     C    2       -0.153087       -0.020020        0.182609

     C    3       -0.024227       -0.035329       -0.102710
     C    3       -0.035329       -0.031722       -0.053111
     C    3       -0.102710       -0.053111        0.055949

     H    4       -0.000000        0.000000        0.000000
     H    4        0.000000        0.000000        0.000000
     H    4        0.000000        0.000000        0.000000

     C    5        0.057922        0.027082        0.063789
     C    5        0.027082       -0.104088       -0.093732
     C    5        0.063789       -0.093732        0.046167

     H    6       -0.000000        0.000000        0.000000
     H    6        0.000000        0.000000        0.000000
     H    6        0.000000        0.000000        0.000000

     H    7       -0.000000        0.000000        0.000000
     H    7        0.000000        0.000000        0.000000
     H    7        0.000000        0.000000        0.000000

     C    8       -0.081237       -0.064315       -0.067192
     C    8       -0.064315        0.012581        0.103057
     C    8       -0.067192        0.103057        0.068656

     H    9       -0.000000        0.000000        0.000000
     H    9        0.000000        0.000000        0.000000
     H    9        0.000000        0.000000        0.000000

     C   10        0.013038       -0.142037       -0.092308
     C   10       -0.142037       -0.038854        0.122918
     C   10       -0.092308        0.122918        0.025816

     C   11       -0.023463        0.103666       -0.050587
     C   11        0.103666        0.014131       -0.001614
     C   11       -0.050587       -0.001614        0.009332

     Cl  12        1.276788        2.315552       -0.144760
     Cl  12        2.315552        0.008129        0.103922
     Cl  12       -0.144760        0.103922       -1.284917

     H   13       -0.000000        0.000000        0.000000
     H   13        0.000000        0.000000        0.000000
     H   13        0.000000        0.000000        0.000000

     C   14       -0.108192        0.057995       -0.123534
     C   14        0.057995       -0.116988       -0.167625
     C   14       -0.123534       -0.167625        0.225180

     H   15       -0.000000        0.000000        0.000000
     H   15        0.000000        0.000000        0.000000
     H   15        0.000000        0.000000        0.000000

     C   16       -0.080406        0.084708       -0.083836
     C   16        0.084708        0.035444       -0.181797
     C   16       -0.083836       -0.181797        0.044962

     C   17        0.029384       -0.078059       -0.050207
     C   17       -0.078059        0.035028       -0.026894
     C   17       -0.050207       -0.026894       -0.064412

     Cl  18        0.465718       -1.789613       -1.134249
     Cl  18       -1.789613       -0.781635       -0.840897
     Cl  18       -1.134249       -0.840897        0.315916

     H   19       -0.000000        0.000000        0.000000
     H   19        0.000000        0.000000        0.000000
     H   19        0.000000        0.000000        0.000000

     C   20       -0.028904       -0.056737       -0.016330
     C   20       -0.056737       -0.068581        0.085293
     C   20       -0.016330        0.085293        0.097485

     H   21       -0.000000        0.000000        0.000000
     H   21        0.000000        0.000000        0.000000
     H   21        0.000000        0.000000        0.000000

     C   22       -0.089996        0.001906       -0.025597
     C   22        0.001906       -0.031062        0.087642
     C   22       -0.025597        0.087642        0.121058

     C   23       -0.008773        0.087979       -0.097496
     C   23        0.087979       -0.049096        0.147109
     C   23       -0.097496        0.147109        0.057868

     Cl  24        0.715171        1.681847       -0.423882
     Cl  24        1.681847        1.362201        0.917920
     Cl  24       -0.423882        0.917920       -2.077371

     ----- total EFG -----
     Cl   1        0.040319       -1.180543        1.211927
     Cl   1       -1.180543       -0.429647        1.806392
     Cl   1        1.211927        1.806392        0.389329

     C    2       -0.392644       -0.188510       -0.271234
     C    2       -0.188510       -0.095346        0.035963
     C    2       -0.271234        0.035963        0.487990

     C    3        0.041767       -0.192795       -0.273041
     C    3       -0.192795       -0.210250       -0.166321
     C    3       -0.273041       -0.166321        0.168482

     H    4        0.111483        0.228993        0.264944
     H    4        0.228993       -0.203232        0.038152
     H    4        0.264944        0.038152        0.091749

     C    5        0.101837        0.135805        0.119020
     C    5        0.135805       -0.320499       -0.156053
     C    5        0.119020       -0.156053        0.218662

     H    6       -0.084857       -0.082708       -0.058818
     H    6       -0.082708        0.298173        0.298476
     H    6       -0.058818        0.298476       -0.213317

     H    7       -0.084839        0.040916        0.117659
     H    7        0.040916        0.309500       -0.349731
     H    7        0.117659       -0.349731       -0.224661

     C    8       -0.319562       -0.030025       -0.130692
     C    8       -0.030025        0.053804        0.203599
     C    8       -0.130692        0.203599        0.265758

     H    9        0.399378       -0.011065        0.312618
     H    9       -0.011065       -0.155459       -0.302691
     H    9        0.312618       -0.302691       -0.243919

     C   10        0.078728       -0.235436       -0.114638
     C   10       -0.235436       -0.225759        0.296328
     C   10       -0.114638        0.296328        0.147031

     C   11       -0.115232        0.234400       -0.159363
     C   11        0.234400        0.004395       -0.017819
     C   11       -0.159363       -0.017819        0.110837

     Cl  12        1.415554        2.528496       -0.147928
     Cl  12        2.528496       -0.021133        0.115241
     Cl  12       -0.147928        0.115241       -1.394422

     H   13        0.015080        0.107752        0.090534
     H   13        0.107752        0.552358        0.351399
     H   13        0.090534        0.351399       -0.567438

     C   14       -0.150154        0.096091       -0.170177
     C   14        0.096091       -0.267700       -0.267755
     C   14       -0.170177       -0.267755        0.417854

     H   15        0.377619        0.110573        0.305924
     H   15        0.110573       -0.060470        0.295511
     H   15        0.305924        0.295511       -0.317149

     C   16       -0.113295        0.174504       -0.173584
     C   16        0.174504       -0.087761       -0.354700
     C   16       -0.173584       -0.354700        0.201056

     C   17       -0.018411       -0.168667       -0.243021
     C   17       -0.168667        0.002129       -0.023154
     C   17       -0.243021       -0.023154        0.016282

     Cl  18        0.523040       -1.948275       -1.264736
     Cl  18       -1.948275       -0.892639       -0.916073
     Cl  18       -1.264736       -0.916073        0.369599

     H   19       -0.139841        0.035797        0.004614
     H   19        0.035797        0.206124       -0.188338
     H   19        0.004614       -0.188338       -0.066282

     C   20       -0.014335       -0.190241        0.026659
     C   20       -0.190241       -0.180120        0.227532
     C   20        0.026659        0.227532        0.194455

     H   21        0.326153       -0.128259        0.200017
     H   21       -0.128259       -0.014061       -0.095395
     H   21        0.200017       -0.095395       -0.312092

     C   22       -0.263986        0.017912       -0.068900
     C   22        0.017912        0.007044        0.204018
     C   22       -0.068900        0.204018        0.256941

     C   23       -0.090649        0.162706       -0.170611
     C   23        0.162706       -0.123804        0.319669
     C   23       -0.170611        0.319669        0.214453

     Cl  24        0.775491        1.855426       -0.474105
     Cl  24        1.855426        1.521576        1.013655
     Cl  24       -0.474105        1.013655       -2.297067

     ----- total EFG (symmetrized) -----
     Cl   1        0.040319       -1.180543        1.211927
     Cl   1       -1.180543       -0.429647        1.806392
     Cl   1        1.211927        1.806392        0.389329

     C    2       -0.392644       -0.188510       -0.271234
     C    2       -0.188510       -0.095346        0.035963
     C    2       -0.271234        0.035963        0.487990

     C    3        0.041767       -0.192795       -0.273041
     C    3       -0.192795       -0.210250       -0.166321
     C    3       -0.273041       -0.166321        0.168482

     H    4        0.111483        0.228993        0.264944
     H    4        0.228993       -0.203232        0.038152
     H    4        0.264944        0.038152        0.091749

     C    5        0.101837        0.135805        0.119020
     C    5        0.135805       -0.320499       -0.156053
     C    5        0.119020       -0.156053        0.218662

     H    6       -0.084857       -0.082708       -0.058818
     H    6       -0.082708        0.298173        0.298476
     H    6       -0.058818        0.298476       -0.213317

     H    7       -0.084839        0.040916        0.117659
     H    7        0.040916        0.309500       -0.349731
     H    7        0.117659       -0.349731       -0.224661

     C    8       -0.319562       -0.030025       -0.130692
     C    8       -0.030025        0.053804        0.203599
     C    8       -0.130692        0.203599        0.265758

     H    9        0.399378       -0.011065        0.312618
     H    9       -0.011065       -0.155459       -0.302691
     H    9        0.312618       -0.302691       -0.243919

     C   10        0.078728       -0.235436       -0.114638
     C   10       -0.235436       -0.225759        0.296328
     C   10       -0.114638        0.296328        0.147031

     C   11       -0.115232        0.234400       -0.159363
     C   11        0.234400        0.004395       -0.017819
     C   11       -0.159363       -0.017819        0.110837

     Cl  12        1.415554        2.528496       -0.147928
     Cl  12        2.528496       -0.021133        0.115241
     Cl  12       -0.147928        0.115241       -1.394422

     H   13        0.015080        0.107752        0.090534
     H   13        0.107752        0.552358        0.351399
     H   13        0.090534        0.351399       -0.567438

     C   14       -0.150154        0.096091       -0.170177
     C   14        0.096091       -0.267700       -0.267755
     C   14       -0.170177       -0.267755        0.417854

     H   15        0.377619        0.110573        0.305924
     H   15        0.110573       -0.060470        0.295511
     H   15        0.305924        0.295511       -0.317149

     C   16       -0.113295        0.174504       -0.173584
     C   16        0.174504       -0.087761       -0.354700
     C   16       -0.173584       -0.354700        0.201056

     C   17       -0.018411       -0.168667       -0.243021
     C   17       -0.168667        0.002129       -0.023154
     C   17       -0.243021       -0.023154        0.016282

     Cl  18        0.523040       -1.948275       -1.264736
     Cl  18       -1.948275       -0.892639       -0.916073
     Cl  18       -1.264736       -0.916073        0.369599

     H   19       -0.139841        0.035797        0.004614
     H   19        0.035797        0.206124       -0.188338
     H   19        0.004614       -0.188338       -0.066282

     C   20       -0.014335       -0.190241        0.026659
     C   20       -0.190241       -0.180120        0.227532
     C   20        0.026659        0.227532        0.194455

     H   21        0.326153       -0.128259        0.200017
     H   21       -0.128259       -0.014061       -0.095395
     H   21        0.200017       -0.095395       -0.312092

     C   22       -0.263986        0.017912       -0.068900
     C   22        0.017912        0.007044        0.204018
     C   22       -0.068900        0.204018        0.256941

     C   23       -0.090649        0.162706       -0.170611
     C   23        0.162706       -0.123804        0.319669
     C   23       -0.170611        0.319669        0.214453

     Cl  24        0.775491        1.855426       -0.474105
     Cl  24        1.855426        1.521576        1.013655
     Cl  24       -0.474105        1.013655       -2.297067


     NQR/NMR SPECTROSCOPIC PARAMETERS:
     Cl   1    Vxx=    0.9775    axis=( -0.842895  0.517369 -0.147840)
     Cl   1    Vyy=    1.8730    axis=(  0.190338  0.543679  0.817426)
     Cl   1    Vzz=   -2.8505    axis=( -0.503289 -0.660865  0.556739)
     Cl   1  Q=        -8.1650 1e-30 m^2  Cq=        54.6850 MHz  eta= 0.31415

     C    2    Vxx=   -0.0392    axis=( -0.317541  0.920870 -0.226200)
     C    2    Vyy=   -0.5371    axis=( -0.902492 -0.366699 -0.225922)
     C    2    Vzz=    0.5763    axis=( -0.290992  0.132405  0.947519)
     C    2  Q=         1.0000 1e-30 m^2  Cq=         1.3541 MHz  eta= 0.86404

     C    3    Vxx=    0.0622    axis=(  0.585894 -0.681962  0.437786)
     C    3    Vyy=    0.3856    axis=( -0.614302 -0.021407  0.788781)
     C    3    Vzz=   -0.4478    axis=( -0.528547 -0.731074 -0.431473)
     C    3  Q=         1.0000 1e-30 m^2  Cq=        -1.0521 MHz  eta= 0.72239

     H    4    Vxx=   -0.0796    axis=( -0.407767 -0.524521  0.747398)
     H    4    Vyy=   -0.3480    axis=(  0.546668 -0.795868 -0.260285)
     H    4    Vzz=    0.4276    axis=(  0.731355  0.302443  0.611268)
     H    4  Q=         1.0000 1e-30 m^2  Cq=         1.0047 MHz  eta= 0.62782

     C    5    Vxx=    0.1137    axis=(  0.842014  0.395291 -0.367094)
     C    5    Vyy=    0.3005    axis=( -0.445361  0.125379 -0.886529)
     C    5    Vzz=   -0.4142    axis=( -0.304411  0.909959  0.281618)
     C    5  Q=         1.0000 1e-30 m^2  Cq=        -0.9733 MHz  eta= 0.45101

     H    6    Vxx=   -0.1019    axis=(  0.980493  0.196373  0.008461)
     H    6    Vyy=   -0.3520    axis=( -0.073917  0.408273 -0.909863)
     H    6    Vzz=    0.4540    axis=( -0.182127  0.891488  0.414824)
     H    6  Q=         1.0000 1e-30 m^2  Cq=         1.0666 MHz  eta= 0.55093

     H    7    Vxx=   -0.0423    axis=(  0.944121  0.170567  0.282031)
     H    7    Vyy=   -0.4406    axis=( -0.328396  0.413790  0.849078)
     H    7    Vzz=    0.4829    axis=(  0.028123 -0.894251  0.446681)
     H    7  Q=         1.0000 1e-30 m^2  Cq=         1.1346 MHz  eta= 0.82481

     C    8    Vxx=   -0.0637    axis=(  0.142853  0.866266 -0.478724)
     C    8    Vyy=   -0.3479    axis=(  0.974621 -0.038889  0.220459)
     C    8    Vzz=    0.4116    axis=( -0.172359  0.498068  0.849836)
     C    8  Q=         1.0000 1e-30 m^2  Cq=         0.9671 MHz  eta= 0.69065

     H    9    Vxx=    0.0133    axis=(  0.394059  0.796565 -0.458478)
     H    9    Vyy=    0.5510    axis=(  0.885245 -0.194837  0.422351)
     H    9    Vzz=   -0.5643    axis=(  0.247101 -0.572296 -0.781932)
     H    9  Q=         1.0000 1e-30 m^2  Cq=        -1.3258 MHz  eta= 0.95290

     C   10    Vxx=   -0.0066    axis=(  0.787980 -0.014227  0.615537)
     C   10    Vyy=   -0.4391    axis=( -0.312038 -0.871061  0.379322)
     C   10    Vzz=    0.4457    axis=( -0.530773  0.490969  0.690818)
     C   10  Q=         1.0000 1e-30 m^2  Cq=         1.0472 MHz  eta= 0.97051

     C   11    Vxx=    0.0540    axis=(  0.192451  0.642962  0.741324)
     C   11    Vyy=    0.2751    axis=( -0.574883 -0.538366  0.616175)
     C   11    Vzz=   -0.3291    axis=( -0.795282  0.544758 -0.266019)
     C   11  Q=         1.0000 1e-30 m^2  Cq=        -0.7733 MHz  eta= 0.67177

     Cl  12    Vxx=   -1.3395    axis=( -0.168444  0.239477  0.956178)
     Cl  12    Vyy=   -1.9868    axis=( -0.578542  0.761362 -0.292603)
     Cl  12    Vzz=    3.3263    axis=( -0.798070 -0.602477  0.010301)
     Cl  12  Q=        -8.1650 1e-30 m^2  Cq=       -63.8128 MHz  eta= 0.19459

     H   13    Vxx=   -0.0051    axis=(  0.977973 -0.206818  0.028210)
     H   13    Vyy=   -0.6734    axis=(  0.084306  0.267739 -0.959796)
     H   13    Vzz=    0.6785    axis=(  0.190950  0.941032  0.279278)
     H   13  Q=         1.0000 1e-30 m^2  Cq=         1.5942 MHz  eta= 0.98498

     C   14    Vxx=   -0.1949    axis=(  0.944685  0.108183  0.309622)
     C   14    Vyy=   -0.3671    axis=(  0.198616 -0.939949 -0.277574)
     C   14    Vzz=    0.5620    axis=( -0.261000 -0.323716  0.909443)
     C   14  Q=         1.0000 1e-30 m^2  Cq=         1.3205 MHz  eta= 0.30631

     H   15    Vxx=   -0.0120    axis=(  0.479004 -0.819839 -0.313719)
     H   15    Vyy=   -0.5565    axis=(  0.226500  0.460719 -0.858158)
     H   15    Vzz=    0.5685    axis=(  0.848088  0.340004  0.406380)
     H   15  Q=         1.0000 1e-30 m^2  Cq=         1.3358 MHz  eta= 0.95781

     C   16    Vxx=   -0.1892    axis=(  0.887496  0.067288  0.455877)
     C   16    Vyy=   -0.3413    axis=( -0.297009  0.839911  0.454242)
     C   16    Vzz=    0.5305    axis=( -0.352331 -0.538537  0.765402)
     C   16  Q=         1.0000 1e-30 m^2  Cq=         1.2465 MHz  eta= 0.28664

     C   17    Vxx=    0.0283    axis=( -0.050762  0.825010 -0.562834)
     C   17    Vyy=    0.2821    axis=(  0.700955 -0.372001 -0.608504)
     C   17    Vzz=   -0.3104    axis=(  0.711397  0.425410  0.559411)
     C   17  Q=         1.0000 1e-30 m^2  Cq=        -0.7293 MHz  eta= 0.81762

     Cl  18    Vxx=    0.8294    axis=(  0.099548 -0.552753  0.827378)
     Cl  18    Vyy=    2.0996    axis=(  0.824059 -0.420240 -0.379901)
     Cl  18    Vzz=   -2.9291    axis=(  0.557689  0.719627  0.413668)
     Cl  18  Q=        -8.1650 1e-30 m^2  Cq=        56.1930 MHz  eta= 0.43365

     H   19    Vxx=   -0.1293    axis=(  0.850294  0.185733  0.492447)
     H   19    Vyy=   -0.1750    axis=(  0.522024 -0.416776 -0.744170)
     H   19    Vzz=    0.3043    axis=( -0.067023 -0.889832  0.451339)
     H   19  Q=         1.0000 1e-30 m^2  Cq=         0.7151 MHz  eta= 0.14999

     C   20    Vxx=    0.0668    axis=(  0.868085 -0.316401  0.382516)
     C   20    Vyy=    0.3138    axis=(  0.204890 -0.473495 -0.856634)
     C   20    Vzz=   -0.3806    axis=(  0.452160  0.822005 -0.346206)
     C   20  Q=         1.0000 1e-30 m^2  Cq=        -0.8942 MHz  eta= 0.64923

     H   21    Vxx=   -0.0550    axis=(  0.351996  0.933195 -0.072425)
     H   21    Vyy=   -0.3790    axis=(  0.241204 -0.165199 -0.956311)
     H   21    Vzz=    0.4341    axis=( -0.904389  0.319148 -0.283239)
     H   21  Q=         1.0000 1e-30 m^2  Cq=         1.0199 MHz  eta= 0.74641

     C   22    Vxx=   -0.0935    axis=(  0.269319  0.854342 -0.444484)
     C   22    Vyy=   -0.2819    axis=(  0.959664 -0.199406  0.198196)
     C   22    Vzz=    0.3754    axis=( -0.080694  0.479934  0.873586)
     C   22  Q=         1.0000 1e-30 m^2  Cq=         0.8820 MHz  eta= 0.50210

     C   23    Vxx=    0.0427    axis=(  0.836170  0.527313 -0.150869)
     C   23    Vyy=    0.4159    axis=(  0.141152 -0.472698 -0.869846)
     C   23    Vzz=   -0.4586    axis=( -0.529996  0.706043 -0.469688)
     C   23  Q=         1.0000 1e-30 m^2  Cq=        -1.0775 MHz  eta= 0.81360

     Cl  24    Vxx=   -0.2608    axis=( -0.736409  0.521447  0.431040)
     Cl  24    Vyy=   -2.8260    axis=(  0.289605 -0.332831  0.897414)
     Cl  24    Vzz=    3.0868    axis=( -0.611418 -0.785695 -0.094086)
     Cl  24  Q=        -8.1650 1e-30 m^2  Cq=       -59.2192 MHz  eta= 0.83101

     Initialization:
     gipaw_setup  :      8.87s CPU     10.90s WALL (       1 calls)

     Linear response

     Apply operators

     Induced current

     Other routines
     efg          :      9.10s CPU     11.88s WALL (       1 calls)

     General routines
     calbec       :      3.26s CPU      4.71s WALL (      16 calls)
     fft          :      1.96s CPU      3.45s WALL (      15 calls)
     ffts         :      0.03s CPU      0.04s WALL (       2 calls)
     fftw         :      3.14s CPU      3.83s WALL (     672 calls)
     davcio       :      0.06s CPU      0.32s WALL (      32 calls)

     Parallel routines
     fft_scatter  :      2.47s CPU      4.51s WALL (     689 calls)

     Plugins

     GIPAW        :     60.46s CPU     75.24s WALL (       1 calls)
