
     Program QE v.6.0 (svn rev. 13079) starts on 30Dec2016 at 17: 2:13 

     This program is part of the open-source Quantum ESPRESSO suite
     for quantum simulation of materials; please cite
         "P. Giannozzi et al., J. Phys.:Condens. Matter 21 395502 (2009);
          URL http://www.quantum-espresso.org", 
     in publications or presentations arising from this work. More details at
     http://www.quantum-espresso.org/quote

     Parallel version (MPI), running on     8 processors
     R & G space division:  proc/nbgrp/npool/nimage =       8

     ***** This is GIPAW svn revision unknown      *****

     Parallelizing q-star over 1 images

     Reading data from directory:
     /users/majewski/paradichlorobenzene/pbe/9_constraint/scratch/pbe.ecut100.np8.dt60.pcl2phi-129368.save
     Message from routine read_xml_file:
     file /users/majewski/paradichlorobenzene/pbe/9_constraint/scratch/pbe.ecut100.np8.dt60.pcl2phi-129368.save not guaranteed to be safe for post-processing

   Info: using nr1, nr2, nr3 values from input

   Info: using nr1, nr2, nr3 values from input

     IMPORTANT: XC functional enforced from input :
     Exchange-correlation      =  SLA  PW   PBX  PBC ( 1  4  3  4 0 0)
     Any further DFT definition will be discarded
     Please, verify this is what you really want

               file C.pbe-n-kjpaw_psl.1.0.0.UPF: wavefunction(s)  2S 2P renormalized
               file Cl.pbe-n-kjpaw_psl.1.0.0.UPF: wavefunction(s)  3S 3P renormalized
               file H.pbe-kjpaw_psl.1.0.0.UPF: wavefunction(s)  1S renormalized

     Parallelization info
     --------------------
     sticks:   dense  smooth     PW     G-vecs:    dense   smooth      PW
     Min        3057    1223    332               144436    36536    5170
     Max        3059    1225    333               144437    36537    5171
     Sum       24467    9791   2657              1155489   292295   41363


     Subspace diagonalization in iterative solution of the eigenvalue problem:
     a serial algorithm will be used

     GIPAW projectors -----------------------------------------------
     atom=  C    l=0  rc=    1.2000  rs=    0.8000
     atom=  C    l=0  rc=    1.2000  rs=    0.8000
     atom=  C    l=1  rc=    1.4000  rs=    0.9333
     atom=  C    l=1  rc=    1.4000  rs=    0.9333
     projs nearly linearly dependent: l=1  n1,n2= 1, 2  s=  0.99951561

     atom=  Cl   l=0  rc=    1.6000  rs=    1.0667
     atom=  Cl   l=0  rc=    1.6000  rs=    1.0667
     atom=  Cl   l=1  rc=    1.6000  rs=    1.0667
     atom=  Cl   l=1  rc=    1.6000  rs=    1.0667
     atom=  Cl   l=2  rc=    1.6000  rs=    1.0667
     atom=  Cl   l=2  rc=    1.6000  rs=    1.0667
     projs nearly linearly dependent: l=2  n1,n2= 1, 2  s=  0.99993509

     atom=  H    l=0  rc=    1.0000  rs=    0.6667
     atom=  H    l=0  rc=    1.0000  rs=    0.6667
     projs nearly linearly dependent: l=0  n1,n2= 1, 2  s=  0.99968852
     -----------------------------------------------------------------

     GIPAW integrals: -------------------------------------------
     Atom  i/j   nmr_para   nmr_dia   epr_rmc  epr_para   epr_dia
       C   1 1   0.83E+03  0.17E-01  0.93E+01  0.24E+08  0.24E+03
       C   2 1   0.86E+03 -0.61E-01  0.94E+01  0.25E+08  0.25E+03
       C   2 2   0.90E+03 -0.15E+00  0.97E+01  0.26E+08  0.26E+03
       C   3 3   0.33E+01  0.34E+00  0.18E+01  0.55E+03  0.21E+02
       C   4 3   0.35E+01  0.37E+00  0.20E+01  0.59E+03  0.22E+02
       C   4 4   0.38E+01  0.39E+00  0.22E+01  0.63E+03  0.24E+02
       Cl  1 1   0.14E+04 -0.47E+00  0.84E+01  0.32E+09  0.42E+03
       Cl  2 1   0.21E+04 -0.37E+00  0.12E+02  0.49E+09  0.65E+03
       Cl  2 2   0.33E+04 -0.16E+00  0.21E+02  0.76E+09  0.10E+04
       Cl  3 3   0.21E+02  0.79E-01  0.89E+01  0.23E+05  0.13E+03
       Cl  4 3   0.24E+02  0.67E-01  0.99E+01  0.27E+05  0.15E+03
       Cl  4 4   0.28E+02  0.44E-01  0.11E+02  0.32E+05  0.18E+03
       Cl  5 5   0.77E+00  0.19E+00  0.18E+01  0.12E+03  0.22E+02
       Cl  6 5   0.80E+00  0.19E+00  0.19E+01  0.12E+03  0.23E+02
       Cl  6 6   0.83E+00  0.20E+00  0.19E+01  0.12E+03  0.23E+02
       H   1 1   0.39E+02  0.19E+00  0.29E+00  0.78E+05  0.13E+02
       H   2 1   0.41E+02  0.21E+00  0.32E+00  0.82E+05  0.14E+02
       H   2 2   0.43E+02  0.22E+00  0.36E+00  0.86E+05  0.15E+02
     ------------------------------------------------------------

     alpha_pv=     34.4883 eV

     Number of occupied bands for each k-point:
     k-point:     1    nbnd_occ=  42
     k-point:     2    nbnd_occ=  42
     k-point:     3    nbnd_occ=  42
     k-point:     4    nbnd_occ=  42
     k-point:     5    nbnd_occ=  42
     k-point:     6    nbnd_occ=  42
     k-point:     7    nbnd_occ=  42
     k-point:     8    nbnd_occ=  42
     k-point:     9    nbnd_occ=  42
     k-point:    10    nbnd_occ=  42
     k-point:    11    nbnd_occ=  42
     k-point:    12    nbnd_occ=  42
     k-point:    13    nbnd_occ=  42
     k-point:    14    nbnd_occ=  42
     k-point:    15    nbnd_occ=  42
     k-point:    16    nbnd_occ=  42


     q-space interpolation up to   110.00 Rydberg

     GIPAW job: efg                                                                             


     ELECTRIC FIELD GRADIENTS TENSORS IN Hartree/bohrradius^2:

     ----- bare term -----
     Cl   1       -0.303434        0.325009        0.086333
     Cl   1        0.325009        0.041957       -0.127780
     Cl   1        0.086333       -0.127780        0.261477

     C    2        0.066237       -0.128396       -0.323676
     C    2       -0.128396       -0.004709       -0.650598
     C    2       -0.323676       -0.650598       -0.061528

     C    3       -0.646367        0.330690       -0.356391
     C    3        0.330690        0.228840       -0.038932
     C    3       -0.356391       -0.038932        0.417527

     H    4        0.037665       -0.084848       -0.295294
     H    4       -0.084848        0.133504       -0.553339
     H    4       -0.295294       -0.553339       -0.171170

     C    5       -0.095828       -0.269501       -0.438232
     C    5       -0.269501       -0.105113       -0.384193
     C    5       -0.438232       -0.384193        0.200941

     H    6        0.335882        0.117593        0.258849
     H    6        0.117593       -0.070894       -0.563241
     H    6        0.258849       -0.563241       -0.264988

     H    7        0.362128        0.100750        0.193228
     H    7        0.100750       -0.232649        0.424413
     H    7        0.193228        0.424413       -0.129479

     C    8       -0.825650       -0.418851       -0.410371
     C    8       -0.418851        0.513306        0.121381
     C    8       -0.410371        0.121381        0.312344

     H    9        0.098055        0.015900       -0.436455
     H    9        0.015900        0.125123       -0.272618
     H    9       -0.436455       -0.272618       -0.223179

     C   10        0.192725       -0.240666        0.016077
     C   10       -0.240666       -0.169807        0.409611
     C   10        0.016077        0.409611       -0.022918

     C   11       -0.171193       -0.130546       -0.331605
     C   11       -0.130546        0.052982       -0.005901
     C   11       -0.331605       -0.005901        0.118211

     Cl  12       -0.036691        0.342172        0.134927
     Cl  12        0.342172       -0.292450       -0.219088
     Cl  12        0.134927       -0.219088        0.329141

     H   13        0.428152        0.124478       -0.233010
     H   13        0.124478        0.049309       -0.157227
     H   13       -0.233010       -0.157227       -0.477460

     C   14       -0.517394        0.298607       -0.041286
     C   14        0.298607        0.168327        0.021483
     C   14       -0.041286        0.021483        0.349067

     H   15       -0.142673        0.194684       -0.519844
     H   15        0.194684       -0.012446        0.100977
     H   15       -0.519844        0.100977        0.155120

     C   16        0.236698        0.011763       -0.230675
     C   16        0.011763       -0.162395       -0.526228
     C   16       -0.230675       -0.526228       -0.074303

     C   17       -0.753604        0.517890       -0.289829
     C   17        0.517890        0.243983       -0.079443
     C   17       -0.289829       -0.079443        0.509621

     Cl  18        0.041147       -0.137575       -0.067141
     Cl  18       -0.137575        0.014928        0.046305
     Cl  18       -0.067141        0.046305       -0.056075

     H   19        0.447194        0.130465       -0.057876
     H   19        0.130465       -0.587928        0.561251
     H   19       -0.057876        0.561251        0.140734

     C   20       -0.054733       -0.350046       -0.065398
     C   20       -0.350046       -0.117900        0.406189
     C   20       -0.065398        0.406189        0.172634

     H   21        0.078604        0.137684       -0.379624
     H   21        0.137684        0.375829        0.406199
     H   21       -0.379624        0.406199       -0.454433

     C   22       -0.680057       -0.335929       -0.359308
     C   22       -0.335929        0.124458        0.039247
     C   22       -0.359308        0.039247        0.555599

     C   23        0.008147       -0.107362       -0.170115
     C   23       -0.107362       -0.186561        0.446068
     C   23       -0.170115        0.446068        0.178415

     Cl  24       -0.212980       -0.155486       -0.006719
     Cl  24       -0.155486       -0.064128       -0.123650
     Cl  24       -0.006719       -0.123650        0.277108

     ----- ionic term -----
     Cl   1        0.105921       -0.208995       -0.012898
     Cl   1       -0.208995        0.032417        0.023257
     Cl   1       -0.012898        0.023257       -0.138338

     C    2        0.118295       -0.279658        0.212294
     C    2       -0.279658        0.012039        0.435264
     C    2        0.212294        0.435264       -0.130334

     C    3        0.126264       -0.274220        0.179812
     C    3       -0.274220        0.016880        0.421019
     C    3        0.179812        0.421019       -0.143144

     H    4        0.450300        0.260644        0.773458
     H    4        0.260644       -0.476420        0.262721
     H    4        0.773458        0.262721        0.026119

     C    5        0.305767       -0.253047        0.281098
     C    5       -0.253047       -0.111424        0.305872
     C    5        0.281098        0.305872       -0.194343

     H    6       -0.530519        0.004320        0.018241
     H    6        0.004320        0.375682        0.816792
     H    6        0.018241        0.816792        0.154837

     H    7       -0.536007        0.032791       -0.022267
     H    7        0.032791        0.535081       -0.755182
     H    7       -0.022267       -0.755182        0.000926

     C    8        0.168546        0.261685        0.353418
     C    8        0.261685        0.087501       -0.244917
     C    8        0.353418       -0.244917       -0.256047

     H    9        0.521444       -0.231562        0.754622
     H    9       -0.231562       -0.426615       -0.219418
     H    9        0.754622       -0.219418       -0.094829

     C   10        0.042069        0.252242        0.296974
     C   10        0.252242        0.268923       -0.324583
     C   10        0.296974       -0.324583       -0.310992

     C   11        0.005130        0.237848        0.326394
     C   11        0.237848        0.218410       -0.392871
     C   11        0.326394       -0.392871       -0.223540

     Cl  12        0.114644        0.225778        0.021648
     Cl  12        0.225778        0.041285       -0.005393
     Cl  12        0.021648       -0.005393       -0.155929

     H   13       -0.474342        0.160229        0.168480
     H   13        0.160229        0.388272        0.780969
     H   13        0.168480        0.780969        0.086069

     C   14        0.274470       -0.232344        0.257557
     C   14       -0.232344       -0.087854        0.320183
     C   14        0.257557        0.320183       -0.186615

     H   15        0.542469        0.349827        0.655042
     H   15        0.349827       -0.398617        0.307374
     H   15        0.655042        0.307374       -0.143852

     C   16        0.162126       -0.279700        0.113587
     C   16       -0.279700        0.044720        0.441275
     C   16        0.113587        0.441275       -0.206846

     C   17        0.286920       -0.262155        0.265994
     C   17       -0.262155       -0.103167        0.381790
     C   17        0.265994        0.381790       -0.183753

     Cl  18        0.183979       -0.240075       -0.003658
     Cl  18       -0.240075       -0.046260        0.002817
     Cl  18       -0.003658        0.002817       -0.137719

     H   19       -0.526479        0.051051       -0.006061
     H   19        0.051051        0.525274       -0.740218
     H   19       -0.006061       -0.740218        0.001205

     C   20        0.083986        0.307588        0.353869
     C   20        0.307588        0.109506       -0.233514
     C   20        0.353869       -0.233514       -0.193491

     H   21        0.362003       -0.240491        0.782087
     H   21       -0.240491       -0.469134       -0.270405
     H   21        0.782087       -0.270405        0.107131

     C   22       -0.021103        0.307278        0.273409
     C   22        0.307278        0.218024       -0.362102
     C   22        0.273409       -0.362102       -0.196921

     C   23        0.106005        0.231253        0.341028
     C   23        0.231253        0.098660       -0.382833
     C   23        0.341028       -0.382833       -0.204665

     Cl  24        0.100011        0.204429        0.036432
     Cl  24        0.204429        0.051902        0.025507
     Cl  24        0.036432        0.025507       -0.151913

     ----- GIPAW term -----
     Cl   1       -0.718860       -1.537513        1.011950
     Cl   1       -1.537513        0.864480       -1.970095
     Cl   1        1.011950       -1.970095       -0.145620

     C    2       -0.054054       -0.079280       -0.038222
     C    2       -0.079280        0.223235       -0.070089
     C    2       -0.038222       -0.070089       -0.169181

     C    3       -0.156280       -0.106010       -0.118527
     C    3       -0.106010        0.181634        0.147122
     C    3       -0.118527        0.147122       -0.025354

     H    4       -0.000000        0.000000        0.000000
     H    4        0.000000        0.000000        0.000000
     H    4        0.000000        0.000000        0.000000

     C    5       -0.036962       -0.194998       -0.143348
     C    5       -0.194998        0.053865        0.080098
     C    5       -0.143348        0.080098       -0.016903

     H    6       -0.000000        0.000000        0.000000
     H    6        0.000000        0.000000        0.000000
     H    6        0.000000        0.000000        0.000000

     H    7       -0.000000        0.000000        0.000000
     H    7        0.000000        0.000000        0.000000
     H    7        0.000000        0.000000        0.000000

     C    8       -0.206072       -0.139713       -0.041837
     C    8       -0.139713        0.298159       -0.015919
     C    8       -0.041837       -0.015919       -0.092088

     H    9       -0.000000        0.000000        0.000000
     H    9        0.000000        0.000000        0.000000
     H    9        0.000000        0.000000        0.000000

     C   10       -0.018097       -0.071788       -0.004854
     C   10       -0.071788        0.087590        0.068921
     C   10       -0.004854        0.068921       -0.069493

     C   11        0.015753       -0.034169       -0.042085
     C   11       -0.034169        0.033025        0.009545
     C   11       -0.042085        0.009545       -0.048778

     Cl  12        0.198603        0.059417       -0.174332
     Cl  12        0.059417        0.564870        0.296326
     Cl  12       -0.174332        0.296326       -0.763473

     H   13       -0.000000        0.000000        0.000000
     H   13        0.000000        0.000000        0.000000
     H   13        0.000000        0.000000        0.000000

     C   14       -0.058110       -0.035721        0.027654
     C   14       -0.035721        0.066419       -0.001635
     C   14        0.027654       -0.001635       -0.008309

     H   15       -0.000000        0.000000        0.000000
     H   15        0.000000        0.000000        0.000000
     H   15        0.000000        0.000000        0.000000

     C   16       -0.042100       -0.036075       -0.022397
     C   16       -0.036075        0.149150       -0.032267
     C   16       -0.022397       -0.032267       -0.107050

     C   17       -0.110244       -0.079304       -0.039442
     C   17       -0.079304        0.180141        0.059972
     C   17       -0.039442        0.059972       -0.069897

     Cl  18        1.725006       -3.409220       -0.909279
     Cl  18       -3.409220        0.210125        0.652158
     Cl  18       -0.909279        0.652158       -1.935132

     H   19       -0.000000        0.000000        0.000000
     H   19        0.000000        0.000000        0.000000
     H   19        0.000000        0.000000        0.000000

     C   20       -0.049141       -0.189334        0.036269
     C   20       -0.189334        0.173003        0.019286
     C   20        0.036269        0.019286       -0.123862

     H   21       -0.000000        0.000000        0.000000
     H   21        0.000000        0.000000        0.000000
     H   21        0.000000        0.000000        0.000000

     C   22       -0.253016       -0.026756       -0.082652
     C   22       -0.026756        0.048976       -0.176420
     C   22       -0.082652       -0.176420        0.204040

     C   23       -0.036591        0.017076        0.026811
     C   23        0.017076        0.126830       -0.115369
     C   23        0.026811       -0.115369       -0.090239

     Cl  24       -0.740608        1.250628        0.033630
     Cl  24        1.250628       -0.631100       -1.637555
     Cl  24        0.033630       -1.637555        1.371707

     ----- total EFG -----
     Cl   1       -0.916373       -1.421499        1.085384
     Cl   1       -1.421499        0.938853       -2.074618
     Cl   1        1.085384       -2.074618       -0.022481

     C    2        0.130478       -0.487335       -0.149604
     C    2       -0.487335        0.230564       -0.285423
     C    2       -0.149604       -0.285423       -0.361042

     C    3       -0.676384       -0.049540       -0.295106
     C    3       -0.049540        0.427355        0.529208
     C    3       -0.295106        0.529208        0.249029

     H    4        0.487966        0.175797        0.478165
     H    4        0.175797       -0.342915       -0.290618
     H    4        0.478165       -0.290618       -0.145050

     C    5        0.172978       -0.717545       -0.300483
     C    5       -0.717545       -0.162672        0.001777
     C    5       -0.300483        0.001777       -0.010306

     H    6       -0.194637        0.121913        0.277090
     H    6        0.121913        0.304788        0.253551
     H    6        0.277090        0.253551       -0.110151

     H    7       -0.173879        0.133541        0.170961
     H    7        0.133541        0.302432       -0.330769
     H    7        0.170961       -0.330769       -0.128553

     C    8       -0.863176       -0.296880       -0.098790
     C    8       -0.296880        0.898966       -0.139455
     C    8       -0.098790       -0.139455       -0.035790

     H    9        0.619499       -0.215662        0.318167
     H    9       -0.215662       -0.301492       -0.492036
     H    9        0.318167       -0.492036       -0.318008

     C   10        0.216697       -0.060212        0.308197
     C   10       -0.060212        0.186706        0.153949
     C   10        0.308197        0.153949       -0.403403

     C   11       -0.150309        0.073133       -0.047296
     C   11        0.073133        0.304417       -0.389228
     C   11       -0.047296       -0.389228       -0.154108

     Cl  12        0.276556        0.627367       -0.017757
     Cl  12        0.627367        0.313705        0.071845
     Cl  12       -0.017757        0.071845       -0.590261

     H   13       -0.046190        0.284707       -0.064530
     H   13        0.284707        0.437581        0.623742
     H   13       -0.064530        0.623742       -0.391391

     C   14       -0.301034        0.030542        0.243925
     C   14        0.030542        0.146891        0.340031
     C   14        0.243925        0.340031        0.154143

     H   15        0.399796        0.544512        0.135198
     H   15        0.544512       -0.411063        0.408351
     H   15        0.135198        0.408351        0.011268

     C   16        0.356724       -0.304012       -0.139484
     C   16       -0.304012        0.031475       -0.117219
     C   16       -0.139484       -0.117219       -0.388200

     C   17       -0.576928        0.176431       -0.063277
     C   17        0.176431        0.320957        0.362319
     C   17       -0.063277        0.362319        0.255970

     Cl  18        1.950133       -3.786871       -0.980078
     Cl  18       -3.786871        0.178793        0.701280
     Cl  18       -0.980078        0.701280       -2.128925

     H   19       -0.079285        0.181516       -0.063938
     H   19        0.181516       -0.062654       -0.178967
     H   19       -0.063938       -0.178967        0.141939

     C   20       -0.019889       -0.231793        0.324740
     C   20       -0.231793        0.164609        0.191961
     C   20        0.324740        0.191961       -0.144719

     H   21        0.440607       -0.102807        0.402463
     H   21       -0.102807       -0.093305        0.135794
     H   21        0.402463        0.135794       -0.347302

     C   22       -0.954176       -0.055408       -0.168551
     C   22       -0.055408        0.391458       -0.499275
     C   22       -0.168551       -0.499275        0.562718

     C   23        0.077561        0.140967        0.197724
     C   23        0.140967        0.038929       -0.052134
     C   23        0.197724       -0.052134       -0.116490

     Cl  24       -0.853577        1.299571        0.063343
     Cl  24        1.299571       -0.643326       -1.735698
     Cl  24        0.063343       -1.735698        1.496902

     ----- total EFG (symmetrized) -----
     Cl   1       -0.916373       -1.421499        1.085384
     Cl   1       -1.421499        0.938853       -2.074618
     Cl   1        1.085384       -2.074618       -0.022481

     C    2        0.130478       -0.487335       -0.149604
     C    2       -0.487335        0.230564       -0.285423
     C    2       -0.149604       -0.285423       -0.361042

     C    3       -0.676384       -0.049540       -0.295106
     C    3       -0.049540        0.427355        0.529208
     C    3       -0.295106        0.529208        0.249029

     H    4        0.487966        0.175797        0.478165
     H    4        0.175797       -0.342915       -0.290618
     H    4        0.478165       -0.290618       -0.145050

     C    5        0.172978       -0.717545       -0.300483
     C    5       -0.717545       -0.162672        0.001777
     C    5       -0.300483        0.001777       -0.010306

     H    6       -0.194637        0.121913        0.277090
     H    6        0.121913        0.304788        0.253551
     H    6        0.277090        0.253551       -0.110151

     H    7       -0.173879        0.133541        0.170961
     H    7        0.133541        0.302432       -0.330769
     H    7        0.170961       -0.330769       -0.128553

     C    8       -0.863176       -0.296880       -0.098790
     C    8       -0.296880        0.898966       -0.139455
     C    8       -0.098790       -0.139455       -0.035790

     H    9        0.619499       -0.215662        0.318167
     H    9       -0.215662       -0.301492       -0.492036
     H    9        0.318167       -0.492036       -0.318008

     C   10        0.216697       -0.060212        0.308197
     C   10       -0.060212        0.186706        0.153949
     C   10        0.308197        0.153949       -0.403403

     C   11       -0.150309        0.073133       -0.047296
     C   11        0.073133        0.304417       -0.389228
     C   11       -0.047296       -0.389228       -0.154108

     Cl  12        0.276556        0.627367       -0.017757
     Cl  12        0.627367        0.313705        0.071845
     Cl  12       -0.017757        0.071845       -0.590261

     H   13       -0.046190        0.284707       -0.064530
     H   13        0.284707        0.437581        0.623742
     H   13       -0.064530        0.623742       -0.391391

     C   14       -0.301034        0.030542        0.243925
     C   14        0.030542        0.146891        0.340031
     C   14        0.243925        0.340031        0.154143

     H   15        0.399796        0.544512        0.135198
     H   15        0.544512       -0.411063        0.408351
     H   15        0.135198        0.408351        0.011268

     C   16        0.356724       -0.304012       -0.139484
     C   16       -0.304012        0.031475       -0.117219
     C   16       -0.139484       -0.117219       -0.388200

     C   17       -0.576928        0.176431       -0.063277
     C   17        0.176431        0.320957        0.362319
     C   17       -0.063277        0.362319        0.255970

     Cl  18        1.950133       -3.786871       -0.980078
     Cl  18       -3.786871        0.178793        0.701280
     Cl  18       -0.980078        0.701280       -2.128925

     H   19       -0.079285        0.181516       -0.063938
     H   19        0.181516       -0.062654       -0.178967
     H   19       -0.063938       -0.178967        0.141939

     C   20       -0.019889       -0.231793        0.324740
     C   20       -0.231793        0.164609        0.191961
     C   20        0.324740        0.191961       -0.144719

     H   21        0.440607       -0.102807        0.402463
     H   21       -0.102807       -0.093305        0.135794
     H   21        0.402463        0.135794       -0.347302

     C   22       -0.954176       -0.055408       -0.168551
     C   22       -0.055408        0.391458       -0.499275
     C   22       -0.168551       -0.499275        0.562718

     C   23        0.077561        0.140967        0.197724
     C   23        0.140967        0.038929       -0.052134
     C   23        0.197724       -0.052134       -0.116490

     Cl  24       -0.853577        1.299571        0.063343
     Cl  24        1.299571       -0.643326       -1.735698
     Cl  24        0.063343       -1.735698        1.496902


     NQR/NMR SPECTROSCOPIC PARAMETERS:
     Cl   1    Vxx=   -1.6375    axis=(  0.669541 -0.205386 -0.713815)
     Cl   1    Vyy=   -1.7017    axis=( -0.633747 -0.659185 -0.404771)
     Cl   1    Vzz=    3.3392    axis=( -0.387402  0.723389 -0.571514)
     Cl   1  Q=        -8.1650 1e-30 m^2  Cq=       -64.0604 MHz  eta= 0.01923

     C    2    Vxx=   -0.0397    axis=(  0.620697  0.420009 -0.662063)
     C    2    Vyy=   -0.6438    axis=(  0.454679  0.495105  0.740363)
     C    2    Vzz=    0.6835    axis=( -0.638750  0.760567 -0.116341)
     C    2  Q=         1.0000 1e-30 m^2  Cq=         1.6060 MHz  eta= 0.88379

     C    3    Vxx=   -0.1354    axis=( -0.309415 -0.665761  0.678987)
     C    3    Vyy=   -0.7731    axis=( -0.939711  0.104730 -0.325537)
     C    3    Vzz=    0.9085    axis=(  0.145619 -0.738778 -0.658029)
     C    3  Q=         1.0000 1e-30 m^2  Cq=         2.1346 MHz  eta= 0.70194

     H    4    Vxx=   -0.0322    axis=( -0.305438 -0.736839  0.603139)
     H    4    Vyy=   -0.7130    axis=(  0.355897 -0.675841 -0.645427)
     H    4    Vzz=    0.7452    axis=(  0.883202  0.017518  0.468666)
     H    4  Q=         1.0000 1e-30 m^2  Cq=         1.7509 MHz  eta= 0.91369

     C    5    Vxx=   -0.0333    axis=(  0.068736 -0.368475  0.927093)
     C    5    Vyy=   -0.7787    axis=( -0.631830 -0.735241 -0.245378)
     C    5    Vzz=    0.8120    axis=(  0.772053 -0.568899 -0.283351)
     C    5  Q=         1.0000 1e-30 m^2  Cq=         1.9079 MHz  eta= 0.91800

     H    6    Vxx=   -0.0646    axis=(  0.614436 -0.574218  0.541056)
     H    6    Vyy=   -0.4413    axis=(  0.715694  0.117050 -0.688536)
     H    6    Vzz=    0.5058    axis=(  0.332039  0.810292  0.482884)
     H    6  Q=         1.0000 1e-30 m^2  Cq=         1.1885 MHz  eta= 0.74470

     H    7    Vxx=   -0.0184    axis=(  0.802871  0.232014  0.549152)
     H    7    Vyy=   -0.4655    axis=( -0.593147  0.403275  0.696811)
     H    7    Vzz=    0.4839    axis=( -0.059790 -0.885177  0.461396)
     H    7  Q=         1.0000 1e-30 m^2  Cq=         1.1369 MHz  eta= 0.92414

     C    8    Vxx=   -0.0344    axis=( -0.152483  0.098425  0.983393)
     C    8    Vyy=   -0.9281    axis=(  0.976411  0.168918  0.134494)
     C    8    Vzz=    0.9626    axis=(  0.152875 -0.980703  0.121861)
     C    8  Q=         1.0000 1e-30 m^2  Cq=         2.2617 MHz  eta= 0.92846

     H    9    Vxx=   -0.0329    axis=(  0.495363  0.652578 -0.573374)
     H    9    Vyy=   -0.8063    axis=( -0.058881  0.683752  0.727335)
     H    9    Vzz=    0.8392    axis=(  0.866688 -0.326533  0.377130)
     H    9  Q=         1.0000 1e-30 m^2  Cq=         1.9718 MHz  eta= 0.92164

     C   10    Vxx=    0.2229    axis=(  0.104353 -0.976479 -0.188678)
     C   10    Vyy=    0.3439    axis=(  0.922436  0.024110  0.385397)
     C   10    Vzz=   -0.5668    axis=( -0.371783 -0.214261  0.903255)
     C   10  Q=         1.0000 1e-30 m^2  Cq=        -1.3317 MHz  eta= 0.21349

     C   11    Vxx=   -0.1612    axis=( -0.991868  0.119740 -0.043127)
     C   11    Vyy=   -0.3767    axis=(  0.021884  0.494277  0.869029)
     C   11    Vzz=    0.5379    axis=( -0.125374 -0.861019  0.492878)
     C   11  Q=         1.0000 1e-30 m^2  Cq=         1.2638 MHz  eta= 0.40062

     Cl  12    Vxx=   -0.3181    axis=( -0.704197  0.673807  0.223810)
     Cl  12    Vyy=   -0.6057    axis=(  0.143264 -0.173892  0.974288)
     Cl  12    Vzz=    0.9238    axis=(  0.695401  0.718154  0.025922)
     Cl  12  Q=        -8.1650 1e-30 m^2  Cq=       -17.7224 MHz  eta= 0.31133

     H   13    Vxx=   -0.0509    axis=(  0.931621 -0.095073 -0.350775)
     H   13    Vyy=   -0.7781    axis=( -0.263365  0.488497 -0.831871)
     H   13    Vzz=    0.8290    axis=(  0.250441  0.867371  0.430055)
     H   13  Q=         1.0000 1e-30 m^2  Cq=         1.9479 MHz  eta= 0.87709

     C   14    Vxx=   -0.1036    axis=( -0.490929  0.721884 -0.487722)
     C   14    Vyy=   -0.4340    axis=( -0.839113 -0.241270  0.487523)
     C   14    Vzz=    0.5376    axis=(  0.234263  0.648593  0.724188)
     C   14  Q=         1.0000 1e-30 m^2  Cq=         1.2631 MHz  eta= 0.61453

     H   15    Vxx=    0.0065    axis=(  0.511119 -0.159436 -0.844593)
     H   15    Vyy=    0.8004    axis=( -0.786470 -0.483157 -0.384738)
     H   15    Vzz=   -0.8070    axis=(  0.346730 -0.860894  0.372343)
     H   15  Q=         1.0000 1e-30 m^2  Cq=        -1.8961 MHz  eta= 0.98380

     C   16    Vxx=   -0.0615    axis=(  0.416931  0.784305 -0.459384)
     C   16    Vyy=   -0.4814    axis=(  0.281346  0.369228  0.885728)
     C   16    Vzz=    0.5428    axis=( -0.864299  0.498533  0.066719)
     C   16  Q=         1.0000 1e-30 m^2  Cq=         1.2755 MHz  eta= 0.77350

     C   17    Vxx=   -0.0264    axis=( -0.282789 -0.619865  0.731982)
     C   17    Vyy=   -0.6322    axis=( -0.956413  0.240170 -0.166110)
     C   17    Vzz=    0.6586    axis=( -0.072835 -0.747051 -0.660764)
     C   17  Q=         1.0000 1e-30 m^2  Cq=         1.5475 MHz  eta= 0.91981

     Cl  18    Vxx=   -2.3210    axis=(  0.055007 -0.191575  0.979935)
     Cl  18    Vyy=   -2.8315    axis=(  0.631085  0.767208  0.114562)
     Cl  18    Vzz=    5.1525    axis=( -0.773761  0.612121  0.163102)
     Cl  18  Q=        -8.1650 1e-30 m^2  Cq=       -98.8483 MHz  eta= 0.09906

     H   19    Vxx=   -0.0359    axis=(  0.676517  0.383211  0.628868)
     H   19    Vyy=   -0.2706    axis=( -0.630026  0.743323  0.224807)
     H   19    Vzz=    0.3065    axis=( -0.381303 -0.548288  0.744303)
     H   19  Q=         1.0000 1e-30 m^2  Cq=         0.7202 MHz  eta= 0.76577

     C   20    Vxx=    0.2133    axis=(  0.481459  0.512128  0.711282)
     C   20    Vyy=    0.3248    axis=( -0.631425  0.765497 -0.123759)
     C   20    Vzz=   -0.5381    axis=( -0.607865 -0.389536  0.691926)
     C   20  Q=         1.0000 1e-30 m^2  Cq=        -1.2643 MHz  eta= 0.20715

     H   21    Vxx=   -0.0390    axis=(  0.069900 -0.943375 -0.324279)
     H   21    Vyy=   -0.5734    axis=(  0.377116  0.325940 -0.866918)
     H   21    Vzz=    0.6124    axis=(  0.923524 -0.061694  0.378545)
     H   21  Q=         1.0000 1e-30 m^2  Cq=         1.4390 MHz  eta= 0.87261

     C   22    Vxx=   -0.0057    axis=( -0.155799  0.764575  0.625421)
     C   22    Vyy=   -0.9825    axis=( -0.986599 -0.089387 -0.136498)
     C   22    Vzz=    0.9882    axis=( -0.048458 -0.638306  0.768256)
     C   22  Q=         1.0000 1e-30 m^2  Cq=         2.3218 MHz  eta= 0.98855

     C   23    Vxx=    0.0378    axis=( -0.206359  0.815867 -0.540164)
     C   23    Vyy=    0.2479    axis=(  0.809303  0.452591  0.374419)
     C   23    Vzz=   -0.2857    axis=( -0.549949  0.359892  0.753680)
     C   23  Q=         1.0000 1e-30 m^2  Cq=        -0.6712 MHz  eta= 0.73542

     Cl  24    Vxx=   -0.0911    axis=(  0.781276  0.436623  0.446059)
     Cl  24    Vyy=   -2.4825    axis=(  0.596772 -0.731968 -0.328765)
     Cl  24    Vzz=    2.5736    axis=( -0.182954 -0.523052  0.832433)
     Cl  24  Q=        -8.1650 1e-30 m^2  Cq=       -49.3730 MHz  eta= 0.92918

     Initialization:
     gipaw_setup  :      9.38s CPU     11.27s WALL (       1 calls)

     Linear response

     Apply operators

     Induced current

     Other routines
     efg          :      9.41s CPU     11.76s WALL (       1 calls)

     General routines
     calbec       :      3.20s CPU      4.40s WALL (      16 calls)
     fft          :      1.68s CPU      2.84s WALL (      15 calls)
     ffts         :      0.04s CPU      0.04s WALL (       2 calls)
     fftw         :      3.40s CPU      4.01s WALL (     672 calls)
     davcio       :      0.04s CPU      0.33s WALL (      32 calls)

     Parallel routines
     fft_scatter  :      2.37s CPU      3.91s WALL (     689 calls)

     Plugins

     GIPAW        :     60.86s CPU     75.80s WALL (       1 calls)
