
     Program QE v.6.0 (svn rev. 13079) starts on 13Jan2017 at 16:55:32 

     This program is part of the open-source Quantum ESPRESSO suite
     for quantum simulation of materials; please cite
         "P. Giannozzi et al., J. Phys.:Condens. Matter 21 395502 (2009);
          URL http://www.quantum-espresso.org", 
     in publications or presentations arising from this work. More details at
     http://www.quantum-espresso.org/quote

     Parallel version (MPI), running on     8 processors
     R & G space division:  proc/nbgrp/npool/nimage =       8

     ***** This is GIPAW svn revision unknown      *****

     Parallelizing q-star over 1 images

     Reading data from directory:
     /users/majewski/paradichlorobenzene/pbe/9_constraint/scratch/pbe.ecut100.np8.dt60.pcl2phi-129368.save
     Message from routine read_xml_file:
     file /users/majewski/paradichlorobenzene/pbe/9_constraint/scratch/pbe.ecut100.np8.dt60.pcl2phi-129368.save not guaranteed to be safe for post-processing

   Info: using nr1, nr2, nr3 values from input

   Info: using nr1, nr2, nr3 values from input

     IMPORTANT: XC functional enforced from input :
     Exchange-correlation      =  SLA  PW   PBX  PBC ( 1  4  3  4 0 0)
     Any further DFT definition will be discarded
     Please, verify this is what you really want

               file C.pbe-n-kjpaw_psl.1.0.0.UPF: wavefunction(s)  2S 2P renormalized
               file Cl.pbe-n-kjpaw_psl.1.0.0.UPF: wavefunction(s)  3S 3P renormalized
               file H.pbe-kjpaw_psl.1.0.0.UPF: wavefunction(s)  1S renormalized

     Parallelization info
     --------------------
     sticks:   dense  smooth     PW     G-vecs:    dense   smooth      PW
     Min        3057    1223    332               144436    36536    5170
     Max        3059    1225    333               144437    36537    5171
     Sum       24467    9791   2657              1155489   292295   41363


     Subspace diagonalization in iterative solution of the eigenvalue problem:
     a serial algorithm will be used

     GIPAW projectors -----------------------------------------------
     atom=  C    l=0  rc=    1.2000  rs=    0.8000
     atom=  C    l=0  rc=    1.2000  rs=    0.8000
     atom=  C    l=1  rc=    1.4000  rs=    0.9333
     atom=  C    l=1  rc=    1.4000  rs=    0.9333
     projs nearly linearly dependent: l=1  n1,n2= 1, 2  s=  0.99951561

     atom=  Cl   l=0  rc=    1.6000  rs=    1.0667
     atom=  Cl   l=0  rc=    1.6000  rs=    1.0667
     atom=  Cl   l=1  rc=    1.6000  rs=    1.0667
     atom=  Cl   l=1  rc=    1.6000  rs=    1.0667
     atom=  Cl   l=2  rc=    1.6000  rs=    1.0667
     atom=  Cl   l=2  rc=    1.6000  rs=    1.0667
     projs nearly linearly dependent: l=2  n1,n2= 1, 2  s=  0.99993509

     atom=  H    l=0  rc=    1.0000  rs=    0.6667
     atom=  H    l=0  rc=    1.0000  rs=    0.6667
     projs nearly linearly dependent: l=0  n1,n2= 1, 2  s=  0.99968852
     -----------------------------------------------------------------

     GIPAW integrals: -------------------------------------------
     Atom  i/j   nmr_para   nmr_dia   epr_rmc  epr_para   epr_dia
       C   1 1   0.83E+03  0.17E-01  0.93E+01  0.24E+08  0.24E+03
       C   2 1   0.86E+03 -0.61E-01  0.94E+01  0.25E+08  0.25E+03
       C   2 2   0.90E+03 -0.15E+00  0.97E+01  0.26E+08  0.26E+03
       C   3 3   0.33E+01  0.34E+00  0.18E+01  0.55E+03  0.21E+02
       C   4 3   0.35E+01  0.37E+00  0.20E+01  0.59E+03  0.22E+02
       C   4 4   0.38E+01  0.39E+00  0.22E+01  0.63E+03  0.24E+02
       Cl  1 1   0.14E+04 -0.47E+00  0.84E+01  0.32E+09  0.42E+03
       Cl  2 1   0.21E+04 -0.37E+00  0.12E+02  0.49E+09  0.65E+03
       Cl  2 2   0.33E+04 -0.16E+00  0.21E+02  0.76E+09  0.10E+04
       Cl  3 3   0.21E+02  0.79E-01  0.89E+01  0.23E+05  0.13E+03
       Cl  4 3   0.24E+02  0.67E-01  0.99E+01  0.27E+05  0.15E+03
       Cl  4 4   0.28E+02  0.44E-01  0.11E+02  0.32E+05  0.18E+03
       Cl  5 5   0.77E+00  0.19E+00  0.18E+01  0.12E+03  0.22E+02
       Cl  6 5   0.80E+00  0.19E+00  0.19E+01  0.12E+03  0.23E+02
       Cl  6 6   0.83E+00  0.20E+00  0.19E+01  0.12E+03  0.23E+02
       H   1 1   0.39E+02  0.19E+00  0.29E+00  0.78E+05  0.13E+02
       H   2 1   0.41E+02  0.21E+00  0.32E+00  0.82E+05  0.14E+02
       H   2 2   0.43E+02  0.22E+00  0.36E+00  0.86E+05  0.15E+02
     ------------------------------------------------------------

     alpha_pv=     34.6541 eV

     Number of occupied bands for each k-point:
     k-point:     1    nbnd_occ=  42
     k-point:     2    nbnd_occ=  42
     k-point:     3    nbnd_occ=  42
     k-point:     4    nbnd_occ=  42
     k-point:     5    nbnd_occ=  42
     k-point:     6    nbnd_occ=  42
     k-point:     7    nbnd_occ=  42
     k-point:     8    nbnd_occ=  42
     k-point:     9    nbnd_occ=  42
     k-point:    10    nbnd_occ=  42
     k-point:    11    nbnd_occ=  42
     k-point:    12    nbnd_occ=  42
     k-point:    13    nbnd_occ=  42
     k-point:    14    nbnd_occ=  42
     k-point:    15    nbnd_occ=  42
     k-point:    16    nbnd_occ=  42


     q-space interpolation up to   110.00 Rydberg

     GIPAW job: efg                                                                             


     ELECTRIC FIELD GRADIENTS TENSORS IN Hartree/bohrradius^2:

     ----- bare term -----
     Cl   1        0.324427        0.109061       -0.049378
     Cl   1        0.109061        0.383363        0.081158
     Cl   1       -0.049378        0.081158       -0.707789

     C    2       -0.079919        0.301532       -0.036380
     C    2        0.301532       -0.493041       -0.439192
     C    2       -0.036380       -0.439192        0.572960

     C    3       -0.178677        0.419575       -0.299492
     C    3        0.419575       -0.262778       -0.350080
     C    3       -0.299492       -0.350080        0.441455

     H    4       -0.097017       -0.080435       -0.302882
     H    4       -0.080435        0.293056       -0.478153
     H    4       -0.302882       -0.478153       -0.196039

     C    5       -0.601798        0.158401       -0.322778
     C    5        0.158401        0.133867       -0.168919
     C    5       -0.322778       -0.168919        0.467931

     H    6       -0.166306        0.273206       -0.208895
     H    6        0.273206       -0.229258       -0.360665
     H    6       -0.208895       -0.360665        0.395564

     H    7        0.356711        0.378929        0.055094
     H    7        0.378929       -0.716363        0.047978
     H    7        0.055094        0.047978        0.359652

     C    8       -0.115967       -0.089437       -0.170102
     C    8       -0.089437       -0.092255        0.322328
     C    8       -0.170102        0.322328        0.208222

     H    9       -0.414209        0.456579        0.145879
     H    9        0.456579        0.174102       -0.119103
     H    9        0.145879       -0.119103        0.240107

     C   10       -0.416324       -0.282314       -0.172899
     C   10       -0.282314        0.091059        0.287349
     C   10       -0.172899        0.287349        0.325266

     C   11       -0.060754        0.014609       -0.295683
     C   11        0.014609       -0.019401        0.645677
     C   11       -0.295683        0.645677        0.080155

     Cl  12       -0.203313       -0.162111       -0.018411
     Cl  12       -0.162111        0.137215       -0.026595
     Cl  12       -0.018411       -0.026595        0.066098

     H   13       -0.065066        0.371468       -0.057070
     H   13        0.371468       -0.305668       -0.265949
     H   13       -0.057070       -0.265949        0.370734

     C   14       -0.013733       -0.324805       -0.505254
     C   14       -0.324805       -0.065318       -0.523349
     C   14       -0.505254       -0.523349        0.079051

     H   15        0.065951       -0.007507       -0.214186
     H   15       -0.007507        0.179172       -0.484776
     H   15       -0.214186       -0.484776       -0.245123

     C   16       -0.345317        0.504824       -0.244565
     C   16        0.504824        0.129866       -0.055101
     C   16       -0.244565       -0.055101        0.215451

     C   17        0.112029        0.014939       -0.155314
     C   17        0.014939       -0.507481       -0.342436
     C   17       -0.155314       -0.342436        0.395452

     Cl  18        0.138511       -0.018491       -0.241542
     Cl  18       -0.018491       -0.074389       -0.471796
     Cl  18       -0.241542       -0.471796       -0.064122

     H   19        0.390911        0.046694       -0.067420
     H   19        0.046694       -0.554676        0.502163
     H   19       -0.067420        0.502163        0.163765

     C   20       -0.635768       -0.307756       -0.448327
     C   20       -0.307756        0.075484        0.109456
     C   20       -0.448327        0.109456        0.560285

     H   21       -0.537741        0.293764        0.125816
     H   21        0.293764        0.418001        0.076384
     H   21        0.125816        0.076384        0.119741

     C   22       -0.066197       -0.181037       -0.201435
     C   22       -0.181037       -0.497207        0.435467
     C   22       -0.201435        0.435467        0.563404

     C   23       -0.668118       -0.310597       -0.376960
     C   23       -0.310597        0.276822        0.121589
     C   23       -0.376960        0.121589        0.391296

     Cl  24        0.019789        0.116339       -0.028959
     Cl  24        0.116339        0.068928       -0.015056
     Cl  24       -0.028959       -0.015056       -0.088716

     ----- ionic term -----
     Cl   1        0.123961       -0.220456        0.120493
     Cl   1       -0.220456       -0.007932       -0.072162
     Cl   1        0.120493       -0.072162       -0.116029

     C    2        0.024239       -0.247398        0.414357
     C    2       -0.247398        0.187530        0.343898
     C    2        0.414357        0.343898       -0.211769

     C    3        0.107757       -0.299404        0.277782
     C    3       -0.299404        0.218898        0.333487
     C    3        0.277782        0.333487       -0.326656

     H    4        0.315647        0.396046        0.726645
     H    4        0.396046       -0.285549        0.379883
     H    4        0.726645        0.379883       -0.030097

     C    5        0.239615       -0.233790        0.370163
     C    5       -0.233790        0.030794        0.272930
     C    5        0.370163        0.272930       -0.270409

     H    6       -0.455557       -0.251901       -0.120563
     H    6       -0.251901        0.690958        0.636006
     H    6       -0.120563        0.636006       -0.235402

     H    7       -0.500328       -0.131654        0.075078
     H    7       -0.131654        0.609616       -0.700379
     H    7        0.075078       -0.700379       -0.109289

     C    8        0.363478        0.112970        0.169620
     C    8        0.112970        0.110852       -0.251769
     C    8        0.169620       -0.251769       -0.474330

     H    9        0.846665       -0.339300        0.418216
     H    9       -0.339300       -0.413492       -0.156366
     H    9        0.418216       -0.156366       -0.433173

     C   10        0.234553        0.183313        0.147585
     C   10        0.183313        0.260010       -0.285822
     C   10        0.147585       -0.285822       -0.494562

     C   11        0.257593        0.107108        0.229790
     C   11        0.107108        0.228769       -0.315085
     C   11        0.229790       -0.315085       -0.486362

     Cl  12        0.127844        0.212814        0.009996
     Cl  12        0.212814        0.040609        0.003993
     Cl  12        0.009996        0.003993       -0.168453

     H   13       -0.534882       -0.121169       -0.017638
     H   13       -0.121169        0.822327        0.588046
     H   13       -0.017638        0.588046       -0.287445

     C   14        0.184714       -0.220721        0.433540
     C   14       -0.220721        0.036518        0.252779
     C   14        0.433540        0.252779       -0.221232

     H   15        0.377736        0.348545        0.737562
     H   15        0.348545       -0.367967        0.339014
     H   15        0.737562        0.339014       -0.009769

     C   16        0.176346       -0.314052        0.291144
     C   16       -0.314052        0.081734        0.287256
     C   16        0.291144        0.287256       -0.258080

     C   17        0.214975       -0.179326        0.322295
     C   17       -0.179326        0.001247        0.393132
     C   17        0.322295        0.393132       -0.216222

     Cl  18        0.208461       -0.163866        0.046921
     Cl  18       -0.163866       -0.075312       -0.019582
     Cl  18        0.046921       -0.019582       -0.133149

     H   19       -0.505662        0.022273       -0.003286
     H   19        0.022273        0.675004       -0.677929
     H   19       -0.003286       -0.677929       -0.169342

     C   20        0.351104        0.202155        0.159360
     C   20        0.202155        0.101475       -0.301665
     C   20        0.159360       -0.301665       -0.452579

     H   21        0.766608       -0.448557        0.417250
     H   21       -0.448557       -0.322846       -0.209034
     H   21        0.417250       -0.209034       -0.443762

     C   22        0.255516        0.219573        0.088360
     C   22        0.219573        0.234142       -0.324737
     C   22        0.088360       -0.324737       -0.489658

     C   23        0.344780        0.122784        0.156388
     C   23        0.122784        0.155437       -0.280207
     C   23        0.156388       -0.280207       -0.500217

     Cl  24        0.160842        0.237442        0.014205
     Cl  24        0.237442        0.003056        0.006702
     Cl  24        0.014205        0.006702       -0.163898

     ----- GIPAW term -----
     Cl   1        0.178846       -0.486897        0.139333
     Cl   1       -0.486897       -0.041238       -0.111210
     Cl   1        0.139333       -0.111210       -0.137608

     C    2        0.001847       -0.050304        0.133945
     C    2       -0.050304       -0.186638       -0.055070
     C    2        0.133945       -0.055070        0.184791

     C    3        0.025612        0.038644       -0.145980
     C    3        0.038644       -0.092315       -0.021167
     C    3       -0.145980       -0.021167        0.066703

     H    4       -0.000000        0.000000        0.000000
     H    4        0.000000        0.000000        0.000000
     H    4        0.000000        0.000000        0.000000

     C    5       -0.046206        0.086924        0.134756
     C    5        0.086924       -0.055246        0.080231
     C    5        0.134756        0.080231        0.101452

     H    6       -0.000000        0.000000        0.000000
     H    6        0.000000        0.000000        0.000000
     H    6        0.000000        0.000000        0.000000

     H    7       -0.000000        0.000000        0.000000
     H    7        0.000000        0.000000        0.000000
     H    7        0.000000        0.000000        0.000000

     C    8       -0.058128       -0.066852       -0.046652
     C    8       -0.066852        0.072966        0.161282
     C    8       -0.046652        0.161282       -0.014838

     H    9       -0.000000        0.000000        0.000000
     H    9        0.000000        0.000000        0.000000
     H    9        0.000000        0.000000        0.000000

     C   10       -0.133540       -0.099418       -0.076883
     C   10       -0.099418        0.134926        0.146039
     C   10       -0.076883        0.146039       -0.001387

     C   11       -0.008467        0.085461       -0.049230
     C   11        0.085461        0.170622        0.110639
     C   11       -0.049230        0.110639       -0.162155

     Cl  12        0.210078        1.687147       -0.182592
     Cl  12        1.687147        1.316608       -0.287397
     Cl  12       -0.182592       -0.287397       -1.526686

     H   13       -0.000000        0.000000        0.000000
     H   13        0.000000        0.000000        0.000000
     H   13        0.000000        0.000000        0.000000

     C   14        0.225903       -0.176037       -0.050518
     C   14       -0.176037       -0.098470       -0.073301
     C   14       -0.050518       -0.073301       -0.127433

     H   15       -0.000000        0.000000        0.000000
     H   15        0.000000        0.000000        0.000000
     H   15        0.000000        0.000000        0.000000

     C   16        0.015460       -0.041988       -0.077096
     C   16       -0.041988        0.027333        0.058464
     C   16       -0.077096        0.058464       -0.042792

     C   17       -0.069442       -0.062875        0.007246
     C   17       -0.062875       -0.065615        0.162671
     C   17        0.007246        0.162671        0.135056

     Cl  18        0.206583       -0.106581        0.364408
     Cl  18       -0.106581       -0.126101        0.257957
     Cl  18        0.364408        0.257957       -0.080482

     H   19       -0.000000        0.000000        0.000000
     H   19        0.000000        0.000000        0.000000
     H   19        0.000000        0.000000        0.000000

     C   20       -0.134271        0.004985       -0.135741
     C   20        0.004985        0.009600       -0.095560
     C   20       -0.135741       -0.095560        0.124671

     H   21       -0.000000        0.000000        0.000000
     H   21        0.000000        0.000000        0.000000
     H   21        0.000000        0.000000        0.000000

     C   22       -0.098046        0.008272       -0.081009
     C   22        0.008272       -0.139028       -0.049150
     C   22       -0.081009       -0.049150        0.237074

     C   23       -0.157063        0.061230       -0.062449
     C   23        0.061230        0.220768       -0.123058
     C   23       -0.062449       -0.123058       -0.063705

     Cl  24        1.361777        2.885370       -0.209273
     Cl  24        2.885370        0.672124       -0.090500
     Cl  24       -0.209273       -0.090500       -2.033901

     ----- total EFG -----
     Cl   1        0.627234       -0.598292        0.210448
     Cl   1       -0.598292        0.334193       -0.102214
     Cl   1        0.210448       -0.102214       -0.961427

     C    2       -0.053833        0.003831        0.511922
     C    2        0.003831       -0.492149       -0.150364
     C    2        0.511922       -0.150364        0.545982

     C    3       -0.045308        0.158815       -0.167690
     C    3        0.158815       -0.136194       -0.037760
     C    3       -0.167690       -0.037760        0.181502

     H    4        0.218630        0.315611        0.423763
     H    4        0.315611        0.007507       -0.098270
     H    4        0.423763       -0.098270       -0.226137

     C    5       -0.408389        0.011535        0.182141
     C    5        0.011535        0.109416        0.184242
     C    5        0.182141        0.184242        0.298974

     H    6       -0.621863        0.021305       -0.329458
     H    6        0.021305        0.461700        0.275341
     H    6       -0.329458        0.275341        0.160163

     H    7       -0.143617        0.247275        0.130172
     H    7        0.247275       -0.106747       -0.652401
     H    7        0.130172       -0.652401        0.250364

     C    8        0.189383       -0.043319       -0.047134
     C    8       -0.043319        0.091563        0.231841
     C    8       -0.047134        0.231841       -0.280946

     H    9        0.432456        0.117279        0.564095
     H    9        0.117279       -0.239390       -0.275469
     H    9        0.564095       -0.275469       -0.193066

     C   10       -0.315311       -0.198419       -0.102197
     C   10       -0.198419        0.485994        0.147566
     C   10       -0.102197        0.147566       -0.170683

     C   11        0.188372        0.207178       -0.115123
     C   11        0.207178        0.379991        0.441230
     C   11       -0.115123        0.441230       -0.568362

     Cl  12        0.134609        1.737850       -0.191007
     Cl  12        1.737850        1.494432       -0.310000
     Cl  12       -0.191007       -0.310000       -1.629041

     H   13       -0.599948        0.250299       -0.074708
     H   13        0.250299        0.516659        0.322097
     H   13       -0.074708        0.322097        0.083289

     C   14        0.396883       -0.721564       -0.122232
     C   14       -0.721564       -0.127269       -0.343870
     C   14       -0.122232       -0.343870       -0.269614

     H   15        0.443688        0.341038        0.523375
     H   15        0.341038       -0.188795       -0.145762
     H   15        0.523375       -0.145762       -0.254892

     C   16       -0.153512        0.148784       -0.030517
     C   16        0.148784        0.238933        0.290619
     C   16       -0.030517        0.290619       -0.085422

     C   17        0.257562       -0.227262        0.174227
     C   17       -0.227262       -0.571848        0.213367
     C   17        0.174227        0.213367        0.314286

     Cl  18        0.553555       -0.288938        0.169787
     Cl  18       -0.288938       -0.275802       -0.233420
     Cl  18        0.169787       -0.233420       -0.277753

     H   19       -0.114751        0.068967       -0.070706
     H   19        0.068967        0.120329       -0.175766
     H   19       -0.070706       -0.175766       -0.005578

     C   20       -0.418935       -0.100616       -0.424708
     C   20       -0.100616        0.186558       -0.287769
     C   20       -0.424708       -0.287769        0.232377

     H   21        0.228867       -0.154792        0.543066
     H   21       -0.154792        0.095154       -0.132650
     H   21        0.543066       -0.132650       -0.324021

     C   22        0.091274        0.046808       -0.194085
     C   22        0.046808       -0.402093        0.061581
     C   22       -0.194085        0.061581        0.310820

     C   23       -0.480402       -0.126583       -0.283021
     C   23       -0.126583        0.653028       -0.281677
     C   23       -0.283021       -0.281677       -0.172626

     Cl  24        1.542408        3.239151       -0.224026
     Cl  24        3.239151        0.744108       -0.098854
     Cl  24       -0.224026       -0.098854       -2.286516

     ----- total EFG (symmetrized) -----
     Cl   1        0.627234       -0.598292        0.210448
     Cl   1       -0.598292        0.334193       -0.102214
     Cl   1        0.210448       -0.102214       -0.961427

     C    2       -0.053833        0.003831        0.511922
     C    2        0.003831       -0.492149       -0.150364
     C    2        0.511922       -0.150364        0.545982

     C    3       -0.045308        0.158815       -0.167690
     C    3        0.158815       -0.136194       -0.037760
     C    3       -0.167690       -0.037760        0.181502

     H    4        0.218630        0.315611        0.423763
     H    4        0.315611        0.007507       -0.098270
     H    4        0.423763       -0.098270       -0.226137

     C    5       -0.408389        0.011535        0.182141
     C    5        0.011535        0.109416        0.184242
     C    5        0.182141        0.184242        0.298974

     H    6       -0.621863        0.021305       -0.329458
     H    6        0.021305        0.461700        0.275341
     H    6       -0.329458        0.275341        0.160163

     H    7       -0.143617        0.247275        0.130172
     H    7        0.247275       -0.106747       -0.652401
     H    7        0.130172       -0.652401        0.250364

     C    8        0.189383       -0.043319       -0.047134
     C    8       -0.043319        0.091563        0.231841
     C    8       -0.047134        0.231841       -0.280946

     H    9        0.432456        0.117279        0.564095
     H    9        0.117279       -0.239390       -0.275469
     H    9        0.564095       -0.275469       -0.193066

     C   10       -0.315311       -0.198419       -0.102197
     C   10       -0.198419        0.485994        0.147566
     C   10       -0.102197        0.147566       -0.170683

     C   11        0.188372        0.207178       -0.115123
     C   11        0.207178        0.379991        0.441230
     C   11       -0.115123        0.441230       -0.568362

     Cl  12        0.134609        1.737850       -0.191007
     Cl  12        1.737850        1.494432       -0.310000
     Cl  12       -0.191007       -0.310000       -1.629041

     H   13       -0.599948        0.250299       -0.074708
     H   13        0.250299        0.516659        0.322097
     H   13       -0.074708        0.322097        0.083289

     C   14        0.396883       -0.721564       -0.122232
     C   14       -0.721564       -0.127269       -0.343870
     C   14       -0.122232       -0.343870       -0.269614

     H   15        0.443688        0.341038        0.523375
     H   15        0.341038       -0.188795       -0.145762
     H   15        0.523375       -0.145762       -0.254892

     C   16       -0.153512        0.148784       -0.030517
     C   16        0.148784        0.238933        0.290619
     C   16       -0.030517        0.290619       -0.085422

     C   17        0.257562       -0.227262        0.174227
     C   17       -0.227262       -0.571848        0.213367
     C   17        0.174227        0.213367        0.314286

     Cl  18        0.553555       -0.288938        0.169787
     Cl  18       -0.288938       -0.275802       -0.233420
     Cl  18        0.169787       -0.233420       -0.277753

     H   19       -0.114751        0.068967       -0.070706
     H   19        0.068967        0.120329       -0.175766
     H   19       -0.070706       -0.175766       -0.005578

     C   20       -0.418935       -0.100616       -0.424708
     C   20       -0.100616        0.186558       -0.287769
     C   20       -0.424708       -0.287769        0.232377

     H   21        0.228867       -0.154792        0.543066
     H   21       -0.154792        0.095154       -0.132650
     H   21        0.543066       -0.132650       -0.324021

     C   22        0.091274        0.046808       -0.194085
     C   22        0.046808       -0.402093        0.061581
     C   22       -0.194085        0.061581        0.310820

     C   23       -0.480402       -0.126583       -0.283021
     C   23       -0.126583        0.653028       -0.281677
     C   23       -0.283021       -0.281677       -0.172626

     Cl  24        1.542408        3.239151       -0.224026
     Cl  24        3.239151        0.744108       -0.098854
     Cl  24       -0.224026       -0.098854       -2.286516


     NQR/NMR SPECTROSCOPIC PARAMETERS:
     Cl   1    Vxx=   -0.1324    axis=(  0.607979  0.791926  0.056699)
     Cl   1    Vyy=   -0.9894    axis=(  0.121083 -0.021906 -0.992401)
     Cl   1    Vzz=    1.1218    axis=( -0.784666  0.610224 -0.109207)
     Cl   1  Q=        -8.1650 1e-30 m^2  Cq=       -21.5213 MHz  eta= 0.76387

     C    2    Vxx=   -0.3153    axis=( -0.823368 -0.377880  0.423405)
     C    2    Vyy=   -0.5364    axis=( -0.287045  0.920908  0.263693)
     C    2    Vzz=    0.8517    axis=(  0.489561 -0.095580  0.866715)
     C    2  Q=         1.0000 1e-30 m^2  Cq=         2.0012 MHz  eta= 0.25956

     C    3    Vxx=   -0.0304    axis=(  0.550214  0.630209  0.547815)
     C    3    Vyy=   -0.2692    axis=( -0.656319  0.731983 -0.182884)
     C    3    Vzz=    0.2995    axis=( -0.516246 -0.258916  0.816366)
     C    3  Q=         1.0000 1e-30 m^2  Cq=         0.7038 MHz  eta= 0.79727

     H    4    Vxx=    0.0225    axis=( -0.132765  0.823363 -0.551767)
     H    4    Vyy=    0.5701    axis=(  0.829685  0.396868  0.392580)
     H    4    Vzz=   -0.5926    axis=( -0.542214  0.405672  0.735822)
     H    4  Q=         1.0000 1e-30 m^2  Cq=        -1.3923 MHz  eta= 0.92416

     C    5    Vxx=    0.0119    axis=(  0.172054 -0.875050  0.452422)
     C    5    Vyy=    0.4426    axis=(  0.189807  0.480113  0.856426)
     C    5    Vzz=   -0.4545    axis=( -0.966629 -0.061479  0.248696)
     C    5  Q=         1.0000 1e-30 m^2  Cq=        -1.0679 MHz  eta= 0.94768

     H    6    Vxx=    0.1089    axis=( -0.353476 -0.562167  0.747678)
     H    6    Vyy=    0.6446    axis=(  0.130716 -0.821119 -0.555587)
     H    6    Vzz=   -0.7535    axis=( -0.926265  0.098653 -0.363730)
     H    6  Q=         1.0000 1e-30 m^2  Cq=        -1.7704 MHz  eta= 0.71097

     H    7    Vxx=   -0.0172    axis=(  0.903971  0.303777  0.300924)
     H    7    Vyy=   -0.7336    axis=( -0.423989  0.727984  0.538770)
     H    7    Vzz=    0.7508    axis=( -0.055402 -0.614621  0.786874)
     H    7  Q=         1.0000 1e-30 m^2  Cq=         1.7640 MHz  eta= 0.95421

     C    8    Vxx=    0.1368    axis=(  0.742041  0.618162  0.259329)
     C    8    Vyy=    0.2562    axis=( -0.669087  0.659191  0.343205)
     C    8    Vzz=   -0.3931    axis=(  0.041209 -0.428186  0.902751)
     C    8  Q=         1.0000 1e-30 m^2  Cq=        -0.9235 MHz  eta= 0.30381

     H    9    Vxx=   -0.0542    axis=(  0.304798  0.845370 -0.438689)
     H    9    Vyy=   -0.7121    axis=( -0.417432  0.532583  0.736278)
     H    9    Vzz=    0.7663    axis=(  0.856066 -0.041293  0.515215)
     H    9  Q=         1.0000 1e-30 m^2  Cq=         1.8005 MHz  eta= 0.85866

     C   10    Vxx=   -0.1850    axis=( -0.283674 -0.285231  0.915518)
     C   10    Vyy=   -0.3853    axis=( -0.929058 -0.154657 -0.336053)
     C   10    Vzz=    0.5703    axis=(  0.237444 -0.945899 -0.221124)
     C   10  Q=         1.0000 1e-30 m^2  Cq=         1.3400 MHz  eta= 0.35125

     C   11    Vxx=    0.1666    axis=(  0.915868 -0.264343 -0.302174)
     C   11    Vyy=    0.6106    axis=( -0.354018 -0.886732 -0.297285)
     C   11    Vzz=   -0.7772    axis=(  0.189361 -0.379249  0.905711)
     C   11  Q=         1.0000 1e-30 m^2  Cq=        -1.8261 MHz  eta= 0.57138

     Cl  12    Vxx=   -1.0511    axis=(  0.827140 -0.561312  0.027716)
     Cl  12    Vyy=   -1.6600    axis=( -0.024059 -0.084638 -0.996121)
     Cl  12    Vzz=    2.7111    axis=(  0.561481  0.823265 -0.083513)
     Cl  12  Q=        -8.1650 1e-30 m^2  Cq=       -52.0115 MHz  eta= 0.22458

     H   13    Vxx=   -0.0334    axis=( -0.285509 -0.384221  0.877985)
     H   13    Vyy=   -0.6819    axis=( -0.947446  0.251119 -0.198203)
     H   13    Vzz=    0.7153    axis=( -0.144325 -0.888433 -0.435726)
     H   13  Q=         1.0000 1e-30 m^2  Cq=         1.6806 MHz  eta= 0.90669

     C   14    Vxx=   -0.0625    axis=( -0.370095 -0.379270  0.848047)
     C   14    Vyy=   -0.8486    axis=(  0.465221  0.714489  0.522565)
     C   14    Vzz=    0.9111    axis=( -0.804114  0.587928 -0.087984)
     C   14  Q=         1.0000 1e-30 m^2  Cq=         2.1407 MHz  eta= 0.86284

     H   15    Vxx=   -0.0744    axis=( -0.032942 -0.822144  0.568326)
     H   15    Vyy=   -0.7085    axis=(  0.476246 -0.512840 -0.714272)
     H   15    Vzz=    0.7829    axis=(  0.878695  0.247134  0.408437)
     H   15  Q=         1.0000 1e-30 m^2  Cq=         1.8395 MHz  eta= 0.81001

     C   16    Vxx=   -0.1082    axis=(  0.811036  0.129906 -0.570390)
     C   16    Vyy=   -0.3237    axis=( -0.551887  0.493275 -0.672385)
     C   16    Vzz=    0.4319    axis=( -0.194012 -0.860119 -0.471757)
     C   16  Q=         1.0000 1e-30 m^2  Cq=         1.0148 MHz  eta= 0.49886

     C   17    Vxx=    0.2301    axis=(  0.725512 -0.361414 -0.585673)
     C   17    Vyy=    0.4628    axis=( -0.634059 -0.020143 -0.773022)
     C   17    Vzz=   -0.6929    axis=(  0.267584  0.932188 -0.243772)
     C   17  Q=         1.0000 1e-30 m^2  Cq=        -1.6280 MHz  eta= 0.33574

     Cl  18    Vxx=   -0.1824    axis=( -0.391931 -0.577516  0.716146)
     Cl  18    Vyy=   -0.5184    axis=(  0.097604  0.747929  0.656564)
     Cl  18    Vzz=    0.7009    axis=(  0.914802 -0.327227  0.236769)
     Cl  18  Q=        -8.1650 1e-30 m^2  Cq=       -13.4455 MHz  eta= 0.47938

     H   19    Vxx=   -0.1161    axis=(  0.582182 -0.587585 -0.561967)
     H   19    Vyy=   -0.1526    axis=(  0.774968  0.191949  0.602146)
     H   19    Vzz=    0.2687    axis=(  0.245943  0.786066 -0.567109)
     H   19  Q=         1.0000 1e-30 m^2  Cq=         0.6314 MHz  eta= 0.13583

     C   20    Vxx=    0.1122    axis=(  0.448191 -0.814951 -0.367396)
     C   20    Vyy=    0.5732    axis=(  0.290543  0.521471 -0.802280)
     C   20    Vzz=   -0.6854    axis=(  0.845405  0.252831  0.470497)
     C   20  Q=         1.0000 1e-30 m^2  Cq=        -1.6104 MHz  eta= 0.67271

     H   21    Vxx=    0.0217    axis=(  0.320631  0.936119  0.144489)
     H   21    Vyy=    0.6367    axis=(  0.794415 -0.348840  0.497207)
     H   21    Vzz=   -0.6584    axis=(  0.515849 -0.044635 -0.855516)
     H   21  Q=         1.0000 1e-30 m^2  Cq=        -1.5470 MHz  eta= 0.93420

     C   22    Vxx=   -0.0090    axis=( -0.856079 -0.177957 -0.485241)
     C   22    Vyy=   -0.4161    axis=(  0.136535 -0.983369  0.119761)
     C   22    Vzz=    0.4251    axis=( -0.498484  0.036273  0.866140)
     C   22  Q=         1.0000 1e-30 m^2  Cq=         0.9988 MHz  eta= 0.95762

     C   23    Vxx=   -0.0436    axis=(  0.574187 -0.215083 -0.789968)
     C   23    Vyy=   -0.6976    axis=(  0.818049  0.189890  0.542897)
     C   23    Vzz=    0.7412    axis=( -0.033239  0.957957 -0.284980)
     C   23  Q=         1.0000 1e-30 m^2  Cq=         1.7416 MHz  eta= 0.88234

     Cl  24    Vxx=   -2.0930    axis=(  0.612294 -0.711101 -0.345590)
     Cl  24    Vyy=   -2.3220    axis=(  0.253441 -0.237509  0.937740)
     Cl  24    Vzz=    4.4150    axis=( -0.748909 -0.661759  0.034797)
     Cl  24  Q=        -8.1650 1e-30 m^2  Cq=       -84.7002 MHz  eta= 0.05187

     Initialization:
     gipaw_setup  :      9.60s CPU     11.26s WALL (       1 calls)

     Linear response

     Apply operators

     Induced current

     Other routines
     efg          :      9.39s CPU     11.88s WALL (       1 calls)

     General routines
     calbec       :      3.39s CPU      4.55s WALL (      16 calls)
     fft          :      1.61s CPU      2.55s WALL (      15 calls)
     ffts         :      0.05s CPU      0.06s WALL (       2 calls)
     fftw         :      3.30s CPU      4.08s WALL (     672 calls)
     davcio       :      0.01s CPU      0.31s WALL (      32 calls)

     Parallel routines
     fft_scatter  :      2.27s CPU      3.75s WALL (     689 calls)

     Plugins

     GIPAW        :     62.52s CPU     73.71s WALL (       1 calls)
