
     Program QE v.6.0 (svn rev. 13079) starts on  3Jan2017 at 19:24:59 

     This program is part of the open-source Quantum ESPRESSO suite
     for quantum simulation of materials; please cite
         "P. Giannozzi et al., J. Phys.:Condens. Matter 21 395502 (2009);
          URL http://www.quantum-espresso.org", 
     in publications or presentations arising from this work. More details at
     http://www.quantum-espresso.org/quote

     Parallel version (MPI), running on     8 processors
     R & G space division:  proc/nbgrp/npool/nimage =       8

     ***** This is GIPAW svn revision unknown      *****

     Parallelizing q-star over 1 images

     Reading data from directory:
     /users/majewski/paradichlorobenzene/pbe/9_constraint/scratch/pbe.ecut100.np8.dt60.pcl2phi-129368.save
     Message from routine read_xml_file:
     file /users/majewski/paradichlorobenzene/pbe/9_constraint/scratch/pbe.ecut100.np8.dt60.pcl2phi-129368.save not guaranteed to be safe for post-processing

   Info: using nr1, nr2, nr3 values from input

   Info: using nr1, nr2, nr3 values from input

     IMPORTANT: XC functional enforced from input :
     Exchange-correlation      =  SLA  PW   PBX  PBC ( 1  4  3  4 0 0)
     Any further DFT definition will be discarded
     Please, verify this is what you really want

               file C.pbe-n-kjpaw_psl.1.0.0.UPF: wavefunction(s)  2S 2P renormalized
               file Cl.pbe-n-kjpaw_psl.1.0.0.UPF: wavefunction(s)  3S 3P renormalized
               file H.pbe-kjpaw_psl.1.0.0.UPF: wavefunction(s)  1S renormalized

     Parallelization info
     --------------------
     sticks:   dense  smooth     PW     G-vecs:    dense   smooth      PW
     Min        3057    1223    332               144436    36536    5170
     Max        3059    1225    333               144437    36537    5171
     Sum       24467    9791   2657              1155489   292295   41363


     Subspace diagonalization in iterative solution of the eigenvalue problem:
     a serial algorithm will be used

     GIPAW projectors -----------------------------------------------
     atom=  C    l=0  rc=    1.2000  rs=    0.8000
     atom=  C    l=0  rc=    1.2000  rs=    0.8000
     atom=  C    l=1  rc=    1.4000  rs=    0.9333
     atom=  C    l=1  rc=    1.4000  rs=    0.9333
     projs nearly linearly dependent: l=1  n1,n2= 1, 2  s=  0.99951561

     atom=  Cl   l=0  rc=    1.6000  rs=    1.0667
     atom=  Cl   l=0  rc=    1.6000  rs=    1.0667
     atom=  Cl   l=1  rc=    1.6000  rs=    1.0667
     atom=  Cl   l=1  rc=    1.6000  rs=    1.0667
     atom=  Cl   l=2  rc=    1.6000  rs=    1.0667
     atom=  Cl   l=2  rc=    1.6000  rs=    1.0667
     projs nearly linearly dependent: l=2  n1,n2= 1, 2  s=  0.99993509

     atom=  H    l=0  rc=    1.0000  rs=    0.6667
     atom=  H    l=0  rc=    1.0000  rs=    0.6667
     projs nearly linearly dependent: l=0  n1,n2= 1, 2  s=  0.99968852
     -----------------------------------------------------------------

     GIPAW integrals: -------------------------------------------
     Atom  i/j   nmr_para   nmr_dia   epr_rmc  epr_para   epr_dia
       C   1 1   0.83E+03  0.17E-01  0.93E+01  0.24E+08  0.24E+03
       C   2 1   0.86E+03 -0.61E-01  0.94E+01  0.25E+08  0.25E+03
       C   2 2   0.90E+03 -0.15E+00  0.97E+01  0.26E+08  0.26E+03
       C   3 3   0.33E+01  0.34E+00  0.18E+01  0.55E+03  0.21E+02
       C   4 3   0.35E+01  0.37E+00  0.20E+01  0.59E+03  0.22E+02
       C   4 4   0.38E+01  0.39E+00  0.22E+01  0.63E+03  0.24E+02
       Cl  1 1   0.14E+04 -0.47E+00  0.84E+01  0.32E+09  0.42E+03
       Cl  2 1   0.21E+04 -0.37E+00  0.12E+02  0.49E+09  0.65E+03
       Cl  2 2   0.33E+04 -0.16E+00  0.21E+02  0.76E+09  0.10E+04
       Cl  3 3   0.21E+02  0.79E-01  0.89E+01  0.23E+05  0.13E+03
       Cl  4 3   0.24E+02  0.67E-01  0.99E+01  0.27E+05  0.15E+03
       Cl  4 4   0.28E+02  0.44E-01  0.11E+02  0.32E+05  0.18E+03
       Cl  5 5   0.77E+00  0.19E+00  0.18E+01  0.12E+03  0.22E+02
       Cl  6 5   0.80E+00  0.19E+00  0.19E+01  0.12E+03  0.23E+02
       Cl  6 6   0.83E+00  0.20E+00  0.19E+01  0.12E+03  0.23E+02
       H   1 1   0.39E+02  0.19E+00  0.29E+00  0.78E+05  0.13E+02
       H   2 1   0.41E+02  0.21E+00  0.32E+00  0.82E+05  0.14E+02
       H   2 2   0.43E+02  0.22E+00  0.36E+00  0.86E+05  0.15E+02
     ------------------------------------------------------------

     alpha_pv=     34.2081 eV

     Number of occupied bands for each k-point:
     k-point:     1    nbnd_occ=  42
     k-point:     2    nbnd_occ=  42
     k-point:     3    nbnd_occ=  42
     k-point:     4    nbnd_occ=  42
     k-point:     5    nbnd_occ=  42
     k-point:     6    nbnd_occ=  42
     k-point:     7    nbnd_occ=  42
     k-point:     8    nbnd_occ=  42
     k-point:     9    nbnd_occ=  42
     k-point:    10    nbnd_occ=  42
     k-point:    11    nbnd_occ=  42
     k-point:    12    nbnd_occ=  42
     k-point:    13    nbnd_occ=  42
     k-point:    14    nbnd_occ=  42
     k-point:    15    nbnd_occ=  42
     k-point:    16    nbnd_occ=  42


     q-space interpolation up to   110.00 Rydberg

     GIPAW job: efg                                                                             


     ELECTRIC FIELD GRADIENTS TENSORS IN Hartree/bohrradius^2:

     ----- bare term -----
     Cl   1       -0.023818        0.105069       -0.014092
     Cl   1        0.105069        0.158037        0.017940
     Cl   1       -0.014092        0.017940       -0.134219

     C    2       -0.788751        0.369283       -0.295844
     C    2        0.369283        0.281332       -0.056645
     C    2       -0.295844       -0.056645        0.507418

     C    3        0.185205        0.412565        0.011218
     C    3        0.412565       -0.583226       -0.526096
     C    3        0.011218       -0.526096        0.398021

     H    4       -0.363295       -0.046532       -0.533009
     H    4       -0.046532        0.051697       -0.341447
     H    4       -0.533009       -0.341447        0.311598

     C    5       -0.826471        0.267617       -0.408453
     C    5        0.267617        0.366201       -0.165315
     C    5       -0.408453       -0.165315        0.460269

     H    6        0.276640        0.007711       -0.264618
     H    6        0.007711       -0.490616       -0.544413
     H    6       -0.264618       -0.544413        0.213976

     H    7        0.397943        0.101985       -0.019413
     H    7        0.101985       -0.640845       -0.229752
     H    7       -0.019413       -0.229752        0.242903

     C    8       -0.017444        0.142282       -0.152668
     C    8        0.142282       -0.127163       -0.011064
     C    8       -0.152668       -0.011064        0.144607

     H    9       -0.125804        0.393444        0.036102
     H    9        0.393444       -0.201506       -0.189319
     H    9        0.036102       -0.189319        0.327310

     C   10        0.042105       -0.087446        0.237552
     C   10       -0.087446       -0.075727       -0.226089
     C   10        0.237552       -0.226089        0.033622

     C   11        0.028218        0.126090       -0.144537
     C   11        0.126090       -0.022424        0.251023
     C   11       -0.144537        0.251023       -0.005794

     Cl  12        0.045614       -0.225735       -0.012516
     Cl  12       -0.225735        0.082669       -0.212899
     Cl  12       -0.012516       -0.212899       -0.128283

     H   13        0.422379       -0.128484       -0.109178
     H   13       -0.128484       -0.222752       -0.596013
     H   13       -0.109178       -0.596013       -0.199627

     C   14        0.186125        0.112487       -0.076688
     C   14        0.112487       -0.364162       -0.306776
     C   14       -0.076688       -0.306776        0.178036

     H   15        0.098787       -0.152517       -0.353258
     H   15       -0.152517        0.188593       -0.409148
     H   15       -0.353258       -0.409148       -0.287381

     C   16       -0.478641        0.278435       -0.252364
     C   16        0.278435        0.336044       -0.178901
     C   16       -0.252364       -0.178901        0.142597

     C   17        0.380349        0.096635       -0.083234
     C   17        0.096635       -0.540859       -0.447480
     C   17       -0.083234       -0.447480        0.160509

     Cl  18       -0.158660        0.221617        0.006823
     Cl  18        0.221617       -0.011599        0.037814
     Cl  18        0.006823        0.037814        0.170259

     H   19        0.006966        0.198075       -0.040569
     H   19        0.198075       -0.350056        0.464324
     H   19       -0.040569        0.464324        0.343090

     C   20       -0.440985       -0.331781        0.011348
     C   20       -0.331781        0.079098        0.366359
     C   20        0.011348        0.366359        0.361887

     H   21       -0.685619       -0.059488       -0.209255
     H   21       -0.059488        0.347981        0.188416
     H   21       -0.209255        0.188416        0.337638

     C   22        0.039560        0.239618       -0.362852
     C   22        0.239618       -0.154251        0.632436
     C   22       -0.362852        0.632436        0.114691

     C   23       -0.506826       -0.408201       -0.168929
     C   23       -0.408201        0.100445        0.326030
     C   23       -0.168929        0.326030        0.406381

     Cl  24       -0.001207        0.147805       -0.009387
     Cl  24        0.147805        0.081378        0.084662
     Cl  24       -0.009387        0.084662       -0.080170

     ----- ionic term -----
     Cl   1        0.167065       -0.229588        0.073458
     Cl   1       -0.229588        0.000209       -0.035470
     Cl   1        0.073458       -0.035470       -0.167275

     C    2        0.147491       -0.265837        0.341894
     C    2       -0.265837        0.125821        0.340883
     C    2        0.341894        0.340883       -0.273312

     C    3        0.130573       -0.351841        0.232647
     C    3       -0.351841        0.203144        0.356493
     C    3        0.232647        0.356493       -0.333717

     H    4        0.510312        0.222695        0.742818
     H    4        0.222695       -0.422399        0.237379
     H    4        0.742818        0.237379       -0.087914

     C    5        0.260322       -0.249764        0.328972
     C    5       -0.249764        0.051347        0.299048
     C    5        0.328972        0.299048       -0.311669

     H    6       -0.508626       -0.009588        0.004214
     H    6       -0.009588        0.616016        0.728331
     H    6        0.004214        0.728331       -0.107391

     H    7       -0.509149       -0.061630        0.021669
     H    7       -0.061630        0.810861       -0.594793
     H    7        0.021669       -0.594793       -0.301712

     C    8        0.422575        0.145096        0.109005
     C    8        0.145096        0.076404       -0.287620
     C    8        0.109005       -0.287620       -0.498979

     H    9        0.589157       -0.465035        0.563094
     H    9       -0.465035       -0.269488       -0.299007
     H    9        0.563094       -0.299007       -0.319668

     C   10        0.204275        0.166354        0.084877
     C   10        0.166354        0.251547       -0.376807
     C   10        0.084877       -0.376807       -0.455823

     C   11        0.202997        0.132242        0.099830
     C   11        0.132242        0.261601       -0.337286
     C   11        0.099830       -0.337286       -0.464598

     Cl  12        0.123326        0.183490       -0.012162
     Cl  12        0.183490        0.033345       -0.022052
     Cl  12       -0.012162       -0.022052       -0.156671

     H   13       -0.521778        0.130602        0.094899
     H   13        0.130602        0.704758        0.676833
     H   13        0.094899        0.676833       -0.182980

     C   14        0.225372       -0.201626        0.323121
     C   14       -0.201626        0.055974        0.281155
     C   14        0.323121        0.281155       -0.281347

     H   15        0.428821        0.390345        0.746840
     H   15        0.390345       -0.386250        0.328097
     H   15        0.746840        0.328097       -0.042571

     C   16        0.076037       -0.209743        0.226990
     C   16       -0.209743        0.204567        0.432288
     C   16        0.226990        0.432288       -0.280603

     C   17        0.138043       -0.160988        0.281486
     C   17       -0.160988        0.114391        0.471827
     C   17        0.281486        0.471827       -0.252434

     Cl  18        0.120356       -0.196816       -0.023347
     Cl  18       -0.196816        0.011774        0.012396
     Cl  18       -0.023347        0.012396       -0.132129

     H   19       -0.484745       -0.203266        0.055820
     H   19       -0.203266        0.946246       -0.406064
     H   19        0.055820       -0.406064       -0.461500

     C   20        0.337138        0.136757        0.084610
     C   20        0.136757        0.169244       -0.246264
     C   20        0.084610       -0.246264       -0.506381

     H   21        0.679898       -0.378715        0.551109
     H   21       -0.378715       -0.349994       -0.242887
     H   21        0.551109       -0.242887       -0.329905

     C   22        0.212532        0.194104        0.087138
     C   22        0.194104        0.248414       -0.356045
     C   22        0.087138       -0.356045       -0.460945

     C   23        0.346637        0.119400        0.154916
     C   23        0.119400        0.156027       -0.320205
     C   23        0.154916       -0.320205       -0.502664

     Cl  24        0.162124        0.237229       -0.003772
     Cl  24        0.237229       -0.016890       -0.010608
     Cl  24       -0.003772       -0.010608       -0.145234

     ----- GIPAW term -----
     Cl   1        0.529568       -0.621980       -0.057771
     Cl   1       -0.621980        2.175758        0.134083
     Cl   1       -0.057771        0.134083       -2.705326

     C    2       -0.132296        0.044423        0.035953
     C    2        0.044423        0.064206        0.149140
     C    2        0.035953        0.149140        0.068090

     C    3       -0.047258        0.095670        0.071519
     C    3        0.095670        0.000938        0.123228
     C    3        0.071519        0.123228        0.046320

     H    4       -0.000000        0.000000        0.000000
     H    4        0.000000        0.000000        0.000000
     H    4        0.000000        0.000000        0.000000

     C    5       -0.095857        0.055414        0.038803
     C    5        0.055414        0.030859        0.068456
     C    5        0.038803        0.068456        0.064998

     H    6       -0.000000        0.000000        0.000000
     H    6        0.000000        0.000000        0.000000
     H    6        0.000000        0.000000        0.000000

     H    7       -0.000000        0.000000        0.000000
     H    7        0.000000        0.000000        0.000000
     H    7        0.000000        0.000000        0.000000

     C    8       -0.002301        0.018219        0.002342
     C    8        0.018219       -0.000470        0.022006
     C    8        0.002342        0.022006        0.002771

     H    9       -0.000000        0.000000        0.000000
     H    9        0.000000        0.000000        0.000000
     H    9        0.000000        0.000000        0.000000

     C   10        0.023594        0.011154        0.023666
     C   10        0.011154        0.004012       -0.041914
     C   10        0.023666       -0.041914       -0.027606

     C   11       -0.001609        0.030340       -0.018807
     C   11        0.030340        0.005875        0.046298
     C   11       -0.018807        0.046298       -0.004266

     Cl  12       -0.687560        0.408618       -0.122694
     Cl  12        0.408618       -0.563914        1.050840
     Cl  12       -0.122694        1.050840        1.251474

     H   13       -0.000000        0.000000        0.000000
     H   13        0.000000        0.000000        0.000000
     H   13        0.000000        0.000000        0.000000

     C   14       -0.027429        0.006734        0.005165
     C   14        0.006734       -0.028183        0.103050
     C   14        0.005165        0.103050        0.055611

     H   15       -0.000000        0.000000        0.000000
     H   15        0.000000        0.000000        0.000000
     H   15        0.000000        0.000000        0.000000

     C   16       -0.070066        0.023424        0.008350
     C   16        0.023424        0.034814        0.021041
     C   16        0.008350        0.021041        0.035252

     C   17        0.007954       -0.014726        0.021173
     C   17       -0.014726       -0.002719        0.085560
     C   17        0.021173        0.085560       -0.005235

     Cl  18       -0.945250       -0.387381        0.540255
     Cl  18       -0.387381        0.262662        2.197010
     Cl  18        0.540255        2.197010        0.682588

     H   19       -0.000000        0.000000        0.000000
     H   19        0.000000        0.000000        0.000000
     H   19        0.000000        0.000000        0.000000

     C   20       -0.054369        0.122350        0.120661
     C   20        0.122350        0.086535        0.152389
     C   20        0.120661        0.152389       -0.032166

     H   21       -0.000000        0.000000        0.000000
     H   21        0.000000        0.000000        0.000000
     H   21        0.000000        0.000000        0.000000

     C   22        0.027116        0.243381       -0.081029
     C   22        0.243381        0.084842        0.082511
     C   22       -0.081029        0.082511       -0.111959

     C   23       -0.118199        0.087646        0.026351
     C   23        0.087646        0.168051        0.153970
     C   23        0.026351        0.153970       -0.049852

     Cl  24        0.971821        3.172120        0.187625
     Cl  24        3.172120        1.003134        0.936665
     Cl  24        0.187625        0.936665       -1.974955

     ----- total EFG -----
     Cl   1        0.672816       -0.746499        0.001595
     Cl   1       -0.746499        2.334004        0.116553
     Cl   1        0.001595        0.116553       -3.006820

     C    2       -0.773556        0.147869        0.082003
     C    2        0.147869        0.471359        0.433378
     C    2        0.082003        0.433378        0.302197

     C    3        0.268520        0.156395        0.315384
     C    3        0.156395       -0.379144       -0.046375
     C    3        0.315384       -0.046375        0.110624

     H    4        0.147017        0.176163        0.209809
     H    4        0.176163       -0.370702       -0.104068
     H    4        0.209809       -0.104068        0.223685

     C    5       -0.662005        0.073268       -0.040678
     C    5        0.073268        0.448407        0.202189
     C    5       -0.040678        0.202189        0.213598

     H    6       -0.231985       -0.001878       -0.260404
     H    6       -0.001878        0.125400        0.183918
     H    6       -0.260404        0.183918        0.106585

     H    7       -0.111206        0.040355        0.002255
     H    7        0.040355        0.170016       -0.824545
     H    7        0.002255       -0.824545       -0.058809

     C    8        0.402830        0.305597       -0.041321
     C    8        0.305597       -0.051229       -0.276678
     C    8       -0.041321       -0.276678       -0.351601

     H    9        0.463353       -0.071591        0.599197
     H    9       -0.071591       -0.470994       -0.488326
     H    9        0.599197       -0.488326        0.007642

     C   10        0.269975        0.090062        0.346095
     C   10        0.090062        0.179832       -0.644811
     C   10        0.346095       -0.644811       -0.449807

     C   11        0.229606        0.288672       -0.063513
     C   11        0.288672        0.245052       -0.039965
     C   11       -0.063513       -0.039965       -0.474658

     Cl  12       -0.518620        0.366374       -0.147371
     Cl  12        0.366374       -0.447901        0.815889
     Cl  12       -0.147371        0.815889        0.966520

     H   13       -0.099399        0.002118       -0.014279
     H   13        0.002118        0.482006        0.080820
     H   13       -0.014279        0.080820       -0.382607

     C   14        0.384069       -0.082405        0.251599
     C   14       -0.082405       -0.336370        0.077429
     C   14        0.251599        0.077429       -0.047699

     H   15        0.527608        0.237828        0.393582
     H   15        0.237828       -0.197656       -0.081051
     H   15        0.393582       -0.081051       -0.329952

     C   16       -0.472670        0.092117       -0.017024
     C   16        0.092117        0.575425        0.274428
     C   16       -0.017024        0.274428       -0.102755

     C   17        0.526347       -0.079079        0.219425
     C   17       -0.079079       -0.429187        0.109907
     C   17        0.219425        0.109907       -0.097160

     Cl  18       -0.983555       -0.362581        0.523730
     Cl  18       -0.362581        0.262836        2.247220
     Cl  18        0.523730        2.247220        0.720718

     H   19       -0.477780       -0.005191        0.015251
     H   19       -0.005191        0.596190        0.058260
     H   19        0.015251        0.058260       -0.118410

     C   20       -0.158216       -0.072673        0.216618
     C   20       -0.072673        0.334877        0.272485
     C   20        0.216618        0.272485       -0.176660

     H   21       -0.005721       -0.438203        0.341854
     H   21       -0.438203       -0.002013       -0.054471
     H   21        0.341854       -0.054471        0.007733

     C   22        0.279208        0.677103       -0.356743
     C   22        0.677103        0.179005        0.358902
     C   22       -0.356743        0.358902       -0.458213

     C   23       -0.278389       -0.201155        0.012338
     C   23       -0.201155        0.424524        0.159795
     C   23        0.012338        0.159795       -0.146135

     Cl  24        1.132738        3.557154        0.174467
     Cl  24        3.557154        1.067622        1.010718
     Cl  24        0.174467        1.010718       -2.200360

     ----- total EFG (symmetrized) -----
     Cl   1        0.672816       -0.746499        0.001595
     Cl   1       -0.746499        2.334004        0.116553
     Cl   1        0.001595        0.116553       -3.006820

     C    2       -0.773556        0.147869        0.082003
     C    2        0.147869        0.471359        0.433378
     C    2        0.082003        0.433378        0.302197

     C    3        0.268520        0.156395        0.315384
     C    3        0.156395       -0.379144       -0.046375
     C    3        0.315384       -0.046375        0.110624

     H    4        0.147017        0.176163        0.209809
     H    4        0.176163       -0.370702       -0.104068
     H    4        0.209809       -0.104068        0.223685

     C    5       -0.662005        0.073268       -0.040678
     C    5        0.073268        0.448407        0.202189
     C    5       -0.040678        0.202189        0.213598

     H    6       -0.231985       -0.001878       -0.260404
     H    6       -0.001878        0.125400        0.183918
     H    6       -0.260404        0.183918        0.106585

     H    7       -0.111206        0.040355        0.002255
     H    7        0.040355        0.170016       -0.824545
     H    7        0.002255       -0.824545       -0.058809

     C    8        0.402830        0.305597       -0.041321
     C    8        0.305597       -0.051229       -0.276678
     C    8       -0.041321       -0.276678       -0.351601

     H    9        0.463353       -0.071591        0.599197
     H    9       -0.071591       -0.470994       -0.488326
     H    9        0.599197       -0.488326        0.007642

     C   10        0.269975        0.090062        0.346095
     C   10        0.090062        0.179832       -0.644811
     C   10        0.346095       -0.644811       -0.449807

     C   11        0.229606        0.288672       -0.063513
     C   11        0.288672        0.245052       -0.039965
     C   11       -0.063513       -0.039965       -0.474658

     Cl  12       -0.518620        0.366374       -0.147371
     Cl  12        0.366374       -0.447901        0.815889
     Cl  12       -0.147371        0.815889        0.966520

     H   13       -0.099399        0.002118       -0.014279
     H   13        0.002118        0.482006        0.080820
     H   13       -0.014279        0.080820       -0.382607

     C   14        0.384069       -0.082405        0.251599
     C   14       -0.082405       -0.336370        0.077429
     C   14        0.251599        0.077429       -0.047699

     H   15        0.527608        0.237828        0.393582
     H   15        0.237828       -0.197656       -0.081051
     H   15        0.393582       -0.081051       -0.329952

     C   16       -0.472670        0.092117       -0.017024
     C   16        0.092117        0.575425        0.274428
     C   16       -0.017024        0.274428       -0.102755

     C   17        0.526347       -0.079079        0.219425
     C   17       -0.079079       -0.429187        0.109907
     C   17        0.219425        0.109907       -0.097160

     Cl  18       -0.983555       -0.362581        0.523730
     Cl  18       -0.362581        0.262836        2.247220
     Cl  18        0.523730        2.247220        0.720718

     H   19       -0.477780       -0.005191        0.015251
     H   19       -0.005191        0.596190        0.058260
     H   19        0.015251        0.058260       -0.118410

     C   20       -0.158216       -0.072673        0.216618
     C   20       -0.072673        0.334877        0.272485
     C   20        0.216618        0.272485       -0.176660

     H   21       -0.005721       -0.438203        0.341854
     H   21       -0.438203       -0.002013       -0.054471
     H   21        0.341854       -0.054471        0.007733

     C   22        0.279208        0.677103       -0.356743
     C   22        0.677103        0.179005        0.358902
     C   22       -0.356743        0.358902       -0.458213

     C   23       -0.278389       -0.201155        0.012338
     C   23       -0.201155        0.424524        0.159795
     C   23        0.012338        0.159795       -0.146135

     Cl  24        1.132738        3.557154        0.174467
     Cl  24        3.557154        1.067622        1.010718
     Cl  24        0.174467        1.010718       -2.200360


     NQR/NMR SPECTROSCOPIC PARAMETERS:
     Cl   1    Vxx=    0.3872    axis=(  0.933889  0.357338  0.012710)
     Cl   1    Vyy=    2.6222    axis=( -0.357529  0.933704  0.019232)
     Cl   1    Vzz=   -3.0095    axis=( -0.004995 -0.022504  0.999734)
     Cl   1  Q=        -8.1650 1e-30 m^2  Cq=        57.7348 MHz  eta= 0.74268

     C    2    Vxx=   -0.0535    axis=( -0.040846 -0.629292  0.776095)
     C    2    Vyy=   -0.7919    axis=( -0.993922  0.105063  0.032879)
     C    2    Vzz=    0.8454    axis=( -0.102229 -0.770035 -0.629758)
     C    2  Q=         1.0000 1e-30 m^2  Cq=         1.9864 MHz  eta= 0.87339

     C    3    Vxx=   -0.0795    axis=( -0.517048 -0.387975  0.762978)
     C    3    Vyy=   -0.4454    axis=( -0.312585  0.915397  0.253651)
     C    3    Vzz=    0.5249    axis=( -0.796839 -0.107346 -0.594580)
     C    3  Q=         1.0000 1e-30 m^2  Cq=         1.2334 MHz  eta= 0.69702

     H    4    Vxx=    0.0650    axis=( -0.670765 -0.417619  0.612918)
     H    4    Vyy=    0.4002    axis=(  0.657099  0.048607  0.752235)
     H    4    Vzz=   -0.4652    axis=( -0.343940  0.907321  0.241813)
     H    4  Q=         1.0000 1e-30 m^2  Cq=        -1.0931 MHz  eta= 0.72064

     C    5    Vxx=    0.1039    axis=( -0.092857 -0.489206  0.867211)
     C    5    Vyy=    0.5663    axis=(  0.035466  0.868796  0.493898)
     C    5    Vzz=   -0.6702    axis=( -0.995048  0.076618 -0.063324)
     C    5  Q=         1.0000 1e-30 m^2  Cq=        -1.5748 MHz  eta= 0.68997

     H    6    Vxx=    0.0253    axis=(  0.428087  0.795597 -0.428681)
     H    6    Vyy=    0.3637    axis=( -0.328179  0.578814  0.746507)
     H    6    Vzz=   -0.3890    axis=(  0.842045 -0.178886  0.508881)
     H    6  Q=         1.0000 1e-30 m^2  Cq=        -0.9139 MHz  eta= 0.86995

     H    7    Vxx=   -0.1109    axis=( -0.998686 -0.005944 -0.050903)
     H    7    Vyy=   -0.7780    axis=( -0.042288  0.656685  0.752978)
     H    7    Vzz=    0.8889    axis=( -0.028951 -0.754141  0.656074)
     H    7  Q=         1.0000 1e-30 m^2  Cq=         2.0885 MHz  eta= 0.75058

     C    8    Vxx=   -0.0521    axis=( -0.499628  0.669523 -0.549646)
     C    8    Vyy=   -0.5342    axis=( -0.146672  0.559972  0.815425)
     C    8    Vzz=    0.5863    axis=(  0.853732  0.488027 -0.181578)
     C    8  Q=         1.0000 1e-30 m^2  Cq=         1.3776 MHz  eta= 0.82214

     H    9    Vxx=   -0.1226    axis=(  0.604856  0.603667 -0.519361)
     H    9    Vyy=   -0.8385    axis=( -0.237228  0.759169  0.606123)
     H    9    Vzz=    0.9611    axis=( -0.760179  0.243410 -0.602395)
     H    9  Q=         1.0000 1e-30 m^2  Cq=         2.2582 MHz  eta= 0.74488

     C   10    Vxx=    0.3246    axis=(  0.892324  0.450785  0.023449)
     C   10    Vyy=    0.6241    axis=( -0.360888  0.743648 -0.562803)
     C   10    Vzz=   -0.9487    axis=( -0.271141  0.493741  0.826258)
     C   10  Q=         1.0000 1e-30 m^2  Cq=        -2.2291 MHz  eta= 0.31576

     C   11    Vxx=   -0.0507    axis=(  0.712311 -0.700685 -0.040663)
     C   11    Vyy=   -0.4807    axis=( -0.079691 -0.023181 -0.996550)
     C   11    Vzz=    0.5314    axis=(  0.697325  0.713094 -0.072350)
     C   11  Q=         1.0000 1e-30 m^2  Cq=         1.2486 MHz  eta= 0.80907

     Cl  12    Vxx=   -0.2473    axis=(  0.823694  0.511835 -0.244033)
     Cl  12    Vyy=   -1.0919    axis=( -0.566943  0.751088 -0.338292)
     Cl  12    Vzz=    1.3392    axis=(  0.010141  0.417002  0.908849)
     Cl  12  Q=        -8.1650 1e-30 m^2  Cq=       -25.6924 MHz  eta= 0.63069

     H   13    Vxx=   -0.0987    axis=(  0.998778  0.003220 -0.049314)
     H   13    Vyy=   -0.3908    axis=(  0.049401 -0.092209  0.994513)
     H   13    Vzz=    0.4895    axis=( -0.001345 -0.995734 -0.092255)
     H   13  Q=         1.0000 1e-30 m^2  Cq=         1.1501 MHz  eta= 0.59678

     C   14    Vxx=   -0.1145    axis=( -0.351797  0.422239  0.835436)
     C   14    Vyy=   -0.3874    axis=(  0.216157  0.905009 -0.366380)
     C   14    Vzz=    0.5019    axis=( -0.910777  0.051694 -0.409650)
     C   14  Q=         1.0000 1e-30 m^2  Cq=         1.1793 MHz  eta= 0.54369

     H   15    Vxx=   -0.1604    axis=( -0.027141  0.875858 -0.481805)
     H   15    Vyy=   -0.5616    axis=( -0.388514  0.434848  0.812382)
     H   15    Vzz=    0.7220    axis=(  0.921043  0.209236  0.328481)
     H   15  Q=         1.0000 1e-30 m^2  Cq=         1.6964 MHz  eta= 0.55557

     C   16    Vxx=   -0.1923    axis=( -0.160331 -0.315133  0.935406)
     C   16    Vyy=   -0.4860    axis=(  0.984543 -0.118733  0.128753)
     C   16    Vzz=    0.6783    axis=(  0.070489  0.941591  0.329298)
     C   16  Q=         1.0000 1e-30 m^2  Cq=         1.5937 MHz  eta= 0.43302

     C   17    Vxx=   -0.1145    axis=( -0.258381  0.375721  0.889985)
     C   17    Vyy=   -0.4831    axis=(  0.148128  0.925783 -0.347829)
     C   17    Vzz=    0.5976    axis=( -0.954619  0.041960 -0.294859)
     C   17  Q=         1.0000 1e-30 m^2  Cq=         1.4041 MHz  eta= 0.61692

     Cl  18    Vxx=   -0.6466    axis=( -0.874326  0.384203 -0.296552)
     Cl  18    Vyy=   -2.1098    axis=( -0.483705 -0.639686  0.597354)
     Cl  18    Vzz=    2.7564    axis=(  0.039805  0.665725  0.745134)
     Cl  18  Q=        -8.1650 1e-30 m^2  Cq=       -52.8807 MHz  eta= 0.53085

     H   19    Vxx=   -0.1224    axis=(  0.043914 -0.080412  0.995794)
     H   19    Vyy=   -0.4785    axis=( -0.999029 -0.007183  0.043476)
     H   19    Vzz=    0.6009    axis=(  0.003656 -0.996736 -0.080649)
     H   19  Q=         1.0000 1e-30 m^2  Cq=         1.4119 MHz  eta= 0.59249

     C   20    Vxx=    0.0107    axis=( -0.801167  0.269512 -0.534317)
     C   20    Vyy=    0.4535    axis=(  0.035661  0.912763  0.406931)
     C   20    Vzz=   -0.4642    axis=( -0.597378 -0.306965  0.740886)
     C   20  Q=         1.0000 1e-30 m^2  Cq=        -1.0907 MHz  eta= 0.95391

     H   21    Vxx=   -0.0487    axis=( -0.032806  0.612759  0.789589)
     H   21    Vyy=   -0.5325    axis=( -0.725541 -0.557946  0.402848)
     H   21    Vzz=    0.5813    axis=(  0.687397 -0.559663  0.462886)
     H   21  Q=         1.0000 1e-30 m^2  Cq=         1.3657 MHz  eta= 0.83229

     C   22    Vxx=    0.0516    axis=( -0.472884  0.529891  0.703986)
     C   22    Vyy=    0.9083    axis=( -0.736333 -0.676462  0.014561)
     C   22    Vzz=   -0.9599    axis=(  0.483936 -0.511483  0.710065)
     C   22  Q=         1.0000 1e-30 m^2  Cq=        -2.2553 MHz  eta= 0.89256

     C   23    Vxx=   -0.1649    axis=(  0.341478 -0.135604  0.930056)
     C   23    Vyy=   -0.3480    axis=(  0.909577  0.296962 -0.290661)
     C   23    Vzz=    0.5129    axis=( -0.236777  0.945212  0.224748)
     C   23  Q=         1.0000 1e-30 m^2  Cq=         1.2051 MHz  eta= 0.35699

     Cl  24    Vxx=   -1.7832    axis=( -0.532446  0.399868  0.746061)
     Cl  24    Vyy=   -2.9753    axis=( -0.478560  0.584799 -0.654973)
     Cl  24    Vzz=    4.7585    axis=(  0.698199  0.705773  0.120013)
     Cl  24  Q=        -8.1650 1e-30 m^2  Cq=       -91.2888 MHz  eta= 0.25053

     Initialization:
     gipaw_setup  :      9.42s CPU     11.06s WALL (       1 calls)

     Linear response

     Apply operators

     Induced current

     Other routines
     efg          :      9.19s CPU     12.12s WALL (       1 calls)

     General routines
     calbec       :      3.32s CPU      4.58s WALL (      16 calls)
     fft          :      1.58s CPU      2.22s WALL (      15 calls)
     ffts         :      0.04s CPU      0.07s WALL (       2 calls)
     fftw         :      3.12s CPU      4.13s WALL (     672 calls)
     davcio       :      0.02s CPU      0.30s WALL (      32 calls)

     Parallel routines
     fft_scatter  :      2.12s CPU      3.57s WALL (     689 calls)

     Plugins

     GIPAW        :     61.02s CPU     72.15s WALL (       1 calls)
