
     Program QE v.6.0 (svn rev. 13079) starts on 27Dec2016 at 13:34:32 

     This program is part of the open-source Quantum ESPRESSO suite
     for quantum simulation of materials; please cite
         "P. Giannozzi et al., J. Phys.:Condens. Matter 21 395502 (2009);
          URL http://www.quantum-espresso.org", 
     in publications or presentations arising from this work. More details at
     http://www.quantum-espresso.org/quote

     Parallel version (MPI), running on     8 processors
     R & G space division:  proc/nbgrp/npool/nimage =       8

     ***** This is GIPAW svn revision unknown      *****

     Parallelizing q-star over 1 images

     Reading data from directory:
     /users/majewski/paradichlorobenzene/pbe/9_constraint/scratch/pbe.ecut100.np8.dt60.pcl2phi-129368.save
     Message from routine read_xml_file:
     file /users/majewski/paradichlorobenzene/pbe/9_constraint/scratch/pbe.ecut100.np8.dt60.pcl2phi-129368.save not guaranteed to be safe for post-processing

   Info: using nr1, nr2, nr3 values from input

   Info: using nr1, nr2, nr3 values from input

     IMPORTANT: XC functional enforced from input :
     Exchange-correlation      =  SLA  PW   PBX  PBC ( 1  4  3  4 0 0)
     Any further DFT definition will be discarded
     Please, verify this is what you really want

               file C.pbe-n-kjpaw_psl.1.0.0.UPF: wavefunction(s)  2S 2P renormalized
               file Cl.pbe-n-kjpaw_psl.1.0.0.UPF: wavefunction(s)  3S 3P renormalized
               file H.pbe-kjpaw_psl.1.0.0.UPF: wavefunction(s)  1S renormalized

     Parallelization info
     --------------------
     sticks:   dense  smooth     PW     G-vecs:    dense   smooth      PW
     Min        3057    1223    332               144436    36536    5170
     Max        3059    1225    333               144437    36537    5171
     Sum       24467    9791   2657              1155489   292295   41363


     Subspace diagonalization in iterative solution of the eigenvalue problem:
     a serial algorithm will be used

     GIPAW projectors -----------------------------------------------
     atom=  C    l=0  rc=    1.2000  rs=    0.8000
     atom=  C    l=0  rc=    1.2000  rs=    0.8000
     atom=  C    l=1  rc=    1.4000  rs=    0.9333
     atom=  C    l=1  rc=    1.4000  rs=    0.9333
     projs nearly linearly dependent: l=1  n1,n2= 1, 2  s=  0.99951561

     atom=  Cl   l=0  rc=    1.6000  rs=    1.0667
     atom=  Cl   l=0  rc=    1.6000  rs=    1.0667
     atom=  Cl   l=1  rc=    1.6000  rs=    1.0667
     atom=  Cl   l=1  rc=    1.6000  rs=    1.0667
     atom=  Cl   l=2  rc=    1.6000  rs=    1.0667
     atom=  Cl   l=2  rc=    1.6000  rs=    1.0667
     projs nearly linearly dependent: l=2  n1,n2= 1, 2  s=  0.99993509

     atom=  H    l=0  rc=    1.0000  rs=    0.6667
     atom=  H    l=0  rc=    1.0000  rs=    0.6667
     projs nearly linearly dependent: l=0  n1,n2= 1, 2  s=  0.99968852
     -----------------------------------------------------------------

     GIPAW integrals: -------------------------------------------
     Atom  i/j   nmr_para   nmr_dia   epr_rmc  epr_para   epr_dia
       C   1 1   0.83E+03  0.17E-01  0.93E+01  0.24E+08  0.24E+03
       C   2 1   0.86E+03 -0.61E-01  0.94E+01  0.25E+08  0.25E+03
       C   2 2   0.90E+03 -0.15E+00  0.97E+01  0.26E+08  0.26E+03
       C   3 3   0.33E+01  0.34E+00  0.18E+01  0.55E+03  0.21E+02
       C   4 3   0.35E+01  0.37E+00  0.20E+01  0.59E+03  0.22E+02
       C   4 4   0.38E+01  0.39E+00  0.22E+01  0.63E+03  0.24E+02
       Cl  1 1   0.14E+04 -0.47E+00  0.84E+01  0.32E+09  0.42E+03
       Cl  2 1   0.21E+04 -0.37E+00  0.12E+02  0.49E+09  0.65E+03
       Cl  2 2   0.33E+04 -0.16E+00  0.21E+02  0.76E+09  0.10E+04
       Cl  3 3   0.21E+02  0.79E-01  0.89E+01  0.23E+05  0.13E+03
       Cl  4 3   0.24E+02  0.67E-01  0.99E+01  0.27E+05  0.15E+03
       Cl  4 4   0.28E+02  0.44E-01  0.11E+02  0.32E+05  0.18E+03
       Cl  5 5   0.77E+00  0.19E+00  0.18E+01  0.12E+03  0.22E+02
       Cl  6 5   0.80E+00  0.19E+00  0.19E+01  0.12E+03  0.23E+02
       Cl  6 6   0.83E+00  0.20E+00  0.19E+01  0.12E+03  0.23E+02
       H   1 1   0.39E+02  0.19E+00  0.29E+00  0.78E+05  0.13E+02
       H   2 1   0.41E+02  0.21E+00  0.32E+00  0.82E+05  0.14E+02
       H   2 2   0.43E+02  0.22E+00  0.36E+00  0.86E+05  0.15E+02
     ------------------------------------------------------------

     alpha_pv=     34.0432 eV

     Number of occupied bands for each k-point:
     k-point:     1    nbnd_occ=  42
     k-point:     2    nbnd_occ=  42
     k-point:     3    nbnd_occ=  42
     k-point:     4    nbnd_occ=  42
     k-point:     5    nbnd_occ=  42
     k-point:     6    nbnd_occ=  42
     k-point:     7    nbnd_occ=  42
     k-point:     8    nbnd_occ=  42
     k-point:     9    nbnd_occ=  42
     k-point:    10    nbnd_occ=  42
     k-point:    11    nbnd_occ=  42
     k-point:    12    nbnd_occ=  42
     k-point:    13    nbnd_occ=  42
     k-point:    14    nbnd_occ=  42
     k-point:    15    nbnd_occ=  42
     k-point:    16    nbnd_occ=  42


     q-space interpolation up to   110.00 Rydberg

     GIPAW job: efg                                                                             


     ELECTRIC FIELD GRADIENTS TENSORS IN Hartree/bohrradius^2:

     ----- bare term -----
     Cl   1       -0.075983        0.175980       -0.036011
     Cl   1        0.175980       -0.001087       -0.024755
     Cl   1       -0.036011       -0.024755        0.077070

     C    2       -0.070335        0.059553       -0.533722
     C    2        0.059553       -0.186480       -0.470308
     C    2       -0.533722       -0.470308        0.256815

     C    3       -0.033221        0.496525       -0.263336
     C    3        0.496525       -0.321397       -0.485638
     C    3       -0.263336       -0.485638        0.354619

     H    4       -0.100819       -0.156124       -0.338354
     H    4       -0.156124        0.492794       -0.160414
     H    4       -0.338354       -0.160414       -0.391975

     C    5       -0.279123        0.126570       -0.456643
     C    5        0.126570       -0.078409       -0.424923
     C    5       -0.456643       -0.424923        0.357533

     H    6        0.361452        0.003153        0.012807
     H    6        0.003153       -0.407445       -0.544528
     H    6        0.012807       -0.544528        0.045993

     H    7        0.401049        0.144893       -0.079530
     H    7        0.144893       -0.519782        0.543941
     H    7       -0.079530        0.543941        0.118733

     C    8       -0.230963        0.052743       -0.331900
     C    8        0.052743        0.040854        0.546580
     C    8       -0.331900        0.546580        0.190109

     H    9       -0.449539        0.287224       -0.442029
     H    9        0.287224        0.258995        0.190679
     H    9       -0.442029        0.190679        0.190545

     C   10       -0.333692       -0.363990       -0.102094
     C   10       -0.363990       -0.159846        0.512642
     C   10       -0.102094        0.512642        0.493537

     C   11       -0.167164        0.167661       -0.335316
     C   11        0.167661       -0.024879        0.712718
     C   11       -0.335316        0.712718        0.192043

     Cl  12       -0.244976       -0.194642        0.092081
     Cl  12       -0.194642       -0.017351        0.164558
     Cl  12        0.092081        0.164558        0.262327

     H   13        0.265754       -0.379619        0.092434
     H   13       -0.379619       -0.576622       -0.156647
     H   13        0.092434       -0.156647        0.310868

     C   14       -0.407461        0.203535       -0.365239
     C   14        0.203535       -0.097918       -0.435108
     C   14       -0.365239       -0.435108        0.505379

     H   15       -0.156723       -0.265445       -0.439227
     H   15       -0.265445        0.031169       -0.393671
     H   15       -0.439227       -0.393671        0.125554

     C   16       -0.270504        0.294179       -0.306925
     C   16        0.294179       -0.138472       -0.475597
     C   16       -0.306925       -0.475597        0.408976

     C   17       -0.073164        0.181071       -0.246974
     C   17        0.181071       -0.222852       -0.521913
     C   17       -0.246974       -0.521913        0.296015

     Cl  18       -0.117406        0.043644        0.018648
     Cl  18        0.043644       -0.087396        0.046558
     Cl  18        0.018648        0.046558        0.204802

     H   19        0.075247        0.260653        0.007629
     H   19        0.260653       -0.398994        0.415255
     H   19        0.007629        0.415255        0.323747

     C   20       -0.384649       -0.337534       -0.327950
     C   20       -0.337534       -0.058262        0.197248
     C   20       -0.327950        0.197248        0.442911

     H   21       -0.614533        0.260606        0.160202
     H   21        0.260606        0.418740        0.084730
     H   21        0.160202        0.084730        0.195792

     C   22        0.039829        0.129643       -0.415942
     C   22        0.129643       -0.320602        0.505609
     C   22       -0.415942        0.505609        0.280773

     C   23       -0.476035       -0.245679       -0.347035
     C   23       -0.245679        0.096756        0.273445
     C   23       -0.347035        0.273445        0.379279

     Cl  24       -0.005436        0.009520       -0.084187
     Cl  24        0.009520       -0.004348        0.065162
     Cl  24       -0.084187        0.065162        0.009783

     ----- ionic term -----
     Cl   1        0.114728       -0.221452        0.007113
     Cl   1       -0.221452        0.042386        0.006347
     Cl   1        0.007113        0.006347       -0.157114

     C    2        0.111439       -0.155092        0.340249
     C    2       -0.155092        0.228676        0.431337
     C    2        0.340249        0.431337       -0.340115

     C    3        0.035724       -0.213027        0.239604
     C    3       -0.213027        0.312420        0.387338
     C    3        0.239604        0.387338       -0.348144

     H    4        0.431080        0.315277        0.747225
     H    4        0.315277       -0.380665        0.296127
     H    4        0.747225        0.296127       -0.050415

     C    5        0.175648       -0.171962        0.299356
     C    5       -0.171962        0.140726        0.286159
     C    5        0.299356        0.286159       -0.316374

     H    6       -0.539110        0.123997        0.057768
     H    6        0.123997        0.700652        0.669000
     H    6        0.057768        0.669000       -0.161542

     H    7       -0.522262       -0.147636        0.105037
     H    7       -0.147636        0.500118       -0.768523
     H    7        0.105037       -0.768523        0.022145

     C    8        0.265247        0.098426        0.230297
     C    8        0.098426        0.057844       -0.330072
     C    8        0.230297       -0.330072       -0.323092

     H    9        0.594016       -0.217104        0.723836
     H    9       -0.217104       -0.469496       -0.219598
     H    9        0.723836       -0.219598       -0.124520

     C   10        0.098354        0.230286        0.172381
     C   10        0.230286        0.203476       -0.425105
     C   10        0.172381       -0.425105       -0.301830

     C   11        0.247242        0.186891        0.159392
     C   11        0.186891        0.145201       -0.433987
     C   11        0.159392       -0.433987       -0.392443

     Cl  12        0.148844        0.224602       -0.017150
     Cl  12        0.224602        0.009524       -0.026182
     Cl  12       -0.017150       -0.026182       -0.158368

     H   13       -0.462034        0.196424        0.141721
     H   13        0.196424        0.665872        0.655187
     H   13        0.141721        0.655187       -0.203838

     C   14        0.280952       -0.141527        0.419153
     C   14       -0.141527        0.045322        0.281181
     C   14        0.419153        0.281181       -0.326274

     H   15        0.348289        0.371989        0.692860
     H   15        0.371989       -0.325411        0.363968
     H   15        0.692860        0.363968       -0.022879

     C   16        0.056336       -0.222427        0.254154
     C   16       -0.222427        0.273590        0.379242
     C   16        0.254154        0.379242       -0.329925

     C   17        0.122959       -0.165947        0.353487
     C   17       -0.165947        0.188143        0.344919
     C   17        0.353487        0.344919       -0.311102

     Cl  18        0.123674       -0.203812        0.060550
     Cl  18       -0.203812        0.027409       -0.040206
     Cl  18        0.060550       -0.040206       -0.151084

     H   19       -0.486197       -0.164788        0.094568
     H   19       -0.164788        0.757204       -0.628044
     H   19        0.094568       -0.628044       -0.271007

     C   20        0.344076        0.142589        0.185182
     C   20        0.142589        0.091261       -0.287866
     C   20        0.185182       -0.287866       -0.435337

     H   21        0.771106       -0.482380        0.367163
     H   21       -0.482380       -0.327792       -0.209052
     H   21        0.367163       -0.209052       -0.443314

     C   22        0.197982        0.156303        0.106125
     C   22        0.156303        0.226508       -0.381032
     C   22        0.106125       -0.381032       -0.424490

     C   23        0.251683        0.032707        0.217814
     C   23        0.032707        0.104216       -0.401802
     C   23        0.217814       -0.401802       -0.355899

     Cl  24        0.149392        0.174331       -0.030448
     Cl  24        0.174331       -0.026828       -0.013719
     Cl  24       -0.030448       -0.013719       -0.122564

     ----- GIPAW term -----
     Cl   1        1.177908        1.025158       -1.112167
     Cl   1        1.025158        0.576471       -1.095253
     Cl   1       -1.112167       -1.095253       -1.754379

     C    2        0.024411        0.004596       -0.214560
     C    2        0.004596       -0.076771       -0.162184
     C    2       -0.214560       -0.162184        0.052360

     C    3        0.046611        0.154256       -0.152935
     C    3        0.154256       -0.089329       -0.124588
     C    3       -0.152935       -0.124588        0.042718

     H    4       -0.000000        0.000000        0.000000
     H    4        0.000000        0.000000        0.000000
     H    4        0.000000        0.000000        0.000000

     C    5        0.016103        0.016611       -0.133337
     C    5        0.016611       -0.074812       -0.092043
     C    5       -0.133337       -0.092043        0.058709

     H    6       -0.000000        0.000000        0.000000
     H    6        0.000000        0.000000        0.000000
     H    6        0.000000        0.000000        0.000000

     H    7       -0.000000        0.000000        0.000000
     H    7        0.000000        0.000000        0.000000
     H    7        0.000000        0.000000        0.000000

     C    8       -0.091891        0.075833       -0.037264
     C    8        0.075833        0.178123        0.164053
     C    8       -0.037264        0.164053       -0.086232

     H    9       -0.000000        0.000000        0.000000
     H    9        0.000000        0.000000        0.000000
     H    9        0.000000        0.000000        0.000000

     C   10       -0.124123       -0.015184        0.018540
     C   10       -0.015184        0.030356        0.169344
     C   10        0.018540        0.169344        0.093767

     C   11       -0.029871        0.170983       -0.038612
     C   11        0.170983        0.073415        0.222357
     C   11       -0.038612        0.222357       -0.043543

     Cl  12       -0.310656        1.646487        0.870768
     Cl  12        1.646487       -0.084904        1.712626
     Cl  12        0.870768        1.712626        0.395560

     H   13       -0.000000        0.000000        0.000000
     H   13        0.000000        0.000000        0.000000
     H   13        0.000000        0.000000        0.000000

     C   14       -0.119626        0.064932       -0.107580
     C   14        0.064932       -0.044190       -0.197321
     C   14       -0.107580       -0.197321        0.163816

     H   15       -0.000000        0.000000        0.000000
     H   15        0.000000        0.000000        0.000000
     H   15        0.000000        0.000000        0.000000

     C   16       -0.068386        0.067292       -0.097539
     C   16        0.067292        0.011277       -0.098035
     C   16       -0.097539       -0.098035        0.057109

     C   17        0.097252       -0.064892       -0.023384
     C   17       -0.064892       -0.036696       -0.069140
     C   17       -0.023384       -0.069140       -0.060557

     Cl  18       -0.454122       -1.512442        0.817482
     Cl  18       -1.512442       -1.414520        0.501335
     Cl  18        0.817482        0.501335        1.868642

     H   19       -0.000000        0.000000        0.000000
     H   19        0.000000        0.000000        0.000000
     H   19        0.000000        0.000000        0.000000

     C   20        0.037990        0.057396       -0.097070
     C   20        0.057396       -0.027215       -0.025696
     C   20       -0.097070       -0.025696       -0.010775

     H   21       -0.000000        0.000000        0.000000
     H   21        0.000000        0.000000        0.000000
     H   21        0.000000        0.000000        0.000000

     C   22        0.034762        0.166402       -0.193420
     C   22        0.166402       -0.046567       -0.023964
     C   22       -0.193420       -0.023964        0.011805

     C   23       -0.054050        0.141298       -0.078791
     C   23        0.141298        0.125705       -0.022442
     C   23       -0.078791       -0.022442       -0.071655

     Cl  24        1.978476        1.600889       -2.021338
     Cl  24        1.600889       -1.094577        0.396955
     Cl  24       -2.021338        0.396955       -0.883899

     ----- total EFG -----
     Cl   1        1.216653        0.979686       -1.141065
     Cl   1        0.979686        0.617770       -1.113661
     Cl   1       -1.141065       -1.113661       -1.834424

     C    2        0.065515       -0.090944       -0.408033
     C    2       -0.090944       -0.034574       -0.201156
     C    2       -0.408033       -0.201156       -0.030941

     C    3        0.049114        0.437754       -0.176667
     C    3        0.437754       -0.098307       -0.222888
     C    3       -0.176667       -0.222888        0.049193

     H    4        0.330261        0.159153        0.408871
     H    4        0.159153        0.112129        0.135713
     H    4        0.408871        0.135713       -0.442390

     C    5       -0.087373       -0.028781       -0.290624
     C    5       -0.028781       -0.012495       -0.230807
     C    5       -0.290624       -0.230807        0.099868

     H    6       -0.177657        0.127150        0.070575
     H    6        0.127150        0.293207        0.124473
     H    6        0.070575        0.124473       -0.115550

     H    7       -0.121214       -0.002743        0.025507
     H    7       -0.002743       -0.019664       -0.224582
     H    7        0.025507       -0.224582        0.140878

     C    8       -0.057607        0.227001       -0.138866
     C    8        0.227001        0.276821        0.380560
     C    8       -0.138866        0.380560       -0.219214

     H    9        0.144476        0.070120        0.281807
     H    9        0.070120       -0.210501       -0.028919
     H    9        0.281807       -0.028919        0.066025

     C   10       -0.359461       -0.148888        0.088827
     C   10       -0.148888        0.073987        0.256880
     C   10        0.088827        0.256880        0.285475

     C   11        0.050207        0.525535       -0.214536
     C   11        0.525535        0.193737        0.501088
     C   11       -0.214536        0.501088       -0.243943

     Cl  12       -0.406789        1.676447        0.945698
     Cl  12        1.676447       -0.092731        1.851002
     Cl  12        0.945698        1.851002        0.499520

     H   13       -0.196280       -0.183195        0.234155
     H   13       -0.183195        0.089249        0.498540
     H   13        0.234155        0.498540        0.107030

     C   14       -0.246134        0.126940       -0.053666
     C   14        0.126940       -0.096787       -0.351248
     C   14       -0.053666       -0.351248        0.342921

     H   15        0.191566        0.106544        0.253633
     H   15        0.106544       -0.294241       -0.029704
     H   15        0.253633       -0.029704        0.102675

     C   16       -0.282554        0.139044       -0.150311
     C   16        0.139044        0.146394       -0.194390
     C   16       -0.150311       -0.194390        0.136160

     C   17        0.147047       -0.049768        0.083129
     C   17       -0.049768       -0.071404       -0.246134
     C   17        0.083129       -0.246134       -0.075643

     Cl  18       -0.447854       -1.672610        0.896680
     Cl  18       -1.672610       -1.474506        0.507687
     Cl  18        0.896680        0.507687        1.922360

     H   19       -0.410950        0.095864        0.102197
     H   19        0.095864        0.358210       -0.212789
     H   19        0.102197       -0.212789        0.052740

     C   20       -0.002583       -0.137548       -0.239837
     C   20       -0.137548        0.005784       -0.116314
     C   20       -0.239837       -0.116314       -0.003201

     H   21        0.156573       -0.221775        0.527365
     H   21       -0.221775        0.090949       -0.124322
     H   21        0.527365       -0.124322       -0.247522

     C   22        0.272574        0.452349       -0.503236
     C   22        0.452349       -0.140661        0.100613
     C   22       -0.503236        0.100613       -0.131913

     C   23       -0.278402       -0.071674       -0.208012
     C   23       -0.071674        0.326677       -0.150799
     C   23       -0.208012       -0.150799       -0.048274

     Cl  24        2.122432        1.784740       -2.135973
     Cl  24        1.784740       -1.125753        0.448398
     Cl  24       -2.135973        0.448398       -0.996680

     ----- total EFG (symmetrized) -----
     Cl   1        1.216653        0.979686       -1.141065
     Cl   1        0.979686        0.617770       -1.113661
     Cl   1       -1.141065       -1.113661       -1.834424

     C    2        0.065515       -0.090944       -0.408033
     C    2       -0.090944       -0.034574       -0.201156
     C    2       -0.408033       -0.201156       -0.030941

     C    3        0.049114        0.437754       -0.176667
     C    3        0.437754       -0.098307       -0.222888
     C    3       -0.176667       -0.222888        0.049193

     H    4        0.330261        0.159153        0.408871
     H    4        0.159153        0.112129        0.135713
     H    4        0.408871        0.135713       -0.442390

     C    5       -0.087373       -0.028781       -0.290624
     C    5       -0.028781       -0.012495       -0.230807
     C    5       -0.290624       -0.230807        0.099868

     H    6       -0.177657        0.127150        0.070575
     H    6        0.127150        0.293207        0.124473
     H    6        0.070575        0.124473       -0.115550

     H    7       -0.121214       -0.002743        0.025507
     H    7       -0.002743       -0.019664       -0.224582
     H    7        0.025507       -0.224582        0.140878

     C    8       -0.057607        0.227001       -0.138866
     C    8        0.227001        0.276821        0.380560
     C    8       -0.138866        0.380560       -0.219214

     H    9        0.144476        0.070120        0.281807
     H    9        0.070120       -0.210501       -0.028919
     H    9        0.281807       -0.028919        0.066025

     C   10       -0.359461       -0.148888        0.088827
     C   10       -0.148888        0.073987        0.256880
     C   10        0.088827        0.256880        0.285475

     C   11        0.050207        0.525535       -0.214536
     C   11        0.525535        0.193737        0.501088
     C   11       -0.214536        0.501088       -0.243943

     Cl  12       -0.406789        1.676447        0.945698
     Cl  12        1.676447       -0.092731        1.851002
     Cl  12        0.945698        1.851002        0.499520

     H   13       -0.196280       -0.183195        0.234155
     H   13       -0.183195        0.089249        0.498540
     H   13        0.234155        0.498540        0.107030

     C   14       -0.246134        0.126940       -0.053666
     C   14        0.126940       -0.096787       -0.351248
     C   14       -0.053666       -0.351248        0.342921

     H   15        0.191566        0.106544        0.253633
     H   15        0.106544       -0.294241       -0.029704
     H   15        0.253633       -0.029704        0.102675

     C   16       -0.282554        0.139044       -0.150311
     C   16        0.139044        0.146394       -0.194390
     C   16       -0.150311       -0.194390        0.136160

     C   17        0.147047       -0.049768        0.083129
     C   17       -0.049768       -0.071404       -0.246134
     C   17        0.083129       -0.246134       -0.075643

     Cl  18       -0.447854       -1.672610        0.896680
     Cl  18       -1.672610       -1.474506        0.507687
     Cl  18        0.896680        0.507687        1.922360

     H   19       -0.410950        0.095864        0.102197
     H   19        0.095864        0.358210       -0.212789
     H   19        0.102197       -0.212789        0.052740

     C   20       -0.002583       -0.137548       -0.239837
     C   20       -0.137548        0.005784       -0.116314
     C   20       -0.239837       -0.116314       -0.003201

     H   21        0.156573       -0.221775        0.527365
     H   21       -0.221775        0.090949       -0.124322
     H   21        0.527365       -0.124322       -0.247522

     C   22        0.272574        0.452349       -0.503236
     C   22        0.452349       -0.140661        0.100613
     C   22       -0.503236        0.100613       -0.131913

     C   23       -0.278402       -0.071674       -0.208012
     C   23       -0.071674        0.326677       -0.150799
     C   23       -0.208012       -0.150799       -0.048274

     Cl  24        2.122432        1.784740       -2.135973
     Cl  24        1.784740       -1.125753        0.448398
     Cl  24       -2.135973        0.448398       -0.996680


     NQR/NMR SPECTROSCOPIC PARAMETERS:
     Cl   1    Vxx=   -0.0914    axis=(  0.637652 -0.766900  0.072556)
     Cl   1    Vyy=   -2.4260    axis=( -0.220340 -0.271834 -0.936780)
     Cl   1    Vzz=    2.5174    axis=(  0.738139  0.581353 -0.342314)
     Cl   1  Q=        -8.1650 1e-30 m^2  Cq=       -48.2954 MHz  eta= 0.92735

     C    2    Vxx=    0.0533    axis=( -0.396830  0.893321 -0.210959)
     C    2    Vyy=    0.4384    axis=(  0.711911  0.154463 -0.685072)
     C    2    Vzz=   -0.4918    axis=( -0.579404 -0.422041 -0.697261)
     C    2  Q=         1.0000 1e-30 m^2  Cq=        -1.1554 MHz  eta= 0.78311

     C    3    Vxx=   -0.0939    axis=(  0.445653  0.206006  0.871180)
     C    3    Vyy=   -0.4757    axis=(  0.609805 -0.782317 -0.126953)
     C    3    Vzz=    0.5696    axis=(  0.655386  0.587827 -0.474266)
     C    3  Q=         1.0000 1e-30 m^2  Cq=         1.3383 MHz  eta= 0.67033

     H    4    Vxx=    0.0335    axis=(  0.390470 -0.917654  0.073787)
     H    4    Vyy=    0.5905    axis=(  0.838557  0.387599  0.382869)
     H    4    Vzz=   -0.6240    axis=( -0.379941 -0.087624  0.920851)
     H    4  Q=         1.0000 1e-30 m^2  Cq=        -1.4662 MHz  eta= 0.89264

     C    5    Vxx=   -0.0127    axis=(  0.601926 -0.794939 -0.075871)
     C    5    Vyy=   -0.3775    axis=(  0.657221  0.439187  0.612516)
     C    5    Vzz=    0.3902    axis=( -0.453591 -0.418553  0.786809)
     C    5  Q=         1.0000 1e-30 m^2  Cq=         0.9168 MHz  eta= 0.93475

     H    6    Vxx=   -0.1370    axis=(  0.370153 -0.357499  0.857427)
     H    6    Vyy=   -0.2282    axis=(  0.893813 -0.114463 -0.433586)
     H    6    Vzz=    0.3652    axis=(  0.253150  0.926873  0.277168)
     H    6  Q=         1.0000 1e-30 m^2  Cq=         0.8580 MHz  eta= 0.24974

     H    7    Vxx=   -0.1197    axis=(  0.976497  0.201047  0.077672)
     H    7    Vyy=   -0.1805    axis=( -0.208864  0.793792  0.571201)
     H    7    Vzz=    0.3003    axis=(  0.053182 -0.573999  0.817127)
     H    7  Q=         1.0000 1e-30 m^2  Cq=         0.7056 MHz  eta= 0.20246

     C    8    Vxx=    0.0222    axis=(  0.861182 -0.008155 -0.508231)
     C    8    Vyy=    0.5174    axis=( -0.248629 -0.878850 -0.407193)
     C    8    Vzz=   -0.5396    axis=(  0.443338 -0.477028  0.758877)
     C    8  Q=         1.0000 1e-30 m^2  Cq=        -1.2677 MHz  eta= 0.91773

     H    9    Vxx=   -0.1261    axis=( -0.485877 -0.616188  0.619868)
     H    9    Vyy=   -0.2656    axis=( -0.436063  0.785536  0.439070)
     H    9    Vzz=    0.3917    axis=( -0.757478 -0.056967 -0.650370)
     H    9  Q=         1.0000 1e-30 m^2  Cq=         0.9204 MHz  eta= 0.35606

     C   10    Vxx=   -0.0119    axis=(  0.445655 -0.738974  0.505281)
     C   10    Vyy=   -0.4458    axis=( -0.895126 -0.375324  0.240585)
     C   10    Vzz=    0.4576    axis=( -0.011858  0.559508  0.828740)
     C   10  Q=         1.0000 1e-30 m^2  Cq=         1.0753 MHz  eta= 0.94813

     C   11    Vxx=    0.1139    axis=(  0.691907 -0.199366 -0.693915)
     C   11    Vyy=    0.7262    axis=( -0.526138 -0.797401 -0.295517)
     C   11    Vzz=   -0.8401    axis=( -0.494413  0.569565 -0.656621)
     C   11  Q=         1.0000 1e-30 m^2  Cq=        -1.9740 MHz  eta= 0.72876

     Cl  12    Vxx=   -0.9167    axis=( -0.684512 -0.188976  0.704082)
     Cl  12    Vyy=   -2.1325    axis=( -0.555286  0.760933 -0.335617)
     Cl  12    Vzz=    3.0492    axis=( -0.472336 -0.620701 -0.625803)
     Cl  12  Q=        -8.1650 1e-30 m^2  Cq=       -58.4976 MHz  eta= 0.39873

     H   13    Vxx=    0.0119    axis=(  0.812344 -0.451894  0.368632)
     H   13    Vyy=    0.5989    axis=(  0.054506  0.688173  0.723497)
     H   13    Vzz=   -0.6108    axis=( -0.580626 -0.567635  0.583664)
     H   13  Q=         1.0000 1e-30 m^2  Cq=        -1.4350 MHz  eta= 0.96108

     C   14    Vxx=   -0.1905    axis=(  0.759359  0.505736  0.409396)
     C   14    Vyy=   -0.3618    axis=(  0.636300 -0.708689 -0.304765)
     C   14    Vzz=    0.5523    axis=( -0.136004 -0.491925  0.859949)
     C   14  Q=         1.0000 1e-30 m^2  Cq=         1.2978 MHz  eta= 0.31011

     H   15    Vxx=   -0.0739    axis=( -0.559557 -0.370535  0.741350)
     H   15    Vyy=   -0.3364    axis=( -0.299812  0.924413  0.235740)
     H   15    Vzz=    0.4103    axis=( -0.772663 -0.090356 -0.628353)
     H   15  Q=         1.0000 1e-30 m^2  Cq=         0.9640 MHz  eta= 0.63969

     C   16    Vxx=   -0.0528    axis=( -0.031578  0.709200  0.704299)
     C   16    Vyy=   -0.3444    axis=( -0.957070  0.181679 -0.225855)
     C   16    Vzz=    0.3973    axis=( -0.288133 -0.681196  0.673017)
     C   16  Q=         1.0000 1e-30 m^2  Cq=         0.9334 MHz  eta= 0.73396

     C   17    Vxx=    0.0659    axis=(  0.749921  0.501464 -0.431453)
     C   17    Vyy=    0.2550    axis=( -0.659383  0.514151 -0.548510)
     C   17    Vzz=   -0.3209    axis=( -0.053226  0.695832  0.716229)
     C   17  Q=         1.0000 1e-30 m^2  Cq=        -0.7541 MHz  eta= 0.58908

     Cl  18    Vxx=    0.6721    axis=(  0.728725 -0.630827 -0.266490)
     Cl  18    Vyy=    2.2243    axis=( -0.328780  0.019075 -0.944214)
     Cl  18    Vzz=   -2.8965    axis=(  0.600719  0.775689 -0.193503)
     Cl  18  Q=        -8.1650 1e-30 m^2  Cq=        55.5675 MHz  eta= 0.53589

     H   19    Vxx=   -0.0114    axis=(  0.317119  0.410069  0.855149)
     H   19    Vyy=   -0.4578    axis=( -0.947287  0.180346  0.264805)
     H   19    Vzz=    0.4692    axis=( -0.045634 -0.894046  0.445644)
     H   19  Q=         1.0000 1e-30 m^2  Cq=         1.1024 MHz  eta= 0.95140

     C   20    Vxx=    0.0985    axis=( -0.259281  0.880930 -0.395898)
     C   20    Vyy=    0.2383    axis=(  0.728202 -0.090955 -0.679301)
     C   20    Vzz=   -0.3369    axis=(  0.634425  0.464424  0.617912)
     C   20  Q=         1.0000 1e-30 m^2  Cq=        -0.7915 MHz  eta= 0.41496

     H   21    Vxx=   -0.0257    axis=(  0.326483  0.906331  0.268276)
     H   21    Vyy=   -0.6111    axis=( -0.572927 -0.035988  0.818816)
     H   21    Vzz=    0.6368    axis=(  0.751773 -0.421032  0.507513)
     H   21  Q=         1.0000 1e-30 m^2  Cq=         1.4962 MHz  eta= 0.91916

     C   22    Vxx=   -0.0366    axis=(  0.019580  0.737556  0.675002)
     C   22    Vyy=   -0.7047    axis=(  0.569155 -0.563285  0.598976)
     C   22    Vzz=    0.7413    axis=( -0.821997 -0.372453  0.430813)
     C   22  Q=         1.0000 1e-30 m^2  Cq=         1.7417 MHz  eta= 0.90133

     C   23    Vxx=    0.0472    axis=( -0.559812  0.277716  0.780695)
     C   23    Vyy=    0.3798    axis=(  0.002711  0.942772 -0.333427)
     C   23    Vzz=   -0.4270    axis=( -0.828615 -0.184540 -0.528528)
     C   23  Q=         1.0000 1e-30 m^2  Cq=        -1.0034 MHz  eta= 0.77875

     Cl  24    Vxx=   -0.6259    axis=(  0.039308  0.741322  0.669997)
     Cl  24    Vyy=   -3.0094    axis=(  0.476112 -0.603403  0.639705)
     Cl  24    Vzz=    3.6352    axis=( -0.878506 -0.293848  0.376671)
     Cl  24  Q=        -8.1650 1e-30 m^2  Cq=       -69.7400 MHz  eta= 0.65567

     Initialization:
     gipaw_setup  :      9.42s CPU     11.31s WALL (       1 calls)

     Linear response

     Apply operators

     Induced current

     Other routines
     efg          :      9.40s CPU     11.69s WALL (       1 calls)

     General routines
     calbec       :      3.34s CPU      4.49s WALL (      16 calls)
     fft          :      1.34s CPU      1.56s WALL (      15 calls)
     ffts         :      0.04s CPU      0.05s WALL (       2 calls)
     fftw         :      3.32s CPU      3.79s WALL (     672 calls)
     davcio       :      0.04s CPU      0.34s WALL (      32 calls)

     Parallel routines
     fft_scatter  :      1.87s CPU      2.41s WALL (     689 calls)

     Plugins

     GIPAW        :     61.22s CPU     72.67s WALL (       1 calls)
