
     Program QE v.6.0 (svn rev. 13079) starts on 22Dec2016 at 12:24: 3 

     This program is part of the open-source Quantum ESPRESSO suite
     for quantum simulation of materials; please cite
         "P. Giannozzi et al., J. Phys.:Condens. Matter 21 395502 (2009);
          URL http://www.quantum-espresso.org", 
     in publications or presentations arising from this work. More details at
     http://www.quantum-espresso.org/quote

     Parallel version (MPI), running on     8 processors
     R & G space division:  proc/nbgrp/npool/nimage =       8

     ***** This is GIPAW svn revision unknown      *****

     Parallelizing q-star over 1 images

     Reading data from directory:
     /users/majewski/paradichlorobenzene/pbe/9_constraint/scratch/pbe.ecut100.np8.dt60.pcl2phi-129368.save
     Message from routine read_xml_file:
     file /users/majewski/paradichlorobenzene/pbe/9_constraint/scratch/pbe.ecut100.np8.dt60.pcl2phi-129368.save not guaranteed to be safe for post-processing

   Info: using nr1, nr2, nr3 values from input

   Info: using nr1, nr2, nr3 values from input

     IMPORTANT: XC functional enforced from input :
     Exchange-correlation      =  SLA  PW   PBX  PBC ( 1  4  3  4 0 0)
     Any further DFT definition will be discarded
     Please, verify this is what you really want

               file C.pbe-n-kjpaw_psl.1.0.0.UPF: wavefunction(s)  2S 2P renormalized
               file Cl.pbe-n-kjpaw_psl.1.0.0.UPF: wavefunction(s)  3S 3P renormalized
               file H.pbe-kjpaw_psl.1.0.0.UPF: wavefunction(s)  1S renormalized

     Parallelization info
     --------------------
     sticks:   dense  smooth     PW     G-vecs:    dense   smooth      PW
     Min        3057    1223    332               144436    36536    5170
     Max        3059    1225    333               144437    36537    5171
     Sum       24467    9791   2657              1155489   292295   41363


     Subspace diagonalization in iterative solution of the eigenvalue problem:
     a serial algorithm will be used

     GIPAW projectors -----------------------------------------------
     atom=  C    l=0  rc=    1.2000  rs=    0.8000
     atom=  C    l=0  rc=    1.2000  rs=    0.8000
     atom=  C    l=1  rc=    1.4000  rs=    0.9333
     atom=  C    l=1  rc=    1.4000  rs=    0.9333
     projs nearly linearly dependent: l=1  n1,n2= 1, 2  s=  0.99951561

     atom=  Cl   l=0  rc=    1.6000  rs=    1.0667
     atom=  Cl   l=0  rc=    1.6000  rs=    1.0667
     atom=  Cl   l=1  rc=    1.6000  rs=    1.0667
     atom=  Cl   l=1  rc=    1.6000  rs=    1.0667
     atom=  Cl   l=2  rc=    1.6000  rs=    1.0667
     atom=  Cl   l=2  rc=    1.6000  rs=    1.0667
     projs nearly linearly dependent: l=2  n1,n2= 1, 2  s=  0.99993509

     atom=  H    l=0  rc=    1.0000  rs=    0.6667
     atom=  H    l=0  rc=    1.0000  rs=    0.6667
     projs nearly linearly dependent: l=0  n1,n2= 1, 2  s=  0.99968852
     -----------------------------------------------------------------

     GIPAW integrals: -------------------------------------------
     Atom  i/j   nmr_para   nmr_dia   epr_rmc  epr_para   epr_dia
       C   1 1   0.83E+03  0.17E-01  0.93E+01  0.24E+08  0.24E+03
       C   2 1   0.86E+03 -0.61E-01  0.94E+01  0.25E+08  0.25E+03
       C   2 2   0.90E+03 -0.15E+00  0.97E+01  0.26E+08  0.26E+03
       C   3 3   0.33E+01  0.34E+00  0.18E+01  0.55E+03  0.21E+02
       C   4 3   0.35E+01  0.37E+00  0.20E+01  0.59E+03  0.22E+02
       C   4 4   0.38E+01  0.39E+00  0.22E+01  0.63E+03  0.24E+02
       Cl  1 1   0.14E+04 -0.47E+00  0.84E+01  0.32E+09  0.42E+03
       Cl  2 1   0.21E+04 -0.37E+00  0.12E+02  0.49E+09  0.65E+03
       Cl  2 2   0.33E+04 -0.16E+00  0.21E+02  0.76E+09  0.10E+04
       Cl  3 3   0.21E+02  0.79E-01  0.89E+01  0.23E+05  0.13E+03
       Cl  4 3   0.24E+02  0.67E-01  0.99E+01  0.27E+05  0.15E+03
       Cl  4 4   0.28E+02  0.44E-01  0.11E+02  0.32E+05  0.18E+03
       Cl  5 5   0.77E+00  0.19E+00  0.18E+01  0.12E+03  0.22E+02
       Cl  6 5   0.80E+00  0.19E+00  0.19E+01  0.12E+03  0.23E+02
       Cl  6 6   0.83E+00  0.20E+00  0.19E+01  0.12E+03  0.23E+02
       H   1 1   0.39E+02  0.19E+00  0.29E+00  0.78E+05  0.13E+02
       H   2 1   0.41E+02  0.21E+00  0.32E+00  0.82E+05  0.14E+02
       H   2 2   0.43E+02  0.22E+00  0.36E+00  0.86E+05  0.15E+02
     ------------------------------------------------------------

     alpha_pv=     34.4696 eV

     Number of occupied bands for each k-point:
     k-point:     1    nbnd_occ=  42
     k-point:     2    nbnd_occ=  42
     k-point:     3    nbnd_occ=  42
     k-point:     4    nbnd_occ=  42
     k-point:     5    nbnd_occ=  42
     k-point:     6    nbnd_occ=  42
     k-point:     7    nbnd_occ=  42
     k-point:     8    nbnd_occ=  42
     k-point:     9    nbnd_occ=  42
     k-point:    10    nbnd_occ=  42
     k-point:    11    nbnd_occ=  42
     k-point:    12    nbnd_occ=  42
     k-point:    13    nbnd_occ=  42
     k-point:    14    nbnd_occ=  42
     k-point:    15    nbnd_occ=  42
     k-point:    16    nbnd_occ=  42


     q-space interpolation up to   110.00 Rydberg

     GIPAW job: efg                                                                             


     ELECTRIC FIELD GRADIENTS TENSORS IN Hartree/bohrradius^2:

     ----- bare term -----
     Cl   1       -0.083777        0.151522       -0.004402
     Cl   1        0.151522        0.007890       -0.001578
     Cl   1       -0.004402       -0.001578        0.075886

     C    2       -0.103913        0.084053       -0.186597
     C    2        0.084053       -0.003360       -0.570766
     C    2       -0.186597       -0.570766        0.107273

     C    3       -0.083230        0.081665        0.155485
     C    3        0.081665       -0.079459        0.080075
     C    3        0.155485        0.080075        0.162690

     H    4       -0.125751       -0.397944        0.019079
     H    4       -0.397944       -0.209048        0.168606
     H    4        0.019079        0.168606        0.334799

     C    5       -0.168026       -0.115609       -0.168196
     C    5       -0.115609       -0.050735       -0.038239
     C    5       -0.168196       -0.038239        0.218761

     H    6        0.443354       -0.029487       -0.079817
     H    6       -0.029487       -0.664067        0.211824
     H    6       -0.079817        0.211824        0.220713

     H    7        0.297324        0.072603        0.350955
     H    7        0.072603        0.085297        0.244291
     H    7        0.350955        0.244291       -0.382620

     C    8       -0.725205       -0.393090       -0.354822
     C    8       -0.393090        0.441606        0.246942
     C    8       -0.354822        0.246942        0.283599

     H    9        0.076912        0.113274       -0.359749
     H    9        0.113274        0.471822       -0.049207
     H    9       -0.359749       -0.049207       -0.548735

     C   10       -0.085995       -0.227175       -0.205325
     C   10       -0.227175       -0.107216        0.578652
     C   10       -0.205325        0.578652        0.193212

     C   11       -0.266932       -0.262741       -0.223898
     C   11       -0.262741       -0.113227        0.417781
     C   11       -0.223898        0.417781        0.380159

     Cl  12       -0.025864        0.077194       -0.033939
     Cl  12        0.077194        0.160950        0.039928
     Cl  12       -0.033939        0.039928       -0.135086

     H   13        0.399793       -0.058277       -0.062234
     H   13       -0.058277       -0.569794       -0.438265
     H   13       -0.062234       -0.438265        0.170001

     C   14       -0.559539        0.343698       -0.423266
     C   14        0.343698        0.219145       -0.317160
     C   14       -0.423266       -0.317160        0.340394

     H   15       -0.429143       -0.460046       -0.025739
     H   15       -0.460046        0.232153        0.072513
     H   15       -0.025739        0.072513        0.196990

     C   16       -0.168626        0.282513       -0.240836
     C   16        0.282513       -0.277197       -0.515016
     C   16       -0.240836       -0.515016        0.445823

     C   17       -0.223539        0.223088       -0.213066
     C   17        0.223088       -0.261464       -0.517478
     C   17       -0.213066       -0.517478        0.485002

     Cl  18       -0.070482       -0.001863       -0.069941
     Cl  18       -0.001863       -0.060857       -0.053364
     Cl  18       -0.069941       -0.053364        0.131339

     H   19        0.340511       -0.096015        0.259090
     H   19       -0.096015       -0.078159        0.557623
     H   19        0.259090        0.557623       -0.262352

     C   20       -0.137064        0.128036       -0.463163
     C   20        0.128036       -0.156921        0.389704
     C   20       -0.463163        0.389704        0.293985

     H   21       -0.034782        0.112959       -0.345603
     H   21        0.112959        0.101286        0.527877
     H   21       -0.345603        0.527877       -0.066503

     C   22       -0.518491       -0.332796       -0.349544
     C   22       -0.332796        0.091914        0.098399
     C   22       -0.349544        0.098399        0.426578

     C   23       -0.009218        0.220696       -0.398437
     C   23        0.220696       -0.129883        0.541280
     C   23       -0.398437        0.541280        0.139101

     Cl  24       -0.247943       -0.231198       -0.098314
     Cl  24       -0.231198       -0.068536       -0.105379
     Cl  24       -0.098314       -0.105379        0.316479

     ----- ionic term -----
     Cl   1        0.175511       -0.180535        0.061355
     Cl   1       -0.180535       -0.011008       -0.031228
     Cl   1        0.061355       -0.031228       -0.164503

     C    2        0.338756       -0.071372        0.265770
     C    2       -0.071372        0.154763        0.281627
     C    2        0.265770        0.281627       -0.493519

     C    3        0.228327       -0.146038        0.133916
     C    3       -0.146038        0.255868        0.331238
     C    3        0.133916        0.331238       -0.484195

     H    4        0.534812        0.543023        0.500103
     H    4        0.543023       -0.154083        0.320080
     H    4        0.500103        0.320080       -0.380730

     C    5        0.427057       -0.094081        0.142592
     C    5       -0.094081        0.075407        0.279279
     C    5        0.142592        0.279279       -0.502464

     H    6       -0.483904       -0.004742       -0.017893
     H    6       -0.004742        0.744649        0.634239
     H    6       -0.017893        0.634239       -0.260745

     H    7       -0.492765        0.184552       -0.137633
     H    7        0.184552        0.277879       -0.786242
     H    7       -0.137633       -0.786242        0.214885

     C    8        0.269239        0.304780        0.355210
     C    8        0.304780       -0.122393       -0.287437
     C    8        0.355210       -0.287437       -0.146846

     H    9        0.330273       -0.339219        0.740823
     H    9       -0.339219       -0.402854       -0.346235
     H    9        0.740823       -0.346235        0.072581

     C   10        0.111204        0.312677        0.207201
     C   10        0.312677        0.045824       -0.395466
     C   10        0.207201       -0.395466       -0.157029

     C   11        0.087338        0.277910        0.198880
     C   11        0.277910        0.060995       -0.422990
     C   11        0.198880       -0.422990       -0.148333

     Cl  12        0.122794        0.236936        0.008903
     Cl  12        0.236936        0.030085        0.005588
     Cl  12        0.008903        0.005588       -0.152879

     H   13       -0.524336        0.148992        0.057494
     H   13        0.148992        0.916615        0.508366
     H   13        0.057494        0.508366       -0.392279

     C   14        0.410654       -0.065801        0.173374
     C   14       -0.065801        0.090518        0.277048
     C   14        0.173374        0.277048       -0.501171

     H   15        0.726313        0.539709        0.379985
     H   15        0.539709       -0.255286        0.218659
     H   15        0.379985        0.218659       -0.471028

     C   16        0.239609       -0.146386        0.056988
     C   16       -0.146386        0.267190        0.354286
     C   16        0.056988        0.354286       -0.506799

     C   17        0.279474       -0.080518        0.066656
     C   17       -0.080518        0.223979        0.401780
     C   17        0.066656        0.401780       -0.503453

     Cl  18        0.169321       -0.212342       -0.058054
     Cl  18       -0.212342       -0.036459        0.035743
     Cl  18       -0.058054        0.035743       -0.132862

     H   19       -0.519724        0.031720       -0.012518
     H   19        0.031720        0.446674       -0.781451
     H   19       -0.012518       -0.781451        0.073050

     C   20        0.252373        0.277176        0.225196
     C   20        0.277176       -0.012535       -0.320594
     C   20        0.225196       -0.320594       -0.239837

     H   21        0.484439       -0.325670        0.717626
     H   21       -0.325670       -0.408308       -0.301433
     H   21        0.717626       -0.301433       -0.076131

     C   22        0.162378        0.286278        0.183997
     C   22        0.286278        0.135456       -0.405910
     C   22        0.183997       -0.405910       -0.297834

     C   23        0.143049        0.249209        0.400232
     C   23        0.249209        0.046619       -0.355244
     C   23        0.400232       -0.355244       -0.189668

     Cl  24        0.129149        0.227831        0.056566
     Cl  24        0.227831        0.024014        0.030774
     Cl  24        0.056566        0.030774       -0.153162

     ----- GIPAW term -----
     Cl   1        0.371933        1.029155        0.057655
     Cl   1        1.029155        1.846518        0.250567
     Cl   1        0.057655        0.250567       -2.218450

     C    2       -0.040525        0.027647       -0.088065
     C    2        0.027647        0.057767       -0.195195
     C    2       -0.088065       -0.195195       -0.017243

     C    3       -0.006211       -0.008606        0.020552
     C    3       -0.008606        0.010581        0.011490
     C    3        0.020552        0.011490       -0.004370

     H    4       -0.000000        0.000000        0.000000
     H    4        0.000000        0.000000        0.000000
     H    4        0.000000        0.000000        0.000000

     C    5       -0.035158       -0.019211        0.003859
     C    5       -0.019211       -0.011713       -0.045901
     C    5        0.003859       -0.045901        0.046872

     H    6       -0.000000        0.000000        0.000000
     H    6        0.000000        0.000000        0.000000
     H    6        0.000000        0.000000        0.000000

     H    7       -0.000000        0.000000        0.000000
     H    7        0.000000        0.000000        0.000000
     H    7        0.000000        0.000000        0.000000

     C    8       -0.199857       -0.123003       -0.058148
     C    8       -0.123003        0.265597        0.102574
     C    8       -0.058148        0.102574       -0.065740

     H    9       -0.000000        0.000000        0.000000
     H    9        0.000000        0.000000        0.000000
     H    9        0.000000        0.000000        0.000000

     C   10       -0.120125       -0.061261       -0.076145
     C   10       -0.061261        0.065220        0.233348
     C   10       -0.076145        0.233348        0.054905

     C   11        0.054677        0.153296       -0.003971
     C   11        0.153296        0.013548        0.083722
     C   11       -0.003971        0.083722       -0.068225

     Cl  12        0.656089        2.509990       -0.165054
     Cl  12        2.509990        1.787244        0.447416
     Cl  12       -0.165054        0.447416       -2.443332

     H   13       -0.000000        0.000000        0.000000
     H   13        0.000000        0.000000        0.000000
     H   13        0.000000        0.000000        0.000000

     C   14       -0.103161        0.134293       -0.080571
     C   14        0.134293        0.115088       -0.073988
     C   14       -0.080571       -0.073988       -0.011928

     H   15       -0.000000        0.000000        0.000000
     H   15        0.000000        0.000000        0.000000
     H   15        0.000000        0.000000        0.000000

     C   16       -0.051408        0.034865       -0.062956
     C   16        0.034865       -0.043685       -0.079378
     C   16       -0.062956       -0.079378        0.095092

     C   17       -0.039942       -0.097944        0.020266
     C   17       -0.097944       -0.063092       -0.174666
     C   17        0.020266       -0.174666        0.103034

     Cl  18        0.792839       -2.143239       -0.659227
     Cl  18       -2.143239       -0.485269       -0.428254
     Cl  18       -0.659227       -0.428254       -0.307570

     H   19       -0.000000        0.000000        0.000000
     H   19        0.000000        0.000000        0.000000
     H   19        0.000000        0.000000        0.000000

     C   20        0.000776        0.144560       -0.166952
     C   20        0.144560       -0.042999       -0.026181
     C   20       -0.166952       -0.026181        0.042222

     H   21       -0.000000        0.000000        0.000000
     H   21        0.000000        0.000000        0.000000
     H   21        0.000000        0.000000        0.000000

     C   22       -0.114729        0.099309       -0.138557
     C   22        0.099309        0.113756       -0.126482
     C   22       -0.138557       -0.126482        0.000973

     C   23        0.007550        0.218886       -0.090025
     C   23        0.218886        0.099747       -0.024351
     C   23       -0.090025       -0.024351       -0.107297

     Cl  24       -0.672402        1.361074       -1.192989
     Cl  24        1.361074       -0.664618       -1.545539
     Cl  24       -1.192989       -1.545539        1.337020

     ----- total EFG -----
     Cl   1        0.463667        1.000143        0.114607
     Cl   1        1.000143        1.843400        0.217761
     Cl   1        0.114607        0.217761       -2.307067

     C    2        0.194318        0.040328       -0.008892
     C    2        0.040328        0.209170       -0.484335
     C    2       -0.008892       -0.484335       -0.403488

     C    3        0.138885       -0.072979        0.309953
     C    3       -0.072979        0.186990        0.422803
     C    3        0.309953        0.422803       -0.325875

     H    4        0.409061        0.145079        0.519182
     H    4        0.145079       -0.363131        0.488686
     H    4        0.519182        0.488686       -0.045930

     C    5        0.223873       -0.228901       -0.021745
     C    5       -0.228901        0.012958        0.195140
     C    5       -0.021745        0.195140       -0.236831

     H    6       -0.040550       -0.034229       -0.097710
     H    6       -0.034229        0.080582        0.846063
     H    6       -0.097710        0.846063       -0.040032

     H    7       -0.195441        0.257155        0.213322
     H    7        0.257155        0.363176       -0.541951
     H    7        0.213322       -0.541951       -0.167735

     C    8       -0.655823       -0.211313       -0.057760
     C    8       -0.211313        0.584810        0.062078
     C    8       -0.057760        0.062078        0.071013

     H    9        0.407185       -0.225946        0.381074
     H    9       -0.225946        0.068968       -0.395442
     H    9        0.381074       -0.395442       -0.476153

     C   10       -0.094916        0.024241       -0.074269
     C   10        0.024241        0.003828        0.416534
     C   10       -0.074269        0.416534        0.091088

     C   11       -0.124917        0.168465       -0.028989
     C   11        0.168465       -0.038684        0.078512
     C   11       -0.028989        0.078512        0.163601

     Cl  12        0.753019        2.824120       -0.190090
     Cl  12        2.824120        1.978278        0.492932
     Cl  12       -0.190090        0.492932       -2.731297

     H   13       -0.124543        0.090715       -0.004740
     H   13        0.090715        0.346821        0.070101
     H   13       -0.004740        0.070101       -0.222278

     C   14       -0.252046        0.412191       -0.330463
     C   14        0.412191        0.424751       -0.114100
     C   14       -0.330463       -0.114100       -0.172705

     H   15        0.297170        0.079663        0.354246
     H   15        0.079663       -0.023133        0.291171
     H   15        0.354246        0.291171       -0.274038

     C   16        0.019575        0.170992       -0.246803
     C   16        0.170992       -0.053691       -0.240107
     C   16       -0.246803       -0.240107        0.034116

     C   17        0.015993        0.044626       -0.126145
     C   17        0.044626       -0.100577       -0.290365
     C   17       -0.126145       -0.290365        0.084583

     Cl  18        0.891678       -2.357445       -0.787222
     Cl  18       -2.357445       -0.582585       -0.445875
     Cl  18       -0.787222       -0.445875       -0.309093

     H   19       -0.179213       -0.064295        0.246573
     H   19       -0.064295        0.368515       -0.223828
     H   19        0.246573       -0.223828       -0.189302

     C   20        0.116085        0.549772       -0.404919
     C   20        0.549772       -0.212455        0.042929
     C   20       -0.404919        0.042929        0.096370

     H   21        0.449657       -0.212711        0.372023
     H   21       -0.212711       -0.307022        0.226444
     H   21        0.372023        0.226444       -0.142634

     C   22       -0.470842        0.052791       -0.304104
     C   22        0.052791        0.341125       -0.433993
     C   22       -0.304104       -0.433993        0.129717

     C   23        0.141382        0.688792       -0.088230
     C   23        0.688792        0.016483        0.161685
     C   23       -0.088230        0.161685       -0.157865

     Cl  24       -0.791197        1.357706       -1.234737
     Cl  24        1.357706       -0.709140       -1.620144
     Cl  24       -1.234737       -1.620144        1.500337

     ----- total EFG (symmetrized) -----
     Cl   1        0.463667        1.000143        0.114607
     Cl   1        1.000143        1.843400        0.217761
     Cl   1        0.114607        0.217761       -2.307067

     C    2        0.194318        0.040328       -0.008892
     C    2        0.040328        0.209170       -0.484335
     C    2       -0.008892       -0.484335       -0.403488

     C    3        0.138885       -0.072979        0.309953
     C    3       -0.072979        0.186990        0.422803
     C    3        0.309953        0.422803       -0.325875

     H    4        0.409061        0.145079        0.519182
     H    4        0.145079       -0.363131        0.488686
     H    4        0.519182        0.488686       -0.045930

     C    5        0.223873       -0.228901       -0.021745
     C    5       -0.228901        0.012958        0.195140
     C    5       -0.021745        0.195140       -0.236831

     H    6       -0.040550       -0.034229       -0.097710
     H    6       -0.034229        0.080582        0.846063
     H    6       -0.097710        0.846063       -0.040032

     H    7       -0.195441        0.257155        0.213322
     H    7        0.257155        0.363176       -0.541951
     H    7        0.213322       -0.541951       -0.167735

     C    8       -0.655823       -0.211313       -0.057760
     C    8       -0.211313        0.584810        0.062078
     C    8       -0.057760        0.062078        0.071013

     H    9        0.407185       -0.225946        0.381074
     H    9       -0.225946        0.068968       -0.395442
     H    9        0.381074       -0.395442       -0.476153

     C   10       -0.094916        0.024241       -0.074269
     C   10        0.024241        0.003828        0.416534
     C   10       -0.074269        0.416534        0.091088

     C   11       -0.124917        0.168465       -0.028989
     C   11        0.168465       -0.038684        0.078512
     C   11       -0.028989        0.078512        0.163601

     Cl  12        0.753019        2.824120       -0.190090
     Cl  12        2.824120        1.978278        0.492932
     Cl  12       -0.190090        0.492932       -2.731297

     H   13       -0.124543        0.090715       -0.004740
     H   13        0.090715        0.346821        0.070101
     H   13       -0.004740        0.070101       -0.222278

     C   14       -0.252046        0.412191       -0.330463
     C   14        0.412191        0.424751       -0.114100
     C   14       -0.330463       -0.114100       -0.172705

     H   15        0.297170        0.079663        0.354246
     H   15        0.079663       -0.023133        0.291171
     H   15        0.354246        0.291171       -0.274038

     C   16        0.019575        0.170992       -0.246803
     C   16        0.170992       -0.053691       -0.240107
     C   16       -0.246803       -0.240107        0.034116

     C   17        0.015993        0.044626       -0.126145
     C   17        0.044626       -0.100577       -0.290365
     C   17       -0.126145       -0.290365        0.084583

     Cl  18        0.891678       -2.357445       -0.787222
     Cl  18       -2.357445       -0.582585       -0.445875
     Cl  18       -0.787222       -0.445875       -0.309093

     H   19       -0.179213       -0.064295        0.246573
     H   19       -0.064295        0.368515       -0.223828
     H   19        0.246573       -0.223828       -0.189302

     C   20        0.116085        0.549772       -0.404919
     C   20        0.549772       -0.212455        0.042929
     C   20       -0.404919        0.042929        0.096370

     H   21        0.449657       -0.212711        0.372023
     H   21       -0.212711       -0.307022        0.226444
     H   21        0.372023        0.226444       -0.142634

     C   22       -0.470842        0.052791       -0.304104
     C   22        0.052791        0.341125       -0.433993
     C   22       -0.304104       -0.433993        0.129717

     C   23        0.141382        0.688792       -0.088230
     C   23        0.688792        0.016483        0.161685
     C   23       -0.088230        0.161685       -0.157865

     Cl  24       -0.791197        1.357706       -1.234737
     Cl  24        1.357706       -0.709140       -1.620144
     Cl  24       -1.234737       -1.620144        1.500337


     NQR/NMR SPECTROSCOPIC PARAMETERS:
     Cl   1    Vxx=   -0.0615    axis=(  0.885375 -0.464877  0.000106)
     Cl   1    Vyy=   -2.3200    axis=(  0.024460  0.046356 -0.998625)
     Cl   1    Vzz=    2.3814    axis=(  0.464233  0.884161  0.052413)
     Cl   1  Q=        -8.1650 1e-30 m^2  Cq=       -45.6867 MHz  eta= 0.94839

     C    2    Vxx=    0.1890    axis=(  0.990513 -0.113308  0.077758)
     C    2    Vyy=    0.4814    axis=(  0.136757  0.868375 -0.476678)
     C    2    Vzz=   -0.6704    axis=( -0.013512  0.482789  0.875632)
     C    2  Q=         1.0000 1e-30 m^2  Cq=        -1.5752 MHz  eta= 0.43613

     C    3    Vxx=    0.2200    axis=(  0.864347 -0.490530  0.110838)
     C    3    Vyy=    0.4592    axis=(  0.358447  0.755517  0.548371)
     C    3    Vzz=   -0.6793    axis=( -0.352732 -0.434253  0.828857)
     C    3  Q=         1.0000 1e-30 m^2  Cq=        -1.5961 MHz  eta= 0.35213

     H    4    Vxx=   -0.1227    axis=(  0.636570 -0.600213 -0.484277)
     H    4    Vyy=   -0.7564    axis=(  0.197982  0.734073 -0.649569)
     H    4    Vzz=    0.8791    axis=( -0.745374 -0.317618 -0.586120)
     H    4  Q=         1.0000 1e-30 m^2  Cq=         2.0656 MHz  eta= 0.72085

     C    5    Vxx=   -0.0359    axis=( -0.584398 -0.612775 -0.531964)
     C    5    Vyy=   -0.3604    axis=( -0.181166 -0.540488  0.821616)
     C    5    Vzz=    0.3963    axis=( -0.790986  0.576524  0.204846)
     C    5  Q=         1.0000 1e-30 m^2  Cq=         0.9312 MHz  eta= 0.81866

     H    6    Vxx=   -0.0468    axis=( -0.993156 -0.114516 -0.022945)
     H    6    Vyy=   -0.8309    axis=(  0.061227 -0.677808  0.732686)
     H    6    Vzz=    0.8776    axis=(  0.099456 -0.726267 -0.680180)
     H    6  Q=         1.0000 1e-30 m^2  Cq=         2.0621 MHz  eta= 0.89346

     H    7    Vxx=   -0.0088    axis=(  0.836517  0.177163  0.518509)
     H    7    Vyy=   -0.7058    axis=( -0.533222  0.481058  0.695886)
     H    7    Vzz=    0.7146    axis=( -0.126148 -0.858602  0.496880)
     H    7  Q=         1.0000 1e-30 m^2  Cq=         1.6790 MHz  eta= 0.97550

     C    8    Vxx=    0.0649    axis=( -0.039928 -0.134453  0.990115)
     C    8    Vyy=    0.6288    axis=( -0.166535  0.977941  0.126084)
     C    8    Vzz=   -0.6937    axis=( -0.985227 -0.159854 -0.061439)
     C    8  Q=         1.0000 1e-30 m^2  Cq=        -1.6299 MHz  eta= 0.81285

     H    9    Vxx=   -0.0097    axis=(  0.591943  0.785155 -0.182031)
     H    9    Vyy=   -0.7376    axis=( -0.224528  0.377552  0.898355)
     H    9    Vzz=    0.7473    axis=(  0.774074 -0.490904  0.399778)
     H    9  Q=         1.0000 1e-30 m^2  Cq=         1.7558 MHz  eta= 0.97405

     C   10    Vxx=   -0.0818    axis=(  0.971394  0.215036 -0.100761)
     C   10    Vyy=   -0.3871    axis=( -0.227046  0.716643 -0.659449)
     C   10    Vzz=    0.4690    axis=( -0.069595  0.663462  0.744966)
     C   10  Q=         1.0000 1e-30 m^2  Cq=         1.1019 MHz  eta= 0.65097

     C   11    Vxx=    0.0735    axis=(  0.629205  0.674802 -0.385674)
     C   11    Vyy=    0.1940    axis=(  0.128339  0.399196  0.907839)
     C   11    Vzz=   -0.2676    axis=(  0.766571 -0.620713  0.164572)
     C   11  Q=         1.0000 1e-30 m^2  Cq=        -0.6286 MHz  eta= 0.45038

     Cl  12    Vxx=   -1.3717    axis=( -0.747750  0.583846  0.316218)
     Cl  12    Vyy=   -2.8938    axis=(  0.224418 -0.225990  0.947927)
     Cl  12    Vzz=    4.2655    axis=( -0.624906 -0.779777 -0.037959)
     Cl  12  Q=        -8.1650 1e-30 m^2  Cq=       -81.8314 MHz  eta= 0.35685

     H   13    Vxx=   -0.1381    axis=(  0.970664 -0.155003 -0.183807)
     H   13    Vyy=   -0.2334    axis=(  0.161998 -0.143297  0.976331)
     H   13    Vzz=    0.3715    axis=( -0.177673 -0.977466 -0.113983)
     H   13  Q=         1.0000 1e-30 m^2  Cq=         0.8728 MHz  eta= 0.25633

     C   14    Vxx=   -0.0849    axis=(  0.376566 -0.481708 -0.791300)
     C   14    Vyy=   -0.6084    axis=(  0.800916 -0.259967  0.539398)
     C   14    Vzz=    0.6933    axis=( -0.465544 -0.836884  0.287913)
     C   14  Q=         1.0000 1e-30 m^2  Cq=         1.6290 MHz  eta= 0.75508

     H   15    Vxx=    0.0075    axis=(  0.505187 -0.832945 -0.225805)
     H   15    Vyy=    0.5427    axis=(  0.803202  0.358090  0.476065)
     H   15    Vzz=   -0.5501    axis=( -0.315678 -0.421869  0.849926)
     H   15  Q=         1.0000 1e-30 m^2  Cq=        -1.2926 MHz  eta= 0.97279

     C   16    Vxx=   -0.1840    axis=( -0.776788  0.583725 -0.236359)
     C   16    Vyy=   -0.2610    axis=(  0.254936  0.634654  0.729536)
     C   16    Vzz=    0.4450    axis=( -0.575854 -0.506438  0.641804)
     C   16  Q=         1.0000 1e-30 m^2  Cq=         1.0456 MHz  eta= 0.17301

     C   17    Vxx=   -0.0292    axis=(  0.923337 -0.315161  0.219369)
     C   17    Vyy=   -0.3176    axis=(  0.124133  0.785596  0.606160)
     C   17    Vzz=    0.3468    axis=( -0.363374 -0.532459  0.764492)
     C   17  Q=         1.0000 1e-30 m^2  Cq=         0.8148 MHz  eta= 0.83154

     Cl  18    Vxx=   -0.0583    axis=( -0.098184 -0.350578  0.931373)
     Cl  18    Vyy=   -2.6144    axis=(  0.576092  0.743112  0.340445)
     Cl  18    Vzz=    2.6727    axis=( -0.811466  0.569983  0.129003)
     Cl  18  Q=        -8.1650 1e-30 m^2  Cq=       -51.2748 MHz  eta= 0.95639

     H   19    Vxx=   -0.0322    axis=(  0.727164  0.419965  0.543011)
     H   19    Vyy=   -0.4488    axis=( -0.646686  0.153729  0.747104)
     H   19    Vzz=    0.4810    axis=(  0.230281 -0.894425  0.383372)
     H   19  Q=         1.0000 1e-30 m^2  Cq=         1.1302 MHz  eta= 0.86604

     C   20    Vxx=    0.0319    axis=(  0.187766  0.563689  0.804362)
     C   20    Vyy=    0.6920    axis=( -0.757917 -0.437734  0.483684)
     C   20    Vzz=   -0.7239    axis=(  0.624745 -0.700459  0.345038)
     C   20  Q=         1.0000 1e-30 m^2  Cq=        -1.7010 MHz  eta= 0.91178

     H   21    Vxx=   -0.0248    axis=(  0.214571 -0.704515 -0.676475)
     H   21    Vyy=   -0.6144    axis=( -0.356100 -0.701362  0.617482)
     H   21    Vzz=    0.6392    axis=( -0.909479  0.108399 -0.401370)
     H   21  Q=         1.0000 1e-30 m^2  Cq=         1.5018 MHz  eta= 0.92238

     C   22    Vxx=   -0.1112    axis=( -0.432770  0.649964  0.624706)
     C   22    Vyy=   -0.6166    axis=( -0.880180 -0.154808 -0.448685)
     C   22    Vzz=    0.7277    axis=( -0.194919 -0.744031  0.639081)
     C   22  Q=         1.0000 1e-30 m^2  Cq=         1.7099 MHz  eta= 0.69452

     C   23    Vxx=   -0.0979    axis=( -0.256344  0.209918  0.943516)
     C   23    Vyy=   -0.6748    axis=( -0.629780  0.704226 -0.327785)
     C   23    Vzz=    0.7727    axis=( -0.733256 -0.678233 -0.048321)
     C   23  Q=         1.0000 1e-30 m^2  Cq=         1.8155 MHz  eta= 0.74654

     Cl  24    Vxx=   -0.9965    axis=(  0.636795  0.463850  0.615902)
     Cl  24    Vyy=   -2.1358    axis=( -0.653419  0.748708  0.111716)
     Cl  24    Vzz=    3.1322    axis=( -0.409311 -0.473582  0.779862)
     Cl  24  Q=        -8.1650 1e-30 m^2  Cq=       -60.0906 MHz  eta= 0.36375

     Initialization:
     gipaw_setup  :      9.24s CPU     11.02s WALL (       1 calls)

     Linear response

     Apply operators

     Induced current

     Other routines
     efg          :      9.34s CPU     11.95s WALL (       1 calls)

     General routines
     calbec       :      3.31s CPU      4.55s WALL (      16 calls)
     fft          :      1.34s CPU      1.64s WALL (      15 calls)
     ffts         :      0.03s CPU      0.04s WALL (       2 calls)
     fftw         :      3.24s CPU      3.89s WALL (     672 calls)
     davcio       :      0.04s CPU      0.32s WALL (      32 calls)

     Parallel routines
     fft_scatter  :      2.01s CPU      2.80s WALL (     689 calls)

     Plugins

     GIPAW        :     60.87s CPU     73.16s WALL (       1 calls)
