
     Program QE v.6.0 (svn rev. 13079) starts on 10Jan2017 at  5:51:19 

     This program is part of the open-source Quantum ESPRESSO suite
     for quantum simulation of materials; please cite
         "P. Giannozzi et al., J. Phys.:Condens. Matter 21 395502 (2009);
          URL http://www.quantum-espresso.org", 
     in publications or presentations arising from this work. More details at
     http://www.quantum-espresso.org/quote

     Parallel version (MPI), running on     8 processors
     R & G space division:  proc/nbgrp/npool/nimage =       8

     ***** This is GIPAW svn revision unknown      *****

     Parallelizing q-star over 1 images

     Reading data from directory:
     /users/majewski/paradichlorobenzene/pbe/9_constraint/scratch/pbe.ecut100.np8.dt60.pcl2phi-129368.save
     Message from routine read_xml_file:
     file /users/majewski/paradichlorobenzene/pbe/9_constraint/scratch/pbe.ecut100.np8.dt60.pcl2phi-129368.save not guaranteed to be safe for post-processing

   Info: using nr1, nr2, nr3 values from input

   Info: using nr1, nr2, nr3 values from input

     IMPORTANT: XC functional enforced from input :
     Exchange-correlation      =  SLA  PW   PBX  PBC ( 1  4  3  4 0 0)
     Any further DFT definition will be discarded
     Please, verify this is what you really want

               file C.pbe-n-kjpaw_psl.1.0.0.UPF: wavefunction(s)  2S 2P renormalized
               file Cl.pbe-n-kjpaw_psl.1.0.0.UPF: wavefunction(s)  3S 3P renormalized
               file H.pbe-kjpaw_psl.1.0.0.UPF: wavefunction(s)  1S renormalized

     Parallelization info
     --------------------
     sticks:   dense  smooth     PW     G-vecs:    dense   smooth      PW
     Min        3057    1223    332               144436    36536    5170
     Max        3059    1225    333               144437    36537    5171
     Sum       24467    9791   2657              1155489   292295   41363


     Subspace diagonalization in iterative solution of the eigenvalue problem:
     a serial algorithm will be used

     GIPAW projectors -----------------------------------------------
     atom=  C    l=0  rc=    1.2000  rs=    0.8000
     atom=  C    l=0  rc=    1.2000  rs=    0.8000
     atom=  C    l=1  rc=    1.4000  rs=    0.9333
     atom=  C    l=1  rc=    1.4000  rs=    0.9333
     projs nearly linearly dependent: l=1  n1,n2= 1, 2  s=  0.99951561

     atom=  Cl   l=0  rc=    1.6000  rs=    1.0667
     atom=  Cl   l=0  rc=    1.6000  rs=    1.0667
     atom=  Cl   l=1  rc=    1.6000  rs=    1.0667
     atom=  Cl   l=1  rc=    1.6000  rs=    1.0667
     atom=  Cl   l=2  rc=    1.6000  rs=    1.0667
     atom=  Cl   l=2  rc=    1.6000  rs=    1.0667
     projs nearly linearly dependent: l=2  n1,n2= 1, 2  s=  0.99993509

     atom=  H    l=0  rc=    1.0000  rs=    0.6667
     atom=  H    l=0  rc=    1.0000  rs=    0.6667
     projs nearly linearly dependent: l=0  n1,n2= 1, 2  s=  0.99968852
     -----------------------------------------------------------------

     GIPAW integrals: -------------------------------------------
     Atom  i/j   nmr_para   nmr_dia   epr_rmc  epr_para   epr_dia
       C   1 1   0.83E+03  0.17E-01  0.93E+01  0.24E+08  0.24E+03
       C   2 1   0.86E+03 -0.61E-01  0.94E+01  0.25E+08  0.25E+03
       C   2 2   0.90E+03 -0.15E+00  0.97E+01  0.26E+08  0.26E+03
       C   3 3   0.33E+01  0.34E+00  0.18E+01  0.55E+03  0.21E+02
       C   4 3   0.35E+01  0.37E+00  0.20E+01  0.59E+03  0.22E+02
       C   4 4   0.38E+01  0.39E+00  0.22E+01  0.63E+03  0.24E+02
       Cl  1 1   0.14E+04 -0.47E+00  0.84E+01  0.32E+09  0.42E+03
       Cl  2 1   0.21E+04 -0.37E+00  0.12E+02  0.49E+09  0.65E+03
       Cl  2 2   0.33E+04 -0.16E+00  0.21E+02  0.76E+09  0.10E+04
       Cl  3 3   0.21E+02  0.79E-01  0.89E+01  0.23E+05  0.13E+03
       Cl  4 3   0.24E+02  0.67E-01  0.99E+01  0.27E+05  0.15E+03
       Cl  4 4   0.28E+02  0.44E-01  0.11E+02  0.32E+05  0.18E+03
       Cl  5 5   0.77E+00  0.19E+00  0.18E+01  0.12E+03  0.22E+02
       Cl  6 5   0.80E+00  0.19E+00  0.19E+01  0.12E+03  0.23E+02
       Cl  6 6   0.83E+00  0.20E+00  0.19E+01  0.12E+03  0.23E+02
       H   1 1   0.39E+02  0.19E+00  0.29E+00  0.78E+05  0.13E+02
       H   2 1   0.41E+02  0.21E+00  0.32E+00  0.82E+05  0.14E+02
       H   2 2   0.43E+02  0.22E+00  0.36E+00  0.86E+05  0.15E+02
     ------------------------------------------------------------

     alpha_pv=     33.6862 eV

     Number of occupied bands for each k-point:
     k-point:     1    nbnd_occ=  42
     k-point:     2    nbnd_occ=  42
     k-point:     3    nbnd_occ=  42
     k-point:     4    nbnd_occ=  42
     k-point:     5    nbnd_occ=  42
     k-point:     6    nbnd_occ=  42
     k-point:     7    nbnd_occ=  42
     k-point:     8    nbnd_occ=  42
     k-point:     9    nbnd_occ=  42
     k-point:    10    nbnd_occ=  42
     k-point:    11    nbnd_occ=  42
     k-point:    12    nbnd_occ=  42
     k-point:    13    nbnd_occ=  42
     k-point:    14    nbnd_occ=  42
     k-point:    15    nbnd_occ=  42
     k-point:    16    nbnd_occ=  42


     q-space interpolation up to   110.00 Rydberg

     GIPAW job: efg                                                                             


     ELECTRIC FIELD GRADIENTS TENSORS IN Hartree/bohrradius^2:

     ----- bare term -----
     Cl   1       -0.068579        0.160254        0.113660
     Cl   1        0.160254       -0.019237        0.129141
     Cl   1        0.113660        0.129141        0.087816

     C    2       -0.352856        0.030465       -0.345259
     C    2        0.030465        0.010288       -0.350557
     C    2       -0.345259       -0.350557        0.342568

     C    3       -0.071775        0.249910       -0.206759
     C    3        0.249910       -0.098011       -0.667565
     C    3       -0.206759       -0.667565        0.169786

     H    4        0.011242       -0.112981       -0.437720
     H    4       -0.112981        0.372597        0.133938
     H    4       -0.437720        0.133938       -0.383839

     C    5       -0.415261        0.322033       -0.124309
     C    5        0.322033       -0.072018       -0.467362
     C    5       -0.124309       -0.467362        0.487280

     H    6        0.473117        0.005751       -0.241972
     H    6        0.005751        0.025287       -0.275649
     H    6       -0.241972       -0.275649       -0.498405

     H    7        0.479195        0.026989        0.165893
     H    7        0.026989        0.095921        0.141729
     H    7        0.165893        0.141729       -0.575117

     C    8       -0.606976       -0.381211       -0.408733
     C    8       -0.381211        0.308461        0.329866
     C    8       -0.408733        0.329866        0.298515

     H    9        0.069107       -0.009503       -0.469334
     H    9       -0.009503        0.104793       -0.262095
     H    9       -0.469334       -0.262095       -0.173900

     C   10        0.054132       -0.296793       -0.119488
     C   10       -0.296793       -0.088595        0.608055
     C   10       -0.119488        0.608055        0.034463

     C   11       -0.454259       -0.201503       -0.371389
     C   11       -0.201503        0.075195        0.292397
     C   11       -0.371389        0.292397        0.379064

     Cl  12        0.036805        0.105667       -0.039146
     Cl  12        0.105667        0.017832       -0.017197
     Cl  12       -0.039146       -0.017197       -0.054637

     H   13        0.436629       -0.008459       -0.284676
     H   13       -0.008459       -0.012218       -0.337013
     H   13       -0.284676       -0.337013       -0.424411

     C   14       -0.400848        0.330007       -0.087859
     C   14        0.330007       -0.088455       -0.467013
     C   14       -0.087859       -0.467013        0.489304

     H   15        0.040136        0.026856       -0.494318
     H   15        0.026856        0.102362        0.247875
     H   15       -0.494318        0.247875       -0.142498

     C   16       -0.039504        0.305379       -0.187341
     C   16        0.305379       -0.100846       -0.653694
     C   16       -0.187341       -0.653694        0.140351

     C   17       -0.395644        0.254698       -0.435483
     C   17        0.254698        0.155917       -0.370570
     C   17       -0.435483       -0.370570        0.239727

     Cl  18       -0.011884        0.099470       -0.027437
     Cl  18        0.099470        0.017661       -0.004689
     Cl  18       -0.027437       -0.004689       -0.005777

     H   19        0.463998        0.017744        0.088590
     H   19        0.017744        0.133663        0.254306
     H   19        0.088590        0.254306       -0.597661

     C   20       -0.176880       -0.133681       -0.260579
     C   20       -0.133681       -0.214821        0.320775
     C   20       -0.260579        0.320775        0.391701

     H   21        0.106141        0.102401       -0.322076
     H   21        0.102401        0.503430        0.097776
     H   21       -0.322076        0.097776       -0.609571

     C   22       -0.257632       -0.280300       -0.284758
     C   22       -0.280300       -0.147048        0.339976
     C   22       -0.284758        0.339976        0.404679

     C   23       -0.106442       -0.128068       -0.274146
     C   23       -0.128068       -0.239141        0.504746
     C   23       -0.274146        0.504746        0.345583

     Cl  24       -0.033810        0.014328       -0.024053
     Cl  24        0.014328       -0.026384        0.016853
     Cl  24       -0.024053        0.016853        0.060194

     ----- ionic term -----
     Cl   1        0.084158       -0.217568       -0.011581
     Cl   1       -0.217568        0.052662        0.016511
     Cl   1       -0.011581        0.016511       -0.136820

     C    2        0.126310       -0.236270        0.301766
     C    2       -0.236270       -0.001684        0.424482
     C    2        0.301766        0.424482       -0.124626

     C    3        0.019679       -0.256518        0.193485
     C    3       -0.256518        0.094597        0.456660
     C    3        0.193485        0.456660       -0.114276

     H    4        0.389915        0.252259        0.763452
     H    4        0.252259       -0.471498        0.280746
     H    4        0.763452        0.280746        0.081583

     C    5        0.148746       -0.296834        0.280240
     C    5       -0.296834       -0.004740        0.283089
     C    5        0.280240        0.283089       -0.144006

     H    6       -0.530013        0.122297        0.135552
     H    6        0.122297        0.396836        0.799103
     H    6        0.135552        0.799103        0.133176

     H    7       -0.529115        0.015949        0.001351
     H    7        0.015949        0.090804       -0.758920
     H    7        0.001351       -0.758920        0.438311

     C    8        0.189812        0.260484        0.306822
     C    8        0.260484       -0.118674       -0.268269
     C    8        0.306822       -0.268269       -0.071138

     H    9        0.465444       -0.147337        0.754066
     H    9       -0.147337       -0.509540       -0.202457
     H    9        0.754066       -0.202457        0.044097

     C   10        0.033019        0.330939        0.175371
     C   10        0.330939        0.053928       -0.428477
     C   10        0.175371       -0.428477       -0.086947

     C   11        0.092236        0.311159        0.252847
     C   11        0.311159       -0.039968       -0.431799
     C   11        0.252847       -0.431799       -0.052268

     Cl  12        0.152577        0.225248        0.019499
     Cl  12        0.225248       -0.017674        0.002154
     Cl  12        0.019499        0.002154       -0.134903

     H   13       -0.511426        0.166662        0.128463
     H   13        0.166662        0.502944        0.769359
     H   13        0.128463        0.769359        0.008482

     C   14        0.213082       -0.252250        0.303454
     C   14       -0.252250        0.018874        0.309984
     C   14        0.303454        0.309984       -0.231956

     H   15        0.502964        0.110539        0.780212
     H   15        0.110539       -0.499685        0.171251
     H   15        0.780212        0.171251       -0.003279

     C   16        0.047466       -0.325927        0.188364
     C   16       -0.325927        0.177896        0.418478
     C   16        0.188364        0.418478       -0.225362

     C   17        0.022296       -0.310067        0.289660
     C   17       -0.310067        0.142934        0.359093
     C   17        0.289660        0.359093       -0.165230

     Cl  18        0.064279       -0.219194        0.014227
     Cl  18       -0.219194        0.077461       -0.001179
     Cl  18        0.014227       -0.001179       -0.141740

     H   19       -0.528555       -0.055383        0.066002
     H   19       -0.055383        0.298890       -0.797437
     H   19        0.066002       -0.797437        0.229664

     C   20        0.161303        0.250003        0.279214
     C   20        0.250003       -0.085197       -0.290191
     C   20        0.279214       -0.290191       -0.076106

     H   21        0.407667       -0.275025        0.761229
     H   21       -0.275025       -0.453286       -0.292546
     H   21        0.761229       -0.292546        0.045619

     C   22        0.077041        0.286458        0.164822
     C   22        0.286458        0.030013       -0.409522
     C   22        0.164822       -0.409522       -0.107054

     C   23        0.162192        0.303527        0.282143
     C   23        0.303527       -0.055604       -0.358060
     C   23        0.282143       -0.358060       -0.106588

     Cl  24        0.123125        0.216435        0.021109
     Cl  24        0.216435        0.011968        0.006743
     Cl  24        0.021109        0.006743       -0.135093

     ----- GIPAW term -----
     Cl   1        0.625414       -0.384118        1.389810
     Cl   1       -0.384118       -0.060473        1.592144
     Cl   1        1.389810        1.592144       -0.564941

     C    2        0.005575       -0.078579        0.021037
     C    2       -0.078579       -0.015431        0.019840
     C    2        0.021037        0.019840        0.009857

     C    3       -0.110821        0.069101       -0.057153
     C    3        0.069101        0.150326       -0.211069
     C    3       -0.057153       -0.211069       -0.039505

     H    4       -0.000000        0.000000        0.000000
     H    4        0.000000        0.000000        0.000000
     H    4        0.000000        0.000000        0.000000

     C    5       -0.137133        0.019653        0.039532
     C    5        0.019653       -0.037686       -0.211302
     C    5        0.039532       -0.211302        0.174819

     H    6       -0.000000        0.000000        0.000000
     H    6        0.000000        0.000000        0.000000
     H    6        0.000000        0.000000        0.000000

     H    7       -0.000000        0.000000        0.000000
     H    7        0.000000        0.000000        0.000000
     H    7        0.000000        0.000000        0.000000

     C    8       -0.146080       -0.153784       -0.094554
     C    8       -0.153784        0.174949        0.129109
     C    8       -0.094554        0.129109       -0.028869

     H    9       -0.000000        0.000000        0.000000
     H    9        0.000000        0.000000        0.000000
     H    9        0.000000        0.000000        0.000000

     C   10       -0.082239       -0.110022       -0.036542
     C   10       -0.110022        0.183128        0.161622
     C   10       -0.036542        0.161622       -0.100889

     C   11       -0.055518        0.110878       -0.079010
     C   11        0.110878        0.093867       -0.029441
     C   11       -0.079010       -0.029441       -0.038350

     Cl  12        1.581836        2.848211       -0.314248
     Cl  12        2.848211        0.214940       -0.121531
     Cl  12       -0.314248       -0.121531       -1.796775

     H   13       -0.000000        0.000000        0.000000
     H   13        0.000000        0.000000        0.000000
     H   13        0.000000        0.000000        0.000000

     C   14       -0.139221        0.017117        0.051730
     C   14        0.017117       -0.050434       -0.215656
     C   14        0.051730       -0.215656        0.189655

     H   15       -0.000000        0.000000        0.000000
     H   15        0.000000        0.000000        0.000000
     H   15        0.000000        0.000000        0.000000

     C   16       -0.100286        0.105844       -0.063820
     C   16        0.105844        0.148912       -0.212293
     C   16       -0.063820       -0.212293       -0.048626

     C   17       -0.053217        0.012435       -0.084968
     C   17        0.012435        0.175618       -0.077092
     C   17       -0.084968       -0.077092       -0.122400

     Cl  18        0.652093        0.720782       -0.399519
     Cl  18        0.720782        1.817183       -0.518771
     Cl  18       -0.399519       -0.518771       -2.469277

     H   19       -0.000000        0.000000        0.000000
     H   19        0.000000        0.000000        0.000000
     H   19        0.000000        0.000000        0.000000

     C   20       -0.079163       -0.014606       -0.122786
     C   20       -0.014606       -0.167190        0.074184
     C   20       -0.122786        0.074184        0.246353

     H   21       -0.000000        0.000000        0.000000
     H   21        0.000000        0.000000        0.000000
     H   21        0.000000        0.000000        0.000000

     C   22       -0.134016       -0.048566       -0.135611
     C   22       -0.048566       -0.090030        0.122594
     C   22       -0.135611        0.122594        0.224046

     C   23        0.063012        0.104047       -0.022035
     C   23        0.104047       -0.052476        0.068141
     C   23       -0.022035        0.068141       -0.010535

     Cl  24        1.157596        2.376451       -0.144958
     Cl  24        2.376451       -0.083163        0.158226
     Cl  24       -0.144958        0.158226       -1.074433

     ----- total EFG -----
     Cl   1        0.640993       -0.441432        1.491889
     Cl   1       -0.441432       -0.027048        1.737796
     Cl   1        1.491889        1.737796       -0.613945

     C    2       -0.220972       -0.284384       -0.022456
     C    2       -0.284384       -0.006827        0.093765
     C    2       -0.022456        0.093765        0.227799

     C    3       -0.162917        0.062494       -0.070427
     C    3        0.062494        0.146912       -0.421974
     C    3       -0.070427       -0.421974        0.016005

     H    4        0.401157        0.139277        0.325732
     H    4        0.139277       -0.098901        0.414684
     H    4        0.325732        0.414684       -0.302256

     C    5       -0.403649        0.044852        0.195464
     C    5        0.044852       -0.114444       -0.395575
     C    5        0.195464       -0.395575        0.518093

     H    6       -0.056895        0.128047       -0.106419
     H    6        0.128047        0.422123        0.523454
     H    6       -0.106419        0.523454       -0.365228

     H    7       -0.049920        0.042939        0.167244
     H    7        0.042939        0.186725       -0.617191
     H    7        0.167244       -0.617191       -0.136806

     C    8       -0.563244       -0.274512       -0.196466
     C    8       -0.274512        0.364736        0.190706
     C    8       -0.196466        0.190706        0.198508

     H    9        0.534551       -0.156840        0.284732
     H    9       -0.156840       -0.404748       -0.464551
     H    9        0.284732       -0.464551       -0.129803

     C   10        0.004912       -0.075876        0.019341
     C   10       -0.075876        0.148461        0.341200
     C   10        0.019341        0.341200       -0.153372

     C   11       -0.417541        0.220534       -0.197551
     C   11        0.220534        0.129094       -0.168843
     C   11       -0.197551       -0.168843        0.288447

     Cl  12        1.771218        3.179126       -0.333895
     Cl  12        3.179126        0.215098       -0.136574
     Cl  12       -0.333895       -0.136574       -1.986315

     H   13       -0.074797        0.158203       -0.156213
     H   13        0.158203        0.490726        0.432346
     H   13       -0.156213        0.432346       -0.415929

     C   14       -0.326987        0.094874        0.267325
     C   14        0.094874       -0.120016       -0.372686
     C   14        0.267325       -0.372686        0.447002

     H   15        0.543100        0.137395        0.285894
     H   15        0.137395       -0.397323        0.419125
     H   15        0.285894        0.419125       -0.145778

     C   16       -0.092325        0.085296       -0.062797
     C   16        0.085296        0.225961       -0.447509
     C   16       -0.062797       -0.447509       -0.133637

     C   17       -0.426565       -0.042934       -0.230791
     C   17       -0.042934        0.474468       -0.088569
     C   17       -0.230791       -0.088569       -0.047904

     Cl  18        0.704488        0.601059       -0.412728
     Cl  18        0.601059        1.912305       -0.524639
     Cl  18       -0.412728       -0.524639       -2.616793

     H   19       -0.064557       -0.037640        0.154592
     H   19       -0.037640        0.432554       -0.543131
     H   19        0.154592       -0.543131       -0.367997

     C   20       -0.094740        0.101716       -0.104150
     C   20        0.101716       -0.467207        0.104769
     C   20       -0.104150        0.104769        0.561947

     H   21        0.513808       -0.172624        0.439153
     H   21       -0.172624        0.050144       -0.194770
     H   21        0.439153       -0.194770       -0.563952

     C   22       -0.314607       -0.042408       -0.255546
     C   22       -0.042408       -0.207064        0.053048
     C   22       -0.255546        0.053048        0.521672

     C   23        0.118762        0.279505       -0.014038
     C   23        0.279505       -0.347221        0.214827
     C   23       -0.014038        0.214827        0.228460

     Cl  24        1.246911        2.607215       -0.147902
     Cl  24        2.607215       -0.097579        0.181822
     Cl  24       -0.147902        0.181822       -1.149332

     ----- total EFG (symmetrized) -----
     Cl   1        0.640993       -0.441432        1.491889
     Cl   1       -0.441432       -0.027048        1.737796
     Cl   1        1.491889        1.737796       -0.613945

     C    2       -0.220972       -0.284384       -0.022456
     C    2       -0.284384       -0.006827        0.093765
     C    2       -0.022456        0.093765        0.227799

     C    3       -0.162917        0.062494       -0.070427
     C    3        0.062494        0.146912       -0.421974
     C    3       -0.070427       -0.421974        0.016005

     H    4        0.401157        0.139277        0.325732
     H    4        0.139277       -0.098901        0.414684
     H    4        0.325732        0.414684       -0.302256

     C    5       -0.403649        0.044852        0.195464
     C    5        0.044852       -0.114444       -0.395575
     C    5        0.195464       -0.395575        0.518093

     H    6       -0.056895        0.128047       -0.106419
     H    6        0.128047        0.422123        0.523454
     H    6       -0.106419        0.523454       -0.365228

     H    7       -0.049920        0.042939        0.167244
     H    7        0.042939        0.186725       -0.617191
     H    7        0.167244       -0.617191       -0.136806

     C    8       -0.563244       -0.274512       -0.196466
     C    8       -0.274512        0.364736        0.190706
     C    8       -0.196466        0.190706        0.198508

     H    9        0.534551       -0.156840        0.284732
     H    9       -0.156840       -0.404748       -0.464551
     H    9        0.284732       -0.464551       -0.129803

     C   10        0.004912       -0.075876        0.019341
     C   10       -0.075876        0.148461        0.341200
     C   10        0.019341        0.341200       -0.153372

     C   11       -0.417541        0.220534       -0.197551
     C   11        0.220534        0.129094       -0.168843
     C   11       -0.197551       -0.168843        0.288447

     Cl  12        1.771218        3.179126       -0.333895
     Cl  12        3.179126        0.215098       -0.136574
     Cl  12       -0.333895       -0.136574       -1.986315

     H   13       -0.074797        0.158203       -0.156213
     H   13        0.158203        0.490726        0.432346
     H   13       -0.156213        0.432346       -0.415929

     C   14       -0.326987        0.094874        0.267325
     C   14        0.094874       -0.120016       -0.372686
     C   14        0.267325       -0.372686        0.447002

     H   15        0.543100        0.137395        0.285894
     H   15        0.137395       -0.397323        0.419125
     H   15        0.285894        0.419125       -0.145778

     C   16       -0.092325        0.085296       -0.062797
     C   16        0.085296        0.225961       -0.447509
     C   16       -0.062797       -0.447509       -0.133637

     C   17       -0.426565       -0.042934       -0.230791
     C   17       -0.042934        0.474468       -0.088569
     C   17       -0.230791       -0.088569       -0.047904

     Cl  18        0.704488        0.601059       -0.412728
     Cl  18        0.601059        1.912305       -0.524639
     Cl  18       -0.412728       -0.524639       -2.616793

     H   19       -0.064557       -0.037640        0.154592
     H   19       -0.037640        0.432554       -0.543131
     H   19        0.154592       -0.543131       -0.367997

     C   20       -0.094740        0.101716       -0.104150
     C   20        0.101716       -0.467207        0.104769
     C   20       -0.104150        0.104769        0.561947

     H   21        0.513808       -0.172624        0.439153
     H   21       -0.172624        0.050144       -0.194770
     H   21        0.439153       -0.194770       -0.563952

     C   22       -0.314607       -0.042408       -0.255546
     C   22       -0.042408       -0.207064        0.053048
     C   22       -0.255546        0.053048        0.521672

     C   23        0.118762        0.279505       -0.014038
     C   23        0.279505       -0.347221        0.214827
     C   23       -0.014038        0.214827        0.228460

     Cl  24        1.246911        2.607215       -0.147902
     Cl  24        2.607215       -0.097579        0.181822
     Cl  24       -0.147902        0.181822       -1.149332


     NQR/NMR SPECTROSCOPIC PARAMETERS:
     Cl   1    Vxx=    0.7695    axis=( -0.687451  0.710364  0.150978)
     Cl   1    Vyy=    1.9370    axis=( -0.605913 -0.446421 -0.658467)
     Cl   1    Vzz=   -2.7065    axis=( -0.400352 -0.544143  0.737311)
     Cl   1  Q=        -8.1650 1e-30 m^2  Cq=        51.9235 MHz  eta= 0.43138

     C    2    Vxx=    0.1179    axis=( -0.477127  0.617943 -0.624897)
     C    2    Vyy=    0.3018    axis=( -0.325270  0.536389  0.778772)
     C    2    Vzz=   -0.4197    axis=( -0.816425 -0.574833  0.054928)
     C    2  Q=         1.0000 1e-30 m^2  Cq=        -0.9861 MHz  eta= 0.43801

     C    3    Vxx=   -0.1747    axis=( -0.988081  0.150675 -0.031498)
     C    3    Vyy=   -0.3465    axis=(  0.073710  0.642764  0.762510)
     C    3    Vzz=    0.5212    axis=( -0.135137 -0.751101  0.646209)
     C    3  Q=         1.0000 1e-30 m^2  Cq=         1.2246 MHz  eta= 0.32966

     H    4    Vxx=    0.0070    axis=(  0.570066 -0.729572 -0.377823)
     H    4    Vyy=    0.6511    axis=(  0.802502  0.395872  0.446404)
     H    4    Vzz=   -0.6581    axis=( -0.176114 -0.557683  0.811156)
     H    4  Q=         1.0000 1e-30 m^2  Cq=        -1.5462 MHz  eta= 0.97865

     C    5    Vxx=   -0.2273    axis=(  0.523515  0.801791  0.288206)
     C    5    Vyy=   -0.5029    axis=(  0.840649 -0.431011 -0.327931)
     C    5    Vzz=    0.7302    axis=(  0.138713 -0.413957  0.899666)
     C    5  Q=         1.0000 1e-30 m^2  Cq=         1.7158 MHz  eta= 0.37733

     H    6    Vxx=   -0.0247    axis=(  0.965347  0.027399 -0.259528)
     H    6    Vyy=   -0.6649    axis=( -0.244371  0.443917 -0.862103)
     H    6    Vzz=    0.6896    axis=(  0.091589  0.895649  0.435229)
     H    6  Q=         1.0000 1e-30 m^2  Cq=         1.6202 MHz  eta= 0.92851

     H    7    Vxx=   -0.0147    axis=(  0.962068  0.232450  0.142802)
     H    7    Vyy=   -0.6549    axis=( -0.255005  0.580231  0.773502)
     H    7    Vzz=    0.6696    axis=(  0.096943 -0.780576  0.617497)
     H    7  Q=         1.0000 1e-30 m^2  Cq=         1.5734 MHz  eta= 0.95603

     C    8    Vxx=    0.0738    axis=( -0.015297 -0.558210  0.829559)
     C    8    Vyy=    0.5885    axis=(  0.281130 -0.798589 -0.532186)
     C    8    Vzz=   -0.6623    axis=( -0.959548 -0.225073 -0.169145)
     C    8  Q=         1.0000 1e-30 m^2  Cq=        -1.5561 MHz  eta= 0.77712

     H    9    Vxx=    0.0176    axis=(  0.526550  0.532952 -0.662350)
     H    9    Vyy=    0.7358    axis=( -0.849301  0.295083 -0.437736)
     H    9    Vzz=   -0.7534    axis=( -0.037844  0.793025  0.608013)
     H    9  Q=         1.0000 1e-30 m^2  Cq=        -1.7703 MHz  eta= 0.95318

     C   10    Vxx=    0.0059    axis=(  0.978723  0.038594  0.201524)
     C   10    Vyy=    0.3783    axis=( -0.142270  0.835365  0.530966)
     C   10    Vzz=   -0.3842    axis=( -0.147854 -0.548339  0.823081)
     C   10  Q=         1.0000 1e-30 m^2  Cq=        -0.9026 MHz  eta= 0.96927

     C   11    Vxx=    0.0317    axis=(  0.118362  0.785385  0.607586)
     C   11    Vyy=    0.4867    axis=( -0.304393 -0.553730  0.775067)
     C   11    Vzz=   -0.5184    axis=( -0.945164  0.276684 -0.173525)
     C   11  Q=         1.0000 1e-30 m^2  Cq=        -1.2180 MHz  eta= 0.87765

     Cl  12    Vxx=   -1.9738    axis=( -0.147658  0.273758  0.950397)
     Cl  12    Vyy=   -2.3115    axis=(  0.600349 -0.738842  0.306094)
     Cl  12    Vzz=    4.2853    axis=( -0.785989 -0.615767  0.055255)
     Cl  12  Q=        -8.1650 1e-30 m^2  Cq=       -82.2115 MHz  eta= 0.07882

     H   13    Vxx=   -0.0142    axis=(  0.935412  0.009544 -0.353430)
     H   13    Vyy=   -0.6607    axis=( -0.331501  0.371232 -0.867349)
     H   13    Vzz=    0.6748    axis=(  0.122927  0.928491  0.350419)
     H   13  Q=         1.0000 1e-30 m^2  Cq=         1.5856 MHz  eta= 0.95803

     C   14    Vxx=   -0.1343    axis=(  0.633085  0.750412  0.189961)
     C   14    Vyy=   -0.5381    axis=( -0.747312  0.528522  0.402728)
     C   14    Vzz=    0.6725    axis=(  0.201813 -0.396922  0.895391)
     C   14  Q=         1.0000 1e-30 m^2  Cq=         1.5800 MHz  eta= 0.60052

     H   15    Vxx=   -0.0082    axis=(  0.487869 -0.554177 -0.674442)
     H   15    Vyy=   -0.7123    axis=( -0.052681 -0.789914  0.610951)
     H   15    Vzz=    0.7205    axis=( -0.871326 -0.262533 -0.414569)
     H   15  Q=         1.0000 1e-30 m^2  Cq=         1.6929 MHz  eta= 0.97725

     C   16    Vxx=   -0.1098    axis=(  0.986448 -0.142731  0.080922)
     C   16    Vyy=   -0.4362    axis=(  0.012827  0.558782  0.829215)
     C   16    Vzz=    0.5460    axis=( -0.163573 -0.816940  0.553040)
     C   16  Q=         1.0000 1e-30 m^2  Cq=         1.2829 MHz  eta= 0.59773

     C   17    Vxx=    0.0525    axis=( -0.439934  0.141369  0.886833)
     C   17    Vyy=    0.4891    axis=( -0.005887  0.987056 -0.160266)
     C   17    Vzz=   -0.5416    axis=( -0.898011 -0.075727 -0.433408)
     C   17  Q=         1.0000 1e-30 m^2  Cq=        -1.2725 MHz  eta= 0.80624

     Cl  18    Vxx=    0.4662    axis=(  0.914893 -0.400014 -0.054407)
     Cl  18    Vyy=    2.2456    axis=(  0.390557  0.911144 -0.131460)
     Cl  18    Vzz=   -2.7119    axis=(  0.102159  0.099023  0.989827)
     Cl  18  Q=        -8.1650 1e-30 m^2  Cq=        52.0260 MHz  eta= 0.65615

     H   19    Vxx=   -0.0537    axis=(  0.970968  0.207701  0.118667)
     H   19    Vyy=   -0.6670    axis=( -0.199362  0.428477  0.881284)
     H   19    Vzz=    0.7208    axis=(  0.132198 -0.879357  0.457445)
     H   19  Q=         1.0000 1e-30 m^2  Cq=         1.6935 MHz  eta= 0.85095

     C   20    Vxx=   -0.0771    axis=(  0.954191  0.278286  0.109893)
     C   20    Vyy=   -0.5085    axis=( -0.265273  0.956745 -0.119451)
     C   20    Vzz=    0.5856    axis=( -0.138381  0.084828  0.986740)
     C   20  Q=         1.0000 1e-30 m^2  Cq=         1.3758 MHz  eta= 0.73677

     H   21    Vxx=   -0.0048    axis=(  0.352396  0.934579 -0.048772)
     H   21    Vyy=   -0.7411    axis=(  0.305617 -0.164183 -0.937892)
     H   21    Vzz=    0.7459    axis=( -0.884542  0.315604 -0.343481)
     H   21  Q=         1.0000 1e-30 m^2  Cq=         1.7526 MHz  eta= 0.98718

     C   22    Vxx=   -0.2080    axis=( -0.119864  0.986261 -0.113677)
     C   22    Vyy=   -0.3904    axis=( -0.954788 -0.145894 -0.259025)
     C   22    Vzz=    0.5984    axis=( -0.272051  0.077490  0.959158)
     C   22  Q=         1.0000 1e-30 m^2  Cq=         1.4061 MHz  eta= 0.30478

     C   23    Vxx=    0.1884    axis=( -0.778987 -0.163729  0.605287)
     C   23    Vyy=    0.3431    axis=(  0.493960  0.434371  0.753210)
     C   23    Vzz=   -0.5316    axis=( -0.386241  0.885728 -0.257494)
     C   23  Q=         1.0000 1e-30 m^2  Cq=        -1.2490 MHz  eta= 0.29108

     Cl  24    Vxx=   -1.0956    axis=( -0.135874  0.177375  0.974719)
     Cl  24    Vyy=   -2.1715    axis=( -0.597201  0.770343 -0.223433)
     Cl  24    Vzz=    3.2672    axis=( -0.790499 -0.612462  0.001258)
     Cl  24  Q=        -8.1650 1e-30 m^2  Cq=       -62.6788 MHz  eta= 0.32931

     Initialization:
     gipaw_setup  :      9.06s CPU     10.84s WALL (       1 calls)

     Linear response

     Apply operators

     Induced current

     Other routines
     efg          :      9.17s CPU     11.93s WALL (       1 calls)

     General routines
     calbec       :      3.34s CPU      4.65s WALL (      16 calls)
     fft          :      1.50s CPU      2.01s WALL (      15 calls)
     ffts         :      0.02s CPU      0.04s WALL (       2 calls)
     fftw         :      3.14s CPU      3.83s WALL (     672 calls)
     davcio       :      0.05s CPU      0.33s WALL (      32 calls)

     Parallel routines
     fft_scatter  :      2.00s CPU      2.88s WALL (     689 calls)

     Plugins

     GIPAW        :     60.16s CPU     72.19s WALL (       1 calls)
