
     Program QE v.6.0 (svn rev. 13079) starts on  9Jan2017 at 20:53:37 

     This program is part of the open-source Quantum ESPRESSO suite
     for quantum simulation of materials; please cite
         "P. Giannozzi et al., J. Phys.:Condens. Matter 21 395502 (2009);
          URL http://www.quantum-espresso.org", 
     in publications or presentations arising from this work. More details at
     http://www.quantum-espresso.org/quote

     Parallel version (MPI), running on     8 processors
     R & G space division:  proc/nbgrp/npool/nimage =       8

     ***** This is GIPAW svn revision unknown      *****

     Parallelizing q-star over 1 images

     Reading data from directory:
     /users/majewski/paradichlorobenzene/pbe/9_constraint/scratch/pbe.ecut100.np8.dt60.pcl2phi-129368.save
     Message from routine read_xml_file:
     file /users/majewski/paradichlorobenzene/pbe/9_constraint/scratch/pbe.ecut100.np8.dt60.pcl2phi-129368.save not guaranteed to be safe for post-processing

   Info: using nr1, nr2, nr3 values from input

   Info: using nr1, nr2, nr3 values from input

     IMPORTANT: XC functional enforced from input :
     Exchange-correlation      =  SLA  PW   PBX  PBC ( 1  4  3  4 0 0)
     Any further DFT definition will be discarded
     Please, verify this is what you really want

               file C.pbe-n-kjpaw_psl.1.0.0.UPF: wavefunction(s)  2S 2P renormalized
               file Cl.pbe-n-kjpaw_psl.1.0.0.UPF: wavefunction(s)  3S 3P renormalized
               file H.pbe-kjpaw_psl.1.0.0.UPF: wavefunction(s)  1S renormalized

     Parallelization info
     --------------------
     sticks:   dense  smooth     PW     G-vecs:    dense   smooth      PW
     Min        3057    1223    332               144436    36536    5170
     Max        3059    1225    333               144437    36537    5171
     Sum       24467    9791   2657              1155489   292295   41363


     Subspace diagonalization in iterative solution of the eigenvalue problem:
     a serial algorithm will be used

     GIPAW projectors -----------------------------------------------
     atom=  C    l=0  rc=    1.2000  rs=    0.8000
     atom=  C    l=0  rc=    1.2000  rs=    0.8000
     atom=  C    l=1  rc=    1.4000  rs=    0.9333
     atom=  C    l=1  rc=    1.4000  rs=    0.9333
     projs nearly linearly dependent: l=1  n1,n2= 1, 2  s=  0.99951561

     atom=  Cl   l=0  rc=    1.6000  rs=    1.0667
     atom=  Cl   l=0  rc=    1.6000  rs=    1.0667
     atom=  Cl   l=1  rc=    1.6000  rs=    1.0667
     atom=  Cl   l=1  rc=    1.6000  rs=    1.0667
     atom=  Cl   l=2  rc=    1.6000  rs=    1.0667
     atom=  Cl   l=2  rc=    1.6000  rs=    1.0667
     projs nearly linearly dependent: l=2  n1,n2= 1, 2  s=  0.99993509

     atom=  H    l=0  rc=    1.0000  rs=    0.6667
     atom=  H    l=0  rc=    1.0000  rs=    0.6667
     projs nearly linearly dependent: l=0  n1,n2= 1, 2  s=  0.99968852
     -----------------------------------------------------------------

     GIPAW integrals: -------------------------------------------
     Atom  i/j   nmr_para   nmr_dia   epr_rmc  epr_para   epr_dia
       C   1 1   0.83E+03  0.17E-01  0.93E+01  0.24E+08  0.24E+03
       C   2 1   0.86E+03 -0.61E-01  0.94E+01  0.25E+08  0.25E+03
       C   2 2   0.90E+03 -0.15E+00  0.97E+01  0.26E+08  0.26E+03
       C   3 3   0.33E+01  0.34E+00  0.18E+01  0.55E+03  0.21E+02
       C   4 3   0.35E+01  0.37E+00  0.20E+01  0.59E+03  0.22E+02
       C   4 4   0.38E+01  0.39E+00  0.22E+01  0.63E+03  0.24E+02
       Cl  1 1   0.14E+04 -0.47E+00  0.84E+01  0.32E+09  0.42E+03
       Cl  2 1   0.21E+04 -0.37E+00  0.12E+02  0.49E+09  0.65E+03
       Cl  2 2   0.33E+04 -0.16E+00  0.21E+02  0.76E+09  0.10E+04
       Cl  3 3   0.21E+02  0.79E-01  0.89E+01  0.23E+05  0.13E+03
       Cl  4 3   0.24E+02  0.67E-01  0.99E+01  0.27E+05  0.15E+03
       Cl  4 4   0.28E+02  0.44E-01  0.11E+02  0.32E+05  0.18E+03
       Cl  5 5   0.77E+00  0.19E+00  0.18E+01  0.12E+03  0.22E+02
       Cl  6 5   0.80E+00  0.19E+00  0.19E+01  0.12E+03  0.23E+02
       Cl  6 6   0.83E+00  0.20E+00  0.19E+01  0.12E+03  0.23E+02
       H   1 1   0.39E+02  0.19E+00  0.29E+00  0.78E+05  0.13E+02
       H   2 1   0.41E+02  0.21E+00  0.32E+00  0.82E+05  0.14E+02
       H   2 2   0.43E+02  0.22E+00  0.36E+00  0.86E+05  0.15E+02
     ------------------------------------------------------------

     alpha_pv=     34.4023 eV

     Number of occupied bands for each k-point:
     k-point:     1    nbnd_occ=  42
     k-point:     2    nbnd_occ=  42
     k-point:     3    nbnd_occ=  42
     k-point:     4    nbnd_occ=  42
     k-point:     5    nbnd_occ=  42
     k-point:     6    nbnd_occ=  42
     k-point:     7    nbnd_occ=  42
     k-point:     8    nbnd_occ=  42
     k-point:     9    nbnd_occ=  42
     k-point:    10    nbnd_occ=  42
     k-point:    11    nbnd_occ=  42
     k-point:    12    nbnd_occ=  42
     k-point:    13    nbnd_occ=  42
     k-point:    14    nbnd_occ=  42
     k-point:    15    nbnd_occ=  42
     k-point:    16    nbnd_occ=  42


     q-space interpolation up to   110.00 Rydberg

     GIPAW job: efg                                                                             


     ELECTRIC FIELD GRADIENTS TENSORS IN Hartree/bohrradius^2:

     ----- bare term -----
     Cl   1       -0.045585        0.100107        0.080952
     Cl   1        0.100107       -0.009900        0.102477
     Cl   1        0.080952        0.102477        0.055485

     C    2       -0.316033       -0.078880       -0.325890
     C    2       -0.078880       -0.062753       -0.472527
     C    2       -0.325890       -0.472527        0.378786

     C    3       -0.115931        0.170783       -0.337981
     C    3        0.170783       -0.337526       -0.515508
     C    3       -0.337981       -0.515508        0.453457

     H    4       -0.655564       -0.114516       -0.149416
     H    4       -0.114516        0.390791       -0.204435
     H    4       -0.149416       -0.204435        0.264773

     C    5        0.002176        0.524963       -0.145794
     C    5        0.524963       -0.308043       -0.408281
     C    5       -0.145794       -0.408281        0.305868

     H    6       -0.102201       -0.438023       -0.160602
     H    6       -0.438023       -0.253109       -0.348130
     H    6       -0.160602       -0.348130        0.355310

     H    7        0.369546        0.057130        0.311274
     H    7        0.057130        0.106199        0.202987
     H    7        0.311274        0.202987       -0.475745

     C    8       -0.501310       -0.298815       -0.295947
     C    8       -0.298815        0.313504        0.186497
     C    8       -0.295947        0.186497        0.187806

     H    9        0.195226        0.006862       -0.261369
     H    9        0.006862        0.187083       -0.255925
     H    9       -0.261369       -0.255925       -0.382310

     C   10        0.041080       -0.233064       -0.121728
     C   10       -0.233064       -0.112749        0.434705
     C   10       -0.121728        0.434705        0.071670

     C   11       -0.357535       -0.243380       -0.278060
     C   11       -0.243380       -0.009709        0.425508
     C   11       -0.278060        0.425508        0.367244

     Cl  12       -0.014106        0.071446       -0.028714
     Cl  12        0.071446        0.031348        0.071770
     Cl  12       -0.028714        0.071770       -0.017243

     H   13        0.535390        0.017042       -0.118462
     H   13        0.017042       -0.015832       -0.223890
     H   13       -0.118462       -0.223890       -0.519558

     C   14       -0.542475        0.328071       -0.111986
     C   14        0.328071        0.213462       -0.357162
     C   14       -0.111986       -0.357162        0.329013

     H   15       -0.047084        0.132806       -0.520237
     H   15        0.132806       -0.017793        0.168110
     H   15       -0.520237        0.168110        0.064877

     C   16        0.090358        0.186755       -0.121302
     C   16        0.186755       -0.074561       -0.547417
     C   16       -0.121302       -0.547417       -0.015797

     C   17       -0.393567        0.333804       -0.469158
     C   17        0.333804        0.259618       -0.224934
     C   17       -0.469158       -0.224934        0.133948

     Cl  18       -0.053420        0.159082        0.076480
     Cl  18        0.159082        0.011712        0.100348
     Cl  18        0.076480        0.100348        0.041708

     H   19        0.313533       -0.097516        0.271038
     H   19       -0.097516       -0.083022        0.547190
     H   19        0.271038        0.547190       -0.230511

     C   20       -0.134812        0.028760       -0.499028
     C   20        0.028760       -0.214976        0.375940
     C   20       -0.499028        0.375940        0.349789

     H   21        0.128858        0.082554       -0.242666
     H   21        0.082554        0.486846        0.089721
     H   21       -0.242666        0.089721       -0.615704

     C   22       -0.276956       -0.376401       -0.309730
     C   22       -0.376401       -0.021077        0.032592
     C   22       -0.309730        0.032592        0.298033

     C   23        0.005533        0.199869       -0.469221
     C   23        0.199869       -0.328957        0.461881
     C   23       -0.469221        0.461881        0.323424

     Cl  24       -0.141511       -0.196502       -0.177599
     Cl  24       -0.196502       -0.131021       -0.019712
     Cl  24       -0.177599       -0.019712        0.272532

     ----- ionic term -----
     Cl   1        0.079930       -0.198131        0.004196
     Cl   1       -0.198131        0.062750        0.000107
     Cl   1        0.004196        0.000107       -0.142680

     C    2        0.155057       -0.190451        0.375302
     C    2       -0.190451        0.097829        0.344561
     C    2        0.375302        0.344561       -0.252886

     C    3        0.105483       -0.207503        0.196181
     C    3       -0.207503        0.231543        0.396449
     C    3        0.196181        0.396449       -0.337026

     H    4        0.712974        0.235334        0.636303
     H    4        0.235334       -0.468213        0.191933
     H    4        0.636303        0.191933       -0.244761

     C    5        0.262663       -0.149620        0.267204
     C    5       -0.149620        0.072749        0.315091
     C    5        0.267204        0.315091       -0.335412

     H    6       -0.459446        0.280375        0.174110
     H    6        0.280375        0.534349        0.715015
     H    6        0.174110        0.715015       -0.074903

     H    7       -0.537651        0.089281       -0.047559
     H    7        0.089281        0.395541       -0.777343
     H    7       -0.047559       -0.777343        0.142110

     C    8        0.122170        0.344140        0.307104
     C    8        0.344140       -0.102583       -0.253505
     C    8        0.307104       -0.253505       -0.019587

     H    9        0.181268        0.050885        0.783249
     H    9        0.050885       -0.551200       -0.022621
     H    9        0.783249       -0.022621        0.369932

     C   10        0.057502        0.413298        0.187103
     C   10        0.413298       -0.012747       -0.337108
     C   10        0.187103       -0.337108       -0.044756

     C   11        0.118051        0.338817        0.252223
     C   11        0.338817       -0.045716       -0.404521
     C   11        0.252223       -0.404521       -0.072334

     Cl  12        0.156203        0.241185        0.018325
     Cl  12        0.241185       -0.012149        0.006122
     Cl  12        0.018325        0.006122       -0.144054

     H   13       -0.537766        0.096427        0.107110
     H   13        0.096427        0.497626        0.794334
     H   13        0.107110        0.794334        0.040140

     C   14        0.230055       -0.285546        0.335110
     C   14       -0.285546        0.005307        0.291054
     C   14        0.335110        0.291054       -0.235362

     H   15        0.687848        0.218486        0.674356
     H   15        0.218486       -0.485021        0.199071
     H   15        0.674356        0.199071       -0.202827

     C   16        0.119966       -0.271674        0.193497
     C   16       -0.271674        0.111827        0.403980
     C   16        0.193497        0.403980       -0.231793

     C   17        0.228029       -0.189559        0.224066
     C   17       -0.189559        0.009037        0.444571
     C   17        0.224066        0.444571       -0.237066

     Cl  18        0.116009       -0.220884       -0.032515
     Cl  18       -0.220884        0.013397        0.033158
     Cl  18       -0.032515        0.033158       -0.129406

     H   19       -0.534248       -0.006072        0.024765
     H   19       -0.006072        0.612876       -0.743097
     H   19        0.024765       -0.743097       -0.078628

     C   20        0.196196        0.315258        0.337802
     C   20        0.315258        0.005383       -0.241046
     C   20        0.337802       -0.241046       -0.201579

     H   21        0.407004       -0.136163        0.805522
     H   21       -0.136163       -0.520926       -0.177261
     H   21        0.805522       -0.177261        0.113922

     C   22        0.123562        0.374529        0.252290
     C   22        0.374529        0.047371       -0.300457
     C   22        0.252290       -0.300457       -0.170933

     C   23        0.022374        0.335934        0.315498
     C   23        0.335934       -0.007065       -0.340717
     C   23        0.315498       -0.340717       -0.015309

     Cl  24        0.116960        0.222689        0.034165
     Cl  24        0.222689        0.021187        0.014616
     Cl  24        0.034165        0.014616       -0.138147

     ----- GIPAW term -----
     Cl   1        1.001607       -1.372224        0.682891
     Cl   1       -1.372224        0.054122        0.890095
     Cl   1        0.682891        0.890095       -1.055730

     C    2       -0.008900       -0.145661        0.014435
     C    2       -0.145661       -0.060942       -0.067052
     C    2        0.014435       -0.067052        0.069842

     C    3       -0.033005        0.010571       -0.160095
     C    3        0.010571       -0.102025       -0.080818
     C    3       -0.160095       -0.080818        0.135030

     H    4       -0.000000        0.000000        0.000000
     H    4        0.000000        0.000000        0.000000
     H    4        0.000000        0.000000        0.000000

     C    5        0.135976        0.246827       -0.039400
     C    5        0.246827       -0.058743       -0.105311
     C    5       -0.039400       -0.105311       -0.077233

     H    6       -0.000000        0.000000        0.000000
     H    6        0.000000        0.000000        0.000000
     H    6        0.000000        0.000000        0.000000

     H    7       -0.000000        0.000000        0.000000
     H    7        0.000000        0.000000        0.000000
     H    7        0.000000        0.000000        0.000000

     C    8       -0.104750       -0.108472       -0.072079
     C    8       -0.108472        0.123776        0.113480
     C    8       -0.072079        0.113480       -0.019027

     H    9       -0.000000        0.000000        0.000000
     H    9        0.000000        0.000000        0.000000
     H    9        0.000000        0.000000        0.000000

     C   10       -0.063905       -0.068466       -0.059157
     C   10       -0.068466        0.053507        0.156149
     C   10       -0.059157        0.156149        0.010398

     C   11       -0.030213        0.131573       -0.020858
     C   11        0.131573        0.091856        0.111656
     C   11       -0.020858        0.111656       -0.061643

     Cl  12        1.132887        2.592335       -0.140172
     Cl  12        2.592335        0.389705        0.634051
     Cl  12       -0.140172        0.634051       -1.522592

     H   13       -0.000000        0.000000        0.000000
     H   13        0.000000        0.000000        0.000000
     H   13        0.000000        0.000000        0.000000

     C   14       -0.176148        0.016042        0.017459
     C   14        0.016042        0.124880       -0.205400
     C   14        0.017459       -0.205400        0.051268

     H   15       -0.000000        0.000000        0.000000
     H   15        0.000000        0.000000        0.000000
     H   15        0.000000        0.000000        0.000000

     C   16       -0.079236        0.053062       -0.029362
     C   16        0.053062        0.155028       -0.152006
     C   16       -0.029362       -0.152006       -0.075792

     C   17       -0.004900        0.146854       -0.051939
     C   17        0.146854        0.189150        0.008037
     C   17       -0.051939        0.008037       -0.184250

     Cl  18        0.649562        0.167352        1.312378
     Cl  18        0.167352        0.469808        1.675050
     Cl  18        1.312378        1.675050       -1.119370

     H   19       -0.000000        0.000000        0.000000
     H   19        0.000000        0.000000        0.000000
     H   19        0.000000        0.000000        0.000000

     C   20        0.024650        0.061006       -0.231047
     C   20        0.061006       -0.166667        0.023384
     C   20       -0.231047        0.023384        0.142017

     H   21       -0.000000        0.000000        0.000000
     H   21        0.000000        0.000000        0.000000
     H   21        0.000000        0.000000        0.000000

     C   22       -0.040491        0.002057       -0.161156
     C   22        0.002057       -0.071054       -0.060654
     C   22       -0.161156       -0.060654        0.111545

     C   23        0.019510        0.201207       -0.163783
     C   23        0.201207       -0.084792       -0.048666
     C   23       -0.163783       -0.048666        0.065282

     Cl  24        0.617728        1.374257       -1.713973
     Cl  24        1.374257       -1.061982       -0.213552
     Cl  24       -1.713973       -0.213552        0.444254

     ----- total EFG -----
     Cl   1        1.035952       -1.470248        0.768040
     Cl   1       -1.470248        0.106972        0.992679
     Cl   1        0.768040        0.992679       -1.142925

     C    2       -0.169876       -0.414992        0.063847
     C    2       -0.414992       -0.025866       -0.195017
     C    2        0.063847       -0.195017        0.195742

     C    3       -0.043453       -0.026149       -0.301895
     C    3       -0.026149       -0.208008       -0.199878
     C    3       -0.301895       -0.199878        0.251461

     H    4        0.057410        0.120818        0.486887
     H    4        0.120818       -0.077422       -0.012502
     H    4        0.486887       -0.012502        0.020012

     C    5        0.400814        0.622170        0.082010
     C    5        0.622170       -0.294037       -0.198500
     C    5        0.082010       -0.198500       -0.106777

     H    6       -0.561647       -0.157648        0.013509
     H    6       -0.157648        0.281240        0.366885
     H    6        0.013509        0.366885        0.280408

     H    7       -0.168104        0.146411        0.263715
     H    7        0.146411        0.501740       -0.574356
     H    7        0.263715       -0.574356       -0.333635

     C    8       -0.483889       -0.063147       -0.060922
     C    8       -0.063147        0.334698        0.046472
     C    8       -0.060922        0.046472        0.149192

     H    9        0.376494        0.057747        0.521880
     H    9        0.057747       -0.364116       -0.278546
     H    9        0.521880       -0.278546       -0.012378

     C   10        0.034677        0.111768        0.006218
     C   10        0.111768       -0.071989        0.253746
     C   10        0.006218        0.253746        0.037312

     C   11       -0.269698        0.227011       -0.046695
     C   11        0.227011        0.036431        0.132643
     C   11       -0.046695        0.132643        0.233266

     Cl  12        1.274984        2.904966       -0.150560
     Cl  12        2.904966        0.408904        0.711943
     Cl  12       -0.150560        0.711943       -1.683888

     H   13       -0.002376        0.113469       -0.011352
     H   13        0.113469        0.481795        0.570443
     H   13       -0.011352        0.570443       -0.479418

     C   14       -0.488567        0.058567        0.240583
     C   14        0.058567        0.343649       -0.271508
     C   14        0.240583       -0.271508        0.144919

     H   15        0.640764        0.351292        0.154119
     H   15        0.351292       -0.502814        0.367180
     H   15        0.154119        0.367180       -0.137951

     C   16        0.131088       -0.031857        0.042833
     C   16       -0.031857        0.192294       -0.295443
     C   16        0.042833       -0.295443       -0.323383

     C   17       -0.170437        0.291099       -0.297030
     C   17        0.291099        0.457805        0.227674
     C   17       -0.297030        0.227674       -0.287368

     Cl  18        0.712151        0.105549        1.356343
     Cl  18        0.105549        0.494917        1.808556
     Cl  18        1.356343        1.808556       -1.207068

     H   19       -0.220715       -0.103588        0.295803
     H   19       -0.103588        0.529854       -0.195907
     H   19        0.295803       -0.195907       -0.309139

     C   20        0.086034        0.405024       -0.392273
     C   20        0.405024       -0.376261        0.158278
     C   20       -0.392273        0.158278        0.290227

     H   21        0.535862       -0.053609        0.562856
     H   21       -0.053609       -0.034080       -0.087540
     H   21        0.562856       -0.087540       -0.501782

     C   22       -0.193886        0.000184       -0.218596
     C   22        0.000184       -0.044759       -0.328519
     C   22       -0.218596       -0.328519        0.238645

     C   23        0.047416        0.737010       -0.317507
     C   23        0.737010       -0.420813        0.072498
     C   23       -0.317507        0.072498        0.373397

     Cl  24        0.593177        1.400444       -1.857407
     Cl  24        1.400444       -1.171816       -0.218647
     Cl  24       -1.857407       -0.218647        0.578639

     ----- total EFG (symmetrized) -----
     Cl   1        1.035952       -1.470248        0.768040
     Cl   1       -1.470248        0.106972        0.992679
     Cl   1        0.768040        0.992679       -1.142925

     C    2       -0.169876       -0.414992        0.063847
     C    2       -0.414992       -0.025866       -0.195017
     C    2        0.063847       -0.195017        0.195742

     C    3       -0.043453       -0.026149       -0.301895
     C    3       -0.026149       -0.208008       -0.199878
     C    3       -0.301895       -0.199878        0.251461

     H    4        0.057410        0.120818        0.486887
     H    4        0.120818       -0.077422       -0.012502
     H    4        0.486887       -0.012502        0.020012

     C    5        0.400814        0.622170        0.082010
     C    5        0.622170       -0.294037       -0.198500
     C    5        0.082010       -0.198500       -0.106777

     H    6       -0.561647       -0.157648        0.013509
     H    6       -0.157648        0.281240        0.366885
     H    6        0.013509        0.366885        0.280408

     H    7       -0.168104        0.146411        0.263715
     H    7        0.146411        0.501740       -0.574356
     H    7        0.263715       -0.574356       -0.333635

     C    8       -0.483889       -0.063147       -0.060922
     C    8       -0.063147        0.334698        0.046472
     C    8       -0.060922        0.046472        0.149192

     H    9        0.376494        0.057747        0.521880
     H    9        0.057747       -0.364116       -0.278546
     H    9        0.521880       -0.278546       -0.012378

     C   10        0.034677        0.111768        0.006218
     C   10        0.111768       -0.071989        0.253746
     C   10        0.006218        0.253746        0.037312

     C   11       -0.269698        0.227011       -0.046695
     C   11        0.227011        0.036431        0.132643
     C   11       -0.046695        0.132643        0.233266

     Cl  12        1.274984        2.904966       -0.150560
     Cl  12        2.904966        0.408904        0.711943
     Cl  12       -0.150560        0.711943       -1.683888

     H   13       -0.002376        0.113469       -0.011352
     H   13        0.113469        0.481795        0.570443
     H   13       -0.011352        0.570443       -0.479418

     C   14       -0.488567        0.058567        0.240583
     C   14        0.058567        0.343649       -0.271508
     C   14        0.240583       -0.271508        0.144919

     H   15        0.640764        0.351292        0.154119
     H   15        0.351292       -0.502814        0.367180
     H   15        0.154119        0.367180       -0.137951

     C   16        0.131088       -0.031857        0.042833
     C   16       -0.031857        0.192294       -0.295443
     C   16        0.042833       -0.295443       -0.323383

     C   17       -0.170437        0.291099       -0.297030
     C   17        0.291099        0.457805        0.227674
     C   17       -0.297030        0.227674       -0.287368

     Cl  18        0.712151        0.105549        1.356343
     Cl  18        0.105549        0.494917        1.808556
     Cl  18        1.356343        1.808556       -1.207068

     H   19       -0.220715       -0.103588        0.295803
     H   19       -0.103588        0.529854       -0.195907
     H   19        0.295803       -0.195907       -0.309139

     C   20        0.086034        0.405024       -0.392273
     C   20        0.405024       -0.376261        0.158278
     C   20       -0.392273        0.158278        0.290227

     H   21        0.535862       -0.053609        0.562856
     H   21       -0.053609       -0.034080       -0.087540
     H   21        0.562856       -0.087540       -0.501782

     C   22       -0.193886        0.000184       -0.218596
     C   22        0.000184       -0.044759       -0.328519
     C   22       -0.218596       -0.328519        0.238645

     C   23        0.047416        0.737010       -0.317507
     C   23        0.737010       -0.420813        0.072498
     C   23       -0.317507        0.072498        0.373397

     Cl  24        0.593177        1.400444       -1.857407
     Cl  24        1.400444       -1.171816       -0.218647
     Cl  24       -1.857407       -0.218647        0.578639


     NQR/NMR SPECTROSCOPIC PARAMETERS:
     Cl   1    Vxx=    0.2007    axis=(  0.422641  0.596525  0.682300)
     Cl   1    Vyy=    2.1137    axis=( -0.809414  0.587117 -0.011928)
     Cl   1    Vzz=   -2.3144    axis=( -0.407705 -0.547222  0.730975)
     Cl   1  Q=        -8.1650 1e-30 m^2  Cq=        44.4014 MHz  eta= 0.82656

     C    2    Vxx=    0.0654    axis=( -0.460510  0.384168  0.800216)
     C    2    Vyy=    0.4623    axis=( -0.484139  0.646900 -0.589178)
     C    2    Vzz=   -0.5277    axis=( -0.744003 -0.658738 -0.111913)
     C    2  Q=         1.0000 1e-30 m^2  Cq=        -1.2399 MHz  eta= 0.75223

     C    3    Vxx=   -0.1135    axis=(  0.710833 -0.667200  0.222621)
     C    3    Vyy=   -0.3632    axis=(  0.514057  0.708837  0.483007)
     C    3    Vzz=    0.4766    axis=( -0.480064 -0.228898  0.846844)
     C    3  Q=         1.0000 1e-30 m^2  Cq=         1.1199 MHz  eta= 0.52392

     H    4    Vxx=   -0.0653    axis=(  0.069771  0.963946 -0.256788)
     H    4    Vyy=   -0.4708    axis=( -0.687404  0.233002  0.687885)
     H    4    Vzz=    0.5361    axis=( -0.722916 -0.128523 -0.678877)
     H    4  Q=         1.0000 1e-30 m^2  Cq=         1.2597 MHz  eta= 0.75622

     C    5    Vxx=   -0.0354    axis=(  0.193539 -0.260364  0.945914)
     C    5    Vyy=   -0.7317    axis=( -0.473608  0.819570  0.322491)
     C    5    Vzz=    0.7670    axis=( -0.859208 -0.510407  0.035308)
     C    5  Q=         1.0000 1e-30 m^2  Cq=         1.8022 MHz  eta= 0.90780

     H    6    Vxx=   -0.0578    axis=( -0.227060  0.664634 -0.711832)
     H    6    Vyy=   -0.5985    axis=( -0.970182 -0.218013  0.105912)
     H    6    Vzz=    0.6564    axis=( -0.084796  0.714655  0.694318)
     H    6  Q=         1.0000 1e-30 m^2  Cq=         1.5423 MHz  eta= 0.82376

     H    7    Vxx=   -0.0187    axis=(  0.895710  0.191099  0.401477)
     H    7    Vyy=   -0.7757    axis=( -0.444476  0.409223  0.796855)
     H    7    Vzz=    0.7944    axis=( -0.012015 -0.892198  0.451485)
     H    7  Q=         1.0000 1e-30 m^2  Cq=         1.8664 MHz  eta= 0.95301

     C    8    Vxx=    0.1413    axis=(  0.068350  0.254098 -0.964760)
     C    8    Vyy=    0.3526    axis=(  0.090854 -0.964589 -0.247617)
     C    8    Vzz=   -0.4938    axis=(  0.993516  0.070728  0.089016)
     C    8  Q=         1.0000 1e-30 m^2  Cq=        -1.1603 MHz  eta= 0.42788

     H    9    Vxx=   -0.1150    axis=(  0.478358  0.701574 -0.528174)
     H    9    Vyy=   -0.6357    axis=( -0.356443  0.704797  0.613359)
     H    9    Vzz=    0.7508    axis=( -0.802573  0.105141 -0.587216)
     H    9  Q=         1.0000 1e-30 m^2  Cq=         1.7640 MHz  eta= 0.69354

     C   10    Vxx=    0.0305    axis=(  0.913379 -0.011462 -0.406948)
     C   10    Vyy=    0.2678    axis=(  0.321928  0.632213  0.704748)
     C   10    Vzz=   -0.2983    axis=(  0.249200 -0.774710  0.581141)
     C   10  Q=         1.0000 1e-30 m^2  Cq=        -0.7009 MHz  eta= 0.79547

     C   11    Vxx=    0.0991    axis=(  0.495084  0.697837 -0.517605)
     C   11    Vyy=    0.3085    axis=(  0.138254  0.524875  0.839876)
     C   11    Vzz=   -0.4076    axis=(  0.857775 -0.487370  0.163379)
     C   11  Q=         1.0000 1e-30 m^2  Cq=        -0.9576 MHz  eta= 0.51371

     Cl  12    Vxx=   -1.2355    axis=(  0.430831 -0.413895 -0.801920)
     Cl  12    Vyy=   -2.5662    axis=( -0.499964  0.630308 -0.593926)
     Cl  12    Vzz=    3.8017    axis=( -0.751279 -0.656813 -0.064624)
     Cl  12  Q=        -8.1650 1e-30 m^2  Cq=       -72.9342 MHz  eta= 0.35001

     H   13    Vxx=   -0.0105    axis=(  0.988676 -0.083066 -0.124978)
     H   13    Vyy=   -0.7493    axis=(  0.078280 -0.425065  0.901771)
     H   13    Vzz=    0.7598    axis=( -0.128031 -0.901343 -0.413749)
     H   13  Q=         1.0000 1e-30 m^2  Cq=         1.7851 MHz  eta= 0.97243

     C   14    Vxx=    0.0509    axis=(  0.382235  0.586099  0.714412)
     C   14    Vyy=    0.5420    axis=( -0.095065  0.793957 -0.600495)
     C   14    Vzz=   -0.5929    axis=(  0.919162 -0.161615 -0.359196)
     C   14  Q=         1.0000 1e-30 m^2  Cq=        -1.3930 MHz  eta= 0.82831

     H   15    Vxx=   -0.0431    axis=(  0.384312 -0.378784 -0.841919)
     H   15    Vyy=   -0.7670    axis=( -0.165732  0.868832 -0.466545)
     H   15    Vzz=    0.8101    axis=( -0.908205 -0.318832 -0.271126)
     H   15  Q=         1.0000 1e-30 m^2  Cq=         1.9034 MHz  eta= 0.89358

     C   16    Vxx=    0.1216    axis=(  0.974074  0.220084 -0.052362)
     C   16    Vyy=    0.3372    axis=( -0.221923  0.884658 -0.410036)
     C   16    Vzz=   -0.4588    axis=( -0.043920  0.411026  0.910565)
     C   16  Q=         1.0000 1e-30 m^2  Cq=        -1.0780 MHz  eta= 0.46999

     C   17    Vxx=    0.0633    axis=(  0.713684 -0.129327 -0.688425)
     C   17    Vyy=    0.5867    axis=( -0.306595 -0.941338 -0.141004)
     C   17    Vzz=   -0.6501    axis=( -0.629805  0.311700 -0.711469)
     C   17  Q=         1.0000 1e-30 m^2  Cq=        -1.5274 MHz  eta= 0.80515

     Cl  18    Vxx=    0.5268    axis=(  0.772126 -0.632977 -0.056235)
     Cl  18    Vyy=    2.1898    axis=( -0.552018 -0.624259 -0.552791)
     Cl  18    Vzz=   -2.7166    axis=(  0.314799  0.457867 -0.831421)
     Cl  18  Q=        -8.1650 1e-30 m^2  Cq=        52.1165 MHz  eta= 0.61213

     H   19    Vxx=   -0.0391    axis=( -0.746548 -0.334056 -0.575389)
     H   19    Vyy=   -0.5704    axis=( -0.630303  0.078191  0.772402)
     H   19    Vzz=    0.6094    axis=( -0.213035  0.939305 -0.268930)
     H   19  Q=         1.0000 1e-30 m^2  Cq=         1.4319 MHz  eta= 0.87174

     C   20    Vxx=    0.1155    axis=(  0.514290  0.615688  0.597020)
     C   20    Vyy=    0.6127    axis=(  0.663933  0.154819 -0.731590)
     C   20    Vzz=   -0.7283    axis=( -0.542862  0.772631 -0.329154)
     C   20  Q=         1.0000 1e-30 m^2  Cq=        -1.7111 MHz  eta= 0.68270

     H   21    Vxx=   -0.0379    axis=(  0.126090  0.991432 -0.034102)
     H   21    Vyy=   -0.7533    axis=( -0.395938  0.081815  0.914625)
     H   21    Vzz=    0.7912    axis=(  0.909579 -0.101823  0.402862)
     H   21  Q=         1.0000 1e-30 m^2  Cq=         1.8589 MHz  eta= 0.90422

     C   22    Vxx=   -0.1356    axis=(  0.704822 -0.683847 -0.188625)
     C   22    Vyy=   -0.3683    axis=(  0.660148  0.534958  0.527280)
     C   22    Vzz=    0.5039    axis=( -0.259672 -0.496159  0.828490)
     C   22  Q=         1.0000 1e-30 m^2  Cq=         1.1840 MHz  eta= 0.46194

     C   23    Vxx=    0.2758    axis=(  0.355246  0.460518  0.813464)
     C   23    Vyy=    0.7291    axis=( -0.716705 -0.424490  0.553302)
     C   23    Vzz=   -1.0048    axis=( -0.600112  0.779572 -0.179257)
     C   23  Q=         1.0000 1e-30 m^2  Cq=        -2.3610 MHz  eta= 0.45109

     Cl  24    Vxx=   -0.5885    axis=( -0.365641 -0.616416 -0.697379)
     Cl  24    Vyy=   -2.2016    axis=( -0.591290  0.732477 -0.337422)
     Cl  24    Vzz=    2.7901    axis=(  0.718806  0.288978 -0.632304)
     Cl  24  Q=        -8.1650 1e-30 m^2  Cq=       -53.5262 MHz  eta= 0.57816

     Initialization:
     gipaw_setup  :      9.23s CPU     11.01s WALL (       1 calls)

     Linear response

     Apply operators

     Induced current

     Other routines
     efg          :      9.20s CPU     11.50s WALL (       1 calls)

     General routines
     calbec       :      3.16s CPU      4.11s WALL (      16 calls)
     fft          :      1.65s CPU      2.49s WALL (      15 calls)
     ffts         :      0.04s CPU      0.05s WALL (       2 calls)
     fftw         :      3.32s CPU      4.11s WALL (     672 calls)
     davcio       :      0.04s CPU      0.32s WALL (      32 calls)

     Parallel routines
     fft_scatter  :      2.46s CPU      3.92s WALL (     689 calls)

     Plugins

     GIPAW        :     60.15s CPU     72.26s WALL (       1 calls)
