
     Program QE v.6.0 (svn rev. 13079) starts on 25Dec2016 at 17:31:21 

     This program is part of the open-source Quantum ESPRESSO suite
     for quantum simulation of materials; please cite
         "P. Giannozzi et al., J. Phys.:Condens. Matter 21 395502 (2009);
          URL http://www.quantum-espresso.org", 
     in publications or presentations arising from this work. More details at
     http://www.quantum-espresso.org/quote

     Parallel version (MPI), running on     8 processors
     R & G space division:  proc/nbgrp/npool/nimage =       8

     ***** This is GIPAW svn revision unknown      *****

     Parallelizing q-star over 1 images

     Reading data from directory:
     /users/majewski/paradichlorobenzene/pbe/9_constraint/scratch/pbe.ecut100.np8.dt60.pcl2phi-129368.save
     Message from routine read_xml_file:
     file /users/majewski/paradichlorobenzene/pbe/9_constraint/scratch/pbe.ecut100.np8.dt60.pcl2phi-129368.save not guaranteed to be safe for post-processing

   Info: using nr1, nr2, nr3 values from input

   Info: using nr1, nr2, nr3 values from input

     IMPORTANT: XC functional enforced from input :
     Exchange-correlation      =  SLA  PW   PBX  PBC ( 1  4  3  4 0 0)
     Any further DFT definition will be discarded
     Please, verify this is what you really want

               file C.pbe-n-kjpaw_psl.1.0.0.UPF: wavefunction(s)  2S 2P renormalized
               file Cl.pbe-n-kjpaw_psl.1.0.0.UPF: wavefunction(s)  3S 3P renormalized
               file H.pbe-kjpaw_psl.1.0.0.UPF: wavefunction(s)  1S renormalized

     Parallelization info
     --------------------
     sticks:   dense  smooth     PW     G-vecs:    dense   smooth      PW
     Min        3057    1223    332               144436    36536    5170
     Max        3059    1225    333               144437    36537    5171
     Sum       24467    9791   2657              1155489   292295   41363


     Subspace diagonalization in iterative solution of the eigenvalue problem:
     a serial algorithm will be used

     GIPAW projectors -----------------------------------------------
     atom=  C    l=0  rc=    1.2000  rs=    0.8000
     atom=  C    l=0  rc=    1.2000  rs=    0.8000
     atom=  C    l=1  rc=    1.4000  rs=    0.9333
     atom=  C    l=1  rc=    1.4000  rs=    0.9333
     projs nearly linearly dependent: l=1  n1,n2= 1, 2  s=  0.99951561

     atom=  Cl   l=0  rc=    1.6000  rs=    1.0667
     atom=  Cl   l=0  rc=    1.6000  rs=    1.0667
     atom=  Cl   l=1  rc=    1.6000  rs=    1.0667
     atom=  Cl   l=1  rc=    1.6000  rs=    1.0667
     atom=  Cl   l=2  rc=    1.6000  rs=    1.0667
     atom=  Cl   l=2  rc=    1.6000  rs=    1.0667
     projs nearly linearly dependent: l=2  n1,n2= 1, 2  s=  0.99993509

     atom=  H    l=0  rc=    1.0000  rs=    0.6667
     atom=  H    l=0  rc=    1.0000  rs=    0.6667
     projs nearly linearly dependent: l=0  n1,n2= 1, 2  s=  0.99968852
     -----------------------------------------------------------------

     GIPAW integrals: -------------------------------------------
     Atom  i/j   nmr_para   nmr_dia   epr_rmc  epr_para   epr_dia
       C   1 1   0.83E+03  0.17E-01  0.93E+01  0.24E+08  0.24E+03
       C   2 1   0.86E+03 -0.61E-01  0.94E+01  0.25E+08  0.25E+03
       C   2 2   0.90E+03 -0.15E+00  0.97E+01  0.26E+08  0.26E+03
       C   3 3   0.33E+01  0.34E+00  0.18E+01  0.55E+03  0.21E+02
       C   4 3   0.35E+01  0.37E+00  0.20E+01  0.59E+03  0.22E+02
       C   4 4   0.38E+01  0.39E+00  0.22E+01  0.63E+03  0.24E+02
       Cl  1 1   0.14E+04 -0.47E+00  0.84E+01  0.32E+09  0.42E+03
       Cl  2 1   0.21E+04 -0.37E+00  0.12E+02  0.49E+09  0.65E+03
       Cl  2 2   0.33E+04 -0.16E+00  0.21E+02  0.76E+09  0.10E+04
       Cl  3 3   0.21E+02  0.79E-01  0.89E+01  0.23E+05  0.13E+03
       Cl  4 3   0.24E+02  0.67E-01  0.99E+01  0.27E+05  0.15E+03
       Cl  4 4   0.28E+02  0.44E-01  0.11E+02  0.32E+05  0.18E+03
       Cl  5 5   0.77E+00  0.19E+00  0.18E+01  0.12E+03  0.22E+02
       Cl  6 5   0.80E+00  0.19E+00  0.19E+01  0.12E+03  0.23E+02
       Cl  6 6   0.83E+00  0.20E+00  0.19E+01  0.12E+03  0.23E+02
       H   1 1   0.39E+02  0.19E+00  0.29E+00  0.78E+05  0.13E+02
       H   2 1   0.41E+02  0.21E+00  0.32E+00  0.82E+05  0.14E+02
       H   2 2   0.43E+02  0.22E+00  0.36E+00  0.86E+05  0.15E+02
     ------------------------------------------------------------

     alpha_pv=     34.2874 eV

     Number of occupied bands for each k-point:
     k-point:     1    nbnd_occ=  42
     k-point:     2    nbnd_occ=  42
     k-point:     3    nbnd_occ=  42
     k-point:     4    nbnd_occ=  42
     k-point:     5    nbnd_occ=  42
     k-point:     6    nbnd_occ=  42
     k-point:     7    nbnd_occ=  42
     k-point:     8    nbnd_occ=  42
     k-point:     9    nbnd_occ=  42
     k-point:    10    nbnd_occ=  42
     k-point:    11    nbnd_occ=  42
     k-point:    12    nbnd_occ=  42
     k-point:    13    nbnd_occ=  42
     k-point:    14    nbnd_occ=  42
     k-point:    15    nbnd_occ=  42
     k-point:    16    nbnd_occ=  42


     q-space interpolation up to   110.00 Rydberg

     GIPAW job: efg                                                                             


     ELECTRIC FIELD GRADIENTS TENSORS IN Hartree/bohrradius^2:

     ----- bare term -----
     Cl   1       -0.013857       -0.125587       -0.017210
     Cl   1       -0.125587        0.082230       -0.089273
     Cl   1       -0.017210       -0.089273       -0.068373

     C    2       -0.420805        0.444942       -0.164566
     C    2        0.444942        0.025399       -0.097839
     C    2       -0.164566       -0.097839        0.395406

     C    3        0.314135        0.055801       -0.032666
     C    3        0.055801       -0.145328       -0.170717
     C    3       -0.032666       -0.170717       -0.168807

     H    4        0.103010        0.051858       -0.443974
     H    4        0.051858        0.124854        0.264452
     H    4       -0.443974        0.264452       -0.227864

     C    5       -0.323211        0.229573        0.010367
     C    5        0.229573        0.180246        0.076520
     C    5        0.010367        0.076520        0.142964

     H    6        0.503546        0.019040       -0.001889
     H    6        0.019040        0.092739       -0.115698
     H    6       -0.001889       -0.115698       -0.596286

     H    7        0.115622        0.450006       -0.121875
     H    7        0.450006       -0.396296        0.303792
     H    7       -0.121875        0.303792        0.280674

     C    8        0.020604       -0.275101        0.030356
     C    8       -0.275101       -0.231757        0.379031
     C    8        0.030356        0.379031        0.211153

     H    9       -0.334353        0.543259       -0.050943
     H    9        0.543259       -0.033160       -0.041233
     H    9       -0.050943       -0.041233        0.367513

     C   10       -0.526107       -0.277650       -0.272450
     C   10       -0.277650        0.189962        0.074927
     C   10       -0.272450        0.074927        0.336145

     C   11        0.036930       -0.078406       -0.186140
     C   11       -0.078406       -0.021451        0.577506
     C   11       -0.186140        0.577506       -0.015479

     Cl  12       -0.267576       -0.221407       -0.016406
     Cl  12       -0.221407        0.180155       -0.082425
     Cl  12       -0.016406       -0.082425        0.087421

     H   13        0.389565        0.150188        0.059949
     H   13        0.150188       -0.595724       -0.510479
     H   13        0.059949       -0.510479        0.206159

     C   14       -0.107607       -0.200715       -0.348897
     C   14       -0.200715        0.044826       -0.500206
     C   14       -0.348897       -0.500206        0.062780

     H   15       -0.137364       -0.104587       -0.372002
     H   15       -0.104587        0.085491       -0.480197
     H   15       -0.372002       -0.480197        0.051872

     C   16       -0.548438        0.309499       -0.120952
     C   16        0.309499        0.166548       -0.240416
     C   16       -0.120952       -0.240416        0.381890

     C   17        0.008252       -0.155783       -0.296719
     C   17       -0.155783       -0.003819       -0.623016
     C   17       -0.296719       -0.623016       -0.004433

     Cl  18       -0.260166        0.192415       -0.010674
     Cl  18        0.192415        0.153733       -0.008132
     Cl  18       -0.010674       -0.008132        0.106433

     H   19        0.385130       -0.019097       -0.101384
     H   19       -0.019097       -0.585914        0.669567
     H   19       -0.101384        0.669567        0.200783

     C   20       -0.963427       -0.397338       -0.463028
     C   20       -0.397338        0.464920       -0.012351
     C   20       -0.463028       -0.012351        0.498507

     H   21       -0.451487       -0.027119       -0.357854
     H   21       -0.027119        0.171090        0.380257
     H   21       -0.357854        0.380257        0.280397

     C   22        0.109202       -0.289397       -0.033636
     C   22       -0.289397       -0.431765        0.467637
     C   22       -0.033636        0.467637        0.322563

     C   23       -0.781950       -0.425803       -0.352513
     C   23       -0.425803        0.322252        0.010068
     C   23       -0.352513        0.010068        0.459698

     Cl  24        0.007882       -0.047749        0.043445
     Cl  24       -0.047749       -0.005342       -0.053211
     Cl  24        0.043445       -0.053211       -0.002541

     ----- ionic term -----
     Cl   1        0.194848       -0.233661       -0.021140
     Cl   1       -0.233661       -0.058774        0.013213
     Cl   1       -0.021140        0.013213       -0.136074

     C    2        0.214135       -0.278729        0.223697
     C    2       -0.278729       -0.022143        0.411651
     C    2        0.223697        0.411651       -0.191992

     C    3        0.127355       -0.341782        0.157843
     C    3       -0.341782        0.125911        0.404181
     C    3        0.157843        0.404181       -0.253266

     H    4        0.546572        0.278984        0.694554
     H    4        0.278984       -0.417551        0.269050
     H    4        0.694554        0.269050       -0.129021

     C    5        0.223987       -0.259292        0.316291
     C    5       -0.259292       -0.014034        0.311694
     C    5        0.316291        0.311694       -0.209952

     H    6       -0.531382        0.065690        0.078711
     H    6        0.065690        0.494432        0.783928
     H    6        0.078711        0.783928        0.036950

     H    7       -0.461439       -0.259906        0.147561
     H    7       -0.259906        0.607576       -0.680065
     H    7        0.147561       -0.680065       -0.146137

     C    8        0.337853        0.149510        0.173545
     C    8        0.149510        0.078550       -0.308156
     C    8        0.173545       -0.308156       -0.416403

     H    9        0.803117       -0.346402        0.491809
     H    9       -0.346402       -0.424481       -0.197242
     H    9        0.491809       -0.197242       -0.378636

     C   10        0.233941        0.190739        0.121258
     C   10        0.190739        0.213817       -0.367802
     C   10        0.121258       -0.367802       -0.447759

     C   11        0.297698        0.095752        0.296294
     C   11        0.095752        0.146116       -0.350753
     C   11        0.296294       -0.350753       -0.443814

     Cl  12        0.099964        0.202861        0.006112
     Cl  12        0.202861        0.066778        0.005487
     Cl  12        0.006112        0.005487       -0.166741

     H   13       -0.527781        0.022747        0.024615
     H   13        0.022747        0.438562        0.791524
     H   13        0.024615        0.791524        0.089219

     C   14        0.205836       -0.258254        0.290732
     C   14       -0.258254       -0.003320        0.297930
     C   14        0.290732        0.297930       -0.202516

     H   15        0.454644        0.172406        0.770476
     H   15        0.172406       -0.493566        0.214749
     H   15        0.770476        0.214749        0.038922

     C   16        0.094188       -0.329741        0.210147
     C   16       -0.329741        0.092182        0.377370
     C   16        0.210147        0.377370       -0.186370

     C   17        0.125517       -0.236047        0.339959
     C   17       -0.236047        0.015271        0.365793
     C   17        0.339959        0.365793       -0.140788

     Cl  18        0.109021       -0.186759        0.044564
     Cl  18       -0.186759        0.034140       -0.018988
     Cl  18        0.044564       -0.018988       -0.143161

     H   19       -0.489504       -0.181046        0.129302
     H   19       -0.181046        0.601690       -0.728028
     H   19        0.129302       -0.728028       -0.112186

     C   20        0.416635        0.151000        0.277764
     C   20        0.151000        0.016710       -0.316292
     C   20        0.277764       -0.316292       -0.433345

     H   21        0.638418       -0.321038        0.648012
     H   21       -0.321038       -0.396566       -0.244298
     H   21        0.648012       -0.244298       -0.241852

     C   22        0.200701        0.262654        0.157527
     C   22        0.262654        0.193081       -0.383361
     C   22        0.157527       -0.383361       -0.393783

     C   23        0.230624        0.194205        0.168749
     C   23        0.194205        0.164917       -0.368051
     C   23        0.168749       -0.368051       -0.395541

     Cl  24        0.146877        0.227768        0.004047
     Cl  24        0.227768        0.011306       -0.007140
     Cl  24        0.004047       -0.007140       -0.158184

     ----- GIPAW term -----
     Cl   1        0.743011       -3.105577        0.221298
     Cl   1       -3.105577        1.200169       -1.118057
     Cl   1        0.221298       -1.118057       -1.943180

     C    2       -0.067157       -0.008086       -0.000754
     C    2       -0.008086        0.082170       -0.062500
     C    2       -0.000754       -0.062500       -0.015014

     C    3        0.011520       -0.000945        0.001532
     C    3       -0.000945        0.031871       -0.002313
     C    3        0.001532       -0.002313       -0.043392

     H    4       -0.000000        0.000000        0.000000
     H    4        0.000000        0.000000        0.000000
     H    4        0.000000        0.000000        0.000000

     C    5       -0.035195       -0.009439        0.022592
     C    5       -0.009439        0.041996       -0.003686
     C    5        0.022592       -0.003686       -0.006801

     H    6       -0.000000        0.000000        0.000000
     H    6        0.000000        0.000000        0.000000
     H    6        0.000000        0.000000        0.000000

     H    7       -0.000000        0.000000        0.000000
     H    7        0.000000        0.000000        0.000000
     H    7        0.000000        0.000000        0.000000

     C    8       -0.033842       -0.140010        0.055557
     C    8       -0.140010        0.122894       -0.006954
     C    8        0.055557       -0.006954       -0.089052

     H    9       -0.000000        0.000000        0.000000
     H    9        0.000000        0.000000        0.000000
     H    9        0.000000        0.000000        0.000000

     C   10       -0.100796       -0.119910       -0.050367
     C   10       -0.119910        0.162955        0.001902
     C   10       -0.050367        0.001902       -0.062159

     C   11       -0.051911       -0.007836       -0.001958
     C   11       -0.007836        0.255720       -0.013069
     C   11       -0.001958       -0.013069       -0.203810

     Cl  12       -0.390176        1.274256       -0.160331
     Cl  12        1.274256        1.887217       -0.883650
     Cl  12       -0.160331       -0.883650       -1.497040

     H   13       -0.000000        0.000000        0.000000
     H   13        0.000000        0.000000        0.000000
     H   13        0.000000        0.000000        0.000000

     C   14       -0.077532       -0.123131       -0.030706
     C   14       -0.123131        0.217474       -0.118043
     C   14       -0.030706       -0.118043       -0.139942

     H   15       -0.000000        0.000000        0.000000
     H   15        0.000000        0.000000        0.000000
     H   15        0.000000        0.000000        0.000000

     C   16       -0.117644       -0.147774        0.006652
     C   16       -0.147774        0.218958       -0.025954
     C   16        0.006652       -0.025954       -0.101314

     C   17       -0.049647       -0.072003       -0.033568
     C   17       -0.072003        0.130826       -0.160634
     C   17       -0.033568       -0.160634       -0.081179

     Cl  18       -0.069396       -1.865498       -0.141899
     Cl  18       -1.865498        1.590685        0.029258
     Cl  18       -0.141899        0.029258       -1.521289

     H   19       -0.000000        0.000000        0.000000
     H   19        0.000000        0.000000        0.000000
     H   19        0.000000        0.000000        0.000000

     C   20       -0.221948       -0.071730       -0.023499
     C   20       -0.071730        0.209995       -0.175828
     C   20       -0.023499       -0.175828        0.011954

     H   21       -0.000000        0.000000        0.000000
     H   21        0.000000        0.000000        0.000000
     H   21        0.000000        0.000000        0.000000

     C   22       -0.099809       -0.067853        0.050730
     C   22       -0.067853        0.085167       -0.169733
     C   22        0.050730       -0.169733        0.014642

     C   23       -0.149155       -0.065748        0.014388
     C   23       -0.065748        0.158118       -0.168533
     C   23        0.014388       -0.168533       -0.008963

     Cl  24       -0.080051        0.481573        0.714533
     Cl  24        0.481573        1.356018       -1.933461
     Cl  24        0.714533       -1.933461       -1.275966

     ----- total EFG -----
     Cl   1        0.924003       -3.464825        0.182948
     Cl   1       -3.464825        1.223625       -1.194118
     Cl   1        0.182948       -1.194118       -2.147627

     C    2       -0.273826        0.158127        0.058378
     C    2        0.158127        0.085426        0.251311
     C    2        0.058378        0.251311        0.188400

     C    3        0.453011       -0.286926        0.126709
     C    3       -0.286926        0.012454        0.231151
     C    3        0.126709        0.231151       -0.465465

     H    4        0.649581        0.330842        0.250580
     H    4        0.330842       -0.292697        0.533502
     H    4        0.250580        0.533502       -0.356885

     C    5       -0.134419       -0.039157        0.349250
     C    5       -0.039157        0.208208        0.384528
     C    5        0.349250        0.384528       -0.073789

     H    6       -0.027836        0.084731        0.076823
     H    6        0.084731        0.587171        0.668230
     H    6        0.076823        0.668230       -0.559335

     H    7       -0.345817        0.190100        0.025686
     H    7        0.190100        0.211280       -0.376273
     H    7        0.025686       -0.376273        0.134537

     C    8        0.324615       -0.265601        0.259458
     C    8       -0.265601       -0.030313        0.063921
     C    8        0.259458        0.063921       -0.294302

     H    9        0.468764        0.196857        0.440865
     H    9        0.196857       -0.457641       -0.238475
     H    9        0.440865       -0.238475       -0.011123

     C   10       -0.392961       -0.206820       -0.201559
     C   10       -0.206820        0.566734       -0.290974
     C   10       -0.201559       -0.290974       -0.173773

     C   11        0.282717        0.009510        0.108196
     C   11        0.009510        0.380386        0.213684
     C   11        0.108196        0.213684       -0.663103

     Cl  12       -0.557789        1.255709       -0.170625
     Cl  12        1.255709        2.134150       -0.960588
     Cl  12       -0.170625       -0.960588       -1.576361

     H   13       -0.138216        0.172935        0.084564
     H   13        0.172935       -0.157162        0.281044
     H   13        0.084564        0.281044        0.295378

     C   14        0.020698       -0.582100       -0.088872
     C   14       -0.582100        0.258980       -0.320319
     C   14       -0.088872       -0.320319       -0.279678

     H   15        0.317281        0.067818        0.398474
     H   15        0.067818       -0.408075       -0.265448
     H   15        0.398474       -0.265448        0.090794

     C   16       -0.571894       -0.168017        0.095847
     C   16       -0.168017        0.477689        0.111000
     C   16        0.095847        0.111000        0.094206

     C   17        0.084123       -0.463833        0.009672
     C   17       -0.463833        0.142277       -0.417857
     C   17        0.009672       -0.417857       -0.226400

     Cl  18       -0.220542       -1.859842       -0.108009
     Cl  18       -1.859842        1.778559        0.002138
     Cl  18       -0.108009        0.002138       -1.558017

     H   19       -0.104373       -0.200144        0.027918
     H   19       -0.200144        0.015776       -0.058461
     H   19        0.027918       -0.058461        0.088597

     C   20       -0.768740       -0.318068       -0.208763
     C   20       -0.318068        0.691624       -0.504471
     C   20       -0.208763       -0.504471        0.077115

     H   21        0.186930       -0.348157        0.290159
     H   21       -0.348157       -0.225476        0.135959
     H   21        0.290159        0.135959        0.038546

     C   22        0.210095       -0.094596        0.174621
     C   22       -0.094596       -0.153517       -0.085458
     C   22        0.174621       -0.085458       -0.056578

     C   23       -0.700481       -0.297346       -0.169376
     C   23       -0.297346        0.645287       -0.526516
     C   23       -0.169376       -0.526516        0.055194

     Cl  24        0.074709        0.661593        0.762024
     Cl  24        0.661593        1.361982       -1.993812
     Cl  24        0.762024       -1.993812       -1.436691

     ----- total EFG (symmetrized) -----
     Cl   1        0.924003       -3.464825        0.182948
     Cl   1       -3.464825        1.223625       -1.194118
     Cl   1        0.182948       -1.194118       -2.147627

     C    2       -0.273826        0.158127        0.058378
     C    2        0.158127        0.085426        0.251311
     C    2        0.058378        0.251311        0.188400

     C    3        0.453011       -0.286926        0.126709
     C    3       -0.286926        0.012454        0.231151
     C    3        0.126709        0.231151       -0.465465

     H    4        0.649581        0.330842        0.250580
     H    4        0.330842       -0.292697        0.533502
     H    4        0.250580        0.533502       -0.356885

     C    5       -0.134419       -0.039157        0.349250
     C    5       -0.039157        0.208208        0.384528
     C    5        0.349250        0.384528       -0.073789

     H    6       -0.027836        0.084731        0.076823
     H    6        0.084731        0.587171        0.668230
     H    6        0.076823        0.668230       -0.559335

     H    7       -0.345817        0.190100        0.025686
     H    7        0.190100        0.211280       -0.376273
     H    7        0.025686       -0.376273        0.134537

     C    8        0.324615       -0.265601        0.259458
     C    8       -0.265601       -0.030313        0.063921
     C    8        0.259458        0.063921       -0.294302

     H    9        0.468764        0.196857        0.440865
     H    9        0.196857       -0.457641       -0.238475
     H    9        0.440865       -0.238475       -0.011123

     C   10       -0.392961       -0.206820       -0.201559
     C   10       -0.206820        0.566734       -0.290974
     C   10       -0.201559       -0.290974       -0.173773

     C   11        0.282717        0.009510        0.108196
     C   11        0.009510        0.380386        0.213684
     C   11        0.108196        0.213684       -0.663103

     Cl  12       -0.557789        1.255709       -0.170625
     Cl  12        1.255709        2.134150       -0.960588
     Cl  12       -0.170625       -0.960588       -1.576361

     H   13       -0.138216        0.172935        0.084564
     H   13        0.172935       -0.157162        0.281044
     H   13        0.084564        0.281044        0.295378

     C   14        0.020698       -0.582100       -0.088872
     C   14       -0.582100        0.258980       -0.320319
     C   14       -0.088872       -0.320319       -0.279678

     H   15        0.317281        0.067818        0.398474
     H   15        0.067818       -0.408075       -0.265448
     H   15        0.398474       -0.265448        0.090794

     C   16       -0.571894       -0.168017        0.095847
     C   16       -0.168017        0.477689        0.111000
     C   16        0.095847        0.111000        0.094206

     C   17        0.084123       -0.463833        0.009672
     C   17       -0.463833        0.142277       -0.417857
     C   17        0.009672       -0.417857       -0.226400

     Cl  18       -0.220542       -1.859842       -0.108009
     Cl  18       -1.859842        1.778559        0.002138
     Cl  18       -0.108009        0.002138       -1.558017

     H   19       -0.104373       -0.200144        0.027918
     H   19       -0.200144        0.015776       -0.058461
     H   19        0.027918       -0.058461        0.088597

     C   20       -0.768740       -0.318068       -0.208763
     C   20       -0.318068        0.691624       -0.504471
     C   20       -0.208763       -0.504471        0.077115

     H   21        0.186930       -0.348157        0.290159
     H   21       -0.348157       -0.225476        0.135959
     H   21        0.290159        0.135959        0.038546

     C   22        0.210095       -0.094596        0.174621
     C   22       -0.094596       -0.153517       -0.085458
     C   22        0.174621       -0.085458       -0.056578

     C   23       -0.700481       -0.297346       -0.169376
     C   23       -0.297346        0.645287       -0.526516
     C   23       -0.169376       -0.526516        0.055194

     Cl  24        0.074709        0.661593        0.762024
     Cl  24        0.661593        1.361982       -1.993812
     Cl  24        0.762024       -1.993812       -1.436691


     NQR/NMR SPECTROSCOPIC PARAMETERS:
     Cl   1    Vxx=   -1.6546    axis=( -0.570768 -0.386533  0.724442)
     Cl   1    Vyy=   -3.0318    axis=(  0.468855  0.570880  0.673996)
     Cl   1    Vzz=    4.6864    axis=(  0.674091 -0.724354  0.144612)
     Cl   1  Q=        -8.1650 1e-30 m^2  Cq=       -89.9067 MHz  eta= 0.29386

     C    2    Vxx=   -0.0877    axis=(  0.347065  0.655911 -0.670318)
     C    2    Vyy=   -0.3365    axis=( -0.914628  0.394762 -0.087281)
     C    2    Vzz=    0.4242    axis=(  0.207368  0.643384  0.736923)
     C    2  Q=         1.0000 1e-30 m^2  Cq=         0.9968 MHz  eta= 0.58639

     C    3    Vxx=    0.0152    axis=(  0.379309  0.790851  0.480291)
     C    3    Vyy=    0.5946    axis=( -0.898765  0.438271 -0.011862)
     C    3    Vzz=   -0.6098    axis=( -0.219879 -0.427170  0.877029)
     C    3  Q=         1.0000 1e-30 m^2  Cq=        -1.4328 MHz  eta= 0.95009

     H    4    Vxx=   -0.0373    axis=(  0.513432 -0.605412 -0.608165)
     H    4    Vyy=   -0.8607    axis=(  0.032823 -0.694336  0.718902)
     H    4    Vzz=    0.8981    axis=( -0.857503 -0.389069 -0.336622)
     H    4  Q=         1.0000 1e-30 m^2  Cq=         2.1101 MHz  eta= 0.91683

     C    5    Vxx=    0.0458    axis=(  0.748591 -0.580021  0.321227)
     C    5    Vyy=    0.5278    axis=( -0.289127 -0.721559 -0.629093)
     C    5    Vzz=   -0.5736    axis=(  0.596671  0.378059 -0.707852)
     C    5  Q=         1.0000 1e-30 m^2  Cq=        -1.3476 MHz  eta= 0.84034

     H    6    Vxx=   -0.0391    axis=(  0.992396 -0.122596 -0.010927)
     H    6    Vyy=   -0.8679    axis=(  0.041258  0.414990 -0.908890)
     H    6    Vzz=    0.9071    axis=(  0.115961  0.901528  0.416892)
     H    6  Q=         1.0000 1e-30 m^2  Cq=         2.1313 MHz  eta= 0.91368

     H    7    Vxx=   -0.1193    axis=(  0.504223  0.506327  0.699566)
     H    7    Vyy=   -0.4492    axis=( -0.852424  0.421571  0.309276)
     H    7    Vzz=    0.5684    axis=( -0.138321 -0.752270  0.644171)
     H    7  Q=         1.0000 1e-30 m^2  Cq=         1.3356 MHz  eta= 0.58030

     C    8    Vxx=   -0.0665    axis=( -0.234034 -0.833526 -0.500462)
     C    8    Vyy=   -0.4516    axis=(  0.408065  0.383006 -0.828728)
     C    8    Vzz=    0.5181    axis=(  0.882446 -0.398172  0.250497)
     C    8  Q=         1.0000 1e-30 m^2  Cq=         1.2174 MHz  eta= 0.74326

     H    9    Vxx=   -0.0472    axis=(  0.379401  0.594090 -0.709304)
     H    9    Vyy=   -0.6856    axis=( -0.327097  0.803241  0.497806)
     H    9    Vzz=    0.7328    axis=( -0.865484 -0.043143 -0.499075)
     H    9  Q=         1.0000 1e-30 m^2  Cq=         1.7218 MHz  eta= 0.87118

     C   10    Vxx=   -0.0774    axis=(  0.603431 -0.159211 -0.781360)
     C   10    Vyy=   -0.6066    axis=(  0.787161  0.275570  0.551760)
     C   10    Vzz=    0.6840    axis=(  0.127473 -0.948005  0.291612)
     C   10  Q=         1.0000 1e-30 m^2  Cq=         1.6072 MHz  eta= 0.77370

     C   11    Vxx=    0.2869    axis=(  0.970910 -0.232229  0.058339)
     C   11    Vyy=    0.4291    axis=(  0.215697  0.954046  0.208017)
     C   11    Vzz=   -0.7161    axis=( -0.103966 -0.189382  0.976384)
     C   11  Q=         1.0000 1e-30 m^2  Cq=        -1.6825 MHz  eta= 0.19856

     Cl  12    Vxx=   -1.0070    axis=(  0.926007 -0.300171  0.228931)
     Cl  12    Vyy=   -1.8296    axis=( -0.145316  0.276269  0.950031)
     Cl  12    Vzz=    2.8366    axis=( -0.348418 -0.913002  0.212208)
     Cl  12  Q=        -8.1650 1e-30 m^2  Cq=       -54.4191 MHz  eta= 0.28999

     H   13    Vxx=   -0.1046    axis=( -0.819962 -0.372184  0.434903)
     H   13    Vyy=   -0.3641    axis=( -0.515704  0.810038 -0.279084)
     H   13    Vzz=    0.4687    axis=(  0.248417  0.453120  0.856138)
     H   13  Q=         1.0000 1e-30 m^2  Cq=         1.1012 MHz  eta= 0.55374

     C   14    Vxx=   -0.1097    axis=(  0.583090  0.248681 -0.773410)
     C   14    Vyy=   -0.6615    axis=(  0.561063  0.565239  0.604743)
     C   14    Vzz=    0.7712    axis=( -0.587549  0.786551 -0.190060)
     C   14  Q=         1.0000 1e-30 m^2  Cq=         1.8120 MHz  eta= 0.71556

     H   15    Vxx=   -0.0431    axis=( -0.570976 -0.549590  0.609867)
     H   15    Vyy=   -0.5869    axis=(  0.276838 -0.828247 -0.487203)
     H   15    Vzz=    0.6299    axis=(  0.772883 -0.109347  0.625056)
     H   15  Q=         1.0000 1e-30 m^2  Cq=         1.4801 MHz  eta= 0.86330

     C   16    Vxx=    0.0906    axis=(  0.188534 -0.194210  0.962672)
     C   16    Vyy=    0.5254    axis=(  0.128812 -0.966892 -0.220289)
     C   16    Vzz=   -0.6159    axis=( -0.973582 -0.165536  0.157275)
     C   16  Q=         1.0000 1e-30 m^2  Cq=        -1.4472 MHz  eta= 0.70587

     C   17    Vxx=   -0.0830    axis=( -0.711730 -0.242697  0.659195)
     C   17    Vyy=   -0.6096    axis=(  0.406891  0.622519  0.668513)
     C   17    Vzz=    0.6926    axis=(  0.572608 -0.744021  0.344315)
     C   17  Q=         1.0000 1e-30 m^2  Cq=         1.6274 MHz  eta= 0.76033

     Cl  18    Vxx=   -1.3000    axis=( -0.806773 -0.487627  0.333672)
     Cl  18    Vyy=   -1.5912    axis=(  0.292601  0.160896  0.942601)
     Cl  18    Vzz=    2.8912    axis=(  0.513324 -0.858098 -0.012874)
     Cl  18  Q=        -8.1650 1e-30 m^2  Cq=       -55.4656 MHz  eta= 0.10072

     H   19    Vxx=    0.0529    axis=( -0.323418  0.375368  0.868619)
     H   19    Vyy=    0.2008    axis=( -0.507967  0.705604 -0.494057)
     H   19    Vzz=   -0.2537    axis=( -0.798355 -0.601017 -0.037531)
     H   19  Q=         1.0000 1e-30 m^2  Cq=        -0.5962 MHz  eta= 0.58272

     C   20    Vxx=   -0.0532    axis=( -0.411786  0.383914  0.826464)
     C   20    Vyy=   -0.9402    axis=(  0.905282  0.276225  0.322743)
     C   20    Vzz=    0.9934    axis=( -0.104385  0.881084 -0.461296)
     C   20  Q=         1.0000 1e-30 m^2  Cq=         2.3342 MHz  eta= 0.89288

     H   21    Vxx=    0.0694    axis=( -0.192508  0.589091  0.784801)
     H   21    Vyy=    0.4790    axis=( -0.832729  0.325030 -0.448239)
     H   21    Vzz=   -0.5484    axis=( -0.519137 -0.739816  0.427982)
     H   21  Q=         1.0000 1e-30 m^2  Cq=        -1.2886 MHz  eta= 0.74682

     C   22    Vxx=   -0.1244    axis=( -0.509372 -0.466981  0.722820)
     C   22    Vyy=   -0.2035    axis=( -0.028815  0.848740  0.528025)
     C   22    Vzz=    0.3279    axis=( -0.860064  0.248133 -0.445781)
     C   22  Q=         1.0000 1e-30 m^2  Cq=         0.7704 MHz  eta= 0.24108

     C   23    Vxx=   -0.1109    axis=( -0.432017  0.394741  0.810889)
     C   23    Vyy=   -0.8612    axis=(  0.895599  0.293590  0.334228)
     C   23    Vzz=    0.9720    axis=( -0.106136  0.870623 -0.480365)
     C   23  Q=         1.0000 1e-30 m^2  Cq=         2.2839 MHz  eta= 0.77187

     Cl  24    Vxx=    0.3842    axis=(  0.940052  0.051393  0.337135)
     Cl  24    Vyy=    2.4243    axis=(  0.108717  0.891840 -0.439092)
     Cl  24    Vzz=   -2.8084    axis=( -0.323237  0.449422  0.832789)
     Cl  24  Q=        -8.1650 1e-30 m^2  Cq=        53.8785 MHz  eta= 0.72642

     Initialization:
     gipaw_setup  :      8.90s CPU     11.01s WALL (       1 calls)

     Linear response

     Apply operators

     Induced current

     Other routines
     efg          :      9.18s CPU     11.94s WALL (       1 calls)

     General routines
     calbec       :      3.26s CPU      4.41s WALL (      16 calls)
     fft          :      1.45s CPU      2.05s WALL (      15 calls)
     ffts         :      0.03s CPU      0.04s WALL (       2 calls)
     fftw         :      3.15s CPU      3.95s WALL (     672 calls)
     davcio       :      0.02s CPU      0.31s WALL (      32 calls)

     Parallel routines
     fft_scatter  :      1.99s CPU      3.19s WALL (     689 calls)

     Plugins

     GIPAW        :     60.67s CPU     76.83s WALL (       1 calls)
