
     Program QE v.6.0 (svn rev. 13079) starts on 12Jan2017 at 12:53:40 

     This program is part of the open-source Quantum ESPRESSO suite
     for quantum simulation of materials; please cite
         "P. Giannozzi et al., J. Phys.:Condens. Matter 21 395502 (2009);
          URL http://www.quantum-espresso.org", 
     in publications or presentations arising from this work. More details at
     http://www.quantum-espresso.org/quote

     Parallel version (MPI), running on     8 processors
     R & G space division:  proc/nbgrp/npool/nimage =       8

     ***** This is GIPAW svn revision unknown      *****

     Parallelizing q-star over 1 images

     Reading data from directory:
     /users/majewski/paradichlorobenzene/pbe/9_constraint/scratch/pbe.ecut100.np8.dt60.pcl2phi-129368.save
     Message from routine read_xml_file:
     file /users/majewski/paradichlorobenzene/pbe/9_constraint/scratch/pbe.ecut100.np8.dt60.pcl2phi-129368.save not guaranteed to be safe for post-processing

   Info: using nr1, nr2, nr3 values from input

   Info: using nr1, nr2, nr3 values from input

     IMPORTANT: XC functional enforced from input :
     Exchange-correlation      =  SLA  PW   PBX  PBC ( 1  4  3  4 0 0)
     Any further DFT definition will be discarded
     Please, verify this is what you really want

               file C.pbe-n-kjpaw_psl.1.0.0.UPF: wavefunction(s)  2S 2P renormalized
               file Cl.pbe-n-kjpaw_psl.1.0.0.UPF: wavefunction(s)  3S 3P renormalized
               file H.pbe-kjpaw_psl.1.0.0.UPF: wavefunction(s)  1S renormalized

     Parallelization info
     --------------------
     sticks:   dense  smooth     PW     G-vecs:    dense   smooth      PW
     Min        3057    1223    332               144436    36536    5170
     Max        3059    1225    333               144437    36537    5171
     Sum       24467    9791   2657              1155489   292295   41363


     Subspace diagonalization in iterative solution of the eigenvalue problem:
     a serial algorithm will be used

     GIPAW projectors -----------------------------------------------
     atom=  C    l=0  rc=    1.2000  rs=    0.8000
     atom=  C    l=0  rc=    1.2000  rs=    0.8000
     atom=  C    l=1  rc=    1.4000  rs=    0.9333
     atom=  C    l=1  rc=    1.4000  rs=    0.9333
     projs nearly linearly dependent: l=1  n1,n2= 1, 2  s=  0.99951561

     atom=  Cl   l=0  rc=    1.6000  rs=    1.0667
     atom=  Cl   l=0  rc=    1.6000  rs=    1.0667
     atom=  Cl   l=1  rc=    1.6000  rs=    1.0667
     atom=  Cl   l=1  rc=    1.6000  rs=    1.0667
     atom=  Cl   l=2  rc=    1.6000  rs=    1.0667
     atom=  Cl   l=2  rc=    1.6000  rs=    1.0667
     projs nearly linearly dependent: l=2  n1,n2= 1, 2  s=  0.99993509

     atom=  H    l=0  rc=    1.0000  rs=    0.6667
     atom=  H    l=0  rc=    1.0000  rs=    0.6667
     projs nearly linearly dependent: l=0  n1,n2= 1, 2  s=  0.99968852
     -----------------------------------------------------------------

     GIPAW integrals: -------------------------------------------
     Atom  i/j   nmr_para   nmr_dia   epr_rmc  epr_para   epr_dia
       C   1 1   0.83E+03  0.17E-01  0.93E+01  0.24E+08  0.24E+03
       C   2 1   0.86E+03 -0.61E-01  0.94E+01  0.25E+08  0.25E+03
       C   2 2   0.90E+03 -0.15E+00  0.97E+01  0.26E+08  0.26E+03
       C   3 3   0.33E+01  0.34E+00  0.18E+01  0.55E+03  0.21E+02
       C   4 3   0.35E+01  0.37E+00  0.20E+01  0.59E+03  0.22E+02
       C   4 4   0.38E+01  0.39E+00  0.22E+01  0.63E+03  0.24E+02
       Cl  1 1   0.14E+04 -0.47E+00  0.84E+01  0.32E+09  0.42E+03
       Cl  2 1   0.21E+04 -0.37E+00  0.12E+02  0.49E+09  0.65E+03
       Cl  2 2   0.33E+04 -0.16E+00  0.21E+02  0.76E+09  0.10E+04
       Cl  3 3   0.21E+02  0.79E-01  0.89E+01  0.23E+05  0.13E+03
       Cl  4 3   0.24E+02  0.67E-01  0.99E+01  0.27E+05  0.15E+03
       Cl  4 4   0.28E+02  0.44E-01  0.11E+02  0.32E+05  0.18E+03
       Cl  5 5   0.77E+00  0.19E+00  0.18E+01  0.12E+03  0.22E+02
       Cl  6 5   0.80E+00  0.19E+00  0.19E+01  0.12E+03  0.23E+02
       Cl  6 6   0.83E+00  0.20E+00  0.19E+01  0.12E+03  0.23E+02
       H   1 1   0.39E+02  0.19E+00  0.29E+00  0.78E+05  0.13E+02
       H   2 1   0.41E+02  0.21E+00  0.32E+00  0.82E+05  0.14E+02
       H   2 2   0.43E+02  0.22E+00  0.36E+00  0.86E+05  0.15E+02
     ------------------------------------------------------------

     alpha_pv=     34.8651 eV

     Number of occupied bands for each k-point:
     k-point:     1    nbnd_occ=  42
     k-point:     2    nbnd_occ=  42
     k-point:     3    nbnd_occ=  42
     k-point:     4    nbnd_occ=  42
     k-point:     5    nbnd_occ=  42
     k-point:     6    nbnd_occ=  42
     k-point:     7    nbnd_occ=  42
     k-point:     8    nbnd_occ=  42
     k-point:     9    nbnd_occ=  42
     k-point:    10    nbnd_occ=  42
     k-point:    11    nbnd_occ=  42
     k-point:    12    nbnd_occ=  42
     k-point:    13    nbnd_occ=  42
     k-point:    14    nbnd_occ=  42
     k-point:    15    nbnd_occ=  42
     k-point:    16    nbnd_occ=  42


     q-space interpolation up to   110.00 Rydberg

     GIPAW job: efg                                                                             


     ELECTRIC FIELD GRADIENTS TENSORS IN Hartree/bohrradius^2:

     ----- bare term -----
     Cl   1       -0.019852        0.033002       -0.082071
     Cl   1        0.033002        0.035932        0.039055
     Cl   1       -0.082071        0.039055       -0.016080

     C    2       -0.187632        0.325839       -0.134450
     C    2        0.325839       -0.244288       -0.327478
     C    2       -0.134450       -0.327478        0.431920

     C    3       -0.019637        0.391097       -0.182860
     C    3        0.391097       -0.210944       -0.221827
     C    3       -0.182860       -0.221827        0.230582

     H    4        0.079040       -0.120872       -0.284772
     H    4       -0.120872        0.489900        0.029226
     H    4       -0.284772        0.029226       -0.568940

     C    5       -0.349915        0.255681       -0.498945
     C    5        0.255681        0.288832       -0.189461
     C    5       -0.498945       -0.189461        0.061083

     H    6       -0.199269        0.111391        0.142988
     H    6        0.111391       -0.058416       -0.488348
     H    6        0.142988       -0.488348        0.257685

     H    7        0.406883        0.200970       -0.091185
     H    7        0.200970       -0.576235        0.527419
     H    7       -0.091185        0.527419        0.169352

     C    8       -0.158896       -0.230763       -0.200401
     C    8       -0.230763       -0.083427        0.421053
     C    8       -0.200401        0.421053        0.242323

     H    9       -0.232616        0.526608       -0.062739
     H    9        0.526608       -0.136005       -0.109205
     H    9       -0.062739       -0.109205        0.368621

     C   10       -0.448624       -0.290152       -0.160918
     C   10       -0.290152        0.113761        0.283229
     C   10       -0.160918        0.283229        0.334863

     C   11       -0.046139        0.000210       -0.200161
     C   11        0.000210        0.014091        0.593252
     C   11       -0.200161        0.593252        0.032048

     Cl  12        0.259295       -0.064594        0.176729
     Cl  12       -0.064594        0.090440       -0.521266
     Cl  12        0.176729       -0.521266       -0.349734

     H   13        0.289157        0.095761       -0.116173
     H   13        0.095761       -0.567464        0.137931
     H   13       -0.116173        0.137931        0.278307

     C   14       -0.047709       -0.213204       -0.326896
     C   14       -0.213204       -0.136531       -0.227392
     C   14       -0.326896       -0.227392        0.184240

     H   15        0.023599       -0.203461       -0.301647
     H   15       -0.203461       -0.356041       -0.343403
     H   15       -0.301647       -0.343403        0.332442

     C   16       -0.654704        0.304858       -0.140297
     C   16        0.304858        0.176713       -0.125451
     C   16       -0.140297       -0.125451        0.477991

     C   17        0.116748        0.142748       -0.096070
     C   17        0.142748       -0.232235       -0.507885
     C   17       -0.096070       -0.507885        0.115487

     Cl  18        0.292507        0.251655       -0.066454
     Cl  18        0.251655        0.115194       -0.558256
     Cl  18       -0.066454       -0.558256       -0.407701

     H   19        0.450229       -0.061969       -0.190047
     H   19       -0.061969       -0.392236        0.454638
     H   19       -0.190047        0.454638       -0.057993

     C   20       -0.823191       -0.343230       -0.269238
     C   20       -0.343230        0.463025        0.163571
     C   20       -0.269238        0.163571        0.360166

     H   21       -0.554885        0.087852        0.167272
     H   21        0.087852        0.379411        0.257178
     H   21        0.167272        0.257178        0.175474

     C   22        0.043846       -0.113514       -0.136059
     C   22       -0.113514       -0.518853        0.374477
     C   22       -0.136059        0.374477        0.475006

     C   23       -0.780606       -0.277718       -0.277149
     C   23       -0.277718        0.196227        0.049223
     C   23       -0.277149        0.049223        0.584380

     Cl  24        0.163227       -0.047612        0.131581
     Cl  24       -0.047612        0.186683        0.131515
     Cl  24        0.131581        0.131515       -0.349910

     ----- ionic term -----
     Cl   1        0.238923       -0.230366        0.052649
     Cl   1       -0.230366       -0.085745       -0.016749
     Cl   1        0.052649       -0.016749       -0.153177

     C    2        0.290144       -0.214544        0.280815
     C    2       -0.214544        0.040517        0.360674
     C    2        0.280815        0.360674       -0.330661

     C    3        0.204817       -0.339645        0.254353
     C    3       -0.339645        0.103842        0.272068
     C    3        0.254353        0.272068       -0.308659

     H    4        0.467571        0.263041        0.713672
     H    4        0.263041       -0.395401        0.267599
     H    4        0.713672        0.267599       -0.072171

     C    5        0.180731       -0.217008        0.381016
     C    5       -0.217008        0.051971        0.269258
     C    5        0.381016        0.269258       -0.232701

     H    6       -0.541490       -0.118864       -0.043100
     H    6       -0.118864        0.786831        0.607175
     H    6       -0.043100        0.607175       -0.245341

     H    7       -0.507057       -0.111994        0.068400
     H    7       -0.111994        0.635967       -0.753591
     H    7        0.068400       -0.753591       -0.128910

     C    8        0.441781        0.099864        0.101477
     C    8        0.099864       -0.041880       -0.355432
     C    8        0.101477       -0.355432       -0.399901

     H    9        0.658925       -0.439081        0.549415
     H    9       -0.439081       -0.414040       -0.271691
     H    9        0.549415       -0.271691       -0.244886

     C   10        0.215891        0.143096        0.053200
     C   10        0.143096        0.081148       -0.454266
     C   10        0.053200       -0.454266       -0.297038

     C   11        0.288808        0.113342        0.091774
     C   11        0.113342        0.019971       -0.441115
     C   11        0.091774       -0.441115       -0.308779

     Cl  12        0.109634        0.179635       -0.069528
     Cl  12        0.179635        0.005295       -0.040869
     Cl  12       -0.069528       -0.040869       -0.114929

     H   13       -0.507880       -0.058815       -0.013061
     H   13       -0.058815        0.909333        0.504557
     H   13       -0.013061        0.504557       -0.401453

     C   14        0.248818       -0.160957        0.357891
     C   14       -0.160957        0.121461        0.231159
     C   14        0.357891        0.231159       -0.370280

     H   15        0.429334        0.362257        0.698709
     H   15        0.362257       -0.296781        0.331714
     H   15        0.698709        0.331714       -0.132553

     C   16        0.119212       -0.277550        0.281603
     C   16       -0.277550        0.258391        0.289180
     C   16        0.281603        0.289180       -0.377603

     C   17        0.069745       -0.219590        0.464834
     C   17       -0.219590        0.170682        0.287109
     C   17        0.464834        0.287109       -0.240428

     Cl  18        0.146966       -0.204944        0.147167
     Cl  18       -0.204944       -0.009426       -0.083493
     Cl  18        0.147167       -0.083493       -0.137540

     H   19       -0.500775       -0.136305        0.074048
     H   19       -0.136305        0.631833       -0.750133
     H   19        0.074048       -0.750133       -0.131058

     C   20        0.419890        0.151387        0.054434
     C   20        0.151387       -0.060010       -0.379881
     C   20        0.054434       -0.379881       -0.359881

     H   21        0.838821       -0.386637        0.383899
     H   21       -0.386637       -0.406831       -0.201790
     H   21        0.383899       -0.201790       -0.431990

     C   22        0.278693        0.192661       -0.040153
     C   22        0.192661        0.068260       -0.460351
     C   22       -0.040153       -0.460351       -0.346953

     C   23        0.330495        0.095411        0.112236
     C   23        0.095411        0.031328       -0.425290
     C   23        0.112236       -0.425290       -0.361823

     Cl  24        0.142944        0.221814       -0.047200
     Cl  24        0.221814       -0.010657       -0.026475
     Cl  24       -0.047200       -0.026475       -0.132288

     ----- GIPAW term -----
     Cl   1       -0.330105       -1.273727        1.061341
     Cl   1       -1.273727       -1.336130        0.272573
     Cl   1        1.061341        0.272573        1.666234

     C    2       -0.083506       -0.027229        0.014129
     C    2       -0.027229       -0.043074       -0.149858
     C    2        0.014129       -0.149858        0.126580

     C    3        0.016445        0.079786       -0.141548
     C    3        0.079786       -0.087231       -0.062196
     C    3       -0.141548       -0.062196        0.070786

     H    4       -0.000000        0.000000        0.000000
     H    4        0.000000        0.000000        0.000000
     H    4        0.000000        0.000000        0.000000

     C    5        0.078418        0.187706       -0.088668
     C    5        0.187706        0.045614       -0.028778
     C    5       -0.088668       -0.028778       -0.124032

     H    6       -0.000000        0.000000        0.000000
     H    6        0.000000        0.000000        0.000000
     H    6        0.000000        0.000000        0.000000

     H    7       -0.000000        0.000000        0.000000
     H    7        0.000000        0.000000        0.000000
     H    7        0.000000        0.000000        0.000000

     C    8       -0.079732       -0.094971       -0.002006
     C    8       -0.094971        0.142941        0.017187
     C    8       -0.002006        0.017187       -0.063210

     H    9       -0.000000        0.000000        0.000000
     H    9        0.000000        0.000000        0.000000
     H    9        0.000000        0.000000        0.000000

     C   10       -0.147132       -0.090832       -0.065382
     C   10       -0.090832        0.153860        0.145081
     C   10       -0.065382        0.145081       -0.006729

     C   11       -0.047604       -0.000915       -0.061346
     C   11       -0.000915        0.104111        0.185861
     C   11       -0.061346        0.185861       -0.056506

     Cl  12        0.230619        0.158000       -0.268498
     Cl  12        0.158000       -0.175239       -0.062671
     Cl  12       -0.268498       -0.062671       -0.055380

     H   13       -0.000000        0.000000        0.000000
     H   13        0.000000        0.000000        0.000000
     H   13        0.000000        0.000000        0.000000

     C   14       -0.008176       -0.061972        0.004750
     C   14       -0.061972        0.020265       -0.075318
     C   14        0.004750       -0.075318       -0.012089

     H   15       -0.000000        0.000000        0.000000
     H   15        0.000000        0.000000        0.000000
     H   15        0.000000        0.000000        0.000000

     C   16       -0.133238       -0.081943       -0.004688
     C   16       -0.081943        0.189038       -0.001778
     C   16       -0.004688       -0.001778       -0.055801

     C   17       -0.051845        0.030869        0.045057
     C   17        0.030869        0.166125        0.125691
     C   17        0.045057        0.125691       -0.114280

     Cl  18        0.408452        0.071300        0.177148
     Cl  18        0.071300        0.008779       -0.610725
     Cl  18        0.177148       -0.610725       -0.417232

     H   19       -0.000000        0.000000        0.000000
     H   19        0.000000        0.000000        0.000000
     H   19        0.000000        0.000000        0.000000

     C   20       -0.217059        0.027147       -0.009498
     C   20        0.027147        0.302199        0.031287
     C   20       -0.009498        0.031287       -0.085140

     H   21       -0.000000        0.000000        0.000000
     H   21        0.000000        0.000000        0.000000
     H   21        0.000000        0.000000        0.000000

     C   22       -0.110947        0.029942       -0.039145
     C   22        0.029942       -0.055662       -0.174285
     C   22       -0.039145       -0.174285        0.166610

     C   23       -0.177049        0.025557       -0.023934
     C   23        0.025557        0.000785       -0.162664
     C   23       -0.023934       -0.162664        0.176265

     Cl  24       -0.298221        1.031720       -0.228630
     Cl  24        1.031720       -0.788374       -0.405643
     Cl  24       -0.228630       -0.405643        1.086594

     ----- total EFG -----
     Cl   1       -0.111034       -1.471091        1.031919
     Cl   1       -1.471091       -1.385943        0.294878
     Cl   1        1.031919        0.294878        1.496977

     C    2        0.019007        0.084066        0.160494
     C    2        0.084066       -0.246845       -0.116662
     C    2        0.160494       -0.116662        0.227838

     C    3        0.201625        0.131239       -0.070055
     C    3        0.131239       -0.194334       -0.011954
     C    3       -0.070055       -0.011954       -0.007291

     H    4        0.546612        0.142169        0.428900
     H    4        0.142169        0.094500        0.296825
     H    4        0.428900        0.296825       -0.641111

     C    5       -0.090766        0.226379       -0.206596
     C    5        0.226379        0.386416        0.051019
     C    5       -0.206596        0.051019       -0.295650

     H    6       -0.740759       -0.007473        0.099889
     H    6       -0.007473        0.728415        0.118827
     H    6        0.099889        0.118827        0.012344

     H    7       -0.100174        0.088975       -0.022785
     H    7        0.088975        0.059732       -0.226172
     H    7       -0.022785       -0.226172        0.040442

     C    8        0.203154       -0.225871       -0.100930
     C    8       -0.225871        0.017634        0.082808
     C    8       -0.100930        0.082808       -0.220788

     H    9        0.426309        0.087527        0.486676
     H    9        0.087527       -0.550045       -0.380896
     H    9        0.486676       -0.380896        0.123735

     C   10       -0.379864       -0.237889       -0.173101
     C   10       -0.237889        0.348769       -0.025956
     C   10       -0.173101       -0.025956        0.031096

     C   11        0.195065        0.112637       -0.169734
     C   11        0.112637        0.138173        0.337998
     C   11       -0.169734        0.337998       -0.333237

     Cl  12        0.599547        0.273041       -0.161297
     Cl  12        0.273041       -0.079504       -0.624807
     Cl  12       -0.161297       -0.624807       -0.520043

     H   13       -0.218723        0.036946       -0.129234
     H   13        0.036946        0.341869        0.642488
     H   13       -0.129234        0.642488       -0.123146

     C   14        0.192933       -0.436134        0.035744
     C   14       -0.436134        0.005195       -0.071551
     C   14        0.035744       -0.071551       -0.198128

     H   15        0.452933        0.158795        0.397062
     H   15        0.158795       -0.652822       -0.011689
     H   15        0.397062       -0.011689        0.199889

     C   16       -0.668730       -0.054635        0.136619
     C   16       -0.054635        0.624143        0.161950
     C   16        0.136619        0.161950        0.044587

     C   17        0.134648       -0.045973        0.413820
     C   17       -0.045973        0.104573       -0.095084
     C   17        0.413820       -0.095084       -0.239221

     Cl  18        0.847925        0.118012        0.257861
     Cl  18        0.118012        0.114548       -1.252474
     Cl  18        0.257861       -1.252474       -0.962473

     H   19       -0.050546       -0.198274       -0.115999
     H   19       -0.198274        0.239597       -0.295495
     H   19       -0.115999       -0.295495       -0.189051

     C   20       -0.620359       -0.164697       -0.224302
     C   20       -0.164697        0.705214       -0.185023
     C   20       -0.224302       -0.185023       -0.084855

     H   21        0.283936       -0.298786        0.551171
     H   21       -0.298786       -0.027420        0.055388
     H   21        0.551171        0.055388       -0.256515

     C   22        0.211592        0.109090       -0.215357
     C   22        0.109090       -0.506255       -0.260158
     C   22       -0.215357       -0.260158        0.294662

     C   23       -0.627161       -0.156750       -0.188847
     C   23       -0.156750        0.228339       -0.538731
     C   23       -0.188847       -0.538731        0.398822

     Cl  24        0.007950        1.205923       -0.144249
     Cl  24        1.205923       -0.612347       -0.300603
     Cl  24       -0.144249       -0.300603        0.604397

     ----- total EFG (symmetrized) -----
     Cl   1       -0.111034       -1.471091        1.031919
     Cl   1       -1.471091       -1.385943        0.294878
     Cl   1        1.031919        0.294878        1.496977

     C    2        0.019007        0.084066        0.160494
     C    2        0.084066       -0.246845       -0.116662
     C    2        0.160494       -0.116662        0.227838

     C    3        0.201625        0.131239       -0.070055
     C    3        0.131239       -0.194334       -0.011954
     C    3       -0.070055       -0.011954       -0.007291

     H    4        0.546612        0.142169        0.428900
     H    4        0.142169        0.094500        0.296825
     H    4        0.428900        0.296825       -0.641111

     C    5       -0.090766        0.226379       -0.206596
     C    5        0.226379        0.386416        0.051019
     C    5       -0.206596        0.051019       -0.295650

     H    6       -0.740759       -0.007473        0.099889
     H    6       -0.007473        0.728415        0.118827
     H    6        0.099889        0.118827        0.012344

     H    7       -0.100174        0.088975       -0.022785
     H    7        0.088975        0.059732       -0.226172
     H    7       -0.022785       -0.226172        0.040442

     C    8        0.203154       -0.225871       -0.100930
     C    8       -0.225871        0.017634        0.082808
     C    8       -0.100930        0.082808       -0.220788

     H    9        0.426309        0.087527        0.486676
     H    9        0.087527       -0.550045       -0.380896
     H    9        0.486676       -0.380896        0.123735

     C   10       -0.379864       -0.237889       -0.173101
     C   10       -0.237889        0.348769       -0.025956
     C   10       -0.173101       -0.025956        0.031096

     C   11        0.195065        0.112637       -0.169734
     C   11        0.112637        0.138173        0.337998
     C   11       -0.169734        0.337998       -0.333237

     Cl  12        0.599547        0.273041       -0.161297
     Cl  12        0.273041       -0.079504       -0.624807
     Cl  12       -0.161297       -0.624807       -0.520043

     H   13       -0.218723        0.036946       -0.129234
     H   13        0.036946        0.341869        0.642488
     H   13       -0.129234        0.642488       -0.123146

     C   14        0.192933       -0.436134        0.035744
     C   14       -0.436134        0.005195       -0.071551
     C   14        0.035744       -0.071551       -0.198128

     H   15        0.452933        0.158795        0.397062
     H   15        0.158795       -0.652822       -0.011689
     H   15        0.397062       -0.011689        0.199889

     C   16       -0.668730       -0.054635        0.136619
     C   16       -0.054635        0.624143        0.161950
     C   16        0.136619        0.161950        0.044587

     C   17        0.134648       -0.045973        0.413820
     C   17       -0.045973        0.104573       -0.095084
     C   17        0.413820       -0.095084       -0.239221

     Cl  18        0.847925        0.118012        0.257861
     Cl  18        0.118012        0.114548       -1.252474
     Cl  18        0.257861       -1.252474       -0.962473

     H   19       -0.050546       -0.198274       -0.115999
     H   19       -0.198274        0.239597       -0.295495
     H   19       -0.115999       -0.295495       -0.189051

     C   20       -0.620359       -0.164697       -0.224302
     C   20       -0.164697        0.705214       -0.185023
     C   20       -0.224302       -0.185023       -0.084855

     H   21        0.283936       -0.298786        0.551171
     H   21       -0.298786       -0.027420        0.055388
     H   21        0.551171        0.055388       -0.256515

     C   22        0.211592        0.109090       -0.215357
     C   22        0.109090       -0.506255       -0.260158
     C   22       -0.215357       -0.260158        0.294662

     C   23       -0.627161       -0.156750       -0.188847
     C   23       -0.156750        0.228339       -0.538731
     C   23       -0.188847       -0.538731        0.398822

     Cl  24        0.007950        1.205923       -0.144249
     Cl  24        1.205923       -0.612347       -0.300603
     Cl  24       -0.144249       -0.300603        0.604397


     NQR/NMR SPECTROSCOPIC PARAMETERS:
     Cl   1    Vxx=    0.4665    axis=(  0.648207 -0.591159 -0.479957)
     Cl   1    Vyy=    2.0558    axis=( -0.502382  0.141652 -0.852964)
     Cl   1    Vzz=   -2.5223    axis=(  0.572225  0.794018 -0.205168)
     Cl   1  Q=        -8.1650 1e-30 m^2  Cq=        48.3892 MHz  eta= 0.63009

     C    2    Vxx=   -0.0026    axis=(  0.823696  0.448998 -0.346304)
     C    2    Vyy=   -0.3197    axis=( -0.359198  0.885734  0.294027)
     C    2    Vzz=    0.3223    axis=(  0.438751 -0.117797  0.890854)
     C    2  Q=         1.0000 1e-30 m^2  Cq=         0.7573 MHz  eta= 0.98359

     C    3    Vxx=   -0.0256    axis=(  0.232807  0.112616  0.965980)
     C    3    Vyy=   -0.2342    axis=( -0.294037  0.954937 -0.040464)
     C    3    Vzz=    0.2598    axis=( -0.927008 -0.274613  0.255430)
     C    3  Q=         1.0000 1e-30 m^2  Cq=         0.6104 MHz  eta= 0.80317

     H    4    Vxx=    0.0767    axis=(  0.398953 -0.906743 -0.136580)
     H    4    Vyy=    0.7662    axis=(  0.878967  0.335716  0.338692)
     H    4    Vzz=   -0.8428    axis=( -0.261254 -0.255171  0.930932)
     H    4  Q=         1.0000 1e-30 m^2  Cq=        -1.9803 MHz  eta= 0.81810

     C    5    Vxx=   -0.0205    axis=( -0.725335  0.327572  0.605464)
     C    5    Vyy=   -0.4574    axis=(  0.572396 -0.201623  0.794803)
     C    5    Vzz=    0.4779    axis=( -0.382430 -0.923063  0.041256)
     C    5  Q=         1.0000 1e-30 m^2  Cq=         1.1229 MHz  eta= 0.91401

     H    6    Vxx=    0.0065    axis=(  0.132369 -0.159644  0.978260)
     H    6    Vyy=    0.7477    axis=(  0.005802  0.987052  0.160294)
     H    6    Vzz=   -0.7541    axis=( -0.991183 -0.015542  0.131582)
     H    6  Q=         1.0000 1e-30 m^2  Cq=        -1.7719 MHz  eta= 0.98284

     H    7    Vxx=   -0.0931    axis=(  0.863690  0.188815  0.467320)
     H    7    Vyy=   -0.1999    axis=(  0.461978 -0.667292 -0.584207)
     H    7    Vzz=    0.2929    axis=( -0.201532 -0.720465  0.663562)
     H    7  Q=         1.0000 1e-30 m^2  Cq=         0.6883 MHz  eta= 0.36469

     C    8    Vxx=   -0.1325    axis=(  0.576279  0.810893  0.101758)
     C    8    Vyy=   -0.2501    axis=( -0.114985  0.203723 -0.972253)
     C    8    Vzz=    0.3826    axis=( -0.809123  0.548589  0.210641)
     C    8  Q=         1.0000 1e-30 m^2  Cq=         0.8989 MHz  eta= 0.30735

     H    9    Vxx=   -0.0094    axis=( -0.582775 -0.528975  0.616894)
     H    9    Vyy=   -0.7949    axis=( -0.252088  0.839359  0.481590)
     H    9    Vzz=    0.8043    axis=(  0.772545 -0.125147  0.622505)
     H    9  Q=         1.0000 1e-30 m^2  Cq=         1.8898 MHz  eta= 0.97659

     C   10    Vxx=    0.0853    axis=( -0.274331 -0.154210  0.949190)
     C   10    Vyy=    0.4212    axis=( -0.297602  0.952216  0.068690)
     C   10    Vzz=   -0.5066    axis=( -0.914426 -0.263637 -0.307116)
     C   10  Q=         1.0000 1e-30 m^2  Cq=        -1.1903 MHz  eta= 0.66307

     C   11    Vxx=    0.2432    axis=(  0.927708 -0.130570 -0.349729)
     C   11    Vyy=    0.3205    axis=(  0.269699  0.882167  0.386062)
     C   11    Vzz=   -0.5637    axis=(  0.258111 -0.452475  0.853607)
     C   11  Q=         1.0000 1e-30 m^2  Cq=        -1.3245 MHz  eta= 0.13717

     Cl  12    Vxx=    0.1438    axis=( -0.569315  0.663198 -0.485848)
     Cl  12    Vyy=    0.8189    axis=(  0.821932  0.471766 -0.319161)
     Cl  12    Vzz=   -0.9627    axis=( -0.017540  0.581038  0.813688)
     Cl  12  Q=        -8.1650 1e-30 m^2  Cq=        18.4694 MHz  eta= 0.70120

     H   13    Vxx=   -0.1798    axis=( -0.950915 -0.211209  0.226166)
     H   13    Vyy=   -0.6148    axis=(  0.306326 -0.538857  0.784728)
     H   13    Vzz=    0.7946    axis=(  0.043870 -0.815490 -0.577106)
     H   13  Q=         1.0000 1e-30 m^2  Cq=         1.8669 MHz  eta= 0.54747

     C   14    Vxx=   -0.1979    axis=( -0.209904 -0.108448  0.971689)
     C   14    Vyy=   -0.3544    axis=(  0.599888  0.770493  0.215581)
     C   14    Vzz=    0.5523    axis=(  0.772058 -0.628156  0.096673)
     C   14  Q=         1.0000 1e-30 m^2  Cq=         1.2976 MHz  eta= 0.28343

     H   15    Vxx=   -0.0725    axis=( -0.560931 -0.169823  0.810257)
     H   15    Vyy=   -0.6812    axis=(  0.168617 -0.981654 -0.089015)
     H   15    Vzz=    0.7537    axis=(  0.810509  0.086692  0.579275)
     H   15  Q=         1.0000 1e-30 m^2  Cq=         1.7709 MHz  eta= 0.80750

     C   16    Vxx=    0.0328    axis=(  0.203582 -0.241052  0.948920)
     C   16    Vyy=    0.6666    axis=(  0.014143 -0.968392 -0.249033)
     C   16    Vzz=   -0.6993    axis=(  0.978956  0.064119 -0.193738)
     C   16  Q=         1.0000 1e-30 m^2  Cq=        -1.6432 MHz  eta= 0.90632

     C   17    Vxx=    0.0841    axis=(  0.276887  0.958155  0.072612)
     C   17    Vyy=    0.4273    axis=(  0.799757 -0.271682  0.535329)
     C   17    Vzz=   -0.5113    axis=(  0.532656 -0.090153 -0.841516)
     C   17  Q=         1.0000 1e-30 m^2  Cq=        -1.2015 MHz  eta= 0.67114

     Cl  18    Vxx=    0.8554    axis=(  0.885098  0.432328 -0.172319)
     Cl  18    Vyy=    0.9614    axis=( -0.453492  0.717914 -0.528152)
     Cl  18    Vzz=   -1.8168    axis=( -0.104625  0.545612  0.831482)
     Cl  18  Q=        -8.1650 1e-30 m^2  Cq=        34.8541 MHz  eta= 0.05837

     H   19    Vxx=    0.0143    axis=(  0.843029  0.038240 -0.536507)
     H   19    Vyy=    0.4262    axis=(  0.277491 -0.885396  0.372923)
     H   19    Vzz=   -0.4405    axis=(  0.460761  0.463261  0.757026)
     H   19  Q=         1.0000 1e-30 m^2  Cq=        -1.0350 MHz  eta= 0.93515

     C   20    Vxx=   -0.0207    axis=( -0.381534  0.146077  0.912739)
     C   20    Vyy=   -0.7353    axis=(  0.920379  0.151526  0.360476)
     C   20    Vzz=    0.7560    axis=( -0.085647  0.977600 -0.192259)
     C   20  Q=         1.0000 1e-30 m^2  Cq=         1.7764 MHz  eta= 0.94522

     H   21    Vxx=   -0.0301    axis=( -0.088716 -0.895975 -0.435154)
     H   21    Vyy=   -0.6698    axis=(  0.547266  0.321181 -0.772879)
     H   21    Vzz=    0.6999    axis=(  0.832243 -0.306712  0.461843)
     H   21  Q=         1.0000 1e-30 m^2  Cq=         1.6445 MHz  eta= 0.91398

     C   22    Vxx=    0.0430    axis=(  0.809317 -0.112328  0.576531)
     C   22    Vyy=    0.5429    axis=( -0.584434 -0.252040  0.771306)
     C   22    Vzz=   -0.5859    axis=(  0.058669 -0.961175 -0.269629)
     C   22  Q=         1.0000 1e-30 m^2  Cq=        -1.3766 MHz  eta= 0.85308

     C   23    Vxx=   -0.1175    axis=( -0.427403  0.699145  0.573170)
     C   23    Vyy=   -0.7427    axis=( -0.903592 -0.309930 -0.295745)
     C   23    Vzz=    0.8602    axis=( -0.029126 -0.644314  0.764207)
     C   23  Q=         1.0000 1e-30 m^2  Cq=         2.0212 MHz  eta= 0.72683

     Cl  24    Vxx=    0.4391    axis=( -0.441178 -0.260467 -0.858789)
     Cl  24    Vyy=    1.1187    axis=(  0.663162  0.550119 -0.507529)
     Cl  24    Vzz=   -1.5578    axis=( -0.604631  0.793427  0.069969)
     Cl  24  Q=        -8.1650 1e-30 m^2  Cq=        29.8862 MHz  eta= 0.43624

     Initialization:
     gipaw_setup  :      9.26s CPU     11.45s WALL (       1 calls)

     Linear response

     Apply operators

     Induced current

     Other routines
     efg          :      9.15s CPU     11.39s WALL (       1 calls)

     General routines
     calbec       :      3.20s CPU      3.94s WALL (      16 calls)
     fft          :      1.68s CPU      2.72s WALL (      15 calls)
     ffts         :      0.04s CPU      0.04s WALL (       2 calls)
     fftw         :      3.15s CPU      3.94s WALL (     672 calls)
     davcio       :      0.04s CPU      0.36s WALL (      32 calls)

     Parallel routines
     fft_scatter  :      2.26s CPU      3.83s WALL (     689 calls)

     Plugins

     GIPAW        :     60.76s CPU     73.46s WALL (       1 calls)
