
     Program QE v.6.0 (svn rev. 13079) starts on 13Jan2017 at  9: 5:39 

     This program is part of the open-source Quantum ESPRESSO suite
     for quantum simulation of materials; please cite
         "P. Giannozzi et al., J. Phys.:Condens. Matter 21 395502 (2009);
          URL http://www.quantum-espresso.org", 
     in publications or presentations arising from this work. More details at
     http://www.quantum-espresso.org/quote

     Parallel version (MPI), running on     8 processors
     R & G space division:  proc/nbgrp/npool/nimage =       8

     ***** This is GIPAW svn revision unknown      *****

     Parallelizing q-star over 1 images

     Reading data from directory:
     /users/majewski/paradichlorobenzene/pbe/9_constraint/scratch/pbe.ecut100.np8.dt60.pcl2phi-129368.save
     Message from routine read_xml_file:
     file /users/majewski/paradichlorobenzene/pbe/9_constraint/scratch/pbe.ecut100.np8.dt60.pcl2phi-129368.save not guaranteed to be safe for post-processing

   Info: using nr1, nr2, nr3 values from input

   Info: using nr1, nr2, nr3 values from input

     IMPORTANT: XC functional enforced from input :
     Exchange-correlation      =  SLA  PW   PBX  PBC ( 1  4  3  4 0 0)
     Any further DFT definition will be discarded
     Please, verify this is what you really want

               file C.pbe-n-kjpaw_psl.1.0.0.UPF: wavefunction(s)  2S 2P renormalized
               file Cl.pbe-n-kjpaw_psl.1.0.0.UPF: wavefunction(s)  3S 3P renormalized
               file H.pbe-kjpaw_psl.1.0.0.UPF: wavefunction(s)  1S renormalized

     Parallelization info
     --------------------
     sticks:   dense  smooth     PW     G-vecs:    dense   smooth      PW
     Min        3057    1223    332               144436    36536    5170
     Max        3059    1225    333               144437    36537    5171
     Sum       24467    9791   2657              1155489   292295   41363


     Subspace diagonalization in iterative solution of the eigenvalue problem:
     a serial algorithm will be used

     GIPAW projectors -----------------------------------------------
     atom=  C    l=0  rc=    1.2000  rs=    0.8000
     atom=  C    l=0  rc=    1.2000  rs=    0.8000
     atom=  C    l=1  rc=    1.4000  rs=    0.9333
     atom=  C    l=1  rc=    1.4000  rs=    0.9333
     projs nearly linearly dependent: l=1  n1,n2= 1, 2  s=  0.99951561

     atom=  Cl   l=0  rc=    1.6000  rs=    1.0667
     atom=  Cl   l=0  rc=    1.6000  rs=    1.0667
     atom=  Cl   l=1  rc=    1.6000  rs=    1.0667
     atom=  Cl   l=1  rc=    1.6000  rs=    1.0667
     atom=  Cl   l=2  rc=    1.6000  rs=    1.0667
     atom=  Cl   l=2  rc=    1.6000  rs=    1.0667
     projs nearly linearly dependent: l=2  n1,n2= 1, 2  s=  0.99993509

     atom=  H    l=0  rc=    1.0000  rs=    0.6667
     atom=  H    l=0  rc=    1.0000  rs=    0.6667
     projs nearly linearly dependent: l=0  n1,n2= 1, 2  s=  0.99968852
     -----------------------------------------------------------------

     GIPAW integrals: -------------------------------------------
     Atom  i/j   nmr_para   nmr_dia   epr_rmc  epr_para   epr_dia
       C   1 1   0.83E+03  0.17E-01  0.93E+01  0.24E+08  0.24E+03
       C   2 1   0.86E+03 -0.61E-01  0.94E+01  0.25E+08  0.25E+03
       C   2 2   0.90E+03 -0.15E+00  0.97E+01  0.26E+08  0.26E+03
       C   3 3   0.33E+01  0.34E+00  0.18E+01  0.55E+03  0.21E+02
       C   4 3   0.35E+01  0.37E+00  0.20E+01  0.59E+03  0.22E+02
       C   4 4   0.38E+01  0.39E+00  0.22E+01  0.63E+03  0.24E+02
       Cl  1 1   0.14E+04 -0.47E+00  0.84E+01  0.32E+09  0.42E+03
       Cl  2 1   0.21E+04 -0.37E+00  0.12E+02  0.49E+09  0.65E+03
       Cl  2 2   0.33E+04 -0.16E+00  0.21E+02  0.76E+09  0.10E+04
       Cl  3 3   0.21E+02  0.79E-01  0.89E+01  0.23E+05  0.13E+03
       Cl  4 3   0.24E+02  0.67E-01  0.99E+01  0.27E+05  0.15E+03
       Cl  4 4   0.28E+02  0.44E-01  0.11E+02  0.32E+05  0.18E+03
       Cl  5 5   0.77E+00  0.19E+00  0.18E+01  0.12E+03  0.22E+02
       Cl  6 5   0.80E+00  0.19E+00  0.19E+01  0.12E+03  0.23E+02
       Cl  6 6   0.83E+00  0.20E+00  0.19E+01  0.12E+03  0.23E+02
       H   1 1   0.39E+02  0.19E+00  0.29E+00  0.78E+05  0.13E+02
       H   2 1   0.41E+02  0.21E+00  0.32E+00  0.82E+05  0.14E+02
       H   2 2   0.43E+02  0.22E+00  0.36E+00  0.86E+05  0.15E+02
     ------------------------------------------------------------

     alpha_pv=     34.0472 eV

     Number of occupied bands for each k-point:
     k-point:     1    nbnd_occ=  42
     k-point:     2    nbnd_occ=  42
     k-point:     3    nbnd_occ=  42
     k-point:     4    nbnd_occ=  42
     k-point:     5    nbnd_occ=  42
     k-point:     6    nbnd_occ=  42
     k-point:     7    nbnd_occ=  42
     k-point:     8    nbnd_occ=  42
     k-point:     9    nbnd_occ=  42
     k-point:    10    nbnd_occ=  42
     k-point:    11    nbnd_occ=  42
     k-point:    12    nbnd_occ=  42
     k-point:    13    nbnd_occ=  42
     k-point:    14    nbnd_occ=  42
     k-point:    15    nbnd_occ=  42
     k-point:    16    nbnd_occ=  42


     q-space interpolation up to   110.00 Rydberg

     GIPAW job: efg                                                                             


     ELECTRIC FIELD GRADIENTS TENSORS IN Hartree/bohrradius^2:

     ----- bare term -----
     Cl   1        0.298105        0.093042       -0.194618
     Cl   1        0.093042        0.381516        0.008511
     Cl   1       -0.194618        0.008511       -0.679621

     C    2       -0.138548        0.297449       -0.081755
     C    2        0.297449       -0.449891       -0.422595
     C    2       -0.081755       -0.422595        0.588439

     C    3       -0.226834        0.405964       -0.358085
     C    3        0.405964       -0.242860       -0.302865
     C    3       -0.358085       -0.302865        0.469694

     H    4       -0.044275       -0.074307       -0.279315
     H    4       -0.074307        0.319039       -0.480124
     H    4       -0.279315       -0.480124       -0.274764

     C    5       -0.552542        0.237523       -0.378350
     C    5        0.237523        0.207565       -0.151856
     C    5       -0.378350       -0.151856        0.344977

     H    6       -0.139643        0.284944       -0.263463
     H    6        0.284944       -0.257707       -0.312548
     H    6       -0.263463       -0.312548        0.397350

     H    7        0.390105        0.194143        0.035121
     H    7        0.194143       -0.629904       -0.239681
     H    7        0.035121       -0.239681        0.239799

     C    8       -0.125084        0.049831       -0.172439
     C    8        0.049831       -0.093322        0.184791
     C    8       -0.172439        0.184791        0.218405

     H    9       -0.196057        0.404852        0.097919
     H    9        0.404852       -0.076155       -0.186603
     H    9        0.097919       -0.186603        0.272212

     C   10       -0.065335       -0.093337        0.176839
     C   10       -0.093337       -0.080703       -0.098261
     C   10        0.176839       -0.098261        0.146038

     C   11       -0.104814        0.007796       -0.275875
     C   11        0.007796        0.043463        0.723437
     C   11       -0.275875        0.723437        0.061352

     Cl  12       -0.204449       -0.265233       -0.019095
     Cl  12       -0.265233        0.205455        0.038465
     Cl  12       -0.019095        0.038465       -0.001006

     H   13       -0.125819        0.332622       -0.010449
     H   13        0.332622       -0.200533       -0.287194
     H   13       -0.010449       -0.287194        0.326352

     C   14       -0.052497       -0.382678       -0.477550
     C   14       -0.382678       -0.072531       -0.547449
     C   14       -0.477550       -0.547449        0.125027

     H   15        0.069321       -0.047286       -0.249021
     H   15       -0.047286       -0.029885       -0.481828
     H   15       -0.249021       -0.481828       -0.039436

     C   16       -0.573348        0.436752       -0.324991
     C   16        0.436752        0.167345       -0.130363
     C   16       -0.324991       -0.130363        0.406003

     C   17        0.166190        0.165965       -0.067616
     C   17        0.165965       -0.382848       -0.503123
     C   17       -0.067616       -0.503123        0.216657

     Cl  18        0.221302        0.055732       -0.217720
     Cl  18        0.055732       -0.133618       -0.611840
     Cl  18       -0.217720       -0.611840       -0.087684

     H   19        0.432729        0.237486        0.074766
     H   19        0.237486       -0.572214       -0.218093
     H   19        0.074766       -0.218093        0.139485

     C   20       -0.695640       -0.283367       -0.469326
     C   20       -0.283367        0.063957       -0.002688
     C   20       -0.469326       -0.002688        0.631682

     H   21       -0.466766        0.321677        0.238192
     H   21        0.321677        0.320055       -0.012486
     H   21        0.238192       -0.012486        0.146712

     C   22       -0.046591       -0.096992       -0.244022
     C   22       -0.096992       -0.504000        0.414701
     C   22       -0.244022        0.414701        0.550591

     C   23       -0.474557       -0.272960       -0.389371
     C   23       -0.272960        0.184027        0.341759
     C   23       -0.389371        0.341759        0.290530

     Cl  24       -0.069752        0.055452        0.010022
     Cl  24        0.055452       -0.002509       -0.140560
     Cl  24        0.010022       -0.140560        0.072261

     ----- ionic term -----
     Cl   1        0.170690       -0.220829        0.102344
     Cl   1       -0.220829       -0.038764       -0.051803
     Cl   1        0.102344       -0.051803       -0.131926

     C    2        0.100420       -0.238478        0.395951
     C    2       -0.238478        0.131106        0.318461
     C    2        0.395951        0.318461       -0.231526

     C    3        0.153754       -0.264872        0.282268
     C    3       -0.264872        0.188670        0.293517
     C    3        0.282268        0.293517       -0.342424

     H    4        0.318010        0.409523        0.710397
     H    4        0.409523       -0.276775        0.382793
     H    4        0.710397        0.382793       -0.041235

     C    5        0.268612       -0.207440        0.341893
     C    5       -0.207440        0.076992        0.236286
     C    5        0.341893        0.236286       -0.345604

     H    6       -0.460640       -0.242664       -0.073997
     H    6       -0.242664        0.826782        0.530047
     H    6       -0.073997        0.530047       -0.366142

     H    7       -0.507810       -0.115519        0.040712
     H    7       -0.115519        0.942633       -0.443080
     H    7        0.040712       -0.443080       -0.434823

     C    8        0.431485        0.085266        0.111889
     C    8        0.085266        0.146371       -0.259262
     C    8        0.111889       -0.259262       -0.577856

     H    9        0.705071       -0.493215        0.437763
     H    9       -0.493215       -0.277339       -0.217135
     H    9        0.437763       -0.217135       -0.427732

     C   10        0.248102        0.151696        0.067536
     C   10        0.151696        0.308471       -0.295588
     C   10        0.067536       -0.295588       -0.556573

     C   11        0.310763        0.054451        0.122689
     C   11        0.054451        0.280371       -0.230904
     C   11        0.122689       -0.230904       -0.591134

     Cl  12        0.142076        0.194261        0.015573
     Cl  12        0.194261        0.023316        0.015705
     Cl  12        0.015573        0.015705       -0.165392

     H   13       -0.464926       -0.278842       -0.132080
     H   13       -0.278842        0.622108        0.660004
     H   13       -0.132080        0.660004       -0.157182

     C   14        0.232203       -0.242794        0.369167
     C   14       -0.242794       -0.036181        0.276782
     C   14        0.369167        0.276782       -0.196022

     H   15        0.308504        0.360678        0.713414
     H   15        0.360678       -0.323348        0.374414
     H   15        0.713414        0.374414        0.014843

     C   16        0.192596       -0.290973        0.260031
     C   16       -0.290973        0.070014        0.321196
     C   16        0.260031        0.321196       -0.262610

     C   17        0.232934       -0.216994        0.322339
     C   17       -0.216994        0.049747        0.353141
     C   17        0.322339        0.353141       -0.282681

     Cl  18        0.211265       -0.190996        0.088146
     Cl  18       -0.190996       -0.058290       -0.038811
     Cl  18        0.088146       -0.038811       -0.152975

     H   19       -0.521582       -0.115436        0.024344
     H   19       -0.115436        1.104599       -0.203932
     H   19        0.024344       -0.203932       -0.583017

     C   20        0.407191        0.113419        0.097572
     C   20        0.113419        0.224944       -0.147724
     C   20        0.097572       -0.147724       -0.632135

     H   21        0.826537       -0.510679        0.261284
     H   21       -0.510679       -0.288016       -0.140761
     H   21        0.261284       -0.140761       -0.538522

     C   22        0.273673        0.134648        0.083467
     C   22        0.134648        0.304853       -0.247832
     C   22        0.083467       -0.247832       -0.578526

     C   23        0.293503       -0.019349        0.123228
     C   23       -0.019349        0.253998       -0.308880
     C   23        0.123228       -0.308880       -0.547501

     Cl  24        0.133064        0.204538       -0.040388
     Cl  24        0.204538        0.001559       -0.018795
     Cl  24       -0.040388       -0.018795       -0.134623

     ----- GIPAW term -----
     Cl   1        0.195293       -0.544235        0.135024
     Cl   1       -0.544235       -0.108343       -0.039947
     Cl   1        0.135024       -0.039947       -0.086950

     C    2       -0.075359       -0.052874        0.077704
     C    2       -0.052874       -0.157655       -0.127655
     C    2        0.077704       -0.127655        0.233015

     C    3       -0.014082        0.039542       -0.195983
     C    3        0.039542       -0.110327       -0.010610
     C    3       -0.195983       -0.010610        0.124409

     H    4       -0.000000        0.000000        0.000000
     H    4        0.000000        0.000000        0.000000
     H    4        0.000000        0.000000        0.000000

     C    5        0.012495        0.153944        0.101107
     C    5        0.153944       -0.006076        0.093162
     C    5        0.101107        0.093162       -0.006418

     H    6       -0.000000        0.000000        0.000000
     H    6        0.000000        0.000000        0.000000
     H    6        0.000000        0.000000        0.000000

     H    7       -0.000000        0.000000        0.000000
     H    7        0.000000        0.000000        0.000000
     H    7        0.000000        0.000000        0.000000

     C    8       -0.051443       -0.003978       -0.019106
     C    8       -0.003978        0.024298        0.110584
     C    8       -0.019106        0.110584        0.027145

     H    9       -0.000000        0.000000        0.000000
     H    9        0.000000        0.000000        0.000000
     H    9        0.000000        0.000000        0.000000

     C   10       -0.000485        0.010173        0.024260
     C   10        0.010173        0.009440       -0.017591
     C   10        0.024260       -0.017591       -0.008956

     C   11       -0.061658        0.031511       -0.070200
     C   11        0.031511        0.164337        0.235419
     C   11       -0.070200        0.235419       -0.102678

     Cl  12       -0.199773        0.250044       -0.234775
     Cl  12        0.250044        2.322915        0.343787
     Cl  12       -0.234775        0.343787       -2.123142

     H   13       -0.000000        0.000000        0.000000
     H   13        0.000000        0.000000        0.000000
     H   13        0.000000        0.000000        0.000000

     C   14        0.151110       -0.220981       -0.014615
     C   14       -0.220981       -0.038835       -0.099878
     C   14       -0.014615       -0.099878       -0.112275

     H   15       -0.000000        0.000000        0.000000
     H   15        0.000000        0.000000        0.000000
     H   15        0.000000        0.000000        0.000000

     C   16       -0.054840       -0.067725       -0.074571
     C   16       -0.067725        0.084706        0.054611
     C   16       -0.074571        0.054611       -0.029866

     C   17       -0.046790        0.027810        0.057646
     C   17        0.027810        0.091832        0.146580
     C   17        0.057646        0.146580       -0.045042

     Cl  18        0.387560       -0.077469        0.104273
     Cl  18       -0.077469       -0.238813       -0.401257
     Cl  18        0.104273       -0.401257       -0.148748

     H   19       -0.000000        0.000000        0.000000
     H   19        0.000000        0.000000        0.000000
     H   19        0.000000        0.000000        0.000000

     C   20       -0.165501        0.002527       -0.160321
     C   20        0.002527       -0.066873       -0.120801
     C   20       -0.160321       -0.120801        0.232374

     H   21       -0.000000        0.000000        0.000000
     H   21        0.000000        0.000000        0.000000
     H   21        0.000000        0.000000        0.000000

     C   22       -0.081270        0.020725       -0.150322
     C   22        0.020725       -0.176703       -0.005113
     C   22       -0.150322       -0.005113        0.257972

     C   23       -0.095166        0.037779       -0.066295
     C   23        0.037779        0.206988        0.062871
     C   23       -0.066295        0.062871       -0.111821

     Cl  24        0.006851        2.264977       -0.256245
     Cl  24        2.264977        0.237290       -1.832835
     Cl  24       -0.256245       -1.832835       -0.244141

     ----- total EFG -----
     Cl   1        0.664087       -0.672022        0.042750
     Cl   1       -0.672022        0.234409       -0.083239
     Cl   1        0.042750       -0.083239       -0.898497

     C    2       -0.113487        0.006097        0.391901
     C    2        0.006097       -0.476440       -0.231788
     C    2        0.391901       -0.231788        0.589927

     C    3       -0.087162        0.180634       -0.271800
     C    3        0.180634       -0.164517       -0.019957
     C    3       -0.271800       -0.019957        0.251679

     H    4        0.273735        0.335216        0.431082
     H    4        0.335216        0.042264       -0.097331
     H    4        0.431082       -0.097331       -0.315999

     C    5       -0.271436        0.184027        0.064650
     C    5        0.184027        0.278481        0.177592
     C    5        0.064650        0.177592       -0.007045

     H    6       -0.600282        0.042279       -0.337460
     H    6        0.042279        0.569075        0.217499
     H    6       -0.337460        0.217499        0.031208

     H    7       -0.117705        0.078624        0.075833
     H    7        0.078624        0.312729       -0.682762
     H    7        0.075833       -0.682762       -0.195024

     C    8        0.254959        0.131119       -0.079655
     C    8        0.131119        0.077347        0.036112
     C    8       -0.079655        0.036112       -0.332306

     H    9        0.509015       -0.088362        0.535682
     H    9       -0.088362       -0.353494       -0.403738
     H    9        0.535682       -0.403738       -0.155520

     C   10        0.182281        0.068532        0.268634
     C   10        0.068532        0.237209       -0.411441
     C   10        0.268634       -0.411441       -0.419490

     C   11        0.144290        0.093759       -0.223386
     C   11        0.093759        0.488170        0.727952
     C   11       -0.223386        0.727952       -0.632460

     Cl  12       -0.262147        0.179072       -0.238296
     Cl  12        0.179072        2.551686        0.397957
     Cl  12       -0.238296        0.397957       -2.289539

     H   13       -0.590745        0.053779       -0.142529
     H   13        0.053779        0.421575        0.372809
     H   13       -0.142529        0.372809        0.169169

     C   14        0.330817       -0.846452       -0.122998
     C   14       -0.846452       -0.147547       -0.370545
     C   14       -0.122998       -0.370545       -0.183270

     H   15        0.377825        0.313392        0.464393
     H   15        0.313392       -0.353233       -0.107414
     H   15        0.464393       -0.107414       -0.024592

     C   16       -0.435592        0.078054       -0.139532
     C   16        0.078054        0.322065        0.245444
     C   16       -0.139532        0.245444        0.113527

     C   17        0.352334       -0.023220        0.312369
     C   17       -0.023220       -0.241268       -0.003403
     C   17        0.312369       -0.003403       -0.111066

     Cl  18        0.820127       -0.212733       -0.025301
     Cl  18       -0.212733       -0.430721       -1.051908
     Cl  18       -0.025301       -1.051908       -0.389407

     H   19       -0.088853        0.122050        0.099110
     H   19        0.122050        0.532385       -0.422025
     H   19        0.099110       -0.422025       -0.443532

     C   20       -0.453950       -0.167421       -0.532076
     C   20       -0.167421        0.222029       -0.271213
     C   20       -0.532076       -0.271213        0.231922

     H   21        0.359771       -0.189002        0.499476
     H   21       -0.189002        0.032039       -0.153248
     H   21        0.499476       -0.153248       -0.391810

     C   22        0.145812        0.058381       -0.310877
     C   22        0.058381       -0.375850        0.161756
     C   22       -0.310877        0.161756        0.230038

     C   23       -0.276220       -0.254530       -0.332438
     C   23       -0.254530        0.645013        0.095749
     C   23       -0.332438        0.095749       -0.368792

     Cl  24        0.070163        2.524967       -0.286611
     Cl  24        2.524967        0.236340       -1.992190
     Cl  24       -0.286611       -1.992190       -0.306503

     ----- total EFG (symmetrized) -----
     Cl   1        0.664087       -0.672022        0.042750
     Cl   1       -0.672022        0.234409       -0.083239
     Cl   1        0.042750       -0.083239       -0.898497

     C    2       -0.113487        0.006097        0.391901
     C    2        0.006097       -0.476440       -0.231788
     C    2        0.391901       -0.231788        0.589927

     C    3       -0.087162        0.180634       -0.271800
     C    3        0.180634       -0.164517       -0.019957
     C    3       -0.271800       -0.019957        0.251679

     H    4        0.273735        0.335216        0.431082
     H    4        0.335216        0.042264       -0.097331
     H    4        0.431082       -0.097331       -0.315999

     C    5       -0.271436        0.184027        0.064650
     C    5        0.184027        0.278481        0.177592
     C    5        0.064650        0.177592       -0.007045

     H    6       -0.600282        0.042279       -0.337460
     H    6        0.042279        0.569075        0.217499
     H    6       -0.337460        0.217499        0.031208

     H    7       -0.117705        0.078624        0.075833
     H    7        0.078624        0.312729       -0.682762
     H    7        0.075833       -0.682762       -0.195024

     C    8        0.254959        0.131119       -0.079655
     C    8        0.131119        0.077347        0.036112
     C    8       -0.079655        0.036112       -0.332306

     H    9        0.509015       -0.088362        0.535682
     H    9       -0.088362       -0.353494       -0.403738
     H    9        0.535682       -0.403738       -0.155520

     C   10        0.182281        0.068532        0.268634
     C   10        0.068532        0.237209       -0.411441
     C   10        0.268634       -0.411441       -0.419490

     C   11        0.144290        0.093759       -0.223386
     C   11        0.093759        0.488170        0.727952
     C   11       -0.223386        0.727952       -0.632460

     Cl  12       -0.262147        0.179072       -0.238296
     Cl  12        0.179072        2.551686        0.397957
     Cl  12       -0.238296        0.397957       -2.289539

     H   13       -0.590745        0.053779       -0.142529
     H   13        0.053779        0.421575        0.372809
     H   13       -0.142529        0.372809        0.169169

     C   14        0.330817       -0.846452       -0.122998
     C   14       -0.846452       -0.147547       -0.370545
     C   14       -0.122998       -0.370545       -0.183270

     H   15        0.377825        0.313392        0.464393
     H   15        0.313392       -0.353233       -0.107414
     H   15        0.464393       -0.107414       -0.024592

     C   16       -0.435592        0.078054       -0.139532
     C   16        0.078054        0.322065        0.245444
     C   16       -0.139532        0.245444        0.113527

     C   17        0.352334       -0.023220        0.312369
     C   17       -0.023220       -0.241268       -0.003403
     C   17        0.312369       -0.003403       -0.111066

     Cl  18        0.820127       -0.212733       -0.025301
     Cl  18       -0.212733       -0.430721       -1.051908
     Cl  18       -0.025301       -1.051908       -0.389407

     H   19       -0.088853        0.122050        0.099110
     H   19        0.122050        0.532385       -0.422025
     H   19        0.099110       -0.422025       -0.443532

     C   20       -0.453950       -0.167421       -0.532076
     C   20       -0.167421        0.222029       -0.271213
     C   20       -0.532076       -0.271213        0.231922

     H   21        0.359771       -0.189002        0.499476
     H   21       -0.189002        0.032039       -0.153248
     H   21        0.499476       -0.153248       -0.391810

     C   22        0.145812        0.058381       -0.310877
     C   22        0.058381       -0.375850        0.161756
     C   22       -0.310877        0.161756        0.230038

     C   23       -0.276220       -0.254530       -0.332438
     C   23       -0.254530        0.645013        0.095749
     C   23       -0.332438        0.095749       -0.368792

     Cl  24        0.070163        2.524967       -0.286611
     Cl  24        2.524967        0.236340       -1.992190
     Cl  24       -0.286611       -1.992190       -0.306503


     NQR/NMR SPECTROSCOPIC PARAMETERS:
     Cl   1    Vxx=   -0.2536    axis=(  0.591560  0.803675 -0.064515)
     Cl   1    Vyy=   -0.9046    axis=( -0.005411 -0.076058 -0.997089)
     Cl   1    Vzz=    1.1582    axis=( -0.806243  0.590187 -0.040645)
     Cl   1  Q=        -8.1650 1e-30 m^2  Cq=       -22.2190 MHz  eta= 0.56213

     C    2    Vxx=   -0.2511    axis=( -0.882756 -0.348261  0.315368)
     C    2    Vyy=   -0.5483    axis=( -0.264493  0.923129  0.279063)
     C    2    Vzz=    0.7993    axis=(  0.388312 -0.162932  0.907010)
     C    2  Q=         1.0000 1e-30 m^2  Cq=         1.8781 MHz  eta= 0.37176

     C    3    Vxx=   -0.0628    axis=(  0.474106  0.752284  0.457485)
     C    3    Vyy=   -0.3597    axis=(  0.715629 -0.631942  0.297531)
     C    3    Vzz=    0.4225    axis=( -0.512931 -0.186329  0.837964)
     C    3  Q=         1.0000 1e-30 m^2  Cq=         0.9927 MHz  eta= 0.70265

     H    4    Vxx=    0.0170    axis=( -0.212780  0.828694 -0.517679)
     H    4    Vyy=    0.6206    axis=(  0.837117  0.427861  0.340836)
     H    4    Vzz=   -0.6376    axis=( -0.503944  0.360835  0.784754)
     H    4  Q=         1.0000 1e-30 m^2  Cq=        -1.4981 MHz  eta= 0.94669

     C    5    Vxx=   -0.0904    axis=( -0.080132 -0.399618  0.913173)
     C    5    Vyy=   -0.3277    axis=( -0.959244  0.279965  0.038342)
     C    5    Vzz=    0.4182    axis=( -0.270978 -0.872883 -0.405765)
     C    5  Q=         1.0000 1e-30 m^2  Cq=         0.9825 MHz  eta= 0.56747

     H    6    Vxx=    0.1080    axis=( -0.419234 -0.355593  0.835342)
     H    6    Vyy=    0.6509    axis=( -0.066343  0.929643  0.362440)
     H    6    Vzz=   -0.7588    axis=( -0.905451  0.096528 -0.413329)
     H    6  Q=         1.0000 1e-30 m^2  Cq=        -1.7830 MHz  eta= 0.71540

     H    7    Vxx=   -0.0981    axis=(  0.982600  0.085754  0.164755)
     H    7    Vyy=   -0.6897    axis=( -0.184218  0.563145  0.805563)
     H    7    Vzz=    0.7878    axis=( -0.023701 -0.821897  0.569143)
     H    7  Q=         1.0000 1e-30 m^2  Cq=         1.8510 MHz  eta= 0.75088

     C    8    Vxx=    0.0210    axis=( -0.430919  0.882722  0.187377)
     C    8    Vyy=    0.3289    axis=(  0.888577  0.451268 -0.082396)
     C    8    Vzz=   -0.3499    axis=(  0.157290 -0.130992  0.978826)
     C    8  Q=         1.0000 1e-30 m^2  Cq=        -0.8222 MHz  eta= 0.87995

     H    9    Vxx=   -0.1333    axis=(  0.509737  0.703529 -0.495192)
     H    9    Vyy=   -0.7387    axis=( -0.251360  0.672255  0.696342)
     H    9    Vzz=    0.8720    axis=(  0.822792 -0.230479  0.519512)
     H    9  Q=         1.0000 1e-30 m^2  Cq=         2.0488 MHz  eta= 0.69418

     C   10    Vxx=    0.2510    axis=(  0.918137  0.370527  0.140475)
     C   10    Vyy=    0.4503    axis=( -0.264860  0.837504 -0.477949)
     C   10    Vzz=   -0.7014    axis=( -0.294742  0.401617  0.867082)
     C   10  Q=         1.0000 1e-30 m^2  Cq=        -1.6480 MHz  eta= 0.28415

     C   11    Vxx=    0.1934    axis=(  0.979544  0.107896 -0.169860)
     C   11    Vyy=    0.8468    axis=(  0.021659 -0.895731 -0.444068)
     C   11    Vzz=   -1.0401    axis=( -0.200062  0.431304 -0.879745)
     C   11  Q=         1.0000 1e-30 m^2  Cq=        -2.4439 MHz  eta= 0.62822

     Cl  12    Vxx=   -0.2406    axis=(  0.991198 -0.045868 -0.124186)
     Cl  12    Vyy=   -2.3525    axis=( -0.120013  0.084649 -0.989157)
     Cl  12    Vzz=    2.5931    axis=(  0.055883  0.995355  0.078399)
     Cl  12  Q=        -8.1650 1e-30 m^2  Cq=       -49.7470 MHz  eta= 0.81445

     H   13    Vxx=   -0.0577    axis=( -0.265160 -0.573257  0.775285)
     H   13    Vyy=   -0.6325    axis=( -0.963693  0.131387 -0.232449)
     H   13    Vzz=    0.6902    axis=(  0.031391 -0.808773 -0.587283)
     H   13  Q=         1.0000 1e-30 m^2  Cq=         1.6217 MHz  eta= 0.83267

     C   14    Vxx=   -0.0209    axis=( -0.350565 -0.275738  0.895027)
     C   14    Vyy=   -0.9647    axis=(  0.521846  0.736056  0.431160)
     C   14    Vzz=    0.9857    axis=( -0.777677  0.618215 -0.114143)
     C   14  Q=         1.0000 1e-30 m^2  Cq=         2.3159 MHz  eta= 0.95752

     H   15    Vxx=   -0.1030    axis=(  0.269962  0.645063 -0.714853)
     H   15    Vyy=   -0.6204    axis=( -0.460841  0.738424  0.492297)
     H   15    Vzz=    0.7235    axis=( -0.845427 -0.196532 -0.496617)
     H   15  Q=         1.0000 1e-30 m^2  Cq=         1.6999 MHz  eta= 0.71515

     C   16    Vxx=    0.0083    axis=( -0.337792 -0.526402  0.780255)
     C   16    Vyy=    0.4846    axis=(  0.013638 -0.831632 -0.555159)
     C   16    Vzz=   -0.4930    axis=( -0.941122  0.176887 -0.288098)
     C   16  Q=         1.0000 1e-30 m^2  Cq=        -1.1583 MHz  eta= 0.96615

     C   17    Vxx=   -0.2400    axis=(  0.088047 -0.967058 -0.238844)
     C   17    Vyy=   -0.2702    axis=( -0.441414 -0.252826  0.860948)
     C   17    Vzz=    0.5102    axis=(  0.892973 -0.029625  0.449134)
     C   17  Q=         1.0000 1e-30 m^2  Cq=         1.1988 MHz  eta= 0.05924

     Cl  18    Vxx=    0.5758    axis=(  0.451426  0.597353 -0.662860)
     Cl  18    Vyy=    0.8990    axis=(  0.889238 -0.362742  0.278700)
     Cl  18    Vzz=   -1.4748    axis=( -0.073965 -0.715253 -0.694940)
     Cl  18  Q=        -8.1650 1e-30 m^2  Cq=        28.2924 MHz  eta= 0.21915

     H   19    Vxx=   -0.0632    axis=(  0.964598 -0.010958  0.263498)
     H   19    Vyy=   -0.6346    axis=( -0.242898  0.352251  0.903836)
     H   19    Vzz=    0.6978    axis=( -0.102722 -0.935841  0.337119)
     H   19  Q=         1.0000 1e-30 m^2  Cq=         1.6396 MHz  eta= 0.81896

     C   20    Vxx=    0.2192    axis=(  0.431333 -0.859154 -0.275331)
     C   20    Vyy=    0.5998    axis=( -0.348064 -0.440022  0.827787)
     C   20    Vzz=   -0.8190    axis=( -0.832348 -0.261219 -0.488836)
     C   20  Q=         1.0000 1e-30 m^2  Cq=        -1.9243 MHz  eta= 0.46478

     H   21    Vxx=   -0.0490    axis=(  0.340017  0.937311  0.076400)
     H   21    Vyy=   -0.6455    axis=( -0.430866  0.083057  0.898586)
     H   21    Vzz=    0.6945    axis=(  0.835908 -0.338453  0.432096)
     H   21  Q=         1.0000 1e-30 m^2  Cq=         1.6318 MHz  eta= 0.85885

     C   22    Vxx=   -0.0574    axis=(  0.724808  0.413015  0.551426)
     C   22    Vyy=   -0.4524    axis=(  0.261910 -0.905477  0.333936)
     C   22    Vzz=    0.5098    axis=( -0.637225  0.097616  0.764471)
     C   22  Q=         1.0000 1e-30 m^2  Cq=         1.1979 MHz  eta= 0.77470

     C   23    Vxx=   -0.0752    axis=(  0.676786  0.326897 -0.659621)
     C   23    Vyy=   -0.6656    axis=( -0.676316 -0.077834 -0.732488)
     C   23    Vzz=    0.7407    axis=(  0.290789 -0.941850 -0.168408)
     C   23  Q=         1.0000 1e-30 m^2  Cq=         1.7404 MHz  eta= 0.79707

     Cl  24    Vxx=   -0.4398    axis=(  0.625187 -0.037781  0.779560)
     Cl  24    Vyy=   -2.9986    axis=( -0.536447  0.704689  0.464369)
     Cl  24    Vzz=    3.4384    axis=( -0.566892 -0.708510  0.420295)
     Cl  24  Q=        -8.1650 1e-30 m^2  Cq=       -65.9640 MHz  eta= 0.74418

     Initialization:
     gipaw_setup  :      9.13s CPU     11.94s WALL (       1 calls)

     Linear response

     Apply operators

     Induced current

     Other routines
     efg          :     10.54s CPU     15.24s WALL (       1 calls)

     General routines
     calbec       :      3.37s CPU      4.84s WALL (      16 calls)
     fft          :      1.90s CPU      3.54s WALL (      15 calls)
     ffts         :      0.03s CPU      0.05s WALL (       2 calls)
     fftw         :      4.20s CPU      6.41s WALL (     672 calls)
     davcio       :      0.03s CPU      0.38s WALL (      32 calls)

     Parallel routines
     fft_scatter  :      3.27s CPU      6.74s WALL (     689 calls)

     Plugins

     GIPAW        :     62.98s CPU     81.51s WALL (       1 calls)
