
     Program QE v.6.0 (svn rev. 13079) starts on 20Dec2016 at 21:59:56 

     This program is part of the open-source Quantum ESPRESSO suite
     for quantum simulation of materials; please cite
         "P. Giannozzi et al., J. Phys.:Condens. Matter 21 395502 (2009);
          URL http://www.quantum-espresso.org", 
     in publications or presentations arising from this work. More details at
     http://www.quantum-espresso.org/quote

     Parallel version (MPI), running on     8 processors
     R & G space division:  proc/nbgrp/npool/nimage =       8

     ***** This is GIPAW svn revision unknown      *****

     Parallelizing q-star over 1 images

     Reading data from directory:
     /users/majewski/paradichlorobenzene/pbe/9_constraint/scratch/pbe.ecut100.np8.dt60.pcl2phi-129368.save
     Message from routine read_xml_file:
     file /users/majewski/paradichlorobenzene/pbe/9_constraint/scratch/pbe.ecut100.np8.dt60.pcl2phi-129368.save not guaranteed to be safe for post-processing

   Info: using nr1, nr2, nr3 values from input

   Info: using nr1, nr2, nr3 values from input

     IMPORTANT: XC functional enforced from input :
     Exchange-correlation      =  SLA  PW   PBX  PBC ( 1  4  3  4 0 0)
     Any further DFT definition will be discarded
     Please, verify this is what you really want

               file C.pbe-n-kjpaw_psl.1.0.0.UPF: wavefunction(s)  2S 2P renormalized
               file Cl.pbe-n-kjpaw_psl.1.0.0.UPF: wavefunction(s)  3S 3P renormalized
               file H.pbe-kjpaw_psl.1.0.0.UPF: wavefunction(s)  1S renormalized

     Parallelization info
     --------------------
     sticks:   dense  smooth     PW     G-vecs:    dense   smooth      PW
     Min        3057    1223    332               144436    36536    5170
     Max        3059    1225    333               144437    36537    5171
     Sum       24467    9791   2657              1155489   292295   41363


     Subspace diagonalization in iterative solution of the eigenvalue problem:
     a serial algorithm will be used

     GIPAW projectors -----------------------------------------------
     atom=  C    l=0  rc=    1.2000  rs=    0.8000
     atom=  C    l=0  rc=    1.2000  rs=    0.8000
     atom=  C    l=1  rc=    1.4000  rs=    0.9333
     atom=  C    l=1  rc=    1.4000  rs=    0.9333
     projs nearly linearly dependent: l=1  n1,n2= 1, 2  s=  0.99951561

     atom=  Cl   l=0  rc=    1.6000  rs=    1.0667
     atom=  Cl   l=0  rc=    1.6000  rs=    1.0667
     atom=  Cl   l=1  rc=    1.6000  rs=    1.0667
     atom=  Cl   l=1  rc=    1.6000  rs=    1.0667
     atom=  Cl   l=2  rc=    1.6000  rs=    1.0667
     atom=  Cl   l=2  rc=    1.6000  rs=    1.0667
     projs nearly linearly dependent: l=2  n1,n2= 1, 2  s=  0.99993509

     atom=  H    l=0  rc=    1.0000  rs=    0.6667
     atom=  H    l=0  rc=    1.0000  rs=    0.6667
     projs nearly linearly dependent: l=0  n1,n2= 1, 2  s=  0.99968852
     -----------------------------------------------------------------

     GIPAW integrals: -------------------------------------------
     Atom  i/j   nmr_para   nmr_dia   epr_rmc  epr_para   epr_dia
       C   1 1   0.83E+03  0.17E-01  0.93E+01  0.24E+08  0.24E+03
       C   2 1   0.86E+03 -0.61E-01  0.94E+01  0.25E+08  0.25E+03
       C   2 2   0.90E+03 -0.15E+00  0.97E+01  0.26E+08  0.26E+03
       C   3 3   0.33E+01  0.34E+00  0.18E+01  0.55E+03  0.21E+02
       C   4 3   0.35E+01  0.37E+00  0.20E+01  0.59E+03  0.22E+02
       C   4 4   0.38E+01  0.39E+00  0.22E+01  0.63E+03  0.24E+02
       Cl  1 1   0.14E+04 -0.47E+00  0.84E+01  0.32E+09  0.42E+03
       Cl  2 1   0.21E+04 -0.37E+00  0.12E+02  0.49E+09  0.65E+03
       Cl  2 2   0.33E+04 -0.16E+00  0.21E+02  0.76E+09  0.10E+04
       Cl  3 3   0.21E+02  0.79E-01  0.89E+01  0.23E+05  0.13E+03
       Cl  4 3   0.24E+02  0.67E-01  0.99E+01  0.27E+05  0.15E+03
       Cl  4 4   0.28E+02  0.44E-01  0.11E+02  0.32E+05  0.18E+03
       Cl  5 5   0.77E+00  0.19E+00  0.18E+01  0.12E+03  0.22E+02
       Cl  6 5   0.80E+00  0.19E+00  0.19E+01  0.12E+03  0.23E+02
       Cl  6 6   0.83E+00  0.20E+00  0.19E+01  0.12E+03  0.23E+02
       H   1 1   0.39E+02  0.19E+00  0.29E+00  0.78E+05  0.13E+02
       H   2 1   0.41E+02  0.21E+00  0.32E+00  0.82E+05  0.14E+02
       H   2 2   0.43E+02  0.22E+00  0.36E+00  0.86E+05  0.15E+02
     ------------------------------------------------------------

     alpha_pv=     34.0173 eV

     Number of occupied bands for each k-point:
     k-point:     1    nbnd_occ=  42
     k-point:     2    nbnd_occ=  42
     k-point:     3    nbnd_occ=  42
     k-point:     4    nbnd_occ=  42
     k-point:     5    nbnd_occ=  42
     k-point:     6    nbnd_occ=  42
     k-point:     7    nbnd_occ=  42
     k-point:     8    nbnd_occ=  42
     k-point:     9    nbnd_occ=  42
     k-point:    10    nbnd_occ=  42
     k-point:    11    nbnd_occ=  42
     k-point:    12    nbnd_occ=  42
     k-point:    13    nbnd_occ=  42
     k-point:    14    nbnd_occ=  42
     k-point:    15    nbnd_occ=  42
     k-point:    16    nbnd_occ=  42


     q-space interpolation up to   110.00 Rydberg

     GIPAW job: efg                                                                             


     ELECTRIC FIELD GRADIENTS TENSORS IN Hartree/bohrradius^2:

     ----- bare term -----
     Cl   1       -0.232580        0.254759        0.038111
     Cl   1        0.254759       -0.024034        0.022291
     Cl   1        0.038111        0.022291        0.256614

     C    2        0.022388       -0.254784       -0.482740
     C    2       -0.254784       -0.287478       -0.478104
     C    2       -0.482740       -0.478104        0.265090

     C    3       -0.551125        0.289536       -0.349030
     C    3        0.289536       -0.034497       -0.143180
     C    3       -0.349030       -0.143180        0.585622

     H    4        0.088983       -0.117430       -0.397525
     H    4       -0.117430        0.497941       -0.140619
     H    4       -0.397525       -0.140619       -0.586923

     C    5       -0.078556        0.372467       -0.029916
     C    5        0.372467       -0.339820       -0.300181
     C    5       -0.029916       -0.300181        0.418375

     H    6        0.417059       -0.182105       -0.163933
     H    6       -0.182105       -0.311509       -0.630401
     H    6       -0.163933       -0.630401       -0.105550

     H    7        0.213295       -0.005931       -0.180787
     H    7       -0.005931       -0.413686        0.556415
     H    7       -0.180787        0.556415        0.200390

     C    8       -0.674523       -0.346882       -0.224906
     C    8       -0.346882        0.377070        0.266428
     C    8       -0.224906        0.266428        0.297453

     H    9       -0.506540       -0.062321       -0.276501
     H    9       -0.062321        0.216745        0.335043
     H    9       -0.276501        0.335043        0.289795

     C   10        0.049171       -0.163155       -0.145820
     C   10       -0.163155       -0.136482        0.565225
     C   10       -0.145820        0.565225        0.087311

     C   11       -0.550209       -0.420775       -0.431325
     C   11       -0.420775        0.321455        0.151704
     C   11       -0.431325        0.151704        0.228754

     Cl  12       -0.085802       -0.024797        0.065062
     Cl  12       -0.024797       -0.016766       -0.149842
     Cl  12        0.065062       -0.149842        0.102568

     H   13        0.430100        0.125204       -0.261506
     H   13        0.125204       -0.284491       -0.372421
     H   13       -0.261506       -0.372421       -0.145610

     C   14       -0.889629        0.355138       -0.352681
     C   14        0.355138        0.467832       -0.077545
     C   14       -0.352681       -0.077545        0.421797

     H   15        0.038091        0.160123       -0.465259
     H   15        0.160123       -0.097717        0.160978
     H   15       -0.465259        0.160978        0.059626

     C   16        0.373707        0.091844       -0.080033
     C   16        0.091844       -0.327161       -0.505656
     C   16       -0.080033       -0.505656       -0.046546

     C   17       -0.615414        0.439591       -0.403298
     C   17        0.439591        0.183378       -0.030009
     C   17       -0.403298       -0.030009        0.432036

     Cl  18        0.160366        0.037643       -0.042044
     Cl  18        0.037643       -0.249747        0.060887
     Cl  18       -0.042044        0.060887        0.089381

     H   19        0.242643        0.459892        0.050810
     H   19        0.459892       -0.621965        0.078520
     H   19        0.050810        0.078520        0.379322

     C   20       -0.016391       -0.234511       -0.045559
     C   20       -0.234511       -0.201986        0.281063
     C   20       -0.045559        0.281063        0.218376

     H   21       -0.215025        0.476744        0.004840
     H   21        0.476744       -0.124926       -0.136394
     H   21        0.004840       -0.136394        0.339951

     C   22       -0.188737       -0.085731       -0.006155
     C   22       -0.085731       -0.038572        0.080522
     C   22       -0.006155        0.080522        0.227309

     C   23       -0.074880       -0.046193       -0.063170
     C   23       -0.046193        0.001473        0.348991
     C   23       -0.063170        0.348991        0.073407

     Cl  24       -0.132642       -0.056559       -0.082098
     Cl  24       -0.056559       -0.068915        0.119140
     Cl  24       -0.082098        0.119140        0.201556

     ----- ionic term -----
     Cl   1        0.026214       -0.208392        0.008931
     Cl   1       -0.208392        0.137267       -0.006865
     Cl   1        0.008931       -0.006865       -0.163480

     C    2        0.032890       -0.254780        0.371836
     C    2       -0.254780        0.185882        0.368885
     C    2        0.371836        0.368885       -0.218772

     C    3        0.016804       -0.276275        0.272751
     C    3       -0.276275        0.214984        0.372539
     C    3        0.272751        0.372539       -0.231788

     H    4        0.443160        0.176291        0.804726
     H    4        0.176291       -0.499265        0.201302
     H    4        0.804726        0.201302        0.056105

     C    5        0.175269       -0.304115        0.333378
     C    5       -0.304115        0.094821        0.235499
     C    5        0.333378        0.235499       -0.270090

     H    6       -0.543300        0.088362        0.045983
     H    6        0.088362        0.589270        0.731024
     H    6        0.045983        0.731024       -0.045970

     H    7       -0.446852       -0.311404        0.123364
     H    7       -0.311404        0.838727       -0.512385
     H    7        0.123364       -0.512385       -0.391875

     C    8        0.350955        0.109054        0.147101
     C    8        0.109054        0.086745       -0.279180
     C    8        0.147101       -0.279180       -0.437700

     H    9        0.725655       -0.405388        0.524759
     H    9       -0.405388       -0.352133       -0.239993
     H    9        0.524759       -0.239993       -0.373522

     C   10        0.165183        0.150023        0.084074
     C   10        0.150023        0.222965       -0.431628
     C   10        0.084074       -0.431628       -0.388148

     C   11        0.278119        0.111779        0.137065
     C   11        0.111779        0.106018       -0.413480
     C   11        0.137065       -0.413480       -0.384137

     Cl  12        0.158768        0.199355       -0.043317
     Cl  12        0.199355       -0.040453       -0.035052
     Cl  12       -0.043317       -0.035052       -0.118315

     H   13       -0.504127        0.138119        0.151870
     H   13        0.138119        0.411904        0.764156
     H   13        0.151870        0.764156        0.092224

     C   14        0.172629       -0.247845        0.397911
     C   14       -0.247845        0.024878        0.251056
     C   14        0.397911        0.251056       -0.197506

     H   15        0.471541        0.186388        0.749847
     H   15        0.186388       -0.443550        0.213749
     H   15        0.749847        0.213749       -0.027990

     C   16        0.003444       -0.252231        0.261893
     C   16       -0.252231        0.203854        0.388119
     C   16        0.261893        0.388119       -0.207298

     C   17        0.134706       -0.229140        0.367726
     C   17       -0.229140        0.053933        0.348472
     C   17        0.367726        0.348472       -0.188639

     Cl  18        0.131796       -0.202538        0.027072
     Cl  18       -0.202538        0.013377       -0.010228
     Cl  18        0.027072       -0.010228       -0.145174

     H   19       -0.502650       -0.130617        0.058081
     H   19       -0.130617        0.640855       -0.709449
     H   19        0.058081       -0.709449       -0.138205

     C   20        0.347968        0.171515        0.133370
     C   20        0.171515        0.052934       -0.329010
     C   20        0.133370       -0.329010       -0.400902

     H   21        0.589481       -0.444087        0.564000
     H   21       -0.444087       -0.294038       -0.297463
     H   21        0.564000       -0.297463       -0.295442

     C   22        0.164798        0.186883        0.096954
     C   22        0.186883        0.207448       -0.429372
     C   22        0.096954       -0.429372       -0.372246

     C   23        0.217379        0.145320        0.203749
     C   23        0.145320        0.164568       -0.329416
     C   23        0.203749       -0.329416       -0.381948

     Cl  24        0.082233        0.173929        0.013422
     Cl  24        0.173929        0.071544        0.006342
     Cl  24        0.013422        0.006342       -0.153777

     ----- GIPAW term -----
     Cl   1        1.724772        1.020826       -1.270573
     Cl   1        1.020826       -0.719100       -0.646135
     Cl   1       -1.270573       -0.646135       -1.005672

     C    2        0.033076       -0.228244       -0.164963
     C    2       -0.228244       -0.048501        0.057384
     C    2       -0.164963        0.057384        0.015425

     C    3       -0.221151        0.012388       -0.113200
     C    3        0.012388       -0.066972        0.082389
     C    3       -0.113200        0.082389        0.288122

     H    4       -0.000000        0.000000        0.000000
     H    4        0.000000        0.000000        0.000000
     H    4        0.000000        0.000000        0.000000

     C    5       -0.059562        0.145981        0.098962
     C    5        0.145981       -0.039924        0.111861
     C    5        0.098962        0.111861        0.099487

     H    6       -0.000000        0.000000        0.000000
     H    6        0.000000        0.000000        0.000000
     H    6        0.000000        0.000000        0.000000

     H    7       -0.000000        0.000000        0.000000
     H    7        0.000000        0.000000        0.000000
     H    7        0.000000        0.000000        0.000000

     C    8       -0.197401       -0.049173       -0.019334
     C    8       -0.049173        0.224936        0.147103
     C    8       -0.019334        0.147103       -0.027535

     H    9       -0.000000        0.000000        0.000000
     H    9        0.000000        0.000000        0.000000
     H    9        0.000000        0.000000        0.000000

     C   10       -0.119653       -0.015398       -0.005403
     C   10       -0.015398        0.253800       -0.035909
     C   10       -0.005403       -0.035909       -0.134147

     C   11       -0.104293       -0.114818       -0.052268
     C   11       -0.114818        0.254619        0.004714
     C   11       -0.052268        0.004714       -0.150326

     Cl  12       -0.091256        1.454129        0.577059
     Cl  12        1.454129        0.011680       -1.923535
     Cl  12        0.577059       -1.923535        0.079576

     H   13       -0.000000        0.000000        0.000000
     H   13        0.000000        0.000000        0.000000
     H   13        0.000000        0.000000        0.000000

     C   14       -0.212074       -0.036221       -0.034798
     C   14       -0.036221        0.288153        0.063063
     C   14       -0.034798        0.063063       -0.076079

     H   15       -0.000000        0.000000        0.000000
     H   15        0.000000        0.000000        0.000000
     H   15        0.000000        0.000000        0.000000

     C   16       -0.007534        0.003774        0.009259
     C   16        0.003774        0.095029        0.031990
     C   16        0.009259        0.031990       -0.087495

     C   17       -0.065639        0.075732       -0.014051
     C   17        0.075732        0.114133        0.050669
     C   17       -0.014051        0.050669       -0.048494

     Cl  18       -0.023062       -0.364612       -0.293510
     Cl  18       -0.364612        1.991891       -0.624713
     Cl  18       -0.293510       -0.624713       -1.968829

     H   19       -0.000000        0.000000        0.000000
     H   19        0.000000        0.000000        0.000000
     H   19        0.000000        0.000000        0.000000

     C   20        0.009057       -0.127474       -0.028917
     C   20       -0.127474        0.049880        0.100218
     C   20       -0.028917        0.100218       -0.058937

     H   21       -0.000000        0.000000        0.000000
     H   21        0.000000        0.000000        0.000000
     H   21        0.000000        0.000000        0.000000

     C   22       -0.038554       -0.028552       -0.031382
     C   22       -0.028552        0.024901        0.045777
     C   22       -0.031382        0.045777        0.013653

     C   23       -0.016246       -0.007141       -0.047088
     C   23       -0.007141        0.014790        0.096952
     C   23       -0.047088        0.096952        0.001456

     Cl  24        0.084777        1.583191       -0.922427
     Cl  24        1.583191       -0.729446        1.180709
     Cl  24       -0.922427        1.180709        0.644669

     ----- total EFG -----
     Cl   1        1.518405        1.067193       -1.223531
     Cl   1        1.067193       -0.605867       -0.630709
     Cl   1       -1.223531       -0.630709       -0.912539

     C    2        0.088354       -0.737808       -0.275867
     C    2       -0.737808       -0.150097       -0.051835
     C    2       -0.275867       -0.051835        0.061743

     C    3       -0.755471        0.025648       -0.189480
     C    3        0.025648        0.113516        0.311748
     C    3       -0.189480        0.311748        0.641956

     H    4        0.532143        0.058861        0.407201
     H    4        0.058861       -0.001324        0.060683
     H    4        0.407201        0.060683       -0.530819

     C    5        0.037151        0.214333        0.402424
     C    5        0.214333       -0.284923        0.047179
     C    5        0.402424        0.047179        0.247772

     H    6       -0.126241       -0.093743       -0.117949
     H    6       -0.093743        0.277761        0.100623
     H    6       -0.117949        0.100623       -0.151520

     H    7       -0.233557       -0.317335       -0.057423
     H    7       -0.317335        0.425041        0.044031
     H    7       -0.057423        0.044031       -0.191485

     C    8       -0.520969       -0.287001       -0.097139
     C    8       -0.287001        0.688752        0.134352
     C    8       -0.097139        0.134352       -0.167783

     H    9        0.219115       -0.467710        0.248258
     H    9       -0.467710       -0.135387        0.095050
     H    9        0.248258        0.095050       -0.083727

     C   10        0.094700       -0.028529       -0.067149
     C   10       -0.028529        0.340284        0.097687
     C   10       -0.067149        0.097687       -0.434984

     C   11       -0.376384       -0.423814       -0.346529
     C   11       -0.423814        0.682093       -0.257062
     C   11       -0.346529       -0.257062       -0.305709

     Cl  12       -0.018290        1.628687        0.598804
     Cl  12        1.628687       -0.045539       -2.108429
     Cl  12        0.598804       -2.108429        0.063829

     H   13       -0.074027        0.263323       -0.109637
     H   13        0.263323        0.127413        0.391735
     H   13       -0.109637        0.391735       -0.053386

     C   14       -0.929075        0.071072        0.010432
     C   14        0.071072        0.780863        0.236575
     C   14        0.010432        0.236575        0.148212

     H   15        0.509631        0.346511        0.284588
     H   15        0.346511       -0.541267        0.374727
     H   15        0.284588        0.374727        0.031636

     C   16        0.369617       -0.156614        0.191119
     C   16       -0.156614       -0.028278       -0.085547
     C   16        0.191119       -0.085547       -0.341339

     C   17       -0.546348        0.286183       -0.049623
     C   17        0.286183        0.351445        0.369132
     C   17       -0.049623        0.369132        0.194903

     Cl  18        0.269100       -0.529507       -0.308482
     Cl  18       -0.529507        1.755521       -0.574054
     Cl  18       -0.308482       -0.574054       -2.024621

     H   19       -0.260007        0.329275        0.108890
     H   19        0.329275        0.018890       -0.630930
     H   19        0.108890       -0.630930        0.241117

     C   20        0.340635       -0.190470        0.058894
     C   20       -0.190470       -0.099172        0.052272
     C   20        0.058894        0.052272       -0.241463

     H   21        0.374456        0.032657        0.568840
     H   21        0.032657       -0.418964       -0.433857
     H   21        0.568840       -0.433857        0.044509

     C   22       -0.062494        0.072600        0.059418
     C   22        0.072600        0.193777       -0.303073
     C   22        0.059418       -0.303073       -0.131283

     C   23        0.126254        0.091986        0.093491
     C   23        0.091986        0.180831        0.116527
     C   23        0.093491        0.116527       -0.307085

     Cl  24        0.034369        1.700561       -0.991104
     Cl  24        1.700561       -0.726817        1.306190
     Cl  24       -0.991104        1.306190        0.692448

     ----- total EFG (symmetrized) -----
     Cl   1        1.518405        1.067193       -1.223531
     Cl   1        1.067193       -0.605867       -0.630709
     Cl   1       -1.223531       -0.630709       -0.912539

     C    2        0.088354       -0.737808       -0.275867
     C    2       -0.737808       -0.150097       -0.051835
     C    2       -0.275867       -0.051835        0.061743

     C    3       -0.755471        0.025648       -0.189480
     C    3        0.025648        0.113516        0.311748
     C    3       -0.189480        0.311748        0.641956

     H    4        0.532143        0.058861        0.407201
     H    4        0.058861       -0.001324        0.060683
     H    4        0.407201        0.060683       -0.530819

     C    5        0.037151        0.214333        0.402424
     C    5        0.214333       -0.284923        0.047179
     C    5        0.402424        0.047179        0.247772

     H    6       -0.126241       -0.093743       -0.117949
     H    6       -0.093743        0.277761        0.100623
     H    6       -0.117949        0.100623       -0.151520

     H    7       -0.233557       -0.317335       -0.057423
     H    7       -0.317335        0.425041        0.044031
     H    7       -0.057423        0.044031       -0.191485

     C    8       -0.520969       -0.287001       -0.097139
     C    8       -0.287001        0.688752        0.134352
     C    8       -0.097139        0.134352       -0.167783

     H    9        0.219115       -0.467710        0.248258
     H    9       -0.467710       -0.135387        0.095050
     H    9        0.248258        0.095050       -0.083727

     C   10        0.094700       -0.028529       -0.067149
     C   10       -0.028529        0.340284        0.097687
     C   10       -0.067149        0.097687       -0.434984

     C   11       -0.376384       -0.423814       -0.346529
     C   11       -0.423814        0.682093       -0.257062
     C   11       -0.346529       -0.257062       -0.305709

     Cl  12       -0.018290        1.628687        0.598804
     Cl  12        1.628687       -0.045539       -2.108429
     Cl  12        0.598804       -2.108429        0.063829

     H   13       -0.074027        0.263323       -0.109637
     H   13        0.263323        0.127413        0.391735
     H   13       -0.109637        0.391735       -0.053386

     C   14       -0.929075        0.071072        0.010432
     C   14        0.071072        0.780863        0.236575
     C   14        0.010432        0.236575        0.148212

     H   15        0.509631        0.346511        0.284588
     H   15        0.346511       -0.541267        0.374727
     H   15        0.284588        0.374727        0.031636

     C   16        0.369617       -0.156614        0.191119
     C   16       -0.156614       -0.028278       -0.085547
     C   16        0.191119       -0.085547       -0.341339

     C   17       -0.546348        0.286183       -0.049623
     C   17        0.286183        0.351445        0.369132
     C   17       -0.049623        0.369132        0.194903

     Cl  18        0.269100       -0.529507       -0.308482
     Cl  18       -0.529507        1.755521       -0.574054
     Cl  18       -0.308482       -0.574054       -2.024621

     H   19       -0.260007        0.329275        0.108890
     H   19        0.329275        0.018890       -0.630930
     H   19        0.108890       -0.630930        0.241117

     C   20        0.340635       -0.190470        0.058894
     C   20       -0.190470       -0.099172        0.052272
     C   20        0.058894        0.052272       -0.241463

     H   21        0.374456        0.032657        0.568840
     H   21        0.032657       -0.418964       -0.433857
     H   21        0.568840       -0.433857        0.044509

     C   22       -0.062494        0.072600        0.059418
     C   22        0.072600        0.193777       -0.303073
     C   22        0.059418       -0.303073       -0.131283

     C   23        0.126254        0.091986        0.093491
     C   23        0.091986        0.180831        0.116527
     C   23        0.093491        0.116527       -0.307085

     Cl  24        0.034369        1.700561       -0.991104
     Cl  24        1.700561       -0.726817        1.306190
     Cl  24       -0.991104        1.306190        0.692448


     NQR/NMR SPECTROSCOPIC PARAMETERS:
     Cl   1    Vxx=   -1.0248    axis=( -0.463076  0.860617 -0.211893)
     Cl   1    Vyy=   -1.4873    axis=(  0.242522  0.352984  0.903651)
     Cl   1    Vzz=    2.5121    axis=( -0.852492 -0.367071  0.372177)
     Cl   1  Q=        -8.1650 1e-30 m^2  Cq=       -48.1931 MHz  eta= 0.18410

     C    2    Vxx=    0.0698    axis=(  0.038270 -0.349119  0.936297)
     C    2    Vyy=    0.7630    axis=( -0.759217  0.599056  0.254403)
     C    2    Vzz=   -0.8328    axis=( -0.649711 -0.720589 -0.242131)
     C    2  Q=         1.0000 1e-30 m^2  Cq=        -1.9566 MHz  eta= 0.83237

     C    3    Vxx=   -0.0172    axis=(  0.132341  0.910201 -0.392454)
     C    3    Vyy=   -0.7860    axis=(  0.985769 -0.079451  0.148148)
     C    3    Vzz=    0.8032    axis=( -0.103664  0.406475  0.907762)
     C    3  Q=         1.0000 1e-30 m^2  Cq=         1.8872 MHz  eta= 0.95724

     H    4    Vxx=   -0.0074    axis=(  0.122901 -0.992229 -0.019424)
     H    4    Vyy=   -0.6711    axis=(  0.317480  0.057853 -0.946498)
     H    4    Vzz=    0.6785    axis=(  0.940267  0.110159  0.322123)
     H    4  Q=         1.0000 1e-30 m^2  Cq=         1.5943 MHz  eta= 0.97811

     C    5    Vxx=   -0.1559    axis=(  0.509544  0.633747 -0.582005)
     C    5    Vyy=   -0.4357    axis=( -0.592282  0.748984  0.297029)
     C    5    Vzz=    0.5916    axis=(  0.624153  0.193361  0.756997)
     C    5  Q=         1.0000 1e-30 m^2  Cq=         1.3901 MHz  eta= 0.47290

     H    6    Vxx=   -0.0735    axis=(  0.709068  0.362453 -0.604855)
     H    6    Vyy=   -0.2578    axis=( -0.656614  0.026684 -0.753755)
     H    6    Vzz=    0.3314    axis=( -0.257061  0.931620  0.256913)
     H    6  Q=         1.0000 1e-30 m^2  Cq=         0.7786 MHz  eta= 0.55612

     H    7    Vxx=   -0.1889    axis=(  0.161905  0.153599 -0.974779)
     H    7    Vyy=   -0.3694    axis=(  0.912404  0.352989  0.207166)
     H    7    Vzz=    0.5583    axis=( -0.375906  0.922934  0.082994)
     H    7  Q=         1.0000 1e-30 m^2  Cq=         1.3117 MHz  eta= 0.32330

     C    8    Vxx=   -0.1821    axis=( -0.118849 -0.189542  0.974653)
     C    8    Vyy=   -0.5960    axis=( -0.967237 -0.199682 -0.156777)
     C    8    Vzz=    0.7780    axis=(  0.224337 -0.961354 -0.159600)
     C    8  Q=         1.0000 1e-30 m^2  Cq=         1.8281 MHz  eta= 0.53198

     H    9    Vxx=   -0.0156    axis=(  0.051951  0.488426  0.871058)
     H    9    Vyy=   -0.5631    axis=(  0.559937  0.707984 -0.430382)
     H    9    Vzz=    0.5787    axis=( -0.826905  0.510096 -0.236707)
     H    9  Q=         1.0000 1e-30 m^2  Cq=         1.3597 MHz  eta= 0.94600

     C   10    Vxx=    0.0968    axis=(  0.983445  0.153720 -0.095945)
     C   10    Vyy=    0.3576    axis=( -0.140402  0.981145  0.132825)
     C   10    Vzz=   -0.4544    axis=(  0.114554 -0.117155  0.986485)
     C   10  Q=         1.0000 1e-30 m^2  Cq=        -1.0676 MHz  eta= 0.57396

     C   11    Vxx=   -0.0012    axis=( -0.618801 -0.090238  0.780348)
     C   11    Vyy=   -0.8456    axis=(  0.728629  0.305311  0.613095)
     C   11    Vzz=    0.8467    axis=( -0.293573  0.947968 -0.123176)
     C   11  Q=         1.0000 1e-30 m^2  Cq=         1.9895 MHz  eta= 0.99718

     Cl  12    Vxx=    0.5882    axis=(  0.800298  0.079493  0.594310)
     Cl  12    Vyy=    2.3893    axis=(  0.354770  0.736284 -0.576216)
     Cl  12    Vzz=   -2.9774    axis=(  0.483386 -0.671988 -0.561044)
     Cl  12  Q=        -8.1650 1e-30 m^2  Cq=        57.1208 MHz  eta= 0.60492

     H   13    Vxx=    0.0349    axis=(  0.814811  0.099299 -0.571160)
     H   13    Vyy=    0.4787    axis=( -0.275673 -0.800337 -0.532414)
     H   13    Vzz=   -0.5136    axis=( -0.509988  0.591270 -0.624749)
     H   13  Q=         1.0000 1e-30 m^2  Cq=        -1.2068 MHz  eta= 0.86404

     C   14    Vxx=    0.0697    axis=( -0.012466 -0.314501  0.949175)
     C   14    Vyy=    0.8623    axis=(  0.039458  0.948355  0.314747)
     C   14    Vzz=   -0.9320    axis=( -0.999143  0.041376  0.000587)
     C   14  Q=         1.0000 1e-30 m^2  Cq=        -2.1899 MHz  eta= 0.85046

     H   15    Vxx=   -0.0547    axis=( -0.547154  0.230133  0.804774)
     H   15    Vyy=   -0.7576    axis=( -0.165660  0.912671 -0.373616)
     H   15    Vzz=    0.8123    axis=( -0.820475 -0.337744 -0.461247)
     H   15  Q=         1.0000 1e-30 m^2  Cq=         1.9085 MHz  eta= 0.86533

     C   16    Vxx=   -0.0816    axis=(  0.347348  0.936250 -0.052772)
     C   16    Vyy=   -0.3955    axis=(  0.214247 -0.134021 -0.967542)
     C   16    Vzz=    0.4771    axis=( -0.912933  0.324768 -0.247141)
     C   16  Q=         1.0000 1e-30 m^2  Cq=         1.1209 MHz  eta= 0.65808

     C   17    Vxx=   -0.0216    axis=( -0.351531 -0.508292  0.786171)
     C   17    Vyy=   -0.6602    axis=( -0.922155  0.332798 -0.197168)
     C   17    Vzz=    0.6818    axis=( -0.161417 -0.794283 -0.585713)
     C   17  Q=         1.0000 1e-30 m^2  Cq=         1.6020 MHz  eta= 0.93673

     Cl  18    Vxx=    0.1938    axis=(  0.948297  0.249330 -0.196387)
     Cl  18    Vyy=    1.9776    axis=(  0.274919 -0.954479  0.115714)
     Cl  18    Vzz=   -2.1714    axis=(  0.158596  0.163721  0.973675)
     Cl  18  Q=        -8.1650 1e-30 m^2  Cq=        41.6571 MHz  eta= 0.82153

     H   19    Vxx=   -0.0531    axis=( -0.811065 -0.356298 -0.463924)
     H   19    Vyy=   -0.7346    axis=(  0.570021 -0.659477 -0.490067)
     H   19    Vzz=    0.7876    axis=( -0.131337 -0.661923  0.737976)
     H   19  Q=         1.0000 1e-30 m^2  Cq=         1.8507 MHz  eta= 0.86524

     C   20    Vxx=   -0.1284    axis=(  0.266198  0.814730  0.515125)
     C   20    Vyy=   -0.2854    axis=( -0.222817 -0.467924  0.855219)
     C   20    Vzz=    0.4138    axis=( -0.937812  0.342436 -0.056975)
     C   20  Q=         1.0000 1e-30 m^2  Cq=         0.9722 MHz  eta= 0.37957

     H   21    Vxx=   -0.0628    axis=(  0.585792  0.647486 -0.487453)
     H   21    Vyy=   -0.7864    axis=( -0.314509  0.735928  0.599579)
     H   21    Vzz=    0.8492    axis=( -0.746949  0.197920 -0.634740)
     H   21  Q=         1.0000 1e-30 m^2  Cq=         1.9953 MHz  eta= 0.85211

     C   22    Vxx=   -0.0367    axis=(  0.949897  0.093126  0.298366)
     C   22    Vyy=   -0.3408    axis=( -0.303692  0.500782  0.810548)
     C   22    Vzz=    0.3775    axis=( -0.073933 -0.860549  0.503973)
     C   22  Q=         1.0000 1e-30 m^2  Cq=         0.8870 MHz  eta= 0.80550

     C   23    Vxx=    0.0577    axis=(  0.796249 -0.604872  0.010853)
     C   23    Vyy=    0.2870    axis=(  0.584550  0.773871  0.243773)
     C   23    Vzz=   -0.3447    axis=( -0.155850 -0.187760  0.969772)
     C   23  Q=         1.0000 1e-30 m^2  Cq=        -0.8098 MHz  eta= 0.66547

     Cl  24    Vxx=    1.3762    axis=( -0.815870 -0.400951  0.416646)
     Cl  24    Vyy=    1.4716    axis=(  0.127733  0.577777  0.806137)
     Cl  24    Vzz=   -2.8478    axis=(  0.563950 -0.710923  0.420177)
     Cl  24  Q=        -8.1650 1e-30 m^2  Cq=        54.6338 MHz  eta= 0.03348

     Initialization:
     gipaw_setup  :      9.00s CPU     10.83s WALL (       1 calls)

     Linear response

     Apply operators

     Induced current

     Other routines
     efg          :      9.15s CPU     11.48s WALL (       1 calls)

     General routines
     calbec       :      3.17s CPU      4.26s WALL (      16 calls)
     fft          :      1.62s CPU      6.70s WALL (      15 calls)
     ffts         :      0.04s CPU      0.04s WALL (       2 calls)
     fftw         :      3.19s CPU      3.86s WALL (     672 calls)
     davcio       :      0.01s CPU      0.31s WALL (      32 calls)

     Parallel routines
     fft_scatter  :      2.18s CPU      7.66s WALL (     689 calls)

     Plugins

     GIPAW        :     62.88s CPU     82.21s WALL (       1 calls)
