
     Program QE v.6.0 (svn rev. 13079) starts on  4Jan2017 at 14: 3: 8 

     This program is part of the open-source Quantum ESPRESSO suite
     for quantum simulation of materials; please cite
         "P. Giannozzi et al., J. Phys.:Condens. Matter 21 395502 (2009);
          URL http://www.quantum-espresso.org", 
     in publications or presentations arising from this work. More details at
     http://www.quantum-espresso.org/quote

     Parallel version (MPI), running on     8 processors
     R & G space division:  proc/nbgrp/npool/nimage =       8

     ***** This is GIPAW svn revision unknown      *****

     Parallelizing q-star over 1 images

     Reading data from directory:
     /users/majewski/paradichlorobenzene/pbe/9_constraint/scratch/pbe.ecut100.np8.dt60.pcl2phi-129368.save
     Message from routine read_xml_file:
     file /users/majewski/paradichlorobenzene/pbe/9_constraint/scratch/pbe.ecut100.np8.dt60.pcl2phi-129368.save not guaranteed to be safe for post-processing

   Info: using nr1, nr2, nr3 values from input

   Info: using nr1, nr2, nr3 values from input

     IMPORTANT: XC functional enforced from input :
     Exchange-correlation      =  SLA  PW   PBX  PBC ( 1  4  3  4 0 0)
     Any further DFT definition will be discarded
     Please, verify this is what you really want

               file C.pbe-n-kjpaw_psl.1.0.0.UPF: wavefunction(s)  2S 2P renormalized
               file Cl.pbe-n-kjpaw_psl.1.0.0.UPF: wavefunction(s)  3S 3P renormalized
               file H.pbe-kjpaw_psl.1.0.0.UPF: wavefunction(s)  1S renormalized

     Parallelization info
     --------------------
     sticks:   dense  smooth     PW     G-vecs:    dense   smooth      PW
     Min        3057    1223    332               144436    36536    5170
     Max        3059    1225    333               144437    36537    5171
     Sum       24467    9791   2657              1155489   292295   41363


     Subspace diagonalization in iterative solution of the eigenvalue problem:
     a serial algorithm will be used

     GIPAW projectors -----------------------------------------------
     atom=  C    l=0  rc=    1.2000  rs=    0.8000
     atom=  C    l=0  rc=    1.2000  rs=    0.8000
     atom=  C    l=1  rc=    1.4000  rs=    0.9333
     atom=  C    l=1  rc=    1.4000  rs=    0.9333
     projs nearly linearly dependent: l=1  n1,n2= 1, 2  s=  0.99951561

     atom=  Cl   l=0  rc=    1.6000  rs=    1.0667
     atom=  Cl   l=0  rc=    1.6000  rs=    1.0667
     atom=  Cl   l=1  rc=    1.6000  rs=    1.0667
     atom=  Cl   l=1  rc=    1.6000  rs=    1.0667
     atom=  Cl   l=2  rc=    1.6000  rs=    1.0667
     atom=  Cl   l=2  rc=    1.6000  rs=    1.0667
     projs nearly linearly dependent: l=2  n1,n2= 1, 2  s=  0.99993509

     atom=  H    l=0  rc=    1.0000  rs=    0.6667
     atom=  H    l=0  rc=    1.0000  rs=    0.6667
     projs nearly linearly dependent: l=0  n1,n2= 1, 2  s=  0.99968852
     -----------------------------------------------------------------

     GIPAW integrals: -------------------------------------------
     Atom  i/j   nmr_para   nmr_dia   epr_rmc  epr_para   epr_dia
       C   1 1   0.83E+03  0.17E-01  0.93E+01  0.24E+08  0.24E+03
       C   2 1   0.86E+03 -0.61E-01  0.94E+01  0.25E+08  0.25E+03
       C   2 2   0.90E+03 -0.15E+00  0.97E+01  0.26E+08  0.26E+03
       C   3 3   0.33E+01  0.34E+00  0.18E+01  0.55E+03  0.21E+02
       C   4 3   0.35E+01  0.37E+00  0.20E+01  0.59E+03  0.22E+02
       C   4 4   0.38E+01  0.39E+00  0.22E+01  0.63E+03  0.24E+02
       Cl  1 1   0.14E+04 -0.47E+00  0.84E+01  0.32E+09  0.42E+03
       Cl  2 1   0.21E+04 -0.37E+00  0.12E+02  0.49E+09  0.65E+03
       Cl  2 2   0.33E+04 -0.16E+00  0.21E+02  0.76E+09  0.10E+04
       Cl  3 3   0.21E+02  0.79E-01  0.89E+01  0.23E+05  0.13E+03
       Cl  4 3   0.24E+02  0.67E-01  0.99E+01  0.27E+05  0.15E+03
       Cl  4 4   0.28E+02  0.44E-01  0.11E+02  0.32E+05  0.18E+03
       Cl  5 5   0.77E+00  0.19E+00  0.18E+01  0.12E+03  0.22E+02
       Cl  6 5   0.80E+00  0.19E+00  0.19E+01  0.12E+03  0.23E+02
       Cl  6 6   0.83E+00  0.20E+00  0.19E+01  0.12E+03  0.23E+02
       H   1 1   0.39E+02  0.19E+00  0.29E+00  0.78E+05  0.13E+02
       H   2 1   0.41E+02  0.21E+00  0.32E+00  0.82E+05  0.14E+02
       H   2 2   0.43E+02  0.22E+00  0.36E+00  0.86E+05  0.15E+02
     ------------------------------------------------------------

     alpha_pv=     34.1361 eV

     Number of occupied bands for each k-point:
     k-point:     1    nbnd_occ=  42
     k-point:     2    nbnd_occ=  42
     k-point:     3    nbnd_occ=  42
     k-point:     4    nbnd_occ=  42
     k-point:     5    nbnd_occ=  42
     k-point:     6    nbnd_occ=  42
     k-point:     7    nbnd_occ=  42
     k-point:     8    nbnd_occ=  42
     k-point:     9    nbnd_occ=  42
     k-point:    10    nbnd_occ=  42
     k-point:    11    nbnd_occ=  42
     k-point:    12    nbnd_occ=  42
     k-point:    13    nbnd_occ=  42
     k-point:    14    nbnd_occ=  42
     k-point:    15    nbnd_occ=  42
     k-point:    16    nbnd_occ=  42


     q-space interpolation up to   110.00 Rydberg

     GIPAW job: efg                                                                             


     ELECTRIC FIELD GRADIENTS TENSORS IN Hartree/bohrradius^2:

     ----- bare term -----
     Cl   1        0.050131        0.060184       -0.027552
     Cl   1        0.060184       -0.002345        0.006656
     Cl   1       -0.027552        0.006656       -0.047787

     C    2       -0.739303        0.466154       -0.378666
     C    2        0.466154        0.349366       -0.043397
     C    2       -0.378666       -0.043397        0.389937

     C    3        0.111373        0.164321       -0.126747
     C    3        0.164321       -0.075457       -0.603321
     C    3       -0.126747       -0.603321       -0.035915

     H    4        0.010328        0.071902       -0.506122
     H    4        0.071902        0.005425        0.211898
     H    4       -0.506122        0.211898       -0.015752

     C    5       -0.943100        0.382927       -0.451532
     C    5        0.382927        0.453149       -0.018370
     C    5       -0.451532       -0.018370        0.489951

     H    6        0.468522       -0.010638       -0.074156
     H    6       -0.010638       -0.521628       -0.581286
     H    6       -0.074156       -0.581286        0.053106

     H    7        0.169015        0.430370        0.143383
     H    7        0.430370       -0.495077       -0.110439
     H    7        0.143383       -0.110439        0.326062

     C    8       -0.037150       -0.040080       -0.050787
     C    8       -0.040080       -0.166471        0.081977
     C    8       -0.050787        0.081977        0.203620

     H    9       -0.363066        0.395573        0.192086
     H    9        0.395573        0.157783       -0.124086
     H    9        0.192086       -0.124086        0.205282

     C   10        0.043149        0.008873        0.187123
     C   10        0.008873       -0.096800       -0.044876
     C   10        0.187123       -0.044876        0.053652

     C   11       -0.211212        0.128658       -0.186381
     C   11        0.128658        0.006479        0.383122
     C   11       -0.186381        0.383122        0.204733

     Cl  12        0.027388       -0.123991        0.036481
     Cl  12       -0.123991        0.058480       -0.145504
     Cl  12        0.036481       -0.145504       -0.085868

     H   13        0.447549        0.017525        0.029882
     H   13        0.017525       -0.501622       -0.592218
     H   13        0.029882       -0.592218        0.054072

     C   14       -0.017111       -0.042079       -0.218890
     C   14       -0.042079       -0.242515       -0.337475
     C   14       -0.218890       -0.337475        0.259626

     H   15        0.120411       -0.095326       -0.296038
     H   15       -0.095326        0.297509       -0.412255
     H   15       -0.296038       -0.412255       -0.417920

     C   16       -0.457799        0.350501       -0.287479
     C   16        0.350501        0.250695       -0.059671
     C   16       -0.287479       -0.059671        0.207104

     C   17        0.139021       -0.119857       -0.173232
     C   17       -0.119857       -0.451439       -0.428992
     C   17       -0.173232       -0.428992        0.312418

     Cl  18       -0.152839        0.364280        0.101045
     Cl  18        0.364280        0.068995       -0.033819
     Cl  18        0.101045       -0.033819        0.083844

     H   19        0.125766       -0.046918       -0.448117
     H   19       -0.046918       -0.051804        0.356123
     H   19       -0.448117        0.356123       -0.073962

     C   20       -0.503883       -0.330151       -0.023349
     C   20       -0.330151        0.165643        0.361653
     C   20       -0.023349        0.361653        0.338240

     H   21       -0.495773       -0.230293       -0.261355
     H   21       -0.230293        0.130473        0.250761
     H   21       -0.261355        0.250761        0.365300

     C   22        0.000773        0.026600       -0.252933
     C   22        0.026600       -0.046477        0.636995
     C   22       -0.252933        0.636995        0.045704

     C   23       -0.537910       -0.397790       -0.435676
     C   23       -0.397790        0.322192        0.214146
     C   23       -0.435676        0.214146        0.215718

     Cl  24       -0.000469       -0.086371        0.027918
     Cl  24       -0.086371        0.046597       -0.061348
     Cl  24        0.027918       -0.061348       -0.046128

     ----- ionic term -----
     Cl   1        0.149668       -0.212619        0.031741
     Cl   1       -0.212619        0.003348       -0.013395
     Cl   1        0.031741       -0.013395       -0.153017

     C    2        0.125352       -0.212710        0.340942
     C    2       -0.212710        0.047394        0.359839
     C    2        0.340942        0.359839       -0.172746

     C    3        0.108647       -0.300180        0.285148
     C    3       -0.300180        0.111711        0.290444
     C    3        0.285148        0.290444       -0.220358

     H    4        0.469587        0.202490        0.747440
     H    4        0.202490       -0.455498        0.204001
     H    4        0.747440        0.204001       -0.014090

     C    5        0.176310       -0.279532        0.395736
     C    5       -0.279532        0.011291        0.238218
     C    5        0.395736        0.238218       -0.187601

     H    6       -0.528936        0.014445        0.042725
     H    6        0.014445        0.512098        0.759857
     H    6        0.042725        0.759857        0.016839

     H    7       -0.434233       -0.331987        0.140843
     H    7       -0.331987        0.725649       -0.589636
     H    7        0.140843       -0.589636       -0.291417

     C    8        0.372335        0.044671        0.131789
     C    8        0.044671        0.092682       -0.298485
     C    8        0.131789       -0.298485       -0.465017

     H    9        0.796338       -0.333517        0.521085
     H    9       -0.333517       -0.408653       -0.212437
     H    9        0.521085       -0.212437       -0.387685

     C   10        0.183288        0.116644        0.110541
     C   10        0.116644        0.247027       -0.384117
     C   10        0.110541       -0.384117       -0.430315

     C   11        0.303346        0.063465        0.230890
     C   11        0.063465        0.140354       -0.353914
     C   11        0.230890       -0.353914       -0.443700

     Cl  12        0.129284        0.177494       -0.015310
     Cl  12        0.177494        0.022898       -0.023026
     Cl  12       -0.015310       -0.023026       -0.152182

     H   13       -0.522779        0.082261        0.049026
     H   13        0.082261        0.714787        0.660843
     H   13        0.049026        0.660843       -0.192008

     C   14        0.153074       -0.218094        0.366169
     C   14       -0.218094        0.098814        0.240972
     C   14        0.366169        0.240972       -0.251888

     H   15        0.443930        0.311597        0.764836
     H   15        0.311597       -0.405841        0.284630
     H   15        0.764836        0.284630       -0.038089

     C   16        0.024332       -0.239080        0.273386
     C   16       -0.239080        0.210635        0.365774
     C   16        0.273386        0.365774       -0.234966

     C   17        0.044388       -0.260090        0.355681
     C   17       -0.260090        0.144205        0.379282
     C   17        0.355681        0.379282       -0.188593

     Cl  18        0.096394       -0.217719        0.035627
     Cl  18       -0.217719        0.059720       -0.017902
     Cl  18        0.035627       -0.017902       -0.156114

     H   19       -0.430300       -0.341008        0.192800
     H   19       -0.341008        0.610838       -0.669710
     H   19        0.192800       -0.669710       -0.180538

     C   20        0.365499        0.080174        0.196446
     C   20        0.080174        0.030320       -0.328180
     C   20        0.196446       -0.328180       -0.395820

     H   21        0.786042       -0.303456        0.545497
     H   21       -0.303456       -0.421578       -0.200306
     H   21        0.545497       -0.200306       -0.364465

     C   22        0.188618        0.160746        0.097574
     C   22        0.160746        0.188803       -0.420444
     C   22        0.097574       -0.420444       -0.377421

     C   23        0.279398        0.074666        0.145243
     C   23        0.074666        0.147570       -0.396288
     C   23        0.145243       -0.396288       -0.426968

     Cl  24        0.106136        0.211159       -0.024368
     Cl  24        0.211159        0.024285       -0.027967
     Cl  24       -0.024368       -0.027967       -0.130421

     ----- GIPAW term -----
     Cl   1       -0.097939       -0.863759       -0.134792
     Cl   1       -0.863759        2.671274       -0.107531
     Cl   1       -0.134792       -0.107531       -2.573335

     C    2       -0.153972        0.055865       -0.021649
     C    2        0.055865        0.244690        0.099094
     C    2       -0.021649        0.099094       -0.090718

     C    3       -0.094546        0.036894       -0.008144
     C    3        0.036894        0.244292       -0.074910
     C    3       -0.008144       -0.074910       -0.149746

     H    4       -0.000000        0.000000        0.000000
     H    4        0.000000        0.000000        0.000000
     H    4        0.000000        0.000000        0.000000

     C    5       -0.208602        0.016164       -0.045342
     C    5        0.016164        0.226718        0.139758
     C    5       -0.045342        0.139758       -0.018116

     H    6       -0.000000        0.000000        0.000000
     H    6        0.000000        0.000000        0.000000
     H    6        0.000000        0.000000        0.000000

     H    7       -0.000000        0.000000        0.000000
     H    7        0.000000        0.000000        0.000000
     H    7        0.000000        0.000000        0.000000

     C    8       -0.007606       -0.034774       -0.022312
     C    8       -0.034774        0.008115        0.059110
     C    8       -0.022312        0.059110       -0.000509

     H    9       -0.000000        0.000000        0.000000
     H    9        0.000000        0.000000        0.000000
     H    9        0.000000        0.000000        0.000000

     C   10        0.006935        0.010387        0.018860
     C   10        0.010387        0.003141       -0.018715
     C   10        0.018860       -0.018715       -0.010075

     C   11       -0.066647        0.058250       -0.021635
     C   11        0.058250       -0.027830        0.120860
     C   11       -0.021635        0.120860        0.094477

     Cl  12       -0.629583        0.505482       -0.637936
     Cl  12        0.505482       -0.637622        1.297159
     Cl  12       -0.637936        1.297159        1.267205

     H   13       -0.000000        0.000000        0.000000
     H   13        0.000000        0.000000        0.000000
     H   13        0.000000        0.000000        0.000000

     C   14       -0.100988       -0.055239       -0.042248
     C   14       -0.055239        0.059694        0.143682
     C   14       -0.042248        0.143682        0.041294

     H   15       -0.000000        0.000000        0.000000
     H   15        0.000000        0.000000        0.000000
     H   15        0.000000        0.000000        0.000000

     C   16       -0.089843       -0.002380       -0.064137
     C   16       -0.002380        0.023317        0.068500
     C   16       -0.064137        0.068500        0.066525

     C   17       -0.056043       -0.088394       -0.019324
     C   17       -0.088394       -0.031145        0.120147
     C   17       -0.019324        0.120147        0.087188

     Cl  18       -0.422736       -0.413713       -1.421141
     Cl  18       -0.413713       -1.070676        0.440815
     Cl  18       -1.421141        0.440815        1.493412

     H   19       -0.000000        0.000000        0.000000
     H   19        0.000000        0.000000        0.000000
     H   19        0.000000        0.000000        0.000000

     C   20       -0.150916        0.032398        0.070679
     C   20        0.032398        0.106575        0.198200
     C   20        0.070679        0.198200        0.044341

     H   21       -0.000000        0.000000        0.000000
     H   21        0.000000        0.000000        0.000000
     H   21        0.000000        0.000000        0.000000

     C   22       -0.111864        0.103793       -0.040057
     C   22        0.103793        0.255889        0.072445
     C   22       -0.040057        0.072445       -0.144025

     C   23       -0.111793       -0.100086       -0.064326
     C   23       -0.100086        0.271313        0.029866
     C   23       -0.064326        0.029866       -0.159520

     Cl  24        0.251954        0.030125        0.533312
     Cl  24        0.030125        1.957981       -1.274408
     Cl  24        0.533312       -1.274408       -2.209934

     ----- total EFG -----
     Cl   1        0.101860       -1.016194       -0.130603
     Cl   1       -1.016194        2.672277       -0.114269
     Cl   1       -0.130603       -0.114269       -2.774138

     C    2       -0.767923        0.309309       -0.059372
     C    2        0.309309        0.641449        0.415537
     C    2       -0.059372        0.415537        0.126473

     C    3        0.125473       -0.098965        0.150258
     C    3       -0.098965        0.280546       -0.387787
     C    3        0.150258       -0.387787       -0.406019

     H    4        0.479915        0.274392        0.241318
     H    4        0.274392       -0.450073        0.415900
     H    4        0.241318        0.415900       -0.029842

     C    5       -0.975392        0.119559       -0.101138
     C    5        0.119559        0.691158        0.359606
     C    5       -0.101138        0.359606        0.284235

     H    6       -0.060414        0.003807       -0.031431
     H    6        0.003807       -0.009530        0.178571
     H    6       -0.031431        0.178571        0.069944

     H    7       -0.265218        0.098383        0.284226
     H    7        0.098383        0.230572       -0.700075
     H    7        0.284226       -0.700075        0.034645

     C    8        0.327580       -0.030182        0.058691
     C    8       -0.030182       -0.065674       -0.157398
     C    8        0.058691       -0.157398       -0.261906

     H    9        0.433272        0.062056        0.713171
     H    9        0.062056       -0.250869       -0.336523
     H    9        0.713171       -0.336523       -0.182403

     C   10        0.233372        0.135904        0.316524
     C   10        0.135904        0.153367       -0.447708
     C   10        0.316524       -0.447708       -0.386739

     C   11        0.025487        0.250373        0.022875
     C   11        0.250373        0.119003        0.150067
     C   11        0.022875        0.150067       -0.144490

     Cl  12       -0.472912        0.558985       -0.616765
     Cl  12        0.558985       -0.556244        1.128629
     Cl  12       -0.616765        1.128629        1.029156

     H   13       -0.075230        0.099787        0.078908
     H   13        0.099787        0.213165        0.068625
     H   13        0.078908        0.068625       -0.137935

     C   14        0.034975       -0.315413        0.105032
     C   14       -0.315413       -0.084006        0.047179
     C   14        0.105032        0.047179        0.049032

     H   15        0.564341        0.216271        0.468799
     H   15        0.216271       -0.108333       -0.127625
     H   15        0.468799       -0.127625       -0.456009

     C   16       -0.523310        0.109041       -0.078229
     C   16        0.109041        0.484647        0.374603
     C   16       -0.078229        0.374603        0.038663

     C   17        0.127366       -0.468341        0.163125
     C   17       -0.468341       -0.338379        0.070437
     C   17        0.163125        0.070437        0.211013

     Cl  18       -0.479181       -0.267151       -1.284468
     Cl  18       -0.267151       -0.941961        0.389094
     Cl  18       -1.284468        0.389094        1.421142

     H   19       -0.304534       -0.387926       -0.255317
     H   19       -0.387926        0.559035       -0.313587
     H   19       -0.255317       -0.313587       -0.254500

     C   20       -0.289300       -0.217579        0.243776
     C   20       -0.217579        0.302538        0.231673
     C   20        0.243776        0.231673       -0.013238

     H   21        0.290269       -0.533749        0.284142
     H   21       -0.533749       -0.291104        0.050456
     H   21        0.284142        0.050456        0.000835

     C   22        0.077527        0.291139       -0.195416
     C   22        0.291139        0.398215        0.288996
     C   22       -0.195416        0.288996       -0.475743

     C   23       -0.370305       -0.423211       -0.354759
     C   23       -0.423211        0.741075       -0.152276
     C   23       -0.354759       -0.152276       -0.370770

     Cl  24        0.357621        0.154913        0.536863
     Cl  24        0.154913        2.028862       -1.363723
     Cl  24        0.536863       -1.363723       -2.386483

     ----- total EFG (symmetrized) -----
     Cl   1        0.101860       -1.016194       -0.130603
     Cl   1       -1.016194        2.672277       -0.114269
     Cl   1       -0.130603       -0.114269       -2.774138

     C    2       -0.767923        0.309309       -0.059372
     C    2        0.309309        0.641449        0.415537
     C    2       -0.059372        0.415537        0.126473

     C    3        0.125473       -0.098965        0.150258
     C    3       -0.098965        0.280546       -0.387787
     C    3        0.150258       -0.387787       -0.406019

     H    4        0.479915        0.274392        0.241318
     H    4        0.274392       -0.450073        0.415900
     H    4        0.241318        0.415900       -0.029842

     C    5       -0.975392        0.119559       -0.101138
     C    5        0.119559        0.691158        0.359606
     C    5       -0.101138        0.359606        0.284235

     H    6       -0.060414        0.003807       -0.031431
     H    6        0.003807       -0.009530        0.178571
     H    6       -0.031431        0.178571        0.069944

     H    7       -0.265218        0.098383        0.284226
     H    7        0.098383        0.230572       -0.700075
     H    7        0.284226       -0.700075        0.034645

     C    8        0.327580       -0.030182        0.058691
     C    8       -0.030182       -0.065674       -0.157398
     C    8        0.058691       -0.157398       -0.261906

     H    9        0.433272        0.062056        0.713171
     H    9        0.062056       -0.250869       -0.336523
     H    9        0.713171       -0.336523       -0.182403

     C   10        0.233372        0.135904        0.316524
     C   10        0.135904        0.153367       -0.447708
     C   10        0.316524       -0.447708       -0.386739

     C   11        0.025487        0.250373        0.022875
     C   11        0.250373        0.119003        0.150067
     C   11        0.022875        0.150067       -0.144490

     Cl  12       -0.472912        0.558985       -0.616765
     Cl  12        0.558985       -0.556244        1.128629
     Cl  12       -0.616765        1.128629        1.029156

     H   13       -0.075230        0.099787        0.078908
     H   13        0.099787        0.213165        0.068625
     H   13        0.078908        0.068625       -0.137935

     C   14        0.034975       -0.315413        0.105032
     C   14       -0.315413       -0.084006        0.047179
     C   14        0.105032        0.047179        0.049032

     H   15        0.564341        0.216271        0.468799
     H   15        0.216271       -0.108333       -0.127625
     H   15        0.468799       -0.127625       -0.456009

     C   16       -0.523310        0.109041       -0.078229
     C   16        0.109041        0.484647        0.374603
     C   16       -0.078229        0.374603        0.038663

     C   17        0.127366       -0.468341        0.163125
     C   17       -0.468341       -0.338379        0.070437
     C   17        0.163125        0.070437        0.211013

     Cl  18       -0.479181       -0.267151       -1.284468
     Cl  18       -0.267151       -0.941961        0.389094
     Cl  18       -1.284468        0.389094        1.421142

     H   19       -0.304534       -0.387926       -0.255317
     H   19       -0.387926        0.559035       -0.313587
     H   19       -0.255317       -0.313587       -0.254500

     C   20       -0.289300       -0.217579        0.243776
     C   20       -0.217579        0.302538        0.231673
     C   20        0.243776        0.231673       -0.013238

     H   21        0.290269       -0.533749        0.284142
     H   21       -0.533749       -0.291104        0.050456
     H   21        0.284142        0.050456        0.000835

     C   22        0.077527        0.291139       -0.195416
     C   22        0.291139        0.398215        0.288996
     C   22       -0.195416        0.288996       -0.475743

     C   23       -0.370305       -0.423211       -0.354759
     C   23       -0.423211        0.741075       -0.152276
     C   23       -0.354759       -0.152276       -0.370770

     Cl  24        0.357621        0.154913        0.536863
     Cl  24        0.154913        2.028862       -1.363723
     Cl  24        0.536863       -1.363723       -2.386483


     NQR/NMR SPECTROSCOPIC PARAMETERS:
     Cl   1    Vxx=   -0.2411    axis=(  0.943085  0.326462 -0.063353)
     Cl   1    Vyy=   -2.7851    axis=(  0.056183  0.031357  0.997928)
     Cl   1    Vzz=    3.0262    axis=(  0.327772 -0.944690  0.011231)
     Cl   1  Q=        -8.1650 1e-30 m^2  Cq=       -58.0564 MHz  eta= 0.84064

     C    2    Vxx=   -0.0523    axis=( -0.250982 -0.412592  0.875657)
     C    2    Vyy=   -0.8561    axis=(  0.956934 -0.242099  0.160206)
     C    2    Vzz=    0.9084    axis=(  0.145896  0.878155  0.455586)
     C    2  Q=         1.0000 1e-30 m^2  Cq=         2.1344 MHz  eta= 0.88485

     C    3    Vxx=    0.0783    axis=(  0.919045  0.393042 -0.029573)
     C    3    Vyy=    0.5156    axis=( -0.369630  0.833385 -0.410906)
     C    3    Vzz=   -0.5940    axis=( -0.136858  0.388572  0.911198)
     C    3  Q=         1.0000 1e-30 m^2  Cq=        -1.3956 MHz  eta= 0.73630

     H    4    Vxx=   -0.0133    axis=( -0.563047  0.356322  0.745663)
     H    4    Vyy=   -0.7167    axis=( -0.099944  0.866294 -0.489434)
     H    4    Vzz=    0.7300    axis=(  0.820359  0.350099  0.452152)
     H    4  Q=         1.0000 1e-30 m^2  Cq=         1.7153 MHz  eta= 0.96351

     C    5    Vxx=    0.0948    axis=( -0.136192 -0.491417  0.860210)
     C    5    Vyy=    0.9023    axis=(  0.028253  0.866021  0.499209)
     C    5    Vzz=   -0.9972    axis=( -0.990279  0.092292 -0.104061)
     C    5  Q=         1.0000 1e-30 m^2  Cq=        -2.3429 MHz  eta= 0.80983

     H    6    Vxx=   -0.0569    axis=(  0.970149  0.228484 -0.081275)
     H    6    Vyy=   -0.1581    axis=( -0.228741  0.750840 -0.619610)
     H    6    Vzz=    0.2149    axis=( -0.080546  0.619705  0.780691)
     H    6  Q=         1.0000 1e-30 m^2  Cq=         0.5050 MHz  eta= 0.47069

     H    7    Vxx=   -0.1106    axis=(  0.852475  0.412677  0.320911)
     H    7    Vyy=   -0.7408    axis=(  0.512086 -0.535741 -0.671379)
     H    7    Vzz=    0.8514    axis=(  0.105138 -0.736667  0.668032)
     H    7  Q=         1.0000 1e-30 m^2  Cq=         2.0004 MHz  eta= 0.74020

     C    8    Vxx=    0.0122    axis=(  0.169470  0.869920 -0.463162)
     C    8    Vyy=    0.3390    axis=(  0.984023 -0.123331  0.128410)
     C    8    Vzz=   -0.3513    axis=( -0.054584  0.477523  0.876922)
     C    8  Q=         1.0000 1e-30 m^2  Cq=        -0.8253 MHz  eta= 0.93027

     H    9    Vxx=   -0.0912    axis=(  0.364526  0.865561 -0.343403)
     H    9    Vyy=   -0.8270    axis=( -0.448345  0.486358  0.749962)
     H    9    Vzz=    0.9182    axis=(  0.816154 -0.119418  0.565360)
     H    9  Q=         1.0000 1e-30 m^2  Cq=         2.1574 MHz  eta= 0.80130

     C   10    Vxx=    0.3344    axis=(  0.847091  0.529709  0.042945)
     C   10    Vyy=    0.4236    axis=( -0.419063  0.715471 -0.559006)
     C   10    Vzz=   -0.7580    axis=( -0.326837  0.455533  0.828050)
     C   10  Q=         1.0000 1e-30 m^2  Cq=        -1.7809 MHz  eta= 0.11763

     C   11    Vxx=   -0.1048    axis=( -0.666793  0.283971  0.689019)
     C   11    Vyy=   -0.2564    axis=( -0.456181  0.575576 -0.678683)
     C   11    Vzz=    0.3612    axis=(  0.589309  0.766859  0.254248)
     C   11  Q=         1.0000 1e-30 m^2  Cq=         0.8486 MHz  eta= 0.41977

     Cl  12    Vxx=    0.0055    axis=(  0.818053  0.561203 -0.125861)
     Cl  12    Vyy=    1.6594    axis=(  0.149362 -0.418622 -0.895794)
     Cl  12    Vzz=   -1.6649    axis=( -0.555411  0.714007 -0.426277)
     Cl  12  Q=        -8.1650 1e-30 m^2  Cq=        31.9399 MHz  eta= 0.99344

     H   13    Vxx=   -0.0729    axis=(  0.763341 -0.389802  0.515136)
     H   13    Vyy=   -0.1915    axis=(  0.560202  0.002334 -0.828353)
     H   13    Vzz=    0.2644    axis=(  0.321691  0.920896  0.220150)
     H   13  Q=         1.0000 1e-30 m^2  Cq=         0.6213 MHz  eta= 0.44836

     C   14    Vxx=    0.0640    axis=( -0.006661  0.316487  0.948573)
     C   14    Vyy=    0.3071    axis=( -0.773784  0.599235 -0.205365)
     C   14    Vzz=   -0.3711    axis=( -0.633414 -0.735359  0.240901)
     C   14  Q=         1.0000 1e-30 m^2  Cq=        -0.8720 MHz  eta= 0.65493

     H   15    Vxx=   -0.0694    axis=( -0.047600  0.929924 -0.364658)
     H   15    Vyy=   -0.7058    axis=( -0.375577  0.321620  0.869196)
     H   15    Vzz=    0.7752    axis=(  0.925568  0.178331  0.333949)
     H   15  Q=         1.0000 1e-30 m^2  Cq=         1.8213 MHz  eta= 0.82105

     C   16    Vxx=   -0.1363    axis=( -0.297699 -0.454280  0.839646)
     C   16    Vyy=   -0.5639    axis=( -0.953528  0.184308 -0.238359)
     C   16    Vzz=    0.7002    axis=( -0.046472 -0.871585 -0.488037)
     C   16  Q=         1.0000 1e-30 m^2  Cq=         1.6452 MHz  eta= 0.61076

     C   17    Vxx=    0.1913    axis=(  0.259378 -0.349068 -0.900486)
     C   17    Vyy=    0.4621    axis=( -0.805600  0.436054 -0.401080)
     C   17    Vzz=   -0.6534    axis=( -0.532664 -0.829463  0.168107)
     C   17  Q=         1.0000 1e-30 m^2  Cq=        -1.5353 MHz  eta= 0.41437

     Cl  18    Vxx=   -0.9852    axis=( -0.299196  0.903845 -0.305854)
     Cl  18    Vyy=   -1.1545    axis=( -0.842662 -0.400665 -0.359706)
     Cl  18    Vzz=    2.1397    axis=( -0.447664  0.150109  0.881513)
     Cl  18  Q=        -8.1650 1e-30 m^2  Cq=       -41.0490 MHz  eta= 0.07913

     H   19    Vxx=   -0.0237    axis=(  0.652206  0.026497 -0.757579)
     H   19    Vyy=   -0.7288    axis=(  0.700486  0.360916  0.615678)
     H   19    Vzz=    0.7525    axis=( -0.289736  0.932222 -0.216831)
     H   19  Q=         1.0000 1e-30 m^2  Cq=         1.7682 MHz  eta= 0.93694

     C   20    Vxx=    0.1066    axis=( -0.600383  0.236562 -0.763923)
     C   20    Vyy=    0.4362    axis=(  0.140843 -0.909038 -0.392190)
     C   20    Vzz=   -0.5428    axis=( -0.787213 -0.343057  0.512453)
     C   20  Q=         1.0000 1e-30 m^2  Cq=        -1.2754 MHz  eta= 0.60720

     H   21    Vxx=   -0.0158    axis=( -0.125582  0.409123  0.903796)
     H   21    Vyy=   -0.6648    axis=(  0.530991  0.797254 -0.287113)
     H   21    Vzz=    0.6806    axis=( -0.838020  0.443852 -0.317361)
     H   21  Q=         1.0000 1e-30 m^2  Cq=         1.5991 MHz  eta= 0.95355

     C   22    Vxx=    0.0729    axis=( -0.823890  0.324749  0.464481)
     C   22    Vyy=    0.5944    axis=(  0.438285  0.884682  0.158885)
     C   22    Vzz=   -0.6673    axis=(  0.359320 -0.334479  0.871213)
     C   22  Q=         1.0000 1e-30 m^2  Cq=        -1.5679 MHz  eta= 0.78139

     C   23    Vxx=   -0.0512    axis=( -0.614388 -0.180568  0.768064)
     C   23    Vyy=   -0.8335    axis=(  0.724435  0.256585  0.639811)
     C   23    Vzz=    0.8847    axis=( -0.312603  0.949505 -0.026833)
     C   23  Q=         1.0000 1e-30 m^2  Cq=         2.0787 MHz  eta= 0.88427

     Cl  24    Vxx=    0.4543    axis=(  0.985347  0.045443  0.164398)
     Cl  24    Vyy=    2.4161    axis=(  0.001188  0.962004 -0.273034)
     Cl  24    Vzz=   -2.8704    axis=( -0.170559  0.269228  0.947853)
     Cl  24  Q=        -8.1650 1e-30 m^2  Cq=        55.0679 MHz  eta= 0.68344

     Initialization:
     gipaw_setup  :      9.26s CPU     10.86s WALL (       1 calls)

     Linear response

     Apply operators

     Induced current

     Other routines
     efg          :      9.33s CPU     11.66s WALL (       1 calls)

     General routines
     calbec       :      3.15s CPU      4.15s WALL (      16 calls)
     fft          :      1.51s CPU      2.25s WALL (      15 calls)
     ffts         :      0.04s CPU      0.05s WALL (       2 calls)
     fftw         :      3.41s CPU      4.17s WALL (     672 calls)
     davcio       :      0.03s CPU      0.30s WALL (      32 calls)

     Parallel routines
     fft_scatter  :      2.30s CPU      3.65s WALL (     689 calls)

     Plugins

     GIPAW        :     61.36s CPU     73.19s WALL (       1 calls)
