
     Program QE v.6.0 (svn rev. 13079) starts on 16Dec2016 at  3:55:22 

     This program is part of the open-source Quantum ESPRESSO suite
     for quantum simulation of materials; please cite
         "P. Giannozzi et al., J. Phys.:Condens. Matter 21 395502 (2009);
          URL http://www.quantum-espresso.org", 
     in publications or presentations arising from this work. More details at
     http://www.quantum-espresso.org/quote

     Parallel version (MPI), running on     8 processors
     R & G space division:  proc/nbgrp/npool/nimage =       8

     ***** This is GIPAW svn revision unknown      *****

     Parallelizing q-star over 1 images

     Reading data from directory:
     /users/majewski/paradichlorobenzene/pbe/9_constraint/scratch/pbe.ecut100.np8.dt60.pcl2phi-129368.save
     Message from routine read_xml_file:
     file /users/majewski/paradichlorobenzene/pbe/9_constraint/scratch/pbe.ecut100.np8.dt60.pcl2phi-129368.save not guaranteed to be safe for post-processing

   Info: using nr1, nr2, nr3 values from input

   Info: using nr1, nr2, nr3 values from input

     IMPORTANT: XC functional enforced from input :
     Exchange-correlation      =  SLA  PW   PBX  PBC ( 1  4  3  4 0 0)
     Any further DFT definition will be discarded
     Please, verify this is what you really want

               file C.pbe-n-kjpaw_psl.1.0.0.UPF: wavefunction(s)  2S 2P renormalized
               file Cl.pbe-n-kjpaw_psl.1.0.0.UPF: wavefunction(s)  3S 3P renormalized
               file H.pbe-kjpaw_psl.1.0.0.UPF: wavefunction(s)  1S renormalized

     Parallelization info
     --------------------
     sticks:   dense  smooth     PW     G-vecs:    dense   smooth      PW
     Min        3057    1223    332               144436    36536    5170
     Max        3059    1225    333               144437    36537    5171
     Sum       24467    9791   2657              1155489   292295   41363


     Subspace diagonalization in iterative solution of the eigenvalue problem:
     a serial algorithm will be used

     GIPAW projectors -----------------------------------------------
     atom=  C    l=0  rc=    1.2000  rs=    0.8000
     atom=  C    l=0  rc=    1.2000  rs=    0.8000
     atom=  C    l=1  rc=    1.4000  rs=    0.9333
     atom=  C    l=1  rc=    1.4000  rs=    0.9333
     projs nearly linearly dependent: l=1  n1,n2= 1, 2  s=  0.99951561

     atom=  Cl   l=0  rc=    1.6000  rs=    1.0667
     atom=  Cl   l=0  rc=    1.6000  rs=    1.0667
     atom=  Cl   l=1  rc=    1.6000  rs=    1.0667
     atom=  Cl   l=1  rc=    1.6000  rs=    1.0667
     atom=  Cl   l=2  rc=    1.6000  rs=    1.0667
     atom=  Cl   l=2  rc=    1.6000  rs=    1.0667
     projs nearly linearly dependent: l=2  n1,n2= 1, 2  s=  0.99993509

     atom=  H    l=0  rc=    1.0000  rs=    0.6667
     atom=  H    l=0  rc=    1.0000  rs=    0.6667
     projs nearly linearly dependent: l=0  n1,n2= 1, 2  s=  0.99968852
     -----------------------------------------------------------------

     GIPAW integrals: -------------------------------------------
     Atom  i/j   nmr_para   nmr_dia   epr_rmc  epr_para   epr_dia
       C   1 1   0.83E+03  0.17E-01  0.93E+01  0.24E+08  0.24E+03
       C   2 1   0.86E+03 -0.61E-01  0.94E+01  0.25E+08  0.25E+03
       C   2 2   0.90E+03 -0.15E+00  0.97E+01  0.26E+08  0.26E+03
       C   3 3   0.33E+01  0.34E+00  0.18E+01  0.55E+03  0.21E+02
       C   4 3   0.35E+01  0.37E+00  0.20E+01  0.59E+03  0.22E+02
       C   4 4   0.38E+01  0.39E+00  0.22E+01  0.63E+03  0.24E+02
       Cl  1 1   0.14E+04 -0.47E+00  0.84E+01  0.32E+09  0.42E+03
       Cl  2 1   0.21E+04 -0.37E+00  0.12E+02  0.49E+09  0.65E+03
       Cl  2 2   0.33E+04 -0.16E+00  0.21E+02  0.76E+09  0.10E+04
       Cl  3 3   0.21E+02  0.79E-01  0.89E+01  0.23E+05  0.13E+03
       Cl  4 3   0.24E+02  0.67E-01  0.99E+01  0.27E+05  0.15E+03
       Cl  4 4   0.28E+02  0.44E-01  0.11E+02  0.32E+05  0.18E+03
       Cl  5 5   0.77E+00  0.19E+00  0.18E+01  0.12E+03  0.22E+02
       Cl  6 5   0.80E+00  0.19E+00  0.19E+01  0.12E+03  0.23E+02
       Cl  6 6   0.83E+00  0.20E+00  0.19E+01  0.12E+03  0.23E+02
       H   1 1   0.39E+02  0.19E+00  0.29E+00  0.78E+05  0.13E+02
       H   2 1   0.41E+02  0.21E+00  0.32E+00  0.82E+05  0.14E+02
       H   2 2   0.43E+02  0.22E+00  0.36E+00  0.86E+05  0.15E+02
     ------------------------------------------------------------

     alpha_pv=     34.9032 eV

     Number of occupied bands for each k-point:
     k-point:     1    nbnd_occ=  42
     k-point:     2    nbnd_occ=  42
     k-point:     3    nbnd_occ=  42
     k-point:     4    nbnd_occ=  42
     k-point:     5    nbnd_occ=  42
     k-point:     6    nbnd_occ=  42
     k-point:     7    nbnd_occ=  42
     k-point:     8    nbnd_occ=  42
     k-point:     9    nbnd_occ=  42
     k-point:    10    nbnd_occ=  42
     k-point:    11    nbnd_occ=  42
     k-point:    12    nbnd_occ=  42
     k-point:    13    nbnd_occ=  42
     k-point:    14    nbnd_occ=  42
     k-point:    15    nbnd_occ=  42
     k-point:    16    nbnd_occ=  42


     q-space interpolation up to   110.00 Rydberg

     GIPAW job: efg                                                                             


     ELECTRIC FIELD GRADIENTS TENSORS IN Hartree/bohrradius^2:

     ----- bare term -----
     Cl   1        0.345729        0.035307       -0.190228
     Cl   1        0.035307        0.358071       -0.298098
     Cl   1       -0.190228       -0.298098       -0.703800

     C    2       -0.764634        0.267676       -0.256247
     C    2        0.267676        0.252081       -0.067848
     C    2       -0.256247       -0.067848        0.512552

     C    3        0.092874       -0.100674       -0.175264
     C    3       -0.100674       -0.463451       -0.414494
     C    3       -0.175264       -0.414494        0.370576

     H    4       -0.610327       -0.105845        0.088361
     H    4       -0.105845        0.424183       -0.242706
     H    4        0.088361       -0.242706        0.186144

     C    5       -0.347991        0.338476       -0.378636
     C    5        0.338476       -0.093873       -0.099570
     C    5       -0.378636       -0.099570        0.441864

     H    6       -0.086548       -0.243968       -0.023978
     H    6       -0.243968       -0.303213       -0.422406
     H    6       -0.023978       -0.422406        0.389761

     H    7        0.371478        0.038306       -0.030510
     H    7        0.038306       -0.421435        0.537564
     H    7       -0.030510        0.537564        0.049957

     C    8       -0.420356       -0.211949       -0.370178
     C    8       -0.211949       -0.067754        0.402584
     C    8       -0.370178        0.402584        0.488110

     H    9       -0.166017        0.160989       -0.475416
     H    9        0.160989        0.384523        0.027152
     H    9       -0.475416        0.027152       -0.218506

     C   10       -0.175907       -0.378932       -0.174281
     C   10       -0.378932       -0.281702        0.488522
     C   10       -0.174281        0.488522        0.457609

     C   11       -0.427724        0.118480       -0.233743
     C   11        0.118480       -0.040638        0.453983
     C   11       -0.233743        0.453983        0.468362

     Cl  12        0.045699       -0.297298       -0.044433
     Cl  12       -0.297298       -0.062270        0.024633
     Cl  12       -0.044433        0.024633        0.016571

     H   13        0.128642       -0.505783        0.031512
     H   13       -0.505783       -0.523494       -0.152384
     H   13        0.031512       -0.152384        0.394852

     C   14       -0.000800        0.507150       -0.095152
     C   14        0.507150       -0.257569       -0.413960
     C   14       -0.095152       -0.413960        0.258369

     H   15       -0.429960       -0.369248        0.221899
     H   15       -0.369248        0.255716        0.072996
     H   15        0.221899        0.072996        0.174245

     C   16       -0.239219        0.246333       -0.176259
     C   16        0.246333       -0.197943       -0.437160
     C   16       -0.176259       -0.437160        0.437161

     C   17       -0.183833       -0.187224       -0.338876
     C   17       -0.187224       -0.061979       -0.670217
     C   17       -0.338876       -0.670217        0.245812

     Cl  18       -0.119016        0.206083        0.164291
     Cl  18        0.206083       -0.122055       -0.062687
     Cl  18        0.164291       -0.062687        0.241071

     H   19        0.509764       -0.006113       -0.153244
     H   19       -0.006113        0.048052        0.246332
     H   19       -0.153244        0.246332       -0.557817

     C   20       -0.210050       -0.286770        0.046676
     C   20       -0.286770        0.094939        0.145053
     C   20        0.046676        0.145053        0.115111

     H   21        0.059946       -0.069913       -0.486910
     H   21       -0.069913        0.137654       -0.254691
     H   21       -0.486910       -0.254691       -0.197600

     C   22        0.112634       -0.110399       -0.071650
     C   22       -0.110399       -0.070136        0.208657
     C   22       -0.071650        0.208657       -0.042498

     C   23       -0.198569       -0.230684       -0.321417
     C   23       -0.230684       -0.033417        0.233996
     C   23       -0.321417        0.233996        0.231986

     Cl  24       -0.024366       -0.071220       -0.032862
     Cl  24       -0.071220       -0.012182        0.004416
     Cl  24       -0.032862        0.004416        0.036549

     ----- ionic term -----
     Cl   1        0.097789       -0.196594       -0.083568
     Cl   1       -0.196594        0.009060        0.064447
     Cl   1       -0.083568        0.064447       -0.106849

     C    2        0.336127       -0.060422        0.058456
     C    2       -0.060422        0.076503        0.411631
     C    2        0.058456        0.411631       -0.412631

     C    3        0.132009       -0.101775        0.118306
     C    3       -0.101775        0.205199        0.418968
     C    3        0.118306        0.418968       -0.337208

     H    4        0.659026        0.386506        0.592045
     H    4        0.386506       -0.385325        0.259155
     H    4        0.592045        0.259155       -0.273701

     C    5        0.294488       -0.120009        0.122743
     C    5       -0.120009        0.117683        0.318234
     C    5        0.122743        0.318234       -0.412171

     H    6       -0.518915        0.207271        0.116714
     H    6        0.207271        0.690794        0.705478
     H    6        0.116714        0.705478       -0.171879

     H    7       -0.523879       -0.017646        0.035599
     H    7       -0.017646        0.459660       -0.778336
     H    7        0.035599       -0.778336        0.064219

     C    8        0.208101        0.336039        0.345980
     C    8        0.336039       -0.025251       -0.257216
     C    8        0.345980       -0.257216       -0.182850

     H    9        0.406216       -0.108267        0.785402
     H    9       -0.108267       -0.507850       -0.162969
     H    9        0.785402       -0.162969        0.101633

     C   10        0.107310        0.352021        0.238631
     C   10        0.352021        0.056564       -0.324658
     C   10        0.238631       -0.324658       -0.163874

     C   11        0.130236        0.268473        0.361314
     C   11        0.268473        0.021357       -0.272950
     C   11        0.361314       -0.272950       -0.151593

     Cl  12        0.075547        0.203468        0.059645
     Cl  12        0.203468        0.071051        0.039655
     Cl  12        0.059645        0.039655       -0.146598

     H   13       -0.476427        0.245628        0.072634
     H   13        0.245628        0.757506        0.610422
     H   13        0.072634        0.610422       -0.281079

     C   14        0.394394       -0.137810        0.053609
     C   14       -0.137810        0.108919        0.318549
     C   14        0.053609        0.318549       -0.503313

     H   15        0.938576        0.367741        0.277755
     H   15        0.367741       -0.384572        0.135529
     H   15        0.277755        0.135529       -0.554004

     C   16        0.204210       -0.176623        0.012831
     C   16       -0.176623        0.296561        0.393980
     C   16        0.012831        0.393980       -0.500772

     C   17        0.237392       -0.135981        0.161152
     C   17       -0.135981        0.259122        0.350842
     C   17        0.161152        0.350842       -0.496513

     Cl  18        0.102326       -0.219648       -0.016837
     Cl  18       -0.219648        0.066139        0.019366
     Cl  18       -0.016837        0.019366       -0.168465

     H   19       -0.537516       -0.126559        0.089503
     H   19       -0.126559        0.679566       -0.710736
     H   19        0.089503       -0.710736       -0.142050

     C   20        0.228166        0.312094        0.292181
     C   20        0.312094        0.078571       -0.273293
     C   20        0.292181       -0.273293       -0.306738

     H   21        0.721106       -0.200342        0.653102
     H   21       -0.200342       -0.467046       -0.183390
     H   21        0.653102       -0.183390       -0.254060

     C   22        0.137248        0.339791        0.179373
     C   22        0.339791        0.179936       -0.387039
     C   22        0.179373       -0.387039       -0.317184

     C   23        0.096506        0.302608        0.310877
     C   23        0.302608        0.074569       -0.390298
     C   23        0.310877       -0.390298       -0.171074

     Cl  24        0.116674        0.236777       -0.012642
     Cl  24        0.236777        0.033423       -0.019558
     Cl  24       -0.012642       -0.019558       -0.150097

     ----- GIPAW term -----
     Cl   1        0.334568       -0.417102       -0.222182
     Cl   1       -0.417102        0.199938        0.020226
     Cl   1       -0.222182        0.020226       -0.534506

     C    2       -0.139545        0.028975        0.062732
     C    2        0.028975        0.021650        0.156604
     C    2        0.062732        0.156604        0.117894

     C    3       -0.060133       -0.094351       -0.087746
     C    3       -0.094351       -0.043860        0.123797
     C    3       -0.087746        0.123797        0.103993

     H    4       -0.000000        0.000000        0.000000
     H    4        0.000000        0.000000        0.000000
     H    4        0.000000        0.000000        0.000000

     C    5        0.083522       -0.089863       -0.158583
     C    5       -0.089863       -0.059937        0.079642
     C    5       -0.158583        0.079642       -0.023585

     H    6       -0.000000        0.000000        0.000000
     H    6        0.000000        0.000000        0.000000
     H    6        0.000000        0.000000        0.000000

     H    7       -0.000000        0.000000        0.000000
     H    7        0.000000        0.000000        0.000000
     H    7        0.000000        0.000000        0.000000

     C    8       -0.080425       -0.038329       -0.068081
     C    8       -0.038329       -0.037394        0.111886
     C    8       -0.068081        0.111886        0.117819

     H    9       -0.000000        0.000000        0.000000
     H    9        0.000000        0.000000        0.000000
     H    9        0.000000        0.000000        0.000000

     C   10       -0.028882       -0.052927       -0.019465
     C   10       -0.052927       -0.046272        0.078096
     C   10       -0.019465        0.078096        0.075154

     C   11       -0.129871        0.102701        0.003554
     C   11        0.102701       -0.101821        0.132263
     C   11        0.003554        0.132263        0.231692

     Cl  12        2.301242        0.119062       -0.403383
     Cl  12        0.119062       -0.351171        0.220772
     Cl  12       -0.403383        0.220772       -1.950071

     H   13       -0.000000        0.000000        0.000000
     H   13        0.000000        0.000000        0.000000
     H   13        0.000000        0.000000        0.000000

     C   14        0.085480        0.258801       -0.015168
     C   14        0.258801        0.015659       -0.100919
     C   14       -0.015168       -0.100919       -0.101139

     H   15       -0.000000        0.000000        0.000000
     H   15        0.000000        0.000000        0.000000
     H   15        0.000000        0.000000        0.000000

     C   16       -0.115362        0.074967       -0.113957
     C   16        0.074967       -0.033992       -0.181578
     C   16       -0.113957       -0.181578        0.149354

     C   17       -0.005210       -0.194358       -0.020348
     C   17       -0.194358        0.016134       -0.193540
     C   17       -0.020348       -0.193540       -0.010924

     Cl  18        0.993985       -1.469160        1.559723
     Cl  18       -1.469160       -1.028309       -0.523190
     Cl  18        1.559723       -0.523190        0.034323

     H   19       -0.000000        0.000000        0.000000
     H   19        0.000000        0.000000        0.000000
     H   19        0.000000        0.000000        0.000000

     C   20       -0.056683       -0.002512        0.034983
     C   20       -0.002512        0.014132        0.083532
     C   20        0.034983        0.083532        0.042551

     H   21       -0.000000        0.000000        0.000000
     H   21        0.000000        0.000000        0.000000
     H   21        0.000000        0.000000        0.000000

     C   22       -0.030066       -0.012225       -0.020870
     C   22       -0.012225        0.020901        0.065825
     C   22       -0.020870        0.065825        0.009165

     C   23       -0.052128       -0.032113       -0.081331
     C   23       -0.032113        0.035561        0.127936
     C   23       -0.081331        0.127936        0.016567

     Cl  24        0.461895       -0.541364       -0.983730
     Cl  24       -0.541364        1.282417        1.394564
     Cl  24       -0.983730        1.394564       -1.744312

     ----- total EFG -----
     Cl   1        0.778086       -0.578389       -0.495979
     Cl   1       -0.578389        0.567069       -0.213425
     Cl   1       -0.495979       -0.213425       -1.345155

     C    2       -0.568051        0.236228       -0.135058
     C    2        0.236228        0.350235        0.500387
     C    2       -0.135058        0.500387        0.217816

     C    3        0.164750       -0.296800       -0.144704
     C    3       -0.296800       -0.302111        0.128271
     C    3       -0.144704        0.128271        0.137361

     H    4        0.048699        0.280661        0.680406
     H    4        0.280661        0.038858        0.016448
     H    4        0.680406        0.016448       -0.087557

     C    5        0.030019        0.128605       -0.414476
     C    5        0.128605       -0.036128        0.298307
     C    5       -0.414476        0.298307        0.006108

     H    6       -0.605463       -0.036697        0.092736
     H    6       -0.036697        0.387581        0.283072
     H    6        0.092736        0.283072        0.217882

     H    7       -0.152401        0.020660        0.005089
     H    7        0.020660        0.038225       -0.240772
     H    7        0.005089       -0.240772        0.114176

     C    8       -0.292680        0.085762       -0.092280
     C    8        0.085762       -0.130398        0.257253
     C    8       -0.092280        0.257253        0.423078

     H    9        0.240199        0.052721        0.309986
     H    9        0.052721       -0.123326       -0.135817
     H    9        0.309986       -0.135817       -0.116873

     C   10       -0.097479       -0.079838        0.044885
     C   10       -0.079838       -0.271410        0.241960
     C   10        0.044885        0.241960        0.368889

     C   11       -0.427359        0.489654        0.131124
     C   11        0.489654       -0.121101        0.313296
     C   11        0.131124        0.313296        0.548460

     Cl  12        2.422488        0.025232       -0.388171
     Cl  12        0.025232       -0.342390        0.285060
     Cl  12       -0.388171        0.285060       -2.080098

     H   13       -0.347785       -0.260156        0.104146
     H   13       -0.260156        0.234012        0.458038
     H   13        0.104146        0.458038        0.113774

     C   14        0.479073        0.628142       -0.056711
     C   14        0.628142       -0.132991       -0.196330
     C   14       -0.056711       -0.196330       -0.346083

     H   15        0.508616       -0.001508        0.499654
     H   15       -0.001508       -0.128856        0.208525
     H   15        0.499654        0.208525       -0.379759

     C   16       -0.150370        0.144678       -0.277385
     C   16        0.144678        0.064626       -0.224758
     C   16       -0.277385       -0.224758        0.085743

     C   17        0.048348       -0.517564       -0.198071
     C   17       -0.517564        0.213277       -0.512915
     C   17       -0.198071       -0.512915       -0.261625

     Cl  18        0.977295       -1.482726        1.707177
     Cl  18       -1.482726       -1.084224       -0.566511
     Cl  18        1.707177       -0.566511        0.106929

     H   19       -0.027752       -0.132672       -0.063742
     H   19       -0.132672        0.727618       -0.464403
     H   19       -0.063742       -0.464403       -0.699866

     C   20       -0.038567        0.022812        0.373839
     C   20        0.022812        0.187643       -0.044708
     C   20        0.373839       -0.044708       -0.149076

     H   21        0.781052       -0.270255        0.166192
     H   21       -0.270255       -0.329392       -0.438080
     H   21        0.166192       -0.438080       -0.451660

     C   22        0.219815        0.217167        0.086852
     C   22        0.217167        0.130701       -0.112556
     C   22        0.086852       -0.112556       -0.350516

     C   23       -0.154192        0.039811       -0.091872
     C   23        0.039811        0.076713       -0.028366
     C   23       -0.091872       -0.028366        0.077478

     Cl  24        0.554203       -0.375807       -1.029234
     Cl  24       -0.375807        1.303657        1.379422
     Cl  24       -1.029234        1.379422       -1.857860

     ----- total EFG (symmetrized) -----
     Cl   1        0.778086       -0.578389       -0.495979
     Cl   1       -0.578389        0.567069       -0.213425
     Cl   1       -0.495979       -0.213425       -1.345155

     C    2       -0.568051        0.236228       -0.135058
     C    2        0.236228        0.350235        0.500387
     C    2       -0.135058        0.500387        0.217816

     C    3        0.164750       -0.296800       -0.144704
     C    3       -0.296800       -0.302111        0.128271
     C    3       -0.144704        0.128271        0.137361

     H    4        0.048699        0.280661        0.680406
     H    4        0.280661        0.038858        0.016448
     H    4        0.680406        0.016448       -0.087557

     C    5        0.030019        0.128605       -0.414476
     C    5        0.128605       -0.036128        0.298307
     C    5       -0.414476        0.298307        0.006108

     H    6       -0.605463       -0.036697        0.092736
     H    6       -0.036697        0.387581        0.283072
     H    6        0.092736        0.283072        0.217882

     H    7       -0.152401        0.020660        0.005089
     H    7        0.020660        0.038225       -0.240772
     H    7        0.005089       -0.240772        0.114176

     C    8       -0.292680        0.085762       -0.092280
     C    8        0.085762       -0.130398        0.257253
     C    8       -0.092280        0.257253        0.423078

     H    9        0.240199        0.052721        0.309986
     H    9        0.052721       -0.123326       -0.135817
     H    9        0.309986       -0.135817       -0.116873

     C   10       -0.097479       -0.079838        0.044885
     C   10       -0.079838       -0.271410        0.241960
     C   10        0.044885        0.241960        0.368889

     C   11       -0.427359        0.489654        0.131124
     C   11        0.489654       -0.121101        0.313296
     C   11        0.131124        0.313296        0.548460

     Cl  12        2.422488        0.025232       -0.388171
     Cl  12        0.025232       -0.342390        0.285060
     Cl  12       -0.388171        0.285060       -2.080098

     H   13       -0.347785       -0.260156        0.104146
     H   13       -0.260156        0.234012        0.458038
     H   13        0.104146        0.458038        0.113774

     C   14        0.479073        0.628142       -0.056711
     C   14        0.628142       -0.132991       -0.196330
     C   14       -0.056711       -0.196330       -0.346083

     H   15        0.508616       -0.001508        0.499654
     H   15       -0.001508       -0.128856        0.208525
     H   15        0.499654        0.208525       -0.379759

     C   16       -0.150370        0.144678       -0.277385
     C   16        0.144678        0.064626       -0.224758
     C   16       -0.277385       -0.224758        0.085743

     C   17        0.048348       -0.517564       -0.198071
     C   17       -0.517564        0.213277       -0.512915
     C   17       -0.198071       -0.512915       -0.261625

     Cl  18        0.977295       -1.482726        1.707177
     Cl  18       -1.482726       -1.084224       -0.566511
     Cl  18        1.707177       -0.566511        0.106929

     H   19       -0.027752       -0.132672       -0.063742
     H   19       -0.132672        0.727618       -0.464403
     H   19       -0.063742       -0.464403       -0.699866

     C   20       -0.038567        0.022812        0.373839
     C   20        0.022812        0.187643       -0.044708
     C   20        0.373839       -0.044708       -0.149076

     H   21        0.781052       -0.270255        0.166192
     H   21       -0.270255       -0.329392       -0.438080
     H   21        0.166192       -0.438080       -0.451660

     C   22        0.219815        0.217167        0.086852
     C   22        0.217167        0.130701       -0.112556
     C   22        0.086852       -0.112556       -0.350516

     C   23       -0.154192        0.039811       -0.091872
     C   23        0.039811        0.076713       -0.028366
     C   23       -0.091872       -0.028366        0.077478

     Cl  24        0.554203       -0.375807       -1.029234
     Cl  24       -0.375807        1.303657        1.379422
     Cl  24       -1.029234        1.379422       -1.857860


     NQR/NMR SPECTROSCOPIC PARAMETERS:
     Cl   1    Vxx=    0.2269    axis=(  0.561601  0.777600 -0.282743)
     Cl   1    Vyy=    1.2850    axis=(  0.789102 -0.606131 -0.099620)
     Cl   1    Vzz=   -1.5119    axis=(  0.248844  0.167167  0.954008)
     Cl   1  Q=        -8.1650 1e-30 m^2  Cq=        29.0055 MHz  eta= 0.69979

     C    2    Vxx=   -0.0859    axis=( -0.463541 -0.547865  0.696400)
     C    2    Vyy=   -0.7089    axis=( -0.883452  0.346197 -0.315690)
     C    2    Vzz=    0.7948    axis=( -0.068136 -0.761572 -0.644489)
     C    2  Q=         1.0000 1e-30 m^2  Cq=         1.8675 MHz  eta= 0.78374

     C    3    Vxx=    0.0222    axis=(  0.528445 -0.153344  0.835004)
     C    3    Vyy=    0.4291    axis=( -0.741325  0.395985  0.541880)
     C    3    Vzz=   -0.4513    axis=( -0.413743 -0.905363  0.095578)
     C    3  Q=         1.0000 1e-30 m^2  Cq=        -1.0603 MHz  eta= 0.90150

     H    4    Vxx=    0.0091    axis=(  0.075804 -0.923329  0.376454)
     H    4    Vyy=    0.7355    axis=( -0.730105 -0.308531 -0.609718)
     H    4    Vzz=   -0.7446    axis=(  0.679118 -0.228632 -0.697515)
     H    4  Q=         1.0000 1e-30 m^2  Cq=        -1.7496 MHz  eta= 0.97553

     C    5    Vxx=    0.1062    axis=( -0.552774 -0.819242 -0.152587)
     C    5    Vyy=    0.4665    axis=( -0.616738  0.279045  0.736049)
     C    5    Vzz=   -0.5727    axis=(  0.560424 -0.500975  0.659506)
     C    5  Q=         1.0000 1e-30 m^2  Cq=        -1.3456 MHz  eta= 0.62910

     H    6    Vxx=    0.0220    axis=(  0.151434 -0.595591  0.788885)
     H    6    Vyy=    0.5988    axis=(  0.021807  0.799908  0.599727)
     H    6    Vzz=   -0.6208    axis=( -0.988227 -0.073615  0.134121)
     H    6  Q=         1.0000 1e-30 m^2  Cq=        -1.4586 MHz  eta= 0.92922

     H    7    Vxx=   -0.1396    axis=( -0.826278 -0.416831 -0.378835)
     H    7    Vyy=   -0.1805    axis=(  0.562898 -0.635251 -0.528774)
     H    7    Vzz=    0.3201    axis=( -0.020246 -0.650160  0.759528)
     H    7  Q=         1.0000 1e-30 m^2  Cq=         0.7522 MHz  eta= 0.12761

     C    8    Vxx=   -0.1461    axis=( -0.600317 -0.760813  0.246543)
     C    8    Vyy=   -0.3818    axis=( -0.796893  0.542944 -0.264903)
     C    8    Vzz=    0.5279    axis=( -0.067682  0.355494  0.932225)
     C    8  Q=         1.0000 1e-30 m^2  Cq=         1.2403 MHz  eta= 0.44650

     H    9    Vxx=   -0.0426    axis=(  0.283319  0.868734 -0.406240)
     H    9    Vyy=   -0.3777    axis=( -0.423285  0.493379  0.759873)
     H    9    Vzz=    0.4204    axis=(  0.860558 -0.043331  0.507506)
     H    9  Q=         1.0000 1e-30 m^2  Cq=         0.9877 MHz  eta= 0.79721

     C   10    Vxx=   -0.0695    axis=(  0.952562 -0.297012  0.066408)
     C   10    Vyy=   -0.3811    axis=(  0.302669  0.901622 -0.308981)
     C   10    Vzz=    0.4506    axis=(  0.031896  0.314423  0.948747)
     C   10  Q=         1.0000 1e-30 m^2  Cq=         1.0587 MHz  eta= 0.69171

     C   11    Vxx=    0.0313    axis=(  0.542513  0.650474 -0.531567)
     C   11    Vyy=    0.7612    axis=(  0.280969  0.455833  0.844555)
     C   11    Vzz=   -0.7924    axis=( -0.791667  0.607536 -0.064533)
     C   11  Q=         1.0000 1e-30 m^2  Cq=        -1.8619 MHz  eta= 0.92111

     Cl  12    Vxx=   -0.2973    axis=(  0.012975  0.987810  0.155120)
     Cl  12    Vyy=   -2.1584    axis=( -0.084256  0.155662 -0.984211)
     Cl  12    Vzz=    2.4557    axis=( -0.996360 -0.000300  0.085249)
     Cl  12  Q=        -8.1650 1e-30 m^2  Cq=       -47.1115 MHz  eta= 0.75787

     H   13    Vxx=   -0.0760    axis=( -0.642828  0.413371 -0.644901)
     H   13    Vyy=   -0.5771    axis=( -0.754120 -0.489276  0.438078)
     H   13    Vzz=    0.6531    axis=( -0.134446  0.767941  0.626251)
     H   13  Q=         1.0000 1e-30 m^2  Cq=         1.5345 MHz  eta= 0.76723

     C   14    Vxx=   -0.2878    axis=(  0.357926 -0.359173  0.861907)
     C   14    Vyy=   -0.6029    axis=(  0.417739 -0.763939 -0.491824)
     C   14    Vzz=    0.8907    axis=( -0.835094 -0.536089  0.123393)
     C   14  Q=         1.0000 1e-30 m^2  Cq=         2.0928 MHz  eta= 0.35372

     H   15    Vxx=   -0.0695    axis=(  0.226597 -0.937239 -0.265021)
     H   15    Vyy=   -0.6718    axis=(  0.367734  0.334285 -0.867770)
     H   15    Vzz=    0.7414    axis=(  0.901901  0.099177  0.420403)
     H   15  Q=         1.0000 1e-30 m^2  Cq=         1.7419 MHz  eta= 0.81243

     C   16    Vxx=   -0.1193    axis=( -0.323142  0.823726  0.465890)
     C   16    Vyy=   -0.3338    axis=( -0.831218 -0.011714 -0.555823)
     C   16    Vzz=    0.4531    axis=( -0.452389 -0.566866  0.688481)
     C   16  Q=         1.0000 1e-30 m^2  Cq=         1.0645 MHz  eta= 0.47358

     C   17    Vxx=    0.0951    axis=(  0.712544  0.193770 -0.674339)
     C   17    Vyy=    0.7409    axis=( -0.510915  0.802020 -0.309403)
     C   17    Vzz=   -0.8359    axis=(  0.480880  0.564994  0.670474)
     C   17  Q=         1.0000 1e-30 m^2  Cq=        -1.9641 MHz  eta= 0.77258

     Cl  18    Vxx=   -0.9616    axis=( -0.348055  0.475265  0.808072)
     Cl  18    Vyy=   -1.9299    axis=(  0.547913  0.802550 -0.236019)
     Cl  18    Vzz=    2.8915    axis=( -0.760690  0.360605 -0.539735)
     Cl  18  Q=        -8.1650 1e-30 m^2  Cq=       -55.4716 MHz  eta= 0.33489

     H   19    Vxx=   -0.0290    axis=(  0.985420  0.080941 -0.149653)
     H   19    Vyy=   -0.8496    axis=( -0.120404 -0.289700 -0.949514)
     H   19    Vzz=    0.8786    axis=( -0.120209  0.953689 -0.275731)
     H   19  Q=         1.0000 1e-30 m^2  Cq=         2.0644 MHz  eta= 0.93406

     C   20    Vxx=    0.1897    axis=( -0.142448 -0.989444 -0.026612)
     C   20    Vyy=    0.2856    axis=(  0.745822 -0.124973  0.654317)
     C   20    Vzz=   -0.4753    axis=( -0.650736  0.073358  0.755752)
     C   20  Q=         1.0000 1e-30 m^2  Cq=        -1.1168 MHz  eta= 0.20168

     H   21    Vxx=   -0.0637    axis=(  0.346057  0.692194 -0.633334)
     H   21    Vyy=   -0.8346    axis=(  0.034543  0.665185  0.745879)
     H   21    Vzz=    0.8983    axis=( -0.937577  0.279994 -0.206282)
     H   21  Q=         1.0000 1e-30 m^2  Cq=         2.1107 MHz  eta= 0.85824

     C   22    Vxx=    0.0096    axis=( -0.590770  0.718531 -0.367020)
     C   22    Vyy=    0.3970    axis=( -0.773794 -0.633413  0.005470)
     C   22    Vzz=   -0.4066    axis=( -0.228545  0.287229  0.930197)
     C   22  Q=         1.0000 1e-30 m^2  Cq=        -0.9554 MHz  eta= 0.95258

     C   23    Vxx=    0.0523    axis=( -0.095869  0.816540  0.569272)
     C   23    Vyy=    0.1370    axis=(  0.317330  0.567137 -0.760038)
     C   23    Vzz=   -0.1893    axis=( -0.943457  0.107783 -0.313483)
     C   23  Q=         1.0000 1e-30 m^2  Cq=        -0.4447 MHz  eta= 0.44773

     Cl  24    Vxx=    0.4338    axis=(  0.860002  0.503463 -0.083196)
     Cl  24    Vyy=    2.1688    axis=( -0.436978  0.810790  0.389449)
     Cl  24    Vzz=   -2.6025    axis=(  0.263528 -0.298572  0.917283)
     Cl  24  Q=        -8.1650 1e-30 m^2  Cq=        49.9286 MHz  eta= 0.66666

     Initialization:
     gipaw_setup  :      8.98s CPU     10.66s WALL (       1 calls)

     Linear response

     Apply operators

     Induced current

     Other routines
     efg          :      9.21s CPU     11.94s WALL (       1 calls)

     General routines
     calbec       :      3.12s CPU      4.05s WALL (      16 calls)
     fft          :      1.92s CPU      3.17s WALL (      15 calls)
     ffts         :      0.04s CPU      0.06s WALL (       2 calls)
     fftw         :      3.18s CPU      4.08s WALL (     672 calls)
     davcio       :      0.01s CPU      0.35s WALL (      32 calls)

     Parallel routines
     fft_scatter  :      2.48s CPU      4.57s WALL (     689 calls)

     Plugins

     GIPAW        :     60.66s CPU     73.42s WALL (       1 calls)
