
     Program QE v.6.0 (svn rev. 13079) starts on  7Jan2017 at  8:27:37 

     This program is part of the open-source Quantum ESPRESSO suite
     for quantum simulation of materials; please cite
         "P. Giannozzi et al., J. Phys.:Condens. Matter 21 395502 (2009);
          URL http://www.quantum-espresso.org", 
     in publications or presentations arising from this work. More details at
     http://www.quantum-espresso.org/quote

     Parallel version (MPI), running on     8 processors
     R & G space division:  proc/nbgrp/npool/nimage =       8

     ***** This is GIPAW svn revision unknown      *****

     Parallelizing q-star over 1 images

     Reading data from directory:
     /users/majewski/paradichlorobenzene/pbe/9_constraint/scratch/pbe.ecut100.np8.dt60.pcl2phi-129368.save
     Message from routine read_xml_file:
     file /users/majewski/paradichlorobenzene/pbe/9_constraint/scratch/pbe.ecut100.np8.dt60.pcl2phi-129368.save not guaranteed to be safe for post-processing

   Info: using nr1, nr2, nr3 values from input

   Info: using nr1, nr2, nr3 values from input

     IMPORTANT: XC functional enforced from input :
     Exchange-correlation      =  SLA  PW   PBX  PBC ( 1  4  3  4 0 0)
     Any further DFT definition will be discarded
     Please, verify this is what you really want

               file C.pbe-n-kjpaw_psl.1.0.0.UPF: wavefunction(s)  2S 2P renormalized
               file Cl.pbe-n-kjpaw_psl.1.0.0.UPF: wavefunction(s)  3S 3P renormalized
               file H.pbe-kjpaw_psl.1.0.0.UPF: wavefunction(s)  1S renormalized

     Parallelization info
     --------------------
     sticks:   dense  smooth     PW     G-vecs:    dense   smooth      PW
     Min        3057    1223    332               144436    36536    5170
     Max        3059    1225    333               144437    36537    5171
     Sum       24467    9791   2657              1155489   292295   41363


     Subspace diagonalization in iterative solution of the eigenvalue problem:
     a serial algorithm will be used

     GIPAW projectors -----------------------------------------------
     atom=  C    l=0  rc=    1.2000  rs=    0.8000
     atom=  C    l=0  rc=    1.2000  rs=    0.8000
     atom=  C    l=1  rc=    1.4000  rs=    0.9333
     atom=  C    l=1  rc=    1.4000  rs=    0.9333
     projs nearly linearly dependent: l=1  n1,n2= 1, 2  s=  0.99951561

     atom=  Cl   l=0  rc=    1.6000  rs=    1.0667
     atom=  Cl   l=0  rc=    1.6000  rs=    1.0667
     atom=  Cl   l=1  rc=    1.6000  rs=    1.0667
     atom=  Cl   l=1  rc=    1.6000  rs=    1.0667
     atom=  Cl   l=2  rc=    1.6000  rs=    1.0667
     atom=  Cl   l=2  rc=    1.6000  rs=    1.0667
     projs nearly linearly dependent: l=2  n1,n2= 1, 2  s=  0.99993509

     atom=  H    l=0  rc=    1.0000  rs=    0.6667
     atom=  H    l=0  rc=    1.0000  rs=    0.6667
     projs nearly linearly dependent: l=0  n1,n2= 1, 2  s=  0.99968852
     -----------------------------------------------------------------

     GIPAW integrals: -------------------------------------------
     Atom  i/j   nmr_para   nmr_dia   epr_rmc  epr_para   epr_dia
       C   1 1   0.83E+03  0.17E-01  0.93E+01  0.24E+08  0.24E+03
       C   2 1   0.86E+03 -0.61E-01  0.94E+01  0.25E+08  0.25E+03
       C   2 2   0.90E+03 -0.15E+00  0.97E+01  0.26E+08  0.26E+03
       C   3 3   0.33E+01  0.34E+00  0.18E+01  0.55E+03  0.21E+02
       C   4 3   0.35E+01  0.37E+00  0.20E+01  0.59E+03  0.22E+02
       C   4 4   0.38E+01  0.39E+00  0.22E+01  0.63E+03  0.24E+02
       Cl  1 1   0.14E+04 -0.47E+00  0.84E+01  0.32E+09  0.42E+03
       Cl  2 1   0.21E+04 -0.37E+00  0.12E+02  0.49E+09  0.65E+03
       Cl  2 2   0.33E+04 -0.16E+00  0.21E+02  0.76E+09  0.10E+04
       Cl  3 3   0.21E+02  0.79E-01  0.89E+01  0.23E+05  0.13E+03
       Cl  4 3   0.24E+02  0.67E-01  0.99E+01  0.27E+05  0.15E+03
       Cl  4 4   0.28E+02  0.44E-01  0.11E+02  0.32E+05  0.18E+03
       Cl  5 5   0.77E+00  0.19E+00  0.18E+01  0.12E+03  0.22E+02
       Cl  6 5   0.80E+00  0.19E+00  0.19E+01  0.12E+03  0.23E+02
       Cl  6 6   0.83E+00  0.20E+00  0.19E+01  0.12E+03  0.23E+02
       H   1 1   0.39E+02  0.19E+00  0.29E+00  0.78E+05  0.13E+02
       H   2 1   0.41E+02  0.21E+00  0.32E+00  0.82E+05  0.14E+02
       H   2 2   0.43E+02  0.22E+00  0.36E+00  0.86E+05  0.15E+02
     ------------------------------------------------------------

     alpha_pv=     34.1762 eV

     Number of occupied bands for each k-point:
     k-point:     1    nbnd_occ=  42
     k-point:     2    nbnd_occ=  42
     k-point:     3    nbnd_occ=  42
     k-point:     4    nbnd_occ=  42
     k-point:     5    nbnd_occ=  42
     k-point:     6    nbnd_occ=  42
     k-point:     7    nbnd_occ=  42
     k-point:     8    nbnd_occ=  42
     k-point:     9    nbnd_occ=  42
     k-point:    10    nbnd_occ=  42
     k-point:    11    nbnd_occ=  42
     k-point:    12    nbnd_occ=  42
     k-point:    13    nbnd_occ=  42
     k-point:    14    nbnd_occ=  42
     k-point:    15    nbnd_occ=  42
     k-point:    16    nbnd_occ=  42


     q-space interpolation up to   110.00 Rydberg

     GIPAW job: efg                                                                             


     ELECTRIC FIELD GRADIENTS TENSORS IN Hartree/bohrradius^2:

     ----- bare term -----
     Cl   1       -0.255442        0.273312        0.105115
     Cl   1        0.273312       -0.024670       -0.133360
     Cl   1        0.105115       -0.133360        0.280112

     C    2       -0.058954       -0.307896       -0.376315
     C    2       -0.307896        0.013596       -0.724125
     C    2       -0.376315       -0.724125        0.045358

     C    3       -0.494264        0.319944       -0.017492
     C    3        0.319944        0.083226       -0.411629
     C    3       -0.017492       -0.411629        0.411038

     H    4       -0.103848       -0.420951       -0.130716
     H    4       -0.420951       -0.311331        0.123526
     H    4       -0.130716        0.123526        0.415179

     C    5       -0.068601       -0.361251       -0.477361
     C    5       -0.361251       -0.054000       -0.534291
     C    5       -0.477361       -0.534291        0.122601

     H    6        0.201837        0.327714       -0.062280
     H    6        0.327714       -0.568690       -0.250708
     H    6       -0.062280       -0.250708        0.366854

     H    7       -0.091225       -0.038267        0.346087
     H    7       -0.038267        0.075213        0.414003
     H    7        0.346087        0.414003        0.016012

     C    8       -0.268144       -0.088932       -0.470866
     C    8       -0.088932        0.279787        0.175448
     C    8       -0.470866        0.175448       -0.011643

     H    9        0.093123        0.084842       -0.179011
     H    9        0.084842        0.496452       -0.014383
     H    9       -0.179011       -0.014383       -0.589575

     C   10        0.063654       -0.458129       -0.048613
     C   10       -0.458129       -0.319932        0.148724
     C   10       -0.048613        0.148724        0.256277

     C   11       -0.044845       -0.057388       -0.596041
     C   11       -0.057388       -0.111064        0.495138
     C   11       -0.596041        0.495138        0.155909

     Cl  12       -0.174529       -0.084297       -0.074250
     Cl  12       -0.084297       -0.128281        0.002721
     Cl  12       -0.074250        0.002721        0.302810

     H   13        0.373580        0.021361       -0.194205
     H   13        0.021361       -0.393215       -0.500001
     H   13       -0.194205       -0.500001        0.019635

     C   14       -0.595627        0.304489       -0.367767
     C   14        0.304489        0.160725       -0.095766
     C   14       -0.367767       -0.095766        0.434902

     H   15       -0.740330       -0.035578       -0.039880
     H   15       -0.035578        0.411894       -0.188040
     H   15       -0.039880       -0.188040        0.328436

     C   16        0.100877       -0.158153       -0.465447
     C   16       -0.158153       -0.341459       -0.507113
     C   16       -0.465447       -0.507113        0.240582

     C   17       -0.310739        0.409129       -0.331030
     C   17        0.409129       -0.154452       -0.225106
     C   17       -0.331030       -0.225106        0.465190

     Cl  18       -0.074306        0.000552        0.016688
     Cl  18        0.000552        0.073099       -0.061023
     Cl  18        0.016688       -0.061023        0.001207

     H   19        0.416577        0.113239       -0.033069
     H   19        0.113239       -0.690261        0.327939
     H   19       -0.033069        0.327939        0.273684

     C   20       -0.203009       -0.355105       -0.264469
     C   20       -0.355105       -0.150094        0.462496
     C   20       -0.264469        0.462496        0.353103

     H   21       -0.074854        0.257746       -0.486942
     H   21        0.257746        0.205582        0.438688
     H   21       -0.486942        0.438688       -0.130728

     C   22       -0.457851       -0.342085       -0.318342
     C   22       -0.342085        0.073707        0.272361
     C   22       -0.318342        0.272361        0.384143

     C   23        0.082954       -0.581466        0.113007
     C   23       -0.581466       -0.490852        0.414380
     C   23        0.113007        0.414380        0.407898

     Cl  24       -0.079062       -0.001269       -0.086475
     Cl  24       -0.001269        0.066090       -0.012767
     Cl  24       -0.086475       -0.012767        0.012972

     ----- ionic term -----
     Cl   1        0.132660       -0.220604       -0.025920
     Cl   1       -0.220604        0.021034        0.028249
     Cl   1       -0.025920        0.028249       -0.153694

     C    2        0.254051       -0.141571        0.173428
     C    2       -0.141571        0.157877        0.421204
     C    2        0.173428        0.421204       -0.411929

     C    3        0.178071       -0.064685        0.081144
     C    3       -0.064685        0.210600        0.410772
     C    3        0.081144        0.410772       -0.388671

     H    4        0.607394        0.583827        0.436607
     H    4        0.583827       -0.199215        0.267891
     H    4        0.436607        0.267891       -0.408178

     C    5        0.387296       -0.055423        0.146803
     C    5       -0.055423        0.031083        0.317708
     C    5        0.146803        0.317708       -0.418379

     H    6       -0.510289        0.049589        0.012145
     H    6        0.049589        0.792841        0.635503
     H    6        0.012145        0.635503       -0.282552

     H    7       -0.526413        0.073616       -0.014103
     H    7        0.073616        0.577457       -0.748069
     H    7       -0.014103       -0.748069       -0.051044

     C    8        0.256477        0.311885        0.386142
     C    8        0.311885       -0.056618       -0.259681
     C    8        0.386142       -0.259681       -0.199859

     H    9        0.354840       -0.176332        0.786487
     H    9       -0.176332       -0.476558       -0.234728
     H    9        0.786487       -0.234728        0.121717

     C   10        0.177253        0.373225        0.254025
     C   10        0.373225        0.043963       -0.320570
     C   10        0.254025       -0.320570       -0.221216

     C   11        0.224886        0.210306        0.315236
     C   11        0.210306       -0.023971       -0.383428
     C   11        0.315236       -0.383428       -0.200915

     Cl  12        0.191510        0.201394        0.050478
     Cl  12        0.201394       -0.058365        0.016742
     Cl  12        0.050478        0.016742       -0.133145

     H   13       -0.494969        0.020351        0.037996
     H   13        0.020351        0.484441        0.778400
     H   13        0.037996        0.778400        0.010527

     C   14        0.413565       -0.153942        0.187584
     C   14       -0.153942       -0.052541        0.333054
     C   14        0.187584        0.333054       -0.361023

     H   15        0.636545        0.317336        0.586459
     H   15        0.317336       -0.453458        0.246369
     H   15        0.586459        0.246369       -0.183086

     C   16        0.232714       -0.218824        0.112421
     C   16       -0.218824        0.080321        0.411889
     C   16        0.112421        0.411889       -0.313035

     C   17        0.333185       -0.106575        0.152935
     C   17       -0.106575        0.044923        0.428013
     C   17        0.152935        0.428013       -0.378108

     Cl  18        0.169914       -0.233106       -0.032287
     Cl  18       -0.233106       -0.011933        0.012811
     Cl  18       -0.032287        0.012811       -0.157981

     H   19       -0.522015        0.011910        0.008343
     H   19        0.011910        0.713304       -0.683604
     H   19        0.008343       -0.683604       -0.191289

     C   20        0.245720        0.211216        0.338904
     C   20        0.211216        0.039569       -0.292825
     C   20        0.338904       -0.292825       -0.285289

     H   21        0.367648       -0.317164        0.709828
     H   21       -0.317164       -0.400578       -0.330928
     H   21        0.709828       -0.330928        0.032930

     C   22        0.104304        0.304908        0.222137
     C   22        0.304908        0.202245       -0.367680
     C   22        0.222137       -0.367680       -0.306549

     C   23        0.157583        0.285733        0.356922
     C   23        0.285733        0.072552       -0.333164
     C   23        0.356922       -0.333164       -0.230135

     Cl  24        0.156604        0.230209        0.036611
     Cl  24        0.230209       -0.001016        0.027324
     Cl  24        0.036611        0.027324       -0.155587

     ----- GIPAW term -----
     Cl   1       -0.447837       -1.475873        1.317406
     Cl   1       -1.475873       -0.252549       -1.849845
     Cl   1        1.317406       -1.849845        0.700386

     C    2       -0.009601       -0.238713       -0.033573
     C    2       -0.238713        0.160975       -0.167294
     C    2       -0.033573       -0.167294       -0.151374

     C    3       -0.175616       -0.048051        0.049746
     C    3       -0.048051        0.181054       -0.182350
     C    3        0.049746       -0.182350       -0.005438

     H    4       -0.000000        0.000000        0.000000
     H    4        0.000000        0.000000        0.000000
     H    4        0.000000        0.000000        0.000000

     C    5        0.126749       -0.255464       -0.064619
     C    5       -0.255464       -0.006098       -0.099778
     C    5       -0.064619       -0.099778       -0.120651

     H    6       -0.000000        0.000000        0.000000
     H    6        0.000000        0.000000        0.000000
     H    6        0.000000        0.000000        0.000000

     H    7       -0.000000        0.000000        0.000000
     H    7        0.000000        0.000000        0.000000
     H    7        0.000000        0.000000        0.000000

     C    8        0.127622       -0.111538       -0.049628
     C    8       -0.111538       -0.005982        0.002141
     C    8       -0.049628        0.002141       -0.121640

     H    9       -0.000000        0.000000        0.000000
     H    9        0.000000        0.000000        0.000000
     H    9        0.000000        0.000000        0.000000

     C   10        0.104156       -0.054949       -0.080767
     C   10       -0.054949       -0.098323        0.003821
     C   10       -0.080767        0.003821       -0.005832

     C   11        0.111651       -0.015228       -0.220725
     C   11       -0.015228       -0.048430        0.145641
     C   11       -0.220725        0.145641       -0.063221

     Cl  12       -0.322606        1.626359       -0.673652
     Cl  12        1.626359       -1.240367        0.057435
     Cl  12       -0.673652        0.057435        1.562973

     H   13       -0.000000        0.000000        0.000000
     H   13        0.000000        0.000000        0.000000
     H   13        0.000000        0.000000        0.000000

     C   14       -0.072311       -0.114194       -0.102686
     C   14       -0.114194        0.110078        0.093357
     C   14       -0.102686        0.093357       -0.037766

     H   15       -0.000000        0.000000        0.000000
     H   15        0.000000        0.000000        0.000000
     H   15        0.000000        0.000000        0.000000

     C   16        0.125909       -0.134838       -0.240068
     C   16       -0.134838       -0.121019       -0.012316
     C   16       -0.240068       -0.012316       -0.004890

     C   17        0.093439       -0.059696       -0.212309
     C   17       -0.059696       -0.124782        0.027114
     C   17       -0.212309        0.027114        0.031342

     Cl  18        1.301124       -0.750791       -1.986944
     Cl  18       -0.750791       -0.861236       -0.973869
     Cl  18       -1.986944       -0.973869       -0.439889

     H   19       -0.000000        0.000000        0.000000
     H   19        0.000000        0.000000        0.000000
     H   19        0.000000        0.000000        0.000000

     C   20       -0.003088       -0.147104       -0.056458
     C   20       -0.147104        0.008243        0.136419
     C   20       -0.056458        0.136419       -0.005155

     H   21       -0.000000        0.000000        0.000000
     H   21        0.000000        0.000000        0.000000
     H   21        0.000000        0.000000        0.000000

     C   22       -0.118984       -0.124768       -0.037004
     C   22       -0.124768        0.091399       -0.029046
     C   22       -0.037004       -0.029046        0.027585

     C   23        0.183169       -0.102139        0.185961
     C   23       -0.102139       -0.154477       -0.022902
     C   23        0.185961       -0.022902       -0.028692

     Cl  24        0.916310        0.206016        1.614825
     Cl  24        0.206016       -0.454780       -1.291897
     Cl  24        1.614825       -1.291897       -0.461530

     ----- total EFG -----
     Cl   1       -0.570619       -1.423165        1.396601
     Cl   1       -1.423165       -0.256185       -1.954956
     Cl   1        1.396601       -1.954956        0.826804

     C    2        0.185497       -0.688180       -0.236460
     C    2       -0.688180        0.332448       -0.470216
     C    2       -0.236460       -0.470216       -0.517945

     C    3       -0.491809        0.207207        0.113397
     C    3        0.207207        0.474880       -0.183206
     C    3        0.113397       -0.183206        0.016929

     H    4        0.503546        0.162876        0.305891
     H    4        0.162876       -0.510546        0.391417
     H    4        0.305891        0.391417        0.007001

     C    5        0.445444       -0.672138       -0.395177
     C    5       -0.672138       -0.029015       -0.316361
     C    5       -0.395177       -0.316361       -0.416429

     H    6       -0.308452        0.377302       -0.050135
     H    6        0.377302        0.224150        0.384795
     H    6       -0.050135        0.384795        0.084302

     H    7       -0.617638        0.035348        0.331983
     H    7        0.035348        0.652671       -0.334066
     H    7        0.331983       -0.334066       -0.035032

     C    8        0.115956        0.111415       -0.134351
     C    8        0.111415        0.217187       -0.082093
     C    8       -0.134351       -0.082093       -0.333143

     H    9        0.447964       -0.091489        0.607476
     H    9       -0.091489        0.019894       -0.249111
     H    9        0.607476       -0.249111       -0.467858

     C   10        0.345063       -0.139853        0.124646
     C   10       -0.139853       -0.374291       -0.168024
     C   10        0.124646       -0.168024        0.029228

     C   11        0.291692        0.137691       -0.501530
     C   11        0.137691       -0.183465        0.257351
     C   11       -0.501530        0.257351       -0.108227

     Cl  12       -0.305625        1.743456       -0.697423
     Cl  12        1.743456       -1.427013        0.076898
     Cl  12       -0.697423        0.076898        1.732638

     H   13       -0.121388        0.041712       -0.156209
     H   13        0.041712        0.091226        0.278399
     H   13       -0.156209        0.278399        0.030162

     C   14       -0.254374        0.036352       -0.282869
     C   14        0.036352        0.218261        0.330644
     C   14       -0.282869        0.330644        0.036112

     H   15       -0.103785        0.281758        0.546579
     H   15        0.281758       -0.041564        0.058329
     H   15        0.546579        0.058329        0.145349

     C   16        0.459500       -0.511816       -0.593094
     C   16       -0.511816       -0.382157       -0.107540
     C   16       -0.593094       -0.107540       -0.077343

     C   17        0.115886        0.242858       -0.390404
     C   17        0.242858       -0.234311        0.230021
     C   17       -0.390404        0.230021        0.118425

     Cl  18        1.396732       -0.983344       -2.002544
     Cl  18       -0.983344       -0.800069       -1.022081
     Cl  18       -2.002544       -1.022081       -0.596663

     H   19       -0.105438        0.125150       -0.024726
     H   19        0.125150        0.023043       -0.355665
     H   19       -0.024726       -0.355665        0.082395

     C   20        0.039624       -0.290993        0.017977
     C   20       -0.290993       -0.102282        0.306090
     C   20        0.017977        0.306090        0.062658

     H   21        0.292794       -0.059417        0.222886
     H   21       -0.059417       -0.194997        0.107760
     H   21        0.222886        0.107760       -0.097797

     C   22       -0.472531       -0.161945       -0.133209
     C   22       -0.161945        0.367352       -0.124365
     C   22       -0.133209       -0.124365        0.105179

     C   23        0.423706       -0.397872        0.655889
     C   23       -0.397872       -0.572777        0.058315
     C   23        0.655889        0.058315        0.149071

     Cl  24        0.993852        0.434956        1.564961
     Cl  24        0.434956       -0.389707       -1.277340
     Cl  24        1.564961       -1.277340       -0.604145

     ----- total EFG (symmetrized) -----
     Cl   1       -0.570619       -1.423165        1.396601
     Cl   1       -1.423165       -0.256185       -1.954956
     Cl   1        1.396601       -1.954956        0.826804

     C    2        0.185497       -0.688180       -0.236460
     C    2       -0.688180        0.332448       -0.470216
     C    2       -0.236460       -0.470216       -0.517945

     C    3       -0.491809        0.207207        0.113397
     C    3        0.207207        0.474880       -0.183206
     C    3        0.113397       -0.183206        0.016929

     H    4        0.503546        0.162876        0.305891
     H    4        0.162876       -0.510546        0.391417
     H    4        0.305891        0.391417        0.007001

     C    5        0.445444       -0.672138       -0.395177
     C    5       -0.672138       -0.029015       -0.316361
     C    5       -0.395177       -0.316361       -0.416429

     H    6       -0.308452        0.377302       -0.050135
     H    6        0.377302        0.224150        0.384795
     H    6       -0.050135        0.384795        0.084302

     H    7       -0.617638        0.035348        0.331983
     H    7        0.035348        0.652671       -0.334066
     H    7        0.331983       -0.334066       -0.035032

     C    8        0.115956        0.111415       -0.134351
     C    8        0.111415        0.217187       -0.082093
     C    8       -0.134351       -0.082093       -0.333143

     H    9        0.447964       -0.091489        0.607476
     H    9       -0.091489        0.019894       -0.249111
     H    9        0.607476       -0.249111       -0.467858

     C   10        0.345063       -0.139853        0.124646
     C   10       -0.139853       -0.374291       -0.168024
     C   10        0.124646       -0.168024        0.029228

     C   11        0.291692        0.137691       -0.501530
     C   11        0.137691       -0.183465        0.257351
     C   11       -0.501530        0.257351       -0.108227

     Cl  12       -0.305625        1.743456       -0.697423
     Cl  12        1.743456       -1.427013        0.076898
     Cl  12       -0.697423        0.076898        1.732638

     H   13       -0.121388        0.041712       -0.156209
     H   13        0.041712        0.091226        0.278399
     H   13       -0.156209        0.278399        0.030162

     C   14       -0.254374        0.036352       -0.282869
     C   14        0.036352        0.218261        0.330644
     C   14       -0.282869        0.330644        0.036112

     H   15       -0.103785        0.281758        0.546579
     H   15        0.281758       -0.041564        0.058329
     H   15        0.546579        0.058329        0.145349

     C   16        0.459500       -0.511816       -0.593094
     C   16       -0.511816       -0.382157       -0.107540
     C   16       -0.593094       -0.107540       -0.077343

     C   17        0.115886        0.242858       -0.390404
     C   17        0.242858       -0.234311        0.230021
     C   17       -0.390404        0.230021        0.118425

     Cl  18        1.396732       -0.983344       -2.002544
     Cl  18       -0.983344       -0.800069       -1.022081
     Cl  18       -2.002544       -1.022081       -0.596663

     H   19       -0.105438        0.125150       -0.024726
     H   19        0.125150        0.023043       -0.355665
     H   19       -0.024726       -0.355665        0.082395

     C   20        0.039624       -0.290993        0.017977
     C   20       -0.290993       -0.102282        0.306090
     C   20        0.017977        0.306090        0.062658

     H   21        0.292794       -0.059417        0.222886
     H   21       -0.059417       -0.194997        0.107760
     H   21        0.222886        0.107760       -0.097797

     C   22       -0.472531       -0.161945       -0.133209
     C   22       -0.161945        0.367352       -0.124365
     C   22       -0.133209       -0.124365        0.105179

     C   23        0.423706       -0.397872        0.655889
     C   23       -0.397872       -0.572777        0.058315
     C   23        0.655889        0.058315        0.149071

     Cl  24        0.993852        0.434956        1.564961
     Cl  24        0.434956       -0.389707       -1.277340
     Cl  24        1.564961       -1.277340       -0.604145


     NQR/NMR SPECTROSCOPIC PARAMETERS:
     Cl   1    Vxx=   -1.3891    axis=(  0.717658 -0.231705 -0.656719)
     Cl   1    Vyy=   -1.9299    axis=( -0.528266 -0.795598 -0.296579)
     Cl   1    Vzz=    3.3190    axis=( -0.453766  0.559765 -0.693369)
     Cl   1  Q=        -8.1650 1e-30 m^2  Cq=       -63.6743 MHz  eta= 0.16293

     C    2    Vxx=   -0.0008    axis=(  0.641109  0.398805 -0.655693)
     C    2    Vyy=   -0.9780    axis=(  0.446817  0.500678  0.741402)
     C    2    Vzz=    0.9787    axis=( -0.623966  0.768294 -0.142796)
     C    2  Q=         1.0000 1e-30 m^2  Cq=         2.2997 MHz  eta= 0.99847

     C    3    Vxx=    0.0089    axis=(  0.303984  0.228475  0.924875)
     C    3    Vyy=    0.5640    axis=( -0.155086 -0.945999  0.284666)
     C    3    Vzz=   -0.5729    axis=(  0.939969 -0.229969 -0.252135)
     C    3  Q=         1.0000 1e-30 m^2  Cq=        -1.3461 MHz  eta= 0.96879

     H    4    Vxx=   -0.0144    axis=(  0.556078 -0.394555 -0.731507)
     H    4    Vyy=   -0.7210    axis=(  0.001277  0.880541 -0.473969)
     H    4    Vzz=    0.7354    axis=( -0.831129 -0.262630 -0.490153)
     H    4  Q=         1.0000 1e-30 m^2  Cq=         1.7279 MHz  eta= 0.96081

     C    5    Vxx=    0.0163    axis=( -0.300078 -0.618540  0.726196)
     C    5    Vyy=    0.9374    axis=( -0.832864  0.541040  0.116677)
     C    5    Vzz=   -0.9538    axis=( -0.465070 -0.569810 -0.677514)
     C    5  Q=         1.0000 1e-30 m^2  Cq=        -2.2410 MHz  eta= 0.96576

     H    6    Vxx=   -0.0346    axis=( -0.566461 -0.309719  0.763673)
     H    6    Vyy=   -0.5896    axis=( -0.770862  0.526784 -0.358148)
     H    6    Vzz=    0.6242    axis=( -0.291366 -0.791564 -0.537153)
     H    6  Q=         1.0000 1e-30 m^2  Cq=         1.4665 MHz  eta= 0.88923

     H    7    Vxx=   -0.0053    axis=(  0.457265  0.382961  0.802651)
     H    7    Vyy=   -0.7894    axis=(  0.886546 -0.124922 -0.445456)
     H    7    Vzz=    0.7947    axis=(  0.070324 -0.915279  0.396635)
     H    7  Q=         1.0000 1e-30 m^2  Cq=         1.8673 MHz  eta= 0.98668

     C    8    Vxx=    0.0541    axis=(  0.782241 -0.606380 -0.142838)
     C    8    Vyy=    0.3205    axis=(  0.572997  0.790300 -0.217027)
     C    8    Vzz=   -0.3746    axis=(  0.244486  0.087922  0.965659)
     C    8  Q=         1.0000 1e-30 m^2  Cq=        -0.8802 MHz  eta= 0.71107

     H    9    Vxx=    0.0119    axis=(  0.318671  0.943900 -0.086613)
     H    9    Vyy=    0.7999    axis=(  0.854250 -0.246400  0.457760)
     H    9    Vzz=   -0.8117    axis=(  0.410738 -0.219864 -0.884847)
     H    9  Q=         1.0000 1e-30 m^2  Cq=        -1.9073 MHz  eta= 0.97077

     C   10    Vxx=    0.0125    axis=(  0.424175  0.227411 -0.876561)
     C   10    Vyy=    0.4333    axis=( -0.897672  0.233236 -0.373881)
     C   10    Vzz=   -0.4458    axis=(  0.119422  0.945455  0.303073)
     C   10  Q=         1.0000 1e-30 m^2  Cq=        -1.0475 MHz  eta= 0.94391

     C   11    Vxx=    0.0022    axis=(  0.337331  0.839835  0.425305)
     C   11    Vyy=    0.6329    axis=(  0.820799 -0.041163 -0.569732)
     C   11    Vzz=   -0.6351    axis=( -0.460974  0.541278 -0.703222)
     C   11  Q=         1.0000 1e-30 m^2  Cq=        -1.4922 MHz  eta= 0.99318

     Cl  12    Vxx=    0.7167    axis=( -0.692260 -0.578491 -0.431422)
     Cl  12    Vyy=    2.0318    axis=( -0.404530 -0.183993  0.895825)
     Cl  12    Vzz=   -2.7484    axis=( -0.597605  0.794666 -0.106646)
     Cl  12  Q=        -8.1650 1e-30 m^2  Cq=        52.7276 MHz  eta= 0.47849

     H   13    Vxx=   -0.0276    axis=( -0.789470 -0.512896  0.337157)
     H   13    Vyy=   -0.3254    axis=( -0.591287  0.488143 -0.641947)
     H   13    Vzz=    0.3530    axis=(  0.164672 -0.706154 -0.688643)
     H   13  Q=         1.0000 1e-30 m^2  Cq=         0.8294 MHz  eta= 0.84375

     C   14    Vxx=   -0.0060    axis=(  0.635395  0.604783 -0.480115)
     C   14    Vyy=   -0.4944    axis=( -0.743756  0.312161 -0.591086)
     C   14    Vzz=    0.5005    axis=( -0.207606  0.732661  0.648157)
     C   14  Q=         1.0000 1e-30 m^2  Cq=         1.1759 MHz  eta= 0.97589

     H   15    Vxx=   -0.0501    axis=( -0.066684 -0.889525  0.451993)
     H   15    Vyy=   -0.6046    axis=(  0.774473 -0.331755 -0.538637)
     H   15    Vzz=    0.6547    axis=(  0.629082  0.314138  0.711037)
     H   15  Q=         1.0000 1e-30 m^2  Cq=         1.5383 MHz  eta= 0.84701

     C   16    Vxx=   -0.1234    axis=(  0.175618 -0.653350  0.736405)
     C   16    Vyy=   -0.8302    axis=( -0.508291 -0.700790 -0.500534)
     C   16    Vzz=    0.9536    axis=( -0.843089  0.286406  0.455163)
     C   16  Q=         1.0000 1e-30 m^2  Cq=         2.2405 MHz  eta= 0.74124

     C   17    Vxx=    0.0811    axis=(  0.475781  0.727203  0.494781)
     C   17    Vyy=    0.5077    axis=(  0.710193  0.014249 -0.703863)
     C   17    Vzz=   -0.5888    axis=( -0.518902  0.686275 -0.509675)
     C   17  Q=         1.0000 1e-30 m^2  Cq=        -1.3834 MHz  eta= 0.72456

     Cl  18    Vxx=    0.1381    axis=( -0.218575  0.814538 -0.537357)
     Cl  18    Vyy=    2.6661    axis=(  0.861542 -0.097501 -0.498235)
     Cl  18    Vzz=   -2.8042    axis=(  0.458224  0.571858  0.680448)
     Cl  18  Q=        -8.1650 1e-30 m^2  Cq=        53.7967 MHz  eta= 0.90152

     H   19    Vxx=   -0.0987    axis=( -0.922356 -0.122407 -0.366437)
     H   19    Vyy=   -0.3311    axis=( -0.335532  0.723977  0.602724)
     H   19    Vzz=    0.4297    axis=(  0.191514  0.678877 -0.708836)
     H   19  Q=         1.0000 1e-30 m^2  Cq=         1.0096 MHz  eta= 0.54084

     C   20    Vxx=    0.0684    axis=(  0.732822 -0.030376  0.679743)
     C   20    Vyy=    0.3938    axis=( -0.503365  0.647971  0.571627)
     C   20    Vzz=   -0.4622    axis=(  0.457817  0.761059 -0.459557)
     C   20  Q=         1.0000 1e-30 m^2  Cq=        -1.0859 MHz  eta= 0.70417

     H   21    Vxx=   -0.0743    axis=( -0.276425  0.712269  0.645184)
     H   21    Vyy=   -0.3197    axis=(  0.302775  0.701699 -0.644939)
     H   21    Vzz=    0.3940    axis=(  0.912095 -0.017068  0.409624)
     H   21  Q=         1.0000 1e-30 m^2  Cq=         0.9258 MHz  eta= 0.62271

     C   22    Vxx=    0.1104    axis=( -0.284476  0.266391  0.920929)
     C   22    Vyy=    0.4295    axis=(  0.123314 -0.942470  0.310714)
     C   22    Vzz=   -0.5399    axis=(  0.950719  0.201954  0.235260)
     C   22  Q=         1.0000 1e-30 m^2  Cq=        -1.2685 MHz  eta= 0.59120

     C   23    Vxx=   -0.1884    axis=( -0.421213  0.545911  0.724266)
     C   23    Vyy=   -0.8169    axis=(  0.450508  0.819016 -0.355325)
     C   23    Vzz=    1.0054    axis=( -0.787161  0.176621 -0.590917)
     C   23  Q=         1.0000 1e-30 m^2  Cq=         2.3622 MHz  eta= 0.62516

     Cl  24    Vxx=    0.4250    axis=(  0.420738  0.822989 -0.381664)
     Cl  24    Vyy=    1.9981    axis=(  0.811680 -0.153611  0.563542)
     Cl  24    Vzz=   -2.4231    axis=(  0.405161 -0.546893 -0.732634)
     Cl  24  Q=        -8.1650 1e-30 m^2  Cq=        46.4860 MHz  eta= 0.64919

     Initialization:
     gipaw_setup  :      9.01s CPU     10.86s WALL (       1 calls)

     Linear response

     Apply operators

     Induced current

     Other routines
     efg          :      9.32s CPU     11.47s WALL (       1 calls)

     General routines
     calbec       :      3.30s CPU      4.22s WALL (      16 calls)
     fft          :      1.53s CPU      2.37s WALL (      15 calls)
     ffts         :      0.04s CPU      0.05s WALL (       2 calls)
     fftw         :      3.29s CPU      3.80s WALL (     672 calls)
     davcio       :      0.03s CPU      0.33s WALL (      32 calls)

     Parallel routines
     fft_scatter  :      2.12s CPU      3.38s WALL (     689 calls)

     Plugins

     GIPAW        :     60.28s CPU     72.25s WALL (       1 calls)
