
     Program QE v.6.0 (svn rev. 13079) starts on 18Jan2017 at  8: 0: 9 

     This program is part of the open-source Quantum ESPRESSO suite
     for quantum simulation of materials; please cite
         "P. Giannozzi et al., J. Phys.:Condens. Matter 21 395502 (2009);
          URL http://www.quantum-espresso.org", 
     in publications or presentations arising from this work. More details at
     http://www.quantum-espresso.org/quote

     Parallel version (MPI), running on     8 processors
     R & G space division:  proc/nbgrp/npool/nimage =       8

     ***** This is GIPAW svn revision unknown      *****

     Parallelizing q-star over 1 images

     Reading data from directory:
     /users/majewski/paradichlorobenzene/pbe/9_constraint/scratch/pbe.ecut100.np8.dt60.pcl2phi-129368.save
     Message from routine read_xml_file:
     file /users/majewski/paradichlorobenzene/pbe/9_constraint/scratch/pbe.ecut100.np8.dt60.pcl2phi-129368.save not guaranteed to be safe for post-processing

   Info: using nr1, nr2, nr3 values from input

   Info: using nr1, nr2, nr3 values from input

     IMPORTANT: XC functional enforced from input :
     Exchange-correlation      =  SLA  PW   PBX  PBC ( 1  4  3  4 0 0)
     Any further DFT definition will be discarded
     Please, verify this is what you really want

               file C.pbe-n-kjpaw_psl.1.0.0.UPF: wavefunction(s)  2S 2P renormalized
               file Cl.pbe-n-kjpaw_psl.1.0.0.UPF: wavefunction(s)  3S 3P renormalized
               file H.pbe-kjpaw_psl.1.0.0.UPF: wavefunction(s)  1S renormalized

     Parallelization info
     --------------------
     sticks:   dense  smooth     PW     G-vecs:    dense   smooth      PW
     Min        3057    1223    332               144436    36536    5170
     Max        3059    1225    333               144437    36537    5171
     Sum       24467    9791   2657              1155489   292295   41363


     Subspace diagonalization in iterative solution of the eigenvalue problem:
     a serial algorithm will be used

     GIPAW projectors -----------------------------------------------
     atom=  C    l=0  rc=    1.2000  rs=    0.8000
     atom=  C    l=0  rc=    1.2000  rs=    0.8000
     atom=  C    l=1  rc=    1.4000  rs=    0.9333
     atom=  C    l=1  rc=    1.4000  rs=    0.9333
     projs nearly linearly dependent: l=1  n1,n2= 1, 2  s=  0.99951561

     atom=  Cl   l=0  rc=    1.6000  rs=    1.0667
     atom=  Cl   l=0  rc=    1.6000  rs=    1.0667
     atom=  Cl   l=1  rc=    1.6000  rs=    1.0667
     atom=  Cl   l=1  rc=    1.6000  rs=    1.0667
     atom=  Cl   l=2  rc=    1.6000  rs=    1.0667
     atom=  Cl   l=2  rc=    1.6000  rs=    1.0667
     projs nearly linearly dependent: l=2  n1,n2= 1, 2  s=  0.99993509

     atom=  H    l=0  rc=    1.0000  rs=    0.6667
     atom=  H    l=0  rc=    1.0000  rs=    0.6667
     projs nearly linearly dependent: l=0  n1,n2= 1, 2  s=  0.99968852
     -----------------------------------------------------------------

     GIPAW integrals: -------------------------------------------
     Atom  i/j   nmr_para   nmr_dia   epr_rmc  epr_para   epr_dia
       C   1 1   0.83E+03  0.17E-01  0.93E+01  0.24E+08  0.24E+03
       C   2 1   0.86E+03 -0.61E-01  0.94E+01  0.25E+08  0.25E+03
       C   2 2   0.90E+03 -0.15E+00  0.97E+01  0.26E+08  0.26E+03
       C   3 3   0.33E+01  0.34E+00  0.18E+01  0.55E+03  0.21E+02
       C   4 3   0.35E+01  0.37E+00  0.20E+01  0.59E+03  0.22E+02
       C   4 4   0.38E+01  0.39E+00  0.22E+01  0.63E+03  0.24E+02
       Cl  1 1   0.14E+04 -0.47E+00  0.84E+01  0.32E+09  0.42E+03
       Cl  2 1   0.21E+04 -0.37E+00  0.12E+02  0.49E+09  0.65E+03
       Cl  2 2   0.33E+04 -0.16E+00  0.21E+02  0.76E+09  0.10E+04
       Cl  3 3   0.21E+02  0.79E-01  0.89E+01  0.23E+05  0.13E+03
       Cl  4 3   0.24E+02  0.67E-01  0.99E+01  0.27E+05  0.15E+03
       Cl  4 4   0.28E+02  0.44E-01  0.11E+02  0.32E+05  0.18E+03
       Cl  5 5   0.77E+00  0.19E+00  0.18E+01  0.12E+03  0.22E+02
       Cl  6 5   0.80E+00  0.19E+00  0.19E+01  0.12E+03  0.23E+02
       Cl  6 6   0.83E+00  0.20E+00  0.19E+01  0.12E+03  0.23E+02
       H   1 1   0.39E+02  0.19E+00  0.29E+00  0.78E+05  0.13E+02
       H   2 1   0.41E+02  0.21E+00  0.32E+00  0.82E+05  0.14E+02
       H   2 2   0.43E+02  0.22E+00  0.36E+00  0.86E+05  0.15E+02
     ------------------------------------------------------------

     alpha_pv=     33.8178 eV

     Number of occupied bands for each k-point:
     k-point:     1    nbnd_occ=  42
     k-point:     2    nbnd_occ=  42
     k-point:     3    nbnd_occ=  42
     k-point:     4    nbnd_occ=  42
     k-point:     5    nbnd_occ=  42
     k-point:     6    nbnd_occ=  42
     k-point:     7    nbnd_occ=  42
     k-point:     8    nbnd_occ=  42
     k-point:     9    nbnd_occ=  42
     k-point:    10    nbnd_occ=  42
     k-point:    11    nbnd_occ=  42
     k-point:    12    nbnd_occ=  42
     k-point:    13    nbnd_occ=  42
     k-point:    14    nbnd_occ=  42
     k-point:    15    nbnd_occ=  42
     k-point:    16    nbnd_occ=  42


     q-space interpolation up to   110.00 Rydberg

     GIPAW job: efg                                                                             


     ELECTRIC FIELD GRADIENTS TENSORS IN Hartree/bohrradius^2:

     ----- bare term -----
     Cl   1       -0.127971        0.170793       -0.009558
     Cl   1        0.170793       -0.031235        0.007667
     Cl   1       -0.009558        0.007667        0.159206

     C    2        0.042475       -0.141018       -0.330496
     C    2       -0.141018       -0.451338       -0.368936
     C    2       -0.330496       -0.368936        0.408864

     C    3       -0.215910        0.415994       -0.287438
     C    3        0.415994       -0.062328       -0.023026
     C    3       -0.287438       -0.023026        0.278238

     H    4        0.097474       -0.086518       -0.216717
     H    4       -0.086518        0.505311       -0.139413
     H    4       -0.216717       -0.139413       -0.602784

     C    5       -0.016682       -0.131089       -0.561982
     C    5       -0.131089       -0.081047       -0.413223
     C    5       -0.561982       -0.413223        0.097728

     H    6       -0.065915        0.193794        0.322625
     H    6        0.193794        0.009832       -0.444085
     H    6        0.322625       -0.444085        0.056083

     H    7        0.126338        0.333837        0.065816
     H    7        0.333837       -0.448992        0.319928
     H    7        0.065816        0.319928        0.322654

     C    8       -0.412583       -0.253474       -0.392435
     C    8       -0.253474        0.001983        0.397083
     C    8       -0.392435        0.397083        0.410600

     H    9        0.113362        0.033093       -0.415508
     H    9        0.033093        0.216316       -0.267845
     H    9       -0.415508       -0.267845       -0.329678

     C   10       -0.061855       -0.384391       -0.223145
     C   10       -0.384391       -0.179963        0.595064
     C   10       -0.223145        0.595064        0.241819

     C   11       -0.124929       -0.150960       -0.566932
     C   11       -0.150960       -0.033807        0.459896
     C   11       -0.566932        0.459896        0.158736

     Cl  12       -0.044002       -0.110900       -0.088912
     Cl  12       -0.110900        0.017916        0.083537
     Cl  12       -0.088912        0.083537        0.026086

     H   13        0.131734        0.029646        0.009882
     H   13        0.029646       -0.341686       -0.554860
     H   13        0.009882       -0.554860        0.209953

     C   14       -0.713517        0.308006       -0.408290
     C   14        0.308006        0.203745       -0.140575
     C   14       -0.408290       -0.140575        0.509772

     H   15        0.095021       -0.089424       -0.407499
     H   15       -0.089424        0.446056        0.085842
     H   15       -0.407499        0.085842       -0.541077

     C   16       -0.222820        0.090372       -0.253087
     C   16        0.090372       -0.142788       -0.609026
     C   16       -0.253087       -0.609026        0.365608

     C   17       -0.059325        0.347782       -0.127209
     C   17        0.347782       -0.307781       -0.456724
     C   17       -0.127209       -0.456724        0.367106

     Cl  18       -0.104540       -0.035142       -0.019415
     Cl  18       -0.035142       -0.090141       -0.080964
     Cl  18       -0.019415       -0.080964        0.194682

     H   19        0.275127        0.414167        0.176792
     H   19        0.414167       -0.560710       -0.111851
     H   19        0.176792       -0.111851        0.285583

     C   20       -0.253209       -0.366015       -0.363298
     C   20       -0.366015       -0.201562        0.368573
     C   20       -0.363298        0.368573        0.454772

     H   21       -0.582325        0.433857       -0.027400
     H   21        0.433857        0.298435        0.015478
     H   21       -0.027400        0.015478        0.283891

     C   22       -0.085599       -0.150042       -0.410582
     C   22       -0.150042       -0.278117        0.483094
     C   22       -0.410582        0.483094        0.363716

     C   23       -0.225904       -0.135010       -0.336325
     C   23       -0.135010       -0.114101        0.463977
     C   23       -0.336325        0.463977        0.340005

     Cl  24       -0.026242        0.005643       -0.054091
     Cl  24        0.005643        0.032301        0.073262
     Cl  24       -0.054091        0.073262       -0.006059

     ----- ionic term -----
     Cl   1        0.152029       -0.195816        0.047916
     Cl   1       -0.195816       -0.022994       -0.017798
     Cl   1        0.047916       -0.017798       -0.129035

     C    2        0.088748       -0.227219        0.327658
     C    2       -0.227219        0.081160        0.416192
     C    2        0.327658        0.416192       -0.169908

     C    3        0.134700       -0.342686        0.264206
     C    3       -0.342686        0.123643        0.341678
     C    3        0.264206        0.341678       -0.258344

     H    4        0.435797        0.160657        0.826451
     H    4        0.160657       -0.504252        0.212395
     H    4        0.826451        0.212395        0.068455

     C    5        0.230106       -0.289204        0.344329
     C    5       -0.289204       -0.010611        0.271881
     C    5        0.344329        0.271881       -0.219496

     H    6       -0.507918       -0.143520       -0.059342
     H    6       -0.143520        0.588510        0.725869
     H    6       -0.059342        0.725869       -0.080593

     H    7       -0.404683       -0.402210        0.155248
     H    7       -0.402210        0.826154       -0.434231
     H    7        0.155248       -0.434231       -0.421472

     C    8        0.244573        0.117290        0.366935
     C    8        0.117290        0.140537       -0.200779
     C    8        0.366935       -0.200779       -0.385110

     H    9        0.391939       -0.091452        0.842291
     H    9       -0.091452       -0.489663       -0.158742
     H    9        0.842291       -0.158742        0.097724

     C   10        0.019065        0.250875        0.289488
     C   10        0.250875        0.239257       -0.346647
     C   10        0.289488       -0.346647       -0.258322

     C   11        0.173189        0.112963        0.342380
     C   11        0.112963        0.136184       -0.407967
     C   11        0.342380       -0.407967       -0.309373

     Cl  12        0.112471        0.196165        0.021704
     Cl  12        0.196165        0.023866        0.008923
     Cl  12        0.021704        0.008923       -0.136337

     H   13       -0.505894       -0.136548       -0.068242
     H   13       -0.136548        0.574550        0.725933
     H   13       -0.068242        0.725933       -0.068657

     C   14        0.167152       -0.229127        0.360195
     C   14       -0.229127       -0.007810        0.275068
     C   14        0.360195        0.275068       -0.159342

     H   15        0.211523        0.191499        0.806852
     H   15        0.191499       -0.484780        0.266356
     H   15        0.806852        0.266356        0.273257

     C   16        0.023405       -0.277800        0.269847
     C   16       -0.277800        0.096566        0.371450
     C   16        0.269847        0.371450       -0.119971

     C   17        0.068275       -0.271466        0.347175
     C   17       -0.271466        0.089914        0.398610
     C   17        0.347175        0.398610       -0.158189

     Cl  18        0.119766       -0.234246        0.055345
     Cl  18       -0.234246        0.026968       -0.033974
     Cl  18        0.055345       -0.033974       -0.146734

     H   19       -0.460247       -0.267135        0.089720
     H   19       -0.267135        0.911935       -0.422666
     H   19        0.089720       -0.422666       -0.451689

     C   20        0.305603        0.117395        0.319702
     C   20        0.117395        0.100359       -0.244519
     C   20        0.319702       -0.244519       -0.405962

     H   21        0.618082       -0.373829        0.622967
     H   21       -0.373829       -0.378264       -0.248892
     H   21        0.622967       -0.248892       -0.239818

     C   22        0.152450        0.146255        0.207689
     C   22        0.146255        0.267778       -0.329435
     C   22        0.207689       -0.329435       -0.420228

     C   23        0.185856        0.151174        0.345694
     C   23        0.151174        0.208996       -0.298707
     C   23        0.345694       -0.298707       -0.394852

     Cl  24        0.108367        0.210721        0.024805
     Cl  24        0.210721        0.054323        0.018970
     Cl  24        0.024805        0.018970       -0.162690

     ----- GIPAW term -----
     Cl   1       -1.015353       -0.995736       -0.216001
     Cl   1       -0.995736       -1.246525        0.959144
     Cl   1       -0.216001        0.959144        2.261878

     C    2       -0.046757       -0.118716       -0.115936
     C    2       -0.118716       -0.138245        0.063704
     C    2       -0.115936        0.063704        0.185002

     C    3        0.019261       -0.018469       -0.161151
     C    3       -0.018469       -0.069451        0.072661
     C    3       -0.161151        0.072661        0.050190

     H    4       -0.000000        0.000000        0.000000
     H    4        0.000000        0.000000        0.000000
     H    4        0.000000        0.000000        0.000000

     C    5        0.190542       -0.060020       -0.216753
     C    5       -0.060020       -0.147780       -0.050385
     C    5       -0.216753       -0.050385       -0.042761

     H    6       -0.000000        0.000000        0.000000
     H    6        0.000000        0.000000        0.000000
     H    6        0.000000        0.000000        0.000000

     H    7       -0.000000        0.000000        0.000000
     H    7        0.000000        0.000000        0.000000
     H    7        0.000000        0.000000        0.000000

     C    8       -0.055820       -0.063077       -0.084013
     C    8       -0.063077       -0.010458        0.099459
     C    8       -0.084013        0.099459        0.066278

     H    9       -0.000000        0.000000        0.000000
     H    9        0.000000        0.000000        0.000000
     H    9        0.000000        0.000000        0.000000

     C   10       -0.069546       -0.139233       -0.111599
     C   10       -0.139233        0.043356        0.214650
     C   10       -0.111599        0.214650        0.026190

     C   11        0.056641       -0.061715       -0.200022
     C   11       -0.061715        0.010706        0.165462
     C   11       -0.200022        0.165462       -0.067346

     Cl  12        0.273137        0.023468       -1.266299
     Cl  12        0.023468        0.892393        1.888932
     Cl  12       -1.266299        1.888932       -1.165530

     H   13       -0.000000        0.000000        0.000000
     H   13        0.000000        0.000000        0.000000
     H   13        0.000000        0.000000        0.000000

     C   14       -0.175888        0.073066       -0.033923
     C   14        0.073066        0.079745        0.089560
     C   14       -0.033923        0.089560        0.096143

     H   15       -0.000000        0.000000        0.000000
     H   15        0.000000        0.000000        0.000000
     H   15        0.000000        0.000000        0.000000

     C   16       -0.122267       -0.048231       -0.018215
     C   16       -0.048231        0.006214       -0.202448
     C   16       -0.018215       -0.202448        0.116053

     C   17        0.184140       -0.075640        0.039590
     C   17       -0.075640       -0.111741       -0.069277
     C   17        0.039590       -0.069277       -0.072398

     Cl  18       -0.110960       -2.165356        0.242836
     Cl  18       -2.165356       -0.850632       -1.189503
     Cl  18        0.242836       -1.189503        0.961592

     H   19       -0.000000        0.000000        0.000000
     H   19        0.000000        0.000000        0.000000
     H   19        0.000000        0.000000        0.000000

     C   20       -0.002790       -0.141738       -0.173055
     C   20       -0.141738       -0.086930        0.154737
     C   20       -0.173055        0.154737        0.089720

     H   21       -0.000000        0.000000        0.000000
     H   21        0.000000        0.000000        0.000000
     H   21        0.000000        0.000000        0.000000

     C   22        0.020678       -0.057101       -0.237748
     C   22       -0.057101       -0.110326        0.117863
     C   22       -0.237748        0.117863        0.089648

     C   23        0.048497        0.120000       -0.068200
     C   23        0.120000       -0.010300        0.067618
     C   23       -0.068200        0.067618       -0.038197

     Cl  24        1.097893        2.174188       -0.364167
     Cl  24        2.174188        0.413093        0.632145
     Cl  24       -0.364167        0.632145       -1.510986

     ----- total EFG -----
     Cl   1       -0.991295       -1.020759       -0.177643
     Cl   1       -1.020759       -1.300754        0.949013
     Cl   1       -0.177643        0.949013        2.292049

     C    2        0.084465       -0.486953       -0.118775
     C    2       -0.486953       -0.508423        0.110960
     C    2       -0.118775        0.110960        0.423958

     C    3       -0.061948        0.054840       -0.184384
     C    3        0.054840       -0.008136        0.391313
     C    3       -0.184384        0.391313        0.070084

     H    4        0.533271        0.074139        0.609735
     H    4        0.074139        0.001059        0.072982
     H    4        0.609735        0.072982       -0.534330

     C    5        0.403967       -0.480313       -0.434405
     C    5       -0.480313       -0.239438       -0.191727
     C    5       -0.434405       -0.191727       -0.164529

     H    6       -0.573833        0.050273        0.263283
     H    6        0.050273        0.598342        0.281784
     H    6        0.263283        0.281784       -0.024509

     H    7       -0.278344       -0.068373        0.221064
     H    7       -0.068373        0.377162       -0.114303
     H    7        0.221064       -0.114303       -0.098818

     C    8       -0.223830       -0.199260       -0.109514
     C    8       -0.199260        0.132062        0.295762
     C    8       -0.109514        0.295762        0.091768

     H    9        0.505301       -0.058359        0.426783
     H    9       -0.058359       -0.273347       -0.426588
     H    9        0.426783       -0.426588       -0.231954

     C   10       -0.112336       -0.272748       -0.045256
     C   10       -0.272748        0.102650        0.463067
     C   10       -0.045256        0.463067        0.009686

     C   11        0.104901       -0.099712       -0.424573
     C   11       -0.099712        0.113082        0.217391
     C   11       -0.424573        0.217391       -0.217983

     Cl  12        0.341607        0.108734       -1.333506
     Cl  12        0.108734        0.934175        1.981392
     Cl  12       -1.333506        1.981392       -1.275781

     H   13       -0.374160       -0.106902       -0.058359
     H   13       -0.106902        0.232864        0.171073
     H   13       -0.058359        0.171073        0.141296

     C   14       -0.722253        0.151945       -0.082018
     C   14        0.151945        0.275679        0.224053
     C   14       -0.082018        0.224053        0.446573

     H   15        0.306544        0.102075        0.399353
     H   15        0.102075       -0.038724        0.352198
     H   15        0.399353        0.352198       -0.267820

     C   16       -0.321682       -0.235659       -0.001455
     C   16       -0.235659       -0.040008       -0.440023
     C   16       -0.001455       -0.440023        0.361689

     C   17        0.193090        0.000676        0.259555
     C   17        0.000676       -0.329608       -0.127390
     C   17        0.259555       -0.127390        0.136519

     Cl  18       -0.095735       -2.434744        0.278766
     Cl  18       -2.434744       -0.913805       -1.304441
     Cl  18        0.278766       -1.304441        1.009539

     H   19       -0.185120        0.147031        0.266512
     H   19        0.147031        0.351225       -0.534517
     H   19        0.266512       -0.534517       -0.166106

     C   20        0.049604       -0.390358       -0.216651
     C   20       -0.390358       -0.188133        0.278791
     C   20       -0.216651        0.278791        0.138530

     H   21        0.035757        0.060027        0.595566
     H   21        0.060027       -0.079830       -0.233414
     H   21        0.595566       -0.233414        0.044073

     C   22        0.087529       -0.060888       -0.440641
     C   22       -0.060888       -0.120665        0.271522
     C   22       -0.440641        0.271522        0.033136

     C   23        0.008449        0.136164       -0.058831
     C   23        0.136164        0.084595        0.232887
     C   23       -0.058831        0.232887       -0.093044

     Cl  24        1.180018        2.390552       -0.393453
     Cl  24        2.390552        0.499716        0.724377
     Cl  24       -0.393453        0.724377       -1.679735

     ----- total EFG (symmetrized) -----
     Cl   1       -0.991295       -1.020759       -0.177643
     Cl   1       -1.020759       -1.300754        0.949013
     Cl   1       -0.177643        0.949013        2.292049

     C    2        0.084465       -0.486953       -0.118775
     C    2       -0.486953       -0.508423        0.110960
     C    2       -0.118775        0.110960        0.423958

     C    3       -0.061948        0.054840       -0.184384
     C    3        0.054840       -0.008136        0.391313
     C    3       -0.184384        0.391313        0.070084

     H    4        0.533271        0.074139        0.609735
     H    4        0.074139        0.001059        0.072982
     H    4        0.609735        0.072982       -0.534330

     C    5        0.403967       -0.480313       -0.434405
     C    5       -0.480313       -0.239438       -0.191727
     C    5       -0.434405       -0.191727       -0.164529

     H    6       -0.573833        0.050273        0.263283
     H    6        0.050273        0.598342        0.281784
     H    6        0.263283        0.281784       -0.024509

     H    7       -0.278344       -0.068373        0.221064
     H    7       -0.068373        0.377162       -0.114303
     H    7        0.221064       -0.114303       -0.098818

     C    8       -0.223830       -0.199260       -0.109514
     C    8       -0.199260        0.132062        0.295762
     C    8       -0.109514        0.295762        0.091768

     H    9        0.505301       -0.058359        0.426783
     H    9       -0.058359       -0.273347       -0.426588
     H    9        0.426783       -0.426588       -0.231954

     C   10       -0.112336       -0.272748       -0.045256
     C   10       -0.272748        0.102650        0.463067
     C   10       -0.045256        0.463067        0.009686

     C   11        0.104901       -0.099712       -0.424573
     C   11       -0.099712        0.113082        0.217391
     C   11       -0.424573        0.217391       -0.217983

     Cl  12        0.341607        0.108734       -1.333506
     Cl  12        0.108734        0.934175        1.981392
     Cl  12       -1.333506        1.981392       -1.275781

     H   13       -0.374160       -0.106902       -0.058359
     H   13       -0.106902        0.232864        0.171073
     H   13       -0.058359        0.171073        0.141296

     C   14       -0.722253        0.151945       -0.082018
     C   14        0.151945        0.275679        0.224053
     C   14       -0.082018        0.224053        0.446573

     H   15        0.306544        0.102075        0.399353
     H   15        0.102075       -0.038724        0.352198
     H   15        0.399353        0.352198       -0.267820

     C   16       -0.321682       -0.235659       -0.001455
     C   16       -0.235659       -0.040008       -0.440023
     C   16       -0.001455       -0.440023        0.361689

     C   17        0.193090        0.000676        0.259555
     C   17        0.000676       -0.329608       -0.127390
     C   17        0.259555       -0.127390        0.136519

     Cl  18       -0.095735       -2.434744        0.278766
     Cl  18       -2.434744       -0.913805       -1.304441
     Cl  18        0.278766       -1.304441        1.009539

     H   19       -0.185120        0.147031        0.266512
     H   19        0.147031        0.351225       -0.534517
     H   19        0.266512       -0.534517       -0.166106

     C   20        0.049604       -0.390358       -0.216651
     C   20       -0.390358       -0.188133        0.278791
     C   20       -0.216651        0.278791        0.138530

     H   21        0.035757        0.060027        0.595566
     H   21        0.060027       -0.079830       -0.233414
     H   21        0.595566       -0.233414        0.044073

     C   22        0.087529       -0.060888       -0.440641
     C   22       -0.060888       -0.120665        0.271522
     C   22       -0.440641        0.271522        0.033136

     C   23        0.008449        0.136164       -0.058831
     C   23        0.136164        0.084595        0.232887
     C   23       -0.058831        0.232887       -0.093044

     Cl  24        1.180018        2.390552       -0.393453
     Cl  24        2.390552        0.499716        0.724377
     Cl  24       -0.393453        0.724377       -1.679735


     NQR/NMR SPECTROSCOPIC PARAMETERS:
     Cl   1    Vxx=   -0.3161    axis=( -0.784348  0.563852 -0.258592)
     Cl   1    Vyy=   -2.2634    axis=(  0.607864  0.781752 -0.139155)
     Cl   1    Vzz=    2.5794    axis=( -0.123693  0.266335  0.955911)
     Cl   1  Q=        -8.1650 1e-30 m^2  Cq=       -49.4854 MHz  eta= 0.75494

     C    2    Vxx=    0.2303    axis=( -0.689191  0.359827 -0.628920)
     C    2    Vyy=    0.5530    axis=( -0.537675  0.327874  0.776790)
     C    2    Vzz=   -0.7833    axis=( -0.485717 -0.873512  0.032498)
     C    2  Q=         1.0000 1e-30 m^2  Cq=        -1.8405 MHz  eta= 0.41195

     C    3    Vxx=   -0.0086    axis=(  0.887600  0.443351 -0.124923)
     C    3    Vyy=   -0.4367    axis=( -0.411906  0.642609 -0.646055)
     C    3    Vzz=    0.4453    axis=( -0.206152  0.624895  0.752999)
     C    3  Q=         1.0000 1e-30 m^2  Cq=         1.0463 MHz  eta= 0.96135

     H    4    Vxx=   -0.0090    axis=(  0.126063 -0.991986  0.008505)
     H    4    Vyy=   -0.8125    axis=(  0.410259  0.044327 -0.910891)
     H    4    Vzz=    0.8215    axis=(  0.903214  0.118319  0.412559)
     H    4  Q=         1.0000 1e-30 m^2  Cq=         1.9302 MHz  eta= 0.97812

     C    5    Vxx=   -0.0072    axis=(  0.020189 -0.661075  0.750048)
     C    5    Vyy=   -0.7579    axis=( -0.486759 -0.661786 -0.570180)
     C    5    Vzz=    0.7651    axis=( -0.873303  0.353582  0.335145)
     C    5  Q=         1.0000 1e-30 m^2  Cq=         1.7978 MHz  eta= 0.98108

     H    6    Vxx=   -0.0406    axis=( -0.375536  0.398575 -0.836726)
     H    6    Vyy=   -0.6825    axis=( -0.919807 -0.049527  0.389232)
     H    6    Vzz=    0.7231    axis=(  0.113698  0.915797  0.385211)
     H    6  Q=         1.0000 1e-30 m^2  Cq=         1.6990 MHz  eta= 0.88779

     H    7    Vxx=    0.0028    axis=(  0.530857  0.334659  0.778585)
     H    7    Vyy=    0.4245    axis=(  0.180384 -0.942294  0.282036)
     H    7    Vzz=   -0.4272    axis=(  0.828041 -0.009276 -0.560590)
     H    7  Q=         1.0000 1e-30 m^2  Cq=        -1.0038 MHz  eta= 0.98699

     C    8    Vxx=   -0.1630    axis=(  0.355178 -0.531159  0.769233)
     C    8    Vyy=   -0.3150    axis=(  0.884907  0.456283 -0.093522)
     C    8    Vzz=    0.4780    axis=( -0.301313  0.713916  0.632088)
     C    8  Q=         1.0000 1e-30 m^2  Cq=         1.1232 MHz  eta= 0.31793

     H    9    Vxx=   -0.0213    axis=(  0.480567  0.724660 -0.493886)
     H    9    Vyy=   -0.7371    axis=( -0.220974  0.645071  0.731473)
     H    9    Vzz=    0.7584    axis=(  0.848661 -0.242386  0.470131)
     H    9  Q=         1.0000 1e-30 m^2  Cq=         1.7819 MHz  eta= 0.94380

     C   10    Vxx=   -0.1196    axis=(  0.845807 -0.065213  0.529488)
     C   10    Vyy=   -0.4803    axis=( -0.427581 -0.676402  0.599712)
     C   10    Vzz=    0.6000    axis=( -0.319038  0.733640  0.599990)
     C   10  Q=         1.0000 1e-30 m^2  Cq=         1.4097 MHz  eta= 0.60119

     C   11    Vxx=    0.0270    axis=(  0.502266  0.857779 -0.109293)
     C   11    Vyy=    0.5086    axis=(  0.690994 -0.474129 -0.545646)
     C   11    Vzz=   -0.5356    axis=( -0.519862  0.198539 -0.830858)
     C   11  Q=         1.0000 1e-30 m^2  Cq=        -1.2584 MHz  eta= 0.89918

     Cl  12    Vxx=    0.5950    axis=(  0.874567  0.467692 -0.128053)
     Cl  12    Vyy=    2.3023    axis=(  0.330444 -0.768092 -0.548490)
     Cl  12    Vzz=   -2.8973    axis=( -0.354881  0.437377 -0.826294)
     Cl  12  Q=        -8.1650 1e-30 m^2  Cq=        55.5832 MHz  eta= 0.58927

     H   13    Vxx=    0.0108    axis=(  0.044079 -0.596312  0.801542)
     H   13    Vyy=    0.3833    axis=( -0.157082  0.788205  0.595028)
     H   13    Vzz=   -0.3941    axis=( -0.986601 -0.152136 -0.058927)
     H   13  Q=         1.0000 1e-30 m^2  Cq=        -0.9260 MHz  eta= 0.94512

     C   14    Vxx=    0.1549    axis=(  0.191885  0.803626 -0.563352)
     C   14    Vyy=    0.6012    axis=(  0.014781  0.571587  0.820408)
     C   14    Vzz=   -0.7561    axis=( -0.981306  0.165751 -0.097801)
     C   14  Q=         1.0000 1e-30 m^2  Cq=        -1.7765 MHz  eta= 0.59027

     H   15    Vxx=   -0.0075    axis=(  0.554228 -0.799527 -0.231489)
     H   15    Vyy=   -0.6107    axis=(  0.311759  0.457261 -0.832898)
     H   15    Vzz=    0.6182    axis=(  0.771775  0.389447  0.502686)
     H   15  Q=         1.0000 1e-30 m^2  Cq=         1.4524 MHz  eta= 0.97570

     C   16    Vxx=   -0.1332    axis=( -0.685487  0.545134  0.482634)
     C   16    Vyy=   -0.5282    axis=(  0.715905  0.625397  0.310418)
     C   16    Vzz=    0.6614    axis=(  0.132618 -0.558308  0.818966)
     C   16  Q=         1.0000 1e-30 m^2  Cq=         1.5541 MHz  eta= 0.59709

     C   17    Vxx=   -0.0639    axis=( -0.672505 -0.321344  0.666690)
     C   17    Vyy=   -0.3716    axis=(  0.143103 -0.940279 -0.308863)
     C   17    Vzz=    0.4355    axis=(  0.726126 -0.112307  0.678328)
     C   17  Q=         1.0000 1e-30 m^2  Cq=         1.0231 MHz  eta= 0.70652

     Cl  18    Vxx=    0.4619    axis=( -0.553996  0.218845  0.803240)
     Cl  18    Vyy=    2.6809    axis=(  0.577277 -0.594222  0.560046)
     Cl  18    Vzz=   -3.1428    axis=( -0.599866 -0.773955 -0.202863)
     Cl  18  Q=        -8.1650 1e-30 m^2  Cq=        60.2930 MHz  eta= 0.70607

     H   19    Vxx=   -0.0009    axis=(  0.854489  0.293641  0.428513)
     H   19    Vyy=   -0.6858    axis=( -0.519028  0.448605  0.727574)
     H   19    Vzz=    0.6867    axis=(  0.021413 -0.844114  0.535736)
     H   19  Q=         1.0000 1e-30 m^2  Cq=         1.6136 MHz  eta= 0.99726

     C   20    Vxx=   -0.1006    axis=(  0.598742 -0.200017  0.775565)
     C   20    Vyy=   -0.4956    axis=( -0.521383 -0.832392  0.187839)
     C   20    Vzz=    0.5962    axis=(  0.608003 -0.516833 -0.602673)
     C   20  Q=         1.0000 1e-30 m^2  Cq=         1.4008 MHz  eta= 0.66243

     H   21    Vxx=   -0.0225    axis=(  0.374326  0.918255 -0.129181)
     H   21    Vyy=   -0.6346    axis=( -0.638211  0.356183  0.682510)
     H   21    Vzz=    0.6572    axis=(  0.672730 -0.173037  0.719369)
     H   21  Q=         1.0000 1e-30 m^2  Cq=         1.5441 MHz  eta= 0.93146

     C   22    Vxx=   -0.1151    axis=(  0.553295  0.820971  0.140964)
     C   22    Vyy=   -0.4653    axis=(  0.517408 -0.471344  0.714229)
     C   22    Vzz=    0.5803    axis=( -0.652804  0.322243  0.685570)
     C   22  Q=         1.0000 1e-30 m^2  Cq=         1.3636 MHz  eta= 0.60341

     C   23    Vxx=    0.0340    axis=(  0.866959 -0.051436 -0.495719)
     C   23    Vyy=    0.2716    axis=( -0.319161 -0.821243 -0.472965)
     C   23    Vzz=   -0.3056    axis=(  0.382778 -0.568255  0.728400)
     C   23  Q=         1.0000 1e-30 m^2  Cq=        -0.7181 MHz  eta= 0.77746

     Cl  24    Vxx=   -0.8242    axis=(  0.501562 -0.532693 -0.681669)
     Cl  24    Vyy=   -2.4369    axis=( -0.429957  0.530258 -0.730728)
     Cl  24    Vzz=    3.2611    axis=( -0.750714 -0.659594 -0.036922)
     Cl  24  Q=        -8.1650 1e-30 m^2  Cq=       -62.5618 MHz  eta= 0.49454

     Initialization:
     gipaw_setup  :      9.80s CPU     13.76s WALL (       1 calls)

     Linear response

     Apply operators

     Induced current

     Other routines
     efg          :     11.84s CPU     20.01s WALL (       1 calls)

     General routines
     calbec       :      4.00s CPU      6.65s WALL (      16 calls)
     fft          :      2.43s CPU      5.28s WALL (      15 calls)
     ffts         :      0.06s CPU      0.12s WALL (       2 calls)
     fftw         :      4.85s CPU      8.86s WALL (     672 calls)
     davcio       :      0.02s CPU      0.30s WALL (      32 calls)

     Parallel routines
     fft_scatter  :      4.55s CPU     10.80s WALL (     689 calls)

     Plugins

     GIPAW        :     72.01s CPU    115.58s WALL (       1 calls)
