
     Program QE v.6.0 (svn rev. 13079) starts on 22Jan2017 at 14:21:15 

     This program is part of the open-source Quantum ESPRESSO suite
     for quantum simulation of materials; please cite
         "P. Giannozzi et al., J. Phys.:Condens. Matter 21 395502 (2009);
          URL http://www.quantum-espresso.org", 
     in publications or presentations arising from this work. More details at
     http://www.quantum-espresso.org/quote

     Parallel version (MPI), running on     8 processors
     R & G space division:  proc/nbgrp/npool/nimage =       8

     ***** This is GIPAW svn revision unknown      *****

     Parallelizing q-star over 1 images

     Reading data from directory:
     /users/majewski/paradichlorobenzene/pbe/9_constraint/scratch/pbe.ecut100.np8.dt60.pcl2phi-129368.save
     Message from routine read_xml_file:
     file /users/majewski/paradichlorobenzene/pbe/9_constraint/scratch/pbe.ecut100.np8.dt60.pcl2phi-129368.save not guaranteed to be safe for post-processing

   Info: using nr1, nr2, nr3 values from input

   Info: using nr1, nr2, nr3 values from input

     IMPORTANT: XC functional enforced from input :
     Exchange-correlation      =  SLA  PW   PBX  PBC ( 1  4  3  4 0 0)
     Any further DFT definition will be discarded
     Please, verify this is what you really want

               file C.pbe-n-kjpaw_psl.1.0.0.UPF: wavefunction(s)  2S 2P renormalized
               file Cl.pbe-n-kjpaw_psl.1.0.0.UPF: wavefunction(s)  3S 3P renormalized
               file H.pbe-kjpaw_psl.1.0.0.UPF: wavefunction(s)  1S renormalized

     Parallelization info
     --------------------
     sticks:   dense  smooth     PW     G-vecs:    dense   smooth      PW
     Min        3057    1223    332               144436    36536    5170
     Max        3059    1225    333               144437    36537    5171
     Sum       24467    9791   2657              1155489   292295   41363


     Subspace diagonalization in iterative solution of the eigenvalue problem:
     a serial algorithm will be used

     GIPAW projectors -----------------------------------------------
     atom=  C    l=0  rc=    1.2000  rs=    0.8000
     atom=  C    l=0  rc=    1.2000  rs=    0.8000
     atom=  C    l=1  rc=    1.4000  rs=    0.9333
     atom=  C    l=1  rc=    1.4000  rs=    0.9333
     projs nearly linearly dependent: l=1  n1,n2= 1, 2  s=  0.99951561

     atom=  Cl   l=0  rc=    1.6000  rs=    1.0667
     atom=  Cl   l=0  rc=    1.6000  rs=    1.0667
     atom=  Cl   l=1  rc=    1.6000  rs=    1.0667
     atom=  Cl   l=1  rc=    1.6000  rs=    1.0667
     atom=  Cl   l=2  rc=    1.6000  rs=    1.0667
     atom=  Cl   l=2  rc=    1.6000  rs=    1.0667
     projs nearly linearly dependent: l=2  n1,n2= 1, 2  s=  0.99993509

     atom=  H    l=0  rc=    1.0000  rs=    0.6667
     atom=  H    l=0  rc=    1.0000  rs=    0.6667
     projs nearly linearly dependent: l=0  n1,n2= 1, 2  s=  0.99968852
     -----------------------------------------------------------------

     GIPAW integrals: -------------------------------------------
     Atom  i/j   nmr_para   nmr_dia   epr_rmc  epr_para   epr_dia
       C   1 1   0.83E+03  0.17E-01  0.93E+01  0.24E+08  0.24E+03
       C   2 1   0.86E+03 -0.61E-01  0.94E+01  0.25E+08  0.25E+03
       C   2 2   0.90E+03 -0.15E+00  0.97E+01  0.26E+08  0.26E+03
       C   3 3   0.33E+01  0.34E+00  0.18E+01  0.55E+03  0.21E+02
       C   4 3   0.35E+01  0.37E+00  0.20E+01  0.59E+03  0.22E+02
       C   4 4   0.38E+01  0.39E+00  0.22E+01  0.63E+03  0.24E+02
       Cl  1 1   0.14E+04 -0.47E+00  0.84E+01  0.32E+09  0.42E+03
       Cl  2 1   0.21E+04 -0.37E+00  0.12E+02  0.49E+09  0.65E+03
       Cl  2 2   0.33E+04 -0.16E+00  0.21E+02  0.76E+09  0.10E+04
       Cl  3 3   0.21E+02  0.79E-01  0.89E+01  0.23E+05  0.13E+03
       Cl  4 3   0.24E+02  0.67E-01  0.99E+01  0.27E+05  0.15E+03
       Cl  4 4   0.28E+02  0.44E-01  0.11E+02  0.32E+05  0.18E+03
       Cl  5 5   0.77E+00  0.19E+00  0.18E+01  0.12E+03  0.22E+02
       Cl  6 5   0.80E+00  0.19E+00  0.19E+01  0.12E+03  0.23E+02
       Cl  6 6   0.83E+00  0.20E+00  0.19E+01  0.12E+03  0.23E+02
       H   1 1   0.39E+02  0.19E+00  0.29E+00  0.78E+05  0.13E+02
       H   2 1   0.41E+02  0.21E+00  0.32E+00  0.82E+05  0.14E+02
       H   2 2   0.43E+02  0.22E+00  0.36E+00  0.86E+05  0.15E+02
     ------------------------------------------------------------

     alpha_pv=     33.8871 eV

     Number of occupied bands for each k-point:
     k-point:     1    nbnd_occ=  42
     k-point:     2    nbnd_occ=  42
     k-point:     3    nbnd_occ=  42
     k-point:     4    nbnd_occ=  42
     k-point:     5    nbnd_occ=  42
     k-point:     6    nbnd_occ=  42
     k-point:     7    nbnd_occ=  42
     k-point:     8    nbnd_occ=  42
     k-point:     9    nbnd_occ=  42
     k-point:    10    nbnd_occ=  42
     k-point:    11    nbnd_occ=  42
     k-point:    12    nbnd_occ=  42
     k-point:    13    nbnd_occ=  42
     k-point:    14    nbnd_occ=  42
     k-point:    15    nbnd_occ=  42
     k-point:    16    nbnd_occ=  42


     q-space interpolation up to   110.00 Rydberg

     GIPAW job: efg                                                                             


     ELECTRIC FIELD GRADIENTS TENSORS IN Hartree/bohrradius^2:

     ----- bare term -----
     Cl   1        0.079098       -0.080132       -0.127068
     Cl   1       -0.080132       -0.050660       -0.019320
     Cl   1       -0.127068       -0.019320       -0.028439

     C    2       -0.639352        0.223080       -0.373230
     C    2        0.223080        0.056619       -0.133598
     C    2       -0.373230       -0.133598        0.582733

     C    3       -0.005939        0.298203       -0.128517
     C    3        0.298203       -0.219714       -0.542383
     C    3       -0.128517       -0.542383        0.225653

     H    4       -0.117792        0.040927       -0.538965
     H    4        0.040927       -0.001347        0.093027
     H    4       -0.538965        0.093027        0.119138

     C    5       -0.876350        0.388633       -0.425111
     C    5        0.388633        0.467383       -0.057080
     C    5       -0.425111       -0.057080        0.408968

     H    6        0.517473       -0.029673       -0.017478
     H    6       -0.029673       -0.348724       -0.408154
     H    6       -0.017478       -0.408154       -0.168749

     H    7        0.116753        0.186010       -0.295512
     H    7        0.186010       -0.217273        0.488476
     H    7       -0.295512        0.488476        0.100519

     C    8       -0.246115       -0.372036       -0.273394
     C    8       -0.372036       -0.192912        0.391168
     C    8       -0.273394        0.391168        0.439027

     H    9       -0.131018        0.069815       -0.544949
     H    9        0.069815        0.306816       -0.070411
     H    9       -0.544949       -0.070411       -0.175798

     C   10       -0.115116       -0.185600       -0.241760
     C   10       -0.185600       -0.149033        0.635757
     C   10       -0.241760        0.635757        0.264149

     C   11       -0.179021       -0.021122       -0.444935
     C   11       -0.021122       -0.040037        0.459371
     C   11       -0.444935        0.459371        0.219059

     Cl  12       -0.033008       -0.231412       -0.105225
     Cl  12       -0.231412        0.019066        0.090556
     Cl  12       -0.105225        0.090556        0.013943

     H   13        0.315381        0.025739        0.273293
     H   13        0.025739        0.115741       -0.332029
     H   13        0.273293       -0.332029       -0.431122

     C   14       -0.010335       -0.003943       -0.131152
     C   14       -0.003943       -0.120966       -0.209001
     C   14       -0.131152       -0.209001        0.131301

     H   15        0.135342       -0.081022       -0.259405
     H   15       -0.081022        0.460586       -0.174852
     H   15       -0.259405       -0.174852       -0.595928

     C   16       -0.362737        0.326927       -0.293119
     C   16        0.326927        0.064606       -0.037090
     C   16       -0.293119       -0.037090        0.298131

     C   17        0.001708        0.005699       -0.226121
     C   17        0.005699       -0.339203       -0.378832
     C   17       -0.226121       -0.378832        0.337495

     Cl  18       -0.196416        0.193860       -0.011504
     Cl  18        0.193860        0.174289        0.006519
     Cl  18       -0.011504        0.006519        0.022126

     H   19        0.529031        0.014386       -0.045358
     H   19        0.014386        0.051152        0.282347
     H   19       -0.045358        0.282347       -0.580183

     C   20       -0.369377       -0.274207       -0.259634
     C   20       -0.274207       -0.053382        0.423283
     C   20       -0.259634        0.423283        0.422759

     H   21        0.194406        0.030182       -0.191154
     H   21        0.030182        0.224125       -0.225953
     H   21       -0.191154       -0.225953       -0.418531

     C   22        0.211129       -0.115967        0.045684
     C   22       -0.115967       -0.098352        0.093543
     C   22        0.045684        0.093543       -0.112777

     C   23       -0.143866       -0.163008       -0.387230
     C   23       -0.163008       -0.009131        0.242042
     C   23       -0.387230        0.242042        0.152998

     Cl  24        0.124314        0.275194        0.279415
     Cl  24        0.275194       -0.179755       -0.485026
     Cl  24        0.279415       -0.485026        0.055441

     ----- ionic term -----
     Cl   1        0.168829       -0.212619        0.027359
     Cl   1       -0.212619       -0.033554       -0.008727
     Cl   1        0.027359       -0.008727       -0.135275

     C    2        0.166024       -0.260920        0.306780
     C    2       -0.260920       -0.062392        0.395719
     C    2        0.306780        0.395719       -0.103631

     C    3        0.159316       -0.362616        0.188127
     C    3       -0.362616        0.027679        0.382051
     C    3        0.188127        0.382051       -0.186995

     H    4        0.477434        0.112081        0.770677
     H    4        0.112081       -0.522290        0.180048
     H    4        0.770677        0.180048        0.044855

     C    5        0.283111       -0.252666        0.287143
     C    5       -0.252666       -0.072746        0.312901
     C    5        0.287143        0.312901       -0.210365

     H    6       -0.514122        0.036490        0.054959
     H    6        0.036490        0.404008        0.797225
     H    6        0.054959        0.797225        0.110113

     H    7       -0.507963       -0.179892        0.139343
     H    7       -0.179892        0.471387       -0.734329
     H    7        0.139343       -0.734329        0.036576

     C    8        0.084695        0.237852        0.362508
     C    8        0.237852        0.061108       -0.238885
     C    8        0.362508       -0.238885       -0.145803

     H    9        0.455434       -0.242465        0.751288
     H    9       -0.242465       -0.450695       -0.247342
     H    9        0.751288       -0.247342       -0.004739

     C   10       -0.026130        0.214797        0.269360
     C   10        0.214797        0.238043       -0.403683
     C   10        0.269360       -0.403683       -0.211913

     C   11       -0.007420        0.216820        0.411305
     C   11        0.216820        0.140836       -0.382255
     C   11        0.411305       -0.382255       -0.133416

     Cl  12        0.076874        0.216961        0.031513
     Cl  12        0.216961        0.078534        0.020482
     Cl  12        0.031513        0.020482       -0.155408

     H   13       -0.531393       -0.073301       -0.039409
     H   13       -0.073301        0.459210        0.790043
     H   13       -0.039409        0.790043        0.072183

     C   14        0.241860       -0.289860        0.262585
     C   14       -0.289860       -0.095007        0.314621
     C   14        0.262585        0.314621       -0.146853

     H   15        0.418753        0.196099        0.828363
     H   15        0.196099       -0.536007        0.225567
     H   15        0.828363        0.225567        0.117254

     C   16        0.146642       -0.327530        0.167112
     C   16       -0.327530       -0.022180        0.408736
     C   16        0.167112        0.408736       -0.124462

     C   17        0.186208       -0.254306        0.206118
     C   17       -0.254306       -0.063645        0.440028
     C   17        0.206118        0.440028       -0.122562

     Cl  18        0.140050       -0.200851       -0.013371
     Cl  18       -0.200851       -0.016815        0.011189
     Cl  18       -0.013371        0.011189       -0.123235

     H   19       -0.528140       -0.134649        0.104026
     H   19       -0.134649        0.450363       -0.753309
     H   19        0.104026       -0.753309        0.077777

     C   20        0.047188        0.203502        0.401256
     C   20        0.203502        0.060159       -0.244769
     C   20        0.401256       -0.244769       -0.107347

     H   21        0.149069       -0.035374        0.812551
     H   21       -0.035374       -0.485192       -0.117257
     H   21        0.812551       -0.117257        0.336123

     C   22       -0.129557        0.283971        0.276166
     C   22        0.283971        0.216046       -0.355021
     C   22        0.276166       -0.355021       -0.086489

     C   23       -0.027404        0.265682        0.355497
     C   23        0.265682        0.136903       -0.360247
     C   23        0.355497       -0.360247       -0.109500

     Cl  24        0.079044        0.204895        0.043967
     Cl  24        0.204895        0.058680        0.021507
     Cl  24        0.043967        0.021507       -0.137724

     ----- GIPAW term -----
     Cl   1        1.974519       -2.484774       -1.191780
     Cl   1       -2.484774       -0.524322       -0.102609
     Cl   1       -1.191780       -0.102609       -1.450197

     C    2       -0.141954       -0.093678       -0.123390
     C    2       -0.093678       -0.023233        0.135488
     C    2       -0.123390        0.135488        0.165188

     C    3       -0.084519        0.081293        0.002436
     C    3        0.081293        0.147112        0.010612
     C    3        0.002436        0.010612       -0.062592

     H    4       -0.000000        0.000000        0.000000
     H    4        0.000000        0.000000        0.000000
     H    4        0.000000        0.000000        0.000000

     C    5       -0.241247        0.093259       -0.037403
     C    5        0.093259        0.274230        0.122729
     C    5       -0.037403        0.122729       -0.032983

     H    6       -0.000000        0.000000        0.000000
     H    6        0.000000        0.000000        0.000000
     H    6        0.000000        0.000000        0.000000

     H    7       -0.000000        0.000000        0.000000
     H    7        0.000000        0.000000        0.000000
     H    7        0.000000        0.000000        0.000000

     C    8        0.034082       -0.098013       -0.050619
     C    8       -0.098013       -0.076503        0.086310
     C    8       -0.050619        0.086310        0.042422

     H    9       -0.000000        0.000000        0.000000
     H    9        0.000000        0.000000        0.000000
     H    9        0.000000        0.000000        0.000000

     C   10       -0.091945       -0.005889       -0.050257
     C   10       -0.005889        0.096935        0.165065
     C   10       -0.050257        0.165065       -0.004990

     C   11        0.090010        0.084383       -0.073402
     C   11        0.084383        0.003881        0.061472
     C   11       -0.073402        0.061472       -0.093892

     Cl  12        1.218696       -0.425918       -1.249370
     Cl  12       -0.425918        0.528524        1.239379
     Cl  12       -1.249370        1.239379       -1.747221

     H   13       -0.000000        0.000000        0.000000
     H   13        0.000000        0.000000        0.000000
     H   13        0.000000        0.000000        0.000000

     C   14       -0.019439       -0.022909       -0.070297
     C   14       -0.022909       -0.097585        0.003869
     C   14       -0.070297        0.003869        0.117024

     H   15       -0.000000        0.000000        0.000000
     H   15        0.000000        0.000000        0.000000
     H   15        0.000000        0.000000        0.000000

     C   16       -0.096412       -0.000396       -0.122504
     C   16       -0.000396       -0.050402        0.061033
     C   16       -0.122504        0.061033        0.146815

     C   17       -0.057739       -0.090318       -0.006723
     C   17       -0.090318        0.003728        0.159263
     C   17       -0.006723        0.159263        0.054011

     Cl  18        0.123631       -1.218312       -0.128340
     Cl  18       -1.218312        1.665154        0.112882
     Cl  18       -0.128340        0.112882       -1.788785

     H   19       -0.000000        0.000000        0.000000
     H   19        0.000000        0.000000        0.000000
     H   19        0.000000        0.000000        0.000000

     C   20       -0.132724       -0.065192       -0.089373
     C   20       -0.065192       -0.069402        0.198754
     C   20       -0.089373        0.198754        0.202126

     H   21       -0.000000        0.000000        0.000000
     H   21        0.000000        0.000000        0.000000
     H   21        0.000000        0.000000        0.000000

     C   22        0.007329       -0.009392        0.001207
     C   22       -0.009392        0.013670        0.009917
     C   22        0.001207        0.009917       -0.020999

     C   23       -0.014300       -0.047620       -0.109843
     C   23       -0.047620        0.027112        0.115412
     C   23       -0.109843        0.115412       -0.012812

     Cl  24        0.158011        0.453238       -0.002412
     Cl  24        0.453238        0.188358        0.136007
     Cl  24       -0.002412        0.136007       -0.346369

     ----- total EFG -----
     Cl   1        2.222446       -2.777526       -1.291488
     Cl   1       -2.777526       -0.608536       -0.130656
     Cl   1       -1.291488       -0.130656       -1.613910

     C    2       -0.615283       -0.131518       -0.189840
     C    2       -0.131518       -0.029007        0.397609
     C    2       -0.189840        0.397609        0.644290

     C    3        0.068857        0.016880        0.062045
     C    3        0.016880       -0.044922       -0.149720
     C    3        0.062045       -0.149720       -0.023934

     H    4        0.359643        0.153008        0.231713
     H    4        0.153008       -0.523636        0.273074
     H    4        0.231713        0.273074        0.163994

     C    5       -0.834486        0.229226       -0.175372
     C    5        0.229226        0.668867        0.378550
     C    5       -0.175372        0.378550        0.165619

     H    6        0.003351        0.006816        0.037481
     H    6        0.006816        0.055285        0.389071
     H    6        0.037481        0.389071       -0.058636

     H    7       -0.391209        0.006118       -0.156169
     H    7        0.006118        0.254114       -0.245854
     H    7       -0.156169       -0.245854        0.137095

     C    8       -0.127338       -0.232197        0.038495
     C    8       -0.232197       -0.208307        0.238592
     C    8        0.038495        0.238592        0.335646

     H    9        0.324416       -0.172650        0.206339
     H    9       -0.172650       -0.143878       -0.317753
     H    9        0.206339       -0.317753       -0.180537

     C   10       -0.233192        0.023308       -0.022657
     C   10        0.023308        0.185945        0.397138
     C   10       -0.022657        0.397138        0.047247

     C   11       -0.096431        0.280081       -0.107033
     C   11        0.280081        0.104680        0.138589
     C   11       -0.107033        0.138589       -0.008249

     Cl  12        1.262562       -0.440370       -1.323081
     Cl  12       -0.440370        0.626124        1.350417
     Cl  12       -1.323081        1.350417       -1.888686

     H   13       -0.216013       -0.047562        0.233884
     H   13       -0.047562        0.574952        0.458014
     H   13        0.233884        0.458014       -0.358939

     C   14        0.212086       -0.316712        0.061136
     C   14       -0.316712       -0.313558        0.109489
     C   14        0.061136        0.109489        0.101472

     H   15        0.554095        0.115077        0.568959
     H   15        0.115077       -0.075421        0.050715
     H   15        0.568959        0.050715       -0.478674

     C   16       -0.312507       -0.000999       -0.248511
     C   16       -0.000999       -0.007977        0.432678
     C   16       -0.248511        0.432678        0.320484

     C   17        0.130177       -0.338926       -0.026727
     C   17       -0.338926       -0.399121        0.220459
     C   17       -0.026727        0.220459        0.268944

     Cl  18        0.067265       -1.225304       -0.153215
     Cl  18       -1.225304        1.822629        0.130590
     Cl  18       -0.153215        0.130590       -1.889893

     H   19        0.000891       -0.120263        0.058668
     H   19       -0.120263        0.501515       -0.470962
     H   19        0.058668       -0.470962       -0.502406

     C   20       -0.454913       -0.135897        0.052249
     C   20       -0.135897       -0.062625        0.377268
     C   20        0.052249        0.377268        0.517538

     H   21        0.343475       -0.005192        0.621397
     H   21       -0.005192       -0.261066       -0.343211
     H   21        0.621397       -0.343211       -0.082409

     C   22        0.088901        0.158611        0.323057
     C   22        0.158611        0.131364       -0.251561
     C   22        0.323057       -0.251561       -0.220265

     C   23       -0.185570        0.055054       -0.141576
     C   23        0.055054        0.154885       -0.002794
     C   23       -0.141576       -0.002794        0.030686

     Cl  24        0.361369        0.933327        0.320970
     Cl  24        0.933327        0.067282       -0.327512
     Cl  24        0.320970       -0.327512       -0.428651

     ----- total EFG (symmetrized) -----
     Cl   1        2.222446       -2.777526       -1.291488
     Cl   1       -2.777526       -0.608536       -0.130656
     Cl   1       -1.291488       -0.130656       -1.613910

     C    2       -0.615283       -0.131518       -0.189840
     C    2       -0.131518       -0.029007        0.397609
     C    2       -0.189840        0.397609        0.644290

     C    3        0.068857        0.016880        0.062045
     C    3        0.016880       -0.044922       -0.149720
     C    3        0.062045       -0.149720       -0.023934

     H    4        0.359643        0.153008        0.231713
     H    4        0.153008       -0.523636        0.273074
     H    4        0.231713        0.273074        0.163994

     C    5       -0.834486        0.229226       -0.175372
     C    5        0.229226        0.668867        0.378550
     C    5       -0.175372        0.378550        0.165619

     H    6        0.003351        0.006816        0.037481
     H    6        0.006816        0.055285        0.389071
     H    6        0.037481        0.389071       -0.058636

     H    7       -0.391209        0.006118       -0.156169
     H    7        0.006118        0.254114       -0.245854
     H    7       -0.156169       -0.245854        0.137095

     C    8       -0.127338       -0.232197        0.038495
     C    8       -0.232197       -0.208307        0.238592
     C    8        0.038495        0.238592        0.335646

     H    9        0.324416       -0.172650        0.206339
     H    9       -0.172650       -0.143878       -0.317753
     H    9        0.206339       -0.317753       -0.180537

     C   10       -0.233192        0.023308       -0.022657
     C   10        0.023308        0.185945        0.397138
     C   10       -0.022657        0.397138        0.047247

     C   11       -0.096431        0.280081       -0.107033
     C   11        0.280081        0.104680        0.138589
     C   11       -0.107033        0.138589       -0.008249

     Cl  12        1.262562       -0.440370       -1.323081
     Cl  12       -0.440370        0.626124        1.350417
     Cl  12       -1.323081        1.350417       -1.888686

     H   13       -0.216013       -0.047562        0.233884
     H   13       -0.047562        0.574952        0.458014
     H   13        0.233884        0.458014       -0.358939

     C   14        0.212086       -0.316712        0.061136
     C   14       -0.316712       -0.313558        0.109489
     C   14        0.061136        0.109489        0.101472

     H   15        0.554095        0.115077        0.568959
     H   15        0.115077       -0.075421        0.050715
     H   15        0.568959        0.050715       -0.478674

     C   16       -0.312507       -0.000999       -0.248511
     C   16       -0.000999       -0.007977        0.432678
     C   16       -0.248511        0.432678        0.320484

     C   17        0.130177       -0.338926       -0.026727
     C   17       -0.338926       -0.399121        0.220459
     C   17       -0.026727        0.220459        0.268944

     Cl  18        0.067265       -1.225304       -0.153215
     Cl  18       -1.225304        1.822629        0.130590
     Cl  18       -0.153215        0.130590       -1.889893

     H   19        0.000891       -0.120263        0.058668
     H   19       -0.120263        0.501515       -0.470962
     H   19        0.058668       -0.470962       -0.502406

     C   20       -0.454913       -0.135897        0.052249
     C   20       -0.135897       -0.062625        0.377268
     C   20        0.052249        0.377268        0.517538

     H   21        0.343475       -0.005192        0.621397
     H   21       -0.005192       -0.261066       -0.343211
     H   21        0.621397       -0.343211       -0.082409

     C   22        0.088901        0.158611        0.323057
     C   22        0.158611        0.131364       -0.251561
     C   22        0.323057       -0.251561       -0.220265

     C   23       -0.185570        0.055054       -0.141576
     C   23        0.055054        0.154885       -0.002794
     C   23       -0.141576       -0.002794        0.030686

     Cl  24        0.361369        0.933327        0.320970
     Cl  24        0.933327        0.067282       -0.327512
     Cl  24        0.320970       -0.327512       -0.428651


     NQR/NMR SPECTROSCOPIC PARAMETERS:
     Cl   1    Vxx=   -1.2420    axis=( -0.170132 -0.581966  0.795218)
     Cl   1    Vyy=   -2.8718    axis=( -0.498558 -0.645247 -0.578875)
     Cl   1    Vzz=    4.1138    axis=( -0.849997  0.494947  0.180367)
     Cl   1  Q=        -8.1650 1e-30 m^2  Cq=       -78.9217 MHz  eta= 0.39619

     C    2    Vxx=   -0.2099    axis=( -0.086367  0.895730 -0.436129)
     C    2    Vyy=   -0.6537    axis=(  0.984567  0.143623  0.100000)
     C    2    Vzz=    0.8637    axis=( -0.152212  0.420762  0.894310)
     C    2  Q=         1.0000 1e-30 m^2  Cq=         2.0293 MHz  eta= 0.51389

     C    3    Vxx=    0.0603    axis=( -0.837852 -0.486538  0.247560)
     C    3    Vyy=    0.1356    axis=(  0.506018 -0.522043  0.686598)
     C    3    Vzz=   -0.1960    axis=(  0.204819 -0.700537 -0.683592)
     C    3  Q=         1.0000 1e-30 m^2  Cq=        -0.4604 MHz  eta= 0.38429

     H    4    Vxx=    0.0385    axis=( -0.632765  0.192165  0.750121)
     H    4    Vyy=    0.5856    axis=(  0.770669  0.250558  0.585910)
     H    4    Vzz=   -0.6240    axis=( -0.075357  0.948838 -0.306640)
     H    4  Q=         1.0000 1e-30 m^2  Cq=        -1.4662 MHz  eta= 0.87665

     C    5    Vxx=    0.0402    axis=( -0.282515 -0.417125  0.863824)
     C    5    Vyy=    0.8805    axis=( -0.072475 -0.888653 -0.452817)
     C    5    Vzz=   -0.9206    axis=(  0.956521 -0.190533  0.220826)
     C    5  Q=         1.0000 1e-30 m^2  Cq=        -2.1631 MHz  eta= 0.91271

     H    6    Vxx=    0.0025    axis=(  0.995317 -0.096566 -0.004343)
     H    6    Vyy=    0.3938    axis=(  0.075899  0.752901  0.653742)
     H    6    Vzz=   -0.3963    axis=( -0.059860 -0.651010  0.756705)
     H    6  Q=         1.0000 1e-30 m^2  Cq=        -0.9312 MHz  eta= 0.98725

     H    7    Vxx=   -0.0211    axis=( -0.289325  0.641225  0.710719)
     H    7    Vyy=   -0.4397    axis=( -0.949397 -0.097432 -0.298583)
     H    7    Vzz=    0.4608    axis=( -0.122212 -0.761142  0.636967)
     H    7  Q=         1.0000 1e-30 m^2  Cq=         1.0828 MHz  eta= 0.90823

     C    8    Vxx=    0.0299    axis=(  0.814101 -0.503093  0.290064)
     C    8    Vyy=    0.4298    axis=(  0.094144 -0.378545 -0.920783)
     C    8    Vzz=   -0.4597    axis=(  0.573041  0.776918 -0.260811)
     C    8  Q=         1.0000 1e-30 m^2  Cq=        -1.0800 MHz  eta= 0.87004

     H    9    Vxx=   -0.0391    axis=(  0.589342  0.615581 -0.523199)
     H    9    Vyy=   -0.4819    axis=( -0.045351  0.671803  0.739340)
     H    9    Vzz=    0.5210    axis=(  0.806610 -0.411997  0.423839)
     H    9  Q=         1.0000 1e-30 m^2  Cq=         1.2242 MHz  eta= 0.84990

     C   10    Vxx=   -0.2180    axis=(  0.904498  0.271329 -0.329036)
     C   10    Vyy=   -0.3018    axis=( -0.426457  0.583276 -0.691321)
     C   10    Vzz=    0.5198    axis=( -0.004343 -0.765617 -0.643281)
     C   10  Q=         1.0000 1e-30 m^2  Cq=         1.2212 MHz  eta= 0.16131

     C   11    Vxx=    0.0599    axis=( -0.452903  0.086365  0.887367)
     C   11    Vyy=    0.3115    axis=(  0.522579  0.832115  0.185732)
     C   11    Vzz=   -0.3714    axis=( -0.722351  0.547837 -0.422000)
     C   11  Q=         1.0000 1e-30 m^2  Cq=        -0.8726 MHz  eta= 0.67759

     Cl  12    Vxx=    0.4665    axis=(  0.611001  0.784429  0.106531)
     Cl  12    Vyy=    2.2929    axis=( -0.746792  0.526504  0.406320)
     Cl  12    Vzz=   -2.7594    axis=(  0.262640 -0.327819  0.907499)
     Cl  12  Q=        -8.1650 1e-30 m^2  Cq=        52.9380 MHz  eta= 0.66188

     H   13    Vxx=   -0.0961    axis=(  0.885866 -0.217068  0.410027)
     H   13    Vyy=   -0.6681    axis=(  0.461523  0.322212 -0.826545)
     H   13    Vzz=    0.7642    axis=(  0.047301  0.921445  0.385618)
     H   13  Q=         1.0000 1e-30 m^2  Cq=         1.7955 MHz  eta= 0.74848

     C   14    Vxx=    0.1277    axis=(  0.054739  0.203296  0.977586)
     C   14    Vyy=    0.3611    axis=( -0.906892  0.419778 -0.036515)
     C   14    Vzz=   -0.4888    axis=( -0.417793 -0.884566  0.207346)
     C   14  Q=         1.0000 1e-30 m^2  Cq=        -1.1485 MHz  eta= 0.47765

     H   15    Vxx=   -0.0930    axis=(  0.126517 -0.990359  0.056414)
     H   15    Vyy=   -0.7306    axis=(  0.404954 -0.000352 -0.914337)
     H   15    Vzz=    0.8237    axis=(  0.905542  0.138524  0.401006)
     H   15  Q=         1.0000 1e-30 m^2  Cq=         1.9353 MHz  eta= 0.77415

     C   16    Vxx=   -0.1922    axis=(  0.623840  0.719612 -0.304931)
     C   16    Vyy=   -0.4709    axis=( -0.752859  0.448563 -0.481658)
     C   16    Vzz=    0.6631    axis=( -0.209826  0.530047  0.821598)
     C   16  Q=         1.0000 1e-30 m^2  Cq=         1.5580 MHz  eta= 0.42033

     C   17    Vxx=    0.1843    axis=( -0.724707  0.168520 -0.668132)
     C   17    Vyy=    0.4206    axis=( -0.559100  0.422932  0.713117)
     C   17    Vzz=   -0.6050    axis=(  0.402749  0.890354 -0.212282)
     C   17  Q=         1.0000 1e-30 m^2  Cq=        -1.4215 MHz  eta= 0.39058

     Cl  18    Vxx=   -0.5579    axis=(  0.886415  0.459378 -0.056924)
     Cl  18    Vyy=   -1.9022    axis=( -0.070209  0.011875 -0.997462)
     Cl  18    Vzz=    2.4601    axis=( -0.457536  0.888162  0.042778)
     Cl  18  Q=        -8.1650 1e-30 m^2  Cq=       -47.1964 MHz  eta= 0.54645

     H   19    Vxx=   -0.0240    axis=(  0.982771  0.176881 -0.053605)
     H   19    Vyy=   -0.6889    axis=(  0.015223 -0.366508 -0.930290)
     H   19    Vzz=    0.7129    axis=( -0.184197  0.913447 -0.362886)
     H   19  Q=         1.0000 1e-30 m^2  Cq=         1.6750 MHz  eta= 0.93279

     C   20    Vxx=   -0.1737    axis=( -0.458049  0.794385 -0.398928)
     C   20    Vyy=   -0.5298    axis=(  0.888851  0.415151 -0.193890)
     C   20    Vzz=    0.7035    axis=( -0.011592  0.443398  0.896250)
     C   20  Q=         1.0000 1e-30 m^2  Cq=         1.6530 MHz  eta= 0.50612

     H   21    Vxx=   -0.1193    axis=(  0.469684  0.813470 -0.343022)
     H   21    Vyy=   -0.7083    axis=( -0.423325  0.548485  0.721083)
     H   21    Vzz=    0.8276    axis=( -0.774721  0.193471 -0.601977)
     H   21  Q=         1.0000 1e-30 m^2  Cq=         1.9446 MHz  eta= 0.71160

     C   22    Vxx=    0.2606    axis=( -0.210252 -0.917154  0.338559)
     C   22    Vyy=    0.2925    axis=(  0.846587  0.002398  0.532245)
     C   22    Vzz=   -0.5530    axis=( -0.488963  0.398525  0.775946)
     C   22  Q=         1.0000 1e-30 m^2  Cq=        -1.2994 MHz  eta= 0.05762

     C   23    Vxx=    0.0905    axis=( -0.369995  0.353720  0.859061)
     C   23    Vyy=    0.1707    axis=(  0.252175  0.928204 -0.273578)
     C   23    Vzz=   -0.2612    axis=( -0.894154  0.115412 -0.432630)
     C   23  Q=         1.0000 1e-30 m^2  Cq=        -0.6137 MHz  eta= 0.30689

     Cl  24    Vxx=   -0.0983    axis=(  0.365594 -0.458609  0.809950)
     Cl  24    Vyy=   -1.0615    axis=( -0.532678  0.610506  0.586120)
     Cl  24    Vzz=    1.1598    axis=( -0.763279 -0.645725 -0.021094)
     Cl  24  Q=        -8.1650 1e-30 m^2  Cq=       -22.2506 MHz  eta= 0.83044

     Initialization:
     gipaw_setup  :      9.15s CPU     10.78s WALL (       1 calls)

     Linear response

     Apply operators

     Induced current

     Other routines
     efg          :      9.21s CPU     11.82s WALL (       1 calls)

     General routines
     calbec       :      3.20s CPU      4.28s WALL (      16 calls)
     fft          :      1.92s CPU      3.08s WALL (      15 calls)
     ffts         :      0.03s CPU      0.05s WALL (       2 calls)
     fftw         :      3.28s CPU      4.04s WALL (     672 calls)
     davcio       :      0.02s CPU      0.31s WALL (      32 calls)

     Parallel routines
     fft_scatter  :      2.57s CPU      4.35s WALL (     689 calls)

     Plugins

     GIPAW        :     63.44s CPU     75.96s WALL (       1 calls)
