
     Program QE v.6.0 (svn rev. 13079) starts on 19Dec2016 at  8:26:31 

     This program is part of the open-source Quantum ESPRESSO suite
     for quantum simulation of materials; please cite
         "P. Giannozzi et al., J. Phys.:Condens. Matter 21 395502 (2009);
          URL http://www.quantum-espresso.org", 
     in publications or presentations arising from this work. More details at
     http://www.quantum-espresso.org/quote

     Parallel version (MPI), running on     8 processors
     R & G space division:  proc/nbgrp/npool/nimage =       8

     ***** This is GIPAW svn revision unknown      *****

     Parallelizing q-star over 1 images

     Reading data from directory:
     /users/majewski/paradichlorobenzene/pbe/9_constraint/scratch/pbe.ecut100.np8.dt60.pcl2phi-129368.save
     Message from routine read_xml_file:
     file /users/majewski/paradichlorobenzene/pbe/9_constraint/scratch/pbe.ecut100.np8.dt60.pcl2phi-129368.save not guaranteed to be safe for post-processing

   Info: using nr1, nr2, nr3 values from input

   Info: using nr1, nr2, nr3 values from input

     IMPORTANT: XC functional enforced from input :
     Exchange-correlation      =  SLA  PW   PBX  PBC ( 1  4  3  4 0 0)
     Any further DFT definition will be discarded
     Please, verify this is what you really want

               file C.pbe-n-kjpaw_psl.1.0.0.UPF: wavefunction(s)  2S 2P renormalized
               file Cl.pbe-n-kjpaw_psl.1.0.0.UPF: wavefunction(s)  3S 3P renormalized
               file H.pbe-kjpaw_psl.1.0.0.UPF: wavefunction(s)  1S renormalized

     Parallelization info
     --------------------
     sticks:   dense  smooth     PW     G-vecs:    dense   smooth      PW
     Min        3057    1223    332               144436    36536    5170
     Max        3059    1225    333               144437    36537    5171
     Sum       24467    9791   2657              1155489   292295   41363


     Subspace diagonalization in iterative solution of the eigenvalue problem:
     a serial algorithm will be used

     GIPAW projectors -----------------------------------------------
     atom=  C    l=0  rc=    1.2000  rs=    0.8000
     atom=  C    l=0  rc=    1.2000  rs=    0.8000
     atom=  C    l=1  rc=    1.4000  rs=    0.9333
     atom=  C    l=1  rc=    1.4000  rs=    0.9333
     projs nearly linearly dependent: l=1  n1,n2= 1, 2  s=  0.99951561

     atom=  Cl   l=0  rc=    1.6000  rs=    1.0667
     atom=  Cl   l=0  rc=    1.6000  rs=    1.0667
     atom=  Cl   l=1  rc=    1.6000  rs=    1.0667
     atom=  Cl   l=1  rc=    1.6000  rs=    1.0667
     atom=  Cl   l=2  rc=    1.6000  rs=    1.0667
     atom=  Cl   l=2  rc=    1.6000  rs=    1.0667
     projs nearly linearly dependent: l=2  n1,n2= 1, 2  s=  0.99993509

     atom=  H    l=0  rc=    1.0000  rs=    0.6667
     atom=  H    l=0  rc=    1.0000  rs=    0.6667
     projs nearly linearly dependent: l=0  n1,n2= 1, 2  s=  0.99968852
     -----------------------------------------------------------------

     GIPAW integrals: -------------------------------------------
     Atom  i/j   nmr_para   nmr_dia   epr_rmc  epr_para   epr_dia
       C   1 1   0.83E+03  0.17E-01  0.93E+01  0.24E+08  0.24E+03
       C   2 1   0.86E+03 -0.61E-01  0.94E+01  0.25E+08  0.25E+03
       C   2 2   0.90E+03 -0.15E+00  0.97E+01  0.26E+08  0.26E+03
       C   3 3   0.33E+01  0.34E+00  0.18E+01  0.55E+03  0.21E+02
       C   4 3   0.35E+01  0.37E+00  0.20E+01  0.59E+03  0.22E+02
       C   4 4   0.38E+01  0.39E+00  0.22E+01  0.63E+03  0.24E+02
       Cl  1 1   0.14E+04 -0.47E+00  0.84E+01  0.32E+09  0.42E+03
       Cl  2 1   0.21E+04 -0.37E+00  0.12E+02  0.49E+09  0.65E+03
       Cl  2 2   0.33E+04 -0.16E+00  0.21E+02  0.76E+09  0.10E+04
       Cl  3 3   0.21E+02  0.79E-01  0.89E+01  0.23E+05  0.13E+03
       Cl  4 3   0.24E+02  0.67E-01  0.99E+01  0.27E+05  0.15E+03
       Cl  4 4   0.28E+02  0.44E-01  0.11E+02  0.32E+05  0.18E+03
       Cl  5 5   0.77E+00  0.19E+00  0.18E+01  0.12E+03  0.22E+02
       Cl  6 5   0.80E+00  0.19E+00  0.19E+01  0.12E+03  0.23E+02
       Cl  6 6   0.83E+00  0.20E+00  0.19E+01  0.12E+03  0.23E+02
       H   1 1   0.39E+02  0.19E+00  0.29E+00  0.78E+05  0.13E+02
       H   2 1   0.41E+02  0.21E+00  0.32E+00  0.82E+05  0.14E+02
       H   2 2   0.43E+02  0.22E+00  0.36E+00  0.86E+05  0.15E+02
     ------------------------------------------------------------

     alpha_pv=     33.8789 eV

     Number of occupied bands for each k-point:
     k-point:     1    nbnd_occ=  42
     k-point:     2    nbnd_occ=  42
     k-point:     3    nbnd_occ=  42
     k-point:     4    nbnd_occ=  42
     k-point:     5    nbnd_occ=  42
     k-point:     6    nbnd_occ=  42
     k-point:     7    nbnd_occ=  42
     k-point:     8    nbnd_occ=  42
     k-point:     9    nbnd_occ=  42
     k-point:    10    nbnd_occ=  42
     k-point:    11    nbnd_occ=  42
     k-point:    12    nbnd_occ=  42
     k-point:    13    nbnd_occ=  42
     k-point:    14    nbnd_occ=  42
     k-point:    15    nbnd_occ=  42
     k-point:    16    nbnd_occ=  42


     q-space interpolation up to   110.00 Rydberg

     GIPAW job: efg                                                                             


     ELECTRIC FIELD GRADIENTS TENSORS IN Hartree/bohrradius^2:

     ----- bare term -----
     Cl   1       -0.092591        0.079308       -0.024851
     Cl   1        0.079308       -0.043365        0.005976
     Cl   1       -0.024851        0.005976        0.135956

     C    2       -0.076260        0.014316       -0.533338
     C    2        0.014316       -0.243950       -0.520932
     C    2       -0.533338       -0.520932        0.320210

     C    3       -0.086394        0.450316       -0.183506
     C    3        0.450316       -0.326072       -0.411050
     C    3       -0.183506       -0.411050        0.412466

     H    4       -0.227471       -0.127684       -0.386850
     H    4       -0.127684        0.276378       -0.409383
     H    4       -0.386850       -0.409383       -0.048907

     C    5       -0.231524       -0.090085       -0.405640
     C    5       -0.090085       -0.042211       -0.450987
     C    5       -0.405640       -0.450987        0.273734

     H    6        0.338099        0.045544       -0.033071
     H    6        0.045544       -0.535277       -0.450508
     H    6       -0.033071       -0.450508        0.197179

     H    7        0.120572        0.446775        0.097205
     H    7        0.446775       -0.486018        0.183976
     H    7        0.097205        0.183976        0.365446

     C    8       -0.286676       -0.154211       -0.351654
     C    8       -0.154211       -0.105273        0.441719
     C    8       -0.351654        0.441719        0.391949

     H    9       -0.390701        0.437133        0.129283
     H    9        0.437133        0.239738       -0.120115
     H    9        0.129283       -0.120115        0.150962

     C   10       -0.171938       -0.305546       -0.095885
     C   10       -0.305546       -0.461790        0.510465
     C   10       -0.095885        0.510465        0.633728

     C   11       -0.160441       -0.004048       -0.414702
     C   11       -0.004048       -0.107017        0.504559
     C   11       -0.414702        0.504559        0.267457

     Cl  12       -0.118040        0.002845       -0.055136
     Cl  12        0.002845       -0.104998        0.031099
     Cl  12       -0.055136        0.031099        0.223038

     H   13        0.294206       -0.250041       -0.023935
     H   13       -0.250041       -0.550791       -0.368750
     H   13       -0.023935       -0.368750        0.256586

     C   14       -0.347451        0.306601       -0.330768
     C   14        0.306601       -0.114585       -0.382772
     C   14       -0.330768       -0.382772        0.462036

     H   15       -0.142857       -0.145479       -0.593558
     H   15       -0.145479        0.430542       -0.152373
     H   15       -0.593558       -0.152373       -0.287685

     C   16       -0.380795        0.197445       -0.267900
     C   16        0.197445       -0.089586       -0.371378
     C   16       -0.267900       -0.371378        0.470381

     C   17       -0.000623        0.381806       -0.011298
     C   17        0.381806       -0.429576       -0.455894
     C   17       -0.011298       -0.455894        0.430199

     Cl  18       -0.047447       -0.027250       -0.043020
     Cl  18       -0.027250       -0.018028       -0.075675
     Cl  18       -0.043020       -0.075675        0.065475

     H   19        0.160478        0.435536        0.198812
     H   19        0.435536       -0.482857        0.060345
     H   19        0.198812        0.060345        0.322379

     C   20       -0.395146       -0.308649       -0.424913
     C   20       -0.308649       -0.164363        0.200138
     C   20       -0.424913        0.200138        0.559508

     H   21       -0.425412        0.478134        0.081002
     H   21        0.478134        0.205013       -0.113387
     H   21        0.081002       -0.113387        0.220399

     C   22       -0.035418       -0.075291       -0.079907
     C   22       -0.075291       -0.294838        0.290944
     C   22       -0.079907        0.290944        0.330257

     C   23       -0.454958       -0.103205       -0.240757
     C   23       -0.103205       -0.014851        0.326762
     C   23       -0.240757        0.326762        0.469809

     Cl  24       -0.064571        0.017681       -0.122457
     Cl  24        0.017681       -0.088130        0.062219
     Cl  24       -0.122457        0.062219        0.152700

     ----- ionic term -----
     Cl   1        0.157297       -0.189135        0.060658
     Cl   1       -0.189135       -0.015111       -0.027985
     Cl   1        0.060658       -0.027985       -0.142185

     C    2        0.163337       -0.158098        0.372019
     C    2       -0.158098        0.141159        0.315727
     C    2        0.372019        0.315727       -0.304496

     C    3        0.105316       -0.219391        0.236367
     C    3       -0.219391        0.260420        0.345858
     C    3        0.236367        0.345858       -0.365736

     H    4        0.435548        0.351807        0.707274
     H    4        0.351807       -0.338766        0.321896
     H    4        0.707274        0.321896       -0.096782

     C    5        0.259532       -0.159323        0.319717
     C    5       -0.159323        0.063721        0.278418
     C    5        0.319717        0.278418       -0.323253

     H    6       -0.479512        0.145220        0.107579
     H    6        0.145220        0.643058        0.678373
     H    6        0.107579        0.678373       -0.163546

     H    7       -0.407014       -0.396278        0.137514
     H    7       -0.396278        0.810587       -0.476760
     H    7        0.137514       -0.476760       -0.403573

     C    8        0.391431       -0.020520        0.111725
     C    8       -0.020520        0.100754       -0.286381
     C    8        0.111725       -0.286381       -0.492185

     H    9        0.784411       -0.508291        0.327559
     H    9       -0.508291       -0.290034       -0.189790
     H    9        0.327559       -0.189790       -0.494377

     C   10        0.162923        0.090163        0.023845
     C   10        0.090163        0.326784       -0.391368
     C   10        0.023845       -0.391368       -0.489707

     C   11        0.259212        0.047426        0.135643
     C   11        0.047426        0.224096       -0.367998
     C   11        0.135643       -0.367998       -0.483308

     Cl  12        0.125115        0.180073       -0.038782
     Cl  12        0.180073       -0.001356       -0.024029
     Cl  12       -0.038782       -0.024029       -0.123759

     H   13       -0.520452        0.130725        0.080779
     H   13        0.130725        0.737049        0.642937
     H   13        0.080779        0.642937       -0.216597

     C   14        0.230335       -0.176194        0.373164
     C   14       -0.176194        0.061404        0.249312
     C   14        0.373164        0.249312       -0.291739

     H   15        0.466834        0.254629        0.735058
     H   15        0.254629       -0.451644        0.245639
     H   15        0.735058        0.245639       -0.015191

     C   16        0.104861       -0.265614        0.252334
     C   16       -0.265614        0.175609        0.343076
     C   16        0.252334        0.343076       -0.280470

     C   17        0.123528       -0.237742        0.253483
     C   17       -0.237742        0.195243        0.407008
     C   17        0.253483        0.407008       -0.318771

     Cl  18        0.126128       -0.238139        0.010322
     Cl  18       -0.238139        0.046868       -0.001308
     Cl  18        0.010322       -0.001308       -0.172996

     H   19       -0.470910       -0.230808        0.106087
     H   19       -0.230808        0.750882       -0.612249
     H   19        0.106087       -0.612249       -0.279972

     C   20        0.417943        0.098686        0.147019
     C   20        0.098686        0.058227       -0.302418
     C   20        0.147019       -0.302418       -0.476170

     H   21        0.583045       -0.389118        0.619081
     H   21       -0.389118       -0.364910       -0.289436
     H   21        0.619081       -0.289436       -0.218135

     C   22        0.204560        0.173998        0.115042
     C   22        0.173998        0.185222       -0.406250
     C   22        0.115042       -0.406250       -0.389782

     C   23        0.314028        0.053625        0.171307
     C   23        0.053625        0.142524       -0.337361
     C   23        0.171307       -0.337361       -0.456552

     Cl  24        0.132985        0.201124        0.011067
     Cl  24        0.201124        0.019400        0.007731
     Cl  24        0.011067        0.007731       -0.152385

     ----- GIPAW term -----
     Cl   1       -0.845311       -1.293347       -0.050885
     Cl   1       -1.293347       -1.484645       -0.107237
     Cl   1       -0.050885       -0.107237        2.329956

     C    2        0.041343       -0.066198       -0.204693
     C    2       -0.066198       -0.099297       -0.138156
     C    2       -0.204693       -0.138156        0.057954

     C    3        0.089189        0.041520       -0.056303
     C    3        0.041520       -0.098419       -0.043260
     C    3       -0.056303       -0.043260        0.009231

     H    4       -0.000000        0.000000        0.000000
     H    4        0.000000        0.000000        0.000000
     H    4        0.000000        0.000000        0.000000

     C    5        0.111910       -0.086747        0.012864
     C    5       -0.086747       -0.085675       -0.099797
     C    5        0.012864       -0.099797       -0.026235

     H    6       -0.000000        0.000000        0.000000
     H    6        0.000000        0.000000        0.000000
     H    6        0.000000        0.000000        0.000000

     H    7       -0.000000        0.000000        0.000000
     H    7        0.000000        0.000000        0.000000
     H    7        0.000000        0.000000        0.000000

     C    8       -0.029712       -0.007454       -0.060981
     C    8       -0.007454       -0.024625        0.088354
     C    8       -0.060981        0.088354        0.054337

     H    9       -0.000000        0.000000        0.000000
     H    9        0.000000        0.000000        0.000000
     H    9        0.000000        0.000000        0.000000

     C   10       -0.127905       -0.038277       -0.018739
     C   10       -0.038277       -0.158133        0.114428
     C   10       -0.018739        0.114428        0.286038

     C   11        0.068209        0.132561       -0.083213
     C   11        0.132561       -0.010355        0.081791
     C   11       -0.083213        0.081791       -0.057854

     Cl  12        0.183019        2.020151       -0.651551
     Cl  12        2.020151       -1.026356        0.255984
     Cl  12       -0.651551        0.255984        0.843336

     H   13       -0.000000        0.000000        0.000000
     H   13        0.000000        0.000000        0.000000
     H   13        0.000000        0.000000        0.000000

     C   14       -0.026122        0.065436       -0.068523
     C   14        0.065436       -0.048613       -0.085737
     C   14       -0.068523       -0.085737        0.074734

     H   15       -0.000000        0.000000        0.000000
     H   15        0.000000        0.000000        0.000000
     H   15        0.000000        0.000000        0.000000

     C   16       -0.117261        0.023265        0.010720
     C   16        0.023265       -0.042723       -0.028342
     C   16        0.010720       -0.028342        0.159984

     C   17        0.138434       -0.012918        0.141032
     C   17       -0.012918       -0.153441       -0.035075
     C   17        0.141032       -0.035075        0.015007

     Cl  18        0.926499       -2.340586       -0.260351
     Cl  18       -2.340586       -0.003807       -0.666877
     Cl  18       -0.260351       -0.666877       -0.922693

     H   19       -0.000000        0.000000        0.000000
     H   19        0.000000        0.000000        0.000000
     H   19        0.000000        0.000000        0.000000

     C   20       -0.056130       -0.069823       -0.206111
     C   20       -0.069823       -0.133609        0.062001
     C   20       -0.206111        0.062001        0.189738

     H   21       -0.000000        0.000000        0.000000
     H   21        0.000000        0.000000        0.000000
     H   21        0.000000        0.000000        0.000000

     C   22       -0.043466       -0.014770       -0.088100
     C   22       -0.014770       -0.084559        0.057364
     C   22       -0.088100        0.057364        0.128024

     C   23       -0.109964        0.036660       -0.106573
     C   23        0.036660       -0.102234        0.074175
     C   23       -0.106573        0.074175        0.212198

     Cl  24        0.582596        1.893670       -1.507201
     Cl  24        1.893670       -1.078486        0.528985
     Cl  24       -1.507201        0.528985        0.495890

     ----- total EFG -----
     Cl   1       -0.780605       -1.403174       -0.015078
     Cl   1       -1.403174       -1.543122       -0.129246
     Cl   1       -0.015078       -0.129246        2.323727

     C    2        0.128421       -0.209979       -0.366011
     C    2       -0.209979       -0.202088       -0.343361
     C    2       -0.366011       -0.343361        0.073667

     C    3        0.108111        0.272445       -0.003441
     C    3        0.272445       -0.164071       -0.108453
     C    3       -0.003441       -0.108453        0.055960

     H    4        0.208077        0.224124        0.320423
     H    4        0.224124       -0.062388       -0.087486
     H    4        0.320423       -0.087486       -0.145688

     C    5        0.139919       -0.336155       -0.073059
     C    5       -0.336155       -0.064165       -0.272366
     C    5       -0.073059       -0.272366       -0.075753

     H    6       -0.141413        0.190764        0.074508
     H    6        0.190764        0.107781        0.227865
     H    6        0.074508        0.227865        0.033633

     H    7       -0.286442        0.050497        0.234719
     H    7        0.050497        0.324569       -0.292784
     H    7        0.234719       -0.292784       -0.038127

     C    8        0.075043       -0.182185       -0.300909
     C    8       -0.182185       -0.029144        0.243691
     C    8       -0.300909        0.243691       -0.045899

     H    9        0.393711       -0.071158        0.456842
     H    9       -0.071158       -0.050296       -0.309905
     H    9        0.456842       -0.309905       -0.343414

     C   10       -0.136920       -0.253660       -0.090779
     C   10       -0.253660       -0.293139        0.233525
     C   10       -0.090779        0.233525        0.430059

     C   11        0.166981        0.175939       -0.362272
     C   11        0.175939        0.106724        0.218352
     C   11       -0.362272        0.218352       -0.273705

     Cl  12        0.190094        2.203069       -0.745469
     Cl  12        2.203069       -1.132709        0.263054
     Cl  12       -0.745469        0.263054        0.942616

     H   13       -0.226246       -0.119316        0.056844
     H   13       -0.119316        0.186257        0.274187
     H   13        0.056844        0.274187        0.039989

     C   14       -0.143238        0.195843       -0.026126
     C   14        0.195843       -0.101793       -0.219198
     C   14       -0.026126       -0.219198        0.245032

     H   15        0.323977        0.109150        0.141501
     H   15        0.109150       -0.021102        0.093266
     H   15        0.141501        0.093266       -0.302875

     C   16       -0.393196       -0.044904       -0.004846
     C   16       -0.044904        0.043300       -0.056644
     C   16       -0.004846       -0.056644        0.349895

     C   17        0.261340        0.131146        0.383218
     C   17        0.131146       -0.387775       -0.083961
     C   17        0.383218       -0.083961        0.126435

     Cl  18        1.005180       -2.605975       -0.293049
     Cl  18       -2.605975        0.025033       -0.743861
     Cl  18       -0.293049       -0.743861       -1.030214

     H   19       -0.310432        0.204727        0.304899
     H   19        0.204727        0.268025       -0.551904
     H   19        0.304899       -0.551904        0.042407

     C   20       -0.033333       -0.279786       -0.484005
     C   20       -0.279786       -0.239744       -0.040278
     C   20       -0.484005       -0.040278        0.273077

     H   21        0.157634        0.089016        0.700083
     H   21        0.089016       -0.159897       -0.402823
     H   21        0.700083       -0.402823        0.002263

     C   22        0.125676        0.083936       -0.052965
     C   22        0.083936       -0.194175       -0.057943
     C   22       -0.052965       -0.057943        0.068499

     C   23       -0.250893       -0.012919       -0.176022
     C   23       -0.012919        0.025439        0.063575
     C   23       -0.176022        0.063575        0.225455

     Cl  24        0.651011        2.112475       -1.618591
     Cl  24        2.112475       -1.147216        0.598935
     Cl  24       -1.618591        0.598935        0.496205

     ----- total EFG (symmetrized) -----
     Cl   1       -0.780605       -1.403174       -0.015078
     Cl   1       -1.403174       -1.543122       -0.129246
     Cl   1       -0.015078       -0.129246        2.323727

     C    2        0.128421       -0.209979       -0.366011
     C    2       -0.209979       -0.202088       -0.343361
     C    2       -0.366011       -0.343361        0.073667

     C    3        0.108111        0.272445       -0.003441
     C    3        0.272445       -0.164071       -0.108453
     C    3       -0.003441       -0.108453        0.055960

     H    4        0.208077        0.224124        0.320423
     H    4        0.224124       -0.062388       -0.087486
     H    4        0.320423       -0.087486       -0.145688

     C    5        0.139919       -0.336155       -0.073059
     C    5       -0.336155       -0.064165       -0.272366
     C    5       -0.073059       -0.272366       -0.075753

     H    6       -0.141413        0.190764        0.074508
     H    6        0.190764        0.107781        0.227865
     H    6        0.074508        0.227865        0.033633

     H    7       -0.286442        0.050497        0.234719
     H    7        0.050497        0.324569       -0.292784
     H    7        0.234719       -0.292784       -0.038127

     C    8        0.075043       -0.182185       -0.300909
     C    8       -0.182185       -0.029144        0.243691
     C    8       -0.300909        0.243691       -0.045899

     H    9        0.393711       -0.071158        0.456842
     H    9       -0.071158       -0.050296       -0.309905
     H    9        0.456842       -0.309905       -0.343414

     C   10       -0.136920       -0.253660       -0.090779
     C   10       -0.253660       -0.293139        0.233525
     C   10       -0.090779        0.233525        0.430059

     C   11        0.166981        0.175939       -0.362272
     C   11        0.175939        0.106724        0.218352
     C   11       -0.362272        0.218352       -0.273705

     Cl  12        0.190094        2.203069       -0.745469
     Cl  12        2.203069       -1.132709        0.263054
     Cl  12       -0.745469        0.263054        0.942616

     H   13       -0.226246       -0.119316        0.056844
     H   13       -0.119316        0.186257        0.274187
     H   13        0.056844        0.274187        0.039989

     C   14       -0.143238        0.195843       -0.026126
     C   14        0.195843       -0.101793       -0.219198
     C   14       -0.026126       -0.219198        0.245032

     H   15        0.323977        0.109150        0.141501
     H   15        0.109150       -0.021102        0.093266
     H   15        0.141501        0.093266       -0.302875

     C   16       -0.393196       -0.044904       -0.004846
     C   16       -0.044904        0.043300       -0.056644
     C   16       -0.004846       -0.056644        0.349895

     C   17        0.261340        0.131146        0.383218
     C   17        0.131146       -0.387775       -0.083961
     C   17        0.383218       -0.083961        0.126435

     Cl  18        1.005180       -2.605975       -0.293049
     Cl  18       -2.605975        0.025033       -0.743861
     Cl  18       -0.293049       -0.743861       -1.030214

     H   19       -0.310432        0.204727        0.304899
     H   19        0.204727        0.268025       -0.551904
     H   19        0.304899       -0.551904        0.042407

     C   20       -0.033333       -0.279786       -0.484005
     C   20       -0.279786       -0.239744       -0.040278
     C   20       -0.484005       -0.040278        0.273077

     H   21        0.157634        0.089016        0.700083
     H   21        0.089016       -0.159897       -0.402823
     H   21        0.700083       -0.402823        0.002263

     C   22        0.125676        0.083936       -0.052965
     C   22        0.083936       -0.194175       -0.057943
     C   22       -0.052965       -0.057943        0.068499

     C   23       -0.250893       -0.012919       -0.176022
     C   23       -0.012919        0.025439        0.063575
     C   23       -0.176022        0.063575        0.225455

     Cl  24        0.651011        2.112475       -1.618591
     Cl  24        2.112475       -1.147216        0.598935
     Cl  24       -1.618591        0.598935        0.496205


     NQR/NMR SPECTROSCOPIC PARAMETERS:
     Cl   1    Vxx=    0.2900    axis=(  0.794759 -0.606048 -0.032623)
     Cl   1    Vyy=    2.3284    axis=( -0.012205  0.037781 -0.999212)
     Cl   1    Vzz=   -2.6184    axis=(  0.606803  0.794530  0.022629)
     Cl   1  Q=        -8.1650 1e-30 m^2  Cq=        50.2335 MHz  eta= 0.77848

     C    2    Vxx=    0.1511    axis=( -0.591469  0.714669 -0.373381)
     C    2    Vyy=    0.4814    axis=(  0.661068  0.164653 -0.732037)
     C    2    Vzz=   -0.6325    axis=(  0.461686  0.679807  0.569832)
     C    2  Q=         1.0000 1e-30 m^2  Cq=        -1.4861 MHz  eta= 0.52227

     C    3    Vxx=    0.0602    axis=(  0.335672 -0.047181  0.940797)
     C    3    Vyy=    0.2926    axis=(  0.801256  0.539439 -0.258832)
     C    3    Vzz=   -0.3528    axis=( -0.495290  0.840702  0.218878)
     C    3  Q=         1.0000 1e-30 m^2  Cq=        -0.8290 MHz  eta= 0.65891

     H    4    Vxx=   -0.0075    axis=( -0.018329  0.825051 -0.564761)
     H    4    Vyy=   -0.4375    axis=( -0.517974  0.475310  0.711184)
     H    4    Vzz=    0.4450    axis=(  0.855200  0.305567  0.418643)
     H    4  Q=         1.0000 1e-30 m^2  Cq=         1.0456 MHz  eta= 0.96638

     C    5    Vxx=    0.0701    axis=( -0.532614 -0.283970  0.797297)
     C    5    Vyy=    0.4161    axis=( -0.720420  0.646529 -0.250987)
     C    5    Vzz=   -0.4862    axis=( -0.444204 -0.708068 -0.548928)
     C    5  Q=         1.0000 1e-30 m^2  Cq=        -1.1424 MHz  eta= 0.71181

     H    6    Vxx=   -0.1198    axis=( -0.503181 -0.363334  0.784090)
     H    6    Vyy=   -0.2555    axis=(  0.787660 -0.566100  0.243151)
     H    6    Vzz=    0.3753    axis=(  0.355528  0.739945  0.571035)
     H    6  Q=         1.0000 1e-30 m^2  Cq=         0.8818 MHz  eta= 0.36171

     H    7    Vxx=   -0.0142    axis=(  0.628958  0.452570  0.632133)
     H    7    Vyy=   -0.4804    axis=(  0.771131 -0.259797 -0.581259)
     H    7    Vzz=    0.4946    axis=(  0.098835 -0.853045  0.512392)
     H    7  Q=         1.0000 1e-30 m^2  Cq=         1.1621 MHz  eta= 0.94257

     C    8    Vxx=   -0.1659    axis=(  0.640199  0.766682  0.048404)
     C    8    Vyy=   -0.3254    axis=(  0.424125 -0.405285  0.809853)
     C    8    Vzz=    0.4913    axis=( -0.640518  0.497938  0.584633)
     C    8  Q=         1.0000 1e-30 m^2  Cq=         1.1544 MHz  eta= 0.32474

     H    9    Vxx=   -0.0031    axis=(  0.422718  0.876425 -0.230628)
     H    9    Vyy=   -0.6674    axis=(  0.341944 -0.389919 -0.855007)
     H    9    Vzz=    0.6705    axis=( -0.839276  0.282565 -0.464514)
     H    9  Q=         1.0000 1e-30 m^2  Cq=         1.5754 MHz  eta= 0.99085

     C   10    Vxx=   -0.0378    axis=( -0.806287  0.451717 -0.381907)
     C   10    Vyy=   -0.5015    axis=(  0.537804  0.828640 -0.155311)
     C   10    Vzz=    0.5393    axis=( -0.246307  0.330616  0.911057)
     C   10  Q=         1.0000 1e-30 m^2  Cq=         1.2672 MHz  eta= 0.85980

     C   11    Vxx=    0.2057    axis=( -0.041698  0.896989  0.440081)
     C   11    Vyy=    0.3822    axis=( -0.881323 -0.240515  0.406721)
     C   11    Vzz=   -0.5879    axis=(  0.470670 -0.370894  0.800567)
     C   11  Q=         1.0000 1e-30 m^2  Cq=        -1.3812 MHz  eta= 0.30025

     Cl  12    Vxx=    0.8602    axis=( -0.231308 -0.374230 -0.898025)
     Cl  12    Vyy=    2.0249    axis=( -0.765180 -0.500080  0.405487)
     Cl  12    Vzz=   -2.8852    axis=(  0.600830 -0.780943  0.170681)
     Cl  12  Q=        -8.1650 1e-30 m^2  Cq=        55.3504 MHz  eta= 0.40369

     H   13    Vxx=   -0.0803    axis=(  0.606946 -0.421424  0.673808)
     H   13    Vyy=   -0.3226    axis=( -0.788595 -0.424608  0.444777)
     H   13    Vzz=    0.4028    axis=( -0.098665  0.801317  0.590047)
     H   13  Q=         1.0000 1e-30 m^2  Cq=         0.9465 MHz  eta= 0.60136

     C   14    Vxx=   -0.0255    axis=(  0.725204  0.499085  0.474335)
     C   14    Vyy=   -0.3506    axis=(  0.651129 -0.721081 -0.236796)
     C   14    Vzz=    0.3762    axis=( -0.223853 -0.480579  0.847900)
     C   14  Q=         1.0000 1e-30 m^2  Cq=         0.8838 MHz  eta= 0.86417

     H   15    Vxx=   -0.0449    axis=(  0.333915 -0.930084 -0.153119)
     H   15    Vyy=   -0.3486    axis=(  0.166880  0.218209 -0.961528)
     H   15    Vzz=    0.3935    axis=(  0.927713  0.295516  0.228075)
     H   15  Q=         1.0000 1e-30 m^2  Cq=         0.9246 MHz  eta= 0.77164

     C   16    Vxx=    0.0379    axis=( -0.103946  0.978870  0.176091)
     C   16    Vyy=    0.3600    axis=(  0.004196 -0.176617  0.984271)
     C   16    Vzz=   -0.3979    axis=( -0.994574 -0.103050 -0.014251)
     C   16  Q=         1.0000 1e-30 m^2  Cq=        -0.9349 MHz  eta= 0.80961

     C   17    Vxx=   -0.1151    axis=(  0.541475  0.474215 -0.694208)
     C   17    Vyy=   -0.4702    axis=(  0.335200 -0.879037 -0.339020)
     C   17    Vzz=    0.5853    axis=( -0.771003 -0.049128 -0.634934)
     C   17  Q=         1.0000 1e-30 m^2  Cq=         1.3752 MHz  eta= 0.60663

     Cl  18    Vxx=   -0.6566    axis=( -0.335622 -0.313893  0.888161)
     Cl  18    Vyy=   -2.5253    axis=(  0.552846  0.697760  0.455513)
     Cl  18    Vzz=    3.1819    axis=( -0.762705  0.643897 -0.060649)
     Cl  18  Q=        -8.1650 1e-30 m^2  Cq=       -61.0434 MHz  eta= 0.58730

     H   19    Vxx=    0.0087    axis=(  0.751231  0.444794  0.487658)
     H   19    Vyy=    0.7198    axis=( -0.037489  0.766393 -0.641277)
     H   19    Vzz=   -0.7285    axis=( -0.658974  0.463465  0.592413)
     H   19  Q=         1.0000 1e-30 m^2  Cq=        -1.7117 MHz  eta= 0.97610

     C   20    Vxx=   -0.0695    axis=(  0.404572 -0.778330  0.480129)
     C   20    Vyy=   -0.5794    axis=( -0.678007 -0.607605 -0.413670)
     C   20    Vzz=    0.6488    axis=( -0.613700  0.158172  0.773533)
     C   20  Q=         1.0000 1e-30 m^2  Cq=         1.5245 MHz  eta= 0.78587

     H   21    Vxx=   -0.0037    axis=( -0.487925 -0.844753  0.219823)
     H   21    Vyy=   -0.8261    axis=(  0.534870 -0.488362 -0.689505)
     H   21    Vzz=    0.8298    axis=(  0.689814 -0.218849  0.690117)
     H   21  Q=         1.0000 1e-30 m^2  Cq=         1.9497 MHz  eta= 0.99118

     C   22    Vxx=    0.0370    axis=( -0.527620  0.021276 -0.849214)
     C   22    Vyy=    0.1846    axis=(  0.823180  0.259632 -0.504941)
     C   22    Vzz=   -0.2217    axis=( -0.209740  0.965473  0.154501)
     C   22  Q=         1.0000 1e-30 m^2  Cq=        -0.5209 MHz  eta= 0.66579

     C   23    Vxx=    0.0104    axis=(  0.093896  0.973008 -0.210807)
     C   23    Vyy=    0.2986    axis=(  0.301789 -0.229598 -0.925315)
     C   23    Vzz=   -0.3091    axis=( -0.948740  0.023264 -0.315201)
     C   23  Q=         1.0000 1e-30 m^2  Cq=        -0.7262 MHz  eta= 0.93258

     Cl  24    Vxx=    0.4762    axis=(  0.224595  0.580888  0.782385)
     Cl  24    Vyy=    2.6366    axis=( -0.789403 -0.362272  0.495582)
     Cl  24    Vzz=   -3.1129    axis=( -0.571314  0.728923 -0.377190)
     Cl  24  Q=        -8.1650 1e-30 m^2  Cq=        59.7185 MHz  eta= 0.69401

     Initialization:
     gipaw_setup  :      9.56s CPU     11.37s WALL (       1 calls)

     Linear response

     Apply operators

     Induced current

     Other routines
     efg          :      9.49s CPU     12.20s WALL (       1 calls)

     General routines
     calbec       :      3.43s CPU      4.83s WALL (      16 calls)
     fft          :      1.53s CPU      2.37s WALL (      15 calls)
     ffts         :      0.04s CPU      0.04s WALL (       2 calls)
     fftw         :      3.29s CPU      3.92s WALL (     672 calls)
     davcio       :      0.04s CPU      0.32s WALL (      32 calls)

     Parallel routines
     fft_scatter  :      2.18s CPU      3.41s WALL (     689 calls)

     Plugins

     GIPAW        :     62.32s CPU     77.84s WALL (       1 calls)
