
     Program QE v.6.0 (svn rev. 13079) starts on 15Jan2017 at  9:42:43 

     This program is part of the open-source Quantum ESPRESSO suite
     for quantum simulation of materials; please cite
         "P. Giannozzi et al., J. Phys.:Condens. Matter 21 395502 (2009);
          URL http://www.quantum-espresso.org", 
     in publications or presentations arising from this work. More details at
     http://www.quantum-espresso.org/quote

     Parallel version (MPI), running on     8 processors
     R & G space division:  proc/nbgrp/npool/nimage =       8

     ***** This is GIPAW svn revision unknown      *****

     Parallelizing q-star over 1 images

     Reading data from directory:
     /users/majewski/paradichlorobenzene/pbe/9_constraint/scratch/pbe.ecut100.np8.dt60.pcl2phi-129368.save
     Message from routine read_xml_file:
     file /users/majewski/paradichlorobenzene/pbe/9_constraint/scratch/pbe.ecut100.np8.dt60.pcl2phi-129368.save not guaranteed to be safe for post-processing

   Info: using nr1, nr2, nr3 values from input

   Info: using nr1, nr2, nr3 values from input

     IMPORTANT: XC functional enforced from input :
     Exchange-correlation      =  SLA  PW   PBX  PBC ( 1  4  3  4 0 0)
     Any further DFT definition will be discarded
     Please, verify this is what you really want

               file C.pbe-n-kjpaw_psl.1.0.0.UPF: wavefunction(s)  2S 2P renormalized
               file Cl.pbe-n-kjpaw_psl.1.0.0.UPF: wavefunction(s)  3S 3P renormalized
               file H.pbe-kjpaw_psl.1.0.0.UPF: wavefunction(s)  1S renormalized

     Parallelization info
     --------------------
     sticks:   dense  smooth     PW     G-vecs:    dense   smooth      PW
     Min        3057    1223    332               144436    36536    5170
     Max        3059    1225    333               144437    36537    5171
     Sum       24467    9791   2657              1155489   292295   41363


     Subspace diagonalization in iterative solution of the eigenvalue problem:
     a serial algorithm will be used

     GIPAW projectors -----------------------------------------------
     atom=  C    l=0  rc=    1.2000  rs=    0.8000
     atom=  C    l=0  rc=    1.2000  rs=    0.8000
     atom=  C    l=1  rc=    1.4000  rs=    0.9333
     atom=  C    l=1  rc=    1.4000  rs=    0.9333
     projs nearly linearly dependent: l=1  n1,n2= 1, 2  s=  0.99951561

     atom=  Cl   l=0  rc=    1.6000  rs=    1.0667
     atom=  Cl   l=0  rc=    1.6000  rs=    1.0667
     atom=  Cl   l=1  rc=    1.6000  rs=    1.0667
     atom=  Cl   l=1  rc=    1.6000  rs=    1.0667
     atom=  Cl   l=2  rc=    1.6000  rs=    1.0667
     atom=  Cl   l=2  rc=    1.6000  rs=    1.0667
     projs nearly linearly dependent: l=2  n1,n2= 1, 2  s=  0.99993509

     atom=  H    l=0  rc=    1.0000  rs=    0.6667
     atom=  H    l=0  rc=    1.0000  rs=    0.6667
     projs nearly linearly dependent: l=0  n1,n2= 1, 2  s=  0.99968852
     -----------------------------------------------------------------

     GIPAW integrals: -------------------------------------------
     Atom  i/j   nmr_para   nmr_dia   epr_rmc  epr_para   epr_dia
       C   1 1   0.83E+03  0.17E-01  0.93E+01  0.24E+08  0.24E+03
       C   2 1   0.86E+03 -0.61E-01  0.94E+01  0.25E+08  0.25E+03
       C   2 2   0.90E+03 -0.15E+00  0.97E+01  0.26E+08  0.26E+03
       C   3 3   0.33E+01  0.34E+00  0.18E+01  0.55E+03  0.21E+02
       C   4 3   0.35E+01  0.37E+00  0.20E+01  0.59E+03  0.22E+02
       C   4 4   0.38E+01  0.39E+00  0.22E+01  0.63E+03  0.24E+02
       Cl  1 1   0.14E+04 -0.47E+00  0.84E+01  0.32E+09  0.42E+03
       Cl  2 1   0.21E+04 -0.37E+00  0.12E+02  0.49E+09  0.65E+03
       Cl  2 2   0.33E+04 -0.16E+00  0.21E+02  0.76E+09  0.10E+04
       Cl  3 3   0.21E+02  0.79E-01  0.89E+01  0.23E+05  0.13E+03
       Cl  4 3   0.24E+02  0.67E-01  0.99E+01  0.27E+05  0.15E+03
       Cl  4 4   0.28E+02  0.44E-01  0.11E+02  0.32E+05  0.18E+03
       Cl  5 5   0.77E+00  0.19E+00  0.18E+01  0.12E+03  0.22E+02
       Cl  6 5   0.80E+00  0.19E+00  0.19E+01  0.12E+03  0.23E+02
       Cl  6 6   0.83E+00  0.20E+00  0.19E+01  0.12E+03  0.23E+02
       H   1 1   0.39E+02  0.19E+00  0.29E+00  0.78E+05  0.13E+02
       H   2 1   0.41E+02  0.21E+00  0.32E+00  0.82E+05  0.14E+02
       H   2 2   0.43E+02  0.22E+00  0.36E+00  0.86E+05  0.15E+02
     ------------------------------------------------------------

     alpha_pv=     33.9527 eV

     Number of occupied bands for each k-point:
     k-point:     1    nbnd_occ=  42
     k-point:     2    nbnd_occ=  42
     k-point:     3    nbnd_occ=  42
     k-point:     4    nbnd_occ=  42
     k-point:     5    nbnd_occ=  42
     k-point:     6    nbnd_occ=  42
     k-point:     7    nbnd_occ=  42
     k-point:     8    nbnd_occ=  42
     k-point:     9    nbnd_occ=  42
     k-point:    10    nbnd_occ=  42
     k-point:    11    nbnd_occ=  42
     k-point:    12    nbnd_occ=  42
     k-point:    13    nbnd_occ=  42
     k-point:    14    nbnd_occ=  42
     k-point:    15    nbnd_occ=  42
     k-point:    16    nbnd_occ=  42


     q-space interpolation up to   110.00 Rydberg

     GIPAW job: efg                                                                             


     ELECTRIC FIELD GRADIENTS TENSORS IN Hartree/bohrradius^2:

     ----- bare term -----
     Cl   1       -0.099826        0.171429       -0.016432
     Cl   1        0.171429        0.011071        0.011299
     Cl   1       -0.016432        0.011299        0.088755

     C    2       -0.325337       -0.166279       -0.290228
     C    2       -0.166279       -0.074435       -0.592978
     C    2       -0.290228       -0.592978        0.399772

     C    3        0.000616        0.033304       -0.447264
     C    3        0.033304       -0.333189       -0.503537
     C    3       -0.447264       -0.503537        0.332573

     H    4       -0.718050       -0.112997       -0.118282
     H    4       -0.112997        0.410603       -0.175336
     H    4       -0.118282       -0.175336        0.307447

     C    5        0.089716        0.573578       -0.042489
     C    5        0.573578       -0.439094       -0.378251
     C    5       -0.042489       -0.378251        0.349378

     H    6       -0.068396       -0.266470       -0.372355
     H    6       -0.266470       -0.082557       -0.425142
     H    6       -0.372355       -0.425142        0.150953

     H    7        0.302843        0.011734       -0.149382
     H    7        0.011734       -0.455858        0.566775
     H    7       -0.149382        0.566775        0.153015

     C    8       -0.745900       -0.314122       -0.415537
     C    8       -0.314122        0.278674        0.059077
     C    8       -0.415537        0.059077        0.467227

     H    9       -0.387391       -0.016610       -0.517262
     H    9       -0.016610        0.206245        0.089929
     H    9       -0.517262        0.089929        0.181146

     C   10        0.029985        0.082610       -0.275993
     C   10        0.082610       -0.093503        0.602451
     C   10       -0.275993        0.602451        0.063518

     C   11       -0.761332       -0.362749       -0.369979
     C   11       -0.362749        0.300520        0.034021
     C   11       -0.369979        0.034021        0.460812

     Cl  12        0.024446       -0.061214       -0.033401
     Cl  12       -0.061214        0.054789        0.002553
     Cl  12       -0.033401        0.002553       -0.079235

     H   13        0.351014        0.098710       -0.348126
     H   13        0.098710        0.027701       -0.222043
     H   13       -0.348126       -0.222043       -0.378715

     C   14       -0.499681        0.353522        0.024012
     C   14        0.353522        0.201016       -0.203846
     C   14        0.024012       -0.203846        0.298665

     H   15       -0.085700        0.252875       -0.444766
     H   15        0.252875       -0.139102        0.021338
     H   15       -0.444766        0.021338        0.224802

     C   16        0.230061        0.096794       -0.136703
     C   16        0.096794       -0.186066       -0.569349
     C   16       -0.136703       -0.569349       -0.043995

     C   17       -0.624702        0.349213       -0.378749
     C   17        0.349213        0.288130       -0.048370
     C   17       -0.378749       -0.048370        0.336572

     Cl  18        0.191121       -0.073754       -0.197065
     Cl  18       -0.073754        0.034181       -0.382554
     Cl  18       -0.197065       -0.382554       -0.225302

     H   19        0.396569        0.204913       -0.144751
     H   19        0.204913       -0.422856        0.600114
     H   19       -0.144751        0.600114        0.026287

     C   20       -0.164890        0.001084       -0.318428
     C   20        0.001084       -0.119248        0.359841
     C   20       -0.318428        0.359841        0.284138

     H   21       -0.296999        0.510197       -0.230825
     H   21        0.510197       -0.064753        0.029653
     H   21       -0.230825        0.029653        0.361752

     C   22       -0.522289       -0.366765       -0.305276
     C   22       -0.366765        0.107310        0.280091
     C   22       -0.305276        0.280091        0.414980

     C   23       -0.027966        0.125300       -0.380004
     C   23        0.125300       -0.196459        0.519869
     C   23       -0.380004        0.519869        0.224425

     Cl  24       -0.013237       -0.174919        0.072705
     Cl  24       -0.174919       -0.085769        0.010873
     Cl  24        0.072705        0.010873        0.099006

     ----- ionic term -----
     Cl   1        0.070175       -0.199816       -0.046483
     Cl   1       -0.199816        0.064908        0.049020
     Cl   1       -0.046483        0.049020       -0.135084

     C    2        0.168749       -0.194155        0.255007
     C    2       -0.194155        0.092386        0.420559
     C    2        0.255007        0.420559       -0.261135

     C    3        0.116866       -0.168915        0.185554
     C    3       -0.168915        0.156176        0.449316
     C    3        0.185554        0.449316       -0.273042

     H    4        0.692607        0.233182        0.654824
     H    4        0.233182       -0.502269        0.199716
     H    4        0.654824        0.199716       -0.190338

     C    5        0.338248       -0.186588        0.229530
     C    5       -0.186588       -0.020901        0.334113
     C    5        0.229530        0.334113       -0.317347

     H    6       -0.483361        0.218394        0.180470
     H    6        0.218394        0.425379        0.797798
     H    6        0.180470        0.797798        0.057981

     H    7       -0.490312       -0.117200        0.086894
     H    7       -0.117200        0.562927       -0.729989
     H    7        0.086894       -0.729989       -0.072614

     C    8        0.269417        0.170886        0.294132
     C    8        0.170886        0.050980       -0.275822
     C    8        0.294132       -0.275822       -0.320396

     H    9        0.487601       -0.373019        0.671419
     H    9       -0.373019       -0.335861       -0.303375
     H    9        0.671419       -0.303375       -0.151740

     C   10        0.064969        0.188927        0.215592
     C   10        0.188927        0.193384       -0.396291
     C   10        0.215592       -0.396291       -0.258352

     C   11        0.180106        0.187088        0.320141
     C   11        0.187088        0.102777       -0.360647
     C   11        0.320141       -0.360647       -0.282883

     Cl  12        0.114697        0.215757        0.036281
     Cl  12        0.215757        0.037268        0.018773
     Cl  12        0.036281        0.018773       -0.151965

     H   13       -0.514194        0.191911        0.177342
     H   13        0.191911        0.451033        0.815579
     H   13        0.177342        0.815579        0.063162

     C   14        0.230138       -0.278133        0.220686
     C   14       -0.278133        0.031836        0.336624
     C   14        0.220686        0.336624       -0.261975

     H   15        0.675014        0.128768        0.694346
     H   15        0.128768       -0.517078        0.147949
     H   15        0.694346        0.147949       -0.157936

     C   16        0.088058       -0.264155        0.162682
     C   16       -0.264155        0.107163        0.464372
     C   16        0.162682        0.464372       -0.195221

     C   17        0.247379       -0.153927        0.206592
     C   17       -0.153927       -0.035880        0.462144
     C   17        0.206592        0.462144       -0.211499

     Cl  18        0.081037       -0.192479       -0.059159
     Cl  18       -0.192479        0.024464        0.049452
     Cl  18       -0.059159        0.049452       -0.105501

     H   19       -0.492404       -0.204544        0.137233
     H   19       -0.204544        0.573858       -0.726059
     H   19        0.137233       -0.726059       -0.081455

     C   20        0.292710        0.122181        0.284518
     C   20        0.122181        0.006544       -0.307505
     C   20        0.284518       -0.307505       -0.299255

     H   21        0.733439       -0.453133        0.491664
     H   21       -0.453133       -0.319783       -0.234193
     H   21        0.491664       -0.234193       -0.413656

     C   22        0.143537        0.127650        0.137411
     C   22        0.127650        0.226077       -0.393368
     C   22        0.137411       -0.393368       -0.369614

     C   23        0.169786        0.175495        0.245561
     C   23        0.175495        0.175667       -0.398638
     C   23        0.245561       -0.398638       -0.345453

     Cl  24        0.104885        0.205877       -0.010127
     Cl  24        0.205877        0.042152       -0.023885
     Cl  24       -0.010127       -0.023885       -0.147037

     ----- GIPAW term -----
     Cl   1       -0.607033       -0.806943        1.103569
     Cl   1       -0.806943       -1.475625        0.095824
     Cl   1        1.103569        0.095824        2.082658

     C    2       -0.072210       -0.163253        0.015010
     C    2       -0.163253       -0.066042       -0.179032
     C    2        0.015010       -0.179032        0.138252

     C    3        0.072899       -0.024114       -0.242326
     C    3       -0.024114       -0.131988       -0.068108
     C    3       -0.242326       -0.068108        0.059089

     H    4       -0.000000        0.000000        0.000000
     H    4        0.000000        0.000000        0.000000
     H    4        0.000000        0.000000        0.000000

     C    5        0.229435        0.216054        0.043518
     C    5        0.216054       -0.155277       -0.056302
     C    5        0.043518       -0.056302       -0.074158

     H    6       -0.000000        0.000000        0.000000
     H    6        0.000000        0.000000        0.000000
     H    6        0.000000        0.000000        0.000000

     H    7       -0.000000        0.000000        0.000000
     H    7        0.000000        0.000000        0.000000
     H    7        0.000000        0.000000        0.000000

     C    8       -0.172562        0.059712       -0.100353
     C    8        0.059712        0.172949       -0.127852
     C    8       -0.100353       -0.127852       -0.000387

     H    9       -0.000000        0.000000        0.000000
     H    9        0.000000        0.000000        0.000000
     H    9        0.000000        0.000000        0.000000

     C   10       -0.100295        0.136047       -0.055810
     C   10        0.136047        0.239886        0.006264
     C   10       -0.055810        0.006264       -0.139591

     C   11       -0.178070        0.068394       -0.071083
     C   11        0.068394        0.204684       -0.174454
     C   11       -0.071083       -0.174454       -0.026614

     Cl  12        0.005521        0.663387       -0.199738
     Cl  12        0.663387        2.666873        0.289962
     Cl  12       -0.199738        0.289962       -2.672394

     H   13       -0.000000        0.000000        0.000000
     H   13        0.000000        0.000000        0.000000
     H   13        0.000000        0.000000        0.000000

     C   14       -0.092451       -0.071719        0.075429
     C   14       -0.071719        0.123056       -0.098736
     C   14        0.075429       -0.098736       -0.030606

     H   15       -0.000000        0.000000        0.000000
     H   15        0.000000        0.000000        0.000000
     H   15        0.000000        0.000000        0.000000

     C   16       -0.059670        0.001560       -0.003355
     C   16        0.001560        0.189594       -0.004128
     C   16       -0.003355       -0.004128       -0.129924

     C   17       -0.064995        0.125195        0.055213
     C   17        0.125195        0.123365        0.151072
     C   17        0.055213        0.151072       -0.058370

     Cl  18        0.029833       -0.457009        0.312508
     Cl  18       -0.457009       -0.006059        0.689885
     Cl  18        0.312508        0.689885       -0.023774

     H   19       -0.000000        0.000000        0.000000
     H   19        0.000000        0.000000        0.000000
     H   19        0.000000        0.000000        0.000000

     C   20       -0.092653        0.065717       -0.074083
     C   20        0.065717        0.079560       -0.071491
     C   20       -0.074083       -0.071491        0.013093

     H   21       -0.000000        0.000000        0.000000
     H   21        0.000000        0.000000        0.000000
     H   21        0.000000        0.000000        0.000000

     C   22       -0.177550       -0.069281       -0.068557
     C   22       -0.069281        0.156315       -0.010962
     C   22       -0.068557       -0.010962        0.021235

     C   23        0.030690        0.184443       -0.084962
     C   23        0.184443        0.022080       -0.004316
     C   23       -0.084962       -0.004316       -0.052770

     Cl  24        1.741727        1.504489        0.585043
     Cl  24        1.504489       -0.531335        0.057621
     Cl  24        0.585043        0.057621       -1.210392

     ----- total EFG -----
     Cl   1       -0.636683       -0.835330        1.040654
     Cl   1       -0.835330       -1.399646        0.156143
     Cl   1        1.040654        0.156143        2.036329

     C    2       -0.228798       -0.523686       -0.020211
     C    2       -0.523686       -0.048091       -0.351451
     C    2       -0.020211       -0.351451        0.276889

     C    3        0.190381       -0.159725       -0.504037
     C    3       -0.159725       -0.309001       -0.122330
     C    3       -0.504037       -0.122330        0.118620

     H    4       -0.025443        0.120185        0.536542
     H    4        0.120185       -0.091666        0.024381
     H    4        0.536542        0.024381        0.117109

     C    5        0.657399        0.603044        0.230559
     C    5        0.603044       -0.615272       -0.100440
     C    5        0.230559       -0.100440       -0.042126

     H    6       -0.551757       -0.048076       -0.191885
     H    6       -0.048076        0.342822        0.372656
     H    6       -0.191885        0.372656        0.208934

     H    7       -0.187470       -0.105466       -0.062488
     H    7       -0.105466        0.107069       -0.163214
     H    7       -0.062488       -0.163214        0.080400

     C    8       -0.649046       -0.083524       -0.221758
     C    8       -0.083524        0.502603       -0.344597
     C    8       -0.221758       -0.344597        0.146443

     H    9        0.100210       -0.389629        0.154157
     H    9       -0.389629       -0.129616       -0.213445
     H    9        0.154157       -0.213445        0.029406

     C   10       -0.005341        0.407584       -0.116211
     C   10        0.407584        0.339766        0.212425
     C   10       -0.116211        0.212425       -0.334425

     C   11       -0.759296       -0.107267       -0.120922
     C   11       -0.107267        0.607980       -0.501081
     C   11       -0.120922       -0.501081        0.151316

     Cl  12        0.144664        0.817930       -0.196858
     Cl  12        0.817930        2.758930        0.311288
     Cl  12       -0.196858        0.311288       -2.903594

     H   13       -0.163181        0.290621       -0.170784
     H   13        0.290621        0.478734        0.593536
     H   13       -0.170784        0.593536       -0.315553

     C   14       -0.361994        0.003669        0.320127
     C   14        0.003669        0.355909        0.034042
     C   14        0.320127        0.034042        0.006085

     H   15        0.589314        0.381643        0.249580
     H   15        0.381643       -0.656180        0.169287
     H   15        0.249580        0.169287        0.066866

     C   16        0.258449       -0.165801        0.022624
     C   16       -0.165801        0.110691       -0.109105
     C   16        0.022624       -0.109105       -0.369140

     C   17       -0.442317        0.320480       -0.116943
     C   17        0.320480        0.375615        0.564845
     C   17       -0.116943        0.564845        0.066702

     Cl  18        0.301991       -0.723242        0.056285
     Cl  18       -0.723242        0.052586        0.356783
     Cl  18        0.056285        0.356783       -0.354577

     H   19       -0.095835        0.000368       -0.007517
     H   19        0.000368        0.151002       -0.125945
     H   19       -0.007517       -0.125945       -0.055167

     C   20        0.035168        0.188982       -0.107993
     C   20        0.188982       -0.033144       -0.019155
     C   20       -0.107993       -0.019155       -0.002024

     H   21        0.436440        0.057065        0.260839
     H   21        0.057065       -0.384536       -0.204539
     H   21        0.260839       -0.204539       -0.051904

     C   22       -0.556303       -0.308396       -0.236422
     C   22       -0.308396        0.489702       -0.124239
     C   22       -0.236422       -0.124239        0.066601

     C   23        0.172510        0.485238       -0.219405
     C   23        0.485238        0.001288        0.116915
     C   23       -0.219405        0.116915       -0.173797

     Cl  24        1.833375        1.535446        0.647620
     Cl  24        1.535446       -0.574952        0.044609
     Cl  24        0.647620        0.044609       -1.258423

     ----- total EFG (symmetrized) -----
     Cl   1       -0.636683       -0.835330        1.040654
     Cl   1       -0.835330       -1.399646        0.156143
     Cl   1        1.040654        0.156143        2.036329

     C    2       -0.228798       -0.523686       -0.020211
     C    2       -0.523686       -0.048091       -0.351451
     C    2       -0.020211       -0.351451        0.276889

     C    3        0.190381       -0.159725       -0.504037
     C    3       -0.159725       -0.309001       -0.122330
     C    3       -0.504037       -0.122330        0.118620

     H    4       -0.025443        0.120185        0.536542
     H    4        0.120185       -0.091666        0.024381
     H    4        0.536542        0.024381        0.117109

     C    5        0.657399        0.603044        0.230559
     C    5        0.603044       -0.615272       -0.100440
     C    5        0.230559       -0.100440       -0.042126

     H    6       -0.551757       -0.048076       -0.191885
     H    6       -0.048076        0.342822        0.372656
     H    6       -0.191885        0.372656        0.208934

     H    7       -0.187470       -0.105466       -0.062488
     H    7       -0.105466        0.107069       -0.163214
     H    7       -0.062488       -0.163214        0.080400

     C    8       -0.649046       -0.083524       -0.221758
     C    8       -0.083524        0.502603       -0.344597
     C    8       -0.221758       -0.344597        0.146443

     H    9        0.100210       -0.389629        0.154157
     H    9       -0.389629       -0.129616       -0.213445
     H    9        0.154157       -0.213445        0.029406

     C   10       -0.005341        0.407584       -0.116211
     C   10        0.407584        0.339766        0.212425
     C   10       -0.116211        0.212425       -0.334425

     C   11       -0.759296       -0.107267       -0.120922
     C   11       -0.107267        0.607980       -0.501081
     C   11       -0.120922       -0.501081        0.151316

     Cl  12        0.144664        0.817930       -0.196858
     Cl  12        0.817930        2.758930        0.311288
     Cl  12       -0.196858        0.311288       -2.903594

     H   13       -0.163181        0.290621       -0.170784
     H   13        0.290621        0.478734        0.593536
     H   13       -0.170784        0.593536       -0.315553

     C   14       -0.361994        0.003669        0.320127
     C   14        0.003669        0.355909        0.034042
     C   14        0.320127        0.034042        0.006085

     H   15        0.589314        0.381643        0.249580
     H   15        0.381643       -0.656180        0.169287
     H   15        0.249580        0.169287        0.066866

     C   16        0.258449       -0.165801        0.022624
     C   16       -0.165801        0.110691       -0.109105
     C   16        0.022624       -0.109105       -0.369140

     C   17       -0.442317        0.320480       -0.116943
     C   17        0.320480        0.375615        0.564845
     C   17       -0.116943        0.564845        0.066702

     Cl  18        0.301991       -0.723242        0.056285
     Cl  18       -0.723242        0.052586        0.356783
     Cl  18        0.056285        0.356783       -0.354577

     H   19       -0.095835        0.000368       -0.007517
     H   19        0.000368        0.151002       -0.125945
     H   19       -0.007517       -0.125945       -0.055167

     C   20        0.035168        0.188982       -0.107993
     C   20        0.188982       -0.033144       -0.019155
     C   20       -0.107993       -0.019155       -0.002024

     H   21        0.436440        0.057065        0.260839
     H   21        0.057065       -0.384536       -0.204539
     H   21        0.260839       -0.204539       -0.051904

     C   22       -0.556303       -0.308396       -0.236422
     C   22       -0.308396        0.489702       -0.124239
     C   22       -0.236422       -0.124239        0.066601

     C   23        0.172510        0.485238       -0.219405
     C   23        0.485238        0.001288        0.116915
     C   23       -0.219405        0.116915       -0.173797

     Cl  24        1.833375        1.535446        0.647620
     Cl  24        1.535446       -0.574952        0.044609
     Cl  24        0.647620        0.044609       -1.258423


     NQR/NMR SPECTROSCOPIC PARAMETERS:
     Cl   1    Vxx=   -0.3341    axis=( -0.734598  0.617196  0.281842)
     Cl   1    Vyy=   -2.0638    axis=(  0.591360  0.786056 -0.180027)
     Cl   1    Vzz=    2.3980    axis=(  0.332655 -0.034423  0.942420)
     Cl   1  Q=        -8.1650 1e-30 m^2  Cq=       -46.0036 MHz  eta= 0.72133

     C    2    Vxx=    0.1155    axis=( -0.594776  0.363406  0.717062)
     C    2    Vyy=    0.6159    axis=(  0.388173 -0.651279  0.652041)
     C    2    Vzz=   -0.7314    axis=(  0.703963  0.666162  0.246301)
     C    2  Q=         1.0000 1e-30 m^2  Cq=        -1.7186 MHz  eta= 0.68408

     C    3    Vxx=   -0.1312    axis=( -0.433647  0.741685 -0.511716)
     C    3    Vyy=   -0.5298    axis=(  0.519726  0.669783  0.530354)
     C    3    Vzz=    0.6610    axis=(  0.736095 -0.035966 -0.675922)
     C    3  Q=         1.0000 1e-30 m^2  Cq=         1.5531 MHz  eta= 0.60300

     H    4    Vxx=   -0.0920    axis=( -0.042822 -0.973778  0.223436)
     H    4    Vyy=   -0.5089    axis=(  0.750476 -0.178980 -0.636201)
     H    4    Vzz=    0.6009    axis=(  0.659509  0.140440  0.738461)
     H    4  Q=         1.0000 1e-30 m^2  Cq=         1.4119 MHz  eta= 0.69389

     C    5    Vxx=   -0.0367    axis=(  0.091435  0.262067 -0.960708)
     C    5    Vyy=   -0.8939    axis=( -0.381170  0.900487  0.209362)
     C    5    Vzz=    0.9306    axis=(  0.919973  0.347050  0.182228)
     C    5  Q=         1.0000 1e-30 m^2  Cq=         2.1864 MHz  eta= 0.92118

     H    6    Vxx=   -0.0762    axis=( -0.221925 -0.662052  0.715847)
     H    6    Vyy=   -0.5994    axis=( -0.966217  0.050645 -0.252705)
     H    6    Vzz=    0.6757    axis=(  0.131050 -0.747745 -0.650925)
     H    6  Q=         1.0000 1e-30 m^2  Cq=         1.5875 MHz  eta= 0.77435

     H    7    Vxx=    0.0012    axis=( -0.517422  0.525663  0.675243)
     H    7    Vyy=    0.2605    axis=(  0.086282 -0.753014  0.652323)
     H    7    Vzz=   -0.2618    axis=(  0.851370  0.395787  0.344271)
     H    7  Q=         1.0000 1e-30 m^2  Cq=        -0.6150 MHz  eta= 0.99065

     C    8    Vxx=    0.0176    axis=( -0.328444  0.508839  0.795743)
     C    8    Vyy=    0.7139    axis=( -0.033991 -0.848303  0.528419)
     C    8    Vzz=   -0.7315    axis=( -0.943912 -0.146508 -0.295916)
     C    8  Q=         1.0000 1e-30 m^2  Cq=        -1.7188 MHz  eta= 0.95183

     H    9    Vxx=   -0.0848    axis=( -0.487289  0.111341  0.866114)
     H    9    Vyy=   -0.4368    axis=(  0.537985  0.819533  0.197326)
     H    9    Vzz=    0.5215    axis=( -0.687838  0.562111 -0.459249)
     H    9  Q=         1.0000 1e-30 m^2  Cq=         1.2254 MHz  eta= 0.67495

     C   10    Vxx=   -0.0963    axis=(  0.692540 -0.336471 -0.638103)
     C   10    Vyy=   -0.5276    axis=( -0.496471  0.419436 -0.759993)
     C   10    Vzz=    0.6239    axis=( -0.523359 -0.843126 -0.123428)
     C   10  Q=         1.0000 1e-30 m^2  Cq=         1.4658 MHz  eta= 0.69132

     C   11    Vxx=   -0.1305    axis=( -0.245976  0.519524  0.818285)
     C   11    Vyy=   -0.8002    axis=( -0.969162 -0.144782 -0.199408)
     C   11    Vzz=    0.9307    axis=(  0.014875 -0.842100  0.539116)
     C   11  Q=         1.0000 1e-30 m^2  Cq=         2.1867 MHz  eta= 0.71962

     Cl  12    Vxx=   -0.0637    axis=( -0.958846  0.267291  0.095764)
     Cl  12    Vyy=   -2.9403    axis=(  0.080947 -0.065939  0.994535)
     Cl  12    Vzz=    3.0039    axis=(  0.272144  0.961357  0.041588)
     Cl  12  Q=        -8.1650 1e-30 m^2  Cq=       -57.6291 MHz  eta= 0.95760

     H   13    Vxx=   -0.0561    axis=(  0.879957  0.046508 -0.472771)
     H   13    Vyy=   -0.7727    axis=( -0.437687  0.466252 -0.768791)
     H   13    Vzz=    0.8288    axis=(  0.184675  0.883429  0.430638)
     H   13  Q=         1.0000 1e-30 m^2  Cq=         1.9474 MHz  eta= 0.86471

     C   14    Vxx=    0.1856    axis=(  0.495530 -0.180462  0.849637)
     C   14    Vyy=    0.3619    axis=(  0.077401  0.983462  0.163744)
     C   14    Vzz=   -0.5474    axis=( -0.865135 -0.015377  0.501303)
     C   14  Q=         1.0000 1e-30 m^2  Cq=        -1.2862 MHz  eta= 0.32206

     H   15    Vxx=   -0.0329    axis=( -0.381425  0.017477  0.924234)
     H   15    Vyy=   -0.7753    axis=( -0.246948  0.961558 -0.120097)
     H   15    Vzz=    0.8083    axis=( -0.890804 -0.274046 -0.362447)
     H   15  Q=         1.0000 1e-30 m^2  Cq=         1.8991 MHz  eta= 0.91851

     C   16    Vxx=    0.0185    axis=(  0.570148  0.798895 -0.191568)
     C   16    Vyy=    0.3745    axis=(  0.821255 -0.560400  0.107200)
     C   16    Vzz=   -0.3931    axis=(  0.021713  0.218446  0.975607)
     C   16  Q=         1.0000 1e-30 m^2  Cq=        -0.9235 MHz  eta= 0.90574

     C   17    Vxx=   -0.1284    axis=(  0.629720  0.366915 -0.684709)
     C   17    Vyy=   -0.7063    axis=( -0.762142  0.462360 -0.453170)
     C   17    Vzz=    0.8347    axis=( -0.150307 -0.807215 -0.570799)
     C   17  Q=         1.0000 1e-30 m^2  Cq=         1.9612 MHz  eta= 0.69228

     Cl  18    Vxx=   -0.1515    axis=(  0.492909  0.370348  0.787326)
     Cl  18    Vyy=   -0.7881    axis=( -0.464335 -0.653292  0.597999)
     Cl  18    Vzz=    0.9396    axis=( -0.735821  0.660343  0.150048)
     Cl  18  Q=        -8.1650 1e-30 m^2  Cq=       -18.0251 MHz  eta= 0.67748

     H   19    Vxx=   -0.0938    axis=(  0.953682 -0.138759 -0.266903)
     H   19    Vyy=   -0.1169    axis=(  0.300594  0.405398  0.863305)
     H   19    Vzz=    0.2107    axis=(  0.011590  0.903548 -0.428331)
     H   19  Q=         1.0000 1e-30 m^2  Cq=         0.4951 MHz  eta= 0.10983

     C   20    Vxx=   -0.0255    axis=(  0.107877  0.466928  0.877691)
     C   20    Vyy=   -0.2073    axis=(  0.664996 -0.690154  0.285425)
     C   20    Vzz=    0.2328    axis=(  0.739014  0.552870 -0.384957)
     C   20  Q=         1.0000 1e-30 m^2  Cq=         0.5470 MHz  eta= 0.78103

     H   21    Vxx=   -0.0379    axis=( -0.363845 -0.517058  0.774770)
     H   21    Vyy=   -0.5126    axis=( -0.184493  0.855305  0.484164)
     H   21    Vzz=    0.5505    axis=(  0.913006 -0.033221  0.406592)
     H   21  Q=         1.0000 1e-30 m^2  Cq=         1.2935 MHz  eta= 0.86233

     C   22    Vxx=    0.1454    axis=( -0.334738  0.039891  0.941467)
     C   22    Vyy=    0.5811    axis=(  0.235456 -0.963870  0.124556)
     C   22    Vzz=   -0.7265    axis=(  0.912421  0.263367  0.313251)
     C   22  Q=         1.0000 1e-30 m^2  Cq=        -1.7070 MHz  eta= 0.59973

     C   23    Vxx=   -0.0417    axis=( -0.245102  0.487190  0.838195)
     C   23    Vyy=   -0.5501    axis=( -0.577793  0.620847 -0.529816)
     C   23    Vzz=    0.5918    axis=( -0.778512 -0.614162  0.129324)
     C   23  Q=         1.0000 1e-30 m^2  Cq=         1.3904 MHz  eta= 0.85912

     Cl  24    Vxx=   -1.0957    axis=(  0.218594 -0.702609  0.677169)
     Cl  24    Vyy=   -1.5774    axis=( -0.393923  0.571357  0.719983)
     Cl  24    Vzz=    2.6730    axis=(  0.892772  0.424137  0.151878)
     Cl  24  Q=        -8.1650 1e-30 m^2  Cq=       -51.2803 MHz  eta= 0.18021

     Initialization:
     gipaw_setup  :      9.10s CPU     10.79s WALL (       1 calls)

     Linear response

     Apply operators

     Induced current

     Other routines
     efg          :      9.29s CPU     11.58s WALL (       1 calls)

     General routines
     calbec       :      3.28s CPU      4.31s WALL (      16 calls)
     fft          :      1.82s CPU      3.05s WALL (      15 calls)
     ffts         :      0.05s CPU      0.06s WALL (       2 calls)
     fftw         :      3.25s CPU      3.95s WALL (     672 calls)
     davcio       :      0.02s CPU      0.32s WALL (      32 calls)

     Parallel routines
     fft_scatter  :      2.30s CPU      4.15s WALL (     689 calls)

     Plugins

     GIPAW        :     61.34s CPU     72.24s WALL (       1 calls)
