
     Program QE v.6.0 (svn rev. 13079) starts on 11Jan2017 at 22:52:57 

     This program is part of the open-source Quantum ESPRESSO suite
     for quantum simulation of materials; please cite
         "P. Giannozzi et al., J. Phys.:Condens. Matter 21 395502 (2009);
          URL http://www.quantum-espresso.org", 
     in publications or presentations arising from this work. More details at
     http://www.quantum-espresso.org/quote

     Parallel version (MPI), running on     8 processors
     R & G space division:  proc/nbgrp/npool/nimage =       8

     ***** This is GIPAW svn revision unknown      *****

     Parallelizing q-star over 1 images

     Reading data from directory:
     /users/majewski/paradichlorobenzene/pbe/9_constraint/scratch/pbe.ecut100.np8.dt60.pcl2phi-129368.save
     Message from routine read_xml_file:
     file /users/majewski/paradichlorobenzene/pbe/9_constraint/scratch/pbe.ecut100.np8.dt60.pcl2phi-129368.save not guaranteed to be safe for post-processing

   Info: using nr1, nr2, nr3 values from input

   Info: using nr1, nr2, nr3 values from input

     IMPORTANT: XC functional enforced from input :
     Exchange-correlation      =  SLA  PW   PBX  PBC ( 1  4  3  4 0 0)
     Any further DFT definition will be discarded
     Please, verify this is what you really want

               file C.pbe-n-kjpaw_psl.1.0.0.UPF: wavefunction(s)  2S 2P renormalized
               file Cl.pbe-n-kjpaw_psl.1.0.0.UPF: wavefunction(s)  3S 3P renormalized
               file H.pbe-kjpaw_psl.1.0.0.UPF: wavefunction(s)  1S renormalized

     Parallelization info
     --------------------
     sticks:   dense  smooth     PW     G-vecs:    dense   smooth      PW
     Min        3057    1223    332               144436    36536    5170
     Max        3059    1225    333               144437    36537    5171
     Sum       24467    9791   2657              1155489   292295   41363


     Subspace diagonalization in iterative solution of the eigenvalue problem:
     a serial algorithm will be used

     GIPAW projectors -----------------------------------------------
     atom=  C    l=0  rc=    1.2000  rs=    0.8000
     atom=  C    l=0  rc=    1.2000  rs=    0.8000
     atom=  C    l=1  rc=    1.4000  rs=    0.9333
     atom=  C    l=1  rc=    1.4000  rs=    0.9333
     projs nearly linearly dependent: l=1  n1,n2= 1, 2  s=  0.99951561

     atom=  Cl   l=0  rc=    1.6000  rs=    1.0667
     atom=  Cl   l=0  rc=    1.6000  rs=    1.0667
     atom=  Cl   l=1  rc=    1.6000  rs=    1.0667
     atom=  Cl   l=1  rc=    1.6000  rs=    1.0667
     atom=  Cl   l=2  rc=    1.6000  rs=    1.0667
     atom=  Cl   l=2  rc=    1.6000  rs=    1.0667
     projs nearly linearly dependent: l=2  n1,n2= 1, 2  s=  0.99993509

     atom=  H    l=0  rc=    1.0000  rs=    0.6667
     atom=  H    l=0  rc=    1.0000  rs=    0.6667
     projs nearly linearly dependent: l=0  n1,n2= 1, 2  s=  0.99968852
     -----------------------------------------------------------------

     GIPAW integrals: -------------------------------------------
     Atom  i/j   nmr_para   nmr_dia   epr_rmc  epr_para   epr_dia
       C   1 1   0.83E+03  0.17E-01  0.93E+01  0.24E+08  0.24E+03
       C   2 1   0.86E+03 -0.61E-01  0.94E+01  0.25E+08  0.25E+03
       C   2 2   0.90E+03 -0.15E+00  0.97E+01  0.26E+08  0.26E+03
       C   3 3   0.33E+01  0.34E+00  0.18E+01  0.55E+03  0.21E+02
       C   4 3   0.35E+01  0.37E+00  0.20E+01  0.59E+03  0.22E+02
       C   4 4   0.38E+01  0.39E+00  0.22E+01  0.63E+03  0.24E+02
       Cl  1 1   0.14E+04 -0.47E+00  0.84E+01  0.32E+09  0.42E+03
       Cl  2 1   0.21E+04 -0.37E+00  0.12E+02  0.49E+09  0.65E+03
       Cl  2 2   0.33E+04 -0.16E+00  0.21E+02  0.76E+09  0.10E+04
       Cl  3 3   0.21E+02  0.79E-01  0.89E+01  0.23E+05  0.13E+03
       Cl  4 3   0.24E+02  0.67E-01  0.99E+01  0.27E+05  0.15E+03
       Cl  4 4   0.28E+02  0.44E-01  0.11E+02  0.32E+05  0.18E+03
       Cl  5 5   0.77E+00  0.19E+00  0.18E+01  0.12E+03  0.22E+02
       Cl  6 5   0.80E+00  0.19E+00  0.19E+01  0.12E+03  0.23E+02
       Cl  6 6   0.83E+00  0.20E+00  0.19E+01  0.12E+03  0.23E+02
       H   1 1   0.39E+02  0.19E+00  0.29E+00  0.78E+05  0.13E+02
       H   2 1   0.41E+02  0.21E+00  0.32E+00  0.82E+05  0.14E+02
       H   2 2   0.43E+02  0.22E+00  0.36E+00  0.86E+05  0.15E+02
     ------------------------------------------------------------

     alpha_pv=     34.7723 eV

     Number of occupied bands for each k-point:
     k-point:     1    nbnd_occ=  42
     k-point:     2    nbnd_occ=  42
     k-point:     3    nbnd_occ=  42
     k-point:     4    nbnd_occ=  42
     k-point:     5    nbnd_occ=  42
     k-point:     6    nbnd_occ=  42
     k-point:     7    nbnd_occ=  42
     k-point:     8    nbnd_occ=  42
     k-point:     9    nbnd_occ=  42
     k-point:    10    nbnd_occ=  42
     k-point:    11    nbnd_occ=  42
     k-point:    12    nbnd_occ=  42
     k-point:    13    nbnd_occ=  42
     k-point:    14    nbnd_occ=  42
     k-point:    15    nbnd_occ=  42
     k-point:    16    nbnd_occ=  42


     q-space interpolation up to   110.00 Rydberg

     GIPAW job: efg                                                                             


     ELECTRIC FIELD GRADIENTS TENSORS IN Hartree/bohrradius^2:

     ----- bare term -----
     Cl   1        0.028544        0.052200       -0.027378
     Cl   1        0.052200        0.037275        0.071555
     Cl   1       -0.027378        0.071555       -0.065819

     C    2       -0.370820        0.282770       -0.384297
     C    2        0.282770        0.044652       -0.464333
     C    2       -0.384297       -0.464333        0.326167

     C    3        0.012623        0.456908       -0.157375
     C    3        0.456908       -0.199924       -0.614217
     C    3       -0.157375       -0.614217        0.187301

     H    4       -0.228974       -0.190237       -0.441451
     H    4       -0.190237        0.421427       -0.135790
     H    4       -0.441451       -0.135790       -0.192453

     C    5       -0.782293        0.412347       -0.441239
     C    5        0.412347        0.433528       -0.051882
     C    5       -0.441239       -0.051882        0.348765

     H    6        0.061526        0.067812       -0.167795
     H    6        0.067812       -0.357126       -0.553755
     H    6       -0.167795       -0.553755        0.295599

     H    7        0.397004        0.147049       -0.071508
     H    7        0.147049       -0.553578        0.515083
     H    7       -0.071508        0.515083        0.156574

     C    8       -0.202742       -0.203116       -0.252537
     C    8       -0.203116       -0.019361        0.519687
     C    8       -0.252537        0.519687        0.222103

     H    9       -0.356353        0.438839        0.162876
     H    9        0.438839        0.146884       -0.147277
     H    9        0.162876       -0.147277        0.209469

     C   10       -0.288734       -0.250086       -0.059750
     C   10       -0.250086       -0.094017        0.343688
     C   10       -0.059750        0.343688        0.382751

     C   11       -0.116663        0.116106       -0.211418
     C   11        0.116106       -0.007845        0.482618
     C   11       -0.211418        0.482618        0.124508

     Cl  12        0.276267       -0.202570        0.033519
     Cl  12       -0.202570        0.186030       -0.484107
     Cl  12        0.033519       -0.484107       -0.462297

     H   13        0.288244        0.284251        0.000733
     H   13        0.284251       -0.635889       -0.302337
     H   13        0.000733       -0.302337        0.347645

     C   14       -0.137102       -0.247317       -0.413970
     C   14       -0.247317        0.018606       -0.480244
     C   14       -0.413970       -0.480244        0.118496

     H   15        0.087931       -0.139857       -0.360188
     H   15       -0.139857        0.284372       -0.479245
     H   15       -0.360188       -0.479245       -0.372303

     C   16       -0.704441        0.362992       -0.392374
     C   16        0.362992        0.264367       -0.001273
     C   16       -0.392374       -0.001273        0.440075

     C   17        0.081696        0.103100       -0.121667
     C   17        0.103100       -0.337428       -0.410435
     C   17       -0.121667       -0.410435        0.255732

     Cl  18       -0.011249        0.174768       -0.025272
     Cl  18        0.174768        0.036976       -0.111877
     Cl  18       -0.025272       -0.111877       -0.025726

     H   19        0.209690        0.093921       -0.090189
     H   19        0.093921       -0.438944        0.542811
     H   19       -0.090189        0.542811        0.229254

     C   20       -0.637342       -0.308913       -0.354277
     C   20       -0.308913        0.204736        0.144161
     C   20       -0.354277        0.144161        0.432606

     H   21       -0.372636        0.408305        0.195187
     H   21        0.408305        0.204251       -0.125201
     H   21        0.195187       -0.125201        0.168385

     C   22        0.024027        0.045215       -0.277455
     C   22        0.045215       -0.478591        0.391624
     C   22       -0.277455        0.391624        0.454564

     C   23       -0.757343       -0.270633       -0.339573
     C   23       -0.270633        0.177202        0.039771
     C   23       -0.339573        0.039771        0.580141

     Cl  24        0.183404       -0.050703        0.102712
     Cl  24       -0.050703        0.217477        0.102385
     Cl  24        0.102712        0.102385       -0.400881

     ----- ionic term -----
     Cl   1        0.178584       -0.236316        0.090664
     Cl   1       -0.236316       -0.024418       -0.043179
     Cl   1        0.090664       -0.043179       -0.154166

     C    2        0.104003       -0.217403        0.399029
     C    2       -0.217403        0.146222        0.377161
     C    2        0.399029        0.377161       -0.250225

     C    3        0.107954       -0.257356        0.253636
     C    3       -0.257356        0.236719        0.370914
     C    3        0.253636        0.370914       -0.344672

     H    4        0.440977        0.406536        0.678605
     H    4        0.406536       -0.285899        0.340237
     H    4        0.678605        0.340237       -0.155079

     C    5        0.246088       -0.230155        0.358279
     C    5       -0.230155        0.061958        0.258211
     C    5        0.358279        0.258211       -0.308046

     H    6       -0.509076       -0.074574       -0.012011
     H    6       -0.074574        0.788444        0.611716
     H    6       -0.012011        0.611716       -0.279368

     H    7       -0.521374       -0.057370        0.030642
     H    7       -0.057370        0.443042       -0.810560
     H    7        0.030642       -0.810560        0.078331

     C    8        0.391241        0.124431        0.058413
     C    8        0.124431        0.005482       -0.339668
     C    8        0.058413       -0.339668       -0.396723

     H    9        0.856505       -0.411775        0.368334
     H    9       -0.411775       -0.419973       -0.187997
     H    9        0.368334       -0.187997       -0.436532

     C   10        0.207289        0.160693        0.035919
     C   10        0.160693        0.151923       -0.440119
     C   10        0.035919       -0.440119       -0.359213

     C   11        0.291470        0.061468        0.024004
     C   11        0.061468        0.096885       -0.467855
     C   11        0.024004       -0.467855       -0.388356

     Cl  12        0.123785        0.194877       -0.078014
     Cl  12        0.194877        0.003164       -0.055329
     Cl  12       -0.078014       -0.055329       -0.126949

     H   13       -0.526822       -0.046342       -0.005236
     H   13       -0.046342        0.757595        0.637288
     H   13       -0.005236        0.637288       -0.230773

     C   14        0.188473       -0.200630        0.381596
     C   14       -0.200630        0.052419        0.265305
     C   14        0.381596        0.265305       -0.240893

     H   15        0.474612        0.223490        0.746580
     H   15        0.223490       -0.457104        0.235433
     H   15        0.746580        0.235433       -0.017508

     C   16        0.130047       -0.280919        0.276067
     C   16       -0.280919        0.116477        0.321940
     C   16        0.276067        0.321940       -0.246524

     C   17        0.133504       -0.195625        0.358329
     C   17       -0.195625        0.090569        0.377356
     C   17        0.358329        0.377356       -0.224073

     Cl  18        0.137194       -0.197677        0.062086
     Cl  18       -0.197677        0.008869       -0.030465
     Cl  18        0.062086       -0.030465       -0.146064

     H   19       -0.500850       -0.157176        0.061399
     H   19       -0.157176        0.712185       -0.695423
     H   19        0.061399       -0.695423       -0.211335

     C   20        0.414686        0.052351        0.035900
     C   20        0.052351        0.035798       -0.331236
     C   20        0.035900       -0.331236       -0.450485

     H   21        0.641302       -0.663734        0.219988
     H   21       -0.663734       -0.132125       -0.187749
     H   21        0.219988       -0.187749       -0.509176

     C   22        0.203379        0.056205       -0.013237
     C   22        0.056205        0.203155       -0.386021
     C   22       -0.013237       -0.386021       -0.406534

     C   23        0.338807        0.054551        0.056166
     C   23        0.054551        0.085575       -0.380494
     C   23        0.056166       -0.380494       -0.424382

     Cl  24        0.127511        0.206382       -0.065922
     Cl  24        0.206382       -0.007138       -0.037988
     Cl  24       -0.065922       -0.037988       -0.120373

     ----- GIPAW term -----
     Cl   1       -0.673933       -1.065426       -0.382823
     Cl   1       -1.065426       -0.967428       -1.104229
     Cl   1       -0.382823       -1.104229        1.641361

     C    2       -0.106127       -0.000105       -0.089038
     C    2       -0.000105        0.126119       -0.213957
     C    2       -0.089038       -0.213957       -0.019991

     C    3       -0.027927        0.186943       -0.064314
     C    3        0.186943        0.092353       -0.161059
     C    3       -0.064314       -0.161059       -0.064426

     H    4       -0.000000        0.000000        0.000000
     H    4        0.000000        0.000000        0.000000
     H    4        0.000000        0.000000        0.000000

     C    5       -0.139721        0.200207        0.013908
     C    5        0.200207        0.191775        0.127555
     C    5        0.013908        0.127555       -0.052054

     H    6       -0.000000        0.000000        0.000000
     H    6        0.000000        0.000000        0.000000
     H    6        0.000000        0.000000        0.000000

     H    7       -0.000000        0.000000        0.000000
     H    7        0.000000        0.000000        0.000000
     H    7        0.000000        0.000000        0.000000

     C    8       -0.089222       -0.110881       -0.059575
     C    8       -0.110881        0.149554        0.217447
     C    8       -0.059575        0.217447       -0.060332

     H    9       -0.000000        0.000000        0.000000
     H    9        0.000000        0.000000        0.000000
     H    9        0.000000        0.000000        0.000000

     C   10       -0.124257       -0.051852       -0.045488
     C   10       -0.051852        0.030214        0.165594
     C   10       -0.045488        0.165594        0.094043

     C   11       -0.058074        0.048300       -0.037563
     C   11        0.048300        0.021452        0.158407
     C   11       -0.037563        0.158407        0.036622

     Cl  12        0.176308        0.048972       -0.237894
     Cl  12        0.048972       -0.127539       -0.177939
     Cl  12       -0.237894       -0.177939       -0.048769

     H   13       -0.000000        0.000000        0.000000
     H   13        0.000000        0.000000        0.000000
     H   13        0.000000        0.000000        0.000000

     C   14       -0.048991       -0.197204       -0.084712
     C   14       -0.197204        0.169309       -0.035800
     C   14       -0.084712       -0.035800       -0.120319

     H   15       -0.000000        0.000000        0.000000
     H   15        0.000000        0.000000        0.000000
     H   15        0.000000        0.000000        0.000000

     C   16       -0.191451       -0.021938       -0.100192
     C   16       -0.021938        0.117099        0.169661
     C   16       -0.100192        0.169661        0.074353

     C   17       -0.068128       -0.011262        0.044779
     C   17       -0.011262        0.080241        0.185062
     C   17        0.044779        0.185062       -0.012114

     Cl  18       -0.798404       -0.539025        0.456383
     Cl  18       -0.539025       -0.708856        1.264434
     Cl  18        0.456383        1.264434        1.507260

     H   19       -0.000000        0.000000        0.000000
     H   19        0.000000        0.000000        0.000000
     H   19        0.000000        0.000000        0.000000

     C   20       -0.117362        0.076356       -0.075686
     C   20        0.076356        0.143715       -0.059955
     C   20       -0.075686       -0.059955       -0.026353

     H   21       -0.000000        0.000000        0.000000
     H   21        0.000000        0.000000        0.000000
     H   21        0.000000        0.000000        0.000000

     C   22       -0.047767        0.080761       -0.168760
     C   22        0.080761       -0.134505       -0.072386
     C   22       -0.168760       -0.072386        0.182272

     C   23       -0.187214        0.053526       -0.059705
     C   23        0.053526        0.041760       -0.195019
     C   23       -0.059705       -0.195019        0.145454

     Cl  24       -0.286494        0.942165       -0.187791
     Cl  24        0.942165       -0.762527       -0.315117
     Cl  24       -0.187791       -0.315117        1.049022

     ----- total EFG -----
     Cl   1       -0.466804       -1.249542       -0.319537
     Cl   1       -1.249542       -0.954571       -1.075852
     Cl   1       -0.319537       -1.075852        1.421375

     C    2       -0.372944        0.065263       -0.074306
     C    2        0.065263        0.316993       -0.301128
     C    2       -0.074306       -0.301128        0.055951

     C    3        0.092650        0.386496        0.031948
     C    3        0.386496        0.129148       -0.404362
     C    3        0.031948       -0.404362       -0.221798

     H    4        0.212003        0.216299        0.237154
     H    4        0.216299        0.135529        0.204448
     H    4        0.237154        0.204448       -0.347532

     C    5       -0.675926        0.382399       -0.069052
     C    5        0.382399        0.687262        0.333884
     C    5       -0.069052        0.333884       -0.011336

     H    6       -0.447549       -0.006763       -0.179805
     H    6       -0.006763        0.431318        0.057960
     H    6       -0.179805        0.057960        0.016231

     H    7       -0.124369        0.089678       -0.040866
     H    7        0.089678       -0.110535       -0.295477
     H    7       -0.040866       -0.295477        0.234905

     C    8        0.099277       -0.189566       -0.253700
     C    8       -0.189566        0.135676        0.397466
     C    8       -0.253700        0.397466       -0.234953

     H    9        0.500153        0.027064        0.531209
     H    9        0.027064       -0.273089       -0.335273
     H    9        0.531209       -0.335273       -0.227064

     C   10       -0.205702       -0.141245       -0.069319
     C   10       -0.141245        0.088121        0.069163
     C   10       -0.069319        0.069163        0.117581

     C   11        0.116732        0.225874       -0.224976
     C   11        0.225874        0.110493        0.173170
     C   11       -0.224976        0.173170       -0.227225

     Cl  12        0.576360        0.041278       -0.282389
     Cl  12        0.041278        0.061655       -0.717376
     Cl  12       -0.282389       -0.717376       -0.638015

     H   13       -0.238578        0.237909       -0.004503
     H   13        0.237909        0.121706        0.334951
     H   13       -0.004503        0.334951        0.116872

     C   14        0.002380       -0.645151       -0.117086
     C   14       -0.645151        0.240335       -0.250739
     C   14       -0.117086       -0.250739       -0.242715

     H   15        0.562543        0.083633        0.386392
     H   15        0.083633       -0.172732       -0.243812
     H   15        0.386392       -0.243812       -0.389810

     C   16       -0.765846        0.060135       -0.216499
     C   16        0.060135        0.497942        0.490328
     C   16       -0.216499        0.490328        0.267903

     C   17        0.147072       -0.103787        0.281441
     C   17       -0.103787       -0.166618        0.151983
     C   17        0.281441        0.151983        0.019546

     Cl  18       -0.672459       -0.561934        0.493197
     Cl  18       -0.561934       -0.663012        1.122092
     Cl  18        0.493197        1.122092        1.335470

     H   19       -0.291160       -0.063255       -0.028790
     H   19       -0.063255        0.273241       -0.152613
     H   19       -0.028790       -0.152613        0.017919

     C   20       -0.340017       -0.180206       -0.394062
     C   20       -0.180206        0.384249       -0.247030
     C   20       -0.394062       -0.247030       -0.044232

     H   21        0.268666       -0.255430        0.415176
     H   21       -0.255430        0.072126       -0.312950
     H   21        0.415176       -0.312950       -0.340792

     C   22        0.179639        0.182181       -0.459452
     C   22        0.182181       -0.409940       -0.066783
     C   22       -0.459452       -0.066783        0.230301

     C   23       -0.605750       -0.162557       -0.343111
     C   23       -0.162557        0.304537       -0.535743
     C   23       -0.343111       -0.535743        0.301213

     Cl  24        0.024421        1.097843       -0.151001
     Cl  24        1.097843       -0.552189       -0.250720
     Cl  24       -0.151001       -0.250720        0.527768

     ----- total EFG (symmetrized) -----
     Cl   1       -0.466804       -1.249542       -0.319537
     Cl   1       -1.249542       -0.954571       -1.075852
     Cl   1       -0.319537       -1.075852        1.421375

     C    2       -0.372944        0.065263       -0.074306
     C    2        0.065263        0.316993       -0.301128
     C    2       -0.074306       -0.301128        0.055951

     C    3        0.092650        0.386496        0.031948
     C    3        0.386496        0.129148       -0.404362
     C    3        0.031948       -0.404362       -0.221798

     H    4        0.212003        0.216299        0.237154
     H    4        0.216299        0.135529        0.204448
     H    4        0.237154        0.204448       -0.347532

     C    5       -0.675926        0.382399       -0.069052
     C    5        0.382399        0.687262        0.333884
     C    5       -0.069052        0.333884       -0.011336

     H    6       -0.447549       -0.006763       -0.179805
     H    6       -0.006763        0.431318        0.057960
     H    6       -0.179805        0.057960        0.016231

     H    7       -0.124369        0.089678       -0.040866
     H    7        0.089678       -0.110535       -0.295477
     H    7       -0.040866       -0.295477        0.234905

     C    8        0.099277       -0.189566       -0.253700
     C    8       -0.189566        0.135676        0.397466
     C    8       -0.253700        0.397466       -0.234953

     H    9        0.500153        0.027064        0.531209
     H    9        0.027064       -0.273089       -0.335273
     H    9        0.531209       -0.335273       -0.227064

     C   10       -0.205702       -0.141245       -0.069319
     C   10       -0.141245        0.088121        0.069163
     C   10       -0.069319        0.069163        0.117581

     C   11        0.116732        0.225874       -0.224976
     C   11        0.225874        0.110493        0.173170
     C   11       -0.224976        0.173170       -0.227225

     Cl  12        0.576360        0.041278       -0.282389
     Cl  12        0.041278        0.061655       -0.717376
     Cl  12       -0.282389       -0.717376       -0.638015

     H   13       -0.238578        0.237909       -0.004503
     H   13        0.237909        0.121706        0.334951
     H   13       -0.004503        0.334951        0.116872

     C   14        0.002380       -0.645151       -0.117086
     C   14       -0.645151        0.240335       -0.250739
     C   14       -0.117086       -0.250739       -0.242715

     H   15        0.562543        0.083633        0.386392
     H   15        0.083633       -0.172732       -0.243812
     H   15        0.386392       -0.243812       -0.389810

     C   16       -0.765846        0.060135       -0.216499
     C   16        0.060135        0.497942        0.490328
     C   16       -0.216499        0.490328        0.267903

     C   17        0.147072       -0.103787        0.281441
     C   17       -0.103787       -0.166618        0.151983
     C   17        0.281441        0.151983        0.019546

     Cl  18       -0.672459       -0.561934        0.493197
     Cl  18       -0.561934       -0.663012        1.122092
     Cl  18        0.493197        1.122092        1.335470

     H   19       -0.291160       -0.063255       -0.028790
     H   19       -0.063255        0.273241       -0.152613
     H   19       -0.028790       -0.152613        0.017919

     C   20       -0.340017       -0.180206       -0.394062
     C   20       -0.180206        0.384249       -0.247030
     C   20       -0.394062       -0.247030       -0.044232

     H   21        0.268666       -0.255430        0.415176
     H   21       -0.255430        0.072126       -0.312950
     H   21        0.415176       -0.312950       -0.340792

     C   22        0.179639        0.182181       -0.459452
     C   22        0.182181       -0.409940       -0.066783
     C   22       -0.459452       -0.066783        0.230301

     C   23       -0.605750       -0.162557       -0.343111
     C   23       -0.162557        0.304537       -0.535743
     C   23       -0.343111       -0.535743        0.301213

     Cl  24        0.024421        1.097843       -0.151001
     Cl  24        1.097843       -0.552189       -0.250720
     Cl  24       -0.151001       -0.250720        0.527768


     NQR/NMR SPECTROSCOPIC PARAMETERS:
     Cl   1    Vxx=    0.4291    axis=(  0.811432 -0.507822 -0.289302)
     Cl   1    Vyy=    1.8488    axis=(  0.083458 -0.389248  0.917344)
     Cl   1    Vzz=   -2.2779    axis=( -0.578458 -0.768507 -0.273467)
     Cl   1  Q=        -8.1650 1e-30 m^2  Cq=        43.7011 MHz  eta= 0.62323

     C    2    Vxx=   -0.1389    axis=( -0.105490  0.558511  0.822762)
     C    2    Vyy=   -0.3859    axis=( -0.988785  0.029048 -0.146496)
     C    2    Vzz=    0.5248    axis=( -0.105720 -0.828988  0.549183)
     C    2  Q=         1.0000 1e-30 m^2  Cq=         1.2331 MHz  eta= 0.47053

     C    3    Vxx=   -0.0149    axis=( -0.742672  0.257660 -0.618102)
     C    3    Vyy=   -0.5850    axis=( -0.376725  0.602350  0.703742)
     C    3    Vzz=    0.5999    axis=(  0.553640  0.755504 -0.350281)
     C    3  Q=         1.0000 1e-30 m^2  Cq=         1.4094 MHz  eta= 0.95049

     H    4    Vxx=   -0.0459    axis=(  0.647005 -0.762443 -0.008088)
     H    4    Vyy=   -0.4621    axis=(  0.257136  0.228166 -0.939053)
     H    4    Vzz=    0.5080    axis=(  0.717820  0.605492  0.343676)
     H    4  Q=         1.0000 1e-30 m^2  Cq=         1.1936 MHz  eta= 0.81948

     C    5    Vxx=   -0.0852    axis=( -0.277675 -0.262018  0.924253)
     C    5    Vyy=   -0.8069    axis=( -0.937314  0.284771 -0.200868)
     C    5    Vzz=    0.8921    axis=( -0.210569 -0.922091 -0.324667)
     C    5  Q=         1.0000 1e-30 m^2  Cq=         2.0962 MHz  eta= 0.80890

     H    6    Vxx=    0.0688    axis=( -0.323047 -0.155290  0.933555)
     H    6    Vyy=    0.4404    axis=( -0.038122  0.987780  0.151119)
     H    6    Vzz=   -0.5093    axis=( -0.945615  0.013229 -0.325019)
     H    6  Q=         1.0000 1e-30 m^2  Cq=        -1.1965 MHz  eta= 0.72976

     H    7    Vxx=   -0.1165    axis=( -0.933734 -0.213011 -0.287693)
     H    7    Vyy=   -0.2999    axis=(  0.326061 -0.837782 -0.437956)
     H    7    Vzz=    0.4164    axis=( -0.147735 -0.502739  0.851720)
     H    7  Q=         1.0000 1e-30 m^2  Cq=         0.9784 MHz  eta= 0.44043

     C    8    Vxx=   -0.0645    axis=(  0.817392  0.566529  0.104472)
     C    8    Vyy=   -0.5126    axis=( -0.212353  0.464887 -0.859527)
     C    8    Vzz=    0.5771    axis=( -0.535515  0.680386  0.500299)
     C    8  Q=         1.0000 1e-30 m^2  Cq=         1.3561 MHz  eta= 0.77636

     H    9    Vxx=   -0.0733    axis=(  0.379458  0.807952 -0.450804)
     H    9    Vyy=   -0.7246    axis=( -0.336387  0.574379  0.746279)
     H    9    Vzz=    0.7979    axis=(  0.861890 -0.131537  0.489738)
     H    9  Q=         1.0000 1e-30 m^2  Cq=         1.8747 MHz  eta= 0.81623

     C   10    Vxx=    0.0430    axis=(  0.158925 -0.646143  0.746487)
     C   10    Vyy=    0.2237    axis=(  0.329153 -0.678163 -0.657079)
     C   10    Vzz=   -0.2666    axis=( -0.930807 -0.350135 -0.104903)
     C   10  Q=         1.0000 1e-30 m^2  Cq=        -0.6265 MHz  eta= 0.67779

     C   11    Vxx=    0.1147    axis=( -0.467036  0.626110  0.624391)
     C   11    Vyy=    0.3433    axis=( -0.749248 -0.655209  0.096585)
     C   11    Vzz=   -0.4580    axis=(  0.469580 -0.422715  0.775118)
     C   11  Q=         1.0000 1e-30 m^2  Cq=        -1.0760 MHz  eta= 0.49908

     Cl  12    Vxx=    0.3683    axis=( -0.606248  0.718082 -0.341792)
     Cl  12    Vyy=    0.7464    axis=( -0.784712 -0.470315  0.403771)
     Cl  12    Vzz=   -1.1147    axis=(  0.129190  0.512994  0.848615)
     Cl  12  Q=        -8.1650 1e-30 m^2  Cq=        21.3842 MHz  eta= 0.33924

     H   13    Vxx=   -0.0781    axis=( -0.615689 -0.402544  0.677410)
     H   13    Vyy=   -0.4159    axis=( -0.752865  0.554308 -0.354877)
     H   13    Vzz=    0.4939    axis=( -0.232640 -0.728492 -0.644343)
     H   13  Q=         1.0000 1e-30 m^2  Cq=         1.1606 MHz  eta= 0.68386

     C   14    Vxx=   -0.1105    axis=( -0.460812 -0.235911  0.855569)
     C   14    Vyy=   -0.6809    axis=(  0.637048  0.583273  0.503946)
     C   14    Vzz=    0.7914    axis=( -0.617917  0.777263 -0.118493)
     C   14  Q=         1.0000 1e-30 m^2  Cq=         1.8596 MHz  eta= 0.72073

     H   15    Vxx=   -0.0371    axis=(  0.158711  0.884931 -0.437844)
     H   15    Vyy=   -0.6625    axis=( -0.294953  0.465710  0.834336)
     H   15    Vzz=    0.6996    axis=(  0.942238 -0.003275  0.334927)
     H   15  Q=         1.0000 1e-30 m^2  Cq=         1.6438 MHz  eta= 0.89394

     C   16    Vxx=   -0.0606    axis=( -0.278648 -0.616461  0.736432)
     C   16    Vyy=   -0.8307    axis=( -0.958873  0.135453 -0.249428)
     C   16    Vzz=    0.8913    axis=(  0.054010 -0.775647 -0.628851)
     C   16  Q=         1.0000 1e-30 m^2  Cq=         2.0942 MHz  eta= 0.86395

     C   17    Vxx=   -0.0017    axis=(  0.439105 -0.742472 -0.505888)
     C   17    Vyy=   -0.3706    axis=( -0.453975 -0.669266  0.588210)
     C   17    Vzz=    0.3723    axis=( -0.775303 -0.028625 -0.630941)
     C   17  Q=         1.0000 1e-30 m^2  Cq=         0.8747 MHz  eta= 0.99096

     Cl  18    Vxx=   -0.1792    axis=(  0.806895 -0.568961  0.158761)
     Cl  18    Vyy=   -1.6801    axis=(  0.583377  0.725397 -0.365337)
     Cl  18    Vzz=    1.8592    axis=(  0.092697  0.387405  0.917237)
     Cl  18  Q=        -8.1650 1e-30 m^2  Cq=       -35.6686 MHz  eta= 0.80725

     H   19    Vxx=   -0.0424    axis=( -0.203659  0.392800  0.896789)
     H   19    Vyy=   -0.3054    axis=( -0.976448 -0.148121 -0.156872)
     H   19    Vzz=    0.3478    axis=(  0.071214 -0.907617  0.413716)
     H   19  Q=         1.0000 1e-30 m^2  Cq=         0.8171 MHz  eta= 0.75623

     C   20    Vxx=    0.1944    axis=(  0.629822 -0.321916 -0.706890)
     C   20    Vyy=    0.4970    axis=(  0.000575 -0.909880  0.414870)
     C   20    Vzz=   -0.6914    axis=( -0.776739 -0.261701 -0.572878)
     C   20  Q=         1.0000 1e-30 m^2  Cq=        -1.6244 MHz  eta= 0.43772

     H   21    Vxx=   -0.1026    axis=(  0.590108  0.806716 -0.031329)
     H   21    Vyy=   -0.6002    axis=( -0.343411  0.285945  0.894598)
     H   21    Vzz=    0.7028    axis=(  0.730645 -0.517150  0.445773)
     H   21  Q=         1.0000 1e-30 m^2  Cq=         1.6512 MHz  eta= 0.70811

     C   22    Vxx=   -0.2216    axis=(  0.626636  0.361300  0.690500)
     C   22    Vyy=   -0.4711    axis=( -0.363810  0.919186 -0.150797)
     C   22    Vzz=    0.6927    axis=( -0.689181 -0.156716  0.707439)
     C   22  Q=         1.0000 1e-30 m^2  Cq=         1.6275 MHz  eta= 0.36018

     C   23    Vxx=   -0.0209    axis=( -0.508374  0.658897  0.554446)
     C   23    Vyy=   -0.8298    axis=(  0.855934  0.315968  0.409317)
     C   23    Vzz=    0.8507    axis=( -0.094510 -0.682656  0.724603)
     C   23  Q=         1.0000 1e-30 m^2  Cq=         1.9988 MHz  eta= 0.95097

     Cl  24    Vxx=    0.3821    axis=(  0.416865  0.255778  0.872239)
     Cl  24    Vyy=    1.0228    axis=(  0.678850  0.550530 -0.485879)
     Cl  24    Vzz=   -1.4049    axis=( -0.604471  0.794666  0.055862)
     Cl  24  Q=        -8.1650 1e-30 m^2  Cq=        26.9523 MHz  eta= 0.45608

     Initialization:
     gipaw_setup  :      9.06s CPU     10.77s WALL (       1 calls)

     Linear response

     Apply operators

     Induced current

     Other routines
     efg          :      9.33s CPU     11.54s WALL (       1 calls)

     General routines
     calbec       :      3.29s CPU      4.26s WALL (      16 calls)
     fft          :      1.75s CPU      3.24s WALL (      15 calls)
     ffts         :      0.02s CPU      0.04s WALL (       2 calls)
     fftw         :      3.21s CPU      3.84s WALL (     672 calls)
     davcio       :      0.02s CPU      0.32s WALL (      32 calls)

     Parallel routines
     fft_scatter  :      2.19s CPU      4.17s WALL (     689 calls)

     Plugins

     GIPAW        :     60.18s CPU     71.18s WALL (       1 calls)
