
     Program QE v.6.0 (svn rev. 13079) starts on  3Jan2017 at  9:13:49 

     This program is part of the open-source Quantum ESPRESSO suite
     for quantum simulation of materials; please cite
         "P. Giannozzi et al., J. Phys.:Condens. Matter 21 395502 (2009);
          URL http://www.quantum-espresso.org", 
     in publications or presentations arising from this work. More details at
     http://www.quantum-espresso.org/quote

     Parallel version (MPI), running on     8 processors
     R & G space division:  proc/nbgrp/npool/nimage =       8

     ***** This is GIPAW svn revision unknown      *****

     Parallelizing q-star over 1 images

     Reading data from directory:
     /users/majewski/paradichlorobenzene/pbe/9_constraint/scratch/pbe.ecut100.np8.dt60.pcl2phi-129368.save
     Message from routine read_xml_file:
     file /users/majewski/paradichlorobenzene/pbe/9_constraint/scratch/pbe.ecut100.np8.dt60.pcl2phi-129368.save not guaranteed to be safe for post-processing

   Info: using nr1, nr2, nr3 values from input

   Info: using nr1, nr2, nr3 values from input

     IMPORTANT: XC functional enforced from input :
     Exchange-correlation      =  SLA  PW   PBX  PBC ( 1  4  3  4 0 0)
     Any further DFT definition will be discarded
     Please, verify this is what you really want

               file C.pbe-n-kjpaw_psl.1.0.0.UPF: wavefunction(s)  2S 2P renormalized
               file Cl.pbe-n-kjpaw_psl.1.0.0.UPF: wavefunction(s)  3S 3P renormalized
               file H.pbe-kjpaw_psl.1.0.0.UPF: wavefunction(s)  1S renormalized

     Parallelization info
     --------------------
     sticks:   dense  smooth     PW     G-vecs:    dense   smooth      PW
     Min        3057    1223    332               144436    36536    5170
     Max        3059    1225    333               144437    36537    5171
     Sum       24467    9791   2657              1155489   292295   41363


     Subspace diagonalization in iterative solution of the eigenvalue problem:
     a serial algorithm will be used

     GIPAW projectors -----------------------------------------------
     atom=  C    l=0  rc=    1.2000  rs=    0.8000
     atom=  C    l=0  rc=    1.2000  rs=    0.8000
     atom=  C    l=1  rc=    1.4000  rs=    0.9333
     atom=  C    l=1  rc=    1.4000  rs=    0.9333
     projs nearly linearly dependent: l=1  n1,n2= 1, 2  s=  0.99951561

     atom=  Cl   l=0  rc=    1.6000  rs=    1.0667
     atom=  Cl   l=0  rc=    1.6000  rs=    1.0667
     atom=  Cl   l=1  rc=    1.6000  rs=    1.0667
     atom=  Cl   l=1  rc=    1.6000  rs=    1.0667
     atom=  Cl   l=2  rc=    1.6000  rs=    1.0667
     atom=  Cl   l=2  rc=    1.6000  rs=    1.0667
     projs nearly linearly dependent: l=2  n1,n2= 1, 2  s=  0.99993509

     atom=  H    l=0  rc=    1.0000  rs=    0.6667
     atom=  H    l=0  rc=    1.0000  rs=    0.6667
     projs nearly linearly dependent: l=0  n1,n2= 1, 2  s=  0.99968852
     -----------------------------------------------------------------

     GIPAW integrals: -------------------------------------------
     Atom  i/j   nmr_para   nmr_dia   epr_rmc  epr_para   epr_dia
       C   1 1   0.83E+03  0.17E-01  0.93E+01  0.24E+08  0.24E+03
       C   2 1   0.86E+03 -0.61E-01  0.94E+01  0.25E+08  0.25E+03
       C   2 2   0.90E+03 -0.15E+00  0.97E+01  0.26E+08  0.26E+03
       C   3 3   0.33E+01  0.34E+00  0.18E+01  0.55E+03  0.21E+02
       C   4 3   0.35E+01  0.37E+00  0.20E+01  0.59E+03  0.22E+02
       C   4 4   0.38E+01  0.39E+00  0.22E+01  0.63E+03  0.24E+02
       Cl  1 1   0.14E+04 -0.47E+00  0.84E+01  0.32E+09  0.42E+03
       Cl  2 1   0.21E+04 -0.37E+00  0.12E+02  0.49E+09  0.65E+03
       Cl  2 2   0.33E+04 -0.16E+00  0.21E+02  0.76E+09  0.10E+04
       Cl  3 3   0.21E+02  0.79E-01  0.89E+01  0.23E+05  0.13E+03
       Cl  4 3   0.24E+02  0.67E-01  0.99E+01  0.27E+05  0.15E+03
       Cl  4 4   0.28E+02  0.44E-01  0.11E+02  0.32E+05  0.18E+03
       Cl  5 5   0.77E+00  0.19E+00  0.18E+01  0.12E+03  0.22E+02
       Cl  6 5   0.80E+00  0.19E+00  0.19E+01  0.12E+03  0.23E+02
       Cl  6 6   0.83E+00  0.20E+00  0.19E+01  0.12E+03  0.23E+02
       H   1 1   0.39E+02  0.19E+00  0.29E+00  0.78E+05  0.13E+02
       H   2 1   0.41E+02  0.21E+00  0.32E+00  0.82E+05  0.14E+02
       H   2 2   0.43E+02  0.22E+00  0.36E+00  0.86E+05  0.15E+02
     ------------------------------------------------------------

     alpha_pv=     34.5734 eV

     Number of occupied bands for each k-point:
     k-point:     1    nbnd_occ=  42
     k-point:     2    nbnd_occ=  42
     k-point:     3    nbnd_occ=  42
     k-point:     4    nbnd_occ=  42
     k-point:     5    nbnd_occ=  42
     k-point:     6    nbnd_occ=  42
     k-point:     7    nbnd_occ=  42
     k-point:     8    nbnd_occ=  42
     k-point:     9    nbnd_occ=  42
     k-point:    10    nbnd_occ=  42
     k-point:    11    nbnd_occ=  42
     k-point:    12    nbnd_occ=  42
     k-point:    13    nbnd_occ=  42
     k-point:    14    nbnd_occ=  42
     k-point:    15    nbnd_occ=  42
     k-point:    16    nbnd_occ=  42


     q-space interpolation up to   110.00 Rydberg

     GIPAW job: efg                                                                             


     ELECTRIC FIELD GRADIENTS TENSORS IN Hartree/bohrradius^2:

     ----- bare term -----
     Cl   1       -0.068670       -0.045765        0.018098
     Cl   1       -0.045765        0.023859        0.154826
     Cl   1        0.018098        0.154826        0.044811

     C    2       -0.681075        0.311992       -0.368788
     C    2        0.311992        0.278033       -0.085426
     C    2       -0.368788       -0.085426        0.403041

     C    3       -0.019029        0.254072       -0.091058
     C    3        0.254072       -0.530130       -0.400687
     C    3       -0.091058       -0.400687        0.549159

     H    4       -0.508692       -0.302882       -0.077085
     H    4       -0.302882        0.411462       -0.123920
     H    4       -0.077085       -0.123920        0.097230

     C    5       -0.852534        0.288399       -0.373072
     C    5        0.288399        0.269619       -0.014126
     C    5       -0.373072       -0.014126        0.582915

     H    6        0.244586        0.109594       -0.282663
     H    6        0.109594       -0.469298       -0.390379
     H    6       -0.282663       -0.390379        0.224712

     H    7        0.475673        0.143592       -0.008451
     H    7        0.143592       -0.775498        0.029797
     H    7       -0.008451        0.029797        0.299825

     C    8       -0.312474       -0.034833       -0.290330
     C    8       -0.034833       -0.023841        0.504738
     C    8       -0.290330        0.504738        0.336315

     H    9       -0.261672        0.496003       -0.026562
     H    9        0.496003       -0.016420       -0.186040
     H    9       -0.026562       -0.186040        0.278092

     C   10       -0.218006       -0.259648        0.088370
     C   10       -0.259648       -0.118329        0.250724
     C   10        0.088370        0.250724        0.336335

     C   11       -0.112964        0.201340       -0.203043
     C   11        0.201340        0.023149        0.182308
     C   11       -0.203043        0.182308        0.089816

     Cl  12        0.098896       -0.151040        0.077458
     Cl  12       -0.151040       -0.010400       -0.336241
     Cl  12        0.077458       -0.336241       -0.088496

     H   13        0.458085       -0.015991       -0.014046
     H   13       -0.015991       -0.806782       -0.243345
     H   13       -0.014046       -0.243345        0.348698

     C   14       -0.081634        0.083537       -0.191924
     C   14        0.083537        0.005818       -0.436807
     C   14       -0.191924       -0.436807        0.075816

     H   15       -0.168502       -0.503452       -0.271673
     H   15       -0.503452       -0.223156       -0.133353
     H   15       -0.271673       -0.133353        0.391658

     C   16       -0.740742        0.354981       -0.279951
     C   16        0.354981        0.355222       -0.116070
     C   16       -0.279951       -0.116070        0.385519

     C   17        0.087400        0.126523       -0.115821
     C   17        0.126523       -0.217661       -0.480298
     C   17       -0.115821       -0.480298        0.130261

     Cl  18       -0.099979        0.176046       -0.003584
     Cl  18        0.176046       -0.016434       -0.010907
     Cl  18       -0.003584       -0.010907        0.116413

     H   19        0.112455        0.083548       -0.434283
     H   19        0.083548       -0.047625        0.416800
     H   19       -0.434283        0.416800       -0.064830

     C   20       -0.186758       -0.416903        0.145691
     C   20       -0.416903       -0.166225        0.407516
     C   20        0.145691        0.407516        0.352983

     H   21       -0.664656       -0.153493       -0.088853
     H   21       -0.153493        0.300723        0.222081
     H   21       -0.088853        0.222081        0.363933

     C   22        0.032856        0.275547       -0.325621
     C   22        0.275547       -0.129007        0.675452
     C   22       -0.325621        0.675452        0.096151

     C   23       -0.445700       -0.331391       -0.200350
     C   23       -0.331391        0.042891        0.431682
     C   23       -0.200350        0.431682        0.402810

     Cl  24       -0.061149        0.066631       -0.005341
     Cl  24        0.066631        0.013640       -0.136166
     Cl  24       -0.005341       -0.136166        0.047509

     ----- ionic term -----
     Cl   1        0.170668       -0.209670        0.006285
     Cl   1       -0.209670       -0.017132        0.004817
     Cl   1        0.006285        0.004817       -0.153536

     C    2        0.239053       -0.100804        0.211217
     C    2       -0.100804        0.173008        0.378589
     C    2        0.211217        0.378589       -0.412060

     C    3        0.199172       -0.144631        0.155396
     C    3       -0.144631        0.217332        0.344652
     C    3        0.155396        0.344652       -0.416505

     H    4        0.682711        0.475816        0.522738
     H    4        0.475816       -0.294773        0.249863
     H    4        0.522738        0.249863       -0.387939

     C    5        0.291301       -0.111084        0.233860
     C    5       -0.111084        0.105214        0.306946
     C    5        0.233860        0.306946       -0.396514

     H    6       -0.520403       -0.047526       -0.019625
     H    6       -0.047526        0.767420        0.627536
     H    6       -0.019625        0.627536       -0.247017

     H    7       -0.500279       -0.074010        0.053120
     H    7       -0.074010        0.661518       -0.712073
     H    7        0.053120       -0.712073       -0.161239

     C    8        0.361812        0.220147        0.149248
     C    8        0.220147        0.022202       -0.326357
     C    8        0.149248       -0.326357       -0.384013

     H    9        0.706229       -0.331954        0.593875
     H    9       -0.331954       -0.429633       -0.245488
     H    9        0.593875       -0.245488       -0.276597

     C   10        0.254300        0.235325        0.107212
     C   10        0.235325        0.083365       -0.399372
     C   10        0.107212       -0.399372       -0.337665

     C   11        0.313662        0.085435        0.169868
     C   11        0.085435        0.022565       -0.362858
     C   11        0.169868       -0.362858       -0.336227

     Cl  12        0.166480        0.173403        0.001440
     Cl  12        0.173403       -0.021441       -0.016847
     Cl  12        0.001440       -0.016847       -0.145039

     H   13       -0.504778        0.004729       -0.001197
     H   13        0.004729        0.739905        0.644170
     H   13       -0.001197        0.644170       -0.235127

     C   14        0.322527       -0.173072        0.214425
     C   14       -0.173072        0.120684        0.290267
     C   14        0.214425        0.290267       -0.443211

     H   15        0.689537        0.348651        0.596185
     H   15        0.348651       -0.377293        0.241543
     H   15        0.596185        0.241543       -0.312244

     C   16        0.178198       -0.243008        0.172378
     C   16       -0.243008        0.274549        0.371612
     C   16        0.172378        0.371612       -0.452747

     C   17        0.172278       -0.080859        0.291281
     C   17       -0.080859        0.238169        0.392833
     C   17        0.291281        0.392833       -0.410447

     Cl  18        0.134832       -0.189274        0.045002
     Cl  18       -0.189274        0.013691       -0.024941
     Cl  18        0.045002       -0.024941       -0.148523

     H   19       -0.520114       -0.181723        0.084479
     H   19       -0.181723        0.750604       -0.655313
     H   19        0.084479       -0.655313       -0.230490

     C   20        0.282910        0.110818        0.114390
     C   20        0.110818        0.117561       -0.326772
     C   20        0.114390       -0.326772       -0.400471

     H   21        0.832295       -0.333618        0.409002
     H   21       -0.333618       -0.413863       -0.187072
     H   21        0.409002       -0.187072       -0.418432

     C   22        0.181341        0.174752        0.061311
     C   22        0.174752        0.220091       -0.416160
     C   22        0.061311       -0.416160       -0.401432

     C   23        0.232629        0.148708        0.143525
     C   23        0.148708        0.137472       -0.428984
     C   23        0.143525       -0.428984       -0.370101

     Cl  24        0.130125        0.235194       -0.068666
     Cl  24        0.235194        0.006940       -0.046205
     Cl  24       -0.068666       -0.046205       -0.137064

     ----- GIPAW term -----
     Cl   1        0.083117       -2.163095       -0.076048
     Cl   1       -2.163095        0.535999        1.822574
     Cl   1       -0.076048        1.822574       -0.619116

     C    2       -0.161819       -0.011631       -0.032110
     C    2       -0.011631        0.193718        0.161305
     C    2       -0.032110        0.161305       -0.031898

     C    3       -0.108578        0.029388        0.007030
     C    3        0.029388       -0.102158        0.122965
     C    3        0.007030        0.122965        0.210736

     H    4       -0.000000        0.000000        0.000000
     H    4        0.000000        0.000000        0.000000
     H    4        0.000000        0.000000        0.000000

     C    5       -0.202705        0.101513        0.061242
     C    5        0.101513        0.039649        0.183518
     C    5        0.061242        0.183518        0.163056

     H    6       -0.000000        0.000000        0.000000
     H    6        0.000000        0.000000        0.000000
     H    6        0.000000        0.000000        0.000000

     H    7       -0.000000        0.000000        0.000000
     H    7        0.000000        0.000000        0.000000
     H    7        0.000000        0.000000        0.000000

     C    8       -0.133052       -0.012597       -0.044062
     C    8       -0.012597        0.070500        0.259573
     C    8       -0.044062        0.259573        0.062553

     H    9       -0.000000        0.000000        0.000000
     H    9        0.000000        0.000000        0.000000
     H    9        0.000000        0.000000        0.000000

     C   10       -0.088173       -0.007451        0.026836
     C   10       -0.007451        0.020230        0.113703
     C   10        0.026836        0.113703        0.067943

     C   11       -0.009206        0.051437        0.005078
     C   11        0.051437       -0.028688        0.022905
     C   11        0.005078        0.022905        0.037893

     Cl  12       -0.402562        0.107651       -0.477817
     Cl  12        0.107651       -0.092823        1.020067
     Cl  12       -0.477817        1.020067        0.495385

     H   13       -0.000000        0.000000        0.000000
     H   13        0.000000        0.000000        0.000000
     H   13        0.000000        0.000000        0.000000

     C   14       -0.104479        0.043278       -0.008121
     C   14        0.043278        0.256755       -0.039699
     C   14       -0.008121       -0.039699       -0.152275

     H   15       -0.000000        0.000000        0.000000
     H   15        0.000000        0.000000        0.000000
     H   15        0.000000        0.000000        0.000000

     C   16       -0.229651        0.054017       -0.045523
     C   16        0.054017        0.306291        0.032992
     C   16       -0.045523        0.032992       -0.076639

     C   17       -0.058099        0.017758        0.041766
     C   17        0.017758        0.165586        0.138614
     C   17        0.041766        0.138614       -0.107487

     Cl  18       -0.666030       -0.210448        0.873532
     Cl  18       -0.210448        0.097801        2.026343
     Cl  18        0.873532        2.026343        0.568228

     H   19       -0.000000        0.000000        0.000000
     H   19        0.000000        0.000000        0.000000
     H   19        0.000000        0.000000        0.000000

     C   20        0.011115        0.052541        0.175277
     C   20        0.052541       -0.068251        0.149918
     C   20        0.175277        0.149918        0.057135

     H   21       -0.000000        0.000000        0.000000
     H   21        0.000000        0.000000        0.000000
     H   21        0.000000        0.000000        0.000000

     C   22        0.028727        0.252767       -0.017465
     C   22        0.252767        0.075116        0.149613
     C   22       -0.017465        0.149613       -0.103844

     C   23       -0.111200        0.107336        0.023307
     C   23        0.107336        0.143270        0.194670
     C   23        0.023307        0.194670       -0.032071

     Cl  24        0.525515        2.415712       -0.174003
     Cl  24        2.415712        0.266544       -1.282303
     Cl  24       -0.174003       -1.282303       -0.792059

     ----- total EFG -----
     Cl   1        0.185115       -2.418530       -0.051665
     Cl   1       -2.418530        0.542726        1.982216
     Cl   1       -0.051665        1.982216       -0.727841

     C    2       -0.603841        0.199558       -0.189681
     C    2        0.199558        0.644759        0.454468
     C    2       -0.189681        0.454468       -0.040917

     C    3        0.071565        0.138829        0.071368
     C    3        0.138829       -0.414956        0.066929
     C    3        0.071368        0.066929        0.343390

     H    4        0.174020        0.172935        0.445653
     H    4        0.172935        0.116689        0.125943
     H    4        0.445653        0.125943       -0.290709

     C    5       -0.763939        0.278828       -0.077970
     C    5        0.278828        0.414482        0.476338
     C    5       -0.077970        0.476338        0.349456

     H    6       -0.275817        0.062068       -0.302288
     H    6        0.062068        0.298122        0.237157
     H    6       -0.302288        0.237157       -0.022305

     H    7       -0.024606        0.069583        0.044669
     H    7        0.069583       -0.113980       -0.682275
     H    7        0.044669       -0.682275        0.138585

     C    8       -0.083715        0.172718       -0.185145
     C    8        0.172718        0.068860        0.437954
     C    8       -0.185145        0.437954        0.014855

     H    9        0.444558        0.164049        0.567314
     H    9        0.164049       -0.446052       -0.431527
     H    9        0.567314       -0.431527        0.001495

     C   10       -0.051880       -0.031773        0.222419
     C   10       -0.031773       -0.014734       -0.034945
     C   10        0.222419       -0.034945        0.066614

     C   11        0.191492        0.338212       -0.028097
     C   11        0.338212        0.017026       -0.157645
     C   11       -0.028097       -0.157645       -0.208518

     Cl  12       -0.137186        0.130014       -0.398918
     Cl  12        0.130014       -0.124664        0.666979
     Cl  12       -0.398918        0.666979        0.261850

     H   13       -0.046694       -0.011261       -0.015243
     H   13       -0.011261       -0.066877        0.400825
     H   13       -0.015243        0.400825        0.113571

     C   14        0.136414       -0.046258        0.014380
     C   14       -0.046258        0.383257       -0.186240
     C   14        0.014380       -0.186240       -0.519671

     H   15        0.521035       -0.154801        0.324513
     H   15       -0.154801       -0.600449        0.108190
     H   15        0.324513        0.108190        0.079415

     C   16       -0.792194        0.165990       -0.153096
     C   16        0.165990        0.936061        0.288534
     C   16       -0.153096        0.288534       -0.143867

     C   17        0.201579        0.063421        0.217226
     C   17        0.063421        0.186095        0.051149
     C   17        0.217226        0.051149       -0.387673

     Cl  18       -0.631177       -0.223677        0.914950
     Cl  18       -0.223677        0.095059        1.990495
     Cl  18        0.914950        1.990495        0.536118

     H   19       -0.407658       -0.098176       -0.349804
     H   19       -0.098176        0.702978       -0.238513
     H   19       -0.349804       -0.238513       -0.295320

     C   20        0.107267       -0.253544        0.435358
     C   20       -0.253544       -0.116914        0.230662
     C   20        0.435358        0.230662        0.009647

     H   21        0.167639       -0.487111        0.320149
     H   21       -0.487111       -0.113140        0.035009
     H   21        0.320149        0.035009       -0.054499

     C   22        0.242924        0.703066       -0.281775
     C   22        0.703066        0.166200        0.408905
     C   22       -0.281775        0.408905       -0.409124

     C   23       -0.324271       -0.075347       -0.033518
     C   23       -0.075347        0.323633        0.197369
     C   23       -0.033518        0.197369        0.000638

     Cl  24        0.594490        2.717537       -0.248010
     Cl  24        2.717537        0.287124       -1.464674
     Cl  24       -0.248010       -1.464674       -0.881614

     ----- total EFG (symmetrized) -----
     Cl   1        0.185115       -2.418530       -0.051665
     Cl   1       -2.418530        0.542726        1.982216
     Cl   1       -0.051665        1.982216       -0.727841

     C    2       -0.603841        0.199558       -0.189681
     C    2        0.199558        0.644759        0.454468
     C    2       -0.189681        0.454468       -0.040917

     C    3        0.071565        0.138829        0.071368
     C    3        0.138829       -0.414956        0.066929
     C    3        0.071368        0.066929        0.343390

     H    4        0.174020        0.172935        0.445653
     H    4        0.172935        0.116689        0.125943
     H    4        0.445653        0.125943       -0.290709

     C    5       -0.763939        0.278828       -0.077970
     C    5        0.278828        0.414482        0.476338
     C    5       -0.077970        0.476338        0.349456

     H    6       -0.275817        0.062068       -0.302288
     H    6        0.062068        0.298122        0.237157
     H    6       -0.302288        0.237157       -0.022305

     H    7       -0.024606        0.069583        0.044669
     H    7        0.069583       -0.113980       -0.682275
     H    7        0.044669       -0.682275        0.138585

     C    8       -0.083715        0.172718       -0.185145
     C    8        0.172718        0.068860        0.437954
     C    8       -0.185145        0.437954        0.014855

     H    9        0.444558        0.164049        0.567314
     H    9        0.164049       -0.446052       -0.431527
     H    9        0.567314       -0.431527        0.001495

     C   10       -0.051880       -0.031773        0.222419
     C   10       -0.031773       -0.014734       -0.034945
     C   10        0.222419       -0.034945        0.066614

     C   11        0.191492        0.338212       -0.028097
     C   11        0.338212        0.017026       -0.157645
     C   11       -0.028097       -0.157645       -0.208518

     Cl  12       -0.137186        0.130014       -0.398918
     Cl  12        0.130014       -0.124664        0.666979
     Cl  12       -0.398918        0.666979        0.261850

     H   13       -0.046694       -0.011261       -0.015243
     H   13       -0.011261       -0.066877        0.400825
     H   13       -0.015243        0.400825        0.113571

     C   14        0.136414       -0.046258        0.014380
     C   14       -0.046258        0.383257       -0.186240
     C   14        0.014380       -0.186240       -0.519671

     H   15        0.521035       -0.154801        0.324513
     H   15       -0.154801       -0.600449        0.108190
     H   15        0.324513        0.108190        0.079415

     C   16       -0.792194        0.165990       -0.153096
     C   16        0.165990        0.936061        0.288534
     C   16       -0.153096        0.288534       -0.143867

     C   17        0.201579        0.063421        0.217226
     C   17        0.063421        0.186095        0.051149
     C   17        0.217226        0.051149       -0.387673

     Cl  18       -0.631177       -0.223677        0.914950
     Cl  18       -0.223677        0.095059        1.990495
     Cl  18        0.914950        1.990495        0.536118

     H   19       -0.407658       -0.098176       -0.349804
     H   19       -0.098176        0.702978       -0.238513
     H   19       -0.349804       -0.238513       -0.295320

     C   20        0.107267       -0.253544        0.435358
     C   20       -0.253544       -0.116914        0.230662
     C   20        0.435358        0.230662        0.009647

     H   21        0.167639       -0.487111        0.320149
     H   21       -0.487111       -0.113140        0.035009
     H   21        0.320149        0.035009       -0.054499

     C   22        0.242924        0.703066       -0.281775
     C   22        0.703066        0.166200        0.408905
     C   22       -0.281775        0.408905       -0.409124

     C   23       -0.324271       -0.075347       -0.033518
     C   23       -0.075347        0.323633        0.197369
     C   23       -0.033518        0.197369        0.000638

     Cl  24        0.594490        2.717537       -0.248010
     Cl  24        2.717537        0.287124       -1.464674
     Cl  24       -0.248010       -1.464674       -0.881614


     NQR/NMR SPECTROSCOPIC PARAMETERS:
     Cl   1    Vxx=   -0.3929    axis=(  0.659737  0.141902  0.737977)
     Cl   1    Vyy=   -2.9808    axis=( -0.493750 -0.658459  0.568016)
     Cl   1    Vzz=    3.3736    axis=( -0.566531  0.739118  0.364346)
     Cl   1  Q=        -8.1650 1e-30 m^2  Cq=       -64.7217 MHz  eta= 0.76709

     C    2    Vxx=   -0.1289    axis=( -0.471221 -0.353201  0.808208)
     C    2    Vyy=   -0.7485    axis=( -0.879548  0.256669 -0.400646)
     C    2    Vzz=    0.8774    axis=( -0.065934 -0.899650 -0.431605)
     C    2  Q=         1.0000 1e-30 m^2  Cq=         2.0616 MHz  eta= 0.70610

     C    3    Vxx=    0.0806    axis=(  0.926362  0.218050 -0.307094)
     C    3    Vyy=    0.3739    axis=(  0.284142  0.130587  0.949848)
     C    3    Vzz=   -0.4545    axis=(  0.247217 -0.967161  0.059014)
     C    3  Q=         1.0000 1e-30 m^2  Cq=        -1.0680 MHz  eta= 0.64541

     H    4    Vxx=    0.0121    axis=(  0.392753 -0.896465  0.205172)
     H    4    Vyy=    0.5494    axis=(  0.763191  0.442199  0.471169)
     H    4    Vzz=   -0.5615    axis=( -0.513113 -0.028468  0.857849)
     H    4  Q=         1.0000 1e-30 m^2  Cq=        -1.3192 MHz  eta= 0.95690

     C    5    Vxx=   -0.0164    axis=( -0.304153 -0.611081  0.730802)
     C    5    Vyy=   -0.8574    axis=( -0.947860  0.270747 -0.168098)
     C    5    Vzz=    0.8738    axis=( -0.095141 -0.743825 -0.661568)
     C    5  Q=         1.0000 1e-30 m^2  Cq=         2.0531 MHz  eta= 0.96247

     H    6    Vxx=    0.0823    axis=(  0.607015  0.502155 -0.615933)
     H    6    Vyy=    0.4375    axis=(  0.152085 -0.834140 -0.530170)
     H    6    Vzz=   -0.5198    axis=(  0.780002 -0.228146  0.582706)
     H    6  Q=         1.0000 1e-30 m^2  Cq=        -1.2213 MHz  eta= 0.68350

     H    7    Vxx=   -0.0147    axis=(  0.992418  0.084929  0.088849)
     H    7    Vyy=   -0.6917    axis=( -0.122112  0.763579  0.634063)
     H    7    Vzz=    0.7063    axis=( -0.013993 -0.640105  0.768160)
     H    7  Q=         1.0000 1e-30 m^2  Cq=         1.6595 MHz  eta= 0.95851

     C    8    Vxx=    0.0574    axis=( -0.873504 -0.334962  0.353258)
     C    8    Vyy=    0.4806    axis=(  0.002021 -0.728139 -0.685427)
     C    8    Vzz=   -0.5380    axis=( -0.486813  0.598009 -0.636709)
     C    8  Q=         1.0000 1e-30 m^2  Cq=        -1.2642 MHz  eta= 0.78666

     H    9    Vxx=    0.0271    axis=( -0.487974 -0.674454  0.554070)
     H    9    Vyy=    0.8424    axis=(  0.801798 -0.095486  0.589918)
     H    9    Vzz=   -0.8696    axis=(  0.344966 -0.732117 -0.587370)
     H    9  Q=         1.0000 1e-30 m^2  Cq=        -2.0431 MHz  eta= 0.93757

     C   10    Vxx=   -0.0232    axis=(  0.093010  0.983907  0.152567)
     C   10    Vyy=   -0.2229    axis=( -0.793953 -0.019174  0.607677)
     C   10    Vzz=    0.2460    axis=(  0.600823 -0.177651  0.779392)
     C   10  Q=         1.0000 1e-30 m^2  Cq=         0.5781 MHz  eta= 0.81177

     C   11    Vxx=   -0.1312    axis=(  0.531413 -0.447334  0.719369)
     C   11    Vyy=   -0.3434    axis=(  0.370124 -0.641244 -0.672172)
     C   11    Vzz=    0.4747    axis=( -0.761976 -0.623457  0.175196)
     C   11  Q=         1.0000 1e-30 m^2  Cq=         1.1153 MHz  eta= 0.44702

     Cl  12    Vxx=   -0.0175    axis=(  0.840912  0.535544 -0.077840)
     Cl  12    Vyy=   -0.8111    axis=( -0.473423  0.658307 -0.585236)
     Cl  12    Vzz=    0.8286    axis=( -0.262177  0.528984  0.807118)
     Cl  12  Q=        -8.1650 1e-30 m^2  Cq=       -15.8957 MHz  eta= 0.95786

     H   13    Vxx=   -0.0474    axis=(  0.999226  0.026213  0.029345)
     H   13    Vyy=   -0.3875    axis=( -0.002138  0.780865 -0.624697)
     H   13    Vzz=    0.4349    axis=( -0.039289  0.624150  0.780316)
     H   13  Q=         1.0000 1e-30 m^2  Cq=         1.0219 MHz  eta= 0.78187

     C   14    Vxx=    0.1285    axis=(  0.986608  0.161268 -0.024449)
     C   14    Vyy=    0.4281    axis=( -0.162943  0.967651 -0.192615)
     C   14    Vzz=   -0.5566    axis=( -0.007404  0.194020  0.980970)
     C   14  Q=         1.0000 1e-30 m^2  Cq=        -1.3078 MHz  eta= 0.53829

     H   15    Vxx=   -0.0426    axis=( -0.418828  0.283520  0.862670)
     H   15    Vyy=   -0.6560    axis=(  0.187387  0.956546 -0.223396)
     H   15    Vzz=    0.6986    axis=( -0.888521  0.068089 -0.453757)
     H   15  Q=         1.0000 1e-30 m^2  Cq=         1.6415 MHz  eta= 0.87810

     C   16    Vxx=   -0.1608    axis=( -0.281041 -0.204144  0.937732)
     C   16    Vyy=   -0.8561    axis=( -0.957184  0.130272 -0.258511)
     C   16    Vzz=    1.0169    axis=( -0.069387 -0.970234 -0.232015)
     C   16  Q=         1.0000 1e-30 m^2  Cq=         2.3894 MHz  eta= 0.68376

     C   17    Vxx=    0.1428    axis=(  0.492510 -0.862196  0.118538)
     C   17    Vyy=    0.3176    axis=(  0.814143  0.504569  0.287369)
     C   17    Vzz=   -0.4604    axis=( -0.307579 -0.045025  0.950457)
     C   17  Q=         1.0000 1e-30 m^2  Cq=        -1.0817 MHz  eta= 0.37951

     Cl  18    Vxx=   -0.3031    axis=(  0.858620 -0.475459  0.191602)
     Cl  18    Vyy=   -2.1129    axis=(  0.479792  0.613800 -0.626936)
     Cl  18    Vzz=    2.4160    axis=(  0.180477  0.630229  0.755142)
     Cl  18  Q=        -8.1650 1e-30 m^2  Cq=       -46.3502 MHz  eta= 0.74905

     H   19    Vxx=   -0.0147    axis=(  0.677904 -0.146673 -0.720370)
     H   19    Vyy=   -0.7427    axis=(  0.734939  0.158688  0.659304)
     H   19    Vzz=    0.7574    axis=( -0.017612  0.976373 -0.215371)
     H   19  Q=         1.0000 1e-30 m^2  Cq=         1.7795 MHz  eta= 0.96118

     C   20    Vxx=    0.1149    axis=( -0.320721  0.820921  0.472468)
     C   20    Vyy=    0.4991    axis=( -0.761983  0.072665 -0.643507)
     C   20    Vzz=   -0.6140    axis=(  0.562601  0.566399 -0.602223)
     C   20  Q=         1.0000 1e-30 m^2  Cq=        -1.4427 MHz  eta= 0.62575

     H   21    Vxx=   -0.0400    axis=( -0.021208  0.542784  0.839605)
     H   21    Vyy=   -0.5815    axis=(  0.614001  0.669834 -0.417522)
     H   21    Vzz=    0.6214    axis=(  0.789020 -0.506663  0.347475)
     H   21  Q=         1.0000 1e-30 m^2  Cq=         1.4601 MHz  eta= 0.87141

     C   22    Vxx=    0.0347    axis=( -0.510850  0.445845  0.735020)
     C   22    Vyy=    0.9138    axis=( -0.708510 -0.702583 -0.066256)
     C   22    Vzz=   -0.9485    axis=(  0.486873 -0.554616  0.674801)
     C   22  Q=         1.0000 1e-30 m^2  Cq=        -2.2286 MHz  eta= 0.92674

     C   23    Vxx=   -0.0929    axis=(  0.008071 -0.427019  0.904207)
     C   23    Vyy=   -0.3333    axis=( -0.993987 -0.102169 -0.039377)
     C   23    Vzz=    0.4262    axis=(  0.109197 -0.898452 -0.425276)
     C   23  Q=         1.0000 1e-30 m^2  Cq=         1.0014 MHz  eta= 0.56421

     Cl  24    Vxx=   -0.7283    axis=(  0.517043 -0.175223  0.837832)
     Cl  24    Vyy=   -2.7664    axis=(  0.531884 -0.701140 -0.474871)
     Cl  24    Vzz=    3.4947    axis=( -0.670646 -0.691158  0.269322)
     Cl  24  Q=        -8.1650 1e-30 m^2  Cq=       -67.0449 MHz  eta= 0.58318

     Initialization:
     gipaw_setup  :      9.32s CPU     11.14s WALL (       1 calls)

     Linear response

     Apply operators

     Induced current

     Other routines
     efg          :      9.42s CPU     11.55s WALL (       1 calls)

     General routines
     calbec       :      3.27s CPU      4.24s WALL (      16 calls)
     fft          :      1.50s CPU      2.08s WALL (      15 calls)
     ffts         :      0.06s CPU      0.09s WALL (       2 calls)
     fftw         :      3.41s CPU      3.91s WALL (     672 calls)
     davcio       :      0.04s CPU      0.32s WALL (      32 calls)

     Parallel routines
     fft_scatter  :      2.18s CPU      3.20s WALL (     689 calls)

     Plugins

     GIPAW        :     61.24s CPU     72.99s WALL (       1 calls)
