
     Program QE v.6.0 (svn rev. 13079) starts on 15Jan2017 at 19:56: 2 

     This program is part of the open-source Quantum ESPRESSO suite
     for quantum simulation of materials; please cite
         "P. Giannozzi et al., J. Phys.:Condens. Matter 21 395502 (2009);
          URL http://www.quantum-espresso.org", 
     in publications or presentations arising from this work. More details at
     http://www.quantum-espresso.org/quote

     Parallel version (MPI), running on     8 processors
     R & G space division:  proc/nbgrp/npool/nimage =       8

     ***** This is GIPAW svn revision unknown      *****

     Parallelizing q-star over 1 images

     Reading data from directory:
     /users/majewski/paradichlorobenzene/pbe/9_constraint/scratch/pbe.ecut100.np8.dt60.pcl2phi-129368.save
     Message from routine read_xml_file:
     file /users/majewski/paradichlorobenzene/pbe/9_constraint/scratch/pbe.ecut100.np8.dt60.pcl2phi-129368.save not guaranteed to be safe for post-processing

   Info: using nr1, nr2, nr3 values from input

   Info: using nr1, nr2, nr3 values from input

     IMPORTANT: XC functional enforced from input :
     Exchange-correlation      =  SLA  PW   PBX  PBC ( 1  4  3  4 0 0)
     Any further DFT definition will be discarded
     Please, verify this is what you really want

               file C.pbe-n-kjpaw_psl.1.0.0.UPF: wavefunction(s)  2S 2P renormalized
               file Cl.pbe-n-kjpaw_psl.1.0.0.UPF: wavefunction(s)  3S 3P renormalized
               file H.pbe-kjpaw_psl.1.0.0.UPF: wavefunction(s)  1S renormalized

     Parallelization info
     --------------------
     sticks:   dense  smooth     PW     G-vecs:    dense   smooth      PW
     Min        3057    1223    332               144436    36536    5170
     Max        3059    1225    333               144437    36537    5171
     Sum       24467    9791   2657              1155489   292295   41363


     Subspace diagonalization in iterative solution of the eigenvalue problem:
     a serial algorithm will be used

     GIPAW projectors -----------------------------------------------
     atom=  C    l=0  rc=    1.2000  rs=    0.8000
     atom=  C    l=0  rc=    1.2000  rs=    0.8000
     atom=  C    l=1  rc=    1.4000  rs=    0.9333
     atom=  C    l=1  rc=    1.4000  rs=    0.9333
     projs nearly linearly dependent: l=1  n1,n2= 1, 2  s=  0.99951561

     atom=  Cl   l=0  rc=    1.6000  rs=    1.0667
     atom=  Cl   l=0  rc=    1.6000  rs=    1.0667
     atom=  Cl   l=1  rc=    1.6000  rs=    1.0667
     atom=  Cl   l=1  rc=    1.6000  rs=    1.0667
     atom=  Cl   l=2  rc=    1.6000  rs=    1.0667
     atom=  Cl   l=2  rc=    1.6000  rs=    1.0667
     projs nearly linearly dependent: l=2  n1,n2= 1, 2  s=  0.99993509

     atom=  H    l=0  rc=    1.0000  rs=    0.6667
     atom=  H    l=0  rc=    1.0000  rs=    0.6667
     projs nearly linearly dependent: l=0  n1,n2= 1, 2  s=  0.99968852
     -----------------------------------------------------------------

     GIPAW integrals: -------------------------------------------
     Atom  i/j   nmr_para   nmr_dia   epr_rmc  epr_para   epr_dia
       C   1 1   0.83E+03  0.17E-01  0.93E+01  0.24E+08  0.24E+03
       C   2 1   0.86E+03 -0.61E-01  0.94E+01  0.25E+08  0.25E+03
       C   2 2   0.90E+03 -0.15E+00  0.97E+01  0.26E+08  0.26E+03
       C   3 3   0.33E+01  0.34E+00  0.18E+01  0.55E+03  0.21E+02
       C   4 3   0.35E+01  0.37E+00  0.20E+01  0.59E+03  0.22E+02
       C   4 4   0.38E+01  0.39E+00  0.22E+01  0.63E+03  0.24E+02
       Cl  1 1   0.14E+04 -0.47E+00  0.84E+01  0.32E+09  0.42E+03
       Cl  2 1   0.21E+04 -0.37E+00  0.12E+02  0.49E+09  0.65E+03
       Cl  2 2   0.33E+04 -0.16E+00  0.21E+02  0.76E+09  0.10E+04
       Cl  3 3   0.21E+02  0.79E-01  0.89E+01  0.23E+05  0.13E+03
       Cl  4 3   0.24E+02  0.67E-01  0.99E+01  0.27E+05  0.15E+03
       Cl  4 4   0.28E+02  0.44E-01  0.11E+02  0.32E+05  0.18E+03
       Cl  5 5   0.77E+00  0.19E+00  0.18E+01  0.12E+03  0.22E+02
       Cl  6 5   0.80E+00  0.19E+00  0.19E+01  0.12E+03  0.23E+02
       Cl  6 6   0.83E+00  0.20E+00  0.19E+01  0.12E+03  0.23E+02
       H   1 1   0.39E+02  0.19E+00  0.29E+00  0.78E+05  0.13E+02
       H   2 1   0.41E+02  0.21E+00  0.32E+00  0.82E+05  0.14E+02
       H   2 2   0.43E+02  0.22E+00  0.36E+00  0.86E+05  0.15E+02
     ------------------------------------------------------------

     alpha_pv=     34.4323 eV

     Number of occupied bands for each k-point:
     k-point:     1    nbnd_occ=  42
     k-point:     2    nbnd_occ=  42
     k-point:     3    nbnd_occ=  42
     k-point:     4    nbnd_occ=  42
     k-point:     5    nbnd_occ=  42
     k-point:     6    nbnd_occ=  42
     k-point:     7    nbnd_occ=  42
     k-point:     8    nbnd_occ=  42
     k-point:     9    nbnd_occ=  42
     k-point:    10    nbnd_occ=  42
     k-point:    11    nbnd_occ=  42
     k-point:    12    nbnd_occ=  42
     k-point:    13    nbnd_occ=  42
     k-point:    14    nbnd_occ=  42
     k-point:    15    nbnd_occ=  42
     k-point:    16    nbnd_occ=  42


     q-space interpolation up to   110.00 Rydberg

     GIPAW job: efg                                                                             


     ELECTRIC FIELD GRADIENTS TENSORS IN Hartree/bohrradius^2:

     ----- bare term -----
     Cl   1       -0.015424        0.250026       -0.088542
     Cl   1        0.250026        0.123360        0.098410
     Cl   1       -0.088542        0.098410       -0.107936

     C    2       -0.111873       -0.141021       -0.212439
     C    2       -0.141021       -0.010581       -0.440712
     C    2       -0.212439       -0.440712        0.122454

     C    3       -0.206468        0.190811       -0.256775
     C    3        0.190811       -0.052945       -0.320062
     C    3       -0.256775       -0.320062        0.259413

     H    4       -0.586153       -0.343042        0.185746
     H    4       -0.343042        0.347928       -0.003710
     H    4        0.185746       -0.003710        0.238225

     C    5        0.075953        0.549321        0.075172
     C    5        0.549321       -0.432503       -0.376378
     C    5        0.075172       -0.376378        0.356550

     H    6       -0.080084       -0.442548       -0.142655
     H    6       -0.442548       -0.241184       -0.277892
     H    6       -0.142655       -0.277892        0.321268

     H    7       -0.013527        0.117736       -0.104080
     H    7        0.117736       -0.328487        0.503469
     H    7       -0.104080        0.503469        0.342014

     C    8       -0.572417       -0.298061       -0.270586
     C    8       -0.298061        0.182935        0.160172
     C    8       -0.270586        0.160172        0.389481

     H    9       -0.112872       -0.169043       -0.534311
     H    9       -0.169043        0.023628       -0.145085
     H    9       -0.534311       -0.145085        0.089244

     C   10        0.068439        0.238146       -0.362468
     C   10        0.238146       -0.179388        0.593608
     C   10       -0.362468        0.593608        0.110948

     C   11       -0.706702       -0.412409       -0.351035
     C   11       -0.412409        0.357458        0.143156
     C   11       -0.351035        0.143156        0.349244

     Cl  12        0.049687       -0.059295       -0.023529
     Cl  12       -0.059295       -0.000278       -0.009296
     Cl  12       -0.023529       -0.009296       -0.049409

     H   13        0.333715        0.109872       -0.259974
     H   13        0.109872        0.113616       -0.150655
     H   13       -0.259974       -0.150655       -0.447331

     C   14       -0.382705        0.315441        0.048302
     C   14        0.315441        0.161657        0.025419
     C   14        0.048302        0.025419        0.221048

     H   15       -0.196353        0.275636       -0.409107
     H   15        0.275636       -0.145075       -0.135180
     H   15       -0.409107       -0.135180        0.341428

     C   16        0.291698        0.085167       -0.136784
     C   16        0.085167       -0.377458       -0.635138
     C   16       -0.136784       -0.635138        0.085760

     C   17       -0.675134        0.235243       -0.331574
     C   17        0.235243        0.263284       -0.111491
     C   17       -0.331574       -0.111491        0.411851

     Cl  18        0.340057       -0.046608       -0.228163
     Cl  18       -0.046608        0.194834       -0.488473
     Cl  18       -0.228163       -0.488473       -0.534891

     H   19        0.266195        0.429811        0.067705
     H   19        0.429811       -0.628784        0.012435
     H   19        0.067705        0.012435        0.362589

     C   20       -0.110831       -0.039641       -0.226250
     C   20       -0.039641        0.043699        0.471347
     C   20       -0.226250        0.471347        0.067131

     H   21       -0.420147        0.343952       -0.418377
     H   21        0.343952        0.203597        0.193888
     H   21       -0.418377        0.193888        0.216550

     C   22       -0.549811       -0.371419       -0.235519
     C   22       -0.371419        0.163488        0.359926
     C   22       -0.235519        0.359926        0.386322

     C   23        0.069828        0.396442       -0.521834
     C   23        0.396442       -0.158739        0.606598
     C   23       -0.521834        0.606598        0.088911

     Cl  24       -0.230371       -0.194097        0.020928
     Cl  24       -0.194097        0.089807        0.053762
     Cl  24        0.020928        0.053762        0.140564

     ----- ionic term -----
     Cl   1        0.052659       -0.200217       -0.036600
     Cl   1       -0.200217        0.087868        0.042654
     Cl   1       -0.036600        0.042654       -0.140527

     C    2        0.198074       -0.175494        0.236261
     C    2       -0.175494        0.067770        0.410206
     C    2        0.236261        0.410206       -0.265844

     C    3        0.225796       -0.209125        0.058413
     C    3       -0.209125        0.080209        0.461601
     C    3        0.058413        0.461601       -0.306005

     H    4        0.908668        0.202605        0.482185
     H    4        0.202605       -0.523331        0.152506
     H    4        0.482185        0.152506       -0.385338

     C    5        0.367177       -0.131202        0.095516
     C    5       -0.131202        0.012823        0.369791
     C    5        0.095516        0.369791       -0.380000

     H    6       -0.458929        0.322389        0.151838
     H    6        0.322389        0.653325        0.696299
     H    6        0.151838        0.696299       -0.194396

     H    7       -0.487721       -0.230521        0.110205
     H    7       -0.230521        0.724976       -0.619107
     H    7        0.110205       -0.619107       -0.237255

     C    8        0.265246        0.126764        0.301740
     C    8        0.126764        0.072330       -0.284124
     C    8        0.301740       -0.284124       -0.337576

     H    9        0.324791       -0.155511        0.783008
     H    9       -0.155511       -0.449562       -0.205901
     H    9        0.783008       -0.205901        0.124771

     C   10        0.048087        0.182529        0.229012
     C   10        0.182529        0.235952       -0.369914
     C   10        0.229012       -0.369914       -0.284039

     C   11        0.185037        0.124269        0.279377
     C   11        0.124269        0.205213       -0.367407
     C   11        0.279377       -0.367407       -0.390249

     Cl  12        0.129158        0.213904        0.008929
     Cl  12        0.213904        0.031538       -0.000918
     Cl  12        0.008929       -0.000918       -0.160695

     H   13       -0.464262        0.261715        0.254310
     H   13        0.261715        0.316144        0.800248
     H   13        0.254310        0.800248        0.148118

     C   14        0.276096       -0.164252        0.173137
     C   14       -0.164252       -0.087103        0.380510
     C   14        0.173137        0.380510       -0.188992

     H   15        0.660562        0.218754        0.666967
     H   15        0.218754       -0.499620        0.201138
     H   15        0.666967        0.201138       -0.160942

     C   16        0.085200       -0.150353        0.106863
     C   16       -0.150353        0.027126        0.544101
     C   16        0.106863        0.544101       -0.112326

     C   17        0.224573       -0.059901        0.154713
     C   17       -0.059901       -0.040897        0.501355
     C   17        0.154713        0.501355       -0.183677

     Cl  18        0.074686       -0.186604       -0.060561
     Cl  18       -0.186604        0.022065        0.045019
     Cl  18       -0.060561        0.045019       -0.096750

     H   19       -0.419981       -0.373155        0.147893
     H   19       -0.373155        0.789875       -0.495793
     H   19        0.147893       -0.495793       -0.369894

     C   20        0.268093        0.074350        0.278810
     C   20        0.074350        0.141674       -0.242231
     C   20        0.278810       -0.242231       -0.409768

     H   21        0.659622       -0.194163        0.695970
     H   21       -0.194163       -0.455408       -0.187194
     H   21        0.695970       -0.187194       -0.204214

     C   22        0.119571        0.175429        0.226671
     C   22        0.175429        0.249955       -0.330888
     C   22        0.226671       -0.330888       -0.369527

     C   23        0.251965        0.115866        0.313353
     C   23        0.115866        0.114143       -0.362350
     C   23        0.313353       -0.362350       -0.366108

     Cl  24        0.155227        0.199054       -0.002718
     Cl  24        0.199054        0.000813       -0.017609
     Cl  24       -0.002718       -0.017609       -0.156040

     ----- GIPAW term -----
     Cl   1       -0.673912       -0.550865        0.513024
     Cl   1       -0.550865       -1.012711       -0.563666
     Cl   1        0.513024       -0.563666        1.686623

     C    2       -0.052279       -0.054808       -0.027479
     C    2       -0.054808        0.009724       -0.138388
     C    2       -0.027479       -0.138388        0.042555

     C    3       -0.033386        0.111815       -0.145741
     C    3        0.111815        0.017645       -0.128665
     C    3       -0.145741       -0.128665        0.015741

     H    4       -0.000000        0.000000        0.000000
     H    4        0.000000        0.000000        0.000000
     H    4        0.000000        0.000000        0.000000

     C    5        0.127079        0.224705        0.091956
     C    5        0.224705       -0.065246       -0.012781
     C    5        0.091956       -0.012781       -0.061832

     H    6       -0.000000        0.000000        0.000000
     H    6        0.000000        0.000000        0.000000
     H    6        0.000000        0.000000        0.000000

     H    7       -0.000000        0.000000        0.000000
     H    7        0.000000        0.000000        0.000000
     H    7        0.000000        0.000000        0.000000

     C    8       -0.058302        0.148553       -0.039793
     C    8        0.148553        0.146219       -0.032739
     C    8       -0.039793       -0.032739       -0.087917

     H    9       -0.000000        0.000000        0.000000
     H    9        0.000000        0.000000        0.000000
     H    9        0.000000        0.000000        0.000000

     C   10       -0.037791        0.211096       -0.099836
     C   10        0.211096        0.144912       -0.028102
     C   10       -0.099836       -0.028102       -0.107121

     C   11       -0.175212        0.030093       -0.042400
     C   11        0.030093        0.305183       -0.032620
     C   11       -0.042400       -0.032620       -0.129971

     Cl  12       -0.022734        0.536546       -0.114890
     Cl  12        0.536546        2.633721        0.022218
     Cl  12       -0.114890        0.022218       -2.610988

     H   13       -0.000000        0.000000        0.000000
     H   13        0.000000        0.000000        0.000000
     H   13        0.000000        0.000000        0.000000

     C   14       -0.038311       -0.030832        0.041162
     C   14       -0.030832        0.054744       -0.008555
     C   14        0.041162       -0.008555       -0.016432

     H   15       -0.000000        0.000000        0.000000
     H   15        0.000000        0.000000        0.000000
     H   15        0.000000        0.000000        0.000000

     C   16       -0.050153       -0.007982        0.000980
     C   16       -0.007982        0.136473        0.064004
     C   16        0.000980        0.064004       -0.086320

     C   17       -0.056541        0.073650        0.092293
     C   17        0.073650        0.027161        0.126227
     C   17        0.092293        0.126227        0.029380

     Cl  18        0.374945       -0.483947       -0.181840
     Cl  18       -0.483947        0.158966       -0.126172
     Cl  18       -0.181840       -0.126172       -0.533911

     H   19       -0.000000        0.000000        0.000000
     H   19        0.000000        0.000000        0.000000
     H   19        0.000000        0.000000        0.000000

     C   20       -0.106424       -0.020812       -0.019350
     C   20       -0.020812        0.259437        0.103228
     C   20       -0.019350        0.103228       -0.153013

     H   21       -0.000000        0.000000        0.000000
     H   21        0.000000        0.000000        0.000000
     H   21        0.000000        0.000000        0.000000

     C   22       -0.203443       -0.052961       -0.050627
     C   22       -0.052961        0.226844        0.096232
     C   22       -0.050627        0.096232       -0.023401

     C   23        0.134384        0.299017       -0.130683
     C   23        0.299017        0.002979        0.035102
     C   23       -0.130683        0.035102       -0.137362

     Cl  24        0.339667        2.126908        0.134124
     Cl  24        2.126908        1.054690        0.385236
     Cl  24        0.134124        0.385236       -1.394357

     ----- total EFG -----
     Cl   1       -0.636678       -0.501057        0.387882
     Cl   1       -0.501057       -0.801482       -0.422601
     Cl   1        0.387882       -0.422601        1.438160

     C    2        0.033923       -0.371322       -0.003656
     C    2       -0.371322        0.066912       -0.168894
     C    2       -0.003656       -0.168894       -0.100834

     C    3       -0.014059        0.093501       -0.344103
     C    3        0.093501        0.044909        0.012874
     C    3       -0.344103        0.012874       -0.030851

     H    4        0.322515       -0.140436        0.667931
     H    4       -0.140436       -0.175403        0.148796
     H    4        0.667931        0.148796       -0.147113

     C    5        0.570209        0.642825        0.262644
     C    5        0.642825       -0.484927       -0.019369
     C    5        0.262644       -0.019369       -0.085282

     H    6       -0.539013       -0.120159        0.009182
     H    6       -0.120159        0.412141        0.418407
     H    6        0.009182        0.418407        0.126872

     H    7       -0.501248       -0.112785        0.006125
     H    7       -0.112785        0.396489       -0.115637
     H    7        0.006125       -0.115637        0.104759

     C    8       -0.365472       -0.022744       -0.008639
     C    8       -0.022744        0.401484       -0.156690
     C    8       -0.008639       -0.156690       -0.036012

     H    9        0.211919       -0.324554        0.248697
     H    9       -0.324554       -0.425934       -0.350986
     H    9        0.248697       -0.350986        0.214015

     C   10        0.078736        0.631771       -0.233292
     C   10        0.631771        0.201477        0.195593
     C   10       -0.233292        0.195593       -0.280213

     C   11       -0.696877       -0.258047       -0.114058
     C   11       -0.258047        0.867853       -0.256871
     C   11       -0.114058       -0.256871       -0.170976

     Cl  12        0.156111        0.691155       -0.129490
     Cl  12        0.691155        2.664981        0.012004
     Cl  12       -0.129490        0.012004       -2.821092

     H   13       -0.130546        0.371587       -0.005664
     H   13        0.371587        0.429759        0.649593
     H   13       -0.005664        0.649593       -0.299213

     C   14       -0.144921        0.120357        0.262601
     C   14        0.120357        0.129297        0.397373
     C   14        0.262601        0.397373        0.015623

     H   15        0.464209        0.494390        0.257860
     H   15        0.494390       -0.644696        0.065958
     H   15        0.257860        0.065958        0.180486

     C   16        0.326745       -0.073168       -0.028941
     C   16       -0.073168       -0.213860       -0.027032
     C   16       -0.028941       -0.027032       -0.112885

     C   17       -0.507102        0.248992       -0.084568
     C   17        0.248992        0.249549        0.516091
     C   17       -0.084568        0.516091        0.257554

     Cl  18        0.789688       -0.717160       -0.470564
     Cl  18       -0.717160        0.375864       -0.569627
     Cl  18       -0.470564       -0.569627       -1.165552

     H   19       -0.153786        0.056656        0.215599
     H   19        0.056656        0.161091       -0.483358
     H   19        0.215599       -0.483358       -0.007305

     C   20        0.050839        0.013898        0.033210
     C   20        0.013898        0.444810        0.332345
     C   20        0.033210        0.332345       -0.495649

     H   21        0.239475        0.149789        0.277593
     H   21        0.149789       -0.251811        0.006694
     H   21        0.277593        0.006694        0.012336

     C   22       -0.633682       -0.248951       -0.059476
     C   22       -0.248951        0.640288        0.125270
     C   22       -0.059476        0.125270       -0.006605

     C   23        0.456176        0.811325       -0.339163
     C   23        0.811325       -0.041617        0.279350
     C   23       -0.339163        0.279350       -0.414560

     Cl  24        0.264524        2.131865        0.152333
     Cl  24        2.131865        1.145310        0.421389
     Cl  24        0.152333        0.421389       -1.409833

     ----- total EFG (symmetrized) -----
     Cl   1       -0.636678       -0.501057        0.387882
     Cl   1       -0.501057       -0.801482       -0.422601
     Cl   1        0.387882       -0.422601        1.438160

     C    2        0.033923       -0.371322       -0.003656
     C    2       -0.371322        0.066912       -0.168894
     C    2       -0.003656       -0.168894       -0.100834

     C    3       -0.014059        0.093501       -0.344103
     C    3        0.093501        0.044909        0.012874
     C    3       -0.344103        0.012874       -0.030851

     H    4        0.322515       -0.140436        0.667931
     H    4       -0.140436       -0.175403        0.148796
     H    4        0.667931        0.148796       -0.147113

     C    5        0.570209        0.642825        0.262644
     C    5        0.642825       -0.484927       -0.019369
     C    5        0.262644       -0.019369       -0.085282

     H    6       -0.539013       -0.120159        0.009182
     H    6       -0.120159        0.412141        0.418407
     H    6        0.009182        0.418407        0.126872

     H    7       -0.501248       -0.112785        0.006125
     H    7       -0.112785        0.396489       -0.115637
     H    7        0.006125       -0.115637        0.104759

     C    8       -0.365472       -0.022744       -0.008639
     C    8       -0.022744        0.401484       -0.156690
     C    8       -0.008639       -0.156690       -0.036012

     H    9        0.211919       -0.324554        0.248697
     H    9       -0.324554       -0.425934       -0.350986
     H    9        0.248697       -0.350986        0.214015

     C   10        0.078736        0.631771       -0.233292
     C   10        0.631771        0.201477        0.195593
     C   10       -0.233292        0.195593       -0.280213

     C   11       -0.696877       -0.258047       -0.114058
     C   11       -0.258047        0.867853       -0.256871
     C   11       -0.114058       -0.256871       -0.170976

     Cl  12        0.156111        0.691155       -0.129490
     Cl  12        0.691155        2.664981        0.012004
     Cl  12       -0.129490        0.012004       -2.821092

     H   13       -0.130546        0.371587       -0.005664
     H   13        0.371587        0.429759        0.649593
     H   13       -0.005664        0.649593       -0.299213

     C   14       -0.144921        0.120357        0.262601
     C   14        0.120357        0.129297        0.397373
     C   14        0.262601        0.397373        0.015623

     H   15        0.464209        0.494390        0.257860
     H   15        0.494390       -0.644696        0.065958
     H   15        0.257860        0.065958        0.180486

     C   16        0.326745       -0.073168       -0.028941
     C   16       -0.073168       -0.213860       -0.027032
     C   16       -0.028941       -0.027032       -0.112885

     C   17       -0.507102        0.248992       -0.084568
     C   17        0.248992        0.249549        0.516091
     C   17       -0.084568        0.516091        0.257554

     Cl  18        0.789688       -0.717160       -0.470564
     Cl  18       -0.717160        0.375864       -0.569627
     Cl  18       -0.470564       -0.569627       -1.165552

     H   19       -0.153786        0.056656        0.215599
     H   19        0.056656        0.161091       -0.483358
     H   19        0.215599       -0.483358       -0.007305

     C   20        0.050839        0.013898        0.033210
     C   20        0.013898        0.444810        0.332345
     C   20        0.033210        0.332345       -0.495649

     H   21        0.239475        0.149789        0.277593
     H   21        0.149789       -0.251811        0.006694
     H   21        0.277593        0.006694        0.012336

     C   22       -0.633682       -0.248951       -0.059476
     C   22       -0.248951        0.640288        0.125270
     C   22       -0.059476        0.125270       -0.006605

     C   23        0.456176        0.811325       -0.339163
     C   23        0.811325       -0.041617        0.279350
     C   23       -0.339163        0.279350       -0.414560

     Cl  24        0.264524        2.131865        0.152333
     Cl  24        2.131865        1.145310        0.421389
     Cl  24        0.152333        0.421389       -1.409833


     NQR/NMR SPECTROSCOPIC PARAMETERS:
     Cl   1    Vxx=   -0.3881    axis=( -0.744052  0.598694  0.296568)
     Cl   1    Vyy=   -1.2290    axis=(  0.633903  0.772820  0.030262)
     Cl   1    Vzz=    1.6171    axis=(  0.211076 -0.210512  0.954532)
     Cl   1  Q=        -8.1650 1e-30 m^2  Cq=       -31.0239 MHz  eta= 0.52000

     C    2    Vxx=   -0.0724    axis=( -0.452590 -0.138313  0.880926)
     C    2    Vyy=   -0.3766    axis=(  0.611067  0.671370  0.419356)
     C    2    Vzz=    0.4490    axis=(  0.649430 -0.728101  0.219337)
     C    2  Q=         1.0000 1e-30 m^2  Cq=         1.0550 MHz  eta= 0.67733

     C    3    Vxx=    0.0462    axis=( -0.023489  0.963695  0.265972)
     C    3    Vyy=    0.3337    axis=( -0.715772 -0.201946  0.668497)
     C    3    Vzz=   -0.3799    axis=(  0.697939 -0.174673  0.694529)
     C    3  Q=         1.0000 1e-30 m^2  Cq=        -0.8926 MHz  eta= 0.75685

     H    4    Vxx=   -0.0978    axis=(  0.184557 -0.931958 -0.312078)
     H    4    Vyy=   -0.6988    axis=(  0.544650  0.361299 -0.756849)
     H    4    Vzz=    0.7966    axis=(  0.818105 -0.030291  0.574271)
     H    4  Q=         1.0000 1e-30 m^2  Cq=         1.8716 MHz  eta= 0.75453

     C    5    Vxx=   -0.1135    axis=( -0.122136 -0.261309  0.957497)
     C    5    Vyy=   -0.8131    axis=( -0.442664  0.877796  0.183093)
     C    5    Vzz=    0.9266    axis=( -0.888331 -0.401487 -0.222882)
     C    5  Q=         1.0000 1e-30 m^2  Cq=         2.1772 MHz  eta= 0.75503

     H    6    Vxx=   -0.1572    axis=(  0.193851 -0.554025  0.809616)
     H    6    Vyy=   -0.5611    axis=(  0.978262  0.171128 -0.117127)
     H    6    Vzz=    0.7184    axis=( -0.073656  0.814722  0.575155)
     H    6  Q=         1.0000 1e-30 m^2  Cq=         1.6879 MHz  eta= 0.56221

     H    7    Vxx=    0.0661    axis=( -0.052185  0.314002  0.947987)
     H    7    Vyy=    0.4492    axis=( -0.113742  0.941234 -0.318026)
     H    7    Vzz=   -0.5153    axis=( -0.992139 -0.124422 -0.013403)
     H    7  Q=         1.0000 1e-30 m^2  Cq=        -1.2108 MHz  eta= 0.74338

     C    8    Vxx=   -0.0855    axis=( -0.054017  0.303546  0.951284)
     C    8    Vyy=   -0.3667    axis=( -0.998269 -0.038604 -0.044366)
     C    8    Vzz=    0.4523    axis=(  0.023256 -0.952034  0.305106)
     C    8  Q=         1.0000 1e-30 m^2  Cq=         1.0626 MHz  eta= 0.62181

     H    9    Vxx=   -0.0354    axis=( -0.722408 -0.020802  0.691154)
     H    9    Vyy=   -0.6346    axis=( -0.262601 -0.916407 -0.302057)
     H    9    Vzz=    0.6700    axis=(  0.639662 -0.399706  0.656557)
     H    9  Q=         1.0000 1e-30 m^2  Cq=         1.5742 MHz  eta= 0.89443

     C   10    Vxx=   -0.0650    axis=( -0.420072  0.396922  0.816084)
     C   10    Vyy=   -0.7100    axis=( -0.607493  0.545062 -0.577806)
     C   10    Vzz=    0.7750    axis=( -0.674160 -0.738485  0.012162)
     C   10  Q=         1.0000 1e-30 m^2  Cq=         1.8209 MHz  eta= 0.83227

     C   11    Vxx=   -0.1798    axis=( -0.288301  0.160446  0.944002)
     C   11    Vyy=   -0.7792    axis=(  0.947723  0.188621  0.257379)
     C   11    Vzz=    0.9590    axis=( -0.136763  0.968855 -0.206438)
     C   11  Q=         1.0000 1e-30 m^2  Cq=         2.2533 MHz  eta= 0.62503

     Cl  12    Vxx=   -0.0158    axis=( -0.967372  0.249200  0.045720)
     Cl  12    Vyy=   -2.8270    axis=(  0.045185 -0.007870  0.998948)
     Cl  12    Vzz=    2.8429    axis=(  0.249298  0.968420 -0.003647)
     Cl  12  Q=        -8.1650 1e-30 m^2  Cq=       -54.5388 MHz  eta= 0.98887

     H   13    Vxx=   -0.1626    axis=(  0.896008 -0.083899 -0.436039)
     H   13    Vyy=   -0.7469    axis=( -0.329048  0.533913 -0.778886)
     H   13    Vzz=    0.9095    axis=(  0.298155  0.841366  0.450784)
     H   13  Q=         1.0000 1e-30 m^2  Cq=         2.1369 MHz  eta= 0.64247

     C   14    Vxx=   -0.1656    axis=(  0.765936 -0.605157  0.217087)
     C   14    Vyy=   -0.4069    axis=( -0.538890 -0.420149  0.730118)
     C   14    Vzz=    0.5725    axis=(  0.350627  0.676209  0.647921)
     C   14  Q=         1.0000 1e-30 m^2  Cq=         1.3450 MHz  eta= 0.42149

     H   15    Vxx=    0.0629    axis=( -0.371233 -0.174359  0.912022)
     H   15    Vyy=    0.7711    axis=(  0.855444  0.317763  0.408953)
     H   15    Vzz=   -0.8340    axis=( -0.361112  0.932001  0.031190)
     H   15  Q=         1.0000 1e-30 m^2  Cq=        -1.9597 MHz  eta= 0.84913

     C   16    Vxx=   -0.1063    axis=( -0.021106  0.257216 -0.966123)
     C   16    Vyy=   -0.2316    axis=(  0.138581  0.957763  0.251962)
     C   16    Vzz=    0.3379    axis=(  0.990126 -0.128568 -0.055860)
     C   16  Q=         1.0000 1e-30 m^2  Cq=         0.7939 MHz  eta= 0.37066

     C   17    Vxx=   -0.1227    axis=( -0.508199 -0.563294  0.651486)
     C   17    Vyy=   -0.6577    axis=( -0.856198  0.412171 -0.311513)
     C   17    Vzz=    0.7804    axis=( -0.093050 -0.716111 -0.691756)
     C   17  Q=         1.0000 1e-30 m^2  Cq=         1.8337 MHz  eta= 0.68555

     Cl  18    Vxx=    0.2272    axis=(  0.519812  0.714724 -0.467937)
     Cl  18    Vyy=    1.3297    axis=( -0.803689  0.594840  0.015770)
     Cl  18    Vzz=   -1.5569    axis=(  0.289619  0.367879  0.883621)
     Cl  18  Q=        -8.1650 1e-30 m^2  Cq=        29.8691 MHz  eta= 0.70812

     H   19    Vxx=   -0.0552    axis=(  0.864123  0.413811  0.286446)
     H   19    Vyy=   -0.5255    axis=(  0.484502 -0.529975 -0.695977)
     H   19    Vzz=    0.5806    axis=(  0.136194 -0.740193  0.658456)
     H   19  Q=         1.0000 1e-30 m^2  Cq=         1.3643 MHz  eta= 0.80992

     C   20    Vxx=    0.0509    axis=(  0.998032 -0.057089  0.025929)
     C   20    Vyy=    0.5515    axis=(  0.046552  0.951685  0.303526)
     C   20    Vzz=   -0.6024    axis=( -0.042004 -0.301722  0.952470)
     C   20  Q=         1.0000 1e-30 m^2  Cq=        -1.4154 MHz  eta= 0.83099

     H   21    Vxx=   -0.1330    axis=( -0.402407 -0.462931  0.789787)
     H   21    Vyy=   -0.3165    axis=(  0.388693 -0.867495 -0.310435)
     H   21    Vzz=    0.4496    axis=(  0.828846  0.182063  0.529025)
     H   21  Q=         1.0000 1e-30 m^2  Cq=         1.0563 MHz  eta= 0.40819

     C   22    Vxx=   -0.0298    axis=( -0.018231 -0.190276  0.981561)
     C   22    Vyy=   -0.6825    axis=( -0.982262 -0.179837 -0.053106)
     C   22    Vzz=    0.7123    axis=(  0.186626 -0.965118 -0.183622)
     C   22  Q=         1.0000 1e-30 m^2  Cq=         1.6735 MHz  eta= 0.91637

     C   23    Vxx=   -0.0931    axis=( -0.305086  0.535692  0.787373)
     C   23    Vyy=   -0.9711    axis=( -0.495799  0.616559 -0.611587)
     C   23    Vzz=    1.0642    axis=( -0.813084 -0.576965  0.077492)
     C   23  Q=         1.0000 1e-30 m^2  Cq=         2.5005 MHz  eta= 0.82506

     Cl  24    Vxx=   -1.3139    axis=( -0.574844  0.373586  0.728003)
     Cl  24    Vyy=   -1.6092    axis=( -0.526944  0.511642 -0.678640)
     Cl  24    Vzz=    2.9231    axis=(  0.626007  0.773729  0.097255)
     Cl  24  Q=        -8.1650 1e-30 m^2  Cq=       -56.0786 MHz  eta= 0.10105

     Initialization:
     gipaw_setup  :      9.16s CPU     10.81s WALL (       1 calls)

     Linear response

     Apply operators

     Induced current

     Other routines
     efg          :      9.42s CPU     11.87s WALL (       1 calls)

     General routines
     calbec       :      3.15s CPU      4.14s WALL (      16 calls)
     fft          :      1.58s CPU      2.30s WALL (      15 calls)
     ffts         :      0.04s CPU      0.04s WALL (       2 calls)
     fftw         :      3.50s CPU      4.27s WALL (     672 calls)
     davcio       :      0.02s CPU      0.34s WALL (      32 calls)

     Parallel routines
     fft_scatter  :      2.30s CPU      3.73s WALL (     689 calls)

     Plugins

     GIPAW        :     60.63s CPU     71.81s WALL (       1 calls)
