
     Program QE v.6.0 (svn rev. 13079) starts on  2Jan2017 at  1:18: 2 

     This program is part of the open-source Quantum ESPRESSO suite
     for quantum simulation of materials; please cite
         "P. Giannozzi et al., J. Phys.:Condens. Matter 21 395502 (2009);
          URL http://www.quantum-espresso.org", 
     in publications or presentations arising from this work. More details at
     http://www.quantum-espresso.org/quote

     Parallel version (MPI), running on     8 processors
     R & G space division:  proc/nbgrp/npool/nimage =       8

     ***** This is GIPAW svn revision unknown      *****

     Parallelizing q-star over 1 images

     Reading data from directory:
     /users/majewski/paradichlorobenzene/pbe/9_constraint/scratch/pbe.ecut100.np8.dt60.pcl2phi-129368.save
     Message from routine read_xml_file:
     file /users/majewski/paradichlorobenzene/pbe/9_constraint/scratch/pbe.ecut100.np8.dt60.pcl2phi-129368.save not guaranteed to be safe for post-processing

   Info: using nr1, nr2, nr3 values from input

   Info: using nr1, nr2, nr3 values from input

     IMPORTANT: XC functional enforced from input :
     Exchange-correlation      =  SLA  PW   PBX  PBC ( 1  4  3  4 0 0)
     Any further DFT definition will be discarded
     Please, verify this is what you really want

               file C.pbe-n-kjpaw_psl.1.0.0.UPF: wavefunction(s)  2S 2P renormalized
               file Cl.pbe-n-kjpaw_psl.1.0.0.UPF: wavefunction(s)  3S 3P renormalized
               file H.pbe-kjpaw_psl.1.0.0.UPF: wavefunction(s)  1S renormalized

     Parallelization info
     --------------------
     sticks:   dense  smooth     PW     G-vecs:    dense   smooth      PW
     Min        3057    1223    332               144436    36536    5170
     Max        3059    1225    333               144437    36537    5171
     Sum       24467    9791   2657              1155489   292295   41363


     Subspace diagonalization in iterative solution of the eigenvalue problem:
     a serial algorithm will be used

     GIPAW projectors -----------------------------------------------
     atom=  C    l=0  rc=    1.2000  rs=    0.8000
     atom=  C    l=0  rc=    1.2000  rs=    0.8000
     atom=  C    l=1  rc=    1.4000  rs=    0.9333
     atom=  C    l=1  rc=    1.4000  rs=    0.9333
     projs nearly linearly dependent: l=1  n1,n2= 1, 2  s=  0.99951561

     atom=  Cl   l=0  rc=    1.6000  rs=    1.0667
     atom=  Cl   l=0  rc=    1.6000  rs=    1.0667
     atom=  Cl   l=1  rc=    1.6000  rs=    1.0667
     atom=  Cl   l=1  rc=    1.6000  rs=    1.0667
     atom=  Cl   l=2  rc=    1.6000  rs=    1.0667
     atom=  Cl   l=2  rc=    1.6000  rs=    1.0667
     projs nearly linearly dependent: l=2  n1,n2= 1, 2  s=  0.99993509

     atom=  H    l=0  rc=    1.0000  rs=    0.6667
     atom=  H    l=0  rc=    1.0000  rs=    0.6667
     projs nearly linearly dependent: l=0  n1,n2= 1, 2  s=  0.99968852
     -----------------------------------------------------------------

     GIPAW integrals: -------------------------------------------
     Atom  i/j   nmr_para   nmr_dia   epr_rmc  epr_para   epr_dia
       C   1 1   0.83E+03  0.17E-01  0.93E+01  0.24E+08  0.24E+03
       C   2 1   0.86E+03 -0.61E-01  0.94E+01  0.25E+08  0.25E+03
       C   2 2   0.90E+03 -0.15E+00  0.97E+01  0.26E+08  0.26E+03
       C   3 3   0.33E+01  0.34E+00  0.18E+01  0.55E+03  0.21E+02
       C   4 3   0.35E+01  0.37E+00  0.20E+01  0.59E+03  0.22E+02
       C   4 4   0.38E+01  0.39E+00  0.22E+01  0.63E+03  0.24E+02
       Cl  1 1   0.14E+04 -0.47E+00  0.84E+01  0.32E+09  0.42E+03
       Cl  2 1   0.21E+04 -0.37E+00  0.12E+02  0.49E+09  0.65E+03
       Cl  2 2   0.33E+04 -0.16E+00  0.21E+02  0.76E+09  0.10E+04
       Cl  3 3   0.21E+02  0.79E-01  0.89E+01  0.23E+05  0.13E+03
       Cl  4 3   0.24E+02  0.67E-01  0.99E+01  0.27E+05  0.15E+03
       Cl  4 4   0.28E+02  0.44E-01  0.11E+02  0.32E+05  0.18E+03
       Cl  5 5   0.77E+00  0.19E+00  0.18E+01  0.12E+03  0.22E+02
       Cl  6 5   0.80E+00  0.19E+00  0.19E+01  0.12E+03  0.23E+02
       Cl  6 6   0.83E+00  0.20E+00  0.19E+01  0.12E+03  0.23E+02
       H   1 1   0.39E+02  0.19E+00  0.29E+00  0.78E+05  0.13E+02
       H   2 1   0.41E+02  0.21E+00  0.32E+00  0.82E+05  0.14E+02
       H   2 2   0.43E+02  0.22E+00  0.36E+00  0.86E+05  0.15E+02
     ------------------------------------------------------------

     alpha_pv=     34.2039 eV

     Number of occupied bands for each k-point:
     k-point:     1    nbnd_occ=  42
     k-point:     2    nbnd_occ=  42
     k-point:     3    nbnd_occ=  42
     k-point:     4    nbnd_occ=  42
     k-point:     5    nbnd_occ=  42
     k-point:     6    nbnd_occ=  42
     k-point:     7    nbnd_occ=  42
     k-point:     8    nbnd_occ=  42
     k-point:     9    nbnd_occ=  42
     k-point:    10    nbnd_occ=  42
     k-point:    11    nbnd_occ=  42
     k-point:    12    nbnd_occ=  42
     k-point:    13    nbnd_occ=  42
     k-point:    14    nbnd_occ=  42
     k-point:    15    nbnd_occ=  42
     k-point:    16    nbnd_occ=  42


     q-space interpolation up to   110.00 Rydberg

     GIPAW job: efg                                                                             


     ELECTRIC FIELD GRADIENTS TENSORS IN Hartree/bohrradius^2:

     ----- bare term -----
     Cl   1        0.089455       -0.046307        0.026557
     Cl   1       -0.046307       -0.022485        0.015934
     Cl   1        0.026557        0.015934       -0.066970

     C    2        0.030649        0.374274       -0.078664
     C    2        0.374274       -0.336787       -0.476657
     C    2       -0.078664       -0.476657        0.306138

     C    3       -0.254866        0.211552       -0.288305
     C    3        0.211552       -0.029503       -0.319092
     C    3       -0.288305       -0.319092        0.284369

     H    4       -0.158777       -0.425115       -0.458994
     H    4       -0.425115        0.015508       -0.387753
     H    4       -0.458994       -0.387753        0.143270

     C    5       -0.166583        0.394063       -0.008329
     C    5        0.394063       -0.373495       -0.408370
     C    5       -0.008329       -0.408370        0.540078

     H    6        0.338604       -0.131091       -0.307145
     H    6       -0.131091       -0.099085       -0.505566
     H    6       -0.307145       -0.505566       -0.239518

     H    7        0.313233        0.265964       -0.261391
     H    7        0.265964       -0.265901        0.585256
     H    7       -0.261391        0.585256       -0.047332

     C    8       -0.011099       -0.497655        0.095657
     C    8       -0.497655       -0.480963        0.325340
     C    8        0.095657        0.325340        0.492062

     H    9       -0.415566        0.113115       -0.616257
     H    9        0.113115        0.408789        0.116826
     H    9       -0.616257        0.116826        0.006778

     C   10       -0.377339       -0.202821       -0.250476
     C   10       -0.202821       -0.044893        0.309754
     C   10       -0.250476        0.309754        0.422232

     C   11       -0.055338       -0.295623       -0.042321
     C   11       -0.295623       -0.489188        0.425459
     C   11       -0.042321        0.425459        0.544526

     Cl  12        0.031540        0.081129        0.000993
     Cl  12        0.081129       -0.008107        0.015190
     Cl  12        0.000993        0.015190       -0.023433

     H   13        0.406390       -0.056122        0.185740
     H   13       -0.056122       -0.155932       -0.399274
     H   13        0.185740       -0.399274       -0.250458

     C   14       -0.468727        0.340117       -0.481307
     C   14        0.340117        0.222408       -0.318698
     C   14       -0.481307       -0.318698        0.246319

     H   15       -0.435625       -0.207381       -0.546205
     H   15       -0.207381        0.312870       -0.202048
     H   15       -0.546205       -0.202048        0.122756

     C   16        0.002358        0.497088       -0.006303
     C   16        0.497088       -0.463077       -0.505356
     C   16       -0.006303       -0.505356        0.460719

     C   17       -0.392410       -0.167073       -0.252294
     C   17       -0.167073       -0.072340       -0.521417
     C   17       -0.252294       -0.521417        0.464750

     Cl  18        0.159535        0.104584        0.103511
     Cl  18        0.104584        0.105492        0.336589
     Cl  18        0.103511        0.336589       -0.265027

     H   19        0.250852        0.358293        0.211578
     H   19        0.358293       -0.498898        0.093896
     H   19        0.211578        0.093896        0.248046

     C   20       -0.733598       -0.254702       -0.447240
     C   20       -0.254702        0.049211        0.068759
     C   20       -0.447240        0.068759        0.684388

     H   21       -0.528741        0.097241       -0.236266
     H   21        0.097241        0.352453        0.330652
     H   21       -0.236266        0.330652        0.176288

     C   22       -0.005452       -0.317426       -0.010421
     C   22       -0.317426       -0.613847        0.391558
     C   22       -0.010421        0.391558        0.619299

     C   23       -0.620634       -0.121266       -0.247110
     C   23       -0.121266        0.132893        0.127124
     C   23       -0.247110        0.127124        0.487741

     Cl  24       -0.139412       -0.083709        0.091061
     Cl  24       -0.083709       -0.109424       -0.066567
     Cl  24        0.091061       -0.066567        0.248836

     ----- ionic term -----
     Cl   1        0.105662       -0.212824        0.003810
     Cl   1       -0.212824        0.029163       -0.002072
     Cl   1        0.003810       -0.002072       -0.134824

     C    2        0.154748       -0.203398        0.268987
     C    2       -0.203398        0.093411        0.376633
     C    2        0.268987        0.376633       -0.248159

     C    3        0.153441       -0.145401        0.153939
     C    3       -0.145401        0.133799        0.434121
     C    3        0.153939        0.434121       -0.287240

     H    4        0.421147        0.453298        0.642674
     H    4        0.453298       -0.310899        0.364058
     H    4        0.642674        0.364058       -0.110248

     C    5        0.356169       -0.091456        0.201433
     C    5       -0.091456       -0.026572        0.344351
     C    5        0.201433        0.344351       -0.329598

     H    6       -0.492675        0.125132        0.076977
     H    6        0.125132        0.568163        0.754512
     H    6        0.076977        0.754512       -0.075488

     H    7       -0.519880       -0.104766        0.067592
     H    7       -0.104766        0.677971       -0.690935
     H    7        0.067592       -0.690935       -0.158091

     C    8        0.266127        0.182234        0.226984
     C    8        0.182234        0.089695       -0.310021
     C    8        0.226984       -0.310021       -0.355822

     H    9        0.611446       -0.217363        0.684035
     H    9       -0.217363       -0.471504       -0.205132
     H    9        0.684035       -0.205132       -0.139942

     C   10        0.134784        0.246347        0.164767
     C   10        0.246347        0.223083       -0.379422
     C   10        0.164767       -0.379422       -0.357867

     C   11        0.180663        0.188234        0.179880
     C   11        0.188234        0.183718       -0.370571
     C   11        0.179880       -0.370571       -0.364382

     Cl  12        0.104257        0.206450       -0.023268
     Cl  12        0.206450        0.029193       -0.018403
     Cl  12       -0.023268       -0.018403       -0.133449

     H   13       -0.525421        0.036899        0.055784
     H   13        0.036899        0.501167        0.779097
     H   13        0.055784        0.779097        0.024255

     C   14        0.296242       -0.252399        0.204018
     C   14       -0.252399       -0.071322        0.334284
     C   14        0.204018        0.334284       -0.224919

     H   15        0.583229        0.268265        0.685962
     H   15        0.268265       -0.493799        0.238160
     H   15        0.685962        0.238160       -0.089430

     C   16        0.190319       -0.270868        0.108040
     C   16       -0.270868       -0.007006        0.464966
     C   16        0.108040        0.464966       -0.183313

     C   17        0.268772       -0.107778        0.124471
     C   17       -0.107778       -0.070423        0.497790
     C   17        0.124471        0.497790       -0.198349

     Cl  18        0.181992       -0.183860       -0.044412
     Cl  18       -0.183860       -0.068383        0.024558
     Cl  18       -0.044412        0.024558       -0.113609

     H   19       -0.453522       -0.290220        0.122783
     H   19       -0.290220        0.808683       -0.538150
     H   19        0.122783       -0.538150       -0.355161

     C   20        0.295539        0.207189        0.213298
     C   20        0.207189        0.146171       -0.249222
     C   20        0.213298       -0.249222       -0.441710

     H   21        0.667786       -0.247997        0.673987
     H   21       -0.247997       -0.436261       -0.207524
     H   21        0.673987       -0.207524       -0.231525

     C   22        0.161795        0.269197        0.185519
     C   22        0.269197        0.233424       -0.369448
     C   22        0.185519       -0.369448       -0.395219

     C   23        0.247407        0.152476        0.256949
     C   23        0.152476        0.115310       -0.376722
     C   23        0.256949       -0.376722       -0.362716

     Cl  24        0.163204        0.223450        0.004729
     Cl  24        0.223450       -0.005914       -0.006139
     Cl  24        0.004729       -0.006139       -0.157290

     ----- GIPAW term -----
     Cl   1        2.053844       -2.359188        0.264986
     Cl   1       -2.359188       -0.172130        0.080415
     Cl   1        0.264986        0.080415       -1.881714

     C    2        0.154830        0.041345        0.074484
     C    2        0.041345       -0.081755       -0.018373
     C    2        0.074484       -0.018373       -0.073076

     C    3        0.049386        0.115327        0.037269
     C    3        0.115327       -0.032287        0.011788
     C    3        0.037269        0.011788       -0.017099

     H    4       -0.000000        0.000000        0.000000
     H    4        0.000000        0.000000        0.000000
     H    4        0.000000        0.000000        0.000000

     C    5       -0.007542        0.076926        0.134077
     C    5        0.076926       -0.183551       -0.066599
     C    5        0.134077       -0.066599        0.191093

     H    6       -0.000000        0.000000        0.000000
     H    6        0.000000        0.000000        0.000000
     H    6        0.000000        0.000000        0.000000

     H    7       -0.000000        0.000000        0.000000
     H    7        0.000000        0.000000        0.000000
     H    7        0.000000        0.000000        0.000000

     C    8        0.010509       -0.161910        0.178602
     C    8       -0.161910       -0.160417       -0.065146
     C    8        0.178602       -0.065146        0.149908

     H    9       -0.000000        0.000000        0.000000
     H    9        0.000000        0.000000        0.000000
     H    9        0.000000        0.000000        0.000000

     C   10       -0.069873       -0.061766        0.058450
     C   10       -0.061766       -0.040859       -0.015903
     C   10        0.058450       -0.015903        0.110732

     C   11        0.017519        0.036962        0.131501
     C   11        0.036962       -0.178860        0.017717
     C   11        0.131501        0.017717        0.161341

     Cl  12        1.578708        2.710076        0.054175
     Cl  12        2.710076        0.018531        0.157490
     Cl  12        0.054175        0.157490       -1.597240

     H   13       -0.000000        0.000000        0.000000
     H   13        0.000000        0.000000        0.000000
     H   13        0.000000        0.000000        0.000000

     C   14       -0.025501        0.182959       -0.113992
     C   14        0.182959        0.081696       -0.084741
     C   14       -0.113992       -0.084741       -0.056196

     H   15       -0.000000        0.000000        0.000000
     H   15        0.000000        0.000000        0.000000
     H   15        0.000000        0.000000        0.000000

     C   16        0.045679        0.122960        0.087830
     C   16        0.122960       -0.116077       -0.033695
     C   16        0.087830       -0.033695        0.070398

     C   17       -0.105634       -0.141673        0.038433
     C   17       -0.141673       -0.102348       -0.147880
     C   17        0.038433       -0.147880        0.207982

     Cl  18       -0.227628       -0.282745       -0.494996
     Cl  18       -0.282745       -0.365186       -0.671094
     Cl  18       -0.494996       -0.671094        0.592814

     H   19       -0.000000        0.000000        0.000000
     H   19        0.000000        0.000000        0.000000
     H   19        0.000000        0.000000        0.000000

     C   20       -0.206517       -0.016967       -0.114379
     C   20       -0.016967       -0.071967       -0.094658
     C   20       -0.114379       -0.094658        0.278485

     H   21       -0.000000        0.000000        0.000000
     H   21        0.000000        0.000000        0.000000
     H   21        0.000000        0.000000        0.000000

     C   22       -0.107580       -0.047938        0.049854
     C   22       -0.047938       -0.165238       -0.097620
     C   22        0.049854       -0.097620        0.272818

     C   23       -0.103313       -0.006175        0.116124
     C   23       -0.006175       -0.026944       -0.153389
     C   23        0.116124       -0.153389        0.130257

     Cl  24       -0.063102        1.429907        0.963969
     Cl  24        1.429907       -1.156562       -0.749315
     Cl  24        0.963969       -0.749315        1.219664

     ----- total EFG -----
     Cl   1        2.248960       -2.618319        0.295352
     Cl   1       -2.618319       -0.165452        0.094277
     Cl   1        0.295352        0.094277       -2.083508

     C    2        0.340228        0.212222        0.264807
     C    2        0.212222       -0.325131       -0.118397
     C    2        0.264807       -0.118397       -0.015097

     C    3       -0.052039        0.181478       -0.097097
     C    3        0.181478        0.072009        0.126818
     C    3       -0.097097        0.126818       -0.019970

     H    4        0.262369        0.028183        0.183680
     H    4        0.028183       -0.295391       -0.023695
     H    4        0.183680       -0.023695        0.033022

     C    5        0.182045        0.379533        0.327180
     C    5        0.379533       -0.583618       -0.130618
     C    5        0.327180       -0.130618        0.401574

     H    6       -0.154071       -0.005959       -0.230168
     H    6       -0.005959        0.469078        0.248947
     H    6       -0.230168        0.248947       -0.315007

     H    7       -0.206647        0.161198       -0.193799
     H    7        0.161198        0.412071       -0.105678
     H    7       -0.193799       -0.105678       -0.205423

     C    8        0.265537       -0.477331        0.501242
     C    8       -0.477331       -0.551685       -0.049826
     C    8        0.501242       -0.049826        0.286148

     H    9        0.195880       -0.104249        0.067778
     H    9       -0.104249       -0.062716       -0.088306
     H    9        0.067778       -0.088306       -0.133165

     C   10       -0.312428       -0.018240       -0.027259
     C   10       -0.018240        0.137332       -0.085570
     C   10       -0.027259       -0.085570        0.175096

     C   11        0.142845       -0.070427        0.269060
     C   11       -0.070427       -0.484330        0.072606
     C   11        0.269060        0.072606        0.341486

     Cl  12        1.714505        2.997655        0.031900
     Cl  12        2.997655        0.039617        0.154276
     Cl  12        0.031900        0.154276       -1.754122

     H   13       -0.119031       -0.019223        0.241524
     H   13       -0.019223        0.345234        0.379823
     H   13        0.241524        0.379823       -0.226203

     C   14       -0.197986        0.270677       -0.391280
     C   14        0.270677        0.232782       -0.069155
     C   14       -0.391280       -0.069155       -0.034796

     H   15        0.147604        0.060883        0.139758
     H   15        0.060883       -0.180929        0.036113
     H   15        0.139758        0.036113        0.033325

     C   16        0.238357        0.349180        0.189567
     C   16        0.349180       -0.586159       -0.074085
     C   16        0.189567       -0.074085        0.347803

     C   17       -0.229272       -0.416525       -0.089391
     C   17       -0.416525       -0.245111       -0.171507
     C   17       -0.089391       -0.171507        0.474384

     Cl  18        0.113900       -0.362021       -0.435896
     Cl  18       -0.362021       -0.328077       -0.309947
     Cl  18       -0.435896       -0.309947        0.214177

     H   19       -0.202670        0.068073        0.334361
     H   19        0.068073        0.309785       -0.444254
     H   19        0.334361       -0.444254       -0.107115

     C   20       -0.644576       -0.064480       -0.348321
     C   20       -0.064480        0.123414       -0.275121
     C   20       -0.348321       -0.275121        0.521162

     H   21        0.139044       -0.150756        0.437721
     H   21       -0.150756       -0.083808        0.123127
     H   21        0.437721        0.123127       -0.055236

     C   22        0.048762       -0.096167        0.224952
     C   22       -0.096167       -0.545660       -0.075511
     C   22        0.224952       -0.075511        0.496898

     C   23       -0.476541        0.025035        0.125964
     C   23        0.025035        0.221258       -0.402987
     C   23        0.125964       -0.402987        0.255282

     Cl  24       -0.039310        1.569648        1.059759
     Cl  24        1.569648       -1.271900       -0.822021
     Cl  24        1.059759       -0.822021        1.311210

     ----- total EFG (symmetrized) -----
     Cl   1        2.248960       -2.618319        0.295352
     Cl   1       -2.618319       -0.165452        0.094277
     Cl   1        0.295352        0.094277       -2.083508

     C    2        0.340228        0.212222        0.264807
     C    2        0.212222       -0.325131       -0.118397
     C    2        0.264807       -0.118397       -0.015097

     C    3       -0.052039        0.181478       -0.097097
     C    3        0.181478        0.072009        0.126818
     C    3       -0.097097        0.126818       -0.019970

     H    4        0.262369        0.028183        0.183680
     H    4        0.028183       -0.295391       -0.023695
     H    4        0.183680       -0.023695        0.033022

     C    5        0.182045        0.379533        0.327180
     C    5        0.379533       -0.583618       -0.130618
     C    5        0.327180       -0.130618        0.401574

     H    6       -0.154071       -0.005959       -0.230168
     H    6       -0.005959        0.469078        0.248947
     H    6       -0.230168        0.248947       -0.315007

     H    7       -0.206647        0.161198       -0.193799
     H    7        0.161198        0.412071       -0.105678
     H    7       -0.193799       -0.105678       -0.205423

     C    8        0.265537       -0.477331        0.501242
     C    8       -0.477331       -0.551685       -0.049826
     C    8        0.501242       -0.049826        0.286148

     H    9        0.195880       -0.104249        0.067778
     H    9       -0.104249       -0.062716       -0.088306
     H    9        0.067778       -0.088306       -0.133165

     C   10       -0.312428       -0.018240       -0.027259
     C   10       -0.018240        0.137332       -0.085570
     C   10       -0.027259       -0.085570        0.175096

     C   11        0.142845       -0.070427        0.269060
     C   11       -0.070427       -0.484330        0.072606
     C   11        0.269060        0.072606        0.341486

     Cl  12        1.714505        2.997655        0.031900
     Cl  12        2.997655        0.039617        0.154276
     Cl  12        0.031900        0.154276       -1.754122

     H   13       -0.119031       -0.019223        0.241524
     H   13       -0.019223        0.345234        0.379823
     H   13        0.241524        0.379823       -0.226203

     C   14       -0.197986        0.270677       -0.391280
     C   14        0.270677        0.232782       -0.069155
     C   14       -0.391280       -0.069155       -0.034796

     H   15        0.147604        0.060883        0.139758
     H   15        0.060883       -0.180929        0.036113
     H   15        0.139758        0.036113        0.033325

     C   16        0.238357        0.349180        0.189567
     C   16        0.349180       -0.586159       -0.074085
     C   16        0.189567       -0.074085        0.347803

     C   17       -0.229272       -0.416525       -0.089391
     C   17       -0.416525       -0.245111       -0.171507
     C   17       -0.089391       -0.171507        0.474384

     Cl  18        0.113900       -0.362021       -0.435896
     Cl  18       -0.362021       -0.328077       -0.309947
     Cl  18       -0.435896       -0.309947        0.214177

     H   19       -0.202670        0.068073        0.334361
     H   19        0.068073        0.309785       -0.444254
     H   19        0.334361       -0.444254       -0.107115

     C   20       -0.644576       -0.064480       -0.348321
     C   20       -0.064480        0.123414       -0.275121
     C   20       -0.348321       -0.275121        0.521162

     H   21        0.139044       -0.150756        0.437721
     H   21       -0.150756       -0.083808        0.123127
     H   21        0.437721        0.123127       -0.055236

     C   22        0.048762       -0.096167        0.224952
     C   22       -0.096167       -0.545660       -0.075511
     C   22        0.224952       -0.075511        0.496898

     C   23       -0.476541        0.025035        0.125964
     C   23        0.025035        0.221258       -0.402987
     C   23        0.125964       -0.402987        0.255282

     Cl  24       -0.039310        1.569648        1.059759
     Cl  24        1.569648       -1.271900       -0.822021
     Cl  24        1.059759       -0.822021        1.311210


     NQR/NMR SPECTROSCOPIC PARAMETERS:
     Cl   1    Vxx=   -1.6968    axis=(  0.445584  0.729953  0.518289)
     Cl   1    Vyy=   -2.2347    axis=( -0.302719 -0.421984  0.854571)
     Cl   1    Vzz=    3.9315    axis=(  0.842506 -0.537679  0.032942)
     Cl   1  Q=        -8.1650 1e-30 m^2  Cq=       -75.4237 MHz  eta= 0.13681

     C    2    Vxx=   -0.0296    axis=(  0.277614  0.522328 -0.806290)
     C    2    Vyy=   -0.4745    axis=(  0.354093 -0.835824 -0.419542)
     C    2    Vzz=    0.5040    axis=( -0.893056 -0.169031 -0.416989)
     C    2  Q=         1.0000 1e-30 m^2  Cq=         1.1843 MHz  eta= 0.88266

     C    3    Vxx=    0.0608    axis=( -0.574300  0.078998  0.814825)
     C    3    Vyy=    0.2142    axis=( -0.478918 -0.839660 -0.256142)
     C    3    Vzz=   -0.2750    axis=(  0.663941 -0.537337  0.520050)
     C    3  Q=         1.0000 1e-30 m^2  Cq=        -0.6461 MHz  eta= 0.55806

     H    4    Vxx=   -0.0637    axis=( -0.475799 -0.146599  0.867251)
     H    4    Vyy=   -0.3008    axis=( -0.088237  0.988994  0.118769)
     H    4    Vzz=    0.3645    axis=( -0.875117 -0.020014 -0.483497)
     H    4  Q=         1.0000 1e-30 m^2  Cq=         0.8564 MHz  eta= 0.65023

     C    5    Vxx=    0.1428    axis=( -0.657366 -0.451889  0.603047)
     C    5    Vyy=    0.6500    axis=(  0.628846  0.112005  0.769420)
     C    5    Vzz=   -0.7928    axis=( -0.415237  0.885015  0.210540)
     C    5  Q=         1.0000 1e-30 m^2  Cq=        -1.8627 MHz  eta= 0.63974

     H    6    Vxx=   -0.0286    axis=(  0.848553  0.244816 -0.469065)
     H    6    Vyy=   -0.5204    axis=( -0.518234  0.205734 -0.830124)
     H    6    Vzz=    0.5490    axis=( -0.106725  0.947491  0.301448)
     H    6  Q=         1.0000 1e-30 m^2  Cq=         1.2898 MHz  eta= 0.89596

     H    7    Vxx=   -0.0834    axis=(  0.628762 -0.352433 -0.693145)
     H    7    Vyy=   -0.4020    axis=(  0.725583 -0.054628  0.685963)
     H    7    Vzz=    0.4854    axis=( -0.279621 -0.934241  0.221371)
     H    7  Q=         1.0000 1e-30 m^2  Cq=         1.1404 MHz  eta= 0.65651

     C    8    Vxx=   -0.0777    axis=( -0.502849  0.427395  0.751316)
     C    8    Vyy=   -0.8011    axis=(  0.470187  0.864606 -0.177149)
     C    8    Vzz=    0.8787    axis=( -0.725305  0.264180 -0.635721)
     C    8  Q=         1.0000 1e-30 m^2  Cq=         2.0647 MHz  eta= 0.82322

     H    9    Vxx=   -0.0626    axis=(  0.433312  0.741583 -0.512148)
     H    9    Vyy=   -0.1930    axis=(  0.007735  0.565187  0.824926)
     H    9    Vzz=    0.2557    axis=(  0.901211 -0.361412  0.239167)
     H    9  Q=         1.0000 1e-30 m^2  Cq=         0.6007 MHz  eta= 0.50998

     C   10    Vxx=    0.0711    axis=( -0.081194  0.779888  0.620630)
     C   10    Vyy=    0.2440    axis=( -0.017835 -0.623723  0.781442)
     C   10    Vzz=   -0.3152    axis=( -0.996539 -0.052379 -0.064552)
     C   10  Q=         1.0000 1e-30 m^2  Cq=        -0.7405 MHz  eta= 0.54857

     C   11    Vxx=   -0.0233    axis=(  0.806299 -0.210237 -0.552886)
     C   11    Vyy=   -0.5061    axis=(  0.162151  0.977458 -0.135211)
     C   11    Vzz=    0.5293    axis=(  0.568849  0.019370  0.822214)
     C   11  Q=         1.0000 1e-30 m^2  Cq=         1.2438 MHz  eta= 0.91201

     Cl  12    Vxx=   -1.7351    axis=(  0.138747 -0.149249 -0.979017)
     Cl  12    Vyy=   -2.2568    axis=(  0.588913 -0.782357  0.202730)
     Cl  12    Vzz=    3.9919    axis=(  0.796197  0.604684  0.020655)
     Cl  12  Q=        -8.1650 1e-30 m^2  Cq=       -76.5835 MHz  eta= 0.13069

     H   13    Vxx=   -0.0098    axis=(  0.865813 -0.342943  0.364360)
     H   13    Vyy=   -0.5384    axis=(  0.478657  0.355497 -0.802813)
     H   13    Vzz=    0.5482    axis=(  0.145790  0.869489  0.471946)
     H   13  Q=         1.0000 1e-30 m^2  Cq=         1.2880 MHz  eta= 0.96433

     C   14    Vxx=    0.0578    axis=(  0.279575 -0.694375 -0.663085)
     C   14    Vyy=    0.4964    axis=( -0.541769 -0.684264  0.488128)
     C   14    Vzz=   -0.5542    axis=(  0.792669 -0.222770  0.567494)
     C   14  Q=         1.0000 1e-30 m^2  Cq=        -1.3021 MHz  eta= 0.79155

     H   15    Vxx=   -0.0604    axis=( -0.551618 -0.028883  0.833597)
     H   15    Vyy=   -0.1926    axis=(  0.149876 -0.986566  0.064995)
     H   15    Vzz=    0.2530    axis=(  0.820521  0.160789  0.548537)
     H   15  Q=         1.0000 1e-30 m^2  Cq=         0.5944 MHz  eta= 0.52240

     C   16    Vxx=    0.2144    axis=( -0.626448 -0.338234  0.702254)
     C   16    Vyy=    0.5170    axis=(  0.692460  0.172138  0.700620)
     C   16    Vzz=   -0.7313    axis=( -0.357857  0.925185  0.126378)
     C   16  Q=         1.0000 1e-30 m^2  Cq=        -1.7184 MHz  eta= 0.41373

     C   17    Vxx=    0.1702    axis=(  0.729318 -0.665043 -0.160663)
     C   17    Vyy=    0.5132    axis=(  0.009127 -0.225350  0.974235)
     C   17    Vzz=   -0.6835    axis=( -0.684114 -0.711994 -0.158282)
     C   17  Q=         1.0000 1e-30 m^2  Cq=        -1.6058 MHz  eta= 0.50183

     Cl  18    Vxx=    0.1757    axis=(  0.532096 -0.686899  0.495018)
     Cl  18    Vyy=    0.6029    axis=( -0.671160  0.014230  0.741176)
     Cl  18    Vzz=   -0.7787    axis=( -0.516158 -0.726613 -0.453447)
     Cl  18  Q=        -8.1650 1e-30 m^2  Cq=        14.9383 MHz  eta= 0.54866

     H   19    Vxx=    0.0197    axis=(  0.777953  0.464844  0.422740)
     H   19    Vyy=    0.6129    axis=(  0.167960 -0.802175  0.572980)
     H   19    Vzz=   -0.6326    axis=(  0.605457 -0.374748 -0.702129)
     H   19  Q=         1.0000 1e-30 m^2  Cq=        -1.4862 MHz  eta= 0.93772

     C   20    Vxx=    0.0403    axis=(  0.255355 -0.907290 -0.334094)
     C   20    Vyy=    0.7222    axis=(  0.210167  0.389376 -0.896781)
     C   20    Vzz=   -0.7625    axis=(  0.943729  0.158782  0.290111)
     C   20  Q=         1.0000 1e-30 m^2  Cq=        -1.7916 MHz  eta= 0.89442

     H   21    Vxx=    0.0016    axis=(  0.205379 -0.903693 -0.375711)
     H   21    Vyy=    0.4933    axis=( -0.787607  0.075261 -0.611564)
     H   21    Vzz=   -0.4950    axis=(  0.580943  0.421515 -0.696298)
     H   21  Q=         1.0000 1e-30 m^2  Cq=        -1.1630 MHz  eta= 0.99336

     C   22    Vxx=   -0.0379    axis=( -0.910051  0.113048  0.398783)
     C   22    Vyy=   -0.5624    axis=( -0.140689 -0.989220 -0.040637)
     C   22    Vzz=    0.6003    axis=(  0.389890 -0.093086  0.916145)
     C   22  Q=         1.0000 1e-30 m^2  Cq=         1.4105 MHz  eta= 0.87385

     C   23    Vxx=   -0.1334    axis=(  0.287781  0.709958  0.642761)
     C   23    Vyy=   -0.5131    axis=( -0.955406  0.166436  0.243924)
     C   23    Vzz=    0.6465    axis=(  0.066198 -0.684294  0.726195)
     C   23  Q=         1.0000 1e-30 m^2  Cq=         1.5190 MHz  eta= 0.58720

     Cl  24    Vxx=    0.8545    axis=(  0.663456  0.639748 -0.388007)
     Cl  24    Vyy=    1.8932    axis=(  0.491869  0.017852  0.870486)
     Cl  24    Vzz=   -2.7476    axis=(  0.563818 -0.768378 -0.302828)
     Cl  24  Q=        -8.1650 1e-30 m^2  Cq=        52.7121 MHz  eta= 0.37803

     Initialization:
     gipaw_setup  :      9.11s CPU     11.51s WALL (       1 calls)

     Linear response

     Apply operators

     Induced current

     Other routines
     efg          :      9.14s CPU     11.26s WALL (       1 calls)

     General routines
     calbec       :      3.22s CPU      4.06s WALL (      16 calls)
     fft          :      1.73s CPU      2.63s WALL (      15 calls)
     ffts         :      0.04s CPU      0.04s WALL (       2 calls)
     fftw         :      3.24s CPU      3.93s WALL (     672 calls)
     davcio       :      0.02s CPU      0.32s WALL (      32 calls)

     Parallel routines
     fft_scatter  :      2.29s CPU      3.67s WALL (     689 calls)

     Plugins

     GIPAW        :     60.42s CPU     73.53s WALL (       1 calls)
