
     Program QE v.6.0 (svn rev. 13079) starts on 31Dec2016 at 22: 2:41 

     This program is part of the open-source Quantum ESPRESSO suite
     for quantum simulation of materials; please cite
         "P. Giannozzi et al., J. Phys.:Condens. Matter 21 395502 (2009);
          URL http://www.quantum-espresso.org", 
     in publications or presentations arising from this work. More details at
     http://www.quantum-espresso.org/quote

     Parallel version (MPI), running on     8 processors
     R & G space division:  proc/nbgrp/npool/nimage =       8

     ***** This is GIPAW svn revision unknown      *****

     Parallelizing q-star over 1 images

     Reading data from directory:
     /users/majewski/paradichlorobenzene/pbe/9_constraint/scratch/pbe.ecut100.np8.dt60.pcl2phi-129368.save
     Message from routine read_xml_file:
     file /users/majewski/paradichlorobenzene/pbe/9_constraint/scratch/pbe.ecut100.np8.dt60.pcl2phi-129368.save not guaranteed to be safe for post-processing

   Info: using nr1, nr2, nr3 values from input

   Info: using nr1, nr2, nr3 values from input

     IMPORTANT: XC functional enforced from input :
     Exchange-correlation      =  SLA  PW   PBX  PBC ( 1  4  3  4 0 0)
     Any further DFT definition will be discarded
     Please, verify this is what you really want

               file C.pbe-n-kjpaw_psl.1.0.0.UPF: wavefunction(s)  2S 2P renormalized
               file Cl.pbe-n-kjpaw_psl.1.0.0.UPF: wavefunction(s)  3S 3P renormalized
               file H.pbe-kjpaw_psl.1.0.0.UPF: wavefunction(s)  1S renormalized

     Parallelization info
     --------------------
     sticks:   dense  smooth     PW     G-vecs:    dense   smooth      PW
     Min        3057    1223    332               144436    36536    5170
     Max        3059    1225    333               144437    36537    5171
     Sum       24467    9791   2657              1155489   292295   41363


     Subspace diagonalization in iterative solution of the eigenvalue problem:
     a serial algorithm will be used

     GIPAW projectors -----------------------------------------------
     atom=  C    l=0  rc=    1.2000  rs=    0.8000
     atom=  C    l=0  rc=    1.2000  rs=    0.8000
     atom=  C    l=1  rc=    1.4000  rs=    0.9333
     atom=  C    l=1  rc=    1.4000  rs=    0.9333
     projs nearly linearly dependent: l=1  n1,n2= 1, 2  s=  0.99951561

     atom=  Cl   l=0  rc=    1.6000  rs=    1.0667
     atom=  Cl   l=0  rc=    1.6000  rs=    1.0667
     atom=  Cl   l=1  rc=    1.6000  rs=    1.0667
     atom=  Cl   l=1  rc=    1.6000  rs=    1.0667
     atom=  Cl   l=2  rc=    1.6000  rs=    1.0667
     atom=  Cl   l=2  rc=    1.6000  rs=    1.0667
     projs nearly linearly dependent: l=2  n1,n2= 1, 2  s=  0.99993509

     atom=  H    l=0  rc=    1.0000  rs=    0.6667
     atom=  H    l=0  rc=    1.0000  rs=    0.6667
     projs nearly linearly dependent: l=0  n1,n2= 1, 2  s=  0.99968852
     -----------------------------------------------------------------

     GIPAW integrals: -------------------------------------------
     Atom  i/j   nmr_para   nmr_dia   epr_rmc  epr_para   epr_dia
       C   1 1   0.83E+03  0.17E-01  0.93E+01  0.24E+08  0.24E+03
       C   2 1   0.86E+03 -0.61E-01  0.94E+01  0.25E+08  0.25E+03
       C   2 2   0.90E+03 -0.15E+00  0.97E+01  0.26E+08  0.26E+03
       C   3 3   0.33E+01  0.34E+00  0.18E+01  0.55E+03  0.21E+02
       C   4 3   0.35E+01  0.37E+00  0.20E+01  0.59E+03  0.22E+02
       C   4 4   0.38E+01  0.39E+00  0.22E+01  0.63E+03  0.24E+02
       Cl  1 1   0.14E+04 -0.47E+00  0.84E+01  0.32E+09  0.42E+03
       Cl  2 1   0.21E+04 -0.37E+00  0.12E+02  0.49E+09  0.65E+03
       Cl  2 2   0.33E+04 -0.16E+00  0.21E+02  0.76E+09  0.10E+04
       Cl  3 3   0.21E+02  0.79E-01  0.89E+01  0.23E+05  0.13E+03
       Cl  4 3   0.24E+02  0.67E-01  0.99E+01  0.27E+05  0.15E+03
       Cl  4 4   0.28E+02  0.44E-01  0.11E+02  0.32E+05  0.18E+03
       Cl  5 5   0.77E+00  0.19E+00  0.18E+01  0.12E+03  0.22E+02
       Cl  6 5   0.80E+00  0.19E+00  0.19E+01  0.12E+03  0.23E+02
       Cl  6 6   0.83E+00  0.20E+00  0.19E+01  0.12E+03  0.23E+02
       H   1 1   0.39E+02  0.19E+00  0.29E+00  0.78E+05  0.13E+02
       H   2 1   0.41E+02  0.21E+00  0.32E+00  0.82E+05  0.14E+02
       H   2 2   0.43E+02  0.22E+00  0.36E+00  0.86E+05  0.15E+02
     ------------------------------------------------------------

     alpha_pv=     33.6464 eV

     Number of occupied bands for each k-point:
     k-point:     1    nbnd_occ=  42
     k-point:     2    nbnd_occ=  42
     k-point:     3    nbnd_occ=  42
     k-point:     4    nbnd_occ=  42
     k-point:     5    nbnd_occ=  42
     k-point:     6    nbnd_occ=  42
     k-point:     7    nbnd_occ=  42
     k-point:     8    nbnd_occ=  42
     k-point:     9    nbnd_occ=  42
     k-point:    10    nbnd_occ=  42
     k-point:    11    nbnd_occ=  42
     k-point:    12    nbnd_occ=  42
     k-point:    13    nbnd_occ=  42
     k-point:    14    nbnd_occ=  42
     k-point:    15    nbnd_occ=  42
     k-point:    16    nbnd_occ=  42


     q-space interpolation up to   110.00 Rydberg

     GIPAW job: efg                                                                             


     ELECTRIC FIELD GRADIENTS TENSORS IN Hartree/bohrradius^2:

     ----- bare term -----
     Cl   1       -0.067115        0.238301        0.034321
     Cl   1        0.238301       -0.085721       -0.037873
     Cl   1        0.034321       -0.037873        0.152836

     C    2        0.056111       -0.338346       -0.518972
     C    2       -0.338346       -0.294475       -0.501946
     C    2       -0.518972       -0.501946        0.238364

     C    3       -0.562142        0.376322       -0.307987
     C    3        0.376322        0.180079       -0.268917
     C    3       -0.307987       -0.268917        0.382063

     H    4       -0.269764       -0.539247       -0.104713
     H    4       -0.539247       -0.091643        0.087361
     H    4       -0.104713        0.087361        0.361408

     C    5       -0.132651        0.136808       -0.198210
     C    5        0.136808       -0.127152       -0.342113
     C    5       -0.198210       -0.342113        0.259803

     H    6        0.257179       -0.417020       -0.120386
     H    6       -0.417020       -0.550254       -0.396713
     H    6       -0.120386       -0.396713        0.293075

     H    7        0.244456        0.009683        0.338852
     H    7        0.009683        0.169539        0.218199
     H    7        0.338852        0.218199       -0.413996

     C    8       -0.122932       -0.086405       -0.097589
     C    8       -0.086405        0.136103        0.096715
     C    8       -0.097589        0.096715       -0.013170

     H    9        0.166554        0.068125       -0.221188
     H    9        0.068125        0.392761       -0.095817
     H    9       -0.221188       -0.095817       -0.559315

     C   10        0.053610       -0.215544       -0.003015
     C   10       -0.215544       -0.028924        0.027610
     C   10       -0.003015        0.027610       -0.024686

     C   11       -0.046103       -0.083731       -0.308850
     C   11       -0.083731       -0.309013        0.341253
     C   11       -0.308850        0.341253        0.355116

     Cl  12       -0.005569        0.010725        0.067509
     Cl  12        0.010725       -0.032738       -0.132568
     Cl  12        0.067509       -0.132568        0.038307

     H   13        0.081159       -0.413362        0.248616
     H   13       -0.413362       -0.423746        0.095999
     H   13        0.248616        0.095999        0.342586

     C   14       -0.241260        0.289242       -0.012319
     C   14        0.289242        0.192701        0.113943
     C   14       -0.012319        0.113943        0.048559

     H   15       -0.414217       -0.248723        0.256948
     H   15       -0.248723        0.247948       -0.010525
     H   15        0.256948       -0.010525        0.166269

     C   16        0.219767       -0.130741        0.284081
     C   16       -0.130741       -0.190210       -0.160313
     C   16        0.284081       -0.160313       -0.029558

     C   17       -0.673935        0.359141       -0.196006
     C   17        0.359141        0.225017       -0.102298
     C   17       -0.196006       -0.102298        0.448918

     Cl  18       -0.047077       -0.045222        0.016295
     Cl  18       -0.045222        0.002920        0.109133
     Cl  18        0.016295        0.109133        0.044157

     H   19        0.451050       -0.062763       -0.134208
     H   19       -0.062763       -0.666676        0.041780
     H   19       -0.134208        0.041780        0.215627

     C   20       -0.396648       -0.270752       -0.392148
     C   20       -0.270752       -0.133552        0.376013
     C   20       -0.392148        0.376013        0.530200

     H   21       -0.395944        0.270177       -0.485269
     H   21        0.270177        0.264681        0.220652
     H   21       -0.485269        0.220652        0.131263

     C   22       -0.282604       -0.313072       -0.288942
     C   22       -0.313072       -0.157934        0.498711
     C   22       -0.288942        0.498711        0.440537

     C   23       -0.243295       -0.127312       -0.325123
     C   23       -0.127312       -0.082010        0.618893
     C   23       -0.325123        0.618893        0.325305

     Cl  24        0.051547       -0.009501        0.010411
     Cl  24       -0.009501        0.004458       -0.020247
     Cl  24        0.010411       -0.020247       -0.056005

     ----- ionic term -----
     Cl   1        0.108110       -0.189458       -0.037856
     Cl   1       -0.189458        0.026734        0.030889
     Cl   1       -0.037856        0.030889       -0.134843

     C    2        0.289190        0.005339        0.126715
     C    2        0.005339        0.226233        0.376746
     C    2        0.126715        0.376746       -0.515423

     C    3        0.165128       -0.032740        0.121195
     C    3       -0.032740        0.310235        0.369012
     C    3        0.121195        0.369012       -0.475363

     H    4        0.752055        0.504779        0.406453
     H    4        0.504779       -0.285375        0.195195
     H    4        0.406453        0.195195       -0.466681

     C    5        0.340278       -0.061761        0.157834
     C    5       -0.061761        0.136091        0.263185
     C    5        0.157834        0.263185       -0.476370

     H    6       -0.460055        0.294853        0.141591
     H    6        0.294853        0.733180        0.589552
     H    6        0.141591        0.589552       -0.273125

     H    7       -0.518731        0.147162       -0.102359
     H    7        0.147162        0.436554       -0.780250
     H    7       -0.102359       -0.780250        0.082177

     C    8        0.198792        0.312580        0.283661
     C    8        0.312580       -0.027476       -0.301593
     C    8        0.283661       -0.301593       -0.171316

     H    9        0.347872       -0.187971        0.812811
     H    9       -0.187971       -0.479854       -0.241737
     H    9        0.812811       -0.241737        0.131983

     C   10        0.073932        0.340746        0.208374
     C   10        0.340746        0.121478       -0.409111
     C   10        0.208374       -0.409111       -0.195410

     C   11        0.033116        0.268174        0.238030
     C   11        0.268174        0.146382       -0.434718
     C   11        0.238030       -0.434718       -0.179497

     Cl  12        0.098134        0.210518        0.023588
     Cl  12        0.210518        0.034726       -0.000660
     Cl  12        0.023588       -0.000660       -0.132860

     H   13       -0.451325        0.262166        0.090275
     H   13        0.262166        0.783317        0.563361
     H   13        0.090275        0.563361       -0.331992

     C   14        0.405595       -0.109181        0.109311
     C   14       -0.109181        0.144878        0.272514
     C   14        0.109311        0.272514       -0.550473

     H   15        0.825908        0.478024        0.416768
     H   15        0.478024       -0.309645        0.196401
     H   15        0.416768        0.196401       -0.516263

     C   16        0.219777       -0.153366        0.090272
     C   16       -0.153366        0.334606        0.325200
     C   16        0.090272        0.325200       -0.554383

     C   17        0.262355       -0.083402        0.205229
     C   17       -0.083402        0.271853        0.254944
     C   17        0.205229        0.254944       -0.534208

     Cl  18        0.126028       -0.211204        0.026040
     Cl  18       -0.211204        0.051702       -0.023172
     Cl  18        0.026040       -0.023172       -0.177729

     H   19       -0.483445        0.134668       -0.026712
     H   19        0.134668        0.735921       -0.631127
     H   19       -0.026712       -0.631127       -0.252476

     C   20        0.217977        0.321735        0.272602
     C   20        0.321735        0.085195       -0.247443
     C   20        0.272602       -0.247443       -0.303173

     H   21        0.485373       -0.229654        0.731946
     H   21       -0.229654       -0.470890       -0.239760
     H   21        0.731946       -0.239760       -0.014484

     C   22        0.126041        0.304624        0.239234
     C   22        0.304624        0.122460       -0.365893
     C   22        0.239234       -0.365893       -0.248501

     C   23        0.084910        0.213232        0.363054
     C   23        0.213232        0.050472       -0.375774
     C   23        0.363054       -0.375774       -0.135381

     Cl  24        0.136289        0.192093        0.043133
     Cl  24        0.192093        0.019115        0.020983
     Cl  24        0.043133        0.020983       -0.155405

     ----- GIPAW term -----
     Cl   1        1.879491       -1.841944        0.279806
     Cl   1       -1.841944       -0.496065       -0.229927
     Cl   1        0.279806       -0.229927       -1.383426

     C    2        0.047915       -0.222267       -0.189149
     C    2       -0.222267       -0.064749        0.059308
     C    2       -0.189149        0.059308        0.016835

     C    3       -0.195046        0.095547       -0.067094
     C    3        0.095547        0.210136        0.004535
     C    3       -0.067094        0.004535       -0.015090

     H    4       -0.000000        0.000000        0.000000
     H    4        0.000000        0.000000        0.000000
     H    4        0.000000        0.000000        0.000000

     C    5       -0.113495        0.037290       -0.004300
     C    5        0.037290        0.131339        0.094311
     C    5       -0.004300        0.094311       -0.017844

     H    6       -0.000000        0.000000        0.000000
     H    6        0.000000        0.000000        0.000000
     H    6        0.000000        0.000000        0.000000

     H    7       -0.000000        0.000000        0.000000
     H    7        0.000000        0.000000        0.000000
     H    7        0.000000        0.000000        0.000000

     C    8       -0.013571       -0.022209       -0.042260
     C    8       -0.022209       -0.014414        0.043592
     C    8       -0.042260        0.043592        0.027985

     H    9       -0.000000        0.000000        0.000000
     H    9        0.000000        0.000000        0.000000
     H    9        0.000000        0.000000        0.000000

     C   10       -0.000227       -0.017675       -0.028031
     C   10       -0.017675       -0.014013        0.008584
     C   10       -0.028031        0.008584        0.014240

     C   11       -0.052583        0.025631       -0.102652
     C   11        0.025631       -0.106377        0.108252
     C   11       -0.102652        0.108252        0.158960

     Cl  12        0.011437       -0.058061       -1.091646
     Cl  12       -0.058061        0.343162        1.568108
     Cl  12       -1.091646        1.568108       -0.354599

     H   13       -0.000000        0.000000        0.000000
     H   13        0.000000        0.000000        0.000000
     H   13        0.000000        0.000000        0.000000

     C   14        0.017317        0.000737        0.010354
     C   14        0.000737        0.031221        0.027218
     C   14        0.010354        0.027218       -0.048538

     H   15       -0.000000        0.000000        0.000000
     H   15        0.000000        0.000000        0.000000
     H   15        0.000000        0.000000        0.000000

     C   16        0.011532       -0.019962        0.043558
     C   16       -0.019962        0.020689        0.026999
     C   16        0.043558        0.026999       -0.032220

     C   17       -0.095471       -0.014772       -0.038494
     C   17       -0.014772       -0.008394        0.069593
     C   17       -0.038494        0.069593        0.103865

     Cl  18       -0.029043       -2.339751       -0.423694
     Cl  18       -2.339751        0.530453        1.908332
     Cl  18       -0.423694        1.908332       -0.501410

     H   19       -0.000000        0.000000        0.000000
     H   19        0.000000        0.000000        0.000000
     H   19        0.000000        0.000000        0.000000

     C   20       -0.091365       -0.087355       -0.148864
     C   20       -0.087355       -0.079720        0.157894
     C   20       -0.148864        0.157894        0.171085

     H   21       -0.000000        0.000000        0.000000
     H   21        0.000000        0.000000        0.000000
     H   21        0.000000        0.000000        0.000000

     C   22       -0.092034       -0.076966       -0.108210
     C   22       -0.076966        0.003299        0.136727
     C   22       -0.108210        0.136727        0.088735

     C   23       -0.036192        0.010575       -0.147615
     C   23        0.010575       -0.025224        0.215762
     C   23       -0.147615        0.215762        0.061416

     Cl  24        1.799473        2.038253        0.107409
     Cl  24        2.038253        0.067259       -0.136293
     Cl  24        0.107409       -0.136293       -1.866732

     ----- total EFG -----
     Cl   1        1.920486       -1.793101        0.276271
     Cl   1       -1.793101       -0.555053       -0.236911
     Cl   1        0.276271       -0.236911       -1.365433

     C    2        0.393216       -0.555274       -0.581406
     C    2       -0.555274       -0.132991       -0.065892
     C    2       -0.581406       -0.065892       -0.260225

     C    3       -0.592060        0.439128       -0.253885
     C    3        0.439128        0.700450        0.104629
     C    3       -0.253885        0.104629       -0.108390

     H    4        0.482291       -0.034468        0.301740
     H    4       -0.034468       -0.377018        0.282556
     H    4        0.301740        0.282556       -0.105273

     C    5        0.094132        0.112337       -0.044676
     C    5        0.112337        0.140278        0.015383
     C    5       -0.044676        0.015383       -0.234411

     H    6       -0.202876       -0.122166        0.021205
     H    6       -0.122166        0.182926        0.192839
     H    6        0.021205        0.192839        0.019950

     H    7       -0.274275        0.156845        0.236493
     H    7        0.156845        0.606093       -0.562051
     H    7        0.236493       -0.562051       -0.331818

     C    8        0.062289        0.203966        0.143812
     C    8        0.203966        0.094213       -0.161285
     C    8        0.143812       -0.161285       -0.156502

     H    9        0.514426       -0.119847        0.591623
     H    9       -0.119847       -0.087093       -0.337554
     H    9        0.591623       -0.337554       -0.427333

     C   10        0.127315        0.107526        0.177327
     C   10        0.107526        0.078541       -0.372917
     C   10        0.177327       -0.372917       -0.205856

     C   11       -0.065570        0.210074       -0.173472
     C   11        0.210074       -0.269009        0.014787
     C   11       -0.173472        0.014787        0.334579

     Cl  12        0.104001        0.163183       -1.000549
     Cl  12        0.163183        0.345151        1.434880
     Cl  12       -1.000549        1.434880       -0.449152

     H   13       -0.370166       -0.151196        0.338891
     H   13       -0.151196        0.359572        0.659360
     H   13        0.338891        0.659360        0.010594

     C   14        0.181652        0.180799        0.107347
     C   14        0.180799        0.368799        0.413675
     C   14        0.107347        0.413675       -0.550452

     H   15        0.411690        0.229300        0.673716
     H   15        0.229300       -0.061697        0.185876
     H   15        0.673716        0.185876       -0.349994

     C   16        0.451076       -0.304070        0.417912
     C   16       -0.304070        0.165085        0.191887
     C   16        0.417912        0.191887       -0.616161

     C   17       -0.507051        0.260967       -0.029271
     C   17        0.260967        0.488476        0.222239
     C   17       -0.029271        0.222239        0.018575

     Cl  18        0.049907       -2.596178       -0.381360
     Cl  18       -2.596178        0.585075        1.994293
     Cl  18       -0.381360        1.994293       -0.634982

     H   19       -0.032395        0.071905       -0.160920
     H   19        0.071905        0.069244       -0.589347
     H   19       -0.160920       -0.589347       -0.036849

     C   20       -0.270036       -0.036373       -0.268410
     C   20       -0.036373       -0.128077        0.286464
     C   20       -0.268410        0.286464        0.398113

     H   21        0.089430        0.040523        0.246677
     H   21        0.040523       -0.206209       -0.019109
     H   21        0.246677       -0.019109        0.116779

     C   22       -0.248597       -0.085414       -0.157917
     C   22       -0.085414       -0.032174        0.269545
     C   22       -0.157917        0.269545        0.280771

     C   23       -0.194577        0.096494       -0.109684
     C   23        0.096494       -0.056763        0.458881
     C   23       -0.109684        0.458881        0.251340

     Cl  24        1.987309        2.220845        0.160954
     Cl  24        2.220845        0.090833       -0.135557
     Cl  24        0.160954       -0.135557       -2.078142

     ----- total EFG (symmetrized) -----
     Cl   1        1.920486       -1.793101        0.276271
     Cl   1       -1.793101       -0.555053       -0.236911
     Cl   1        0.276271       -0.236911       -1.365433

     C    2        0.393216       -0.555274       -0.581406
     C    2       -0.555274       -0.132991       -0.065892
     C    2       -0.581406       -0.065892       -0.260225

     C    3       -0.592060        0.439128       -0.253885
     C    3        0.439128        0.700450        0.104629
     C    3       -0.253885        0.104629       -0.108390

     H    4        0.482291       -0.034468        0.301740
     H    4       -0.034468       -0.377018        0.282556
     H    4        0.301740        0.282556       -0.105273

     C    5        0.094132        0.112337       -0.044676
     C    5        0.112337        0.140278        0.015383
     C    5       -0.044676        0.015383       -0.234411

     H    6       -0.202876       -0.122166        0.021205
     H    6       -0.122166        0.182926        0.192839
     H    6        0.021205        0.192839        0.019950

     H    7       -0.274275        0.156845        0.236493
     H    7        0.156845        0.606093       -0.562051
     H    7        0.236493       -0.562051       -0.331818

     C    8        0.062289        0.203966        0.143812
     C    8        0.203966        0.094213       -0.161285
     C    8        0.143812       -0.161285       -0.156502

     H    9        0.514426       -0.119847        0.591623
     H    9       -0.119847       -0.087093       -0.337554
     H    9        0.591623       -0.337554       -0.427333

     C   10        0.127315        0.107526        0.177327
     C   10        0.107526        0.078541       -0.372917
     C   10        0.177327       -0.372917       -0.205856

     C   11       -0.065570        0.210074       -0.173472
     C   11        0.210074       -0.269009        0.014787
     C   11       -0.173472        0.014787        0.334579

     Cl  12        0.104001        0.163183       -1.000549
     Cl  12        0.163183        0.345151        1.434880
     Cl  12       -1.000549        1.434880       -0.449152

     H   13       -0.370166       -0.151196        0.338891
     H   13       -0.151196        0.359572        0.659360
     H   13        0.338891        0.659360        0.010594

     C   14        0.181652        0.180799        0.107347
     C   14        0.180799        0.368799        0.413675
     C   14        0.107347        0.413675       -0.550452

     H   15        0.411690        0.229300        0.673716
     H   15        0.229300       -0.061697        0.185876
     H   15        0.673716        0.185876       -0.349994

     C   16        0.451076       -0.304070        0.417912
     C   16       -0.304070        0.165085        0.191887
     C   16        0.417912        0.191887       -0.616161

     C   17       -0.507051        0.260967       -0.029271
     C   17        0.260967        0.488476        0.222239
     C   17       -0.029271        0.222239        0.018575

     Cl  18        0.049907       -2.596178       -0.381360
     Cl  18       -2.596178        0.585075        1.994293
     Cl  18       -0.381360        1.994293       -0.634982

     H   19       -0.032395        0.071905       -0.160920
     H   19        0.071905        0.069244       -0.589347
     H   19       -0.160920       -0.589347       -0.036849

     C   20       -0.270036       -0.036373       -0.268410
     C   20       -0.036373       -0.128077        0.286464
     C   20       -0.268410        0.286464        0.398113

     H   21        0.089430        0.040523        0.246677
     H   21        0.040523       -0.206209       -0.019109
     H   21        0.246677       -0.019109        0.116779

     C   22       -0.248597       -0.085414       -0.157917
     C   22       -0.085414       -0.032174        0.269545
     C   22       -0.157917        0.269545        0.280771

     C   23       -0.194577        0.096494       -0.109684
     C   23        0.096494       -0.056763        0.458881
     C   23       -0.109684        0.458881        0.251340

     Cl  24        1.987309        2.220845        0.160954
     Cl  24        2.220845        0.090833       -0.135557
     Cl  24        0.160954       -0.135557       -2.078142


     NQR/NMR SPECTROSCOPIC PARAMETERS:
     Cl   1    Vxx=   -1.3500    axis=( -0.290490 -0.395588  0.871278)
     Cl   1    Vyy=   -1.5411    axis=(  0.371816  0.792326  0.483708)
     Cl   1    Vzz=    2.8911    axis=(  0.881685 -0.464467  0.083077)
     Cl   1  Q=        -8.1650 1e-30 m^2  Cq=       -55.4646 MHz  eta= 0.06612

     C    2    Vxx=   -0.1252    axis=( -0.067454 -0.750881  0.656984)
     C    2    Vyy=   -0.8086    axis=( -0.554517 -0.519201 -0.650340)
     C    2    Vzz=    0.9338    axis=( -0.829434  0.408177  0.381354)
     C    2  Q=         1.0000 1e-30 m^2  Cq=         2.1940 MHz  eta= 0.73180

     C    3    Vxx=   -0.0055    axis=( -0.346828  0.077196  0.934746)
     C    3    Vyy=   -0.8307    axis=( -0.892242  0.280096 -0.354189)
     C    3    Vzz=    0.8362    axis=( -0.289160 -0.956863 -0.028267)
     C    3  Q=         1.0000 1e-30 m^2  Cq=         1.9648 MHz  eta= 0.98673

     H    4    Vxx=   -0.0253    axis=(  0.377361 -0.602162 -0.703563)
     H    4    Vyy=   -0.5911    axis=( -0.188095 -0.793734  0.578451)
     H    4    Vzz=    0.6164    axis=( -0.906763 -0.085949 -0.412788)
     H    4  Q=         1.0000 1e-30 m^2  Cq=         1.4483 MHz  eta= 0.91797

     C    5    Vxx=    0.0105    axis=( -0.754379  0.632042  0.177300)
     C    5    Vyy=    0.2325    axis=(  0.636885  0.770138 -0.035569)
     C    5    Vzz=   -0.2430    axis=(  0.159026 -0.086087  0.983514)
     C    5  Q=         1.0000 1e-30 m^2  Cq=        -0.5709 MHz  eta= 0.91346

     H    6    Vxx=   -0.0630    axis=(  0.463415 -0.392687  0.794382)
     H    6    Vyy=   -0.2636    axis=(  0.869099  0.376375 -0.320949)
     H    6    Vzz=    0.3266    axis=( -0.172953  0.839129  0.515702)
     H    6  Q=         1.0000 1e-30 m^2  Cq=         0.7674 MHz  eta= 0.61419

     H    7    Vxx=   -0.1127    axis=(  0.863659  0.179785  0.470925)
     H    7    Vyy=   -0.7581    axis=( -0.502621  0.378104  0.777438)
     H    7    Vzz=    0.8707    axis=( -0.038287 -0.908138  0.416917)
     H    7  Q=         1.0000 1e-30 m^2  Cq=         2.0459 MHz  eta= 0.74120

     C    8    Vxx=    0.0732    axis=( -0.582616  0.447211 -0.678647)
     C    8    Vyy=    0.2842    axis=( -0.652935 -0.754775  0.063165)
     C    8    Vzz=   -0.3574    axis=( -0.483978  0.479913  0.731744)
     C    8  Q=         1.0000 1e-30 m^2  Cq=        -0.8397 MHz  eta= 0.59013

     H    9    Vxx=   -0.0642    axis=(  0.390282  0.898796 -0.199614)
     H    9    Vyy=   -0.8062    axis=( -0.356910  0.347549  0.867078)
     H    9    Vzz=    0.8703    axis=(  0.848702 -0.267160  0.456432)
     H    9  Q=         1.0000 1e-30 m^2  Cq=         2.0449 MHz  eta= 0.85255

     C   10    Vxx=    0.1918    axis=(  0.950408  0.236211  0.202308)
     C   10    Vyy=    0.3364    axis=( -0.077304  0.809504 -0.582003)
     C   10    Vzz=   -0.5282    axis=( -0.301245  0.537501  0.787620)
     C   10  Q=         1.0000 1e-30 m^2  Cq=        -1.2410 MHz  eta= 0.27377

     C   11    Vxx=    0.0109    axis=( -0.734385 -0.570650 -0.367474)
     C   11    Vyy=    0.4052    axis=( -0.382650 -0.099074  0.918566)
     C   11    Vzz=   -0.4161    axis=( -0.560587  0.815195 -0.145600)
     C   11  Q=         1.0000 1e-30 m^2  Cq=        -0.9777 MHz  eta= 0.94778

     Cl  12    Vxx=    0.3283    axis=(  0.841056  0.531266 -0.101892)
     Cl  12    Vyy=    1.6168    axis=(  0.351850 -0.680327 -0.642928)
     Cl  12    Vzz=   -1.9450    axis=( -0.410885  0.504888 -0.759119)
     Cl  12  Q=        -8.1650 1e-30 m^2  Cq=        37.3148 MHz  eta= 0.66243

     H   13    Vxx=   -0.0720    axis=(  0.760479 -0.449540  0.468600)
     H   13    Vyy=   -0.8017    axis=( -0.644968 -0.439093  0.625470)
     H   13    Vzz=    0.8737    axis=(  0.075415  0.777889  0.623860)
     H   13  Q=         1.0000 1e-30 m^2  Cq=         2.0529 MHz  eta= 0.83526

     C   14    Vxx=    0.0860    axis=(  0.904516 -0.410794 -0.114452)
     C   14    Vyy=    0.6247    axis=(  0.424436  0.841245  0.334904)
     C   14    Vzz=   -0.7107    axis=( -0.041294 -0.351503  0.935275)
     C   14  Q=         1.0000 1e-30 m^2  Cq=        -1.6698 MHz  eta= 0.75809

     H   15    Vxx=   -0.1477    axis=(  0.288628 -0.953665  0.084952)
     H   15    Vyy=   -0.7463    axis=(  0.491028  0.071269 -0.868223)
     H   15    Vzz=    0.8939    axis=(  0.821940  0.292308  0.488847)
     H   15  Q=         1.0000 1e-30 m^2  Cq=         2.1004 MHz  eta= 0.66965

     C   16    Vxx=    0.1411    axis=( -0.316406 -0.863221 -0.393367)
     C   16    Vyy=    0.7003    axis=( -0.880082  0.421877 -0.217890)
     C   16    Vzz=   -0.8414    axis=( -0.354039 -0.277253  0.893189)
     C   16  Q=         1.0000 1e-30 m^2  Cq=        -1.9769 MHz  eta= 0.66466

     C   17    Vxx=   -0.0421    axis=( -0.218102 -0.283817  0.933745)
     C   17    Vyy=   -0.5831    axis=( -0.954346  0.262119 -0.143241)
     C   17    Vzz=    0.6253    axis=( -0.204098 -0.922357 -0.328028)
     C   17  Q=         1.0000 1e-30 m^2  Cq=         1.4691 MHz  eta= 0.86521

     Cl  18    Vxx=   -0.7417    axis=( -0.632543 -0.079714 -0.770412)
     Cl  18    Vyy=   -2.9191    axis=( -0.530159 -0.680584  0.505704)
     Cl  18    Vzz=    3.6609    axis=( -0.564642  0.728320  0.388238)
     Cl  18  Q=        -8.1650 1e-30 m^2  Cq=       -70.2321 MHz  eta= 0.59477

     H   19    Vxx=   -0.0618    axis=( -0.963607  0.260588 -0.059625)
     H   19    Vyy=   -0.5848    axis=(  0.131278  0.655590  0.743619)
     H   19    Vzz=    0.6466    axis=( -0.232868 -0.708729  0.665940)
     H   19  Q=         1.0000 1e-30 m^2  Cq=         1.5193 MHz  eta= 0.80886

     C   20    Vxx=   -0.2157    axis=(  0.449687  0.868472 -0.208659)
     C   20    Vyy=   -0.3865    axis=( -0.845515  0.338608 -0.412855)
     C   20    Vzz=    0.6023    axis=( -0.287899  0.362080  0.886573)
     C   20  Q=         1.0000 1e-30 m^2  Cq=         1.4151 MHz  eta= 0.28358

     H   21    Vxx=   -0.1224    axis=( -0.639040 -0.451173  0.622954)
     H   21    Vyy=   -0.2281    axis=(  0.342688 -0.892079 -0.294550)
     H   21    Vzz=    0.3505    axis=(  0.688617  0.025250  0.724685)
     H   21  Q=         1.0000 1e-30 m^2  Cq=         0.8236 MHz  eta= 0.30143

     C   22    Vxx=   -0.1872    axis=(  0.042178  0.871842 -0.487968)
     C   22    Vyy=   -0.2930    axis=(  0.970070  0.081163  0.228861)
     C   22    Vzz=    0.4802    axis=( -0.239136  0.483016  0.842324)
     C   22  Q=         1.0000 1e-30 m^2  Cq=         1.1282 MHz  eta= 0.22040

     C   23    Vxx=   -0.1201    axis=(  0.881399  0.406048 -0.241374)
     C   23    Vyy=   -0.4627    axis=( -0.470393  0.707732 -0.527110)
     C   23    Vzz=    0.5828    axis=( -0.043204  0.578135  0.814797)
     C   23  Q=         1.0000 1e-30 m^2  Cq=         1.3692 MHz  eta= 0.58787

     Cl  24    Vxx=   -1.3219    axis=( -0.529770  0.808072 -0.257612)
     Cl  24    Vyy=   -2.1326    axis=( -0.150572  0.209304  0.966188)
     Cl  24    Vzz=    3.4545    axis=( -0.834668 -0.550647 -0.010790)
     Cl  24  Q=        -8.1650 1e-30 m^2  Cq=       -66.2733 MHz  eta= 0.23467

     Initialization:
     gipaw_setup  :      9.06s CPU     10.85s WALL (       1 calls)

     Linear response

     Apply operators

     Induced current

     Other routines
     efg          :      9.05s CPU     11.22s WALL (       1 calls)

     General routines
     calbec       :      3.13s CPU      3.89s WALL (      16 calls)
     fft          :      1.43s CPU      2.03s WALL (      15 calls)
     ffts         :      0.03s CPU      0.04s WALL (       2 calls)
     fftw         :      3.15s CPU      3.81s WALL (     672 calls)
     davcio       :      0.03s CPU      0.34s WALL (      32 calls)

     Parallel routines
     fft_scatter  :      1.98s CPU      2.87s WALL (     689 calls)

     Plugins

     GIPAW        :     60.33s CPU     72.75s WALL (       1 calls)
