
     Program QE v.6.0 (svn rev. 13079) starts on 17Jan2017 at  8:21:20 

     This program is part of the open-source Quantum ESPRESSO suite
     for quantum simulation of materials; please cite
         "P. Giannozzi et al., J. Phys.:Condens. Matter 21 395502 (2009);
          URL http://www.quantum-espresso.org", 
     in publications or presentations arising from this work. More details at
     http://www.quantum-espresso.org/quote

     Parallel version (MPI), running on     8 processors
     R & G space division:  proc/nbgrp/npool/nimage =       8

     ***** This is GIPAW svn revision unknown      *****

     Parallelizing q-star over 1 images

     Reading data from directory:
     /users/majewski/paradichlorobenzene/pbe/9_constraint/scratch/pbe.ecut100.np8.dt60.pcl2phi-129368.save
     Message from routine read_xml_file:
     file /users/majewski/paradichlorobenzene/pbe/9_constraint/scratch/pbe.ecut100.np8.dt60.pcl2phi-129368.save not guaranteed to be safe for post-processing

   Info: using nr1, nr2, nr3 values from input

   Info: using nr1, nr2, nr3 values from input

     IMPORTANT: XC functional enforced from input :
     Exchange-correlation      =  SLA  PW   PBX  PBC ( 1  4  3  4 0 0)
     Any further DFT definition will be discarded
     Please, verify this is what you really want

               file C.pbe-n-kjpaw_psl.1.0.0.UPF: wavefunction(s)  2S 2P renormalized
               file Cl.pbe-n-kjpaw_psl.1.0.0.UPF: wavefunction(s)  3S 3P renormalized
               file H.pbe-kjpaw_psl.1.0.0.UPF: wavefunction(s)  1S renormalized

     Parallelization info
     --------------------
     sticks:   dense  smooth     PW     G-vecs:    dense   smooth      PW
     Min        3057    1223    332               144436    36536    5170
     Max        3059    1225    333               144437    36537    5171
     Sum       24467    9791   2657              1155489   292295   41363


     Subspace diagonalization in iterative solution of the eigenvalue problem:
     a serial algorithm will be used

     GIPAW projectors -----------------------------------------------
     atom=  C    l=0  rc=    1.2000  rs=    0.8000
     atom=  C    l=0  rc=    1.2000  rs=    0.8000
     atom=  C    l=1  rc=    1.4000  rs=    0.9333
     atom=  C    l=1  rc=    1.4000  rs=    0.9333
     projs nearly linearly dependent: l=1  n1,n2= 1, 2  s=  0.99951561

     atom=  Cl   l=0  rc=    1.6000  rs=    1.0667
     atom=  Cl   l=0  rc=    1.6000  rs=    1.0667
     atom=  Cl   l=1  rc=    1.6000  rs=    1.0667
     atom=  Cl   l=1  rc=    1.6000  rs=    1.0667
     atom=  Cl   l=2  rc=    1.6000  rs=    1.0667
     atom=  Cl   l=2  rc=    1.6000  rs=    1.0667
     projs nearly linearly dependent: l=2  n1,n2= 1, 2  s=  0.99993509

     atom=  H    l=0  rc=    1.0000  rs=    0.6667
     atom=  H    l=0  rc=    1.0000  rs=    0.6667
     projs nearly linearly dependent: l=0  n1,n2= 1, 2  s=  0.99968852
     -----------------------------------------------------------------

     GIPAW integrals: -------------------------------------------
     Atom  i/j   nmr_para   nmr_dia   epr_rmc  epr_para   epr_dia
       C   1 1   0.83E+03  0.17E-01  0.93E+01  0.24E+08  0.24E+03
       C   2 1   0.86E+03 -0.61E-01  0.94E+01  0.25E+08  0.25E+03
       C   2 2   0.90E+03 -0.15E+00  0.97E+01  0.26E+08  0.26E+03
       C   3 3   0.33E+01  0.34E+00  0.18E+01  0.55E+03  0.21E+02
       C   4 3   0.35E+01  0.37E+00  0.20E+01  0.59E+03  0.22E+02
       C   4 4   0.38E+01  0.39E+00  0.22E+01  0.63E+03  0.24E+02
       Cl  1 1   0.14E+04 -0.47E+00  0.84E+01  0.32E+09  0.42E+03
       Cl  2 1   0.21E+04 -0.37E+00  0.12E+02  0.49E+09  0.65E+03
       Cl  2 2   0.33E+04 -0.16E+00  0.21E+02  0.76E+09  0.10E+04
       Cl  3 3   0.21E+02  0.79E-01  0.89E+01  0.23E+05  0.13E+03
       Cl  4 3   0.24E+02  0.67E-01  0.99E+01  0.27E+05  0.15E+03
       Cl  4 4   0.28E+02  0.44E-01  0.11E+02  0.32E+05  0.18E+03
       Cl  5 5   0.77E+00  0.19E+00  0.18E+01  0.12E+03  0.22E+02
       Cl  6 5   0.80E+00  0.19E+00  0.19E+01  0.12E+03  0.23E+02
       Cl  6 6   0.83E+00  0.20E+00  0.19E+01  0.12E+03  0.23E+02
       H   1 1   0.39E+02  0.19E+00  0.29E+00  0.78E+05  0.13E+02
       H   2 1   0.41E+02  0.21E+00  0.32E+00  0.82E+05  0.14E+02
       H   2 2   0.43E+02  0.22E+00  0.36E+00  0.86E+05  0.15E+02
     ------------------------------------------------------------

     alpha_pv=     34.6382 eV

     Number of occupied bands for each k-point:
     k-point:     1    nbnd_occ=  42
     k-point:     2    nbnd_occ=  42
     k-point:     3    nbnd_occ=  42
     k-point:     4    nbnd_occ=  42
     k-point:     5    nbnd_occ=  42
     k-point:     6    nbnd_occ=  42
     k-point:     7    nbnd_occ=  42
     k-point:     8    nbnd_occ=  42
     k-point:     9    nbnd_occ=  42
     k-point:    10    nbnd_occ=  42
     k-point:    11    nbnd_occ=  42
     k-point:    12    nbnd_occ=  42
     k-point:    13    nbnd_occ=  42
     k-point:    14    nbnd_occ=  42
     k-point:    15    nbnd_occ=  42
     k-point:    16    nbnd_occ=  42


     q-space interpolation up to   110.00 Rydberg

     GIPAW job: efg                                                                             


     ELECTRIC FIELD GRADIENTS TENSORS IN Hartree/bohrradius^2:

     ----- bare term -----
     Cl   1       -0.086054        0.270277       -0.036595
     Cl   1        0.270277       -0.200327       -0.185766
     Cl   1       -0.036595       -0.185766        0.286381

     C    2        0.143115       -0.028229       -0.247985
     C    2       -0.028229       -0.094773       -0.610442
     C    2       -0.247985       -0.610442       -0.048341

     C    3       -0.533024        0.304579       -0.016826
     C    3        0.304579        0.017091       -0.067808
     C    3       -0.016826       -0.067808        0.515934

     H    4       -0.039539       -0.351095       -0.211924
     H    4       -0.351095       -0.408711       -0.032881
     H    4       -0.211924       -0.032881        0.448250

     C    5       -0.035989       -0.241509       -0.413659
     C    5       -0.241509       -0.055727       -0.451018
     C    5       -0.413659       -0.451018        0.091716

     H    6        0.162105        0.250186       -0.084190
     H    6        0.250186       -0.487081       -0.077168
     H    6       -0.084190       -0.077168        0.324976

     H    7        0.247451        0.099633        0.134303
     H    7        0.099633       -0.305853        0.542403
     H    7        0.134303        0.542403        0.058402

     C    8       -0.648923       -0.323905       -0.366210
     C    8       -0.323905        0.381611        0.064793
     C    8       -0.366210        0.064793        0.267312

     H    9        0.165946        0.059284       -0.306260
     H    9        0.059284        0.290072       -0.247940
     H    9       -0.306260       -0.247940       -0.456018

     C   10        0.107735       -0.307659       -0.069058
     C   10       -0.307659       -0.133762        0.512373
     C   10       -0.069058        0.512373        0.026027

     C   11       -0.541643       -0.419422       -0.329500
     C   11       -0.419422        0.222080        0.186353
     C   11       -0.329500        0.186353        0.319563

     Cl  12       -0.025963       -0.062183       -0.085853
     Cl  12       -0.062183        0.005389        0.069639
     Cl  12       -0.085853        0.069639        0.020574

     H   13        0.497096       -0.034798       -0.011207
     H   13       -0.034798       -0.414079       -0.472693
     H   13       -0.011207       -0.472693       -0.083017

     C   14       -0.856281        0.372158       -0.332107
     C   14        0.372158        0.503059       -0.133738
     C   14       -0.332107       -0.133738        0.353222

     H   15       -0.341775        0.101051       -0.522913
     H   15        0.101051        0.147299       -0.036775
     H   15       -0.522913       -0.036775        0.194476

     C   16       -0.027914       -0.014719       -0.262353
     C   16       -0.014719       -0.083999       -0.635009
     C   16       -0.262353       -0.635009        0.111914

     C   17       -0.624264        0.376879       -0.304569
     C   17        0.376879        0.196009       -0.134998
     C   17       -0.304569       -0.134998        0.428255

     Cl  18        0.107626       -0.167207       -0.060187
     Cl  18       -0.167207       -0.000136        0.020137
     Cl  18       -0.060187        0.020137       -0.107490

     H   19        0.433292       -0.059987       -0.021344
     H   19       -0.059987       -0.791503        0.156661
     H   19       -0.021344        0.156661        0.358211

     C   20       -0.079742        0.043045       -0.260326
     C   20        0.043045        0.029018        0.453837
     C   20       -0.260326        0.453837        0.050724

     H   21        0.060230        0.164702       -0.371223
     H   21        0.164702        0.147826        0.531954
     H   21       -0.371223        0.531954       -0.208057

     C   22       -0.783023       -0.359601       -0.327329
     C   22       -0.359601        0.358202        0.053356
     C   22       -0.327329        0.053356        0.424821

     C   23        0.086626       -0.063330       -0.164460
     C   23       -0.063330       -0.140375        0.531149
     C   23       -0.164460        0.531149        0.053748

     Cl  24       -0.173912       -0.273475        0.011475
     Cl  24       -0.273475        0.129522       -0.042271
     Cl  24        0.011475       -0.042271        0.044390

     ----- ionic term -----
     Cl   1        0.168095       -0.186924        0.060613
     Cl   1       -0.186924       -0.012526       -0.028788
     Cl   1        0.060613       -0.028788       -0.155569

     C    2        0.219036       -0.167112        0.309123
     C    2       -0.167112        0.140517        0.356051
     C    2        0.309123        0.356051       -0.359554

     C    3        0.235268       -0.251405        0.137451
     C    3       -0.251405        0.198348        0.377942
     C    3        0.137451        0.377942       -0.433616

     H    4        0.644824        0.398293        0.602552
     H    4        0.398293       -0.335717        0.266096
     H    4        0.602552        0.266096       -0.309107

     C    5        0.400546       -0.189309        0.187252
     C    5       -0.189309        0.059904        0.297068
     C    5        0.187252        0.297068       -0.460450

     H    6       -0.451186       -0.182302       -0.068896
     H    6       -0.182302        0.812639        0.566812
     H    6       -0.068896        0.566812       -0.361453

     H    7       -0.519929        0.001405        0.021682
     H    7        0.001405        0.778199       -0.632813
     H    7        0.021682       -0.632813       -0.258270

     C    8        0.244009        0.258691        0.342152
     C    8        0.258691        0.027891       -0.267770
     C    8        0.342152       -0.267770       -0.271901

     H    9        0.223394       -0.166055        0.802078
     H    9       -0.166055       -0.454145       -0.248364
     H    9        0.802078       -0.248364        0.230750

     C   10        0.118991        0.341336        0.233868
     C   10        0.341336        0.107583       -0.329661
     C   10        0.233868       -0.329661       -0.226574

     C   11        0.224513        0.307095        0.306943
     C   11        0.307095        0.064624       -0.338516
     C   11        0.306943       -0.338516       -0.289137

     Cl  12        0.182898        0.275975        0.040213
     Cl  12        0.275975       -0.009908        0.017028
     Cl  12        0.040213        0.017028       -0.172990

     H   13       -0.533469        0.015353        0.018396
     H   13        0.015353        0.635009        0.731646
     H   13        0.018396        0.731646       -0.101540

     C   14        0.317806       -0.161644        0.249639
     C   14       -0.161644        0.004637        0.331335
     C   14        0.249639        0.331335       -0.322443

     H   15        0.544481        0.300559        0.672277
     H   15        0.300559       -0.412665        0.263316
     H   15        0.672277        0.263316       -0.131816

     C   16        0.236026       -0.259757        0.153420
     C   16       -0.259757        0.076027        0.372046
     C   16        0.153420        0.372046       -0.312053

     C   17        0.324763       -0.129749        0.217217
     C   17       -0.129749        0.037436        0.395770
     C   17        0.217217        0.395770       -0.362200

     Cl  18        0.190425       -0.235839        0.012144
     Cl  18       -0.235839       -0.039620       -0.002249
     Cl  18        0.012144       -0.002249       -0.150805

     H   19       -0.518326        0.009107        0.022009
     H   19        0.009107        0.765267       -0.637105
     H   19        0.022009       -0.637105       -0.246940

     C   20        0.245392        0.228925        0.322767
     C   20        0.228925        0.056993       -0.257174
     C   20        0.322767       -0.257174       -0.302385

     H   21        0.329104       -0.177762        0.796164
     H   21       -0.177762       -0.515628       -0.224434
     H   21        0.796164       -0.224434        0.186525

     C   22        0.085983        0.267583        0.252958
     C   22        0.267583        0.149062       -0.355624
     C   22        0.252958       -0.355624       -0.235045

     C   23        0.115492        0.175792        0.319174
     C   23        0.175792        0.086076       -0.413566
     C   23        0.319174       -0.413566       -0.201569

     Cl  24        0.130250        0.180314        0.005514
     Cl  24        0.180314        0.013429       -0.000273
     Cl  24        0.005514       -0.000273       -0.143679

     ----- GIPAW term -----
     Cl   1       -0.879822        0.295347        0.219037
     Cl   1        0.295347        1.402103        1.286382
     Cl   1        0.219037        1.286382       -0.522282

     C    2       -0.045521       -0.025957       -0.021800
     C    2       -0.025957        0.209978        0.004228
     C    2       -0.021800        0.004228       -0.164456

     C    3       -0.065615       -0.071438        0.024959
     C    3       -0.071438        0.086910       -0.005757
     C    3        0.024959       -0.005757       -0.021296

     H    4       -0.000000        0.000000        0.000000
     H    4        0.000000        0.000000        0.000000
     H    4        0.000000        0.000000        0.000000

     C    5       -0.030432       -0.119407       -0.039093
     C    5       -0.119407        0.135409       -0.069743
     C    5       -0.039093       -0.069743       -0.104977

     H    6       -0.000000        0.000000        0.000000
     H    6        0.000000        0.000000        0.000000
     H    6        0.000000        0.000000        0.000000

     H    7       -0.000000        0.000000        0.000000
     H    7        0.000000        0.000000        0.000000
     H    7        0.000000        0.000000        0.000000

     C    8       -0.106596       -0.108836       -0.041501
     C    8       -0.108836        0.164724        0.017212
     C    8       -0.041501        0.017212       -0.058128

     H    9       -0.000000        0.000000        0.000000
     H    9        0.000000        0.000000        0.000000
     H    9        0.000000        0.000000        0.000000

     C   10       -0.045208       -0.111669       -0.037491
     C   10       -0.111669        0.116042        0.136279
     C   10       -0.037491        0.136279       -0.070834

     C   11       -0.126340       -0.033649       -0.041355
     C   11       -0.033649        0.213121        0.085319
     C   11       -0.041355        0.085319       -0.086781

     Cl  12       -0.068830        0.464579       -1.054312
     Cl  12        0.464579        1.011492        2.076313
     Cl  12       -1.054312        2.076313       -0.942662

     H   13       -0.000000        0.000000        0.000000
     H   13        0.000000        0.000000        0.000000
     H   13        0.000000        0.000000        0.000000

     C   14       -0.228687        0.034748       -0.026670
     C   14        0.034748        0.314525       -0.004724
     C   14       -0.026670       -0.004724       -0.085838

     H   15       -0.000000        0.000000        0.000000
     H   15        0.000000        0.000000        0.000000
     H   15        0.000000        0.000000        0.000000

     C   16       -0.097057       -0.109055       -0.048742
     C   16       -0.109055        0.210158       -0.082403
     C   16       -0.048742       -0.082403       -0.113102

     C   17       -0.076499       -0.172872       -0.074433
     C   17       -0.172872        0.180496        0.073274
     C   17       -0.074433        0.073274       -0.103997

     Cl  18        2.330593       -3.421301       -0.594388
     Cl  18       -3.421301       -0.051413        0.222869
     Cl  18       -0.594388        0.222869       -2.279180

     H   19       -0.000000        0.000000        0.000000
     H   19        0.000000        0.000000        0.000000
     H   19        0.000000        0.000000        0.000000

     C   20       -0.102665        0.030400       -0.025518
     C   20        0.030400        0.258061        0.053971
     C   20       -0.025518        0.053971       -0.155396

     H   21       -0.000000        0.000000        0.000000
     H   21        0.000000        0.000000        0.000000
     H   21        0.000000        0.000000        0.000000

     C   22       -0.230555       -0.031987       -0.051528
     C   22       -0.031987        0.277029       -0.101578
     C   22       -0.051528       -0.101578       -0.046474

     C   23       -0.062437        0.003260        0.015545
     C   23        0.003260        0.211886       -0.097771
     C   23        0.015545       -0.097771       -0.149449

     Cl  24       -0.307826       -0.469904        0.234468
     Cl  24       -0.469904        2.383796       -0.844896
     Cl  24        0.234468       -0.844896       -2.075970

     ----- total EFG -----
     Cl   1       -0.797781        0.378700        0.243055
     Cl   1        0.378700        1.189251        1.071827
     Cl   1        0.243055        1.071827       -0.391470

     C    2        0.316630       -0.221298        0.039339
     C    2       -0.221298        0.255722       -0.250163
     C    2        0.039339       -0.250163       -0.572351

     C    3       -0.363371       -0.018265        0.145583
     C    3       -0.018265        0.302349        0.304377
     C    3        0.145583        0.304377        0.061022

     H    4        0.605285        0.047198        0.390628
     H    4        0.047198       -0.744427        0.233215
     H    4        0.390628        0.233215        0.139143

     C    5        0.334124       -0.550225       -0.265500
     C    5       -0.550225        0.139587       -0.223693
     C    5       -0.265500       -0.223693       -0.473711

     H    6       -0.289081        0.067884       -0.153085
     H    6        0.067884        0.325558        0.489644
     H    6       -0.153085        0.489644       -0.036477

     H    7       -0.272477        0.101038        0.155985
     H    7        0.101038        0.472346       -0.090410
     H    7        0.155985       -0.090410       -0.199869

     C    8       -0.511510       -0.174050       -0.065559
     C    8       -0.174050        0.574226       -0.185765
     C    8       -0.065559       -0.185765       -0.062716

     H    9        0.389341       -0.106771        0.495818
     H    9       -0.106771       -0.164073       -0.496304
     H    9        0.495818       -0.496304       -0.225268

     C   10        0.181518       -0.077992        0.127318
     C   10       -0.077992        0.089863        0.318991
     C   10        0.127318        0.318991       -0.271381

     C   11       -0.443470       -0.145976       -0.063911
     C   11       -0.145976        0.499825       -0.066844
     C   11       -0.063911       -0.066844       -0.056355

     Cl  12        0.088106        0.678370       -1.099951
     Cl  12        0.678370        1.006972        2.162981
     Cl  12       -1.099951        2.162981       -1.095078

     H   13       -0.036373       -0.019444        0.007189
     H   13       -0.019444        0.220930        0.258953
     H   13        0.007189        0.258953       -0.184557

     C   14       -0.767162        0.245262       -0.109138
     C   14        0.245262        0.822221        0.192873
     C   14       -0.109138        0.192873       -0.055059

     H   15        0.202706        0.401609        0.149364
     H   15        0.401609       -0.265366        0.226541
     H   15        0.149364        0.226541        0.062660

     C   16        0.111055       -0.383531       -0.157675
     C   16       -0.383531        0.202186       -0.345365
     C   16       -0.157675       -0.345365       -0.313241

     C   17       -0.376000        0.074258       -0.161785
     C   17        0.074258        0.413942        0.334047
     C   17       -0.161785        0.334047       -0.037941

     Cl  18        2.628645       -3.824347       -0.642431
     Cl  18       -3.824347       -0.091170        0.240757
     Cl  18       -0.642431        0.240757       -2.537475

     H   19       -0.085034       -0.050880        0.000665
     H   19       -0.050880       -0.026236       -0.480444
     H   19        0.000665       -0.480444        0.111271

     C   20        0.062985        0.302370        0.036923
     C   20        0.302370        0.344072        0.250633
     C   20        0.036923        0.250633       -0.407057

     H   21        0.389334       -0.013060        0.424940
     H   21       -0.013060       -0.367802        0.307520
     H   21        0.424940        0.307520       -0.021532

     C   22       -0.927595       -0.124006       -0.125898
     C   22       -0.124006        0.784293       -0.403846
     C   22       -0.125898       -0.403846        0.143302

     C   23        0.139681        0.115722        0.170259
     C   23        0.115722        0.157588        0.019813
     C   23        0.170259        0.019813       -0.297269

     Cl  24       -0.351488       -0.563065        0.251457
     Cl  24       -0.563065        2.526746       -0.887440
     Cl  24        0.251457       -0.887440       -2.175259

     ----- total EFG (symmetrized) -----
     Cl   1       -0.797781        0.378700        0.243055
     Cl   1        0.378700        1.189251        1.071827
     Cl   1        0.243055        1.071827       -0.391470

     C    2        0.316630       -0.221298        0.039339
     C    2       -0.221298        0.255722       -0.250163
     C    2        0.039339       -0.250163       -0.572351

     C    3       -0.363371       -0.018265        0.145583
     C    3       -0.018265        0.302349        0.304377
     C    3        0.145583        0.304377        0.061022

     H    4        0.605285        0.047198        0.390628
     H    4        0.047198       -0.744427        0.233215
     H    4        0.390628        0.233215        0.139143

     C    5        0.334124       -0.550225       -0.265500
     C    5       -0.550225        0.139587       -0.223693
     C    5       -0.265500       -0.223693       -0.473711

     H    6       -0.289081        0.067884       -0.153085
     H    6        0.067884        0.325558        0.489644
     H    6       -0.153085        0.489644       -0.036477

     H    7       -0.272477        0.101038        0.155985
     H    7        0.101038        0.472346       -0.090410
     H    7        0.155985       -0.090410       -0.199869

     C    8       -0.511510       -0.174050       -0.065559
     C    8       -0.174050        0.574226       -0.185765
     C    8       -0.065559       -0.185765       -0.062716

     H    9        0.389341       -0.106771        0.495818
     H    9       -0.106771       -0.164073       -0.496304
     H    9        0.495818       -0.496304       -0.225268

     C   10        0.181518       -0.077992        0.127318
     C   10       -0.077992        0.089863        0.318991
     C   10        0.127318        0.318991       -0.271381

     C   11       -0.443470       -0.145976       -0.063911
     C   11       -0.145976        0.499825       -0.066844
     C   11       -0.063911       -0.066844       -0.056355

     Cl  12        0.088106        0.678370       -1.099951
     Cl  12        0.678370        1.006972        2.162981
     Cl  12       -1.099951        2.162981       -1.095078

     H   13       -0.036373       -0.019444        0.007189
     H   13       -0.019444        0.220930        0.258953
     H   13        0.007189        0.258953       -0.184557

     C   14       -0.767162        0.245262       -0.109138
     C   14        0.245262        0.822221        0.192873
     C   14       -0.109138        0.192873       -0.055059

     H   15        0.202706        0.401609        0.149364
     H   15        0.401609       -0.265366        0.226541
     H   15        0.149364        0.226541        0.062660

     C   16        0.111055       -0.383531       -0.157675
     C   16       -0.383531        0.202186       -0.345365
     C   16       -0.157675       -0.345365       -0.313241

     C   17       -0.376000        0.074258       -0.161785
     C   17        0.074258        0.413942        0.334047
     C   17       -0.161785        0.334047       -0.037941

     Cl  18        2.628645       -3.824347       -0.642431
     Cl  18       -3.824347       -0.091170        0.240757
     Cl  18       -0.642431        0.240757       -2.537475

     H   19       -0.085034       -0.050880        0.000665
     H   19       -0.050880       -0.026236       -0.480444
     H   19        0.000665       -0.480444        0.111271

     C   20        0.062985        0.302370        0.036923
     C   20        0.302370        0.344072        0.250633
     C   20        0.036923        0.250633       -0.407057

     H   21        0.389334       -0.013060        0.424940
     H   21       -0.013060       -0.367802        0.307520
     H   21        0.424940        0.307520       -0.021532

     C   22       -0.927595       -0.124006       -0.125898
     C   22       -0.124006        0.784293       -0.403846
     C   22       -0.125898       -0.403846        0.143302

     C   23        0.139681        0.115722        0.170259
     C   23        0.115722        0.157588        0.019813
     C   23        0.170259        0.019813       -0.297269

     Cl  24       -0.351488       -0.563065        0.251457
     Cl  24       -0.563065        2.526746       -0.887440
     Cl  24        0.251457       -0.887440       -2.175259


     NQR/NMR SPECTROSCOPIC PARAMETERS:
     Cl   1    Vxx=   -0.8497    axis=(  0.864071 -0.350437  0.361353)
     Cl   1    Vyy=   -0.9578    axis=( -0.474019 -0.324927  0.818369)
     Cl   1    Vzz=    1.8075    axis=(  0.169373  0.878417  0.446874)
     Cl   1  Q=        -8.1650 1e-30 m^2  Cq=       -34.6767 MHz  eta= 0.05980

     C    2    Vxx=    0.0976    axis=(  0.713381  0.669196 -0.208002)
     C    2    Vyy=    0.5450    axis=( -0.700376  0.690877 -0.179338)
     C    2    Vzz=   -0.6426    axis=(  0.023691  0.273616  0.961547)
     C    2  Q=         1.0000 1e-30 m^2  Cq=        -1.5098 MHz  eta= 0.69632

     C    3    Vxx=   -0.0858    axis=( -0.416330  0.548826 -0.724886)
     C    3    Vyy=   -0.4285    axis=( -0.905857 -0.181942  0.382517)
     C    3    Vzz=    0.5143    axis=(  0.078049  0.815896  0.572906)
     C    3  Q=         1.0000 1e-30 m^2  Cq=         1.2085 MHz  eta= 0.66631

     H    4    Vxx=   -0.0388    axis=( -0.516428  0.237376  0.822773)
     H    4    Vyy=   -0.8040    axis=(  0.038253  0.966248 -0.254759)
     H    4    Vzz=    0.8428    axis=( -0.855476 -0.100092 -0.508078)
     H    4  Q=         1.0000 1e-30 m^2  Cq=         1.9803 MHz  eta= 0.90803

     C    5    Vxx=   -0.0491    axis=(  0.468191  0.626694 -0.622938)
     C    5    Vyy=   -0.7495    axis=(  0.424282  0.458954  0.780606)
     C    5    Vzz=    0.7987    axis=( -0.775101  0.629774  0.051017)
     C    5  Q=         1.0000 1e-30 m^2  Cq=         1.8765 MHz  eta= 0.87698

     H    6    Vxx=   -0.1638    axis=(  0.792196  0.373225 -0.482834)
     H    6    Vyy=   -0.5039    axis=( -0.609312  0.439491 -0.659990)
     H    6    Vzz=    0.6677    axis=(  0.034124 -0.817038 -0.575573)
     H    6  Q=         1.0000 1e-30 m^2  Cq=         1.5687 MHz  eta= 0.50934

     H    7    Vxx=   -0.0761    axis=(  0.626115  0.013171  0.779620)
     H    7    Vyy=   -0.4169    axis=(  0.772047 -0.150497 -0.617490)
     H    7    Vzz=    0.4931    axis=( -0.109197 -0.988523  0.104397)
     H    7  Q=         1.0000 1e-30 m^2  Cq=         1.1585 MHz  eta= 0.69121

     C    8    Vxx=   -0.0870    axis=( -0.231391  0.206185  0.950761)
     C    8    Vyy=   -0.5574    axis=(  0.963977  0.180361  0.195494)
     C    8    Vzz=    0.6444    axis=( -0.131172  0.961747 -0.240491)
     C    8  Q=         1.0000 1e-30 m^2  Cq=         1.5141 MHz  eta= 0.72985

     H    9    Vxx=   -0.0226    axis=(  0.594079  0.730795 -0.336168)
     H    9    Vyy=   -0.7747    axis=( -0.274666  0.577078  0.769116)
     H    9    Vzz=    0.7973    axis=(  0.756061 -0.364582  0.543554)
     H    9  Q=         1.0000 1e-30 m^2  Cq=         1.8733 MHz  eta= 0.94339

     C   10    Vxx=    0.2145    axis=(  0.974884 -0.064323  0.213221)
     C   10    Vyy=    0.2760    axis=( -0.050780  0.867967  0.494019)
     C   10    Vzz=   -0.4905    axis=( -0.216845 -0.492438  0.842901)
     C   10  Q=         1.0000 1e-30 m^2  Cq=        -1.1525 MHz  eta= 0.12533

     C   11    Vxx=   -0.0491    axis=( -0.184845  0.070214  0.980256)
     C   11    Vyy=   -0.4783    axis=(  0.972497  0.156894  0.172144)
     C   11    Vzz=    0.5274    axis=( -0.141710  0.985116 -0.097284)
     C   11  Q=         1.0000 1e-30 m^2  Cq=         1.2392 MHz  eta= 0.81385

     Cl  12    Vxx=    0.6304    axis=(  0.922080  0.209164 -0.325605)
     Cl  12    Vyy=    2.3608    axis=( -0.004437  0.847017  0.531547)
     Cl  12    Vzz=   -2.9912    axis=(  0.386974 -0.488684  0.781946)
     Cl  12  Q=        -8.1650 1e-30 m^2  Cq=        57.3847 MHz  eta= 0.57850

     H   13    Vxx=   -0.0361    axis=(  0.997820  0.009723  0.065274)
     H   13    Vyy=   -0.3115    axis=(  0.054419  0.438327 -0.897167)
     H   13    Vzz=    0.3476    axis=( -0.037335  0.898763  0.436842)
     H   13  Q=         1.0000 1e-30 m^2  Cq=         0.8167 MHz  eta= 0.79234

     C   14    Vxx=   -0.0629    axis=( -0.203546 -0.154284  0.966833)
     C   14    Vyy=   -0.8289    axis=( -0.970130  0.164893 -0.177927)
     C   14    Vzz=    0.8917    axis=( -0.131973 -0.974170 -0.183238)
     C   14  Q=         1.0000 1e-30 m^2  Cq=         2.0952 MHz  eta= 0.85901

     H   15    Vxx=   -0.0316    axis=( -0.503259 -0.027597  0.863695)
     H   15    Vyy=   -0.5245    axis=( -0.435064  0.871666 -0.225651)
     H   15    Vzz=    0.5561    axis=( -0.746626 -0.489324 -0.450680)
     H   15  Q=         1.0000 1e-30 m^2  Cq=         1.3065 MHz  eta= 0.88631

     C   16    Vxx=    0.0578    axis=(  0.695950  0.353638 -0.624975)
     C   16    Vyy=    0.5748    axis=( -0.582216  0.787328 -0.202829)
     C   16    Vzz=   -0.6325    axis=(  0.420332  0.505029  0.753834)
     C   16  Q=         1.0000 1e-30 m^2  Cq=        -1.4862 MHz  eta= 0.81736

     C   17    Vxx=   -0.1006    axis=(  0.542045  0.401134 -0.738430)
     C   17    Vyy=   -0.4908    axis=( -0.840276  0.247147 -0.482549)
     C   17    Vzz=    0.5914    axis=(  0.011067 -0.882049 -0.471028)
     C   17  Q=         1.0000 1e-30 m^2  Cq=         1.3895 MHz  eta= 0.65963

     Cl  18    Vxx=   -2.4924    axis=( -0.230073 -0.452790  0.861422)
     Cl  18    Vyy=   -2.8909    axis=( -0.531544 -0.682999 -0.500973)
     Cl  18    Vzz=    5.3833    axis=( -0.815186  0.573144  0.083538)
     Cl  18  Q=        -8.1650 1e-30 m^2  Cq=      -103.2762 MHz  eta= 0.07401

     H   19    Vxx=   -0.0829    axis=(  0.992965 -0.043183 -0.110250)
     H   19    Vyy=   -0.4468    axis=(  0.104811  0.753750  0.648749)
     H   19    Vzz=    0.5297    axis=(  0.055086 -0.655741  0.752974)
     H   19  Q=         1.0000 1e-30 m^2  Cq=         1.2446 MHz  eta= 0.68702

     C   20    Vxx=   -0.1022    axis=(  0.860966 -0.439104 -0.256760)
     C   20    Vyy=   -0.4891    axis=(  0.114730 -0.324130  0.939030)
     C   20    Vzz=    0.5913    axis=( -0.495556 -0.837930 -0.228687)
     C   20  Q=         1.0000 1e-30 m^2  Cq=         1.3893 MHz  eta= 0.65419

     H   21    Vxx=   -0.0707    axis=(  0.519864 -0.625295 -0.582021)
     H   21    Vyy=   -0.6090    axis=(  0.260695  0.764951 -0.588972)
     H   21    Vzz=    0.6797    axis=( -0.813499 -0.154455 -0.560682)
     H   21  Q=         1.0000 1e-30 m^2  Cq=         1.5971 MHz  eta= 0.79196

     C   22    Vxx=   -0.0210    axis=( -0.180842  0.418493  0.890034)
     C   22    Vyy=   -0.9601    axis=( -0.983048 -0.104726 -0.150499)
     C   22    Vzz=    0.9811    axis=(  0.030227 -0.902162  0.430337)
     C   22  Q=         1.0000 1e-30 m^2  Cq=         2.3052 MHz  eta= 0.95718

     C   23    Vxx=    0.0607    axis=(  0.597977 -0.764078  0.242092)
     C   23    Vyy=    0.2958    axis=(  0.729365  0.643975  0.230916)
     C   23    Vzz=   -0.3565    axis=( -0.332339  0.038491  0.942374)
     C   23  Q=         1.0000 1e-30 m^2  Cq=        -0.8376 MHz  eta= 0.65922

     Cl  24    Vxx=   -0.4543    axis=(  0.979467  0.197317  0.041365)
     Cl  24    Vyy=   -2.3483    axis=(  0.075761 -0.170103 -0.982510)
     Cl  24    Vzz=    2.8026    axis=( -0.186830  0.965469 -0.181559)
     Cl  24  Q=        -8.1650 1e-30 m^2  Cq=       -53.7663 MHz  eta= 0.67580

     Initialization:
     gipaw_setup  :      9.26s CPU     11.15s WALL (       1 calls)

     Linear response

     Apply operators

     Induced current

     Other routines
     efg          :      9.74s CPU     12.65s WALL (       1 calls)

     General routines
     calbec       :      3.33s CPU      4.45s WALL (      16 calls)
     fft          :      1.74s CPU      2.82s WALL (      15 calls)
     ffts         :      0.04s CPU      0.05s WALL (       2 calls)
     fftw         :      3.61s CPU      4.50s WALL (     672 calls)
     davcio       :      0.04s CPU      0.33s WALL (      32 calls)

     Parallel routines
     fft_scatter  :      2.60s CPU      4.45s WALL (     689 calls)

     Plugins

     GIPAW        :     62.50s CPU     75.86s WALL (       1 calls)
