
     Program QE v.6.0 (svn rev. 13079) starts on 25Dec2016 at 20:51:42 

     This program is part of the open-source Quantum ESPRESSO suite
     for quantum simulation of materials; please cite
         "P. Giannozzi et al., J. Phys.:Condens. Matter 21 395502 (2009);
          URL http://www.quantum-espresso.org", 
     in publications or presentations arising from this work. More details at
     http://www.quantum-espresso.org/quote

     Parallel version (MPI), running on     8 processors
     R & G space division:  proc/nbgrp/npool/nimage =       8

     ***** This is GIPAW svn revision unknown      *****

     Parallelizing q-star over 1 images

     Reading data from directory:
     /users/majewski/paradichlorobenzene/pbe/9_constraint/scratch/pbe.ecut100.np8.dt60.pcl2phi-129368.save
     Message from routine read_xml_file:
     file /users/majewski/paradichlorobenzene/pbe/9_constraint/scratch/pbe.ecut100.np8.dt60.pcl2phi-129368.save not guaranteed to be safe for post-processing

   Info: using nr1, nr2, nr3 values from input

   Info: using nr1, nr2, nr3 values from input

     IMPORTANT: XC functional enforced from input :
     Exchange-correlation      =  SLA  PW   PBX  PBC ( 1  4  3  4 0 0)
     Any further DFT definition will be discarded
     Please, verify this is what you really want

               file C.pbe-n-kjpaw_psl.1.0.0.UPF: wavefunction(s)  2S 2P renormalized
               file Cl.pbe-n-kjpaw_psl.1.0.0.UPF: wavefunction(s)  3S 3P renormalized
               file H.pbe-kjpaw_psl.1.0.0.UPF: wavefunction(s)  1S renormalized

     Parallelization info
     --------------------
     sticks:   dense  smooth     PW     G-vecs:    dense   smooth      PW
     Min        3057    1223    332               144436    36536    5170
     Max        3059    1225    333               144437    36537    5171
     Sum       24467    9791   2657              1155489   292295   41363


     Subspace diagonalization in iterative solution of the eigenvalue problem:
     a serial algorithm will be used

     GIPAW projectors -----------------------------------------------
     atom=  C    l=0  rc=    1.2000  rs=    0.8000
     atom=  C    l=0  rc=    1.2000  rs=    0.8000
     atom=  C    l=1  rc=    1.4000  rs=    0.9333
     atom=  C    l=1  rc=    1.4000  rs=    0.9333
     projs nearly linearly dependent: l=1  n1,n2= 1, 2  s=  0.99951561

     atom=  Cl   l=0  rc=    1.6000  rs=    1.0667
     atom=  Cl   l=0  rc=    1.6000  rs=    1.0667
     atom=  Cl   l=1  rc=    1.6000  rs=    1.0667
     atom=  Cl   l=1  rc=    1.6000  rs=    1.0667
     atom=  Cl   l=2  rc=    1.6000  rs=    1.0667
     atom=  Cl   l=2  rc=    1.6000  rs=    1.0667
     projs nearly linearly dependent: l=2  n1,n2= 1, 2  s=  0.99993509

     atom=  H    l=0  rc=    1.0000  rs=    0.6667
     atom=  H    l=0  rc=    1.0000  rs=    0.6667
     projs nearly linearly dependent: l=0  n1,n2= 1, 2  s=  0.99968852
     -----------------------------------------------------------------

     GIPAW integrals: -------------------------------------------
     Atom  i/j   nmr_para   nmr_dia   epr_rmc  epr_para   epr_dia
       C   1 1   0.83E+03  0.17E-01  0.93E+01  0.24E+08  0.24E+03
       C   2 1   0.86E+03 -0.61E-01  0.94E+01  0.25E+08  0.25E+03
       C   2 2   0.90E+03 -0.15E+00  0.97E+01  0.26E+08  0.26E+03
       C   3 3   0.33E+01  0.34E+00  0.18E+01  0.55E+03  0.21E+02
       C   4 3   0.35E+01  0.37E+00  0.20E+01  0.59E+03  0.22E+02
       C   4 4   0.38E+01  0.39E+00  0.22E+01  0.63E+03  0.24E+02
       Cl  1 1   0.14E+04 -0.47E+00  0.84E+01  0.32E+09  0.42E+03
       Cl  2 1   0.21E+04 -0.37E+00  0.12E+02  0.49E+09  0.65E+03
       Cl  2 2   0.33E+04 -0.16E+00  0.21E+02  0.76E+09  0.10E+04
       Cl  3 3   0.21E+02  0.79E-01  0.89E+01  0.23E+05  0.13E+03
       Cl  4 3   0.24E+02  0.67E-01  0.99E+01  0.27E+05  0.15E+03
       Cl  4 4   0.28E+02  0.44E-01  0.11E+02  0.32E+05  0.18E+03
       Cl  5 5   0.77E+00  0.19E+00  0.18E+01  0.12E+03  0.22E+02
       Cl  6 5   0.80E+00  0.19E+00  0.19E+01  0.12E+03  0.23E+02
       Cl  6 6   0.83E+00  0.20E+00  0.19E+01  0.12E+03  0.23E+02
       H   1 1   0.39E+02  0.19E+00  0.29E+00  0.78E+05  0.13E+02
       H   2 1   0.41E+02  0.21E+00  0.32E+00  0.82E+05  0.14E+02
       H   2 2   0.43E+02  0.22E+00  0.36E+00  0.86E+05  0.15E+02
     ------------------------------------------------------------

     alpha_pv=     33.6734 eV

     Number of occupied bands for each k-point:
     k-point:     1    nbnd_occ=  42
     k-point:     2    nbnd_occ=  42
     k-point:     3    nbnd_occ=  42
     k-point:     4    nbnd_occ=  42
     k-point:     5    nbnd_occ=  42
     k-point:     6    nbnd_occ=  42
     k-point:     7    nbnd_occ=  42
     k-point:     8    nbnd_occ=  42
     k-point:     9    nbnd_occ=  42
     k-point:    10    nbnd_occ=  42
     k-point:    11    nbnd_occ=  42
     k-point:    12    nbnd_occ=  42
     k-point:    13    nbnd_occ=  42
     k-point:    14    nbnd_occ=  42
     k-point:    15    nbnd_occ=  42
     k-point:    16    nbnd_occ=  42


     q-space interpolation up to   110.00 Rydberg

     GIPAW job: efg                                                                             


     ELECTRIC FIELD GRADIENTS TENSORS IN Hartree/bohrradius^2:

     ----- bare term -----
     Cl   1       -0.036616       -0.051592       -0.036594
     Cl   1       -0.051592       -0.024224       -0.058216
     Cl   1       -0.036594       -0.058216        0.060841

     C    2       -0.502881        0.406711       -0.254189
     C    2        0.406711        0.146725       -0.260798
     C    2       -0.254189       -0.260798        0.356156

     C    3        0.377079        0.029070       -0.020844
     C    3        0.029070       -0.150317       -0.041447
     C    3       -0.020844       -0.041447       -0.226762

     H    4        0.151231        0.057011       -0.306087
     H    4        0.057011        0.095744        0.219483
     H    4       -0.306087        0.219483       -0.246975

     C    5       -0.271658        0.140323        0.005526
     C    5        0.140323        0.118953        0.217775
     C    5        0.005526        0.217775        0.152705

     H    6        0.402465       -0.033406        0.236927
     H    6       -0.033406        0.167186       -0.080444
     H    6        0.236927       -0.080444       -0.569651

     H    7        0.343592        0.298804        0.050969
     H    7        0.298804       -0.665344       -0.062283
     H    7        0.050969       -0.062283        0.321752

     C    8        0.013209       -0.181374       -0.046242
     C    8       -0.181374       -0.131981        0.381940
     C    8       -0.046242        0.381940        0.118772

     H    9       -0.224997        0.544169       -0.197239
     H    9        0.544169       -0.166012        0.076974
     H    9       -0.197239        0.076974        0.391009

     C   10       -0.607023       -0.336334       -0.295068
     C   10       -0.336334        0.260721        0.093920
     C   10       -0.295068        0.093920        0.346302

     C   11        0.023004       -0.172040       -0.119657
     C   11       -0.172040       -0.244812        0.415320
     C   11       -0.119657        0.415320        0.221808

     Cl  12       -0.226620       -0.236404        0.004352
     Cl  12       -0.236404        0.183115       -0.085006
     Cl  12        0.004352       -0.085006        0.043505

     H   13        0.104379        0.332538        0.165706
     H   13        0.332538       -0.323725       -0.467305
     H   13        0.165706       -0.467305        0.219346

     C   14       -0.122906       -0.295249       -0.421460
     C   14       -0.295249        0.032792       -0.510945
     C   14       -0.421460       -0.510945        0.090114

     H   15       -0.032039       -0.107358       -0.330114
     H   15       -0.107358        0.276958       -0.485394
     H   15       -0.330114       -0.485394       -0.244919

     C   16       -0.661995        0.317439       -0.285368
     C   16        0.317439        0.263090       -0.105170
     C   16       -0.285368       -0.105170        0.398905

     C   17        0.046203       -0.069081       -0.271874
     C   17       -0.069081        0.032356       -0.660455
     C   17       -0.271874       -0.660455       -0.078560

     Cl  18       -0.260885        0.211208       -0.004304
     Cl  18        0.211208        0.192667       -0.067903
     Cl  18       -0.004304       -0.067903        0.068218

     H   19        0.432038        0.069487       -0.045855
     H   19        0.069487       -0.604702        0.606793
     H   19       -0.045855        0.606793        0.172663

     C   20       -0.963996       -0.375934       -0.462245
     C   20       -0.375934        0.434155       -0.045520
     C   20       -0.462245       -0.045520        0.529841

     H   21       -0.479927       -0.171730       -0.204480
     H   21       -0.171730        0.145295        0.367818
     H   21       -0.204480        0.367818        0.334631

     C   22        0.041628       -0.124444       -0.148263
     C   22       -0.124444       -0.363292        0.434993
     C   22       -0.148263        0.434993        0.321664

     C   23       -0.793440       -0.412009       -0.353661
     C   23       -0.412009        0.336982        0.000485
     C   23       -0.353661        0.000485        0.456457

     Cl  24        0.124087       -0.016769        0.026203
     Cl  24       -0.016769       -0.150011        0.110114
     Cl  24        0.026203        0.110114        0.025924

     ----- ionic term -----
     Cl   1        0.165240       -0.221343        0.016111
     Cl   1       -0.221343       -0.050310       -0.005998
     Cl   1        0.016111       -0.005998       -0.114931

     C    2        0.157673       -0.220864        0.319446
     C    2       -0.220864       -0.105734        0.441323
     C    2        0.319446        0.441323       -0.051938

     C    3        0.114779       -0.356012        0.201396
     C    3       -0.356012       -0.007933        0.388730
     C    3        0.201396        0.388730       -0.106846

     H    4        0.419697        0.059564        0.778087
     H    4        0.059564       -0.510193        0.150879
     H    4        0.778087        0.150879        0.090497

     C    5        0.194259       -0.326303        0.282975
     C    5       -0.326303       -0.072562        0.274698
     C    5        0.282975        0.274698       -0.121697

     H    6       -0.516197       -0.100016       -0.041861
     H    6       -0.100016        0.437901        0.771632
     H    6       -0.041861        0.771632        0.078296

     H    7       -0.485095       -0.173221        0.047061
     H    7       -0.173221        0.955862       -0.398098
     H    7        0.047061       -0.398098       -0.470767

     C    8        0.326792        0.137208        0.189467
     C    8        0.137208        0.170082       -0.218388
     C    8        0.189467       -0.218388       -0.496874

     H    9        0.663388       -0.367967        0.595018
     H    9       -0.367967       -0.403588       -0.231812
     H    9        0.595018       -0.231812       -0.259800

     C   10        0.198347        0.188052        0.169661
     C   10        0.188052        0.233808       -0.304829
     C   10        0.169661       -0.304829       -0.432155

     C   11        0.276083        0.162608        0.241929
     C   11        0.162608        0.152584       -0.309978
     C   11        0.241929       -0.309978       -0.428666

     Cl  12        0.126940        0.202790       -0.012320
     Cl  12        0.202790        0.041218       -0.004097
     Cl  12       -0.012320       -0.004097       -0.168157

     H   13       -0.509772       -0.126854       -0.078581
     H   13       -0.126854        0.493657        0.770580
     H   13       -0.078581        0.770580        0.016115

     C   14        0.232499       -0.267502        0.302371
     C   14       -0.267502       -0.062589        0.301527
     C   14        0.302371        0.301527       -0.169910

     H   15        0.421320        0.142606        0.785103
     H   15        0.142606       -0.523928        0.188422
     H   15        0.785103        0.188422        0.102608

     C   16        0.116925       -0.317389        0.218327
     C   16       -0.317389        0.042686        0.373294
     C   16        0.218327        0.373294       -0.159611

     C   17        0.059577       -0.284743        0.291790
     C   17       -0.284743        0.024105        0.387242
     C   17        0.291790        0.387242       -0.083682

     Cl  18        0.113641       -0.186611        0.022373
     Cl  18       -0.186611        0.025233       -0.001546
     Cl  18        0.022373       -0.001546       -0.138873

     H   19       -0.506918       -0.125663        0.076005
     H   19       -0.125663        0.738436       -0.637734
     H   19        0.076005       -0.637734       -0.231519

     C   20        0.337245        0.176935        0.258283
     C   20        0.176935        0.066711       -0.266639
     C   20        0.258283       -0.266639       -0.403956

     H   21        0.714850       -0.252512        0.623151
     H   21       -0.252512       -0.433812       -0.180896
     H   21        0.623151       -0.180896       -0.281038

     C   22        0.205694        0.219706        0.180115
     C   22        0.219706        0.173017       -0.336767
     C   22        0.180115       -0.336767       -0.378711

     C   23        0.207189        0.104926        0.178684
     C   23        0.104926        0.183598       -0.374358
     C   23        0.178684       -0.374358       -0.390787

     Cl  24        0.124789        0.202975       -0.002094
     Cl  24        0.202975        0.018433       -0.011373
     Cl  24       -0.002094       -0.011373       -0.143222

     ----- GIPAW term -----
     Cl   1        0.366778       -2.721499        0.715050
     Cl   1       -2.721499        0.182462       -1.611273
     Cl   1        0.715050       -1.611273       -0.549239

     C    2       -0.130536       -0.011258       -0.019934
     C    2       -0.011258        0.182564       -0.136349
     C    2       -0.019934       -0.136349       -0.052029

     C    3        0.028920       -0.007225        0.004602
     C    3       -0.007225        0.008642        0.029487
     C    3        0.004602        0.029487       -0.037561

     H    4       -0.000000        0.000000        0.000000
     H    4        0.000000        0.000000        0.000000
     H    4        0.000000        0.000000        0.000000

     C    5       -0.002513       -0.017545        0.018010
     C    5       -0.017545        0.001311        0.037998
     C    5        0.018010        0.037998        0.001202

     H    6       -0.000000        0.000000        0.000000
     H    6        0.000000        0.000000        0.000000
     H    6        0.000000        0.000000        0.000000

     H    7       -0.000000        0.000000        0.000000
     H    7        0.000000        0.000000        0.000000
     H    7        0.000000        0.000000        0.000000

     C    8       -0.053062       -0.107877        0.026585
     C    8       -0.107877        0.177448        0.023791
     C    8        0.026585        0.023791       -0.124386

     H    9       -0.000000        0.000000        0.000000
     H    9        0.000000        0.000000        0.000000
     H    9        0.000000        0.000000        0.000000

     C   10       -0.143529       -0.132814       -0.049368
     C   10       -0.132814        0.216942       -0.011595
     C   10       -0.049368       -0.011595       -0.073412

     C   11       -0.032897       -0.014455        0.055328
     C   11       -0.014455        0.094783       -0.139360
     C   11        0.055328       -0.139360       -0.061887

     Cl  12       -0.237624        0.795097        0.042071
     Cl  12        0.795097        1.939403       -0.911875
     Cl  12        0.042071       -0.911875       -1.701779

     H   13       -0.000000        0.000000        0.000000
     H   13        0.000000        0.000000        0.000000
     H   13        0.000000        0.000000        0.000000

     C   14       -0.037607       -0.213719       -0.068731
     C   14       -0.213719        0.176018       -0.069336
     C   14       -0.068731       -0.069336       -0.138411

     H   15       -0.000000        0.000000        0.000000
     H   15        0.000000        0.000000        0.000000
     H   15        0.000000        0.000000        0.000000

     C   16       -0.174552       -0.112101       -0.075409
     C   16       -0.112101        0.246836        0.090759
     C   16       -0.075409        0.090759       -0.072284

     C   17       -0.058815       -0.049381       -0.034997
     C   17       -0.049381        0.246586       -0.094400
     C   17       -0.034997       -0.094400       -0.187772

     Cl  18       -0.299547       -1.361733       -0.100413
     Cl  18       -1.361733        1.939319       -0.551656
     Cl  18       -0.100413       -0.551656       -1.639772

     H   19       -0.000000        0.000000        0.000000
     H   19        0.000000        0.000000        0.000000
     H   19        0.000000        0.000000        0.000000

     C   20       -0.245470       -0.048656       -0.041191
     C   20       -0.048656        0.191371       -0.210124
     C   20       -0.041191       -0.210124        0.054099

     H   21       -0.000000        0.000000        0.000000
     H   21        0.000000        0.000000        0.000000
     H   21        0.000000        0.000000        0.000000

     C   22       -0.120756        0.022283       -0.019966
     C   22        0.022283        0.090395       -0.173414
     C   22       -0.019966       -0.173414        0.030361

     C   23       -0.173812       -0.042806       -0.001774
     C   23       -0.042806        0.185824       -0.186209
     C   23       -0.001774       -0.186209       -0.012012

     Cl  24       -0.157925        0.540136        0.513078
     Cl  24        0.540136        1.140122       -1.651300
     Cl  24        0.513078       -1.651300       -0.982197

     ----- total EFG -----
     Cl   1        0.495402       -2.994434        0.694567
     Cl   1       -2.994434        0.107927       -1.675488
     Cl   1        0.694567       -1.675488       -0.603329

     C    2       -0.475744        0.174589        0.045322
     C    2        0.174589        0.223554        0.044177
     C    2        0.045322        0.044177        0.252190

     C    3        0.520778       -0.334167        0.185154
     C    3       -0.334167       -0.149609        0.376770
     C    3        0.185154        0.376770       -0.371169

     H    4        0.570927        0.116575        0.472000
     H    4        0.116575       -0.414449        0.370362
     H    4        0.472000        0.370362       -0.156478

     C    5       -0.079912       -0.203525        0.306511
     C    5       -0.203525        0.047703        0.530471
     C    5        0.306511        0.530471        0.032209

     H    6       -0.113732       -0.133422        0.195067
     H    6       -0.133422        0.605087        0.691188
     H    6        0.195067        0.691188       -0.491355

     H    7       -0.141503        0.125583        0.098030
     H    7        0.125583        0.290518       -0.460381
     H    7        0.098030       -0.460381       -0.149015

     C    8        0.286940       -0.152042        0.169810
     C    8       -0.152042        0.215550        0.187342
     C    8        0.169810        0.187342       -0.502489

     H    9        0.438390        0.176202        0.397778
     H    9        0.176202       -0.569600       -0.154838
     H    9        0.397778       -0.154838        0.131210

     C   10       -0.552205       -0.281097       -0.174774
     C   10       -0.281097        0.711470       -0.222504
     C   10       -0.174774       -0.222504       -0.159265

     C   11        0.266190       -0.023887        0.177601
     C   11       -0.023887        0.002555       -0.034019
     C   11        0.177601       -0.034019       -0.268745

     Cl  12       -0.337304        0.761483        0.034102
     Cl  12        0.761483        2.163736       -1.000978
     Cl  12        0.034102       -1.000978       -1.826431

     H   13       -0.405393        0.205684        0.087124
     H   13        0.205684        0.169932        0.303275
     H   13        0.087124        0.303275        0.235461

     C   14        0.071985       -0.776470       -0.187821
     C   14       -0.776470        0.146222       -0.278754
     C   14       -0.187821       -0.278754       -0.218207

     H   15        0.389281        0.035249        0.454989
     H   15        0.035249       -0.246970       -0.296973
     H   15        0.454989       -0.296973       -0.142311

     C   16       -0.719621       -0.112051       -0.142450
     C   16       -0.112051        0.552612        0.358883
     C   16       -0.142450        0.358883        0.167010

     C   17        0.046966       -0.403204       -0.015081
     C   17       -0.403204        0.303047       -0.367613
     C   17       -0.015081       -0.367613       -0.350013

     Cl  18       -0.446792       -1.337136       -0.082344
     Cl  18       -1.337136        2.157219       -0.621105
     Cl  18       -0.082344       -0.621105       -1.710427

     H   19       -0.074879       -0.056177        0.030150
     H   19       -0.056177        0.133735       -0.030941
     H   19        0.030150       -0.030941       -0.058855

     C   20       -0.872221       -0.247655       -0.245153
     C   20       -0.247655        0.692237       -0.522283
     C   20       -0.245153       -0.522283        0.179983

     H   21        0.234923       -0.424242        0.418671
     H   21       -0.424242       -0.288517        0.186922
     H   21        0.418671        0.186922        0.053594

     C   22        0.126566        0.117546        0.011887
     C   22        0.117546       -0.099880       -0.075187
     C   22        0.011887       -0.075187       -0.026685

     C   23       -0.760063       -0.349889       -0.176751
     C   23       -0.349889        0.706405       -0.560082
     C   23       -0.176751       -0.560082        0.053658

     Cl  24        0.090951        0.726343        0.537187
     Cl  24        0.726343        1.008545       -1.552559
     Cl  24        0.537187       -1.552559       -1.099496

     ----- total EFG (symmetrized) -----
     Cl   1        0.495402       -2.994434        0.694567
     Cl   1       -2.994434        0.107927       -1.675488
     Cl   1        0.694567       -1.675488       -0.603329

     C    2       -0.475744        0.174589        0.045322
     C    2        0.174589        0.223554        0.044177
     C    2        0.045322        0.044177        0.252190

     C    3        0.520778       -0.334167        0.185154
     C    3       -0.334167       -0.149609        0.376770
     C    3        0.185154        0.376770       -0.371169

     H    4        0.570927        0.116575        0.472000
     H    4        0.116575       -0.414449        0.370362
     H    4        0.472000        0.370362       -0.156478

     C    5       -0.079912       -0.203525        0.306511
     C    5       -0.203525        0.047703        0.530471
     C    5        0.306511        0.530471        0.032209

     H    6       -0.113732       -0.133422        0.195067
     H    6       -0.133422        0.605087        0.691188
     H    6        0.195067        0.691188       -0.491355

     H    7       -0.141503        0.125583        0.098030
     H    7        0.125583        0.290518       -0.460381
     H    7        0.098030       -0.460381       -0.149015

     C    8        0.286940       -0.152042        0.169810
     C    8       -0.152042        0.215550        0.187342
     C    8        0.169810        0.187342       -0.502489

     H    9        0.438390        0.176202        0.397778
     H    9        0.176202       -0.569600       -0.154838
     H    9        0.397778       -0.154838        0.131210

     C   10       -0.552205       -0.281097       -0.174774
     C   10       -0.281097        0.711470       -0.222504
     C   10       -0.174774       -0.222504       -0.159265

     C   11        0.266190       -0.023887        0.177601
     C   11       -0.023887        0.002555       -0.034019
     C   11        0.177601       -0.034019       -0.268745

     Cl  12       -0.337304        0.761483        0.034102
     Cl  12        0.761483        2.163736       -1.000978
     Cl  12        0.034102       -1.000978       -1.826431

     H   13       -0.405393        0.205684        0.087124
     H   13        0.205684        0.169932        0.303275
     H   13        0.087124        0.303275        0.235461

     C   14        0.071985       -0.776470       -0.187821
     C   14       -0.776470        0.146222       -0.278754
     C   14       -0.187821       -0.278754       -0.218207

     H   15        0.389281        0.035249        0.454989
     H   15        0.035249       -0.246970       -0.296973
     H   15        0.454989       -0.296973       -0.142311

     C   16       -0.719621       -0.112051       -0.142450
     C   16       -0.112051        0.552612        0.358883
     C   16       -0.142450        0.358883        0.167010

     C   17        0.046966       -0.403204       -0.015081
     C   17       -0.403204        0.303047       -0.367613
     C   17       -0.015081       -0.367613       -0.350013

     Cl  18       -0.446792       -1.337136       -0.082344
     Cl  18       -1.337136        2.157219       -0.621105
     Cl  18       -0.082344       -0.621105       -1.710427

     H   19       -0.074879       -0.056177        0.030150
     H   19       -0.056177        0.133735       -0.030941
     H   19        0.030150       -0.030941       -0.058855

     C   20       -0.872221       -0.247655       -0.245153
     C   20       -0.247655        0.692237       -0.522283
     C   20       -0.245153       -0.522283        0.179983

     H   21        0.234923       -0.424242        0.418671
     H   21       -0.424242       -0.288517        0.186922
     H   21        0.418671        0.186922        0.053594

     C   22        0.126566        0.117546        0.011887
     C   22        0.117546       -0.099880       -0.075187
     C   22        0.011887       -0.075187       -0.026685

     C   23       -0.760063       -0.349889       -0.176751
     C   23       -0.349889        0.706405       -0.560082
     C   23       -0.176751       -0.560082        0.053658

     Cl  24        0.090951        0.726343        0.537187
     Cl  24        0.726343        1.008545       -1.552559
     Cl  24        0.537187       -1.552559       -1.099496


     NQR/NMR SPECTROSCOPIC PARAMETERS:
     Cl   1    Vxx=   -0.9322    axis=( -0.497506 -0.036144  0.866707)
     Cl   1    Vyy=   -2.9858    axis=(  0.567333  0.742267  0.356614)
     Cl   1    Vzz=    3.9179    axis=( -0.656217  0.669129 -0.348777)
     Cl   1  Q=        -8.1650 1e-30 m^2  Cq=       -75.1632 MHz  eta= 0.52416

     C    2    Vxx=    0.2056    axis=(  0.119745  0.659860 -0.741786)
     C    2    Vyy=    0.3128    axis=(  0.197088  0.716492  0.669175)
     C    2    Vzz=   -0.5184    axis=( -0.973045  0.226328  0.044254)
     C    2  Q=         1.0000 1e-30 m^2  Cq=        -1.2181 MHz  eta= 0.20691

     C    3    Vxx=    0.0910    axis=(  0.253552  0.697489  0.670239)
     C    3    Vyy=    0.6598    axis=( -0.929030  0.368606 -0.032140)
     C    3    Vzz=   -0.7507    axis=( -0.269471 -0.614523  0.741449)
     C    3  Q=         1.0000 1e-30 m^2  Cq=        -1.7639 MHz  eta= 0.75767

     H    4    Vxx=   -0.1537    axis=(  0.491976 -0.631441 -0.599368)
     H    4    Vyy=   -0.7086    axis=(  0.170114  0.744899 -0.645126)
     H    4    Vzz=    0.8623    axis=(  0.853827  0.215425  0.473889)
     H    4  Q=         1.0000 1e-30 m^2  Cq=         2.0261 MHz  eta= 0.64345

     C    5    Vxx=    0.1220    axis=( -0.853709  0.448458 -0.264699)
     C    5    Vyy=    0.5796    axis=(  0.129318  0.674953  0.726441)
     C    5    Vzz=   -0.7017    axis=( -0.504438 -0.585939  0.634207)
     C    5  Q=         1.0000 1e-30 m^2  Cq=        -1.6487 MHz  eta= 0.65216

     H    6    Vxx=   -0.0450    axis=(  0.957402 -0.093852  0.273082)
     H    6    Vyy=   -0.8953    axis=(  0.286697  0.421766 -0.860185)
     H    6    Vzz=    0.9403    axis=( -0.034447  0.901834  0.430707)
     H    6  Q=         1.0000 1e-30 m^2  Cq=         2.2093 MHz  eta= 0.90426

     H    7    Vxx=   -0.0829    axis=(  0.919257  0.143032  0.366754)
     H    7    Vyy=   -0.5022    axis=( -0.386193  0.508250  0.769764)
     H    7    Vzz=    0.5850    axis=( -0.076302 -0.849249  0.522450)
     H    7  Q=         1.0000 1e-30 m^2  Cq=         1.3746 MHz  eta= 0.71676

     C    8    Vxx=    0.1872    axis=(  0.562768  0.752150  0.342874)
     C    8    Vyy=    0.4078    axis=(  0.795256 -0.605812  0.023671)
     C    8    Vzz=   -0.5950    axis=( -0.225521 -0.259351  0.939083)
     C    8  Q=         1.0000 1e-30 m^2  Cq=        -1.3980 MHz  eta= 0.37079

     H    9    Vxx=   -0.0441    axis=( -0.494704 -0.394078  0.774578)
     H    9    Vyy=   -0.6699    axis=( -0.255071  0.917867  0.304071)
     H    9    Vzz=    0.7139    axis=( -0.830787 -0.047148 -0.554590)
     H    9  Q=         1.0000 1e-30 m^2  Cq=         1.6774 MHz  eta= 0.87655

     C   10    Vxx=   -0.1040    axis=( -0.416667  0.102825  0.903225)
     C   10    Vyy=   -0.7025    axis=(  0.892000  0.237826  0.384414)
     C   10    Vzz=    0.8064    axis=( -0.175283  0.965850 -0.190814)
     C   10  Q=         1.0000 1e-30 m^2  Cq=         1.8948 MHz  eta= 0.74215

     C   11    Vxx=    0.0012    axis=(  0.120176  0.991691 -0.045903)
     C   11    Vyy=    0.3231    axis=( -0.951209  0.101788 -0.291274)
     C   11    Vzz=   -0.3244    axis=( -0.284182  0.078668  0.955538)
     C   11  Q=         1.0000 1e-30 m^2  Cq=        -0.7621 MHz  eta= 0.99238

     Cl  12    Vxx=   -0.4951    axis=(  0.961454 -0.207380  0.180555)
     Cl  12    Vyy=   -2.0901    axis=(  0.126702 -0.248644 -0.960272)
     Cl  12    Vzz=    2.5853    axis=(  0.244035  0.946134 -0.212784)
     Cl  12  Q=        -8.1650 1e-30 m^2  Cq=       -49.5969 MHz  eta= 0.61695

     H   13    Vxx=   -0.0796    axis=( -0.232493 -0.667786  0.707113)
     H   13    Vyy=   -0.4715    axis=( -0.949733  0.312596 -0.017055)
     H   13    Vzz=    0.5511    axis=( -0.209651 -0.675534 -0.706895)
     H   13  Q=         1.0000 1e-30 m^2  Cq=         1.2949 MHz  eta= 0.71116

     C   14    Vxx=   -0.0496    axis=( -0.385356 -0.273507  0.881303)
     C   14    Vyy=   -0.8419    axis=(  0.626219  0.623963  0.467462)
     C   14    Vzz=    0.8915    axis=( -0.677754  0.732028 -0.069173)
     C   14  Q=         1.0000 1e-30 m^2  Cq=         2.0946 MHz  eta= 0.88879

     H   15    Vxx=   -0.0515    axis=(  0.417116  0.781121 -0.464612)
     H   15    Vyy=   -0.6152    axis=( -0.344890  0.609009  0.714254)
     H   15    Vzz=    0.6667    axis=(  0.840872 -0.137686  0.523428)
     H   15  Q=         1.0000 1e-30 m^2  Cq=         1.5666 MHz  eta= 0.84549

     C   16    Vxx=   -0.0417    axis=( -0.090391 -0.527240  0.844895)
     C   16    Vyy=   -0.7446    axis=(  0.989581  0.047916  0.135772)
     C   16    Vzz=    0.7863    axis=( -0.112069  0.848364  0.517415)
     C   16  Q=         1.0000 1e-30 m^2  Cq=         1.8475 MHz  eta= 0.89392

     C   17    Vxx=   -0.1038    axis=(  0.793305  0.316031 -0.520377)
     C   17    Vyy=   -0.5791    axis=(  0.334080  0.488588  0.806023)
     C   17    Vzz=    0.6829    axis=(  0.508978 -0.813269  0.282020)
     C   17  Q=         1.0000 1e-30 m^2  Cq=         1.6045 MHz  eta= 0.69608

     Cl  18    Vxx=   -0.8983    axis=(  0.886422  0.319910 -0.334535)
     Cl  18    Vyy=   -1.8885    axis=( -0.268899 -0.232371 -0.934718)
     Cl  18    Vzz=    2.7868    axis=( -0.376761  0.918511 -0.119955)
     Cl  18  Q=        -8.1650 1e-30 m^2  Cq=       -53.4635 MHz  eta= 0.35533

     H   19    Vxx=   -0.0528    axis=(  0.453194  0.276964  0.847293)
     H   19    Vyy=   -0.1017    axis=(  0.853932  0.137830 -0.501799)
     H   19    Vzz=    0.1545    axis=(  0.255763 -0.950944  0.174045)
     H   19  Q=         1.0000 1e-30 m^2  Cq=         0.3630 MHz  eta= 0.31598

     C   20    Vxx=   -0.0128    axis=( -0.364531  0.468220  0.804914)
     C   20    Vyy=   -1.0086    axis=(  0.930114  0.224650  0.290552)
     C   20    Vzz=    1.0214    axis=( -0.044782  0.854577 -0.517390)
     C   20  Q=         1.0000 1e-30 m^2  Cq=         2.3999 MHz  eta= 0.97493

     H   21    Vxx=    0.0822    axis=(  0.235066 -0.638546 -0.732805)
     H   21    Vyy=    0.6340    axis=( -0.819598  0.275065 -0.502591)
     H   21    Vzz=   -0.7162    axis=( -0.522496 -0.718748  0.458693)
     H   21  Q=         1.0000 1e-30 m^2  Cq=        -1.6828 MHz  eta= 0.77053

     C   22    Vxx=    0.0062    axis=(  0.256382 -0.353423  0.899645)
     C   22    Vyy=    0.1784    axis=( -0.907047 -0.409561  0.097597)
     C   22    Vzz=   -0.1846    axis=(  0.333967 -0.841042 -0.425575)
     C   22  Q=         1.0000 1e-30 m^2  Cq=        -0.4337 MHz  eta= 0.93240

     C   23    Vxx=   -0.1123    axis=( -0.428293  0.378346  0.820621)
     C   23    Vyy=   -0.9427    axis=(  0.895207  0.301421  0.328251)
     C   23    Vzz=    1.0550    axis=( -0.123160  0.875214 -0.467795)
     C   23  Q=         1.0000 1e-30 m^2  Cq=         2.4788 MHz  eta= 0.78707

     Cl  24    Vxx=    0.2918    axis=( -0.912967  0.047297 -0.405283)
     Cl  24    Vyy=    1.9229    axis=(  0.228730  0.881849 -0.412340)
     Cl  24    Vzz=   -2.2147    axis=( -0.337897  0.469153  0.815917)
     Cl  24  Q=        -8.1650 1e-30 m^2  Cq=        42.4876 MHz  eta= 0.73650

     Initialization:
     gipaw_setup  :      9.04s CPU     10.66s WALL (       1 calls)

     Linear response

     Apply operators

     Induced current

     Other routines
     efg          :      9.19s CPU     11.17s WALL (       1 calls)

     General routines
     calbec       :      3.24s CPU      4.08s WALL (      16 calls)
     fft          :      1.34s CPU      1.54s WALL (      15 calls)
     ffts         :      0.03s CPU      0.04s WALL (       2 calls)
     fftw         :      3.24s CPU      3.70s WALL (     672 calls)
     davcio       :      0.02s CPU      0.33s WALL (      32 calls)

     Parallel routines
     fft_scatter  :      1.92s CPU      2.49s WALL (     689 calls)

     Plugins

     GIPAW        :     60.77s CPU     70.63s WALL (       1 calls)
