
     Program QE v.6.0 (svn rev. 13079) starts on  8Jan2017 at  5: 9:11 

     This program is part of the open-source Quantum ESPRESSO suite
     for quantum simulation of materials; please cite
         "P. Giannozzi et al., J. Phys.:Condens. Matter 21 395502 (2009);
          URL http://www.quantum-espresso.org", 
     in publications or presentations arising from this work. More details at
     http://www.quantum-espresso.org/quote

     Parallel version (MPI), running on     8 processors
     R & G space division:  proc/nbgrp/npool/nimage =       8

     ***** This is GIPAW svn revision unknown      *****

     Parallelizing q-star over 1 images

     Reading data from directory:
     /users/majewski/paradichlorobenzene/pbe/9_constraint/scratch/pbe.ecut100.np8.dt60.pcl2phi-129368.save
     Message from routine read_xml_file:
     file /users/majewski/paradichlorobenzene/pbe/9_constraint/scratch/pbe.ecut100.np8.dt60.pcl2phi-129368.save not guaranteed to be safe for post-processing

   Info: using nr1, nr2, nr3 values from input

   Info: using nr1, nr2, nr3 values from input

     IMPORTANT: XC functional enforced from input :
     Exchange-correlation      =  SLA  PW   PBX  PBC ( 1  4  3  4 0 0)
     Any further DFT definition will be discarded
     Please, verify this is what you really want

               file C.pbe-n-kjpaw_psl.1.0.0.UPF: wavefunction(s)  2S 2P renormalized
               file Cl.pbe-n-kjpaw_psl.1.0.0.UPF: wavefunction(s)  3S 3P renormalized
               file H.pbe-kjpaw_psl.1.0.0.UPF: wavefunction(s)  1S renormalized

     Parallelization info
     --------------------
     sticks:   dense  smooth     PW     G-vecs:    dense   smooth      PW
     Min        3057    1223    332               144436    36536    5170
     Max        3059    1225    333               144437    36537    5171
     Sum       24467    9791   2657              1155489   292295   41363


     Subspace diagonalization in iterative solution of the eigenvalue problem:
     a serial algorithm will be used

     GIPAW projectors -----------------------------------------------
     atom=  C    l=0  rc=    1.2000  rs=    0.8000
     atom=  C    l=0  rc=    1.2000  rs=    0.8000
     atom=  C    l=1  rc=    1.4000  rs=    0.9333
     atom=  C    l=1  rc=    1.4000  rs=    0.9333
     projs nearly linearly dependent: l=1  n1,n2= 1, 2  s=  0.99951561

     atom=  Cl   l=0  rc=    1.6000  rs=    1.0667
     atom=  Cl   l=0  rc=    1.6000  rs=    1.0667
     atom=  Cl   l=1  rc=    1.6000  rs=    1.0667
     atom=  Cl   l=1  rc=    1.6000  rs=    1.0667
     atom=  Cl   l=2  rc=    1.6000  rs=    1.0667
     atom=  Cl   l=2  rc=    1.6000  rs=    1.0667
     projs nearly linearly dependent: l=2  n1,n2= 1, 2  s=  0.99993509

     atom=  H    l=0  rc=    1.0000  rs=    0.6667
     atom=  H    l=0  rc=    1.0000  rs=    0.6667
     projs nearly linearly dependent: l=0  n1,n2= 1, 2  s=  0.99968852
     -----------------------------------------------------------------

     GIPAW integrals: -------------------------------------------
     Atom  i/j   nmr_para   nmr_dia   epr_rmc  epr_para   epr_dia
       C   1 1   0.83E+03  0.17E-01  0.93E+01  0.24E+08  0.24E+03
       C   2 1   0.86E+03 -0.61E-01  0.94E+01  0.25E+08  0.25E+03
       C   2 2   0.90E+03 -0.15E+00  0.97E+01  0.26E+08  0.26E+03
       C   3 3   0.33E+01  0.34E+00  0.18E+01  0.55E+03  0.21E+02
       C   4 3   0.35E+01  0.37E+00  0.20E+01  0.59E+03  0.22E+02
       C   4 4   0.38E+01  0.39E+00  0.22E+01  0.63E+03  0.24E+02
       Cl  1 1   0.14E+04 -0.47E+00  0.84E+01  0.32E+09  0.42E+03
       Cl  2 1   0.21E+04 -0.37E+00  0.12E+02  0.49E+09  0.65E+03
       Cl  2 2   0.33E+04 -0.16E+00  0.21E+02  0.76E+09  0.10E+04
       Cl  3 3   0.21E+02  0.79E-01  0.89E+01  0.23E+05  0.13E+03
       Cl  4 3   0.24E+02  0.67E-01  0.99E+01  0.27E+05  0.15E+03
       Cl  4 4   0.28E+02  0.44E-01  0.11E+02  0.32E+05  0.18E+03
       Cl  5 5   0.77E+00  0.19E+00  0.18E+01  0.12E+03  0.22E+02
       Cl  6 5   0.80E+00  0.19E+00  0.19E+01  0.12E+03  0.23E+02
       Cl  6 6   0.83E+00  0.20E+00  0.19E+01  0.12E+03  0.23E+02
       H   1 1   0.39E+02  0.19E+00  0.29E+00  0.78E+05  0.13E+02
       H   2 1   0.41E+02  0.21E+00  0.32E+00  0.82E+05  0.14E+02
       H   2 2   0.43E+02  0.22E+00  0.36E+00  0.86E+05  0.15E+02
     ------------------------------------------------------------

     alpha_pv=     34.0708 eV

     Number of occupied bands for each k-point:
     k-point:     1    nbnd_occ=  42
     k-point:     2    nbnd_occ=  42
     k-point:     3    nbnd_occ=  42
     k-point:     4    nbnd_occ=  42
     k-point:     5    nbnd_occ=  42
     k-point:     6    nbnd_occ=  42
     k-point:     7    nbnd_occ=  42
     k-point:     8    nbnd_occ=  42
     k-point:     9    nbnd_occ=  42
     k-point:    10    nbnd_occ=  42
     k-point:    11    nbnd_occ=  42
     k-point:    12    nbnd_occ=  42
     k-point:    13    nbnd_occ=  42
     k-point:    14    nbnd_occ=  42
     k-point:    15    nbnd_occ=  42
     k-point:    16    nbnd_occ=  42


     q-space interpolation up to   110.00 Rydberg

     GIPAW job: efg                                                                             


     ELECTRIC FIELD GRADIENTS TENSORS IN Hartree/bohrradius^2:

     ----- bare term -----
     Cl   1        0.005429        0.144186        0.073323
     Cl   1        0.144186       -0.186295        0.237958
     Cl   1        0.073323        0.237958        0.180866

     C    2        0.034675       -0.017912       -0.210533
     C    2       -0.017912        0.017774       -0.607872
     C    2       -0.210533       -0.607872       -0.052449

     C    3       -0.405062        0.212508        0.042159
     C    3        0.212508        0.013380       -0.039680
     C    3        0.042159       -0.039680        0.391682

     H    4       -0.098583       -0.411638       -0.060939
     H    4       -0.411638       -0.287347        0.121657
     H    4       -0.060939        0.121657        0.385930

     C    5       -0.055367       -0.198125       -0.349233
     C    5       -0.198125       -0.007154       -0.453336
     C    5       -0.349233       -0.453336        0.062521

     H    6        0.447840       -0.115520       -0.006492
     H    6       -0.115520       -0.795319        0.002584
     H    6       -0.006492        0.002584        0.347479

     H    7        0.233247        0.067002        0.371539
     H    7        0.067002        0.047369        0.317126
     H    7        0.371539        0.317126       -0.280616

     C    8       -0.512176       -0.367036       -0.459695
     C    8       -0.367036        0.337297        0.248472
     C    8       -0.459695        0.248472        0.174878

     H    9        0.125179        0.100060       -0.278952
     H    9        0.100060        0.410223       -0.157836
     H    9       -0.278952       -0.157836       -0.535402

     C   10        0.097896       -0.313112        0.010620
     C   10       -0.313112       -0.188374        0.174463
     C   10        0.010620        0.174463        0.090478

     C   11       -0.250766       -0.252815       -0.370710
     C   11       -0.252815       -0.038130        0.359972
     C   11       -0.370710        0.359972        0.288896

     Cl  12        0.008395       -0.023552       -0.070992
     Cl  12       -0.023552       -0.021013       -0.048063
     Cl  12       -0.070992       -0.048063        0.012618

     H   13        0.374611       -0.150151        0.037140
     H   13       -0.150151       -0.553638       -0.448944
     H   13        0.037140       -0.448944        0.179027

     C   14       -0.776125        0.316048       -0.471581
     C   14        0.316048        0.225092        0.009616
     C   14       -0.471581        0.009616        0.551033

     H   15       -0.433026       -0.406312        0.182535
     H   15       -0.406312        0.275051        0.084714
     H   15        0.182535        0.084714        0.157975

     C   16       -0.012130        0.077150       -0.175978
     C   16        0.077150       -0.494717       -0.376047
     C   16       -0.175978       -0.376047        0.506847

     C   17       -0.535195        0.249247       -0.388736
     C   17        0.249247        0.051985       -0.177665
     C   17       -0.388736       -0.177665        0.483210

     Cl  18       -0.052562       -0.003126       -0.049143
     Cl  18       -0.003126       -0.008344       -0.069859
     Cl  18       -0.049143       -0.069859        0.060906

     H   19        0.128942       -0.240573        0.240050
     H   19       -0.240573       -0.216079        0.536083
     H   19        0.240050        0.536083        0.087136

     C   20       -0.192041        0.165864       -0.390177
     C   20        0.165864        0.011371        0.523125
     C   20       -0.390177        0.523125        0.180670

     H   21        0.088926        0.088506       -0.278067
     H   21        0.088506        0.437169        0.344186
     H   21       -0.278067        0.344186       -0.526095

     C   22       -0.592581       -0.355893       -0.415144
     C   22       -0.355893        0.150077       -0.012899
     C   22       -0.415144       -0.012899        0.442503

     C   23        0.041326       -0.164837       -0.116630
     C   23       -0.164837       -0.186257        0.452542
     C   23       -0.116630        0.452542        0.144931

     Cl  24        0.008382       -0.134023       -0.066368
     Cl  24       -0.134023        0.013999        0.158318
     Cl  24       -0.066368        0.158318       -0.022381

     ----- ionic term -----
     Cl   1        0.171943       -0.180953       -0.026198
     Cl   1       -0.180953       -0.020067        0.018920
     Cl   1       -0.026198        0.018920       -0.151876

     C    2        0.330505       -0.099360        0.062741
     C    2       -0.099360        0.119874        0.355331
     C    2        0.062741        0.355331       -0.450380

     C    3        0.216317       -0.142326        0.063014
     C    3       -0.142326        0.180990        0.379186
     C    3        0.063014        0.379186       -0.397306

     H    4        0.639728        0.496233        0.481391
     H    4        0.496233       -0.272251        0.263007
     H    4        0.481391        0.263007       -0.367477

     C    5        0.339038        0.005778        0.134899
     C    5        0.005778        0.112579        0.310486
     C    5        0.134899        0.310486       -0.451617

     H    6       -0.506717        0.196799        0.079473
     H    6        0.196799        0.809570        0.583987
     H    6        0.079473        0.583987       -0.302853

     H    7       -0.532644        0.105244       -0.068800
     H    7        0.105244        0.471568       -0.775624
     H    7       -0.068800       -0.775624        0.061076

     C    8        0.155158        0.318684        0.345165
     C    8        0.318684        0.046554       -0.255057
     C    8        0.345165       -0.255057       -0.201711

     H    9        0.462007       -0.230669        0.748207
     H    9       -0.230669       -0.428635       -0.249493
     H    9        0.748207       -0.249493       -0.033372

     C   10        0.116188        0.400385        0.262967
     C   10        0.400385        0.147841       -0.294904
     C   10        0.262967       -0.294904       -0.264029

     C   11        0.112291        0.267636        0.347067
     C   11        0.267636        0.012088       -0.364269
     C   11        0.347067       -0.364269       -0.124379

     Cl  12        0.171170        0.223643        0.051887
     Cl  12        0.223643       -0.034393        0.021989
     Cl  12        0.051887        0.021989       -0.136776

     H   13       -0.514525        0.091244        0.028465
     H   13        0.091244        0.795195        0.615510
     H   13        0.028465        0.615510       -0.280670

     C   14        0.420359       -0.108659        0.036311
     C   14       -0.108659        0.074698        0.302976
     C   14        0.036311        0.302976       -0.495058

     H   15        0.694625        0.539014        0.401329
     H   15        0.539014       -0.264718        0.245905
     H   15        0.401329        0.245905       -0.429907

     C   16        0.266395       -0.154480        0.014316
     C   16       -0.154480        0.228682        0.367725
     C   16        0.014316        0.367725       -0.495077

     C   17        0.285193       -0.019207        0.116073
     C   17       -0.019207        0.195864        0.374525
     C   17        0.116073        0.374525       -0.481057

     Cl  18        0.178570       -0.208263       -0.034006
     Cl  18       -0.208263       -0.035832        0.015678
     Cl  18       -0.034006        0.015678       -0.142738

     H   19       -0.511768        0.154128       -0.093852
     H   19        0.154128        0.431204       -0.768169
     H   19       -0.093852       -0.768169        0.080564

     C   20        0.175100        0.309663        0.389983
     C   20        0.309663       -0.040838       -0.255709
     C   20        0.389983       -0.255709       -0.134261

     H   21        0.363481       -0.156381        0.781127
     H   21       -0.156381       -0.505014       -0.220268
     H   21        0.781127       -0.220268        0.141533

     C   22        0.108018        0.383090        0.273922
     C   22        0.383090        0.073208       -0.306982
     C   22        0.273922       -0.306982       -0.181226

     C   23        0.100290        0.256448        0.328310
     C   23        0.256448        0.030075       -0.366641
     C   23        0.328310       -0.366641       -0.130365

     Cl  24        0.136193        0.203650        0.062324
     Cl  24        0.203650        0.002993        0.036206
     Cl  24        0.062324        0.036206       -0.139186

     ----- GIPAW term -----
     Cl   1       -0.489332        0.299078       -0.503219
     Cl   1        0.299078        0.832992       -1.191290
     Cl   1       -0.503219       -1.191290       -0.343660

     C    2       -0.041609       -0.004079       -0.044087
     C    2       -0.004079        0.160568       -0.147234
     C    2       -0.044087       -0.147234       -0.118959

     C    3       -0.073535       -0.023645        0.022924
     C    3       -0.023645        0.079554       -0.031862
     C    3        0.022924       -0.031862       -0.006019

     H    4       -0.000000        0.000000        0.000000
     H    4        0.000000        0.000000        0.000000
     H    4        0.000000        0.000000        0.000000

     C    5       -0.059667       -0.098993       -0.027967
     C    5       -0.098993        0.182501       -0.099947
     C    5       -0.027967       -0.099947       -0.122834

     H    6       -0.000000        0.000000        0.000000
     H    6        0.000000        0.000000        0.000000
     H    6        0.000000        0.000000        0.000000

     H    7       -0.000000        0.000000        0.000000
     H    7        0.000000        0.000000        0.000000
     H    7        0.000000        0.000000        0.000000

     C    8       -0.059004       -0.200768       -0.115139
     C    8       -0.200768        0.138311        0.096032
     C    8       -0.115139        0.096032       -0.079307

     H    9       -0.000000        0.000000        0.000000
     H    9        0.000000        0.000000        0.000000
     H    9        0.000000        0.000000        0.000000

     C   10        0.023083       -0.059255       -0.046226
     C   10       -0.059255       -0.027140        0.039971
     C   10       -0.046226        0.039971        0.004057

     C   11       -0.079540       -0.034361       -0.105212
     C   11       -0.034361        0.046928        0.187893
     C   11       -0.105212        0.187893        0.032612

     Cl  12       -0.603843        1.309947       -0.325363
     Cl  12        1.309947       -0.637418        1.641214
     Cl  12       -0.325363        1.641214        1.241260

     H   13       -0.000000        0.000000        0.000000
     H   13        0.000000        0.000000        0.000000
     H   13        0.000000        0.000000        0.000000

     C   14       -0.188208       -0.035950       -0.133787
     C   14       -0.035950        0.095342        0.181570
     C   14       -0.133787        0.181570        0.092866

     H   15       -0.000000        0.000000        0.000000
     H   15        0.000000        0.000000        0.000000
     H   15        0.000000        0.000000        0.000000

     C   16       -0.073730       -0.015641       -0.124477
     C   16       -0.015641       -0.164308        0.000101
     C   16       -0.124477        0.000101        0.238038

     C   17       -0.067563       -0.136406       -0.143400
     C   17       -0.136406        0.034030        0.107573
     C   17       -0.143400        0.107573        0.033532

     Cl  18        0.644271       -1.295521       -1.991170
     Cl  18       -1.295521       -1.200948       -0.816804
     Cl  18       -1.991170       -0.816804        0.556678

     H   19       -0.000000        0.000000        0.000000
     H   19        0.000000        0.000000        0.000000
     H   19        0.000000        0.000000        0.000000

     C   20       -0.037642        0.161358       -0.058477
     C   20        0.161358        0.126789        0.113078
     C   20       -0.058477        0.113078       -0.089147

     H   21       -0.000000        0.000000        0.000000
     H   21        0.000000        0.000000        0.000000
     H   21        0.000000        0.000000        0.000000

     C   22       -0.149863        0.062192       -0.162282
     C   22        0.062192        0.062746       -0.176551
     C   22       -0.162282       -0.176551        0.087116

     C   23       -0.044249       -0.029094        0.048092
     C   23       -0.029094        0.155490       -0.128681
     C   23        0.048092       -0.128681       -0.111242

     Cl  24       -0.533101        0.288009        0.782174
     Cl  24        0.288009       -0.356835       -1.423933
     Cl  24        0.782174       -1.423933        0.889936

     ----- total EFG -----
     Cl   1       -0.311960        0.262311       -0.456094
     Cl   1        0.262311        0.626629       -0.934412
     Cl   1       -0.456094       -0.934412       -0.314669

     C    2        0.323571       -0.121351       -0.191880
     C    2       -0.121351        0.298217       -0.399775
     C    2       -0.191880       -0.399775       -0.621788

     C    3       -0.262281        0.046537        0.128097
     C    3        0.046537        0.273924        0.307644
     C    3        0.128097        0.307644       -0.011643

     H    4        0.541145        0.084595        0.420452
     H    4        0.084595       -0.559598        0.384664
     H    4        0.420452        0.384664        0.018454

     C    5        0.224004       -0.291341       -0.242302
     C    5       -0.291341        0.287926       -0.242796
     C    5       -0.242302       -0.242796       -0.511930

     H    6       -0.058877        0.081279        0.072981
     H    6        0.081279        0.014251        0.586572
     H    6        0.072981        0.586572        0.044626

     H    7       -0.299397        0.172246        0.302739
     H    7        0.172246        0.518938       -0.458498
     H    7        0.302739       -0.458498       -0.219541

     C    8       -0.416022       -0.249120       -0.229669
     C    8       -0.249120        0.522162        0.089447
     C    8       -0.229669        0.089447       -0.106140

     H    9        0.587186       -0.130608        0.469255
     H    9       -0.130608       -0.018412       -0.407329
     H    9        0.469255       -0.407329       -0.568774

     C   10        0.237167        0.028018        0.227361
     C   10        0.028018       -0.067673       -0.080470
     C   10        0.227361       -0.080470       -0.169494

     C   11       -0.218015       -0.019540       -0.128855
     C   11       -0.019540        0.020886        0.183596
     C   11       -0.128855        0.183596        0.197129

     Cl  12       -0.424277        1.510038       -0.344468
     Cl  12        1.510038       -0.692824        1.615140
     Cl  12       -0.344468        1.615140        1.117102

     H   13       -0.139914       -0.058907        0.065605
     H   13       -0.058907        0.241557        0.166566
     H   13        0.065605        0.166566       -0.101644

     C   14       -0.543974        0.171439       -0.569057
     C   14        0.171439        0.395132        0.494162
     C   14       -0.569057        0.494162        0.148842

     H   15        0.261599        0.132702        0.583864
     H   15        0.132702        0.010334        0.330619
     H   15        0.583864        0.330619       -0.271932

     C   16        0.180535       -0.092970       -0.286139
     C   16       -0.092970       -0.430343       -0.008221
     C   16       -0.286139       -0.008221        0.249809

     C   17       -0.317565        0.093635       -0.416064
     C   17        0.093635        0.281879        0.304433
     C   17       -0.416064        0.304433        0.035686

     Cl  18        0.770278       -1.506910       -2.074320
     Cl  18       -1.506910       -1.245124       -0.870985
     Cl  18       -2.074320       -0.870985        0.474846

     H   19       -0.382826       -0.086445        0.146198
     H   19       -0.086445        0.215125       -0.232086
     H   19        0.146198       -0.232086        0.167701

     C   20       -0.054583        0.636885       -0.058670
     C   20        0.636885        0.097321        0.380494
     C   20       -0.058670        0.380494       -0.042738

     H   21        0.452407       -0.067876        0.503059
     H   21       -0.067876       -0.067845        0.123918
     H   21        0.503059        0.123918       -0.384561

     C   22       -0.634426        0.089389       -0.303505
     C   22        0.089389        0.286032       -0.496433
     C   22       -0.303505       -0.496433        0.348394

     C   23        0.097368        0.062517        0.259773
     C   23        0.062517       -0.000692       -0.042780
     C   23        0.259773       -0.042780       -0.096676

     Cl  24       -0.388526        0.357636        0.778130
     Cl  24        0.357636       -0.339843       -1.229409
     Cl  24        0.778130       -1.229409        0.728369

     ----- total EFG (symmetrized) -----
     Cl   1       -0.311960        0.262311       -0.456094
     Cl   1        0.262311        0.626629       -0.934412
     Cl   1       -0.456094       -0.934412       -0.314669

     C    2        0.323571       -0.121351       -0.191880
     C    2       -0.121351        0.298217       -0.399775
     C    2       -0.191880       -0.399775       -0.621788

     C    3       -0.262281        0.046537        0.128097
     C    3        0.046537        0.273924        0.307644
     C    3        0.128097        0.307644       -0.011643

     H    4        0.541145        0.084595        0.420452
     H    4        0.084595       -0.559598        0.384664
     H    4        0.420452        0.384664        0.018454

     C    5        0.224004       -0.291341       -0.242302
     C    5       -0.291341        0.287926       -0.242796
     C    5       -0.242302       -0.242796       -0.511930

     H    6       -0.058877        0.081279        0.072981
     H    6        0.081279        0.014251        0.586572
     H    6        0.072981        0.586572        0.044626

     H    7       -0.299397        0.172246        0.302739
     H    7        0.172246        0.518938       -0.458498
     H    7        0.302739       -0.458498       -0.219541

     C    8       -0.416022       -0.249120       -0.229669
     C    8       -0.249120        0.522162        0.089447
     C    8       -0.229669        0.089447       -0.106140

     H    9        0.587186       -0.130608        0.469255
     H    9       -0.130608       -0.018412       -0.407329
     H    9        0.469255       -0.407329       -0.568774

     C   10        0.237167        0.028018        0.227361
     C   10        0.028018       -0.067673       -0.080470
     C   10        0.227361       -0.080470       -0.169494

     C   11       -0.218015       -0.019540       -0.128855
     C   11       -0.019540        0.020886        0.183596
     C   11       -0.128855        0.183596        0.197129

     Cl  12       -0.424277        1.510038       -0.344468
     Cl  12        1.510038       -0.692824        1.615140
     Cl  12       -0.344468        1.615140        1.117102

     H   13       -0.139914       -0.058907        0.065605
     H   13       -0.058907        0.241557        0.166566
     H   13        0.065605        0.166566       -0.101644

     C   14       -0.543974        0.171439       -0.569057
     C   14        0.171439        0.395132        0.494162
     C   14       -0.569057        0.494162        0.148842

     H   15        0.261599        0.132702        0.583864
     H   15        0.132702        0.010334        0.330619
     H   15        0.583864        0.330619       -0.271932

     C   16        0.180535       -0.092970       -0.286139
     C   16       -0.092970       -0.430343       -0.008221
     C   16       -0.286139       -0.008221        0.249809

     C   17       -0.317565        0.093635       -0.416064
     C   17        0.093635        0.281879        0.304433
     C   17       -0.416064        0.304433        0.035686

     Cl  18        0.770278       -1.506910       -2.074320
     Cl  18       -1.506910       -1.245124       -0.870985
     Cl  18       -2.074320       -0.870985        0.474846

     H   19       -0.382826       -0.086445        0.146198
     H   19       -0.086445        0.215125       -0.232086
     H   19        0.146198       -0.232086        0.167701

     C   20       -0.054583        0.636885       -0.058670
     C   20        0.636885        0.097321        0.380494
     C   20       -0.058670        0.380494       -0.042738

     H   21        0.452407       -0.067876        0.503059
     H   21       -0.067876       -0.067845        0.123918
     H   21        0.503059        0.123918       -0.384561

     C   22       -0.634426        0.089389       -0.303505
     C   22        0.089389        0.286032       -0.496433
     C   22       -0.303505       -0.496433        0.348394

     C   23        0.097368        0.062517        0.259773
     C   23        0.062517       -0.000692       -0.042780
     C   23        0.259773       -0.042780       -0.096676

     Cl  24       -0.388526        0.357636        0.778130
     Cl  24        0.357636       -0.339843       -1.229409
     Cl  24        0.778130       -1.229409        0.728369


     NQR/NMR SPECTROSCOPIC PARAMETERS:
     Cl   1    Vxx=   -0.3372    axis=(  0.878456 -0.433630 -0.200698)
     Cl   1    Vyy=   -0.9972    axis=(  0.390958  0.410801  0.823647)
     Cl   1    Vzz=    1.3344    axis=(  0.274711  0.802002 -0.530402)
     Cl   1  Q=        -8.1650 1e-30 m^2  Cq=       -25.6007 MHz  eta= 0.49456

     C    2    Vxx=    0.3464    axis=(  0.894312  0.322338 -0.310330)
     C    2    Vyy=    0.4683    axis=(  0.404210 -0.879444  0.251382)
     C    2    Vzz=   -0.8147    axis=(  0.191888  0.350253  0.916789)
     C    2  Q=         1.0000 1e-30 m^2  Cq=        -1.9142 MHz  eta= 0.14957

     C    3    Vxx=   -0.1539    axis=(  0.544011 -0.528063  0.652075)
     C    3    Vyy=   -0.3322    axis=( -0.826476 -0.203045  0.525081)
     C    3    Vzz=    0.4861    axis=(  0.144876  0.824574  0.546890)
     C    3  Q=         1.0000 1e-30 m^2  Cq=         1.1422 MHz  eta= 0.36681

     H    4    Vxx=   -0.0642    axis=(  0.550785 -0.451172 -0.702197)
     H    4    Vyy=   -0.7629    axis=(  0.098880  0.870656 -0.481851)
     H    4    Vzz=    0.8271    axis=( -0.828769 -0.195963 -0.524156)
     H    4  Q=         1.0000 1e-30 m^2  Cq=         1.9433 MHz  eta= 0.84479

     C    5    Vxx=    0.1420    axis=(  0.674201  0.575119 -0.463347)
     C    5    Vyy=    0.5495    axis=( -0.657594  0.753047 -0.022141)
     C    5    Vzz=   -0.6915    axis=(  0.336188  0.319622  0.885900)
     C    5  Q=         1.0000 1e-30 m^2  Cq=        -1.6247 MHz  eta= 0.58928

     H    6    Vxx=   -0.0759    axis=( -0.987717  0.097854  0.121819)
     H    6    Vyy=   -0.5574    axis=( -0.014901  0.717085 -0.696826)
     H    6    Vzz=    0.6334    axis=( -0.155542 -0.690082 -0.706819)
     H    6  Q=         1.0000 1e-30 m^2  Cq=         1.4882 MHz  eta= 0.76023

     H    7    Vxx=   -0.0153    axis=(  0.773014  0.250848  0.582688)
     H    7    Vyy=   -0.7237    axis=( -0.633842  0.343539  0.692983)
     H    7    Vzz=    0.7390    axis=( -0.026343 -0.905017  0.424558)
     H    7  Q=         1.0000 1e-30 m^2  Cq=         1.7365 MHz  eta= 0.95859

     C    8    Vxx=   -0.0448    axis=( -0.351891 -0.294756  0.888421)
     C    8    Vyy=   -0.5690    axis=( -0.895380 -0.170705 -0.411284)
     C    8    Vzz=    0.6139    axis=(  0.272886 -0.940202 -0.203849)
     C    8  Q=         1.0000 1e-30 m^2  Cq=         1.4423 MHz  eta= 0.85388

     H    9    Vxx=    0.0375    axis=(  0.424332  0.868780 -0.255272)
     H    9    Vyy=    0.8394    axis=( -0.870122  0.313174 -0.380540)
     H    9    Vzz=   -0.8769    axis=( -0.250661  0.383593  0.888834)
     H    9  Q=         1.0000 1e-30 m^2  Cq=        -2.0604 MHz  eta= 0.91452

     C   10    Vxx=   -0.0370    axis=(  0.155755  0.939958 -0.303676)
     C   10    Vyy=   -0.3020    axis=( -0.380302  0.340792  0.859785)
     C   10    Vzz=    0.3390    axis=(  0.911653 -0.018427  0.410548)
     C   10  Q=         1.0000 1e-30 m^2  Cq=         0.7965 MHz  eta= 0.78151

     C   11    Vxx=   -0.0792    axis=( -0.283788 -0.854354  0.435366)
     C   11    Vyy=   -0.2594    axis=( -0.935143  0.146175 -0.322709)
     C   11    Vzz=    0.3386    axis=( -0.212068  0.498710  0.840426)
     C   11  Q=         1.0000 1e-30 m^2  Cq=         0.7956 MHz  eta= 0.53240

     Cl  12    Vxx=    0.4723    axis=(  0.796785  0.362845 -0.483194)
     Cl  12    Vyy=    2.1710    axis=(  0.223757  0.565629  0.793723)
     Cl  12    Vzz=   -2.6433    axis=(  0.561308 -0.740545  0.369496)
     Cl  12  Q=        -8.1650 1e-30 m^2  Cq=        50.7095 MHz  eta= 0.64266

     H   13    Vxx=   -0.0717    axis=(  0.760288 -0.187692  0.621880)
     H   13    Vyy=   -0.2394    axis=(  0.645978  0.319229 -0.693401)
     H   13    Vzz=    0.3112    axis=( -0.068376  0.928905  0.363951)
     H   13  Q=         1.0000 1e-30 m^2  Cq=         0.7311 MHz  eta= 0.53908

     C   14    Vxx=    0.1580    axis=( -0.569498 -0.646406  0.507771)
     C   14    Vyy=    0.8242    axis=(  0.194637 -0.706209 -0.680724)
     C   14    Vzz=   -0.9822    axis=( -0.798617  0.288840 -0.527999)
     C   14  Q=         1.0000 1e-30 m^2  Cq=        -2.3078 MHz  eta= 0.67829

     H   15    Vxx=   -0.0431    axis=(  0.477312 -0.877326 -0.049716)
     H   15    Vyy=   -0.7117    axis=(  0.460824  0.298083 -0.835935)
     H   15    Vzz=    0.7548    axis=(  0.748207  0.376092  0.546572)
     H   15  Q=         1.0000 1e-30 m^2  Cq=         1.7735 MHz  eta= 0.88573

     C   16    Vxx=   -0.0582    axis=(  0.721135 -0.194817  0.664839)
     C   16    Vyy=   -0.4486    axis=(  0.184260  0.979018  0.087018)
     C   16    Vzz=    0.5067    axis=( -0.667842  0.059751  0.741901)
     C   16  Q=         1.0000 1e-30 m^2  Cq=         1.1906 MHz  eta= 0.77049

     C   17    Vxx=    0.1341    axis=( -0.586826 -0.642763  0.492434)
     C   17    Vyy=    0.5261    axis=(  0.241374 -0.719372 -0.651339)
     C   17    Vzz=   -0.6602    axis=( -0.772899  0.263362 -0.577293)
     C   17  Q=         1.0000 1e-30 m^2  Cq=        -1.5513 MHz  eta= 0.59368

     Cl  18    Vxx=    0.2611    axis=( -0.360558  0.710314 -0.604527)
     Cl  18    Vyy=    2.7791    axis=(  0.762267 -0.149118 -0.629851)
     Cl  18    Vzz=   -3.0401    axis=( -0.537538 -0.687909 -0.487683)
     Cl  18  Q=        -8.1650 1e-30 m^2  Cq=        58.3230 MHz  eta= 0.82826

     H   19    Vxx=   -0.0356    axis=( -0.123964 -0.696805 -0.706467)
     H   19    Vyy=   -0.4207    axis=( -0.973766 -0.051487  0.221650)
     H   19    Vzz=    0.4562    axis=( -0.190821  0.715410 -0.672142)
     H   19  Q=         1.0000 1e-30 m^2  Cq=         1.0720 MHz  eta= 0.84412

     C   20    Vxx=    0.0059    axis=( -0.515803  0.029894  0.856186)
     C   20    Vyy=    0.7460    axis=( -0.575267 -0.752652 -0.320286)
     C   20    Vzz=   -0.7519    axis=(  0.634835 -0.657740  0.405417)
     C   20  Q=         1.0000 1e-30 m^2  Cq=        -1.7667 MHz  eta= 0.98433

     H   21    Vxx=   -0.0340    axis=(  0.088474 -0.972214 -0.216730)
     H   21    Vyy=   -0.6544    axis=(  0.414174  0.233788 -0.879661)
     H   21    Vzz=    0.6884    axis=(  0.905888 -0.011937  0.423350)
     H   21  Q=         1.0000 1e-30 m^2  Cq=         1.6175 MHz  eta= 0.90109

     C   22    Vxx=   -0.1447    axis=( -0.240964  0.754127  0.610924)
     C   22    Vyy=   -0.7237    axis=( -0.952354 -0.062462 -0.298530)
     C   22    Vzz=    0.8684    axis=( -0.186970 -0.653751  0.733247)
     C   22  Q=         1.0000 1e-30 m^2  Cq=         2.0404 MHz  eta= 0.66675

     C   23    Vxx=    0.0138    axis=(  0.053026  0.966859 -0.249745)
     C   23    Vyy=    0.2803    axis=( -0.824620 -0.098656 -0.557018)
     C   23    Vzz=   -0.2941    axis=( -0.563197  0.235481  0.792059)
     C   23  Q=         1.0000 1e-30 m^2  Cq=        -0.6910 MHz  eta= 0.90624

     Cl  24    Vxx=   -0.0423    axis=(  0.812334  0.575045  0.097140)
     Cl  24    Vyy=   -1.6043    axis=( -0.532163  0.662762  0.526829)
     Cl  24    Vzz=    1.6466    axis=(  0.238570 -0.479656  0.844402)
     Cl  24  Q=        -8.1650 1e-30 m^2  Cq=       -31.5886 MHz  eta= 0.94861

     Initialization:
     gipaw_setup  :      9.18s CPU     10.86s WALL (       1 calls)

     Linear response

     Apply operators

     Induced current

     Other routines
     efg          :      9.34s CPU     11.75s WALL (       1 calls)

     General routines
     calbec       :      3.27s CPU      4.40s WALL (      16 calls)
     fft          :      1.53s CPU      1.97s WALL (      15 calls)
     ffts         :      0.03s CPU      0.04s WALL (       2 calls)
     fftw         :      3.38s CPU      3.96s WALL (     672 calls)
     davcio       :      0.04s CPU      0.31s WALL (      32 calls)

     Parallel routines
     fft_scatter  :      2.21s CPU      3.07s WALL (     689 calls)

     Plugins

     GIPAW        :     62.37s CPU     74.75s WALL (       1 calls)
