
     Program QE v.6.0 (svn rev. 13079) starts on 15Dec2016 at 12:46: 2 

     This program is part of the open-source Quantum ESPRESSO suite
     for quantum simulation of materials; please cite
         "P. Giannozzi et al., J. Phys.:Condens. Matter 21 395502 (2009);
          URL http://www.quantum-espresso.org", 
     in publications or presentations arising from this work. More details at
     http://www.quantum-espresso.org/quote

     Parallel version (MPI), running on     8 processors
     R & G space division:  proc/nbgrp/npool/nimage =       8

     ***** This is GIPAW svn revision unknown      *****

     Parallelizing q-star over 1 images

     Reading data from directory:
     /users/majewski/paradichlorobenzene/pbe/9_constraint/scratch/pbe.ecut100.np8.dt60.pcl2phi-129368.save
     Message from routine read_xml_file:
     file /users/majewski/paradichlorobenzene/pbe/9_constraint/scratch/pbe.ecut100.np8.dt60.pcl2phi-129368.save not guaranteed to be safe for post-processing

   Info: using nr1, nr2, nr3 values from input

   Info: using nr1, nr2, nr3 values from input

     IMPORTANT: XC functional enforced from input :
     Exchange-correlation      =  SLA  PW   PBX  PBC ( 1  4  3  4 0 0)
     Any further DFT definition will be discarded
     Please, verify this is what you really want

               file C.pbe-n-kjpaw_psl.1.0.0.UPF: wavefunction(s)  2S 2P renormalized
               file Cl.pbe-n-kjpaw_psl.1.0.0.UPF: wavefunction(s)  3S 3P renormalized
               file H.pbe-kjpaw_psl.1.0.0.UPF: wavefunction(s)  1S renormalized

     Parallelization info
     --------------------
     sticks:   dense  smooth     PW     G-vecs:    dense   smooth      PW
     Min        3057    1223    332               144436    36536    5170
     Max        3059    1225    333               144437    36537    5171
     Sum       24467    9791   2657              1155489   292295   41363


     Subspace diagonalization in iterative solution of the eigenvalue problem:
     a serial algorithm will be used

     GIPAW projectors -----------------------------------------------
     atom=  C    l=0  rc=    1.2000  rs=    0.8000
     atom=  C    l=0  rc=    1.2000  rs=    0.8000
     atom=  C    l=1  rc=    1.4000  rs=    0.9333
     atom=  C    l=1  rc=    1.4000  rs=    0.9333
     projs nearly linearly dependent: l=1  n1,n2= 1, 2  s=  0.99951561

     atom=  Cl   l=0  rc=    1.6000  rs=    1.0667
     atom=  Cl   l=0  rc=    1.6000  rs=    1.0667
     atom=  Cl   l=1  rc=    1.6000  rs=    1.0667
     atom=  Cl   l=1  rc=    1.6000  rs=    1.0667
     atom=  Cl   l=2  rc=    1.6000  rs=    1.0667
     atom=  Cl   l=2  rc=    1.6000  rs=    1.0667
     projs nearly linearly dependent: l=2  n1,n2= 1, 2  s=  0.99993509

     atom=  H    l=0  rc=    1.0000  rs=    0.6667
     atom=  H    l=0  rc=    1.0000  rs=    0.6667
     projs nearly linearly dependent: l=0  n1,n2= 1, 2  s=  0.99968852
     -----------------------------------------------------------------

     GIPAW integrals: -------------------------------------------
     Atom  i/j   nmr_para   nmr_dia   epr_rmc  epr_para   epr_dia
       C   1 1   0.83E+03  0.17E-01  0.93E+01  0.24E+08  0.24E+03
       C   2 1   0.86E+03 -0.61E-01  0.94E+01  0.25E+08  0.25E+03
       C   2 2   0.90E+03 -0.15E+00  0.97E+01  0.26E+08  0.26E+03
       C   3 3   0.33E+01  0.34E+00  0.18E+01  0.55E+03  0.21E+02
       C   4 3   0.35E+01  0.37E+00  0.20E+01  0.59E+03  0.22E+02
       C   4 4   0.38E+01  0.39E+00  0.22E+01  0.63E+03  0.24E+02
       Cl  1 1   0.14E+04 -0.47E+00  0.84E+01  0.32E+09  0.42E+03
       Cl  2 1   0.21E+04 -0.37E+00  0.12E+02  0.49E+09  0.65E+03
       Cl  2 2   0.33E+04 -0.16E+00  0.21E+02  0.76E+09  0.10E+04
       Cl  3 3   0.21E+02  0.79E-01  0.89E+01  0.23E+05  0.13E+03
       Cl  4 3   0.24E+02  0.67E-01  0.99E+01  0.27E+05  0.15E+03
       Cl  4 4   0.28E+02  0.44E-01  0.11E+02  0.32E+05  0.18E+03
       Cl  5 5   0.77E+00  0.19E+00  0.18E+01  0.12E+03  0.22E+02
       Cl  6 5   0.80E+00  0.19E+00  0.19E+01  0.12E+03  0.23E+02
       Cl  6 6   0.83E+00  0.20E+00  0.19E+01  0.12E+03  0.23E+02
       H   1 1   0.39E+02  0.19E+00  0.29E+00  0.78E+05  0.13E+02
       H   2 1   0.41E+02  0.21E+00  0.32E+00  0.82E+05  0.14E+02
       H   2 2   0.43E+02  0.22E+00  0.36E+00  0.86E+05  0.15E+02
     ------------------------------------------------------------

     alpha_pv=     34.8473 eV

     Number of occupied bands for each k-point:
     k-point:     1    nbnd_occ=  42
     k-point:     2    nbnd_occ=  42
     k-point:     3    nbnd_occ=  42
     k-point:     4    nbnd_occ=  42
     k-point:     5    nbnd_occ=  42
     k-point:     6    nbnd_occ=  42
     k-point:     7    nbnd_occ=  42
     k-point:     8    nbnd_occ=  42
     k-point:     9    nbnd_occ=  42
     k-point:    10    nbnd_occ=  42
     k-point:    11    nbnd_occ=  42
     k-point:    12    nbnd_occ=  42
     k-point:    13    nbnd_occ=  42
     k-point:    14    nbnd_occ=  42
     k-point:    15    nbnd_occ=  42
     k-point:    16    nbnd_occ=  42


     q-space interpolation up to   110.00 Rydberg

     GIPAW job: efg                                                                             


     ELECTRIC FIELD GRADIENTS TENSORS IN Hartree/bohrradius^2:

     ----- bare term -----
     Cl   1        0.066269        0.068514       -0.080585
     Cl   1        0.068514        0.124695       -0.083597
     Cl   1       -0.080585       -0.083597       -0.190964

     C    2       -0.713104        0.162888       -0.197507
     C    2        0.162888        0.228448       -0.121885
     C    2       -0.197507       -0.121885        0.484656

     C    3        0.082144        0.053308       -0.166867
     C    3        0.053308       -0.350624       -0.474549
     C    3       -0.166867       -0.474549        0.268480

     H    4       -0.362244        0.229969       -0.343427
     H    4        0.229969       -0.020480       -0.270854
     H    4       -0.343427       -0.270854        0.382724

     C    5       -0.702738        0.305147       -0.286621
     C    5        0.305147        0.321832       -0.192635
     C    5       -0.286621       -0.192635        0.380906

     H    6        0.311104        0.101835       -0.372193
     H    6        0.101835       -0.161980       -0.341170
     H    6       -0.372193       -0.341170       -0.149124

     H    7        0.433616        0.054830       -0.209308
     H    7        0.054830       -0.103880        0.453042
     H    7       -0.209308        0.453042       -0.329736

     C    8       -0.304358       -0.217993       -0.331933
     C    8       -0.217993       -0.143233        0.422309
     C    8       -0.331933        0.422309        0.447592

     H    9       -0.013766        0.139817       -0.390558
     H    9        0.139817        0.462597       -0.008543
     H    9       -0.390558       -0.008543       -0.448830

     C   10       -0.138795       -0.379913       -0.265317
     C   10       -0.379913       -0.235493        0.551274
     C   10       -0.265317        0.551274        0.374287

     C   11       -0.222243        0.018535       -0.363935
     C   11        0.018535       -0.089911        0.535710
     C   11       -0.363935        0.535710        0.312154

     Cl  12       -0.028376       -0.189214        0.124336
     Cl  12       -0.189214       -0.078562       -0.056851
     Cl  12        0.124336       -0.056851        0.106938

     H   13        0.358059       -0.031190       -0.255715
     H   13       -0.031190        0.108192       -0.276584
     H   13       -0.255715       -0.276584       -0.466252

     C   14       -0.035108        0.359253        0.062705
     C   14        0.359253       -0.271186       -0.297208
     C   14        0.062705       -0.297208        0.306295

     H   15       -0.373732        0.119005       -0.566276
     H   15        0.119005        0.251526        0.013412
     H   15       -0.566276        0.013412        0.122206

     C   16       -0.321495        0.100387       -0.240520
     C   16        0.100387       -0.143886       -0.504581
     C   16       -0.240520       -0.504581        0.465381

     C   17       -0.152899       -0.036317       -0.355024
     C   17       -0.036317       -0.103127       -0.590804
     C   17       -0.355024       -0.590804        0.256026

     Cl  18       -0.094431        0.131946        0.001778
     Cl  18        0.131946       -0.009542        0.010446
     Cl  18        0.001778        0.010446        0.103973

     H   19        0.539289        0.004399       -0.061953
     H   19        0.004399       -0.000879        0.255649
     H   19       -0.061953        0.255649       -0.538410

     C   20       -0.510047       -0.332480       -0.186727
     C   20       -0.332480        0.095344        0.443732
     C   20       -0.186727        0.443732        0.414703

     H   21        0.065583        0.068741       -0.448827
     H   21        0.068741        0.378694       -0.156261
     H   21       -0.448827       -0.156261       -0.444277

     C   22       -0.139885       -0.219705       -0.228414
     C   22       -0.219705       -0.114571        0.572968
     C   22       -0.228414        0.572968        0.254456

     C   23       -0.343726       -0.223410       -0.429876
     C   23       -0.223410        0.067346        0.441396
     C   23       -0.429876        0.441396        0.276380

     Cl  24       -0.055405       -0.081751       -0.107083
     Cl  24       -0.081751        0.032155        0.127255
     Cl  24       -0.107083        0.127255        0.023250

     ----- ionic term -----
     Cl   1        0.122068       -0.241476       -0.025953
     Cl   1       -0.241476        0.025299        0.031843
     Cl   1       -0.025953        0.031843       -0.147366

     C    2        0.226969       -0.268398        0.239930
     C    2       -0.268398       -0.027223        0.418124
     C    2        0.239930        0.418124       -0.199747

     C    3        0.103560       -0.243369        0.143245
     C    3       -0.243369        0.062442        0.465013
     C    3        0.143245        0.465013       -0.166002

     H    4        0.630699        0.183404        0.692658
     H    4        0.183404       -0.504874        0.192420
     H    4        0.692658        0.192420       -0.125824

     C    5        0.291630       -0.201570        0.202938
     C    5       -0.201570       -0.047831        0.340823
     C    5        0.202938        0.340823       -0.243799

     H    6       -0.487021        0.185730        0.168577
     H    6        0.185730        0.379586        0.802734
     H    6        0.168577        0.802734        0.107435

     H    7       -0.526012       -0.141583        0.135366
     H    7       -0.141583        0.433544       -0.788614
     H    7        0.135366       -0.788614        0.092468

     C    8        0.182496        0.225518        0.346031
     C    8        0.225518       -0.002434       -0.287994
     C    8        0.346031       -0.287994       -0.180062

     H    9        0.390909       -0.215025        0.763794
     H    9       -0.215025       -0.470870       -0.250128
     H    9        0.763794       -0.250128        0.079961

     C   10        0.017458        0.292998        0.206989
     C   10        0.292998        0.121037       -0.421163
     C   10        0.206989       -0.421163       -0.138495

     C   11        0.116091        0.299054        0.261737
     C   11        0.299054        0.052475       -0.424857
     C   11        0.261737       -0.424857       -0.168566

     Cl  12        0.108161        0.235983       -0.000315
     Cl  12        0.235983        0.045166       -0.013112
     Cl  12       -0.000315       -0.013112       -0.153327

     H   13       -0.513510        0.178864        0.170898
     H   13        0.178864        0.403835        0.822590
     H   13        0.170898        0.822590        0.109674

     C   14        0.296134       -0.254096        0.204319
     C   14       -0.254096       -0.075995        0.343790
     C   14        0.204319        0.343790       -0.220138

     H   15        0.757661        0.168735        0.634675
     H   15        0.168735       -0.552134        0.162233
     H   15        0.634675        0.162233       -0.205528

     C   16        0.178722       -0.274752        0.094391
     C   16       -0.274752        0.007941        0.444177
     C   16        0.094391        0.444177       -0.186663

     C   17        0.195928       -0.200200        0.158641
     C   17       -0.200200       -0.038801        0.453198
     C   17        0.158641        0.453198       -0.157127

     Cl  18        0.069019       -0.195579       -0.065686
     Cl  18       -0.195579        0.038822        0.051984
     Cl  18       -0.065686        0.051984       -0.107842

     H   19       -0.513261       -0.061085        0.072011
     H   19       -0.061085        0.437069       -0.788053
     H   19        0.072011       -0.788053        0.076191

     C   20        0.253851        0.288348        0.312637
     C   20        0.288348       -0.020044       -0.284074
     C   20        0.312637       -0.284074       -0.233807

     H   21        0.476004       -0.236950        0.743372
     H   21       -0.236950       -0.445484       -0.244219
     H   21        0.743372       -0.244219       -0.030520

     C   22        0.116620        0.307054        0.218053
     C   22        0.307054        0.112116       -0.374631
     C   22        0.218053       -0.374631       -0.228735

     C   23        0.125616        0.247182        0.347440
     C   23        0.247182        0.038136       -0.348361
     C   23        0.347440       -0.348361       -0.163752

     Cl  24        0.108312        0.217812        0.043474
     Cl  24        0.217812        0.027119        0.019466
     Cl  24        0.043474        0.019466       -0.135431

     ----- GIPAW term -----
     Cl   1       -0.479499       -0.714441        0.553848
     Cl   1       -0.714441       -0.885472        0.844630
     Cl   1        0.553848        0.844630        1.364971

     C    2       -0.129348       -0.006340        0.059167
     C    2       -0.006340       -0.028128        0.100869
     C    2        0.059167        0.100869        0.157476

     C    3       -0.113431       -0.049608       -0.029305
     C    3       -0.049608        0.117836        0.164643
     C    3       -0.029305        0.164643       -0.004405

     H    4       -0.000000        0.000000        0.000000
     H    4        0.000000        0.000000        0.000000
     H    4        0.000000        0.000000        0.000000

     C    5       -0.164288       -0.086757       -0.025516
     C    5       -0.086757        0.237488        0.000082
     C    5       -0.025516        0.000082       -0.073200

     H    6       -0.000000        0.000000        0.000000
     H    6        0.000000        0.000000        0.000000
     H    6        0.000000        0.000000        0.000000

     H    7       -0.000000        0.000000        0.000000
     H    7        0.000000        0.000000        0.000000
     H    7        0.000000        0.000000        0.000000

     C    8       -0.041440       -0.031663       -0.064537
     C    8       -0.031663       -0.071259        0.084077
     C    8       -0.064537        0.084077        0.112699

     H    9       -0.000000        0.000000        0.000000
     H    9        0.000000        0.000000        0.000000
     H    9        0.000000        0.000000        0.000000

     C   10       -0.053440       -0.104514       -0.109504
     C   10       -0.104514       -0.020181        0.156053
     C   10       -0.109504        0.156053        0.073622

     C   11        0.025831        0.145606       -0.061003
     C   11        0.145606       -0.017083        0.102160
     C   11       -0.061003        0.102160       -0.008748

     Cl  12        1.457230        0.991659        1.106153
     Cl  12        0.991659       -0.558248       -0.528983
     Cl  12        1.106153       -0.528983       -0.898982

     H   13       -0.000000        0.000000        0.000000
     H   13        0.000000        0.000000        0.000000
     H   13        0.000000        0.000000        0.000000

     C   14       -0.040920        0.024991        0.085546
     C   14        0.024991       -0.130224       -0.058538
     C   14        0.085546       -0.058538        0.171145

     H   15       -0.000000        0.000000        0.000000
     H   15        0.000000        0.000000        0.000000
     H   15        0.000000        0.000000        0.000000

     C   16       -0.147419       -0.038229        0.012408
     C   16       -0.038229       -0.061584       -0.149688
     C   16        0.012408       -0.149688        0.209003

     C   17        0.038828       -0.147191       -0.064924
     C   17       -0.147191        0.009007       -0.125055
     C   17       -0.064924       -0.125055       -0.047835

     Cl  18       -0.763540       -1.016725        0.700541
     Cl  18       -1.016725       -1.520075       -0.041941
     Cl  18        0.700541       -0.041941        2.283616

     H   19       -0.000000        0.000000        0.000000
     H   19        0.000000        0.000000        0.000000
     H   19        0.000000        0.000000        0.000000

     C   20       -0.174744       -0.042725       -0.010251
     C   20       -0.042725        0.056365        0.230397
     C   20       -0.010251        0.230397        0.118379

     H   21       -0.000000        0.000000        0.000000
     H   21        0.000000        0.000000        0.000000
     H   21        0.000000        0.000000        0.000000

     C   22       -0.134829       -0.050795       -0.081054
     C   22       -0.050795        0.037821        0.237731
     C   22       -0.081054        0.237731        0.097008

     C   23       -0.046550        0.018995       -0.097880
     C   23        0.018995        0.125592        0.135152
     C   23       -0.097880        0.135152       -0.079042

     Cl  24        0.077677        0.677133       -1.065111
     Cl  24        0.677133        0.916487        2.025939
     Cl  24       -1.065111        2.025939       -0.994165

     ----- total EFG -----
     Cl   1       -0.291163       -0.887402        0.447310
     Cl   1       -0.887402       -0.735479        0.792875
     Cl   1        0.447310        0.792875        1.026641

     C    2       -0.615483       -0.111850        0.101590
     C    2       -0.111850        0.173098        0.397108
     C    2        0.101590        0.397108        0.442385

     C    3        0.072273       -0.239669       -0.052927
     C    3       -0.239669       -0.170346        0.155107
     C    3       -0.052927        0.155107        0.098073

     H    4        0.268455        0.413373        0.349231
     H    4        0.413373       -0.525355       -0.078434
     H    4        0.349231       -0.078434        0.256899

     C    5       -0.575395        0.016820       -0.109199
     C    5        0.016820        0.511488        0.148270
     C    5       -0.109199        0.148270        0.063907

     H    6       -0.175917        0.287565       -0.203617
     H    6        0.287565        0.217606        0.461564
     H    6       -0.203617        0.461564       -0.041689

     H    7       -0.092396       -0.086753       -0.073942
     H    7       -0.086753        0.329664       -0.335572
     H    7       -0.073942       -0.335572       -0.237268

     C    8       -0.163302       -0.024139       -0.050439
     C    8       -0.024139       -0.216926        0.218392
     C    8       -0.050439        0.218392        0.380229

     H    9        0.377142       -0.075208        0.373236
     H    9       -0.075208       -0.008273       -0.258670
     H    9        0.373236       -0.258670       -0.368869

     C   10       -0.174777       -0.191428       -0.167833
     C   10       -0.191428       -0.134638        0.286165
     C   10       -0.167833        0.286165        0.309414

     C   11       -0.080322        0.463196       -0.163201
     C   11        0.463196       -0.054518        0.213013
     C   11       -0.163201        0.213013        0.134840

     Cl  12        1.537015        1.038428        1.230175
     Cl  12        1.038428       -0.591643       -0.598946
     Cl  12        1.230175       -0.598946       -0.945372

     H   13       -0.155450        0.147674       -0.084818
     H   13        0.147674        0.512028        0.546006
     H   13       -0.084818        0.546006       -0.356577

     C   14        0.220105        0.130148        0.352570
     C   14        0.130148       -0.477406       -0.011956
     C   14        0.352570       -0.011956        0.257301

     H   15        0.383929        0.287740        0.068398
     H   15        0.287740       -0.300608        0.175645
     H   15        0.068398        0.175645       -0.083322

     C   16       -0.290191       -0.212594       -0.133721
     C   16       -0.212594       -0.197530       -0.210092
     C   16       -0.133721       -0.210092        0.487721

     C   17        0.081856       -0.383708       -0.261307
     C   17       -0.383708       -0.132920       -0.262661
     C   17       -0.261307       -0.262661        0.051063

     Cl  18       -0.788951       -1.080358        0.636634
     Cl  18       -1.080358       -1.490795        0.020490
     Cl  18        0.636634        0.020490        2.279747

     H   19        0.026028       -0.056686        0.010058
     H   19       -0.056686        0.436191       -0.532403
     H   19        0.010058       -0.532403       -0.462219

     C   20       -0.430940       -0.086857        0.115659
     C   20       -0.086857        0.131665        0.390054
     C   20        0.115659        0.390054        0.299275

     H   21        0.541587       -0.168209        0.294545
     H   21       -0.168209       -0.066790       -0.400480
     H   21        0.294545       -0.400480       -0.474797

     C   22       -0.158094        0.036554       -0.091415
     C   22        0.036554        0.035366        0.436068
     C   22       -0.091415        0.436068        0.122729

     C   23       -0.264660        0.042767       -0.180316
     C   23        0.042767        0.231074        0.228188
     C   23       -0.180316        0.228188        0.033586

     Cl  24        0.130584        0.813195       -1.128720
     Cl  24        0.813195        0.975761        2.172661
     Cl  24       -1.128720        2.172661       -1.106346

     ----- total EFG (symmetrized) -----
     Cl   1       -0.291163       -0.887402        0.447310
     Cl   1       -0.887402       -0.735479        0.792875
     Cl   1        0.447310        0.792875        1.026641

     C    2       -0.615483       -0.111850        0.101590
     C    2       -0.111850        0.173098        0.397108
     C    2        0.101590        0.397108        0.442385

     C    3        0.072273       -0.239669       -0.052927
     C    3       -0.239669       -0.170346        0.155107
     C    3       -0.052927        0.155107        0.098073

     H    4        0.268455        0.413373        0.349231
     H    4        0.413373       -0.525355       -0.078434
     H    4        0.349231       -0.078434        0.256899

     C    5       -0.575395        0.016820       -0.109199
     C    5        0.016820        0.511488        0.148270
     C    5       -0.109199        0.148270        0.063907

     H    6       -0.175917        0.287565       -0.203617
     H    6        0.287565        0.217606        0.461564
     H    6       -0.203617        0.461564       -0.041689

     H    7       -0.092396       -0.086753       -0.073942
     H    7       -0.086753        0.329664       -0.335572
     H    7       -0.073942       -0.335572       -0.237268

     C    8       -0.163302       -0.024139       -0.050439
     C    8       -0.024139       -0.216926        0.218392
     C    8       -0.050439        0.218392        0.380229

     H    9        0.377142       -0.075208        0.373236
     H    9       -0.075208       -0.008273       -0.258670
     H    9        0.373236       -0.258670       -0.368869

     C   10       -0.174777       -0.191428       -0.167833
     C   10       -0.191428       -0.134638        0.286165
     C   10       -0.167833        0.286165        0.309414

     C   11       -0.080322        0.463196       -0.163201
     C   11        0.463196       -0.054518        0.213013
     C   11       -0.163201        0.213013        0.134840

     Cl  12        1.537015        1.038428        1.230175
     Cl  12        1.038428       -0.591643       -0.598946
     Cl  12        1.230175       -0.598946       -0.945372

     H   13       -0.155450        0.147674       -0.084818
     H   13        0.147674        0.512028        0.546006
     H   13       -0.084818        0.546006       -0.356577

     C   14        0.220105        0.130148        0.352570
     C   14        0.130148       -0.477406       -0.011956
     C   14        0.352570       -0.011956        0.257301

     H   15        0.383929        0.287740        0.068398
     H   15        0.287740       -0.300608        0.175645
     H   15        0.068398        0.175645       -0.083322

     C   16       -0.290191       -0.212594       -0.133721
     C   16       -0.212594       -0.197530       -0.210092
     C   16       -0.133721       -0.210092        0.487721

     C   17        0.081856       -0.383708       -0.261307
     C   17       -0.383708       -0.132920       -0.262661
     C   17       -0.261307       -0.262661        0.051063

     Cl  18       -0.788951       -1.080358        0.636634
     Cl  18       -1.080358       -1.490795        0.020490
     Cl  18        0.636634        0.020490        2.279747

     H   19        0.026028       -0.056686        0.010058
     H   19       -0.056686        0.436191       -0.532403
     H   19        0.010058       -0.532403       -0.462219

     C   20       -0.430940       -0.086857        0.115659
     C   20       -0.086857        0.131665        0.390054
     C   20        0.115659        0.390054        0.299275

     H   21        0.541587       -0.168209        0.294545
     H   21       -0.168209       -0.066790       -0.400480
     H   21        0.294545       -0.400480       -0.474797

     C   22       -0.158094        0.036554       -0.091415
     C   22        0.036554        0.035366        0.436068
     C   22       -0.091415        0.436068        0.122729

     C   23       -0.264660        0.042767       -0.180316
     C   23        0.042767        0.231074        0.228188
     C   23       -0.180316        0.228188        0.033586

     Cl  24        0.130584        0.813195       -1.128720
     Cl  24        0.813195        0.975761        2.172661
     Cl  24       -1.128720        2.172661       -1.106346


     NQR/NMR SPECTROSCOPIC PARAMETERS:
     Cl   1    Vxx=    0.3847    axis=(  0.818419 -0.561305  0.122994)
     Cl   1    Vyy=    1.3390    axis=( -0.081470 -0.325227 -0.942120)
     Cl   1    Vzz=   -1.7237    axis=(  0.568817  0.761028 -0.311902)
     Cl   1  Q=        -8.1650 1e-30 m^2  Cq=        33.0684 MHz  eta= 0.55366

     C    2    Vxx=   -0.0703    axis=( -0.265249  0.786990 -0.557037)
     C    2    Vyy=   -0.6570    axis=( -0.964089 -0.208560  0.164421)
     C    2    Vzz=    0.7273    axis=(  0.013222  0.580646  0.814049)
     C    2  Q=         1.0000 1e-30 m^2  Cq=         1.7088 MHz  eta= 0.80673

     C    3    Vxx=    0.0398    axis=( -0.598109  0.094759 -0.795793)
     C    3    Vyy=    0.3042    axis=( -0.656035  0.512449  0.554089)
     C    3    Vzz=   -0.3440    axis=( -0.460308 -0.853474  0.244335)
     C    3  Q=         1.0000 1e-30 m^2  Cq=        -0.8083 MHz  eta= 0.76847

     H    4    Vxx=    0.0808    axis=( -0.481761 -0.427529  0.764935)
     H    4    Vyy=    0.6675    axis=(  0.763041  0.224571  0.606083)
     H    4    Vzz=   -0.7483    axis=(  0.430900 -0.875664 -0.218032)
     H    4  Q=         1.0000 1e-30 m^2  Cq=        -1.7582 MHz  eta= 0.78407

     C    5    Vxx=    0.0387    axis=( -0.175266 -0.288936  0.941168)
     C    5    Vyy=    0.5564    axis=( -0.013870  0.956595  0.291090)
     C    5    Vzz=   -0.5951    axis=( -0.984423  0.037965 -0.171667)
     C    5  Q=         1.0000 1e-30 m^2  Cq=        -1.3982 MHz  eta= 0.86985

     H    6    Vxx=    0.0549    axis=( -0.788259 -0.228110  0.571502)
     H    6    Vyy=    0.5849    axis=( -0.162181 -0.818898 -0.550549)
     H    6    Vzz=   -0.6398    axis=( -0.593587  0.526662 -0.608508)
     H    6  Q=         1.0000 1e-30 m^2  Cq=        -1.5033 MHz  eta= 0.82830

     H    7    Vxx=   -0.0639    axis=(  0.950639 -0.051375 -0.306017)
     H    7    Vyy=   -0.4255    axis=(  0.298946  0.415965  0.858839)
     H    7    Vzz=    0.4894    axis=(  0.083170 -0.907928  0.410791)
     H    7  Q=         1.0000 1e-30 m^2  Cq=         1.1500 MHz  eta= 0.73886

     C    8    Vxx=   -0.1678    axis=(  0.994217 -0.029501  0.103256)
     C    8    Vyy=   -0.2887    axis=(  0.059946  0.950236 -0.305709)
     C    8    Vzz=    0.4565    axis=( -0.089099  0.310131  0.946509)
     C    8  Q=         1.0000 1e-30 m^2  Cq=         1.0727 MHz  eta= 0.26479

     H    9    Vxx=    0.0180    axis=(  0.402568  0.891517 -0.207694)
     H    9    Vyy=    0.5833    axis=(  0.860961 -0.291685  0.416733)
     H    9    Vzz=   -0.6013    axis=(  0.310943 -0.346580 -0.884984)
     H    9  Q=         1.0000 1e-30 m^2  Cq=        -1.4128 MHz  eta= 0.94004

     C   10    Vxx=   -0.1710    axis=( -0.700763  0.478035 -0.529541)
     C   10    Vyy=   -0.3583    axis=( -0.637010 -0.753468  0.162799)
     C   10    Vzz=    0.5293    axis=( -0.321168  0.451407  0.832516)
     C   10  Q=         1.0000 1e-30 m^2  Cq=         1.2437 MHz  eta= 0.35383

     C   11    Vxx=    0.2201    axis=( -0.376363  0.081071  0.922918)
     C   11    Vyy=    0.4038    axis=(  0.642338  0.740703  0.196879)
     C   11    Vzz=   -0.6239    axis=( -0.667647  0.666923 -0.330849)
     C   11  Q=         1.0000 1e-30 m^2  Cq=        -1.4659 MHz  eta= 0.29441

     Cl  12    Vxx=   -0.1464    axis=( -0.025362  0.780741 -0.624340)
     Cl  12    Vyy=   -2.1034    axis=( -0.404202  0.563204  0.720709)
     Cl  12    Vzz=    2.2498    axis=(  0.914318  0.270638  0.301293)
     Cl  12  Q=        -8.1650 1e-30 m^2  Cq=       -43.1606 MHz  eta= 0.86984

     H   13    Vxx=   -0.1257    axis=(  0.956830  0.026259 -0.289459)
     H   13    Vyy=   -0.6596    axis=( -0.271709  0.434430 -0.858746)
     H   13    Vzz=    0.7854    axis=(  0.103200  0.900323  0.422811)
     H   13  Q=         1.0000 1e-30 m^2  Cq=         1.8453 MHz  eta= 0.67980

     C   14    Vxx=   -0.0880    axis=( -0.681917 -0.248999  0.687742)
     C   14    Vyy=   -0.5100    axis=(  0.230540 -0.965513 -0.120980)
     C   14    Vzz=    0.5979    axis=(  0.694148  0.076054  0.715804)
     C   14  Q=         1.0000 1e-30 m^2  Cq=         1.4049 MHz  eta= 0.70581

     H   15    Vxx=   -0.0547    axis=( -0.320483  0.272862  0.907103)
     H   15    Vyy=   -0.4610    axis=( -0.273637  0.890120 -0.364431)
     H   15    Vzz=    0.5156    axis=( -0.906870 -0.365011 -0.210603)
     H   15  Q=         1.0000 1e-30 m^2  Cq=         1.2115 MHz  eta= 0.78802

     C   16    Vxx=   -0.0360    axis=(  0.673423 -0.729347 -0.120639)
     C   16    Vyy=   -0.5175    axis=(  0.733574  0.639093  0.231146)
     C   16    Vzz=    0.5535    axis=( -0.091487 -0.244157  0.965411)
     C   16  Q=         1.0000 1e-30 m^2  Cq=         1.3006 MHz  eta= 0.86997

     C   17    Vxx=    0.2370    axis=( -0.038143 -0.551885  0.833048)
     C   17    Vyy=    0.3873    axis=(  0.834765 -0.475844 -0.277020)
     C   17    Vzz=   -0.6243    axis=(  0.549284  0.684832  0.478844)
     C   17  Q=         1.0000 1e-30 m^2  Cq=        -1.4669 MHz  eta= 0.24067

     Cl  18    Vxx=   -0.1069    axis=(  0.770810 -0.604719 -0.200419)
     Cl  18    Vyy=   -2.3099    axis=( -0.600825 -0.794644  0.086889)
     Cl  18    Vzz=    2.4168    axis=(  0.211805 -0.053442  0.975850)
     Cl  18  Q=        -8.1650 1e-30 m^2  Cq=       -46.3652 MHz  eta= 0.91152

     H   19    Vxx=    0.0216    axis=(  0.996283  0.067478 -0.053536)
     H   19    Vyy=    0.6883    axis=(  0.083753 -0.904066  0.419106)
     H   19    Vzz=   -0.7099    axis=( -0.020120 -0.422033 -0.906357)
     H   19  Q=         1.0000 1e-30 m^2  Cq=        -1.6680 MHz  eta= 0.93901

     C   20    Vxx=   -0.1205    axis=( -0.409734  0.721777 -0.557814)
     C   20    Vyy=   -0.4952    axis=( -0.911549 -0.300775  0.280380)
     C   20    Vzz=    0.6157    axis=(  0.034595  0.623356  0.781173)
     C   20  Q=         1.0000 1e-30 m^2  Cq=         1.4465 MHz  eta= 0.60862

     H   21    Vxx=    0.0201    axis=(  0.468070  0.802222 -0.370610)
     H   21    Vyy=    0.7226    axis=( -0.873170  0.355332 -0.333637)
     H   21    Vzz=   -0.7427    axis=( -0.135961  0.479770  0.866796)
     H   21  Q=         1.0000 1e-30 m^2  Cq=        -1.7450 MHz  eta= 0.94593

     C   22    Vxx=   -0.1273    axis=( -0.932541 -0.305671  0.192177)
     C   22    Vyy=   -0.3928    axis=(  0.355256 -0.681697  0.639595)
     C   22    Vzz=    0.5201    axis=( -0.064499  0.664721  0.744302)
     C   22  Q=         1.0000 1e-30 m^2  Cq=         1.2220 MHz  eta= 0.51057

     C   23    Vxx=   -0.0043    axis=( -0.538879 -0.533887  0.651594)
     C   23    Vyy=   -0.3835    axis=( -0.835670  0.241349 -0.493362)
     C   23    Vzz=    0.3877    axis=( -0.106138  0.810380  0.576211)
     C   23  Q=         1.0000 1e-30 m^2  Cq=         0.9110 MHz  eta= 0.97804

     Cl  24    Vxx=    0.7279    axis=(  0.916370  0.170117 -0.362390)
     Cl  24    Vyy=    2.3480    axis=(  0.047625  0.852469  0.520605)
     Cl  24    Vzz=   -3.0760    axis=(  0.397490 -0.494325  0.773075)
     Cl  24  Q=        -8.1650 1e-30 m^2  Cq=        59.0107 MHz  eta= 0.52671

     Initialization:
     gipaw_setup  :      9.04s CPU     10.94s WALL (       1 calls)

     Linear response

     Apply operators

     Induced current

     Other routines
     efg          :      9.61s CPU     13.47s WALL (       1 calls)

     General routines
     calbec       :      3.31s CPU      4.31s WALL (      16 calls)
     fft          :      1.70s CPU      2.92s WALL (      15 calls)
     ffts         :      0.03s CPU      0.04s WALL (       2 calls)
     fftw         :      3.48s CPU      4.47s WALL (     672 calls)
     davcio       :      0.05s CPU      0.35s WALL (      32 calls)

     Parallel routines
     fft_scatter  :      2.58s CPU      4.60s WALL (     689 calls)

     Plugins

     GIPAW        :     61.66s CPU     74.28s WALL (       1 calls)
