
     Program QE v.6.0 (svn rev. 13079) starts on 21Jan2017 at  0:32:37 

     This program is part of the open-source Quantum ESPRESSO suite
     for quantum simulation of materials; please cite
         "P. Giannozzi et al., J. Phys.:Condens. Matter 21 395502 (2009);
          URL http://www.quantum-espresso.org", 
     in publications or presentations arising from this work. More details at
     http://www.quantum-espresso.org/quote

     Parallel version (MPI), running on     8 processors
     R & G space division:  proc/nbgrp/npool/nimage =       8

     ***** This is GIPAW svn revision unknown      *****

     Parallelizing q-star over 1 images

     Reading data from directory:
     /users/majewski/paradichlorobenzene/pbe/9_constraint/scratch/pbe.ecut100.np8.dt60.pcl2phi-129368.save
     Message from routine read_xml_file:
     file /users/majewski/paradichlorobenzene/pbe/9_constraint/scratch/pbe.ecut100.np8.dt60.pcl2phi-129368.save not guaranteed to be safe for post-processing

   Info: using nr1, nr2, nr3 values from input

   Info: using nr1, nr2, nr3 values from input

     IMPORTANT: XC functional enforced from input :
     Exchange-correlation      =  SLA  PW   PBX  PBC ( 1  4  3  4 0 0)
     Any further DFT definition will be discarded
     Please, verify this is what you really want

               file C.pbe-n-kjpaw_psl.1.0.0.UPF: wavefunction(s)  2S 2P renormalized
               file Cl.pbe-n-kjpaw_psl.1.0.0.UPF: wavefunction(s)  3S 3P renormalized
               file H.pbe-kjpaw_psl.1.0.0.UPF: wavefunction(s)  1S renormalized

     Parallelization info
     --------------------
     sticks:   dense  smooth     PW     G-vecs:    dense   smooth      PW
     Min        3057    1223    332               144436    36536    5170
     Max        3059    1225    333               144437    36537    5171
     Sum       24467    9791   2657              1155489   292295   41363


     Subspace diagonalization in iterative solution of the eigenvalue problem:
     a serial algorithm will be used

     GIPAW projectors -----------------------------------------------
     atom=  C    l=0  rc=    1.2000  rs=    0.8000
     atom=  C    l=0  rc=    1.2000  rs=    0.8000
     atom=  C    l=1  rc=    1.4000  rs=    0.9333
     atom=  C    l=1  rc=    1.4000  rs=    0.9333
     projs nearly linearly dependent: l=1  n1,n2= 1, 2  s=  0.99951561

     atom=  Cl   l=0  rc=    1.6000  rs=    1.0667
     atom=  Cl   l=0  rc=    1.6000  rs=    1.0667
     atom=  Cl   l=1  rc=    1.6000  rs=    1.0667
     atom=  Cl   l=1  rc=    1.6000  rs=    1.0667
     atom=  Cl   l=2  rc=    1.6000  rs=    1.0667
     atom=  Cl   l=2  rc=    1.6000  rs=    1.0667
     projs nearly linearly dependent: l=2  n1,n2= 1, 2  s=  0.99993509

     atom=  H    l=0  rc=    1.0000  rs=    0.6667
     atom=  H    l=0  rc=    1.0000  rs=    0.6667
     projs nearly linearly dependent: l=0  n1,n2= 1, 2  s=  0.99968852
     -----------------------------------------------------------------

     GIPAW integrals: -------------------------------------------
     Atom  i/j   nmr_para   nmr_dia   epr_rmc  epr_para   epr_dia
       C   1 1   0.83E+03  0.17E-01  0.93E+01  0.24E+08  0.24E+03
       C   2 1   0.86E+03 -0.61E-01  0.94E+01  0.25E+08  0.25E+03
       C   2 2   0.90E+03 -0.15E+00  0.97E+01  0.26E+08  0.26E+03
       C   3 3   0.33E+01  0.34E+00  0.18E+01  0.55E+03  0.21E+02
       C   4 3   0.35E+01  0.37E+00  0.20E+01  0.59E+03  0.22E+02
       C   4 4   0.38E+01  0.39E+00  0.22E+01  0.63E+03  0.24E+02
       Cl  1 1   0.14E+04 -0.47E+00  0.84E+01  0.32E+09  0.42E+03
       Cl  2 1   0.21E+04 -0.37E+00  0.12E+02  0.49E+09  0.65E+03
       Cl  2 2   0.33E+04 -0.16E+00  0.21E+02  0.76E+09  0.10E+04
       Cl  3 3   0.21E+02  0.79E-01  0.89E+01  0.23E+05  0.13E+03
       Cl  4 3   0.24E+02  0.67E-01  0.99E+01  0.27E+05  0.15E+03
       Cl  4 4   0.28E+02  0.44E-01  0.11E+02  0.32E+05  0.18E+03
       Cl  5 5   0.77E+00  0.19E+00  0.18E+01  0.12E+03  0.22E+02
       Cl  6 5   0.80E+00  0.19E+00  0.19E+01  0.12E+03  0.23E+02
       Cl  6 6   0.83E+00  0.20E+00  0.19E+01  0.12E+03  0.23E+02
       H   1 1   0.39E+02  0.19E+00  0.29E+00  0.78E+05  0.13E+02
       H   2 1   0.41E+02  0.21E+00  0.32E+00  0.82E+05  0.14E+02
       H   2 2   0.43E+02  0.22E+00  0.36E+00  0.86E+05  0.15E+02
     ------------------------------------------------------------

     alpha_pv=     33.9606 eV

     Number of occupied bands for each k-point:
     k-point:     1    nbnd_occ=  42
     k-point:     2    nbnd_occ=  42
     k-point:     3    nbnd_occ=  42
     k-point:     4    nbnd_occ=  42
     k-point:     5    nbnd_occ=  42
     k-point:     6    nbnd_occ=  42
     k-point:     7    nbnd_occ=  42
     k-point:     8    nbnd_occ=  42
     k-point:     9    nbnd_occ=  42
     k-point:    10    nbnd_occ=  42
     k-point:    11    nbnd_occ=  42
     k-point:    12    nbnd_occ=  42
     k-point:    13    nbnd_occ=  42
     k-point:    14    nbnd_occ=  42
     k-point:    15    nbnd_occ=  42
     k-point:    16    nbnd_occ=  42


     q-space interpolation up to   110.00 Rydberg

     GIPAW job: efg                                                                             


     ELECTRIC FIELD GRADIENTS TENSORS IN Hartree/bohrradius^2:

     ----- bare term -----
     Cl   1        0.258015        0.004463        0.011162
     Cl   1        0.004463       -0.337079       -0.287742
     Cl   1        0.011162       -0.287742        0.079064

     C    2       -0.800958        0.488720       -0.343303
     C    2        0.488720        0.311400       -0.035271
     C    2       -0.343303       -0.035271        0.489558

     C    3        0.102774       -0.132766       -0.283118
     C    3       -0.132766       -0.280393       -0.585012
     C    3       -0.283118       -0.585012        0.177619

     H    4       -0.559280        0.194471       -0.133204
     H    4        0.194471        0.201633       -0.310214
     H    4       -0.133204       -0.310214        0.357647

     C    5       -0.857405        0.361780       -0.431381
     C    5        0.361780        0.375062       -0.020979
     C    5       -0.431381       -0.020979        0.482343

     H    6       -0.044413       -0.082112       -0.022758
     H    6       -0.082112       -0.380405       -0.520424
     H    6       -0.022758       -0.520424        0.424819

     H    7        0.408915        0.083931       -0.007871
     H    7        0.083931       -0.724210       -0.071013
     H    7       -0.007871       -0.071013        0.315295

     C    8        0.056781        0.037301       -0.158092
     C    8        0.037301       -0.115967        0.299401
     C    8       -0.158092        0.299401        0.059186

     H    9       -0.167929        0.443827       -0.005464
     H    9        0.443827       -0.178350       -0.132792
     H    9       -0.005464       -0.132792        0.346279

     C   10       -0.199505       -0.033378        0.118553
     C   10       -0.033378       -0.087734       -0.168367
     C   10        0.118553       -0.168367        0.287239

     C   11        0.148595        0.029014       -0.175199
     C   11        0.029014       -0.064513        0.503248
     C   11       -0.175199        0.503248       -0.084083

     Cl  12       -0.051949       -0.252332        0.041353
     Cl  12       -0.252332       -0.111263       -0.191129
     Cl  12        0.041353       -0.191129        0.163213

     H   13        0.311709       -0.380409        0.024709
     H   13       -0.380409       -0.666413       -0.076246
     H   13        0.024709       -0.076246        0.354705

     C   14        0.001609        0.122823       -0.097153
     C   14        0.122823       -0.082215       -0.385032
     C   14       -0.097153       -0.385032        0.080605

     H   15       -0.246665       -0.522808       -0.039588
     H   15       -0.522808       -0.116546        0.099248
     H   15       -0.039588        0.099248        0.363211

     C   16       -0.583927        0.282320       -0.192358
     C   16        0.282320        0.213453       -0.130647
     C   16       -0.192358       -0.130647        0.370474

     C   17        0.026453       -0.170938       -0.334972
     C   17       -0.170938       -0.012682       -0.618425
     C   17       -0.334972       -0.618425       -0.013770

     Cl  18       -0.323255        0.322351        0.001842
     Cl  18        0.322351        0.178277       -0.040192
     Cl  18        0.001842       -0.040192        0.144978

     H   19        0.012967       -0.072048       -0.297160
     H   19       -0.072048       -0.266148        0.499641
     H   19       -0.297160        0.499641        0.253181

     C   20       -0.783035       -0.332751       -0.215355
     C   20       -0.332751        0.410189        0.162737
     C   20       -0.215355        0.162737        0.372846

     H   21       -0.376281       -0.284327       -0.331523
     H   21       -0.284327        0.003297        0.197601
     H   21       -0.331523        0.197601        0.372985

     C   22        0.112917        0.027515       -0.245950
     C   22        0.027515       -0.127280        0.606033
     C   22       -0.245950        0.606033        0.014363

     C   23       -0.722328       -0.443245       -0.374501
     C   23       -0.443245        0.372681        0.096052
     C   23       -0.374501        0.096052        0.349647

     Cl  24       -0.022012       -0.008709        0.035722
     Cl  24       -0.008709        0.052053       -0.105121
     Cl  24        0.035722       -0.105121       -0.030041

     ----- ionic term -----
     Cl   1        0.115955       -0.219114       -0.021013
     Cl   1       -0.219114        0.038372        0.020698
     Cl   1       -0.021013        0.020698       -0.154328

     C    2        0.179732       -0.155852        0.150970
     C    2       -0.155852        0.215235        0.389694
     C    2        0.150970        0.389694       -0.394967

     C    3        0.151248       -0.140575        0.179406
     C    3       -0.140575        0.218180        0.373174
     C    3        0.179406        0.373174       -0.369428

     H    4        0.659421        0.395149        0.587380
     H    4        0.395149       -0.350897        0.234714
     H    4        0.587380        0.234714       -0.308524

     C    5        0.362644       -0.062857        0.277659
     C    5       -0.062857        0.056625        0.273992
     C    5        0.277659        0.273992       -0.419268

     H    6       -0.445890        0.315548        0.153625
     H    6        0.315548        0.707643        0.609451
     H    6        0.153625        0.609451       -0.261753

     H    7       -0.506383       -0.038377        0.010268
     H    7       -0.038377        0.830860       -0.587294
     H    7        0.010268       -0.587294       -0.324477

     C    8        0.363289        0.101420        0.129958
     C    8        0.101420        0.068101       -0.322029
     C    8        0.129958       -0.322029       -0.431390

     H    9        0.679412       -0.382430        0.574762
     H    9       -0.382430       -0.358181       -0.260315
     H    9        0.574762       -0.260315       -0.321230

     C   10        0.199213        0.133897        0.092630
     C   10        0.133897        0.221814       -0.389477
     C   10        0.092630       -0.389477       -0.421027

     C   11        0.239435        0.131529        0.161119
     C   11        0.131529        0.204345       -0.370410
     C   11        0.161119       -0.370410       -0.443780

     Cl  12        0.150794        0.191849       -0.018125
     Cl  12        0.191849        0.010566       -0.032022
     Cl  12       -0.018125       -0.032022       -0.161360

     H   13       -0.465686        0.219132        0.105736
     H   13        0.219132        0.768365        0.589614
     H   13        0.105736        0.589614       -0.302679

     C   14        0.342117       -0.179412        0.168837
     C   14       -0.179412        0.120916        0.262451
     C   14        0.168837        0.262451       -0.463033

     H   15        0.816298        0.376151        0.467212
     H   15        0.376151       -0.380535        0.202520
     H   15        0.467212        0.202520       -0.435762

     C   16        0.224331       -0.174644        0.135456
     C   16       -0.174644        0.246903        0.347929
     C   16        0.135456        0.347929       -0.471235

     C   17        0.306009       -0.079336        0.256229
     C   17       -0.079336        0.137622        0.356081
     C   17        0.256229        0.356081       -0.443631

     Cl  18        0.146711       -0.186844       -0.010100
     Cl  18       -0.186844        0.014768        0.016284
     Cl  18       -0.010100        0.016284       -0.161479

     H   19       -0.435126       -0.333764        0.165480
     H   19       -0.333764        0.710505       -0.603462
     H   19        0.165480       -0.603462       -0.275378

     C   20        0.319234        0.095230        0.190901
     C   20        0.095230        0.098818       -0.288955
     C   20        0.190901       -0.288955       -0.418052

     H   21        0.703727       -0.299082        0.595286
     H   21       -0.299082       -0.408218       -0.214590
     H   21        0.595286       -0.214590       -0.295509

     C   22        0.154242        0.193807        0.144922
     C   22        0.193807        0.195496       -0.430580
     C   22        0.144922       -0.430580       -0.349738

     C   23        0.246363        0.063813        0.190575
     C   23        0.063813        0.125295       -0.458580
     C   23        0.190575       -0.458580       -0.371658

     Cl  24        0.156075        0.219774       -0.023873
     Cl  24        0.219774       -0.011841       -0.019429
     Cl  24       -0.023873       -0.019429       -0.144234

     ----- GIPAW term -----
     Cl   1        0.082766       -0.416239        0.374141
     Cl   1       -0.416239        0.696858        1.001504
     Cl   1        0.374141        1.001504       -0.779624

     C    2       -0.151620       -0.025484       -0.040044
     C    2       -0.025484        0.203286        0.111619
     C    2       -0.040044        0.111619       -0.051666

     C    3       -0.073230       -0.127438       -0.070627
     C    3       -0.127438        0.130522        0.085393
     C    3       -0.070627        0.085393       -0.057291

     H    4       -0.000000        0.000000        0.000000
     H    4        0.000000        0.000000        0.000000
     H    4        0.000000        0.000000        0.000000

     C    5       -0.165594       -0.073039       -0.081323
     C    5       -0.073039        0.196925        0.137170
     C    5       -0.081323        0.137170       -0.031332

     H    6       -0.000000        0.000000        0.000000
     H    6        0.000000        0.000000        0.000000
     H    6        0.000000        0.000000        0.000000

     H    7       -0.000000        0.000000        0.000000
     H    7        0.000000        0.000000        0.000000
     H    7        0.000000        0.000000        0.000000

     C    8       -0.034329       -0.011334       -0.006050
     C    8       -0.011334        0.133961        0.062524
     C    8       -0.006050        0.062524       -0.099632

     H    9       -0.000000        0.000000        0.000000
     H    9        0.000000        0.000000        0.000000
     H    9        0.000000        0.000000        0.000000

     C   10       -0.006851        0.019911        0.018521
     C   10        0.019911        0.004803       -0.028686
     C   10        0.018521       -0.028686        0.002048

     C   11       -0.009923        0.000921       -0.028272
     C   11        0.000921        0.116260        0.071670
     C   11       -0.028272        0.071670       -0.106336

     Cl  12       -0.864150       -0.050570       -0.324259
     Cl  12       -0.050570        0.879407        1.568260
     Cl  12       -0.324259        1.568260       -0.015256

     H   13       -0.000000        0.000000        0.000000
     H   13        0.000000        0.000000        0.000000
     H   13        0.000000        0.000000        0.000000

     C   14       -0.060170        0.081575        0.008274
     C   14        0.081575        0.193965       -0.053914
     C   14        0.008274       -0.053914       -0.133795

     H   15       -0.000000        0.000000        0.000000
     H   15        0.000000        0.000000        0.000000
     H   15        0.000000        0.000000        0.000000

     C   16       -0.154906        0.066489       -0.038864
     C   16        0.066489        0.207429       -0.047027
     C   16       -0.038864       -0.047027       -0.052523

     C   17       -0.063461       -0.135313       -0.045928
     C   17       -0.135313        0.250473        0.005628
     C   17       -0.045928        0.005628       -0.187012

     Cl  18       -1.267020       -0.548321       -0.092794
     Cl  18       -0.548321        3.058687       -0.416543
     Cl  18       -0.092794       -0.416543       -1.791667

     H   19       -0.000000        0.000000        0.000000
     H   19        0.000000        0.000000        0.000000
     H   19        0.000000        0.000000        0.000000

     C   20       -0.187666        0.060964        0.006984
     C   20        0.060964        0.266929        0.039149
     C   20        0.006984        0.039149       -0.079264

     H   21       -0.000000        0.000000        0.000000
     H   21        0.000000        0.000000        0.000000
     H   21        0.000000        0.000000        0.000000

     C   22       -0.093932        0.081528       -0.035182
     C   22        0.081528        0.234739       -0.007478
     C   22       -0.035182       -0.007478       -0.140808

     C   23       -0.171414       -0.025243       -0.036695
     C   23       -0.025243        0.293625       -0.059201
     C   23       -0.036695       -0.059201       -0.122211

     Cl  24       -0.131395        1.647188        0.108203
     Cl  24        1.647188        1.673584       -1.824027
     Cl  24        0.108203       -1.824027       -1.542189

     ----- total EFG -----
     Cl   1        0.456736       -0.630890        0.364289
     Cl   1       -0.630890        0.398151        0.734460
     Cl   1        0.364289        0.734460       -0.854887

     C    2       -0.772846        0.307384       -0.232377
     C    2        0.307384        0.729921        0.466042
     C    2       -0.232377        0.466042        0.042925

     C    3        0.180791       -0.400779       -0.174339
     C    3       -0.400779        0.068309       -0.126444
     C    3       -0.174339       -0.126444       -0.249100

     H    4        0.100141        0.589620        0.454177
     H    4        0.589620       -0.149264       -0.075500
     H    4        0.454177       -0.075500        0.049123

     C    5       -0.660355        0.225884       -0.235045
     C    5        0.225884        0.628612        0.390184
     C    5       -0.235045        0.390184        0.031743

     H    6       -0.490303        0.233437        0.130867
     H    6        0.233437        0.327238        0.089027
     H    6        0.130867        0.089027        0.163065

     H    7       -0.097468        0.045554        0.002397
     H    7        0.045554        0.106650       -0.658307
     H    7        0.002397       -0.658307       -0.009181

     C    8        0.385741        0.127387       -0.034184
     C    8        0.127387        0.086095        0.039897
     C    8       -0.034184        0.039897       -0.471836

     H    9        0.511482        0.061397        0.569298
     H    9        0.061397       -0.536531       -0.393106
     H    9        0.569298       -0.393106        0.025049

     C   10       -0.007142        0.120430        0.229704
     C   10        0.120430        0.138882       -0.586530
     C   10        0.229704       -0.586530       -0.131740

     C   11        0.378107        0.161463       -0.042352
     C   11        0.161463        0.256092        0.204508
     C   11       -0.042352        0.204508       -0.634199

     Cl  12       -0.765305       -0.111053       -0.301031
     Cl  12       -0.111053        0.778709        1.345108
     Cl  12       -0.301031        1.345108       -0.013404

     H   13       -0.153977       -0.161276        0.130445
     H   13       -0.161276        0.101952        0.513368
     H   13        0.130445        0.513368        0.052025

     C   14        0.283556        0.024986        0.079959
     C   14        0.024986        0.232666       -0.176495
     C   14        0.079959       -0.176495       -0.516222

     H   15        0.569633       -0.146657        0.427625
     H   15       -0.146657       -0.497082        0.301769
     H   15        0.427625        0.301769       -0.072551

     C   16       -0.514502        0.174165       -0.095765
     C   16        0.174165        0.667786        0.170255
     C   16       -0.095765        0.170255       -0.153283

     C   17        0.269001       -0.385587       -0.124671
     C   17       -0.385587        0.375412       -0.256716
     C   17       -0.124671       -0.256716       -0.644414

     Cl  18       -1.443564       -0.412814       -0.101052
     Cl  18       -0.412814        3.251732       -0.440451
     Cl  18       -0.101052       -0.440451       -1.808169

     H   19       -0.422159       -0.405812       -0.131681
     H   19       -0.405812        0.444357       -0.103820
     H   19       -0.131681       -0.103820       -0.022198

     C   20       -0.651467       -0.176557       -0.017470
     C   20       -0.176557        0.775937       -0.087070
     C   20       -0.017470       -0.087070       -0.124470

     H   21        0.327446       -0.583409        0.263763
     H   21       -0.583409       -0.404922       -0.016990
     H   21        0.263763       -0.016990        0.077476

     C   22        0.173227        0.302849       -0.136210
     C   22        0.302849        0.302955        0.167974
     C   22       -0.136210        0.167974       -0.476182

     C   23       -0.647378       -0.404675       -0.220621
     C   23       -0.404675        0.791600       -0.421730
     C   23       -0.220621       -0.421730       -0.144222

     Cl  24        0.002667        1.858253        0.120053
     Cl  24        1.858253        1.713797       -1.948577
     Cl  24        0.120053       -1.948577       -1.716464

     ----- total EFG (symmetrized) -----
     Cl   1        0.456736       -0.630890        0.364289
     Cl   1       -0.630890        0.398151        0.734460
     Cl   1        0.364289        0.734460       -0.854887

     C    2       -0.772846        0.307384       -0.232377
     C    2        0.307384        0.729921        0.466042
     C    2       -0.232377        0.466042        0.042925

     C    3        0.180791       -0.400779       -0.174339
     C    3       -0.400779        0.068309       -0.126444
     C    3       -0.174339       -0.126444       -0.249100

     H    4        0.100141        0.589620        0.454177
     H    4        0.589620       -0.149264       -0.075500
     H    4        0.454177       -0.075500        0.049123

     C    5       -0.660355        0.225884       -0.235045
     C    5        0.225884        0.628612        0.390184
     C    5       -0.235045        0.390184        0.031743

     H    6       -0.490303        0.233437        0.130867
     H    6        0.233437        0.327238        0.089027
     H    6        0.130867        0.089027        0.163065

     H    7       -0.097468        0.045554        0.002397
     H    7        0.045554        0.106650       -0.658307
     H    7        0.002397       -0.658307       -0.009181

     C    8        0.385741        0.127387       -0.034184
     C    8        0.127387        0.086095        0.039897
     C    8       -0.034184        0.039897       -0.471836

     H    9        0.511482        0.061397        0.569298
     H    9        0.061397       -0.536531       -0.393106
     H    9        0.569298       -0.393106        0.025049

     C   10       -0.007142        0.120430        0.229704
     C   10        0.120430        0.138882       -0.586530
     C   10        0.229704       -0.586530       -0.131740

     C   11        0.378107        0.161463       -0.042352
     C   11        0.161463        0.256092        0.204508
     C   11       -0.042352        0.204508       -0.634199

     Cl  12       -0.765305       -0.111053       -0.301031
     Cl  12       -0.111053        0.778709        1.345108
     Cl  12       -0.301031        1.345108       -0.013404

     H   13       -0.153977       -0.161276        0.130445
     H   13       -0.161276        0.101952        0.513368
     H   13        0.130445        0.513368        0.052025

     C   14        0.283556        0.024986        0.079959
     C   14        0.024986        0.232666       -0.176495
     C   14        0.079959       -0.176495       -0.516222

     H   15        0.569633       -0.146657        0.427625
     H   15       -0.146657       -0.497082        0.301769
     H   15        0.427625        0.301769       -0.072551

     C   16       -0.514502        0.174165       -0.095765
     C   16        0.174165        0.667786        0.170255
     C   16       -0.095765        0.170255       -0.153283

     C   17        0.269001       -0.385587       -0.124671
     C   17       -0.385587        0.375412       -0.256716
     C   17       -0.124671       -0.256716       -0.644414

     Cl  18       -1.443564       -0.412814       -0.101052
     Cl  18       -0.412814        3.251732       -0.440451
     Cl  18       -0.101052       -0.440451       -1.808169

     H   19       -0.422159       -0.405812       -0.131681
     H   19       -0.405812        0.444357       -0.103820
     H   19       -0.131681       -0.103820       -0.022198

     C   20       -0.651467       -0.176557       -0.017470
     C   20       -0.176557        0.775937       -0.087070
     C   20       -0.017470       -0.087070       -0.124470

     H   21        0.327446       -0.583409        0.263763
     H   21       -0.583409       -0.404922       -0.016990
     H   21        0.263763       -0.016990        0.077476

     C   22        0.173227        0.302849       -0.136210
     C   22        0.302849        0.302955        0.167974
     C   22       -0.136210        0.167974       -0.476182

     C   23       -0.647378       -0.404675       -0.220621
     C   23       -0.404675        0.791600       -0.421730
     C   23       -0.220621       -0.421730       -0.144222

     Cl  24        0.002667        1.858253        0.120053
     Cl  24        1.858253        1.713797       -1.948577
     Cl  24        0.120053       -1.948577       -1.716464


     NQR/NMR SPECTROSCOPIC PARAMETERS:
     Cl   1    Vxx=    0.2950    axis=(  0.696089  0.484407  0.529915)
     Cl   1    Vyy=    1.0990    axis=( -0.643499  0.748261  0.161291)
     Cl   1    Vzz=   -1.3941    axis=( -0.318384 -0.453272  0.832572)
     Cl   1  Q=        -8.1650 1e-30 m^2  Cq=        26.7442 MHz  eta= 0.57674

     C    2    Vxx=   -0.0361    axis=( -0.410920 -0.347808  0.842719)
     C    2    Vyy=   -0.9467    axis=( -0.905952  0.259161 -0.334792)
     C    2    Vzz=    0.9828    axis=( -0.101957 -0.901036 -0.421592)
     C    2  Q=         1.0000 1e-30 m^2  Cq=         2.3091 MHz  eta= 0.92651

     C    3    Vxx=   -0.0564    axis=( -0.402386 -0.554883  0.728142)
     C    3    Vyy=   -0.4761    axis=( -0.504155 -0.529585 -0.682178)
     C    3    Vzz=    0.5325    axis=( -0.764142  0.641596  0.066649)
     C    3  Q=         1.0000 1e-30 m^2  Cq=         1.2512 MHz  eta= 0.78817

     H    4    Vxx=    0.0488    axis=(  0.100609  0.601625 -0.792417)
     H    4    Vyy=    0.7340    axis=(  0.759309  0.468229  0.451898)
     H    4    Vzz=   -0.7828    axis=( -0.642906  0.647154  0.409711)
     H    4  Q=         1.0000 1e-30 m^2  Cq=        -1.8393 MHz  eta= 0.87537

     C    5    Vxx=   -0.0142    axis=( -0.426679 -0.354979  0.831826)
     C    5    Vyy=   -0.8142    axis=( -0.901648  0.238693 -0.360633)
     C    5    Vzz=    0.8284    axis=( -0.070534 -0.903889 -0.421911)
     C    5  Q=         1.0000 1e-30 m^2  Cq=         1.9463 MHz  eta= 0.96571

     H    6    Vxx=    0.1248    axis=( -0.028778  0.430039 -0.902352)
     H    6    Vyy=    0.4425    axis=(  0.275073  0.871279  0.406458)
     H    6    Vzz=   -0.5673    axis=(  0.960992 -0.236516 -0.143366)
     H    6  Q=         1.0000 1e-30 m^2  Cq=        -1.3329 MHz  eta= 0.55997

     H    7    Vxx=   -0.0967    axis=( -0.997233 -0.013352 -0.073131)
     H    7    Vyy=   -0.6142    axis=( -0.062937  0.675193  0.734951)
     H    7    Vzz=    0.7108    axis=( -0.039565 -0.737520  0.674165)
     H    7  Q=         1.0000 1e-30 m^2  Cq=         1.6702 MHz  eta= 0.72798

     C    8    Vxx=    0.0440    axis=( -0.339319  0.935874  0.094879)
     C    8    Vyy=    0.4329    axis=(  0.939256  0.342611 -0.020379)
     C    8    Vzz=   -0.4769    axis=(  0.051579 -0.082201  0.995280)
     C    8  Q=         1.0000 1e-30 m^2  Cq=        -1.1205 MHz  eta= 0.81567

     H    9    Vxx=   -0.0804    axis=(  0.523987  0.595432 -0.609014)
     H    9    Vyy=   -0.8273    axis=( -0.268351  0.794031  0.545437)
     H    9    Vzz=    0.9077    axis=( -0.808347  0.122372 -0.575847)
     H    9  Q=         1.0000 1e-30 m^2  Cq=         2.1328 MHz  eta= 0.82280

     C   10    Vxx=    0.0835    axis=(  0.933194  0.285274  0.218560)
     C   10    Vyy=    0.6097    axis=(  0.086255 -0.768188  0.634387)
     C   10    Vzz=   -0.6932    axis=(  0.348869 -0.573154 -0.741475)
     C   10  Q=         1.0000 1e-30 m^2  Cq=        -1.6287 MHz  eta= 0.75917

     C   11    Vxx=    0.1883    axis=( -0.602647  0.766609  0.221645)
     C   11    Vyy=    0.4962    axis=(  0.794685  0.601845  0.079111)
     C   11    Vzz=   -0.6845    axis=(  0.072748 -0.223814  0.971913)
     C   11  Q=         1.0000 1e-30 m^2  Cq=        -1.6082 MHz  eta= 0.44982

     Cl  12    Vxx=   -0.6993    axis=(  0.874085  0.361240 -0.324780)
     Cl  12    Vyy=   -1.1137    axis=( -0.474448  0.491319 -0.730414)
     Cl  12    Vzz=    1.8131    axis=(  0.104284 -0.792535 -0.600844)
     Cl  12  Q=        -8.1650 1e-30 m^2  Cq=       -34.7832 MHz  eta= 0.22856

     H   13    Vxx=   -0.0467    axis=( -0.884050  0.294442 -0.362988)
     H   13    Vyy=   -0.5453    axis=( -0.465846 -0.618221  0.633080)
     H   13    Vzz=    0.5920    axis=( -0.038002  0.728770  0.683703)
     H   13  Q=         1.0000 1e-30 m^2  Cq=         1.3909 MHz  eta= 0.84222

     C   14    Vxx=    0.2700    axis=( -0.299774  0.923876 -0.237882)
     C   14    Vyy=    0.2940    axis=(  0.948960  0.314392  0.025166)
     C   14    Vzz=   -0.5640    axis=( -0.098039  0.218197  0.970968)
     C   14  Q=         1.0000 1e-30 m^2  Cq=        -1.3251 MHz  eta= 0.04247

     H   15    Vxx=   -0.0400    axis=( -0.362699  0.591679  0.719976)
     H   15    Vyy=   -0.7433    axis=(  0.262719  0.806167 -0.530163)
     H   15    Vzz=    0.7833    axis=(  0.894107  0.003138  0.447842)
     H   15  Q=         1.0000 1e-30 m^2  Cq=         1.8405 MHz  eta= 0.89792

     C   16    Vxx=   -0.1458    axis=(  0.306991  0.131523 -0.942580)
     C   16    Vyy=   -0.5748    axis=(  0.943602 -0.171089  0.283451)
     C   16    Vzz=    0.7207    axis=(  0.123985  0.976437  0.176628)
     C   16  Q=         1.0000 1e-30 m^2  Cq=         1.6934 MHz  eta= 0.59525

     C   17    Vxx=    0.0322    axis=(  0.742126  0.569819 -0.352924)
     C   17    Vyy=    0.7212    axis=(  0.632390 -0.769752  0.086970)
     C   17    Vzz=   -0.7534    axis=(  0.222107  0.287728  0.931601)
     C   17  Q=         1.0000 1e-30 m^2  Cq=        -1.7702 MHz  eta= 0.91445

     Cl  18    Vxx=   -1.4330    axis=(  0.946640  0.053537 -0.317816)
     Cl  18    Vyy=   -1.8908    axis=(  0.311098  0.105865  0.944463)
     Cl  18    Vzz=    3.3238    axis=(  0.084209 -0.992938  0.083561)
     Cl  18  Q=        -8.1650 1e-30 m^2  Cq=       -63.7656 MHz  eta= 0.13775

     H   19    Vxx=    0.0169    axis=( -0.268955 -0.021465  0.962913)
     H   19    Vyy=    0.6085    axis=( -0.356479  0.930973 -0.078817)
     H   19    Vzz=   -0.6254    axis=( -0.894755 -0.364457 -0.258042)
     H   19  Q=         1.0000 1e-30 m^2  Cq=        -1.4695 MHz  eta= 0.94597

     C   20    Vxx=   -0.1307    axis=( -0.061676  0.083507  0.994597)
     C   20    Vyy=   -0.6744    axis=(  0.991004  0.123705  0.051067)
     C   20    Vzz=    0.8051    axis=( -0.118773  0.988799 -0.090385)
     C   20  Q=         1.0000 1e-30 m^2  Cq=         1.8917 MHz  eta= 0.67533

     H   21    Vxx=    0.0061    axis=( -0.232386  0.291508  0.927911)
     H   21    Vyy=    0.7378    axis=( -0.834101  0.430978 -0.344286)
     H   21    Vzz=   -0.7438    axis=( -0.500271 -0.853980  0.142994)
     H   21  Q=         1.0000 1e-30 m^2  Cq=        -1.7477 MHz  eta= 0.98365

     C   22    Vxx=    0.0182    axis=( -0.736250  0.552593  0.390610)
     C   22    Vyy=    0.5499    axis=( -0.615477 -0.786747 -0.047089)
     C   22    Vzz=   -0.5681    axis=(  0.281290 -0.275081  0.919351)
     C   22  Q=         1.0000 1e-30 m^2  Cq=        -1.3349 MHz  eta= 0.93597

     C   23    Vxx=   -0.1084    axis=( -0.486332  0.181807  0.854650)
     C   23    Vyy=   -0.9022    axis=(  0.853467  0.308484  0.420037)
     C   23    Vzz=    1.0106    axis=(  0.187281 -0.933694  0.305192)
     C   23  Q=         1.0000 1e-30 m^2  Cq=         2.3746 MHz  eta= 0.78549

     Cl  24    Vxx=   -0.5039    axis=(  0.828712 -0.258003  0.496661)
     Cl  24    Vyy=   -2.9128    axis=( -0.337625  0.477297  0.811294)
     Cl  24    Vzz=    3.4167    axis=( -0.446370 -0.840013  0.308433)
     Cl  24  Q=        -8.1650 1e-30 m^2  Cq=       -65.5480 MHz  eta= 0.70503

     Initialization:
     gipaw_setup  :      9.02s CPU     11.16s WALL (       1 calls)

     Linear response

     Apply operators

     Induced current

     Other routines
     efg          :      9.20s CPU     11.74s WALL (       1 calls)

     General routines
     calbec       :      3.28s CPU      4.31s WALL (      16 calls)
     fft          :      1.88s CPU      3.33s WALL (      15 calls)
     ffts         :      0.05s CPU      0.05s WALL (       2 calls)
     fftw         :      3.19s CPU      3.98s WALL (     672 calls)
     davcio       :      0.06s CPU      0.33s WALL (      32 calls)

     Parallel routines
     fft_scatter  :      2.56s CPU      4.50s WALL (     689 calls)

     Plugins

     GIPAW        :     60.66s CPU     72.79s WALL (       1 calls)
