
     Program QE v.6.0 (svn rev. 13079) starts on 26Dec2016 at 21:50:50 

     This program is part of the open-source Quantum ESPRESSO suite
     for quantum simulation of materials; please cite
         "P. Giannozzi et al., J. Phys.:Condens. Matter 21 395502 (2009);
          URL http://www.quantum-espresso.org", 
     in publications or presentations arising from this work. More details at
     http://www.quantum-espresso.org/quote

     Parallel version (MPI), running on     8 processors
     R & G space division:  proc/nbgrp/npool/nimage =       8

     ***** This is GIPAW svn revision unknown      *****

     Parallelizing q-star over 1 images

     Reading data from directory:
     /users/majewski/paradichlorobenzene/pbe/9_constraint/scratch/pbe.ecut100.np8.dt60.pcl2phi-129368.save
     Message from routine read_xml_file:
     file /users/majewski/paradichlorobenzene/pbe/9_constraint/scratch/pbe.ecut100.np8.dt60.pcl2phi-129368.save not guaranteed to be safe for post-processing

   Info: using nr1, nr2, nr3 values from input

   Info: using nr1, nr2, nr3 values from input

     IMPORTANT: XC functional enforced from input :
     Exchange-correlation      =  SLA  PW   PBX  PBC ( 1  4  3  4 0 0)
     Any further DFT definition will be discarded
     Please, verify this is what you really want

               file C.pbe-n-kjpaw_psl.1.0.0.UPF: wavefunction(s)  2S 2P renormalized
               file Cl.pbe-n-kjpaw_psl.1.0.0.UPF: wavefunction(s)  3S 3P renormalized
               file H.pbe-kjpaw_psl.1.0.0.UPF: wavefunction(s)  1S renormalized

     Parallelization info
     --------------------
     sticks:   dense  smooth     PW     G-vecs:    dense   smooth      PW
     Min        3057    1223    332               144436    36536    5170
     Max        3059    1225    333               144437    36537    5171
     Sum       24467    9791   2657              1155489   292295   41363


     Subspace diagonalization in iterative solution of the eigenvalue problem:
     a serial algorithm will be used

     GIPAW projectors -----------------------------------------------
     atom=  C    l=0  rc=    1.2000  rs=    0.8000
     atom=  C    l=0  rc=    1.2000  rs=    0.8000
     atom=  C    l=1  rc=    1.4000  rs=    0.9333
     atom=  C    l=1  rc=    1.4000  rs=    0.9333
     projs nearly linearly dependent: l=1  n1,n2= 1, 2  s=  0.99951561

     atom=  Cl   l=0  rc=    1.6000  rs=    1.0667
     atom=  Cl   l=0  rc=    1.6000  rs=    1.0667
     atom=  Cl   l=1  rc=    1.6000  rs=    1.0667
     atom=  Cl   l=1  rc=    1.6000  rs=    1.0667
     atom=  Cl   l=2  rc=    1.6000  rs=    1.0667
     atom=  Cl   l=2  rc=    1.6000  rs=    1.0667
     projs nearly linearly dependent: l=2  n1,n2= 1, 2  s=  0.99993509

     atom=  H    l=0  rc=    1.0000  rs=    0.6667
     atom=  H    l=0  rc=    1.0000  rs=    0.6667
     projs nearly linearly dependent: l=0  n1,n2= 1, 2  s=  0.99968852
     -----------------------------------------------------------------

     GIPAW integrals: -------------------------------------------
     Atom  i/j   nmr_para   nmr_dia   epr_rmc  epr_para   epr_dia
       C   1 1   0.83E+03  0.17E-01  0.93E+01  0.24E+08  0.24E+03
       C   2 1   0.86E+03 -0.61E-01  0.94E+01  0.25E+08  0.25E+03
       C   2 2   0.90E+03 -0.15E+00  0.97E+01  0.26E+08  0.26E+03
       C   3 3   0.33E+01  0.34E+00  0.18E+01  0.55E+03  0.21E+02
       C   4 3   0.35E+01  0.37E+00  0.20E+01  0.59E+03  0.22E+02
       C   4 4   0.38E+01  0.39E+00  0.22E+01  0.63E+03  0.24E+02
       Cl  1 1   0.14E+04 -0.47E+00  0.84E+01  0.32E+09  0.42E+03
       Cl  2 1   0.21E+04 -0.37E+00  0.12E+02  0.49E+09  0.65E+03
       Cl  2 2   0.33E+04 -0.16E+00  0.21E+02  0.76E+09  0.10E+04
       Cl  3 3   0.21E+02  0.79E-01  0.89E+01  0.23E+05  0.13E+03
       Cl  4 3   0.24E+02  0.67E-01  0.99E+01  0.27E+05  0.15E+03
       Cl  4 4   0.28E+02  0.44E-01  0.11E+02  0.32E+05  0.18E+03
       Cl  5 5   0.77E+00  0.19E+00  0.18E+01  0.12E+03  0.22E+02
       Cl  6 5   0.80E+00  0.19E+00  0.19E+01  0.12E+03  0.23E+02
       Cl  6 6   0.83E+00  0.20E+00  0.19E+01  0.12E+03  0.23E+02
       H   1 1   0.39E+02  0.19E+00  0.29E+00  0.78E+05  0.13E+02
       H   2 1   0.41E+02  0.21E+00  0.32E+00  0.82E+05  0.14E+02
       H   2 2   0.43E+02  0.22E+00  0.36E+00  0.86E+05  0.15E+02
     ------------------------------------------------------------

     alpha_pv=     34.1879 eV

     Number of occupied bands for each k-point:
     k-point:     1    nbnd_occ=  42
     k-point:     2    nbnd_occ=  42
     k-point:     3    nbnd_occ=  42
     k-point:     4    nbnd_occ=  42
     k-point:     5    nbnd_occ=  42
     k-point:     6    nbnd_occ=  42
     k-point:     7    nbnd_occ=  42
     k-point:     8    nbnd_occ=  42
     k-point:     9    nbnd_occ=  42
     k-point:    10    nbnd_occ=  42
     k-point:    11    nbnd_occ=  42
     k-point:    12    nbnd_occ=  42
     k-point:    13    nbnd_occ=  42
     k-point:    14    nbnd_occ=  42
     k-point:    15    nbnd_occ=  42
     k-point:    16    nbnd_occ=  42


     q-space interpolation up to   110.00 Rydberg

     GIPAW job: efg                                                                             


     ELECTRIC FIELD GRADIENTS TENSORS IN Hartree/bohrradius^2:

     ----- bare term -----
     Cl   1        0.054512        0.016534        0.046037
     Cl   1        0.016534        0.014190        0.155445
     Cl   1        0.046037        0.155445       -0.068702

     C    2       -0.248959        0.267764       -0.493492
     C    2        0.267764        0.133345       -0.282132
     C    2       -0.493492       -0.282132        0.115614

     C    3        0.170729        0.636380       -0.047240
     C    3        0.636380       -0.389319       -0.521501
     C    3       -0.047240       -0.521501        0.218590

     H    4       -0.156961       -0.192313       -0.474497
     H    4       -0.192313        0.279683        0.069399
     H    4       -0.474497        0.069399       -0.122721

     C    5       -0.612827        0.398419       -0.466954
     C    5        0.398419        0.379304       -0.150073
     C    5       -0.466954       -0.150073        0.233523

     H    6       -0.012412        0.026602        0.047464
     H    6        0.026602       -0.236044       -0.553585
     H    6        0.047464       -0.553585        0.248456

     H    7        0.455488       -0.006203       -0.013063
     H    7       -0.006203       -0.778946        0.335424
     H    7       -0.013063        0.335424        0.323457

     C    8       -0.134929        0.198462       -0.395862
     C    8        0.198462       -0.020256        0.425184
     C    8       -0.395862        0.425184        0.155185

     H    9       -0.044182        0.224235       -0.354334
     H    9        0.224235       -0.313881        0.325266
     H    9       -0.354334        0.325266        0.358063

     C   10       -0.612023       -0.308177       -0.157738
     C   10       -0.308177        0.227113        0.221055
     C   10       -0.157738        0.221055        0.384911

     C   11        0.047824        0.420243       -0.485862
     C   11        0.420243       -0.105442        0.648801
     C   11       -0.485862        0.648801        0.057618

     Cl  12       -0.313064       -0.257233        0.016172
     Cl  12       -0.257233        0.181258        0.127756
     Cl  12        0.016172        0.127756        0.131806

     H   13        0.353817       -0.344953        0.082956
     H   13       -0.344953       -0.676702        0.103418
     H   13        0.082956        0.103418        0.322885

     C   14       -0.075908        0.195799       -0.136618
     C   14        0.195799       -0.108648       -0.363247
     C   14       -0.136618       -0.363247        0.184555

     H   15       -0.194128       -0.531474       -0.199254
     H   15       -0.531474       -0.199905       -0.074526
     H   15       -0.199254       -0.074526        0.394033

     C   16       -0.591510        0.369746       -0.305313
     C   16        0.369746        0.282425       -0.137164
     C   16       -0.305313       -0.137164        0.309085

     C   17        0.059991        0.371354       -0.020825
     C   17        0.371354       -0.211606       -0.470191
     C   17       -0.020825       -0.470191        0.151614

     Cl  18       -0.177492        0.157282        0.013092
     Cl  18        0.157282        0.064781        0.136979
     Cl  18        0.013092        0.136979        0.112710

     H   19       -0.094702        0.144425       -0.056948
     H   19        0.144425       -0.309186        0.479091
     H   19       -0.056948        0.479091        0.403888

     C   20       -0.442154       -0.386188       -0.299068
     C   20       -0.386188        0.024677        0.059538
     C   20       -0.299068        0.059538        0.417477

     H   21       -0.618809       -0.174406       -0.133971
     H   21       -0.174406        0.262322        0.253946
     H   21       -0.133971        0.253946        0.356487

     C   22        0.064825        0.238240       -0.340765
     C   22        0.238240       -0.311614        0.518937
     C   22       -0.340765        0.518937        0.246789

     C   23       -0.733922       -0.390676       -0.364177
     C   23       -0.390676        0.205963        0.021590
     C   23       -0.364177        0.021590        0.527960

     Cl  24       -0.054931        0.048627        0.002408
     Cl  24        0.048627       -0.043879       -0.046528
     Cl  24        0.002408       -0.046528        0.098810

     ----- ionic term -----
     Cl   1        0.159554       -0.207346        0.075759
     Cl   1       -0.207346       -0.014021       -0.031007
     Cl   1        0.075759       -0.031007       -0.145533

     C    2        0.223950       -0.140762        0.359255
     C    2       -0.140762        0.144367        0.325425
     C    2        0.359255        0.325425       -0.368318

     C    3        0.178215       -0.326554        0.244148
     C    3       -0.326554        0.232853        0.313867
     C    3        0.244148        0.313867       -0.411068

     H    4        0.544342        0.238642        0.737041
     H    4        0.238642       -0.405416        0.233583
     H    4        0.737041        0.233583       -0.138926

     C    5        0.284844       -0.287598        0.306279
     C    5       -0.287598        0.100260        0.265851
     C    5        0.306279        0.265851       -0.385104

     H    6       -0.501398       -0.059148       -0.006680
     H    6       -0.059148        0.709300        0.655045
     H    6       -0.006680        0.655045       -0.207902

     H    7       -0.496675       -0.144963        0.080041
     H    7       -0.144963        0.785102       -0.626672
     H    7        0.080041       -0.626672       -0.288427

     C    8        0.397753        0.169237        0.222164
     C    8        0.169237        0.043688       -0.306750
     C    8        0.222164       -0.306750       -0.441441

     H    9        0.557483       -0.357097        0.695611
     H    9       -0.357097       -0.392942       -0.280867
     H    9        0.695611       -0.280867       -0.164541

     C   10        0.220393        0.229636        0.148505
     C   10        0.229636        0.151008       -0.366550
     C   10        0.148505       -0.366550       -0.371401

     C   11        0.310371        0.143750        0.196709
     C   11        0.143750        0.053205       -0.329163
     C   11        0.196709       -0.329163       -0.363575

     Cl  12        0.153711        0.172676       -0.016356
     Cl  12        0.172676       -0.020095       -0.015017
     Cl  12       -0.016356       -0.015017       -0.133616

     H   13       -0.514635        0.141832        0.061859
     H   13        0.141832        0.856672        0.552206
     H   13        0.061859        0.552206       -0.342037

     C   14        0.305649       -0.152687        0.355336
     C   14       -0.152687        0.117274        0.241760
     C   14        0.355336        0.241760       -0.422923

     H   15        0.646047        0.413065        0.578644
     H   15        0.413065       -0.341650        0.262792
     H   15        0.578644        0.262792       -0.304397

     C   16        0.176479       -0.223342        0.234853
     C   16       -0.223342        0.254475        0.302123
     C   16        0.234853        0.302123       -0.430954

     C   17        0.156756       -0.211738        0.300418
     C   17       -0.211738        0.224374        0.345850
     C   17        0.300418        0.345850       -0.381130

     Cl  18        0.124585       -0.221139        0.018408
     Cl  18       -0.221139        0.054466       -0.008462
     Cl  18        0.018408       -0.008462       -0.179052

     H   19       -0.516084       -0.143569        0.079961
     H   19       -0.143569        0.718903       -0.673143
     H   19        0.079961       -0.673143       -0.202820

     C   20        0.312856        0.205384        0.191457
     C   20        0.205384        0.092489       -0.302155
     C   20        0.191457       -0.302155       -0.405346

     H   21        0.591276       -0.290573        0.663633
     H   21       -0.290573       -0.428770       -0.242264
     H   21        0.663633       -0.242264       -0.162506

     C   22        0.148607        0.234349        0.157290
     C   22        0.234349        0.203006       -0.414784
     C   22        0.157290       -0.414784       -0.351613

     C   23        0.297074        0.132311        0.230615
     C   23        0.132311        0.086438       -0.413074
     C   23        0.230615       -0.413074       -0.383512

     Cl  24        0.160615        0.232732       -0.028716
     Cl  24        0.232732       -0.000701       -0.019154
     Cl  24       -0.028716       -0.019154       -0.159913

     ----- GIPAW term -----
     Cl   1       -0.361342       -0.520149       -0.871249
     Cl   1       -0.520149       -0.235843       -1.516093
     Cl   1       -0.871249       -1.516093        0.597185

     C    2        0.000440        0.117576       -0.126846
     C    2        0.117576        0.112532       -0.115142
     C    2       -0.126846       -0.115142       -0.112972

     C    3        0.127264        0.252119       -0.034363
     C    3        0.252119       -0.033371       -0.087806
     C    3       -0.034363       -0.087806       -0.093893

     H    4       -0.000000        0.000000        0.000000
     H    4        0.000000        0.000000        0.000000
     H    4        0.000000        0.000000        0.000000

     C    5       -0.054950        0.230218       -0.030072
     C    5        0.230218        0.158640        0.038722
     C    5       -0.030072        0.038722       -0.103690

     H    6       -0.000000        0.000000        0.000000
     H    6        0.000000        0.000000        0.000000
     H    6        0.000000        0.000000        0.000000

     H    7       -0.000000        0.000000        0.000000
     H    7        0.000000        0.000000        0.000000
     H    7        0.000000        0.000000        0.000000

     C    8       -0.072317        0.167781       -0.097245
     C    8        0.167781        0.158392       -0.029192
     C    8       -0.097245       -0.029192       -0.086075

     H    9       -0.000000        0.000000        0.000000
     H    9        0.000000        0.000000        0.000000
     H    9        0.000000        0.000000        0.000000

     C   10       -0.161285        0.120705       -0.009143
     C   10        0.120705        0.257503        0.018117
     C   10       -0.009143        0.018117       -0.096218

     C   11        0.103384        0.311584       -0.090152
     C   11        0.311584        0.057765        0.062533
     C   11       -0.090152        0.062533       -0.161149

     Cl  12       -0.856412        1.193898        0.047509
     Cl  12        1.193898        2.189761        1.335989
     Cl  12        0.047509        1.335989       -1.333349

     H   13       -0.000000        0.000000        0.000000
     H   13        0.000000        0.000000        0.000000
     H   13        0.000000        0.000000        0.000000

     C   14       -0.037189        0.119805       -0.045993
     C   14        0.119805        0.098166       -0.153504
     C   14       -0.045993       -0.153504       -0.060977

     H   15       -0.000000        0.000000        0.000000
     H   15        0.000000        0.000000        0.000000
     H   15        0.000000        0.000000        0.000000

     C   16       -0.150849        0.162528       -0.059989
     C   16        0.162528        0.239343       -0.003201
     C   16       -0.059989       -0.003201       -0.088494

     C   17        0.031872        0.131018        0.084738
     C   17        0.131018        0.107903        0.075376
     C   17        0.084738        0.075376       -0.139775

     Cl  18        0.137982       -1.349606        0.137589
     Cl  18       -1.349606        0.722413        1.266872
     Cl  18        0.137589        1.266872       -0.860395

     H   19       -0.000000        0.000000        0.000000
     H   19        0.000000        0.000000        0.000000
     H   19        0.000000        0.000000        0.000000

     C   20        0.062488        0.150437       -0.095340
     C   20        0.150437        0.026969       -0.090678
     C   20       -0.095340       -0.090678       -0.089458

     H   21       -0.000000        0.000000        0.000000
     H   21        0.000000        0.000000        0.000000
     H   21        0.000000        0.000000        0.000000

     C   22       -0.016370        0.179907       -0.139494
     C   22        0.179907        0.021788       -0.083056
     C   22       -0.139494       -0.083056       -0.005417

     C   23       -0.125307        0.107118       -0.116989
     C   23        0.107118        0.101830       -0.169586
     C   23       -0.116989       -0.169586        0.023478

     Cl  24        0.031235        2.358427       -0.968949
     Cl  24        2.358427       -0.575333       -1.432824
     Cl  24       -0.968949       -1.432824        0.544097

     ----- total EFG -----
     Cl   1       -0.147275       -0.710961       -0.749453
     Cl   1       -0.710961       -0.235674       -1.391655
     Cl   1       -0.749453       -1.391655        0.382949

     C    2       -0.024569        0.244578       -0.261083
     C    2        0.244578        0.390244       -0.071849
     C    2       -0.261083       -0.071849       -0.365676

     C    3        0.476208        0.561946        0.162546
     C    3        0.561946       -0.189837       -0.295440
     C    3        0.162546       -0.295440       -0.286371

     H    4        0.387381        0.046328        0.262544
     H    4        0.046328       -0.125733        0.302982
     H    4        0.262544        0.302982       -0.261647

     C    5       -0.382934        0.341039       -0.190747
     C    5        0.341039        0.638205        0.154499
     C    5       -0.190747        0.154499       -0.255271

     H    6       -0.513809       -0.032547        0.040784
     H    6       -0.032547        0.473255        0.101460
     H    6        0.040784        0.101460        0.040554

     H    7       -0.041187       -0.151166        0.066979
     H    7       -0.151166        0.006157       -0.291248
     H    7        0.066979       -0.291248        0.035030

     C    8        0.190507        0.535480       -0.270943
     C    8        0.535480        0.181823        0.089242
     C    8       -0.270943        0.089242       -0.372330

     H    9        0.513302       -0.132863        0.341277
     H    9       -0.132863       -0.706823        0.044399
     H    9        0.341277        0.044399        0.193522

     C   10       -0.552915        0.042164       -0.018376
     C   10        0.042164        0.635624       -0.127378
     C   10       -0.018376       -0.127378       -0.082708

     C   11        0.461578        0.875577       -0.379305
     C   11        0.875577        0.005527        0.382170
     C   11       -0.379305        0.382170       -0.467106

     Cl  12       -1.015765        1.109341        0.047325
     Cl  12        1.109341        2.350924        1.448728
     Cl  12        0.047325        1.448728       -1.335159

     H   13       -0.160818       -0.203122        0.144815
     H   13       -0.203122        0.179971        0.655624
     H   13        0.144815        0.655624       -0.019153

     C   14        0.192552        0.162917        0.172725
     C   14        0.162917        0.106793       -0.274991
     C   14        0.172725       -0.274991       -0.299345

     H   15        0.451919       -0.118409        0.379390
     H   15       -0.118409       -0.541555        0.188265
     H   15        0.379390        0.188265        0.089636

     C   16       -0.565880        0.308931       -0.130449
     C   16        0.308931        0.776244        0.161758
     C   16       -0.130449        0.161758       -0.210364

     C   17        0.248619        0.290633        0.364331
     C   17        0.290633        0.120671       -0.048964
     C   17        0.364331       -0.048964       -0.369290

     Cl  18        0.085075       -1.413463        0.169090
     Cl  18       -1.413463        0.841661        1.395389
     Cl  18        0.169090        1.395389       -0.926736

     H   19       -0.610786        0.000856        0.023013
     H   19        0.000856        0.409718       -0.194052
     H   19        0.023013       -0.194052        0.201068

     C   20       -0.066809       -0.030367       -0.202951
     C   20       -0.030367        0.144135       -0.333295
     C   20       -0.202951       -0.333295       -0.077326

     H   21       -0.027533       -0.464978        0.529663
     H   21       -0.464978       -0.166448        0.011682
     H   21        0.529663        0.011682        0.193981

     C   22        0.197062        0.652496       -0.322969
     C   22        0.652496       -0.086821        0.021097
     C   22       -0.322969        0.021097       -0.110242

     C   23       -0.562156       -0.151246       -0.250552
     C   23       -0.151246        0.394230       -0.561070
     C   23       -0.250552       -0.561070        0.167926

     Cl  24        0.136920        2.639786       -0.995257
     Cl  24        2.639786       -0.619914       -1.498507
     Cl  24       -0.995257       -1.498507        0.482994

     ----- total EFG (symmetrized) -----
     Cl   1       -0.147275       -0.710961       -0.749453
     Cl   1       -0.710961       -0.235674       -1.391655
     Cl   1       -0.749453       -1.391655        0.382949

     C    2       -0.024569        0.244578       -0.261083
     C    2        0.244578        0.390244       -0.071849
     C    2       -0.261083       -0.071849       -0.365676

     C    3        0.476208        0.561946        0.162546
     C    3        0.561946       -0.189837       -0.295440
     C    3        0.162546       -0.295440       -0.286371

     H    4        0.387381        0.046328        0.262544
     H    4        0.046328       -0.125733        0.302982
     H    4        0.262544        0.302982       -0.261647

     C    5       -0.382934        0.341039       -0.190747
     C    5        0.341039        0.638205        0.154499
     C    5       -0.190747        0.154499       -0.255271

     H    6       -0.513809       -0.032547        0.040784
     H    6       -0.032547        0.473255        0.101460
     H    6        0.040784        0.101460        0.040554

     H    7       -0.041187       -0.151166        0.066979
     H    7       -0.151166        0.006157       -0.291248
     H    7        0.066979       -0.291248        0.035030

     C    8        0.190507        0.535480       -0.270943
     C    8        0.535480        0.181823        0.089242
     C    8       -0.270943        0.089242       -0.372330

     H    9        0.513302       -0.132863        0.341277
     H    9       -0.132863       -0.706823        0.044399
     H    9        0.341277        0.044399        0.193522

     C   10       -0.552915        0.042164       -0.018376
     C   10        0.042164        0.635624       -0.127378
     C   10       -0.018376       -0.127378       -0.082708

     C   11        0.461578        0.875577       -0.379305
     C   11        0.875577        0.005527        0.382170
     C   11       -0.379305        0.382170       -0.467106

     Cl  12       -1.015765        1.109341        0.047325
     Cl  12        1.109341        2.350924        1.448728
     Cl  12        0.047325        1.448728       -1.335159

     H   13       -0.160818       -0.203122        0.144815
     H   13       -0.203122        0.179971        0.655624
     H   13        0.144815        0.655624       -0.019153

     C   14        0.192552        0.162917        0.172725
     C   14        0.162917        0.106793       -0.274991
     C   14        0.172725       -0.274991       -0.299345

     H   15        0.451919       -0.118409        0.379390
     H   15       -0.118409       -0.541555        0.188265
     H   15        0.379390        0.188265        0.089636

     C   16       -0.565880        0.308931       -0.130449
     C   16        0.308931        0.776244        0.161758
     C   16       -0.130449        0.161758       -0.210364

     C   17        0.248619        0.290633        0.364331
     C   17        0.290633        0.120671       -0.048964
     C   17        0.364331       -0.048964       -0.369290

     Cl  18        0.085075       -1.413463        0.169090
     Cl  18       -1.413463        0.841661        1.395389
     Cl  18        0.169090        1.395389       -0.926736

     H   19       -0.610786        0.000856        0.023013
     H   19        0.000856        0.409718       -0.194052
     H   19        0.023013       -0.194052        0.201068

     C   20       -0.066809       -0.030367       -0.202951
     C   20       -0.030367        0.144135       -0.333295
     C   20       -0.202951       -0.333295       -0.077326

     H   21       -0.027533       -0.464978        0.529663
     H   21       -0.464978       -0.166448        0.011682
     H   21        0.529663        0.011682        0.193981

     C   22        0.197062        0.652496       -0.322969
     C   22        0.652496       -0.086821        0.021097
     C   22       -0.322969        0.021097       -0.110242

     C   23       -0.562156       -0.151246       -0.250552
     C   23       -0.151246        0.394230       -0.561070
     C   23       -0.250552       -0.561070        0.167926

     Cl  24        0.136920        2.639786       -0.995257
     Cl  24        2.639786       -0.619914       -1.498507
     Cl  24       -0.995257       -1.498507        0.482994


     NQR/NMR SPECTROSCOPIC PARAMETERS:
     Cl   1    Vxx=    0.4243    axis=( -0.861006  0.457047  0.223109)
     Cl   1    Vyy=    1.5143    axis=( -0.107128 -0.591811  0.798927)
     Cl   1    Vzz=   -1.9386    axis=( -0.497185 -0.663979 -0.558515)
     Cl   1  Q=        -8.1650 1e-30 m^2  Cq=        37.1920 MHz  eta= 0.56225

     C    2    Vxx=   -0.0293    axis=(  0.730846 -0.504713 -0.459488)
     C    2    Vyy=   -0.5105    axis=(  0.497909 -0.066222  0.864697)
     C    2    Vzz=    0.5398    axis=( -0.466852 -0.860744  0.202903)
     C    2  Q=         1.0000 1e-30 m^2  Cq=         1.2684 MHz  eta= 0.89135

     C    3    Vxx=   -0.0430    axis=(  0.293999 -0.506158  0.810783)
     C    3    Vyy=   -0.7534    axis=( -0.399745  0.705407  0.585325)
     C    3    Vzz=    0.7964    axis=( -0.868198 -0.496191  0.005055)
     C    3  Q=         1.0000 1e-30 m^2  Cq=         1.8713 MHz  eta= 0.89204

     H    4    Vxx=    0.0222    axis=(  0.422776 -0.787136 -0.449084)
     H    4    Vyy=    0.5177    axis=( -0.884174 -0.249601 -0.394886)
     H    4    Vzz=   -0.5400    axis=(  0.198737  0.564017 -0.801491)
     H    4  Q=         1.0000 1e-30 m^2  Cq=        -1.2687 MHz  eta= 0.91761

     C    5    Vxx=   -0.1229    axis=( -0.531688  0.066853  0.844298)
     C    5    Vyy=   -0.6276    axis=( -0.802061  0.280457 -0.527297)
     C    5    Vzz=    0.7505    axis=( -0.272041 -0.957536 -0.095496)
     C    5  Q=         1.0000 1e-30 m^2  Cq=         1.7634 MHz  eta= 0.67244

     H    6    Vxx=    0.0220    axis=(  0.086987 -0.212573  0.973266)
     H    6    Vyy=    0.4964    axis=(  0.022763 -0.976290 -0.215268)
     H    6    Vzz=   -0.5184    axis=(  0.995949  0.040880 -0.080086)
     H    6  Q=         1.0000 1e-30 m^2  Cq=        -1.2181 MHz  eta= 0.91498

     H    7    Vxx=   -0.0797    axis=(  0.890349  0.025639 -0.454555)
     H    7    Vyy=   -0.2901    axis=(  0.287737  0.742048  0.605452)
     H    7    Vzz=    0.3698    axis=( -0.352825  0.669857 -0.653305)
     H    7  Q=         1.0000 1e-30 m^2  Cq=         0.8690 MHz  eta= 0.56880

     C    8    Vxx=   -0.1158    axis=( -0.441837  0.593220  0.672956)
     C    8    Vyy=   -0.6219    axis=(  0.529056 -0.433506  0.729501)
     C    8    Vzz=    0.7376    axis=( -0.724485 -0.678352  0.122308)
     C    8  Q=         1.0000 1e-30 m^2  Cq=         1.7331 MHz  eta= 0.68610

     H    9    Vxx=   -0.0068    axis=( -0.514986  0.151261  0.843747)
     H    9    Vyy=   -0.7289    axis=(  0.131977  0.986563 -0.096312)
     H    9    Vzz=    0.7358    axis=( -0.846978  0.061756 -0.528029)
     H    9  Q=         1.0000 1e-30 m^2  Cq=         1.7287 MHz  eta= 0.98146

     C   10    Vxx=   -0.1044    axis=( -0.024285  0.170935  0.984983)
     C   10    Vyy=   -0.5548    axis=( -0.999026  0.032152 -0.030211)
     C   10    Vzz=    0.6592    axis=( -0.036833 -0.984758  0.169988)
     C   10  Q=         1.0000 1e-30 m^2  Cq=         1.5488 MHz  eta= 0.68337

     C   11    Vxx=   -0.0274    axis=( -0.355546  0.531595  0.768761)
     C   11    Vyy=   -1.1140    axis=( -0.485701  0.597643 -0.637901)
     C   11    Vzz=    1.1414    axis=( -0.798550 -0.600191  0.045707)
     C   11  Q=         1.0000 1e-30 m^2  Cq=         2.6818 MHz  eta= 0.95197

     Cl  12    Vxx=   -1.1510    axis=(  0.881869 -0.087710 -0.463264)
     Cl  12    Vyy=   -1.9758    axis=( -0.399845  0.381566 -0.833386)
     Cl  12    Vzz=    3.1267    axis=(  0.249862  0.920171  0.301421)
     Cl  12  Q=        -8.1650 1e-30 m^2  Cq=       -59.9844 MHz  eta= 0.26379

     H   13    Vxx=   -0.0543    axis=(  0.906969 -0.219574  0.359436)
     H   13    Vyy=   -0.6934    axis=( -0.415536 -0.605894  0.678396)
     H   13    Vzz=    0.7477    axis=( -0.068821  0.764643  0.640769)
     H   13  Q=         1.0000 1e-30 m^2  Cq=         1.7567 MHz  eta= 0.85488

     C   14    Vxx=    0.1910    axis=( -0.612160  0.577912 -0.539702)
     C   14    Vyy=    0.3212    axis=( -0.727611 -0.678907  0.098324)
     C   14    Vzz=   -0.5123    axis=( -0.309585  0.452883  0.836095)
     C   14  Q=         1.0000 1e-30 m^2  Cq=        -1.2036 MHz  eta= 0.25416

     H   15    Vxx=   -0.0492    axis=( -0.486285  0.411651  0.770760)
     H   15    Vyy=   -0.6420    axis=(  0.219436  0.911341 -0.348288)
     H   15    Vzz=    0.6912    axis=( -0.845799 -0.000235 -0.533502)
     H   15  Q=         1.0000 1e-30 m^2  Cq=         1.6240 MHz  eta= 0.85770

     C   16    Vxx=   -0.1704    axis=( -0.345945 -0.047226  0.937066)
     C   16    Vyy=   -0.6897    axis=( -0.916817  0.229289 -0.326914)
     C   16    Vzz=    0.8600    axis=( -0.199420 -0.972212 -0.122619)
     C   16  Q=         1.0000 1e-30 m^2  Cq=         2.0207 MHz  eta= 0.60383

     C   17    Vxx=    0.0211    axis=( -0.356541  0.826119 -0.436355)
     C   17    Vyy=    0.5601    axis=(  0.812401  0.504790  0.291876)
     C   17    Vzz=   -0.5812    axis=( -0.461391  0.250430  0.851119)
     C   17  Q=         1.0000 1e-30 m^2  Cq=        -1.3656 MHz  eta= 0.92739

     Cl  18    Vxx=   -0.1966    axis=(  0.763154  0.224575  0.605939)
     Cl  18    Vyy=   -2.0770    axis=(  0.415161  0.548178 -0.726045)
     Cl  18    Vzz=    2.2736    axis=( -0.495214  0.805647  0.325110)
     Cl  18  Q=        -8.1650 1e-30 m^2  Cq=       -43.6175 MHz  eta= 0.82705

     H   19    Vxx=    0.0857    axis=(  0.028969  0.513479  0.857613)
     H   19    Vyy=    0.5258    axis=( -0.009749  0.858077 -0.513428)
     H   19    Vzz=   -0.6115    axis=( -0.999533  0.006512  0.029864)
     H   19  Q=         1.0000 1e-30 m^2  Cq=        -1.4367 MHz  eta= 0.71982

     C   20    Vxx=    0.0107    axis=(  0.853898 -0.451648 -0.258598)
     C   20    Vyy=    0.4054    axis=(  0.215315  0.758940 -0.614532)
     C   20    Vzz=   -0.4161    axis=(  0.473813  0.469067  0.745304)
     C   20  Q=         1.0000 1e-30 m^2  Cq=        -0.9777 MHz  eta= 0.94850

     H   21    Vxx=    0.0002    axis=( -0.247379  0.734532  0.631876)
     H   21    Vyy=    0.7279    axis=(  0.671228 -0.340389  0.658475)
     H   21    Vzz=   -0.7281    axis=(  0.698754  0.587025 -0.408833)
     H   21  Q=         1.0000 1e-30 m^2  Cq=        -1.7107 MHz  eta= 0.99946

     C   22    Vxx=   -0.0886    axis=( -0.030029  0.453936  0.890528)
     C   22    Vyy=   -0.6999    axis=(  0.629950 -0.683128  0.369458)
     C   22    Vzz=    0.7885    axis=( -0.776055 -0.572083  0.265443)
     C   22  Q=         1.0000 1e-30 m^2  Cq=         1.8527 MHz  eta= 0.77529

     C   23    Vxx=   -0.1075    axis=( -0.535657  0.552602  0.638516)
     C   23    Vyy=   -0.7473    axis=( -0.843867 -0.322559 -0.428770)
     C   23    Vzz=    0.8547    axis=( -0.030981 -0.768496  0.639104)
     C   23  Q=         1.0000 1e-30 m^2  Cq=         2.0083 MHz  eta= 0.74855

     Cl  24    Vxx=   -0.4631    axis=(  0.492253  0.206886  0.845509)
     Cl  24    Vyy=   -2.9874    axis=(  0.606133 -0.778613 -0.162372)
     Cl  24    Vzz=    3.4505    axis=(  0.624732  0.592419 -0.508675)
     Cl  24  Q=        -8.1650 1e-30 m^2  Cq=       -66.1968 MHz  eta= 0.73157

     Initialization:
     gipaw_setup  :      9.00s CPU     10.66s WALL (       1 calls)

     Linear response

     Apply operators

     Induced current

     Other routines
     efg          :      9.42s CPU     11.70s WALL (       1 calls)

     General routines
     calbec       :      3.39s CPU      4.41s WALL (      16 calls)
     fft          :      1.50s CPU      2.10s WALL (      15 calls)
     ffts         :      0.04s CPU      0.04s WALL (       2 calls)
     fftw         :      3.28s CPU      3.91s WALL (     672 calls)
     davcio       :      0.04s CPU      0.32s WALL (      32 calls)

     Parallel routines
     fft_scatter  :      2.18s CPU      3.17s WALL (     689 calls)

     Plugins

     GIPAW        :     60.24s CPU     75.61s WALL (       1 calls)
