
     Program QE v.6.0 (svn rev. 13079) starts on 31Dec2016 at 10:53:38 

     This program is part of the open-source Quantum ESPRESSO suite
     for quantum simulation of materials; please cite
         "P. Giannozzi et al., J. Phys.:Condens. Matter 21 395502 (2009);
          URL http://www.quantum-espresso.org", 
     in publications or presentations arising from this work. More details at
     http://www.quantum-espresso.org/quote

     Parallel version (MPI), running on     8 processors
     R & G space division:  proc/nbgrp/npool/nimage =       8

     ***** This is GIPAW svn revision unknown      *****

     Parallelizing q-star over 1 images

     Reading data from directory:
     /users/majewski/paradichlorobenzene/pbe/9_constraint/scratch/pbe.ecut100.np8.dt60.pcl2phi-129368.save
     Message from routine read_xml_file:
     file /users/majewski/paradichlorobenzene/pbe/9_constraint/scratch/pbe.ecut100.np8.dt60.pcl2phi-129368.save not guaranteed to be safe for post-processing

   Info: using nr1, nr2, nr3 values from input

   Info: using nr1, nr2, nr3 values from input

     IMPORTANT: XC functional enforced from input :
     Exchange-correlation      =  SLA  PW   PBX  PBC ( 1  4  3  4 0 0)
     Any further DFT definition will be discarded
     Please, verify this is what you really want

               file C.pbe-n-kjpaw_psl.1.0.0.UPF: wavefunction(s)  2S 2P renormalized
               file Cl.pbe-n-kjpaw_psl.1.0.0.UPF: wavefunction(s)  3S 3P renormalized
               file H.pbe-kjpaw_psl.1.0.0.UPF: wavefunction(s)  1S renormalized

     Parallelization info
     --------------------
     sticks:   dense  smooth     PW     G-vecs:    dense   smooth      PW
     Min        3057    1223    332               144436    36536    5170
     Max        3059    1225    333               144437    36537    5171
     Sum       24467    9791   2657              1155489   292295   41363


     Subspace diagonalization in iterative solution of the eigenvalue problem:
     a serial algorithm will be used

     GIPAW projectors -----------------------------------------------
     atom=  C    l=0  rc=    1.2000  rs=    0.8000
     atom=  C    l=0  rc=    1.2000  rs=    0.8000
     atom=  C    l=1  rc=    1.4000  rs=    0.9333
     atom=  C    l=1  rc=    1.4000  rs=    0.9333
     projs nearly linearly dependent: l=1  n1,n2= 1, 2  s=  0.99951561

     atom=  Cl   l=0  rc=    1.6000  rs=    1.0667
     atom=  Cl   l=0  rc=    1.6000  rs=    1.0667
     atom=  Cl   l=1  rc=    1.6000  rs=    1.0667
     atom=  Cl   l=1  rc=    1.6000  rs=    1.0667
     atom=  Cl   l=2  rc=    1.6000  rs=    1.0667
     atom=  Cl   l=2  rc=    1.6000  rs=    1.0667
     projs nearly linearly dependent: l=2  n1,n2= 1, 2  s=  0.99993509

     atom=  H    l=0  rc=    1.0000  rs=    0.6667
     atom=  H    l=0  rc=    1.0000  rs=    0.6667
     projs nearly linearly dependent: l=0  n1,n2= 1, 2  s=  0.99968852
     -----------------------------------------------------------------

     GIPAW integrals: -------------------------------------------
     Atom  i/j   nmr_para   nmr_dia   epr_rmc  epr_para   epr_dia
       C   1 1   0.83E+03  0.17E-01  0.93E+01  0.24E+08  0.24E+03
       C   2 1   0.86E+03 -0.61E-01  0.94E+01  0.25E+08  0.25E+03
       C   2 2   0.90E+03 -0.15E+00  0.97E+01  0.26E+08  0.26E+03
       C   3 3   0.33E+01  0.34E+00  0.18E+01  0.55E+03  0.21E+02
       C   4 3   0.35E+01  0.37E+00  0.20E+01  0.59E+03  0.22E+02
       C   4 4   0.38E+01  0.39E+00  0.22E+01  0.63E+03  0.24E+02
       Cl  1 1   0.14E+04 -0.47E+00  0.84E+01  0.32E+09  0.42E+03
       Cl  2 1   0.21E+04 -0.37E+00  0.12E+02  0.49E+09  0.65E+03
       Cl  2 2   0.33E+04 -0.16E+00  0.21E+02  0.76E+09  0.10E+04
       Cl  3 3   0.21E+02  0.79E-01  0.89E+01  0.23E+05  0.13E+03
       Cl  4 3   0.24E+02  0.67E-01  0.99E+01  0.27E+05  0.15E+03
       Cl  4 4   0.28E+02  0.44E-01  0.11E+02  0.32E+05  0.18E+03
       Cl  5 5   0.77E+00  0.19E+00  0.18E+01  0.12E+03  0.22E+02
       Cl  6 5   0.80E+00  0.19E+00  0.19E+01  0.12E+03  0.23E+02
       Cl  6 6   0.83E+00  0.20E+00  0.19E+01  0.12E+03  0.23E+02
       H   1 1   0.39E+02  0.19E+00  0.29E+00  0.78E+05  0.13E+02
       H   2 1   0.41E+02  0.21E+00  0.32E+00  0.82E+05  0.14E+02
       H   2 2   0.43E+02  0.22E+00  0.36E+00  0.86E+05  0.15E+02
     ------------------------------------------------------------

     alpha_pv=     34.3289 eV

     Number of occupied bands for each k-point:
     k-point:     1    nbnd_occ=  42
     k-point:     2    nbnd_occ=  42
     k-point:     3    nbnd_occ=  42
     k-point:     4    nbnd_occ=  42
     k-point:     5    nbnd_occ=  42
     k-point:     6    nbnd_occ=  42
     k-point:     7    nbnd_occ=  42
     k-point:     8    nbnd_occ=  42
     k-point:     9    nbnd_occ=  42
     k-point:    10    nbnd_occ=  42
     k-point:    11    nbnd_occ=  42
     k-point:    12    nbnd_occ=  42
     k-point:    13    nbnd_occ=  42
     k-point:    14    nbnd_occ=  42
     k-point:    15    nbnd_occ=  42
     k-point:    16    nbnd_occ=  42


     q-space interpolation up to   110.00 Rydberg

     GIPAW job: efg                                                                             


     ELECTRIC FIELD GRADIENTS TENSORS IN Hartree/bohrradius^2:

     ----- bare term -----
     Cl   1       -0.101855        0.320400       -0.042735
     Cl   1        0.320400       -0.105899       -0.000111
     Cl   1       -0.042735       -0.000111        0.207754

     C    2        0.064804       -0.440774       -0.522590
     C    2       -0.440774       -0.132927       -0.678043
     C    2       -0.522590       -0.678043        0.068123

     C    3       -0.446198        0.321123        0.061420
     C    3        0.321123        0.044818       -0.351149
     C    3        0.061420       -0.351149        0.401380

     H    4       -0.175239       -0.466537       -0.076512
     H    4       -0.466537       -0.169198        0.188722
     H    4       -0.076512        0.188722        0.344436

     C    5       -0.158018       -0.250624       -0.358060
     C    5       -0.250624        0.050926       -0.547127
     C    5       -0.358060       -0.547127        0.107092

     H    6        0.469860       -0.031334       -0.032803
     H    6       -0.031334       -0.823952       -0.058942
     H    6       -0.032803       -0.058942        0.354092

     H    7        0.320840        0.047256        0.327775
     H    7        0.047256        0.164228        0.163661
     H    7        0.327775        0.163661       -0.485068

     C    8       -0.258606       -0.041559       -0.202472
     C    8       -0.041559        0.276589       -0.060969
     C    8       -0.202472       -0.060969       -0.017983

     H    9        0.212568        0.046448       -0.195489
     H    9        0.046448        0.280376       -0.251630
     H    9       -0.195489       -0.251630       -0.492944

     C   10        0.184449       -0.057018        0.293703
     C   10       -0.057018       -0.152338       -0.033275
     C   10        0.293703       -0.033275       -0.032111

     C   11       -0.158209       -0.118671       -0.425917
     C   11       -0.118671        0.111891        0.122617
     C   11       -0.425917        0.122617        0.046319

     Cl  12       -0.078468       -0.001338        0.146687
     Cl  12       -0.001338        0.011144       -0.151516
     Cl  12        0.146687       -0.151516        0.067324

     H   13       -0.003072       -0.249724        0.114624
     H   13       -0.249724       -0.384205       -0.392111
     H   13        0.114624       -0.392111        0.387277

     C   14       -0.398921        0.439626       -0.313627
     C   14        0.439626       -0.018742        0.006828
     C   14       -0.313627        0.006828        0.417663

     H   15       -0.633875        0.045796        0.095389
     H   15        0.045796        0.327471       -0.239556
     H   15        0.095389       -0.239556        0.306404

     C   16        0.057175       -0.238449       -0.288300
     C   16       -0.238449       -0.329156       -0.497037
     C   16       -0.288300       -0.497037        0.271981

     C   17       -0.564160        0.441407       -0.311151
     C   17        0.441407        0.078773       -0.092524
     C   17       -0.311151       -0.092524        0.485387

     Cl  18        0.007220        0.086443        0.122101
     Cl  18        0.086443       -0.052396       -0.091904
     Cl  18        0.122101       -0.091904        0.045176

     H   19        0.340591        0.274321       -0.152831
     H   19        0.274321       -0.479946        0.539238
     H   19       -0.152831        0.539238        0.139355

     C   20        0.010096       -0.518383       -0.044600
     C   20       -0.518383       -0.264344        0.404234
     C   20       -0.044600        0.404234        0.254248

     H   21        0.036453        0.181656       -0.500987
     H   21        0.181656        0.397857        0.345122
     H   21       -0.500987        0.345122       -0.434310

     C   22       -0.541665       -0.273391       -0.243131
     C   22       -0.273391        0.056329        0.164847
     C   22       -0.243131        0.164847        0.485335

     C   23        0.061804       -0.436164        0.006268
     C   23       -0.436164       -0.308117        0.437551
     C   23        0.006268        0.437551        0.246313

     Cl  24       -0.033036       -0.079336        0.011317
     Cl  24       -0.079336        0.045949       -0.043190
     Cl  24        0.011317       -0.043190       -0.012913

     ----- ionic term -----
     Cl   1        0.124306       -0.193677        0.015521
     Cl   1       -0.193677        0.038267       -0.000721
     Cl   1        0.015521       -0.000721       -0.162573

     C    2        0.281320       -0.054820        0.255728
     C    2       -0.054820        0.228196        0.329807
     C    2        0.255728        0.329807       -0.509516

     C    3        0.212757       -0.114314        0.120016
     C    3       -0.114314        0.296695        0.340506
     C    3        0.120016        0.340506       -0.509451

     H    4        0.776772        0.457097        0.453891
     H    4        0.457097       -0.308783        0.193019
     H    4        0.453891        0.193019       -0.467989

     C    5        0.364336       -0.126289        0.147941
     C    5       -0.126289        0.118023        0.287571
     C    5        0.147941        0.287571       -0.482359

     H    6       -0.483297        0.176831        0.068498
     H    6        0.176831        0.751187        0.616191
     H    6        0.068498        0.616191       -0.267890

     H    7       -0.538025       -0.020627        0.041501
     H    7       -0.020627        0.405092       -0.781119
     H    7        0.041501       -0.781119        0.132933

     C    8        0.075138        0.331155        0.319977
     C    8        0.331155        0.015200       -0.247998
     C    8        0.319977       -0.247998       -0.090338

     H    9        0.414009       -0.173679        0.785478
     H    9       -0.173679       -0.470193       -0.234015
     H    9        0.785478       -0.234015        0.056184

     C   10        0.028790        0.374719        0.217846
     C   10        0.374719        0.114710       -0.380476
     C   10        0.217846       -0.380476       -0.143500

     C   11        0.128549        0.300402        0.324893
     C   11        0.300402       -0.008134       -0.386109
     C   11        0.324893       -0.386109       -0.120415

     Cl  12        0.159057        0.233183        0.050827
     Cl  12        0.233183       -0.013769        0.017127
     Cl  12        0.050827        0.017127       -0.145288

     H   13       -0.518584        0.092838        0.055835
     H   13        0.092838        0.737725        0.662676
     H   13        0.055835        0.662676       -0.219141

     C   14        0.379860       -0.166390        0.207934
     C   14       -0.166390        0.109667        0.294300
     C   14        0.207934        0.294300       -0.489527

     H   15        0.766587        0.316191        0.542079
     H   15        0.316191       -0.417631        0.190370
     H   15        0.542079        0.190370       -0.348956

     C   16        0.199984       -0.232753        0.138167
     C   16       -0.232753        0.265125        0.364139
     C   16        0.138167        0.364139       -0.465109

     C   17        0.223860       -0.118396        0.131169
     C   17       -0.118396        0.233846        0.394197
     C   17        0.131169        0.394197       -0.457706

     Cl  18        0.117034       -0.219153       -0.036068
     Cl  18       -0.219153        0.025840        0.024357
     Cl  18       -0.036068        0.024357       -0.142874

     H   19       -0.542713        0.022530       -0.002245
     H   19        0.022530        0.522517       -0.766892
     H   19       -0.002245       -0.766892        0.020196

     C   20        0.136121        0.265350        0.357136
     C   20        0.265350        0.050437       -0.246661
     C   20        0.357136       -0.246661       -0.186558

     H   21        0.339678       -0.244137        0.757231
     H   21       -0.244137       -0.467814       -0.273735
     H   21        0.757231       -0.273735        0.128136

     C   22       -0.010642        0.291919        0.260292
     C   22        0.291919        0.181466       -0.363939
     C   22        0.260292       -0.363939       -0.170823

     C   23       -0.013282        0.313078        0.272444
     C   23        0.313078        0.113940       -0.397929
     C   23        0.272444       -0.397929       -0.100657

     Cl  24        0.105870        0.218419       -0.004364
     Cl  24        0.218419        0.050182       -0.006837
     Cl  24       -0.004364       -0.006837       -0.156052

     ----- GIPAW term -----
     Cl   1        2.123281       -1.773278       -0.493921
     Cl   1       -1.773278       -0.703832        0.164359
     Cl   1       -0.493921        0.164359       -1.419448

     C    2        0.125154       -0.273037       -0.077201
     C    2       -0.273037        0.017763       -0.053133
     C    2       -0.077201       -0.053133       -0.142917

     C    3       -0.128009       -0.076638        0.080022
     C    3       -0.076638        0.144417       -0.152229
     C    3        0.080022       -0.152229       -0.016408

     H    4       -0.000000        0.000000        0.000000
     H    4        0.000000        0.000000        0.000000
     H    4        0.000000        0.000000        0.000000

     C    5       -0.069735       -0.158897       -0.014113
     C    5       -0.158897        0.185228       -0.173928
     C    5       -0.014113       -0.173928       -0.115493

     H    6       -0.000000        0.000000        0.000000
     H    6        0.000000        0.000000        0.000000
     H    6        0.000000        0.000000        0.000000

     H    7       -0.000000        0.000000        0.000000
     H    7        0.000000        0.000000        0.000000
     H    7        0.000000        0.000000        0.000000

     C    8        0.010835       -0.027612       -0.017661
     C    8       -0.027612        0.022448       -0.011967
     C    8       -0.017661       -0.011967       -0.033283

     H    9       -0.000000        0.000000        0.000000
     H    9        0.000000        0.000000        0.000000
     H    9        0.000000        0.000000        0.000000

     C   10        0.007528        0.022422        0.038141
     C   10        0.022422       -0.000746       -0.029904
     C   10        0.038141       -0.029904       -0.006783

     C   11        0.042912       -0.070128       -0.073116
     C   11       -0.070128        0.049279        0.036486
     C   11       -0.073116        0.036486       -0.092191

     Cl  12        0.140021       -0.247425       -1.109509
     Cl  12       -0.247425        0.058774        1.277157
     Cl  12       -1.109509        1.277157       -0.198795

     H   13       -0.000000        0.000000        0.000000
     H   13        0.000000        0.000000        0.000000
     H   13        0.000000        0.000000        0.000000

     C   14        0.065213       -0.084632       -0.123590
     C   14       -0.084632       -0.021599        0.100146
     C   14       -0.123590        0.100146       -0.043614

     H   15       -0.000000        0.000000        0.000000
     H   15        0.000000        0.000000        0.000000
     H   15        0.000000        0.000000        0.000000

     C   16        0.007561       -0.141977       -0.136721
     C   16       -0.141977       -0.033567        0.056788
     C   16       -0.136721        0.056788        0.026006

     C   17       -0.003341       -0.158539       -0.121964
     C   17       -0.158539        0.057039        0.103662
     C   17       -0.121964        0.103662       -0.053699

     Cl  18       -0.134817       -1.829409       -0.537949
     Cl  18       -1.829409        0.022845        1.512350
     Cl  18       -0.537949        1.512350        0.111971

     H   19       -0.000000        0.000000        0.000000
     H   19        0.000000        0.000000        0.000000
     H   19        0.000000        0.000000        0.000000

     C   20        0.076712       -0.264623        0.023474
     C   20       -0.264623        0.030260        0.067381
     C   20        0.023474        0.067381       -0.106972

     H   21       -0.000000        0.000000        0.000000
     H   21        0.000000        0.000000        0.000000
     H   21        0.000000        0.000000        0.000000

     C   22       -0.154435       -0.096141        0.073844
     C   22       -0.096141       -0.009160       -0.103588
     C   22        0.073844       -0.103588        0.163595

     C   23        0.085610       -0.132561        0.116296
     C   23       -0.132561        0.008603       -0.070115
     C   23        0.116296       -0.070115       -0.094213

     Cl  24        1.226210        1.698731        0.101035
     Cl  24        1.698731        0.449709       -0.344722
     Cl  24        0.101035       -0.344722       -1.675919

     ----- total EFG -----
     Cl   1        2.145732       -1.646555       -0.521135
     Cl   1       -1.646555       -0.771464        0.163527
     Cl   1       -0.521135        0.163527       -1.374268

     C    2        0.471278       -0.768630       -0.344063
     C    2       -0.768630        0.113032       -0.401369
     C    2       -0.344063       -0.401369       -0.584310

     C    3       -0.361451        0.130171        0.261458
     C    3        0.130171        0.485930       -0.162872
     C    3        0.261458       -0.162872       -0.124479

     H    4        0.601534       -0.009440        0.377379
     H    4       -0.009440       -0.477980        0.381741
     H    4        0.377379        0.381741       -0.123553

     C    5        0.136583       -0.535810       -0.224232
     C    5       -0.535810        0.354177       -0.433484
     C    5       -0.224232       -0.433484       -0.490760

     H    6       -0.013437        0.145498        0.035695
     H    6        0.145498       -0.072765        0.557249
     H    6        0.035695        0.557249        0.086202

     H    7       -0.217185        0.026630        0.369276
     H    7        0.026630        0.569319       -0.617458
     H    7        0.369276       -0.617458       -0.352135

     C    8       -0.172633        0.261984        0.099844
     C    8        0.261984        0.314237       -0.320934
     C    8        0.099844       -0.320934       -0.141604

     H    9        0.626578       -0.127231        0.589989
     H    9       -0.127231       -0.189818       -0.485644
     H    9        0.589989       -0.485644       -0.436760

     C   10        0.220767        0.340122        0.549690
     C   10        0.340122       -0.038373       -0.443655
     C   10        0.549690       -0.443655       -0.182394

     C   11        0.013251        0.111603       -0.174141
     C   11        0.111603        0.153036       -0.227006
     C   11       -0.174141       -0.227006       -0.166288

     Cl  12        0.220611       -0.015580       -0.911995
     Cl  12       -0.015580        0.056149        1.142769
     Cl  12       -0.911995        1.142769       -0.276759

     H   13       -0.521656       -0.156885        0.170460
     H   13       -0.156885        0.353520        0.270565
     H   13        0.170460        0.270565        0.168136

     C   14        0.046152        0.188603       -0.229282
     C   14        0.188603        0.069327        0.401274
     C   14       -0.229282        0.401274       -0.115479

     H   15        0.132712        0.361987        0.637468
     H   15        0.361987       -0.090160       -0.049185
     H   15        0.637468       -0.049185       -0.042552

     C   16        0.264721       -0.613180       -0.286854
     C   16       -0.613180       -0.097599       -0.076110
     C   16       -0.286854       -0.076110       -0.167122

     C   17       -0.343641        0.164472       -0.301945
     C   17        0.164472        0.369658        0.405335
     C   17       -0.301945        0.405335       -0.026017

     Cl  18       -0.010562       -1.962119       -0.451916
     Cl  18       -1.962119       -0.003711        1.444804
     Cl  18       -0.451916        1.444804        0.014273

     H   19       -0.202122        0.296851       -0.155076
     H   19        0.296851        0.042571       -0.227654
     H   19       -0.155076       -0.227654        0.159551

     C   20        0.222929       -0.517656        0.336010
     C   20       -0.517656       -0.183647        0.224954
     C   20        0.336010        0.224954       -0.039282

     H   21        0.376131       -0.062481        0.256244
     H   21       -0.062481       -0.069957        0.071387
     H   21        0.256244        0.071387       -0.306174

     C   22       -0.706742       -0.077614        0.091006
     C   22       -0.077614        0.228636       -0.302680
     C   22        0.091006       -0.302680        0.478106

     C   23        0.134132       -0.255647        0.395008
     C   23       -0.255647       -0.185574       -0.030493
     C   23        0.395008       -0.030493        0.051442

     Cl  24        1.299043        1.837814        0.107988
     Cl  24        1.837814        0.545841       -0.394750
     Cl  24        0.107988       -0.394750       -1.844884

     ----- total EFG (symmetrized) -----
     Cl   1        2.145732       -1.646555       -0.521135
     Cl   1       -1.646555       -0.771464        0.163527
     Cl   1       -0.521135        0.163527       -1.374268

     C    2        0.471278       -0.768630       -0.344063
     C    2       -0.768630        0.113032       -0.401369
     C    2       -0.344063       -0.401369       -0.584310

     C    3       -0.361451        0.130171        0.261458
     C    3        0.130171        0.485930       -0.162872
     C    3        0.261458       -0.162872       -0.124479

     H    4        0.601534       -0.009440        0.377379
     H    4       -0.009440       -0.477980        0.381741
     H    4        0.377379        0.381741       -0.123553

     C    5        0.136583       -0.535810       -0.224232
     C    5       -0.535810        0.354177       -0.433484
     C    5       -0.224232       -0.433484       -0.490760

     H    6       -0.013437        0.145498        0.035695
     H    6        0.145498       -0.072765        0.557249
     H    6        0.035695        0.557249        0.086202

     H    7       -0.217185        0.026630        0.369276
     H    7        0.026630        0.569319       -0.617458
     H    7        0.369276       -0.617458       -0.352135

     C    8       -0.172633        0.261984        0.099844
     C    8        0.261984        0.314237       -0.320934
     C    8        0.099844       -0.320934       -0.141604

     H    9        0.626578       -0.127231        0.589989
     H    9       -0.127231       -0.189818       -0.485644
     H    9        0.589989       -0.485644       -0.436760

     C   10        0.220767        0.340122        0.549690
     C   10        0.340122       -0.038373       -0.443655
     C   10        0.549690       -0.443655       -0.182394

     C   11        0.013251        0.111603       -0.174141
     C   11        0.111603        0.153036       -0.227006
     C   11       -0.174141       -0.227006       -0.166288

     Cl  12        0.220611       -0.015580       -0.911995
     Cl  12       -0.015580        0.056149        1.142769
     Cl  12       -0.911995        1.142769       -0.276759

     H   13       -0.521656       -0.156885        0.170460
     H   13       -0.156885        0.353520        0.270565
     H   13        0.170460        0.270565        0.168136

     C   14        0.046152        0.188603       -0.229282
     C   14        0.188603        0.069327        0.401274
     C   14       -0.229282        0.401274       -0.115479

     H   15        0.132712        0.361987        0.637468
     H   15        0.361987       -0.090160       -0.049185
     H   15        0.637468       -0.049185       -0.042552

     C   16        0.264721       -0.613180       -0.286854
     C   16       -0.613180       -0.097599       -0.076110
     C   16       -0.286854       -0.076110       -0.167122

     C   17       -0.343641        0.164472       -0.301945
     C   17        0.164472        0.369658        0.405335
     C   17       -0.301945        0.405335       -0.026017

     Cl  18       -0.010562       -1.962119       -0.451916
     Cl  18       -1.962119       -0.003711        1.444804
     Cl  18       -0.451916        1.444804        0.014273

     H   19       -0.202122        0.296851       -0.155076
     H   19        0.296851        0.042571       -0.227654
     H   19       -0.155076       -0.227654        0.159551

     C   20        0.222929       -0.517656        0.336010
     C   20       -0.517656       -0.183647        0.224954
     C   20        0.336010        0.224954       -0.039282

     H   21        0.376131       -0.062481        0.256244
     H   21       -0.062481       -0.069957        0.071387
     H   21        0.256244        0.071387       -0.306174

     C   22       -0.706742       -0.077614        0.091006
     C   22       -0.077614        0.228636       -0.302680
     C   22        0.091006       -0.302680        0.478106

     C   23        0.134132       -0.255647        0.395008
     C   23       -0.255647       -0.185574       -0.030493
     C   23        0.395008       -0.030493        0.051442

     Cl  24        1.299043        1.837814        0.107988
     Cl  24        1.837814        0.545841       -0.394750
     Cl  24        0.107988       -0.394750       -1.844884


     NQR/NMR SPECTROSCOPIC PARAMETERS:
     Cl   1    Vxx=   -1.4041    axis=( -0.110876 -0.509172  0.853493)
     Cl   1    Vyy=   -1.5507    axis=( -0.409486 -0.759099 -0.506054)
     Cl   1    Vzz=    2.9548    axis=(  0.905554 -0.405603 -0.124333)
     Cl   1  Q=        -8.1650 1e-30 m^2  Cq=       -56.6861 MHz  eta= 0.04959

     C    2    Vxx=   -0.0108    axis=(  0.447690  0.583917 -0.677211)
     C    2    Vyy=   -1.0709    axis=(  0.426430  0.526262  0.735667)
     C    2    Vzz=    1.0816    axis=( -0.785959  0.618134  0.013397)
     C    2  Q=         1.0000 1e-30 m^2  Cq=         2.5414 MHz  eta= 0.98006

     C    3    Vxx=    0.0356    axis=(  0.574151  0.126598  0.808903)
     C    3    Vyy=    0.5318    axis=(  0.080618  0.974431 -0.209726)
     C    3    Vzz=   -0.5674    axis=( -0.814771  0.185627  0.549264)
     C    3  Q=         1.0000 1e-30 m^2  Cq=        -1.3331 MHz  eta= 0.87447

     H    4    Vxx=   -0.0224    axis=(  0.411128 -0.590458 -0.694502)
     H    4    Vyy=   -0.7573    axis=( -0.166512 -0.797693  0.579620)
     H    4    Vzz=    0.7797    axis=( -0.896241 -0.122655 -0.426272)
     H    4  Q=         1.0000 1e-30 m^2  Cq=         1.8321 MHz  eta= 0.94254

     C    5    Vxx=    0.0426    axis=(  0.705058  0.375464 -0.601598)
     C    5    Vyy=    0.8251    axis=( -0.570922  0.803739 -0.167485)
     C    5    Vzz=   -0.8677    axis=(  0.420643  0.461552  0.781043)
     C    5  Q=         1.0000 1e-30 m^2  Cq=        -2.0387 MHz  eta= 0.90186

     H    6    Vxx=   -0.0245    axis=(  0.967253 -0.011572 -0.253551)
     H    6    Vyy=   -0.5699    axis=( -0.157215  0.756937 -0.634295)
     H    6    Vzz=    0.5945    axis=(  0.199262  0.653385  0.730330)
     H    6  Q=         1.0000 1e-30 m^2  Cq=         1.3968 MHz  eta= 0.91746

     H    7    Vxx=   -0.0482    axis=(  0.865786  0.334664  0.372041)
     H    7    Vyy=   -0.8501    axis=( -0.481882  0.357117  0.800161)
     H    7    Vzz=    0.8983    axis=(  0.134923 -0.872048  0.470455)
     H    7  Q=         1.0000 1e-30 m^2  Cq=         2.1107 MHz  eta= 0.89267

     C    8    Vxx=   -0.0605    axis=(  0.737991  0.059718  0.672163)
     C    8    Vyy=   -0.4729    axis=(  0.616591 -0.464416 -0.635715)
     C    8    Vzz=    0.5334    axis=( -0.274200 -0.883601  0.379557)
     C    8  Q=         1.0000 1e-30 m^2  Cq=         1.2533 MHz  eta= 0.77317

     H    9    Vxx=   -0.0554    axis=(  0.452713  0.821755 -0.346076)
     H    9    Vyy=   -0.9249    axis=( -0.272505  0.497068  0.823811)
     H    9    Vzz=    0.9803    axis=(  0.848995 -0.278643  0.448961)
     H    9  Q=         1.0000 1e-30 m^2  Cq=         2.3034 MHz  eta= 0.88701

     C   10    Vxx=    0.3139    axis=(  0.247049  0.842185 -0.479261)
     C   10    Vyy=    0.6063    axis=(  0.835520  0.065366  0.545558)
     C   10    Vzz=   -0.9202    axis=( -0.490788  0.535211  0.687514)
     C   10  Q=         1.0000 1e-30 m^2  Cq=        -2.1620 MHz  eta= 0.31780

     C   11    Vxx=   -0.0444    axis=(  0.814234 -0.572312 -0.097378)
     C   11    Vyy=   -0.3220    axis=(  0.342625  0.338332  0.876436)
     C   11    Vzz=    0.3664    axis=( -0.468649 -0.746987  0.471570)
     C   11  Q=         1.0000 1e-30 m^2  Cq=         0.8608 MHz  eta= 0.75780

     Cl  12    Vxx=    0.1401    axis=(  0.770063  0.635402  0.057157)
     Cl  12    Vyy=    1.4090    axis=( -0.509549  0.558671  0.654405)
     Cl  12    Vzz=   -1.5490    axis=(  0.383879 -0.533057  0.753981)
     Cl  12  Q=        -8.1650 1e-30 m^2  Cq=        29.7171 MHz  eta= 0.81916

     H   13    Vxx=    0.0647    axis=(  0.364029 -0.523760  0.770168)
     H   13    Vyy=    0.5477    axis=( -0.029214  0.820076  0.571509)
     H   13    Vzz=   -0.6124    axis=( -0.930929 -0.230546  0.283231)
     H   13  Q=         1.0000 1e-30 m^2  Cq=        -1.4388 MHz  eta= 0.78867

     C   14    Vxx=    0.1876    axis=( -0.902404 -0.251189  0.350101)
     C   14    Vyy=    0.3888    axis=(  0.020309  0.786808  0.616863)
     C   14    Vzz=   -0.5764    axis=( -0.430412  0.563770 -0.704918)
     C   14  Q=         1.0000 1e-30 m^2  Cq=        -1.3543 MHz  eta= 0.34905

     H   15    Vxx=   -0.0357    axis=(  0.060978  0.860960 -0.505004)
     H   15    Vyy=   -0.7256    axis=( -0.648647  0.418729  0.635550)
     H   15    Vzz=    0.7612    axis=(  0.758643  0.288815  0.583993)
     H   15  Q=         1.0000 1e-30 m^2  Cq=         1.7886 MHz  eta= 0.90628

     C   16    Vxx=   -0.0920    axis=( -0.104472 -0.470643  0.876117)
     C   16    Vyy=   -0.6692    axis=(  0.583598  0.684306  0.437195)
     C   16    Vzz=    0.7612    axis=( -0.805294  0.556975  0.203175)
     C   16  Q=         1.0000 1e-30 m^2  Cq=         1.7885 MHz  eta= 0.75819

     C   17    Vxx=    0.0330    axis=( -0.672698 -0.411618  0.614856)
     C   17    Vyy=    0.6234    axis=(  0.024473 -0.842902 -0.537510)
     C   17    Vzz=   -0.6563    axis=( -0.739513  0.346535 -0.577092)
     C   17  Q=         1.0000 1e-30 m^2  Cq=        -1.5421 MHz  eta= 0.89950

     Cl  18    Vxx=   -0.4244    axis=(  0.582855 -0.063647  0.810080)
     Cl  18    Vyy=   -2.2387    axis=(  0.575730  0.735864 -0.356424)
     Cl  18    Vzz=    2.6631    axis=( -0.573424  0.674131  0.465545)
     Cl  18  Q=        -8.1650 1e-30 m^2  Cq=       -51.0893 MHz  eta= 0.68127

     H   19    Vxx=   -0.0780    axis=(  0.359024  0.545653  0.757208)
     H   19    Vyy=   -0.4009    axis=( -0.832164  0.554506 -0.005020)
     H   19    Vzz=    0.4789    axis=( -0.422616 -0.628320  0.653154)
     H   19  Q=         1.0000 1e-30 m^2  Cq=         1.1252 MHz  eta= 0.67413

     C   20    Vxx=    0.1235    axis=(  0.037007  0.549073  0.834955)
     C   20    Vyy=    0.6183    axis=( -0.841690  0.467526 -0.270143)
     C   20    Vzz=   -0.7419    axis=( -0.538692 -0.692776  0.479451)
     C   20  Q=         1.0000 1e-30 m^2  Cq=        -1.7431 MHz  eta= 0.66693

     H   21    Vxx=   -0.0502    axis=(  0.012700 -0.966390 -0.256766)
     H   21    Vyy=   -0.4140    axis=(  0.316532  0.247466 -0.915734)
     H   21    Vzz=    0.4642    axis=(  0.948497 -0.069645  0.309036)
     H   21  Q=         1.0000 1e-30 m^2  Cq=         1.0907 MHz  eta= 0.78385

     C   22    Vxx=    0.0263    axis=( -0.018373  0.828968  0.558994)
     C   22    Vyy=    0.6908    axis=(  0.084716 -0.555787  0.826997)
     C   22    Vzz=   -0.7171    axis=( -0.996236 -0.062551  0.060015)
     C   22  Q=         1.0000 1e-30 m^2  Cq=        -1.6849 MHz  eta= 0.92679

     C   23    Vxx=   -0.1303    axis=( -0.234881  0.736745  0.634064)
     C   23    Vyy=   -0.4218    axis=(  0.624915  0.614093 -0.482048)
     C   23    Vzz=    0.5521    axis=(  0.744521 -0.283012  0.604642)
     C   23  Q=         1.0000 1e-30 m^2  Cq=         1.2972 MHz  eta= 0.52793

     Cl  24    Vxx=   -0.8182    axis=( -0.606477  0.718681 -0.340123)
     Cl  24    Vyy=   -1.9862    axis=( -0.189985  0.284397  0.939694)
     Cl  24    Vzz=    2.8044    axis=( -0.772070 -0.634520  0.035941)
     Cl  24  Q=        -8.1650 1e-30 m^2  Cq=       -53.8012 MHz  eta= 0.41647

     Initialization:
     gipaw_setup  :      9.02s CPU     10.66s WALL (       1 calls)

     Linear response

     Apply operators

     Induced current

     Other routines
     efg          :      9.73s CPU     12.83s WALL (       1 calls)

     General routines
     calbec       :      3.61s CPU      5.07s WALL (      16 calls)
     fft          :      1.44s CPU      1.88s WALL (      15 calls)
     ffts         :      0.05s CPU      0.10s WALL (       2 calls)
     fftw         :      3.20s CPU      4.02s WALL (     672 calls)
     davcio       :      0.05s CPU      0.34s WALL (      32 calls)

     Parallel routines
     fft_scatter  :      2.08s CPU      3.22s WALL (     689 calls)

     Plugins

     GIPAW        :     60.97s CPU     80.16s WALL (       1 calls)
