
     Program QE v.6.0 (svn rev. 13079) starts on 22Jan2017 at 22: 4:57 

     This program is part of the open-source Quantum ESPRESSO suite
     for quantum simulation of materials; please cite
         "P. Giannozzi et al., J. Phys.:Condens. Matter 21 395502 (2009);
          URL http://www.quantum-espresso.org", 
     in publications or presentations arising from this work. More details at
     http://www.quantum-espresso.org/quote

     Parallel version (MPI), running on     8 processors
     R & G space division:  proc/nbgrp/npool/nimage =       8

     ***** This is GIPAW svn revision unknown      *****

     Parallelizing q-star over 1 images

     Reading data from directory:
     /users/majewski/paradichlorobenzene/pbe/9_constraint/scratch/pbe.ecut100.np8.dt60.pcl2phi-129368.save
     Message from routine read_xml_file:
     file /users/majewski/paradichlorobenzene/pbe/9_constraint/scratch/pbe.ecut100.np8.dt60.pcl2phi-129368.save not guaranteed to be safe for post-processing

   Info: using nr1, nr2, nr3 values from input

   Info: using nr1, nr2, nr3 values from input

     IMPORTANT: XC functional enforced from input :
     Exchange-correlation      =  SLA  PW   PBX  PBC ( 1  4  3  4 0 0)
     Any further DFT definition will be discarded
     Please, verify this is what you really want

               file C.pbe-n-kjpaw_psl.1.0.0.UPF: wavefunction(s)  2S 2P renormalized
               file Cl.pbe-n-kjpaw_psl.1.0.0.UPF: wavefunction(s)  3S 3P renormalized
               file H.pbe-kjpaw_psl.1.0.0.UPF: wavefunction(s)  1S renormalized

     Parallelization info
     --------------------
     sticks:   dense  smooth     PW     G-vecs:    dense   smooth      PW
     Min        3057    1223    332               144436    36536    5170
     Max        3059    1225    333               144437    36537    5171
     Sum       24467    9791   2657              1155489   292295   41363


     Subspace diagonalization in iterative solution of the eigenvalue problem:
     a serial algorithm will be used

     GIPAW projectors -----------------------------------------------
     atom=  C    l=0  rc=    1.2000  rs=    0.8000
     atom=  C    l=0  rc=    1.2000  rs=    0.8000
     atom=  C    l=1  rc=    1.4000  rs=    0.9333
     atom=  C    l=1  rc=    1.4000  rs=    0.9333
     projs nearly linearly dependent: l=1  n1,n2= 1, 2  s=  0.99951561

     atom=  Cl   l=0  rc=    1.6000  rs=    1.0667
     atom=  Cl   l=0  rc=    1.6000  rs=    1.0667
     atom=  Cl   l=1  rc=    1.6000  rs=    1.0667
     atom=  Cl   l=1  rc=    1.6000  rs=    1.0667
     atom=  Cl   l=2  rc=    1.6000  rs=    1.0667
     atom=  Cl   l=2  rc=    1.6000  rs=    1.0667
     projs nearly linearly dependent: l=2  n1,n2= 1, 2  s=  0.99993509

     atom=  H    l=0  rc=    1.0000  rs=    0.6667
     atom=  H    l=0  rc=    1.0000  rs=    0.6667
     projs nearly linearly dependent: l=0  n1,n2= 1, 2  s=  0.99968852
     -----------------------------------------------------------------

     GIPAW integrals: -------------------------------------------
     Atom  i/j   nmr_para   nmr_dia   epr_rmc  epr_para   epr_dia
       C   1 1   0.83E+03  0.17E-01  0.93E+01  0.24E+08  0.24E+03
       C   2 1   0.86E+03 -0.61E-01  0.94E+01  0.25E+08  0.25E+03
       C   2 2   0.90E+03 -0.15E+00  0.97E+01  0.26E+08  0.26E+03
       C   3 3   0.33E+01  0.34E+00  0.18E+01  0.55E+03  0.21E+02
       C   4 3   0.35E+01  0.37E+00  0.20E+01  0.59E+03  0.22E+02
       C   4 4   0.38E+01  0.39E+00  0.22E+01  0.63E+03  0.24E+02
       Cl  1 1   0.14E+04 -0.47E+00  0.84E+01  0.32E+09  0.42E+03
       Cl  2 1   0.21E+04 -0.37E+00  0.12E+02  0.49E+09  0.65E+03
       Cl  2 2   0.33E+04 -0.16E+00  0.21E+02  0.76E+09  0.10E+04
       Cl  3 3   0.21E+02  0.79E-01  0.89E+01  0.23E+05  0.13E+03
       Cl  4 3   0.24E+02  0.67E-01  0.99E+01  0.27E+05  0.15E+03
       Cl  4 4   0.28E+02  0.44E-01  0.11E+02  0.32E+05  0.18E+03
       Cl  5 5   0.77E+00  0.19E+00  0.18E+01  0.12E+03  0.22E+02
       Cl  6 5   0.80E+00  0.19E+00  0.19E+01  0.12E+03  0.23E+02
       Cl  6 6   0.83E+00  0.20E+00  0.19E+01  0.12E+03  0.23E+02
       H   1 1   0.39E+02  0.19E+00  0.29E+00  0.78E+05  0.13E+02
       H   2 1   0.41E+02  0.21E+00  0.32E+00  0.82E+05  0.14E+02
       H   2 2   0.43E+02  0.22E+00  0.36E+00  0.86E+05  0.15E+02
     ------------------------------------------------------------

     alpha_pv=     33.8976 eV

     Number of occupied bands for each k-point:
     k-point:     1    nbnd_occ=  42
     k-point:     2    nbnd_occ=  42
     k-point:     3    nbnd_occ=  42
     k-point:     4    nbnd_occ=  42
     k-point:     5    nbnd_occ=  42
     k-point:     6    nbnd_occ=  42
     k-point:     7    nbnd_occ=  42
     k-point:     8    nbnd_occ=  42
     k-point:     9    nbnd_occ=  42
     k-point:    10    nbnd_occ=  42
     k-point:    11    nbnd_occ=  42
     k-point:    12    nbnd_occ=  42
     k-point:    13    nbnd_occ=  42
     k-point:    14    nbnd_occ=  42
     k-point:    15    nbnd_occ=  42
     k-point:    16    nbnd_occ=  42


     q-space interpolation up to   110.00 Rydberg

     GIPAW job: efg                                                                             


     ELECTRIC FIELD GRADIENTS TENSORS IN Hartree/bohrradius^2:

     ----- bare term -----
     Cl   1        0.056954        0.088931       -0.121560
     Cl   1        0.088931        0.018311       -0.092236
     Cl   1       -0.121560       -0.092236       -0.075264

     C    2       -0.220476        0.351084       -0.352297
     C    2        0.351084       -0.201173       -0.352678
     C    2       -0.352297       -0.352678        0.421649

     C    3       -0.049885       -0.072913       -0.305629
     C    3       -0.072913       -0.161027       -0.631555
     C    3       -0.305629       -0.631555        0.210912

     H    4       -0.136946       -0.097910       -0.556992
     H    4       -0.097910        0.388715       -0.012876
     H    4       -0.556992       -0.012876       -0.251770

     C    5       -0.714622        0.341487       -0.283583
     C    5        0.341487        0.356167       -0.287383
     C    5       -0.283583       -0.287383        0.358455

     H    6        0.526930       -0.039969        0.109788
     H    6       -0.039969       -0.052790       -0.226154
     H    6        0.109788       -0.226154       -0.474140

     H    7        0.351866        0.115146       -0.081588
     H    7        0.115146       -0.460860        0.515859
     H    7       -0.081588        0.515859        0.108993

     C    8       -0.197816       -0.415491       -0.298725
     C    8       -0.415491       -0.237113        0.365782
     C    8       -0.298725        0.365782        0.434929

     H    9        0.061003        0.074425       -0.449809
     H    9        0.074425        0.371701       -0.162957
     H    9       -0.449809       -0.162957       -0.432704

     C   10       -0.160241       -0.200754       -0.242212
     C   10       -0.200754       -0.121946        0.641061
     C   10       -0.242212        0.641061        0.282186

     C   11       -0.247458       -0.138797       -0.360983
     C   11       -0.138797       -0.084838        0.470967
     C   11       -0.360983        0.470967        0.332296

     Cl  12       -0.020386       -0.066665       -0.073775
     Cl  12       -0.066665       -0.000899        0.048677
     Cl  12       -0.073775        0.048677        0.021284

     H   13        0.291067        0.065609        0.339749
     H   13        0.065609        0.046953       -0.456270
     H   13        0.339749       -0.456270       -0.338020

     C   14       -0.103381       -0.078732       -0.519768
     C   14       -0.078732       -0.199062       -0.376050
     C   14       -0.519768       -0.376050        0.302443

     H   15       -0.021346       -0.094234       -0.303967
     H   15       -0.094234        0.340336       -0.458086
     H   15       -0.303967       -0.458086       -0.318990

     C   16       -0.317088        0.386713       -0.410003
     C   16        0.386713       -0.157124       -0.138814
     C   16       -0.410003       -0.138814        0.474212

     C   17        0.017042       -0.265433       -0.456433
     C   17       -0.265433       -0.199796       -0.528621
     C   17       -0.456433       -0.528621        0.182754

     Cl  18       -0.114221        0.096656       -0.052634
     Cl  18        0.096656       -0.000414        0.047023
     Cl  18       -0.052634        0.047023        0.114635

     H   19        0.327754        0.027837        0.304832
     H   19        0.027837        0.166277        0.186291
     H   19        0.304832        0.186291       -0.494031

     C   20       -0.284946       -0.209032       -0.357856
     C   20       -0.209032        0.041116        0.339207
     C   20       -0.357856        0.339207        0.243830

     H   21        0.145219        0.081372       -0.292379
     H   21        0.081372        0.393408       -0.167511
     H   21       -0.292379       -0.167511       -0.538627

     C   22        0.128823       -0.193130        0.072944
     C   22       -0.193130       -0.084188        0.035026
     C   22        0.072944        0.035026       -0.044635

     C   23       -0.035406       -0.022103       -0.427875
     C   23       -0.022103       -0.054107        0.313080
     C   23       -0.427875        0.313080        0.089514

     Cl  24       -0.155731        0.117462        0.272505
     Cl  24        0.117462        0.007561       -0.248899
     Cl  24        0.272505       -0.248899        0.148170

     ----- ionic term -----
     Cl   1        0.182168       -0.224649        0.004817
     Cl   1       -0.224649       -0.032758       -0.000020
     Cl   1        0.004817       -0.000020       -0.149409

     C    2        0.243658       -0.238307        0.219160
     C    2       -0.238307       -0.042651        0.436166
     C    2        0.219160        0.436166       -0.201007

     C    3        0.131827       -0.277363        0.160350
     C    3       -0.277363        0.005163        0.452623
     C    3        0.160350        0.452623       -0.136990

     H    4        0.343209        0.279793        0.764288
     H    4        0.279793       -0.465759        0.317103
     H    4        0.764288        0.317103        0.122550

     C    5        0.280684       -0.249967        0.268983
     C    5       -0.249967       -0.142002        0.325798
     C    5        0.268983        0.325798       -0.138682

     H    6       -0.514507       -0.075337       -0.042495
     H    6       -0.075337        0.285979        0.790124
     H    6       -0.042495        0.790124        0.228528

     H    7       -0.529900        0.012718        0.001353
     H    7        0.012718        0.539807       -0.734917
     H    7        0.001353       -0.734917       -0.009907

     C    8        0.059656        0.250960        0.380221
     C    8        0.250960        0.105097       -0.223003
     C    8        0.380221       -0.223003       -0.164754

     H    9        0.357230       -0.218706        0.775619
     H    9       -0.218706       -0.453358       -0.242139
     H    9        0.775619       -0.242139        0.096127

     C   10       -0.079250        0.265586        0.278652
     C   10        0.265586        0.221328       -0.348142
     C   10        0.278652       -0.348142       -0.142079

     C   11       -0.067864        0.272387        0.361050
     C   11        0.272387        0.131649       -0.351041
     C   11        0.361050       -0.351041       -0.063785

     Cl  12        0.062034        0.208910        0.039542
     Cl  12        0.208910        0.077517        0.032334
     Cl  12        0.039542        0.032334       -0.139551

     H   13       -0.519410       -0.016569       -0.004598
     H   13       -0.016569        0.465094        0.792697
     H   13       -0.004598        0.792697        0.054316

     C   14        0.282151       -0.215920        0.238197
     C   14       -0.215920       -0.025135        0.322526
     C   14        0.238197        0.322526       -0.257016

     H   15        0.506283        0.345684        0.735905
     H   15        0.345684       -0.410705        0.301584
     H   15        0.735905        0.301584       -0.095578

     C   16        0.133633       -0.252572        0.188419
     C   16       -0.252572        0.092384        0.434658
     C   16        0.188419        0.434658       -0.226017

     C   17        0.127589       -0.214871        0.294433
     C   17       -0.214871        0.015260        0.431282
     C   17        0.294433        0.431282       -0.142849

     Cl  18        0.127431       -0.195345        0.023102
     Cl  18       -0.195345       -0.003070       -0.003445
     Cl  18        0.023102       -0.003445       -0.124361

     H   19       -0.542455        0.110696       -0.108053
     H   19        0.110696        0.217757       -0.777769
     H   19       -0.108053       -0.777769        0.324698

     C   20        0.058974        0.341125        0.328363
     C   20        0.341125       -0.002773       -0.229296
     C   20        0.328363       -0.229296       -0.056201

     H   21        0.534263       -0.268502        0.754533
     H   21       -0.268502       -0.442584       -0.252435
     H   21        0.754533       -0.252435       -0.091680

     C   22        0.012536        0.286789        0.255018
     C   22        0.286789        0.187797       -0.372397
     C   22        0.255018       -0.372397       -0.200333

     C   23        0.008746        0.268910        0.353959
     C   23        0.268910        0.120140       -0.401061
     C   23        0.353959       -0.401061       -0.128887

     Cl  24        0.092136        0.227049        0.036963
     Cl  24        0.227049        0.058858        0.009861
     Cl  24        0.036963        0.009861       -0.150994

     ----- GIPAW term -----
     Cl   1        2.080616       -0.660140       -1.446929
     Cl   1       -0.660140       -0.183555       -0.916679
     Cl   1       -1.446929       -0.916679       -1.897060

     C    2        0.122854       -0.047092       -0.208145
     C    2       -0.047092       -0.132492       -0.028191
     C    2       -0.208145       -0.028191        0.009638

     C    3       -0.019593       -0.149700       -0.053992
     C    3       -0.149700        0.064952       -0.126251
     C    3       -0.053992       -0.126251       -0.045360

     H    4       -0.000000        0.000000        0.000000
     H    4        0.000000        0.000000        0.000000
     H    4        0.000000        0.000000        0.000000

     C    5       -0.208968        0.008871       -0.018141
     C    5        0.008871        0.254619       -0.092775
     C    5       -0.018141       -0.092775       -0.045650

     H    6       -0.000000        0.000000        0.000000
     H    6        0.000000        0.000000        0.000000
     H    6        0.000000        0.000000        0.000000

     H    7       -0.000000        0.000000        0.000000
     H    7        0.000000        0.000000        0.000000
     H    7        0.000000        0.000000        0.000000

     C    8        0.079036       -0.120615       -0.097569
     C    8       -0.120615       -0.106654        0.087987
     C    8       -0.097569        0.087987        0.027618

     H    9       -0.000000        0.000000        0.000000
     H    9        0.000000        0.000000        0.000000
     H    9        0.000000        0.000000        0.000000

     C   10       -0.137823       -0.031601       -0.067429
     C   10       -0.031601        0.063245        0.246398
     C   10       -0.067429        0.246398        0.074579

     C   11        0.015413        0.108146       -0.065182
     C   11        0.108146        0.023581        0.097464
     C   11       -0.065182        0.097464       -0.038995

     Cl  12        0.020953        0.208403       -1.116739
     Cl  12        0.208403        1.035749        1.983760
     Cl  12       -1.116739        1.983760       -1.056702

     H   13       -0.000000        0.000000        0.000000
     H   13        0.000000        0.000000        0.000000
     H   13        0.000000        0.000000        0.000000

     C   14        0.054216       -0.080046       -0.241378
     C   14       -0.080046       -0.162577       -0.016990
     C   14       -0.241378       -0.016990        0.108361

     H   15       -0.000000        0.000000        0.000000
     H   15        0.000000        0.000000        0.000000
     H   15        0.000000        0.000000        0.000000

     C   16       -0.041435       -0.013381       -0.229800
     C   16       -0.013381       -0.099282        0.076060
     C   16       -0.229800        0.076060        0.140717

     C   17        0.044973       -0.245849       -0.129643
     C   17       -0.245849        0.022242        0.026608
     C   17       -0.129643        0.026608       -0.067215

     Cl  18        0.831939       -2.031948       -0.425556
     Cl  18       -2.031948        0.160613        0.405265
     Cl  18       -0.425556        0.405265       -0.992553

     H   19       -0.000000        0.000000        0.000000
     H   19        0.000000        0.000000        0.000000
     H   19        0.000000        0.000000        0.000000

     C   20       -0.053168       -0.088293       -0.158096
     C   20       -0.088293       -0.052167        0.154278
     C   20       -0.158096        0.154278        0.105335

     H   21       -0.000000        0.000000        0.000000
     H   21        0.000000        0.000000        0.000000
     H   21        0.000000        0.000000        0.000000

     C   22        0.012280       -0.015999       -0.006736
     C   22       -0.015999       -0.005458        0.003011
     C   22       -0.006736        0.003011       -0.006822

     C   23        0.038560       -0.026755       -0.139226
     C   23       -0.026755       -0.024814        0.100703
     C   23       -0.139226        0.100703       -0.013746

     Cl  24        0.132642       -0.211740       -0.563421
     Cl  24       -0.211740        0.205887        0.722295
     Cl  24       -0.563421        0.722295       -0.338529

     ----- total EFG -----
     Cl   1        2.319737       -0.795858       -1.563671
     Cl   1       -0.795858       -0.198003       -1.008934
     Cl   1       -1.563671       -1.008934       -2.121734

     C    2        0.146036        0.065685       -0.341283
     C    2        0.065685       -0.376316        0.055297
     C    2       -0.341283        0.055297        0.230280

     C    3        0.062349       -0.499976       -0.199271
     C    3       -0.499976       -0.090912       -0.305183
     C    3       -0.199271       -0.305183        0.028563

     H    4        0.206263        0.181883        0.207296
     H    4        0.181883       -0.077043        0.304227
     H    4        0.207296        0.304227       -0.129219

     C    5       -0.642906        0.100391       -0.032741
     C    5        0.100391        0.468784       -0.054360
     C    5       -0.032741       -0.054360        0.174122

     H    6        0.012423       -0.115305        0.067294
     H    6       -0.115305        0.233189        0.563970
     H    6        0.067294        0.563970       -0.245611

     H    7       -0.178034        0.127864       -0.080235
     H    7        0.127864        0.078947       -0.219058
     H    7       -0.080235       -0.219058        0.099087

     C    8       -0.059123       -0.285146       -0.016072
     C    8       -0.285146       -0.238670        0.230767
     C    8       -0.016072        0.230767        0.297793

     H    9        0.418233       -0.144281        0.325810
     H    9       -0.144281       -0.081657       -0.405096
     H    9        0.325810       -0.405096       -0.336576

     C   10       -0.377314        0.033231       -0.030988
     C   10        0.033231        0.162628        0.539317
     C   10       -0.030988        0.539317        0.214686

     C   11       -0.299908        0.241736       -0.065116
     C   11        0.241736        0.070393        0.217391
     C   11       -0.065116        0.217391        0.229516

     Cl  12        0.062601        0.350649       -1.150972
     Cl  12        0.350649        1.112367        2.064771
     Cl  12       -1.150972        2.064771       -1.174969

     H   13       -0.228343        0.049040        0.335150
     H   13        0.049040        0.512047        0.336427
     H   13        0.335150        0.336427       -0.283704

     C   14        0.232987       -0.374698       -0.522949
     C   14       -0.374698       -0.386774       -0.070514
     C   14       -0.522949       -0.070514        0.153788

     H   15        0.484937        0.251451        0.431939
     H   15        0.251451       -0.070369       -0.156502
     H   15        0.431939       -0.156502       -0.414568

     C   16       -0.224891        0.120760       -0.451385
     C   16        0.120760       -0.164021        0.371904
     C   16       -0.451385        0.371904        0.388912

     C   17        0.189603       -0.726153       -0.291643
     C   17       -0.726153       -0.162294       -0.070730
     C   17       -0.291643       -0.070730       -0.027310

     Cl  18        0.845149       -2.130637       -0.455087
     Cl  18       -2.130637        0.157130        0.448844
     Cl  18       -0.455087        0.448844       -1.002278

     H   19       -0.214702        0.138533        0.196779
     H   19        0.138533        0.384034       -0.591478
     H   19        0.196779       -0.591478       -0.169333

     C   20       -0.279140        0.043800       -0.187590
     C   20        0.043800       -0.013824        0.264190
     C   20       -0.187590        0.264190        0.292964

     H   21        0.679482       -0.187130        0.462154
     H   21       -0.187130       -0.049175       -0.419946
     H   21        0.462154       -0.419946       -0.630307

     C   22        0.153639        0.077660        0.321226
     C   22        0.077660        0.098151       -0.334360
     C   22        0.321226       -0.334360       -0.251790

     C   23        0.011900        0.220051       -0.213142
     C   23        0.220051        0.041219        0.012723
     C   23       -0.213142        0.012723       -0.053119

     Cl  24        0.069047        0.132771       -0.253952
     Cl  24        0.132771        0.272306        0.483256
     Cl  24       -0.253952        0.483256       -0.341353

     ----- total EFG (symmetrized) -----
     Cl   1        2.319737       -0.795858       -1.563671
     Cl   1       -0.795858       -0.198003       -1.008934
     Cl   1       -1.563671       -1.008934       -2.121734

     C    2        0.146036        0.065685       -0.341283
     C    2        0.065685       -0.376316        0.055297
     C    2       -0.341283        0.055297        0.230280

     C    3        0.062349       -0.499976       -0.199271
     C    3       -0.499976       -0.090912       -0.305183
     C    3       -0.199271       -0.305183        0.028563

     H    4        0.206263        0.181883        0.207296
     H    4        0.181883       -0.077043        0.304227
     H    4        0.207296        0.304227       -0.129219

     C    5       -0.642906        0.100391       -0.032741
     C    5        0.100391        0.468784       -0.054360
     C    5       -0.032741       -0.054360        0.174122

     H    6        0.012423       -0.115305        0.067294
     H    6       -0.115305        0.233189        0.563970
     H    6        0.067294        0.563970       -0.245611

     H    7       -0.178034        0.127864       -0.080235
     H    7        0.127864        0.078947       -0.219058
     H    7       -0.080235       -0.219058        0.099087

     C    8       -0.059123       -0.285146       -0.016072
     C    8       -0.285146       -0.238670        0.230767
     C    8       -0.016072        0.230767        0.297793

     H    9        0.418233       -0.144281        0.325810
     H    9       -0.144281       -0.081657       -0.405096
     H    9        0.325810       -0.405096       -0.336576

     C   10       -0.377314        0.033231       -0.030988
     C   10        0.033231        0.162628        0.539317
     C   10       -0.030988        0.539317        0.214686

     C   11       -0.299908        0.241736       -0.065116
     C   11        0.241736        0.070393        0.217391
     C   11       -0.065116        0.217391        0.229516

     Cl  12        0.062601        0.350649       -1.150972
     Cl  12        0.350649        1.112367        2.064771
     Cl  12       -1.150972        2.064771       -1.174969

     H   13       -0.228343        0.049040        0.335150
     H   13        0.049040        0.512047        0.336427
     H   13        0.335150        0.336427       -0.283704

     C   14        0.232987       -0.374698       -0.522949
     C   14       -0.374698       -0.386774       -0.070514
     C   14       -0.522949       -0.070514        0.153788

     H   15        0.484937        0.251451        0.431939
     H   15        0.251451       -0.070369       -0.156502
     H   15        0.431939       -0.156502       -0.414568

     C   16       -0.224891        0.120760       -0.451385
     C   16        0.120760       -0.164021        0.371904
     C   16       -0.451385        0.371904        0.388912

     C   17        0.189603       -0.726153       -0.291643
     C   17       -0.726153       -0.162294       -0.070730
     C   17       -0.291643       -0.070730       -0.027310

     Cl  18        0.845149       -2.130637       -0.455087
     Cl  18       -2.130637        0.157130        0.448844
     Cl  18       -0.455087        0.448844       -1.002278

     H   19       -0.214702        0.138533        0.196779
     H   19        0.138533        0.384034       -0.591478
     H   19        0.196779       -0.591478       -0.169333

     C   20       -0.279140        0.043800       -0.187590
     C   20        0.043800       -0.013824        0.264190
     C   20       -0.187590        0.264190        0.292964

     H   21        0.679482       -0.187130        0.462154
     H   21       -0.187130       -0.049175       -0.419946
     H   21        0.462154       -0.419946       -0.630307

     C   22        0.153639        0.077660        0.321226
     C   22        0.077660        0.098151       -0.334360
     C   22        0.321226       -0.334360       -0.251790

     C   23        0.011900        0.220051       -0.213142
     C   23        0.220051        0.041219        0.012723
     C   23       -0.213142        0.012723       -0.053119

     Cl  24        0.069047        0.132771       -0.253952
     Cl  24        0.132771        0.272306        0.483256
     Cl  24       -0.253952        0.483256       -0.341353


     NQR/NMR SPECTROSCOPIC PARAMETERS:
     Cl   1    Vxx=    0.2299    axis=(  0.036317  0.909406 -0.414320)
     Cl   1    Vyy=    2.8880    axis=(  0.951127 -0.158677 -0.264914)
     Cl   1    Vzz=   -3.1179    axis=(  0.306657  0.384450  0.870724)
     Cl   1  Q=        -8.1650 1e-30 m^2  Cq=        59.8156 MHz  eta= 0.85254

     C    2    Vxx=   -0.1263    axis=( -0.707903 -0.324656 -0.627274)
     C    2    Vyy=   -0.4058    axis=(  0.244613 -0.945829  0.213475)
     C    2    Vzz=    0.5320    axis=( -0.662600 -0.002320  0.748970)
     C    2  Q=         1.0000 1e-30 m^2  Cq=         1.2501 MHz  eta= 0.52540

     C    3    Vxx=    0.2017    axis=( -0.398691 -0.241513  0.884713)
     C    3    Vyy=    0.4982    axis=(  0.718749 -0.681463  0.137872)
     C    3    Vzz=   -0.6998    axis=(  0.569601  0.690855  0.445280)
     C    3  Q=         1.0000 1e-30 m^2  Cq=        -1.6443 MHz  eta= 0.42366

     H    4    Vxx=   -0.0687    axis=(  0.701482 -0.564571 -0.434952)
     H    4    Vyy=   -0.4103    axis=(  0.060057  0.654955 -0.753278)
     H    4    Vzz=    0.4789    axis=(  0.710152  0.502289  0.493345)
     H    4  Q=         1.0000 1e-30 m^2  Cq=         1.1253 MHz  eta= 0.71329

     C    5    Vxx=    0.1647    axis=( -0.017305  0.181465  0.983245)
     C    5    Vyy=    0.4882    axis=(  0.092124  0.979499 -0.179152)
     C    5    Vzz=   -0.6528    axis=( -0.995597  0.087480 -0.033667)
     C    5  Q=         1.0000 1e-30 m^2  Cq=        -1.5339 MHz  eta= 0.49554

     H    6    Vxx=    0.0285    axis=(  0.978401 -0.016577  0.206052)
     H    6    Vyy=    0.6124    axis=( -0.099799  0.835044  0.541055)
     H    6    Vzz=   -0.6409    axis=( -0.181032 -0.549933  0.815354)
     H    6  Q=         1.0000 1e-30 m^2  Cq=        -1.5059 MHz  eta= 0.91092

     H    7    Vxx=   -0.1178    axis=(  0.316168  0.606570  0.729459)
     H    7    Vyy=   -0.2313    axis=( -0.909837  0.411694  0.052011)
     H    7    Vzz=    0.3491    axis=( -0.268766 -0.680133  0.682044)
     H    7  Q=         1.0000 1e-30 m^2  Cq=         0.8204 MHz  eta= 0.32497

     C    8    Vxx=    0.0719    axis=(  0.797828 -0.392426  0.457681)
     C    8    Vyy=    0.4174    axis=( -0.283644  0.425556  0.859330)
     C    8    Vzz=   -0.4893    axis=( -0.531992 -0.815416  0.228211)
     C    8  Q=         1.0000 1e-30 m^2  Cq=        -1.1496 MHz  eta= 0.70606

     H    9    Vxx=    0.0077    axis=(  0.551538  0.751412 -0.362196)
     H    9    Vyy=    0.6583    axis=( -0.814840  0.392444 -0.426642)
     H    9    Vzz=   -0.6660    axis=( -0.178442  0.530441  0.828729)
     H    9  Q=         1.0000 1e-30 m^2  Cq=        -1.5649 MHz  eta= 0.97686

     C   10    Vxx=   -0.3170    axis=(  0.601940  0.577910 -0.551080)
     C   10    Vyy=   -0.4116    axis=( -0.798541  0.436011 -0.415001)
     C   10    Vzz=    0.7286    axis=(  0.000444  0.689866  0.723937)
     C   10  Q=         1.0000 1e-30 m^2  Cq=         1.7119 MHz  eta= 0.12973

     C   11    Vxx=    0.0624    axis=( -0.516696 -0.613652  0.597040)
     C   11    Vyy=    0.3940    axis=(  0.145458  0.624283  0.767537)
     C   11    Vzz=   -0.4564    axis=( -0.843722  0.483427 -0.233305)
     C   11  Q=         1.0000 1e-30 m^2  Cq=        -1.0724 MHz  eta= 0.72644

     Cl  12    Vxx=    0.4934    axis=(  0.917471  0.310357 -0.248847)
     Cl  12    Vyy=    2.3685    axis=( -0.138388  0.835493  0.531789)
     Cl  12    Vzz=   -2.8619    axis=(  0.372954 -0.453464  0.809491)
     Cl  12  Q=        -8.1650 1e-30 m^2  Cq=        54.9042 MHz  eta= 0.65520

     H   13    Vxx=   -0.0312    axis=(  0.769864 -0.384806  0.509150)
     H   13    Vyy=   -0.6360    axis=(  0.607910  0.199263 -0.768596)
     H   13    Vzz=    0.6672    axis=(  0.194306  0.901232  0.387333)
     H   13  Q=         1.0000 1e-30 m^2  Cq=         1.5677 MHz  eta= 0.90647

     C   14    Vxx=   -0.0789    axis=( -0.386091  0.625231 -0.678248)
     C   14    Vyy=   -0.6871    axis=(  0.529288  0.752335  0.392231)
     C   14    Vzz=    0.7660    axis=(  0.755505 -0.207551 -0.621397)
     C   14  Q=         1.0000 1e-30 m^2  Cq=         1.7999 MHz  eta= 0.79401

     H   15    Vxx=   -0.0159    axis=( -0.075879  0.897477 -0.434485)
     H   15    Vyy=   -0.6850    axis=(  0.390905 -0.374086 -0.840983)
     H   15    Vzz=    0.7008    axis=( -0.917298 -0.233655 -0.322443)
     H   15  Q=         1.0000 1e-30 m^2  Cq=         1.6466 MHz  eta= 0.95473

     C   16    Vxx=   -0.0701    axis=(  0.630590  0.776067 -0.008680)
     C   16    Vyy=   -0.6486    axis=( -0.678765  0.546035 -0.491044)
     C   16    Vzz=    0.7186    axis=( -0.376344  0.315539  0.871091)
     C   16  Q=         1.0000 1e-30 m^2  Cq=         1.6885 MHz  eta= 0.80503

     C   17    Vxx=    0.0029    axis=( -0.005305 -0.373861  0.927469)
     C   17    Vyy=    0.8041    axis=(  0.786490 -0.574363 -0.227027)
     C   17    Vzz=   -0.8070    axis=(  0.617581  0.728241  0.297085)
     C   17  Q=         1.0000 1e-30 m^2  Cq=        -1.8960 MHz  eta= 0.99289

     Cl  18    Vxx=   -1.1062    axis=(  0.180651 -0.044411  0.982544)
     Cl  18    Vyy=   -1.6610    axis=( -0.636793 -0.766616  0.082429)
     Cl  18    Vzz=    2.7672    axis=(  0.749573 -0.640568 -0.166770)
     Cl  18  Q=        -8.1650 1e-30 m^2  Cq=       -53.0872 MHz  eta= 0.20046

     H   19    Vxx=   -0.0885    axis=(  0.885046  0.239897  0.398928)
     H   19    Vyy=   -0.6720    axis=( -0.465347  0.478208  0.744828)
     H   19    Vzz=    0.7605    axis=( -0.012088 -0.844847  0.534871)
     H   19  Q=         1.0000 1e-30 m^2  Cq=         1.7868 MHz  eta= 0.76737

     C   20    Vxx=   -0.0896    axis=( -0.497714 -0.808410  0.314252)
     C   20    Vyy=   -0.3828    axis=( -0.846154  0.372971 -0.380679)
     C   20    Vzz=    0.4724    axis=( -0.190538  0.455375  0.869672)
     C   20  Q=         1.0000 1e-30 m^2  Cq=         1.1099 MHz  eta= 0.62084

     H   21    Vxx=   -0.0075    axis=(  0.419318  0.865907 -0.272722)
     H   21    Vyy=   -0.9212    axis=(  0.213911 -0.386188 -0.897274)
     H   21    Vzz=    0.9288    axis=( -0.882278  0.317905 -0.347163)
     H   21  Q=         1.0000 1e-30 m^2  Cq=         2.1822 MHz  eta= 0.98379

     C   22    Vxx=    0.2027    axis=(  0.663375  0.744148 -0.078596)
     C   22    Vyy=    0.3870    axis=(  0.635639 -0.504971  0.583925)
     C   22    Vzz=   -0.5897    axis=(  0.394838 -0.437319 -0.807994)
     C   22  Q=         1.0000 1e-30 m^2  Cq=        -1.3856 MHz  eta= 0.31258

     C   23    Vxx=    0.0054    axis=( -0.153145  0.689857  0.707562)
     C   23    Vyy=    0.3077    axis=( -0.715194 -0.571478  0.402382)
     C   23    Vzz=   -0.3131    axis=(  0.681942 -0.444421  0.580901)
     C   23  Q=         1.0000 1e-30 m^2  Cq=        -0.7356 MHz  eta= 0.96539

     Cl  24    Vxx=    0.1740    axis=(  0.938713  0.179345 -0.294369)
     Cl  24    Vyy=    0.5380    axis=( -0.015010  0.874444  0.484894)
     Cl  24    Vzz=   -0.7120    axis=(  0.344372 -0.450757  0.823544)
     Cl  24  Q=        -8.1650 1e-30 m^2  Cq=        13.6603 MHz  eta= 0.51113

     Initialization:
     gipaw_setup  :      8.80s CPU     11.18s WALL (       1 calls)

     Linear response

     Apply operators

     Induced current

     Other routines
     efg          :     11.22s CPU     18.61s WALL (       1 calls)

     General routines
     calbec       :      3.29s CPU      4.46s WALL (      16 calls)
     fft          :      1.34s CPU      1.64s WALL (      15 calls)
     ffts         :      0.04s CPU      0.06s WALL (       2 calls)
     fftw         :      5.16s CPU     10.51s WALL (     672 calls)
     davcio       :      0.02s CPU      0.30s WALL (      32 calls)

     Parallel routines
     fft_scatter  :      3.81s CPU      9.14s WALL (     689 calls)

     Plugins

     GIPAW        :     64.60s CPU     82.65s WALL (       1 calls)
