
     Program QE v.6.0 (svn rev. 13079) starts on  6Jan2017 at 14: 6:22 

     This program is part of the open-source Quantum ESPRESSO suite
     for quantum simulation of materials; please cite
         "P. Giannozzi et al., J. Phys.:Condens. Matter 21 395502 (2009);
          URL http://www.quantum-espresso.org", 
     in publications or presentations arising from this work. More details at
     http://www.quantum-espresso.org/quote

     Parallel version (MPI), running on     8 processors
     R & G space division:  proc/nbgrp/npool/nimage =       8

     ***** This is GIPAW svn revision unknown      *****

     Parallelizing q-star over 1 images

     Reading data from directory:
     /users/majewski/paradichlorobenzene/pbe/9_constraint/scratch/pbe.ecut100.np8.dt60.pcl2phi-129368.save
     Message from routine read_xml_file:
     file /users/majewski/paradichlorobenzene/pbe/9_constraint/scratch/pbe.ecut100.np8.dt60.pcl2phi-129368.save not guaranteed to be safe for post-processing

   Info: using nr1, nr2, nr3 values from input

   Info: using nr1, nr2, nr3 values from input

     IMPORTANT: XC functional enforced from input :
     Exchange-correlation      =  SLA  PW   PBX  PBC ( 1  4  3  4 0 0)
     Any further DFT definition will be discarded
     Please, verify this is what you really want

               file C.pbe-n-kjpaw_psl.1.0.0.UPF: wavefunction(s)  2S 2P renormalized
               file Cl.pbe-n-kjpaw_psl.1.0.0.UPF: wavefunction(s)  3S 3P renormalized
               file H.pbe-kjpaw_psl.1.0.0.UPF: wavefunction(s)  1S renormalized

     Parallelization info
     --------------------
     sticks:   dense  smooth     PW     G-vecs:    dense   smooth      PW
     Min        3057    1223    332               144436    36536    5170
     Max        3059    1225    333               144437    36537    5171
     Sum       24467    9791   2657              1155489   292295   41363


     Subspace diagonalization in iterative solution of the eigenvalue problem:
     a serial algorithm will be used

     GIPAW projectors -----------------------------------------------
     atom=  C    l=0  rc=    1.2000  rs=    0.8000
     atom=  C    l=0  rc=    1.2000  rs=    0.8000
     atom=  C    l=1  rc=    1.4000  rs=    0.9333
     atom=  C    l=1  rc=    1.4000  rs=    0.9333
     projs nearly linearly dependent: l=1  n1,n2= 1, 2  s=  0.99951561

     atom=  Cl   l=0  rc=    1.6000  rs=    1.0667
     atom=  Cl   l=0  rc=    1.6000  rs=    1.0667
     atom=  Cl   l=1  rc=    1.6000  rs=    1.0667
     atom=  Cl   l=1  rc=    1.6000  rs=    1.0667
     atom=  Cl   l=2  rc=    1.6000  rs=    1.0667
     atom=  Cl   l=2  rc=    1.6000  rs=    1.0667
     projs nearly linearly dependent: l=2  n1,n2= 1, 2  s=  0.99993509

     atom=  H    l=0  rc=    1.0000  rs=    0.6667
     atom=  H    l=0  rc=    1.0000  rs=    0.6667
     projs nearly linearly dependent: l=0  n1,n2= 1, 2  s=  0.99968852
     -----------------------------------------------------------------

     GIPAW integrals: -------------------------------------------
     Atom  i/j   nmr_para   nmr_dia   epr_rmc  epr_para   epr_dia
       C   1 1   0.83E+03  0.17E-01  0.93E+01  0.24E+08  0.24E+03
       C   2 1   0.86E+03 -0.61E-01  0.94E+01  0.25E+08  0.25E+03
       C   2 2   0.90E+03 -0.15E+00  0.97E+01  0.26E+08  0.26E+03
       C   3 3   0.33E+01  0.34E+00  0.18E+01  0.55E+03  0.21E+02
       C   4 3   0.35E+01  0.37E+00  0.20E+01  0.59E+03  0.22E+02
       C   4 4   0.38E+01  0.39E+00  0.22E+01  0.63E+03  0.24E+02
       Cl  1 1   0.14E+04 -0.47E+00  0.84E+01  0.32E+09  0.42E+03
       Cl  2 1   0.21E+04 -0.37E+00  0.12E+02  0.49E+09  0.65E+03
       Cl  2 2   0.33E+04 -0.16E+00  0.21E+02  0.76E+09  0.10E+04
       Cl  3 3   0.21E+02  0.79E-01  0.89E+01  0.23E+05  0.13E+03
       Cl  4 3   0.24E+02  0.67E-01  0.99E+01  0.27E+05  0.15E+03
       Cl  4 4   0.28E+02  0.44E-01  0.11E+02  0.32E+05  0.18E+03
       Cl  5 5   0.77E+00  0.19E+00  0.18E+01  0.12E+03  0.22E+02
       Cl  6 5   0.80E+00  0.19E+00  0.19E+01  0.12E+03  0.23E+02
       Cl  6 6   0.83E+00  0.20E+00  0.19E+01  0.12E+03  0.23E+02
       H   1 1   0.39E+02  0.19E+00  0.29E+00  0.78E+05  0.13E+02
       H   2 1   0.41E+02  0.21E+00  0.32E+00  0.82E+05  0.14E+02
       H   2 2   0.43E+02  0.22E+00  0.36E+00  0.86E+05  0.15E+02
     ------------------------------------------------------------

     alpha_pv=     33.5641 eV

     Number of occupied bands for each k-point:
     k-point:     1    nbnd_occ=  42
     k-point:     2    nbnd_occ=  42
     k-point:     3    nbnd_occ=  42
     k-point:     4    nbnd_occ=  42
     k-point:     5    nbnd_occ=  42
     k-point:     6    nbnd_occ=  42
     k-point:     7    nbnd_occ=  42
     k-point:     8    nbnd_occ=  42
     k-point:     9    nbnd_occ=  42
     k-point:    10    nbnd_occ=  42
     k-point:    11    nbnd_occ=  42
     k-point:    12    nbnd_occ=  42
     k-point:    13    nbnd_occ=  42
     k-point:    14    nbnd_occ=  42
     k-point:    15    nbnd_occ=  42
     k-point:    16    nbnd_occ=  42


     q-space interpolation up to   110.00 Rydberg

     GIPAW job: efg                                                                             


     ELECTRIC FIELD GRADIENTS TENSORS IN Hartree/bohrradius^2:

     ----- bare term -----
     Cl   1       -0.018949        0.097542        0.046331
     Cl   1        0.097542       -0.033303        0.025631
     Cl   1        0.046331        0.025631        0.052252

     C    2       -0.085942       -0.021926       -0.494587
     C    2       -0.021926       -0.153540       -0.520895
     C    2       -0.494587       -0.520895        0.239482

     C    3       -0.185164        0.226682       -0.262471
     C    3        0.226682       -0.173422       -0.597564
     C    3       -0.262471       -0.597564        0.358586

     H    4       -0.267507       -0.084825       -0.568195
     H    4       -0.084825        0.325410       -0.043545
     H    4       -0.568195       -0.043545       -0.057902

     C    5       -0.391226        0.296923       -0.233744
     C    5        0.296923       -0.106324       -0.455572
     C    5       -0.233744       -0.455572        0.497550

     H    6        0.471957       -0.031486        0.016392
     H    6       -0.031486       -0.122116       -0.457362
     H    6        0.016392       -0.457362       -0.349841

     H    7        0.391203        0.320094        0.118844
     H    7        0.320094       -0.627426       -0.181144
     H    7        0.118844       -0.181144        0.236223

     C    8       -0.377087       -0.127551       -0.338811
     C    8       -0.127551       -0.055480        0.507659
     C    8       -0.338811        0.507659        0.432566

     H    9       -0.391133        0.489395       -0.108892
     H    9        0.489395        0.125470       -0.064755
     H    9       -0.108892       -0.064755        0.265663

     C   10       -0.378988       -0.353140       -0.185120
     C   10       -0.353140       -0.090939        0.508093
     C   10       -0.185120        0.508093        0.469927

     C   11       -0.152019       -0.070667       -0.456702
     C   11       -0.070667       -0.171634        0.519402
     C   11       -0.456702        0.519402        0.323653

     Cl  12       -0.149626       -0.040019       -0.055158
     Cl  12       -0.040019       -0.120218        0.031248
     Cl  12       -0.055158        0.031248        0.269844

     H   13        0.235331       -0.393892        0.114958
     H   13       -0.393892       -0.548114       -0.149560
     H   13        0.114958       -0.149560        0.312783

     C   14       -0.346453        0.321228       -0.397395
     C   14        0.321228       -0.171202       -0.344930
     C   14       -0.397395       -0.344930        0.517655

     H   15       -0.403750       -0.533789        0.005022
     H   15       -0.533789        0.096084        0.097266
     H   15        0.005022        0.097266        0.307665

     C   16       -0.146993        0.207426       -0.372308
     C   16        0.207426       -0.201000       -0.465472
     C   16       -0.372308       -0.465472        0.347993

     C   17       -0.247647        0.058815       -0.344454
     C   17        0.058815       -0.094477       -0.606271
     C   17       -0.344454       -0.606271        0.342124

     Cl  18       -0.015444        0.003561        0.004177
     Cl  18        0.003561        0.042374        0.051306
     Cl  18        0.004177        0.051306       -0.026930

     H   19        0.273604        0.411697        0.147676
     H   19        0.411697       -0.576947        0.035805
     H   19        0.147676        0.035805        0.303343

     C   20       -0.245143       -0.392336       -0.371700
     C   20       -0.392336       -0.220337        0.348391
     C   20       -0.371700        0.348391        0.465480

     H   21       -0.660037        0.196761       -0.235498
     H   21        0.196761        0.378140        0.152801
     H   21       -0.235498        0.152801        0.281898

     C   22       -0.164130       -0.221518       -0.380799
     C   22       -0.221518       -0.205036        0.498684
     C   22       -0.380799        0.498684        0.369165

     C   23       -0.172706       -0.204229       -0.276280
     C   23       -0.204229       -0.176259        0.466874
     C   23       -0.276280        0.466874        0.348965

     Cl  24        0.044852        0.140256       -0.034888
     Cl  24        0.140256        0.043245       -0.014429
     Cl  24       -0.034888       -0.014429       -0.088097

     ----- ionic term -----
     Cl   1        0.128855       -0.206668       -0.026214
     Cl   1       -0.206668        0.010247        0.024001
     Cl   1       -0.026214        0.024001       -0.139101

     C    2        0.220802       -0.089594        0.231475
     C    2       -0.089594        0.106957        0.478682
     C    2        0.231475        0.478682       -0.327758

     C    3        0.121941       -0.199842        0.193323
     C    3       -0.199842        0.171095        0.448933
     C    3        0.193323        0.448933       -0.293036

     H    4        0.596886        0.302707        0.704292
     H    4        0.302707       -0.457314        0.256218
     H    4        0.704292        0.256218       -0.139571

     C    5        0.250828       -0.216373        0.225042
     C    5       -0.216373        0.067595        0.315320
     C    5        0.225042        0.315320       -0.318423

     H    6       -0.528543        0.033319        0.045931
     H    6        0.033319        0.593240        0.742341
     H    6        0.045931        0.742341       -0.064697

     H    7       -0.449843       -0.278784        0.079760
     H    7       -0.278784        0.968649       -0.339629
     H    7        0.079760       -0.339629       -0.518806

     C    8        0.331618        0.114215        0.219787
     C    8        0.114215        0.182930       -0.194275
     C    8        0.219787       -0.194275       -0.514548

     H    9        0.724808       -0.387008        0.543540
     H    9       -0.387008       -0.333803       -0.211181
     H    9        0.543540       -0.211181       -0.391005

     C   10        0.229247        0.200072        0.179435
     C   10        0.200072        0.267978       -0.248595
     C   10        0.179435       -0.248595       -0.497226

     C   11        0.254605        0.137008        0.283366
     C   11        0.137008        0.182200       -0.232648
     C   11        0.283366       -0.232648       -0.436805

     Cl  12        0.153682        0.193845        0.045569
     Cl  12        0.193845        0.002108        0.022800
     Cl  12        0.045569        0.022800       -0.155791

     H   13       -0.477662        0.174825        0.084620
     H   13        0.174825        0.692522        0.664304
     H   13        0.084620        0.664304       -0.214860

     C   14        0.372509       -0.104452        0.250762
     C   14       -0.104452        0.037768        0.307255
     C   14        0.250762        0.307255       -0.410277

     H   15        0.641457        0.463858        0.539221
     H   15        0.463858       -0.317401        0.266256
     H   15        0.539221        0.266256       -0.324056

     C   16        0.192411       -0.124902        0.178693
     C   16       -0.124902        0.205397        0.376984
     C   16        0.178693        0.376984       -0.397809

     C   17        0.131035       -0.127240        0.285060
     C   17       -0.127240        0.208800        0.360059
     C   17        0.285060        0.360059       -0.339835

     Cl  18        0.088377       -0.191546        0.015616
     Cl  18       -0.191546        0.063291       -0.010172
     Cl  18        0.015616       -0.010172       -0.151669

     H   19       -0.510098       -0.162121        0.082981
     H   19       -0.162121        0.836870       -0.536940
     H   19        0.082981       -0.536940       -0.326773

     C   20        0.280389        0.186392        0.260446
     C   20        0.186392        0.155907       -0.227241
     C   20        0.260446       -0.227241       -0.436296

     H   21        0.662864       -0.237121        0.659222
     H   21       -0.237121       -0.443497       -0.191165
     H   21        0.659222       -0.191165       -0.219366

     C   22        0.173370        0.251996        0.207266
     C   22        0.251996        0.244327       -0.311081
     C   22        0.207266       -0.311081       -0.417697

     C   23        0.207297        0.102597        0.196521
     C   23        0.102597        0.217337       -0.348350
     C   23        0.196521       -0.348350       -0.424633

     Cl  24        0.135180        0.188179       -0.003778
     Cl  24        0.188179        0.015648       -0.004989
     Cl  24       -0.003778       -0.004989       -0.150828

     ----- GIPAW term -----
     Cl   1        1.417219       -1.719169        0.352579
     Cl   1       -1.719169       -0.125554        0.206046
     Cl   1        0.352579        0.206046       -1.291665

     C    2        0.097732       -0.111481       -0.143031
     C    2       -0.111481       -0.044814       -0.099899
     C    2       -0.143031       -0.099899       -0.052918

     C    3       -0.103046        0.027576       -0.068479
     C    3        0.027576        0.019646       -0.180811
     C    3       -0.068479       -0.180811        0.083401

     H    4       -0.000000        0.000000        0.000000
     H    4        0.000000        0.000000        0.000000
     H    4        0.000000        0.000000        0.000000

     C    5       -0.118051        0.046055       -0.025369
     C    5        0.046055       -0.067263       -0.175333
     C    5       -0.025369       -0.175333        0.185315

     H    6       -0.000000        0.000000        0.000000
     H    6        0.000000        0.000000        0.000000
     H    6        0.000000        0.000000        0.000000

     H    7       -0.000000        0.000000        0.000000
     H    7        0.000000        0.000000        0.000000
     H    7        0.000000        0.000000        0.000000

     C    8       -0.123952       -0.033744       -0.066466
     C    8       -0.033744        0.015757        0.233260
     C    8       -0.066466        0.233260        0.108195

     H    9       -0.000000        0.000000        0.000000
     H    9        0.000000        0.000000        0.000000
     H    9        0.000000        0.000000        0.000000

     C   10       -0.155696       -0.058524       -0.046823
     C   10       -0.058524        0.064962        0.186637
     C   10       -0.046823        0.186637        0.090734

     C   11        0.027647        0.082873       -0.134842
     C   11        0.082873       -0.039004        0.135203
     C   11       -0.134842        0.135203        0.011356

     Cl  12       -0.083721        1.853144       -0.393037
     Cl  12        1.853144       -1.054406        0.372731
     Cl  12       -0.393037        0.372731        1.138127

     H   13       -0.000000        0.000000        0.000000
     H   13        0.000000        0.000000        0.000000
     H   13        0.000000        0.000000        0.000000

     C   14       -0.049380        0.104240       -0.174699
     C   14        0.104240       -0.099315       -0.136050
     C   14       -0.174699       -0.136050        0.148695

     H   15       -0.000000        0.000000        0.000000
     H   15        0.000000        0.000000        0.000000
     H   15        0.000000        0.000000        0.000000

     C   16       -0.011440        0.101958       -0.217079
     C   16        0.101958       -0.062966       -0.150740
     C   16       -0.217079       -0.150740        0.074406

     C   17       -0.021497       -0.076507       -0.112233
     C   17       -0.076507       -0.026036       -0.179378
     C   17       -0.112233       -0.179378        0.047533

     Cl  18        1.206611       -2.117338        0.019944
     Cl  18       -2.117338        0.468714        0.394753
     Cl  18        0.019944        0.394753       -1.675325

     H   19       -0.000000        0.000000        0.000000
     H   19        0.000000        0.000000        0.000000
     H   19        0.000000        0.000000        0.000000

     C   20        0.029808       -0.133065       -0.172696
     C   20       -0.133065       -0.108842        0.120688
     C   20       -0.172696        0.120688        0.079035

     H   21       -0.000000        0.000000        0.000000
     H   21        0.000000        0.000000        0.000000
     H   21        0.000000        0.000000        0.000000

     C   22       -0.003313       -0.063550       -0.169745
     C   22       -0.063550       -0.050072        0.111774
     C   22       -0.169745        0.111774        0.053386

     C   23        0.088519        0.106945       -0.042989
     C   23        0.106945       -0.039357        0.072112
     C   23       -0.042989        0.072112       -0.049161

     Cl  24        1.576216        3.054180       -0.261501
     Cl  24        3.054180        0.437805       -0.089540
     Cl  24       -0.261501       -0.089540       -2.014021

     ----- total EFG -----
     Cl   1        1.527125       -1.828294        0.372696
     Cl   1       -1.828294       -0.148610        0.255678
     Cl   1        0.372696        0.255678       -1.378514

     C    2        0.232592       -0.223001       -0.406142
     C    2       -0.223001       -0.091397       -0.142112
     C    2       -0.406142       -0.142112       -0.141194

     C    3       -0.166269        0.054417       -0.137627
     C    3        0.054417        0.017318       -0.329442
     C    3       -0.137627       -0.329442        0.148950

     H    4        0.329378        0.217881        0.136097
     H    4        0.217881       -0.131904        0.212673
     H    4        0.136097        0.212673       -0.197474

     C    5       -0.258450        0.126605       -0.034071
     C    5        0.126605       -0.105992       -0.315584
     C    5       -0.034071       -0.315584        0.364442

     H    6       -0.056586        0.001834        0.062323
     H    6        0.001834        0.471124        0.284979
     H    6        0.062323        0.284979       -0.414538

     H    7       -0.058639        0.041311        0.198604
     H    7        0.041311        0.341222       -0.520773
     H    7        0.198604       -0.520773       -0.282583

     C    8       -0.169420       -0.047079       -0.185490
     C    8       -0.047079        0.143207        0.546644
     C    8       -0.185490        0.546644        0.026213

     H    9        0.333675        0.102387        0.434648
     H    9        0.102387       -0.208333       -0.275936
     H    9        0.434648       -0.275936       -0.125342

     C   10       -0.305437       -0.211593       -0.052508
     C   10       -0.211593        0.242001        0.446135
     C   10       -0.052508        0.446135        0.063435

     C   11        0.130234        0.149213       -0.308179
     C   11        0.149213       -0.028437        0.421957
     C   11       -0.308179        0.421957       -0.101796

     Cl  12       -0.079665        2.006970       -0.402626
     Cl  12        2.006970       -1.172516        0.426779
     Cl  12       -0.402626        0.426779        1.252181

     H   13       -0.242331       -0.219067        0.199578
     H   13       -0.219067        0.144408        0.514744
     H   13        0.199578        0.514744        0.097923

     C   14       -0.023325        0.321015       -0.321332
     C   14        0.321015       -0.232748       -0.173725
     C   14       -0.321332       -0.173725        0.256073

     H   15        0.237707       -0.069931        0.544242
     H   15       -0.069931       -0.221316        0.363522
     H   15        0.544242        0.363522       -0.016390

     C   16        0.033978        0.184482       -0.410694
     C   16        0.184482       -0.058569       -0.239228
     C   16       -0.410694       -0.239228        0.024590

     C   17       -0.138108       -0.144932       -0.171627
     C   17       -0.144932        0.088287       -0.425589
     C   17       -0.171627       -0.425589        0.049822

     Cl  18        1.279545       -2.305323        0.039737
     Cl  18       -2.305323        0.574379        0.435887
     Cl  18        0.039737        0.435887       -1.853924

     H   19       -0.236494        0.249576        0.230657
     H   19        0.249576        0.259923       -0.501134
     H   19        0.230657       -0.501134       -0.023429

     C   20        0.065054       -0.339009       -0.283949
     C   20       -0.339009       -0.173272        0.241837
     C   20       -0.283949        0.241837        0.108218

     H   21        0.002826       -0.040361        0.423724
     H   21       -0.040361       -0.065358       -0.038364
     H   21        0.423724       -0.038364        0.062531

     C   22        0.005927       -0.033072       -0.343278
     C   22       -0.033072       -0.010781        0.299376
     C   22       -0.343278        0.299376        0.004854

     C   23        0.123109        0.005312       -0.122748
     C   23        0.005312        0.001720        0.190635
     C   23       -0.122748        0.190635       -0.124829

     Cl  24        1.756248        3.382615       -0.300167
     Cl  24        3.382615        0.496698       -0.108958
     Cl  24       -0.300167       -0.108958       -2.252946

     ----- total EFG (symmetrized) -----
     Cl   1        1.527125       -1.828294        0.372696
     Cl   1       -1.828294       -0.148610        0.255678
     Cl   1        0.372696        0.255678       -1.378514

     C    2        0.232592       -0.223001       -0.406142
     C    2       -0.223001       -0.091397       -0.142112
     C    2       -0.406142       -0.142112       -0.141194

     C    3       -0.166269        0.054417       -0.137627
     C    3        0.054417        0.017318       -0.329442
     C    3       -0.137627       -0.329442        0.148950

     H    4        0.329378        0.217881        0.136097
     H    4        0.217881       -0.131904        0.212673
     H    4        0.136097        0.212673       -0.197474

     C    5       -0.258450        0.126605       -0.034071
     C    5        0.126605       -0.105992       -0.315584
     C    5       -0.034071       -0.315584        0.364442

     H    6       -0.056586        0.001834        0.062323
     H    6        0.001834        0.471124        0.284979
     H    6        0.062323        0.284979       -0.414538

     H    7       -0.058639        0.041311        0.198604
     H    7        0.041311        0.341222       -0.520773
     H    7        0.198604       -0.520773       -0.282583

     C    8       -0.169420       -0.047079       -0.185490
     C    8       -0.047079        0.143207        0.546644
     C    8       -0.185490        0.546644        0.026213

     H    9        0.333675        0.102387        0.434648
     H    9        0.102387       -0.208333       -0.275936
     H    9        0.434648       -0.275936       -0.125342

     C   10       -0.305437       -0.211593       -0.052508
     C   10       -0.211593        0.242001        0.446135
     C   10       -0.052508        0.446135        0.063435

     C   11        0.130234        0.149213       -0.308179
     C   11        0.149213       -0.028437        0.421957
     C   11       -0.308179        0.421957       -0.101796

     Cl  12       -0.079665        2.006970       -0.402626
     Cl  12        2.006970       -1.172516        0.426779
     Cl  12       -0.402626        0.426779        1.252181

     H   13       -0.242331       -0.219067        0.199578
     H   13       -0.219067        0.144408        0.514744
     H   13        0.199578        0.514744        0.097923

     C   14       -0.023325        0.321015       -0.321332
     C   14        0.321015       -0.232748       -0.173725
     C   14       -0.321332       -0.173725        0.256073

     H   15        0.237707       -0.069931        0.544242
     H   15       -0.069931       -0.221316        0.363522
     H   15        0.544242        0.363522       -0.016390

     C   16        0.033978        0.184482       -0.410694
     C   16        0.184482       -0.058569       -0.239228
     C   16       -0.410694       -0.239228        0.024590

     C   17       -0.138108       -0.144932       -0.171627
     C   17       -0.144932        0.088287       -0.425589
     C   17       -0.171627       -0.425589        0.049822

     Cl  18        1.279545       -2.305323        0.039737
     Cl  18       -2.305323        0.574379        0.435887
     Cl  18        0.039737        0.435887       -1.853924

     H   19       -0.236494        0.249576        0.230657
     H   19        0.249576        0.259923       -0.501134
     H   19        0.230657       -0.501134       -0.023429

     C   20        0.065054       -0.339009       -0.283949
     C   20       -0.339009       -0.173272        0.241837
     C   20       -0.283949        0.241837        0.108218

     H   21        0.002826       -0.040361        0.423724
     H   21       -0.040361       -0.065358       -0.038364
     H   21        0.423724       -0.038364        0.062531

     C   22        0.005927       -0.033072       -0.343278
     C   22       -0.033072       -0.010781        0.299376
     C   22       -0.343278        0.299376        0.004854

     C   23        0.123109        0.005312       -0.122748
     C   23        0.005312        0.001720        0.190635
     C   23       -0.122748        0.190635       -0.124829

     Cl  24        1.756248        3.382615       -0.300167
     Cl  24        3.382615        0.496698       -0.108958
     Cl  24       -0.300167       -0.108958       -2.252946


     NQR/NMR SPECTROSCOPIC PARAMETERS:
     Cl   1    Vxx=   -0.9367    axis=( -0.368716 -0.635223 -0.678632)
     Cl   1    Vyy=   -1.7713    axis=(  0.391167  0.556247 -0.733197)
     Cl   1    Vzz=    2.7080    axis=( -0.843230  0.535799 -0.043380)
     Cl   1  Q=        -8.1650 1e-30 m^2  Cq=       -51.9520 MHz  eta= 0.30821

     C    2    Vxx=    0.0194    axis=( -0.093631  0.851153 -0.516499)
     C    2    Vyy=    0.5155    axis=(  0.852083 -0.199824 -0.483761)
     C    2    Vzz=   -0.5348    axis=(  0.514964  0.485395  0.706544)
     C    2  Q=         1.0000 1e-30 m^2  Cq=        -1.2567 MHz  eta= 0.92756

     C    3    Vxx=   -0.1739    axis=( -0.849946  0.504364  0.152344)
     C    3    Vyy=   -0.2775    axis=( -0.477153 -0.614248 -0.628509)
     C    3    Vzz=    0.4514    axis=( -0.223421 -0.606890  0.762737)
     C    3  Q=         1.0000 1e-30 m^2  Cq=         1.0606 MHz  eta= 0.22953

     H    4    Vxx=   -0.0985    axis=(  0.504655 -0.608223 -0.612689)
     H    4    Vyy=   -0.3825    axis=( -0.068247  0.679362 -0.730623)
     H    4    Vzz=    0.4810    axis=(  0.860619  0.410527  0.301334)
     H    4  Q=         1.0000 1e-30 m^2  Cq=         1.1301 MHz  eta= 0.59061

     C    5    Vxx=   -0.1690    axis=(  0.695193  0.598336  0.398372)
     C    5    Vyy=   -0.3636    axis=(  0.710157 -0.657486 -0.251771)
     C    5    Vzz=    0.5326    axis=( -0.111280 -0.457936  0.881993)
     C    5  Q=         1.0000 1e-30 m^2  Cq=         1.2514 MHz  eta= 0.36534

     H    6    Vxx=   -0.0494    axis=(  0.990897 -0.067320  0.116581)
     H    6    Vyy=   -0.5061    axis=(  0.130825  0.277318 -0.951829)
     H    6    Vzz=    0.5555    axis=(  0.031747  0.958417  0.283601)
     H    6  Q=         1.0000 1e-30 m^2  Cq=         1.3052 MHz  eta= 0.82222

     H    7    Vxx=   -0.0001    axis=(  0.944362  0.235710  0.229393)
     H    7    Vyy=   -0.6420    axis=(  0.315754 -0.454440 -0.832937)
     H    7    Vzz=    0.6421    axis=( -0.092086  0.859026 -0.503582)
     H    7  Q=         1.0000 1e-30 m^2  Cq=         1.5086 MHz  eta= 0.99973

     C    8    Vxx=   -0.1635    axis=( -0.926715 -0.356095  0.119980)
     C    8    Vyy=   -0.5016    axis=(  0.324586 -0.597722  0.733057)
     C    8    Vzz=    0.6651    axis=(  0.189324 -0.718279 -0.669501)
     C    8  Q=         1.0000 1e-30 m^2  Cq=         1.5628 MHz  eta= 0.50839

     H    9    Vxx=    0.0016    axis=(  0.370375  0.800325 -0.471489)
     H    9    Vyy=    0.5998    axis=( -0.842361  0.075471 -0.533602)
     H    9    Vzz=   -0.6014    axis=( -0.391472  0.594797  0.702116)
     H    9  Q=         1.0000 1e-30 m^2  Cq=        -1.4132 MHz  eta= 0.99465

     C   10    Vxx=   -0.2302    axis=( -0.603906  0.387449 -0.696549)
     C   10    Vyy=   -0.4185    axis=( -0.770514 -0.507422  0.385786)
     C   10    Vzz=    0.6487    axis=( -0.203972  0.769679  0.604971)
     C   10  Q=         1.0000 1e-30 m^2  Cq=         1.5243 MHz  eta= 0.29017

     C   11    Vxx=    0.2155    axis=( -0.769338 -0.632000 -0.093247)
     C   11    Vyy=    0.4162    axis=( -0.498597  0.502761  0.706139)
     C   11    Vzz=   -0.6317    axis=(  0.399399 -0.589752  0.701907)
     C   11  Q=         1.0000 1e-30 m^2  Cq=        -1.4842 MHz  eta= 0.31784

     Cl  12    Vxx=    1.3111    axis=(  0.227950  0.340927  0.912035)
     Cl  12    Vyy=    1.4793    axis=(  0.764828  0.516979 -0.384409)
     Cl  12    Vzz=   -2.7904    axis=( -0.602558  0.785176 -0.142905)
     Cl  12  Q=        -8.1650 1e-30 m^2  Cq=        53.5320 MHz  eta= 0.06028

     H   13    Vxx=   -0.0134    axis=(  0.789577 -0.405703  0.460406)
     H   13    Vyy=   -0.6236    axis=( -0.613112 -0.553019  0.564148)
     H   13    Vzz=    0.6370    axis=(  0.025737 -0.727719 -0.685392)
     H   13  Q=         1.0000 1e-30 m^2  Cq=         1.4966 MHz  eta= 0.95794

     C   14    Vxx=   -0.1268    axis=(  0.533671  0.506132  0.677514)
     C   14    Vyy=   -0.4700    axis=( -0.622987  0.777063 -0.089779)
     C   14    Vzz=    0.5969    axis=( -0.571911 -0.374170  0.730010)
     C   14  Q=         1.0000 1e-30 m^2  Cq=         1.4024 MHz  eta= 0.57505

     H   15    Vxx=   -0.0153    axis=(  0.521302 -0.781529 -0.342721)
     H   15    Vyy=   -0.6895    axis=(  0.441174  0.590588 -0.675700)
     H   15    Vzz=    0.7047    axis=(  0.730486  0.201044  0.652665)
     H   15  Q=         1.0000 1e-30 m^2  Cq=         1.6558 MHz  eta= 0.95670

     C   16    Vxx=   -0.1918    axis=(  0.432004 -0.887367 -0.161096)
     C   16    Vyy=   -0.3888    axis=(  0.644343  0.178701  0.743565)
     C   16    Vzz=    0.5806    axis=(  0.631027  0.425024 -0.648968)
     C   16  Q=         1.0000 1e-30 m^2  Cq=         1.3642 MHz  eta= 0.33927

     C   17    Vxx=    0.0017    axis=(  0.847697 -0.383335 -0.366693)
     C   17    Vyy=    0.4954    axis=(  0.024042  0.718298 -0.695320)
     C   17    Vzz=   -0.4971    axis=(  0.529936  0.580604  0.618116)
     C   17  Q=         1.0000 1e-30 m^2  Cq=        -1.1679 MHz  eta= 0.99327

     Cl  18    Vxx=   -1.2116    axis=(  0.592858  0.648858  0.476972)
     Cl  18    Vyy=   -2.0602    axis=( -0.279454 -0.389718  0.877511)
     Cl  18    Vzz=    3.2717    axis=(  0.755265 -0.653531 -0.049721)
     Cl  18  Q=        -8.1650 1e-30 m^2  Cq=       -62.7664 MHz  eta= 0.25937

     H   19    Vxx=    0.0216    axis=(  0.782878  0.312004  0.538290)
     H   19    Vyy=    0.6437    axis=( -0.077195 -0.809779  0.581634)
     H   19    Vzz=   -0.6652    axis=(  0.617368 -0.496902 -0.609873)
     H   19  Q=         1.0000 1e-30 m^2  Cq=        -1.5630 MHz  eta= 0.93516

     C   20    Vxx=   -0.1747    axis=(  0.559620 -0.262578  0.786052)
     C   20    Vyy=   -0.4168    axis=(  0.533038  0.840304 -0.098789)
     C   20    Vzz=    0.5915    axis=( -0.634583  0.474280  0.610215)
     C   20  Q=         1.0000 1e-30 m^2  Cq=         1.3897 MHz  eta= 0.40920

     H   21    Vxx=   -0.0712    axis=( -0.063658 -0.994463 -0.083609)
     H   21    Vyy=   -0.3921    axis=(  0.731957  0.010423 -0.681271)
     H   21    Vzz=    0.4633    axis=(  0.678370 -0.104566  0.727241)
     H   21  Q=         1.0000 1e-30 m^2  Cq=         1.0886 MHz  eta= 0.69278

     C   22    Vxx=   -0.0363    axis=( -0.657819 -0.753129 -0.008409)
     C   22    Vyy=   -0.4375    axis=(  0.520760 -0.462867  0.717330)
     C   22    Vzz=    0.4739    axis=(  0.544135 -0.467495 -0.696682)
     C   22  Q=         1.0000 1e-30 m^2  Cq=         1.1134 MHz  eta= 0.84668

     C   23    Vxx=    0.0787    axis=(  0.654712  0.707022  0.267343)
     C   23    Vyy=    0.2100    axis=( -0.714140  0.462676  0.525295)
     C   23    Vzz=   -0.2887    axis=(  0.247702 -0.534838  0.807832)
     C   23  Q=         1.0000 1e-30 m^2  Cq=        -0.6783 MHz  eta= 0.45460

     Cl  24    Vxx=   -2.1796    axis=( -0.373067  0.503254  0.779459)
     Cl  24    Vyy=   -2.4008    axis=(  0.519393 -0.582853  0.624910)
     Cl  24    Vzz=    4.5804    axis=( -0.768799 -0.637979  0.043943)
     Cl  24  Q=        -8.1650 1e-30 m^2  Cq=       -87.8733 MHz  eta= 0.04829

     Initialization:
     gipaw_setup  :      9.30s CPU     11.84s WALL (       1 calls)

     Linear response

     Apply operators

     Induced current

     Other routines
     efg          :     10.18s CPU     14.08s WALL (       1 calls)

     General routines
     calbec       :      3.46s CPU      4.61s WALL (      16 calls)
     fft          :      1.57s CPU      2.21s WALL (      15 calls)
     ffts         :      0.05s CPU      0.08s WALL (       2 calls)
     fftw         :      3.81s CPU      5.59s WALL (     672 calls)
     davcio       :      0.04s CPU      0.31s WALL (      32 calls)

     Parallel routines
     fft_scatter  :      2.69s CPU      4.77s WALL (     689 calls)

     Plugins

     GIPAW        :     62.64s CPU     80.37s WALL (       1 calls)
