
     Program QE v.6.0 (svn rev. 13079) starts on 21Jan2017 at  2:24:53 

     This program is part of the open-source Quantum ESPRESSO suite
     for quantum simulation of materials; please cite
         "P. Giannozzi et al., J. Phys.:Condens. Matter 21 395502 (2009);
          URL http://www.quantum-espresso.org", 
     in publications or presentations arising from this work. More details at
     http://www.quantum-espresso.org/quote

     Parallel version (MPI), running on     8 processors
     R & G space division:  proc/nbgrp/npool/nimage =       8

     ***** This is GIPAW svn revision unknown      *****

     Parallelizing q-star over 1 images

     Reading data from directory:
     /users/majewski/paradichlorobenzene/pbe/9_constraint/scratch/pbe.ecut100.np8.dt60.pcl2phi-129368.save
     Message from routine read_xml_file:
     file /users/majewski/paradichlorobenzene/pbe/9_constraint/scratch/pbe.ecut100.np8.dt60.pcl2phi-129368.save not guaranteed to be safe for post-processing

   Info: using nr1, nr2, nr3 values from input

   Info: using nr1, nr2, nr3 values from input

     IMPORTANT: XC functional enforced from input :
     Exchange-correlation      =  SLA  PW   PBX  PBC ( 1  4  3  4 0 0)
     Any further DFT definition will be discarded
     Please, verify this is what you really want

               file C.pbe-n-kjpaw_psl.1.0.0.UPF: wavefunction(s)  2S 2P renormalized
               file Cl.pbe-n-kjpaw_psl.1.0.0.UPF: wavefunction(s)  3S 3P renormalized
               file H.pbe-kjpaw_psl.1.0.0.UPF: wavefunction(s)  1S renormalized

     Parallelization info
     --------------------
     sticks:   dense  smooth     PW     G-vecs:    dense   smooth      PW
     Min        3057    1223    332               144436    36536    5170
     Max        3059    1225    333               144437    36537    5171
     Sum       24467    9791   2657              1155489   292295   41363


     Subspace diagonalization in iterative solution of the eigenvalue problem:
     a serial algorithm will be used

     GIPAW projectors -----------------------------------------------
     atom=  C    l=0  rc=    1.2000  rs=    0.8000
     atom=  C    l=0  rc=    1.2000  rs=    0.8000
     atom=  C    l=1  rc=    1.4000  rs=    0.9333
     atom=  C    l=1  rc=    1.4000  rs=    0.9333
     projs nearly linearly dependent: l=1  n1,n2= 1, 2  s=  0.99951561

     atom=  Cl   l=0  rc=    1.6000  rs=    1.0667
     atom=  Cl   l=0  rc=    1.6000  rs=    1.0667
     atom=  Cl   l=1  rc=    1.6000  rs=    1.0667
     atom=  Cl   l=1  rc=    1.6000  rs=    1.0667
     atom=  Cl   l=2  rc=    1.6000  rs=    1.0667
     atom=  Cl   l=2  rc=    1.6000  rs=    1.0667
     projs nearly linearly dependent: l=2  n1,n2= 1, 2  s=  0.99993509

     atom=  H    l=0  rc=    1.0000  rs=    0.6667
     atom=  H    l=0  rc=    1.0000  rs=    0.6667
     projs nearly linearly dependent: l=0  n1,n2= 1, 2  s=  0.99968852
     -----------------------------------------------------------------

     GIPAW integrals: -------------------------------------------
     Atom  i/j   nmr_para   nmr_dia   epr_rmc  epr_para   epr_dia
       C   1 1   0.83E+03  0.17E-01  0.93E+01  0.24E+08  0.24E+03
       C   2 1   0.86E+03 -0.61E-01  0.94E+01  0.25E+08  0.25E+03
       C   2 2   0.90E+03 -0.15E+00  0.97E+01  0.26E+08  0.26E+03
       C   3 3   0.33E+01  0.34E+00  0.18E+01  0.55E+03  0.21E+02
       C   4 3   0.35E+01  0.37E+00  0.20E+01  0.59E+03  0.22E+02
       C   4 4   0.38E+01  0.39E+00  0.22E+01  0.63E+03  0.24E+02
       Cl  1 1   0.14E+04 -0.47E+00  0.84E+01  0.32E+09  0.42E+03
       Cl  2 1   0.21E+04 -0.37E+00  0.12E+02  0.49E+09  0.65E+03
       Cl  2 2   0.33E+04 -0.16E+00  0.21E+02  0.76E+09  0.10E+04
       Cl  3 3   0.21E+02  0.79E-01  0.89E+01  0.23E+05  0.13E+03
       Cl  4 3   0.24E+02  0.67E-01  0.99E+01  0.27E+05  0.15E+03
       Cl  4 4   0.28E+02  0.44E-01  0.11E+02  0.32E+05  0.18E+03
       Cl  5 5   0.77E+00  0.19E+00  0.18E+01  0.12E+03  0.22E+02
       Cl  6 5   0.80E+00  0.19E+00  0.19E+01  0.12E+03  0.23E+02
       Cl  6 6   0.83E+00  0.20E+00  0.19E+01  0.12E+03  0.23E+02
       H   1 1   0.39E+02  0.19E+00  0.29E+00  0.78E+05  0.13E+02
       H   2 1   0.41E+02  0.21E+00  0.32E+00  0.82E+05  0.14E+02
       H   2 2   0.43E+02  0.22E+00  0.36E+00  0.86E+05  0.15E+02
     ------------------------------------------------------------

     alpha_pv=     34.1954 eV

     Number of occupied bands for each k-point:
     k-point:     1    nbnd_occ=  42
     k-point:     2    nbnd_occ=  42
     k-point:     3    nbnd_occ=  42
     k-point:     4    nbnd_occ=  42
     k-point:     5    nbnd_occ=  42
     k-point:     6    nbnd_occ=  42
     k-point:     7    nbnd_occ=  42
     k-point:     8    nbnd_occ=  42
     k-point:     9    nbnd_occ=  42
     k-point:    10    nbnd_occ=  42
     k-point:    11    nbnd_occ=  42
     k-point:    12    nbnd_occ=  42
     k-point:    13    nbnd_occ=  42
     k-point:    14    nbnd_occ=  42
     k-point:    15    nbnd_occ=  42
     k-point:    16    nbnd_occ=  42


     q-space interpolation up to   110.00 Rydberg

     GIPAW job: efg                                                                             


     ELECTRIC FIELD GRADIENTS TENSORS IN Hartree/bohrradius^2:

     ----- bare term -----
     Cl   1        0.279372       -0.059337       -0.032391
     Cl   1       -0.059337       -0.374017       -0.339778
     Cl   1       -0.032391       -0.339778        0.094645

     C    2       -0.795152        0.492598       -0.351991
     C    2        0.492598        0.312882       -0.032899
     C    2       -0.351991       -0.032899        0.482270

     C    3        0.099598       -0.128925       -0.238228
     C    3       -0.128925       -0.359409       -0.539582
     C    3       -0.238228       -0.539582        0.259812

     H    4       -0.567262        0.119866        0.049702
     H    4        0.119866        0.254399       -0.328279
     H    4        0.049702       -0.328279        0.312863

     C    5       -0.717641        0.350978       -0.404618
     C    5        0.350978        0.262431       -0.017055
     C    5       -0.404618       -0.017055        0.455210

     H    6        0.372589       -0.125118        0.029530
     H    6       -0.125118       -0.568145       -0.529170
     H    6        0.029530       -0.529170        0.195556

     H    7        0.340963        0.329042        0.049642
     H    7        0.329042       -0.678211       -0.029191
     H    7        0.049642       -0.029191        0.337248

     C    8        0.058798        0.038327       -0.143237
     C    8        0.038327       -0.128001        0.270573
     C    8       -0.143237        0.270573        0.069203

     H    9       -0.223544        0.479222        0.026429
     H    9        0.479222       -0.098999       -0.164738
     H    9        0.026429       -0.164738        0.322543

     C   10       -0.337331       -0.154785        0.054144
     C   10       -0.154785       -0.016830       -0.018889
     C   10        0.054144       -0.018889        0.354161

     C   11        0.086754        0.127479       -0.289838
     C   11        0.127479       -0.057184        0.531747
     C   11       -0.289838        0.531747       -0.029570

     Cl  12       -0.083460       -0.224797        0.024905
     Cl  12       -0.224797       -0.052440       -0.105891
     Cl  12        0.024905       -0.105891        0.135900

     H   13        0.426561       -0.119418       -0.000669
     H   13       -0.119418       -0.753089        0.062116
     H   13       -0.000669        0.062116        0.326528

     C   14       -0.039203       -0.047367       -0.237204
     C   14       -0.047367       -0.005590       -0.422876
     C   14       -0.237204       -0.422876        0.044793

     H   15       -0.205313       -0.512996       -0.073776
     H   15       -0.512996       -0.165241        0.119615
     H   15       -0.073776        0.119615        0.370555

     C   16       -0.564030        0.276854       -0.091474
     C   16        0.276854        0.178779       -0.192923
     C   16       -0.091474       -0.192923        0.385251

     C   17        0.004182       -0.125547       -0.307739
     C   17       -0.125547        0.040133       -0.654181
     C   17       -0.307739       -0.654181       -0.044315

     Cl  18       -0.298947        0.315800       -0.003299
     Cl  18        0.315800        0.184729        0.000321
     Cl  18       -0.003299        0.000321        0.114218

     H   19        0.513539        0.006484       -0.035405
     H   19        0.006484       -0.404682        0.451978
     H   19       -0.035405        0.451978       -0.108857

     C   20       -0.689922       -0.327340       -0.149230
     C   20       -0.327340        0.283689        0.084401
     C   20       -0.149230        0.084401        0.406233

     H   21       -0.132710       -0.237579       -0.480029
     H   21       -0.237579       -0.074655       -0.062171
     H   21       -0.480029       -0.062171        0.207365

     C   22        0.151658        0.037248       -0.262718
     C   22        0.037248       -0.160622        0.607197
     C   22       -0.262718        0.607197        0.008965

     C   23       -0.708286       -0.481233       -0.346543
     C   23       -0.481233        0.292893        0.077303
     C   23       -0.346543        0.077303        0.415394

     Cl  24       -0.031337       -0.000325        0.028373
     Cl  24       -0.000325        0.079704       -0.116509
     Cl  24        0.028373       -0.116509       -0.048367

     ----- ionic term -----
     Cl   1        0.117526       -0.220746       -0.022302
     Cl   1       -0.220746        0.043588        0.022838
     Cl   1       -0.022302        0.022838       -0.161113

     C    2        0.264550       -0.081304        0.215246
     C    2       -0.081304        0.204195        0.390108
     C    2        0.215246        0.390108       -0.468745

     C    3        0.189542       -0.152007        0.130739
     C    3       -0.152007        0.255963        0.353338
     C    3        0.130739        0.353338       -0.445505

     H    4        0.812314        0.366084        0.495422
     H    4        0.366084       -0.379268        0.173442
     H    4        0.495422        0.173442       -0.433046

     C    5        0.291121       -0.173811        0.144918
     C    5       -0.173811        0.160932        0.269499
     C    5        0.144918        0.269499       -0.452053

     H    6       -0.527538        0.043692        0.002877
     H    6        0.043692        0.838114        0.565993
     H    6        0.002877        0.565993       -0.310577

     H    7       -0.480348       -0.243279        0.113946
     H    7       -0.243279        0.735535       -0.643185
     H    7        0.113946       -0.643185       -0.255187

     C    8        0.387192        0.113450        0.190643
     C    8        0.113450        0.061499       -0.314668
     C    8        0.190643       -0.314668       -0.448690

     H    9        0.817549       -0.328166        0.505789
     H    9       -0.328166       -0.405169       -0.198739
     H    9        0.505789       -0.198739       -0.412380

     C   10        0.236855        0.195521        0.118395
     C   10        0.195521        0.189356       -0.379439
     C   10        0.118395       -0.379439       -0.426211

     C   11        0.287136        0.078012        0.269646
     C   11        0.078012        0.088236       -0.386193
     C   11        0.269646       -0.386193       -0.375373

     Cl  12        0.144264        0.164258       -0.005112
     Cl  12        0.164258       -0.000748       -0.022402
     Cl  12       -0.005112       -0.022402       -0.143516

     H   13       -0.470783        0.128671        0.060048
     H   13        0.128671        0.863127        0.523997
     H   13        0.060048        0.523997       -0.392344

     C   14        0.417060       -0.134276        0.215533
     C   14       -0.134276        0.089077        0.266533
     C   14        0.215533        0.266533       -0.506137

     H   15        0.768123        0.371031        0.516359
     H   15        0.371031       -0.370663        0.221170
     H   15        0.516359        0.221170       -0.397460

     C   16        0.208164       -0.188689        0.131684
     C   16       -0.188689        0.250052        0.352093
     C   16        0.131684        0.352093       -0.458216

     C   17        0.270016       -0.129914        0.200818
     C   17       -0.129914        0.186120        0.333378
     C   17        0.200818        0.333378       -0.456137

     Cl  18        0.154937       -0.187358        0.009664
     Cl  18       -0.187358        0.010582        0.003830
     Cl  18        0.009664        0.003830       -0.165519

     H   19       -0.512461       -0.001663        0.015443
     H   19       -0.001663        0.738856       -0.675143
     H   19        0.015443       -0.675143       -0.226395

     C   20        0.370773        0.183027        0.213276
     C   20        0.183027        0.024857       -0.325429
     C   20        0.213276       -0.325429       -0.395630

     H   21        0.508819       -0.222166        0.730955
     H   21       -0.222166       -0.449837       -0.228118
     H   21        0.730955       -0.228118       -0.058982

     C   22        0.160123        0.215150        0.158472
     C   22        0.215150        0.147495       -0.415413
     C   22        0.158472       -0.415413       -0.307617

     C   23        0.322880        0.126093        0.185514
     C   23        0.126093        0.076373       -0.419119
     C   23        0.185514       -0.419119       -0.399253

     Cl  24        0.174422        0.240460       -0.030224
     Cl  24        0.240460       -0.019306       -0.022367
     Cl  24       -0.030224       -0.022367       -0.155116

     ----- GIPAW term -----
     Cl   1        0.203312       -0.338742        0.355374
     Cl   1       -0.338742        0.510282        0.772196
     Cl   1        0.355374        0.772196       -0.713594

     C    2       -0.149827        0.004721       -0.029452
     C    2        0.004721        0.200101        0.108247
     C    2       -0.029452        0.108247       -0.050274

     C    3       -0.073283       -0.118789       -0.072496
     C    3       -0.118789        0.075404        0.116969
     C    3       -0.072496        0.116969       -0.002121

     H    4       -0.000000        0.000000        0.000000
     H    4        0.000000        0.000000        0.000000
     H    4        0.000000        0.000000        0.000000

     C    5       -0.095375       -0.124268       -0.107278
     C    5       -0.124268        0.143925        0.135140
     C    5       -0.107278        0.135140       -0.048551

     H    6       -0.000000        0.000000        0.000000
     H    6        0.000000        0.000000        0.000000
     H    6        0.000000        0.000000        0.000000

     H    7       -0.000000        0.000000        0.000000
     H    7        0.000000        0.000000        0.000000
     H    7        0.000000        0.000000        0.000000

     C    8       -0.028465       -0.013476       -0.005162
     C    8       -0.013476        0.116551        0.064548
     C    8       -0.005162        0.064548       -0.088086

     H    9       -0.000000        0.000000        0.000000
     H    9        0.000000        0.000000        0.000000
     H    9        0.000000        0.000000        0.000000

     C   10       -0.053528        0.011718        0.014772
     C   10        0.011718        0.052651        0.016010
     C   10        0.014772        0.016010        0.000877

     C   11       -0.024776        0.044749       -0.033860
     C   11        0.044749        0.100275        0.101888
     C   11       -0.033860        0.101888       -0.075499

     Cl  12       -0.885030        0.002309       -0.505253
     Cl  12        0.002309        0.853479        1.883428
     Cl  12       -0.505253        1.883428        0.031551

     H   13       -0.000000        0.000000        0.000000
     H   13        0.000000        0.000000        0.000000
     H   13        0.000000        0.000000        0.000000

     C   14       -0.078465       -0.012931       -0.018162
     C   14       -0.012931        0.215216       -0.093836
     C   14       -0.018162       -0.093836       -0.136751

     H   15       -0.000000        0.000000        0.000000
     H   15        0.000000        0.000000        0.000000
     H   15        0.000000        0.000000        0.000000

     C   16       -0.166016        0.012415       -0.008445
     C   16        0.012415        0.201806       -0.091567
     C   16       -0.008445       -0.091567       -0.035789

     C   17       -0.062915       -0.107459       -0.039443
     C   17       -0.107459        0.268839       -0.058993
     C   17       -0.039443       -0.058993       -0.205924

     Cl  18       -1.123885       -0.293658       -0.084298
     Cl  18       -0.293658        3.037244        0.219556
     Cl  18       -0.084298        0.219556       -1.913359

     H   19       -0.000000        0.000000        0.000000
     H   19        0.000000        0.000000        0.000000
     H   19        0.000000        0.000000        0.000000

     C   20       -0.121267        0.047443        0.017209
     C   20        0.047443        0.157175        0.024385
     C   20        0.017209        0.024385       -0.035907

     H   21       -0.000000        0.000000        0.000000
     H   21        0.000000        0.000000        0.000000
     H   21        0.000000        0.000000        0.000000

     C   22       -0.076502        0.078633       -0.036459
     C   22        0.078633        0.204820       -0.005842
     C   22       -0.036459       -0.005842       -0.128318

     C   23       -0.138737       -0.020558       -0.028055
     C   23       -0.020558        0.228079       -0.027697
     C   23       -0.028055       -0.027697       -0.089342

     Cl  24       -0.044995        1.733073        0.081842
     Cl  24        1.733073        1.774455       -1.700424
     Cl  24        0.081842       -1.700424       -1.729459

     ----- total EFG -----
     Cl   1        0.600210       -0.618825        0.300680
     Cl   1       -0.618825        0.179853        0.455255
     Cl   1        0.300680        0.455255       -0.780063

     C    2       -0.680429        0.416016       -0.166198
     C    2        0.416016        0.717178        0.465456
     C    2       -0.166198        0.465456       -0.036749

     C    3        0.215856       -0.399721       -0.179985
     C    3       -0.399721       -0.028042       -0.069276
     C    3       -0.179985       -0.069276       -0.187814

     H    4        0.245051        0.485950        0.545125
     H    4        0.485950       -0.124868       -0.154837
     H    4        0.545125       -0.154837       -0.120183

     C    5       -0.521895        0.052898       -0.366978
     C    5        0.052898        0.567288        0.387583
     C    5       -0.366978        0.387583       -0.045394

     H    6       -0.154949       -0.081425        0.032407
     H    6       -0.081425        0.269969        0.036823
     H    6        0.032407        0.036823       -0.115020

     H    7       -0.139385        0.085764        0.163588
     H    7        0.085764        0.057324       -0.672375
     H    7        0.163588       -0.672375        0.082061

     C    8        0.417524        0.138302        0.042244
     C    8        0.138302        0.050049        0.020453
     C    8        0.042244        0.020453       -0.467573

     H    9        0.594005        0.151055        0.532217
     H    9        0.151055       -0.504168       -0.363478
     H    9        0.532217       -0.363478       -0.089837

     C   10       -0.154004        0.052454        0.187311
     C   10        0.052454        0.225178       -0.382317
     C   10        0.187311       -0.382317       -0.071173

     C   11        0.349114        0.250240       -0.054052
     C   11        0.250240        0.131327        0.247441
     C   11       -0.054052        0.247441       -0.480441

     Cl  12       -0.824226       -0.058230       -0.485460
     Cl  12       -0.058230        0.800291        1.755135
     Cl  12       -0.485460        1.755135        0.023934

     H   13       -0.044222        0.009253        0.059379
     H   13        0.009253        0.110039        0.586112
     H   13        0.059379        0.586112       -0.065816

     C   14        0.299392       -0.194574       -0.039833
     C   14       -0.194574        0.298703       -0.250178
     C   14       -0.039833       -0.250178       -0.598095

     H   15        0.562810       -0.141966        0.442583
     H   15       -0.141966       -0.535904        0.340785
     H   15        0.442583        0.340785       -0.026905

     C   16       -0.521882        0.100580        0.031765
     C   16        0.100580        0.630637        0.067603
     C   16        0.031765        0.067603       -0.108754

     C   17        0.211282       -0.362921       -0.146364
     C   17       -0.362921        0.495093       -0.379797
     C   17       -0.146364       -0.379797       -0.706375

     Cl  18       -1.267895       -0.165216       -0.077933
     Cl  18       -0.165216        3.232555        0.223707
     Cl  18       -0.077933        0.223707       -1.964660

     H   19        0.001078        0.004821       -0.019962
     H   19        0.004821        0.334174       -0.223165
     H   19       -0.019962       -0.223165       -0.335252

     C   20       -0.440416       -0.096870        0.081255
     C   20       -0.096870        0.465721       -0.216643
     C   20        0.081255       -0.216643       -0.025305

     H   21        0.376110       -0.459745        0.250926
     H   21       -0.459745       -0.524492       -0.290289
     H   21        0.250926       -0.290289        0.148382

     C   22        0.235278        0.331031       -0.140705
     C   22        0.331031        0.191692        0.185942
     C   22       -0.140705        0.185942       -0.426970

     C   23       -0.524143       -0.375697       -0.189083
     C   23       -0.375697        0.597344       -0.369513
     C   23       -0.189083       -0.369513       -0.073201

     Cl  24        0.098089        1.973208        0.079991
     Cl  24        1.973208        1.834853       -1.839301
     Cl  24        0.079991       -1.839301       -1.932943

     ----- total EFG (symmetrized) -----
     Cl   1        0.600210       -0.618825        0.300680
     Cl   1       -0.618825        0.179853        0.455255
     Cl   1        0.300680        0.455255       -0.780063

     C    2       -0.680429        0.416016       -0.166198
     C    2        0.416016        0.717178        0.465456
     C    2       -0.166198        0.465456       -0.036749

     C    3        0.215856       -0.399721       -0.179985
     C    3       -0.399721       -0.028042       -0.069276
     C    3       -0.179985       -0.069276       -0.187814

     H    4        0.245051        0.485950        0.545125
     H    4        0.485950       -0.124868       -0.154837
     H    4        0.545125       -0.154837       -0.120183

     C    5       -0.521895        0.052898       -0.366978
     C    5        0.052898        0.567288        0.387583
     C    5       -0.366978        0.387583       -0.045394

     H    6       -0.154949       -0.081425        0.032407
     H    6       -0.081425        0.269969        0.036823
     H    6        0.032407        0.036823       -0.115020

     H    7       -0.139385        0.085764        0.163588
     H    7        0.085764        0.057324       -0.672375
     H    7        0.163588       -0.672375        0.082061

     C    8        0.417524        0.138302        0.042244
     C    8        0.138302        0.050049        0.020453
     C    8        0.042244        0.020453       -0.467573

     H    9        0.594005        0.151055        0.532217
     H    9        0.151055       -0.504168       -0.363478
     H    9        0.532217       -0.363478       -0.089837

     C   10       -0.154004        0.052454        0.187311
     C   10        0.052454        0.225178       -0.382317
     C   10        0.187311       -0.382317       -0.071173

     C   11        0.349114        0.250240       -0.054052
     C   11        0.250240        0.131327        0.247441
     C   11       -0.054052        0.247441       -0.480441

     Cl  12       -0.824226       -0.058230       -0.485460
     Cl  12       -0.058230        0.800291        1.755135
     Cl  12       -0.485460        1.755135        0.023934

     H   13       -0.044222        0.009253        0.059379
     H   13        0.009253        0.110039        0.586112
     H   13        0.059379        0.586112       -0.065816

     C   14        0.299392       -0.194574       -0.039833
     C   14       -0.194574        0.298703       -0.250178
     C   14       -0.039833       -0.250178       -0.598095

     H   15        0.562810       -0.141966        0.442583
     H   15       -0.141966       -0.535904        0.340785
     H   15        0.442583        0.340785       -0.026905

     C   16       -0.521882        0.100580        0.031765
     C   16        0.100580        0.630637        0.067603
     C   16        0.031765        0.067603       -0.108754

     C   17        0.211282       -0.362921       -0.146364
     C   17       -0.362921        0.495093       -0.379797
     C   17       -0.146364       -0.379797       -0.706375

     Cl  18       -1.267895       -0.165216       -0.077933
     Cl  18       -0.165216        3.232555        0.223707
     Cl  18       -0.077933        0.223707       -1.964660

     H   19        0.001078        0.004821       -0.019962
     H   19        0.004821        0.334174       -0.223165
     H   19       -0.019962       -0.223165       -0.335252

     C   20       -0.440416       -0.096870        0.081255
     C   20       -0.096870        0.465721       -0.216643
     C   20        0.081255       -0.216643       -0.025305

     H   21        0.376110       -0.459745        0.250926
     H   21       -0.459745       -0.524492       -0.290289
     H   21        0.250926       -0.290289        0.148382

     C   22        0.235278        0.331031       -0.140705
     C   22        0.331031        0.191692        0.185942
     C   22       -0.140705        0.185942       -0.426970

     C   23       -0.524143       -0.375697       -0.189083
     C   23       -0.375697        0.597344       -0.369513
     C   23       -0.189083       -0.369513       -0.073201

     Cl  24        0.098089        1.973208        0.079991
     Cl  24        1.973208        1.834853       -1.839301
     Cl  24        0.079991       -1.839301       -1.932943


     NQR/NMR SPECTROSCOPIC PARAMETERS:
     Cl   1    Vxx=    0.0814    axis=(  0.501526  0.680236  0.534557)
     Cl   1    Vyy=    1.0438    axis=( -0.809663  0.586752  0.012979)
     Cl   1    Vzz=   -1.1252    axis=( -0.304823 -0.439320  0.845033)
     Cl   1  Q=        -8.1650 1e-30 m^2  Cq=        21.5865 MHz  eta= 0.85538

     C    2    Vxx=   -0.0976    axis=( -0.436222 -0.268001  0.859003)
     C    2    Vyy=   -0.8997    axis=( -0.880114  0.325855 -0.345279)
     C    2    Vzz=    0.9972    axis=( -0.187375 -0.906639 -0.378017)
     C    2  Q=         1.0000 1e-30 m^2  Cq=         2.3431 MHz  eta= 0.80432

     C    3    Vxx=   -0.0916    axis=( -0.226268 -0.539266  0.811169)
     C    3    Vyy=   -0.4359    axis=( -0.539030 -0.624314 -0.565402)
     C    3    Vzz=    0.5275    axis=( -0.811326  0.565177  0.149418)
     C    3  Q=         1.0000 1e-30 m^2  Cq=         1.2393 MHz  eta= 0.65284

     H    4    Vxx=    0.0312    axis=(  0.024425  0.741458 -0.670555)
     H    4    Vyy=    0.7600    axis=( -0.817129 -0.371621 -0.440679)
     H    4    Vzz=   -0.7912    axis=( -0.575937  0.558693  0.596790)
     H    4  Q=         1.0000 1e-30 m^2  Cq=        -1.8590 MHz  eta= 0.92121

     C    5    Vxx=   -0.0009    axis=(  0.547355  0.436242 -0.714210)
     C    5    Vyy=   -0.7649    axis=( -0.831364  0.185423 -0.523882)
     C    5    Vzz=    0.7658    axis=(  0.096109 -0.880518 -0.464168)
     C    5  Q=         1.0000 1e-30 m^2  Cq=         1.7994 MHz  eta= 0.99768

     H    6    Vxx=   -0.0970    axis=(  0.471054  0.016021  0.881959)
     H    6    Vyy=   -0.1903    axis=( -0.864537 -0.190162  0.465204)
     H    6    Vzz=    0.2873    axis=(  0.175168 -0.981622 -0.075726)
     H    6  Q=         1.0000 1e-30 m^2  Cq=         0.6751 MHz  eta= 0.32454

     H    7    Vxx=   -0.0837    axis=( -0.945157 -0.273846 -0.178006)
     H    7    Vyy=   -0.6622    axis=(  0.319971 -0.666960 -0.672892)
     H    7    Vzz=    0.7459    axis=(  0.065546 -0.692945  0.718005)
     H    7  Q=         1.0000 1e-30 m^2  Cq=         1.7526 MHz  eta= 0.77550

     C    8    Vxx=    0.0039    axis=(  0.318235 -0.947928 -0.012608)
     C    8    Vyy=    0.4661    axis=(  0.947027  0.317270  0.049799)
     C    8    Vzz=   -0.4700    axis=( -0.043206 -0.027788  0.998680)
     C    8  Q=         1.0000 1e-30 m^2  Cq=        -1.1042 MHz  eta= 0.98344

     H    9    Vxx=   -0.0469    axis=( -0.390065 -0.648444  0.653735)
     H    9    Vyy=   -0.8392    axis=( -0.294956  0.760555  0.578409)
     H    9    Vzz=    0.8860    axis=(  0.872268 -0.032794  0.487928)
     H    9  Q=         1.0000 1e-30 m^2  Cq=         2.0818 MHz  eta= 0.89423

     C   10    Vxx=   -0.0440    axis=(  0.839188  0.383766  0.385341)
     C   10    Vyy=   -0.4495    axis=( -0.534076  0.447871  0.717060)
     C   10    Vzz=    0.4935    axis=(  0.102600 -0.807549  0.580808)
     C   10  Q=         1.0000 1e-30 m^2  Cq=         1.1595 MHz  eta= 0.82165

     C   11    Vxx=    0.0664    axis=( -0.569289  0.726420  0.384999)
     C   11    Vyy=    0.5222    axis=(  0.808138  0.580494  0.099694)
     C   11    Vzz=   -0.5886    axis=(  0.151071 -0.367887  0.917517)
     C   11  Q=         1.0000 1e-30 m^2  Cq=        -1.3829 MHz  eta= 0.77450

     Cl  12    Vxx=   -0.6964    axis=(  0.890548  0.360291 -0.277694)
     Cl  12    Vyy=   -1.5534    axis=( -0.440348  0.529688 -0.724931)
     Cl  12    Vzz=    2.2498    axis=(  0.114095 -0.767868 -0.630366)
     Cl  12  Q=        -8.1650 1e-30 m^2  Cq=       -43.1610 MHz  eta= 0.38091

     H   13    Vxx=   -0.0445    axis=(  0.994889 -0.100401  0.010768)
     H   13    Vyy=   -0.5734    axis=(  0.073656  0.648625 -0.757536)
     H   13    Vzz=    0.6180    axis=(  0.069072  0.754457  0.652705)
     H   13  Q=         1.0000 1e-30 m^2  Cq=         1.4519 MHz  eta= 0.85593

     C   14    Vxx=    0.1559    axis=(  0.756632  0.607575 -0.241579)
     C   14    Vyy=    0.5154    axis=(  0.647235 -0.748376  0.144984)
     C   14    Vzz=   -0.6713    axis=(  0.092703  0.266058  0.959489)
     C   14  Q=         1.0000 1e-30 m^2  Cq=        -1.5773 MHz  eta= 0.53564

     H   15    Vxx=   -0.0086    axis=( -0.409709  0.570375  0.711906)
     H   15    Vyy=   -0.7922    axis=(  0.253209  0.820855 -0.511940)
     H   15    Vzz=    0.8008    axis=(  0.876370  0.029485  0.480736)
     H   15  Q=         1.0000 1e-30 m^2  Cq=         1.8816 MHz  eta= 0.97857

     C   16    Vxx=   -0.1137    axis=(  0.053319 -0.097469  0.993809)
     C   16    Vyy=   -0.5322    axis=(  0.994697 -0.082465 -0.061455)
     C   16    Vzz=    0.6459    axis=(  0.087945  0.991816  0.092555)
     C   16  Q=         1.0000 1e-30 m^2  Cq=         1.5175 MHz  eta= 0.64797

     C   17    Vxx=    0.0911    axis=(  0.836327  0.419312 -0.353177)
     C   17    Vyy=    0.7824    axis=(  0.497642 -0.850927  0.168154)
     C   17    Vzz=   -0.8735    axis=(  0.230019  0.316388  0.920321)
     C   17  Q=         1.0000 1e-30 m^2  Cq=        -2.0524 MHz  eta= 0.79134

     Cl  18    Vxx=   -1.2671    axis=(  0.994344  0.041373 -0.097822)
     Cl  18    Vyy=   -1.9813    axis=(  0.099457 -0.039508  0.994257)
     Cl  18    Vzz=    3.2484    axis=(  0.037271 -0.998362 -0.043399)
     Cl  18  Q=        -8.1650 1e-30 m^2  Cq=       -62.3198 MHz  eta= 0.21987

     H   19    Vxx=    0.0016    axis=(  0.998706 -0.037514 -0.034332)
     H   19    Vyy=    0.4020    axis=(  0.025955  0.956597 -0.290256)
     H   19    Vzz=   -0.4036    axis=(  0.043730  0.288989  0.956333)
     H   19  Q=         1.0000 1e-30 m^2  Cq=        -0.9483 MHz  eta= 0.99215

     C   20    Vxx=   -0.1024    axis=(  0.115168  0.371029  0.921452)
     C   20    Vyy=   -0.4595    axis=(  0.986248  0.067986 -0.150642)
     C   20    Vzz=    0.5619    axis=( -0.118538  0.926129 -0.358097)
     C   20  Q=         1.0000 1e-30 m^2  Cq=         1.3202 MHz  eta= 0.63558

     H   21    Vxx=   -0.0133    axis=( -0.537680  0.004778  0.843135)
     H   21    Vyy=   -0.7535    axis=( -0.329577 -0.921614 -0.204954)
     H   21    Vzz=    0.7667    axis=(  0.776066 -0.388077  0.497109)
     H   21  Q=         1.0000 1e-30 m^2  Cq=         1.8015 MHz  eta= 0.96535

     C   22    Vxx=    0.0057    axis=( -0.618170  0.629043  0.471351)
     C   22    Vyy=    0.5459    axis=( -0.723137 -0.690164 -0.027323)
     C   22    Vzz=   -0.5516    axis=(  0.308122 -0.357741  0.881523)
     C   22  Q=         1.0000 1e-30 m^2  Cq=        -1.2961 MHz  eta= 0.97929

     C   23    Vxx=   -0.0492    axis=( -0.493404  0.197428  0.847098)
     C   23    Vyy=   -0.7692    axis=(  0.844164  0.343399  0.411661)
     C   23    Vzz=    0.8184    axis=(  0.209619 -0.918204  0.336096)
     C   23  Q=         1.0000 1e-30 m^2  Cq=         1.9228 MHz  eta= 0.87979

     Cl  24    Vxx=   -0.5966    axis=(  0.823853 -0.309283  0.474985)
     Cl  24    Vyy=   -2.9532    axis=( -0.313084  0.450248  0.836214)
     Cl  24    Vzz=    3.5498    axis=( -0.472488 -0.837628  0.274107)
     Cl  24  Q=        -8.1650 1e-30 m^2  Cq=       -68.1010 MHz  eta= 0.66389

     Initialization:
     gipaw_setup  :      9.54s CPU     11.14s WALL (       1 calls)

     Linear response

     Apply operators

     Induced current

     Other routines
     efg          :      9.62s CPU     12.14s WALL (       1 calls)

     General routines
     calbec       :      3.50s CPU      4.92s WALL (      16 calls)
     fft          :      1.36s CPU      1.62s WALL (      15 calls)
     ffts         :      0.02s CPU      0.03s WALL (       2 calls)
     fftw         :      3.40s CPU      3.90s WALL (     672 calls)
     davcio       :      0.02s CPU      0.32s WALL (      32 calls)

     Parallel routines
     fft_scatter  :      2.03s CPU      2.72s WALL (     689 calls)

     Plugins

     GIPAW        :     61.85s CPU     74.31s WALL (       1 calls)
