
     Program QE v.6.0 (svn rev. 13079) starts on 16Dec2016 at 15:52:10 

     This program is part of the open-source Quantum ESPRESSO suite
     for quantum simulation of materials; please cite
         "P. Giannozzi et al., J. Phys.:Condens. Matter 21 395502 (2009);
          URL http://www.quantum-espresso.org", 
     in publications or presentations arising from this work. More details at
     http://www.quantum-espresso.org/quote

     Parallel version (MPI), running on     8 processors
     R & G space division:  proc/nbgrp/npool/nimage =       8

     ***** This is GIPAW svn revision unknown      *****

     Parallelizing q-star over 1 images

     Reading data from directory:
     /users/majewski/paradichlorobenzene/pbe/9_constraint/scratch/pbe.ecut100.np8.dt60.pcl2phi-129368.save
     Message from routine read_xml_file:
     file /users/majewski/paradichlorobenzene/pbe/9_constraint/scratch/pbe.ecut100.np8.dt60.pcl2phi-129368.save not guaranteed to be safe for post-processing

   Info: using nr1, nr2, nr3 values from input

   Info: using nr1, nr2, nr3 values from input

     IMPORTANT: XC functional enforced from input :
     Exchange-correlation      =  SLA  PW   PBX  PBC ( 1  4  3  4 0 0)
     Any further DFT definition will be discarded
     Please, verify this is what you really want

               file C.pbe-n-kjpaw_psl.1.0.0.UPF: wavefunction(s)  2S 2P renormalized
               file Cl.pbe-n-kjpaw_psl.1.0.0.UPF: wavefunction(s)  3S 3P renormalized
               file H.pbe-kjpaw_psl.1.0.0.UPF: wavefunction(s)  1S renormalized

     Parallelization info
     --------------------
     sticks:   dense  smooth     PW     G-vecs:    dense   smooth      PW
     Min        3057    1223    332               144436    36536    5170
     Max        3059    1225    333               144437    36537    5171
     Sum       24467    9791   2657              1155489   292295   41363


     Subspace diagonalization in iterative solution of the eigenvalue problem:
     a serial algorithm will be used

     GIPAW projectors -----------------------------------------------
     atom=  C    l=0  rc=    1.2000  rs=    0.8000
     atom=  C    l=0  rc=    1.2000  rs=    0.8000
     atom=  C    l=1  rc=    1.4000  rs=    0.9333
     atom=  C    l=1  rc=    1.4000  rs=    0.9333
     projs nearly linearly dependent: l=1  n1,n2= 1, 2  s=  0.99951561

     atom=  Cl   l=0  rc=    1.6000  rs=    1.0667
     atom=  Cl   l=0  rc=    1.6000  rs=    1.0667
     atom=  Cl   l=1  rc=    1.6000  rs=    1.0667
     atom=  Cl   l=1  rc=    1.6000  rs=    1.0667
     atom=  Cl   l=2  rc=    1.6000  rs=    1.0667
     atom=  Cl   l=2  rc=    1.6000  rs=    1.0667
     projs nearly linearly dependent: l=2  n1,n2= 1, 2  s=  0.99993509

     atom=  H    l=0  rc=    1.0000  rs=    0.6667
     atom=  H    l=0  rc=    1.0000  rs=    0.6667
     projs nearly linearly dependent: l=0  n1,n2= 1, 2  s=  0.99968852
     -----------------------------------------------------------------

     GIPAW integrals: -------------------------------------------
     Atom  i/j   nmr_para   nmr_dia   epr_rmc  epr_para   epr_dia
       C   1 1   0.83E+03  0.17E-01  0.93E+01  0.24E+08  0.24E+03
       C   2 1   0.86E+03 -0.61E-01  0.94E+01  0.25E+08  0.25E+03
       C   2 2   0.90E+03 -0.15E+00  0.97E+01  0.26E+08  0.26E+03
       C   3 3   0.33E+01  0.34E+00  0.18E+01  0.55E+03  0.21E+02
       C   4 3   0.35E+01  0.37E+00  0.20E+01  0.59E+03  0.22E+02
       C   4 4   0.38E+01  0.39E+00  0.22E+01  0.63E+03  0.24E+02
       Cl  1 1   0.14E+04 -0.47E+00  0.84E+01  0.32E+09  0.42E+03
       Cl  2 1   0.21E+04 -0.37E+00  0.12E+02  0.49E+09  0.65E+03
       Cl  2 2   0.33E+04 -0.16E+00  0.21E+02  0.76E+09  0.10E+04
       Cl  3 3   0.21E+02  0.79E-01  0.89E+01  0.23E+05  0.13E+03
       Cl  4 3   0.24E+02  0.67E-01  0.99E+01  0.27E+05  0.15E+03
       Cl  4 4   0.28E+02  0.44E-01  0.11E+02  0.32E+05  0.18E+03
       Cl  5 5   0.77E+00  0.19E+00  0.18E+01  0.12E+03  0.22E+02
       Cl  6 5   0.80E+00  0.19E+00  0.19E+01  0.12E+03  0.23E+02
       Cl  6 6   0.83E+00  0.20E+00  0.19E+01  0.12E+03  0.23E+02
       H   1 1   0.39E+02  0.19E+00  0.29E+00  0.78E+05  0.13E+02
       H   2 1   0.41E+02  0.21E+00  0.32E+00  0.82E+05  0.14E+02
       H   2 2   0.43E+02  0.22E+00  0.36E+00  0.86E+05  0.15E+02
     ------------------------------------------------------------

     alpha_pv=     33.5854 eV

     Number of occupied bands for each k-point:
     k-point:     1    nbnd_occ=  42
     k-point:     2    nbnd_occ=  42
     k-point:     3    nbnd_occ=  42
     k-point:     4    nbnd_occ=  42
     k-point:     5    nbnd_occ=  42
     k-point:     6    nbnd_occ=  42
     k-point:     7    nbnd_occ=  42
     k-point:     8    nbnd_occ=  42
     k-point:     9    nbnd_occ=  42
     k-point:    10    nbnd_occ=  42
     k-point:    11    nbnd_occ=  42
     k-point:    12    nbnd_occ=  42
     k-point:    13    nbnd_occ=  42
     k-point:    14    nbnd_occ=  42
     k-point:    15    nbnd_occ=  42
     k-point:    16    nbnd_occ=  42


     q-space interpolation up to   110.00 Rydberg

     GIPAW job: efg                                                                             


     ELECTRIC FIELD GRADIENTS TENSORS IN Hartree/bohrradius^2:

     ----- bare term -----
     Cl   1        0.058037        0.028498        0.091834
     Cl   1        0.028498       -0.007822       -0.104367
     Cl   1        0.091834       -0.104367       -0.050215

     C    2       -0.732971        0.214245       -0.205832
     C    2        0.214245        0.236064       -0.108750
     C    2       -0.205832       -0.108750        0.496907

     C    3        0.348369       -0.038476        0.219666
     C    3       -0.038476       -0.252628       -0.120285
     C    3        0.219666       -0.120285       -0.095741

     H    4       -0.334018       -0.264611        0.272830
     H    4       -0.264611        0.206362        0.028855
     H    4        0.272830        0.028855        0.127656

     C    5       -0.435147        0.201846       -0.188801
     C    5        0.201846        0.218727        0.033121
     C    5       -0.188801        0.033121        0.216420

     H    6        0.216856       -0.379207        0.223289
     H    6       -0.379207       -0.468836        0.192432
     H    6        0.223289        0.192432        0.251980

     H    7        0.410787        0.118682       -0.070021
     H    7        0.118682       -0.496880        0.563364
     H    7       -0.070021        0.563364        0.086094

     C    8       -0.166128       -0.283758       -0.222963
     C    8       -0.283758       -0.046341        0.502085
     C    8       -0.222963        0.502085        0.212468

     H    9        0.019012        0.095533       -0.454449
     H    9        0.095533        0.375941       -0.134570
     H    9       -0.454449       -0.134570       -0.394953

     C   10       -0.327160       -0.303106       -0.296611
     C   10       -0.303106       -0.100086        0.418991
     C   10       -0.296611        0.418991        0.427245

     C   11       -0.213229        0.139960       -0.330348
     C   11        0.139960       -0.046493        0.686106
     C   11       -0.330348        0.686106        0.259722

     Cl  12        0.014194       -0.158526        0.014260
     Cl  12       -0.158526       -0.011145       -0.015034
     Cl  12        0.014260       -0.015034       -0.003049

     H   13        0.322753       -0.386477        0.085637
     H   13       -0.386477       -0.664444        0.060489
     H   13        0.085637        0.060489        0.341691

     C   14       -0.104796        0.235012       -0.166635
     C   14        0.235012       -0.050259       -0.451315
     C   14       -0.166635       -0.451315        0.155055

     H   15       -0.379597       -0.350785        0.226034
     H   15       -0.350785        0.201708        0.089949
     H   15        0.226034        0.089949        0.177889

     C   16       -0.305000        0.210052       -0.051728
     C   16        0.210052       -0.013650       -0.226207
     C   16       -0.051728       -0.226207        0.318650

     C   17       -0.018248       -0.134483       -0.338561
     C   17       -0.134483       -0.100595       -0.550263
     C   17       -0.338561       -0.550263        0.118843

     Cl  18       -0.218887        0.151408        0.045714
     Cl  18        0.151408        0.021156       -0.161323
     Cl  18        0.045714       -0.161323        0.197732

     H   19        0.468878       -0.010999       -0.218181
     H   19       -0.010999       -0.123110        0.342926
     H   19       -0.218181        0.342926       -0.345768

     C   20       -0.526651       -0.330917       -0.120515
     C   20       -0.330917        0.157137        0.405913
     C   20       -0.120515        0.405913        0.369515

     H   21        0.051671       -0.097029       -0.481003
     H   21       -0.097029        0.046144       -0.244791
     H   21       -0.481003       -0.244791       -0.097814

     C   22        0.193289       -0.114775       -0.081746
     C   22       -0.114775       -0.112403        0.377752
     C   22       -0.081746        0.377752       -0.080886

     C   23       -0.120629       -0.167516       -0.242538
     C   23       -0.167516       -0.023856        0.031209
     C   23       -0.242538        0.031209        0.144484

     Cl  24        0.075920        0.038802        0.040660
     Cl  24        0.038802       -0.083590       -0.187334
     Cl  24        0.040660       -0.187334        0.007670

     ----- ionic term -----
     Cl   1        0.133922       -0.176290       -0.003204
     Cl   1       -0.176290        0.012391        0.002440
     Cl   1       -0.003204        0.002440       -0.146313

     C    2        0.326850        0.059717        0.085800
     C    2        0.059717        0.270206        0.263642
     C    2        0.085800        0.263642       -0.597056

     C    3        0.204757       -0.055138        0.033469
     C    3       -0.055138        0.350759        0.307082
     C    3        0.033469        0.307082       -0.555516

     H    4        0.840141        0.509916        0.310349
     H    4        0.509916       -0.263880        0.157060
     H    4        0.310349        0.157060       -0.576261

     C    5        0.391916        0.001235        0.040820
     C    5        0.001235        0.176318        0.237499
     C    5        0.040820        0.237499       -0.568233

     H    6       -0.437310        0.341420        0.089491
     H    6        0.341420        0.885854        0.423167
     H    6        0.089491        0.423167       -0.448544

     H    7       -0.544264       -0.005618        0.007773
     H    7       -0.005618        0.413785       -0.780554
     H    7        0.007773       -0.780554        0.130479

     C    8        0.084842        0.237598        0.307553
     C    8        0.237598        0.053915       -0.266672
     C    8        0.307553       -0.266672       -0.138757

     H    9        0.268590       -0.007416        0.795478
     H    9       -0.007416       -0.534793       -0.072496
     H    9        0.795478       -0.072496        0.266203

     C   10       -0.013256        0.275954        0.269482
     C   10        0.275954        0.138331       -0.325456
     C   10        0.269482       -0.325456       -0.125075

     C   11        0.108923        0.182587        0.335976
     C   11        0.182587        0.086242       -0.372096
     C   11        0.335976       -0.372096       -0.195165

     Cl  12        0.091405        0.182199        0.021941
     Cl  12        0.182199        0.060649        0.005017
     Cl  12        0.021941        0.005017       -0.152054

     H   13       -0.502225        0.226613        0.067993
     H   13        0.226613        0.887771        0.500886
     H   13        0.067993        0.500886       -0.385546

     C   14        0.418005       -0.042816        0.021768
     C   14       -0.042816        0.170895        0.249891
     C   14        0.021768        0.249891       -0.588900

     H   15        0.991785        0.301739        0.161119
     H   15        0.301739       -0.401091        0.090845
     H   15        0.161119        0.090845       -0.590694

     C   16        0.262080       -0.153130       -0.020418
     C   16       -0.153130        0.320331        0.279694
     C   16       -0.020418        0.279694       -0.582410

     C   17        0.293344        0.003708        0.040805
     C   17        0.003708        0.305928        0.290500
     C   17        0.040805        0.290500       -0.599272

     Cl  18        0.113624       -0.183951       -0.044631
     Cl  18       -0.183951        0.030166        0.029135
     Cl  18       -0.044631        0.029135       -0.143790

     H   19       -0.505636       -0.160579        0.102916
     H   19       -0.160579        0.638873       -0.689592
     H   19        0.102916       -0.689592       -0.133237

     C   20        0.169300        0.192336        0.322319
     C   20        0.192336        0.116020       -0.267925
     C   20        0.322319       -0.267925       -0.285320

     H   21        0.607004       -0.221046        0.705764
     H   21       -0.221046       -0.420634       -0.213816
     H   21        0.705764       -0.213816       -0.186370

     C   22        0.012723        0.217890        0.241681
     C   22        0.217890        0.328220       -0.401487
     C   22        0.241681       -0.401487       -0.340943

     C   23        0.035727        0.203036        0.331186
     C   23        0.203036        0.209825       -0.402370
     C   23        0.331186       -0.402370       -0.245552

     Cl  24        0.138068        0.223955        0.013456
     Cl  24        0.223955        0.015385       -0.001473
     Cl  24        0.013456       -0.001473       -0.153453

     ----- GIPAW term -----
     Cl   1       -0.463315       -1.418673       -0.088121
     Cl   1       -1.418673       -0.520596        1.477587
     Cl   1       -0.088121        1.477587        0.983910

     C    2       -0.135535       -0.004128        0.038726
     C    2       -0.004128       -0.017761        0.106545
     C    2        0.038726        0.106545        0.153296

     C    3        0.029407       -0.012083        0.030893
     C    3       -0.012083        0.016114        0.035013
     C    3        0.030893        0.035013       -0.045521

     H    4       -0.000000        0.000000        0.000000
     H    4        0.000000        0.000000        0.000000
     H    4        0.000000        0.000000        0.000000

     C    5       -0.040261        0.005669       -0.025567
     C    5        0.005669        0.004685        0.031332
     C    5       -0.025567        0.031332        0.035576

     H    6       -0.000000        0.000000        0.000000
     H    6        0.000000        0.000000        0.000000
     H    6        0.000000        0.000000        0.000000

     H    7       -0.000000        0.000000        0.000000
     H    7        0.000000        0.000000        0.000000
     H    7        0.000000        0.000000        0.000000

     C    8       -0.061927       -0.152020       -0.044797
     C    8       -0.152020        0.151131        0.168970
     C    8       -0.044797        0.168970       -0.089204

     H    9       -0.000000        0.000000        0.000000
     H    9        0.000000        0.000000        0.000000
     H    9        0.000000        0.000000        0.000000

     C   10       -0.091309       -0.052694       -0.070090
     C   10       -0.052694        0.025138        0.053886
     C   10       -0.070090        0.053886        0.066170

     C   11       -0.038263        0.159773       -0.039295
     C   11        0.159773        0.028362        0.219941
     C   11       -0.039295        0.219941        0.009900

     Cl  12        1.701113        1.203885        0.116915
     Cl  12        1.203885        0.062732       -0.121730
     Cl  12        0.116915       -0.121730       -1.763844

     H   13       -0.000000        0.000000        0.000000
     H   13        0.000000        0.000000        0.000000
     H   13        0.000000        0.000000        0.000000

     C   14       -0.059406        0.141142       -0.038550
     C   14        0.141142        0.162204       -0.165461
     C   14       -0.038550       -0.165461       -0.102797

     H   15       -0.000000        0.000000        0.000000
     H   15        0.000000        0.000000        0.000000
     H   15        0.000000        0.000000        0.000000

     C   16       -0.100585        0.050093       -0.040741
     C   16        0.050093        0.064275       -0.119534
     C   16       -0.040741       -0.119534        0.036310

     C   17       -0.010343       -0.166416       -0.058909
     C   17       -0.166416        0.139032        0.015404
     C   17       -0.058909        0.015404       -0.128688

     Cl  18       -0.053059       -1.733981        0.338162
     Cl  18       -1.733981        0.307524       -1.442829
     Cl  18        0.338162       -1.442829       -0.254465

     H   19       -0.000000        0.000000        0.000000
     H   19        0.000000        0.000000        0.000000
     H   19        0.000000        0.000000        0.000000

     C   20       -0.178753       -0.017655        0.020042
     C   20       -0.017655        0.095040        0.225377
     C   20        0.020042        0.225377        0.083713

     H   21       -0.000000        0.000000        0.000000
     H   21        0.000000        0.000000        0.000000
     H   21        0.000000        0.000000        0.000000

     C   22       -0.034069       -0.020350       -0.012823
     C   22       -0.020350        0.089810        0.078947
     C   22       -0.012823        0.078947       -0.055741

     C   23       -0.006765       -0.016021       -0.041251
     C   23       -0.016021        0.018724        0.035931
     C   23       -0.041251        0.035931       -0.011959

     Cl  24       -0.106009        0.222236       -0.868061
     Cl  24        0.222236        0.506310        1.563927
     Cl  24       -0.868061        1.563927       -0.400302

     ----- total EFG -----
     Cl   1       -0.271356       -1.566465        0.000508
     Cl   1       -1.566465       -0.516026        1.375660
     Cl   1        0.000508        1.375660        0.787382

     C    2       -0.541656        0.269834       -0.081306
     C    2        0.269834        0.488509        0.261437
     C    2       -0.081306        0.261437        0.053147

     C    3        0.582533       -0.105697        0.284028
     C    3       -0.105697        0.114245        0.221810
     C    3        0.284028        0.221810       -0.696778

     H    4        0.506123        0.245305        0.583179
     H    4        0.245305       -0.057518        0.185915
     H    4        0.583179        0.185915       -0.448605

     C    5       -0.083492        0.208750       -0.173548
     C    5        0.208750        0.399730        0.301952
     C    5       -0.173548        0.301952       -0.316238

     H    6       -0.220453       -0.037787        0.312780
     H    6       -0.037787        0.417018        0.615599
     H    6        0.312780        0.615599       -0.196564

     H    7       -0.133477        0.113064       -0.062248
     H    7        0.113064       -0.083096       -0.217189
     H    7       -0.062248       -0.217189        0.216573

     C    8       -0.143213       -0.198181        0.039792
     C    8       -0.198181        0.158705        0.404383
     C    8        0.039792        0.404383       -0.015492

     H    9        0.287602        0.088117        0.341029
     H    9        0.088117       -0.158852       -0.207066
     H    9        0.341029       -0.207066       -0.128750

     C   10       -0.431725       -0.079846       -0.097219
     C   10       -0.079846        0.063384        0.147421
     C   10       -0.097219        0.147421        0.368340

     C   11       -0.142568        0.482319       -0.033667
     C   11        0.482319        0.068112        0.533951
     C   11       -0.033667        0.533951        0.074457

     Cl  12        1.806712        1.227558        0.153116
     Cl  12        1.227558        0.112236       -0.131747
     Cl  12        0.153116       -0.131747       -1.918948

     H   13       -0.179471       -0.159863        0.153630
     H   13       -0.159863        0.223327        0.561374
     H   13        0.153630        0.561374       -0.043855

     C   14        0.253802        0.333338       -0.183417
     C   14        0.333338        0.282839       -0.366886
     C   14       -0.183417       -0.366886       -0.536642

     H   15        0.612188       -0.049045        0.387154
     H   15       -0.049045       -0.199383        0.180794
     H   15        0.387154        0.180794       -0.412805

     C   16       -0.143506        0.107016       -0.112887
     C   16        0.107016        0.370956       -0.066047
     C   16       -0.112887       -0.066047       -0.227450

     C   17        0.264753       -0.297191       -0.356665
     C   17       -0.297191        0.344364       -0.244359
     C   17       -0.356665       -0.244359       -0.609117

     Cl  18       -0.158322       -1.766524        0.339245
     Cl  18       -1.766524        0.358846       -1.575016
     Cl  18        0.339245       -1.575016       -0.200524

     H   19       -0.036758       -0.171578       -0.115265
     H   19       -0.171578        0.515763       -0.346666
     H   19       -0.115265       -0.346666       -0.479004

     C   20       -0.536104       -0.156235        0.221846
     C   20       -0.156235        0.368196        0.363364
     C   20        0.221846        0.363364        0.167908

     H   21        0.658675       -0.318075        0.224761
     H   21       -0.318075       -0.374491       -0.458607
     H   21        0.224761       -0.458607       -0.284184

     C   22        0.171943        0.082765        0.147112
     C   22        0.082765        0.305627        0.055212
     C   22        0.147112        0.055212       -0.477570

     C   23       -0.091666        0.019499        0.047397
     C   23        0.019499        0.204693       -0.335230
     C   23        0.047397       -0.335230       -0.113027

     Cl  24        0.107980        0.484993       -0.813945
     Cl  24        0.484993        0.438105        1.375120
     Cl  24       -0.813945        1.375120       -0.546085

     ----- total EFG (symmetrized) -----
     Cl   1       -0.271356       -1.566465        0.000508
     Cl   1       -1.566465       -0.516026        1.375660
     Cl   1        0.000508        1.375660        0.787382

     C    2       -0.541656        0.269834       -0.081306
     C    2        0.269834        0.488509        0.261437
     C    2       -0.081306        0.261437        0.053147

     C    3        0.582533       -0.105697        0.284028
     C    3       -0.105697        0.114245        0.221810
     C    3        0.284028        0.221810       -0.696778

     H    4        0.506123        0.245305        0.583179
     H    4        0.245305       -0.057518        0.185915
     H    4        0.583179        0.185915       -0.448605

     C    5       -0.083492        0.208750       -0.173548
     C    5        0.208750        0.399730        0.301952
     C    5       -0.173548        0.301952       -0.316238

     H    6       -0.220453       -0.037787        0.312780
     H    6       -0.037787        0.417018        0.615599
     H    6        0.312780        0.615599       -0.196564

     H    7       -0.133477        0.113064       -0.062248
     H    7        0.113064       -0.083096       -0.217189
     H    7       -0.062248       -0.217189        0.216573

     C    8       -0.143213       -0.198181        0.039792
     C    8       -0.198181        0.158705        0.404383
     C    8        0.039792        0.404383       -0.015492

     H    9        0.287602        0.088117        0.341029
     H    9        0.088117       -0.158852       -0.207066
     H    9        0.341029       -0.207066       -0.128750

     C   10       -0.431725       -0.079846       -0.097219
     C   10       -0.079846        0.063384        0.147421
     C   10       -0.097219        0.147421        0.368340

     C   11       -0.142568        0.482319       -0.033667
     C   11        0.482319        0.068112        0.533951
     C   11       -0.033667        0.533951        0.074457

     Cl  12        1.806712        1.227558        0.153116
     Cl  12        1.227558        0.112236       -0.131747
     Cl  12        0.153116       -0.131747       -1.918948

     H   13       -0.179471       -0.159863        0.153630
     H   13       -0.159863        0.223327        0.561374
     H   13        0.153630        0.561374       -0.043855

     C   14        0.253802        0.333338       -0.183417
     C   14        0.333338        0.282839       -0.366886
     C   14       -0.183417       -0.366886       -0.536642

     H   15        0.612188       -0.049045        0.387154
     H   15       -0.049045       -0.199383        0.180794
     H   15        0.387154        0.180794       -0.412805

     C   16       -0.143506        0.107016       -0.112887
     C   16        0.107016        0.370956       -0.066047
     C   16       -0.112887       -0.066047       -0.227450

     C   17        0.264753       -0.297191       -0.356665
     C   17       -0.297191        0.344364       -0.244359
     C   17       -0.356665       -0.244359       -0.609117

     Cl  18       -0.158322       -1.766524        0.339245
     Cl  18       -1.766524        0.358846       -1.575016
     Cl  18        0.339245       -1.575016       -0.200524

     H   19       -0.036758       -0.171578       -0.115265
     H   19       -0.171578        0.515763       -0.346666
     H   19       -0.115265       -0.346666       -0.479004

     C   20       -0.536104       -0.156235        0.221846
     C   20       -0.156235        0.368196        0.363364
     C   20        0.221846        0.363364        0.167908

     H   21        0.658675       -0.318075        0.224761
     H   21       -0.318075       -0.374491       -0.458607
     H   21        0.224761       -0.458607       -0.284184

     C   22        0.171943        0.082765        0.147112
     C   22        0.082765        0.305627        0.055212
     C   22        0.147112        0.055212       -0.477570

     C   23       -0.091666        0.019499        0.047397
     C   23        0.019499        0.204693       -0.335230
     C   23        0.047397       -0.335230       -0.113027

     Cl  24        0.107980        0.484993       -0.813945
     Cl  24        0.484993        0.438105        1.375120
     Cl  24       -0.813945        1.375120       -0.546085


     NQR/NMR SPECTROSCOPIC PARAMETERS:
     Cl   1    Vxx=    0.2759    axis=(  0.706887 -0.246737  0.662896)
     Cl   1    Vyy=    2.0459    axis=( -0.415048  0.614189  0.671198)
     Cl   1    Vzz=   -2.3218    axis=(  0.572753  0.749595 -0.331755)
     Cl   1  Q=        -8.1650 1e-30 m^2  Cq=        44.5421 MHz  eta= 0.76235

     C    2    Vxx=   -0.0106    axis=( -0.296811 -0.312256  0.902441)
     C    2    Vyy=   -0.6390    axis=( -0.937719  0.273946 -0.213626)
     C    2    Vzz=    0.6496    axis=( -0.180514 -0.909643 -0.374119)
     C    2  Q=         1.0000 1e-30 m^2  Cq=         1.5263 MHz  eta= 0.96745

     C    3    Vxx=    0.1689    axis=( -0.062480 -0.961696 -0.266901)
     C    3    Vyy=    0.6494    axis=( -0.975606  0.115241 -0.186851)
     C    3    Vzz=   -0.8184    axis=( -0.210452 -0.248716  0.945437)
     C    3  Q=         1.0000 1e-30 m^2  Cq=        -1.9228 MHz  eta= 0.58713

     H    4    Vxx=   -0.1482    axis=(  0.321122 -0.946285  0.037754)
     H    4    Vyy=   -0.7313    axis=(  0.407447  0.102060 -0.907508)
     H    4    Vzz=    0.8795    axis=(  0.854908  0.306803  0.418335)
     H    4  Q=         1.0000 1e-30 m^2  Cq=         2.0665 MHz  eta= 0.66305

     C    5    Vxx=    0.0066    axis=(  0.855313 -0.058790 -0.514765)
     C    5    Vyy=    0.5428    axis=( -0.232724 -0.931266 -0.280327)
     C    5    Vzz=   -0.5494    axis=(  0.462903 -0.359566  0.810206)
     C    5  Q=         1.0000 1e-30 m^2  Cq=        -1.2909 MHz  eta= 0.97594

     H    6    Vxx=   -0.0772    axis=(  0.860900 -0.369635  0.349603)
     H    6    Vyy=   -0.7388    axis=(  0.490754  0.422041 -0.762261)
     H    6    Vzz=    0.8160    axis=(  0.134212  0.827799  0.544734)
     H    6  Q=         1.0000 1e-30 m^2  Cq=         1.9172 MHz  eta= 0.81075

     H    7    Vxx=   -0.1051    axis=(  0.776433  0.442286  0.448927)
     H    7    Vyy=   -0.2497    axis=(  0.590858 -0.758649 -0.274479)
     H    7    Vzz=    0.3548    axis=( -0.219180 -0.478366  0.850368)
     H    7  Q=         1.0000 1e-30 m^2  Cq=         0.8336 MHz  eta= 0.40776

     C    8    Vxx=   -0.0804    axis=(  0.843619 -0.164974  0.510970)
     C    8    Vyy=   -0.4315    axis=( -0.497609 -0.597729  0.628574)
     C    8    Vzz=    0.5119    axis=( -0.201723  0.784541  0.586348)
     C    8  Q=         1.0000 1e-30 m^2  Cq=         1.2027 MHz  eta= 0.68604

     H    9    Vxx=   -0.0025    axis=(  0.317792  0.816846 -0.481426)
     H    9    Vyy=   -0.4775    axis=( -0.387371  0.575292  0.720405)
     H    9    Vzz=    0.4800    axis=(  0.865420 -0.042448  0.499246)
     H    9  Q=         1.0000 1e-30 m^2  Cq=         1.1278 MHz  eta= 0.98945

     C   10    Vxx=    0.0068    axis=( -0.079224  0.915456 -0.394542)
     C   10    Vyy=    0.4445    axis=( -0.136239  0.382129  0.914011)
     C   10    Vzz=   -0.4512    axis=(  0.987503  0.126164  0.094447)
     C   10  Q=         1.0000 1e-30 m^2  Cq=        -1.0602 MHz  eta= 0.97004

     C   11    Vxx=   -0.0097    axis=( -0.722352 -0.151888  0.674639)
     C   11    Vyy=   -0.7259    axis=( -0.578593  0.667050 -0.469335)
     C   11    Vzz=    0.7356    axis=( -0.378731 -0.729366 -0.569726)
     C   11  Q=         1.0000 1e-30 m^2  Cq=         1.7285 MHz  eta= 0.97361

     Cl  12    Vxx=   -0.5071    axis=( -0.457763  0.879267 -0.131696)
     Cl  12    Vyy=   -1.9452    axis=( -0.076064  0.108852  0.991144)
     Cl  12    Vzz=    2.4523    axis=( -0.885815 -0.463726 -0.017052)
     Cl  12  Q=        -8.1650 1e-30 m^2  Cq=       -47.0459 MHz  eta= 0.58641

     H   13    Vxx=   -0.0662    axis=(  0.886066 -0.257795  0.385265)
     H   13    Vyy=   -0.6018    axis=( -0.462042 -0.558335  0.689042)
     H   13    Vzz=    0.6679    axis=( -0.037475  0.788545  0.613834)
     H   13  Q=         1.0000 1e-30 m^2  Cq=         1.5693 MHz  eta= 0.80189

     C   14    Vxx=   -0.0452    axis=(  0.777424 -0.607409  0.163298)
     C   14    Vyy=   -0.6803    axis=( -0.064783 -0.335571 -0.939785)
     C   14    Vzz=    0.7255    axis=(  0.625632  0.720032 -0.300231)
     C   14  Q=         1.0000 1e-30 m^2  Cq=         1.7045 MHz  eta= 0.87548

     H   15    Vxx=   -0.1173    axis=(  0.139014 -0.915354 -0.377892)
     H   15    Vyy=   -0.6248    axis=(  0.287925  0.402472 -0.868974)
     H   15    Vzz=    0.7421    axis=(  0.947509  0.011995  0.319503)
     H   15  Q=         1.0000 1e-30 m^2  Cq=         1.7437 MHz  eta= 0.68389

     C   16    Vxx=   -0.0986    axis=(  0.788382 -0.258216 -0.558371)
     C   16    Vyy=   -0.3060    axis=(  0.575491 -0.011194  0.817732)
     C   16    Vzz=    0.4046    axis=( -0.217402 -0.966022  0.139775)
     C   16  Q=         1.0000 1e-30 m^2  Cq=         0.9506 MHz  eta= 0.51258

     C   17    Vxx=    0.2241    axis=(  0.628808  0.631090 -0.454232)
     C   17    Vyy=    0.6073    axis=(  0.686896 -0.724607 -0.055844)
     C   17    Vzz=   -0.8314    axis=(  0.364382  0.276895  0.889131)
     C   17  Q=         1.0000 1e-30 m^2  Cq=        -1.9534 MHz  eta= 0.46083

     Cl  18    Vxx=   -0.5188    axis=(  0.663134 -0.008413 -0.748453)
     Cl  18    Vyy=   -2.1095    axis=(  0.544118  0.692071  0.474312)
     Cl  18    Vzz=    2.6283    axis=( -0.513993  0.721780 -0.463514)
     Cl  18  Q=        -8.1650 1e-30 m^2  Cq=       -50.4220 MHz  eta= 0.60521

     H   19    Vxx=   -0.0171    axis=(  0.944724  0.101333 -0.311814)
     H   19    Vyy=   -0.6326    axis=(  0.266865  0.314840  0.910856)
     H   19    Vzz=    0.6497    axis=(  0.190471 -0.943720  0.270395)
     H   19  Q=         1.0000 1e-30 m^2  Cq=         1.5266 MHz  eta= 0.94731

     C   20    Vxx=    0.0227    axis=(  0.436453 -0.550811  0.711419)
     C   20    Vyy=    0.6451    axis=(  0.009353  0.793440  0.608577)
     C   20    Vzz=   -0.6677    axis=( -0.899679 -0.258961  0.351450)
     C   20  Q=         1.0000 1e-30 m^2  Cq=        -1.5689 MHz  eta= 0.93208

     H   21    Vxx=   -0.0654    axis=(  0.459237  0.555696 -0.693040)
     H   21    Vyy=   -0.7957    axis=(  0.065091  0.757027  0.650134)
     H   21    Vzz=    0.8611    axis=(  0.885926 -0.343676  0.311483)
     H   21  Q=         1.0000 1e-30 m^2  Cq=         2.0232 MHz  eta= 0.84810

     C   22    Vxx=    0.1495    axis=(  0.849150 -0.504974  0.154742)
     C   22    Vyy=    0.3615    axis=(  0.486696  0.861944  0.142055)
     C   22    Vzz=   -0.5110    axis=( -0.205114 -0.045314  0.977689)
     C   22  Q=         1.0000 1e-30 m^2  Cq=        -1.2006 MHz  eta= 0.41474

     C   23    Vxx=   -0.0814    axis=(  0.979076  0.123129  0.162019)
     C   23    Vyy=   -0.3356    axis=( -0.202739  0.521557  0.828780)
     C   23    Vzz=    0.4170    axis=(  0.017545 -0.844286  0.535606)
     C   23  Q=         1.0000 1e-30 m^2  Cq=         0.9797 MHz  eta= 0.60969

     Cl  24    Vxx=    0.5370    axis=( -0.905751 -0.301594  0.297752)
     Cl  24    Vyy=    1.4117    axis=(  0.072015 -0.801866 -0.593148)
     Cl  24    Vzz=   -1.9488    axis=(  0.417647 -0.515802  0.748010)
     Cl  24  Q=        -8.1650 1e-30 m^2  Cq=        37.3864 MHz  eta= 0.44884

     Initialization:
     gipaw_setup  :      9.03s CPU     10.57s WALL (       1 calls)

     Linear response

     Apply operators

     Induced current

     Other routines
     efg          :      9.52s CPU     12.25s WALL (       1 calls)

     General routines
     calbec       :      3.40s CPU      4.51s WALL (      16 calls)
     fft          :      1.88s CPU      3.20s WALL (      15 calls)
     ffts         :      0.04s CPU      0.04s WALL (       2 calls)
     fftw         :      3.28s CPU      4.17s WALL (     672 calls)
     davcio       :      0.05s CPU      0.35s WALL (      32 calls)

     Parallel routines
     fft_scatter  :      2.55s CPU      4.38s WALL (     689 calls)

     Plugins

     GIPAW        :     60.66s CPU     78.89s WALL (       1 calls)
