
     Program QE v.6.0 (svn rev. 13079) starts on 23Jan2017 at 14: 1:40 

     This program is part of the open-source Quantum ESPRESSO suite
     for quantum simulation of materials; please cite
         "P. Giannozzi et al., J. Phys.:Condens. Matter 21 395502 (2009);
          URL http://www.quantum-espresso.org", 
     in publications or presentations arising from this work. More details at
     http://www.quantum-espresso.org/quote

     Parallel version (MPI), running on     8 processors
     R & G space division:  proc/nbgrp/npool/nimage =       8

     ***** This is GIPAW svn revision unknown      *****

     Parallelizing q-star over 1 images

     Reading data from directory:
     /users/majewski/paradichlorobenzene/pbe/9_constraint/scratch/pbe.ecut100.np8.dt60.pcl2phi-129368.save
     Message from routine read_xml_file:
     file /users/majewski/paradichlorobenzene/pbe/9_constraint/scratch/pbe.ecut100.np8.dt60.pcl2phi-129368.save not guaranteed to be safe for post-processing

   Info: using nr1, nr2, nr3 values from input

   Info: using nr1, nr2, nr3 values from input

     IMPORTANT: XC functional enforced from input :
     Exchange-correlation      =  SLA  PW   PBX  PBC ( 1  4  3  4 0 0)
     Any further DFT definition will be discarded
     Please, verify this is what you really want

               file C.pbe-n-kjpaw_psl.1.0.0.UPF: wavefunction(s)  2S 2P renormalized
               file Cl.pbe-n-kjpaw_psl.1.0.0.UPF: wavefunction(s)  3S 3P renormalized
               file H.pbe-kjpaw_psl.1.0.0.UPF: wavefunction(s)  1S renormalized

     Parallelization info
     --------------------
     sticks:   dense  smooth     PW     G-vecs:    dense   smooth      PW
     Min        3057    1223    332               144436    36536    5170
     Max        3059    1225    333               144437    36537    5171
     Sum       24467    9791   2657              1155489   292295   41363


     Subspace diagonalization in iterative solution of the eigenvalue problem:
     a serial algorithm will be used

     GIPAW projectors -----------------------------------------------
     atom=  C    l=0  rc=    1.2000  rs=    0.8000
     atom=  C    l=0  rc=    1.2000  rs=    0.8000
     atom=  C    l=1  rc=    1.4000  rs=    0.9333
     atom=  C    l=1  rc=    1.4000  rs=    0.9333
     projs nearly linearly dependent: l=1  n1,n2= 1, 2  s=  0.99951561

     atom=  Cl   l=0  rc=    1.6000  rs=    1.0667
     atom=  Cl   l=0  rc=    1.6000  rs=    1.0667
     atom=  Cl   l=1  rc=    1.6000  rs=    1.0667
     atom=  Cl   l=1  rc=    1.6000  rs=    1.0667
     atom=  Cl   l=2  rc=    1.6000  rs=    1.0667
     atom=  Cl   l=2  rc=    1.6000  rs=    1.0667
     projs nearly linearly dependent: l=2  n1,n2= 1, 2  s=  0.99993509

     atom=  H    l=0  rc=    1.0000  rs=    0.6667
     atom=  H    l=0  rc=    1.0000  rs=    0.6667
     projs nearly linearly dependent: l=0  n1,n2= 1, 2  s=  0.99968852
     -----------------------------------------------------------------

     GIPAW integrals: -------------------------------------------
     Atom  i/j   nmr_para   nmr_dia   epr_rmc  epr_para   epr_dia
       C   1 1   0.83E+03  0.17E-01  0.93E+01  0.24E+08  0.24E+03
       C   2 1   0.86E+03 -0.61E-01  0.94E+01  0.25E+08  0.25E+03
       C   2 2   0.90E+03 -0.15E+00  0.97E+01  0.26E+08  0.26E+03
       C   3 3   0.33E+01  0.34E+00  0.18E+01  0.55E+03  0.21E+02
       C   4 3   0.35E+01  0.37E+00  0.20E+01  0.59E+03  0.22E+02
       C   4 4   0.38E+01  0.39E+00  0.22E+01  0.63E+03  0.24E+02
       Cl  1 1   0.14E+04 -0.47E+00  0.84E+01  0.32E+09  0.42E+03
       Cl  2 1   0.21E+04 -0.37E+00  0.12E+02  0.49E+09  0.65E+03
       Cl  2 2   0.33E+04 -0.16E+00  0.21E+02  0.76E+09  0.10E+04
       Cl  3 3   0.21E+02  0.79E-01  0.89E+01  0.23E+05  0.13E+03
       Cl  4 3   0.24E+02  0.67E-01  0.99E+01  0.27E+05  0.15E+03
       Cl  4 4   0.28E+02  0.44E-01  0.11E+02  0.32E+05  0.18E+03
       Cl  5 5   0.77E+00  0.19E+00  0.18E+01  0.12E+03  0.22E+02
       Cl  6 5   0.80E+00  0.19E+00  0.19E+01  0.12E+03  0.23E+02
       Cl  6 6   0.83E+00  0.20E+00  0.19E+01  0.12E+03  0.23E+02
       H   1 1   0.39E+02  0.19E+00  0.29E+00  0.78E+05  0.13E+02
       H   2 1   0.41E+02  0.21E+00  0.32E+00  0.82E+05  0.14E+02
       H   2 2   0.43E+02  0.22E+00  0.36E+00  0.86E+05  0.15E+02
     ------------------------------------------------------------

     alpha_pv=     34.0102 eV

     Number of occupied bands for each k-point:
     k-point:     1    nbnd_occ=  42
     k-point:     2    nbnd_occ=  42
     k-point:     3    nbnd_occ=  42
     k-point:     4    nbnd_occ=  42
     k-point:     5    nbnd_occ=  42
     k-point:     6    nbnd_occ=  42
     k-point:     7    nbnd_occ=  42
     k-point:     8    nbnd_occ=  42
     k-point:     9    nbnd_occ=  42
     k-point:    10    nbnd_occ=  42
     k-point:    11    nbnd_occ=  42
     k-point:    12    nbnd_occ=  42
     k-point:    13    nbnd_occ=  42
     k-point:    14    nbnd_occ=  42
     k-point:    15    nbnd_occ=  42
     k-point:    16    nbnd_occ=  42


     q-space interpolation up to   110.00 Rydberg

     GIPAW job: efg                                                                             


     ELECTRIC FIELD GRADIENTS TENSORS IN Hartree/bohrradius^2:

     ----- bare term -----
     Cl   1        0.040716        0.102687       -0.044302
     Cl   1        0.102687        0.068677       -0.032249
     Cl   1       -0.044302       -0.032249       -0.109394

     C    2        0.056432        0.498006       -0.136027
     C    2        0.498006       -0.291655       -0.508707
     C    2       -0.136027       -0.508707        0.235223

     C    3       -0.127726        0.050510       -0.155282
     C    3        0.050510       -0.049109       -0.196182
     C    3       -0.155282       -0.196182        0.176835

     H    4       -0.295963       -0.430155        0.102860
     H    4       -0.430155        0.016810        0.133873
     H    4        0.102860        0.133873        0.279152

     C    5       -0.124317        0.349569       -0.249123
     C    5        0.349569       -0.236918       -0.300082
     C    5       -0.249123       -0.300082        0.361235

     H    6        0.411231       -0.274517        0.083997
     H    6       -0.274517       -0.644080        0.209521
     H    6        0.083997        0.209521        0.232849

     H    7        0.412400       -0.026393       -0.267059
     H    7       -0.026393       -0.193326        0.375738
     H    7       -0.267059        0.375738       -0.219074

     C    8       -0.450062       -0.312516       -0.107795
     C    8       -0.312516        0.068911        0.325529
     C    8       -0.107795        0.325529        0.381151

     H    9        0.126390        0.025816       -0.420270
     H    9        0.025816        0.339653       -0.179244
     H    9       -0.420270       -0.179244       -0.466042

     C   10       -0.002054        0.100547       -0.222835
     C   10        0.100547       -0.080670        0.537904
     C   10       -0.222835        0.537904        0.082723

     C   11       -0.331031       -0.375215       -0.057575
     C   11       -0.375215       -0.114697        0.425387
     C   11       -0.057575        0.425387        0.445728

     Cl  12       -0.033051        0.101005       -0.026932
     Cl  12        0.101005        0.059874        0.115233
     Cl  12       -0.026932        0.115233       -0.026824

     H   13        0.518614       -0.103290       -0.049122
     H   13       -0.103290       -0.618683        0.048859
     H   13       -0.049122        0.048859        0.100069

     C   14       -0.685368        0.050122       -0.277804
     C   14        0.050122        0.046457       -0.191752
     C   14       -0.277804       -0.191752        0.638911

     H   15       -0.372834       -0.442073       -0.027415
     H   15       -0.442073        0.231003        0.107444
     H   15       -0.027415        0.107444        0.141831

     C   16       -0.134456        0.366777        0.095942
     C   16        0.366777       -0.462360       -0.491292
     C   16        0.095942       -0.491292        0.596816

     C   17       -0.247029       -0.010801       -0.362848
     C   17       -0.010801       -0.008370       -0.387443
     C   17       -0.362848       -0.387443        0.255399

     Cl  18        0.038467        0.290474       -0.088360
     Cl  18        0.290474       -0.092153       -0.038317
     Cl  18       -0.088360       -0.038317        0.053686

     H   19        0.044374       -0.137384        0.378802
     H   19       -0.137384        0.043492        0.445079
     H   19        0.378802        0.445079       -0.087866

     C   20       -0.017040        0.136830       -0.518743
     C   20        0.136830       -0.026713        0.405785
     C   20       -0.518743        0.405785        0.043752

     H   21        0.048809        0.073643       -0.176758
     H   21        0.073643        0.524552        0.116758
     H   21       -0.176758        0.116758       -0.573361

     C   22        0.022555       -0.484456       -0.153317
     C   22       -0.484456       -0.308213        0.125852
     C   22       -0.153317        0.125852        0.285658

     C   23        0.137226        0.274479       -0.594103
     C   23        0.274479       -0.171480        0.578253
     C   23       -0.594103        0.578253        0.034255

     Cl  24       -0.071701       -0.315049       -0.153054
     Cl  24       -0.315049       -0.119525        0.044257
     Cl  24       -0.153054        0.044257        0.191226

     ----- ionic term -----
     Cl   1        0.144129       -0.185765       -0.006853
     Cl   1       -0.185765        0.009344       -0.003236
     Cl   1       -0.006853       -0.003236       -0.153473

     C    2        0.341448       -0.055250        0.145090
     C    2       -0.055250        0.197532        0.281818
     C    2        0.145090        0.281818       -0.538980

     C    3        0.225989       -0.104153        0.083234
     C    3       -0.104153        0.291795        0.308785
     C    3        0.083234        0.308785       -0.517784

     H    4        0.674419        0.565241        0.361980
     H    4        0.565241       -0.197590        0.236187
     H    4        0.361980        0.236187       -0.476830

     C    5        0.410296       -0.113924        0.138034
     C    5       -0.113924        0.141110        0.226154
     C    5        0.138034        0.226154       -0.551406

     H    6       -0.496656        0.027280        0.023755
     H    6        0.027280        0.976126        0.401266
     H    6        0.023755        0.401266       -0.479470

     H    7       -0.538745       -0.025510        0.048709
     H    7       -0.025510        0.517952       -0.766834
     H    7        0.048709       -0.766834        0.020793

     C    8        0.148358        0.234359        0.420765
     C    8        0.234359       -0.004558       -0.263205
     C    8        0.420765       -0.263205       -0.143800

     H    9        0.192861       -0.230847        0.774810
     H    9       -0.230847       -0.449317       -0.301208
     H    9        0.774810       -0.301208        0.256456

     C   10       -0.043786        0.288353        0.250225
     C   10        0.288353        0.156382       -0.383196
     C   10        0.250225       -0.383196       -0.112596

     C   11        0.025668        0.322917        0.299768
     C   11        0.322917        0.071845       -0.396077
     C   11        0.299768       -0.396077       -0.097513

     Cl  12        0.123664        0.249847       -0.000471
     Cl  12        0.249847        0.035020        0.005447
     Cl  12       -0.000471        0.005447       -0.158684

     H   13       -0.491244        0.187585        0.062380
     H   13        0.187585        0.875774        0.512905
     H   13        0.062380        0.512905       -0.384529

     C   14        0.442642       -0.105188        0.147989
     C   14       -0.105188        0.119374        0.235346
     C   14        0.147989        0.235346       -0.562016

     H   15        0.718330        0.404593        0.555420
     H   15        0.404593       -0.328003        0.221166
     H   15        0.555420        0.221166       -0.390326

     C   16        0.263544       -0.182680        0.139710
     C   16       -0.182680        0.258892        0.295437
     C   16        0.139710        0.295437       -0.522436

     C   17        0.300781       -0.109650        0.207236
     C   17       -0.109650        0.259266        0.264736
     C   17        0.207236        0.264736       -0.560047

     Cl  18        0.156439       -0.225530        0.046376
     Cl  18       -0.225530        0.028185       -0.021156
     Cl  18        0.046376       -0.021156       -0.184624

     H   19       -0.533485        0.033151        0.001788
     H   19        0.033151        0.520964       -0.759196
     H   19        0.001788       -0.759196        0.012521

     C   20        0.126132        0.313710        0.319957
     C   20        0.313710       -0.005163       -0.260136
     C   20        0.319957       -0.260136       -0.120969

     H   21        0.390215       -0.203085        0.801510
     H   21       -0.203085       -0.480645       -0.242972
     H   21        0.801510       -0.242972        0.090429

     C   22        0.053820        0.294827        0.242816
     C   22        0.294827        0.105128       -0.386177
     C   22        0.242816       -0.386177       -0.158948

     C   23        0.089956        0.215935        0.389651
     C   23        0.215935        0.003954       -0.400687
     C   23        0.389651       -0.400687       -0.093910

     Cl  24        0.121700        0.192517        0.033793
     Cl  24        0.192517        0.010101        0.010414
     Cl  24        0.033793        0.010414       -0.131801

     ----- GIPAW term -----
     Cl   1        2.537096        0.142552       -0.716625
     Cl   1        0.142552        0.085220       -0.436648
     Cl   1       -0.716625       -0.436648       -2.622317

     C    2        0.230208        0.116727       -0.046824
     C    2        0.116727       -0.088218       -0.080088
     C    2       -0.046824       -0.080088       -0.141990

     C    3        0.005157        0.058655       -0.095177
     C    3        0.058655       -0.000267       -0.060900
     C    3       -0.095177       -0.060900       -0.004890

     H    4       -0.000000        0.000000        0.000000
     H    4        0.000000        0.000000        0.000000
     H    4        0.000000        0.000000        0.000000

     C    5        0.036020        0.152427       -0.143172
     C    5        0.152427       -0.064011       -0.139145
     C    5       -0.143172       -0.139145        0.027991

     H    6       -0.000000        0.000000        0.000000
     H    6        0.000000        0.000000        0.000000
     H    6        0.000000        0.000000        0.000000

     H    7       -0.000000        0.000000        0.000000
     H    7        0.000000        0.000000        0.000000
     H    7        0.000000        0.000000        0.000000

     C    8       -0.031321        0.123147        0.064495
     C    8        0.123147        0.086484        0.097170
     C    8        0.064495        0.097170       -0.055163

     H    9       -0.000000        0.000000        0.000000
     H    9        0.000000        0.000000        0.000000
     H    9        0.000000        0.000000        0.000000

     C   10       -0.083932        0.099994        0.016793
     C   10        0.099994        0.069995        0.183320
     C   10        0.016793        0.183320        0.013938

     C   11       -0.004157        0.161683        0.099495
     C   11        0.161683        0.039430        0.160923
     C   11        0.099495        0.160923       -0.035274

     Cl  12        0.480074        2.842316        0.219073
     Cl  12        2.842316        1.027487        1.488796
     Cl  12        0.219073        1.488796       -1.507561

     H   13       -0.000000        0.000000        0.000000
     H   13        0.000000        0.000000        0.000000
     H   13        0.000000        0.000000        0.000000

     C   14       -0.166889       -0.002435        0.104870
     C   14       -0.002435       -0.110479        0.004556
     C   14        0.104870        0.004556        0.277369

     H   15       -0.000000        0.000000        0.000000
     H   15        0.000000        0.000000        0.000000
     H   15        0.000000        0.000000        0.000000

     C   16       -0.110746        0.022020        0.094814
     C   16        0.022020       -0.144712       -0.137388
     C   16        0.094814       -0.137388        0.255458

     C   17        0.082193       -0.068579        0.034020
     C   17       -0.068579       -0.029989        0.001018
     C   17        0.034020        0.001018       -0.052204

     Cl  18        2.283987       -0.351462       -0.813147
     Cl  18       -0.351462       -0.598588       -0.343909
     Cl  18       -0.813147       -0.343909       -1.685398

     H   19       -0.000000        0.000000        0.000000
     H   19        0.000000        0.000000        0.000000
     H   19        0.000000        0.000000        0.000000

     C   20        0.187586        0.048609       -0.182962
     C   20        0.048609       -0.128549        0.047075
     C   20       -0.182962        0.047075       -0.059036

     H   21       -0.000000        0.000000        0.000000
     H   21        0.000000        0.000000        0.000000
     H   21        0.000000        0.000000        0.000000

     C   22        0.127317       -0.038155       -0.127432
     C   22       -0.038155       -0.125102       -0.014568
     C   22       -0.127432       -0.014568       -0.002215

     C   23        0.251400        0.131160       -0.166503
     C   23        0.131160       -0.117256        0.058898
     C   23       -0.166503        0.058898       -0.134144

     Cl  24        1.697457        0.003856       -2.086027
     Cl  24        0.003856       -1.213180        0.660171
     Cl  24       -2.086027        0.660171       -0.484277

     ----- total EFG -----
     Cl   1        2.721941        0.059473       -0.767779
     Cl   1        0.059473        0.163242       -0.472133
     Cl   1       -0.767779       -0.472133       -2.885183

     C    2        0.628087        0.559483       -0.037761
     C    2        0.559483       -0.182340       -0.306978
     C    2       -0.037761       -0.306978       -0.445747

     C    3        0.103421        0.005011       -0.167224
     C    3        0.005011        0.242419        0.051702
     C    3       -0.167224        0.051702       -0.345840

     H    4        0.378457        0.135086        0.464841
     H    4        0.135086       -0.180779        0.370061
     H    4        0.464841        0.370061       -0.197678

     C    5        0.321998        0.388072       -0.254261
     C    5        0.388072       -0.159819       -0.213072
     C    5       -0.254261       -0.213072       -0.162180

     H    6       -0.085426       -0.247236        0.107752
     H    6       -0.247236        0.332046        0.610787
     H    6        0.107752        0.610787       -0.246620

     H    7       -0.126345       -0.051903       -0.218351
     H    7       -0.051903        0.324626       -0.391096
     H    7       -0.218351       -0.391096       -0.198281

     C    8       -0.333024        0.044990        0.377466
     C    8        0.044990        0.150837        0.159494
     C    8        0.377466        0.159494        0.182188

     H    9        0.319250       -0.205031        0.354540
     H    9       -0.205031       -0.109664       -0.480452
     H    9        0.354540       -0.480452       -0.209586

     C   10       -0.129773        0.488893        0.044183
     C   10        0.488893        0.145707        0.338028
     C   10        0.044183        0.338028       -0.015934

     C   11       -0.309519        0.109385        0.341687
     C   11        0.109385       -0.003422        0.190233
     C   11        0.341687        0.190233        0.312941

     Cl  12        0.570687        3.193169        0.191670
     Cl  12        3.193169        1.122381        1.609475
     Cl  12        0.191670        1.609475       -1.693068

     H   13        0.027369        0.084295        0.013258
     H   13        0.084295        0.257091        0.561763
     H   13        0.013258        0.561763       -0.284460

     C   14       -0.409615       -0.057501       -0.024945
     C   14       -0.057501        0.055352        0.048151
     C   14       -0.024945        0.048151        0.354264

     H   15        0.345495       -0.037480        0.528006
     H   15       -0.037480       -0.097000        0.328610
     H   15        0.528006        0.328610       -0.248495

     C   16        0.018342        0.206117        0.330466
     C   16        0.206117       -0.348180       -0.333243
     C   16        0.330466       -0.333243        0.329838

     C   17        0.135946       -0.189030       -0.121592
     C   17       -0.189030        0.220906       -0.121689
     C   17       -0.121592       -0.121689       -0.356852

     Cl  18        2.478892       -0.286518       -0.855132
     Cl  18       -0.286518       -0.662556       -0.403383
     Cl  18       -0.855132       -0.403383       -1.816336

     H   19       -0.489112       -0.104233        0.380591
     H   19       -0.104233        0.564456       -0.314117
     H   19        0.380591       -0.314117       -0.075345

     C   20        0.296678        0.499149       -0.381748
     C   20        0.499149       -0.160425        0.192725
     C   20       -0.381748        0.192725       -0.136253

     H   21        0.439025       -0.129442        0.624751
     H   21       -0.129442        0.043908       -0.126214
     H   21        0.624751       -0.126214       -0.482932

     C   22        0.203692       -0.227784       -0.037932
     C   22       -0.227784       -0.328187       -0.274893
     C   22       -0.037932       -0.274893        0.124495

     C   23        0.478582        0.621574       -0.370954
     C   23        0.621574       -0.284782        0.236464
     C   23       -0.370954        0.236464       -0.193800

     Cl  24        1.747457       -0.118676       -2.205287
     Cl  24       -0.118676       -1.322605        0.714843
     Cl  24       -2.205287        0.714843       -0.424852

     ----- total EFG (symmetrized) -----
     Cl   1        2.721941        0.059473       -0.767779
     Cl   1        0.059473        0.163242       -0.472133
     Cl   1       -0.767779       -0.472133       -2.885183

     C    2        0.628087        0.559483       -0.037761
     C    2        0.559483       -0.182340       -0.306978
     C    2       -0.037761       -0.306978       -0.445747

     C    3        0.103421        0.005011       -0.167224
     C    3        0.005011        0.242419        0.051702
     C    3       -0.167224        0.051702       -0.345840

     H    4        0.378457        0.135086        0.464841
     H    4        0.135086       -0.180779        0.370061
     H    4        0.464841        0.370061       -0.197678

     C    5        0.321998        0.388072       -0.254261
     C    5        0.388072       -0.159819       -0.213072
     C    5       -0.254261       -0.213072       -0.162180

     H    6       -0.085426       -0.247236        0.107752
     H    6       -0.247236        0.332046        0.610787
     H    6        0.107752        0.610787       -0.246620

     H    7       -0.126345       -0.051903       -0.218351
     H    7       -0.051903        0.324626       -0.391096
     H    7       -0.218351       -0.391096       -0.198281

     C    8       -0.333024        0.044990        0.377466
     C    8        0.044990        0.150837        0.159494
     C    8        0.377466        0.159494        0.182188

     H    9        0.319250       -0.205031        0.354540
     H    9       -0.205031       -0.109664       -0.480452
     H    9        0.354540       -0.480452       -0.209586

     C   10       -0.129773        0.488893        0.044183
     C   10        0.488893        0.145707        0.338028
     C   10        0.044183        0.338028       -0.015934

     C   11       -0.309519        0.109385        0.341687
     C   11        0.109385       -0.003422        0.190233
     C   11        0.341687        0.190233        0.312941

     Cl  12        0.570687        3.193169        0.191670
     Cl  12        3.193169        1.122381        1.609475
     Cl  12        0.191670        1.609475       -1.693068

     H   13        0.027369        0.084295        0.013258
     H   13        0.084295        0.257091        0.561763
     H   13        0.013258        0.561763       -0.284460

     C   14       -0.409615       -0.057501       -0.024945
     C   14       -0.057501        0.055352        0.048151
     C   14       -0.024945        0.048151        0.354264

     H   15        0.345495       -0.037480        0.528006
     H   15       -0.037480       -0.097000        0.328610
     H   15        0.528006        0.328610       -0.248495

     C   16        0.018342        0.206117        0.330466
     C   16        0.206117       -0.348180       -0.333243
     C   16        0.330466       -0.333243        0.329838

     C   17        0.135946       -0.189030       -0.121592
     C   17       -0.189030        0.220906       -0.121689
     C   17       -0.121592       -0.121689       -0.356852

     Cl  18        2.478892       -0.286518       -0.855132
     Cl  18       -0.286518       -0.662556       -0.403383
     Cl  18       -0.855132       -0.403383       -1.816336

     H   19       -0.489112       -0.104233        0.380591
     H   19       -0.104233        0.564456       -0.314117
     H   19        0.380591       -0.314117       -0.075345

     C   20        0.296678        0.499149       -0.381748
     C   20        0.499149       -0.160425        0.192725
     C   20       -0.381748        0.192725       -0.136253

     H   21        0.439025       -0.129442        0.624751
     H   21       -0.129442        0.043908       -0.126214
     H   21        0.624751       -0.126214       -0.482932

     C   22        0.203692       -0.227784       -0.037932
     C   22       -0.227784       -0.328187       -0.274893
     C   22       -0.037932       -0.274893        0.124495

     C   23        0.478582        0.621574       -0.370954
     C   23        0.621574       -0.284782        0.236464
     C   23       -0.370954        0.236464       -0.193800

     Cl  24        1.747457       -0.118676       -2.205287
     Cl  24       -0.118676       -1.322605        0.714843
     Cl  24       -2.205287        0.714843       -0.424852


     NQR/NMR SPECTROSCOPIC PARAMETERS:
     Cl   1    Vxx=    0.2234    axis=(  0.064772 -0.988837  0.134187)
     Cl   1    Vyy=    2.8308    axis=(  0.989527  0.046262 -0.136736)
     Cl   1    Vzz=   -3.0542    axis=(  0.129001  0.141638  0.981477)
     Cl   1  Q=        -8.1650 1e-30 m^2  Cq=        58.5939 MHz  eta= 0.85370

     C    2    Vxx=   -0.2139    axis=(  0.416765 -0.579952  0.699973)
     C    2    Vyy=   -0.7223    axis=(  0.255559 -0.664224 -0.702493)
     C    2    Vzz=    0.9362    axis=( -0.872351 -0.471659  0.128613)
     C    2  Q=         1.0000 1e-30 m^2  Cq=         2.1996 MHz  eta= 0.54305

     C    3    Vxx=    0.1574    axis=( -0.945093 -0.127270  0.301002)
     C    3    Vyy=    0.2479    axis=( -0.097027  0.988796  0.113438)
     C    3    Vzz=   -0.4052    axis=(  0.312067 -0.078004  0.946852)
     C    3  Q=         1.0000 1e-30 m^2  Cq=        -0.9521 MHz  eta= 0.22335

     H    4    Vxx=   -0.1089    axis=(  0.542765 -0.764970 -0.346737)
     H    4    Vyy=   -0.6310    axis=(  0.285066  0.556121 -0.780684)
     H    4    Vzz=    0.7399    axis=(  0.790027  0.324885  0.519910)
     H    4  Q=         1.0000 1e-30 m^2  Cq=         1.7385 MHz  eta= 0.70567

     C    5    Vxx=   -0.2609    axis=(  0.513736 -0.230123  0.826510)
     C    5    Vyy=   -0.4056    axis=( -0.305018  0.851429  0.426652)
     C    5    Vzz=    0.6665    axis=( -0.801897 -0.471287  0.367218)
     C    5  Q=         1.0000 1e-30 m^2  Cq=         1.5660 MHz  eta= 0.21713

     H    6    Vxx=   -0.0329    axis=(  0.921016 -0.026469  0.388625)
     H    6    Vyy=   -0.7144    axis=(  0.341973  0.532641 -0.774176)
     H    6    Vzz=    0.7473    axis=( -0.186506  0.845927  0.499623)
     H    6  Q=         1.0000 1e-30 m^2  Cq=         1.7559 MHz  eta= 0.91207

     H    7    Vxx=   -0.0129    axis=(  0.872446 -0.306722 -0.380473)
     H    7    Vyy=   -0.5260    axis=(  0.479895  0.390480  0.785638)
     H    7    Vzz=    0.5389    axis=( -0.092405 -0.868014  0.487866)
     H    7  Q=         1.0000 1e-30 m^2  Cq=         1.2662 MHz  eta= 0.95222

     C    8    Vxx=    0.0689    axis=(  0.259875 -0.886707  0.382381)
     C    8    Vyy=    0.4654    axis=( -0.400688 -0.459306 -0.792772)
     C    8    Vzz=   -0.5342    axis=(  0.878586  0.052806 -0.474655)
     C    8  Q=         1.0000 1e-30 m^2  Cq=        -1.2553 MHz  eta= 0.74217

     H    9    Vxx=   -0.0550    axis=(  0.689005  0.625977 -0.365273)
     H    9    Vyy=   -0.6619    axis=( -0.150426  0.616534  0.772824)
     H    9    Vzz=    0.7169    axis=(  0.708974 -0.477533  0.518958)
     H    9  Q=         1.0000 1e-30 m^2  Cq=         1.6844 MHz  eta= 0.84660

     C   10    Vxx=   -0.0908    axis=( -0.525481 -0.118004  0.842582)
     C   10    Vyy=   -0.5614    axis=( -0.689412  0.639401 -0.340407)
     C   10    Vzz=    0.6522    axis=( -0.498579 -0.759764 -0.417346)
     C   10  Q=         1.0000 1e-30 m^2  Cq=         1.5324 MHz  eta= 0.72147

     C   11    Vxx=   -0.0882    axis=(  0.095403 -0.928444  0.359014)
     C   11    Vyy=   -0.4618    axis=( -0.918565  0.056866  0.391158)
     C   11    Vzz=    0.5500    axis=(  0.383584  0.367095  0.847410)
     C   11  Q=         1.0000 1e-30 m^2  Cq=         1.2923 MHz  eta= 0.67920

     Cl  12    Vxx=   -1.2280    axis=( -0.591576  0.288034  0.753044)
     Cl  12    Vyy=   -3.1167    axis=( -0.494398  0.608198 -0.621020)
     Cl  12    Vzz=    4.3447    axis=(  0.636874  0.739684  0.217392)
     Cl  12  Q=        -8.1650 1e-30 m^2  Cq=       -83.3518 MHz  eta= 0.43471

     H   13    Vxx=    0.0187    axis=(  0.990039 -0.084242 -0.112809)
     H   13    Vyy=    0.6203    axis=( -0.131330 -0.841345 -0.524300)
     H   13    Vzz=   -0.6390    axis=( -0.050743  0.533893 -0.844028)
     H   13  Q=         1.0000 1e-30 m^2  Cq=        -1.5014 MHz  eta= 0.94152

     C   14    Vxx=    0.0538    axis=( -0.112603  0.979620 -0.166329)
     C   14    Vyy=    0.3633    axis=( -0.043890  0.162327  0.985760)
     C   14    Vzz=   -0.4171    axis=( -0.992670 -0.118300 -0.024717)
     C   14  Q=         1.0000 1e-30 m^2  Cq=        -0.9800 MHz  eta= 0.74209

     H   15    Vxx=    0.0302    axis=(  0.388401 -0.873368 -0.293892)
     H   15    Vyy=    0.6797    axis=(  0.824110  0.186519  0.534840)
     H   15    Vzz=   -0.7099    axis=( -0.412296 -0.449932  0.792196)
     H   15  Q=         1.0000 1e-30 m^2  Cq=        -1.6681 MHz  eta= 0.91479

     C   16    Vxx=    0.0684    axis=(  0.777481  0.579724 -0.243813)
     C   16    Vyy=    0.5777    axis=( -0.435910  0.217301 -0.873363)
     C   16    Vzz=   -0.6461    axis=( -0.453328  0.785303  0.421655)
     C   16  Q=         1.0000 1e-30 m^2  Cq=        -1.5181 MHz  eta= 0.78827

     C   17    Vxx=    0.0554    axis=(  0.735675  0.559280 -0.382083)
     C   17    Vyy=    0.3727    axis=( -0.614473  0.788401 -0.029092)
     C   17    Vzz=   -0.4281    axis=(  0.284964  0.256181  0.923670)
     C   17  Q=         1.0000 1e-30 m^2  Cq=        -1.0059 MHz  eta= 0.74124

     Cl  18    Vxx=   -0.5356    axis=( -0.004568 -0.952922  0.303181)
     Cl  18    Vyy=   -2.1202    axis=( -0.192406 -0.296682 -0.935393)
     Cl  18    Vzz=    2.6558    axis=(  0.981305 -0.062606 -0.181993)
     Cl  18  Q=        -8.1650 1e-30 m^2  Cq=       -50.9495 MHz  eta= 0.59666

     H   19    Vxx=   -0.0244    axis=(  0.490752  0.476149  0.729688)
     H   19    Vyy=   -0.7197    axis=(  0.846181 -0.060815 -0.529415)
     H   19    Vzz=    0.7441    axis=(  0.207704 -0.877259  0.432753)
     H   19  Q=         1.0000 1e-30 m^2  Cq=         1.7483 MHz  eta= 0.93455

     C   20    Vxx=    0.0416    axis=( -0.049540  0.622601  0.780970)
     C   20    Vyy=    0.6841    axis=(  0.850800  0.435876 -0.293517)
     C   20    Vzz=   -0.7257    axis=( -0.523150  0.649908 -0.551302)
     C   20  Q=         1.0000 1e-30 m^2  Cq=        -1.7051 MHz  eta= 0.88534

     H   21    Vxx=    0.0077    axis=(  0.229957  0.972264  0.042700)
     H   21    Vyy=    0.7942    axis=(  0.866406 -0.224508  0.446023)
     H   21    Vzz=   -0.8019    axis=(  0.443239 -0.065570 -0.894002)
     H   21  Q=         1.0000 1e-30 m^2  Cq=        -1.8842 MHz  eta= 0.98067

     C   22    Vxx=    0.2023    axis=(  0.622638  0.132305 -0.771244)
     C   22    Vyy=    0.3238    axis=( -0.725565  0.466720 -0.505696)
     C   22    Vzz=   -0.5261    axis=(  0.293049  0.874453  0.386593)
     C   22  Q=         1.0000 1e-30 m^2  Cq=        -1.2360 MHz  eta= 0.23097

     C   23    Vxx=   -0.0062    axis=( -0.069615  0.550706  0.831791)
     C   23    Vyy=   -0.8651    axis=( -0.472975  0.715917 -0.513573)
     C   23    Vzz=    0.8713    axis=( -0.878322 -0.429168  0.210632)
     C   23  Q=         1.0000 1e-30 m^2  Cq=         2.0471 MHz  eta= 0.98577

     Cl  24    Vxx=   -1.0044    axis=(  0.378516  0.820611  0.428163)
     Cl  24    Vyy=   -2.1668    axis=(  0.393244 -0.561331  0.728194)
     Cl  24    Vzz=    3.1712    axis=( -0.837905  0.107260  0.535173)
     Cl  24  Q=        -8.1650 1e-30 m^2  Cq=       -60.8374 MHz  eta= 0.36656

     Initialization:
     gipaw_setup  :     10.38s CPU     14.68s WALL (       1 calls)

     Linear response

     Apply operators

     Induced current

     Other routines
     efg          :     12.54s CPU     27.10s WALL (       1 calls)

     General routines
     calbec       :      3.25s CPU      4.51s WALL (      16 calls)
     fft          :      1.83s CPU      2.92s WALL (      15 calls)
     ffts         :      0.04s CPU      0.05s WALL (       2 calls)
     fftw         :      6.49s CPU     13.56s WALL (     672 calls)
     davcio       :      0.06s CPU      5.90s WALL (      32 calls)

     Parallel routines
     fft_scatter  :      5.57s CPU     13.63s WALL (     689 calls)

     Plugins

     GIPAW        :     66.91s CPU    101.28s WALL (       1 calls)
