
     Program QE v.6.0 (svn rev. 13079) starts on 19Jan2017 at 17:54:37 

     This program is part of the open-source Quantum ESPRESSO suite
     for quantum simulation of materials; please cite
         "P. Giannozzi et al., J. Phys.:Condens. Matter 21 395502 (2009);
          URL http://www.quantum-espresso.org", 
     in publications or presentations arising from this work. More details at
     http://www.quantum-espresso.org/quote

     Parallel version (MPI), running on     8 processors
     R & G space division:  proc/nbgrp/npool/nimage =       8

     ***** This is GIPAW svn revision unknown      *****

     Parallelizing q-star over 1 images

     Reading data from directory:
     /users/majewski/paradichlorobenzene/pbe/9_constraint/scratch/pbe.ecut100.np8.dt60.pcl2phi-129368.save
     Message from routine read_xml_file:
     file /users/majewski/paradichlorobenzene/pbe/9_constraint/scratch/pbe.ecut100.np8.dt60.pcl2phi-129368.save not guaranteed to be safe for post-processing

   Info: using nr1, nr2, nr3 values from input

   Info: using nr1, nr2, nr3 values from input

     IMPORTANT: XC functional enforced from input :
     Exchange-correlation      =  SLA  PW   PBX  PBC ( 1  4  3  4 0 0)
     Any further DFT definition will be discarded
     Please, verify this is what you really want

               file C.pbe-n-kjpaw_psl.1.0.0.UPF: wavefunction(s)  2S 2P renormalized
               file Cl.pbe-n-kjpaw_psl.1.0.0.UPF: wavefunction(s)  3S 3P renormalized
               file H.pbe-kjpaw_psl.1.0.0.UPF: wavefunction(s)  1S renormalized

     Parallelization info
     --------------------
     sticks:   dense  smooth     PW     G-vecs:    dense   smooth      PW
     Min        3057    1223    332               144436    36536    5170
     Max        3059    1225    333               144437    36537    5171
     Sum       24467    9791   2657              1155489   292295   41363


     Subspace diagonalization in iterative solution of the eigenvalue problem:
     a serial algorithm will be used

     GIPAW projectors -----------------------------------------------
     atom=  C    l=0  rc=    1.2000  rs=    0.8000
     atom=  C    l=0  rc=    1.2000  rs=    0.8000
     atom=  C    l=1  rc=    1.4000  rs=    0.9333
     atom=  C    l=1  rc=    1.4000  rs=    0.9333
     projs nearly linearly dependent: l=1  n1,n2= 1, 2  s=  0.99951561

     atom=  Cl   l=0  rc=    1.6000  rs=    1.0667
     atom=  Cl   l=0  rc=    1.6000  rs=    1.0667
     atom=  Cl   l=1  rc=    1.6000  rs=    1.0667
     atom=  Cl   l=1  rc=    1.6000  rs=    1.0667
     atom=  Cl   l=2  rc=    1.6000  rs=    1.0667
     atom=  Cl   l=2  rc=    1.6000  rs=    1.0667
     projs nearly linearly dependent: l=2  n1,n2= 1, 2  s=  0.99993509

     atom=  H    l=0  rc=    1.0000  rs=    0.6667
     atom=  H    l=0  rc=    1.0000  rs=    0.6667
     projs nearly linearly dependent: l=0  n1,n2= 1, 2  s=  0.99968852
     -----------------------------------------------------------------

     GIPAW integrals: -------------------------------------------
     Atom  i/j   nmr_para   nmr_dia   epr_rmc  epr_para   epr_dia
       C   1 1   0.83E+03  0.17E-01  0.93E+01  0.24E+08  0.24E+03
       C   2 1   0.86E+03 -0.61E-01  0.94E+01  0.25E+08  0.25E+03
       C   2 2   0.90E+03 -0.15E+00  0.97E+01  0.26E+08  0.26E+03
       C   3 3   0.33E+01  0.34E+00  0.18E+01  0.55E+03  0.21E+02
       C   4 3   0.35E+01  0.37E+00  0.20E+01  0.59E+03  0.22E+02
       C   4 4   0.38E+01  0.39E+00  0.22E+01  0.63E+03  0.24E+02
       Cl  1 1   0.14E+04 -0.47E+00  0.84E+01  0.32E+09  0.42E+03
       Cl  2 1   0.21E+04 -0.37E+00  0.12E+02  0.49E+09  0.65E+03
       Cl  2 2   0.33E+04 -0.16E+00  0.21E+02  0.76E+09  0.10E+04
       Cl  3 3   0.21E+02  0.79E-01  0.89E+01  0.23E+05  0.13E+03
       Cl  4 3   0.24E+02  0.67E-01  0.99E+01  0.27E+05  0.15E+03
       Cl  4 4   0.28E+02  0.44E-01  0.11E+02  0.32E+05  0.18E+03
       Cl  5 5   0.77E+00  0.19E+00  0.18E+01  0.12E+03  0.22E+02
       Cl  6 5   0.80E+00  0.19E+00  0.19E+01  0.12E+03  0.23E+02
       Cl  6 6   0.83E+00  0.20E+00  0.19E+01  0.12E+03  0.23E+02
       H   1 1   0.39E+02  0.19E+00  0.29E+00  0.78E+05  0.13E+02
       H   2 1   0.41E+02  0.21E+00  0.32E+00  0.82E+05  0.14E+02
       H   2 2   0.43E+02  0.22E+00  0.36E+00  0.86E+05  0.15E+02
     ------------------------------------------------------------

     alpha_pv=     34.0094 eV

     Number of occupied bands for each k-point:
     k-point:     1    nbnd_occ=  42
     k-point:     2    nbnd_occ=  42
     k-point:     3    nbnd_occ=  42
     k-point:     4    nbnd_occ=  42
     k-point:     5    nbnd_occ=  42
     k-point:     6    nbnd_occ=  42
     k-point:     7    nbnd_occ=  42
     k-point:     8    nbnd_occ=  42
     k-point:     9    nbnd_occ=  42
     k-point:    10    nbnd_occ=  42
     k-point:    11    nbnd_occ=  42
     k-point:    12    nbnd_occ=  42
     k-point:    13    nbnd_occ=  42
     k-point:    14    nbnd_occ=  42
     k-point:    15    nbnd_occ=  42
     k-point:    16    nbnd_occ=  42


     q-space interpolation up to   110.00 Rydberg

     GIPAW job: efg                                                                             


     ELECTRIC FIELD GRADIENTS TENSORS IN Hartree/bohrradius^2:

     ----- bare term -----
     Cl   1        0.001629        0.054851       -0.069826
     Cl   1        0.054851        0.061504       -0.056228
     Cl   1       -0.069826       -0.056228       -0.063133

     C    2       -0.672861        0.457560       -0.376951
     C    2        0.457560        0.334404       -0.101668
     C    2       -0.376951       -0.101668        0.338458

     C    3        0.179409        0.195299       -0.068552
     C    3        0.195299       -0.134558       -0.560417
     C    3       -0.068552       -0.560417       -0.044851

     H    4        0.048573        0.083824       -0.483054
     H    4        0.083824       -0.023491        0.218824
     H    4       -0.483054        0.218824       -0.025082

     C    5       -0.746587        0.356522       -0.315639
     C    5        0.356522        0.442653       -0.137229
     C    5       -0.315639       -0.137229        0.303934

     H    6        0.488530       -0.065944        0.150760
     H    6       -0.065944       -0.143151       -0.289021
     H    6        0.150760       -0.289021       -0.345379

     H    7        0.458889        0.022808       -0.002745
     H    7        0.022808       -0.627716        0.542138
     H    7       -0.002745        0.542138        0.168827

     C    8       -0.090799       -0.154265       -0.160452
     C    8       -0.154265       -0.067160        0.387149
     C    8       -0.160452        0.387149        0.157960

     H    9       -0.251555        0.519000       -0.022494
     H    9        0.519000       -0.084644       -0.148840
     H    9       -0.022494       -0.148840        0.336199

     C   10       -0.570390       -0.318945       -0.136808
     C   10       -0.318945        0.203104        0.290518
     C   10       -0.136808        0.290518        0.367287

     C   11       -0.079255        0.113341       -0.289221
     C   11        0.113341        0.049264        0.715794
     C   11       -0.289221        0.715794        0.029991

     Cl  12       -0.114576       -0.199289       -0.000338
     Cl  12       -0.199289       -0.004379       -0.011644
     Cl  12       -0.000338       -0.011644        0.118954

     H   13        0.378859        0.080330        0.222966
     H   13        0.080330       -0.034191       -0.544386
     H   13        0.222966       -0.544386       -0.344668

     C   14       -0.091399        0.065743       -0.203730
     C   14        0.065743       -0.240885       -0.280352
     C   14       -0.203730       -0.280352        0.332284

     H   15       -0.102549       -0.173826       -0.560658
     H   15       -0.173826        0.422787       -0.226196
     H   15       -0.560658       -0.226196       -0.320238

     C   16       -0.757641        0.377453       -0.352461
     C   16        0.377453        0.289720       -0.018767
     C   16       -0.352461       -0.018767        0.467921

     C   17        0.050725        0.086723       -0.178091
     C   17        0.086723        0.021151       -0.631725
     C   17       -0.178091       -0.631725       -0.071876

     Cl  18       -0.222939        0.155727        0.049317
     Cl  18        0.155727        0.024400       -0.162652
     Cl  18        0.049317       -0.162652        0.198539

     H   19        0.063457       -0.087545       -0.329916
     H   19       -0.087545       -0.251368        0.478526
     H   19       -0.329916        0.478526        0.187911

     C   20       -0.679937       -0.334706       -0.297486
     C   20       -0.334706        0.264948        0.088945
     C   20       -0.297486        0.088945        0.414989

     H   21       -0.546265       -0.148230        0.021102
     H   21       -0.148230        0.227636        0.343284
     H   21        0.021102        0.343284        0.318630

     C   22        0.090262        0.082402       -0.261160
     C   22        0.082402       -0.248485        0.556133
     C   22       -0.261160        0.556133        0.158224

     C   23       -0.804011       -0.382750       -0.359453
     C   23       -0.382750        0.314224        0.000249
     C   23       -0.359453        0.000249        0.489786

     Cl  24        0.117361       -0.037778        0.092925
     Cl  24       -0.037778        0.037107        0.170912
     Cl  24        0.092925        0.170912       -0.154467

     ----- ionic term -----
     Cl   1        0.153386       -0.243430        0.039209
     Cl   1       -0.243430        0.001448       -0.014396
     Cl   1        0.039209       -0.014396       -0.154834

     C    2        0.122219       -0.280837        0.311211
     C    2       -0.280837        0.062110        0.366573
     C    2        0.311211        0.366573       -0.184328

     C    3        0.098217       -0.300254        0.189367
     C    3       -0.300254        0.138921        0.397015
     C    3        0.189367        0.397015       -0.237138

     H    4        0.476719        0.169682        0.746809
     H    4        0.169682       -0.454615        0.208571
     H    4        0.746809        0.208571       -0.022104

     C    5        0.256172       -0.226909        0.254338
     C    5       -0.226909        0.009394        0.315281
     C    5        0.254338        0.315281       -0.265566

     H    6       -0.506466        0.001851        0.023726
     H    6        0.001851        0.503310        0.772431
     H    6        0.023726        0.772431        0.003156

     H    7       -0.511085       -0.016709        0.011546
     H    7       -0.016709        0.604898       -0.750693
     H    7        0.011546       -0.750693       -0.093814

     C    8        0.319399        0.180889        0.121148
     C    8        0.180889        0.024007       -0.361512
     C    8        0.121148       -0.361512       -0.343406

     H    9        0.798984       -0.400554        0.449941
     H    9       -0.400554       -0.392127       -0.210286
     H    9        0.449941       -0.210286       -0.406857

     C   10        0.228854        0.189786        0.053843
     C   10        0.189786        0.135312       -0.413775
     C   10        0.053843       -0.413775       -0.364165

     C   11        0.287085        0.138029        0.125921
     C   11        0.138029        0.074337       -0.370777
     C   11        0.125921       -0.370777       -0.361422

     Cl  12        0.128991        0.172803       -0.025561
     Cl  12        0.172803        0.006982       -0.026674
     Cl  12       -0.025561       -0.026674       -0.135972

     H   13       -0.531835       -0.103359       -0.080305
     H   13       -0.103359        0.342788        0.801610
     H   13       -0.080305        0.801610        0.189046

     C   14        0.192567       -0.280988        0.224393
     C   14       -0.280988       -0.061924        0.309611
     C   14        0.224393        0.309611       -0.130644

     H   15        0.567219        0.089447        0.738384
     H   15        0.089447       -0.550258        0.132082
     H   15        0.738384        0.132082       -0.016961

     C   16        0.129230       -0.294167        0.171569
     C   16       -0.294167        0.028666        0.394956
     C   16        0.171569        0.394956       -0.157895

     C   17        0.118397       -0.203902        0.235211
     C   17       -0.203902        0.049459        0.453304
     C   17        0.235211        0.453304       -0.167857

     Cl  18        0.087974       -0.203198       -0.006907
     Cl  18       -0.203198        0.055088        0.022678
     Cl  18       -0.006907        0.022678       -0.143062

     H   19       -0.504149       -0.189968        0.127940
     H   19       -0.189968        0.566282       -0.761007
     H   19        0.127940       -0.761007       -0.062133

     C   20        0.319489        0.186679        0.146764
     C   20        0.186679        0.085581       -0.312843
     C   20        0.146764       -0.312843       -0.405071

     H   21        0.874654       -0.348454        0.413680
     H   21       -0.348454       -0.411469       -0.178147
     H   21        0.413680       -0.178147       -0.463185

     C   22        0.173386        0.224511        0.098808
     C   22        0.224511        0.200955       -0.439066
     C   22        0.098808       -0.439066       -0.374340

     C   23        0.203503        0.101953        0.164464
     C   23        0.101953        0.096101       -0.488081
     C   23        0.164464       -0.488081       -0.299604

     Cl  24        0.132908        0.209179       -0.045582
     Cl  24        0.209179       -0.012594       -0.036101
     Cl  24       -0.045582       -0.036101       -0.120314

     ----- GIPAW term -----
     Cl   1       -0.024063       -0.763125       -0.523473
     Cl   1       -0.763125        2.254431       -1.349405
     Cl   1       -0.523473       -1.349405       -2.230368

     C    2       -0.147166        0.054239       -0.034848
     C    2        0.054239        0.265947        0.024595
     C    2       -0.034848        0.024595       -0.118781

     C    3       -0.064726        0.056156        0.004639
     C    3        0.056156        0.199577       -0.048544
     C    3        0.004639       -0.048544       -0.134851

     H    4       -0.000000        0.000000        0.000000
     H    4        0.000000        0.000000        0.000000
     H    4        0.000000        0.000000        0.000000

     C    5       -0.180632        0.075328       -0.031768
     C    5        0.075328        0.246805       -0.050644
     C    5       -0.031768       -0.050644       -0.066174

     H    6       -0.000000        0.000000        0.000000
     H    6        0.000000        0.000000        0.000000
     H    6        0.000000        0.000000        0.000000

     H    7       -0.000000        0.000000        0.000000
     H    7        0.000000        0.000000        0.000000
     H    7        0.000000        0.000000        0.000000

     C    8       -0.111964       -0.068084        0.009171
     C    8       -0.068084        0.215962       -0.049163
     C    8        0.009171       -0.049163       -0.103998

     H    9       -0.000000        0.000000        0.000000
     H    9        0.000000        0.000000        0.000000
     H    9        0.000000        0.000000        0.000000

     C   10       -0.197707       -0.045572       -0.028013
     C   10       -0.045572        0.232321        0.137186
     C   10       -0.028013        0.137186       -0.034614

     C   11       -0.071572        0.076056       -0.047694
     C   11        0.076056        0.171403        0.223212
     C   11       -0.047694        0.223212       -0.099830

     Cl  12       -0.859873        0.207519       -0.681310
     Cl  12        0.207519        0.519328        2.146404
     Cl  12       -0.681310        2.146404        0.340545

     H   13       -0.000000        0.000000        0.000000
     H   13        0.000000        0.000000        0.000000
     H   13        0.000000        0.000000        0.000000

     C   14       -0.120278       -0.015417       -0.027698
     C   14       -0.015417        0.040032        0.163167
     C   14       -0.027698        0.163167        0.080246

     H   15       -0.000000        0.000000        0.000000
     H   15        0.000000        0.000000        0.000000
     H   15        0.000000        0.000000        0.000000

     C   16       -0.265559        0.059300       -0.058323
     C   16        0.059300        0.203821        0.188787
     C   16       -0.058323        0.188787        0.061738

     C   17       -0.043011        0.031378       -0.019892
     C   17        0.031378        0.250101       -0.072130
     C   17       -0.019892       -0.072130       -0.207090

     Cl  18       -0.071822       -1.735452        0.370890
     Cl  18       -1.735452        0.341463       -1.461061
     Cl  18        0.370890       -1.461061       -0.269642

     H   19       -0.000000        0.000000        0.000000
     H   19        0.000000        0.000000        0.000000
     H   19        0.000000        0.000000        0.000000

     C   20       -0.083120        0.157307       -0.051509
     C   20        0.157307        0.180303       -0.072244
     C   20       -0.051509       -0.072244       -0.097184

     H   21       -0.000000        0.000000        0.000000
     H   21        0.000000        0.000000        0.000000
     H   21        0.000000        0.000000        0.000000

     C   22       -0.092658        0.116505       -0.062734
     C   22        0.116505        0.165251       -0.100102
     C   22       -0.062734       -0.100102       -0.072593

     C   23       -0.190258        0.024123       -0.044933
     C   23        0.024123        0.181905       -0.197227
     C   23       -0.044933       -0.197227        0.008353

     Cl  24       -0.416644        1.187983        0.022625
     Cl  24        1.187983       -0.588125       -1.182319
     Cl  24        0.022625       -1.182319        1.004769

     ----- total EFG -----
     Cl   1        0.130952       -0.951704       -0.554090
     Cl   1       -0.951704        2.317382       -1.420029
     Cl   1       -0.554090       -1.420029       -2.448334

     C    2       -0.697809        0.230962       -0.100588
     C    2        0.230962        0.662460        0.289500
     C    2       -0.100588        0.289500        0.035348

     C    3        0.212900       -0.048799        0.125454
     C    3       -0.048799        0.203940       -0.211945
     C    3        0.125454       -0.211945       -0.416840

     H    4        0.525292        0.253506        0.263755
     H    4        0.253506       -0.478106        0.427394
     H    4        0.263755        0.427394       -0.047186

     C    5       -0.671047        0.204941       -0.093069
     C    5        0.204941        0.698853        0.127408
     C    5       -0.093069        0.127408       -0.027806

     H    6       -0.017936       -0.064094        0.174486
     H    6       -0.064094        0.360159        0.483409
     H    6        0.174486        0.483409       -0.342223

     H    7       -0.052195        0.006099        0.008801
     H    7        0.006099       -0.022818       -0.208555
     H    7        0.008801       -0.208555        0.075014

     C    8        0.116636       -0.041461       -0.030133
     C    8       -0.041461        0.172809       -0.023526
     C    8       -0.030133       -0.023526       -0.289444

     H    9        0.547429        0.118446        0.427447
     H    9        0.118446       -0.476771       -0.359126
     H    9        0.427447       -0.359126       -0.070658

     C   10       -0.539244       -0.174731       -0.110978
     C   10       -0.174731        0.570736        0.013929
     C   10       -0.110978        0.013929       -0.031492

     C   11        0.136258        0.327426       -0.210994
     C   11        0.327426        0.295003        0.568230
     C   11       -0.210994        0.568230       -0.431261

     Cl  12       -0.845458        0.181033       -0.707210
     Cl  12        0.181033        0.521931        2.108086
     Cl  12       -0.707210        2.108086        0.323527

     H   13       -0.152976       -0.023029        0.142662
     H   13       -0.023029        0.308598        0.257225
     H   13        0.142662        0.257225       -0.155622

     C   14       -0.019110       -0.230662       -0.007035
     C   14       -0.230662       -0.262777        0.192426
     C   14       -0.007035        0.192426        0.281887

     H   15        0.464670       -0.084379        0.177726
     H   15       -0.084379       -0.127471       -0.094114
     H   15        0.177726       -0.094114       -0.337199

     C   16       -0.893970        0.142586       -0.239215
     C   16        0.142586        0.522207        0.564976
     C   16       -0.239215        0.564976        0.371763

     C   17        0.126111       -0.085801        0.037228
     C   17       -0.085801        0.320711       -0.250551
     C   17        0.037228       -0.250551       -0.446822

     Cl  18       -0.206788       -1.782923        0.413301
     Cl  18       -1.782923        0.420952       -1.601036
     Cl  18        0.413301       -1.601036       -0.214164

     H   19       -0.440692       -0.277513       -0.201976
     H   19       -0.277513        0.314914       -0.282481
     H   19       -0.201976       -0.282481        0.125778

     C   20       -0.443567        0.009280       -0.202232
     C   20        0.009280        0.530833       -0.296143
     C   20       -0.202232       -0.296143       -0.087265

     H   21        0.328389       -0.496684        0.434782
     H   21       -0.496684       -0.183833        0.165137
     H   21        0.434782        0.165137       -0.144556

     C   22        0.170989        0.423418       -0.225086
     C   22        0.423418        0.117721        0.016965
     C   22       -0.225086        0.016965       -0.288710

     C   23       -0.790766       -0.256674       -0.239923
     C   23       -0.256674        0.592230       -0.685059
     C   23       -0.239923       -0.685059        0.198536

     Cl  24       -0.166375        1.359383        0.069967
     Cl  24        1.359383       -0.563612       -1.047509
     Cl  24        0.069967       -1.047509        0.729987

     ----- total EFG (symmetrized) -----
     Cl   1        0.130952       -0.951704       -0.554090
     Cl   1       -0.951704        2.317382       -1.420029
     Cl   1       -0.554090       -1.420029       -2.448334

     C    2       -0.697809        0.230962       -0.100588
     C    2        0.230962        0.662460        0.289500
     C    2       -0.100588        0.289500        0.035348

     C    3        0.212900       -0.048799        0.125454
     C    3       -0.048799        0.203940       -0.211945
     C    3        0.125454       -0.211945       -0.416840

     H    4        0.525292        0.253506        0.263755
     H    4        0.253506       -0.478106        0.427394
     H    4        0.263755        0.427394       -0.047186

     C    5       -0.671047        0.204941       -0.093069
     C    5        0.204941        0.698853        0.127408
     C    5       -0.093069        0.127408       -0.027806

     H    6       -0.017936       -0.064094        0.174486
     H    6       -0.064094        0.360159        0.483409
     H    6        0.174486        0.483409       -0.342223

     H    7       -0.052195        0.006099        0.008801
     H    7        0.006099       -0.022818       -0.208555
     H    7        0.008801       -0.208555        0.075014

     C    8        0.116636       -0.041461       -0.030133
     C    8       -0.041461        0.172809       -0.023526
     C    8       -0.030133       -0.023526       -0.289444

     H    9        0.547429        0.118446        0.427447
     H    9        0.118446       -0.476771       -0.359126
     H    9        0.427447       -0.359126       -0.070658

     C   10       -0.539244       -0.174731       -0.110978
     C   10       -0.174731        0.570736        0.013929
     C   10       -0.110978        0.013929       -0.031492

     C   11        0.136258        0.327426       -0.210994
     C   11        0.327426        0.295003        0.568230
     C   11       -0.210994        0.568230       -0.431261

     Cl  12       -0.845458        0.181033       -0.707210
     Cl  12        0.181033        0.521931        2.108086
     Cl  12       -0.707210        2.108086        0.323527

     H   13       -0.152976       -0.023029        0.142662
     H   13       -0.023029        0.308598        0.257225
     H   13        0.142662        0.257225       -0.155622

     C   14       -0.019110       -0.230662       -0.007035
     C   14       -0.230662       -0.262777        0.192426
     C   14       -0.007035        0.192426        0.281887

     H   15        0.464670       -0.084379        0.177726
     H   15       -0.084379       -0.127471       -0.094114
     H   15        0.177726       -0.094114       -0.337199

     C   16       -0.893970        0.142586       -0.239215
     C   16        0.142586        0.522207        0.564976
     C   16       -0.239215        0.564976        0.371763

     C   17        0.126111       -0.085801        0.037228
     C   17       -0.085801        0.320711       -0.250551
     C   17        0.037228       -0.250551       -0.446822

     Cl  18       -0.206788       -1.782923        0.413301
     Cl  18       -1.782923        0.420952       -1.601036
     Cl  18        0.413301       -1.601036       -0.214164

     H   19       -0.440692       -0.277513       -0.201976
     H   19       -0.277513        0.314914       -0.282481
     H   19       -0.201976       -0.282481        0.125778

     C   20       -0.443567        0.009280       -0.202232
     C   20        0.009280        0.530833       -0.296143
     C   20       -0.202232       -0.296143       -0.087265

     H   21        0.328389       -0.496684        0.434782
     H   21       -0.496684       -0.183833        0.165137
     H   21        0.434782        0.165137       -0.144556

     C   22        0.170989        0.423418       -0.225086
     C   22        0.423418        0.117721        0.016965
     C   22       -0.225086        0.016965       -0.288710

     C   23       -0.790766       -0.256674       -0.239923
     C   23       -0.256674        0.592230       -0.685059
     C   23       -0.239923       -0.685059        0.198536

     Cl  24       -0.166375        1.359383        0.069967
     Cl  24        1.359383       -0.563612       -1.047509
     Cl  24        0.069967       -1.047509        0.729987


     NQR/NMR SPECTROSCOPIC PARAMETERS:
     Cl   1    Vxx=    0.1121    axis=(  0.928823  0.199991 -0.311916)
     Cl   1    Vyy=    2.9290    axis=( -0.275077  0.936176 -0.218877)
     Cl   1    Vzz=   -3.0411    axis=(  0.248235  0.289099  0.924555)
     Cl   1  Q=        -8.1650 1e-30 m^2  Cq=        58.3426 MHz  eta= 0.92627

     C    2    Vxx=   -0.0330    axis=( -0.244431 -0.302356  0.921322)
     C    2    Vyy=   -0.7645    axis=( -0.962042  0.194538 -0.191391)
     C    2    Vzz=    0.7975    axis=( -0.121364 -0.933132 -0.338430)
     C    2  Q=         1.0000 1e-30 m^2  Cq=         1.8738 MHz  eta= 0.91731

     C    3    Vxx=    0.1638    axis=(  0.777438  0.626039 -0.060539)
     C    3    Vyy=    0.3343    axis=( -0.611162  0.729195 -0.307823)
     C    3    Vzz=   -0.4981    axis=( -0.148565  0.276313  0.949516)
     C    3  Q=         1.0000 1e-30 m^2  Cq=        -1.1704 MHz  eta= 0.34222

     H    4    Vxx=   -0.0164    axis=( -0.544078  0.389292  0.743256)
     H    4    Vyy=   -0.7466    axis=( -0.067920  0.862505 -0.501470)
     H    4    Vzz=    0.7630    axis=(  0.836281  0.323321  0.442829)
     H    4  Q=         1.0000 1e-30 m^2  Cq=         1.7927 MHz  eta= 0.95700

     C    5    Vxx=   -0.0265    axis=( -0.179383 -0.120814  0.976333)
     C    5    Vyy=   -0.7190    axis=( -0.974844  0.155280 -0.159895)
     C    5    Vzz=    0.7454    axis=(  0.132287  0.980455  0.145630)
     C    5  Q=         1.0000 1e-30 m^2  Cq=         1.7515 MHz  eta= 0.92898

     H    6    Vxx=    0.0358    axis=(  0.958311 -0.161702  0.235568)
     H    6    Vyy=    0.6073    axis=( -0.037025 -0.887778 -0.458780)
     H    6    Vzz=   -0.6431    axis=(  0.283318  0.430932 -0.856755)
     H    6  Q=         1.0000 1e-30 m^2  Cq=        -1.5110 MHz  eta= 0.88875

     H    7    Vxx=   -0.0515    axis=(  0.997144  0.065196  0.038115)
     H    7    Vyy=   -0.1889    axis=( -0.074767  0.781163  0.619834)
     H    7    Vzz=    0.2403    axis=(  0.010636 -0.620914  0.783807)
     H    7  Q=         1.0000 1e-30 m^2  Cq=         0.5647 MHz  eta= 0.57178

     C    8    Vxx=    0.0983    axis=(  0.882396  0.460501 -0.096516)
     C    8    Vyy=    0.1949    axis=(  0.463833 -0.885810  0.014170)
     C    8    Vzz=   -0.2932    axis=(  0.078970  0.057271  0.995231)
     C    8  Q=         1.0000 1e-30 m^2  Cq=        -0.6889 MHz  eta= 0.32948

     H    9    Vxx=    0.0007    axis=(  0.400463  0.612157 -0.681831)
     H    9    Vyy=    0.7689    axis=(  0.880777 -0.051946  0.470673)
     H    9    Vzz=   -0.7696    axis=( -0.252707  0.789028  0.559976)
     H    9  Q=         1.0000 1e-30 m^2  Cq=        -1.8082 MHz  eta= 0.99814

     C   10    Vxx=   -0.0121    axis=( -0.180707 -0.077601  0.980471)
     C   10    Vyy=   -0.5870    axis=( -0.971050 -0.144269 -0.190389)
     C   10    Vzz=    0.5991    axis=(  0.156226 -0.986491 -0.049284)
     C   10  Q=         1.0000 1e-30 m^2  Cq=         1.4077 MHz  eta= 0.95947

     C   11    Vxx=    0.1817    axis=(  0.867493 -0.178696 -0.464245)
     C   11    Vyy=    0.6809    axis=( -0.371445 -0.853453 -0.365578)
     C   11    Vzz=   -0.8626    axis=(  0.330884 -0.489577  0.806740)
     C   11  Q=         1.0000 1e-30 m^2  Cq=        -2.0268 MHz  eta= 0.57867

     Cl  12    Vxx=   -0.5353    axis=( -0.870793 -0.405431  0.278110)
     Cl  12    Vyy=   -2.0362    axis=( -0.479887  0.577914 -0.660094)
     Cl  12    Vzz=    2.5716    axis=(  0.106899 -0.708266 -0.697805)
     Cl  12  Q=        -8.1650 1e-30 m^2  Cq=       -49.3340 MHz  eta= 0.58367

     H   13    Vxx=   -0.0620    axis=(  0.828497 -0.283674  0.482827)
     H   13    Vyy=   -0.3635    axis=(  0.555981  0.313656 -0.769743)
     H   13    Vzz=    0.4254    axis=(  0.066915  0.906173  0.417580)
     H   13  Q=         1.0000 1e-30 m^2  Cq=         0.9996 MHz  eta= 0.70876

     C   14    Vxx=    0.0771    axis=(  0.851991 -0.366653  0.373734)
     C   14    Vyy=    0.3618    axis=(  0.237717 -0.365106 -0.900105)
     C   14    Vzz=   -0.4389    axis=(  0.466479  0.855724 -0.223907)
     C   14  Q=         1.0000 1e-30 m^2  Cq=        -1.0312 MHz  eta= 0.64878

     H   15    Vxx=   -0.1221    axis=(  0.209416  0.947516 -0.241574)
     H   15    Vyy=   -0.3964    axis=( -0.167925  0.278230  0.945721)
     H   15    Vzz=    0.5186    axis=(  0.963300 -0.157483  0.217378)
     H   15  Q=         1.0000 1e-30 m^2  Cq=         1.2184 MHz  eta= 0.52899

     C   16    Vxx=   -0.0358    axis=( -0.303254 -0.638606  0.707262)
     C   16    Vyy=   -0.9825    axis=( -0.952520  0.181928 -0.244146)
     C   16    Vzz=    1.0183    axis=(  0.027242 -0.747720 -0.663455)
     C   16  Q=         1.0000 1e-30 m^2  Cq=         2.3926 MHz  eta= 0.92969

     C   17    Vxx=    0.0974    axis=(  0.954552  0.290119 -0.068273)
     C   17    Vyy=    0.4242    axis=( -0.297526  0.914055 -0.275647)
     C   17    Vzz=   -0.5216    axis=( -0.017565  0.283432  0.958831)
     C   17  Q=         1.0000 1e-30 m^2  Cq=        -1.2255 MHz  eta= 0.62662

     Cl  18    Vxx=   -0.6214    axis=( -0.661528  0.019928  0.749656)
     Cl  18    Vyy=   -2.0885    axis=(  0.551386  0.690472  0.468211)
     Cl  18    Vzz=    2.7099    axis=( -0.508286  0.723085 -0.467754)
     Cl  18  Q=        -8.1650 1e-30 m^2  Cq=       -51.9887 MHz  eta= 0.54136

     H   19    Vxx=    0.1071    axis=( -0.488744  0.400717  0.774955)
     H   19    Vyy=    0.5326    axis=(  0.132679 -0.843802  0.519994)
     H   19    Vzz=   -0.6397    axis=( -0.862279 -0.356964 -0.359236)
     H   19  Q=         1.0000 1e-30 m^2  Cq=        -1.5031 MHz  eta= 0.66519

     C   20    Vxx=   -0.1079    axis=(  0.470355 -0.376810 -0.797985)
     C   20    Vyy=   -0.5486    axis=( -0.878940 -0.119145 -0.461811)
     C   20    Vzz=    0.6565    axis=(  0.078939  0.918596 -0.387234)
     C   20  Q=         1.0000 1e-30 m^2  Cq=         1.5424 MHz  eta= 0.67126

     H   21    Vxx=    0.0021    axis=( -0.002894 -0.659736 -0.751492)
     H   21    Vyy=    0.7367    axis=( -0.850452  0.396946 -0.345204)
     H   21    Vzz=   -0.7388    axis=(  0.526045  0.638109 -0.562222)
     H   21  Q=         1.0000 1e-30 m^2  Cq=        -1.7359 MHz  eta= 0.99434

     C   22    Vxx=   -0.1331    axis=(  0.404490 -0.638541 -0.654716)
     C   22    Vyy=   -0.4628    axis=(  0.537292 -0.413400  0.735131)
     C   22    Vzz=    0.5959    axis=( -0.740071 -0.649127  0.175867)
     C   22  Q=         1.0000 1e-30 m^2  Cq=         1.4000 MHz  eta= 0.55324

     C   23    Vxx=   -0.1355    axis=(  0.465215 -0.514218 -0.720524)
     C   23    Vyy=   -0.9747    axis=( -0.884568 -0.300752 -0.356494)
     C   23    Vzz=    1.1102    axis=( -0.033383  0.803199 -0.594775)
     C   23  Q=         1.0000 1e-30 m^2  Cq=         2.6085 MHz  eta= 0.75596

     Cl  24    Vxx=    0.4010    axis=(  0.697603  0.256710  0.668917)
     Cl  24    Vyy=    1.6075    axis=(  0.430304  0.596373 -0.677627)
     Cl  24    Vzz=   -2.0084    axis=(  0.572878 -0.760552 -0.305568)
     Cl  24  Q=        -8.1650 1e-30 m^2  Cq=        38.5304 MHz  eta= 0.60073

     Initialization:
     gipaw_setup  :      9.37s CPU     11.02s WALL (       1 calls)

     Linear response

     Apply operators

     Induced current

     Other routines
     efg          :      9.37s CPU     12.16s WALL (       1 calls)

     General routines
     calbec       :      3.39s CPU      4.69s WALL (      16 calls)
     fft          :      1.61s CPU      2.56s WALL (      15 calls)
     ffts         :      0.04s CPU      0.05s WALL (       2 calls)
     fftw         :      3.22s CPU      4.14s WALL (     672 calls)
     davcio       :      0.04s CPU      0.32s WALL (      32 calls)

     Parallel routines
     fft_scatter  :      2.39s CPU      4.01s WALL (     689 calls)

     Plugins

     GIPAW        :     61.79s CPU     73.92s WALL (       1 calls)
