
     Program QE v.6.0 (svn rev. 13079) starts on  2Jan2017 at 12: 8: 7 

     This program is part of the open-source Quantum ESPRESSO suite
     for quantum simulation of materials; please cite
         "P. Giannozzi et al., J. Phys.:Condens. Matter 21 395502 (2009);
          URL http://www.quantum-espresso.org", 
     in publications or presentations arising from this work. More details at
     http://www.quantum-espresso.org/quote

     Parallel version (MPI), running on     8 processors
     R & G space division:  proc/nbgrp/npool/nimage =       8

     ***** This is GIPAW svn revision unknown      *****

     Parallelizing q-star over 1 images

     Reading data from directory:
     /users/majewski/paradichlorobenzene/pbe/9_constraint/scratch/pbe.ecut100.np8.dt60.pcl2phi-129368.save
     Message from routine read_xml_file:
     file /users/majewski/paradichlorobenzene/pbe/9_constraint/scratch/pbe.ecut100.np8.dt60.pcl2phi-129368.save not guaranteed to be safe for post-processing

   Info: using nr1, nr2, nr3 values from input

   Info: using nr1, nr2, nr3 values from input

     IMPORTANT: XC functional enforced from input :
     Exchange-correlation      =  SLA  PW   PBX  PBC ( 1  4  3  4 0 0)
     Any further DFT definition will be discarded
     Please, verify this is what you really want

               file C.pbe-n-kjpaw_psl.1.0.0.UPF: wavefunction(s)  2S 2P renormalized
               file Cl.pbe-n-kjpaw_psl.1.0.0.UPF: wavefunction(s)  3S 3P renormalized
               file H.pbe-kjpaw_psl.1.0.0.UPF: wavefunction(s)  1S renormalized

     Parallelization info
     --------------------
     sticks:   dense  smooth     PW     G-vecs:    dense   smooth      PW
     Min        3057    1223    332               144436    36536    5170
     Max        3059    1225    333               144437    36537    5171
     Sum       24467    9791   2657              1155489   292295   41363


     Subspace diagonalization in iterative solution of the eigenvalue problem:
     a serial algorithm will be used

     GIPAW projectors -----------------------------------------------
     atom=  C    l=0  rc=    1.2000  rs=    0.8000
     atom=  C    l=0  rc=    1.2000  rs=    0.8000
     atom=  C    l=1  rc=    1.4000  rs=    0.9333
     atom=  C    l=1  rc=    1.4000  rs=    0.9333
     projs nearly linearly dependent: l=1  n1,n2= 1, 2  s=  0.99951561

     atom=  Cl   l=0  rc=    1.6000  rs=    1.0667
     atom=  Cl   l=0  rc=    1.6000  rs=    1.0667
     atom=  Cl   l=1  rc=    1.6000  rs=    1.0667
     atom=  Cl   l=1  rc=    1.6000  rs=    1.0667
     atom=  Cl   l=2  rc=    1.6000  rs=    1.0667
     atom=  Cl   l=2  rc=    1.6000  rs=    1.0667
     projs nearly linearly dependent: l=2  n1,n2= 1, 2  s=  0.99993509

     atom=  H    l=0  rc=    1.0000  rs=    0.6667
     atom=  H    l=0  rc=    1.0000  rs=    0.6667
     projs nearly linearly dependent: l=0  n1,n2= 1, 2  s=  0.99968852
     -----------------------------------------------------------------

     GIPAW integrals: -------------------------------------------
     Atom  i/j   nmr_para   nmr_dia   epr_rmc  epr_para   epr_dia
       C   1 1   0.83E+03  0.17E-01  0.93E+01  0.24E+08  0.24E+03
       C   2 1   0.86E+03 -0.61E-01  0.94E+01  0.25E+08  0.25E+03
       C   2 2   0.90E+03 -0.15E+00  0.97E+01  0.26E+08  0.26E+03
       C   3 3   0.33E+01  0.34E+00  0.18E+01  0.55E+03  0.21E+02
       C   4 3   0.35E+01  0.37E+00  0.20E+01  0.59E+03  0.22E+02
       C   4 4   0.38E+01  0.39E+00  0.22E+01  0.63E+03  0.24E+02
       Cl  1 1   0.14E+04 -0.47E+00  0.84E+01  0.32E+09  0.42E+03
       Cl  2 1   0.21E+04 -0.37E+00  0.12E+02  0.49E+09  0.65E+03
       Cl  2 2   0.33E+04 -0.16E+00  0.21E+02  0.76E+09  0.10E+04
       Cl  3 3   0.21E+02  0.79E-01  0.89E+01  0.23E+05  0.13E+03
       Cl  4 3   0.24E+02  0.67E-01  0.99E+01  0.27E+05  0.15E+03
       Cl  4 4   0.28E+02  0.44E-01  0.11E+02  0.32E+05  0.18E+03
       Cl  5 5   0.77E+00  0.19E+00  0.18E+01  0.12E+03  0.22E+02
       Cl  6 5   0.80E+00  0.19E+00  0.19E+01  0.12E+03  0.23E+02
       Cl  6 6   0.83E+00  0.20E+00  0.19E+01  0.12E+03  0.23E+02
       H   1 1   0.39E+02  0.19E+00  0.29E+00  0.78E+05  0.13E+02
       H   2 1   0.41E+02  0.21E+00  0.32E+00  0.82E+05  0.14E+02
       H   2 2   0.43E+02  0.22E+00  0.36E+00  0.86E+05  0.15E+02
     ------------------------------------------------------------

     alpha_pv=     34.2546 eV

     Number of occupied bands for each k-point:
     k-point:     1    nbnd_occ=  42
     k-point:     2    nbnd_occ=  42
     k-point:     3    nbnd_occ=  42
     k-point:     4    nbnd_occ=  42
     k-point:     5    nbnd_occ=  42
     k-point:     6    nbnd_occ=  42
     k-point:     7    nbnd_occ=  42
     k-point:     8    nbnd_occ=  42
     k-point:     9    nbnd_occ=  42
     k-point:    10    nbnd_occ=  42
     k-point:    11    nbnd_occ=  42
     k-point:    12    nbnd_occ=  42
     k-point:    13    nbnd_occ=  42
     k-point:    14    nbnd_occ=  42
     k-point:    15    nbnd_occ=  42
     k-point:    16    nbnd_occ=  42


     q-space interpolation up to   110.00 Rydberg

     GIPAW job: efg                                                                             


     ELECTRIC FIELD GRADIENTS TENSORS IN Hartree/bohrradius^2:

     ----- bare term -----
     Cl   1        0.094869       -0.022586       -0.127315
     Cl   1       -0.022586       -0.037678       -0.049591
     Cl   1       -0.127315       -0.049591       -0.057190

     C    2       -0.165109        0.253487       -0.243527
     C    2        0.253487       -0.194317       -0.445354
     C    2       -0.243527       -0.445354        0.359426

     C    3       -0.112167        0.151862       -0.363185
     C    3        0.151862       -0.266549       -0.519805
     C    3       -0.363185       -0.519805        0.378716

     H    4       -0.427712       -0.476260       -0.211793
     H    4       -0.476260        0.124659       -0.041476
     H    4       -0.211793       -0.041476        0.303053

     C    5       -0.563470        0.316284       -0.336239
     C    5        0.316284        0.119813       -0.265343
     C    5       -0.336239       -0.265343        0.443657

     H    6        0.395449        0.000127       -0.112039
     H    6        0.000127       -0.570943       -0.373250
     H    6       -0.112039       -0.373250        0.175494

     H    7        0.458133        0.025048        0.007666
     H    7        0.025048       -0.179988        0.588877
     H    7        0.007666        0.588877       -0.278145

     C    8       -0.117763       -0.420055       -0.020899
     C    8       -0.420055       -0.386576        0.368918
     C    8       -0.020899        0.368918        0.504339

     H    9       -0.630931        0.304460       -0.237163
     H    9        0.304460        0.347667        0.133026
     H    9       -0.237163        0.133026        0.283264

     C   10       -0.352169       -0.327436       -0.328887
     C   10       -0.327436       -0.019850        0.408428
     C   10       -0.328887        0.408428        0.372019

     C   11       -0.261291       -0.041427       -0.331160
     C   11       -0.041427       -0.070934        0.640931
     C   11       -0.331160        0.640931        0.332225

     Cl  12       -0.120185       -0.155580       -0.095667
     Cl  12       -0.155580        0.040077        0.154453
     Cl  12       -0.095667        0.154453        0.080107

     H   13        0.420440       -0.016335       -0.027368
     H   13       -0.016335       -0.686563       -0.381063
     H   13       -0.027368       -0.381063        0.266122

     C   14       -0.213901       -0.202704       -0.379613
     C   14       -0.202704        0.011774       -0.559534
     C   14       -0.379613       -0.559534        0.202127

     H   15       -0.252768       -0.471896       -0.213485
     H   15       -0.471896       -0.084552        0.067164
     H   15       -0.213485        0.067164        0.337320

     C   16       -0.441052        0.326009       -0.021341
     C   16        0.326009        0.005740       -0.447260
     C   16       -0.021341       -0.447260        0.435311

     C   17       -0.127038       -0.091623       -0.275459
     C   17       -0.091623        0.024704       -0.698230
     C   17       -0.275459       -0.698230        0.102334

     Cl  18       -0.215020        0.217634       -0.020445
     Cl  18        0.217634        0.042756       -0.139973
     Cl  18       -0.020445       -0.139973        0.172264

     H   19        0.393297        0.046581       -0.106932
     H   19        0.046581       -0.346322        0.514531
     H   19       -0.106932        0.514531       -0.046975

     C   20       -0.480074       -0.330558       -0.262163
     C   20       -0.330558        0.041044        0.319641
     C   20       -0.262163        0.319641        0.439030

     H   21       -0.619454        0.095969        0.007262
     H   21        0.095969        0.417553        0.242084
     H   21        0.007262        0.242084        0.201901

     C   22       -0.031435       -0.072798       -0.271590
     C   22       -0.072798       -0.398101        0.444733
     C   22       -0.271590        0.444733        0.429537

     C   23       -0.528516       -0.116382       -0.336027
     C   23       -0.116382        0.064256        0.236300
     C   23       -0.336027        0.236300        0.464260

     Cl  24       -0.090622       -0.095248        0.033184
     Cl  24       -0.095248       -0.033880       -0.036813
     Cl  24        0.033184       -0.036813        0.124501

     ----- ionic term -----
     Cl   1        0.165915       -0.217225       -0.011970
     Cl   1       -0.217225       -0.019409        0.008460
     Cl   1       -0.011970        0.008460       -0.146506

     C    2        0.221335       -0.121076        0.191368
     C    2       -0.121076        0.152590        0.417652
     C    2        0.191368        0.417652       -0.373924

     C    3        0.220324       -0.180980        0.114217
     C    3       -0.180980        0.197219        0.405455
     C    3        0.114217        0.405455       -0.417543

     H    4        0.592872        0.499492        0.542683
     H    4        0.499492       -0.285557        0.307503
     H    4        0.542683        0.307503       -0.307315

     C    5        0.415121       -0.149371        0.145551
     C    5       -0.149371        0.079710        0.285438
     C    5        0.145551        0.285438       -0.494832

     H    6       -0.491085       -0.027612       -0.008550
     H    6       -0.027612        0.878889        0.542668
     H    6       -0.008550        0.542668       -0.387804

     H    7       -0.497692        0.053627       -0.014512
     H    7        0.053627        0.533498       -0.767573
     H    7       -0.014512       -0.767573       -0.035805

     C    8        0.313908        0.258185        0.145166
     C    8        0.258185       -0.001010       -0.346333
     C    8        0.145166       -0.346333       -0.312898

     H    9        0.758650       -0.263081        0.561457
     H    9       -0.263081       -0.487987       -0.201115
     H    9        0.561457       -0.201115       -0.270663

     C   10        0.243285        0.268315        0.090205
     C   10        0.268315        0.053324       -0.403795
     C   10        0.090205       -0.403795       -0.296609

     C   11        0.307892        0.147750        0.173969
     C   11        0.147750       -0.005800       -0.375059
     C   11        0.173969       -0.375059       -0.302092

     Cl  12        0.148565        0.204010       -0.012722
     Cl  12        0.204010       -0.001676       -0.013529
     Cl  12       -0.012722       -0.013529       -0.146888

     H   13       -0.513742        0.137993        0.080498
     H   13        0.137993        0.632526        0.718247
     H   13        0.080498        0.718247       -0.118784

     C   14        0.306535       -0.090208        0.183707
     C   14       -0.090208        0.028787        0.349814
     C   14        0.183707        0.349814       -0.335322

     H   15        0.645835        0.342531        0.628446
     H   15        0.342531       -0.405108        0.263992
     H   15        0.628446        0.263992       -0.240727

     C   16        0.181957       -0.187350        0.111115
     C   16       -0.187350        0.148192        0.442873
     C   16        0.111115        0.442873       -0.330149

     C   17        0.260124       -0.105369        0.162664
     C   17       -0.105369        0.136311        0.432916
     C   17        0.162664        0.432916       -0.396435

     Cl  18        0.163895       -0.208245       -0.000198
     Cl  18       -0.208245       -0.008343        0.014734
     Cl  18       -0.000198        0.014734       -0.155552

     H   19       -0.531533       -0.050607        0.023003
     H   19       -0.050607        0.606577       -0.763112
     H   19        0.023003       -0.763112       -0.075044

     C   20        0.305849        0.171890        0.120239
     C   20        0.171890        0.046420       -0.341502
     C   20        0.120239       -0.341502       -0.352269

     H   21        0.790207       -0.366542        0.519243
     H   21       -0.366542       -0.414487       -0.210711
     H   21        0.519243       -0.210711       -0.375720

     C   22        0.166989        0.166495        0.100563
     C   22        0.166495        0.183927       -0.447777
     C   22        0.100563       -0.447777       -0.350916

     C   23        0.174048        0.165408        0.193160
     C   23        0.165408        0.140042       -0.460983
     C   23        0.193160       -0.460983       -0.314090

     Cl  24        0.124897        0.232453       -0.033866
     Cl  24        0.232453        0.023381       -0.037948
     Cl  24       -0.033866       -0.037948       -0.148278

     ----- GIPAW term -----
     Cl   1        2.169161       -1.988139       -1.200949
     Cl   1       -1.988139       -0.472308       -0.379933
     Cl   1       -1.200949       -0.379933       -1.696853

     C    2        0.112928       -0.111407       -0.031949
     C    2       -0.111407       -0.051617       -0.066444
     C    2       -0.031949       -0.066444       -0.061311

     C    3        0.004310        0.004833       -0.150734
     C    3        0.004833       -0.068058       -0.084999
     C    3       -0.150734       -0.084999        0.063748

     H    4       -0.000000        0.000000        0.000000
     H    4        0.000000        0.000000        0.000000
     H    4        0.000000        0.000000        0.000000

     C    5       -0.112889        0.004917       -0.050628
     C    5        0.004917        0.088858       -0.019642
     C    5       -0.050628       -0.019642        0.024031

     H    6       -0.000000        0.000000        0.000000
     H    6        0.000000        0.000000        0.000000
     H    6        0.000000        0.000000        0.000000

     H    7       -0.000000        0.000000        0.000000
     H    7        0.000000        0.000000        0.000000
     H    7        0.000000        0.000000        0.000000

     C    8        0.000422       -0.127920        0.122237
     C    8       -0.127920       -0.152441       -0.002575
     C    8        0.122237       -0.002575        0.152019

     H    9       -0.000000        0.000000        0.000000
     H    9        0.000000        0.000000        0.000000
     H    9        0.000000        0.000000        0.000000

     C   10       -0.086324       -0.106430       -0.092954
     C   10       -0.106430        0.071955        0.072019
     C   10       -0.092954        0.072019        0.014370

     C   11       -0.053535        0.060588       -0.113526
     C   11        0.060588       -0.014107        0.219456
     C   11       -0.113526        0.219456        0.067642

     Cl  12        0.124976        0.475641       -1.271041
     Cl  12        0.475641        0.416615        1.916513
     Cl  12       -1.271041        1.916513       -0.541590

     H   13       -0.000000        0.000000        0.000000
     H   13        0.000000        0.000000        0.000000
     H   13        0.000000        0.000000        0.000000

     C   14       -0.023082       -0.177727       -0.022736
     C   14       -0.177727        0.095431       -0.170271
     C   14       -0.022736       -0.170271       -0.072349

     H   15       -0.000000        0.000000        0.000000
     H   15        0.000000        0.000000        0.000000
     H   15        0.000000        0.000000        0.000000

     C   16       -0.182423        0.004751        0.025584
     C   16        0.004751        0.123784       -0.215940
     C   16        0.025584       -0.215940        0.058639

     C   17       -0.078178       -0.063157       -0.056105
     C   17       -0.063157        0.112671       -0.245996
     C   17       -0.056105       -0.245996       -0.034493

     Cl  18       -0.894611       -0.637474       -0.464524
     Cl  18       -0.637474        0.757882       -2.315291
     Cl  18       -0.464524       -2.315291        0.136729

     H   19       -0.000000        0.000000        0.000000
     H   19        0.000000        0.000000        0.000000
     H   19        0.000000        0.000000        0.000000

     C   20       -0.069535        0.012018       -0.015799
     C   20        0.012018        0.049083        0.064722
     C   20       -0.015799        0.064722        0.020452

     H   21       -0.000000        0.000000        0.000000
     H   21        0.000000        0.000000        0.000000
     H   21        0.000000        0.000000        0.000000

     C   22       -0.076631        0.065776       -0.112368
     C   22        0.065776       -0.046739       -0.084079
     C   22       -0.112368       -0.084079        0.123370

     C   23       -0.097085        0.068127       -0.006076
     C   23        0.068127        0.005250       -0.089693
     C   23       -0.006076       -0.089693        0.091835

     Cl  24       -0.463216        0.891749        1.137026
     Cl  24        0.891749       -1.211690       -1.155813
     Cl  24        1.137026       -1.155813        1.674906

     ----- total EFG -----
     Cl   1        2.429945       -2.227950       -1.340235
     Cl   1       -2.227950       -0.529396       -0.421065
     Cl   1       -1.340235       -0.421065       -1.900549

     C    2        0.169153        0.021004       -0.084107
     C    2        0.021004       -0.093344       -0.094147
     C    2       -0.084107       -0.094147       -0.075809

     C    3        0.112467       -0.024286       -0.399703
     C    3       -0.024286       -0.137388       -0.199349
     C    3       -0.399703       -0.199349        0.024922

     H    4        0.165161        0.023231        0.330890
     H    4        0.023231       -0.160898        0.266027
     H    4        0.330890        0.266027       -0.004263

     C    5       -0.261238        0.171830       -0.241317
     C    5        0.171830        0.288381        0.000453
     C    5       -0.241317        0.000453       -0.027143

     H    6       -0.095636       -0.027485       -0.120589
     H    6       -0.027485        0.307947        0.169419
     H    6       -0.120589        0.169419       -0.212311

     H    7       -0.039560        0.078675       -0.006846
     H    7        0.078675        0.353510       -0.178695
     H    7       -0.006846       -0.178695       -0.313950

     C    8        0.196567       -0.289790        0.246505
     C    8       -0.289790       -0.540027        0.020011
     C    8        0.246505        0.020011        0.343460

     H    9        0.127720        0.041379        0.324294
     H    9        0.041379       -0.140320       -0.068090
     H    9        0.324294       -0.068090        0.012600

     C   10       -0.195208       -0.165550       -0.331636
     C   10       -0.165550        0.105429        0.076652
     C   10       -0.331636        0.076652        0.089779

     C   11       -0.006934        0.166911       -0.270718
     C   11        0.166911       -0.090841        0.485329
     C   11       -0.270718        0.485329        0.097775

     Cl  12        0.153356        0.524071       -1.379430
     Cl  12        0.524071        0.455016        2.057437
     Cl  12       -1.379430        2.057437       -0.608371

     H   13       -0.093301        0.121658        0.053129
     H   13        0.121658       -0.054037        0.337184
     H   13        0.053129        0.337184        0.147338

     C   14        0.069553       -0.470639       -0.218642
     C   14       -0.470639        0.135992       -0.379992
     C   14       -0.218642       -0.379992       -0.205544

     H   15        0.393067       -0.129365        0.414961
     H   15       -0.129365       -0.489660        0.331156
     H   15        0.414961        0.331156        0.096593

     C   16       -0.441517        0.143410        0.115358
     C   16        0.143410        0.277716       -0.220328
     C   16        0.115358       -0.220328        0.163801

     C   17        0.054908       -0.260149       -0.168900
     C   17       -0.260149        0.273686       -0.511309
     C   17       -0.168900       -0.511309       -0.328594

     Cl  18       -0.945736       -0.628086       -0.485167
     Cl  18       -0.628086        0.792295       -2.440530
     Cl  18       -0.485167       -2.440530        0.153441

     H   19       -0.138235       -0.004026       -0.083928
     H   19       -0.004026        0.260255       -0.248581
     H   19       -0.083928       -0.248581       -0.122020

     C   20       -0.243760       -0.146650       -0.157722
     C   20       -0.146650        0.136547        0.042861
     C   20       -0.157722        0.042861        0.107213

     H   21        0.170753       -0.270573        0.526505
     H   21       -0.270573        0.003066        0.031372
     H   21        0.526505        0.031372       -0.173819

     C   22        0.058922        0.159472       -0.283395
     C   22        0.159472       -0.260913       -0.087123
     C   22       -0.283395       -0.087123        0.201990

     C   23       -0.451553        0.117153       -0.148943
     C   23        0.117153        0.209548       -0.314376
     C   23       -0.148943       -0.314376        0.242006

     Cl  24       -0.428941        1.028955        1.136343
     Cl  24        1.028955       -1.222188       -1.230575
     Cl  24        1.136343       -1.230575        1.651129

     ----- total EFG (symmetrized) -----
     Cl   1        2.429945       -2.227950       -1.340235
     Cl   1       -2.227950       -0.529396       -0.421065
     Cl   1       -1.340235       -0.421065       -1.900549

     C    2        0.169153        0.021004       -0.084107
     C    2        0.021004       -0.093344       -0.094147
     C    2       -0.084107       -0.094147       -0.075809

     C    3        0.112467       -0.024286       -0.399703
     C    3       -0.024286       -0.137388       -0.199349
     C    3       -0.399703       -0.199349        0.024922

     H    4        0.165161        0.023231        0.330890
     H    4        0.023231       -0.160898        0.266027
     H    4        0.330890        0.266027       -0.004263

     C    5       -0.261238        0.171830       -0.241317
     C    5        0.171830        0.288381        0.000453
     C    5       -0.241317        0.000453       -0.027143

     H    6       -0.095636       -0.027485       -0.120589
     H    6       -0.027485        0.307947        0.169419
     H    6       -0.120589        0.169419       -0.212311

     H    7       -0.039560        0.078675       -0.006846
     H    7        0.078675        0.353510       -0.178695
     H    7       -0.006846       -0.178695       -0.313950

     C    8        0.196567       -0.289790        0.246505
     C    8       -0.289790       -0.540027        0.020011
     C    8        0.246505        0.020011        0.343460

     H    9        0.127720        0.041379        0.324294
     H    9        0.041379       -0.140320       -0.068090
     H    9        0.324294       -0.068090        0.012600

     C   10       -0.195208       -0.165550       -0.331636
     C   10       -0.165550        0.105429        0.076652
     C   10       -0.331636        0.076652        0.089779

     C   11       -0.006934        0.166911       -0.270718
     C   11        0.166911       -0.090841        0.485329
     C   11       -0.270718        0.485329        0.097775

     Cl  12        0.153356        0.524071       -1.379430
     Cl  12        0.524071        0.455016        2.057437
     Cl  12       -1.379430        2.057437       -0.608371

     H   13       -0.093301        0.121658        0.053129
     H   13        0.121658       -0.054037        0.337184
     H   13        0.053129        0.337184        0.147338

     C   14        0.069553       -0.470639       -0.218642
     C   14       -0.470639        0.135992       -0.379992
     C   14       -0.218642       -0.379992       -0.205544

     H   15        0.393067       -0.129365        0.414961
     H   15       -0.129365       -0.489660        0.331156
     H   15        0.414961        0.331156        0.096593

     C   16       -0.441517        0.143410        0.115358
     C   16        0.143410        0.277716       -0.220328
     C   16        0.115358       -0.220328        0.163801

     C   17        0.054908       -0.260149       -0.168900
     C   17       -0.260149        0.273686       -0.511309
     C   17       -0.168900       -0.511309       -0.328594

     Cl  18       -0.945736       -0.628086       -0.485167
     Cl  18       -0.628086        0.792295       -2.440530
     Cl  18       -0.485167       -2.440530        0.153441

     H   19       -0.138235       -0.004026       -0.083928
     H   19       -0.004026        0.260255       -0.248581
     H   19       -0.083928       -0.248581       -0.122020

     C   20       -0.243760       -0.146650       -0.157722
     C   20       -0.146650        0.136547        0.042861
     C   20       -0.157722        0.042861        0.107213

     H   21        0.170753       -0.270573        0.526505
     H   21       -0.270573        0.003066        0.031372
     H   21        0.526505        0.031372       -0.173819

     C   22        0.058922        0.159472       -0.283395
     C   22        0.159472       -0.260913       -0.087123
     C   22       -0.283395       -0.087123        0.201990

     C   23       -0.451553        0.117153       -0.148943
     C   23        0.117153        0.209548       -0.314376
     C   23       -0.148943       -0.314376        0.242006

     Cl  24       -0.428941        1.028955        1.136343
     Cl  24        1.028955       -1.222188       -1.230575
     Cl  24        1.136343       -1.230575        1.651129


     NQR/NMR SPECTROSCOPIC PARAMETERS:
     Cl   1    Vxx=   -0.8959    axis=(  0.240535  0.738193 -0.630249)
     Cl   1    Vyy=   -2.9038    axis=(  0.404722  0.513899  0.756378)
     Cl   1    Vzz=    3.7996    axis=(  0.882237 -0.437011 -0.175152)
     Cl   1  Q=        -8.1650 1e-30 m^2  Cq=       -72.8939 MHz  eta= 0.52845

     C    2    Vxx=   -0.0193    axis=( -0.356530  0.694022 -0.625476)
     C    2    Vyy=   -0.1844    axis=( -0.125932 -0.699060 -0.703887)
     C    2    Vzz=    0.2036    axis=( -0.925758 -0.172190  0.336636)
     C    2  Q=         1.0000 1e-30 m^2  Cq=         0.4785 MHz  eta= 0.81059

     C    3    Vxx=   -0.0622    axis=(  0.475714 -0.840607  0.258988)
     C    3    Vyy=   -0.4307    axis=( -0.525257 -0.507659 -0.682926)
     C    3    Vzz=    0.4929    axis=( -0.705550 -0.188842  0.683036)
     C    3  Q=         1.0000 1e-30 m^2  Cq=         1.1582 MHz  eta= 0.74752

     H    4    Vxx=   -0.0494    axis=(  0.615567 -0.706272 -0.349653)
     H    4    Vyy=   -0.4287    axis=(  0.353083  0.643813 -0.678850)
     H    4    Vzz=    0.4781    axis=( -0.704564 -0.294421 -0.645683)
     H    4  Q=         1.0000 1e-30 m^2  Cq=         1.1234 MHz  eta= 0.79316

     C    5    Vxx=    0.0898    axis=( -0.407771  0.350875  0.842977)
     C    5    Vyy=    0.3523    axis=(  0.341101  0.914917 -0.215819)
     C    5    Vzz=   -0.4421    axis=( -0.846979  0.199535 -0.492760)
     C    5  Q=         1.0000 1e-30 m^2  Cq=        -1.0388 MHz  eta= 0.59387

     H    6    Vxx=   -0.0500    axis=(  0.884202  0.253558 -0.392295)
     H    6    Vyy=   -0.3165    axis=( -0.447038  0.215833 -0.868086)
     H    6    Vzz=    0.3665    axis=( -0.135440  0.942934  0.304190)
     H    6  Q=         1.0000 1e-30 m^2  Cq=         0.8612 MHz  eta= 0.72710

     H    7    Vxx=   -0.0525    axis=(  0.984576 -0.155376  0.080428)
     H    7    Vyy=   -0.3593    axis=(  0.040085 -0.247138 -0.968151)
     H    7    Vzz=    0.4118    axis=(  0.170305  0.956442 -0.237098)
     H    7  Q=         1.0000 1e-30 m^2  Cq=         0.9676 MHz  eta= 0.74486

     C    8    Vxx=    0.0985    axis=( -0.678970  0.328705  0.656470)
     C    8    Vyy=    0.5524    axis=( -0.645893  0.157657 -0.746972)
     C    8    Vzz=   -0.6509    axis=(  0.349030  0.931181 -0.105264)
     C    8  Q=         1.0000 1e-30 m^2  Cq=        -1.5294 MHz  eta= 0.69727

     H    9    Vxx=   -0.1013    axis=(  0.303144  0.894626 -0.328250)
     H    9    Vyy=   -0.2985    axis=( -0.568939  0.446241  0.690781)
     H    9    Vzz=    0.3998    axis=( -0.764469  0.022652 -0.644263)
     H    9  Q=         1.0000 1e-30 m^2  Cq=         0.9394 MHz  eta= 0.49316

     C   10    Vxx=    0.0372    axis=(  0.116722  0.853500 -0.507852)
     C   10    Vyy=    0.3948    axis=( -0.527857  0.486457  0.696223)
     C   10    Vzz=   -0.4320    axis=(  0.841275  0.186808  0.507306)
     C   10  Q=         1.0000 1e-30 m^2  Cq=        -1.0149 MHz  eta= 0.82786

     C   11    Vxx=    0.1150    axis=(  0.870814  0.482371 -0.094878)
     C   11    Vyy=    0.5219    axis=( -0.227121  0.565908  0.792568)
     C   11    Vzz=   -0.6369    axis=( -0.436004  0.668630 -0.602357)
     C   11  Q=         1.0000 1e-30 m^2  Cq=        -1.4965 MHz  eta= 0.63882

     Cl  12    Vxx=    0.7020    axis=( -0.864376 -0.475670  0.163073)
     Cl  12    Vyy=    2.1672    axis=(  0.265250 -0.706825 -0.655775)
     Cl  12    Vzz=   -2.8692    axis=(  0.427196 -0.523581  0.737134)
     Cl  12  Q=        -8.1650 1e-30 m^2  Cq=        55.0439 MHz  eta= 0.51066

     H   13    Vxx=   -0.0990    axis=(  0.930268  0.109295 -0.350223)
     H   13    Vyy=   -0.3255    axis=( -0.293842  0.793546 -0.532862)
     H   13    Vzz=    0.4245    axis=(  0.219679  0.598615  0.770326)
     H   13  Q=         1.0000 1e-30 m^2  Cq=         0.9974 MHz  eta= 0.53354

     C   14    Vxx=    0.1183    axis=( -0.609203 -0.281345  0.741429)
     C   14    Vyy=    0.6011    axis=( -0.601685  0.773016 -0.201050)
     C   14    Vzz=   -0.7194    axis=( -0.516572 -0.568587 -0.640205)
     C   14  Q=         1.0000 1e-30 m^2  Cq=        -1.6904 MHz  eta= 0.67114

     H   15    Vxx=    0.0291    axis=( -0.539054  0.544570  0.642545)
     H   15    Vyy=    0.6924    axis=( -0.796266 -0.080816 -0.599524)
     H   15    Vzz=   -0.7215    axis=(  0.274555  0.834813 -0.477187)
     H   15  Q=         1.0000 1e-30 m^2  Cq=        -1.6952 MHz  eta= 0.91926

     C   16    Vxx=    0.0569    axis=( -0.335020 -0.547503 -0.766813)
     C   16    Vyy=    0.4506    axis=(  0.051939  0.801875 -0.595229)
     C   16    Vzz=   -0.5074    axis=( -0.940778  0.239241  0.240208)
     C   16  Q=         1.0000 1e-30 m^2  Cq=        -1.1923 MHz  eta= 0.77579

     C   17    Vxx=    0.1138    axis=(  0.898187  0.077666 -0.432699)
     C   17    Vyy=    0.6071    axis=(  0.277733 -0.863216  0.421572)
     C   17    Vzz=   -0.7209    axis=(  0.340770  0.498825  0.796899)
     C   17  Q=         1.0000 1e-30 m^2  Cq=        -1.6938 MHz  eta= 0.68433

     Cl  18    Vxx=   -0.5350    axis=(  0.880753 -0.282336 -0.380212)
     Cl  18    Vyy=   -2.4054    axis=(  0.471852  0.591611  0.653722)
     Cl  18    Vzz=    2.9404    axis=( -0.040368  0.755171 -0.654284)
     Cl  18  Q=        -8.1650 1e-30 m^2  Cq=       -56.4092 MHz  eta= 0.63613

     H   19    Vxx=   -0.0996    axis=(  0.881216 -0.261977 -0.393480)
     H   19    Vyy=   -0.2853    axis=(  0.468221  0.369231  0.802768)
     H   19    Vzz=    0.3849    axis=( -0.065021 -0.891648  0.448036)
     H   19  Q=         1.0000 1e-30 m^2  Cq=         0.9043 MHz  eta= 0.48261

     C   20    Vxx=    0.0788    axis=( -0.051610 -0.676537  0.734598)
     C   20    Vyy=    0.2578    axis=(  0.392898 -0.690015 -0.607874)
     C   20    Vzz=   -0.3366    axis=( -0.918133 -0.257250 -0.301422)
     C   20  Q=         1.0000 1e-30 m^2  Cq=        -0.7909 MHz  eta= 0.53171

     H   21    Vxx=   -0.0070    axis=( -0.083684 -0.897512 -0.432978)
     H   21    Vyy=   -0.6138    axis=(  0.600814  0.301199 -0.740474)
     H   21    Vzz=    0.6208    axis=(  0.794997 -0.322105  0.514032)
     H   21  Q=         1.0000 1e-30 m^2  Cq=         1.4587 MHz  eta= 0.97736

     C   22    Vxx=   -0.1326    axis=(  0.657762  0.373063  0.654349)
     C   22    Vyy=   -0.3291    axis=( -0.429173  0.899543 -0.081444)
     C   22    Vzz=    0.4617    axis=( -0.618999 -0.227258  0.751794)
     C   22  Q=         1.0000 1e-30 m^2  Cq=         1.0847 MHz  eta= 0.42575

     C   23    Vxx=   -0.0883    axis=( -0.041923  0.733072  0.678858)
     C   23    Vyy=   -0.4870    axis=( -0.982626  0.092703 -0.160788)
     C   23    Vzz=    0.5753    axis=( -0.180801 -0.673804  0.716449)
     C   23  Q=         1.0000 1e-30 m^2  Cq=         1.3516 MHz  eta= 0.69308

     Cl  24    Vxx=    0.2554    axis=(  0.780536  0.618586 -0.090087)
     Cl  24    Vyy=    2.3254    axis=(  0.293956 -0.236026  0.926219)
     Cl  24    Vzz=   -2.5807    axis=(  0.551683 -0.749429 -0.366064)
     Cl  24  Q=        -8.1650 1e-30 m^2  Cq=        49.5099 MHz  eta= 0.80210

     Initialization:
     gipaw_setup  :      8.98s CPU     10.68s WALL (       1 calls)

     Linear response

     Apply operators

     Induced current

     Other routines
     efg          :      9.16s CPU     11.76s WALL (       1 calls)

     General routines
     calbec       :      3.23s CPU      4.33s WALL (      16 calls)
     fft          :      1.42s CPU      1.83s WALL (      15 calls)
     ffts         :      0.04s CPU      0.07s WALL (       2 calls)
     fftw         :      3.26s CPU      3.97s WALL (     672 calls)
     davcio       :      0.02s CPU      0.33s WALL (      32 calls)

     Parallel routines
     fft_scatter  :      2.04s CPU      3.13s WALL (     689 calls)

     Plugins

     GIPAW        :     59.99s CPU     73.23s WALL (       1 calls)
