
     Program QE v.6.0 (svn rev. 13079) starts on 15Dec2016 at 20:11: 7 

     This program is part of the open-source Quantum ESPRESSO suite
     for quantum simulation of materials; please cite
         "P. Giannozzi et al., J. Phys.:Condens. Matter 21 395502 (2009);
          URL http://www.quantum-espresso.org", 
     in publications or presentations arising from this work. More details at
     http://www.quantum-espresso.org/quote

     Parallel version (MPI), running on     8 processors
     R & G space division:  proc/nbgrp/npool/nimage =       8

     ***** This is GIPAW svn revision unknown      *****

     Parallelizing q-star over 1 images

     Reading data from directory:
     /users/majewski/paradichlorobenzene/pbe/9_constraint/scratch/pbe.ecut100.np8.dt60.pcl2phi-129368.save
     Message from routine read_xml_file:
     file /users/majewski/paradichlorobenzene/pbe/9_constraint/scratch/pbe.ecut100.np8.dt60.pcl2phi-129368.save not guaranteed to be safe for post-processing

   Info: using nr1, nr2, nr3 values from input

   Info: using nr1, nr2, nr3 values from input

     IMPORTANT: XC functional enforced from input :
     Exchange-correlation      =  SLA  PW   PBX  PBC ( 1  4  3  4 0 0)
     Any further DFT definition will be discarded
     Please, verify this is what you really want

               file C.pbe-n-kjpaw_psl.1.0.0.UPF: wavefunction(s)  2S 2P renormalized
               file Cl.pbe-n-kjpaw_psl.1.0.0.UPF: wavefunction(s)  3S 3P renormalized
               file H.pbe-kjpaw_psl.1.0.0.UPF: wavefunction(s)  1S renormalized

     Parallelization info
     --------------------
     sticks:   dense  smooth     PW     G-vecs:    dense   smooth      PW
     Min        3057    1223    332               144436    36536    5170
     Max        3059    1225    333               144437    36537    5171
     Sum       24467    9791   2657              1155489   292295   41363


     Subspace diagonalization in iterative solution of the eigenvalue problem:
     a serial algorithm will be used

     GIPAW projectors -----------------------------------------------
     atom=  C    l=0  rc=    1.2000  rs=    0.8000
     atom=  C    l=0  rc=    1.2000  rs=    0.8000
     atom=  C    l=1  rc=    1.4000  rs=    0.9333
     atom=  C    l=1  rc=    1.4000  rs=    0.9333
     projs nearly linearly dependent: l=1  n1,n2= 1, 2  s=  0.99951561

     atom=  Cl   l=0  rc=    1.6000  rs=    1.0667
     atom=  Cl   l=0  rc=    1.6000  rs=    1.0667
     atom=  Cl   l=1  rc=    1.6000  rs=    1.0667
     atom=  Cl   l=1  rc=    1.6000  rs=    1.0667
     atom=  Cl   l=2  rc=    1.6000  rs=    1.0667
     atom=  Cl   l=2  rc=    1.6000  rs=    1.0667
     projs nearly linearly dependent: l=2  n1,n2= 1, 2  s=  0.99993509

     atom=  H    l=0  rc=    1.0000  rs=    0.6667
     atom=  H    l=0  rc=    1.0000  rs=    0.6667
     projs nearly linearly dependent: l=0  n1,n2= 1, 2  s=  0.99968852
     -----------------------------------------------------------------

     GIPAW integrals: -------------------------------------------
     Atom  i/j   nmr_para   nmr_dia   epr_rmc  epr_para   epr_dia
       C   1 1   0.83E+03  0.17E-01  0.93E+01  0.24E+08  0.24E+03
       C   2 1   0.86E+03 -0.61E-01  0.94E+01  0.25E+08  0.25E+03
       C   2 2   0.90E+03 -0.15E+00  0.97E+01  0.26E+08  0.26E+03
       C   3 3   0.33E+01  0.34E+00  0.18E+01  0.55E+03  0.21E+02
       C   4 3   0.35E+01  0.37E+00  0.20E+01  0.59E+03  0.22E+02
       C   4 4   0.38E+01  0.39E+00  0.22E+01  0.63E+03  0.24E+02
       Cl  1 1   0.14E+04 -0.47E+00  0.84E+01  0.32E+09  0.42E+03
       Cl  2 1   0.21E+04 -0.37E+00  0.12E+02  0.49E+09  0.65E+03
       Cl  2 2   0.33E+04 -0.16E+00  0.21E+02  0.76E+09  0.10E+04
       Cl  3 3   0.21E+02  0.79E-01  0.89E+01  0.23E+05  0.13E+03
       Cl  4 3   0.24E+02  0.67E-01  0.99E+01  0.27E+05  0.15E+03
       Cl  4 4   0.28E+02  0.44E-01  0.11E+02  0.32E+05  0.18E+03
       Cl  5 5   0.77E+00  0.19E+00  0.18E+01  0.12E+03  0.22E+02
       Cl  6 5   0.80E+00  0.19E+00  0.19E+01  0.12E+03  0.23E+02
       Cl  6 6   0.83E+00  0.20E+00  0.19E+01  0.12E+03  0.23E+02
       H   1 1   0.39E+02  0.19E+00  0.29E+00  0.78E+05  0.13E+02
       H   2 1   0.41E+02  0.21E+00  0.32E+00  0.82E+05  0.14E+02
       H   2 2   0.43E+02  0.22E+00  0.36E+00  0.86E+05  0.15E+02
     ------------------------------------------------------------

     alpha_pv=     33.9719 eV

     Number of occupied bands for each k-point:
     k-point:     1    nbnd_occ=  42
     k-point:     2    nbnd_occ=  42
     k-point:     3    nbnd_occ=  42
     k-point:     4    nbnd_occ=  42
     k-point:     5    nbnd_occ=  42
     k-point:     6    nbnd_occ=  42
     k-point:     7    nbnd_occ=  42
     k-point:     8    nbnd_occ=  42
     k-point:     9    nbnd_occ=  42
     k-point:    10    nbnd_occ=  42
     k-point:    11    nbnd_occ=  42
     k-point:    12    nbnd_occ=  42
     k-point:    13    nbnd_occ=  42
     k-point:    14    nbnd_occ=  42
     k-point:    15    nbnd_occ=  42
     k-point:    16    nbnd_occ=  42


     q-space interpolation up to   110.00 Rydberg

     GIPAW job: efg                                                                             


     ELECTRIC FIELD GRADIENTS TENSORS IN Hartree/bohrradius^2:

     ----- bare term -----
     Cl   1        0.382882        0.036289       -0.085446
     Cl   1        0.036289        0.330544       -0.341248
     Cl   1       -0.085446       -0.341248       -0.713426

     C    2       -0.727349        0.200458       -0.236687
     C    2        0.200458        0.253469       -0.109805
     C    2       -0.236687       -0.109805        0.473880

     C    3        0.111883        0.066968       -0.133812
     C    3        0.066968       -0.452290       -0.451284
     C    3       -0.133812       -0.451284        0.340407

     H    4       -0.529547        0.096525       -0.101438
     H    4        0.096525        0.244689       -0.397784
     H    4       -0.101438       -0.397784        0.284858

     C    5       -0.613330        0.297048       -0.216016
     C    5        0.297048        0.240658       -0.244690
     C    5       -0.216016       -0.244690        0.372672

     H    6        0.316448        0.077952       -0.359186
     H    6        0.077952       -0.175857       -0.357909
     H    6       -0.359186       -0.357909       -0.140591

     H    7        0.384195        0.075279       -0.042525
     H    7        0.075279       -0.576827        0.448545
     H    7       -0.042525        0.448545        0.192631

     C    8       -0.332158       -0.145132       -0.354373
     C    8       -0.145132       -0.068418        0.461484
     C    8       -0.354373        0.461484        0.400576

     H    9       -0.273518        0.050919       -0.550589
     H    9        0.050919        0.168500        0.029166
     H    9       -0.550589        0.029166        0.105018

     C   10       -0.050427       -0.437620       -0.161452
     C   10       -0.437620       -0.319620        0.533648
     C   10       -0.161452        0.533648        0.370046

     C   11       -0.285771       -0.017368       -0.366857
     C   11       -0.017368        0.005483        0.374939
     C   11       -0.366857        0.374939        0.280289

     Cl  12       -0.002593       -0.163338        0.049716
     Cl  12       -0.163338        0.024134       -0.062071
     Cl  12        0.049716       -0.062071       -0.021541

     H   13        0.226228       -0.249990       -0.288632
     H   13       -0.249990       -0.238054       -0.537086
     H   13       -0.288632       -0.537086        0.011827

     C   14       -0.028109        0.498371        0.131264
     C   14        0.498371       -0.472317       -0.404708
     C   14        0.131264       -0.404708        0.500426

     H   15       -0.621683        0.064900       -0.246843
     H   15        0.064900        0.306923       -0.221033
     H   15       -0.246843       -0.221033        0.314760

     C   16       -0.146551        0.194500       -0.333683
     C   16        0.194500       -0.246983       -0.516169
     C   16       -0.333683       -0.516169        0.393533

     C   17       -0.279573       -0.082294       -0.328553
     C   17       -0.082294       -0.074237       -0.624084
     C   17       -0.328553       -0.624084        0.353810

     Cl  18       -0.155190        0.140315        0.088761
     Cl  18        0.140315       -0.103346        0.018274
     Cl  18        0.088761        0.018274        0.258536

     H   19        0.526916        0.028079        0.081282
     H   19        0.028079       -0.007800        0.271886
     H   19        0.081282        0.271886       -0.519116

     C   20       -0.411584       -0.307640       -0.050100
     C   20       -0.307640        0.130407        0.304234
     C   20       -0.050100        0.304234        0.281177

     H   21        0.172244       -0.004098       -0.273152
     H   21       -0.004098        0.176415       -0.229685
     H   21       -0.273152       -0.229685       -0.348659

     C   22        0.165187       -0.083883       -0.053565
     C   22       -0.083883       -0.071217        0.158396
     C   22       -0.053565        0.158396       -0.093970

     C   23       -0.419848       -0.324059       -0.348794
     C   23       -0.324059        0.092257        0.418544
     C   23       -0.348794        0.418544        0.327591

     Cl  24       -0.013869       -0.080413       -0.078192
     Cl  24       -0.080413        0.036656        0.066043
     Cl  24       -0.078192        0.066043       -0.022787

     ----- ionic term -----
     Cl   1        0.091832       -0.181767       -0.054772
     Cl   1       -0.181767        0.012376        0.046853
     Cl   1       -0.054772        0.046853       -0.104208

     C    2        0.283258       -0.124959        0.187137
     C    2       -0.124959       -0.008749        0.441781
     C    2        0.187137        0.441781       -0.274508

     C    3        0.127708       -0.161175        0.104305
     C    3       -0.161175        0.123216        0.483770
     C    3        0.104305        0.483770       -0.250924

     H    4        0.733489        0.313823        0.588663
     H    4        0.313823       -0.456438        0.221481
     H    4        0.588663        0.221481       -0.277051

     C    5        0.295046       -0.179015        0.154366
     C    5       -0.179015       -0.006906        0.373995
     C    5        0.154366        0.373995       -0.288140

     H    6       -0.519995        0.168589        0.139993
     H    6        0.168589        0.464566        0.821509
     H    6        0.139993        0.821509        0.055429

     H    7       -0.519565       -0.102199        0.075292
     H    7       -0.102199        0.625791       -0.718180
     H    7        0.075292       -0.718180       -0.106226

     C    8        0.177226        0.238619        0.328080
     C    8        0.238619        0.061225       -0.258484
     C    8        0.328080       -0.258484       -0.238451

     H    9        0.628171       -0.147995        0.713622
     H    9       -0.147995       -0.484310       -0.163595
     H    9        0.713622       -0.163595       -0.143861

     C   10        0.074707        0.274566        0.230910
     C   10        0.274566        0.167335       -0.345373
     C   10        0.230910       -0.345373       -0.242042

     C   11        0.097743        0.279668        0.359615
     C   11        0.279668        0.050969       -0.324156
     C   11        0.359615       -0.324156       -0.148712

     Cl  12        0.119309        0.202115        0.018811
     Cl  12        0.202115        0.024107       -0.001353
     Cl  12        0.018811       -0.001353       -0.143417

     H   13       -0.512070        0.121284        0.065406
     H   13        0.121284        0.706922        0.721318
     H   13        0.065406        0.721318       -0.194852

     C   14        0.372148       -0.254407        0.136861
     C   14       -0.254407        0.024014        0.353516
     C   14        0.136861        0.353516       -0.396162

     H   15        0.762132        0.136518        0.643934
     H   15        0.136518       -0.531324        0.156828
     H   15        0.643934        0.156828       -0.230808

     C   16        0.164635       -0.281619        0.093906
     C   16       -0.281619        0.124737        0.482343
     C   16        0.093906        0.482343       -0.289372

     C   17        0.205312       -0.186069        0.192131
     C   17       -0.186069        0.088296        0.449233
     C   17        0.192131        0.449233       -0.293608

     Cl  18        0.073504       -0.210585       -0.032304
     Cl  18       -0.210585        0.062937        0.035906
     Cl  18       -0.032304        0.035906       -0.136441

     H   19       -0.537868        0.003744        0.035423
     H   19        0.003744        0.617957       -0.731403
     H   19        0.035423       -0.731403       -0.080089

     C   20        0.145667        0.357021        0.356645
     C   20        0.357021        0.049141       -0.211302
     C   20        0.356645       -0.211302       -0.194808

     H   21        0.306880        0.011857        0.801797
     H   21        0.011857       -0.516472       -0.064176
     H   21        0.801797       -0.064176        0.209591

     C   22        0.016916        0.384934        0.238317
     C   22        0.384934        0.099789       -0.313653
     C   22        0.238317       -0.313653       -0.116706

     C   23        0.137390        0.299055        0.295591
     C   23        0.299055        0.011369       -0.374674
     C   23        0.295591       -0.374674       -0.148759

     Cl  24        0.116323        0.232424        0.012617
     Cl  24        0.232424        0.026222       -0.000652
     Cl  24        0.012617       -0.000652       -0.142545

     ----- GIPAW term -----
     Cl   1        0.383926       -0.468478       -0.101124
     Cl   1       -0.468478        0.149685       -0.030804
     Cl   1       -0.101124       -0.030804       -0.533611

     C    2       -0.111970        0.024392        0.084926
     C    2        0.024392       -0.003036        0.124929
     C    2        0.084926        0.124929        0.115006

     C    3       -0.103130       -0.039431       -0.021918
     C    3       -0.039431        0.050559        0.178427
     C    3       -0.021918        0.178427        0.052571

     H    4       -0.000000        0.000000        0.000000
     H    4        0.000000        0.000000        0.000000
     H    4        0.000000        0.000000        0.000000

     C    5       -0.116069       -0.115793        0.006654
     C    5       -0.115793        0.192115       -0.042810
     C    5        0.006654       -0.042810       -0.076046

     H    6       -0.000000        0.000000        0.000000
     H    6        0.000000        0.000000        0.000000
     H    6        0.000000        0.000000        0.000000

     H    7       -0.000000        0.000000        0.000000
     H    7        0.000000        0.000000        0.000000
     H    7        0.000000        0.000000        0.000000

     C    8       -0.050568       -0.009216       -0.050974
     C    8       -0.009216       -0.004026        0.127342
     C    8       -0.050974        0.127342        0.054594

     H    9       -0.000000        0.000000        0.000000
     H    9        0.000000        0.000000        0.000000
     H    9        0.000000        0.000000        0.000000

     C   10        0.010349       -0.123297       -0.027192
     C   10       -0.123297       -0.028874        0.080603
     C   10       -0.027192        0.080603        0.018525

     C   11        0.052781        0.069874        0.017777
     C   11        0.069874       -0.013068       -0.004662
     C   11        0.017777       -0.004662       -0.039713

     Cl  12        1.446061        0.914740        0.435103
     Cl  12        0.914740        0.365732       -0.528443
     Cl  12        0.435103       -0.528443       -1.811793

     H   13       -0.000000        0.000000        0.000000
     H   13        0.000000        0.000000        0.000000
     H   13        0.000000        0.000000        0.000000

     C   14        0.089421        0.100577        0.215235
     C   14        0.100577       -0.217529       -0.050433
     C   14        0.215235       -0.050433        0.128108

     H   15       -0.000000        0.000000        0.000000
     H   15        0.000000        0.000000        0.000000
     H   15        0.000000        0.000000        0.000000

     C   16       -0.017028        0.016377       -0.124168
     C   16        0.016377       -0.050501       -0.086395
     C   16       -0.124168       -0.086395        0.067529

     C   17       -0.052209       -0.138081       -0.049910
     C   17       -0.138081       -0.028255       -0.190530
     C   17       -0.049910       -0.190530        0.080463

     Cl  18       -0.292980       -1.148412        1.322976
     Cl  18       -1.148412       -1.508343        0.257679
     Cl  18        1.322976        0.257679        1.801322

     H   19       -0.000000        0.000000        0.000000
     H   19        0.000000        0.000000        0.000000
     H   19        0.000000        0.000000        0.000000

     C   20       -0.135071       -0.014697        0.022814
     C   20       -0.014697        0.052413        0.177435
     C   20        0.022814        0.177435        0.082658

     H   21       -0.000000        0.000000        0.000000
     H   21        0.000000        0.000000        0.000000
     H   21        0.000000        0.000000        0.000000

     C   22       -0.014181       -0.004243       -0.010858
     C   22       -0.004243        0.021205        0.040237
     C   22       -0.010858        0.040237       -0.007024

     C   23       -0.130057       -0.004120       -0.067815
     C   23       -0.004120        0.157282        0.210203
     C   23       -0.067815        0.210203       -0.027224

     Cl  24        0.140653        0.194572       -0.894579
     Cl  24        0.194572        1.644646        1.695276
     Cl  24       -0.894579        1.695276       -1.785299

     ----- total EFG -----
     Cl   1        0.858640       -0.613957       -0.241343
     Cl   1       -0.613957        0.492605       -0.325199
     Cl   1       -0.241343       -0.325199       -1.351245

     C    2       -0.556061        0.099891        0.035375
     C    2        0.099891        0.241684        0.456905
     C    2        0.035375        0.456905        0.314378

     C    3        0.136461       -0.133638       -0.051425
     C    3       -0.133638       -0.278514        0.210914
     C    3       -0.051425        0.210914        0.142053

     H    4        0.203942        0.410348        0.487225
     H    4        0.410348       -0.211750       -0.176303
     H    4        0.487225       -0.176303        0.007807

     C    5       -0.434353        0.002240       -0.054996
     C    5        0.002240        0.425867        0.086495
     C    5       -0.054996        0.086495        0.008486

     H    6       -0.203547        0.246541       -0.219194
     H    6        0.246541        0.288709        0.463600
     H    6       -0.219194        0.463600       -0.085162

     H    7       -0.135369       -0.026919        0.032768
     H    7       -0.026919        0.048965       -0.269635
     H    7        0.032768       -0.269635        0.086405

     C    8       -0.205499        0.084270       -0.077266
     C    8        0.084270       -0.011219        0.330343
     C    8       -0.077266        0.330343        0.216718

     H    9        0.354653       -0.097076        0.163033
     H    9       -0.097076       -0.315810       -0.134429
     H    9        0.163033       -0.134429       -0.038843

     C   10        0.034630       -0.286350        0.042266
     C   10       -0.286350       -0.181159        0.268877
     C   10        0.042266        0.268877        0.146529

     C   11       -0.135247        0.332173        0.010534
     C   11        0.332173        0.043383        0.046120
     C   11        0.010534        0.046120        0.091864

     Cl  12        1.562777        0.953517        0.503631
     Cl  12        0.953517        0.413974       -0.591867
     Cl  12        0.503631       -0.591867       -1.976751

     H   13       -0.285842       -0.128706       -0.223226
     H   13       -0.128706        0.468868        0.184232
     H   13       -0.223226        0.184232       -0.183026

     C   14        0.433460        0.344541        0.483360
     C   14        0.344541       -0.665833       -0.101626
     C   14        0.483360       -0.101626        0.232373

     H   15        0.140449        0.201418        0.397091
     H   15        0.201418       -0.224401       -0.064205
     H   15        0.397091       -0.064205        0.083952

     C   16        0.001057       -0.070743       -0.363946
     C   16       -0.070743       -0.172747       -0.120221
     C   16       -0.363946       -0.120221        0.171690

     C   17       -0.126470       -0.406444       -0.186332
     C   17       -0.406444       -0.014195       -0.365382
     C   17       -0.186332       -0.365382        0.140665

     Cl  18       -0.374666       -1.218682        1.379432
     Cl  18       -1.218682       -1.548752        0.311860
     Cl  18        1.379432        0.311860        1.923417

     H   19       -0.010952        0.031822        0.116705
     H   19        0.031822        0.610157       -0.459516
     H   19        0.116705       -0.459516       -0.599206

     C   20       -0.400987        0.034684        0.329359
     C   20        0.034684        0.231960        0.270366
     C   20        0.329359        0.270366        0.169027

     H   21        0.479125        0.007759        0.528646
     H   21        0.007759       -0.340057       -0.293861
     H   21        0.528646       -0.293861       -0.139067

     C   22        0.167923        0.296808        0.173894
     C   22        0.296808        0.049777       -0.115020
     C   22        0.173894       -0.115020       -0.217700

     C   23       -0.412516       -0.029124       -0.121018
     C   23       -0.029124        0.260908        0.254074
     C   23       -0.121018        0.254074        0.151607

     Cl  24        0.243107        0.346583       -0.960154
     Cl  24        0.346583        1.707524        1.760667
     Cl  24       -0.960154        1.760667       -1.950631

     ----- total EFG (symmetrized) -----
     Cl   1        0.858640       -0.613957       -0.241343
     Cl   1       -0.613957        0.492605       -0.325199
     Cl   1       -0.241343       -0.325199       -1.351245

     C    2       -0.556061        0.099891        0.035375
     C    2        0.099891        0.241684        0.456905
     C    2        0.035375        0.456905        0.314378

     C    3        0.136461       -0.133638       -0.051425
     C    3       -0.133638       -0.278514        0.210914
     C    3       -0.051425        0.210914        0.142053

     H    4        0.203942        0.410348        0.487225
     H    4        0.410348       -0.211750       -0.176303
     H    4        0.487225       -0.176303        0.007807

     C    5       -0.434353        0.002240       -0.054996
     C    5        0.002240        0.425867        0.086495
     C    5       -0.054996        0.086495        0.008486

     H    6       -0.203547        0.246541       -0.219194
     H    6        0.246541        0.288709        0.463600
     H    6       -0.219194        0.463600       -0.085162

     H    7       -0.135369       -0.026919        0.032768
     H    7       -0.026919        0.048965       -0.269635
     H    7        0.032768       -0.269635        0.086405

     C    8       -0.205499        0.084270       -0.077266
     C    8        0.084270       -0.011219        0.330343
     C    8       -0.077266        0.330343        0.216718

     H    9        0.354653       -0.097076        0.163033
     H    9       -0.097076       -0.315810       -0.134429
     H    9        0.163033       -0.134429       -0.038843

     C   10        0.034630       -0.286350        0.042266
     C   10       -0.286350       -0.181159        0.268877
     C   10        0.042266        0.268877        0.146529

     C   11       -0.135247        0.332173        0.010534
     C   11        0.332173        0.043383        0.046120
     C   11        0.010534        0.046120        0.091864

     Cl  12        1.562777        0.953517        0.503631
     Cl  12        0.953517        0.413974       -0.591867
     Cl  12        0.503631       -0.591867       -1.976751

     H   13       -0.285842       -0.128706       -0.223226
     H   13       -0.128706        0.468868        0.184232
     H   13       -0.223226        0.184232       -0.183026

     C   14        0.433460        0.344541        0.483360
     C   14        0.344541       -0.665833       -0.101626
     C   14        0.483360       -0.101626        0.232373

     H   15        0.140449        0.201418        0.397091
     H   15        0.201418       -0.224401       -0.064205
     H   15        0.397091       -0.064205        0.083952

     C   16        0.001057       -0.070743       -0.363946
     C   16       -0.070743       -0.172747       -0.120221
     C   16       -0.363946       -0.120221        0.171690

     C   17       -0.126470       -0.406444       -0.186332
     C   17       -0.406444       -0.014195       -0.365382
     C   17       -0.186332       -0.365382        0.140665

     Cl  18       -0.374666       -1.218682        1.379432
     Cl  18       -1.218682       -1.548752        0.311860
     Cl  18        1.379432        0.311860        1.923417

     H   19       -0.010952        0.031822        0.116705
     H   19        0.031822        0.610157       -0.459516
     H   19        0.116705       -0.459516       -0.599206

     C   20       -0.400987        0.034684        0.329359
     C   20        0.034684        0.231960        0.270366
     C   20        0.329359        0.270366        0.169027

     H   21        0.479125        0.007759        0.528646
     H   21        0.007759       -0.340057       -0.293861
     H   21        0.528646       -0.293861       -0.139067

     C   22        0.167923        0.296808        0.173894
     C   22        0.296808        0.049777       -0.115020
     C   22        0.173894       -0.115020       -0.217700

     C   23       -0.412516       -0.029124       -0.121018
     C   23       -0.029124        0.260908        0.254074
     C   23       -0.121018        0.254074        0.151607

     Cl  24        0.243107        0.346583       -0.960154
     Cl  24        0.346583        1.707524        1.760667
     Cl  24       -0.960154        1.760667       -1.950631


     NQR/NMR SPECTROSCOPIC PARAMETERS:
     Cl   1    Vxx=    0.1446    axis=(  0.577017  0.773798 -0.261321)
     Cl   1    Vyy=    1.3163    axis=(  0.801708 -0.597716  0.000334)
     Cl   1    Vzz=   -1.4609    axis=(  0.155938  0.209696  0.965252)
     Cl   1  Q=        -8.1650 1e-30 m^2  Cq=        28.0263 MHz  eta= 0.80203

     C    2    Vxx=   -0.1741    axis=(  0.125086  0.720038 -0.682568)
     C    2    Vyy=   -0.5691    axis=( -0.989521  0.140552 -0.033069)
     C    2    Vzz=    0.7432    axis=(  0.072126  0.679552  0.730073)
     C    2  Q=         1.0000 1e-30 m^2  Cq=         1.7461 MHz  eta= 0.53148

     C    3    Vxx=    0.0901    axis=(  0.802476  0.049307  0.594644)
     C    3    Vyy=    0.2971    axis=(  0.562180 -0.396462 -0.725791)
     C    3    Vzz=   -0.3872    axis=(  0.199967  0.916726 -0.345870)
     C    3  Q=         1.0000 1e-30 m^2  Cq=        -0.9099 MHz  eta= 0.53443

     H    4    Vxx=    0.0592    axis=(  0.191126  0.722062 -0.664904)
     H    4    Vyy=    0.6614    axis=(  0.805222  0.272041  0.526888)
     H    4    Vzz=   -0.7206    axis=( -0.561327  0.636097  0.529426)
     H    4  Q=         1.0000 1e-30 m^2  Cq=        -1.6931 MHz  eta= 0.83565

     C    5    Vxx=   -0.0019    axis=( -0.124705 -0.196019  0.972638)
     C    5    Vyy=   -0.4413    axis=( -0.992145  0.014951 -0.124193)
     C    5    Vzz=    0.4432    axis=(  0.009802 -0.980486 -0.196344)
     C    5  Q=         1.0000 1e-30 m^2  Cq=         1.0413 MHz  eta= 0.99145

     H    6    Vxx=    0.0258    axis=( -0.793410 -0.241354  0.558792)
     H    6    Vyy=    0.6110    axis=( -0.113731 -0.843079 -0.525626)
     H    6    Vzz=   -0.6368    axis=( -0.597968  0.480589 -0.641458)
     H    6  Q=         1.0000 1e-30 m^2  Cq=        -1.4963 MHz  eta= 0.91889

     H    7    Vxx=   -0.1390    axis=( -0.995216 -0.090802  0.036056)
     H    7    Vyy=   -0.2027    axis=(  0.041672 -0.728320 -0.683969)
     H    7    Vzz=    0.3417    axis=(  0.088366 -0.679194  0.728620)
     H    7  Q=         1.0000 1e-30 m^2  Cq=         0.8029 MHz  eta= 0.18640

     C    8    Vxx=   -0.1110    axis=(  0.767053  0.533275 -0.356719)
     C    8    Vyy=   -0.3415    axis=( -0.641211  0.618224 -0.454585)
     C    8    Vzz=    0.4525    axis=( -0.021887  0.577423  0.816152)
     C    8  Q=         1.0000 1e-30 m^2  Cq=         1.0632 MHz  eta= 0.50949

     H    9    Vxx=   -0.0672    axis=( -0.403812 -0.308091  0.861404)
     H    9    Vyy=   -0.3716    axis=(  0.045093  0.933740  0.355101)
     H    9    Vzz=    0.4388    axis=( -0.913730  0.182238 -0.363162)
     H    9  Q=         1.0000 1e-30 m^2  Cq=         1.0310 MHz  eta= 0.69376

     C   10    Vxx=    0.1294    axis=(  0.762245 -0.159737  0.627270)
     C   10    Vyy=    0.3491    axis=(  0.439588 -0.583577 -0.682788)
     C   10    Vzz=   -0.4785    axis=(  0.475127  0.796192 -0.374610)
     C   10  Q=         1.0000 1e-30 m^2  Cq=        -1.1244 MHz  eta= 0.45911

     C   11    Vxx=    0.0840    axis=( -0.152101 -0.131476  0.979581)
     C   11    Vyy=    0.3067    axis=(  0.592088  0.781469  0.196820)
     C   11    Vzz=   -0.3907    axis=( -0.791389  0.609935 -0.041017)
     C   11  Q=         1.0000 1e-30 m^2  Cq=        -0.9180 MHz  eta= 0.56982

     Cl  12    Vxx=    0.1478    axis=( -0.441020  0.832089 -0.336346)
     Cl  12    Vyy=    2.1072    axis=( -0.876389 -0.480063 -0.038502)
     Cl  12    Vzz=   -2.2551    axis=( -0.193505  0.277789  0.940951)
     Cl  12  Q=        -8.1650 1e-30 m^2  Cq=        43.2621 MHz  eta= 0.86888

     H   13    Vxx=   -0.0946    axis=( -0.589574 -0.369521  0.718231)
     H   13    Vyy=   -0.4637    axis=( -0.777107  0.017037 -0.629138)
     H   13    Vzz=    0.5583    axis=( -0.220243  0.929066  0.297202)
     H   13  Q=         1.0000 1e-30 m^2  Cq=         1.3118 MHz  eta= 0.66123

     C   14    Vxx=   -0.0321    axis=( -0.503369 -0.396742  0.767603)
     C   14    Vyy=   -0.8233    axis=( -0.342622  0.907180  0.244203)
     C   14    Vzz=    0.8554    axis=( -0.793240 -0.140073 -0.592579)
     C   14  Q=         1.0000 1e-30 m^2  Cq=         2.0098 MHz  eta= 0.92501

     H   15    Vxx=   -0.0787    axis=( -0.353730 -0.740818  0.571019)
     H   15    Vyy=   -0.4467    axis=(  0.564150 -0.655924 -0.501496)
     H   15    Vzz=    0.5255    axis=(  0.746063  0.144746  0.649952)
     H   15  Q=         1.0000 1e-30 m^2  Cq=         1.2346 MHz  eta= 0.70031

     C   16    Vxx=   -0.0911    axis=(  0.478741 -0.831169  0.282782)
     C   16    Vyy=   -0.3732    axis=(  0.633351  0.550012  0.544383)
     C   16    Vzz=    0.4643    axis=( -0.608008 -0.081518  0.789735)
     C   16  Q=         1.0000 1e-30 m^2  Cq=         1.0909 MHz  eta= 0.60759

     C   17    Vxx=    0.1943    axis=(  0.716704 -0.271126 -0.642516)
     C   17    Vyy=    0.4712    axis=(  0.292710 -0.719292  0.630032)
     C   17    Vzz=   -0.6656    axis=(  0.632974  0.639617  0.436158)
     C   17  Q=         1.0000 1e-30 m^2  Cq=        -1.5638 MHz  eta= 0.41605

     Cl  18    Vxx=   -0.0294    axis=( -0.681282  0.624773  0.381462)
     Cl  18    Vyy=   -2.5551    axis=(  0.582839  0.778252 -0.233715)
     Cl  18    Vzz=    2.5845    axis=(  0.442893 -0.063106  0.894351)
     Cl  18  Q=        -8.1650 1e-30 m^2  Cq=       -49.5828 MHz  eta= 0.97722

     H   19    Vxx=    0.0081    axis=(  0.987636  0.058735  0.145347)
     H   19    Vyy=    0.7650    axis=( -0.009262  0.947402 -0.319911)
     H   19    Vzz=   -0.7731    axis=( -0.156492  0.314609  0.936232)
     H   19  Q=         1.0000 1e-30 m^2  Cq=        -1.8165 MHz  eta= 0.97900

     C   20    Vxx=    0.0184    axis=(  0.367354 -0.752223  0.547003)
     C   20    Vyy=    0.5423    axis=( -0.271891 -0.649286 -0.710284)
     C   20    Vzz=   -0.5607    axis=(  0.889453  0.112201 -0.443041)
     C   20  Q=         1.0000 1e-30 m^2  Cq=        -1.3173 MHz  eta= 0.93430

     H   21    Vxx=   -0.1398    axis=(  0.420394  0.754960 -0.503294)
     H   21    Vyy=   -0.6605    axis=( -0.325781  0.643295  0.692848)
     H   21    Vzz=    0.8003    axis=( -0.846839  0.127306 -0.516389)
     H   21  Q=         1.0000 1e-30 m^2  Cq=         1.8804 MHz  eta= 0.65055

     C   22    Vxx=   -0.0103    axis=( -0.388434  0.628223 -0.674133)
     C   22    Vyy=   -0.4078    axis=( -0.473974  0.491169  0.730822)
     C   22    Vzz=    0.4181    axis=( -0.790232 -0.603398 -0.106975)
     C   22  Q=         1.0000 1e-30 m^2  Cq=         0.9824 MHz  eta= 0.95065

     C   23    Vxx=   -0.0390    axis=( -0.189437 -0.645354  0.740021)
     C   23    Vyy=   -0.4382    axis=( -0.975532  0.038054 -0.216539)
     C   23    Vzz=    0.4772    axis=(  0.111583 -0.762935 -0.636772)
     C   23  Q=         1.0000 1e-30 m^2  Cq=         1.1213 MHz  eta= 0.83662

     Cl  24    Vxx=    0.5650    axis=(  0.953271  0.130628 -0.272417)
     Cl  24    Vyy=    2.4180    axis=( -0.019041  0.925879  0.377341)
     Cl  24    Vzz=   -2.9829    axis=(  0.301516 -0.354521  0.885100)
     Cl  24  Q=        -8.1650 1e-30 m^2  Cq=        57.2262 MHz  eta= 0.62119

     Initialization:
     gipaw_setup  :      7.34s CPU     12.35s WALL (       1 calls)

     Linear response

     Apply operators

     Induced current

     Other routines
     efg          :     11.73s CPU     20.08s WALL (       1 calls)

     General routines
     calbec       :      3.11s CPU      3.89s WALL (      16 calls)
     fft          :      1.92s CPU      3.30s WALL (      15 calls)
     ffts         :      0.02s CPU      0.03s WALL (       2 calls)
     fftw         :      5.87s CPU     12.64s WALL (     672 calls)
     davcio       :      0.02s CPU      0.33s WALL (      32 calls)

     Parallel routines
     fft_scatter  :      5.04s CPU     12.44s WALL (     689 calls)

     Plugins

     GIPAW        :     61.73s CPU     84.63s WALL (       1 calls)
