
     Program QE v.6.0 (svn rev. 13079) starts on 12Jan2017 at 16:14: 4 

     This program is part of the open-source Quantum ESPRESSO suite
     for quantum simulation of materials; please cite
         "P. Giannozzi et al., J. Phys.:Condens. Matter 21 395502 (2009);
          URL http://www.quantum-espresso.org", 
     in publications or presentations arising from this work. More details at
     http://www.quantum-espresso.org/quote

     Parallel version (MPI), running on     8 processors
     R & G space division:  proc/nbgrp/npool/nimage =       8

     ***** This is GIPAW svn revision unknown      *****

     Parallelizing q-star over 1 images

     Reading data from directory:
     /users/majewski/paradichlorobenzene/pbe/9_constraint/scratch/pbe.ecut100.np8.dt60.pcl2phi-129368.save
     Message from routine read_xml_file:
     file /users/majewski/paradichlorobenzene/pbe/9_constraint/scratch/pbe.ecut100.np8.dt60.pcl2phi-129368.save not guaranteed to be safe for post-processing

   Info: using nr1, nr2, nr3 values from input

   Info: using nr1, nr2, nr3 values from input

     IMPORTANT: XC functional enforced from input :
     Exchange-correlation      =  SLA  PW   PBX  PBC ( 1  4  3  4 0 0)
     Any further DFT definition will be discarded
     Please, verify this is what you really want

               file C.pbe-n-kjpaw_psl.1.0.0.UPF: wavefunction(s)  2S 2P renormalized
               file Cl.pbe-n-kjpaw_psl.1.0.0.UPF: wavefunction(s)  3S 3P renormalized
               file H.pbe-kjpaw_psl.1.0.0.UPF: wavefunction(s)  1S renormalized

     Parallelization info
     --------------------
     sticks:   dense  smooth     PW     G-vecs:    dense   smooth      PW
     Min        3057    1223    332               144436    36536    5170
     Max        3059    1225    333               144437    36537    5171
     Sum       24467    9791   2657              1155489   292295   41363


     Subspace diagonalization in iterative solution of the eigenvalue problem:
     a serial algorithm will be used

     GIPAW projectors -----------------------------------------------
     atom=  C    l=0  rc=    1.2000  rs=    0.8000
     atom=  C    l=0  rc=    1.2000  rs=    0.8000
     atom=  C    l=1  rc=    1.4000  rs=    0.9333
     atom=  C    l=1  rc=    1.4000  rs=    0.9333
     projs nearly linearly dependent: l=1  n1,n2= 1, 2  s=  0.99951561

     atom=  Cl   l=0  rc=    1.6000  rs=    1.0667
     atom=  Cl   l=0  rc=    1.6000  rs=    1.0667
     atom=  Cl   l=1  rc=    1.6000  rs=    1.0667
     atom=  Cl   l=1  rc=    1.6000  rs=    1.0667
     atom=  Cl   l=2  rc=    1.6000  rs=    1.0667
     atom=  Cl   l=2  rc=    1.6000  rs=    1.0667
     projs nearly linearly dependent: l=2  n1,n2= 1, 2  s=  0.99993509

     atom=  H    l=0  rc=    1.0000  rs=    0.6667
     atom=  H    l=0  rc=    1.0000  rs=    0.6667
     projs nearly linearly dependent: l=0  n1,n2= 1, 2  s=  0.99968852
     -----------------------------------------------------------------

     GIPAW integrals: -------------------------------------------
     Atom  i/j   nmr_para   nmr_dia   epr_rmc  epr_para   epr_dia
       C   1 1   0.83E+03  0.17E-01  0.93E+01  0.24E+08  0.24E+03
       C   2 1   0.86E+03 -0.61E-01  0.94E+01  0.25E+08  0.25E+03
       C   2 2   0.90E+03 -0.15E+00  0.97E+01  0.26E+08  0.26E+03
       C   3 3   0.33E+01  0.34E+00  0.18E+01  0.55E+03  0.21E+02
       C   4 3   0.35E+01  0.37E+00  0.20E+01  0.59E+03  0.22E+02
       C   4 4   0.38E+01  0.39E+00  0.22E+01  0.63E+03  0.24E+02
       Cl  1 1   0.14E+04 -0.47E+00  0.84E+01  0.32E+09  0.42E+03
       Cl  2 1   0.21E+04 -0.37E+00  0.12E+02  0.49E+09  0.65E+03
       Cl  2 2   0.33E+04 -0.16E+00  0.21E+02  0.76E+09  0.10E+04
       Cl  3 3   0.21E+02  0.79E-01  0.89E+01  0.23E+05  0.13E+03
       Cl  4 3   0.24E+02  0.67E-01  0.99E+01  0.27E+05  0.15E+03
       Cl  4 4   0.28E+02  0.44E-01  0.11E+02  0.32E+05  0.18E+03
       Cl  5 5   0.77E+00  0.19E+00  0.18E+01  0.12E+03  0.22E+02
       Cl  6 5   0.80E+00  0.19E+00  0.19E+01  0.12E+03  0.23E+02
       Cl  6 6   0.83E+00  0.20E+00  0.19E+01  0.12E+03  0.23E+02
       H   1 1   0.39E+02  0.19E+00  0.29E+00  0.78E+05  0.13E+02
       H   2 1   0.41E+02  0.21E+00  0.32E+00  0.82E+05  0.14E+02
       H   2 2   0.43E+02  0.22E+00  0.36E+00  0.86E+05  0.15E+02
     ------------------------------------------------------------

     alpha_pv=     35.0151 eV

     Number of occupied bands for each k-point:
     k-point:     1    nbnd_occ=  42
     k-point:     2    nbnd_occ=  42
     k-point:     3    nbnd_occ=  42
     k-point:     4    nbnd_occ=  42
     k-point:     5    nbnd_occ=  42
     k-point:     6    nbnd_occ=  42
     k-point:     7    nbnd_occ=  42
     k-point:     8    nbnd_occ=  42
     k-point:     9    nbnd_occ=  42
     k-point:    10    nbnd_occ=  42
     k-point:    11    nbnd_occ=  42
     k-point:    12    nbnd_occ=  42
     k-point:    13    nbnd_occ=  42
     k-point:    14    nbnd_occ=  42
     k-point:    15    nbnd_occ=  42
     k-point:    16    nbnd_occ=  42


     q-space interpolation up to   110.00 Rydberg

     GIPAW job: efg                                                                             


     ELECTRIC FIELD GRADIENTS TENSORS IN Hartree/bohrradius^2:

     ----- bare term -----
     Cl   1        0.028426        0.039390       -0.153493
     Cl   1        0.039390        0.118851        0.010988
     Cl   1       -0.153493        0.010988       -0.147277

     C    2       -0.147926        0.266039       -0.152833
     C    2        0.266039       -0.368819       -0.390707
     C    2       -0.152833       -0.390707        0.516744

     C    3       -0.106154        0.365419       -0.243815
     C    3        0.365419       -0.180150       -0.221332
     C    3       -0.243815       -0.221332        0.286304

     H    4        0.075950       -0.117230       -0.292073
     H    4       -0.117230        0.511696       -0.059637
     H    4       -0.292073       -0.059637       -0.587646

     C    5       -0.457241        0.292465       -0.474414
     C    5        0.292465        0.344075       -0.124971
     C    5       -0.474414       -0.124971        0.113165

     H    6       -0.191294        0.059124        0.235832
     H    6        0.059124        0.035039       -0.463465
     H    6        0.235832       -0.463465        0.156254

     H    7        0.427697        0.238953       -0.040320
     H    7        0.238953       -0.750510        0.327782
     H    7       -0.040320        0.327782        0.322814

     C    8       -0.056867       -0.215498       -0.109874
     C    8       -0.215498       -0.059794        0.414641
     C    8       -0.109874        0.414641        0.116661

     H    9       -0.189861        0.431133        0.035633
     H    9        0.431133       -0.129909       -0.149853
     H    9        0.035633       -0.149853        0.319770

     C   10       -0.474022       -0.238954       -0.135768
     C   10       -0.238954        0.131647        0.138732
     C   10       -0.135768        0.138732        0.342375

     C   11        0.034038       -0.044946       -0.179251
     C   11       -0.044946        0.020181        0.617307
     C   11       -0.179251        0.617307       -0.054219

     Cl  12        0.185646       -0.113979        0.115305
     Cl  12       -0.113979        0.054986       -0.425836
     Cl  12        0.115305       -0.425836       -0.240631

     H   13        0.226527        0.185053       -0.146391
     H   13        0.185053       -0.534757        0.064524
     H   13       -0.146391        0.064524        0.308230

     C   14       -0.052074       -0.212771       -0.321423
     C   14       -0.212771       -0.136928       -0.212734
     C   14       -0.321423       -0.212734        0.189002

     H   15        0.034611       -0.162255       -0.230935
     H   15       -0.162255       -0.298688       -0.282908
     H   15       -0.230935       -0.282908        0.264077

     C   16       -0.602130        0.246271       -0.163868
     C   16        0.246271        0.018059       -0.063163
     C   16       -0.163868       -0.063163        0.584072

     C   17        0.203118        0.101605       -0.098771
     C   17        0.101605       -0.313829       -0.582998
     C   17       -0.098771       -0.582998        0.110712

     Cl  18        0.295667        0.245295       -0.073567
     Cl  18        0.245295        0.113905       -0.562186
     Cl  18       -0.073567       -0.562186       -0.409572

     H   19        0.489216        0.047438        0.029815
     H   19        0.047438       -0.381836        0.455999
     H   19        0.029815        0.455999       -0.107380

     C   20       -0.892902       -0.351027       -0.392023
     C   20       -0.351027        0.481373        0.059743
     C   20       -0.392023        0.059743        0.411529

     H   21       -0.594736        0.004820       -0.008922
     H   21        0.004820        0.371423        0.311855
     H   21       -0.008922        0.311855        0.223313

     C   22        0.009715       -0.038605       -0.225453
     C   22       -0.038605       -0.400969        0.410922
     C   22       -0.225453        0.410922        0.391253

     C   23       -0.794611       -0.296366       -0.266279
     C   23       -0.296366        0.247427        0.044822
     C   23       -0.266279        0.044822        0.547185

     Cl  24        0.074308       -0.033385        0.080422
     Cl  24       -0.033385        0.110729        0.057617
     Cl  24        0.080422        0.057617       -0.185037

     ----- ionic term -----
     Cl   1        0.219996       -0.214333        0.057573
     Cl   1       -0.214333       -0.078047       -0.018831
     Cl   1        0.057573       -0.018831       -0.141949

     C    2        0.232556       -0.168840        0.275323
     C    2       -0.168840        0.081881        0.398706
     C    2        0.275323        0.398706       -0.314438

     C    3        0.236700       -0.315238        0.267276
     C    3       -0.315238        0.075192        0.302458
     C    3        0.267276        0.302458       -0.311892

     H    4        0.467519        0.302494        0.708783
     H    4        0.302494       -0.386162        0.288319
     H    4        0.708783        0.288319       -0.081357

     C    5        0.241073       -0.249727        0.369661
     C    5       -0.249727       -0.002344        0.274002
     C    5        0.369661        0.274002       -0.238730

     H    6       -0.502375       -0.223973       -0.100165
     H    6       -0.223973        0.681300        0.653085
     H    6       -0.100165        0.653085       -0.178925

     H    7       -0.526206       -0.088252        0.038977
     H    7       -0.088252        0.709206       -0.717689
     H    7        0.038977       -0.717689       -0.183000

     C    8        0.396669        0.097274        0.085825
     C    8        0.097274        0.042951       -0.340008
     C    8        0.085825       -0.340008       -0.439619

     H    9        0.748232       -0.557776        0.294004
     H    9       -0.557776       -0.296905       -0.194310
     H    9        0.294004       -0.194310       -0.451327

     C   10        0.215639        0.129422        0.015395
     C   10        0.129422        0.171962       -0.414818
     C   10        0.015395       -0.414818       -0.387601

     C   11        0.230649        0.082853        0.077049
     C   11        0.082853        0.115200       -0.436563
     C   11        0.077049       -0.436563       -0.345849

     Cl  12        0.094202        0.176467       -0.068426
     Cl  12        0.176467        0.020791       -0.043976
     Cl  12       -0.068426       -0.043976       -0.114993

     H   13       -0.472901       -0.172992       -0.067652
     H   13       -0.172992        0.786463        0.592506
     H   13       -0.067652        0.592506       -0.313562

     C   14        0.288388       -0.149719        0.344119
     C   14       -0.149719        0.074848        0.261749
     C   14        0.344119        0.261749       -0.363236

     H   15        0.228210        0.444187        0.663520
     H   15        0.444187       -0.173840        0.437565
     H   15        0.663520        0.437565       -0.054370

     C   16        0.125831       -0.199795        0.292366
     C   16       -0.199795        0.231015        0.305535
     C   16        0.292366        0.305535       -0.356846

     C   17        0.062770       -0.187875        0.445707
     C   17       -0.187875        0.175433        0.276938
     C   17        0.445707        0.276938       -0.238203

     Cl  18        0.127484       -0.193715        0.136464
     Cl  18       -0.193715        0.002132       -0.082627
     Cl  18        0.136464       -0.082627       -0.129616

     H   19       -0.490121        0.035008       -0.030861
     H   19        0.035008        0.473931       -0.791491
     H   19       -0.030861       -0.791491        0.016190

     C   20        0.393576        0.188182        0.083181
     C   20        0.188182       -0.015634       -0.342347
     C   20        0.083181       -0.342347       -0.377943

     H   21        0.717790       -0.360221        0.556392
     H   21       -0.360221       -0.418010       -0.238747
     H   21        0.556392       -0.238747       -0.299780

     C   22        0.275462        0.201588        0.086747
     C   22        0.201588        0.056384       -0.384356
     C   22        0.086747       -0.384356       -0.331846

     C   23        0.372323        0.054028        0.111505
     C   23        0.054028       -0.004491       -0.388274
     C   23        0.111505       -0.388274       -0.367832

     Cl  24        0.166837        0.214067       -0.043936
     Cl  24        0.214067       -0.032372       -0.023844
     Cl  24       -0.043936       -0.023844       -0.134465

     ----- GIPAW term -----
     Cl   1       -0.236169       -1.012661        0.976295
     Cl   1       -1.012661       -1.099454        0.428301
     Cl   1        0.976295        0.428301        1.335624

     C    2       -0.091810       -0.039206        0.014296
     C    2       -0.039206       -0.114473       -0.147305
     C    2        0.014296       -0.147305        0.206282

     C    3       -0.024653        0.066184       -0.161591
     C    3        0.066184       -0.098177       -0.061904
     C    3       -0.161591       -0.061904        0.122830

     H    4       -0.000000        0.000000        0.000000
     H    4        0.000000        0.000000        0.000000
     H    4        0.000000        0.000000        0.000000

     C    5        0.015625        0.184669       -0.067684
     C    5        0.184669        0.092893       -0.010822
     C    5       -0.067684       -0.010822       -0.108518

     H    6       -0.000000        0.000000        0.000000
     H    6        0.000000        0.000000        0.000000
     H    6        0.000000        0.000000        0.000000

     H    7       -0.000000        0.000000        0.000000
     H    7        0.000000        0.000000        0.000000
     H    7        0.000000        0.000000        0.000000

     C    8       -0.082824       -0.121003        0.017553
     C    8       -0.121003        0.222950        0.021848
     C    8        0.017553        0.021848       -0.140126

     H    9       -0.000000        0.000000        0.000000
     H    9        0.000000        0.000000        0.000000
     H    9        0.000000        0.000000        0.000000

     C   10       -0.121706       -0.062604       -0.039558
     C   10       -0.062604        0.149555        0.074485
     C   10       -0.039558        0.074485       -0.027850

     C   11       -0.035720       -0.023995       -0.044594
     C   11       -0.023995        0.174196        0.143696
     C   11       -0.044594        0.143696       -0.138476

     Cl  12       -0.104596        0.149955       -0.405723
     Cl  12        0.149955       -0.221698        0.480645
     Cl  12       -0.405723        0.480645        0.326294

     H   13       -0.000000        0.000000        0.000000
     H   13        0.000000        0.000000        0.000000
     H   13        0.000000        0.000000        0.000000

     C   14       -0.007798       -0.059895        0.006253
     C   14       -0.059895        0.015291       -0.072467
     C   14        0.006253       -0.072467       -0.007493

     H   15       -0.000000        0.000000        0.000000
     H   15        0.000000        0.000000        0.000000
     H   15        0.000000        0.000000        0.000000

     C   16       -0.076627       -0.044180       -0.011656
     C   16       -0.044180        0.074274        0.009310
     C   16       -0.011656        0.009310        0.002353

     C   17       -0.040413        0.017347        0.033936
     C   17        0.017347        0.141237        0.102518
     C   17        0.033936        0.102518       -0.100824

     Cl  18        0.426121        0.067046        0.170899
     Cl  18        0.067046        0.009093       -0.630906
     Cl  18        0.170899       -0.630906       -0.435214

     H   19       -0.000000        0.000000        0.000000
     H   19        0.000000        0.000000        0.000000
     H   19        0.000000        0.000000        0.000000

     C   20       -0.238972        0.023156       -0.053135
     C   20        0.023156        0.305589       -0.101050
     C   20       -0.053135       -0.101050       -0.066617

     H   21       -0.000000        0.000000        0.000000
     H   21        0.000000        0.000000        0.000000
     H   21        0.000000        0.000000        0.000000

     C   22       -0.105609        0.075182       -0.082061
     C   22        0.075182        0.010664       -0.158462
     C   22       -0.082061       -0.158462        0.094944

     C   23       -0.164387       -0.011039        0.027383
     C   23       -0.011039        0.030338       -0.169474
     C   23        0.027383       -0.169474        0.134050

     Cl  24       -0.509150        1.203757       -0.372871
     Cl  24        1.203757       -1.130747       -0.400227
     Cl  24       -0.372871       -0.400227        1.639897

     ----- total EFG -----
     Cl   1        0.012252       -1.187604        0.880376
     Cl   1       -1.187604       -1.058650        0.420458
     Cl   1        0.880376        0.420458        1.046398

     C    2       -0.007179        0.057992        0.136786
     C    2        0.057992       -0.401410       -0.139306
     C    2        0.136786       -0.139306        0.408589

     C    3        0.105893        0.116365       -0.138131
     C    3        0.116365       -0.203135        0.019222
     C    3       -0.138131        0.019222        0.097242

     H    4        0.543469        0.185264        0.416710
     H    4        0.185264        0.125534        0.228682
     H    4        0.416710        0.228682       -0.669003

     C    5       -0.200542        0.227407       -0.172436
     C    5        0.227407        0.434625        0.138209
     C    5       -0.172436        0.138209       -0.234083

     H    6       -0.693668       -0.164849        0.135667
     H    6       -0.164849        0.716339        0.189620
     H    6        0.135667        0.189620       -0.022671

     H    7       -0.098510        0.150701       -0.001343
     H    7        0.150701       -0.041304       -0.389907
     H    7       -0.001343       -0.389907        0.139814

     C    8        0.256978       -0.239226       -0.006495
     C    8       -0.239226        0.206107        0.096481
     C    8       -0.006495        0.096481       -0.463085

     H    9        0.558371       -0.126643        0.329637
     H    9       -0.126643       -0.426815       -0.344163
     H    9        0.329637       -0.344163       -0.131557

     C   10       -0.380089       -0.172137       -0.159932
     C   10       -0.172137        0.453165       -0.201601
     C   10       -0.159932       -0.201601       -0.073076

     C   11        0.228967        0.013912       -0.146797
     C   11        0.013912        0.309578        0.324441
     C   11       -0.146797        0.324441       -0.538544

     Cl  12        0.175253        0.212443       -0.358845
     Cl  12        0.212443       -0.145922        0.010832
     Cl  12       -0.358845        0.010832       -0.029331

     H   13       -0.246374        0.012061       -0.214043
     H   13        0.012061        0.251706        0.657030
     H   13       -0.214043        0.657030       -0.005332

     C   14        0.228516       -0.422386        0.028948
     C   14       -0.422386       -0.046788       -0.023452
     C   14        0.028948       -0.023452       -0.181728

     H   15        0.262820        0.281932        0.432585
     H   15        0.281932       -0.472527        0.154657
     H   15        0.432585        0.154657        0.209707

     C   16       -0.552926        0.002296        0.116841
     C   16        0.002296        0.323347        0.251682
     C   16        0.116841        0.251682        0.229579

     C   17        0.225474       -0.068923        0.380873
     C   17       -0.068923        0.002841       -0.203543
     C   17        0.380873       -0.203543       -0.228315

     Cl  18        0.849273        0.118626        0.233796
     Cl  18        0.118626        0.125130       -1.275719
     Cl  18        0.233796       -1.275719       -0.974403

     H   19       -0.000905        0.082446       -0.001046
     H   19        0.082446        0.092095       -0.335492
     H   19       -0.001046       -0.335492       -0.091190

     C   20       -0.738297       -0.139689       -0.361977
     C   20       -0.139689        0.771328       -0.383655
     C   20       -0.361977       -0.383655       -0.033031

     H   21        0.123053       -0.355401        0.547471
     H   21       -0.355401       -0.046586        0.073108
     H   21        0.547471        0.073108       -0.076467

     C   22        0.179568        0.238165       -0.220767
     C   22        0.238165       -0.333920       -0.131895
     C   22       -0.220767       -0.131895        0.154352

     C   23       -0.586676       -0.253378       -0.127392
     C   23       -0.253378        0.273273       -0.512926
     C   23       -0.127392       -0.512926        0.313402

     Cl  24       -0.268006        1.384439       -0.336384
     Cl  24        1.384439       -1.052389       -0.366455
     Cl  24       -0.336384       -0.366455        1.320395

     ----- total EFG (symmetrized) -----
     Cl   1        0.012252       -1.187604        0.880376
     Cl   1       -1.187604       -1.058650        0.420458
     Cl   1        0.880376        0.420458        1.046398

     C    2       -0.007179        0.057992        0.136786
     C    2        0.057992       -0.401410       -0.139306
     C    2        0.136786       -0.139306        0.408589

     C    3        0.105893        0.116365       -0.138131
     C    3        0.116365       -0.203135        0.019222
     C    3       -0.138131        0.019222        0.097242

     H    4        0.543469        0.185264        0.416710
     H    4        0.185264        0.125534        0.228682
     H    4        0.416710        0.228682       -0.669003

     C    5       -0.200542        0.227407       -0.172436
     C    5        0.227407        0.434625        0.138209
     C    5       -0.172436        0.138209       -0.234083

     H    6       -0.693668       -0.164849        0.135667
     H    6       -0.164849        0.716339        0.189620
     H    6        0.135667        0.189620       -0.022671

     H    7       -0.098510        0.150701       -0.001343
     H    7        0.150701       -0.041304       -0.389907
     H    7       -0.001343       -0.389907        0.139814

     C    8        0.256978       -0.239226       -0.006495
     C    8       -0.239226        0.206107        0.096481
     C    8       -0.006495        0.096481       -0.463085

     H    9        0.558371       -0.126643        0.329637
     H    9       -0.126643       -0.426815       -0.344163
     H    9        0.329637       -0.344163       -0.131557

     C   10       -0.380089       -0.172137       -0.159932
     C   10       -0.172137        0.453165       -0.201601
     C   10       -0.159932       -0.201601       -0.073076

     C   11        0.228967        0.013912       -0.146797
     C   11        0.013912        0.309578        0.324441
     C   11       -0.146797        0.324441       -0.538544

     Cl  12        0.175253        0.212443       -0.358845
     Cl  12        0.212443       -0.145922        0.010832
     Cl  12       -0.358845        0.010832       -0.029331

     H   13       -0.246374        0.012061       -0.214043
     H   13        0.012061        0.251706        0.657030
     H   13       -0.214043        0.657030       -0.005332

     C   14        0.228516       -0.422386        0.028948
     C   14       -0.422386       -0.046788       -0.023452
     C   14        0.028948       -0.023452       -0.181728

     H   15        0.262820        0.281932        0.432585
     H   15        0.281932       -0.472527        0.154657
     H   15        0.432585        0.154657        0.209707

     C   16       -0.552926        0.002296        0.116841
     C   16        0.002296        0.323347        0.251682
     C   16        0.116841        0.251682        0.229579

     C   17        0.225474       -0.068923        0.380873
     C   17       -0.068923        0.002841       -0.203543
     C   17        0.380873       -0.203543       -0.228315

     Cl  18        0.849273        0.118626        0.233796
     Cl  18        0.118626        0.125130       -1.275719
     Cl  18        0.233796       -1.275719       -0.974403

     H   19       -0.000905        0.082446       -0.001046
     H   19        0.082446        0.092095       -0.335492
     H   19       -0.001046       -0.335492       -0.091190

     C   20       -0.738297       -0.139689       -0.361977
     C   20       -0.139689        0.771328       -0.383655
     C   20       -0.361977       -0.383655       -0.033031

     H   21        0.123053       -0.355401        0.547471
     H   21       -0.355401       -0.046586        0.073108
     H   21        0.547471        0.073108       -0.076467

     C   22        0.179568        0.238165       -0.220767
     C   22        0.238165       -0.333920       -0.131895
     C   22       -0.220767       -0.131895        0.154352

     C   23       -0.586676       -0.253378       -0.127392
     C   23       -0.253378        0.273273       -0.512926
     C   23       -0.127392       -0.512926        0.313402

     Cl  24       -0.268006        1.384439       -0.336384
     Cl  24        1.384439       -1.052389       -0.366455
     Cl  24       -0.336384       -0.366455        1.320395


     NQR/NMR SPECTROSCOPIC PARAMETERS:
     Cl   1    Vxx=    0.4783    axis=(  0.614122 -0.611151 -0.499349)
     Cl   1    Vyy=    1.5771    axis=(  0.553306 -0.117764  0.824612)
     Cl   1    Vzz=   -2.0553    axis=( -0.562767 -0.782705  0.265832)
     Cl   1  Q=        -8.1650 1e-30 m^2  Cq=        39.4307 MHz  eta= 0.53461

     C    2    Vxx=   -0.0256    axis=(  0.947022  0.229438 -0.224740)
     C    2    Vyy=   -0.4400    axis=( -0.188726  0.963744  0.188625)
     C    2    Vzz=    0.4656    axis=(  0.259870 -0.136218  0.955988)
     C    2  Q=         1.0000 1e-30 m^2  Cq=         1.0940 MHz  eta= 0.89008

     C    3    Vxx=    0.0030    axis=( -0.556513 -0.382973 -0.737309)
     C    3    Vyy=    0.2514    axis=( -0.744799 -0.163315  0.646995)
     C    3    Vzz=   -0.2544    axis=(  0.368195 -0.909208  0.194351)
     C    3  Q=         1.0000 1e-30 m^2  Cq=        -0.5977 MHz  eta= 0.97668

     H    4    Vxx=    0.0591    axis=(  0.400018 -0.914649 -0.058333)
     H    4    Vyy=    0.7686    axis=(  0.877547  0.363877  0.312259)
     H    4    Vzz=   -0.8277    axis=( -0.264381 -0.176099  0.948204)
     H    4  Q=         1.0000 1e-30 m^2  Cq=        -1.9447 MHz  eta= 0.85720

     C    5    Vxx=   -0.0525    axis=(  0.677646 -0.110061 -0.727106)
     C    5    Vyy=   -0.4641    axis=( -0.681754  0.276650 -0.677256)
     C    5    Vzz=    0.5166    axis=( -0.275694 -0.954647 -0.112436)
     C    5  Q=         1.0000 1e-30 m^2  Cq=         1.2137 MHz  eta= 0.79691

     H    6    Vxx=   -0.0262    axis=(  0.240356 -0.189736  0.951961)
     H    6    Vyy=   -0.7474    axis=(  0.966575  0.136932 -0.216754)
     H    6    Vzz=    0.7737    axis=( -0.089228  0.972240  0.216306)
     H    6  Q=         1.0000 1e-30 m^2  Cq=         1.8178 MHz  eta= 0.93224

     H    7    Vxx=   -0.0675    axis=(  0.911221  0.190910  0.365005)
     H    7    Vyy=   -0.3985    axis=( -0.374977  0.751213  0.543205)
     H    7    Vzz=    0.4659    axis=( -0.170493 -0.631849  0.756108)
     H    7  Q=         1.0000 1e-30 m^2  Cq=         1.0948 MHz  eta= 0.71038

     C    8    Vxx=    0.0006    axis=(  0.677271  0.722138  0.140786)
     C    8    Vyy=    0.4773    axis=( -0.734572  0.674453  0.074273)
     C    8    Vzz=   -0.4778    axis=( -0.041318 -0.153720  0.987250)
     C    8  Q=         1.0000 1e-30 m^2  Cq=        -1.1227 MHz  eta= 0.99768

     H    9    Vxx=   -0.0864    axis=( -0.465133 -0.537808  0.703146)
     H    9    Vyy=   -0.6591    axis=( -0.071194  0.814452  0.575847)
     H    9    Vzz=    0.7455    axis=(  0.882374 -0.217785  0.417117)
     H    9  Q=         1.0000 1e-30 m^2  Cq=         1.7515 MHz  eta= 0.76826

     C   10    Vxx=   -0.0275    axis=(  0.480224 -0.187406 -0.856892)
     C   10    Vyy=   -0.5086    axis=( -0.867507 -0.245903 -0.432393)
     C   10    Vzz=    0.5361    axis=( -0.129680  0.951005 -0.280664)
     C   10  Q=         1.0000 1e-30 m^2  Cq=         1.2597 MHz  eta= 0.89728

     C   11    Vxx=    0.2454    axis=(  0.969579  0.228853 -0.086845)
     C   11    Vyy=    0.4259    axis=( -0.187303  0.922068  0.338687)
     C   11    Vzz=   -0.6713    axis=(  0.157587 -0.312117  0.936883)
     C   11  Q=         1.0000 1e-30 m^2  Cq=        -1.5773 MHz  eta= 0.26891

     Cl  12    Vxx=   -0.1009    axis=(  0.140206  0.800962  0.582068)
     Cl  12    Vyy=   -0.3887    axis=(  0.587075 -0.540638  0.602540)
     Cl  12    Vzz=    0.4895    axis=( -0.797299 -0.257237  0.546025)
     Cl  12  Q=        -8.1650 1e-30 m^2  Cq=        -9.3917 MHz  eta= 0.58794

     H   13    Vxx=   -0.1810    axis=( -0.897658 -0.360292  0.253772)
     H   13    Vyy=   -0.6272    axis=(  0.423522 -0.546115  0.722764)
     H   13    Vzz=    0.8082    axis=(  0.121817 -0.756272 -0.642816)
     H   13  Q=         1.0000 1e-30 m^2  Cq=         1.8990 MHz  eta= 0.55205

     C   14    Vxx=   -0.1836    axis=( -0.048652  0.020966  0.998596)
     C   14    Vyy=   -0.3534    axis=(  0.586997  0.809506  0.011603)
     C   14    Vzz=    0.5370    axis=( -0.808126  0.586737 -0.051691)
     C   14  Q=         1.0000 1e-30 m^2  Cq=         1.2618 MHz  eta= 0.31614

     H   15    Vxx=   -0.1812    axis=( -0.618484 -0.194302  0.761396)
     H   15    Vyy=   -0.5683    axis=( -0.314870  0.949038 -0.013583)
     H   15    Vzz=    0.7494    axis=( -0.719954 -0.248142 -0.648145)
     H   15  Q=         1.0000 1e-30 m^2  Cq=         1.7609 MHz  eta= 0.51656

     C   16    Vxx=    0.0335    axis=( -0.146162  0.649285 -0.746368)
     C   16    Vyy=    0.5379    axis=(  0.070873  0.759405  0.646747)
     C   16    Vzz=   -0.5714    axis=( -0.986719 -0.041633  0.157013)
     C   16  Q=         1.0000 1e-30 m^2  Cq=        -1.3426 MHz  eta= 0.88269

     C   17    Vxx=   -0.0077    axis=(  0.424739  0.900087 -0.097162)
     C   17    Vyy=   -0.4888    axis=( -0.427489  0.294008  0.854875)
     C   17    Vzz=    0.4965    axis=(  0.798028 -0.321563  0.509654)
     C   17  Q=         1.0000 1e-30 m^2  Cq=         1.1665 MHz  eta= 0.96894

     Cl  18    Vxx=    0.8658    axis=(  0.954205  0.288582 -0.078826)
     Cl  18    Vyy=    0.9732    axis=( -0.283174  0.786344 -0.549068)
     Cl  18    Vzz=   -1.8390    axis=( -0.096466  0.546245  0.832052)
     Cl  18  Q=        -8.1650 1e-30 m^2  Cq=        35.2807 MHz  eta= 0.05837

     H   19    Vxx=   -0.0062    axis=(  0.973284 -0.059255  0.221827)
     H   19    Vyy=   -0.3543    axis=( -0.140303  0.611281  0.778878)
     H   19    Vzz=    0.3605    axis=( -0.181751 -0.789193  0.586636)
     H   19  Q=         1.0000 1e-30 m^2  Cq=         0.8470 MHz  eta= 0.96581

     C   20    Vxx=    0.0135    axis=(  0.458563 -0.332663 -0.824048)
     C   20    Vyy=    0.9250    axis=(  0.003204  0.927904 -0.372805)
     C   20    Vzz=   -0.9385    axis=(  0.888656  0.168314  0.426568)
     C   20  Q=         1.0000 1e-30 m^2  Cq=        -2.2051 MHz  eta= 0.97118

     H   21    Vxx=    0.0114    axis=(  0.023768 -0.836304 -0.547750)
     H   21    Vyy=    0.6598    axis=( -0.772300  0.332556 -0.541258)
     H   21    Vzz=   -0.6712    axis=(  0.634814  0.435892 -0.637973)
     H   21  Q=         1.0000 1e-30 m^2  Cq=        -1.5770 MHz  eta= 0.96604

     C   22    Vxx=   -0.0440    axis=(  0.610713  0.147787  0.777939)
     C   22    Vyy=   -0.4310    axis=( -0.335288  0.938276  0.084967)
     C   22    Vzz=    0.4750    axis=( -0.717364 -0.312724  0.622569)
     C   22  Q=         1.0000 1e-30 m^2  Cq=         1.1160 MHz  eta= 0.81467

     C   23    Vxx=   -0.0779    axis=( -0.463937  0.607275  0.644964)
     C   23    Vyy=   -0.7340    axis=( -0.883625 -0.369005 -0.288170)
     C   23    Vzz=    0.8119    axis=(  0.062997 -0.703600  0.707799)
     C   23  Q=         1.0000 1e-30 m^2  Cq=         1.9078 MHz  eta= 0.80808

     Cl  24    Vxx=    0.4911    axis=(  0.698104  0.505878  0.506693)
     Cl  24    Vyy=    1.6104    axis=( -0.391869 -0.322325  0.861711)
     Cl  24    Vzz=   -2.1015    axis=( -0.599241  0.800121  0.026778)
     Cl  24  Q=        -8.1650 1e-30 m^2  Cq=        40.3164 MHz  eta= 0.53265

     Initialization:
     gipaw_setup  :      9.14s CPU     11.14s WALL (       1 calls)

     Linear response

     Apply operators

     Induced current

     Other routines
     efg          :      9.11s CPU     11.37s WALL (       1 calls)

     General routines
     calbec       :      3.13s CPU      4.04s WALL (      16 calls)
     fft          :      1.78s CPU      2.60s WALL (      15 calls)
     ffts         :      0.04s CPU      0.05s WALL (       2 calls)
     fftw         :      3.30s CPU      4.01s WALL (     672 calls)
     davcio       :      0.02s CPU      0.31s WALL (      32 calls)

     Parallel routines
     fft_scatter  :      2.40s CPU      3.80s WALL (     689 calls)

     Plugins

     GIPAW        :     60.68s CPU     71.42s WALL (       1 calls)
