
     Program QE v.6.0 (svn rev. 13079) starts on 21Jan2017 at  8:50:43 

     This program is part of the open-source Quantum ESPRESSO suite
     for quantum simulation of materials; please cite
         "P. Giannozzi et al., J. Phys.:Condens. Matter 21 395502 (2009);
          URL http://www.quantum-espresso.org", 
     in publications or presentations arising from this work. More details at
     http://www.quantum-espresso.org/quote

     Parallel version (MPI), running on     8 processors
     R & G space division:  proc/nbgrp/npool/nimage =       8

     ***** This is GIPAW svn revision unknown      *****

     Parallelizing q-star over 1 images

     Reading data from directory:
     /users/majewski/paradichlorobenzene/pbe/9_constraint/scratch/pbe.ecut100.np8.dt60.pcl2phi-129368.save
     Message from routine read_xml_file:
     file /users/majewski/paradichlorobenzene/pbe/9_constraint/scratch/pbe.ecut100.np8.dt60.pcl2phi-129368.save not guaranteed to be safe for post-processing

   Info: using nr1, nr2, nr3 values from input

   Info: using nr1, nr2, nr3 values from input

     IMPORTANT: XC functional enforced from input :
     Exchange-correlation      =  SLA  PW   PBX  PBC ( 1  4  3  4 0 0)
     Any further DFT definition will be discarded
     Please, verify this is what you really want

               file C.pbe-n-kjpaw_psl.1.0.0.UPF: wavefunction(s)  2S 2P renormalized
               file Cl.pbe-n-kjpaw_psl.1.0.0.UPF: wavefunction(s)  3S 3P renormalized
               file H.pbe-kjpaw_psl.1.0.0.UPF: wavefunction(s)  1S renormalized

     Parallelization info
     --------------------
     sticks:   dense  smooth     PW     G-vecs:    dense   smooth      PW
     Min        3057    1223    332               144436    36536    5170
     Max        3059    1225    333               144437    36537    5171
     Sum       24467    9791   2657              1155489   292295   41363


     Subspace diagonalization in iterative solution of the eigenvalue problem:
     a serial algorithm will be used

     GIPAW projectors -----------------------------------------------
     atom=  C    l=0  rc=    1.2000  rs=    0.8000
     atom=  C    l=0  rc=    1.2000  rs=    0.8000
     atom=  C    l=1  rc=    1.4000  rs=    0.9333
     atom=  C    l=1  rc=    1.4000  rs=    0.9333
     projs nearly linearly dependent: l=1  n1,n2= 1, 2  s=  0.99951561

     atom=  Cl   l=0  rc=    1.6000  rs=    1.0667
     atom=  Cl   l=0  rc=    1.6000  rs=    1.0667
     atom=  Cl   l=1  rc=    1.6000  rs=    1.0667
     atom=  Cl   l=1  rc=    1.6000  rs=    1.0667
     atom=  Cl   l=2  rc=    1.6000  rs=    1.0667
     atom=  Cl   l=2  rc=    1.6000  rs=    1.0667
     projs nearly linearly dependent: l=2  n1,n2= 1, 2  s=  0.99993509

     atom=  H    l=0  rc=    1.0000  rs=    0.6667
     atom=  H    l=0  rc=    1.0000  rs=    0.6667
     projs nearly linearly dependent: l=0  n1,n2= 1, 2  s=  0.99968852
     -----------------------------------------------------------------

     GIPAW integrals: -------------------------------------------
     Atom  i/j   nmr_para   nmr_dia   epr_rmc  epr_para   epr_dia
       C   1 1   0.83E+03  0.17E-01  0.93E+01  0.24E+08  0.24E+03
       C   2 1   0.86E+03 -0.61E-01  0.94E+01  0.25E+08  0.25E+03
       C   2 2   0.90E+03 -0.15E+00  0.97E+01  0.26E+08  0.26E+03
       C   3 3   0.33E+01  0.34E+00  0.18E+01  0.55E+03  0.21E+02
       C   4 3   0.35E+01  0.37E+00  0.20E+01  0.59E+03  0.22E+02
       C   4 4   0.38E+01  0.39E+00  0.22E+01  0.63E+03  0.24E+02
       Cl  1 1   0.14E+04 -0.47E+00  0.84E+01  0.32E+09  0.42E+03
       Cl  2 1   0.21E+04 -0.37E+00  0.12E+02  0.49E+09  0.65E+03
       Cl  2 2   0.33E+04 -0.16E+00  0.21E+02  0.76E+09  0.10E+04
       Cl  3 3   0.21E+02  0.79E-01  0.89E+01  0.23E+05  0.13E+03
       Cl  4 3   0.24E+02  0.67E-01  0.99E+01  0.27E+05  0.15E+03
       Cl  4 4   0.28E+02  0.44E-01  0.11E+02  0.32E+05  0.18E+03
       Cl  5 5   0.77E+00  0.19E+00  0.18E+01  0.12E+03  0.22E+02
       Cl  6 5   0.80E+00  0.19E+00  0.19E+01  0.12E+03  0.23E+02
       Cl  6 6   0.83E+00  0.20E+00  0.19E+01  0.12E+03  0.23E+02
       H   1 1   0.39E+02  0.19E+00  0.29E+00  0.78E+05  0.13E+02
       H   2 1   0.41E+02  0.21E+00  0.32E+00  0.82E+05  0.14E+02
       H   2 2   0.43E+02  0.22E+00  0.36E+00  0.86E+05  0.15E+02
     ------------------------------------------------------------

     alpha_pv=     34.0125 eV

     Number of occupied bands for each k-point:
     k-point:     1    nbnd_occ=  42
     k-point:     2    nbnd_occ=  42
     k-point:     3    nbnd_occ=  42
     k-point:     4    nbnd_occ=  42
     k-point:     5    nbnd_occ=  42
     k-point:     6    nbnd_occ=  42
     k-point:     7    nbnd_occ=  42
     k-point:     8    nbnd_occ=  42
     k-point:     9    nbnd_occ=  42
     k-point:    10    nbnd_occ=  42
     k-point:    11    nbnd_occ=  42
     k-point:    12    nbnd_occ=  42
     k-point:    13    nbnd_occ=  42
     k-point:    14    nbnd_occ=  42
     k-point:    15    nbnd_occ=  42
     k-point:    16    nbnd_occ=  42


     q-space interpolation up to   110.00 Rydberg

     GIPAW job: efg                                                                             


     ELECTRIC FIELD GRADIENTS TENSORS IN Hartree/bohrradius^2:

     ----- bare term -----
     Cl   1        0.195985        0.018088        0.021781
     Cl   1        0.018088       -0.259779       -0.189774
     Cl   1        0.021781       -0.189774        0.063794

     C    2       -0.807338        0.441975       -0.352379
     C    2        0.441975        0.329279       -0.004131
     C    2       -0.352379       -0.004131        0.478060

     C    3        0.184874       -0.034759       -0.098820
     C    3       -0.034759       -0.495476       -0.508477
     C    3       -0.098820       -0.508477        0.310602

     H    4       -0.547383       -0.066870        0.187397
     H    4       -0.066870        0.345754       -0.262288
     H    4        0.187397       -0.262288        0.201629

     C    5       -0.829870        0.374771       -0.468624
     C    5        0.374771        0.325074       -0.001640
     C    5       -0.468624       -0.001640        0.504796

     H    6        0.015329       -0.254462        0.172984
     H    6       -0.254462       -0.418375       -0.318115
     H    6        0.172984       -0.318115        0.403046

     H    7        0.312983        0.363816       -0.114213
     H    7        0.363816       -0.584536        0.430218
     H    7       -0.114213        0.430218        0.271553

     C    8       -0.081782       -0.161970       -0.155568
     C    8       -0.161970       -0.024641        0.439510
     C    8       -0.155568        0.439510        0.106423

     H    9       -0.457204        0.448250       -0.215478
     H    9        0.448250        0.174924        0.049945
     H    9       -0.215478        0.049945        0.282280

     C   10       -0.538192       -0.321009       -0.127563
     C   10       -0.321009        0.166595        0.328163
     C   10       -0.127563        0.328163        0.371596

     C   11        0.080979        0.077622       -0.193166
     C   11        0.077622       -0.041469        0.460140
     C   11       -0.193166        0.460140       -0.039510

     Cl  12       -0.243767       -0.272936        0.023603
     Cl  12       -0.272936        0.030349        0.100591
     Cl  12        0.023603        0.100591        0.213418

     H   13        0.222293       -0.411489        0.090280
     H   13       -0.411489       -0.554649        0.055845
     H   13        0.090280        0.055845        0.332357

     C   14       -0.003765        0.199351       -0.051677
     C   14        0.199351       -0.128194       -0.357189
     C   14       -0.051677       -0.357189        0.131959

     H   15       -0.225822       -0.479226        0.008435
     H   15       -0.479226       -0.112315        0.127920
     H   15        0.008435        0.127920        0.338137

     C   16       -0.456005        0.216462       -0.125343
     C   16        0.216462        0.113042       -0.108444
     C   16       -0.125343       -0.108444        0.342963

     C   17        0.030411       -0.120158       -0.303968
     C   17       -0.120158        0.003380       -0.623824
     C   17       -0.303968       -0.623824       -0.033791

     Cl  18       -0.323311        0.285803       -0.017681
     Cl  18        0.285803        0.186668        0.083775
     Cl  18       -0.017681        0.083775        0.136642

     H   19        0.555206       -0.017066       -0.034786
     H   19       -0.017066       -0.094105        0.218328
     H   19       -0.034786        0.218328       -0.461101

     C   20       -0.463769       -0.269247       -0.045919
     C   20       -0.269247        0.225103        0.013120
     C   20       -0.045919        0.013120        0.238666

     H   21       -0.012944       -0.136054       -0.510526
     H   21       -0.136054        0.023850       -0.207592
     H   21       -0.510526       -0.207592       -0.010906

     C   22        0.146891       -0.072155       -0.157772
     C   22       -0.072155       -0.079482        0.511676
     C   22       -0.157772        0.511676       -0.067410

     C   23       -0.561351       -0.455484       -0.282310
     C   23       -0.455484        0.140274        0.069081
     C   23       -0.282310        0.069081        0.421077

     Cl  24        0.011357       -0.036980        0.007299
     Cl  24       -0.036980        0.040354       -0.043700
     Cl  24        0.007299       -0.043700       -0.051711

     ----- ionic term -----
     Cl   1        0.118303       -0.201545       -0.006877
     Cl   1       -0.201545        0.032889        0.006480
     Cl   1       -0.006877        0.006480       -0.151193

     C    2        0.212607       -0.072850        0.162434
     C    2       -0.072850        0.277055        0.364111
     C    2        0.162434        0.364111       -0.489662

     C    3        0.189819       -0.113725        0.113693
     C    3       -0.113725        0.311564        0.378803
     C    3        0.113693        0.378803       -0.501382

     H    4        0.814906        0.465960        0.415473
     H    4        0.465960       -0.306887        0.185160
     H    4        0.415473        0.185160       -0.508019

     C    5        0.405377       -0.049775        0.203272
     C    5       -0.049775        0.105612        0.276006
     C    5        0.203272        0.276006       -0.510989

     H    6       -0.431603        0.348504        0.133501
     H    6        0.348504        0.791124        0.529095
     H    6        0.133501        0.529095       -0.359521

     H    7       -0.517829       -0.121657        0.103003
     H    7       -0.121657        0.450894       -0.790652
     H    7        0.103003       -0.790652        0.066935

     C    8        0.275028        0.258488        0.217394
     C    8        0.258488        0.019834       -0.310239
     C    8        0.217394       -0.310239       -0.294862

     H    9        0.688714       -0.123091        0.687017
     H    9       -0.123091       -0.519120       -0.163700
     H    9        0.687017       -0.163700       -0.169595

     C   10        0.136159        0.314522        0.165758
     C   10        0.314522        0.140478       -0.433754
     C   10        0.165758       -0.433754       -0.276636

     C   11        0.169526        0.189758        0.270791
     C   11        0.189758        0.084572       -0.451025
     C   11        0.270791       -0.451025       -0.254097

     Cl  12        0.120171        0.202558        0.004456
     Cl  12        0.202558        0.040369       -0.018377
     Cl  12        0.004456       -0.018377       -0.160540

     H   13       -0.441489        0.297684        0.096274
     H   13        0.297684        0.885352        0.461071
     H   13        0.096274        0.461071       -0.443862

     C   14        0.403057       -0.151513        0.136114
     C   14       -0.151513        0.152354        0.250447
     C   14        0.136114        0.250447       -0.555411

     H   15        0.795286        0.434533        0.440635
     H   15        0.434533       -0.322690        0.210264
     H   15        0.440635        0.210264       -0.472596

     C   16        0.236360       -0.166005        0.112148
     C   16       -0.166005        0.306006        0.355569
     C   16        0.112148        0.355569       -0.542366

     C   17        0.314478       -0.047305        0.244200
     C   17       -0.047305        0.214369        0.323983
     C   17        0.244200        0.323983       -0.528847

     Cl  18        0.128907       -0.185822        0.013762
     Cl  18       -0.185822        0.042076       -0.007636
     Cl  18        0.013762       -0.007636       -0.170983

     H   19       -0.508965       -0.078522        0.073325
     H   19       -0.078522        0.651880       -0.729751
     H   19        0.073325       -0.729751       -0.142916

     C   20        0.330179        0.214503        0.247783
     C   20        0.214503        0.002426       -0.320553
     C   20        0.247783       -0.320553       -0.332605

     H   21        0.591403       -0.241765        0.693580
     H   21       -0.241765       -0.444521       -0.219335
     H   21        0.693580       -0.219335       -0.146882

     C   22        0.217055        0.277907        0.153473
     C   22        0.277907        0.084108       -0.355263
     C   22        0.153473       -0.355263       -0.301163

     C   23        0.256923        0.228238        0.185290
     C   23        0.228238        0.014391       -0.345118
     C   23        0.185290       -0.345118       -0.271315

     Cl  24        0.156988        0.213501       -0.029998
     Cl  24        0.213501       -0.024465       -0.019785
     Cl  24       -0.029998       -0.019785       -0.132523

     ----- GIPAW term -----
     Cl   1       -0.046276       -0.472243        0.406034
     Cl   1       -0.472243        1.051191        1.294530
     Cl   1        0.406034        1.294530       -1.004915

     C    2       -0.167449        0.033091       -0.010367
     C    2        0.033091        0.177756        0.169585
     C    2       -0.010367        0.169585       -0.010307

     C    3       -0.061827       -0.059485       -0.021154
     C    3       -0.059485        0.017549        0.125348
     C    3       -0.021154        0.125348        0.044278

     H    4       -0.000000        0.000000        0.000000
     H    4        0.000000        0.000000        0.000000
     H    4        0.000000        0.000000        0.000000

     C    5       -0.147359       -0.040085       -0.097628
     C    5       -0.040085        0.112532        0.154437
     C    5       -0.097628        0.154437        0.034827

     H    6       -0.000000        0.000000        0.000000
     H    6        0.000000        0.000000        0.000000
     H    6        0.000000        0.000000        0.000000

     H    7       -0.000000        0.000000        0.000000
     H    7        0.000000        0.000000        0.000000
     H    7        0.000000        0.000000        0.000000

     C    8       -0.073732       -0.104709       -0.019848
     C    8       -0.104709        0.200340        0.134840
     C    8       -0.019848        0.134840       -0.126607

     H    9       -0.000000        0.000000        0.000000
     H    9        0.000000        0.000000        0.000000
     H    9        0.000000        0.000000        0.000000

     C   10       -0.195002       -0.050453       -0.029895
     C   10       -0.050453        0.211078        0.160847
     C   10       -0.029895        0.160847       -0.016076

     C   11       -0.016392        0.018294       -0.033926
     C   11        0.018294        0.076270        0.098196
     C   11       -0.033926        0.098196       -0.059879

     Cl  12       -1.156693        0.837692        0.166547
     Cl  12        0.837692        0.771840        2.327954
     Cl  12        0.166547        2.327954        0.384852

     H   13       -0.000000        0.000000        0.000000
     H   13        0.000000        0.000000        0.000000
     H   13        0.000000        0.000000        0.000000

     C   14       -0.030137        0.122547        0.001764
     C   14        0.122547        0.140472       -0.084426
     C   14        0.001764       -0.084426       -0.110335

     H   15       -0.000000        0.000000        0.000000
     H   15        0.000000        0.000000        0.000000
     H   15        0.000000        0.000000        0.000000

     C   16       -0.108617        0.055947       -0.035616
     C   16        0.055947        0.133700       -0.061058
     C   16       -0.035616       -0.061058       -0.025082

     C   17       -0.066301       -0.101915       -0.036877
     C   17       -0.101915        0.263554       -0.008929
     C   17       -0.036877       -0.008929       -0.197253

     Cl  18       -1.015796       -0.956179       -0.176761
     Cl  18       -0.956179        2.469966        1.198915
     Cl  18       -0.176761        1.198915       -1.454170

     H   19       -0.000000        0.000000        0.000000
     H   19        0.000000        0.000000        0.000000
     H   19        0.000000        0.000000        0.000000

     C   20       -0.076295        0.009375        0.020813
     C   20        0.009375        0.084245        0.035847
     C   20        0.020813        0.035847       -0.007950

     H   21       -0.000000        0.000000        0.000000
     H   21        0.000000        0.000000        0.000000
     H   21        0.000000        0.000000        0.000000

     C   22       -0.066998        0.004095       -0.016354
     C   22        0.004095        0.154108        0.110586
     C   22       -0.016354        0.110586       -0.087110

     C   23       -0.088512       -0.016520       -0.020264
     C   23       -0.016520        0.137227        0.028607
     C   23       -0.020264        0.028607       -0.048714

     Cl  24       -0.093118        1.733348       -0.063682
     Cl  24        1.733348        2.389626       -0.935753
     Cl  24       -0.063682       -0.935753       -2.296508

     ----- total EFG -----
     Cl   1        0.268012       -0.655699        0.420937
     Cl   1       -0.655699        0.824301        1.111236
     Cl   1        0.420937        1.111236       -1.092313

     C    2       -0.762181        0.402216       -0.200311
     C    2        0.402216        0.784090        0.529565
     C    2       -0.200311        0.529565       -0.021909

     C    3        0.312866       -0.207969       -0.006281
     C    3       -0.207969       -0.166363       -0.004327
     C    3       -0.006281       -0.004327       -0.146502

     H    4        0.267523        0.399089        0.602869
     H    4        0.399089        0.038866       -0.077128
     H    4        0.602869       -0.077128       -0.306390

     C    5       -0.571852        0.284911       -0.362980
     C    5        0.284911        0.543218        0.428803
     C    5       -0.362980        0.428803        0.028634

     H    6       -0.416273        0.094041        0.306485
     H    6        0.094041        0.372749        0.210980
     H    6        0.306485        0.210980        0.043524

     H    7       -0.204846        0.242158       -0.011210
     H    7        0.242158       -0.133642       -0.360434
     H    7       -0.011210       -0.360434        0.338487

     C    8        0.119514       -0.008191        0.041977
     C    8       -0.008191        0.195533        0.264111
     C    8        0.041977        0.264111       -0.315046

     H    9        0.231510        0.325159        0.471538
     H    9        0.325159       -0.344195       -0.113755
     H    9        0.471538       -0.113755        0.112685

     C   10       -0.597036       -0.056940        0.008300
     C   10       -0.056940        0.518151        0.055256
     C   10        0.008300        0.055256        0.078885

     C   11        0.234113        0.285674        0.043699
     C   11        0.285674        0.119373        0.107311
     C   11        0.043699        0.107311       -0.353486

     Cl  12       -1.280289        0.767315        0.194606
     Cl  12        0.767315        0.842558        2.410167
     Cl  12        0.194606        2.410167        0.437731

     H   13       -0.219197       -0.113805        0.186555
     H   13       -0.113805        0.330702        0.516917
     H   13        0.186555        0.516917       -0.111506

     C   14        0.369154        0.170386        0.086200
     C   14        0.170386        0.164632       -0.191169
     C   14        0.086200       -0.191169       -0.533786

     H   15        0.569464       -0.044693        0.449070
     H   15       -0.044693       -0.435004        0.338183
     H   15        0.449070        0.338183       -0.134460

     C   16       -0.328263        0.106404       -0.048811
     C   16        0.106404        0.552747        0.186068
     C   16       -0.048811        0.186068       -0.224485

     C   17        0.278588       -0.269378       -0.096645
     C   17       -0.269378        0.481303       -0.308771
     C   17       -0.096645       -0.308771       -0.759891

     Cl  18       -1.210199       -0.856198       -0.180680
     Cl  18       -0.856198        2.698710        1.275053
     Cl  18       -0.180680        1.275053       -1.488511

     H   19        0.046241       -0.095588        0.038539
     H   19       -0.095588        0.557775       -0.511423
     H   19        0.038539       -0.511423       -0.604016

     C   20       -0.209885       -0.045369        0.222677
     C   20       -0.045369        0.311773       -0.271585
     C   20        0.222677       -0.271585       -0.101889

     H   21        0.578459       -0.377819        0.183054
     H   21       -0.377819       -0.420671       -0.426926
     H   21        0.183054       -0.426926       -0.157788

     C   22        0.296949        0.209846       -0.020654
     C   22        0.209846        0.158734        0.266999
     C   22       -0.020654        0.266999       -0.455683

     C   23       -0.392939       -0.243766       -0.117284
     C   23       -0.243766        0.291892       -0.247430
     C   23       -0.117284       -0.247430        0.101047

     Cl  24        0.075227        1.909870       -0.086381
     Cl  24        1.909870        2.405515       -0.999238
     Cl  24       -0.086381       -0.999238       -2.480742

     ----- total EFG (symmetrized) -----
     Cl   1        0.268012       -0.655699        0.420937
     Cl   1       -0.655699        0.824301        1.111236
     Cl   1        0.420937        1.111236       -1.092313

     C    2       -0.762181        0.402216       -0.200311
     C    2        0.402216        0.784090        0.529565
     C    2       -0.200311        0.529565       -0.021909

     C    3        0.312866       -0.207969       -0.006281
     C    3       -0.207969       -0.166363       -0.004327
     C    3       -0.006281       -0.004327       -0.146502

     H    4        0.267523        0.399089        0.602869
     H    4        0.399089        0.038866       -0.077128
     H    4        0.602869       -0.077128       -0.306390

     C    5       -0.571852        0.284911       -0.362980
     C    5        0.284911        0.543218        0.428803
     C    5       -0.362980        0.428803        0.028634

     H    6       -0.416273        0.094041        0.306485
     H    6        0.094041        0.372749        0.210980
     H    6        0.306485        0.210980        0.043524

     H    7       -0.204846        0.242158       -0.011210
     H    7        0.242158       -0.133642       -0.360434
     H    7       -0.011210       -0.360434        0.338487

     C    8        0.119514       -0.008191        0.041977
     C    8       -0.008191        0.195533        0.264111
     C    8        0.041977        0.264111       -0.315046

     H    9        0.231510        0.325159        0.471538
     H    9        0.325159       -0.344195       -0.113755
     H    9        0.471538       -0.113755        0.112685

     C   10       -0.597036       -0.056940        0.008300
     C   10       -0.056940        0.518151        0.055256
     C   10        0.008300        0.055256        0.078885

     C   11        0.234113        0.285674        0.043699
     C   11        0.285674        0.119373        0.107311
     C   11        0.043699        0.107311       -0.353486

     Cl  12       -1.280289        0.767315        0.194606
     Cl  12        0.767315        0.842558        2.410167
     Cl  12        0.194606        2.410167        0.437731

     H   13       -0.219197       -0.113805        0.186555
     H   13       -0.113805        0.330702        0.516917
     H   13        0.186555        0.516917       -0.111506

     C   14        0.369154        0.170386        0.086200
     C   14        0.170386        0.164632       -0.191169
     C   14        0.086200       -0.191169       -0.533786

     H   15        0.569464       -0.044693        0.449070
     H   15       -0.044693       -0.435004        0.338183
     H   15        0.449070        0.338183       -0.134460

     C   16       -0.328263        0.106404       -0.048811
     C   16        0.106404        0.552747        0.186068
     C   16       -0.048811        0.186068       -0.224485

     C   17        0.278588       -0.269378       -0.096645
     C   17       -0.269378        0.481303       -0.308771
     C   17       -0.096645       -0.308771       -0.759891

     Cl  18       -1.210199       -0.856198       -0.180680
     Cl  18       -0.856198        2.698710        1.275053
     Cl  18       -0.180680        1.275053       -1.488511

     H   19        0.046241       -0.095588        0.038539
     H   19       -0.095588        0.557775       -0.511423
     H   19        0.038539       -0.511423       -0.604016

     C   20       -0.209885       -0.045369        0.222677
     C   20       -0.045369        0.311773       -0.271585
     C   20        0.222677       -0.271585       -0.101889

     H   21        0.578459       -0.377819        0.183054
     H   21       -0.377819       -0.420671       -0.426926
     H   21        0.183054       -0.426926       -0.157788

     C   22        0.296949        0.209846       -0.020654
     C   22        0.209846        0.158734        0.266999
     C   22       -0.020654        0.266999       -0.455683

     C   23       -0.392939       -0.243766       -0.117284
     C   23       -0.243766        0.291892       -0.247430
     C   23       -0.117284       -0.247430        0.101047

     Cl  24        0.075227        1.909870       -0.086381
     Cl  24        1.909870        2.405515       -0.999238
     Cl  24       -0.086381       -0.999238       -2.480742


     NQR/NMR SPECTROSCOPIC PARAMETERS:
     Cl   1    Vxx=    0.3177    axis=( -0.880985 -0.206476 -0.425715)
     Cl   1    Vyy=    1.4960    axis=( -0.359367  0.877271  0.318198)
     Cl   1    Vzz=   -1.8137    axis=( -0.307767 -0.433316  0.847064)
     Cl   1  Q=        -8.1650 1e-30 m^2  Cq=        34.7951 MHz  eta= 0.64962

     C    2    Vxx=   -0.1062    axis=( -0.442962 -0.301985  0.844151)
     C    2    Vyy=   -0.9822    axis=( -0.883470  0.307218 -0.353691)
     C    2    Vzz=    1.0885    axis=( -0.152529 -0.902454 -0.402880)
     C    2  Q=         1.0000 1e-30 m^2  Cq=         2.5575 MHz  eta= 0.80479

     C    3    Vxx=   -0.1461    axis=( -0.014679 -0.062540  0.997934)
     C    3    Vyy=   -0.2444    axis=(  0.349545  0.934750  0.063722)
     C    3    Vzz=    0.3906    axis=( -0.936804  0.349759  0.008139)
     C    3  Q=         1.0000 1e-30 m^2  Cq=         0.9177 MHz  eta= 0.25166

     H    4    Vxx=    0.0118    axis=( -0.154292  0.852730 -0.499044)
     H    4    Vyy=    0.7764    axis=(  0.813987  0.395996  0.424985)
     H    4    Vzz=   -0.7882    axis=(  0.560018 -0.340644 -0.755210)
     H    4  Q=         1.0000 1e-30 m^2  Cq=        -1.8520 MHz  eta= 0.97008

     C    5    Vxx=    0.0949    axis=(  0.559897  0.358583 -0.746949)
     C    5    Vyy=    0.7901    axis=( -0.059708 -0.881695 -0.468026)
     C    5    Vzz=   -0.8850    axis=(  0.826408 -0.306645  0.472249)
     C    5  Q=         1.0000 1e-30 m^2  Cq=        -2.0794 MHz  eta= 0.78562

     H    6    Vxx=    0.0378    axis=(  0.376824 -0.567155  0.732351)
     H    6    Vyy=    0.5318    axis=(  0.246809  0.823528  0.510772)
     H    6    Vzz=   -0.5696    axis=(  0.892798  0.011721 -0.450304)
     H    6  Q=         1.0000 1e-30 m^2  Cq=        -1.3384 MHz  eta= 0.86716

     H    7    Vxx=   -0.0663    axis=(  0.773506  0.462556  0.433279)
     H    7    Vyy=   -0.4889    axis=(  0.609738 -0.729644 -0.309580)
     H    7    Vzz=    0.5552    axis=( -0.172941 -0.503648  0.846422)
     H    7  Q=         1.0000 1e-30 m^2  Cq=         1.3046 MHz  eta= 0.76114

     C    8    Vxx=    0.1223    axis=(  0.995983 -0.073428  0.051256)
     C    8    Vyy=    0.3080    axis=(  0.047513  0.918498  0.392562)
     C    8    Vzz=   -0.4303    axis=( -0.075904 -0.388549  0.918296)
     C    8  Q=         1.0000 1e-30 m^2  Cq=        -1.0110 MHz  eta= 0.43162

     H    9    Vxx=   -0.0411    axis=( -0.372891 -0.648999  0.663139)
     H    9    Vyy=   -0.6368    axis=(  0.513328 -0.739645 -0.435223)
     H    9    Vzz=    0.6779    axis=(  0.772947  0.178117  0.608956)
     H    9  Q=         1.0000 1e-30 m^2  Cq=         1.5929 MHz  eta= 0.87864

     C   10    Vxx=    0.0724    axis=(  0.022526 -0.120149  0.992500)
     C   10    Vyy=    0.5277    axis=( -0.049295  0.991411  0.121136)
     C   10    Vzz=   -0.6001    axis=( -0.998530 -0.051654  0.016410)
     C   10  Q=         1.0000 1e-30 m^2  Cq=        -1.4100 MHz  eta= 0.75877

     C   11    Vxx=   -0.1032    axis=(  0.648044 -0.734394 -0.201752)
     C   11    Vyy=   -0.3774    axis=(  0.039140 -0.232441  0.971823)
     C   11    Vzz=    0.4806    axis=( -0.760596 -0.637681 -0.121888)
     C   11  Q=         1.0000 1e-30 m^2  Cq=         1.1293 MHz  eta= 0.57043

     Cl  12    Vxx=   -1.1647    axis=(  0.844348  0.247700 -0.475102)
     Cl  12    Vyy=   -2.0039    axis=( -0.512690  0.631103 -0.582115)
     Cl  12    Vzz=    3.1686    axis=( -0.155649 -0.735087 -0.659864)
     Cl  12  Q=        -8.1650 1e-30 m^2  Cq=       -60.7872 MHz  eta= 0.26485

     H   13    Vxx=   -0.0883    axis=(  0.857641 -0.290511  0.424329)
     H   13    Vyy=   -0.5835    axis=(  0.514167  0.469746 -0.717615)
     H   13    Vzz=    0.6719    axis=(  0.009148  0.833632  0.552245)
     H   13  Q=         1.0000 1e-30 m^2  Cq=         1.5787 MHz  eta= 0.73702

     C   14    Vxx=    0.1334    axis=( -0.485125  0.822028 -0.298201)
     C   14    Vyy=    0.4660    axis=(  0.864409  0.502329 -0.021522)
     C   14    Vzz=   -0.5994    axis=( -0.132104  0.268208  0.954260)
     C   14  Q=         1.0000 1e-30 m^2  Cq=        -1.4085 MHz  eta= 0.55484

     H   15    Vxx=   -0.0736    axis=( -0.403474  0.651327  0.642636)
     H   15    Vyy=   -0.7246    axis=(  0.238803  0.752958 -0.613210)
     H   15    Vzz=    0.7982    axis=(  0.883279  0.093951  0.459339)
     H   15  Q=         1.0000 1e-30 m^2  Cq=         1.8756 MHz  eta= 0.81548

     C   16    Vxx=   -0.2230    axis=( -0.522578 -0.130413  0.842559)
     C   16    Vyy=   -0.3813    axis=( -0.846731  0.195057 -0.494974)
     C   16    Vzz=    0.6043    axis=(  0.099796  0.972083  0.212357)
     C   16  Q=         1.0000 1e-30 m^2  Cq=         1.4199 MHz  eta= 0.26194

     C   17    Vxx=    0.1576    axis=(  0.847615  0.469467 -0.247283)
     C   17    Vyy=    0.6971    axis=(  0.511510 -0.846862  0.145543)
     C   17    Vzz=   -0.8547    axis=(  0.141087  0.249852  0.957950)
     C   17  Q=         1.0000 1e-30 m^2  Cq=        -2.0081 MHz  eta= 0.63124

     Cl  18    Vxx=   -1.3753    axis=(  0.974218  0.152793  0.165992)
     Cl  18    Vyy=   -1.8530    axis=(  0.116737  0.288201 -0.950427)
     Cl  18    Vzz=    3.2282    axis=( -0.193058  0.945301  0.262934)
     Cl  18  Q=        -8.1650 1e-30 m^2  Cq=       -61.9319 MHz  eta= 0.14797

     H   19    Vxx=    0.0315    axis=(  0.989892  0.133627 -0.047506)
     H   19    Vyy=    0.7656    axis=( -0.141794  0.926038 -0.349782)
     H   19    Vzz=   -0.7971    axis=( -0.002748  0.352983  0.935626)
     H   19  Q=         1.0000 1e-30 m^2  Cq=        -1.8728 MHz  eta= 0.92099

     C   20    Vxx=   -0.0628    axis=( -0.683213 -0.481079 -0.549348)
     C   20    Vyy=   -0.4139    axis=(  0.698700 -0.212040 -0.683270)
     C   20    Vzz=    0.4767    axis=(  0.212223 -0.850648  0.480998)
     C   20  Q=         1.0000 1e-30 m^2  Cq=         1.1200 MHz  eta= 0.73657

     H   21    Vxx=   -0.0458    axis=(  0.475536  0.408223 -0.779243)
     H   21    Vyy=   -0.7678    axis=(  0.160619  0.830627  0.533160)
     H   21    Vzz=    0.8136    axis=(  0.864909 -0.378698  0.329425)
     H   21  Q=         1.0000 1e-30 m^2  Cq=         1.9117 MHz  eta= 0.88731

     C   22    Vxx=    0.0933    axis=( -0.654666  0.669806  0.350389)
     C   22    Vyy=    0.4727    axis=(  0.747498  0.642620  0.168184)
     C   22    Vzz=   -0.5660    axis=(  0.112516 -0.372019  0.921380)
     C   22  Q=         1.0000 1e-30 m^2  Cq=        -1.3299 MHz  eta= 0.67031

     C   23    Vxx=    0.0455    axis=( -0.433356  0.388063  0.813394)
     C   23    Vyy=    0.4850    axis=(  0.169990 -0.851147  0.496641)
     C   23    Vzz=   -0.5304    axis=(  0.885046  0.353491  0.302883)
     C   23  Q=         1.0000 1e-30 m^2  Cq=        -1.2463 MHz  eta= 0.82850

     Cl  24    Vxx=   -0.9002    axis=(  0.871403 -0.434765  0.227237)
     Cl  24    Vyy=   -2.7152    axis=(  0.132588 -0.237244 -0.962359)
     Cl  24    Vzz=    3.6154    axis=(  0.472311  0.868732 -0.149090)
     Cl  24  Q=        -8.1650 1e-30 m^2  Cq=       -69.3588 MHz  eta= 0.50202

     Initialization:
     gipaw_setup  :      9.22s CPU     11.04s WALL (       1 calls)

     Linear response

     Apply operators

     Induced current

     Other routines
     efg          :      9.33s CPU     11.76s WALL (       1 calls)

     General routines
     calbec       :      3.30s CPU      4.38s WALL (      16 calls)
     fft          :      1.74s CPU      2.64s WALL (      15 calls)
     ffts         :      0.04s CPU      0.07s WALL (       2 calls)
     fftw         :      3.26s CPU      4.00s WALL (     672 calls)
     davcio       :      0.03s CPU      0.32s WALL (      32 calls)

     Parallel routines
     fft_scatter  :      2.40s CPU      3.92s WALL (     689 calls)

     Plugins

     GIPAW        :     60.93s CPU     72.61s WALL (       1 calls)
