
     Program QE v.6.0 (svn rev. 13079) starts on 31Dec2016 at 12:18:45 

     This program is part of the open-source Quantum ESPRESSO suite
     for quantum simulation of materials; please cite
         "P. Giannozzi et al., J. Phys.:Condens. Matter 21 395502 (2009);
          URL http://www.quantum-espresso.org", 
     in publications or presentations arising from this work. More details at
     http://www.quantum-espresso.org/quote

     Parallel version (MPI), running on     8 processors
     R & G space division:  proc/nbgrp/npool/nimage =       8

     ***** This is GIPAW svn revision unknown      *****

     Parallelizing q-star over 1 images

     Reading data from directory:
     /users/majewski/paradichlorobenzene/pbe/9_constraint/scratch/pbe.ecut100.np8.dt60.pcl2phi-129368.save
     Message from routine read_xml_file:
     file /users/majewski/paradichlorobenzene/pbe/9_constraint/scratch/pbe.ecut100.np8.dt60.pcl2phi-129368.save not guaranteed to be safe for post-processing

   Info: using nr1, nr2, nr3 values from input

   Info: using nr1, nr2, nr3 values from input

     IMPORTANT: XC functional enforced from input :
     Exchange-correlation      =  SLA  PW   PBX  PBC ( 1  4  3  4 0 0)
     Any further DFT definition will be discarded
     Please, verify this is what you really want

               file C.pbe-n-kjpaw_psl.1.0.0.UPF: wavefunction(s)  2S 2P renormalized
               file Cl.pbe-n-kjpaw_psl.1.0.0.UPF: wavefunction(s)  3S 3P renormalized
               file H.pbe-kjpaw_psl.1.0.0.UPF: wavefunction(s)  1S renormalized

     Parallelization info
     --------------------
     sticks:   dense  smooth     PW     G-vecs:    dense   smooth      PW
     Min        3057    1223    332               144436    36536    5170
     Max        3059    1225    333               144437    36537    5171
     Sum       24467    9791   2657              1155489   292295   41363


     Subspace diagonalization in iterative solution of the eigenvalue problem:
     a serial algorithm will be used

     GIPAW projectors -----------------------------------------------
     atom=  C    l=0  rc=    1.2000  rs=    0.8000
     atom=  C    l=0  rc=    1.2000  rs=    0.8000
     atom=  C    l=1  rc=    1.4000  rs=    0.9333
     atom=  C    l=1  rc=    1.4000  rs=    0.9333
     projs nearly linearly dependent: l=1  n1,n2= 1, 2  s=  0.99951561

     atom=  Cl   l=0  rc=    1.6000  rs=    1.0667
     atom=  Cl   l=0  rc=    1.6000  rs=    1.0667
     atom=  Cl   l=1  rc=    1.6000  rs=    1.0667
     atom=  Cl   l=1  rc=    1.6000  rs=    1.0667
     atom=  Cl   l=2  rc=    1.6000  rs=    1.0667
     atom=  Cl   l=2  rc=    1.6000  rs=    1.0667
     projs nearly linearly dependent: l=2  n1,n2= 1, 2  s=  0.99993509

     atom=  H    l=0  rc=    1.0000  rs=    0.6667
     atom=  H    l=0  rc=    1.0000  rs=    0.6667
     projs nearly linearly dependent: l=0  n1,n2= 1, 2  s=  0.99968852
     -----------------------------------------------------------------

     GIPAW integrals: -------------------------------------------
     Atom  i/j   nmr_para   nmr_dia   epr_rmc  epr_para   epr_dia
       C   1 1   0.83E+03  0.17E-01  0.93E+01  0.24E+08  0.24E+03
       C   2 1   0.86E+03 -0.61E-01  0.94E+01  0.25E+08  0.25E+03
       C   2 2   0.90E+03 -0.15E+00  0.97E+01  0.26E+08  0.26E+03
       C   3 3   0.33E+01  0.34E+00  0.18E+01  0.55E+03  0.21E+02
       C   4 3   0.35E+01  0.37E+00  0.20E+01  0.59E+03  0.22E+02
       C   4 4   0.38E+01  0.39E+00  0.22E+01  0.63E+03  0.24E+02
       Cl  1 1   0.14E+04 -0.47E+00  0.84E+01  0.32E+09  0.42E+03
       Cl  2 1   0.21E+04 -0.37E+00  0.12E+02  0.49E+09  0.65E+03
       Cl  2 2   0.33E+04 -0.16E+00  0.21E+02  0.76E+09  0.10E+04
       Cl  3 3   0.21E+02  0.79E-01  0.89E+01  0.23E+05  0.13E+03
       Cl  4 3   0.24E+02  0.67E-01  0.99E+01  0.27E+05  0.15E+03
       Cl  4 4   0.28E+02  0.44E-01  0.11E+02  0.32E+05  0.18E+03
       Cl  5 5   0.77E+00  0.19E+00  0.18E+01  0.12E+03  0.22E+02
       Cl  6 5   0.80E+00  0.19E+00  0.19E+01  0.12E+03  0.23E+02
       Cl  6 6   0.83E+00  0.20E+00  0.19E+01  0.12E+03  0.23E+02
       H   1 1   0.39E+02  0.19E+00  0.29E+00  0.78E+05  0.13E+02
       H   2 1   0.41E+02  0.21E+00  0.32E+00  0.82E+05  0.14E+02
       H   2 2   0.43E+02  0.22E+00  0.36E+00  0.86E+05  0.15E+02
     ------------------------------------------------------------

     alpha_pv=     34.2329 eV

     Number of occupied bands for each k-point:
     k-point:     1    nbnd_occ=  42
     k-point:     2    nbnd_occ=  42
     k-point:     3    nbnd_occ=  42
     k-point:     4    nbnd_occ=  42
     k-point:     5    nbnd_occ=  42
     k-point:     6    nbnd_occ=  42
     k-point:     7    nbnd_occ=  42
     k-point:     8    nbnd_occ=  42
     k-point:     9    nbnd_occ=  42
     k-point:    10    nbnd_occ=  42
     k-point:    11    nbnd_occ=  42
     k-point:    12    nbnd_occ=  42
     k-point:    13    nbnd_occ=  42
     k-point:    14    nbnd_occ=  42
     k-point:    15    nbnd_occ=  42
     k-point:    16    nbnd_occ=  42


     q-space interpolation up to   110.00 Rydberg

     GIPAW job: efg                                                                             


     ELECTRIC FIELD GRADIENTS TENSORS IN Hartree/bohrradius^2:

     ----- bare term -----
     Cl   1       -0.052407        0.307596       -0.025977
     Cl   1        0.307596       -0.128270       -0.010822
     Cl   1       -0.025977       -0.010822        0.180676

     C    2        0.061686       -0.410857       -0.532969
     C    2       -0.410857       -0.186191       -0.588983
     C    2       -0.532969       -0.588983        0.124506

     C    3       -0.495785        0.306237        0.024685
     C    3        0.306237        0.098525       -0.303001
     C    3        0.024685       -0.303001        0.397260

     H    4       -0.200764       -0.484993       -0.051401
     H    4       -0.484993       -0.125483        0.187971
     H    4       -0.051401        0.187971        0.326247

     C    5       -0.134225       -0.144674       -0.316129
     C    5       -0.144674        0.063236       -0.511057
     C    5       -0.316129       -0.511057        0.070989

     H    6        0.436227       -0.166240        0.012288
     H    6       -0.166240       -0.748502        0.116568
     H    6        0.012288        0.116568        0.312276

     H    7        0.293772        0.041997        0.328719
     H    7        0.041997        0.186763        0.141105
     H    7        0.328719        0.141105       -0.480535

     C    8       -0.266889       -0.079315       -0.195650
     C    8       -0.079315        0.266030       -0.036459
     C    8       -0.195650       -0.036459        0.000859

     H    9        0.222073        0.032185       -0.186600
     H    9        0.032185        0.237403       -0.262021
     H    9       -0.186600       -0.262021       -0.459476

     C   10        0.198548       -0.060978        0.280667
     C   10       -0.060978       -0.142594       -0.041211
     C   10        0.280667       -0.041211       -0.055954

     C   11       -0.144228       -0.108916       -0.422338
     C   11       -0.108916        0.103770        0.135937
     C   11       -0.422338        0.135937        0.040458

     Cl  12       -0.082082       -0.017221        0.138236
     Cl  12       -0.017221        0.015670       -0.138454
     Cl  12        0.138236       -0.138454        0.066413

     H   13       -0.126321       -0.354296        0.158196
     H   13       -0.354296       -0.334591       -0.227289
     H   13        0.158196       -0.227289        0.460911

     C   14       -0.400042        0.428156       -0.310517
     C   14        0.428156        0.011480        0.036349
     C   14       -0.310517        0.036349        0.388562

     H   15       -0.656835       -0.313464        0.135349
     H   15       -0.313464        0.391338       -0.046624
     H   15        0.135349       -0.046624        0.265496

     C   16       -0.003458       -0.230887       -0.192895
     C   16       -0.230887       -0.228152       -0.528073
     C   16       -0.192895       -0.528073        0.231610

     C   17       -0.639781        0.428295       -0.343899
     C   17        0.428295        0.116749       -0.050488
     C   17       -0.343899       -0.050488        0.523032

     Cl  18       -0.001622        0.095605        0.119067
     Cl  18        0.095605       -0.055027       -0.086262
     Cl  18        0.119067       -0.086262        0.056649

     H   19        0.370638        0.197577       -0.137212
     H   19        0.197577       -0.433697        0.568561
     H   19       -0.137212        0.568561        0.063059

     C   20       -0.012701       -0.513917       -0.098562
     C   20       -0.513917       -0.250096        0.419297
     C   20       -0.098562        0.419297        0.262797

     H   21       -0.323129        0.127801       -0.638645
     H   21        0.127801        0.415388        0.125489
     H   21       -0.638645        0.125489       -0.092259

     C   22       -0.546590       -0.298572       -0.263263
     C   22       -0.298572        0.070948        0.165599
     C   22       -0.263263        0.165599        0.475642

     C   23       -0.006531       -0.184581       -0.182843
     C   23       -0.184581       -0.097628        0.550583
     C   23       -0.182843        0.550583        0.104159

     Cl  24        0.030109       -0.055999        0.027100
     Cl  24       -0.055999        0.020373       -0.042107
     Cl  24        0.027100       -0.042107       -0.050482

     ----- ionic term -----
     Cl   1        0.115478       -0.190472       -0.004814
     Cl   1       -0.190472        0.044553        0.009996
     Cl   1       -0.004814        0.009996       -0.160031

     C    2        0.229651       -0.074642        0.203871
     C    2       -0.074642        0.286025        0.305260
     C    2        0.203871        0.305260       -0.515676

     C    3        0.218695       -0.143960        0.102628
     C    3       -0.143960        0.325805        0.300649
     C    3        0.102628        0.300649       -0.544500

     H    4        0.813935        0.414042        0.455584
     H    4        0.414042       -0.340950        0.172945
     H    4        0.455584        0.172945       -0.472985

     C    5        0.358637       -0.122088        0.115596
     C    5       -0.122088        0.179030        0.238277
     C    5        0.115596        0.238277       -0.537668

     H    6       -0.474928        0.229836        0.053350
     H    6        0.229836        0.920443        0.434195
     H    6        0.053350        0.434195       -0.445515

     H    7       -0.547878        0.048618       -0.028508
     H    7        0.048618        0.342083       -0.792071
     H    7       -0.028508       -0.792071        0.205795

     C    8        0.077321        0.334267        0.344055
     C    8        0.334267       -0.009468       -0.272360
     C    8        0.344055       -0.272360       -0.067854

     H    9        0.386310       -0.096910        0.804736
     H    9       -0.096910       -0.502965       -0.179721
     H    9        0.804736       -0.179721        0.116655

     C   10        0.024944        0.399382        0.232775
     C   10        0.399382        0.110839       -0.369274
     C   10        0.232775       -0.369274       -0.135783

     C   11        0.133519        0.297818        0.342471
     C   11        0.297818       -0.019285       -0.394658
     C   11        0.342471       -0.394658       -0.114234

     Cl  12        0.157046        0.234273        0.047797
     Cl  12        0.234273       -0.012440        0.015356
     Cl  12        0.047797        0.015356       -0.144607

     H   13       -0.462773        0.237075        0.131261
     H   13        0.237075        0.724854        0.602572
     H   13        0.131261        0.602572       -0.262082

     C   14        0.356105       -0.078312        0.235668
     C   14       -0.078312        0.096391        0.257012
     C   14        0.235668        0.257012       -0.452495

     H   15        0.503891        0.528198        0.527070
     H   15        0.528198       -0.224392        0.326252
     H   15        0.527070        0.326252       -0.279499

     C   16        0.132213       -0.073838        0.174951
     C   16       -0.073838        0.257799        0.369422
     C   16        0.174951        0.369422       -0.390012

     C   17        0.248585       -0.059257        0.142473
     C   17       -0.059257        0.198774        0.352841
     C   17        0.142473        0.352841       -0.447360

     Cl  18        0.116892       -0.207210       -0.026075
     Cl  18       -0.207210        0.028043        0.011785
     Cl  18       -0.026075        0.011785       -0.144935

     H   19       -0.540401        0.046303       -0.020203
     H   19        0.046303        0.468870       -0.782709
     H   19       -0.020203       -0.782709        0.071531

     C   20        0.157293        0.281602        0.365624
     C   20        0.281602        0.021162       -0.256567
     C   20        0.365624       -0.256567       -0.178455

     H   21        0.627771       -0.146343        0.689430
     H   21       -0.146343       -0.524349       -0.159440
     H   21        0.689430       -0.159440       -0.103421

     C   22        0.095754        0.304751        0.274042
     C   22        0.304751        0.116983       -0.318005
     C   22        0.274042       -0.318005       -0.212736

     C   23        0.007486        0.219552        0.365080
     C   23        0.219552        0.028557       -0.396329
     C   23        0.365080       -0.396329       -0.036043

     Cl  24        0.103004        0.181923        0.007415
     Cl  24        0.181923        0.033703        0.000967
     Cl  24        0.007415        0.000967       -0.136707

     ----- GIPAW term -----
     Cl   1        2.381631       -1.572902       -0.291930
     Cl   1       -1.572902       -0.909443        0.029199
     Cl   1       -0.291930        0.029199       -1.472187

     C    2        0.076478       -0.270181       -0.148576
     C    2       -0.270181        0.016854        0.027853
     C    2       -0.148576        0.027853       -0.093332

     C    3       -0.145627       -0.062603        0.055693
     C    3       -0.062603        0.172037       -0.134807
     C    3        0.055693       -0.134807       -0.026410

     H    4       -0.000000        0.000000        0.000000
     H    4        0.000000        0.000000        0.000000
     H    4        0.000000        0.000000        0.000000

     C    5       -0.096632       -0.086996       -0.025624
     C    5       -0.086996        0.233472       -0.145483
     C    5       -0.025624       -0.145483       -0.136840

     H    6       -0.000000        0.000000        0.000000
     H    6        0.000000        0.000000        0.000000
     H    6        0.000000        0.000000        0.000000

     H    7       -0.000000        0.000000        0.000000
     H    7        0.000000        0.000000        0.000000
     H    7        0.000000        0.000000        0.000000

     C    8        0.000133       -0.036015       -0.026535
     C    8       -0.036015        0.028008        0.002835
     C    8       -0.026535        0.002835       -0.028141

     H    9       -0.000000        0.000000        0.000000
     H    9        0.000000        0.000000        0.000000
     H    9        0.000000        0.000000        0.000000

     C   10        0.010178        0.020700        0.037128
     C   10        0.020700       -0.000325       -0.030547
     C   10        0.037128       -0.030547       -0.009853

     C   11        0.043389       -0.067064       -0.077407
     C   11       -0.067064        0.045373        0.042527
     C   11       -0.077407        0.042527       -0.088762

     Cl  12        0.142379       -0.248994       -1.167768
     Cl  12       -0.248994        0.000971        1.305194
     Cl  12       -1.167768        1.305194       -0.143350

     H   13       -0.000000        0.000000        0.000000
     H   13        0.000000        0.000000        0.000000
     H   13        0.000000        0.000000        0.000000

     C   14        0.040270       -0.050444       -0.122732
     C   14       -0.050444       -0.025575        0.093455
     C   14       -0.122732        0.093455       -0.014694

     H   15       -0.000000        0.000000        0.000000
     H   15        0.000000        0.000000        0.000000
     H   15        0.000000        0.000000        0.000000

     C   16        0.013016       -0.092849       -0.077858
     C   16       -0.092849       -0.016782        0.009513
     C   16       -0.077858        0.009513        0.003767

     C   17       -0.055917       -0.118541       -0.140447
     C   17       -0.118541        0.038871        0.135885
     C   17       -0.140447        0.135885        0.017046

     Cl  18       -0.074381       -1.885126       -0.580886
     Cl  18       -1.885126        0.102399        1.488076
     Cl  18       -0.580886        1.488076       -0.028018

     H   19       -0.000000        0.000000        0.000000
     H   19        0.000000        0.000000        0.000000
     H   19        0.000000        0.000000        0.000000

     C   20        0.081162       -0.261801       -0.005526
     C   20       -0.261801        0.017920        0.094060
     C   20       -0.005526        0.094060       -0.099082

     H   21       -0.000000        0.000000        0.000000
     H   21        0.000000        0.000000        0.000000
     H   21        0.000000        0.000000        0.000000

     C   22       -0.160011       -0.104963        0.049197
     C   22       -0.104963        0.017950       -0.106019
     C   22        0.049197       -0.106019        0.142061

     C   23        0.018149       -0.029341        0.002150
     C   23       -0.029341        0.146996        0.015737
     C   23        0.002150        0.015737       -0.165144

     Cl  24        1.656529        1.681676        0.251729
     Cl  24        1.681676        0.194174       -0.321268
     Cl  24        0.251729       -0.321268       -1.850702

     ----- total EFG -----
     Cl   1        2.444702       -1.455779       -0.322721
     Cl   1       -1.455779       -0.993160        0.028373
     Cl   1       -0.322721        0.028373       -1.451542

     C    2        0.367814       -0.755679       -0.477674
     C    2       -0.755679        0.116688       -0.255870
     C    2       -0.477674       -0.255870       -0.484501

     C    3       -0.422717        0.099675        0.183006
     C    3        0.099675        0.596367       -0.137159
     C    3        0.183006       -0.137159       -0.173650

     H    4        0.613171       -0.070951        0.404183
     H    4       -0.070951       -0.466433        0.360916
     H    4        0.404183        0.360916       -0.146738

     C    5        0.127780       -0.353758       -0.226156
     C    5       -0.353758        0.475739       -0.418263
     C    5       -0.226156       -0.418263       -0.603519

     H    6       -0.038702        0.063596        0.065638
     H    6        0.063596        0.171941        0.550763
     H    6        0.065638        0.550763       -0.133239

     H    7       -0.254106        0.090615        0.300211
     H    7        0.090615        0.528846       -0.650965
     H    7        0.300211       -0.650965       -0.274740

     C    8       -0.189434        0.218937        0.121869
     C    8        0.218937        0.284570       -0.305984
     C    8        0.121869       -0.305984       -0.095136

     H    9        0.608383       -0.064724        0.618136
     H    9       -0.064724       -0.265562       -0.441742
     H    9        0.618136       -0.441742       -0.342822

     C   10        0.233671        0.359104        0.550570
     C   10        0.359104       -0.032081       -0.441031
     C   10        0.550570       -0.441031       -0.201590

     C   11        0.032680        0.121838       -0.157274
     C   11        0.121838        0.129859       -0.216193
     C   11       -0.157274       -0.216193       -0.162539

     Cl  12        0.217343       -0.031943       -0.981735
     Cl  12       -0.031943        0.004201        1.182096
     Cl  12       -0.981735        1.182096       -0.221544

     H   13       -0.589093       -0.117221        0.289458
     H   13       -0.117221        0.390264        0.375284
     H   13        0.289458        0.375284        0.198830

     C   14       -0.003668        0.299400       -0.197581
     C   14        0.299400        0.082295        0.386816
     C   14       -0.197581        0.386816       -0.078627

     H   15       -0.152943        0.214734        0.662419
     H   15        0.214734        0.166946        0.279628
     H   15        0.662419        0.279628       -0.014002

     C   16        0.141771       -0.397573       -0.095801
     C   16       -0.397573        0.012865       -0.149138
     C   16       -0.095801       -0.149138       -0.154636

     C   17       -0.447113        0.250497       -0.341873
     C   17        0.250497        0.354394        0.438238
     C   17       -0.341873        0.438238        0.092719

     Cl  18        0.040888       -1.996731       -0.487894
     Cl  18       -1.996731        0.075415        1.413600
     Cl  18       -0.487894        1.413600       -0.116304

     H   19       -0.169763        0.243880       -0.157415
     H   19        0.243880        0.035173       -0.214148
     H   19       -0.157415       -0.214148        0.134590

     C   20        0.225754       -0.494116        0.261536
     C   20       -0.494116       -0.211015        0.256790
     C   20        0.261536        0.256790       -0.014740

     H   21        0.304642       -0.018542        0.050785
     H   21       -0.018542       -0.108962       -0.033951
     H   21        0.050785       -0.033951       -0.195680

     C   22       -0.610847       -0.098784        0.059975
     C   22       -0.098784        0.205880       -0.258425
     C   22        0.059975       -0.258425        0.404967

     C   23        0.019103        0.005631        0.184387
     C   23        0.005631        0.077925        0.169990
     C   23        0.184387        0.169990       -0.097028

     Cl  24        1.789642        1.807600        0.286244
     Cl  24        1.807600        0.248250       -0.362408
     Cl  24        0.286244       -0.362408       -2.037892

     ----- total EFG (symmetrized) -----
     Cl   1        2.444702       -1.455779       -0.322721
     Cl   1       -1.455779       -0.993160        0.028373
     Cl   1       -0.322721        0.028373       -1.451542

     C    2        0.367814       -0.755679       -0.477674
     C    2       -0.755679        0.116688       -0.255870
     C    2       -0.477674       -0.255870       -0.484501

     C    3       -0.422717        0.099675        0.183006
     C    3        0.099675        0.596367       -0.137159
     C    3        0.183006       -0.137159       -0.173650

     H    4        0.613171       -0.070951        0.404183
     H    4       -0.070951       -0.466433        0.360916
     H    4        0.404183        0.360916       -0.146738

     C    5        0.127780       -0.353758       -0.226156
     C    5       -0.353758        0.475739       -0.418263
     C    5       -0.226156       -0.418263       -0.603519

     H    6       -0.038702        0.063596        0.065638
     H    6        0.063596        0.171941        0.550763
     H    6        0.065638        0.550763       -0.133239

     H    7       -0.254106        0.090615        0.300211
     H    7        0.090615        0.528846       -0.650965
     H    7        0.300211       -0.650965       -0.274740

     C    8       -0.189434        0.218937        0.121869
     C    8        0.218937        0.284570       -0.305984
     C    8        0.121869       -0.305984       -0.095136

     H    9        0.608383       -0.064724        0.618136
     H    9       -0.064724       -0.265562       -0.441742
     H    9        0.618136       -0.441742       -0.342822

     C   10        0.233671        0.359104        0.550570
     C   10        0.359104       -0.032081       -0.441031
     C   10        0.550570       -0.441031       -0.201590

     C   11        0.032680        0.121838       -0.157274
     C   11        0.121838        0.129859       -0.216193
     C   11       -0.157274       -0.216193       -0.162539

     Cl  12        0.217343       -0.031943       -0.981735
     Cl  12       -0.031943        0.004201        1.182096
     Cl  12       -0.981735        1.182096       -0.221544

     H   13       -0.589093       -0.117221        0.289458
     H   13       -0.117221        0.390264        0.375284
     H   13        0.289458        0.375284        0.198830

     C   14       -0.003668        0.299400       -0.197581
     C   14        0.299400        0.082295        0.386816
     C   14       -0.197581        0.386816       -0.078627

     H   15       -0.152943        0.214734        0.662419
     H   15        0.214734        0.166946        0.279628
     H   15        0.662419        0.279628       -0.014002

     C   16        0.141771       -0.397573       -0.095801
     C   16       -0.397573        0.012865       -0.149138
     C   16       -0.095801       -0.149138       -0.154636

     C   17       -0.447113        0.250497       -0.341873
     C   17        0.250497        0.354394        0.438238
     C   17       -0.341873        0.438238        0.092719

     Cl  18        0.040888       -1.996731       -0.487894
     Cl  18       -1.996731        0.075415        1.413600
     Cl  18       -0.487894        1.413600       -0.116304

     H   19       -0.169763        0.243880       -0.157415
     H   19        0.243880        0.035173       -0.214148
     H   19       -0.157415       -0.214148        0.134590

     C   20        0.225754       -0.494116        0.261536
     C   20       -0.494116       -0.211015        0.256790
     C   20        0.261536        0.256790       -0.014740

     H   21        0.304642       -0.018542        0.050785
     H   21       -0.018542       -0.108962       -0.033951
     H   21        0.050785       -0.033951       -0.195680

     C   22       -0.610847       -0.098784        0.059975
     C   22       -0.098784        0.205880       -0.258425
     C   22        0.059975       -0.258425        0.404967

     C   23        0.019103        0.005631        0.184387
     C   23        0.005631        0.077925        0.169990
     C   23        0.184387        0.169990       -0.097028

     Cl  24        1.789642        1.807600        0.286244
     Cl  24        1.807600        0.248250       -0.362408
     Cl  24        0.286244       -0.362408       -2.037892


     NQR/NMR SPECTROSCOPIC PARAMETERS:
     Cl   1    Vxx=   -1.4118    axis=( -0.149556 -0.574572  0.804674)
     Cl   1    Vyy=   -1.5885    axis=( -0.315553 -0.743533 -0.589563)
     Cl   1    Vzz=    3.0003    axis=( -0.937048  0.342089  0.070108)
     Cl   1  Q=        -8.1650 1e-30 m^2  Cq=       -57.5594 MHz  eta= 0.05888

     C    2    Vxx=   -0.0194    axis=( -0.349278 -0.621962  0.700834)
     C    2    Vyy=   -1.0180    axis=( -0.512879 -0.499055 -0.698498)
     C    2    Vzz=    1.0374    axis=( -0.784194  0.603413  0.144682)
     C    2  Q=         1.0000 1e-30 m^2  Cq=         2.4375 MHz  eta= 0.96267

     C    3    Vxx=   -0.0844    axis=(  0.496230  0.101073  0.862287)
     C    3    Vyy=   -0.5402    axis=(  0.865609 -0.134135 -0.482419)
     C    3    Vzz=    0.6246    axis=( -0.066903 -0.985795  0.154052)
     C    3  Q=         1.0000 1e-30 m^2  Cq=         1.4675 MHz  eta= 0.72970

     H    4    Vxx=   -0.0303    axis=(  0.362901 -0.628405 -0.688049)
     H    4    Vyy=   -0.7630    axis=( -0.214572 -0.774898  0.594552)
     H    4    Vzz=    0.7933    axis=( -0.906787 -0.068127 -0.416049)
     H    4  Q=         1.0000 1e-30 m^2  Cq=         1.8639 MHz  eta= 0.92364

     C    5    Vxx=    0.1166    axis=(  0.840396  0.310468 -0.444235)
     C    5    Vyy=    0.7445    axis=(  0.431062 -0.879731  0.200647)
     C    5    Vzz=   -0.8611    axis=(  0.328512  0.360116  0.873153)
     C    5  Q=         1.0000 1e-30 m^2  Cq=        -2.0233 MHz  eta= 0.72910

     H    6    Vxx=   -0.0510    axis=(  0.989873 -0.127334 -0.062747)
     H    6    Vyy=   -0.5525    axis=(  0.027111  0.603466 -0.796928)
     H    6    Vzz=    0.6036    axis=(  0.139342  0.787157  0.600806)
     H    6  Q=         1.0000 1e-30 m^2  Cq=         1.4182 MHz  eta= 0.83086

     H    7    Vxx=   -0.0881    axis=(  0.872032  0.288851  0.395127)
     H    7    Vyy=   -0.8081    axis=( -0.485567  0.409080  0.772579)
     H    7    Vzz=    0.8962    axis=(  0.061522 -0.865574  0.496988)
     H    7  Q=         1.0000 1e-30 m^2  Cq=         2.1056 MHz  eta= 0.80347

     C    8    Vxx=   -0.0315    axis=(  0.725014  0.148818  0.672464)
     C    8    Vyy=   -0.4518    axis=(  0.655777 -0.447578 -0.607973)
     C    8    Vzz=    0.4833    axis=( -0.210502 -0.881775  0.422092)
     C    8  Q=         1.0000 1e-30 m^2  Cq=         1.1356 MHz  eta= 0.86982

     H    9    Vxx=   -0.0879    axis=(  0.423000  0.817502 -0.390848)
     H    9    Vyy=   -0.8806    axis=( -0.304154  0.534410  0.788604)
     H    9    Vzz=    0.9684    axis=(  0.853558 -0.214702  0.474702)
     H    9  Q=         1.0000 1e-30 m^2  Cq=         2.2754 MHz  eta= 0.81856

     C   10    Vxx=    0.3186    axis=(  0.180939  0.836294 -0.517566)
     C   10    Vyy=    0.6144    axis=(  0.852914  0.128597  0.505965)
     C   10    Vzz=   -0.9330    axis=( -0.489692  0.532988  0.690018)
     C   10  Q=         1.0000 1e-30 m^2  Cq=        -2.1921 MHz  eta= 0.31711

     C   11    Vxx=   -0.0497    axis=(  0.814136 -0.580216 -0.023069)
     C   11    Vyy=   -0.3017    axis=(  0.284518  0.363961  0.886894)
     C   11    Vzz=    0.3514    axis=( -0.506194 -0.728616  0.461396)
     C   11  Q=         1.0000 1e-30 m^2  Cq=         0.8257 MHz  eta= 0.71717

     Cl  12    Vxx=    0.0973    axis=(  0.757748  0.648613  0.071556)
     Cl  12    Vyy=    1.5016    axis=(  0.521222 -0.535624 -0.664405)
     Cl  12    Vzz=   -1.5989    axis=( -0.392614  0.540748 -0.743939)
     Cl  12  Q=        -8.1650 1e-30 m^2  Cq=        30.6738 MHz  eta= 0.87830

     H   13    Vxx=    0.0468    axis=(  0.420433 -0.600056  0.680565)
     H   13    Vyy=    0.6881    axis=(  0.072980  0.770015  0.633839)
     H   13    Vzz=   -0.7348    axis=( -0.904384 -0.216819  0.367532)
     H   13  Q=         1.0000 1e-30 m^2  Cq=        -1.7266 MHz  eta= 0.87273

     C   14    Vxx=    0.1595    axis=(  0.793404  0.031105 -0.607900)
     C   14    Vyy=    0.4358    axis=( -0.336138 -0.810215 -0.480169)
     C   14    Vzz=   -0.5952    axis=(  0.507465 -0.585306  0.632373)
     C   14  Q=         1.0000 1e-30 m^2  Cq=        -1.3985 MHz  eta= 0.46420

     H   15    Vxx=   -0.0328    axis=(  0.356544 -0.867843  0.346012)
     H   15    Vyy=   -0.7504    axis=( -0.736730 -0.033408  0.675361)
     H   15    Vzz=    0.7832    axis=(  0.574548  0.495713  0.651278)
     H   15  Q=         1.0000 1e-30 m^2  Cq=         1.8402 MHz  eta= 0.91633

     C   16    Vxx=   -0.0455    axis=( -0.373250 -0.379758  0.846444)
     C   16    Vyy=   -0.4355    axis=(  0.538615  0.654165  0.531001)
     C   16    Vzz=    0.4810    axis=( -0.755366  0.654104 -0.039623)
     C   16  Q=         1.0000 1e-30 m^2  Cq=         1.1302 MHz  eta= 0.81090

     C   17    Vxx=    0.0966    axis=(  0.614782  0.474068 -0.630320)
     C   17    Vyy=    0.6809    axis=(  0.003632 -0.800885 -0.598808)
     C   17    Vzz=   -0.7775    axis=(  0.788689 -0.365846  0.494091)
     C   17  Q=         1.0000 1e-30 m^2  Cq=        -1.8268 MHz  eta= 0.75160

     Cl  18    Vxx=   -0.5231    axis=(  0.569380 -0.039799  0.821110)
     Cl  18    Vyy=   -2.1937    axis=(  0.575358  0.732710 -0.363455)
     Cl  18    Vzz=    2.7169    axis=( -0.587170  0.679376  0.440089)
     Cl  18  Q=        -8.1650 1e-30 m^2  Cq=       -52.1215 MHz  eta= 0.61489

     H   19    Vxx=   -0.1010    axis=(  0.333783  0.575812  0.746344)
     H   19    Vyy=   -0.3323    axis=( -0.842585  0.537245 -0.037666)
     H   19    Vzz=    0.4333    axis=( -0.422658 -0.616286  0.664493)
     H   19  Q=         1.0000 1e-30 m^2  Cq=         1.0181 MHz  eta= 0.53372

     C   20    Vxx=    0.1555    axis=(  0.100436  0.476570  0.873381)
     C   20    Vyy=    0.5612    axis=( -0.854758  0.490601 -0.169408)
     C   20    Vzz=   -0.7167    axis=( -0.509217 -0.729514  0.456626)
     C   20  Q=         1.0000 1e-30 m^2  Cq=        -1.6838 MHz  eta= 0.56616

     H   21    Vxx=   -0.1000    axis=(  0.080656  0.952070 -0.295055)
     H   21    Vyy=   -0.2109    axis=(  0.082736 -0.301393 -0.949904)
     H   21    Vzz=    0.3109    axis=( -0.993302  0.052203 -0.103080)
     H   21  Q=         1.0000 1e-30 m^2  Cq=         0.7305 MHz  eta= 0.35661

     C   22    Vxx=    0.0319    axis=( -0.071466  0.814528  0.575706)
     C   22    Vyy=    0.5916    axis=(  0.087566 -0.569830  0.817084)
     C   22    Vzz=   -0.6235    axis=( -0.993592 -0.108806  0.030601)
     C   22  Q=         1.0000 1e-30 m^2  Cq=        -1.4650 MHz  eta= 0.89770

     C   23    Vxx=    0.0433    axis=(  0.719390 -0.684937  0.115500)
     C   23    Vyy=    0.2418    axis=(  0.504740  0.629707  0.590514)
     C   23    Vzz=   -0.2852    axis=( -0.477196 -0.366512  0.798720)
     C   23  Q=         1.0000 1e-30 m^2  Cq=        -0.6701 MHz  eta= 0.69603

     Cl  24    Vxx=   -0.7781    axis=( -0.514856  0.785672 -0.342992)
     Cl  24    Vyy=   -2.2062    axis=( -0.194985  0.282287  0.939306)
     Cl  24    Vzz=    2.9843    axis=( -0.834808 -0.550485 -0.007857)
     Cl  24  Q=        -8.1650 1e-30 m^2  Cq=       -57.2522 MHz  eta= 0.47856

     Initialization:
     gipaw_setup  :      8.94s CPU     10.97s WALL (       1 calls)

     Linear response

     Apply operators

     Induced current

     Other routines
     efg          :      9.30s CPU     12.06s WALL (       1 calls)

     General routines
     calbec       :      3.45s CPU      5.06s WALL (      16 calls)
     fft          :      1.34s CPU      1.59s WALL (      15 calls)
     ffts         :      0.04s CPU      0.08s WALL (       2 calls)
     fftw         :      3.15s CPU      3.68s WALL (     672 calls)
     davcio       :      0.03s CPU      0.31s WALL (      32 calls)

     Parallel routines
     fft_scatter  :      1.90s CPU      2.51s WALL (     689 calls)

     Plugins

     GIPAW        :     59.83s CPU     70.71s WALL (       1 calls)
