
     Program QE v.6.0 (svn rev. 13079) starts on 22Jan2017 at 10:40:38 

     This program is part of the open-source Quantum ESPRESSO suite
     for quantum simulation of materials; please cite
         "P. Giannozzi et al., J. Phys.:Condens. Matter 21 395502 (2009);
          URL http://www.quantum-espresso.org", 
     in publications or presentations arising from this work. More details at
     http://www.quantum-espresso.org/quote

     Parallel version (MPI), running on     8 processors
     R & G space division:  proc/nbgrp/npool/nimage =       8

     ***** This is GIPAW svn revision unknown      *****

     Parallelizing q-star over 1 images

     Reading data from directory:
     /users/majewski/paradichlorobenzene/pbe/9_constraint/scratch/pbe.ecut100.np8.dt60.pcl2phi-129368.save
     Message from routine read_xml_file:
     file /users/majewski/paradichlorobenzene/pbe/9_constraint/scratch/pbe.ecut100.np8.dt60.pcl2phi-129368.save not guaranteed to be safe for post-processing

   Info: using nr1, nr2, nr3 values from input

   Info: using nr1, nr2, nr3 values from input

     IMPORTANT: XC functional enforced from input :
     Exchange-correlation      =  SLA  PW   PBX  PBC ( 1  4  3  4 0 0)
     Any further DFT definition will be discarded
     Please, verify this is what you really want

               file C.pbe-n-kjpaw_psl.1.0.0.UPF: wavefunction(s)  2S 2P renormalized
               file Cl.pbe-n-kjpaw_psl.1.0.0.UPF: wavefunction(s)  3S 3P renormalized
               file H.pbe-kjpaw_psl.1.0.0.UPF: wavefunction(s)  1S renormalized

     Parallelization info
     --------------------
     sticks:   dense  smooth     PW     G-vecs:    dense   smooth      PW
     Min        3057    1223    332               144436    36536    5170
     Max        3059    1225    333               144437    36537    5171
     Sum       24467    9791   2657              1155489   292295   41363


     Subspace diagonalization in iterative solution of the eigenvalue problem:
     a serial algorithm will be used

     GIPAW projectors -----------------------------------------------
     atom=  C    l=0  rc=    1.2000  rs=    0.8000
     atom=  C    l=0  rc=    1.2000  rs=    0.8000
     atom=  C    l=1  rc=    1.4000  rs=    0.9333
     atom=  C    l=1  rc=    1.4000  rs=    0.9333
     projs nearly linearly dependent: l=1  n1,n2= 1, 2  s=  0.99951561

     atom=  Cl   l=0  rc=    1.6000  rs=    1.0667
     atom=  Cl   l=0  rc=    1.6000  rs=    1.0667
     atom=  Cl   l=1  rc=    1.6000  rs=    1.0667
     atom=  Cl   l=1  rc=    1.6000  rs=    1.0667
     atom=  Cl   l=2  rc=    1.6000  rs=    1.0667
     atom=  Cl   l=2  rc=    1.6000  rs=    1.0667
     projs nearly linearly dependent: l=2  n1,n2= 1, 2  s=  0.99993509

     atom=  H    l=0  rc=    1.0000  rs=    0.6667
     atom=  H    l=0  rc=    1.0000  rs=    0.6667
     projs nearly linearly dependent: l=0  n1,n2= 1, 2  s=  0.99968852
     -----------------------------------------------------------------

     GIPAW integrals: -------------------------------------------
     Atom  i/j   nmr_para   nmr_dia   epr_rmc  epr_para   epr_dia
       C   1 1   0.83E+03  0.17E-01  0.93E+01  0.24E+08  0.24E+03
       C   2 1   0.86E+03 -0.61E-01  0.94E+01  0.25E+08  0.25E+03
       C   2 2   0.90E+03 -0.15E+00  0.97E+01  0.26E+08  0.26E+03
       C   3 3   0.33E+01  0.34E+00  0.18E+01  0.55E+03  0.21E+02
       C   4 3   0.35E+01  0.37E+00  0.20E+01  0.59E+03  0.22E+02
       C   4 4   0.38E+01  0.39E+00  0.22E+01  0.63E+03  0.24E+02
       Cl  1 1   0.14E+04 -0.47E+00  0.84E+01  0.32E+09  0.42E+03
       Cl  2 1   0.21E+04 -0.37E+00  0.12E+02  0.49E+09  0.65E+03
       Cl  2 2   0.33E+04 -0.16E+00  0.21E+02  0.76E+09  0.10E+04
       Cl  3 3   0.21E+02  0.79E-01  0.89E+01  0.23E+05  0.13E+03
       Cl  4 3   0.24E+02  0.67E-01  0.99E+01  0.27E+05  0.15E+03
       Cl  4 4   0.28E+02  0.44E-01  0.11E+02  0.32E+05  0.18E+03
       Cl  5 5   0.77E+00  0.19E+00  0.18E+01  0.12E+03  0.22E+02
       Cl  6 5   0.80E+00  0.19E+00  0.19E+01  0.12E+03  0.23E+02
       Cl  6 6   0.83E+00  0.20E+00  0.19E+01  0.12E+03  0.23E+02
       H   1 1   0.39E+02  0.19E+00  0.29E+00  0.78E+05  0.13E+02
       H   2 1   0.41E+02  0.21E+00  0.32E+00  0.82E+05  0.14E+02
       H   2 2   0.43E+02  0.22E+00  0.36E+00  0.86E+05  0.15E+02
     ------------------------------------------------------------

     alpha_pv=     34.6037 eV

     Number of occupied bands for each k-point:
     k-point:     1    nbnd_occ=  42
     k-point:     2    nbnd_occ=  42
     k-point:     3    nbnd_occ=  42
     k-point:     4    nbnd_occ=  42
     k-point:     5    nbnd_occ=  42
     k-point:     6    nbnd_occ=  42
     k-point:     7    nbnd_occ=  42
     k-point:     8    nbnd_occ=  42
     k-point:     9    nbnd_occ=  42
     k-point:    10    nbnd_occ=  42
     k-point:    11    nbnd_occ=  42
     k-point:    12    nbnd_occ=  42
     k-point:    13    nbnd_occ=  42
     k-point:    14    nbnd_occ=  42
     k-point:    15    nbnd_occ=  42
     k-point:    16    nbnd_occ=  42


     q-space interpolation up to   110.00 Rydberg

     GIPAW job: efg                                                                             


     ELECTRIC FIELD GRADIENTS TENSORS IN Hartree/bohrradius^2:

     ----- bare term -----
     Cl   1       -0.060180       -0.087036       -0.030186
     Cl   1       -0.087036       -0.018890        0.120933
     Cl   1       -0.030186        0.120933        0.079070

     C    2       -0.520985        0.224718       -0.393850
     C    2        0.224718       -0.036116       -0.220003
     C    2       -0.393850       -0.220003        0.557100

     C    3       -0.046641        0.157650       -0.220601
     C    3        0.157650       -0.217108       -0.557626
     C    3       -0.220601       -0.557626        0.263749

     H    4       -0.287317        0.130944       -0.506132
     H    4        0.130944        0.038760       -0.046443
     H    4       -0.506132       -0.046443        0.248556

     C    5       -0.900088        0.381003       -0.430980
     C    5        0.381003        0.465352       -0.028449
     C    5       -0.430980       -0.028449        0.434736

     H    6        0.463590       -0.076292        0.080653
     H    6       -0.076292       -0.332398       -0.435860
     H    6        0.080653       -0.435860       -0.131192

     H    7        0.340819        0.153704       -0.215941
     H    7        0.153704       -0.251225        0.551451
     H    7       -0.215941        0.551451       -0.089594

     C    8       -0.229546       -0.261064       -0.278737
     C    8       -0.261064       -0.090831        0.490239
     C    8       -0.278737        0.490239        0.320377

     H    9       -0.006377        0.070392       -0.484037
     H    9        0.070392        0.235502       -0.197879
     H    9       -0.484037       -0.197879       -0.229126

     C   10       -0.103367       -0.432538       -0.259076
     C   10       -0.432538       -0.272063        0.526343
     C   10       -0.259076        0.526343        0.375430

     C   11       -0.067667        0.271775       -0.383118
     C   11        0.271775       -0.109096        0.591394
     C   11       -0.383118        0.591394        0.176763

     Cl  12        0.012308       -0.287956       -0.074247
     Cl  12       -0.287956       -0.001204        0.052038
     Cl  12       -0.074247        0.052038       -0.011104

     H   13        0.169664        0.093371        0.369627
     H   13        0.093371        0.084417       -0.405721
     H   13        0.369627       -0.405721       -0.254081

     C   14       -0.097679       -0.028172       -0.358991
     C   14       -0.028172       -0.201912       -0.302770
     C   14       -0.358991       -0.302770        0.299590

     H   15        0.067439       -0.119988       -0.378483
     H   15       -0.119988        0.500849       -0.148930
     H   15       -0.378483       -0.148930       -0.568289

     C   16       -0.303752        0.337732       -0.284948
     C   16        0.337732        0.018155       -0.044869
     C   16       -0.284948       -0.044869        0.285597

     C   17        0.014136       -0.115975       -0.321550
     C   17       -0.115975       -0.440274       -0.367069
     C   17       -0.321550       -0.367069        0.426138

     Cl  18       -0.183092        0.270171        0.007245
     Cl  18        0.270171        0.186742        0.042984
     Cl  18        0.007245        0.042984       -0.003650

     H   19        0.469260        0.004881        0.065259
     H   19        0.004881        0.136681        0.126620
     H   19        0.065259        0.126620       -0.605942

     C   20       -0.405901       -0.297417       -0.085019
     C   20       -0.297417        0.133001        0.298950
     C   20       -0.085019        0.298950        0.272900

     H   21        0.089674       -0.032522       -0.464780
     H   21       -0.032522        0.197821       -0.256852
     H   21       -0.464780       -0.256852       -0.287495

     C   22        0.215937       -0.065244       -0.057884
     C   22       -0.065244       -0.092757        0.169205
     C   22       -0.057884        0.169205       -0.123179

     C   23       -0.307180       -0.295649       -0.377370
     C   23       -0.295649        0.060922        0.290739
     C   23       -0.377370        0.290739        0.246258

     Cl  24        0.037317        0.267552        0.323380
     Cl  24        0.267552       -0.102427       -0.444433
     Cl  24        0.323380       -0.444433        0.065109

     ----- ionic term -----
     Cl   1        0.132402       -0.227305        0.019408
     Cl   1       -0.227305        0.013906       -0.000380
     Cl   1        0.019408       -0.000380       -0.146309

     C    2        0.150693       -0.254681        0.291895
     C    2       -0.254681        0.015275        0.427957
     C    2        0.291895        0.427957       -0.165968

     C    3        0.197548       -0.321936        0.198020
     C    3       -0.321936        0.018753        0.376558
     C    3        0.198020        0.376558       -0.216301

     H    4        0.588236        0.158267        0.731308
     H    4        0.158267       -0.510854        0.183007
     H    4        0.731308        0.183007       -0.077382

     C    5        0.281126       -0.260201        0.305813
     C    5       -0.260201       -0.110535        0.316847
     C    5        0.305813        0.316847       -0.170590

     H    6       -0.523535       -0.033973       -0.017702
     H    6       -0.033973        0.389468        0.806174
     H    6       -0.017702        0.806174        0.134067

     H    7       -0.538123       -0.107685        0.102157
     H    7       -0.107685        0.372036       -0.777317
     H    7        0.102157       -0.777317        0.166087

     C    8        0.081812        0.229216        0.358693
     C    8        0.229216        0.074475       -0.242752
     C    8        0.358693       -0.242752       -0.156288

     H    9        0.476664       -0.075827        0.780207
     H    9       -0.075827       -0.510714       -0.130809
     H    9        0.780207       -0.130809        0.034050

     C   10       -0.037035        0.277767        0.276509
     C   10        0.277767        0.176554       -0.355796
     C   10        0.276509       -0.355796       -0.139519

     C   11        0.000630        0.206845        0.413643
     C   11        0.206845        0.044316       -0.394286
     C   11        0.413643       -0.394286       -0.044945

     Cl  12        0.070886        0.188201        0.027485
     Cl  12        0.188201        0.063852        0.015276
     Cl  12        0.027485        0.015276       -0.134738

     H   13       -0.492210       -0.154048       -0.067512
     H   13       -0.154048        0.511808        0.759716
     H   13       -0.067512        0.759716       -0.019598

     C   14        0.275745       -0.299479        0.295911
     C   14       -0.299479       -0.038290        0.296200
     C   14        0.295911        0.296200       -0.237455

     H   15        0.665651        0.236342        0.728491
     H   15        0.236342       -0.511552        0.209858
     H   15        0.728491        0.209858       -0.154099

     C   16        0.176964       -0.318177        0.199688
     C   16       -0.318177        0.041731        0.388996
     C   16        0.199688        0.388996       -0.218695

     C   17        0.171590       -0.207421        0.254798
     C   17       -0.207421       -0.067745        0.463760
     C   17        0.254798        0.463760       -0.103845

     Cl  18        0.161083       -0.177701       -0.017615
     Cl  18       -0.177701       -0.056605        0.008695
     Cl  18       -0.017615        0.008695       -0.104477

     H   19       -0.545672       -0.006489        0.007411
     H   19       -0.006489        0.232500       -0.789711
     H   19        0.007411       -0.789711        0.313172

     C   20        0.107328        0.253209        0.371352
     C   20        0.253209       -0.049666       -0.275607
     C   20        0.371352       -0.275607       -0.057662

     H   21        0.582726       -0.305866        0.687158
     H   21       -0.305866       -0.399930       -0.258355
     H   21        0.687158       -0.258355       -0.182796

     C   22        0.036570        0.239894        0.226810
     C   22        0.239894        0.181525       -0.393019
     C   22        0.226810       -0.393019       -0.218095

     C   23        0.023100        0.304037        0.366302
     C   23        0.304037        0.160670       -0.337030
     C   23        0.366302       -0.337030       -0.183770

     Cl  24        0.068979        0.258111        0.057105
     Cl  24        0.258111        0.098216        0.034378
     Cl  24        0.057105        0.034378       -0.167196

     ----- GIPAW term -----
     Cl   1        0.526270       -2.571628       -0.446138
     Cl   1       -2.571628       -0.063714        1.195382
     Cl   1       -0.446138        1.195382       -0.462556

     C    2       -0.077358       -0.100743       -0.175358
     C    2       -0.100743       -0.072413        0.070364
     C    2       -0.175358        0.070364        0.149771

     C    3       -0.076967       -0.013954       -0.045602
     C    3       -0.013954        0.103167       -0.023407
     C    3       -0.045602       -0.023407       -0.026200

     H    4       -0.000000        0.000000        0.000000
     H    4        0.000000        0.000000        0.000000
     H    4        0.000000        0.000000        0.000000

     C    5       -0.249476        0.073981       -0.041017
     C    5        0.073981        0.267790        0.148212
     C    5       -0.041017        0.148212       -0.018313

     H    6       -0.000000        0.000000        0.000000
     H    6        0.000000        0.000000        0.000000
     H    6        0.000000        0.000000        0.000000

     H    7       -0.000000        0.000000        0.000000
     H    7        0.000000        0.000000        0.000000
     H    7        0.000000        0.000000        0.000000

     C    8       -0.046753       -0.102787       -0.048837
     C    8       -0.102787        0.063616        0.145405
     C    8       -0.048837        0.145405       -0.016863

     H    9       -0.000000        0.000000        0.000000
     H    9        0.000000        0.000000        0.000000
     H    9        0.000000        0.000000        0.000000

     C   10       -0.014282       -0.125627       -0.117586
     C   10       -0.125627       -0.044514        0.135986
     C   10       -0.117586        0.135986        0.058796

     C   11        0.143267        0.224388        0.019860
     C   11        0.224388       -0.060531        0.111618
     C   11        0.019860        0.111618       -0.082736

     Cl  12        1.876104       -0.367080       -0.742670
     Cl  12       -0.367080        0.231777        0.575516
     Cl  12       -0.742670        0.575516       -2.107881

     H   13       -0.000000        0.000000        0.000000
     H   13        0.000000        0.000000        0.000000
     H   13        0.000000        0.000000        0.000000

     C   14       -0.014204       -0.040074       -0.181128
     C   14       -0.040074       -0.161906       -0.009900
     C   14       -0.181128       -0.009900        0.176110

     H   15       -0.000000        0.000000        0.000000
     H   15        0.000000        0.000000        0.000000
     H   15        0.000000        0.000000        0.000000

     C   16       -0.073699        0.004243       -0.135172
     C   16        0.004243       -0.063388        0.047398
     C   16       -0.135172        0.047398        0.137087

     C   17       -0.063091       -0.140803       -0.087081
     C   17       -0.140803       -0.097444        0.133839
     C   17       -0.087081        0.133839        0.160535

     Cl  18       -0.092518       -0.031078        0.084403
     Cl  18       -0.031078        2.235728        0.562650
     Cl  18        0.084403        0.562650       -2.143209

     H   19       -0.000000        0.000000        0.000000
     H   19        0.000000        0.000000        0.000000
     H   19        0.000000        0.000000        0.000000

     C   20       -0.134496       -0.029541        0.000488
     C   20       -0.029541        0.046464        0.176150
     C   20        0.000488        0.176150        0.088032

     H   21       -0.000000        0.000000        0.000000
     H   21        0.000000        0.000000        0.000000
     H   21        0.000000        0.000000        0.000000

     C   22       -0.006337       -0.000338       -0.006506
     C   22       -0.000338        0.028759        0.030859
     C   22       -0.006506        0.030859       -0.022423

     C   23       -0.077832       -0.054965       -0.093618
     C   23       -0.054965        0.101262        0.158261
     C   23       -0.093618        0.158261       -0.023431

     Cl  24        0.061448        0.372334        0.001226
     Cl  24        0.372334        0.241553        0.206185
     Cl  24        0.001226        0.206185       -0.303001

     ----- total EFG -----
     Cl   1        0.598493       -2.885969       -0.456916
     Cl   1       -2.885969       -0.068698        1.315936
     Cl   1       -0.456916        1.315936       -0.529794

     C    2       -0.447651       -0.130706       -0.277313
     C    2       -0.130706       -0.093253        0.278318
     C    2       -0.277313        0.278318        0.540904

     C    3        0.073940       -0.178240       -0.068183
     C    3       -0.178240       -0.095188       -0.204475
     C    3       -0.068183       -0.204475        0.021248

     H    4        0.300919        0.289211        0.225176
     H    4        0.289211       -0.472094        0.136564
     H    4        0.225176        0.136564        0.171175

     C    5       -0.868438        0.194784       -0.166184
     C    5        0.194784        0.622606        0.436609
     C    5       -0.166184        0.436609        0.245832

     H    6       -0.059945       -0.110265        0.062951
     H    6       -0.110265        0.057069        0.370315
     H    6        0.062951        0.370315        0.002876

     H    7       -0.197303        0.046019       -0.113784
     H    7        0.046019        0.120811       -0.225865
     H    7       -0.113784       -0.225865        0.076492

     C    8       -0.194487       -0.134635        0.031119
     C    8       -0.134635        0.047260        0.392892
     C    8        0.031119        0.392892        0.147227

     H    9        0.470288       -0.005434        0.296169
     H    9       -0.005434       -0.275212       -0.328689
     H    9        0.296169       -0.328689       -0.195075

     C   10       -0.154684       -0.280399       -0.100152
     C   10       -0.280399       -0.140024        0.306533
     C   10       -0.100152        0.306533        0.294708

     C   11        0.076229        0.703008        0.050385
     C   11        0.703008       -0.125311        0.308726
     C   11        0.050385        0.308726        0.049082

     Cl  12        1.959298       -0.466835       -0.789432
     Cl  12       -0.466835        0.294425        0.642830
     Cl  12       -0.789432        0.642830       -2.253723

     H   13       -0.322546       -0.060677        0.302115
     H   13       -0.060677        0.596225        0.353995
     H   13        0.302115        0.353995       -0.273679

     C   14        0.163862       -0.367725       -0.244208
     C   14       -0.367725       -0.402107       -0.016470
     C   14       -0.244208       -0.016470        0.238245

     H   15        0.733091        0.116354        0.350008
     H   15        0.116354       -0.010703        0.060927
     H   15        0.350008        0.060927       -0.722388

     C   16       -0.200487        0.023798       -0.220432
     C   16        0.023798       -0.003502        0.391526
     C   16       -0.220432        0.391526        0.203989

     C   17        0.122635       -0.464199       -0.153833
     C   17       -0.464199       -0.605463        0.230529
     C   17       -0.153833        0.230529        0.482827

     Cl  18       -0.114527        0.061393        0.074032
     Cl  18        0.061393        2.365864        0.614328
     Cl  18        0.074032        0.614328       -2.251337

     H   19       -0.076411       -0.001608        0.072670
     H   19       -0.001608        0.369181       -0.663091
     H   19        0.072670       -0.663091       -0.292770

     C   20       -0.433069       -0.073749        0.286821
     C   20       -0.073749        0.129799        0.199494
     C   20        0.286821        0.199494        0.303270

     H   21        0.672400       -0.338387        0.222379
     H   21       -0.338387       -0.202109       -0.515207
     H   21        0.222379       -0.515207       -0.470292

     C   22        0.246170        0.174311        0.162421
     C   22        0.174311        0.117527       -0.192955
     C   22        0.162421       -0.192955       -0.363697

     C   23       -0.361912       -0.046577       -0.104685
     C   23       -0.046577        0.322855        0.111970
     C   23       -0.104685        0.111970        0.039057

     Cl  24        0.167744        0.897997        0.381711
     Cl  24        0.897997        0.237343       -0.203869
     Cl  24        0.381711       -0.203869       -0.405087

     ----- total EFG (symmetrized) -----
     Cl   1        0.598493       -2.885969       -0.456916
     Cl   1       -2.885969       -0.068698        1.315936
     Cl   1       -0.456916        1.315936       -0.529794

     C    2       -0.447651       -0.130706       -0.277313
     C    2       -0.130706       -0.093253        0.278318
     C    2       -0.277313        0.278318        0.540904

     C    3        0.073940       -0.178240       -0.068183
     C    3       -0.178240       -0.095188       -0.204475
     C    3       -0.068183       -0.204475        0.021248

     H    4        0.300919        0.289211        0.225176
     H    4        0.289211       -0.472094        0.136564
     H    4        0.225176        0.136564        0.171175

     C    5       -0.868438        0.194784       -0.166184
     C    5        0.194784        0.622606        0.436609
     C    5       -0.166184        0.436609        0.245832

     H    6       -0.059945       -0.110265        0.062951
     H    6       -0.110265        0.057069        0.370315
     H    6        0.062951        0.370315        0.002876

     H    7       -0.197303        0.046019       -0.113784
     H    7        0.046019        0.120811       -0.225865
     H    7       -0.113784       -0.225865        0.076492

     C    8       -0.194487       -0.134635        0.031119
     C    8       -0.134635        0.047260        0.392892
     C    8        0.031119        0.392892        0.147227

     H    9        0.470288       -0.005434        0.296169
     H    9       -0.005434       -0.275212       -0.328689
     H    9        0.296169       -0.328689       -0.195075

     C   10       -0.154684       -0.280399       -0.100152
     C   10       -0.280399       -0.140024        0.306533
     C   10       -0.100152        0.306533        0.294708

     C   11        0.076229        0.703008        0.050385
     C   11        0.703008       -0.125311        0.308726
     C   11        0.050385        0.308726        0.049082

     Cl  12        1.959298       -0.466835       -0.789432
     Cl  12       -0.466835        0.294425        0.642830
     Cl  12       -0.789432        0.642830       -2.253723

     H   13       -0.322546       -0.060677        0.302115
     H   13       -0.060677        0.596225        0.353995
     H   13        0.302115        0.353995       -0.273679

     C   14        0.163862       -0.367725       -0.244208
     C   14       -0.367725       -0.402107       -0.016470
     C   14       -0.244208       -0.016470        0.238245

     H   15        0.733091        0.116354        0.350008
     H   15        0.116354       -0.010703        0.060927
     H   15        0.350008        0.060927       -0.722388

     C   16       -0.200487        0.023798       -0.220432
     C   16        0.023798       -0.003502        0.391526
     C   16       -0.220432        0.391526        0.203989

     C   17        0.122635       -0.464199       -0.153833
     C   17       -0.464199       -0.605463        0.230529
     C   17       -0.153833        0.230529        0.482827

     Cl  18       -0.114527        0.061393        0.074032
     Cl  18        0.061393        2.365864        0.614328
     Cl  18        0.074032        0.614328       -2.251337

     H   19       -0.076411       -0.001608        0.072670
     H   19       -0.001608        0.369181       -0.663091
     H   19        0.072670       -0.663091       -0.292770

     C   20       -0.433069       -0.073749        0.286821
     C   20       -0.073749        0.129799        0.199494
     C   20        0.286821        0.199494        0.303270

     H   21        0.672400       -0.338387        0.222379
     H   21       -0.338387       -0.202109       -0.515207
     H   21        0.222379       -0.515207       -0.470292

     C   22        0.246170        0.174311        0.162421
     C   22        0.174311        0.117527       -0.192955
     C   22        0.162421       -0.192955       -0.363697

     C   23       -0.361912       -0.046577       -0.104685
     C   23       -0.046577        0.322855        0.111970
     C   23       -0.104685        0.111970        0.039057

     Cl  24        0.167744        0.897997        0.381711
     Cl  24        0.897997        0.237343       -0.203869
     Cl  24        0.381711       -0.203869       -0.405087


     NQR/NMR SPECTROSCOPIC PARAMETERS:
     Cl   1    Vxx=   -0.6795    axis=(  0.422106  0.043558  0.905500)
     Cl   1    Vyy=   -2.8610    axis=(  0.584915  0.750036 -0.308742)
     Cl   1    Vzz=    3.5405    axis=( -0.692605  0.659962  0.291117)
     Cl   1  Q=        -8.1650 1e-30 m^2  Cq=       -67.9226 MHz  eta= 0.61616

     C    2    Vxx=   -0.1964    axis=( -0.067693  0.924741 -0.374529)
     C    2    Vyy=   -0.5290    axis=(  0.965299  0.155604  0.209728)
     C    2    Vzz=    0.7254    axis=( -0.252222  0.347335  0.903185)
     C    2  Q=         1.0000 1e-30 m^2  Cq=         1.7043 MHz  eta= 0.45847

     C    3    Vxx=    0.1174    axis=(  0.693966  0.103515 -0.712528)
     C    3    Vyy=    0.2159    axis=( -0.588495  0.651709 -0.478485)
     C    3    Vzz=   -0.3332    axis=(  0.414831  0.751372  0.513182)
     C    3  Q=         1.0000 1e-30 m^2  Cq=        -0.7830 MHz  eta= 0.29566

     H    4    Vxx=    0.0078    axis=( -0.547174 -0.093047  0.831831)
     H    4    Vyy=    0.5656    axis=(  0.784124  0.290700  0.548310)
     H    4    Vzz=   -0.5734    axis=( -0.292832  0.952279 -0.086104)
     H    4  Q=         1.0000 1e-30 m^2  Cq=        -1.3472 MHz  eta= 0.97287

     C    5    Vxx=    0.0259    axis=( -0.263457 -0.512136  0.817501)
     C    5    Vyy=    0.9127    axis=(  0.041546  0.840630  0.540015)
     C    5    Vzz=   -0.9386    axis=( -0.963776  0.176234 -0.200192)
     C    5  Q=         1.0000 1e-30 m^2  Cq=        -2.2053 MHz  eta= 0.94488

     H    6    Vxx=   -0.0180    axis=(  0.933072 -0.176260  0.313544)
     H    6    Vyy=   -0.3865    axis=( -0.349525 -0.650091  0.674696)
     H    6    Vzz=    0.4045    axis=( -0.084911  0.739131  0.668188)
     H    6  Q=         1.0000 1e-30 m^2  Cq=         0.9504 MHz  eta= 0.91119

     H    7    Vxx=   -0.1047    axis=( -0.401630  0.687644  0.604847)
     H    7    Vyy=   -0.2435    axis=(  0.893558  0.149564  0.423301)
     H    7    Vzz=    0.3482    axis=(  0.200617  0.710477 -0.674519)
     H    7  Q=         1.0000 1e-30 m^2  Cq=         0.8182 MHz  eta= 0.39848

     C    8    Vxx=   -0.1192    axis=( -0.824839  0.360606 -0.435434)
     C    8    Vyy=   -0.3805    axis=( -0.557039 -0.650065  0.516840)
     C    8    Vzz=    0.4997    axis=( -0.096685  0.668864  0.737071)
     C    8  Q=         1.0000 1e-30 m^2  Cq=         1.1740 MHz  eta= 0.52290

     H    9    Vxx=    0.0010    axis=(  0.385156  0.703388 -0.597411)
     H    9    Vyy=    0.6022    axis=(  0.903435 -0.155291  0.399613)
     H    9    Vzz=   -0.6032    axis=( -0.188311  0.693635  0.695277)
     H    9  Q=         1.0000 1e-30 m^2  Cq=        -1.4173 MHz  eta= 0.99676

     C   10    Vxx=   -0.0673    axis=( -0.716643  0.421784 -0.555447)
     C   10    Vyy=   -0.4607    axis=( -0.617460 -0.754008  0.224089)
     C   10    Vzz=    0.5280    axis=( -0.324294  0.503558  0.800789)
     C   10  Q=         1.0000 1e-30 m^2  Cq=         1.2406 MHz  eta= 0.74517

     C   11    Vxx=    0.0162    axis=( -0.407070 -0.030688  0.912881)
     C   11    Vyy=    0.7689    axis=( -0.684707 -0.651235 -0.327215)
     C   11    Vzz=   -0.7852    axis=(  0.604542 -0.758255  0.244086)
     C   11  Q=         1.0000 1e-30 m^2  Cq=        -1.8449 MHz  eta= 0.95865

     Cl  12    Vxx=    0.2329    axis=(  0.318133  0.937450  0.141346)
     Cl  12    Vyy=    2.2744    axis=( -0.936007  0.286898  0.203914)
     Cl  12    Vzz=   -2.5073    axis=(  0.150607 -0.197172  0.968731)
     Cl  12  Q=        -8.1650 1e-30 m^2  Cq=        48.1012 MHz  eta= 0.81420

     H   13    Vxx=   -0.0550    axis=(  0.748064 -0.261773  0.609815)
     H   13    Vyy=   -0.6691    axis=(  0.662056  0.231202 -0.712901)
     H   13    Vzz=    0.7241    axis=(  0.045628  0.937027  0.346263)
     H   13  Q=         1.0000 1e-30 m^2  Cq=         1.7013 MHz  eta= 0.84800

     C   14    Vxx=    0.0868    axis=( -0.501740  0.403142 -0.765332)
     C   14    Vyy=    0.5153    axis=(  0.728209 -0.280672 -0.625248)
     C   14    Vzz=   -0.6021    axis=(  0.466871  0.871034  0.152747)
     C   14  Q=         1.0000 1e-30 m^2  Cq=        -1.4147 MHz  eta= 0.71160

     H   15    Vxx=   -0.0284    axis=(  0.154901 -0.987893 -0.008607)
     H   15    Vyy=   -0.8036    axis=(  0.218792  0.042800 -0.974832)
     H   15    Vzz=    0.8320    axis=(  0.963398  0.149119  0.222773)
     H   15  Q=         1.0000 1e-30 m^2  Cq=         1.9550 MHz  eta= 0.93169

     C   16    Vxx=   -0.1168    axis=(  0.760079  0.610447 -0.222789)
     C   16    Vyy=   -0.4245    axis=( -0.611906  0.556932 -0.561603)
     C   16    Vzz=    0.5412    axis=( -0.218750  0.563188  0.796849)
     C   16  Q=         1.0000 1e-30 m^2  Cq=         1.2717 MHz  eta= 0.56852

     C   17    Vxx=    0.1742    axis=( -0.759977  0.278909 -0.587065)
     C   17    Vyy=    0.6725    axis=( -0.499946  0.326318  0.802229)
     C   17    Vzz=   -0.8466    axis=( -0.415319 -0.903176  0.108555)
     C   17  Q=         1.0000 1e-30 m^2  Cq=        -1.9892 MHz  eta= 0.58857

     Cl  18    Vxx=   -0.1145    axis=(  0.999187 -0.031091  0.025679)
     Cl  18    Vyy=   -2.3336    axis=(  0.029493  0.129185 -0.991182)
     Cl  18    Vzz=    2.4481    axis=(  0.027499  0.991133  0.129997)
     Cl  18  Q=        -8.1650 1e-30 m^2  Cq=       -46.9664 MHz  eta= 0.90643

     H   19    Vxx=   -0.0724    axis=(  0.994295  0.089876  0.057436)
     H   19    Vyy=   -0.7088    axis=( -0.096109  0.521412  0.847875)
     H   19    Vzz=    0.7811    axis=(  0.046256 -0.848559  0.527076)
     H   19  Q=         1.0000 1e-30 m^2  Cq=         1.8354 MHz  eta= 0.81474

     C   20    Vxx=    0.0763    axis=(  0.327173 -0.875383  0.355897)
     C   20    Vyy=    0.4828    axis=( -0.235847 -0.440350 -0.866296)
     C   20    Vzz=   -0.5590    axis=(  0.915059  0.199491 -0.350527)
     C   20  Q=         1.0000 1e-30 m^2  Cq=        -1.3135 MHz  eta= 0.72718

     H   21    Vxx=   -0.0341    axis=(  0.495432  0.675821 -0.545723)
     H   21    Vyy=   -0.8693    axis=(  0.022333  0.618127  0.785761)
     H   21    Vzz=    0.9034    axis=(  0.868359 -0.401479  0.291147)
     H   21  Q=         1.0000 1e-30 m^2  Cq=         2.1227 MHz  eta= 0.92441

     C   22    Vxx=    0.1247    axis=( -0.473196  0.754149 -0.455351)
     C   22    Vyy=    0.3686    axis=( -0.835117 -0.548565 -0.040683)
     C   22    Vzz=   -0.4932    axis=( -0.280471  0.361021  0.889382)
     C   22  Q=         1.0000 1e-30 m^2  Cq=        -1.1589 MHz  eta= 0.49453

     C   23    Vxx=    0.0178    axis=( -0.205634 -0.364716  0.908128)
     C   23    Vyy=    0.3703    axis=(  0.109111 -0.930718 -0.349082)
     C   23    Vzz=   -0.3881    axis=(  0.972527  0.027304  0.231182)
     C   23  Q=         1.0000 1e-30 m^2  Cq=        -0.9119 MHz  eta= 0.90831

     Cl  24    Vxx=   -0.1170    axis=(  0.365226 -0.459868  0.809402)
     Cl  24    Vyy=   -0.9940    axis=( -0.608512  0.540061  0.581418)
     Cl  24    Vzz=    1.1110    axis=( -0.704502 -0.704880 -0.082591)
     Cl  24  Q=        -8.1650 1e-30 m^2  Cq=       -21.3134 MHz  eta= 0.78934

     Initialization:
     gipaw_setup  :      9.15s CPU     11.17s WALL (       1 calls)

     Linear response

     Apply operators

     Induced current

     Other routines
     efg          :      9.18s CPU     11.21s WALL (       1 calls)

     General routines
     calbec       :      3.18s CPU      4.10s WALL (      16 calls)
     fft          :      1.82s CPU      3.16s WALL (      15 calls)
     ffts         :      0.04s CPU      0.05s WALL (       2 calls)
     fftw         :      3.26s CPU      3.81s WALL (     672 calls)
     davcio       :      0.03s CPU      0.31s WALL (      32 calls)

     Parallel routines
     fft_scatter  :      2.53s CPU      4.21s WALL (     689 calls)

     Plugins

     GIPAW        :     62.14s CPU     76.71s WALL (       1 calls)
