
     Program QE v.6.0 (svn rev. 13079) starts on 27Dec2016 at 23:20:23 

     This program is part of the open-source Quantum ESPRESSO suite
     for quantum simulation of materials; please cite
         "P. Giannozzi et al., J. Phys.:Condens. Matter 21 395502 (2009);
          URL http://www.quantum-espresso.org", 
     in publications or presentations arising from this work. More details at
     http://www.quantum-espresso.org/quote

     Parallel version (MPI), running on     8 processors
     R & G space division:  proc/nbgrp/npool/nimage =       8

     ***** This is GIPAW svn revision unknown      *****

     Parallelizing q-star over 1 images

     Reading data from directory:
     /users/majewski/paradichlorobenzene/pbe/9_constraint/scratch/pbe.ecut100.np8.dt60.pcl2phi-129368.save
     Message from routine read_xml_file:
     file /users/majewski/paradichlorobenzene/pbe/9_constraint/scratch/pbe.ecut100.np8.dt60.pcl2phi-129368.save not guaranteed to be safe for post-processing

   Info: using nr1, nr2, nr3 values from input

   Info: using nr1, nr2, nr3 values from input

     IMPORTANT: XC functional enforced from input :
     Exchange-correlation      =  SLA  PW   PBX  PBC ( 1  4  3  4 0 0)
     Any further DFT definition will be discarded
     Please, verify this is what you really want

               file C.pbe-n-kjpaw_psl.1.0.0.UPF: wavefunction(s)  2S 2P renormalized
               file Cl.pbe-n-kjpaw_psl.1.0.0.UPF: wavefunction(s)  3S 3P renormalized
               file H.pbe-kjpaw_psl.1.0.0.UPF: wavefunction(s)  1S renormalized

     Parallelization info
     --------------------
     sticks:   dense  smooth     PW     G-vecs:    dense   smooth      PW
     Min        3057    1223    332               144436    36536    5170
     Max        3059    1225    333               144437    36537    5171
     Sum       24467    9791   2657              1155489   292295   41363


     Subspace diagonalization in iterative solution of the eigenvalue problem:
     a serial algorithm will be used

     GIPAW projectors -----------------------------------------------
     atom=  C    l=0  rc=    1.2000  rs=    0.8000
     atom=  C    l=0  rc=    1.2000  rs=    0.8000
     atom=  C    l=1  rc=    1.4000  rs=    0.9333
     atom=  C    l=1  rc=    1.4000  rs=    0.9333
     projs nearly linearly dependent: l=1  n1,n2= 1, 2  s=  0.99951561

     atom=  Cl   l=0  rc=    1.6000  rs=    1.0667
     atom=  Cl   l=0  rc=    1.6000  rs=    1.0667
     atom=  Cl   l=1  rc=    1.6000  rs=    1.0667
     atom=  Cl   l=1  rc=    1.6000  rs=    1.0667
     atom=  Cl   l=2  rc=    1.6000  rs=    1.0667
     atom=  Cl   l=2  rc=    1.6000  rs=    1.0667
     projs nearly linearly dependent: l=2  n1,n2= 1, 2  s=  0.99993509

     atom=  H    l=0  rc=    1.0000  rs=    0.6667
     atom=  H    l=0  rc=    1.0000  rs=    0.6667
     projs nearly linearly dependent: l=0  n1,n2= 1, 2  s=  0.99968852
     -----------------------------------------------------------------

     GIPAW integrals: -------------------------------------------
     Atom  i/j   nmr_para   nmr_dia   epr_rmc  epr_para   epr_dia
       C   1 1   0.83E+03  0.17E-01  0.93E+01  0.24E+08  0.24E+03
       C   2 1   0.86E+03 -0.61E-01  0.94E+01  0.25E+08  0.25E+03
       C   2 2   0.90E+03 -0.15E+00  0.97E+01  0.26E+08  0.26E+03
       C   3 3   0.33E+01  0.34E+00  0.18E+01  0.55E+03  0.21E+02
       C   4 3   0.35E+01  0.37E+00  0.20E+01  0.59E+03  0.22E+02
       C   4 4   0.38E+01  0.39E+00  0.22E+01  0.63E+03  0.24E+02
       Cl  1 1   0.14E+04 -0.47E+00  0.84E+01  0.32E+09  0.42E+03
       Cl  2 1   0.21E+04 -0.37E+00  0.12E+02  0.49E+09  0.65E+03
       Cl  2 2   0.33E+04 -0.16E+00  0.21E+02  0.76E+09  0.10E+04
       Cl  3 3   0.21E+02  0.79E-01  0.89E+01  0.23E+05  0.13E+03
       Cl  4 3   0.24E+02  0.67E-01  0.99E+01  0.27E+05  0.15E+03
       Cl  4 4   0.28E+02  0.44E-01  0.11E+02  0.32E+05  0.18E+03
       Cl  5 5   0.77E+00  0.19E+00  0.18E+01  0.12E+03  0.22E+02
       Cl  6 5   0.80E+00  0.19E+00  0.19E+01  0.12E+03  0.23E+02
       Cl  6 6   0.83E+00  0.20E+00  0.19E+01  0.12E+03  0.23E+02
       H   1 1   0.39E+02  0.19E+00  0.29E+00  0.78E+05  0.13E+02
       H   2 1   0.41E+02  0.21E+00  0.32E+00  0.82E+05  0.14E+02
       H   2 2   0.43E+02  0.22E+00  0.36E+00  0.86E+05  0.15E+02
     ------------------------------------------------------------

     alpha_pv=     34.1208 eV

     Number of occupied bands for each k-point:
     k-point:     1    nbnd_occ=  42
     k-point:     2    nbnd_occ=  42
     k-point:     3    nbnd_occ=  42
     k-point:     4    nbnd_occ=  42
     k-point:     5    nbnd_occ=  42
     k-point:     6    nbnd_occ=  42
     k-point:     7    nbnd_occ=  42
     k-point:     8    nbnd_occ=  42
     k-point:     9    nbnd_occ=  42
     k-point:    10    nbnd_occ=  42
     k-point:    11    nbnd_occ=  42
     k-point:    12    nbnd_occ=  42
     k-point:    13    nbnd_occ=  42
     k-point:    14    nbnd_occ=  42
     k-point:    15    nbnd_occ=  42
     k-point:    16    nbnd_occ=  42


     q-space interpolation up to   110.00 Rydberg

     GIPAW job: efg                                                                             


     ELECTRIC FIELD GRADIENTS TENSORS IN Hartree/bohrradius^2:

     ----- bare term -----
     Cl   1       -0.103293        0.079114       -0.118892
     Cl   1        0.079114       -0.080770       -0.084669
     Cl   1       -0.118892       -0.084669        0.184064

     C    2       -0.357804        0.177759       -0.407192
     C    2        0.177759        0.127238       -0.289695
     C    2       -0.407192       -0.289695        0.230567

     C    3        0.144795        0.531963       -0.038436
     C    3        0.531963       -0.311397       -0.477170
     C    3       -0.038436       -0.477170        0.166602

     H    4        0.026393       -0.149361       -0.323613
     H    4       -0.149361        0.399435        0.141984
     H    4       -0.323613        0.141984       -0.425828

     C    5       -0.333027        0.282317       -0.521467
     C    5        0.282317        0.226049       -0.266272
     C    5       -0.521467       -0.266272        0.106978

     H    6        0.301551       -0.070942        0.343988
     H    6       -0.070942        0.028586       -0.306806
     H    6        0.343988       -0.306806       -0.330138

     H    7        0.251210       -0.126898       -0.019470
     H    7       -0.126898       -0.472057        0.458030
     H    7       -0.019470        0.458030        0.220847

     C    8       -0.410093       -0.174843       -0.375018
     C    8       -0.174843       -0.037833        0.400200
     C    8       -0.375018        0.400200        0.447925

     H    9       -0.330890        0.482237       -0.006775
     H    9        0.482237        0.121057       -0.158650
     H    9       -0.006775       -0.158650        0.209832

     C   10       -0.240267       -0.345102       -0.053999
     C   10       -0.345102       -0.359302        0.543798
     C   10       -0.053999        0.543798        0.599569

     C   11       -0.347206        0.085101       -0.310011
     C   11        0.085101       -0.074150        0.588746
     C   11       -0.310011        0.588746        0.421355

     Cl  12       -0.208848       -0.128198        0.031844
     Cl  12       -0.128198       -0.047006        0.148791
     Cl  12        0.031844        0.148791        0.255854

     H   13        0.506467       -0.025374        0.004861
     H   13       -0.025374        0.073107       -0.395675
     H   13        0.004861       -0.395675       -0.579574

     C   14       -0.207846        0.244596       -0.151686
     C   14        0.244596       -0.368311       -0.349040
     C   14       -0.151686       -0.349040        0.576157

     H   15        0.129261       -0.093581       -0.297249
     H   15       -0.093581        0.481036       -0.175909
     H   15       -0.297249       -0.175909       -0.610297

     C   16       -0.411151        0.233680       -0.291443
     C   16        0.233680       -0.104708       -0.272664
     C   16       -0.291443       -0.272664        0.515859

     C   17       -0.087120        0.209228       -0.130750
     C   17        0.209228       -0.483047       -0.436379
     C   17       -0.130750       -0.436379        0.570167

     Cl  18       -0.061384       -0.045541       -0.051857
     Cl  18       -0.045541        0.023624       -0.134402
     Cl  18       -0.051857       -0.134402        0.037759

     H   19        0.385452       -0.092432       -0.097193
     H   19       -0.092432       -0.647952        0.233803
     H   19       -0.097193        0.233803        0.262500

     C   20       -0.288923       -0.333381       -0.316539
     C   20       -0.333381       -0.150258        0.409399
     C   20       -0.316539        0.409399        0.439181

     H   21       -0.392056        0.536655       -0.012940
     H   21        0.536655        0.076214       -0.095386
     H   21       -0.012940       -0.095386        0.315843

     C   22       -0.266156       -0.304870       -0.358317
     C   22       -0.304870       -0.081734        0.465069
     C   22       -0.358317        0.465069        0.347890

     C   23       -0.052487       -0.313772       -0.246884
     C   23       -0.313772       -0.210191        0.538151
     C   23       -0.246884        0.538151        0.262677

     Cl  24        0.045943        0.066610       -0.107790
     Cl  24        0.066610       -0.042177        0.020928
     Cl  24       -0.107790        0.020928       -0.003766

     ----- ionic term -----
     Cl   1        0.165209       -0.226338        0.057800
     Cl   1       -0.226338       -0.021531       -0.025985
     Cl   1        0.057800       -0.025985       -0.143678

     C    2        0.150502       -0.278979        0.346747
     C    2       -0.278979       -0.050312        0.365797
     C    2        0.346747        0.365797       -0.100190

     C    3        0.055225       -0.327019        0.202507
     C    3       -0.327019        0.076756        0.390288
     C    3        0.202507        0.390288       -0.131981

     H    4        0.391228        0.223747        0.753951
     H    4        0.223747       -0.450263        0.271358
     H    4        0.753951        0.271358        0.059035

     C    5        0.130782       -0.275671        0.355916
     C    5       -0.275671       -0.064714        0.278974
     C    5        0.355916        0.278974       -0.066067

     H    6       -0.530205       -0.005985        0.029375
     H    6       -0.005985        0.328298        0.786803
     H    6        0.029375        0.786803        0.201907

     H    7       -0.511086        0.054216       -0.031160
     H    7        0.054216        0.654931       -0.705996
     H    7       -0.031160       -0.705996       -0.143845

     C    8        0.326277        0.215249        0.101216
     C    8        0.215249        0.061797       -0.331069
     C    8        0.101216       -0.331069       -0.388074

     H    9        0.730815       -0.492810        0.447051
     H    9       -0.492810       -0.308442       -0.243922
     H    9        0.447051       -0.243922       -0.422373

     C   10        0.214371        0.188328        0.058278
     C   10        0.188328        0.190179       -0.439461
     C   10        0.058278       -0.439461       -0.404550

     C   11        0.287463        0.110932        0.160953
     C   11        0.110932        0.148442       -0.417434
     C   11        0.160953       -0.417434       -0.435905

     Cl  12        0.160029        0.224415        0.000810
     Cl  12        0.224415        0.007452       -0.010300
     Cl  12        0.000810       -0.010300       -0.167482

     H   13       -0.546160        0.024688        0.033600
     H   13        0.024688        0.413191        0.803363
     H   13        0.033600        0.803363        0.132969

     C   14        0.173097       -0.255000        0.331225
     C   14       -0.255000       -0.027011        0.296100
     C   14        0.331225        0.296100       -0.146086

     H   15        0.269167        0.262777        0.780117
     H   15        0.262777       -0.443687        0.317251
     H   15        0.780117        0.317251        0.174520

     C   16        0.022597       -0.300187        0.209396
     C   16       -0.300187        0.148077        0.404781
     C   16        0.209396        0.404781       -0.170674

     C   17        0.017578       -0.270768        0.309373
     C   17       -0.270768        0.066652        0.397866
     C   17        0.309373        0.397866       -0.084229

     Cl  18        0.093931       -0.205778        0.003920
     Cl  18       -0.205778        0.037257        0.000004
     Cl  18        0.003920        0.000004       -0.131188

     H   19       -0.477196        0.081536       -0.040289
     H   19        0.081536        0.782434       -0.615767
     H   19       -0.040289       -0.615767       -0.305238

     C   20        0.418930        0.143249        0.124792
     C   20        0.143249        0.065363       -0.298189
     C   20        0.124792       -0.298189       -0.484293

     H   21        0.679545       -0.467871        0.504547
     H   21       -0.467871       -0.324745       -0.250257
     H   21        0.504547       -0.250257       -0.354800

     C   22        0.239414        0.166512        0.103062
     C   22        0.166512        0.187595       -0.375752
     C   22        0.103062       -0.375752       -0.427008

     C   23        0.191980        0.141803        0.170424
     C   23        0.141803        0.199364       -0.370228
     C   23        0.170424       -0.370228       -0.391344

     Cl  24        0.117953        0.197185        0.002418
     Cl  24        0.197185        0.022346       -0.005269
     Cl  24        0.002418       -0.005269       -0.140299

     ----- GIPAW term -----
     Cl   1        0.530114       -1.650327       -0.977848
     Cl   1       -1.650327       -0.547191       -0.790802
     Cl   1       -0.977848       -0.790802        0.017077

     C    2        0.017478        0.024969       -0.015642
     C    2        0.024969        0.090820        0.035232
     C    2       -0.015642        0.035232       -0.108298

     C    3        0.068596        0.198629       -0.056781
     C    3        0.198629       -0.000188       -0.102855
     C    3       -0.056781       -0.102855       -0.068408

     H    4       -0.000000        0.000000        0.000000
     H    4        0.000000        0.000000        0.000000
     H    4        0.000000        0.000000        0.000000

     C    5        0.099783        0.203111       -0.102526
     C    5        0.203111        0.026579       -0.044730
     C    5       -0.102526       -0.044730       -0.126363

     H    6       -0.000000        0.000000        0.000000
     H    6        0.000000        0.000000        0.000000
     H    6        0.000000        0.000000        0.000000

     H    7       -0.000000        0.000000        0.000000
     H    7        0.000000        0.000000        0.000000
     H    7        0.000000        0.000000        0.000000

     C    8       -0.058510       -0.019432       -0.047406
     C    8       -0.019432       -0.027341        0.090929
     C    8       -0.047406        0.090929        0.085851

     H    9       -0.000000        0.000000        0.000000
     H    9        0.000000        0.000000        0.000000
     H    9        0.000000        0.000000        0.000000

     C   10       -0.136294       -0.035736        0.019892
     C   10       -0.035736       -0.098544        0.176961
     C   10        0.019892        0.176961        0.234838

     C   11       -0.089629        0.128365       -0.040466
     C   11        0.128365       -0.061692        0.184893
     C   11       -0.040466        0.184893        0.151321

     Cl  12       -0.240064        1.629925        0.243225
     Cl  12        1.629925       -0.399482        1.454362
     Cl  12        0.243225        1.454362        0.639546

     H   13       -0.000000        0.000000        0.000000
     H   13        0.000000        0.000000        0.000000
     H   13        0.000000        0.000000        0.000000

     C   14       -0.109700        0.032000       -0.004418
     C   14        0.032000       -0.203485       -0.021641
     C   14       -0.004418       -0.021641        0.313185

     H   15       -0.000000        0.000000        0.000000
     H   15        0.000000        0.000000        0.000000
     H   15        0.000000        0.000000        0.000000

     C   16       -0.194228        0.015443       -0.094813
     C   16        0.015443       -0.108588       -0.056382
     C   16       -0.094813       -0.056382        0.302816

     C   17       -0.031364       -0.065156        0.068014
     C   17       -0.065156       -0.181270       -0.036628
     C   17        0.068014       -0.036628        0.212634

     Cl  18        0.560618       -2.297438       -0.255259
     Cl  18       -2.297438        0.413291       -1.308874
     Cl  18       -0.255259       -1.308874       -0.973909

     H   19       -0.000000        0.000000        0.000000
     H   19        0.000000        0.000000        0.000000
     H   19        0.000000        0.000000        0.000000

     C   20       -0.005349       -0.095970       -0.074971
     C   20       -0.095970       -0.051516        0.107920
     C   20       -0.074971        0.107920        0.056865

     H   21       -0.000000        0.000000        0.000000
     H   21        0.000000        0.000000        0.000000
     H   21        0.000000        0.000000        0.000000

     C   22       -0.058881       -0.139024       -0.177583
     C   22       -0.139024        0.022663        0.165067
     C   22       -0.177583        0.165067        0.036218

     C   23        0.145248       -0.023336       -0.081008
     C   23       -0.023336       -0.049678        0.103448
     C   23       -0.081008        0.103448       -0.095570

     Cl  24        1.684593        2.465370       -0.953090
     Cl  24        2.465370       -0.369083        0.141095
     Cl  24       -0.953090        0.141095       -1.315510

     ----- total EFG -----
     Cl   1        0.592030       -1.797551       -1.038939
     Cl   1       -1.797551       -0.649492       -0.901455
     Cl   1       -1.038939       -0.901455        0.057462

     C    2       -0.189825       -0.076251       -0.076087
     C    2       -0.076251        0.167746        0.111333
     C    2       -0.076087        0.111333        0.022079

     C    3        0.268617        0.403574        0.107290
     C    3        0.403574       -0.234830       -0.189737
     C    3        0.107290       -0.189737       -0.033787

     H    4        0.417621        0.074386        0.430338
     H    4        0.074386       -0.050828        0.413343
     H    4        0.430338        0.413343       -0.366793

     C    5       -0.102463        0.209757       -0.268078
     C    5        0.209757        0.187914       -0.032028
     C    5       -0.268078       -0.032028       -0.085452

     H    6       -0.228654       -0.076927        0.373362
     H    6       -0.076927        0.356884        0.479997
     H    6        0.373362        0.479997       -0.128231

     H    7       -0.259876       -0.072681       -0.050630
     H    7       -0.072681        0.182874       -0.247967
     H    7       -0.050630       -0.247967        0.077002

     C    8       -0.142326        0.020973       -0.321208
     C    8        0.020973       -0.003376        0.160060
     C    8       -0.321208        0.160060        0.145702

     H    9        0.399926       -0.010573        0.440276
     H    9       -0.010573       -0.187385       -0.402572
     H    9        0.440276       -0.402572       -0.212541

     C   10       -0.162190       -0.192509        0.024172
     C   10       -0.192509       -0.267667        0.281298
     C   10        0.024172        0.281298        0.429857

     C   11       -0.149372        0.324397       -0.189524
     C   11        0.324397        0.012600        0.356205
     C   11       -0.189524        0.356205        0.136771

     Cl  12       -0.288883        1.726142        0.275879
     Cl  12        1.726142       -0.439036        1.592854
     Cl  12        0.275879        1.592854        0.727919

     H   13       -0.039693       -0.000685        0.038461
     H   13       -0.000685        0.486298        0.407689
     H   13        0.038461        0.407689       -0.446605

     C   14       -0.144448        0.021595        0.175120
     C   14        0.021595       -0.598808       -0.074581
     C   14        0.175120       -0.074581        0.743256

     H   15        0.398429        0.169196        0.482868
     H   15        0.169196        0.037348        0.141342
     H   15        0.482868        0.141342       -0.435777

     C   16       -0.582782       -0.051065       -0.176860
     C   16       -0.051065       -0.065219        0.075735
     C   16       -0.176860        0.075735        0.648001

     C   17       -0.100907       -0.126696        0.246637
     C   17       -0.126696       -0.597666       -0.075141
     C   17        0.246637       -0.075141        0.698573

     Cl  18        0.593166       -2.548757       -0.303197
     Cl  18       -2.548757        0.474172       -1.443273
     Cl  18       -0.303197       -1.443273       -1.067338

     H   19       -0.091744       -0.010896       -0.137482
     H   19       -0.010896        0.134482       -0.381964
     H   19       -0.137482       -0.381964       -0.042738

     C   20        0.124658       -0.286101       -0.266718
     C   20       -0.286101       -0.136411        0.219130
     C   20       -0.266718        0.219130        0.011753

     H   21        0.287489        0.068784        0.491607
     H   21        0.068784       -0.248531       -0.345643
     H   21        0.491607       -0.345643       -0.038958

     C   22       -0.085623       -0.277382       -0.432839
     C   22       -0.277382        0.128524        0.254384
     C   22       -0.432839        0.254384       -0.042901

     C   23        0.284742       -0.195304       -0.157468
     C   23       -0.195304       -0.060505        0.271370
     C   23       -0.157468        0.271370       -0.224237

     Cl  24        1.848489        2.729165       -1.058461
     Cl  24        2.729165       -0.388914        0.156754
     Cl  24       -1.058461        0.156754       -1.459576

     ----- total EFG (symmetrized) -----
     Cl   1        0.592030       -1.797551       -1.038939
     Cl   1       -1.797551       -0.649492       -0.901455
     Cl   1       -1.038939       -0.901455        0.057462

     C    2       -0.189825       -0.076251       -0.076087
     C    2       -0.076251        0.167746        0.111333
     C    2       -0.076087        0.111333        0.022079

     C    3        0.268617        0.403574        0.107290
     C    3        0.403574       -0.234830       -0.189737
     C    3        0.107290       -0.189737       -0.033787

     H    4        0.417621        0.074386        0.430338
     H    4        0.074386       -0.050828        0.413343
     H    4        0.430338        0.413343       -0.366793

     C    5       -0.102463        0.209757       -0.268078
     C    5        0.209757        0.187914       -0.032028
     C    5       -0.268078       -0.032028       -0.085452

     H    6       -0.228654       -0.076927        0.373362
     H    6       -0.076927        0.356884        0.479997
     H    6        0.373362        0.479997       -0.128231

     H    7       -0.259876       -0.072681       -0.050630
     H    7       -0.072681        0.182874       -0.247967
     H    7       -0.050630       -0.247967        0.077002

     C    8       -0.142326        0.020973       -0.321208
     C    8        0.020973       -0.003376        0.160060
     C    8       -0.321208        0.160060        0.145702

     H    9        0.399926       -0.010573        0.440276
     H    9       -0.010573       -0.187385       -0.402572
     H    9        0.440276       -0.402572       -0.212541

     C   10       -0.162190       -0.192509        0.024172
     C   10       -0.192509       -0.267667        0.281298
     C   10        0.024172        0.281298        0.429857

     C   11       -0.149372        0.324397       -0.189524
     C   11        0.324397        0.012600        0.356205
     C   11       -0.189524        0.356205        0.136771

     Cl  12       -0.288883        1.726142        0.275879
     Cl  12        1.726142       -0.439036        1.592854
     Cl  12        0.275879        1.592854        0.727919

     H   13       -0.039693       -0.000685        0.038461
     H   13       -0.000685        0.486298        0.407689
     H   13        0.038461        0.407689       -0.446605

     C   14       -0.144448        0.021595        0.175120
     C   14        0.021595       -0.598808       -0.074581
     C   14        0.175120       -0.074581        0.743256

     H   15        0.398429        0.169196        0.482868
     H   15        0.169196        0.037348        0.141342
     H   15        0.482868        0.141342       -0.435777

     C   16       -0.582782       -0.051065       -0.176860
     C   16       -0.051065       -0.065219        0.075735
     C   16       -0.176860        0.075735        0.648001

     C   17       -0.100907       -0.126696        0.246637
     C   17       -0.126696       -0.597666       -0.075141
     C   17        0.246637       -0.075141        0.698573

     Cl  18        0.593166       -2.548757       -0.303197
     Cl  18       -2.548757        0.474172       -1.443273
     Cl  18       -0.303197       -1.443273       -1.067338

     H   19       -0.091744       -0.010896       -0.137482
     H   19       -0.010896        0.134482       -0.381964
     H   19       -0.137482       -0.381964       -0.042738

     C   20        0.124658       -0.286101       -0.266718
     C   20       -0.286101       -0.136411        0.219130
     C   20       -0.266718        0.219130        0.011753

     H   21        0.287489        0.068784        0.491607
     H   21        0.068784       -0.248531       -0.345643
     H   21        0.491607       -0.345643       -0.038958

     C   22       -0.085623       -0.277382       -0.432839
     C   22       -0.277382        0.128524        0.254384
     C   22       -0.432839        0.254384       -0.042901

     C   23        0.284742       -0.195304       -0.157468
     C   23       -0.195304       -0.060505        0.271370
     C   23       -0.157468        0.271370       -0.224237

     Cl  24        1.848489        2.729165       -1.058461
     Cl  24        2.729165       -0.388914        0.156754
     Cl  24       -1.058461        0.156754       -1.459576


     NQR/NMR SPECTROSCOPIC PARAMETERS:
     Cl   1    Vxx=    0.6612    axis=( -0.071231 -0.497078  0.864777)
     Cl   1    Vyy=    1.9461    axis=( -0.836054  0.502594  0.220029)
     Cl   1    Vzz=   -2.6073    axis=( -0.544003 -0.707328 -0.451385)
     Cl   1  Q=        -8.1650 1e-30 m^2  Cq=        50.0188 MHz  eta= 0.49280

     C    2    Vxx=   -0.0334    axis=( -0.153277 -0.522456  0.838777)
     C    2    Vyy=   -0.2189    axis=( -0.961286 -0.117860 -0.249077)
     C    2    Vzz=    0.2523    axis=(  0.228989 -0.844482 -0.484164)
     C    2  Q=         1.0000 1e-30 m^2  Cq=         0.5927 MHz  eta= 0.73547

     C    3    Vxx=    0.0581    axis=(  0.185247 -0.341578  0.921416)
     C    3    Vyy=    0.4925    axis=( -0.874827 -0.484422 -0.003700)
     C    3    Vzz=   -0.5507    axis=(  0.447618 -0.805394 -0.388559)
     C    3  Q=         1.0000 1e-30 m^2  Cq=        -1.2938 MHz  eta= 0.78891

     H    4    Vxx=    0.0498    axis=(  0.502814 -0.814687 -0.288900)
     H    4    Vyy=    0.6930    axis=( -0.817690 -0.339919 -0.464585)
     H    4    Vzz=   -0.7429    axis=(  0.280289  0.469830 -0.837077)
     H    4  Q=         1.0000 1e-30 m^2  Cq=        -1.7455 MHz  eta= 0.86582

     C    5    Vxx=    0.0308    axis=(  0.370425 -0.633183 -0.679606)
     C    5    Vyy=    0.3624    axis=(  0.554788  0.737631 -0.384852)
     C    5    Vzz=   -0.3932    axis=(  0.744980 -0.234479  0.624519)
     C    5  Q=         1.0000 1e-30 m^2  Cq=        -0.9239 MHz  eta= 0.84321

     H    6    Vxx=    0.0284    axis=(  0.773275 -0.458643  0.437828)
     H    6    Vyy=    0.6737    axis=( -0.163193 -0.811198 -0.561539)
     H    6    Vzz=   -0.7020    axis=(  0.612711  0.362773 -0.702126)
     H    6  Q=         1.0000 1e-30 m^2  Cq=        -1.6495 MHz  eta= 0.91918

     H    7    Vxx=   -0.0830    axis=( -0.430756  0.549749  0.715699)
     H    7    Vyy=   -0.3015    axis=(  0.901621  0.296518  0.314893)
     H    7    Vzz=    0.3845    axis=( -0.039105  0.780931 -0.623392)
     H    7  Q=         1.0000 1e-30 m^2  Cq=         0.9033 MHz  eta= 0.56825

     C    8    Vxx=   -0.0123    axis=(  0.402363  0.909614 -0.103475)
     C    8    Vyy=   -0.3810    axis=( -0.779078  0.280860 -0.560496)
     C    8    Vzz=    0.3933    axis=( -0.480773  0.306138  0.821667)
     C    8  Q=         1.0000 1e-30 m^2  Cq=         0.9241 MHz  eta= 0.93741

     H    9    Vxx=    0.0185    axis=(  0.490930  0.770372 -0.406835)
     H    9    Vyy=    0.6806    axis=(  0.819279 -0.249439  0.516297)
     H    9    Vzz=   -0.6991    axis=(  0.296261 -0.586776 -0.753607)
     H    9  Q=         1.0000 1e-30 m^2  Cq=        -1.6426 MHz  eta= 0.94714

     C   10    Vxx=   -0.0513    axis=(  0.855707 -0.464297  0.228461)
     C   10    Vyy=   -0.4805    axis=(  0.513610  0.815837 -0.265733)
     C   10    Vzz=    0.5318    axis=( -0.063008  0.344729  0.936585)
     C   10  Q=         1.0000 1e-30 m^2  Cq=         1.2494 MHz  eta= 0.80712

     C   11    Vxx=    0.1501    axis=(  0.752209  0.380016 -0.538302)
     C   11    Vyy=    0.4462    axis=( -0.153589 -0.693320 -0.704073)
     C   11    Vzz=   -0.5963    axis=(  0.640775 -0.612287  0.463155)
     C   11  Q=         1.0000 1e-30 m^2  Cq=        -1.4012 MHz  eta= 0.49645

     Cl  12    Vxx=   -0.0345    axis=( -0.689112 -0.212288  0.692862)
     Cl  12    Vyy=   -2.4312    axis=( -0.565737  0.755095 -0.331319)
     Cl  12    Vzz=    2.4657    axis=( -0.452842 -0.620294 -0.640445)
     Cl  12  Q=        -8.1650 1e-30 m^2  Cq=       -47.3036 MHz  eta= 0.97201

     H   13    Vxx=   -0.0376    axis=(  0.997747 -0.040383  0.053571)
     H   13    Vyy=   -0.6020    axis=( -0.064345 -0.350114  0.934494)
     H   13    Vzz=    0.6396    axis=( -0.018981 -0.935836 -0.351924)
     H   13  Q=         1.0000 1e-30 m^2  Cq=         1.5028 MHz  eta= 0.88242

     C   14    Vxx=   -0.1749    axis=( -0.980211 -0.081655  0.180330)
     C   14    Vyy=   -0.6052    axis=( -0.071093  0.995396  0.064288)
     C   14    Vzz=    0.7800    axis=(  0.184749 -0.050195  0.981503)
     C   14  Q=         1.0000 1e-30 m^2  Cq=         1.8328 MHz  eta= 0.55164

     H   15    Vxx=   -0.0272    axis=(  0.319358 -0.946311  0.050065)
     H   15    Vyy=   -0.6618    axis=( -0.401327 -0.087201  0.911774)
     H   15    Vzz=    0.6891    axis=( -0.858456 -0.311275 -0.407629)
     H   15  Q=         1.0000 1e-30 m^2  Cq=         1.6190 MHz  eta= 0.92097

     C   16    Vxx=   -0.0713    axis=( -0.057948  0.991248 -0.118617)
     C   16    Vyy=   -0.6107    axis=( -0.988170 -0.073852 -0.134409)
     C   16    Vzz=    0.6820    axis=( -0.141993  0.109425  0.983801)
     C   16  Q=         1.0000 1e-30 m^2  Cq=         1.6023 MHz  eta= 0.79090

     C   17    Vxx=   -0.1486    axis=( -0.932524  0.214485  0.290509)
     C   17    Vyy=   -0.6283    axis=(  0.227911  0.973598  0.012771)
     C   17    Vzz=    0.7769    axis=(  0.280100 -0.078120  0.956787)
     C   17  Q=         1.0000 1e-30 m^2  Cq=         1.8254 MHz  eta= 0.61746

     Cl  18    Vxx=   -0.3316    axis=(  0.539335  0.289749 -0.790673)
     Cl  18    Vyy=   -2.9077    axis=(  0.511369  0.633297  0.580893)
     Cl  18    Vzz=    3.2393    axis=( -0.669044  0.717621 -0.193391)
     Cl  18  Q=        -8.1650 1e-30 m^2  Cq=       -62.1451 MHz  eta= 0.79525

     H   19    Vxx=   -0.0582    axis=(  0.919830 -0.339083 -0.197321)
     H   19    Vyy=   -0.3910    axis=(  0.364461  0.552426  0.749662)
     H   19    Vzz=    0.4493    axis=(  0.145193  0.761478 -0.631720)
     H   19  Q=         1.0000 1e-30 m^2  Cq=         1.0556 MHz  eta= 0.74076

     C   20    Vxx=   -0.2038    axis=(  0.598406 -0.057865  0.799101)
     C   20    Vyy=   -0.3305    axis=( -0.409954 -0.879047  0.243341)
     C   20    Vzz=    0.5343    axis=(  0.688366 -0.473211 -0.549749)
     C   20  Q=         1.0000 1e-30 m^2  Cq=         1.2555 MHz  eta= 0.23702

     H   21    Vxx=   -0.0121    axis=(  0.507963  0.754728 -0.415161)
     H   21    Vyy=   -0.6563    axis=( -0.393706  0.632108  0.667409)
     H   21    Vzz=    0.6684    axis=(  0.766139 -0.175568  0.618229)
     H   21  Q=         1.0000 1e-30 m^2  Cq=         1.5705 MHz  eta= 0.96378

     C   22    Vxx=   -0.1443    axis=(  0.364174  0.805771 -0.467022)
     C   22    Vyy=   -0.4990    axis=( -0.739370 -0.054784 -0.671066)
     C   22    Vzz=    0.6433    axis=(  0.566311 -0.589688 -0.575813)
     C   22  Q=         1.0000 1e-30 m^2  Cq=         1.5115 MHz  eta= 0.55144

     C   23    Vxx=   -0.0478    axis=(  0.601621  0.650535  0.463526)
     C   23    Vyy=   -0.4260    axis=( -0.016575  0.590333 -0.806989)
     C   23    Vzz=    0.4737    axis=( -0.798610  0.477818  0.365940)
     C   23  Q=         1.0000 1e-30 m^2  Cq=         1.1131 MHz  eta= 0.79836

     Cl  24    Vxx=   -1.1193    axis=( -0.188525  0.526521  0.828995)
     Cl  24    Vyy=   -2.6812    axis=(  0.523620 -0.660245  0.538421)
     Cl  24    Vzz=    3.8005    axis=( -0.830831 -0.535585  0.151224)
     Cl  24  Q=        -8.1650 1e-30 m^2  Cq=       -72.9101 MHz  eta= 0.41096

     Initialization:
     gipaw_setup  :      9.14s CPU     10.88s WALL (       1 calls)

     Linear response

     Apply operators

     Induced current

     Other routines
     efg          :      9.11s CPU     11.57s WALL (       1 calls)

     General routines
     calbec       :      3.15s CPU      4.07s WALL (      16 calls)
     fft          :      1.57s CPU      2.44s WALL (      15 calls)
     ffts         :      0.03s CPU      0.04s WALL (       2 calls)
     fftw         :      3.32s CPU      4.08s WALL (     672 calls)
     davcio       :      0.02s CPU      0.32s WALL (      32 calls)

     Parallel routines
     fft_scatter  :      2.28s CPU      3.73s WALL (     689 calls)

     Plugins

     GIPAW        :     60.57s CPU     75.42s WALL (       1 calls)
