
     Program QE v.6.0 (svn rev. 13079) starts on 19Jan2017 at  8: 5:44 

     This program is part of the open-source Quantum ESPRESSO suite
     for quantum simulation of materials; please cite
         "P. Giannozzi et al., J. Phys.:Condens. Matter 21 395502 (2009);
          URL http://www.quantum-espresso.org", 
     in publications or presentations arising from this work. More details at
     http://www.quantum-espresso.org/quote

     Parallel version (MPI), running on     8 processors
     R & G space division:  proc/nbgrp/npool/nimage =       8

     ***** This is GIPAW svn revision unknown      *****

     Parallelizing q-star over 1 images

     Reading data from directory:
     /users/majewski/paradichlorobenzene/pbe/9_constraint/scratch/pbe.ecut100.np8.dt60.pcl2phi-129368.save
     Message from routine read_xml_file:
     file /users/majewski/paradichlorobenzene/pbe/9_constraint/scratch/pbe.ecut100.np8.dt60.pcl2phi-129368.save not guaranteed to be safe for post-processing

   Info: using nr1, nr2, nr3 values from input

   Info: using nr1, nr2, nr3 values from input

     IMPORTANT: XC functional enforced from input :
     Exchange-correlation      =  SLA  PW   PBX  PBC ( 1  4  3  4 0 0)
     Any further DFT definition will be discarded
     Please, verify this is what you really want

               file C.pbe-n-kjpaw_psl.1.0.0.UPF: wavefunction(s)  2S 2P renormalized
               file Cl.pbe-n-kjpaw_psl.1.0.0.UPF: wavefunction(s)  3S 3P renormalized
               file H.pbe-kjpaw_psl.1.0.0.UPF: wavefunction(s)  1S renormalized

     Parallelization info
     --------------------
     sticks:   dense  smooth     PW     G-vecs:    dense   smooth      PW
     Min        3057    1223    332               144436    36536    5170
     Max        3059    1225    333               144437    36537    5171
     Sum       24467    9791   2657              1155489   292295   41363


     Subspace diagonalization in iterative solution of the eigenvalue problem:
     a serial algorithm will be used

     GIPAW projectors -----------------------------------------------
     atom=  C    l=0  rc=    1.2000  rs=    0.8000
     atom=  C    l=0  rc=    1.2000  rs=    0.8000
     atom=  C    l=1  rc=    1.4000  rs=    0.9333
     atom=  C    l=1  rc=    1.4000  rs=    0.9333
     projs nearly linearly dependent: l=1  n1,n2= 1, 2  s=  0.99951561

     atom=  Cl   l=0  rc=    1.6000  rs=    1.0667
     atom=  Cl   l=0  rc=    1.6000  rs=    1.0667
     atom=  Cl   l=1  rc=    1.6000  rs=    1.0667
     atom=  Cl   l=1  rc=    1.6000  rs=    1.0667
     atom=  Cl   l=2  rc=    1.6000  rs=    1.0667
     atom=  Cl   l=2  rc=    1.6000  rs=    1.0667
     projs nearly linearly dependent: l=2  n1,n2= 1, 2  s=  0.99993509

     atom=  H    l=0  rc=    1.0000  rs=    0.6667
     atom=  H    l=0  rc=    1.0000  rs=    0.6667
     projs nearly linearly dependent: l=0  n1,n2= 1, 2  s=  0.99968852
     -----------------------------------------------------------------

     GIPAW integrals: -------------------------------------------
     Atom  i/j   nmr_para   nmr_dia   epr_rmc  epr_para   epr_dia
       C   1 1   0.83E+03  0.17E-01  0.93E+01  0.24E+08  0.24E+03
       C   2 1   0.86E+03 -0.61E-01  0.94E+01  0.25E+08  0.25E+03
       C   2 2   0.90E+03 -0.15E+00  0.97E+01  0.26E+08  0.26E+03
       C   3 3   0.33E+01  0.34E+00  0.18E+01  0.55E+03  0.21E+02
       C   4 3   0.35E+01  0.37E+00  0.20E+01  0.59E+03  0.22E+02
       C   4 4   0.38E+01  0.39E+00  0.22E+01  0.63E+03  0.24E+02
       Cl  1 1   0.14E+04 -0.47E+00  0.84E+01  0.32E+09  0.42E+03
       Cl  2 1   0.21E+04 -0.37E+00  0.12E+02  0.49E+09  0.65E+03
       Cl  2 2   0.33E+04 -0.16E+00  0.21E+02  0.76E+09  0.10E+04
       Cl  3 3   0.21E+02  0.79E-01  0.89E+01  0.23E+05  0.13E+03
       Cl  4 3   0.24E+02  0.67E-01  0.99E+01  0.27E+05  0.15E+03
       Cl  4 4   0.28E+02  0.44E-01  0.11E+02  0.32E+05  0.18E+03
       Cl  5 5   0.77E+00  0.19E+00  0.18E+01  0.12E+03  0.22E+02
       Cl  6 5   0.80E+00  0.19E+00  0.19E+01  0.12E+03  0.23E+02
       Cl  6 6   0.83E+00  0.20E+00  0.19E+01  0.12E+03  0.23E+02
       H   1 1   0.39E+02  0.19E+00  0.29E+00  0.78E+05  0.13E+02
       H   2 1   0.41E+02  0.21E+00  0.32E+00  0.82E+05  0.14E+02
       H   2 2   0.43E+02  0.22E+00  0.36E+00  0.86E+05  0.15E+02
     ------------------------------------------------------------

     alpha_pv=     34.2108 eV

     Number of occupied bands for each k-point:
     k-point:     1    nbnd_occ=  42
     k-point:     2    nbnd_occ=  42
     k-point:     3    nbnd_occ=  42
     k-point:     4    nbnd_occ=  42
     k-point:     5    nbnd_occ=  42
     k-point:     6    nbnd_occ=  42
     k-point:     7    nbnd_occ=  42
     k-point:     8    nbnd_occ=  42
     k-point:     9    nbnd_occ=  42
     k-point:    10    nbnd_occ=  42
     k-point:    11    nbnd_occ=  42
     k-point:    12    nbnd_occ=  42
     k-point:    13    nbnd_occ=  42
     k-point:    14    nbnd_occ=  42
     k-point:    15    nbnd_occ=  42
     k-point:    16    nbnd_occ=  42


     q-space interpolation up to   110.00 Rydberg

     GIPAW job: efg                                                                             


     ELECTRIC FIELD GRADIENTS TENSORS IN Hartree/bohrradius^2:

     ----- bare term -----
     Cl   1        0.009196        0.032558       -0.039267
     Cl   1        0.032558       -0.038942        0.020092
     Cl   1       -0.039267        0.020092        0.029746

     C    2       -0.338466        0.318271       -0.366846
     C    2        0.318271        0.089546       -0.264991
     C    2       -0.366846       -0.264991        0.248921

     C    3       -0.077403        0.255378       -0.209393
     C    3        0.255378       -0.100223       -0.657593
     C    3       -0.209393       -0.657593        0.177626

     H    4       -0.196413        0.104318       -0.545002
     H    4        0.104318        0.060007        0.066856
     H    4       -0.545002        0.066856        0.136405

     C    5       -0.479974        0.323409       -0.234179
     C    5        0.323409        0.044119       -0.365485
     C    5       -0.234179       -0.365485        0.435855

     H    6        0.379616       -0.134538       -0.027364
     H    6       -0.134538       -0.572007       -0.392611
     H    6       -0.027364       -0.392611        0.192391

     H    7        0.416474       -0.071653        0.163176
     H    7       -0.071653       -0.154223        0.613833
     H    7        0.163176        0.613833       -0.262251

     C    8       -0.150886       -0.154137       -0.198091
     C    8       -0.154137       -0.357202        0.275181
     C    8       -0.198091        0.275181        0.508089

     H    9       -0.193866        0.159312       -0.524562
     H    9        0.159312        0.395438        0.148267
     H    9       -0.524562        0.148267       -0.201572

     C   10       -0.563337       -0.368526       -0.275476
     C   10       -0.368526        0.165126        0.289637
     C   10       -0.275476        0.289637        0.398211

     C   11       -0.091013        0.218289       -0.330318
     C   11        0.218289        0.043869        0.745462
     C   11       -0.330318        0.745462        0.047144

     Cl  12       -0.205031       -0.137148        0.066093
     Cl  12       -0.137148       -0.045937        0.142243
     Cl  12        0.066093        0.142243        0.250968

     H   13        0.476969       -0.089603       -0.020540
     H   13       -0.089603       -0.815215        0.003447
     H   13       -0.020540        0.003447        0.338246

     C   14       -0.181244        0.159205       -0.236695
     C   14        0.159205        0.008921       -0.513637
     C   14       -0.236695       -0.513637        0.172324

     H   15       -0.363069       -0.210656       -0.524116
     H   15       -0.210656        0.318900       -0.203889
     H   15       -0.524116       -0.203889        0.044169

     C   16       -0.362734        0.350015       -0.249450
     C   16        0.350015       -0.072879       -0.432578
     C   16       -0.249450       -0.432578        0.435613

     C   17       -0.088311       -0.094564       -0.370466
     C   17       -0.094564       -0.118567       -0.594438
     C   17       -0.370466       -0.594438        0.206878

     Cl  18       -0.086483        0.066240       -0.041383
     Cl  18        0.066240       -0.011585        0.034204
     Cl  18       -0.041383        0.034204        0.098068

     H   19        0.193432       -0.094246       -0.338277
     H   19       -0.094246       -0.262645        0.449736
     H   19       -0.338277        0.449736        0.069212

     C   20       -0.696228       -0.323311       -0.148566
     C   20       -0.323311        0.330304        0.204629
     C   20       -0.148566        0.204629        0.365924

     H   21       -0.218618       -0.258639       -0.450706
     H   21       -0.258639       -0.076521        0.039255
     H   21       -0.450706        0.039255        0.295138

     C   22        0.058977        0.098387       -0.281060
     C   22        0.098387       -0.197988        0.547151
     C   22       -0.281060        0.547151        0.139011

     C   23       -0.784868       -0.332657       -0.340941
     C   23       -0.332657        0.275630        0.006824
     C   23       -0.340941        0.006824        0.509238

     Cl  24       -0.007631       -0.015953        0.043092
     Cl  24       -0.015953       -0.010589        0.014719
     Cl  24        0.043092        0.014719        0.018220

     ----- ionic term -----
     Cl   1        0.143249       -0.225311        0.029619
     Cl   1       -0.225311        0.019640       -0.006308
     Cl   1        0.029619       -0.006308       -0.162889

     C    2        0.164688       -0.210903        0.319927
     C    2       -0.210903        0.171875        0.324765
     C    2        0.319927        0.324765       -0.336563

     C    3        0.129196       -0.277035        0.226955
     C    3       -0.277035        0.273637        0.283376
     C    3        0.226955        0.283376       -0.402832

     H    4        0.702422        0.226513        0.639687
     H    4        0.226513       -0.415626        0.178673
     H    4        0.639687        0.178673       -0.286796

     C    5        0.202774       -0.219347        0.295959
     C    5       -0.219347        0.199937        0.211329
     C    5        0.295959        0.211329       -0.402711

     H    6       -0.512536        0.108895        0.037171
     H    6        0.108895        0.894928        0.489784
     H    6        0.037171        0.489784       -0.382392

     H    7       -0.513138        0.024295        0.001710
     H    7        0.024295        0.581327       -0.769105
     H    7        0.001710       -0.769105       -0.068189

     C    8        0.323123        0.245545        0.185544
     C    8        0.245545       -0.064400       -0.359923
     C    8        0.185544       -0.359923       -0.258723

     H    9        0.485691       -0.058866        0.810692
     H    9       -0.058866       -0.564933       -0.124754
     H    9        0.810692       -0.124754        0.079243

     C   10        0.158058        0.273207        0.139469
     C   10        0.273207        0.026403       -0.437606
     C   10        0.139469       -0.437606       -0.184462

     C   11        0.193323        0.158463        0.230216
     C   11        0.158463        0.037910       -0.420707
     C   11        0.230216       -0.420707       -0.231234

     Cl  12        0.090568        0.182506       -0.008615
     Cl  12        0.182506        0.037619       -0.015792
     Cl  12       -0.008615       -0.015792       -0.128187

     H   13       -0.514974        0.030947        0.030160
     H   13        0.030947        0.767525        0.602563
     H   13        0.030160        0.602563       -0.252551

     C   14        0.167742       -0.204923        0.314891
     C   14       -0.204923        0.148765        0.240450
     C   14        0.314891        0.240450       -0.316507

     H   15        0.540836        0.192865        0.734777
     H   15        0.192865       -0.457686        0.204653
     H   15        0.734777        0.204653       -0.083150

     C   16        0.049685       -0.237392        0.249069
     C   16       -0.237392        0.252642        0.344489
     C   16        0.249069        0.344489       -0.302327

     C   17        0.168740       -0.166569        0.307518
     C   17       -0.166569        0.154847        0.364406
     C   17        0.307518        0.364406       -0.323588

     Cl  18        0.136700       -0.200428        0.027984
     Cl  18       -0.200428        0.019099       -0.007954
     Cl  18        0.027984       -0.007954       -0.155799

     H   19       -0.501917       -0.188382        0.121843
     H   19       -0.188382        0.665431       -0.718267
     H   19        0.121843       -0.718267       -0.163514

     C   20        0.318332        0.190606        0.186523
     C   20        0.190606        0.016155       -0.339149
     C   20        0.186523       -0.339149       -0.334487

     H   21        0.516653       -0.142296        0.750568
     H   21       -0.142296       -0.515786       -0.178954
     H   21        0.750568       -0.178954       -0.000867

     C   22        0.132175        0.247935        0.150384
     C   22        0.247935        0.091448       -0.458425
     C   22        0.150384       -0.458425       -0.223623

     C   23        0.222139        0.173262        0.256708
     C   23        0.173262        0.000072       -0.465214
     C   23        0.256708       -0.465214       -0.222211

     Cl  24        0.137742        0.225702       -0.038836
     Cl  24        0.225702       -0.001536       -0.031209
     Cl  24       -0.038836       -0.031209       -0.136206

     ----- GIPAW term -----
     Cl   1        0.018611       -0.033496       -1.048552
     Cl   1       -0.033496        1.067635       -1.829349
     Cl   1       -1.048552       -1.829349       -1.086247

     C    2       -0.082775        0.057270       -0.083441
     C    2        0.057270        0.121381       -0.145752
     C    2       -0.083441       -0.145752       -0.038606

     C    3       -0.114892        0.075843       -0.067928
     C    3        0.075843        0.125667       -0.232051
     C    3       -0.067928       -0.232051       -0.010776

     H    4       -0.000000        0.000000        0.000000
     H    4        0.000000        0.000000        0.000000
     H    4        0.000000        0.000000        0.000000

     C    5       -0.089768       -0.004277        0.003758
     C    5       -0.004277        0.054234       -0.106327
     C    5        0.003758       -0.106327        0.035534

     H    6       -0.000000        0.000000        0.000000
     H    6        0.000000        0.000000        0.000000
     H    6        0.000000        0.000000        0.000000

     H    7       -0.000000        0.000000        0.000000
     H    7        0.000000        0.000000        0.000000
     H    7        0.000000        0.000000        0.000000

     C    8       -0.109497       -0.006708       -0.031420
     C    8       -0.006708       -0.137247       -0.103004
     C    8       -0.031420       -0.103004        0.246744

     H    9       -0.000000        0.000000        0.000000
     H    9        0.000000        0.000000        0.000000
     H    9        0.000000        0.000000        0.000000

     C   10       -0.199772       -0.042250       -0.061828
     C   10       -0.042250        0.217113        0.017212
     C   10       -0.061828        0.017212       -0.017341

     C   11       -0.060937        0.154706       -0.031501
     C   11        0.154706        0.174274        0.221155
     C   11       -0.031501        0.221155       -0.113337

     Cl  12       -0.041827        1.735029        0.555364
     Cl  12        1.735029       -0.346826        1.321288
     Cl  12        0.555364        1.321288        0.388653

     H   13       -0.000000        0.000000        0.000000
     H   13        0.000000        0.000000        0.000000
     H   13        0.000000        0.000000        0.000000

     C   14       -0.097303        0.089557       -0.044883
     C   14        0.089557        0.185571       -0.203556
     C   14       -0.044883       -0.203556       -0.088268

     H   15       -0.000000        0.000000        0.000000
     H   15        0.000000        0.000000        0.000000
     H   15        0.000000        0.000000        0.000000

     C   16       -0.116214        0.050824       -0.058859
     C   16        0.050824        0.066236       -0.085048
     C   16       -0.058859       -0.085048        0.049978

     C   17        0.056663       -0.175157       -0.066067
     C   17       -0.175157        0.026569       -0.100974
     C   17       -0.066067       -0.100974       -0.083232

     Cl  18        0.954256       -2.099330       -0.324634
     Cl  18       -2.099330        0.056266        0.283609
     Cl  18       -0.324634        0.283609       -1.010522

     H   19       -0.000000        0.000000        0.000000
     H   19        0.000000        0.000000        0.000000
     H   19        0.000000        0.000000        0.000000

     C   20       -0.144804        0.117052        0.032554
     C   20        0.117052        0.233147        0.055676
     C   20        0.032554        0.055676       -0.088342

     H   21       -0.000000        0.000000        0.000000
     H   21        0.000000        0.000000        0.000000
     H   21        0.000000        0.000000        0.000000

     C   22       -0.094765        0.136926       -0.072885
     C   22        0.136926        0.183923       -0.085789
     C   22       -0.072885       -0.085789       -0.089158

     C   23       -0.190662        0.006854       -0.019190
     C   23        0.006854        0.132316       -0.212355
     C   23       -0.019190       -0.212355        0.058347

     Cl  24       -0.612285        1.370643        0.157487
     Cl  24        1.370643       -0.903745       -1.420961
     Cl  24        0.157487       -1.420961        1.516030

     ----- total EFG -----
     Cl   1        0.171056       -0.226248       -1.058200
     Cl   1       -0.226248        1.048333       -1.815565
     Cl   1       -1.058200       -1.815565       -1.219390

     C    2       -0.256553        0.164638       -0.130359
     C    2        0.164638        0.382802       -0.085978
     C    2       -0.130359       -0.085978       -0.126249

     C    3       -0.063099        0.054186       -0.050365
     C    3        0.054186        0.299081       -0.606269
     C    3       -0.050365       -0.606269       -0.235982

     H    4        0.506009        0.330831        0.094684
     H    4        0.330831       -0.355618        0.245529
     H    4        0.094684        0.245529       -0.150391

     C    5       -0.366968        0.099785        0.065538
     C    5        0.099785        0.298290       -0.260483
     C    5        0.065538       -0.260483        0.068678

     H    6       -0.132920       -0.025643        0.009807
     H    6       -0.025643        0.322921        0.097173
     H    6        0.009807        0.097173       -0.190001

     H    7       -0.096663       -0.047358        0.164886
     H    7       -0.047358        0.427104       -0.155272
     H    7        0.164886       -0.155272       -0.330440

     C    8        0.062739        0.084701       -0.043967
     C    8        0.084701       -0.558849       -0.187746
     C    8       -0.043967       -0.187746        0.496110

     H    9        0.291824        0.100446        0.286131
     H    9        0.100446       -0.169495        0.023513
     H    9        0.286131        0.023513       -0.122329

     C   10       -0.605051       -0.137569       -0.197836
     C   10       -0.137569        0.408642       -0.130757
     C   10       -0.197836       -0.130757        0.196409

     C   11        0.041373        0.531459       -0.131603
     C   11        0.531459        0.256053        0.545910
     C   11       -0.131603        0.545910       -0.297426

     Cl  12       -0.156290        1.780387        0.612842
     Cl  12        1.780387       -0.355145        1.447738
     Cl  12        0.612842        1.447738        0.511435

     H   13       -0.038004       -0.058656        0.009620
     H   13       -0.058656       -0.047690        0.606010
     H   13        0.009620        0.606010        0.085695

     C   14       -0.110805        0.043839        0.033313
     C   14        0.043839        0.343257       -0.476742
     C   14        0.033313       -0.476742       -0.232452

     H   15        0.177767       -0.017790        0.210660
     H   15       -0.017790       -0.138786        0.000764
     H   15        0.210660        0.000764       -0.038981

     C   16       -0.429263        0.163447       -0.059240
     C   16        0.163447        0.245999       -0.173137
     C   16       -0.059240       -0.173137        0.183264

     C   17        0.137092       -0.436290       -0.129015
     C   17       -0.436290        0.062850       -0.331005
     C   17       -0.129015       -0.331005       -0.199942

     Cl  18        1.004473       -2.233518       -0.338033
     Cl  18       -2.233518        0.063780        0.309858
     Cl  18       -0.338033        0.309858       -1.068253

     H   19       -0.308485       -0.282629       -0.216434
     H   19       -0.282629        0.402787       -0.268531
     H   19       -0.216434       -0.268531       -0.094301

     C   20       -0.522701       -0.015652        0.070511
     C   20       -0.015652        0.579606       -0.078845
     C   20        0.070511       -0.078845       -0.056905

     H   21        0.298035       -0.400935        0.299862
     H   21       -0.400935       -0.592307       -0.139700
     H   21        0.299862       -0.139700        0.294271

     C   22        0.096387        0.483248       -0.203561
     C   22        0.483248        0.077383        0.002937
     C   22       -0.203561        0.002937       -0.173770

     C   23       -0.753391       -0.152541       -0.103423
     C   23       -0.152541        0.408018       -0.670745
     C   23       -0.103423       -0.670745        0.345373

     Cl  24       -0.482173        1.580391        0.161743
     Cl  24        1.580391       -0.915870       -1.437450
     Cl  24        0.161743       -1.437450        1.398044

     ----- total EFG (symmetrized) -----
     Cl   1        0.171056       -0.226248       -1.058200
     Cl   1       -0.226248        1.048333       -1.815565
     Cl   1       -1.058200       -1.815565       -1.219390

     C    2       -0.256553        0.164638       -0.130359
     C    2        0.164638        0.382802       -0.085978
     C    2       -0.130359       -0.085978       -0.126249

     C    3       -0.063099        0.054186       -0.050365
     C    3        0.054186        0.299081       -0.606269
     C    3       -0.050365       -0.606269       -0.235982

     H    4        0.506009        0.330831        0.094684
     H    4        0.330831       -0.355618        0.245529
     H    4        0.094684        0.245529       -0.150391

     C    5       -0.366968        0.099785        0.065538
     C    5        0.099785        0.298290       -0.260483
     C    5        0.065538       -0.260483        0.068678

     H    6       -0.132920       -0.025643        0.009807
     H    6       -0.025643        0.322921        0.097173
     H    6        0.009807        0.097173       -0.190001

     H    7       -0.096663       -0.047358        0.164886
     H    7       -0.047358        0.427104       -0.155272
     H    7        0.164886       -0.155272       -0.330440

     C    8        0.062739        0.084701       -0.043967
     C    8        0.084701       -0.558849       -0.187746
     C    8       -0.043967       -0.187746        0.496110

     H    9        0.291824        0.100446        0.286131
     H    9        0.100446       -0.169495        0.023513
     H    9        0.286131        0.023513       -0.122329

     C   10       -0.605051       -0.137569       -0.197836
     C   10       -0.137569        0.408642       -0.130757
     C   10       -0.197836       -0.130757        0.196409

     C   11        0.041373        0.531459       -0.131603
     C   11        0.531459        0.256053        0.545910
     C   11       -0.131603        0.545910       -0.297426

     Cl  12       -0.156290        1.780387        0.612842
     Cl  12        1.780387       -0.355145        1.447738
     Cl  12        0.612842        1.447738        0.511435

     H   13       -0.038004       -0.058656        0.009620
     H   13       -0.058656       -0.047690        0.606010
     H   13        0.009620        0.606010        0.085695

     C   14       -0.110805        0.043839        0.033313
     C   14        0.043839        0.343257       -0.476742
     C   14        0.033313       -0.476742       -0.232452

     H   15        0.177767       -0.017790        0.210660
     H   15       -0.017790       -0.138786        0.000764
     H   15        0.210660        0.000764       -0.038981

     C   16       -0.429263        0.163447       -0.059240
     C   16        0.163447        0.245999       -0.173137
     C   16       -0.059240       -0.173137        0.183264

     C   17        0.137092       -0.436290       -0.129015
     C   17       -0.436290        0.062850       -0.331005
     C   17       -0.129015       -0.331005       -0.199942

     Cl  18        1.004473       -2.233518       -0.338033
     Cl  18       -2.233518        0.063780        0.309858
     Cl  18       -0.338033        0.309858       -1.068253

     H   19       -0.308485       -0.282629       -0.216434
     H   19       -0.282629        0.402787       -0.268531
     H   19       -0.216434       -0.268531       -0.094301

     C   20       -0.522701       -0.015652        0.070511
     C   20       -0.015652        0.579606       -0.078845
     C   20        0.070511       -0.078845       -0.056905

     H   21        0.298035       -0.400935        0.299862
     H   21       -0.400935       -0.592307       -0.139700
     H   21        0.299862       -0.139700        0.294271

     C   22        0.096387        0.483248       -0.203561
     C   22        0.483248        0.077383        0.002937
     C   22       -0.203561        0.002937       -0.173770

     C   23       -0.753391       -0.152541       -0.103423
     C   23       -0.152541        0.408018       -0.670745
     C   23       -0.103423       -0.670745        0.345373

     Cl  24       -0.482173        1.580391        0.161743
     Cl  24        1.580391       -0.915870       -1.437450
     Cl  24        0.161743       -1.437450        1.398044


     NQR/NMR SPECTROSCOPIC PARAMETERS:
     Cl   1    Vxx=    0.5002    axis=(  0.918518 -0.332008 -0.214700)
     Cl   1    Vyy=    2.1136    axis=( -0.182624 -0.837883  0.514393)
     Cl   1    Vzz=   -2.6138    axis=( -0.350676 -0.433270 -0.830243)
     Cl   1  Q=        -8.1650 1e-30 m^2  Cq=        50.1448 MHz  eta= 0.61728

     C    2    Vxx=   -0.0952    axis=( -0.400814  0.294133  0.867660)
     C    2    Vyy=   -0.3510    axis=(  0.878895 -0.143911  0.454789)
     C    2    Vzz=    0.4461    axis=( -0.258634 -0.944868  0.200830)
     C    2  Q=         1.0000 1e-30 m^2  Cq=         1.0483 MHz  eta= 0.57334

     C    3    Vxx=   -0.0698    axis=(  0.995230 -0.091759  0.033124)
     C    3    Vyy=   -0.6314    axis=(  0.022337  0.544858  0.838231)
     C    3    Vzz=    0.7012    axis=( -0.094963 -0.833493  0.544309)
     C    3  Q=         1.0000 1e-30 m^2  Cq=         1.6475 MHz  eta= 0.80099

     H    4    Vxx=   -0.0844    axis=( -0.343233  0.364871  0.865482)
     H    4    Vyy=   -0.5709    axis=( -0.225175  0.862623 -0.452966)
     H    4    Vzz=    0.6553    axis=( -0.911859 -0.350358 -0.213921)
     H    4  Q=         1.0000 1e-30 m^2  Cq=         1.5398 MHz  eta= 0.74233

     C    5    Vxx=   -0.0624    axis=(  0.333745  0.489452  0.805637)
     C    5    Vyy=   -0.4085    axis=( -0.940854  0.225891  0.252523)
     C    5    Vzz=    0.4709    axis=( -0.058388 -0.842265  0.535893)
     C    5  Q=         1.0000 1e-30 m^2  Cq=         1.1065 MHz  eta= 0.73489

     H    6    Vxx=   -0.1314    axis=(  0.981829  0.014955  0.189176)
     H    6    Vyy=   -0.2105    axis=(  0.183227  0.184721 -0.965560)
     H    6    Vzz=    0.3419    axis=( -0.049384  0.982677  0.178624)
     H    6  Q=         1.0000 1e-30 m^2  Cq=         0.8033 MHz  eta= 0.23117

     H    7    Vxx=   -0.0371    axis=(  0.895462  0.220649  0.386602)
     H    7    Vyy=   -0.4320    axis=( -0.421163  0.138785  0.896304)
     H    7    Vzz=    0.4691    axis=(  0.144114 -0.965429  0.217206)
     H    7  Q=         1.0000 1e-30 m^2  Cq=         1.1022 MHz  eta= 0.84163

     C    8    Vxx=    0.0644    axis=(  0.985853  0.091727  0.140282)
     C    8    Vyy=    0.5357    axis=(  0.122492  0.176994 -0.976560)
     C    8    Vzz=   -0.6000    axis=( -0.114406  0.979928  0.163254)
     C    8  Q=         1.0000 1e-30 m^2  Cq=        -1.4098 MHz  eta= 0.78546

     H    9    Vxx=   -0.1789    axis=(  0.017996 -0.952281  0.304691)
     H    9    Vyy=   -0.2751    axis=( -0.471381  0.260666  0.842528)
     H    9    Vzz=    0.4541    axis=(  0.881746  0.158788  0.444196)
     H    9  Q=         1.0000 1e-30 m^2  Cq=         1.0669 MHz  eta= 0.21192

     C   10    Vxx=    0.2035    axis=( -0.280043  0.375450  0.883523)
     C   10    Vyy=    0.4726    axis=(  0.042905 -0.914534  0.402227)
     C   10    Vzz=   -0.6762    axis=(  0.959028  0.150548  0.240000)
     C   10  Q=         1.0000 1e-30 m^2  Cq=        -1.5887 MHz  eta= 0.39792

     C   11    Vxx=    0.0182    axis=(  0.743644 -0.191114 -0.640679)
     C   11    Vyy=    0.8127    axis=( -0.495001 -0.801525 -0.335459)
     C   11    Vzz=   -0.8309    axis=(  0.449409 -0.566598  0.690650)
     C   11  Q=         1.0000 1e-30 m^2  Cq=        -1.9523 MHz  eta= 0.95626

     Cl  12    Vxx=   -0.3543    axis=( -0.619072 -0.193158  0.761210)
     Cl  12    Vyy=   -2.2214    axis=( -0.579158  0.766926 -0.276406)
     Cl  12    Vzz=    2.5758    axis=( -0.530402 -0.611976 -0.586651)
     Cl  12  Q=        -8.1650 1e-30 m^2  Cq=       -49.4145 MHz  eta= 0.72487

     H   13    Vxx=   -0.0350    axis=(  0.994814 -0.034829  0.095561)
     H   13    Vyy=   -0.5952    axis=(  0.089699  0.743339 -0.662874)
     H   13    Vzz=    0.6302    axis=( -0.047947  0.668008  0.742608)
     H   13  Q=         1.0000 1e-30 m^2  Cq=         1.4807 MHz  eta= 0.88884

     C   14    Vxx=   -0.1050    axis=(  0.991517  0.035892  0.124924)
     C   14    Vyy=   -0.5079    axis=( -0.126418  0.489685  0.862686)
     C   14    Vzz=    0.6130    axis=( -0.030210 -0.871160  0.490068)
     C   14  Q=         1.0000 1e-30 m^2  Cq=         1.4402 MHz  eta= 0.65734

     H   15    Vxx=   -0.1361    axis=( -0.129758  0.952983  0.273838)
     H   15    Vyy=   -0.1706    axis=( -0.504596 -0.301202  0.809110)
     H   15    Vzz=    0.3068    axis=( -0.853549  0.033189 -0.519955)
     H   15  Q=         1.0000 1e-30 m^2  Cq=         0.7208 MHz  eta= 0.11245

     C   16    Vxx=    0.0451    axis=(  0.106749  0.597751  0.794543)
     C   16    Vyy=    0.4223    axis=(  0.190370  0.772038 -0.606396)
     C   16    Vzz=   -0.4673    axis=( -0.975891  0.215989 -0.031380)
     C   16  Q=         1.0000 1e-30 m^2  Cq=        -1.0981 MHz  eta= 0.80721

     C   17    Vxx=    0.0492    axis=( -0.575860 -0.336373  0.745143)
     C   17    Vyy=    0.5637    axis=( -0.671427  0.714597 -0.196307)
     C   17    Vzz=   -0.6129    axis=( -0.466445 -0.613355 -0.637358)
     C   17  Q=         1.0000 1e-30 m^2  Cq=        -1.4401 MHz  eta= 0.83950

     Cl  18    Vxx=   -1.1203    axis=(  0.117112 -0.038781  0.992361)
     Cl  18    Vyy=   -1.7496    axis=( -0.626069 -0.778556  0.043459)
     Cl  18    Vzz=    2.8698    axis=(  0.770923 -0.626376 -0.115458)
     Cl  18  Q=        -8.1650 1e-30 m^2  Cq=       -55.0563 MHz  eta= 0.21929

     H   19    Vxx=    0.0309    axis=( -0.600471  0.115048  0.791327)
     H   19    Vyy=    0.5601    axis=(  0.225014 -0.925300  0.305269)
     H   19    Vzz=   -0.5910    axis=(  0.767335  0.361365  0.529728)
     H   19  Q=         1.0000 1e-30 m^2  Cq=        -1.3886 MHz  eta= 0.89546

     C   20    Vxx=   -0.0566    axis=(  0.144286  0.125198  0.981584)
     C   20    Vyy=   -0.5332    axis=(  0.989296  0.003580 -0.145877)
     C   20    Vzz=    0.5898    axis=(  0.021777 -0.992125  0.123341)
     C   20  Q=         1.0000 1e-30 m^2  Cq=         1.3857 MHz  eta= 0.80807

     H   21    Vxx=    0.0342    axis=( -0.586823  0.200605  0.784472)
     H   21    Vyy=    0.7126    axis=( -0.729147  0.290384 -0.619695)
     H   21    Vzz=   -0.7468    axis=( -0.352112 -0.935647 -0.024134)
     H   21  Q=         1.0000 1e-30 m^2  Cq=        -1.7547 MHz  eta= 0.90831

     C   22    Vxx=   -0.1260    axis=(  0.197253 -0.456263 -0.867707)
     C   22    Vyy=   -0.4716    axis=(  0.665149 -0.587923  0.460352)
     C   22    Vzz=    0.5976    axis=( -0.720186 -0.667960  0.187513)
     C   22  Q=         1.0000 1e-30 m^2  Cq=         1.4041 MHz  eta= 0.57847

     C   23    Vxx=   -0.2326    axis=( -0.326213  0.645438  0.690648)
     C   23    Vyy=   -0.8164    axis=( -0.945043 -0.239598 -0.222458)
     C   23    Vzz=    1.0490    axis=(  0.021895 -0.725261  0.688126)
     C   23  Q=         1.0000 1e-30 m^2  Cq=         2.4648 MHz  eta= 0.55651

     Cl  24    Vxx=    0.4380    axis=(  0.780363  0.405653  0.475899)
     Cl  24    Vyy=    2.2221    axis=( -0.244265 -0.502835  0.829151)
     Cl  24    Vzz=   -2.6601    axis=(  0.575646 -0.763284 -0.293307)
     Cl  24  Q=        -8.1650 1e-30 m^2  Cq=        51.0331 MHz  eta= 0.67070

     Initialization:
     gipaw_setup  :      9.22s CPU     11.20s WALL (       1 calls)

     Linear response

     Apply operators

     Induced current

     Other routines
     efg          :      9.71s CPU     13.03s WALL (       1 calls)

     General routines
     calbec       :      3.32s CPU      4.50s WALL (      16 calls)
     fft          :      1.48s CPU      2.18s WALL (      15 calls)
     ffts         :      0.03s CPU      0.04s WALL (       2 calls)
     fftw         :      3.57s CPU      4.88s WALL (     672 calls)
     davcio       :      0.03s CPU      0.37s WALL (      32 calls)

     Parallel routines
     fft_scatter  :      2.23s CPU      3.96s WALL (     689 calls)

     Plugins

     GIPAW        :     61.78s CPU     76.68s WALL (       1 calls)
