
     Program QE v.6.0 (svn rev. 13079) starts on  3Jan2017 at  5: 5:44 

     This program is part of the open-source Quantum ESPRESSO suite
     for quantum simulation of materials; please cite
         "P. Giannozzi et al., J. Phys.:Condens. Matter 21 395502 (2009);
          URL http://www.quantum-espresso.org", 
     in publications or presentations arising from this work. More details at
     http://www.quantum-espresso.org/quote

     Parallel version (MPI), running on     8 processors
     R & G space division:  proc/nbgrp/npool/nimage =       8

     ***** This is GIPAW svn revision unknown      *****

     Parallelizing q-star over 1 images

     Reading data from directory:
     /users/majewski/paradichlorobenzene/pbe/9_constraint/scratch/pbe.ecut100.np8.dt60.pcl2phi-129368.save
     Message from routine read_xml_file:
     file /users/majewski/paradichlorobenzene/pbe/9_constraint/scratch/pbe.ecut100.np8.dt60.pcl2phi-129368.save not guaranteed to be safe for post-processing

   Info: using nr1, nr2, nr3 values from input

   Info: using nr1, nr2, nr3 values from input

     IMPORTANT: XC functional enforced from input :
     Exchange-correlation      =  SLA  PW   PBX  PBC ( 1  4  3  4 0 0)
     Any further DFT definition will be discarded
     Please, verify this is what you really want

               file C.pbe-n-kjpaw_psl.1.0.0.UPF: wavefunction(s)  2S 2P renormalized
               file Cl.pbe-n-kjpaw_psl.1.0.0.UPF: wavefunction(s)  3S 3P renormalized
               file H.pbe-kjpaw_psl.1.0.0.UPF: wavefunction(s)  1S renormalized

     Parallelization info
     --------------------
     sticks:   dense  smooth     PW     G-vecs:    dense   smooth      PW
     Min        3057    1223    332               144436    36536    5170
     Max        3059    1225    333               144437    36537    5171
     Sum       24467    9791   2657              1155489   292295   41363


     Subspace diagonalization in iterative solution of the eigenvalue problem:
     a serial algorithm will be used

     GIPAW projectors -----------------------------------------------
     atom=  C    l=0  rc=    1.2000  rs=    0.8000
     atom=  C    l=0  rc=    1.2000  rs=    0.8000
     atom=  C    l=1  rc=    1.4000  rs=    0.9333
     atom=  C    l=1  rc=    1.4000  rs=    0.9333
     projs nearly linearly dependent: l=1  n1,n2= 1, 2  s=  0.99951561

     atom=  Cl   l=0  rc=    1.6000  rs=    1.0667
     atom=  Cl   l=0  rc=    1.6000  rs=    1.0667
     atom=  Cl   l=1  rc=    1.6000  rs=    1.0667
     atom=  Cl   l=1  rc=    1.6000  rs=    1.0667
     atom=  Cl   l=2  rc=    1.6000  rs=    1.0667
     atom=  Cl   l=2  rc=    1.6000  rs=    1.0667
     projs nearly linearly dependent: l=2  n1,n2= 1, 2  s=  0.99993509

     atom=  H    l=0  rc=    1.0000  rs=    0.6667
     atom=  H    l=0  rc=    1.0000  rs=    0.6667
     projs nearly linearly dependent: l=0  n1,n2= 1, 2  s=  0.99968852
     -----------------------------------------------------------------

     GIPAW integrals: -------------------------------------------
     Atom  i/j   nmr_para   nmr_dia   epr_rmc  epr_para   epr_dia
       C   1 1   0.83E+03  0.17E-01  0.93E+01  0.24E+08  0.24E+03
       C   2 1   0.86E+03 -0.61E-01  0.94E+01  0.25E+08  0.25E+03
       C   2 2   0.90E+03 -0.15E+00  0.97E+01  0.26E+08  0.26E+03
       C   3 3   0.33E+01  0.34E+00  0.18E+01  0.55E+03  0.21E+02
       C   4 3   0.35E+01  0.37E+00  0.20E+01  0.59E+03  0.22E+02
       C   4 4   0.38E+01  0.39E+00  0.22E+01  0.63E+03  0.24E+02
       Cl  1 1   0.14E+04 -0.47E+00  0.84E+01  0.32E+09  0.42E+03
       Cl  2 1   0.21E+04 -0.37E+00  0.12E+02  0.49E+09  0.65E+03
       Cl  2 2   0.33E+04 -0.16E+00  0.21E+02  0.76E+09  0.10E+04
       Cl  3 3   0.21E+02  0.79E-01  0.89E+01  0.23E+05  0.13E+03
       Cl  4 3   0.24E+02  0.67E-01  0.99E+01  0.27E+05  0.15E+03
       Cl  4 4   0.28E+02  0.44E-01  0.11E+02  0.32E+05  0.18E+03
       Cl  5 5   0.77E+00  0.19E+00  0.18E+01  0.12E+03  0.22E+02
       Cl  6 5   0.80E+00  0.19E+00  0.19E+01  0.12E+03  0.23E+02
       Cl  6 6   0.83E+00  0.20E+00  0.19E+01  0.12E+03  0.23E+02
       H   1 1   0.39E+02  0.19E+00  0.29E+00  0.78E+05  0.13E+02
       H   2 1   0.41E+02  0.21E+00  0.32E+00  0.82E+05  0.14E+02
       H   2 2   0.43E+02  0.22E+00  0.36E+00  0.86E+05  0.15E+02
     ------------------------------------------------------------

     alpha_pv=     34.7521 eV

     Number of occupied bands for each k-point:
     k-point:     1    nbnd_occ=  42
     k-point:     2    nbnd_occ=  42
     k-point:     3    nbnd_occ=  42
     k-point:     4    nbnd_occ=  42
     k-point:     5    nbnd_occ=  42
     k-point:     6    nbnd_occ=  42
     k-point:     7    nbnd_occ=  42
     k-point:     8    nbnd_occ=  42
     k-point:     9    nbnd_occ=  42
     k-point:    10    nbnd_occ=  42
     k-point:    11    nbnd_occ=  42
     k-point:    12    nbnd_occ=  42
     k-point:    13    nbnd_occ=  42
     k-point:    14    nbnd_occ=  42
     k-point:    15    nbnd_occ=  42
     k-point:    16    nbnd_occ=  42


     q-space interpolation up to   110.00 Rydberg

     GIPAW job: efg                                                                             


     ELECTRIC FIELD GRADIENTS TENSORS IN Hartree/bohrradius^2:

     ----- bare term -----
     Cl   1       -0.095220       -0.043599        0.005174
     Cl   1       -0.043599       -0.056051        0.120406
     Cl   1        0.005174        0.120406        0.151271

     C    2       -0.576872        0.218486       -0.375971
     C    2        0.218486        0.120118       -0.178500
     C    2       -0.375971       -0.178500        0.456753

     C    3       -0.055444        0.191891       -0.199802
     C    3        0.191891       -0.425265       -0.462233
     C    3       -0.199802       -0.462233        0.480709

     H    4       -0.482748       -0.311643       -0.363780
     H    4       -0.311643        0.283748       -0.151959
     H    4       -0.363780       -0.151959        0.199001

     C    5       -0.896535        0.357856       -0.424982
     C    5        0.357856        0.372009        0.013055
     C    5       -0.424982        0.013055        0.524526

     H    6        0.425437       -0.049057       -0.112692
     H    6       -0.049057       -0.578284       -0.558925
     H    6       -0.112692       -0.558925        0.152847

     H    7        0.231006        0.325691       -0.122190
     H    7        0.325691       -0.477192        0.443602
     H    7       -0.122190        0.443602        0.246186

     C    8       -0.213755       -0.299910       -0.279853
     C    8       -0.299910       -0.095030        0.497512
     C    8       -0.279853        0.497512        0.308785

     H    9       -0.273980        0.477839        0.075424
     H    9        0.477839        0.022013       -0.195384
     H    9        0.075424       -0.195384        0.251967

     C   10       -0.208706       -0.252207        0.039014
     C   10       -0.252207       -0.169935        0.314263
     C   10        0.039014        0.314263        0.378640

     C   11       -0.199385        0.163892       -0.233028
     C   11        0.163892       -0.017290        0.501346
     C   11       -0.233028        0.501346        0.216675

     Cl  12        0.090093       -0.204057        0.042500
     Cl  12       -0.204057        0.016065       -0.324430
     Cl  12        0.042500       -0.324430       -0.106158

     H   13        0.443604       -0.166094        0.014362
     H   13       -0.166094       -0.733128        0.155886
     H   13        0.014362        0.155886        0.289524

     C   14       -0.177198        0.067115       -0.238812
     C   14        0.067115        0.007851       -0.487682
     C   14       -0.238812       -0.487682        0.169347

     H   15       -0.132989       -0.448974       -0.059991
     H   15       -0.448974       -0.246192        0.117658
     H   15       -0.059991        0.117658        0.379182

     C   16       -0.536427        0.276211       -0.097485
     C   16        0.276211        0.165478       -0.207069
     C   16       -0.097485       -0.207069        0.370950

     C   17        0.058010        0.140521       -0.125822
     C   17        0.140521       -0.150705       -0.489187
     C   17       -0.125822       -0.489187        0.092695

     Cl  18       -0.170254        0.249565        0.001328
     Cl  18        0.249565       -0.007259        0.023153
     Cl  18        0.001328        0.023153        0.177514

     H   19        0.531640        0.000038        0.002909
     H   19        0.000038        0.054575        0.179262
     H   19        0.002909        0.179262       -0.586215

     C   20       -0.489269       -0.330838       -0.010590
     C   20       -0.330838        0.159635        0.350915
     C   20       -0.010590        0.350915        0.329634

     H   21       -0.570451       -0.031550       -0.357078
     H   21       -0.031550        0.288799        0.179051
     H   21       -0.357078        0.179051        0.281652

     C   22       -0.047044        0.046589       -0.265896
     C   22        0.046589       -0.054894        0.673338
     C   22       -0.265896        0.673338        0.101938

     C   23       -0.494388       -0.226941       -0.374394
     C   23       -0.226941        0.067556        0.235537
     C   23       -0.374394        0.235537        0.426832

     Cl  24       -0.075709        0.074943       -0.025091
     Cl  24        0.074943       -0.040725       -0.118261
     Cl  24       -0.025091       -0.118261        0.116434

     ----- ionic term -----
     Cl   1        0.168344       -0.218652       -0.013011
     Cl   1       -0.218652       -0.015182        0.012924
     Cl   1       -0.013011        0.012924       -0.153162

     C    2        0.284329       -0.102708        0.126261
     C    2       -0.102708        0.156825        0.395946
     C    2        0.126261        0.395946       -0.441155

     C    3        0.196489       -0.170554        0.173989
     C    3       -0.170554        0.175647        0.385470
     C    3        0.173989        0.385470       -0.372136

     H    4        0.532807        0.444297        0.625534
     H    4        0.444297       -0.310938        0.313815
     H    4        0.625534        0.313815       -0.221869

     C    5        0.342201       -0.126447        0.257197
     C    5       -0.126447        0.067543        0.297821
     C    5        0.257197        0.297821       -0.409744

     H    6       -0.527869        0.073635        0.052782
     H    6        0.073635        0.761033        0.643683
     H    6        0.052782        0.643683       -0.233164

     H    7       -0.513320       -0.123823        0.085474
     H    7       -0.123823        0.482851       -0.791963
     H    7        0.085474       -0.791963        0.030468

     C    8        0.343764        0.197454        0.063322
     C    8        0.197454        0.017792       -0.373425
     C    8        0.063322       -0.373425       -0.361556

     H    9        0.778929       -0.445726        0.463804
     H    9       -0.445726       -0.356338       -0.251007
     H    9        0.463804       -0.251007       -0.422591

     C   10        0.205409        0.208337        0.033666
     C   10        0.208337        0.189308       -0.479643
     C   10        0.033666       -0.479643       -0.394717

     C   11        0.298280        0.146270        0.198091
     C   11        0.146270        0.061079       -0.434443
     C   11        0.198091       -0.434443       -0.359359

     Cl  12        0.164437        0.210463       -0.028127
     Cl  12        0.210463       -0.010923       -0.032626
     Cl  12       -0.028127       -0.032626       -0.153514

     H   13       -0.487669        0.099397        0.024572
     H   13        0.099397        0.926311        0.485858
     H   13        0.024572        0.485858       -0.438641

     C   14        0.420923       -0.151290        0.155686
     C   14       -0.151290        0.145394        0.248438
     C   14        0.155686        0.248438       -0.566317

     H   15        0.685418        0.534817        0.445264
     H   15        0.534817       -0.206267        0.253149
     H   15        0.445264        0.253149       -0.479151

     C   16        0.209428       -0.206291        0.125225
     C   16       -0.206291        0.368121        0.341186
     C   16        0.125225        0.341186       -0.577549

     C   17        0.199849       -0.148102        0.294589
     C   17       -0.148102        0.298940        0.319274
     C   17        0.294589        0.319274       -0.498790

     Cl  18        0.153190       -0.214217        0.053375
     Cl  18       -0.214217        0.021726       -0.030785
     Cl  18        0.053375       -0.030785       -0.174916

     H   19       -0.514147        0.006898       -0.001193
     H   19        0.006898        0.397036       -0.816078
     H   19       -0.001193       -0.816078        0.117111

     C   20        0.361872        0.198051        0.155056
     C   20        0.198051       -0.063490       -0.371922
     C   20        0.155056       -0.371922       -0.298382

     H   21        0.684649       -0.416035        0.543935
     H   21       -0.416035       -0.388840       -0.266659
     H   21        0.543935       -0.266659       -0.295809

     C   22        0.191239        0.213286        0.071695
     C   22        0.213286        0.080037       -0.477295
     C   22        0.071695       -0.477295       -0.271276

     C   23        0.231275        0.175642        0.103832
     C   23        0.175642        0.055464       -0.434827
     C   23        0.103832       -0.434827       -0.286740

     Cl  24        0.131955        0.231338       -0.030640
     Cl  24        0.231338        0.013233       -0.019848
     Cl  24       -0.030640       -0.019848       -0.145188

     ----- GIPAW term -----
     Cl   1       -0.013976       -2.162674       -0.204066
     Cl   1       -2.162674       -0.494000        1.433785
     Cl   1       -0.204066        1.433785        0.507976

     C    2       -0.115175       -0.093853       -0.081514
     C    2       -0.093853        0.082322        0.116510
     C    2       -0.081514        0.116510        0.032853

     C    3       -0.081201       -0.003677       -0.058059
     C    3       -0.003677       -0.071681        0.050473
     C    3       -0.058059        0.050473        0.152882

     H    4       -0.000000        0.000000        0.000000
     H    4        0.000000        0.000000        0.000000
     H    4        0.000000        0.000000        0.000000

     C    5       -0.236332        0.101098       -0.003260
     C    5        0.101098        0.154126        0.200513
     C    5       -0.003260        0.200513        0.082206

     H    6       -0.000000        0.000000        0.000000
     H    6        0.000000        0.000000        0.000000
     H    6        0.000000        0.000000        0.000000

     H    7       -0.000000        0.000000        0.000000
     H    7        0.000000        0.000000        0.000000
     H    7        0.000000        0.000000        0.000000

     C    8       -0.052174       -0.151630       -0.091472
     C    8       -0.151630        0.064155        0.212678
     C    8       -0.091472        0.212678       -0.011982

     H    9       -0.000000        0.000000        0.000000
     H    9        0.000000        0.000000        0.000000
     H    9        0.000000        0.000000        0.000000

     C   10       -0.103889       -0.023136        0.001754
     C   10       -0.023136       -0.006473        0.136551
     C   10        0.001754        0.136551        0.110362

     C   11       -0.078043        0.078799       -0.019746
     C   11        0.078799       -0.010213        0.172197
     C   11       -0.019746        0.172197        0.088256

     Cl  12       -0.505175        0.161879       -0.334294
     Cl  12        0.161879       -0.169485        1.016086
     Cl  12       -0.334294        1.016086        0.674660

     H   13       -0.000000        0.000000        0.000000
     H   13        0.000000        0.000000        0.000000
     H   13        0.000000        0.000000        0.000000

     C   14       -0.103447        0.045500       -0.038969
     C   14        0.045500        0.167517       -0.214760
     C   14       -0.038969       -0.214760       -0.064071

     H   15       -0.000000        0.000000        0.000000
     H   15        0.000000        0.000000        0.000000
     H   15        0.000000        0.000000        0.000000

     C   16       -0.162998        0.030685       -0.017385
     C   16        0.030685        0.191721       -0.104125
     C   16       -0.017385       -0.104125       -0.028723

     C   17       -0.050329        0.026146        0.036810
     C   17        0.026146        0.191287        0.110853
     C   17        0.036810        0.110853       -0.140958

     Cl  18       -1.017821       -0.250864        0.444043
     Cl  18       -0.250864        0.705434        2.233682
     Cl  18        0.444043        2.233682        0.312387

     H   19       -0.000000        0.000000        0.000000
     H   19        0.000000        0.000000        0.000000
     H   19        0.000000        0.000000        0.000000

     C   20       -0.144136        0.033934        0.073498
     C   20        0.033934        0.100499        0.192489
     C   20        0.073498        0.192489        0.043637

     H   21       -0.000000        0.000000        0.000000
     H   21        0.000000        0.000000        0.000000
     H   21        0.000000        0.000000        0.000000

     C   22       -0.098684        0.124959       -0.035547
     C   22        0.124959        0.201712        0.148417
     C   22       -0.035547        0.148417       -0.103028

     C   23       -0.058657        0.133717       -0.108340
     C   23        0.133717        0.072639       -0.067357
     C   23       -0.108340       -0.067357       -0.013983

     Cl  24        0.341987        2.458996       -0.441036
     Cl  24        2.458996       -0.296426       -1.239163
     Cl  24       -0.441036       -1.239163       -0.045561

     ----- total EFG -----
     Cl   1        0.059148       -2.424926       -0.211904
     Cl   1       -2.424926       -0.565234        1.567115
     Cl   1       -0.211904        1.567115        0.506086

     C    2       -0.407718        0.021925       -0.331224
     C    2        0.021925        0.359266        0.333956
     C    2       -0.331224        0.333956        0.048452

     C    3        0.059844        0.017660       -0.083872
     C    3        0.017660       -0.321299       -0.026290
     C    3       -0.083872       -0.026290        0.261455

     H    4        0.050059        0.132654        0.261753
     H    4        0.132654       -0.027190        0.161855
     H    4        0.261753        0.161855       -0.022868

     C    5       -0.790666        0.332507       -0.171045
     C    5        0.332507        0.593678        0.511389
     C    5       -0.171045        0.511389        0.196987

     H    6       -0.102433        0.024578       -0.059910
     H    6        0.024578        0.182749        0.084758
     H    6       -0.059910        0.084758       -0.080316

     H    7       -0.282314        0.201868       -0.036716
     H    7        0.201868        0.005659       -0.348361
     H    7       -0.036716       -0.348361        0.276655

     C    8        0.077835       -0.254086       -0.308003
     C    8       -0.254086       -0.013083        0.336764
     C    8       -0.308003        0.336764       -0.064753

     H    9        0.504949        0.032113        0.539228
     H    9        0.032113       -0.334325       -0.446392
     H    9        0.539228       -0.446392       -0.170624

     C   10       -0.107186       -0.067006        0.074435
     C   10       -0.067006        0.012900       -0.028829
     C   10        0.074435       -0.028829        0.094285

     C   11        0.020851        0.388961       -0.054684
     C   11        0.388961        0.033576        0.239100
     C   11       -0.054684        0.239100       -0.054428

     Cl  12       -0.250645        0.168286       -0.319921
     Cl  12        0.168286       -0.164343        0.659029
     Cl  12       -0.319921        0.659029        0.414988

     H   13       -0.044066       -0.066697        0.038935
     H   13       -0.066697        0.193183        0.641744
     H   13        0.038935        0.641744       -0.149117

     C   14        0.140279       -0.038675       -0.122094
     C   14       -0.038675        0.320762       -0.454004
     C   14       -0.122094       -0.454004       -0.461041

     H   15        0.552428        0.085843        0.385273
     H   15        0.085843       -0.452459        0.370806
     H   15        0.385273        0.370806       -0.099969

     C   16       -0.489997        0.100605        0.010355
     C   16        0.100605        0.725319        0.029993
     C   16        0.010355        0.029993       -0.235322

     C   17        0.207530        0.018565        0.205577
     C   17        0.018565        0.339522       -0.059060
     C   17        0.205577       -0.059060       -0.547052

     Cl  18       -1.034886       -0.215515        0.498746
     Cl  18       -0.215515        0.719901        2.226050
     Cl  18        0.498746        2.226050        0.314985

     H   19        0.017493        0.006936        0.001716
     H   19        0.006936        0.451611       -0.636816
     H   19        0.001716       -0.636816       -0.469104

     C   20       -0.271533       -0.098853        0.217965
     C   20       -0.098853        0.196644        0.171481
     C   20        0.217965        0.171481        0.074889

     H   21        0.114199       -0.447585        0.186856
     H   21       -0.447585       -0.100041       -0.087608
     H   21        0.186856       -0.087608       -0.014158

     C   22        0.045511        0.384834       -0.229748
     C   22        0.384834        0.226855        0.344460
     C   22       -0.229748        0.344460       -0.272366

     C   23       -0.321769        0.082419       -0.378902
     C   23        0.082419        0.195660       -0.266646
     C   23       -0.378902       -0.266646        0.126109

     Cl  24        0.398233        2.765277       -0.496767
     Cl  24        2.765277       -0.323919       -1.377273
     Cl  24       -0.496767       -1.377273       -0.074315

     ----- total EFG (symmetrized) -----
     Cl   1        0.059148       -2.424926       -0.211904
     Cl   1       -2.424926       -0.565234        1.567115
     Cl   1       -0.211904        1.567115        0.506086

     C    2       -0.407718        0.021925       -0.331224
     C    2        0.021925        0.359266        0.333956
     C    2       -0.331224        0.333956        0.048452

     C    3        0.059844        0.017660       -0.083872
     C    3        0.017660       -0.321299       -0.026290
     C    3       -0.083872       -0.026290        0.261455

     H    4        0.050059        0.132654        0.261753
     H    4        0.132654       -0.027190        0.161855
     H    4        0.261753        0.161855       -0.022868

     C    5       -0.790666        0.332507       -0.171045
     C    5        0.332507        0.593678        0.511389
     C    5       -0.171045        0.511389        0.196987

     H    6       -0.102433        0.024578       -0.059910
     H    6        0.024578        0.182749        0.084758
     H    6       -0.059910        0.084758       -0.080316

     H    7       -0.282314        0.201868       -0.036716
     H    7        0.201868        0.005659       -0.348361
     H    7       -0.036716       -0.348361        0.276655

     C    8        0.077835       -0.254086       -0.308003
     C    8       -0.254086       -0.013083        0.336764
     C    8       -0.308003        0.336764       -0.064753

     H    9        0.504949        0.032113        0.539228
     H    9        0.032113       -0.334325       -0.446392
     H    9        0.539228       -0.446392       -0.170624

     C   10       -0.107186       -0.067006        0.074435
     C   10       -0.067006        0.012900       -0.028829
     C   10        0.074435       -0.028829        0.094285

     C   11        0.020851        0.388961       -0.054684
     C   11        0.388961        0.033576        0.239100
     C   11       -0.054684        0.239100       -0.054428

     Cl  12       -0.250645        0.168286       -0.319921
     Cl  12        0.168286       -0.164343        0.659029
     Cl  12       -0.319921        0.659029        0.414988

     H   13       -0.044066       -0.066697        0.038935
     H   13       -0.066697        0.193183        0.641744
     H   13        0.038935        0.641744       -0.149117

     C   14        0.140279       -0.038675       -0.122094
     C   14       -0.038675        0.320762       -0.454004
     C   14       -0.122094       -0.454004       -0.461041

     H   15        0.552428        0.085843        0.385273
     H   15        0.085843       -0.452459        0.370806
     H   15        0.385273        0.370806       -0.099969

     C   16       -0.489997        0.100605        0.010355
     C   16        0.100605        0.725319        0.029993
     C   16        0.010355        0.029993       -0.235322

     C   17        0.207530        0.018565        0.205577
     C   17        0.018565        0.339522       -0.059060
     C   17        0.205577       -0.059060       -0.547052

     Cl  18       -1.034886       -0.215515        0.498746
     Cl  18       -0.215515        0.719901        2.226050
     Cl  18        0.498746        2.226050        0.314985

     H   19        0.017493        0.006936        0.001716
     H   19        0.006936        0.451611       -0.636816
     H   19        0.001716       -0.636816       -0.469104

     C   20       -0.271533       -0.098853        0.217965
     C   20       -0.098853        0.196644        0.171481
     C   20        0.217965        0.171481        0.074889

     H   21        0.114199       -0.447585        0.186856
     H   21       -0.447585       -0.100041       -0.087608
     H   21        0.186856       -0.087608       -0.014158

     C   22        0.045511        0.384834       -0.229748
     C   22        0.384834        0.226855        0.344460
     C   22       -0.229748        0.344460       -0.272366

     C   23       -0.321769        0.082419       -0.378902
     C   23        0.082419        0.195660       -0.266646
     C   23       -0.378902       -0.266646        0.126109

     Cl  24        0.398233        2.765277       -0.496767
     Cl  24        2.765277       -0.323919       -1.377273
     Cl  24       -0.496767       -1.377273       -0.074315


     NQR/NMR SPECTROSCOPIC PARAMETERS:
     Cl   1    Vxx=    0.1739    axis=( -0.561117  0.098363 -0.821872)
     Cl   1    Vyy=    2.8538    axis=( -0.594517  0.642969  0.482846)
     Cl   1    Vzz=   -3.0277    axis=( -0.575932 -0.759550  0.302302)
     Cl   1  Q=        -8.1650 1e-30 m^2  Cq=        58.0841 MHz  eta= 0.88515

     C    2    Vxx=    0.0160    axis=(  0.521010  0.577845 -0.628207)
     C    2    Vyy=    0.6006    axis=(  0.174671 -0.792597 -0.584191)
     C    2    Vzz=   -0.6166    axis=( -0.835487  0.194640 -0.513884)
     C    2  Q=         1.0000 1e-30 m^2  Cq=        -1.4487 MHz  eta= 0.94819

     C    3    Vxx=    0.0297    axis=(  0.939319  0.021618  0.342362)
     C    3    Vyy=    0.2933    axis=( -0.340999 -0.049951  0.938735)
     C    3    Vzz=   -0.3230    axis=( -0.037395  0.998518  0.039549)
     C    3  Q=         1.0000 1e-30 m^2  Cq=        -0.7589 MHz  eta= 0.81622

     H    4    Vxx=   -0.1236    axis=(  0.491075 -0.863883  0.112030)
     H    4    Vyy=   -0.2587    axis=( -0.572705 -0.223265  0.788772)
     H    4    Vzz=    0.3823    axis=(  0.656395  0.451507  0.604390)
     H    4  Q=         1.0000 1e-30 m^2  Cq=         0.8983 MHz  eta= 0.35349

     C    5    Vxx=   -0.0187    axis=( -0.377472 -0.464187  0.801277)
     C    5    Vyy=   -0.9442    axis=( -0.919863  0.287580 -0.266739)
     C    5    Vzz=    0.9629    axis=( -0.106615 -0.837752 -0.535542)
     C    5  Q=         1.0000 1e-30 m^2  Cq=         2.2624 MHz  eta= 0.96118

     H    6    Vxx=   -0.0395    axis=( -0.714203 -0.179059  0.676648)
     H    6    Vyy=   -0.1683    axis=( -0.699579  0.213597 -0.681883)
     H    6    Vzz=    0.2078    axis=(  0.022433  0.960372  0.277818)
     H    6  Q=         1.0000 1e-30 m^2  Cq=         0.4883 MHz  eta= 0.61980

     H    7    Vxx=   -0.1222    axis=(  0.597917  0.575646  0.557788)
     H    7    Vyy=   -0.4189    axis=( -0.781484  0.573408  0.245940)
     H    7    Vzz=    0.5411    axis=( -0.178265 -0.582954  0.792708)
     H    7  Q=         1.0000 1e-30 m^2  Cq=         1.2714 MHz  eta= 0.54826

     C    8    Vxx=   -0.2117    axis=(  0.765793  0.603610  0.221847)
     C    8    Vyy=   -0.3886    axis=(  0.216326 -0.566657  0.795049)
     C    8    Vzz=    0.6002    axis=( -0.605610  0.560852  0.564519)
     C    8  Q=         1.0000 1e-30 m^2  Cq=         1.4103 MHz  eta= 0.29474

     H    9    Vxx=   -0.0147    axis=(  0.465907  0.734938 -0.492743)
     H    9    Vyy=   -0.8226    axis=( -0.298004  0.654675  0.694690)
     H    9    Vzz=    0.8373    axis=(  0.833141 -0.176822  0.524032)
     H    9  Q=         1.0000 1e-30 m^2  Cq=         1.9673 MHz  eta= 0.96493

     C   10    Vxx=    0.0118    axis=( -0.189456  0.860954  0.472085)
     C   10    Vyy=    0.1391    axis=(  0.361512 -0.385856  0.848778)
     C   10    Vzz=   -0.1509    axis=(  0.912916  0.331470 -0.238143)
     C   10  Q=         1.0000 1e-30 m^2  Cq=        -0.3546 MHz  eta= 0.84314

     C   11    Vxx=    0.0153    axis=( -0.523802  0.125913  0.842483)
     C   11    Vyy=    0.4544    axis=( -0.621967 -0.732318 -0.277250)
     C   11    Vzz=   -0.4698    axis=(  0.582056 -0.669221  0.461903)
     C   11  Q=         1.0000 1e-30 m^2  Cq=        -1.1037 MHz  eta= 0.93484

     Cl  12    Vxx=   -0.0872    axis=(  0.838271  0.523398 -0.152826)
     Cl  12    Vyy=   -0.7872    axis=( -0.519999  0.683085 -0.512831)
     Cl  12    Vzz=    0.8745    axis=( -0.164022  0.509361  0.844777)
     Cl  12  Q=        -8.1650 1e-30 m^2  Cq=       -16.7762 MHz  eta= 0.80046

     H   13    Vxx=   -0.0368    axis=(  0.992299 -0.039664  0.117345)
     H   13    Vyy=   -0.6506    axis=(  0.117211  0.607052 -0.785970)
     H   13    Vzz=    0.6874    axis=( -0.040060  0.793671  0.607026)
     H   13  Q=         1.0000 1e-30 m^2  Cq=         1.6151 MHz  eta= 0.89294

     C   14    Vxx=    0.1591    axis=(  0.987559 -0.101367 -0.120219)
     C   14    Vyy=    0.5296    axis=(  0.041838  0.906323 -0.420509)
     C   14    Vzz=   -0.6887    axis=(  0.151583  0.410247  0.899288)
     C   14  Q=         1.0000 1e-30 m^2  Cq=        -1.6182 MHz  eta= 0.53796

     H   15    Vxx=   -0.0757    axis=( -0.489342  0.552565  0.674698)
     H   15    Vyy=   -0.7031    axis=(  0.121093  0.809211 -0.574903)
     H   15    Vzz=    0.7788    axis=(  0.863644  0.199623  0.462892)
     H   15  Q=         1.0000 1e-30 m^2  Cq=         1.8298 MHz  eta= 0.80555

     C   16    Vxx=   -0.2361    axis=(  0.027260 -0.034020  0.999049)
     C   16    Vyy=   -0.4985    axis=(  0.996251 -0.081163 -0.029947)
     C   16    Vzz=    0.7346    axis=(  0.082105  0.996120  0.031680)
     C   16  Q=         1.0000 1e-30 m^2  Cq=         1.7259 MHz  eta= 0.35728

     C   17    Vxx=    0.2598    axis=( -0.967531  0.040470 -0.249490)
     C   17    Vyy=    0.3437    axis=(  0.055451  0.997037 -0.053308)
     C   17    Vzz=   -0.6035    axis=( -0.246593  0.065412  0.966909)
     C   17  Q=         1.0000 1e-30 m^2  Cq=        -1.4179 MHz  eta= 0.13911

     Cl  18    Vxx=   -0.7665    axis=(  0.879075 -0.352731  0.320636)
     Cl  18    Vyy=   -1.9946    axis=( -0.474325 -0.580448  0.661888)
     Cl  18    Vzz=    2.7611    axis=(  0.047355  0.733935  0.677567)
     Cl  18  Q=        -8.1650 1e-30 m^2  Cq=       -52.9699 MHz  eta= 0.44479

     H   19    Vxx=    0.0175    axis=(  0.999958 -0.003699  0.008369)
     H   19    Vyy=    0.7771    axis=(  0.007102  0.890452 -0.455022)
     H   19    Vzz=   -0.7946    axis=( -0.005769  0.455063  0.890441)
     H   19  Q=         1.0000 1e-30 m^2  Cq=        -1.8669 MHz  eta= 0.95600

     C   20    Vxx=    0.0992    axis=(  0.523021 -0.575635  0.628565)
     C   20    Vyy=    0.3223    axis=(  0.100605  0.774014  0.625125)
     C   20    Vzz=   -0.4215    axis=(  0.846361  0.263717 -0.462737)
     C   20  Q=         1.0000 1e-30 m^2  Cq=        -0.9904 MHz  eta= 0.52924

     H   21    Vxx=   -0.0818    axis=( -0.194933  0.303959  0.932529)
     H   21    Vyy=   -0.4586    axis=( -0.634787 -0.763885  0.116295)
     H   21    Vzz=    0.5404    axis=(  0.747694 -0.569287  0.341856)
     H   21  Q=         1.0000 1e-30 m^2  Cq=         1.2698 MHz  eta= 0.69737

     C   22    Vxx=    0.1098    axis=(  0.685964 -0.285130 -0.669443)
     C   22    Vyy=    0.5570    axis=( -0.532406 -0.823800 -0.194671)
     C   22    Vzz=   -0.6667    axis=( -0.495981  0.489953 -0.716903)
     C   22  Q=         1.0000 1e-30 m^2  Cq=        -1.5665 MHz  eta= 0.67074

     C   23    Vxx=   -0.0088    axis=(  0.380790 -0.786844 -0.485671)
     C   23    Vyy=   -0.5436    axis=(  0.850515  0.091968  0.517847)
     C   23    Vzz=    0.5524    axis=( -0.362799 -0.610261  0.704243)
     C   23  Q=         1.0000 1e-30 m^2  Cq=         1.2978 MHz  eta= 0.96810

     Cl  24    Vxx=   -0.3768    axis=(  0.444982  0.036031  0.894815)
     Cl  24    Vyy=   -2.9450    axis=( -0.591316  0.762224  0.263364)
     Cl  24    Vzz=    3.3218    axis=( -0.672560 -0.646310  0.360481)
     Cl  24  Q=        -8.1650 1e-30 m^2  Cq=       -63.7279 MHz  eta= 0.77313

     Initialization:
     gipaw_setup  :      9.11s CPU     10.78s WALL (       1 calls)

     Linear response

     Apply operators

     Induced current

     Other routines
     efg          :      9.12s CPU     11.42s WALL (       1 calls)

     General routines
     calbec       :      3.32s CPU      4.35s WALL (      16 calls)
     fft          :      1.58s CPU      2.36s WALL (      15 calls)
     ffts         :      0.04s CPU      0.05s WALL (       2 calls)
     fftw         :      3.04s CPU      3.78s WALL (     672 calls)
     davcio       :      0.01s CPU      0.32s WALL (      32 calls)

     Parallel routines
     fft_scatter  :      2.04s CPU      3.29s WALL (     689 calls)

     Plugins

     GIPAW        :     60.08s CPU     71.94s WALL (       1 calls)
