
     Program QE v.6.0 (svn rev. 13079) starts on 14Jan2017 at 15:32:52 

     This program is part of the open-source Quantum ESPRESSO suite
     for quantum simulation of materials; please cite
         "P. Giannozzi et al., J. Phys.:Condens. Matter 21 395502 (2009);
          URL http://www.quantum-espresso.org", 
     in publications or presentations arising from this work. More details at
     http://www.quantum-espresso.org/quote

     Parallel version (MPI), running on     8 processors
     R & G space division:  proc/nbgrp/npool/nimage =       8

     ***** This is GIPAW svn revision unknown      *****

     Parallelizing q-star over 1 images

     Reading data from directory:
     /users/majewski/paradichlorobenzene/pbe/9_constraint/scratch/pbe.ecut100.np8.dt60.pcl2phi-129368.save
     Message from routine read_xml_file:
     file /users/majewski/paradichlorobenzene/pbe/9_constraint/scratch/pbe.ecut100.np8.dt60.pcl2phi-129368.save not guaranteed to be safe for post-processing

   Info: using nr1, nr2, nr3 values from input

   Info: using nr1, nr2, nr3 values from input

     IMPORTANT: XC functional enforced from input :
     Exchange-correlation      =  SLA  PW   PBX  PBC ( 1  4  3  4 0 0)
     Any further DFT definition will be discarded
     Please, verify this is what you really want

               file C.pbe-n-kjpaw_psl.1.0.0.UPF: wavefunction(s)  2S 2P renormalized
               file Cl.pbe-n-kjpaw_psl.1.0.0.UPF: wavefunction(s)  3S 3P renormalized
               file H.pbe-kjpaw_psl.1.0.0.UPF: wavefunction(s)  1S renormalized

     Parallelization info
     --------------------
     sticks:   dense  smooth     PW     G-vecs:    dense   smooth      PW
     Min        3057    1223    332               144436    36536    5170
     Max        3059    1225    333               144437    36537    5171
     Sum       24467    9791   2657              1155489   292295   41363


     Subspace diagonalization in iterative solution of the eigenvalue problem:
     a serial algorithm will be used

     GIPAW projectors -----------------------------------------------
     atom=  C    l=0  rc=    1.2000  rs=    0.8000
     atom=  C    l=0  rc=    1.2000  rs=    0.8000
     atom=  C    l=1  rc=    1.4000  rs=    0.9333
     atom=  C    l=1  rc=    1.4000  rs=    0.9333
     projs nearly linearly dependent: l=1  n1,n2= 1, 2  s=  0.99951561

     atom=  Cl   l=0  rc=    1.6000  rs=    1.0667
     atom=  Cl   l=0  rc=    1.6000  rs=    1.0667
     atom=  Cl   l=1  rc=    1.6000  rs=    1.0667
     atom=  Cl   l=1  rc=    1.6000  rs=    1.0667
     atom=  Cl   l=2  rc=    1.6000  rs=    1.0667
     atom=  Cl   l=2  rc=    1.6000  rs=    1.0667
     projs nearly linearly dependent: l=2  n1,n2= 1, 2  s=  0.99993509

     atom=  H    l=0  rc=    1.0000  rs=    0.6667
     atom=  H    l=0  rc=    1.0000  rs=    0.6667
     projs nearly linearly dependent: l=0  n1,n2= 1, 2  s=  0.99968852
     -----------------------------------------------------------------

     GIPAW integrals: -------------------------------------------
     Atom  i/j   nmr_para   nmr_dia   epr_rmc  epr_para   epr_dia
       C   1 1   0.83E+03  0.17E-01  0.93E+01  0.24E+08  0.24E+03
       C   2 1   0.86E+03 -0.61E-01  0.94E+01  0.25E+08  0.25E+03
       C   2 2   0.90E+03 -0.15E+00  0.97E+01  0.26E+08  0.26E+03
       C   3 3   0.33E+01  0.34E+00  0.18E+01  0.55E+03  0.21E+02
       C   4 3   0.35E+01  0.37E+00  0.20E+01  0.59E+03  0.22E+02
       C   4 4   0.38E+01  0.39E+00  0.22E+01  0.63E+03  0.24E+02
       Cl  1 1   0.14E+04 -0.47E+00  0.84E+01  0.32E+09  0.42E+03
       Cl  2 1   0.21E+04 -0.37E+00  0.12E+02  0.49E+09  0.65E+03
       Cl  2 2   0.33E+04 -0.16E+00  0.21E+02  0.76E+09  0.10E+04
       Cl  3 3   0.21E+02  0.79E-01  0.89E+01  0.23E+05  0.13E+03
       Cl  4 3   0.24E+02  0.67E-01  0.99E+01  0.27E+05  0.15E+03
       Cl  4 4   0.28E+02  0.44E-01  0.11E+02  0.32E+05  0.18E+03
       Cl  5 5   0.77E+00  0.19E+00  0.18E+01  0.12E+03  0.22E+02
       Cl  6 5   0.80E+00  0.19E+00  0.19E+01  0.12E+03  0.23E+02
       Cl  6 6   0.83E+00  0.20E+00  0.19E+01  0.12E+03  0.23E+02
       H   1 1   0.39E+02  0.19E+00  0.29E+00  0.78E+05  0.13E+02
       H   2 1   0.41E+02  0.21E+00  0.32E+00  0.82E+05  0.14E+02
       H   2 2   0.43E+02  0.22E+00  0.36E+00  0.86E+05  0.15E+02
     ------------------------------------------------------------

     alpha_pv=     33.5314 eV

     Number of occupied bands for each k-point:
     k-point:     1    nbnd_occ=  42
     k-point:     2    nbnd_occ=  42
     k-point:     3    nbnd_occ=  42
     k-point:     4    nbnd_occ=  42
     k-point:     5    nbnd_occ=  42
     k-point:     6    nbnd_occ=  42
     k-point:     7    nbnd_occ=  42
     k-point:     8    nbnd_occ=  42
     k-point:     9    nbnd_occ=  42
     k-point:    10    nbnd_occ=  42
     k-point:    11    nbnd_occ=  42
     k-point:    12    nbnd_occ=  42
     k-point:    13    nbnd_occ=  42
     k-point:    14    nbnd_occ=  42
     k-point:    15    nbnd_occ=  42
     k-point:    16    nbnd_occ=  42


     q-space interpolation up to   110.00 Rydberg

     GIPAW job: efg                                                                             


     ELECTRIC FIELD GRADIENTS TENSORS IN Hartree/bohrradius^2:

     ----- bare term -----
     Cl   1       -0.014306        0.067803       -0.035508
     Cl   1        0.067803       -0.017079       -0.013369
     Cl   1       -0.035508       -0.013369        0.031385

     C    2       -0.135923        0.033978       -0.475501
     C    2        0.033978       -0.117668       -0.507074
     C    2       -0.475501       -0.507074        0.253591

     C    3       -0.209628        0.297132       -0.284312
     C    3        0.297132       -0.195344       -0.550329
     C    3       -0.284312       -0.550329        0.404973

     H    4       -0.103635       -0.158125       -0.461031
     H    4       -0.158125        0.441510       -0.163726
     H    4       -0.461031       -0.163726       -0.337875

     C    5       -0.279257        0.307908       -0.250873
     C    5        0.307908       -0.172177       -0.412094
     C    5       -0.250873       -0.412094        0.451433

     H    6        0.300063       -0.216063       -0.094991
     H    6       -0.216063       -0.491366       -0.467896
     H    6       -0.094991       -0.467896        0.191303

     H    7        0.486407        0.042098        0.187012
     H    7        0.042098        0.049621        0.212766
     H    7        0.187012        0.212766       -0.536028

     C    8       -0.518519       -0.350951       -0.414443
     C    8       -0.350951        0.216257        0.379161
     C    8       -0.414443        0.379161        0.302262

     H    9        0.012998        0.124268       -0.410652
     H    9        0.124268        0.413859       -0.099182
     H    9       -0.410652       -0.099182       -0.426857

     C   10       -0.088351       -0.302003       -0.219422
     C   10       -0.302003       -0.136996        0.649309
     C   10       -0.219422        0.649309        0.225348

     C   11       -0.260218       -0.097904       -0.412859
     C   11       -0.097904       -0.020934        0.441138
     C   11       -0.412859        0.441138        0.281151

     Cl  12       -0.022821       -0.004053        0.010988
     Cl  12       -0.004053        0.054036       -0.072085
     Cl  12        0.010988       -0.072085       -0.031215

     H   13        0.146291       -0.382677        0.049534
     H   13       -0.382677       -0.483217       -0.275272
     H   13        0.049534       -0.275272        0.336926

     C   14       -0.362436        0.302316       -0.371474
     C   14        0.302316       -0.128924       -0.388126
     C   14       -0.371474       -0.388126        0.491360

     H   15       -0.420910       -0.335899       -0.431792
     H   15       -0.335899        0.219798       -0.205263
     H   15       -0.431792       -0.205263        0.201111

     C   16       -0.122392        0.126860       -0.309551
     C   16        0.126860       -0.220359       -0.547542
     C   16       -0.309551       -0.547542        0.342751

     C   17       -0.245189        0.168341       -0.403073
     C   17        0.168341       -0.116826       -0.517845
     C   17       -0.403073       -0.517845        0.362015

     Cl  18       -0.080175        0.068634       -0.091573
     Cl  18        0.068634       -0.037504       -0.085427
     Cl  18       -0.091573       -0.085427        0.117678

     H   19        0.426516        0.014887        0.252316
     H   19        0.014887        0.091418        0.326121
     H   19        0.252316        0.326121       -0.517934

     C   20       -0.278007       -0.183082       -0.369692
     C   20       -0.183082       -0.201877        0.417364
     C   20       -0.369692        0.417364        0.479884

     H   21        0.073255        0.112766       -0.342153
     H   21        0.112766        0.500647        0.043085
     H   21       -0.342153        0.043085       -0.573902

     C   22       -0.258470       -0.297952       -0.302850
     C   22       -0.297952       -0.187665        0.503260
     C   22       -0.302850        0.503260        0.446136

     C   23       -0.105375       -0.023347       -0.325073
     C   23       -0.023347       -0.115614        0.591559
     C   23       -0.325073        0.591559        0.220988

     Cl  24       -0.033510        0.000065       -0.060684
     Cl  24        0.000065        0.035611        0.087323
     Cl  24       -0.060684        0.087323       -0.002102

     ----- ionic term -----
     Cl   1        0.146408       -0.212883        0.000883
     Cl   1       -0.212883        0.001556        0.006923
     Cl   1        0.000883        0.006923       -0.147964

     C    2        0.239088       -0.148009        0.283966
     C    2       -0.148009        0.067124        0.423781
     C    2        0.283966        0.423781       -0.306212

     C    3        0.041892       -0.237269        0.245390
     C    3       -0.237269        0.218864        0.385852
     C    3        0.245390        0.385852       -0.260755

     H    4        0.478367        0.336536        0.717227
     H    4        0.336536       -0.395057        0.297174
     H    4        0.717227        0.297174       -0.083310

     C    5        0.151265       -0.239639        0.320423
     C    5       -0.239639        0.149194        0.229480
     C    5        0.320423        0.229480       -0.300458

     H    6       -0.524742        0.132188        0.093485
     H    6        0.132188        0.730697        0.639826
     H    6        0.093485        0.639826       -0.205955

     H    7       -0.533619        0.000220        0.022719
     H    7        0.000220        0.285321       -0.805800
     H    7        0.022719       -0.805800        0.248299

     C    8        0.244569        0.217320        0.310017
     C    8        0.217320       -0.103174       -0.327763
     C    8        0.310017       -0.327763       -0.141395

     H    9        0.366607       -0.261212        0.771711
     H    9       -0.261212       -0.462417       -0.291956
     H    9        0.771711       -0.291956        0.095810

     C   10        0.061775        0.241038        0.202501
     C   10        0.241038        0.091101       -0.457307
     C   10        0.202501       -0.457307       -0.152876

     C   11        0.088526        0.216476        0.300137
     C   11        0.216476        0.032172       -0.465286
     C   11        0.300137       -0.465286       -0.120698

     Cl  12        0.121689        0.214019        0.004762
     Cl  12        0.214019        0.008881       -0.006553
     Cl  12        0.004762       -0.006553       -0.130570

     H   13       -0.453738        0.253937        0.128006
     H   13        0.253937        0.688373        0.627950
     H   13        0.128006        0.627950       -0.234635

     C   14        0.291451       -0.093016        0.345452
     C   14       -0.093016        0.080607        0.265715
     C   14        0.345452        0.265715       -0.372058

     H   15        0.519975        0.421535        0.646919
     H   15        0.421535       -0.302529        0.298591
     H   15        0.646919        0.298591       -0.217446

     C   16        0.079910       -0.145749        0.243692
     C   16       -0.145749        0.309460        0.337717
     C   16        0.243692        0.337717       -0.389370

     C   17        0.095139       -0.193067        0.342813
     C   17       -0.193067        0.235476        0.289748
     C   17        0.342813        0.289748       -0.330615

     Cl  18        0.110406       -0.206535        0.053227
     Cl  18       -0.206535        0.044898       -0.030335
     Cl  18        0.053227       -0.030335       -0.155304

     H   19       -0.523968        0.055532       -0.032884
     H   19        0.055532        0.301389       -0.799014
     H   19       -0.032884       -0.799014        0.222579

     C   20        0.190689        0.240831        0.295425
     C   20        0.240831       -0.072618       -0.320036
     C   20        0.295425       -0.320036       -0.118071

     H   21        0.327426       -0.229391        0.817953
     H   21       -0.229391       -0.493735       -0.282056
     H   21        0.817953       -0.282056        0.166309

     C   22        0.025385        0.268421        0.207944
     C   22        0.268421        0.052852       -0.452059
     C   22        0.207944       -0.452059       -0.078237

     C   23        0.087210        0.204453        0.324400
     C   23        0.204453       -0.002227       -0.437754
     C   23        0.324400       -0.437754       -0.084983

     Cl  24        0.082932        0.192494        0.024576
     Cl  24        0.192494        0.040183        0.012640
     Cl  24        0.024576        0.012640       -0.123115

     ----- GIPAW term -----
     Cl   1        1.463329       -1.997207       -0.276563
     Cl   1       -1.997207        0.019246       -0.103022
     Cl   1       -0.276563       -0.103022       -1.482574

     C    2        0.072842       -0.089358       -0.129359
     C    2       -0.089358       -0.018810       -0.107444
     C    2       -0.129359       -0.107444       -0.054032

     C    3       -0.109233        0.065202       -0.109693
     C    3        0.065202       -0.026930       -0.180017
     C    3       -0.109693       -0.180017        0.136163

     H    4       -0.000000        0.000000        0.000000
     H    4        0.000000        0.000000        0.000000
     H    4        0.000000        0.000000        0.000000

     C    5       -0.013237        0.063864       -0.012774
     C    5        0.063864       -0.068408       -0.082956
     C    5       -0.012774       -0.082956        0.081646

     H    6       -0.000000        0.000000        0.000000
     H    6        0.000000        0.000000        0.000000
     H    6        0.000000        0.000000        0.000000

     H    7       -0.000000        0.000000        0.000000
     H    7        0.000000        0.000000        0.000000
     H    7        0.000000        0.000000        0.000000

     C    8       -0.116554       -0.148497       -0.123430
     C    8       -0.148497        0.102361        0.169651
     C    8       -0.123430        0.169651        0.014193

     H    9       -0.000000        0.000000        0.000000
     H    9        0.000000        0.000000        0.000000
     H    9        0.000000        0.000000        0.000000

     C   10       -0.098469       -0.091804       -0.072331
     C   10       -0.091804        0.106740        0.211322
     C   10       -0.072331        0.211322       -0.008271

     C   11        0.027690        0.087800       -0.077019
     C   11        0.087800        0.040484        0.065182
     C   11       -0.077019        0.065182       -0.068175

     Cl  12        1.100585        2.049266        0.071601
     Cl  12        2.049266        0.572809       -0.573346
     Cl  12        0.071601       -0.573346       -1.673394

     H   13       -0.000000        0.000000        0.000000
     H   13        0.000000        0.000000        0.000000
     H   13        0.000000        0.000000        0.000000

     C   14       -0.048121        0.083190       -0.115574
     C   14        0.083190       -0.063562       -0.119910
     C   14       -0.115574       -0.119910        0.111684

     H   15       -0.000000        0.000000        0.000000
     H   15        0.000000        0.000000        0.000000
     H   15        0.000000        0.000000        0.000000

     C   16       -0.017642       -0.034909       -0.081500
     C   16       -0.034909       -0.015356       -0.089129
     C   16       -0.081500       -0.089129        0.032998

     C   17       -0.036031       -0.055322       -0.101863
     C   17       -0.055322        0.011672       -0.180918
     C   17       -0.101863       -0.180918        0.024360

     Cl  18       -0.333681       -0.900663       -1.170410
     Cl  18       -0.900663       -0.330011       -1.967064
     Cl  18       -1.170410       -1.967064        0.663693

     H   19       -0.000000        0.000000        0.000000
     H   19        0.000000        0.000000        0.000000
     H   19        0.000000        0.000000        0.000000

     C   20       -0.065882       -0.026013       -0.132412
     C   20       -0.026013       -0.143470        0.097138
     C   20       -0.132412        0.097138        0.209352

     H   21       -0.000000        0.000000        0.000000
     H   21        0.000000        0.000000        0.000000
     H   21        0.000000        0.000000        0.000000

     C   22       -0.129872       -0.058564       -0.120233
     C   22       -0.058564       -0.052239        0.166858
     C   22       -0.120233        0.166858        0.182111

     C   23        0.046299        0.110479       -0.062989
     C   23        0.110479        0.036614        0.110401
     C   23       -0.062989        0.110401       -0.082912

     Cl  24        1.008970        2.100406       -0.410660
     Cl  24        2.100406        0.453405        0.763206
     Cl  24       -0.410660        0.763206       -1.462375

     ----- total EFG -----
     Cl   1        1.595431       -2.142287       -0.311188
     Cl   1       -2.142287        0.003723       -0.109467
     Cl   1       -0.311188       -0.109467       -1.599153

     C    2        0.176007       -0.203389       -0.320894
     C    2       -0.203389       -0.069354       -0.190738
     C    2       -0.320894       -0.190738       -0.106653

     C    3       -0.276969        0.125065       -0.148614
     C    3        0.125065       -0.003411       -0.344493
     C    3       -0.148614       -0.344493        0.280380

     H    4        0.374732        0.178411        0.256196
     H    4        0.178411        0.046453        0.133448
     H    4        0.256196        0.133448       -0.421185

     C    5       -0.141229        0.132133        0.056776
     C    5        0.132133       -0.091392       -0.265570
     C    5        0.056776       -0.265570        0.232621

     H    6       -0.224679       -0.083874       -0.001506
     H    6       -0.083874        0.239331        0.171929
     H    6       -0.001506        0.171929       -0.014652

     H    7       -0.047212        0.042318        0.209731
     H    7        0.042318        0.334942       -0.593034
     H    7        0.209731       -0.593034       -0.287729

     C    8       -0.390504       -0.282128       -0.227856
     C    8       -0.282128        0.215444        0.221050
     C    8       -0.227856        0.221050        0.175060

     H    9        0.379605       -0.136944        0.361059
     H    9       -0.136944       -0.048558       -0.391137
     H    9        0.361059       -0.391137       -0.331047

     C   10       -0.125045       -0.152769       -0.089252
     C   10       -0.152769        0.060844        0.403324
     C   10       -0.089252        0.403324        0.064201

     C   11       -0.144001        0.206372       -0.189741
     C   11        0.206372        0.051722        0.041034
     C   11       -0.189741        0.041034        0.092279

     Cl  12        1.199453        2.259231        0.087350
     Cl  12        2.259231        0.635726       -0.651984
     Cl  12        0.087350       -0.651984       -1.835179

     H   13       -0.307447       -0.128740        0.177540
     H   13       -0.128740        0.205156        0.352678
     H   13        0.177540        0.352678        0.102291

     C   14       -0.119106        0.292490       -0.141596
     C   14        0.292490       -0.111879       -0.242320
     C   14       -0.141596       -0.242320        0.230986

     H   15        0.099065        0.085636        0.215127
     H   15        0.085636       -0.082731        0.093328
     H   15        0.215127        0.093328       -0.016335

     C   16       -0.060124       -0.053799       -0.147359
     C   16       -0.053799        0.073745       -0.298954
     C   16       -0.147359       -0.298954       -0.013621

     C   17       -0.186081       -0.080047       -0.162123
     C   17       -0.080047        0.130321       -0.409015
     C   17       -0.162123       -0.409015        0.055759

     Cl  18       -0.303450       -1.038563       -1.208756
     Cl  18       -1.038563       -0.322617       -2.082826
     Cl  18       -1.208756       -2.082826        0.626067

     H   19       -0.097452        0.070419        0.219433
     H   19        0.070419        0.392807       -0.472893
     H   19        0.219433       -0.472893       -0.295355

     C   20       -0.153200        0.031737       -0.206679
     C   20        0.031737       -0.417964        0.194466
     C   20       -0.206679        0.194466        0.571164

     H   21        0.400681       -0.116625        0.475801
     H   21       -0.116625        0.006912       -0.238971
     H   21        0.475801       -0.238971       -0.407593

     C   22       -0.362957       -0.088095       -0.215139
     C   22       -0.088095       -0.187052        0.218059
     C   22       -0.215139        0.218059        0.550010

     C   23        0.028133        0.291585       -0.063661
     C   23        0.291585       -0.081226        0.264206
     C   23       -0.063661        0.264206        0.053093

     Cl  24        1.058393        2.292965       -0.446768
     Cl  24        2.292965        0.529199        0.863169
     Cl  24       -0.446768        0.863169       -1.587592

     ----- total EFG (symmetrized) -----
     Cl   1        1.595431       -2.142287       -0.311188
     Cl   1       -2.142287        0.003723       -0.109467
     Cl   1       -0.311188       -0.109467       -1.599153

     C    2        0.176007       -0.203389       -0.320894
     C    2       -0.203389       -0.069354       -0.190738
     C    2       -0.320894       -0.190738       -0.106653

     C    3       -0.276969        0.125065       -0.148614
     C    3        0.125065       -0.003411       -0.344493
     C    3       -0.148614       -0.344493        0.280380

     H    4        0.374732        0.178411        0.256196
     H    4        0.178411        0.046453        0.133448
     H    4        0.256196        0.133448       -0.421185

     C    5       -0.141229        0.132133        0.056776
     C    5        0.132133       -0.091392       -0.265570
     C    5        0.056776       -0.265570        0.232621

     H    6       -0.224679       -0.083874       -0.001506
     H    6       -0.083874        0.239331        0.171929
     H    6       -0.001506        0.171929       -0.014652

     H    7       -0.047212        0.042318        0.209731
     H    7        0.042318        0.334942       -0.593034
     H    7        0.209731       -0.593034       -0.287729

     C    8       -0.390504       -0.282128       -0.227856
     C    8       -0.282128        0.215444        0.221050
     C    8       -0.227856        0.221050        0.175060

     H    9        0.379605       -0.136944        0.361059
     H    9       -0.136944       -0.048558       -0.391137
     H    9        0.361059       -0.391137       -0.331047

     C   10       -0.125045       -0.152769       -0.089252
     C   10       -0.152769        0.060844        0.403324
     C   10       -0.089252        0.403324        0.064201

     C   11       -0.144001        0.206372       -0.189741
     C   11        0.206372        0.051722        0.041034
     C   11       -0.189741        0.041034        0.092279

     Cl  12        1.199453        2.259231        0.087350
     Cl  12        2.259231        0.635726       -0.651984
     Cl  12        0.087350       -0.651984       -1.835179

     H   13       -0.307447       -0.128740        0.177540
     H   13       -0.128740        0.205156        0.352678
     H   13        0.177540        0.352678        0.102291

     C   14       -0.119106        0.292490       -0.141596
     C   14        0.292490       -0.111879       -0.242320
     C   14       -0.141596       -0.242320        0.230986

     H   15        0.099065        0.085636        0.215127
     H   15        0.085636       -0.082731        0.093328
     H   15        0.215127        0.093328       -0.016335

     C   16       -0.060124       -0.053799       -0.147359
     C   16       -0.053799        0.073745       -0.298954
     C   16       -0.147359       -0.298954       -0.013621

     C   17       -0.186081       -0.080047       -0.162123
     C   17       -0.080047        0.130321       -0.409015
     C   17       -0.162123       -0.409015        0.055759

     Cl  18       -0.303450       -1.038563       -1.208756
     Cl  18       -1.038563       -0.322617       -2.082826
     Cl  18       -1.208756       -2.082826        0.626067

     H   19       -0.097452        0.070419        0.219433
     H   19        0.070419        0.392807       -0.472893
     H   19        0.219433       -0.472893       -0.295355

     C   20       -0.153200        0.031737       -0.206679
     C   20        0.031737       -0.417964        0.194466
     C   20       -0.206679        0.194466        0.571164

     H   21        0.400681       -0.116625        0.475801
     H   21       -0.116625        0.006912       -0.238971
     H   21        0.475801       -0.238971       -0.407593

     C   22       -0.362957       -0.088095       -0.215139
     C   22       -0.088095       -0.187052        0.218059
     C   22       -0.215139        0.218059        0.550010

     C   23        0.028133        0.291585       -0.063661
     C   23        0.291585       -0.081226        0.264206
     C   23       -0.063661        0.264206        0.053093

     Cl  24        1.058393        2.292965       -0.446768
     Cl  24        2.292965        0.529199        0.863169
     Cl  24       -0.446768        0.863169       -1.587592


     NQR/NMR SPECTROSCOPIC PARAMETERS:
     Cl   1    Vxx=   -1.2724    axis=(  0.423415  0.657358 -0.623377)
     Cl   1    Vyy=   -1.8205    axis=(  0.381431  0.494783  0.780833)
     Cl   1    Vzz=    3.0929    axis=(  0.821724 -0.568392 -0.041238)
     Cl   1  Q=        -8.1650 1e-30 m^2  Cq=       -59.3354 MHz  eta= 0.17724

     C    2    Vxx=    0.0944    axis=(  0.139524 -0.819945  0.555179)
     C    2    Vyy=    0.3973    axis=( -0.859197  0.178470  0.479510)
     C    2    Vzz=   -0.4917    axis=( -0.492254 -0.543911 -0.679593)
     C    2  Q=         1.0000 1e-30 m^2  Cq=        -1.1554 MHz  eta= 0.61605

     C    3    Vxx=   -0.2295    axis=(  0.211766  0.780058  0.588782)
     C    3    Vyy=   -0.3264    axis=( -0.950835  0.303744 -0.060436)
     C    3    Vzz=    0.5558    axis=( -0.225983 -0.547036  0.806029)
     C    3  Q=         1.0000 1e-30 m^2  Cq=         1.3060 MHz  eta= 0.17431

     H    4    Vxx=   -0.0312    axis=(  0.420186 -0.906791 -0.034254)
     H    4    Vyy=   -0.5084    axis=( -0.247232 -0.150719  0.957163)
     H    4    Vzz=    0.5396    axis=( -0.873110 -0.393717 -0.287518)
     H    4  Q=         1.0000 1e-30 m^2  Cq=         1.2677 MHz  eta= 0.88443

     C    5    Vxx=   -0.0398    axis=(  0.813955  0.491587  0.309546)
     C    5    Vyy=   -0.3423    axis=( -0.580105  0.716154  0.388075)
     C    5    Vzz=    0.3822    axis=( -0.030910 -0.495445  0.868089)
     C    5  Q=         1.0000 1e-30 m^2  Cq=         0.8979 MHz  eta= 0.79153

     H    6    Vxx=   -0.0923    axis=(  0.241902 -0.397659  0.885071)
     H    6    Vyy=   -0.2440    axis=( -0.960977 -0.224334  0.161856)
     H    6    Vzz=    0.3363    axis=(  0.134188 -0.889686 -0.436408)
     H    6  Q=         1.0000 1e-30 m^2  Cq=         0.7902 MHz  eta= 0.45105

     H    7    Vxx=    0.0072    axis=(  0.950839  0.237301  0.198980)
     H    7    Vyy=    0.7007    axis=( -0.100175  0.843662 -0.527446)
     H    7    Vzz=   -0.7079    axis=( -0.293035  0.481584  0.825958)
     H    7  Q=         1.0000 1e-30 m^2  Cq=        -1.6633 MHz  eta= 0.97955

     C    8    Vxx=   -0.0260    axis=(  0.033169 -0.653552  0.756155)
     C    8    Vyy=   -0.5298    axis=( -0.933318 -0.290889 -0.210478)
     C    8    Vzz=    0.5558    axis=(  0.357515 -0.698752 -0.619620)
     C    8  Q=         1.0000 1e-30 m^2  Cq=         1.3059 MHz  eta= 0.90648

     H    9    Vxx=    0.0018    axis=(  0.562812  0.771650 -0.296310)
     H    9    Vyy=    0.6550    axis=( -0.794391  0.405873 -0.451896)
     H    9    Vzz=   -0.6567    axis=( -0.228441  0.489719  0.841422)
     H    9  Q=         1.0000 1e-30 m^2  Cq=        -1.5430 MHz  eta= 0.99465

     C   10    Vxx=   -0.1604    axis=(  0.937589  0.013986  0.347463)
     C   10    Vyy=   -0.3516    axis=( -0.230680 -0.722678  0.651555)
     C   10    Vzz=    0.5120    axis=( -0.260217  0.691044  0.674349)
     C   10  Q=         1.0000 1e-30 m^2  Cq=         1.2029 MHz  eta= 0.37338

     C   11    Vxx=    0.1133    axis=(  0.081955  0.727999  0.680662)
     C   11    Vyy=    0.2376    axis=( -0.588481 -0.515842  0.622573)
     C   11    Vzz=   -0.3510    axis=( -0.804347  0.451579 -0.386138)
     C   11  Q=         1.0000 1e-30 m^2  Cq=        -0.8246 MHz  eta= 0.35421

     Cl  12    Vxx=   -1.0104    axis=( -0.592442  0.600278 -0.537289)
     Cl  12    Vyy=   -2.2107    axis=( -0.314269  0.441887  0.840221)
     Cl  12    Vzz=    3.2212    axis=(  0.741787  0.666635 -0.073144)
     Cl  12  Q=        -8.1650 1e-30 m^2  Cq=       -61.7968 MHz  eta= 0.37263

     H   13    Vxx=   -0.0306    axis=(  0.618530 -0.529996  0.580108)
     H   13    Vyy=   -0.4800    axis=( -0.785365 -0.393543  0.477834)
     H   13    Vzz=    0.5106    axis=(  0.024952  0.751152  0.659658)
     H   13  Q=         1.0000 1e-30 m^2  Cq=         1.1997 MHz  eta= 0.88005

     C   14    Vxx=   -0.0630    axis=(  0.616275  0.435762  0.655985)
     C   14    Vyy=   -0.4172    axis=( -0.661756  0.738119  0.131373)
     C   14    Vzz=    0.4802    axis=( -0.426948 -0.515064  0.743252)
     C   14  Q=         1.0000 1e-30 m^2  Cq=         1.1284 MHz  eta= 0.73760

     H   15    Vxx=   -0.1163    axis=( -0.421015  0.904989  0.061158)
     H   15    Vyy=   -0.1881    axis=( -0.515271 -0.294112  0.804981)
     H   15    Vzz=    0.3044    axis=( -0.746486 -0.307396 -0.590140)
     H   15  Q=         1.0000 1e-30 m^2  Cq=         0.7152 MHz  eta= 0.23612

     C   16    Vxx=    0.0073    axis=(  0.875402 -0.414018 -0.249522)
     C   16    Vyy=    0.3407    axis=(  0.150411  0.723853 -0.673360)
     C   16    Vzz=   -0.3480    axis=(  0.459400  0.551930  0.695934)
     C   16  Q=         1.0000 1e-30 m^2  Cq=        -0.8176 MHz  eta= 0.95792

     C   17    Vxx=   -0.0691    axis=( -0.817590  0.438124  0.373621)
     C   17    Vyy=   -0.4385    axis=( -0.570741 -0.530813 -0.626491)
     C   17    Vzz=    0.5076    axis=( -0.076158 -0.725455  0.684044)
     C   17  Q=         1.0000 1e-30 m^2  Cq=         1.1926 MHz  eta= 0.72774

     Cl  18    Vxx=    0.5948    axis=(  0.845368 -0.493665 -0.204077)
     Cl  18    Vyy=    2.3306    axis=(  0.142170  0.576179 -0.804863)
     Cl  18    Vzz=   -2.9255    axis=(  0.514917  0.651393  0.557268)
     Cl  18  Q=        -8.1650 1e-30 m^2  Cq=        56.1233 MHz  eta= 0.59334

     H   19    Vxx=   -0.0026    axis=(  0.918565  0.225051  0.324947)
     H   19    Vyy=   -0.6329    axis=(  0.391654 -0.407264 -0.825072)
     H   19    Vzz=    0.6355    axis=( -0.053344  0.885149 -0.462240)
     H   19  Q=         1.0000 1e-30 m^2  Cq=         1.4932 MHz  eta= 0.99190

     C   20    Vxx=   -0.1843    axis=(  0.941451  0.281856  0.185004)
     C   20    Vyy=   -0.4720    axis=( -0.238982  0.944951 -0.223508)
     C   20    Vzz=    0.6563    axis=( -0.237817  0.166209  0.956984)
     C   20  Q=         1.0000 1e-30 m^2  Cq=         1.5420 MHz  eta= 0.43833

     H   21    Vxx=   -0.0141    axis=(  0.377046  0.920441 -0.103078)
     H   21    Vyy=   -0.6714    axis=( -0.369609  0.251576  0.894482)
     H   21    Vzz=    0.6855    axis=(  0.849250 -0.299162  0.435059)
     H   21  Q=         1.0000 1e-30 m^2  Cq=         1.6107 MHz  eta= 0.95886

     C   22    Vxx=   -0.2424    axis=( -0.152009  0.941625 -0.300393)
     C   22    Vyy=   -0.4193    axis=(  0.963611  0.208802  0.166900)
     C   22    Vzz=    0.6617    axis=( -0.219880  0.264092  0.939100)
     C   22  Q=         1.0000 1e-30 m^2  Cq=         1.5547 MHz  eta= 0.26736

     C   23    Vxx=    0.1051    axis=(  0.677825  0.018539 -0.734989)
     C   23    Vyy=    0.3420    axis=( -0.529834 -0.680769 -0.505797)
     C   23    Vzz=   -0.4471    axis=(  0.509735 -0.732264  0.451620)
     C   23  Q=         1.0000 1e-30 m^2  Cq=        -1.0506 MHz  eta= 0.52974

     Cl  24    Vxx=   -0.6161    axis=(  0.514277 -0.509920 -0.689565)
     Cl  24    Vyy=   -2.4987    axis=( -0.436523  0.536460 -0.722260)
     Cl  24    Vzz=    3.1148    axis=( -0.738219 -0.672453 -0.053298)
     Cl  24  Q=        -8.1650 1e-30 m^2  Cq=       -59.7564 MHz  eta= 0.60441

     Initialization:
     gipaw_setup  :      9.28s CPU     11.16s WALL (       1 calls)

     Linear response

     Apply operators

     Induced current

     Other routines
     efg          :      9.29s CPU     11.62s WALL (       1 calls)

     General routines
     calbec       :      3.15s CPU      4.16s WALL (      16 calls)
     fft          :      1.42s CPU      1.67s WALL (      15 calls)
     ffts         :      0.05s CPU      0.06s WALL (       2 calls)
     fftw         :      3.30s CPU      3.90s WALL (     672 calls)
     davcio       :      0.02s CPU      0.33s WALL (      32 calls)

     Parallel routines
     fft_scatter  :      2.12s CPU      2.79s WALL (     689 calls)

     Plugins

     GIPAW        :     61.60s CPU     71.87s WALL (       1 calls)
