
     Program QE v.6.0 (svn rev. 13079) starts on 26Dec2016 at  6:36:34 

     This program is part of the open-source Quantum ESPRESSO suite
     for quantum simulation of materials; please cite
         "P. Giannozzi et al., J. Phys.:Condens. Matter 21 395502 (2009);
          URL http://www.quantum-espresso.org", 
     in publications or presentations arising from this work. More details at
     http://www.quantum-espresso.org/quote

     Parallel version (MPI), running on     8 processors
     R & G space division:  proc/nbgrp/npool/nimage =       8

     ***** This is GIPAW svn revision unknown      *****

     Parallelizing q-star over 1 images

     Reading data from directory:
     /users/majewski/paradichlorobenzene/pbe/9_constraint/scratch/pbe.ecut100.np8.dt60.pcl2phi-129368.save
     Message from routine read_xml_file:
     file /users/majewski/paradichlorobenzene/pbe/9_constraint/scratch/pbe.ecut100.np8.dt60.pcl2phi-129368.save not guaranteed to be safe for post-processing

   Info: using nr1, nr2, nr3 values from input

   Info: using nr1, nr2, nr3 values from input

     IMPORTANT: XC functional enforced from input :
     Exchange-correlation      =  SLA  PW   PBX  PBC ( 1  4  3  4 0 0)
     Any further DFT definition will be discarded
     Please, verify this is what you really want

               file C.pbe-n-kjpaw_psl.1.0.0.UPF: wavefunction(s)  2S 2P renormalized
               file Cl.pbe-n-kjpaw_psl.1.0.0.UPF: wavefunction(s)  3S 3P renormalized
               file H.pbe-kjpaw_psl.1.0.0.UPF: wavefunction(s)  1S renormalized

     Parallelization info
     --------------------
     sticks:   dense  smooth     PW     G-vecs:    dense   smooth      PW
     Min        3057    1223    332               144436    36536    5170
     Max        3059    1225    333               144437    36537    5171
     Sum       24467    9791   2657              1155489   292295   41363


     Subspace diagonalization in iterative solution of the eigenvalue problem:
     a serial algorithm will be used

     GIPAW projectors -----------------------------------------------
     atom=  C    l=0  rc=    1.2000  rs=    0.8000
     atom=  C    l=0  rc=    1.2000  rs=    0.8000
     atom=  C    l=1  rc=    1.4000  rs=    0.9333
     atom=  C    l=1  rc=    1.4000  rs=    0.9333
     projs nearly linearly dependent: l=1  n1,n2= 1, 2  s=  0.99951561

     atom=  Cl   l=0  rc=    1.6000  rs=    1.0667
     atom=  Cl   l=0  rc=    1.6000  rs=    1.0667
     atom=  Cl   l=1  rc=    1.6000  rs=    1.0667
     atom=  Cl   l=1  rc=    1.6000  rs=    1.0667
     atom=  Cl   l=2  rc=    1.6000  rs=    1.0667
     atom=  Cl   l=2  rc=    1.6000  rs=    1.0667
     projs nearly linearly dependent: l=2  n1,n2= 1, 2  s=  0.99993509

     atom=  H    l=0  rc=    1.0000  rs=    0.6667
     atom=  H    l=0  rc=    1.0000  rs=    0.6667
     projs nearly linearly dependent: l=0  n1,n2= 1, 2  s=  0.99968852
     -----------------------------------------------------------------

     GIPAW integrals: -------------------------------------------
     Atom  i/j   nmr_para   nmr_dia   epr_rmc  epr_para   epr_dia
       C   1 1   0.83E+03  0.17E-01  0.93E+01  0.24E+08  0.24E+03
       C   2 1   0.86E+03 -0.61E-01  0.94E+01  0.25E+08  0.25E+03
       C   2 2   0.90E+03 -0.15E+00  0.97E+01  0.26E+08  0.26E+03
       C   3 3   0.33E+01  0.34E+00  0.18E+01  0.55E+03  0.21E+02
       C   4 3   0.35E+01  0.37E+00  0.20E+01  0.59E+03  0.22E+02
       C   4 4   0.38E+01  0.39E+00  0.22E+01  0.63E+03  0.24E+02
       Cl  1 1   0.14E+04 -0.47E+00  0.84E+01  0.32E+09  0.42E+03
       Cl  2 1   0.21E+04 -0.37E+00  0.12E+02  0.49E+09  0.65E+03
       Cl  2 2   0.33E+04 -0.16E+00  0.21E+02  0.76E+09  0.10E+04
       Cl  3 3   0.21E+02  0.79E-01  0.89E+01  0.23E+05  0.13E+03
       Cl  4 3   0.24E+02  0.67E-01  0.99E+01  0.27E+05  0.15E+03
       Cl  4 4   0.28E+02  0.44E-01  0.11E+02  0.32E+05  0.18E+03
       Cl  5 5   0.77E+00  0.19E+00  0.18E+01  0.12E+03  0.22E+02
       Cl  6 5   0.80E+00  0.19E+00  0.19E+01  0.12E+03  0.23E+02
       Cl  6 6   0.83E+00  0.20E+00  0.19E+01  0.12E+03  0.23E+02
       H   1 1   0.39E+02  0.19E+00  0.29E+00  0.78E+05  0.13E+02
       H   2 1   0.41E+02  0.21E+00  0.32E+00  0.82E+05  0.14E+02
       H   2 2   0.43E+02  0.22E+00  0.36E+00  0.86E+05  0.15E+02
     ------------------------------------------------------------

     alpha_pv=     34.0215 eV

     Number of occupied bands for each k-point:
     k-point:     1    nbnd_occ=  42
     k-point:     2    nbnd_occ=  42
     k-point:     3    nbnd_occ=  42
     k-point:     4    nbnd_occ=  42
     k-point:     5    nbnd_occ=  42
     k-point:     6    nbnd_occ=  42
     k-point:     7    nbnd_occ=  42
     k-point:     8    nbnd_occ=  42
     k-point:     9    nbnd_occ=  42
     k-point:    10    nbnd_occ=  42
     k-point:    11    nbnd_occ=  42
     k-point:    12    nbnd_occ=  42
     k-point:    13    nbnd_occ=  42
     k-point:    14    nbnd_occ=  42
     k-point:    15    nbnd_occ=  42
     k-point:    16    nbnd_occ=  42


     q-space interpolation up to   110.00 Rydberg

     GIPAW job: efg                                                                             


     ELECTRIC FIELD GRADIENTS TENSORS IN Hartree/bohrradius^2:

     ----- bare term -----
     Cl   1        0.043900        0.020217       -0.065103
     Cl   1        0.020217       -0.038764        0.080726
     Cl   1       -0.065103        0.080726       -0.005136

     C    2       -0.296568        0.292345       -0.246820
     C    2        0.292345       -0.131111       -0.432115
     C    2       -0.246820       -0.432115        0.427679

     C    3        0.218230        0.053078       -0.058356
     C    3        0.053078       -0.081431       -0.140160
     C    3       -0.058356       -0.140160       -0.136799

     H    4        0.151137       -0.010344       -0.361393
     H    4       -0.010344        0.253864        0.224232
     H    4       -0.361393        0.224232       -0.405001

     C    5       -0.397012        0.194581       -0.139954
     C    5        0.194581        0.242376        0.028971
     C    5       -0.139954        0.028971        0.154636

     H    6        0.314665       -0.060644        0.339559
     H    6       -0.060644        0.141177       -0.185938
     H    6        0.339559       -0.185938       -0.455842

     H    7        0.314412        0.384729       -0.089078
     H    7        0.384729       -0.615560        0.361621
     H    7       -0.089078        0.361621        0.301149

     C    8       -0.063685       -0.228205       -0.105072
     C    8       -0.228205       -0.105909        0.383150
     C    8       -0.105072        0.383150        0.169594

     H    9       -0.282719        0.502581        0.027329
     H    9        0.502581       -0.046123       -0.128281
     H    9        0.027329       -0.128281        0.328842

     C   10       -0.682715       -0.375151       -0.305506
     C   10       -0.375151        0.326266        0.105154
     C   10       -0.305506        0.105154        0.356448

     C   11        0.005592        0.149494       -0.323302
     C   11        0.149494       -0.125773        0.499639
     C   11       -0.323302        0.499639        0.120181

     Cl  12       -0.348767       -0.295177       -0.015186
     Cl  12       -0.295177        0.200918       -0.030381
     Cl  12       -0.015186       -0.030381        0.147850

     H   13       -0.014892        0.225214        0.314601
     H   13        0.225214       -0.045479       -0.474298
     H   13        0.314601       -0.474298        0.060371

     C   14       -0.012891       -0.325826       -0.538882
     C   14       -0.325826       -0.095113       -0.490748
     C   14       -0.538882       -0.490748        0.108004

     H   15        0.044047       -0.066272       -0.193538
     H   15       -0.066272        0.500544       -0.252833
     H   15       -0.193538       -0.252833       -0.544591

     C   16       -0.285244        0.385880       -0.363020
     C   16        0.385880       -0.114193       -0.092585
     C   16       -0.363020       -0.092585        0.399437

     C   17       -0.011151       -0.067563       -0.281142
     C   17       -0.067563        0.057721       -0.671518
     C   17       -0.281142       -0.671518       -0.046570

     Cl  18       -0.172079        0.263048       -0.001761
     Cl  18        0.263048        0.012511       -0.011164
     Cl  18       -0.001761       -0.011164        0.159568

     H   19        0.088987       -0.009524       -0.158968
     H   19       -0.009524       -0.389521        0.565386
     H   19       -0.158968        0.565386        0.300534

     C   20       -0.795403       -0.321969       -0.495734
     C   20       -0.321969        0.229609       -0.056890
     C   20       -0.495734       -0.056890        0.565794

     H   21       -0.468912       -0.218464       -0.108003
     H   21       -0.218464        0.111678        0.387439
     H   21       -0.108003        0.387439        0.357234

     C   22        0.174022       -0.013170       -0.115788
     C   22       -0.013170       -0.493582        0.500958
     C   22       -0.115788        0.500958        0.319560

     C   23       -0.809887       -0.357350       -0.282471
     C   23       -0.357350        0.270788        0.040919
     C   23       -0.282471        0.040919        0.539100

     Cl  24        0.031521       -0.034345        0.051260
     Cl  24       -0.034345       -0.034915       -0.028140
     Cl  24        0.051260       -0.028140        0.003394

     ----- ionic term -----
     Cl   1        0.127450       -0.247686        0.041835
     Cl   1       -0.247686        0.005493       -0.018114
     Cl   1        0.041835       -0.018114       -0.132943

     C    2       -0.014165       -0.289521        0.352788
     C    2       -0.289521        0.019999        0.470047
     C    2        0.352788        0.470047       -0.005834

     C    3        0.059538       -0.273292        0.230579
     C    3       -0.273292        0.057045        0.446378
     C    3        0.230579        0.446378       -0.116583

     H    4        0.402967        0.240666        0.776309
     H    4        0.240666       -0.448843        0.274229
     H    4        0.776309        0.274229        0.045876

     C    5        0.203243       -0.271908        0.317895
     C    5       -0.271908       -0.089760        0.286049
     C    5        0.317895        0.286049       -0.113482

     H    6       -0.508117       -0.122359       -0.076787
     H    6       -0.122359        0.482914        0.765602
     H    6       -0.076787        0.765602        0.025203

     H    7       -0.483442       -0.201843        0.106803
     H    7       -0.201843        0.714453       -0.649566
     H    7        0.106803       -0.649566       -0.231011

     C    8        0.402270        0.113684        0.195931
     C    8        0.113684        0.064817       -0.295992
     C    8        0.195931       -0.295992       -0.467087

     H    9        0.858406       -0.459731        0.259177
     H    9       -0.459731       -0.340471       -0.139475
     H    9        0.259177       -0.139475       -0.517935

     C   10        0.273328        0.160576        0.076855
     C   10        0.160576        0.199157       -0.324975
     C   10        0.076855       -0.324975       -0.472485

     C   11        0.308370        0.123666        0.221819
     C   11        0.123666        0.134513       -0.350728
     C   11        0.221819       -0.350728       -0.442882

     Cl  12        0.145013        0.215569       -0.013263
     Cl  12        0.215569        0.023006       -0.011018
     Cl  12       -0.013263       -0.011018       -0.168019

     H   13       -0.528456       -0.126669       -0.067357
     H   13       -0.126669        0.451064        0.766534
     H   13       -0.067357        0.766534        0.077392

     C   14        0.135648       -0.300702        0.331544
     C   14       -0.300702       -0.086965        0.288813
     C   14        0.331544        0.288813       -0.048683

     H   15        0.261818        0.127535        0.783396
     H   15        0.127535       -0.544853        0.198968
     H   15        0.783396        0.198968        0.283035

     C   16        0.069100       -0.370232        0.193896
     C   16       -0.370232       -0.021309        0.388474
     C   16        0.193896        0.388474       -0.047790

     C   17        0.165597       -0.299650        0.275885
     C   17       -0.299650       -0.123682        0.430837
     C   17        0.275885        0.430837       -0.041914

     Cl  18        0.194752       -0.195231        0.020079
     Cl  18       -0.195231       -0.049389       -0.001430
     Cl  18        0.020079       -0.001430       -0.145363

     H   19       -0.489809       -0.210084        0.154366
     H   19       -0.210084        0.446756       -0.758637
     H   19        0.154366       -0.758637        0.043052

     C   20        0.273910        0.083836        0.228163
     C   20        0.083836        0.062484       -0.329946
     C   20        0.228163       -0.329946       -0.336393

     H   21        0.684587       -0.205997        0.645215
     H   21       -0.205997       -0.429656       -0.180466
     H   21        0.645215       -0.180466       -0.254931

     C   22        0.106272        0.191031        0.172247
     C   22        0.191031        0.237123       -0.421842
     C   22        0.172247       -0.421842       -0.343395

     C   23        0.238719        0.079262        0.237432
     C   23        0.079262        0.164728       -0.403923
     C   23        0.237432       -0.403923       -0.403447

     Cl  24        0.125765        0.228619        0.019511
     Cl  24        0.228619        0.029483        0.005445
     Cl  24        0.019511        0.005445       -0.155248

     ----- GIPAW term -----
     Cl   1       -0.488427       -1.014617       -0.620821
     Cl   1       -1.014617       -0.040700       -1.907857
     Cl   1       -0.620821       -1.907857        0.529128

     C    2       -0.116958       -0.024839       -0.031255
     C    2       -0.024839        0.017903       -0.220245
     C    2       -0.031255       -0.220245        0.099054

     C    3       -0.003653       -0.002796       -0.005479
     C    3       -0.002796        0.023080       -0.024562
     C    3       -0.005479       -0.024562       -0.019426

     H    4       -0.000000        0.000000        0.000000
     H    4        0.000000        0.000000        0.000000
     H    4        0.000000        0.000000        0.000000

     C    5       -0.053580        0.026734       -0.011109
     C    5        0.026734        0.062450       -0.022647
     C    5       -0.011109       -0.022647       -0.008870

     H    6       -0.000000        0.000000        0.000000
     H    6        0.000000        0.000000        0.000000
     H    6        0.000000        0.000000        0.000000

     H    7       -0.000000        0.000000        0.000000
     H    7        0.000000        0.000000        0.000000
     H    7        0.000000        0.000000        0.000000

     C    8       -0.095488       -0.113999        0.031099
     C    8       -0.113999        0.198337       -0.047434
     C    8        0.031099       -0.047434       -0.102849

     H    9       -0.000000        0.000000        0.000000
     H    9        0.000000        0.000000        0.000000
     H    9        0.000000        0.000000        0.000000

     C   10       -0.192372       -0.127007       -0.048043
     C   10       -0.127007        0.270866       -0.031383
     C   10       -0.048043       -0.031383       -0.078493

     C   11       -0.055318        0.153292       -0.053821
     C   11        0.153292        0.167003       -0.099732
     C   11       -0.053821       -0.099732       -0.111684

     Cl  12       -1.071792        1.209034       -0.198840
     Cl  12        1.209034        2.712959       -0.593569
     Cl  12       -0.198840       -0.593569       -1.641167

     H   13       -0.000000        0.000000        0.000000
     H   13        0.000000        0.000000        0.000000
     H   13        0.000000        0.000000        0.000000

     C   14        0.184466       -0.222298       -0.137963
     C   14       -0.222298       -0.076197       -0.051556
     C   14       -0.137963       -0.051556       -0.108269

     H   15       -0.000000        0.000000        0.000000
     H   15        0.000000        0.000000        0.000000
     H   15        0.000000        0.000000        0.000000

     C   16        0.037651       -0.093033       -0.193551
     C   16       -0.093033       -0.044429        0.112153
     C   16       -0.193551        0.112153        0.006778

     C   17       -0.060454       -0.072224       -0.038117
     C   17       -0.072224        0.267740       -0.097487
     C   17       -0.038117       -0.097487       -0.207286

     Cl  18       -0.731185        0.647777       -0.120996
     Cl  18        0.647777        2.649232       -0.080735
     Cl  18       -0.120996       -0.080735       -1.918047

     H   19       -0.000000        0.000000        0.000000
     H   19        0.000000        0.000000        0.000000
     H   19        0.000000        0.000000        0.000000

     C   20       -0.180630        0.044858       -0.149258
     C   20        0.044858        0.068823       -0.201106
     C   20       -0.149258       -0.201106        0.111807

     H   21       -0.000000        0.000000        0.000000
     H   21        0.000000        0.000000        0.000000
     H   21        0.000000        0.000000        0.000000

     C   22       -0.075341        0.051113       -0.020904
     C   22        0.051113        0.030474       -0.145868
     C   22       -0.020904       -0.145868        0.044868

     C   23       -0.156213       -0.015054        0.010509
     C   23       -0.015054        0.053662       -0.161172
     C   23        0.010509       -0.161172        0.102551

     Cl  24       -0.265609        1.001065        0.415265
     Cl  24        1.001065        1.334632       -1.987084
     Cl  24        0.415265       -1.987084       -1.069023

     ----- total EFG -----
     Cl   1       -0.317077       -1.242086       -0.644088
     Cl   1       -1.242086       -0.073971       -1.845246
     Cl   1       -0.644088       -1.845246        0.391048

     C    2       -0.427691       -0.022015        0.074713
     C    2       -0.022015       -0.093208       -0.182313
     C    2        0.074713       -0.182313        0.520899

     C    3        0.274116       -0.223009        0.166743
     C    3       -0.223009       -0.001307        0.281656
     C    3        0.166743        0.281656       -0.272809

     H    4        0.554104        0.230322        0.414916
     H    4        0.230322       -0.194979        0.498461
     H    4        0.414916        0.498461       -0.359125

     C    5       -0.247350       -0.050593        0.166832
     C    5       -0.050593        0.215066        0.292373
     C    5        0.166832        0.292373        0.032284

     H    6       -0.193452       -0.183003        0.262772
     H    6       -0.183003        0.624091        0.579664
     H    6        0.262772        0.579664       -0.430639

     H    7       -0.169030        0.182885        0.017726
     H    7        0.182885        0.098893       -0.287945
     H    7        0.017726       -0.287945        0.070137

     C    8        0.243097       -0.228519        0.121959
     C    8       -0.228519        0.157245        0.039723
     C    8        0.121959        0.039723       -0.400343

     H    9        0.575687        0.042850        0.286506
     H    9        0.042850       -0.386594       -0.267756
     H    9        0.286506       -0.267756       -0.189093

     C   10       -0.601760       -0.341582       -0.276694
     C   10       -0.341582        0.796290       -0.251204
     C   10       -0.276694       -0.251204       -0.194530

     C   11        0.258644        0.426452       -0.155304
     C   11        0.426452        0.175742        0.049179
     C   11       -0.155304        0.049179       -0.434386

     Cl  12       -1.275547        1.129425       -0.227289
     Cl  12        1.129425        2.936883       -0.634968
     Cl  12       -0.227289       -0.634968       -1.661336

     H   13       -0.543349        0.098546        0.247244
     H   13        0.098546        0.405585        0.292236
     H   13        0.247244        0.292236        0.137763

     C   14        0.307223       -0.848826       -0.345301
     C   14       -0.848826       -0.258275       -0.253490
     C   14       -0.345301       -0.253490       -0.048948

     H   15        0.305865        0.061263        0.589858
     H   15        0.061263       -0.044309       -0.053866
     H   15        0.589858       -0.053866       -0.261556

     C   16       -0.178494       -0.077385       -0.362675
     C   16       -0.077385       -0.179931        0.408042
     C   16       -0.362675        0.408042        0.358425

     C   17        0.093992       -0.439436       -0.043374
     C   17       -0.439436        0.201779       -0.338168
     C   17       -0.043374       -0.338168       -0.295770

     Cl  18       -0.708512        0.715594       -0.102678
     Cl  18        0.715594        2.612353       -0.093329
     Cl  18       -0.102678       -0.093329       -1.903842

     H   19       -0.400822       -0.219608       -0.004602
     H   19       -0.219608        0.057235       -0.193251
     H   19       -0.004602       -0.193251        0.343587

     C   20       -0.702123       -0.193275       -0.416829
     C   20       -0.193275        0.360915       -0.587942
     C   20       -0.416829       -0.587942        0.341208

     H   21        0.215675       -0.424461        0.537213
     H   21       -0.424461       -0.317978        0.206973
     H   21        0.537213        0.206973        0.102303

     C   22        0.204952        0.228974        0.035555
     C   22        0.228974       -0.225985       -0.066751
     C   22        0.035555       -0.066751        0.021033

     C   23       -0.727382       -0.293142       -0.034531
     C   23       -0.293142        0.489178       -0.524176
     C   23       -0.034531       -0.524176        0.238204

     Cl  24       -0.108323        1.195339        0.486036
     Cl  24        1.195339        1.329200       -2.009778
     Cl  24        0.486036       -2.009778       -1.220877

     ----- total EFG (symmetrized) -----
     Cl   1       -0.317077       -1.242086       -0.644088
     Cl   1       -1.242086       -0.073971       -1.845246
     Cl   1       -0.644088       -1.845246        0.391048

     C    2       -0.427691       -0.022015        0.074713
     C    2       -0.022015       -0.093208       -0.182313
     C    2        0.074713       -0.182313        0.520899

     C    3        0.274116       -0.223009        0.166743
     C    3       -0.223009       -0.001307        0.281656
     C    3        0.166743        0.281656       -0.272809

     H    4        0.554104        0.230322        0.414916
     H    4        0.230322       -0.194979        0.498461
     H    4        0.414916        0.498461       -0.359125

     C    5       -0.247350       -0.050593        0.166832
     C    5       -0.050593        0.215066        0.292373
     C    5        0.166832        0.292373        0.032284

     H    6       -0.193452       -0.183003        0.262772
     H    6       -0.183003        0.624091        0.579664
     H    6        0.262772        0.579664       -0.430639

     H    7       -0.169030        0.182885        0.017726
     H    7        0.182885        0.098893       -0.287945
     H    7        0.017726       -0.287945        0.070137

     C    8        0.243097       -0.228519        0.121959
     C    8       -0.228519        0.157245        0.039723
     C    8        0.121959        0.039723       -0.400343

     H    9        0.575687        0.042850        0.286506
     H    9        0.042850       -0.386594       -0.267756
     H    9        0.286506       -0.267756       -0.189093

     C   10       -0.601760       -0.341582       -0.276694
     C   10       -0.341582        0.796290       -0.251204
     C   10       -0.276694       -0.251204       -0.194530

     C   11        0.258644        0.426452       -0.155304
     C   11        0.426452        0.175742        0.049179
     C   11       -0.155304        0.049179       -0.434386

     Cl  12       -1.275547        1.129425       -0.227289
     Cl  12        1.129425        2.936883       -0.634968
     Cl  12       -0.227289       -0.634968       -1.661336

     H   13       -0.543349        0.098546        0.247244
     H   13        0.098546        0.405585        0.292236
     H   13        0.247244        0.292236        0.137763

     C   14        0.307223       -0.848826       -0.345301
     C   14       -0.848826       -0.258275       -0.253490
     C   14       -0.345301       -0.253490       -0.048948

     H   15        0.305865        0.061263        0.589858
     H   15        0.061263       -0.044309       -0.053866
     H   15        0.589858       -0.053866       -0.261556

     C   16       -0.178494       -0.077385       -0.362675
     C   16       -0.077385       -0.179931        0.408042
     C   16       -0.362675        0.408042        0.358425

     C   17        0.093992       -0.439436       -0.043374
     C   17       -0.439436        0.201779       -0.338168
     C   17       -0.043374       -0.338168       -0.295770

     Cl  18       -0.708512        0.715594       -0.102678
     Cl  18        0.715594        2.612353       -0.093329
     Cl  18       -0.102678       -0.093329       -1.903842

     H   19       -0.400822       -0.219608       -0.004602
     H   19       -0.219608        0.057235       -0.193251
     H   19       -0.004602       -0.193251        0.343587

     C   20       -0.702123       -0.193275       -0.416829
     C   20       -0.193275        0.360915       -0.587942
     C   20       -0.416829       -0.587942        0.341208

     H   21        0.215675       -0.424461        0.537213
     H   21       -0.424461       -0.317978        0.206973
     H   21        0.537213        0.206973        0.102303

     C   22        0.204952        0.228974        0.035555
     C   22        0.228974       -0.225985       -0.066751
     C   22        0.035555       -0.066751        0.021033

     C   23       -0.727382       -0.293142       -0.034531
     C   23       -0.293142        0.489178       -0.524176
     C   23       -0.034531       -0.524176        0.238204

     Cl  24       -0.108323        1.195339        0.486036
     Cl  24        1.195339        1.329200       -2.009778
     Cl  24        0.486036       -2.009778       -1.220877


     NQR/NMR SPECTROSCOPIC PARAMETERS:
     Cl   1    Vxx=    0.4615    axis=( -0.832964  0.272360  0.481655)
     Cl   1    Vyy=    2.0784    axis=(  0.174343 -0.696949  0.695605)
     Cl   1    Vzz=   -2.5399    axis=( -0.525144 -0.663387 -0.533049)
     Cl   1  Q=        -8.1650 1e-30 m^2  Cq=        48.7271 MHz  eta= 0.63661

     C    2    Vxx=   -0.1432    axis=( -0.004957  0.964172  0.265230)
     C    2    Vyy=   -0.4337    axis=(  0.996997  0.025263 -0.073204)
     C    2    Vzz=    0.5770    axis=(  0.077282 -0.264071  0.961402)
     C    2  Q=         1.0000 1e-30 m^2  Cq=         1.3557 MHz  eta= 0.50346

     C    3    Vxx=    0.1360    axis=(  0.362846  0.691631  0.624491)
     C    3    Vyy=    0.3987    axis=( -0.878609  0.477203 -0.018013)
     C    3    Vzz=   -0.5347    axis=( -0.310467 -0.542147  0.780824)
     C    3  Q=         1.0000 1e-30 m^2  Cq=        -1.2563 MHz  eta= 0.49123

     H    4    Vxx=   -0.0694    axis=(  0.551944 -0.711846 -0.434319)
     H    4    Vyy=   -0.8062    axis=(  0.141325  0.593159 -0.792584)
     H    4    Vzz=    0.8756    axis=(  0.821818  0.376081  0.427992)
     H    4  Q=         1.0000 1e-30 m^2  Cq=         2.0573 MHz  eta= 0.84139

     C    5    Vxx=   -0.0503    axis=(  0.625449 -0.520895  0.580932)
     C    5    Vyy=   -0.3850    axis=( -0.775003 -0.328404  0.539927)
     C    5    Vzz=    0.4353    axis=(  0.090465  0.787921  0.609095)
     C    5  Q=         1.0000 1e-30 m^2  Cq=         1.0227 MHz  eta= 0.76908

     H    6    Vxx=   -0.0439    axis=(  0.896839 -0.123031  0.424905)
     H    6    Vyy=   -0.8402    axis=(  0.438254  0.377661 -0.815663)
     H    6    Vzz=    0.8841    axis=( -0.060118  0.917734  0.392620)
     H    6  Q=         1.0000 1e-30 m^2  Cq=         2.0772 MHz  eta= 0.90080

     H    7    Vxx=   -0.0641    axis=(  0.696047  0.338077  0.633422)
     H    7    Vyy=   -0.3357    axis=(  0.683984 -0.580527 -0.441762)
     H    7    Vzz=    0.3998    axis=( -0.218369 -0.740737  0.635313)
     H    7  Q=         1.0000 1e-30 m^2  Cq=         0.9393 MHz  eta= 0.67947

     C    8    Vxx=   -0.0035    axis=(  0.585493  0.768897  0.256896)
     C    8    Vyy=   -0.4350    axis=( -0.224080 -0.151049  0.962794)
     C    8    Vzz=    0.4385    axis=(  0.779093 -0.621274  0.083856)
     C    8  Q=         1.0000 1e-30 m^2  Cq=         1.0302 MHz  eta= 0.98406

     H    9    Vxx=   -0.0642    axis=(  0.279802  0.635148 -0.719929)
     H    9    Vyy=   -0.6089    axis=( -0.175902  0.771103  0.611930)
     H    9    Vzz=    0.6731    axis=(  0.943806 -0.044582  0.327480)
     H    9  Q=         1.0000 1e-30 m^2  Cq=         1.5815 MHz  eta= 0.80917

     C   10    Vxx=   -0.0590    axis=( -0.484396  0.062828  0.872590)
     C   10    Vyy=   -0.8484    axis=(  0.854620  0.247234  0.456618)
     C   10    Vzz=    0.9074    axis=( -0.187046  0.966917 -0.173454)
     C   10  Q=         1.0000 1e-30 m^2  Cq=         2.1321 MHz  eta= 0.86992

     C   11    Vxx=   -0.1448    axis=( -0.574321  0.698673  0.426628)
     C   11    Vyy=   -0.5072    axis=(  0.335562 -0.274433  0.901157)
     C   11    Vzz=    0.6520    axis=(  0.746695  0.660714 -0.076836)
     C   11  Q=         1.0000 1e-30 m^2  Cq=         1.5319 MHz  eta= 0.55587

     Cl  12    Vxx=   -1.5393    axis=(  0.917344 -0.272615 -0.290103)
     Cl  12    Vyy=   -1.7719    axis=(  0.315178  0.052184  0.947597)
     Cl  12    Vzz=    3.3112    axis=( -0.243191 -0.960707  0.133793)
     Cl  12  Q=        -8.1650 1e-30 m^2  Cq=       -63.5239 MHz  eta= 0.07024

     H   13    Vxx=   -0.0105    axis=( -0.244924  0.595421 -0.765170)
     H   13    Vyy=   -0.6236    axis=( -0.951532  0.003789  0.307525)
     H   13    Vzz=    0.6341    axis=(  0.186006  0.803405  0.565634)
     H   13  Q=         1.0000 1e-30 m^2  Cq=         1.4900 MHz  eta= 0.96688

     C   14    Vxx=    0.1009    axis=( -0.104635 -0.396466  0.912067)
     C   14    Vyy=    0.9386    axis=(  0.821282 -0.551639 -0.145572)
     C   14    Vzz=   -1.0394    axis=(  0.560846  0.733832  0.383331)
     C   14  Q=         1.0000 1e-30 m^2  Cq=        -2.4422 MHz  eta= 0.80594

     H   15    Vxx=   -0.0348    axis=(  0.041683  0.991026 -0.127004)
     H   15    Vyy=   -0.6426    axis=( -0.529670  0.129701  0.838229)
     H   15    Vzz=    0.6774    axis=(  0.847179  0.032330  0.530323)
     H   15  Q=         1.0000 1e-30 m^2  Cq=         1.5917 MHz  eta= 0.89717

     C   16    Vxx=   -0.2557    axis=(  0.766431  0.641792  0.026195)
     C   16    Vyy=   -0.4649    axis=( -0.524076  0.648393 -0.552205)
     C   16    Vzz=    0.7206    axis=( -0.371386  0.409499  0.833297)
     C   16  Q=         1.0000 1e-30 m^2  Cq=         1.6931 MHz  eta= 0.29033

     C   17    Vxx=   -0.0738    axis=(  0.696801  0.328981 -0.637370)
     C   17    Vyy=   -0.5745    axis=(  0.408147  0.548858  0.729500)
     C   17    Vzz=    0.6483    axis=(  0.589817 -0.768457  0.248172)
     C   17  Q=         1.0000 1e-30 m^2  Cq=         1.5232 MHz  eta= 0.77230

     Cl  18    Vxx=   -0.8498    axis=(  0.975977 -0.203800 -0.077031)
     Cl  18    Vyy=   -1.9129    axis=(  0.080310  0.007857  0.996739)
     Cl  18    Vzz=    2.7627    axis=( -0.202530 -0.978981  0.024036)
     Cl  18  Q=        -8.1650 1e-30 m^2  Cq=       -53.0007 MHz  eta= 0.38478

     H   19    Vxx=    0.0440    axis=( -0.388752  0.776977  0.495155)
     H   19    Vyy=    0.4525    axis=(  0.121336 -0.489572  0.863480)
     H   19    Vzz=   -0.4965    axis=( -0.913318 -0.395760 -0.096047)
     H   19  Q=         1.0000 1e-30 m^2  Cq=        -1.1665 MHz  eta= 0.82292

     C   20    Vxx=    0.0151    axis=(  0.501497 -0.663528 -0.555186)
     C   20    Vyy=    0.9550    axis=( -0.102357 -0.682713  0.723482)
     C   20    Vzz=   -0.9700    axis=( -0.859083 -0.305997 -0.410295)
     C   20  Q=         1.0000 1e-30 m^2  Cq=        -2.2792 MHz  eta= 0.96897

     H   21    Vxx=    0.0636    axis=( -0.315555  0.699062  0.641667)
     H   21    Vyy=    0.7348    axis=( -0.778098  0.196425 -0.596641)
     H   21    Vzz=   -0.7984    axis=(  0.543129  0.687553 -0.481956)
     H   21  Q=         1.0000 1e-30 m^2  Cq=        -1.8758 MHz  eta= 0.84067

     C   22    Vxx=    0.0366    axis=(  0.060236 -0.196260  0.978700)
     C   22    Vyy=    0.3040    axis=( -0.918794 -0.394097 -0.022479)
     C   22    Vzz=   -0.3406    axis=(  0.390114 -0.897870 -0.204061)
     C   22  Q=         1.0000 1e-30 m^2  Cq=        -0.8004 MHz  eta= 0.78507

     C   23    Vxx=   -0.1094    axis=( -0.300454  0.540825  0.785643)
     C   23    Vyy=   -0.8202    axis=( -0.945174 -0.279331 -0.169176)
     C   23    Vzz=    0.9296    axis=(  0.127960 -0.793399  0.595100)
     C   23  Q=         1.0000 1e-30 m^2  Cq=         2.1842 MHz  eta= 0.76458

     Cl  24    Vxx=    0.0397    axis=(  0.878855 -0.082232  0.469949)
     Cl  24    Vyy=    2.6889    axis=(  0.298300  0.863458 -0.406765)
     Cl  24    Vzz=   -2.7287    axis=( -0.372333  0.497673  0.783384)
     Cl  24  Q=        -8.1650 1e-30 m^2  Cq=        52.3481 MHz  eta= 0.97088

     Initialization:
     gipaw_setup  :     11.54s CPU     14.27s WALL (       1 calls)

     Linear response

     Apply operators

     Induced current

     Other routines
     efg          :     11.22s CPU     16.38s WALL (       1 calls)

     General routines
     calbec       :      3.26s CPU      4.25s WALL (      16 calls)
     fft          :      1.81s CPU      3.19s WALL (      15 calls)
     ffts         :      0.03s CPU      0.05s WALL (       2 calls)
     fftw         :      5.27s CPU      8.65s WALL (     672 calls)
     davcio       :      0.03s CPU      0.33s WALL (      32 calls)

     Parallel routines
     fft_scatter  :      4.48s CPU      9.02s WALL (     689 calls)

     Plugins

     GIPAW        :     65.84s CPU     81.07s WALL (       1 calls)
