
     Program QE v.6.0 (svn rev. 13079) starts on 24Jan2017 at 13:18:39 

     This program is part of the open-source Quantum ESPRESSO suite
     for quantum simulation of materials; please cite
         "P. Giannozzi et al., J. Phys.:Condens. Matter 21 395502 (2009);
          URL http://www.quantum-espresso.org", 
     in publications or presentations arising from this work. More details at
     http://www.quantum-espresso.org/quote

     Parallel version (MPI), running on     8 processors
     R & G space division:  proc/nbgrp/npool/nimage =       8

     ***** This is GIPAW svn revision unknown      *****

     Parallelizing q-star over 1 images

     Reading data from directory:
     /users/majewski/paradichlorobenzene/pbe/9_constraint/scratch/pbe.ecut100.np8.dt60.pcl2phi-129368.save
     Message from routine read_xml_file:
     file /users/majewski/paradichlorobenzene/pbe/9_constraint/scratch/pbe.ecut100.np8.dt60.pcl2phi-129368.save not guaranteed to be safe for post-processing

   Info: using nr1, nr2, nr3 values from input

   Info: using nr1, nr2, nr3 values from input

     IMPORTANT: XC functional enforced from input :
     Exchange-correlation      =  SLA  PW   PBX  PBC ( 1  4  3  4 0 0)
     Any further DFT definition will be discarded
     Please, verify this is what you really want

               file C.pbe-n-kjpaw_psl.1.0.0.UPF: wavefunction(s)  2S 2P renormalized
               file Cl.pbe-n-kjpaw_psl.1.0.0.UPF: wavefunction(s)  3S 3P renormalized
               file H.pbe-kjpaw_psl.1.0.0.UPF: wavefunction(s)  1S renormalized

     Parallelization info
     --------------------
     sticks:   dense  smooth     PW     G-vecs:    dense   smooth      PW
     Min        3057    1223    332               144436    36536    5170
     Max        3059    1225    333               144437    36537    5171
     Sum       24467    9791   2657              1155489   292295   41363


     Subspace diagonalization in iterative solution of the eigenvalue problem:
     a serial algorithm will be used

     GIPAW projectors -----------------------------------------------
     atom=  C    l=0  rc=    1.2000  rs=    0.8000
     atom=  C    l=0  rc=    1.2000  rs=    0.8000
     atom=  C    l=1  rc=    1.4000  rs=    0.9333
     atom=  C    l=1  rc=    1.4000  rs=    0.9333
     projs nearly linearly dependent: l=1  n1,n2= 1, 2  s=  0.99951561

     atom=  Cl   l=0  rc=    1.6000  rs=    1.0667
     atom=  Cl   l=0  rc=    1.6000  rs=    1.0667
     atom=  Cl   l=1  rc=    1.6000  rs=    1.0667
     atom=  Cl   l=1  rc=    1.6000  rs=    1.0667
     atom=  Cl   l=2  rc=    1.6000  rs=    1.0667
     atom=  Cl   l=2  rc=    1.6000  rs=    1.0667
     projs nearly linearly dependent: l=2  n1,n2= 1, 2  s=  0.99993509

     atom=  H    l=0  rc=    1.0000  rs=    0.6667
     atom=  H    l=0  rc=    1.0000  rs=    0.6667
     projs nearly linearly dependent: l=0  n1,n2= 1, 2  s=  0.99968852
     -----------------------------------------------------------------

     GIPAW integrals: -------------------------------------------
     Atom  i/j   nmr_para   nmr_dia   epr_rmc  epr_para   epr_dia
       C   1 1   0.83E+03  0.17E-01  0.93E+01  0.24E+08  0.24E+03
       C   2 1   0.86E+03 -0.61E-01  0.94E+01  0.25E+08  0.25E+03
       C   2 2   0.90E+03 -0.15E+00  0.97E+01  0.26E+08  0.26E+03
       C   3 3   0.33E+01  0.34E+00  0.18E+01  0.55E+03  0.21E+02
       C   4 3   0.35E+01  0.37E+00  0.20E+01  0.59E+03  0.22E+02
       C   4 4   0.38E+01  0.39E+00  0.22E+01  0.63E+03  0.24E+02
       Cl  1 1   0.14E+04 -0.47E+00  0.84E+01  0.32E+09  0.42E+03
       Cl  2 1   0.21E+04 -0.37E+00  0.12E+02  0.49E+09  0.65E+03
       Cl  2 2   0.33E+04 -0.16E+00  0.21E+02  0.76E+09  0.10E+04
       Cl  3 3   0.21E+02  0.79E-01  0.89E+01  0.23E+05  0.13E+03
       Cl  4 3   0.24E+02  0.67E-01  0.99E+01  0.27E+05  0.15E+03
       Cl  4 4   0.28E+02  0.44E-01  0.11E+02  0.32E+05  0.18E+03
       Cl  5 5   0.77E+00  0.19E+00  0.18E+01  0.12E+03  0.22E+02
       Cl  6 5   0.80E+00  0.19E+00  0.19E+01  0.12E+03  0.23E+02
       Cl  6 6   0.83E+00  0.20E+00  0.19E+01  0.12E+03  0.23E+02
       H   1 1   0.39E+02  0.19E+00  0.29E+00  0.78E+05  0.13E+02
       H   2 1   0.41E+02  0.21E+00  0.32E+00  0.82E+05  0.14E+02
       H   2 2   0.43E+02  0.22E+00  0.36E+00  0.86E+05  0.15E+02
     ------------------------------------------------------------

     alpha_pv=     34.2432 eV

     Number of occupied bands for each k-point:
     k-point:     1    nbnd_occ=  42
     k-point:     2    nbnd_occ=  42
     k-point:     3    nbnd_occ=  42
     k-point:     4    nbnd_occ=  42
     k-point:     5    nbnd_occ=  42
     k-point:     6    nbnd_occ=  42
     k-point:     7    nbnd_occ=  42
     k-point:     8    nbnd_occ=  42
     k-point:     9    nbnd_occ=  42
     k-point:    10    nbnd_occ=  42
     k-point:    11    nbnd_occ=  42
     k-point:    12    nbnd_occ=  42
     k-point:    13    nbnd_occ=  42
     k-point:    14    nbnd_occ=  42
     k-point:    15    nbnd_occ=  42
     k-point:    16    nbnd_occ=  42


     q-space interpolation up to   110.00 Rydberg

     GIPAW job: efg                                                                             


     ELECTRIC FIELD GRADIENTS TENSORS IN Hartree/bohrradius^2:

     ----- bare term -----
     Cl   1       -0.243651        0.182994        0.076664
     Cl   1        0.182994        0.005076       -0.170971
     Cl   1        0.076664       -0.170971        0.238575

     C    2       -0.092248       -0.259512       -0.344015
     C    2       -0.259512        0.034830       -0.747278
     C    2       -0.344015       -0.747278        0.057418

     C    3       -0.490877        0.340888       -0.282797
     C    3        0.340888        0.062372       -0.248009
     C    3       -0.282797       -0.248009        0.428504

     H    4       -0.229530       -0.234545       -0.477557
     H    4       -0.234545        0.243353       -0.338908
     H    4       -0.477557       -0.338908       -0.013823

     C    5       -0.151348        0.053528       -0.269045
     C    5        0.053528       -0.227904       -0.298251
     C    5       -0.269045       -0.298251        0.379252

     H    6        0.403748       -0.175665       -0.213421
     H    6       -0.175665       -0.196067       -0.609527
     H    6       -0.213421       -0.609527       -0.207680

     H    7        0.328060        0.226231        0.095755
     H    7        0.226231       -0.530268        0.331997
     H    7        0.095755        0.331997        0.202208

     C    8       -0.742298       -0.321858       -0.422484
     C    8       -0.321858        0.230245        0.105504
     C    8       -0.422484        0.105504        0.512053

     H    9       -0.599329        0.080469       -0.053275
     H    9        0.080469        0.399922        0.276977
     H    9       -0.053275        0.276977        0.199407

     C   10       -0.062432       -0.209251       -0.190682
     C   10       -0.209251       -0.447348        0.456558
     C   10       -0.190682        0.456558        0.509780

     C   11       -0.575213       -0.342824       -0.394277
     C   11       -0.342824        0.298434        0.244593
     C   11       -0.394277        0.244593        0.276780

     Cl  12       -0.024259        0.008826       -0.032359
     Cl  12        0.008826        0.144605        0.019059
     Cl  12       -0.032359        0.019059       -0.120346

     H   13        0.527018        0.041029       -0.075992
     H   13        0.041029        0.024209       -0.152769
     H   13       -0.075992       -0.152769       -0.551227

     C   14       -0.490532        0.270898       -0.081697
     C   14        0.270898        0.253430       -0.051666
     C   14       -0.081697       -0.051666        0.237102

     H   15        0.024311        0.161334       -0.471136
     H   15        0.161334       -0.055071        0.183289
     H   15       -0.471136        0.183289        0.030760

     C   16        0.207172        0.099868       -0.131073
     C   16        0.099868       -0.124555       -0.532919
     C   16       -0.131073       -0.532919       -0.082617

     C   17       -0.762604        0.376680       -0.369190
     C   17        0.376680        0.332869       -0.043896
     C   17       -0.369190       -0.043896        0.429735

     Cl  18       -0.034601       -0.008559        0.051005
     Cl  18       -0.008559       -0.035892        0.047838
     Cl  18        0.051005        0.047838        0.070493

     H   19        0.448764        0.235051        0.028900
     H   19        0.235051       -0.781283       -0.039685
     H   19        0.028900       -0.039685        0.332519

     C   20       -0.161387       -0.224886       -0.217611
     C   20       -0.224886       -0.038338        0.483383
     C   20       -0.217611        0.483383        0.199725

     H   21       -0.215702        0.522032       -0.202299
     H   21        0.522032       -0.182750        0.012355
     H   21       -0.202299        0.012355        0.398451

     C   22       -0.473358       -0.248585       -0.101113
     C   22       -0.248585        0.123870        0.174061
     C   22       -0.101113        0.174061        0.349487

     C   23       -0.047164       -0.136520       -0.229143
     C   23       -0.136520        0.026512        0.679798
     C   23       -0.229143        0.679798        0.020652

     Cl  24       -0.214431       -0.286398       -0.017338
     Cl  24       -0.286398        0.180443        0.042907
     Cl  24       -0.017338        0.042907        0.033989

     ----- ionic term -----
     Cl   1        0.108387       -0.204290       -0.007308
     Cl   1       -0.204290        0.032352        0.015198
     Cl   1       -0.007308        0.015198       -0.140738

     C    2        0.145815       -0.234378        0.322823
     C    2       -0.234378       -0.024133        0.421338
     C    2        0.322823        0.421338       -0.121682

     C    3        0.123652       -0.269699        0.152264
     C    3       -0.269699        0.069547        0.448658
     C    3        0.152264        0.448658       -0.193200

     H    4        0.585511        0.231712        0.715040
     H    4        0.231712       -0.499688        0.226645
     H    4        0.715040        0.226645       -0.085823

     C    5        0.272084       -0.196853        0.247973
     C    5       -0.196853       -0.026796        0.335409
     C    5        0.247973        0.335409       -0.245288

     H    6       -0.492252        0.206684        0.156440
     H    6        0.206684        0.518777        0.769858
     H    6        0.156440        0.769858       -0.026525

     H    7       -0.486002       -0.226478        0.081159
     H    7       -0.226478        0.859342       -0.521102
     H    7        0.081159       -0.521102       -0.373340

     C    8        0.365308        0.114394        0.178801
     C    8        0.114394        0.126971       -0.266510
     C    8        0.178801       -0.266510       -0.492279

     H    9        0.779276       -0.305628        0.546572
     H    9       -0.305628       -0.388407       -0.186649
     H    9        0.546572       -0.186649       -0.390869

     C   10        0.259916        0.227203        0.129809
     C   10        0.227203        0.220791       -0.307836
     C   10        0.129809       -0.307836       -0.480707

     C   11        0.303866        0.145256        0.232176
     C   11        0.145256        0.158681       -0.302204
     C   11        0.232176       -0.302204       -0.462548

     Cl  12        0.166219        0.221142        0.018146
     Cl  12        0.221142       -0.004757        0.002085
     Cl  12        0.018146        0.002085       -0.161462

     H   13       -0.521890        0.128466        0.126036
     H   13        0.128466        0.477204        0.795416
     H   13        0.126036        0.795416        0.044685

     C   14        0.237308       -0.227019        0.304422
     C   14       -0.227019       -0.088540        0.330661
     C   14        0.304422        0.330661       -0.148768

     H   15        0.536563        0.153045        0.720965
     H   15        0.153045       -0.502849        0.179001
     H   15        0.720965        0.179001       -0.033714

     C   16        0.108853       -0.299738        0.132044
     C   16       -0.299738        0.004544        0.442076
     C   16        0.132044        0.442076       -0.113397

     C   17        0.190440       -0.239562        0.193598
     C   17       -0.239562       -0.068837        0.461177
     C   17        0.193598        0.461177       -0.121603

     Cl  18        0.143776       -0.231255       -0.035076
     Cl  18       -0.231255       -0.011898        0.020750
     Cl  18       -0.035076        0.020750       -0.131878

     H   19       -0.508963       -0.054527        0.035600
     H   19       -0.054527        0.810804       -0.600077
     H   19        0.035600       -0.600077       -0.301840

     C   20        0.420024        0.224928        0.189621
     C   20        0.224928        0.070323       -0.281487
     C   20        0.189621       -0.281487       -0.490347

     H   21        0.611142       -0.272172        0.686049
     H   21       -0.272172       -0.438010       -0.245767
     H   21        0.686049       -0.245767       -0.173132

     C   22        0.270848        0.287296        0.148301
     C   22        0.287296        0.174109       -0.337639
     C   22        0.148301       -0.337639       -0.444957

     C   23        0.318416        0.149394        0.195009
     C   23        0.149394        0.151562       -0.318826
     C   23        0.195009       -0.318826       -0.469978

     Cl  24        0.168518        0.210130        0.015906
     Cl  24        0.210130        0.007811       -0.000420
     Cl  24        0.015906       -0.000420       -0.176328

     ----- GIPAW term -----
     Cl   1       -0.272967       -1.681312        0.667787
     Cl   1       -1.681312        0.173032       -1.678144
     Cl   1        0.667787       -1.678144        0.099934

     C    2       -0.047425       -0.188676       -0.024880
     C    2       -0.188676        0.163130       -0.215809
     C    2       -0.024880       -0.215809       -0.115705

     C    3       -0.143939       -0.032293       -0.082508
     C    3       -0.032293        0.135449        0.035351
     C    3       -0.082508        0.035351        0.008489

     H    4       -0.000000        0.000000        0.000000
     H    4        0.000000        0.000000        0.000000
     H    4        0.000000        0.000000        0.000000

     C    5       -0.105644       -0.032503       -0.058921
     C    5       -0.032503       -0.006681        0.121777
     C    5       -0.058921        0.121777        0.112325

     H    6       -0.000000        0.000000        0.000000
     H    6        0.000000        0.000000        0.000000
     H    6        0.000000        0.000000        0.000000

     H    7       -0.000000        0.000000        0.000000
     H    7        0.000000        0.000000        0.000000
     H    7        0.000000        0.000000        0.000000

     C    8       -0.193434       -0.033585       -0.071913
     C    8       -0.033585        0.117310       -0.109142
     C    8       -0.071913       -0.109142        0.076125

     H    9       -0.000000        0.000000        0.000000
     H    9        0.000000        0.000000        0.000000
     H    9        0.000000        0.000000        0.000000

     C   10       -0.085066       -0.002329       -0.055661
     C   10       -0.002329       -0.090853       -0.047822
     C   10       -0.055661       -0.047822        0.175918

     C   11       -0.137195       -0.005869       -0.057415
     C   11       -0.005869        0.276250        0.009647
     C   11       -0.057415        0.009647       -0.139054

     Cl  12        0.874546        1.987113       -0.207311
     Cl  12        1.987113        1.459682        0.213222
     Cl  12       -0.207311        0.213222       -2.334228

     H   13       -0.000000        0.000000        0.000000
     H   13        0.000000        0.000000        0.000000
     H   13        0.000000        0.000000        0.000000

     C   14       -0.093577        0.004979        0.010838
     C   14        0.004979        0.101777       -0.054906
     C   14        0.010838       -0.054906       -0.008200

     H   15       -0.000000        0.000000        0.000000
     H   15        0.000000        0.000000        0.000000
     H   15        0.000000        0.000000        0.000000

     C   16       -0.057365        0.007911       -0.007890
     C   16        0.007911        0.177861       -0.056378
     C   16       -0.007890       -0.056378       -0.120496

     C   17       -0.184193       -0.045578       -0.056471
     C   17       -0.045578        0.238856        0.160144
     C   17       -0.056471        0.160144       -0.054663

     Cl  18       -0.421892       -1.775609       -0.108090
     Cl  18       -1.775609       -0.263309        1.906984
     Cl  18       -0.108090        1.906984        0.685201

     H   19       -0.000000        0.000000        0.000000
     H   19        0.000000        0.000000        0.000000
     H   19        0.000000        0.000000        0.000000

     C   20       -0.074049       -0.130449       -0.058397
     C   20       -0.130449        0.144193        0.204223
     C   20       -0.058397        0.204223       -0.070144

     H   21       -0.000000        0.000000        0.000000
     H   21        0.000000        0.000000        0.000000
     H   21        0.000000        0.000000        0.000000

     C   22       -0.133951       -0.049577       -0.030210
     C   22       -0.049577        0.151227        0.096077
     C   22       -0.030210        0.096077       -0.017276

     C   23       -0.020538       -0.040487       -0.060508
     C   23       -0.040487        0.195507        0.167594
     C   23       -0.060508        0.167594       -0.174968

     Cl  24       -0.503525       -0.154881       -0.263122
     Cl  24       -0.154881        2.628842        0.492638
     Cl  24       -0.263122        0.492638       -2.125317

     ----- total EFG -----
     Cl   1       -0.408230       -1.702607        0.737144
     Cl   1       -1.702607        0.210460       -1.833917
     Cl   1        0.737144       -1.833917        0.197771

     C    2        0.006142       -0.682565       -0.046073
     C    2       -0.682565        0.173827       -0.541749
     C    2       -0.046073       -0.541749       -0.179969

     C    3       -0.511163        0.038896       -0.213041
     C    3        0.038896        0.267369        0.236000
     C    3       -0.213041        0.236000        0.243794

     H    4        0.355981       -0.002834        0.237483
     H    4       -0.002834       -0.256335       -0.112263
     H    4        0.237483       -0.112263       -0.099646

     C    5        0.015092       -0.175827       -0.079992
     C    5       -0.175827       -0.261381        0.158935
     C    5       -0.079992        0.158935        0.246289

     H    6       -0.088504        0.031019       -0.056981
     H    6        0.031019        0.322710        0.160331
     H    6       -0.056981        0.160331       -0.234206

     H    7       -0.157941       -0.000247        0.176914
     H    7       -0.000247        0.329074       -0.189105
     H    7        0.176914       -0.189105       -0.171132

     C    8       -0.570425       -0.241049       -0.315596
     C    8       -0.241049        0.474525       -0.270148
     C    8       -0.315596       -0.270148        0.095900

     H    9        0.179947       -0.225159        0.493297
     H    9       -0.225159        0.011515        0.090328
     H    9        0.493297        0.090328       -0.191463

     C   10        0.112418        0.015623       -0.116534
     C   10        0.015623       -0.317409        0.100900
     C   10       -0.116534        0.100900        0.204991

     C   11       -0.408542       -0.203436       -0.219516
     C   11       -0.203436        0.733365       -0.047964
     C   11       -0.219516       -0.047964       -0.324822

     Cl  12        1.016506        2.217081       -0.221523
     Cl  12        2.217081        1.599530        0.234366
     Cl  12       -0.221523        0.234366       -2.616036

     H   13        0.005129        0.169495        0.050044
     H   13        0.169495        0.501413        0.642647
     H   13        0.050044        0.642647       -0.506542

     C   14       -0.346801        0.048858        0.233563
     C   14        0.048858        0.266667        0.224089
     C   14        0.233563        0.224089        0.080134

     H   15        0.560874        0.314378        0.249830
     H   15        0.314378       -0.557920        0.362290
     H   15        0.249830        0.362290       -0.002954

     C   16        0.258659       -0.191959       -0.006919
     C   16       -0.191959        0.057850       -0.147221
     C   16       -0.006919       -0.147221       -0.316509

     C   17       -0.756357        0.091540       -0.232063
     C   17        0.091540        0.502888        0.577425
     C   17       -0.232063        0.577425        0.253469

     Cl  18       -0.312717       -2.015423       -0.092161
     Cl  18       -2.015423       -0.311099        1.975572
     Cl  18       -0.092161        1.975572        0.623816

     H   19       -0.060199        0.180524        0.064500
     H   19        0.180524        0.029521       -0.639762
     H   19        0.064500       -0.639762        0.030679

     C   20        0.184588       -0.130407       -0.086388
     C   20       -0.130407        0.176179        0.406119
     C   20       -0.086388        0.406119       -0.360767

     H   21        0.395441        0.249860        0.483750
     H   21        0.249860       -0.620759       -0.233412
     H   21        0.483750       -0.233412        0.225319

     C   22       -0.336460       -0.010866        0.016978
     C   22       -0.010866        0.449206       -0.067501
     C   22        0.016978       -0.067501       -0.112746

     C   23        0.250714       -0.027613       -0.094642
     C   23       -0.027613        0.373581        0.528566
     C   23       -0.094642        0.528566       -0.624295

     Cl  24       -0.549439       -0.231149       -0.264554
     Cl  24       -0.231149        2.817095        0.535125
     Cl  24       -0.264554        0.535125       -2.267656

     ----- total EFG (symmetrized) -----
     Cl   1       -0.408230       -1.702607        0.737144
     Cl   1       -1.702607        0.210460       -1.833917
     Cl   1        0.737144       -1.833917        0.197771

     C    2        0.006142       -0.682565       -0.046073
     C    2       -0.682565        0.173827       -0.541749
     C    2       -0.046073       -0.541749       -0.179969

     C    3       -0.511163        0.038896       -0.213041
     C    3        0.038896        0.267369        0.236000
     C    3       -0.213041        0.236000        0.243794

     H    4        0.355981       -0.002834        0.237483
     H    4       -0.002834       -0.256335       -0.112263
     H    4        0.237483       -0.112263       -0.099646

     C    5        0.015092       -0.175827       -0.079992
     C    5       -0.175827       -0.261381        0.158935
     C    5       -0.079992        0.158935        0.246289

     H    6       -0.088504        0.031019       -0.056981
     H    6        0.031019        0.322710        0.160331
     H    6       -0.056981        0.160331       -0.234206

     H    7       -0.157941       -0.000247        0.176914
     H    7       -0.000247        0.329074       -0.189105
     H    7        0.176914       -0.189105       -0.171132

     C    8       -0.570425       -0.241049       -0.315596
     C    8       -0.241049        0.474525       -0.270148
     C    8       -0.315596       -0.270148        0.095900

     H    9        0.179947       -0.225159        0.493297
     H    9       -0.225159        0.011515        0.090328
     H    9        0.493297        0.090328       -0.191463

     C   10        0.112418        0.015623       -0.116534
     C   10        0.015623       -0.317409        0.100900
     C   10       -0.116534        0.100900        0.204991

     C   11       -0.408542       -0.203436       -0.219516
     C   11       -0.203436        0.733365       -0.047964
     C   11       -0.219516       -0.047964       -0.324822

     Cl  12        1.016506        2.217081       -0.221523
     Cl  12        2.217081        1.599530        0.234366
     Cl  12       -0.221523        0.234366       -2.616036

     H   13        0.005129        0.169495        0.050044
     H   13        0.169495        0.501413        0.642647
     H   13        0.050044        0.642647       -0.506542

     C   14       -0.346801        0.048858        0.233563
     C   14        0.048858        0.266667        0.224089
     C   14        0.233563        0.224089        0.080134

     H   15        0.560874        0.314378        0.249830
     H   15        0.314378       -0.557920        0.362290
     H   15        0.249830        0.362290       -0.002954

     C   16        0.258659       -0.191959       -0.006919
     C   16       -0.191959        0.057850       -0.147221
     C   16       -0.006919       -0.147221       -0.316509

     C   17       -0.756357        0.091540       -0.232063
     C   17        0.091540        0.502888        0.577425
     C   17       -0.232063        0.577425        0.253469

     Cl  18       -0.312717       -2.015423       -0.092161
     Cl  18       -2.015423       -0.311099        1.975572
     Cl  18       -0.092161        1.975572        0.623816

     H   19       -0.060199        0.180524        0.064500
     H   19        0.180524        0.029521       -0.639762
     H   19        0.064500       -0.639762        0.030679

     C   20        0.184588       -0.130407       -0.086388
     C   20       -0.130407        0.176179        0.406119
     C   20       -0.086388        0.406119       -0.360767

     H   21        0.395441        0.249860        0.483750
     H   21        0.249860       -0.620759       -0.233412
     H   21        0.483750       -0.233412        0.225319

     C   22       -0.336460       -0.010866        0.016978
     C   22       -0.010866        0.449206       -0.067501
     C   22        0.016978       -0.067501       -0.112746

     C   23        0.250714       -0.027613       -0.094642
     C   23       -0.027613        0.373581        0.528566
     C   23       -0.094642        0.528566       -0.624295

     Cl  24       -0.549439       -0.231149       -0.264554
     Cl  24       -0.231149        2.817095        0.535125
     Cl  24       -0.264554        0.535125       -2.267656


     NQR/NMR SPECTROSCOPIC PARAMETERS:
     Cl   1    Vxx=   -0.8489    axis=(  0.687581 -0.131223 -0.714152)
     Cl   1    Vyy=   -2.1034    axis=( -0.556097 -0.727586 -0.401715)
     Cl   1    Vzz=    2.9523    axis=( -0.466893  0.673349 -0.573247)
     Cl   1  Q=        -8.1650 1e-30 m^2  Cq=       -56.6386 MHz  eta= 0.42491

     C    2    Vxx=   -0.0601    axis=(  0.641224  0.113430 -0.758924)
     C    2    Vyy=   -0.8589    axis=(  0.535739  0.641897  0.548591)
     C    2    Vzz=    0.9189    axis=(  0.549377 -0.758355  0.350831)
     C    2  Q=         1.0000 1e-30 m^2  Cq=         2.1591 MHz  eta= 0.86926

     C    3    Vxx=    0.0725    axis=( -0.280754 -0.716802  0.638257)
     C    3    Vyy=    0.5067    axis=( -0.123741  0.686487  0.716536)
     C    3    Vzz=   -0.5792    axis=( -0.951770  0.122191 -0.281432)
     C    3  Q=         1.0000 1e-30 m^2  Cq=        -1.3608 MHz  eta= 0.74976

     H    4    Vxx=   -0.1241    axis=(  0.357499  0.600082 -0.715609)
     H    4    Vyy=   -0.3362    axis=( -0.193005  0.797179  0.572062)
     H    4    Vzz=    0.4604    axis=( -0.913752  0.066396 -0.400810)
     H    4  Q=         1.0000 1e-30 m^2  Cq=         1.0817 MHz  eta= 0.46065

     C    5    Vxx=    0.0223    axis=( -0.840557  0.252461 -0.479299)
     C    5    Vyy=    0.3450    axis=( -0.387819  0.337311  0.857798)
     C    5    Vzz=   -0.3672    axis=(  0.378233  0.906909 -0.185620)
     C    5  Q=         1.0000 1e-30 m^2  Cq=        -0.8629 MHz  eta= 0.87861

     H    6    Vxx=   -0.0698    axis=(  0.956146  0.042789 -0.289748)
     H    6    Vyy=   -0.2962    axis=( -0.290911  0.253552 -0.922541)
     H    6    Vzz=    0.3661    axis=(  0.033992  0.966375  0.254880)
     H    6  Q=         1.0000 1e-30 m^2  Cq=         0.8602 MHz  eta= 0.61840

     H    7    Vxx=   -0.0289    axis=(  0.771001  0.297890  0.562867)
     H    7    Vyy=   -0.3699    axis=( -0.627334  0.203178  0.751778)
     H    7    Vzz=    0.3988    axis=(  0.109585 -0.932727  0.343527)
     H    7  Q=         1.0000 1e-30 m^2  Cq=         0.9369 MHz  eta= 0.85514

     C    8    Vxx=    0.1616    axis=(  0.465152 -0.345315 -0.815102)
     C    8    Vyy=    0.6199    axis=( -0.070758  0.903330 -0.423071)
     C    8    Vzz=   -0.7815    axis=(  0.882398  0.254467  0.395752)
     C    8  Q=         1.0000 1e-30 m^2  Cq=        -1.8362 MHz  eta= 0.58655

     H    9    Vxx=    0.0449    axis=( -0.028693 -0.912287 -0.408546)
     H    9    Vyy=    0.5566    axis=(  0.821162 -0.254565  0.510773)
     H    9    Vzz=   -0.6015    axis=( -0.569973 -0.320827  0.756440)
     H    9  Q=         1.0000 1e-30 m^2  Cq=        -1.4132 MHz  eta= 0.85075

     C   10    Vxx=    0.0458    axis=(  0.844198  0.176864  0.506012)
     C   10    Vyy=    0.2935    axis=( -0.529226  0.125070  0.839212)
     C   10    Vzz=   -0.3394    axis=(  0.085140 -0.976256  0.199185)
     C   10  Q=         1.0000 1e-30 m^2  Cq=        -0.7974 MHz  eta= 0.72984

     C   11    Vxx=   -0.1521    axis=( -0.602532 -0.095510  0.792360)
     C   11    Vyy=   -0.6165    axis=(  0.780086  0.139240  0.609982)
     C   11    Vzz=    0.7686    axis=( -0.168587  0.985642 -0.009390)
     C   11  Q=         1.0000 1e-30 m^2  Cq=         1.8059 MHz  eta= 0.60419

     Cl  12    Vxx=   -0.8691    axis=( -0.740215  0.647619  0.180752)
     Cl  12    Vyy=   -2.6752    axis=(  0.132749 -0.122772  0.983517)
     Cl  12    Vzz=    3.5443    axis=( -0.659135 -0.752009 -0.004907)
     Cl  12  Q=        -8.1650 1e-30 m^2  Cq=       -67.9962 MHz  eta= 0.50956

     H   13    Vxx=   -0.0298    axis=(  0.978689 -0.165943 -0.120957)
     H   13    Vyy=   -0.8203    axis=(  0.036122 -0.440728  0.896914)
     H   13    Vzz=    0.8501    axis=( -0.202146 -0.882169 -0.425342)
     H   13  Q=         1.0000 1e-30 m^2  Cq=         1.9974 MHz  eta= 0.92990

     C   14    Vxx=   -0.0018    axis=(  0.369974 -0.634035  0.679058)
     C   14    Vyy=   -0.4530    axis=( -0.902306 -0.071136  0.425187)
     C   14    Vzz=    0.4549    axis=(  0.221278  0.770026  0.598412)
     C   14  Q=         1.0000 1e-30 m^2  Cq=         1.0687 MHz  eta= 0.99189

     H   15    Vxx=   -0.0320    axis=( -0.493197  0.273944  0.825658)
     H   15    Vyy=   -0.7616    axis=( -0.143229  0.910598 -0.387682)
     H   15    Vzz=    0.7936    axis=( -0.858045 -0.309461 -0.409868)
     H   15  Q=         1.0000 1e-30 m^2  Cq=         1.8646 MHz  eta= 0.91940

     C   16    Vxx=   -0.0064    axis=(  0.538184  0.756646 -0.371274)
     C   16    Vyy=   -0.3759    axis=(  0.120956  0.366612  0.922478)
     C   16    Vzz=    0.3824    axis=(  0.834103 -0.541371  0.105783)
     C   16  Q=         1.0000 1e-30 m^2  Cq=         0.8984 MHz  eta= 0.96628

     C   17    Vxx=   -0.1237    axis=( -0.349632 -0.606776  0.713849)
     C   17    Vyy=   -0.8485    axis=( -0.935840  0.190168 -0.296716)
     C   17    Vzz=    0.9722    axis=(  0.044289 -0.771790 -0.634334)
     C   17  Q=         1.0000 1e-30 m^2  Cq=         2.2843 MHz  eta= 0.74556

     Cl  18    Vxx=    0.0625    axis=(  0.705894 -0.162933  0.689323)
     Cl  18    Vyy=    2.8432    axis=( -0.440194  0.661523  0.607138)
     Cl  18    Vzz=   -2.9057    axis=( -0.554926 -0.732011  0.395243)
     Cl  18  Q=        -8.1650 1e-30 m^2  Cq=        55.7435 MHz  eta= 0.95699

     H   19    Vxx=   -0.0191    axis=(  0.953350  0.117743  0.277959)
     H   19    Vyy=   -0.6601    axis=( -0.279639  0.691275  0.666289)
     H   19    Vzz=    0.6792    axis=( -0.113695 -0.712935  0.691952)
     H   19  Q=         1.0000 1e-30 m^2  Cq=         1.5960 MHz  eta= 0.94377

     C   20    Vxx=    0.1020    axis=(  0.882547  0.422623  0.206156)
     C   20    Vyy=    0.4774    axis=(  0.469824 -0.774459 -0.423650)
     C   20    Vzz=   -0.5794    axis=( -0.019385  0.470748 -0.882055)
     C   20  Q=         1.0000 1e-30 m^2  Cq=        -1.3614 MHz  eta= 0.64805

     H   21    Vxx=    0.0032    axis=( -0.546209 -0.476442  0.688955)
     H   21    Vyy=    0.8029    axis=(  0.772472  0.031585  0.634263)
     H   21    Vzz=   -0.8061    axis=(  0.323950 -0.878638 -0.350786)
     H   21  Q=         1.0000 1e-30 m^2  Cq=        -1.8939 MHz  eta= 0.99203

     C   22    Vxx=   -0.1196    axis=(  0.071582  0.118886  0.990324)
     C   22    Vyy=   -0.3378    axis=( -0.997305 -0.007510  0.072989)
     C   22    Vzz=    0.4574    axis=(  0.016115 -0.992879  0.118028)
     C   22  Q=         1.0000 1e-30 m^2  Cq=         1.0747 MHz  eta= 0.47695

     C   23    Vxx=    0.2449    axis=(  0.982547  0.185913  0.006071)
     C   23    Vyy=    0.6125    axis=( -0.172914  0.900847  0.398215)
     C   23    Vzz=   -0.8574    axis=(  0.068565 -0.392315  0.917272)
     C   23  Q=         1.0000 1e-30 m^2  Cq=        -2.0146 MHz  eta= 0.42875

     Cl  24    Vxx=   -0.5368    axis=(  0.988395  0.087888 -0.123902)
     Cl  24    Vyy=   -2.3553    axis=(  0.132220 -0.096158  0.986545)
     Cl  24    Vzz=    2.8921    axis=(  0.074791 -0.991478 -0.106662)
     Cl  24  Q=        -8.1650 1e-30 m^2  Cq=       -55.4835 MHz  eta= 0.62876

     Initialization:
     gipaw_setup  :      9.08s CPU     10.87s WALL (       1 calls)

     Linear response

     Apply operators

     Induced current

     Other routines
     efg          :      9.18s CPU     11.55s WALL (       1 calls)

     General routines
     calbec       :      3.24s CPU      4.25s WALL (      16 calls)
     fft          :      1.44s CPU      1.93s WALL (      15 calls)
     ffts         :      0.04s CPU      0.05s WALL (       2 calls)
     fftw         :      3.16s CPU      3.96s WALL (     672 calls)
     davcio       :      0.02s CPU      0.31s WALL (      32 calls)

     Parallel routines
     fft_scatter  :      1.99s CPU      3.10s WALL (     689 calls)

     Plugins

     GIPAW        :     60.96s CPU     71.97s WALL (       1 calls)
