
     Program QE v.6.0 (svn rev. 13079) starts on 21Jan2017 at 11:18:45 

     This program is part of the open-source Quantum ESPRESSO suite
     for quantum simulation of materials; please cite
         "P. Giannozzi et al., J. Phys.:Condens. Matter 21 395502 (2009);
          URL http://www.quantum-espresso.org", 
     in publications or presentations arising from this work. More details at
     http://www.quantum-espresso.org/quote

     Parallel version (MPI), running on     8 processors
     R & G space division:  proc/nbgrp/npool/nimage =       8

     ***** This is GIPAW svn revision unknown      *****

     Parallelizing q-star over 1 images

     Reading data from directory:
     /users/majewski/paradichlorobenzene/pbe/9_constraint/scratch/pbe.ecut100.np8.dt60.pcl2phi-129368.save
     Message from routine read_xml_file:
     file /users/majewski/paradichlorobenzene/pbe/9_constraint/scratch/pbe.ecut100.np8.dt60.pcl2phi-129368.save not guaranteed to be safe for post-processing

   Info: using nr1, nr2, nr3 values from input

   Info: using nr1, nr2, nr3 values from input

     IMPORTANT: XC functional enforced from input :
     Exchange-correlation      =  SLA  PW   PBX  PBC ( 1  4  3  4 0 0)
     Any further DFT definition will be discarded
     Please, verify this is what you really want

               file C.pbe-n-kjpaw_psl.1.0.0.UPF: wavefunction(s)  2S 2P renormalized
               file Cl.pbe-n-kjpaw_psl.1.0.0.UPF: wavefunction(s)  3S 3P renormalized
               file H.pbe-kjpaw_psl.1.0.0.UPF: wavefunction(s)  1S renormalized

     Parallelization info
     --------------------
     sticks:   dense  smooth     PW     G-vecs:    dense   smooth      PW
     Min        3057    1223    332               144436    36536    5170
     Max        3059    1225    333               144437    36537    5171
     Sum       24467    9791   2657              1155489   292295   41363


     Subspace diagonalization in iterative solution of the eigenvalue problem:
     a serial algorithm will be used

     GIPAW projectors -----------------------------------------------
     atom=  C    l=0  rc=    1.2000  rs=    0.8000
     atom=  C    l=0  rc=    1.2000  rs=    0.8000
     atom=  C    l=1  rc=    1.4000  rs=    0.9333
     atom=  C    l=1  rc=    1.4000  rs=    0.9333
     projs nearly linearly dependent: l=1  n1,n2= 1, 2  s=  0.99951561

     atom=  Cl   l=0  rc=    1.6000  rs=    1.0667
     atom=  Cl   l=0  rc=    1.6000  rs=    1.0667
     atom=  Cl   l=1  rc=    1.6000  rs=    1.0667
     atom=  Cl   l=1  rc=    1.6000  rs=    1.0667
     atom=  Cl   l=2  rc=    1.6000  rs=    1.0667
     atom=  Cl   l=2  rc=    1.6000  rs=    1.0667
     projs nearly linearly dependent: l=2  n1,n2= 1, 2  s=  0.99993509

     atom=  H    l=0  rc=    1.0000  rs=    0.6667
     atom=  H    l=0  rc=    1.0000  rs=    0.6667
     projs nearly linearly dependent: l=0  n1,n2= 1, 2  s=  0.99968852
     -----------------------------------------------------------------

     GIPAW integrals: -------------------------------------------
     Atom  i/j   nmr_para   nmr_dia   epr_rmc  epr_para   epr_dia
       C   1 1   0.83E+03  0.17E-01  0.93E+01  0.24E+08  0.24E+03
       C   2 1   0.86E+03 -0.61E-01  0.94E+01  0.25E+08  0.25E+03
       C   2 2   0.90E+03 -0.15E+00  0.97E+01  0.26E+08  0.26E+03
       C   3 3   0.33E+01  0.34E+00  0.18E+01  0.55E+03  0.21E+02
       C   4 3   0.35E+01  0.37E+00  0.20E+01  0.59E+03  0.22E+02
       C   4 4   0.38E+01  0.39E+00  0.22E+01  0.63E+03  0.24E+02
       Cl  1 1   0.14E+04 -0.47E+00  0.84E+01  0.32E+09  0.42E+03
       Cl  2 1   0.21E+04 -0.37E+00  0.12E+02  0.49E+09  0.65E+03
       Cl  2 2   0.33E+04 -0.16E+00  0.21E+02  0.76E+09  0.10E+04
       Cl  3 3   0.21E+02  0.79E-01  0.89E+01  0.23E+05  0.13E+03
       Cl  4 3   0.24E+02  0.67E-01  0.99E+01  0.27E+05  0.15E+03
       Cl  4 4   0.28E+02  0.44E-01  0.11E+02  0.32E+05  0.18E+03
       Cl  5 5   0.77E+00  0.19E+00  0.18E+01  0.12E+03  0.22E+02
       Cl  6 5   0.80E+00  0.19E+00  0.19E+01  0.12E+03  0.23E+02
       Cl  6 6   0.83E+00  0.20E+00  0.19E+01  0.12E+03  0.23E+02
       H   1 1   0.39E+02  0.19E+00  0.29E+00  0.78E+05  0.13E+02
       H   2 1   0.41E+02  0.21E+00  0.32E+00  0.82E+05  0.14E+02
       H   2 2   0.43E+02  0.22E+00  0.36E+00  0.86E+05  0.15E+02
     ------------------------------------------------------------

     alpha_pv=     33.8398 eV

     Number of occupied bands for each k-point:
     k-point:     1    nbnd_occ=  42
     k-point:     2    nbnd_occ=  42
     k-point:     3    nbnd_occ=  42
     k-point:     4    nbnd_occ=  42
     k-point:     5    nbnd_occ=  42
     k-point:     6    nbnd_occ=  42
     k-point:     7    nbnd_occ=  42
     k-point:     8    nbnd_occ=  42
     k-point:     9    nbnd_occ=  42
     k-point:    10    nbnd_occ=  42
     k-point:    11    nbnd_occ=  42
     k-point:    12    nbnd_occ=  42
     k-point:    13    nbnd_occ=  42
     k-point:    14    nbnd_occ=  42
     k-point:    15    nbnd_occ=  42
     k-point:    16    nbnd_occ=  42


     q-space interpolation up to   110.00 Rydberg

     GIPAW job: efg                                                                             


     ELECTRIC FIELD GRADIENTS TENSORS IN Hartree/bohrradius^2:

     ----- bare term -----
     Cl   1        0.071830        0.039667        0.046260
     Cl   1        0.039667       -0.082574       -0.020863
     Cl   1        0.046260       -0.020863        0.010744

     C    2       -0.744059        0.482753       -0.357089
     C    2        0.482753        0.210459       -0.096322
     C    2       -0.357089       -0.096322        0.533600

     C    3        0.247590        0.032377       -0.071918
     C    3        0.032377       -0.542821       -0.543329
     C    3       -0.071918       -0.543329        0.295231

     H    4       -0.529218        0.098859        0.005630
     H    4        0.098859        0.244116       -0.402361
     H    4        0.005630       -0.402361        0.285102

     C    5       -0.806552        0.367193       -0.452394
     C    5        0.367193        0.311066       -0.015767
     C    5       -0.452394       -0.015767        0.495486

     H    6        0.429788       -0.118130       -0.007251
     H    6       -0.118130       -0.582075       -0.461167
     H    6       -0.007251       -0.461167        0.152287

     H    7        0.347027       -0.212586        0.039067
     H    7       -0.212586       -0.632618        0.421137
     H    7        0.039067        0.421137        0.285591

     C    8       -0.165635        0.033816       -0.284789
     C    8        0.033816        0.073174        0.515133
     C    8       -0.284789        0.515133        0.092460

     H    9       -0.127391        0.470238       -0.205698
     H    9        0.470238       -0.294569        0.000830
     H    9       -0.205698        0.000830        0.421960

     C   10       -0.562300       -0.323998       -0.142532
     C   10       -0.323998        0.196011        0.307631
     C   10       -0.142532        0.307631        0.366289

     C   11       -0.002453        0.089029       -0.229152
     C   11        0.089029       -0.003870        0.557894
     C   11       -0.229152        0.557894        0.006323

     Cl  12       -0.266482       -0.246025        0.046148
     Cl  12       -0.246025        0.024418        0.150532
     Cl  12        0.046148        0.150532        0.242064

     H   13        0.367174       -0.238308        0.019262
     H   13       -0.238308       -0.685407       -0.029865
     H   13        0.019262       -0.029865        0.318233

     C   14        0.127611        0.015213        0.026335
     C   14        0.015213       -0.263545       -0.260878
     C   14        0.026335       -0.260878        0.135934

     H   15       -0.303764       -0.457844        0.076378
     H   15       -0.457844        0.004824        0.125046
     H   15        0.076378        0.125046        0.298941

     C   16       -0.415060        0.180006       -0.156617
     C   16        0.180006        0.092564       -0.060234
     C   16       -0.156617       -0.060234        0.322496

     C   17        0.056034        0.028553       -0.192926
     C   17        0.028553       -0.131175       -0.508836
     C   17       -0.192926       -0.508836        0.075141

     Cl  18       -0.303833        0.233494       -0.036678
     Cl  18        0.233494        0.165936        0.089478
     Cl  18       -0.036678        0.089478        0.137898

     H   19        0.486561       -0.029321        0.006432
     H   19       -0.029321        0.115958        0.093197
     H   19        0.006432        0.093197       -0.602519

     C   20       -0.429630       -0.288950        0.002415
     C   20       -0.288950        0.199536        0.008219
     C   20        0.002415        0.008219        0.230094

     H   21        0.015701       -0.152038       -0.482940
     H   21       -0.152038        0.004050       -0.208941
     H   21       -0.482940       -0.208941       -0.019751

     C   22        0.356701       -0.045921       -0.111899
     C   22       -0.045921       -0.198194        0.248763
     C   22       -0.111899        0.248763       -0.158507

     C   23       -0.566180       -0.413810       -0.333608
     C   23       -0.413810        0.251551        0.234595
     C   23       -0.333608        0.234595        0.314629

     Cl  24        0.015040       -0.049178       -0.009574
     Cl  24       -0.049178        0.072090       -0.027485
     Cl  24       -0.009574       -0.027485       -0.087131

     ----- ionic term -----
     Cl   1        0.171753       -0.217425        0.007084
     Cl   1       -0.217425       -0.004772        0.004218
     Cl   1        0.007084        0.004218       -0.166981

     C    2        0.320958       -0.100290        0.172032
     C    2       -0.100290        0.177399        0.312149
     C    2        0.172032        0.312149       -0.498357

     C    3        0.176519       -0.187860        0.157919
     C    3       -0.187860        0.272803        0.324721
     C    3        0.157919        0.324721       -0.449322

     H    4        0.713879        0.330040        0.590126
     H    4        0.330040       -0.370192        0.208551
     H    4        0.590126        0.208551       -0.343687

     C    5        0.329038       -0.155254        0.176030
     C    5       -0.155254        0.145498        0.265128
     C    5        0.176030        0.265128       -0.474536

     H    6       -0.506106        0.067889        0.034709
     H    6        0.067889        0.743259        0.631314
     H    6        0.034709        0.631314       -0.237153

     H    7       -0.504771        0.068052       -0.030697
     H    7        0.068052        0.523637       -0.771817
     H    7       -0.030697       -0.771817       -0.018866

     C    8        0.293663        0.218908        0.231541
     C    8        0.218908       -0.044547       -0.337648
     C    8        0.231541       -0.337648       -0.249116

     H    9        0.603445       -0.398038        0.610334
     H    9       -0.398038       -0.369363       -0.287864
     H    9        0.610334       -0.287864       -0.234082

     C   10        0.164597        0.187938        0.150198
     C   10        0.187938        0.105118       -0.426850
     C   10        0.150198       -0.426850       -0.269715

     C   11        0.172022        0.231446        0.256317
     C   11        0.231446        0.085815       -0.390304
     C   11        0.256317       -0.390304       -0.257837

     Cl  12        0.112618        0.204850        0.007198
     Cl  12        0.204850        0.048171       -0.013301
     Cl  12        0.007198       -0.013301       -0.160789

     H   13       -0.505224        0.091023        0.017780
     H   13        0.091023        0.812273        0.569782
     H   13        0.017780        0.569782       -0.307049

     C   14        0.330660       -0.114928        0.125472
     C   14       -0.114928        0.157874        0.261231
     C   14        0.125472        0.261231       -0.488534

     H   15        0.869529        0.404385        0.360410
     H   15        0.404385       -0.348231        0.162030
     H   15        0.360410        0.162030       -0.521298

     C   16        0.184625       -0.101424        0.095116
     C   16       -0.101424        0.342436        0.308051
     C   16        0.095116        0.308051       -0.527061

     C   17        0.254668       -0.081143        0.204289
     C   17       -0.081143        0.291667        0.304429
     C   17        0.204289        0.304429       -0.546336

     Cl  18        0.117564       -0.199607       -0.001375
     Cl  18       -0.199607        0.059336        0.004955
     Cl  18       -0.001375        0.004955       -0.176899

     H   19       -0.529273       -0.017111        0.038142
     H   19       -0.017111        0.348887       -0.812835
     H   19        0.038142       -0.812835        0.180386

     C   20        0.236208        0.251923        0.242525
     C   20        0.251923       -0.002267       -0.313606
     C   20        0.242525       -0.313606       -0.233941

     H   21        0.612240       -0.301395        0.666232
     H   21       -0.301395       -0.424523       -0.252242
     H   21        0.666232       -0.252242       -0.187717

     C   22        0.069826        0.256270        0.173207
     C   22        0.256270        0.125484       -0.473159
     C   22        0.173207       -0.473159       -0.195310

     C   23        0.135258        0.185446        0.259192
     C   23        0.185446        0.018225       -0.507327
     C   23        0.259192       -0.507327       -0.153482

     Cl  24        0.135330        0.222070       -0.020127
     Cl  24        0.222070       -0.001206       -0.019228
     Cl  24       -0.020127       -0.019228       -0.134124

     ----- GIPAW term -----
     Cl   1       -0.236720       -0.839404        0.403310
     Cl   1       -0.839404        1.436539        1.815341
     Cl   1        0.403310        1.815341       -1.199819

     C    2       -0.077119        0.051349        0.004618
     C    2        0.051349        0.066766        0.070794
     C    2        0.004618        0.070794        0.010352

     C    3       -0.053066       -0.033207        0.000579
     C    3       -0.033207        0.023618        0.124057
     C    3        0.000579        0.124057        0.029449

     H    4       -0.000000        0.000000        0.000000
     H    4        0.000000        0.000000        0.000000
     H    4        0.000000        0.000000        0.000000

     C    5       -0.137660       -0.014204       -0.083430
     C    5       -0.014204        0.069627        0.136888
     C    5       -0.083430        0.136888        0.068032

     H    6       -0.000000        0.000000        0.000000
     H    6        0.000000        0.000000        0.000000
     H    6        0.000000        0.000000        0.000000

     H    7       -0.000000        0.000000        0.000000
     H    7        0.000000        0.000000        0.000000
     H    7        0.000000        0.000000        0.000000

     C    8       -0.114133        0.035396       -0.029841
     C    8        0.035396        0.256762        0.135329
     C    8       -0.029841        0.135329       -0.142629

     H    9       -0.000000        0.000000        0.000000
     H    9        0.000000        0.000000        0.000000
     H    9        0.000000        0.000000        0.000000

     C   10       -0.199083       -0.052272       -0.032193
     C   10       -0.052272        0.229406        0.146076
     C   10       -0.032193        0.146076       -0.030323

     C   11       -0.043892        0.032463       -0.042174
     C   11        0.032463        0.097994        0.156780
     C   11       -0.042174        0.156780       -0.054102

     Cl  12       -0.953518        1.201828        0.466063
     Cl  12        1.201828        0.439726        2.230042
     Cl  12        0.466063        2.230042        0.513792

     H   13       -0.000000        0.000000        0.000000
     H   13        0.000000        0.000000        0.000000
     H   13        0.000000        0.000000        0.000000

     C   14       -0.009809        0.029062        0.032695
     C   14        0.029062        0.081166       -0.000034
     C   14        0.032695       -0.000034       -0.071357

     H   15       -0.000000        0.000000        0.000000
     H   15        0.000000        0.000000        0.000000
     H   15        0.000000        0.000000        0.000000

     C   16       -0.076708        0.066886       -0.042503
     C   16        0.066886        0.106566       -0.034370
     C   16       -0.042503       -0.034370       -0.029859

     C   17       -0.067855       -0.031513        0.006732
     C   17       -0.031513        0.209004        0.110375
     C   17        0.006732        0.110375       -0.141149

     Cl  18       -0.568213       -1.540123       -0.355833
     Cl  18       -1.540123        1.878908        1.036462
     Cl  18       -0.355833        1.036462       -1.310695

     H   19       -0.000000        0.000000        0.000000
     H   19        0.000000        0.000000        0.000000
     H   19        0.000000        0.000000        0.000000

     C   20       -0.063433        0.021923        0.033386
     C   20        0.021923        0.073830        0.029987
     C   20        0.033386        0.029987       -0.010397

     H   21       -0.000000        0.000000        0.000000
     H   21        0.000000        0.000000        0.000000
     H   21        0.000000        0.000000        0.000000

     C   22        0.013243        0.004847       -0.005429
     C   22        0.004847        0.042439       -0.006247
     C   22       -0.005429       -0.006247       -0.055682

     C   23       -0.145190       -0.019972       -0.042580
     C   23       -0.019972        0.244355        0.102190
     C   23       -0.042580        0.102190       -0.099165

     Cl  24       -0.054116        1.106099       -0.028307
     Cl  24        1.106099        2.688097       -0.408977
     Cl  24       -0.028307       -0.408977       -2.633981

     ----- total EFG -----
     Cl   1        0.006863       -1.017161        0.456654
     Cl   1       -1.017161        1.349193        1.798696
     Cl   1        0.456654        1.798696       -1.356057

     C    2       -0.500220        0.433812       -0.180439
     C    2        0.433812        0.454624        0.286621
     C    2       -0.180439        0.286621        0.045596

     C    3        0.371043       -0.188690        0.086580
     C    3       -0.188690       -0.246401       -0.094551
     C    3        0.086580       -0.094551       -0.124643

     H    4        0.184661        0.428899        0.595756
     H    4        0.428899       -0.126075       -0.193810
     H    4        0.595756       -0.193810       -0.058585

     C    5       -0.615174        0.197735       -0.359794
     C    5        0.197735        0.526192        0.386249
     C    5       -0.359794        0.386249        0.088982

     H    6       -0.076318       -0.050241        0.027457
     H    6       -0.050241        0.161184        0.170147
     H    6        0.027457        0.170147       -0.084866

     H    7       -0.157744       -0.144534        0.008370
     H    7       -0.144534       -0.108982       -0.350680
     H    7        0.008370       -0.350680        0.266725

     C    8        0.013896        0.288121       -0.083089
     C    8        0.288121        0.285390        0.312814
     C    8       -0.083089        0.312814       -0.299285

     H    9        0.476054        0.072200        0.404636
     H    9        0.072200       -0.663933       -0.287035
     H    9        0.404636       -0.287035        0.187879

     C   10       -0.596785       -0.188331       -0.024527
     C   10       -0.188331        0.530535        0.026857
     C   10       -0.024527        0.026857        0.066250

     C   11        0.125678        0.352938       -0.015010
     C   11        0.352938        0.179939        0.324369
     C   11       -0.015010        0.324369       -0.305617

     Cl  12       -1.107383        1.160653        0.519410
     Cl  12        1.160653        0.512316        2.367273
     Cl  12        0.519410        2.367273        0.595067

     H   13       -0.138051       -0.147286        0.037042
     H   13       -0.147286        0.126866        0.539917
     H   13        0.037042        0.539917        0.011184

     C   14        0.448461       -0.070654        0.184503
     C   14       -0.070654       -0.024505        0.000320
     C   14        0.184503        0.000320       -0.423956

     H   15        0.565765       -0.053459        0.436788
     H   15       -0.053459       -0.343407        0.287076
     H   15        0.436788        0.287076       -0.222357

     C   16       -0.307143        0.145468       -0.104003
     C   16        0.145468        0.541567        0.213448
     C   16       -0.104003        0.213448       -0.234423

     C   17        0.242848       -0.084103        0.018095
     C   17       -0.084103        0.369496       -0.094033
     C   17        0.018095       -0.094033       -0.612343

     Cl  18       -0.754483       -1.506236       -0.393886
     Cl  18       -1.506236        2.104179        1.130895
     Cl  18       -0.393886        1.130895       -1.349696

     H   19       -0.042712       -0.046432        0.044574
     H   19       -0.046432        0.464845       -0.719639
     H   19        0.044574       -0.719639       -0.422133

     C   20       -0.256855       -0.015105        0.278326
     C   20       -0.015105        0.271099       -0.275400
     C   20        0.278326       -0.275400       -0.014244

     H   21        0.627941       -0.453433        0.183292
     H   21       -0.453433       -0.420473       -0.461183
     H   21        0.183292       -0.461183       -0.207468

     C   22        0.439770        0.215197        0.055879
     C   22        0.215197       -0.030271       -0.230643
     C   22        0.055879       -0.230643       -0.409499

     C   23       -0.576112       -0.248337       -0.116996
     C   23       -0.248337        0.514131       -0.170541
     C   23       -0.116996       -0.170541        0.061981

     Cl  24        0.096255        1.278991       -0.058008
     Cl  24        1.278991        2.758981       -0.455690
     Cl  24       -0.058008       -0.455690       -2.855236

     ----- total EFG (symmetrized) -----
     Cl   1        0.006863       -1.017161        0.456654
     Cl   1       -1.017161        1.349193        1.798696
     Cl   1        0.456654        1.798696       -1.356057

     C    2       -0.500220        0.433812       -0.180439
     C    2        0.433812        0.454624        0.286621
     C    2       -0.180439        0.286621        0.045596

     C    3        0.371043       -0.188690        0.086580
     C    3       -0.188690       -0.246401       -0.094551
     C    3        0.086580       -0.094551       -0.124643

     H    4        0.184661        0.428899        0.595756
     H    4        0.428899       -0.126075       -0.193810
     H    4        0.595756       -0.193810       -0.058585

     C    5       -0.615174        0.197735       -0.359794
     C    5        0.197735        0.526192        0.386249
     C    5       -0.359794        0.386249        0.088982

     H    6       -0.076318       -0.050241        0.027457
     H    6       -0.050241        0.161184        0.170147
     H    6        0.027457        0.170147       -0.084866

     H    7       -0.157744       -0.144534        0.008370
     H    7       -0.144534       -0.108982       -0.350680
     H    7        0.008370       -0.350680        0.266725

     C    8        0.013896        0.288121       -0.083089
     C    8        0.288121        0.285390        0.312814
     C    8       -0.083089        0.312814       -0.299285

     H    9        0.476054        0.072200        0.404636
     H    9        0.072200       -0.663933       -0.287035
     H    9        0.404636       -0.287035        0.187879

     C   10       -0.596785       -0.188331       -0.024527
     C   10       -0.188331        0.530535        0.026857
     C   10       -0.024527        0.026857        0.066250

     C   11        0.125678        0.352938       -0.015010
     C   11        0.352938        0.179939        0.324369
     C   11       -0.015010        0.324369       -0.305617

     Cl  12       -1.107383        1.160653        0.519410
     Cl  12        1.160653        0.512316        2.367273
     Cl  12        0.519410        2.367273        0.595067

     H   13       -0.138051       -0.147286        0.037042
     H   13       -0.147286        0.126866        0.539917
     H   13        0.037042        0.539917        0.011184

     C   14        0.448461       -0.070654        0.184503
     C   14       -0.070654       -0.024505        0.000320
     C   14        0.184503        0.000320       -0.423956

     H   15        0.565765       -0.053459        0.436788
     H   15       -0.053459       -0.343407        0.287076
     H   15        0.436788        0.287076       -0.222357

     C   16       -0.307143        0.145468       -0.104003
     C   16        0.145468        0.541567        0.213448
     C   16       -0.104003        0.213448       -0.234423

     C   17        0.242848       -0.084103        0.018095
     C   17       -0.084103        0.369496       -0.094033
     C   17        0.018095       -0.094033       -0.612343

     Cl  18       -0.754483       -1.506236       -0.393886
     Cl  18       -1.506236        2.104179        1.130895
     Cl  18       -0.393886        1.130895       -1.349696

     H   19       -0.042712       -0.046432        0.044574
     H   19       -0.046432        0.464845       -0.719639
     H   19        0.044574       -0.719639       -0.422133

     C   20       -0.256855       -0.015105        0.278326
     C   20       -0.015105        0.271099       -0.275400
     C   20        0.278326       -0.275400       -0.014244

     H   21        0.627941       -0.453433        0.183292
     H   21       -0.453433       -0.420473       -0.461183
     H   21        0.183292       -0.461183       -0.207468

     C   22        0.439770        0.215197        0.055879
     C   22        0.215197       -0.030271       -0.230643
     C   22        0.055879       -0.230643       -0.409499

     C   23       -0.576112       -0.248337       -0.116996
     C   23       -0.248337        0.514131       -0.170541
     C   23       -0.116996       -0.170541        0.061981

     Cl  24        0.096255        1.278991       -0.058008
     Cl  24        1.278991        2.758981       -0.455690
     Cl  24       -0.058008       -0.455690       -2.855236


     NQR/NMR SPECTROSCOPIC PARAMETERS:
     Cl   1    Vxx=    0.0927    axis=(  0.897077  0.115736  0.426449)
     Cl   1    Vyy=    2.4639    axis=( -0.293147  0.878007  0.378377)
     Cl   1    Vzz=   -2.5567    axis=( -0.330633 -0.464445  0.821567)
     Cl   1  Q=        -8.1650 1e-30 m^2  Cq=        49.0483 MHz  eta= 0.92747

     C    2    Vxx=    0.0712    axis=( -0.421662 -0.186277  0.887413)
     C    2    Vyy=    0.6915    axis=(  0.280197  0.904006  0.322898)
     C    2    Vzz=   -0.7626    axis=( -0.862375  0.384804 -0.328991)
     C    2  Q=         1.0000 1e-30 m^2  Cq=        -1.7919 MHz  eta= 0.81336

     C    3    Vxx=   -0.1209    axis=( -0.271126 -0.284960  0.919396)
     C    3    Vyy=   -0.3243    axis=(  0.205650  0.915969  0.344543)
     C    3    Vzz=    0.4452    axis=(  0.940319 -0.282488  0.189741)
     C    3  Q=         1.0000 1e-30 m^2  Cq=         1.0460 MHz  eta= 0.45701

     H    4    Vxx=    0.0823    axis=(  0.118609  0.796062 -0.593479)
     H    4    Vyy=    0.7322    axis=(  0.798651  0.278658  0.533391)
     H    4    Vzz=   -0.8145    axis=( -0.589990  0.537248  0.602724)
     H    4  Q=         1.0000 1e-30 m^2  Cq=        -1.9138 MHz  eta= 0.79787

     C    5    Vxx=    0.0994    axis=(  0.497932  0.443677 -0.745127)
     C    5    Vyy=    0.7515    axis=(  0.008847 -0.861772 -0.507219)
     C    5    Vzz=   -0.8509    axis=(  0.867171 -0.245968  0.433029)
     C    5  Q=         1.0000 1e-30 m^2  Cq=        -1.9993 MHz  eta= 0.76631

     H    6    Vxx=   -0.0597    axis=(  0.917026 -0.090594  0.388401)
     H    6    Vyy=   -0.1916    axis=(  0.386210  0.444728 -0.808121)
     H    6    Vzz=    0.2513    axis=( -0.099522  0.891072  0.442815)
     H    6  Q=         1.0000 1e-30 m^2  Cq=         0.5906 MHz  eta= 0.52476

     H    7    Vxx=   -0.1029    axis=( -0.868210  0.349988  0.351737)
     H    7    Vyy=   -0.3844    axis=(  0.479210  0.775309  0.411404)
     H    7    Vzz=    0.4873    axis=(  0.128719 -0.525741  0.840850)
     H    7  Q=         1.0000 1e-30 m^2  Cq=         1.1449 MHz  eta= 0.57777

     C    8    Vxx=   -0.0196    axis=(  0.820248 -0.244488 -0.517126)
     C    8    Vyy=   -0.5128    axis=(  0.375170 -0.452491  0.809011)
     C    8    Vzz=    0.5324    axis=( -0.431788 -0.857600 -0.279430)
     C    8  Q=         1.0000 1e-30 m^2  Cq=         1.2509 MHz  eta= 0.92637

     H    9    Vxx=    0.0127    axis=( -0.577617 -0.370255  0.727510)
     H    9    Vyy=    0.7699    axis=(  0.799881 -0.078825  0.594960)
     H    9    Vzz=   -0.7826    axis=(  0.162941 -0.925580 -0.341690)
     H    9  Q=         1.0000 1e-30 m^2  Cq=        -1.8388 MHz  eta= 0.96756

     C   10    Vxx=    0.0650    axis=( -0.018473 -0.065025  0.997713)
     C   10    Vyy=    0.5630    axis=(  0.161241 -0.985015 -0.061212)
     C   10    Vzz=   -0.6280    axis=(  0.986742  0.159742  0.028681)
     C   10  Q=         1.0000 1e-30 m^2  Cq=        -1.4755 MHz  eta= 0.79314

     C   11    Vxx=   -0.0484    axis=(  0.747074 -0.391414 -0.537286)
     C   11    Vyy=   -0.5226    axis=(  0.301816 -0.520422  0.798792)
     C   11    Vzz=    0.5711    axis=( -0.592273 -0.758918 -0.270658)
     C   11  Q=         1.0000 1e-30 m^2  Cq=         1.3418 MHz  eta= 0.83034

     Cl  12    Vxx=   -1.1357    axis=(  0.802490  0.227280 -0.551682)
     Cl  12    Vyy=   -2.1107    axis=( -0.534719  0.684189 -0.495945)
     Cl  12    Vzz=    3.2465    axis=( -0.264737 -0.692985 -0.670586)
     Cl  12  Q=        -8.1650 1e-30 m^2  Cq=       -62.2819 MHz  eta= 0.30032

     H   13    Vxx=   -0.1050    axis=(  0.940465 -0.131954  0.313231)
     H   13    Vyy=   -0.5166    axis=( -0.320541 -0.650826  0.688243)
     H   13    Vzz=    0.6217    axis=( -0.113043  0.747672  0.654376)
     H   13  Q=         1.0000 1e-30 m^2  Cq=         1.4607 MHz  eta= 0.66205

     C   14    Vxx=   -0.0332    axis=( -0.122790 -0.990690 -0.058794)
     C   14    Vyy=   -0.4618    axis=(  0.201007  0.033189 -0.979027)
     C   14    Vzz=    0.4951    axis=(  0.971864 -0.132033  0.195060)
     C   14  Q=         1.0000 1e-30 m^2  Cq=         1.1633 MHz  eta= 0.86571

     H   15    Vxx=   -0.0966    axis=(  0.323240 -0.746527 -0.581561)
     H   15    Vyy=   -0.6678    axis=(  0.275461  0.662166 -0.696892)
     H   15    Vzz=    0.7644    axis=(  0.905338  0.065066  0.419678)
     H   15  Q=         1.0000 1e-30 m^2  Cq=         1.7960 MHz  eta= 0.74720

     C   16    Vxx=   -0.1688    axis=( -0.657306 -0.090216  0.748204)
     C   16    Vyy=   -0.4424    axis=( -0.742830  0.244986 -0.623045)
     C   16    Vzz=    0.6111    axis=(  0.127091  0.965320  0.228046)
     C   16  Q=         1.0000 1e-30 m^2  Cq=         1.4359 MHz  eta= 0.44762

     C   17    Vxx=    0.2017    axis=(  0.900278  0.434270 -0.030153)
     C   17    Vyy=    0.4197    axis=( -0.435157  0.895919 -0.089258)
     C   17    Vzz=   -0.6214    axis=( -0.011747  0.093479  0.995552)
     C   17  Q=         1.0000 1e-30 m^2  Cq=        -1.4600 MHz  eta= 0.35089

     Cl  18    Vxx=   -1.3790    axis=(  0.914553  0.311855  0.257564)
     Cl  18    Vyy=   -1.6950    axis=( -0.147631 -0.335485  0.930406)
     Cl  18    Vzz=    3.0740    axis=( -0.376561  0.888930  0.260779)
     Cl  18  Q=        -8.1650 1e-30 m^2  Cq=       -58.9731 MHz  eta= 0.10278

     H   19    Vxx=   -0.0466    axis=(  0.997466  0.069566 -0.014915)
     H   19    Vyy=   -0.8243    axis=( -0.020888  0.486745  0.873294)
     H   19    Vzz=    0.8709    axis=(  0.068011 -0.870770  0.486965)
     H   19  Q=         1.0000 1e-30 m^2  Cq=         2.0463 MHz  eta= 0.89295

     C   20    Vxx=   -0.0080    axis=( -0.589592 -0.583230 -0.558771)
     C   20    Vyy=   -0.4686    axis=(  0.773156 -0.207370 -0.599355)
     C   20    Vzz=    0.4766    axis=(  0.233690 -0.785392  0.573191)
     C   20  Q=         1.0000 1e-30 m^2  Cq=         1.1198 MHz  eta= 0.96634

     H   21    Vxx=   -0.0725    axis=(  0.472238  0.415202 -0.777559)
     H   21    Vyy=   -0.8327    axis=(  0.184571  0.815984  0.547816)
     H   21    Vzz=    0.9052    axis=(  0.861931 -0.402215  0.308705)
     H   21  Q=         1.0000 1e-30 m^2  Cq=         2.1268 MHz  eta= 0.83976

     C   22    Vxx=    0.0156    axis=( -0.345037  0.805247 -0.482210)
     C   22    Vyy=    0.5246    axis=( -0.926393 -0.374724  0.037108)
     C   22    Vzz=   -0.5402    axis=( -0.150815  0.459520  0.875269)
     C   22  Q=         1.0000 1e-30 m^2  Cq=        -1.2693 MHz  eta= 0.94211

     C   23    Vxx=    0.0557    axis=(  0.257607 -0.211231 -0.942879)
     C   23    Vyy=    0.6063    axis=(  0.173731 -0.949785  0.260244)
     C   23    Vzz=   -0.6620    axis=(  0.950503  0.230848  0.207974)
     C   23  Q=         1.0000 1e-30 m^2  Cq=        -1.5555 MHz  eta= 0.83161

     Cl  24    Vxx=   -0.4131    axis=(  0.928746 -0.367780  0.046566)
     Cl  24    Vyy=   -2.8927    axis=(  0.016651 -0.084100 -0.996318)
     Cl  24    Vzz=    3.3059    axis=(  0.370342  0.926102 -0.071984)
     Cl  24  Q=        -8.1650 1e-30 m^2  Cq=       -63.4213 MHz  eta= 0.75006

     Initialization:
     gipaw_setup  :      8.99s CPU     11.28s WALL (       1 calls)

     Linear response

     Apply operators

     Induced current

     Other routines
     efg          :      9.19s CPU     11.71s WALL (       1 calls)

     General routines
     calbec       :      3.22s CPU      4.40s WALL (      16 calls)
     fft          :      1.62s CPU      2.39s WALL (      15 calls)
     ffts         :      0.03s CPU      0.04s WALL (       2 calls)
     fftw         :      3.23s CPU      3.98s WALL (     672 calls)
     davcio       :      0.02s CPU      0.33s WALL (      32 calls)

     Parallel routines
     fft_scatter  :      2.19s CPU      3.61s WALL (     689 calls)

     Plugins

     GIPAW        :     59.92s CPU     71.70s WALL (       1 calls)
