
     Program QE v.6.0 (svn rev. 13079) starts on 22Jan2017 at 10:13:21 

     This program is part of the open-source Quantum ESPRESSO suite
     for quantum simulation of materials; please cite
         "P. Giannozzi et al., J. Phys.:Condens. Matter 21 395502 (2009);
          URL http://www.quantum-espresso.org", 
     in publications or presentations arising from this work. More details at
     http://www.quantum-espresso.org/quote

     Parallel version (MPI), running on     8 processors
     R & G space division:  proc/nbgrp/npool/nimage =       8

     ***** This is GIPAW svn revision unknown      *****

     Parallelizing q-star over 1 images

     Reading data from directory:
     /users/majewski/paradichlorobenzene/pbe/9_constraint/scratch/pbe.ecut100.np8.dt60.pcl2phi-129368.save
     Message from routine read_xml_file:
     file /users/majewski/paradichlorobenzene/pbe/9_constraint/scratch/pbe.ecut100.np8.dt60.pcl2phi-129368.save not guaranteed to be safe for post-processing

   Info: using nr1, nr2, nr3 values from input

   Info: using nr1, nr2, nr3 values from input

     IMPORTANT: XC functional enforced from input :
     Exchange-correlation      =  SLA  PW   PBX  PBC ( 1  4  3  4 0 0)
     Any further DFT definition will be discarded
     Please, verify this is what you really want

               file C.pbe-n-kjpaw_psl.1.0.0.UPF: wavefunction(s)  2S 2P renormalized
               file Cl.pbe-n-kjpaw_psl.1.0.0.UPF: wavefunction(s)  3S 3P renormalized
               file H.pbe-kjpaw_psl.1.0.0.UPF: wavefunction(s)  1S renormalized

     Parallelization info
     --------------------
     sticks:   dense  smooth     PW     G-vecs:    dense   smooth      PW
     Min        3057    1223    332               144436    36536    5170
     Max        3059    1225    333               144437    36537    5171
     Sum       24467    9791   2657              1155489   292295   41363


     Subspace diagonalization in iterative solution of the eigenvalue problem:
     a serial algorithm will be used

     GIPAW projectors -----------------------------------------------
     atom=  C    l=0  rc=    1.2000  rs=    0.8000
     atom=  C    l=0  rc=    1.2000  rs=    0.8000
     atom=  C    l=1  rc=    1.4000  rs=    0.9333
     atom=  C    l=1  rc=    1.4000  rs=    0.9333
     projs nearly linearly dependent: l=1  n1,n2= 1, 2  s=  0.99951561

     atom=  Cl   l=0  rc=    1.6000  rs=    1.0667
     atom=  Cl   l=0  rc=    1.6000  rs=    1.0667
     atom=  Cl   l=1  rc=    1.6000  rs=    1.0667
     atom=  Cl   l=1  rc=    1.6000  rs=    1.0667
     atom=  Cl   l=2  rc=    1.6000  rs=    1.0667
     atom=  Cl   l=2  rc=    1.6000  rs=    1.0667
     projs nearly linearly dependent: l=2  n1,n2= 1, 2  s=  0.99993509

     atom=  H    l=0  rc=    1.0000  rs=    0.6667
     atom=  H    l=0  rc=    1.0000  rs=    0.6667
     projs nearly linearly dependent: l=0  n1,n2= 1, 2  s=  0.99968852
     -----------------------------------------------------------------

     GIPAW integrals: -------------------------------------------
     Atom  i/j   nmr_para   nmr_dia   epr_rmc  epr_para   epr_dia
       C   1 1   0.83E+03  0.17E-01  0.93E+01  0.24E+08  0.24E+03
       C   2 1   0.86E+03 -0.61E-01  0.94E+01  0.25E+08  0.25E+03
       C   2 2   0.90E+03 -0.15E+00  0.97E+01  0.26E+08  0.26E+03
       C   3 3   0.33E+01  0.34E+00  0.18E+01  0.55E+03  0.21E+02
       C   4 3   0.35E+01  0.37E+00  0.20E+01  0.59E+03  0.22E+02
       C   4 4   0.38E+01  0.39E+00  0.22E+01  0.63E+03  0.24E+02
       Cl  1 1   0.14E+04 -0.47E+00  0.84E+01  0.32E+09  0.42E+03
       Cl  2 1   0.21E+04 -0.37E+00  0.12E+02  0.49E+09  0.65E+03
       Cl  2 2   0.33E+04 -0.16E+00  0.21E+02  0.76E+09  0.10E+04
       Cl  3 3   0.21E+02  0.79E-01  0.89E+01  0.23E+05  0.13E+03
       Cl  4 3   0.24E+02  0.67E-01  0.99E+01  0.27E+05  0.15E+03
       Cl  4 4   0.28E+02  0.44E-01  0.11E+02  0.32E+05  0.18E+03
       Cl  5 5   0.77E+00  0.19E+00  0.18E+01  0.12E+03  0.22E+02
       Cl  6 5   0.80E+00  0.19E+00  0.19E+01  0.12E+03  0.23E+02
       Cl  6 6   0.83E+00  0.20E+00  0.19E+01  0.12E+03  0.23E+02
       H   1 1   0.39E+02  0.19E+00  0.29E+00  0.78E+05  0.13E+02
       H   2 1   0.41E+02  0.21E+00  0.32E+00  0.82E+05  0.14E+02
       H   2 2   0.43E+02  0.22E+00  0.36E+00  0.86E+05  0.15E+02
     ------------------------------------------------------------

     alpha_pv=     34.6041 eV

     Number of occupied bands for each k-point:
     k-point:     1    nbnd_occ=  42
     k-point:     2    nbnd_occ=  42
     k-point:     3    nbnd_occ=  42
     k-point:     4    nbnd_occ=  42
     k-point:     5    nbnd_occ=  42
     k-point:     6    nbnd_occ=  42
     k-point:     7    nbnd_occ=  42
     k-point:     8    nbnd_occ=  42
     k-point:     9    nbnd_occ=  42
     k-point:    10    nbnd_occ=  42
     k-point:    11    nbnd_occ=  42
     k-point:    12    nbnd_occ=  42
     k-point:    13    nbnd_occ=  42
     k-point:    14    nbnd_occ=  42
     k-point:    15    nbnd_occ=  42
     k-point:    16    nbnd_occ=  42


     q-space interpolation up to   110.00 Rydberg

     GIPAW job: efg                                                                             


     ELECTRIC FIELD GRADIENTS TENSORS IN Hartree/bohrradius^2:

     ----- bare term -----
     Cl   1       -0.067181       -0.077887       -0.016082
     Cl   1       -0.077887       -0.009008        0.135680
     Cl   1       -0.016082        0.135680        0.076190

     C    2       -0.504136        0.214237       -0.393168
     C    2        0.214237       -0.046991       -0.242682
     C    2       -0.393168       -0.242682        0.551126

     C    3       -0.043882        0.178583       -0.209527
     C    3        0.178583       -0.245327       -0.539596
     C    3       -0.209527       -0.539596        0.289209

     H    4       -0.275040        0.061712       -0.532516
     H    4        0.061712        0.084713       -0.025552
     H    4       -0.532516       -0.025552        0.190327

     C    5       -0.876924        0.376500       -0.429335
     C    5        0.376500        0.435938       -0.038504
     C    5       -0.429335       -0.038504        0.440987

     H    6        0.497003       -0.059509        0.056961
     H    6       -0.059509       -0.311275       -0.398424
     H    6        0.056961       -0.398424       -0.185728

     H    7        0.385207        0.108000       -0.178759
     H    7        0.108000       -0.228817        0.542979
     H    7       -0.178759        0.542979       -0.156389

     C    8       -0.244217       -0.266015       -0.290232
     C    8       -0.266015       -0.102752        0.483388
     C    8       -0.290232        0.483388        0.346969

     H    9       -0.027112        0.096181       -0.476524
     H    9        0.096181        0.281874       -0.165070
     H    9       -0.476524       -0.165070       -0.254762

     C   10       -0.104159       -0.452611       -0.278974
     C   10       -0.452611       -0.292500        0.483302
     C   10       -0.278974        0.483302        0.396659

     C   11       -0.094952        0.274014       -0.367748
     C   11        0.274014       -0.102297        0.604371
     C   11       -0.367748        0.604371        0.197249

     Cl  12        0.020027       -0.297026       -0.065788
     Cl  12       -0.297026       -0.012054        0.043722
     Cl  12       -0.065788        0.043722       -0.007973

     H   13        0.235330        0.077347        0.355280
     H   13        0.077347        0.082289       -0.415852
     H   13        0.355280       -0.415852       -0.317619

     C   14       -0.099611       -0.033637       -0.369560
     C   14       -0.033637       -0.213254       -0.305810
     C   14       -0.369560       -0.305810        0.312865

     H   15        0.092726       -0.103949       -0.306482
     H   15       -0.103949        0.478089       -0.268983
     H   15       -0.306482       -0.268983       -0.570815

     C   16       -0.311042        0.341655       -0.299779
     C   16        0.341655       -0.000061       -0.051346
     C   16       -0.299779       -0.051346        0.311103

     C   17        0.000298       -0.118532       -0.351114
     C   17       -0.118532       -0.426816       -0.383275
     C   17       -0.351114       -0.383275        0.426518

     Cl  18       -0.193085        0.276517        0.009344
     Cl  18        0.276517        0.182519        0.048748
     Cl  18        0.009344        0.048748        0.010566

     H   19        0.468877        0.012221        0.103052
     H   19        0.012221        0.135443        0.134132
     H   19        0.103052        0.134132       -0.604320

     C   20       -0.392597       -0.299985       -0.045989
     C   20       -0.299985        0.137869        0.272834
     C   20       -0.045989        0.272834        0.254728

     H   21        0.061675       -0.057893       -0.489107
     H   21       -0.057893        0.163098       -0.253957
     H   21       -0.489107       -0.253957       -0.224773

     C   22        0.177163       -0.076651       -0.066070
     C   22       -0.076651       -0.081844        0.190648
     C   22       -0.066070        0.190648       -0.095318

     C   23       -0.316825       -0.303955       -0.376865
     C   23       -0.303955        0.084944        0.249528
     C   23       -0.376865        0.249528        0.231881

     Cl  24        0.041846        0.268458        0.318018
     Cl  24        0.268458       -0.109448       -0.444273
     Cl  24        0.318018       -0.444273        0.067602

     ----- ionic term -----
     Cl   1        0.125619       -0.221945        0.017876
     Cl   1       -0.221945        0.018075        0.000556
     Cl   1        0.017876        0.000556       -0.143694

     C    2        0.130776       -0.242844        0.285537
     C    2       -0.242844        0.037793        0.440275
     C    2        0.285537        0.440275       -0.168569

     C    3        0.169343       -0.310775        0.197013
     C    3       -0.310775        0.039234        0.395043
     C    3        0.197013        0.395043       -0.208577

     H    4        0.538262        0.180403        0.748745
     H    4        0.180403       -0.503022        0.201590
     H    4        0.748745        0.201590       -0.035240

     C    5        0.285157       -0.241367        0.316311
     C    5       -0.241367       -0.120877        0.323898
     C    5        0.316311        0.323898       -0.164281

     H    6       -0.527166       -0.006885        0.003427
     H    6       -0.006885        0.345696        0.812934
     H    6        0.003427        0.812934        0.181470

     H    7       -0.546505       -0.072021        0.079678
     H    7       -0.072021        0.351684       -0.787667
     H    7        0.079678       -0.787667        0.194821

     C    8        0.100121        0.269756        0.372917
     C    8        0.269756        0.062081       -0.230530
     C    8        0.372917       -0.230530       -0.162202

     H    9        0.503918       -0.091199        0.772733
     H    9       -0.091199       -0.511915       -0.139291
     H    9        0.772733       -0.139291        0.007997

     C   10       -0.015885        0.310109        0.270924
     C   10        0.310109        0.168222       -0.337235
     C   10        0.270924       -0.337235       -0.152337

     C   11        0.011611        0.229871        0.385782
     C   11        0.229871        0.045153       -0.378279
     C   11        0.385782       -0.378279       -0.056764

     Cl  12        0.070473        0.189696        0.028426
     Cl  12        0.189696        0.065697        0.015525
     Cl  12        0.028426        0.015525       -0.136170

     H   13       -0.507356       -0.107696       -0.039179
     H   13       -0.107696        0.503801        0.770529
     H   13       -0.039179        0.770529        0.003555

     C   14        0.265953       -0.279108        0.301864
     C   14       -0.279108       -0.033071        0.303226
     C   14        0.301864        0.303226       -0.232882

     H   15        0.564102        0.287970        0.755630
     H   15        0.287970       -0.475007        0.253897
     H   15        0.755630        0.253897       -0.089096

     C   16        0.153997       -0.302365        0.204470
     C   16       -0.302365        0.049895        0.393289
     C   16        0.204470        0.393289       -0.203892

     C   17        0.209573       -0.206925        0.264981
     C   17       -0.206925       -0.087562        0.446984
     C   17        0.264981        0.446984       -0.122012

     Cl  18        0.172274       -0.181076       -0.015727
     Cl  18       -0.181076       -0.062195        0.007052
     Cl  18       -0.015727        0.007052       -0.110079

     H   19       -0.542973        0.037228       -0.034509
     H   19        0.037228        0.278619       -0.792197
     H   19       -0.034509       -0.792197        0.264355

     C   20        0.129454        0.295790        0.340079
     C   20        0.295790       -0.027618       -0.271859
     C   20        0.340079       -0.271859       -0.101836

     H   21        0.647308       -0.283889        0.658649
     H   21       -0.283889       -0.413000       -0.230525
     H   21        0.658649       -0.230525       -0.234308

     C   22        0.091802        0.271522        0.218392
     C   22        0.271522        0.166755       -0.356850
     C   22        0.218392       -0.356850       -0.258558

     C   23        0.061617        0.316499        0.382319
     C   23        0.316499        0.132627       -0.298739
     C   23        0.382319       -0.298739       -0.194244

     Cl  24        0.074227        0.258971        0.058737
     Cl  24        0.258971        0.093908        0.035749
     Cl  24        0.058737        0.035749       -0.168135

     ----- GIPAW term -----
     Cl   1        0.383782       -2.481631       -0.346837
     Cl   1       -2.481631        0.054774        1.392689
     Cl   1       -0.346837        1.392689       -0.438556

     C    2       -0.072805       -0.099457       -0.173451
     C    2       -0.099457       -0.076792        0.056488
     C    2       -0.173451        0.056488        0.149597

     C    3       -0.075518       -0.003044       -0.041671
     C    3       -0.003044        0.084625       -0.004331
     C    3       -0.041671       -0.004331       -0.009107

     H    4       -0.000000        0.000000        0.000000
     H    4        0.000000        0.000000        0.000000
     H    4        0.000000        0.000000        0.000000

     C    5       -0.242304        0.083025       -0.038746
     C    5        0.083025        0.246605        0.146563
     C    5       -0.038746        0.146563       -0.004301

     H    6       -0.000000        0.000000        0.000000
     H    6        0.000000        0.000000        0.000000
     H    6        0.000000        0.000000        0.000000

     H    7       -0.000000        0.000000        0.000000
     H    7        0.000000        0.000000        0.000000
     H    7        0.000000        0.000000        0.000000

     C    8       -0.041268       -0.098847       -0.054150
     C    8       -0.098847        0.039157        0.145690
     C    8       -0.054150        0.145690        0.002111

     H    9       -0.000000        0.000000        0.000000
     H    9        0.000000        0.000000        0.000000
     H    9        0.000000        0.000000        0.000000

     C   10        0.005877       -0.122663       -0.141291
     C   10       -0.122663       -0.077602        0.117049
     C   10       -0.141291        0.117049        0.071726

     C   11        0.114416        0.230415        0.025122
     C   11        0.230415       -0.051133        0.125202
     C   11        0.025122        0.125202       -0.063283

     Cl  12        1.997289       -0.350225       -0.648574
     Cl  12       -0.350225        0.118699        0.472067
     Cl  12       -0.648574        0.472067       -2.115987

     H   13       -0.000000        0.000000        0.000000
     H   13        0.000000        0.000000        0.000000
     H   13        0.000000        0.000000        0.000000

     C   14       -0.015152       -0.045516       -0.185677
     C   14       -0.045516       -0.165152       -0.004257
     C   14       -0.185677       -0.004257        0.180304

     H   15       -0.000000        0.000000        0.000000
     H   15        0.000000        0.000000        0.000000
     H   15        0.000000        0.000000        0.000000

     C   16       -0.076824        0.004465       -0.145869
     C   16        0.004465       -0.070404        0.048939
     C   16       -0.145869        0.048939        0.147228

     C   17       -0.051088       -0.150744       -0.102192
     C   17       -0.150744       -0.106247        0.113211
     C   17       -0.102192        0.113211        0.157334

     Cl  18       -0.220977        0.047570        0.119233
     Cl  18        0.047570        2.328705        0.675103
     Cl  18        0.119233        0.675103       -2.107729

     H   19       -0.000000        0.000000        0.000000
     H   19        0.000000        0.000000        0.000000
     H   19        0.000000        0.000000        0.000000

     C   20       -0.124931       -0.016134        0.018661
     C   20       -0.016134        0.050869        0.162024
     C   20        0.018661        0.162024        0.074061

     H   21       -0.000000        0.000000        0.000000
     H   21        0.000000        0.000000        0.000000
     H   21        0.000000        0.000000        0.000000

     C   22       -0.016187       -0.003216       -0.010754
     C   22       -0.003216        0.028830        0.046098
     C   22       -0.010754        0.046098       -0.012643

     C   23       -0.071589       -0.061182       -0.087595
     C   23       -0.061182        0.110677        0.137502
     C   23       -0.087595        0.137502       -0.039089

     Cl  24        0.067781        0.372084       -0.008964
     Cl  24        0.372084        0.242175        0.213568
     Cl  24       -0.008964        0.213568       -0.309957

     ----- total EFG -----
     Cl   1        0.442220       -2.781463       -0.345043
     Cl   1       -2.781463        0.063841        1.528925
     Cl   1       -0.345043        1.528925       -0.506061

     C    2       -0.446165       -0.128063       -0.281082
     C    2       -0.128063       -0.085990        0.254081
     C    2       -0.281082        0.254081        0.532154

     C    3        0.049943       -0.135236       -0.054185
     C    3       -0.135236       -0.121467       -0.148884
     C    3       -0.054185       -0.148884        0.071525

     H    4        0.263222        0.242115        0.216229
     H    4        0.242115       -0.418309        0.176038
     H    4        0.216229        0.176038        0.155087

     C    5       -0.834071        0.218158       -0.151770
     C    5        0.218158        0.561666        0.431957
     C    5       -0.151770        0.431957        0.272405

     H    6       -0.030163       -0.066394        0.060388
     H    6       -0.066394        0.034421        0.414509
     H    6        0.060388        0.414509       -0.004258

     H    7       -0.161298        0.035980       -0.099082
     H    7        0.035980        0.122867       -0.244687
     H    7       -0.099082       -0.244687        0.038432

     C    8       -0.185365       -0.095106        0.028536
     C    8       -0.095106       -0.001514        0.398548
     C    8        0.028536        0.398548        0.186878

     H    9        0.476806        0.004982        0.296209
     H    9        0.004982       -0.230041       -0.304361
     H    9        0.296209       -0.304361       -0.246765

     C   10       -0.114167       -0.265165       -0.149341
     C   10       -0.265165       -0.201880        0.263117
     C   10       -0.149341        0.263117        0.316047

     C   11        0.031076        0.734301        0.043156
     C   11        0.734301       -0.108277        0.351294
     C   11        0.043156        0.351294        0.077202

     Cl  12        2.087788       -0.457555       -0.685936
     Cl  12       -0.457555        0.172342        0.531314
     Cl  12       -0.685936        0.531314       -2.260130

     H   13       -0.272027       -0.030350        0.316100
     H   13       -0.030350        0.586090        0.354678
     H   13        0.316100        0.354678       -0.314063

     C   14        0.151190       -0.358261       -0.253373
     C   14       -0.358261       -0.411477       -0.006841
     C   14       -0.253373       -0.006841        0.260287

     H   15        0.656828        0.184022        0.449148
     H   15        0.184022        0.003082       -0.015086
     H   15        0.449148       -0.015086       -0.659911

     C   16       -0.233869        0.043755       -0.241178
     C   16        0.043755       -0.020570        0.390882
     C   16       -0.241178        0.390882        0.254439

     C   17        0.158784       -0.476201       -0.188325
     C   17       -0.476201       -0.620625        0.176920
     C   17       -0.188325        0.176920        0.461841

     Cl  18       -0.241788        0.143011        0.112850
     Cl  18        0.143011        2.449030        0.730902
     Cl  18        0.112850        0.730902       -2.207241

     H   19       -0.074096        0.049449        0.068543
     H   19        0.049449        0.414061       -0.658066
     H   19        0.068543       -0.658066       -0.339965

     C   20       -0.388073       -0.020329        0.312751
     C   20       -0.020329        0.161120        0.162998
     C   20        0.312751        0.162998        0.226953

     H   21        0.708983       -0.341782        0.169542
     H   21       -0.341782       -0.249902       -0.484482
     H   21        0.169542       -0.484482       -0.459081

     C   22        0.252778        0.191655        0.141568
     C   22        0.191655        0.113741       -0.120103
     C   22        0.141568       -0.120103       -0.366519

     C   23       -0.326797       -0.048638       -0.082141
     C   23       -0.048638        0.328248        0.088291
     C   23       -0.082141        0.088291       -0.001451

     Cl  24        0.183855        0.899513        0.367791
     Cl  24        0.899513        0.226634       -0.194956
     Cl  24        0.367791       -0.194956       -0.410489

     ----- total EFG (symmetrized) -----
     Cl   1        0.442220       -2.781463       -0.345043
     Cl   1       -2.781463        0.063841        1.528925
     Cl   1       -0.345043        1.528925       -0.506061

     C    2       -0.446165       -0.128063       -0.281082
     C    2       -0.128063       -0.085990        0.254081
     C    2       -0.281082        0.254081        0.532154

     C    3        0.049943       -0.135236       -0.054185
     C    3       -0.135236       -0.121467       -0.148884
     C    3       -0.054185       -0.148884        0.071525

     H    4        0.263222        0.242115        0.216229
     H    4        0.242115       -0.418309        0.176038
     H    4        0.216229        0.176038        0.155087

     C    5       -0.834071        0.218158       -0.151770
     C    5        0.218158        0.561666        0.431957
     C    5       -0.151770        0.431957        0.272405

     H    6       -0.030163       -0.066394        0.060388
     H    6       -0.066394        0.034421        0.414509
     H    6        0.060388        0.414509       -0.004258

     H    7       -0.161298        0.035980       -0.099082
     H    7        0.035980        0.122867       -0.244687
     H    7       -0.099082       -0.244687        0.038432

     C    8       -0.185365       -0.095106        0.028536
     C    8       -0.095106       -0.001514        0.398548
     C    8        0.028536        0.398548        0.186878

     H    9        0.476806        0.004982        0.296209
     H    9        0.004982       -0.230041       -0.304361
     H    9        0.296209       -0.304361       -0.246765

     C   10       -0.114167       -0.265165       -0.149341
     C   10       -0.265165       -0.201880        0.263117
     C   10       -0.149341        0.263117        0.316047

     C   11        0.031076        0.734301        0.043156
     C   11        0.734301       -0.108277        0.351294
     C   11        0.043156        0.351294        0.077202

     Cl  12        2.087788       -0.457555       -0.685936
     Cl  12       -0.457555        0.172342        0.531314
     Cl  12       -0.685936        0.531314       -2.260130

     H   13       -0.272027       -0.030350        0.316100
     H   13       -0.030350        0.586090        0.354678
     H   13        0.316100        0.354678       -0.314063

     C   14        0.151190       -0.358261       -0.253373
     C   14       -0.358261       -0.411477       -0.006841
     C   14       -0.253373       -0.006841        0.260287

     H   15        0.656828        0.184022        0.449148
     H   15        0.184022        0.003082       -0.015086
     H   15        0.449148       -0.015086       -0.659911

     C   16       -0.233869        0.043755       -0.241178
     C   16        0.043755       -0.020570        0.390882
     C   16       -0.241178        0.390882        0.254439

     C   17        0.158784       -0.476201       -0.188325
     C   17       -0.476201       -0.620625        0.176920
     C   17       -0.188325        0.176920        0.461841

     Cl  18       -0.241788        0.143011        0.112850
     Cl  18        0.143011        2.449030        0.730902
     Cl  18        0.112850        0.730902       -2.207241

     H   19       -0.074096        0.049449        0.068543
     H   19        0.049449        0.414061       -0.658066
     H   19        0.068543       -0.658066       -0.339965

     C   20       -0.388073       -0.020329        0.312751
     C   20       -0.020329        0.161120        0.162998
     C   20        0.312751        0.162998        0.226953

     H   21        0.708983       -0.341782        0.169542
     H   21       -0.341782       -0.249902       -0.484482
     H   21        0.169542       -0.484482       -0.459081

     C   22        0.252778        0.191655        0.141568
     C   22        0.191655        0.113741       -0.120103
     C   22        0.141568       -0.120103       -0.366519

     C   23       -0.326797       -0.048638       -0.082141
     C   23       -0.048638        0.328248        0.088291
     C   23       -0.082141        0.088291       -0.001451

     Cl  24        0.183855        0.899513        0.367791
     Cl  24        0.899513        0.226634       -0.194956
     Cl  24        0.367791       -0.194956       -0.410489


     NQR/NMR SPECTROSCOPIC PARAMETERS:
     Cl   1    Vxx=   -0.5742    axis=(  0.493183  0.072680  0.866884)
     Cl   1    Vyy=   -2.9026    axis=(  0.566770  0.729137 -0.383575)
     Cl   1    Vzz=    3.4767    axis=( -0.659956  0.680497  0.318406)
     Cl   1  Q=        -8.1650 1e-30 m^2  Cq=       -66.6993 MHz  eta= 0.66970

     C    2    Vxx=   -0.1753    axis=(  0.065956 -0.930473  0.360374)
     C    2    Vyy=   -0.5302    axis=( -0.963796 -0.152919 -0.218435)
     C    2    Vzz=    0.7055    axis=( -0.258355  0.332920  0.906872)
     C    2  Q=         1.0000 1e-30 m^2  Cq=         1.6577 MHz  eta= 0.50300

     C    3    Vxx=    0.1101    axis=(  0.852723 -0.183539 -0.489057)
     C    3    Vyy=    0.1582    axis=(  0.317812 -0.560730  0.764576)
     C    3    Vzz=   -0.2683    axis=(  0.414558  0.807400  0.419817)
     C    3  Q=         1.0000 1e-30 m^2  Cq=        -0.6304 MHz  eta= 0.17913

     H    4    Vxx=   -0.0136    axis=( -0.606322 -0.016905  0.795040)
     H    4    Vyy=   -0.5132    axis=( -0.249824  0.953206 -0.170256)
     H    4    Vzz=    0.5268    axis=( -0.754958 -0.301850 -0.582172)
     H    4  Q=         1.0000 1e-30 m^2  Cq=         1.2377 MHz  eta= 0.94852

     C    5    Vxx=    0.0332    axis=( -0.274789 -0.537934  0.796943)
     C    5    Vyy=    0.8773    axis=( -0.053730 -0.818964 -0.571324)
     C    5    Vzz=   -0.9105    axis=( -0.960002  0.199813 -0.196139)
     C    5  Q=         1.0000 1e-30 m^2  Cq=        -2.1393 MHz  eta= 0.92715

     H    6    Vxx=   -0.0097    axis=(  0.974575 -0.144238  0.171460)
     H    6    Vyy=   -0.4204    axis=( -0.223620 -0.674152  0.703927)
     H    6    Vzz=    0.4301    axis=( -0.014057  0.724371  0.689267)
     H    6  Q=         1.0000 1e-30 m^2  Cq=         1.0106 MHz  eta= 0.95484

     H    7    Vxx=   -0.1208    axis=(  0.659154 -0.579101 -0.479748)
     H    7    Vyy=   -0.2248    axis=(  0.730352  0.340982  0.591876)
     H    7    Vzz=    0.3456    axis=(  0.179171  0.740522 -0.647707)
     H    7  Q=         1.0000 1e-30 m^2  Cq=         0.8120 MHz  eta= 0.30094

     C    8    Vxx=   -0.1394    axis=(  0.885997 -0.330081  0.325661)
     C    8    Vyy=   -0.3647    axis=(  0.460552  0.708009 -0.535364)
     C    8    Vzz=    0.5042    axis=( -0.053857  0.624315  0.779314)
     C    8  Q=         1.0000 1e-30 m^2  Cq=         1.1846 MHz  eta= 0.44686

     H    9    Vxx=   -0.0062    axis=(  0.332561  0.762374 -0.555148)
     H    9    Vyy=   -0.5893    axis=( -0.209835  0.633714  0.744565)
     H    9    Vzz=    0.5955    axis=(  0.919441 -0.131124  0.370721)
     H    9  Q=         1.0000 1e-30 m^2  Cq=         1.3993 MHz  eta= 0.97905

     C   10    Vxx=   -0.0787    axis=( -0.731747  0.406052 -0.547420)
     C   10    Vyy=   -0.4444    axis=( -0.570610 -0.804226  0.166206)
     C   10    Vzz=    0.5231    axis=( -0.372761  0.433984  0.820187)
     C   10  Q=         1.0000 1e-30 m^2  Cq=         1.2292 MHz  eta= 0.69894

     C   11    Vxx=    0.0346    axis=( -0.439568 -0.054786  0.896537)
     C   11    Vyy=    0.8030    axis=( -0.653270 -0.665540 -0.360965)
     C   11    Vzz=   -0.8376    axis=(  0.616457 -0.744349  0.256760)
     C   11  Q=         1.0000 1e-30 m^2  Cq=        -1.9680 MHz  eta= 0.91744

     Cl  12    Vxx=    0.1188    axis=(  0.268805  0.953620  0.135474)
     Cl  12    Vyy=    2.3280    axis=( -0.954390  0.244726  0.171022)
     Cl  12    Vzz=   -2.4469    axis=(  0.129936 -0.175266  0.975909)
     Cl  12  Q=        -8.1650 1e-30 m^2  Cq=        46.9421 MHz  eta= 0.90286

     H   13    Vxx=   -0.0398    axis=(  0.787256 -0.274683  0.552067)
     H   13    Vyy=   -0.6755    axis=(  0.611089  0.227826 -0.758067)
     H   13    Vzz=    0.7152    axis=(  0.082453  0.934155  0.347213)
     H   13  Q=         1.0000 1e-30 m^2  Cq=         1.6805 MHz  eta= 0.88879

     C   14    Vxx=    0.0772    axis=( -0.542056  0.407701 -0.734817)
     C   14    Vyy=    0.5254    axis=(  0.700841 -0.263158 -0.663001)
     C   14    Vzz=   -0.6026    axis=(  0.463679  0.874373  0.143087)
     C   14  Q=         1.0000 1e-30 m^2  Cq=        -1.4158 MHz  eta= 0.74385

     H   15    Vxx=   -0.0265    axis=( -0.168717  0.975255 -0.142874)
     H   15    Vyy=   -0.8045    axis=(  0.302644 -0.086693 -0.949153)
     H   15    Vzz=    0.8310    axis=( -0.938052 -0.203378 -0.280529)
     H   15  Q=         1.0000 1e-30 m^2  Cq=         1.9526 MHz  eta= 0.93612

     C   16    Vxx=   -0.1131    axis=(  0.711808  0.661424 -0.236319)
     C   16    Vyy=   -0.4565    axis=( -0.667775  0.532992 -0.519611)
     C   16    Vzz=    0.5696    axis=( -0.217727  0.527672  0.821071)
     C   16  Q=         1.0000 1e-30 m^2  Cq=         1.3383 MHz  eta= 0.60274

     C   17    Vxx=    0.1767    axis=( -0.710962  0.281628 -0.644374)
     C   17    Vyy=    0.6745    axis=( -0.566947  0.312574  0.762147)
     C   17    Vzz=   -0.8512    axis=( -0.416057 -0.907184  0.062560)
     C   17  Q=         1.0000 1e-30 m^2  Cq=        -2.0000 MHz  eta= 0.58476

     Cl  18    Vxx=   -0.2468    axis=(  0.997477 -0.062195  0.034231)
     Cl  18    Vyy=   -2.3232    axis=(  0.043249  0.149985 -0.987742)
     Cl  18    Vzz=    2.5700    axis=(  0.056299  0.986730  0.152296)
     Cl  18  Q=        -8.1650 1e-30 m^2  Cq=       -49.3042 MHz  eta= 0.80791

     H   19    Vxx=   -0.0634    axis=(  0.991883  0.055170  0.114564)
     H   19    Vyy=   -0.7321    axis=( -0.126783  0.498001  0.857858)
     H   19    Vzz=    0.7955    axis=( -0.009725 -0.865420  0.500953)
     H   19  Q=         1.0000 1e-30 m^2  Cq=         1.8692 MHz  eta= 0.84054

     C   20    Vxx=    0.0949    axis=(  0.290048 -0.873439  0.391122)
     C   20    Vyy=    0.4343    axis=(  0.303263  0.471514  0.828074)
     C   20    Vzz=   -0.5292    axis=( -0.907692 -0.121569  0.401643)
     C   20  Q=         1.0000 1e-30 m^2  Cq=        -1.2434 MHz  eta= 0.64141

     H   21    Vxx=   -0.0416    axis=(  0.440055  0.669588 -0.598334)
     H   21    Vyy=   -0.8549    axis=(  0.057965  0.643746  0.763040)
     H   21    Vzz=    0.8965    axis=(  0.896098 -0.370462  0.244471)
     H   21  Q=         1.0000 1e-30 m^2  Cq=         2.1065 MHz  eta= 0.90721

     C   22    Vxx=    0.0548    axis=( -0.483779  0.785257 -0.386432)
     C   22    Vyy=    0.3904    axis=(  0.833831  0.547685  0.069051)
     C   22    Vzz=   -0.4452    axis=( -0.265865  0.288813  0.919730)
     C   22  Q=         1.0000 1e-30 m^2  Cq=        -1.0459 MHz  eta= 0.75393

     C   23    Vxx=   -0.0096    axis=( -0.201394 -0.274662  0.940213)
     C   23    Vyy=   -0.3475    axis=( -0.974447 -0.041291 -0.220789)
     C   23    Vzz=    0.3571    axis=(  0.099465 -0.960654 -0.259328)
     C   23  Q=         1.0000 1e-30 m^2  Cq=         0.8391 MHz  eta= 0.94596

     Cl  24    Vxx=   -0.1360    axis=(  0.361292 -0.460103  0.811032)
     Cl  24    Vyy=   -0.9786    axis=( -0.605534  0.545654  0.579302)
     Cl  24    Vzz=    1.1146    axis=( -0.709082 -0.700404 -0.081467)
     Cl  24  Q=        -8.1650 1e-30 m^2  Cq=       -21.3833 MHz  eta= 0.75588

     Initialization:
     gipaw_setup  :      9.36s CPU     11.10s WALL (       1 calls)

     Linear response

     Apply operators

     Induced current

     Other routines
     efg          :      9.33s CPU     11.90s WALL (       1 calls)

     General routines
     calbec       :      3.35s CPU      4.48s WALL (      16 calls)
     fft          :      1.61s CPU      2.53s WALL (      15 calls)
     ffts         :      0.04s CPU      0.05s WALL (       2 calls)
     fftw         :      3.22s CPU      3.80s WALL (     672 calls)
     davcio       :      0.02s CPU      0.32s WALL (      32 calls)

     Parallel routines
     fft_scatter  :      2.26s CPU      3.60s WALL (     689 calls)

     Plugins

     GIPAW        :     60.63s CPU     72.59s WALL (       1 calls)
