
     Program QE v.6.0 (svn rev. 13079) starts on 27Dec2016 at  3:12:55 

     This program is part of the open-source Quantum ESPRESSO suite
     for quantum simulation of materials; please cite
         "P. Giannozzi et al., J. Phys.:Condens. Matter 21 395502 (2009);
          URL http://www.quantum-espresso.org", 
     in publications or presentations arising from this work. More details at
     http://www.quantum-espresso.org/quote

     Parallel version (MPI), running on     8 processors
     R & G space division:  proc/nbgrp/npool/nimage =       8

     ***** This is GIPAW svn revision unknown      *****

     Parallelizing q-star over 1 images

     Reading data from directory:
     /users/majewski/paradichlorobenzene/pbe/9_constraint/scratch/pbe.ecut100.np8.dt60.pcl2phi-129368.save
     Message from routine read_xml_file:
     file /users/majewski/paradichlorobenzene/pbe/9_constraint/scratch/pbe.ecut100.np8.dt60.pcl2phi-129368.save not guaranteed to be safe for post-processing

   Info: using nr1, nr2, nr3 values from input

   Info: using nr1, nr2, nr3 values from input

     IMPORTANT: XC functional enforced from input :
     Exchange-correlation      =  SLA  PW   PBX  PBC ( 1  4  3  4 0 0)
     Any further DFT definition will be discarded
     Please, verify this is what you really want

               file C.pbe-n-kjpaw_psl.1.0.0.UPF: wavefunction(s)  2S 2P renormalized
               file Cl.pbe-n-kjpaw_psl.1.0.0.UPF: wavefunction(s)  3S 3P renormalized
               file H.pbe-kjpaw_psl.1.0.0.UPF: wavefunction(s)  1S renormalized

     Parallelization info
     --------------------
     sticks:   dense  smooth     PW     G-vecs:    dense   smooth      PW
     Min        3057    1223    332               144436    36536    5170
     Max        3059    1225    333               144437    36537    5171
     Sum       24467    9791   2657              1155489   292295   41363


     Subspace diagonalization in iterative solution of the eigenvalue problem:
     a serial algorithm will be used

     GIPAW projectors -----------------------------------------------
     atom=  C    l=0  rc=    1.2000  rs=    0.8000
     atom=  C    l=0  rc=    1.2000  rs=    0.8000
     atom=  C    l=1  rc=    1.4000  rs=    0.9333
     atom=  C    l=1  rc=    1.4000  rs=    0.9333
     projs nearly linearly dependent: l=1  n1,n2= 1, 2  s=  0.99951561

     atom=  Cl   l=0  rc=    1.6000  rs=    1.0667
     atom=  Cl   l=0  rc=    1.6000  rs=    1.0667
     atom=  Cl   l=1  rc=    1.6000  rs=    1.0667
     atom=  Cl   l=1  rc=    1.6000  rs=    1.0667
     atom=  Cl   l=2  rc=    1.6000  rs=    1.0667
     atom=  Cl   l=2  rc=    1.6000  rs=    1.0667
     projs nearly linearly dependent: l=2  n1,n2= 1, 2  s=  0.99993509

     atom=  H    l=0  rc=    1.0000  rs=    0.6667
     atom=  H    l=0  rc=    1.0000  rs=    0.6667
     projs nearly linearly dependent: l=0  n1,n2= 1, 2  s=  0.99968852
     -----------------------------------------------------------------

     GIPAW integrals: -------------------------------------------
     Atom  i/j   nmr_para   nmr_dia   epr_rmc  epr_para   epr_dia
       C   1 1   0.83E+03  0.17E-01  0.93E+01  0.24E+08  0.24E+03
       C   2 1   0.86E+03 -0.61E-01  0.94E+01  0.25E+08  0.25E+03
       C   2 2   0.90E+03 -0.15E+00  0.97E+01  0.26E+08  0.26E+03
       C   3 3   0.33E+01  0.34E+00  0.18E+01  0.55E+03  0.21E+02
       C   4 3   0.35E+01  0.37E+00  0.20E+01  0.59E+03  0.22E+02
       C   4 4   0.38E+01  0.39E+00  0.22E+01  0.63E+03  0.24E+02
       Cl  1 1   0.14E+04 -0.47E+00  0.84E+01  0.32E+09  0.42E+03
       Cl  2 1   0.21E+04 -0.37E+00  0.12E+02  0.49E+09  0.65E+03
       Cl  2 2   0.33E+04 -0.16E+00  0.21E+02  0.76E+09  0.10E+04
       Cl  3 3   0.21E+02  0.79E-01  0.89E+01  0.23E+05  0.13E+03
       Cl  4 3   0.24E+02  0.67E-01  0.99E+01  0.27E+05  0.15E+03
       Cl  4 4   0.28E+02  0.44E-01  0.11E+02  0.32E+05  0.18E+03
       Cl  5 5   0.77E+00  0.19E+00  0.18E+01  0.12E+03  0.22E+02
       Cl  6 5   0.80E+00  0.19E+00  0.19E+01  0.12E+03  0.23E+02
       Cl  6 6   0.83E+00  0.20E+00  0.19E+01  0.12E+03  0.23E+02
       H   1 1   0.39E+02  0.19E+00  0.29E+00  0.78E+05  0.13E+02
       H   2 1   0.41E+02  0.21E+00  0.32E+00  0.82E+05  0.14E+02
       H   2 2   0.43E+02  0.22E+00  0.36E+00  0.86E+05  0.15E+02
     ------------------------------------------------------------

     alpha_pv=     34.2799 eV

     Number of occupied bands for each k-point:
     k-point:     1    nbnd_occ=  42
     k-point:     2    nbnd_occ=  42
     k-point:     3    nbnd_occ=  42
     k-point:     4    nbnd_occ=  42
     k-point:     5    nbnd_occ=  42
     k-point:     6    nbnd_occ=  42
     k-point:     7    nbnd_occ=  42
     k-point:     8    nbnd_occ=  42
     k-point:     9    nbnd_occ=  42
     k-point:    10    nbnd_occ=  42
     k-point:    11    nbnd_occ=  42
     k-point:    12    nbnd_occ=  42
     k-point:    13    nbnd_occ=  42
     k-point:    14    nbnd_occ=  42
     k-point:    15    nbnd_occ=  42
     k-point:    16    nbnd_occ=  42


     q-space interpolation up to   110.00 Rydberg

     GIPAW job: efg                                                                             


     ELECTRIC FIELD GRADIENTS TENSORS IN Hartree/bohrradius^2:

     ----- bare term -----
     Cl   1       -0.038716        0.067123       -0.010907
     Cl   1        0.067123       -0.008515        0.024138
     Cl   1       -0.010907        0.024138        0.047230

     C    2       -0.140694        0.109281       -0.409824
     C    2        0.109281        0.090535       -0.138080
     C    2       -0.409824       -0.138080        0.050159

     C    3        0.126493        0.536133        0.005741
     C    3        0.536133       -0.258122       -0.567670
     C    3        0.005741       -0.567670        0.131629

     H    4       -0.401100       -0.147828       -0.564258
     H    4       -0.147828        0.184517       -0.216166
     H    4       -0.564258       -0.216166        0.216583

     C    5       -0.659501        0.348816       -0.416822
     C    5        0.348816        0.310136       -0.118662
     C    5       -0.416822       -0.118662        0.349365

     H    6        0.399398       -0.184579        0.066549
     H    6       -0.184579       -0.553387       -0.357655
     H    6        0.066549       -0.357655        0.153989

     H    7        0.415654       -0.068354       -0.022148
     H    7       -0.068354       -0.716411        0.342321
     H    7       -0.022148        0.342321        0.300757

     C    8       -0.124220        0.213003       -0.478536
     C    8        0.213003       -0.087678        0.452937
     C    8       -0.478536        0.452937        0.211898

     H    9       -0.145995        0.273665       -0.393303
     H    9        0.273665       -0.207911        0.246161
     H    9       -0.393303        0.246161        0.353906

     C   10       -0.501919       -0.326651       -0.087256
     C   10       -0.326651        0.103135        0.380164
     C   10       -0.087256        0.380164        0.398783

     C   11       -0.084127        0.336908       -0.354632
     C   11        0.336908       -0.011140        0.733249
     C   11       -0.354632        0.733249        0.095268

     Cl  12       -0.346394       -0.310335        0.052620
     Cl  12       -0.310335        0.130979        0.103443
     Cl  12        0.052620        0.103443        0.215416

     H   13        0.228800       -0.448627        0.079140
     H   13       -0.448627       -0.590888       -0.003619
     H   13        0.079140       -0.003619        0.362088

     C   14        0.011267        0.122838        0.017656
     C   14        0.122838       -0.231727       -0.165222
     C   14        0.017656       -0.165222        0.220459

     H   15       -0.191961       -0.530308       -0.238144
     H   15       -0.530308       -0.191770       -0.124055
     H   15       -0.238144       -0.124055        0.383731

     C   16       -0.380162        0.284446       -0.292376
     C   16        0.284446        0.147953       -0.182587
     C   16       -0.292376       -0.182587        0.232209

     C   17        0.047084        0.361236       -0.073886
     C   17        0.361236       -0.109726       -0.553479
     C   17       -0.073886       -0.553479        0.062642

     Cl  18       -0.119069        0.004836        0.023447
     Cl  18        0.004836       -0.111875        0.018940
     Cl  18        0.023447        0.018940        0.230944

     H   19       -0.019159        0.123875       -0.242165
     H   19        0.123875       -0.235429        0.475938
     H   19       -0.242165        0.475938        0.254588

     C   20       -0.405553       -0.324942       -0.200030
     C   20       -0.324942        0.000148        0.282852
     C   20       -0.200030        0.282852        0.405406

     H   21       -0.718604        0.226681        0.004649
     H   21        0.226681        0.423127        0.117410
     H   21        0.004649        0.117410        0.295478

     C   22        0.096240        0.183048       -0.447249
     C   22        0.183048       -0.343352        0.490974
     C   22       -0.447249        0.490974        0.247112

     C   23       -0.319904       -0.306254       -0.361958
     C   23       -0.306254       -0.120439        0.273430
     C   23       -0.361958        0.273430        0.440343

     Cl  24       -0.050873        0.030605        0.017185
     Cl  24        0.030605       -0.036974       -0.002890
     Cl  24        0.017185       -0.002890        0.087847

     ----- ionic term -----
     Cl   1        0.178061       -0.205006        0.051651
     Cl   1       -0.205006       -0.023243       -0.016425
     Cl   1        0.051651       -0.016425       -0.154818

     C    2        0.202781       -0.066014        0.354280
     C    2       -0.066014        0.226486        0.355464
     C    2        0.354280        0.355464       -0.429266

     C    3        0.095775       -0.155436        0.236258
     C    3       -0.155436        0.377644        0.335079
     C    3        0.236258        0.335079       -0.473419

     H    4        0.663191        0.389387        0.593303
     H    4        0.389387       -0.302767        0.246338
     H    4        0.593303        0.246338       -0.360424

     C    5        0.268119       -0.064839        0.326732
     C    5       -0.064839        0.182704        0.218365
     C    5        0.326732        0.218365       -0.450823

     H    6       -0.414543        0.372106        0.149016
     H    6        0.372106        0.867110        0.426143
     H    6        0.149016        0.426143       -0.452567

     H    7       -0.495079       -0.136959        0.066990
     H    7       -0.136959        0.797361       -0.610009
     H    7        0.066990       -0.610009       -0.302282

     C    8        0.343848        0.144736        0.178932
     C    8        0.144736        0.042063       -0.317948
     C    8        0.178932       -0.317948       -0.385911

     H    9        0.550073       -0.345521        0.700105
     H    9       -0.345521       -0.413758       -0.291604
     H    9        0.700105       -0.291604       -0.136315

     C   10        0.187449        0.204263        0.131956
     C   10        0.204263        0.103801       -0.447796
     C   10        0.131956       -0.447796       -0.291250

     C   11        0.290572        0.133285        0.229367
     C   11        0.133285        0.067779       -0.417442
     C   11        0.229367       -0.417442       -0.358351

     Cl  12        0.166920        0.224182        0.011121
     Cl  12        0.224182        0.000460       -0.004719
     Cl  12        0.011121       -0.004719       -0.167380

     H   13       -0.505540        0.148063        0.072049
     H   13        0.148063        0.692064        0.649186
     H   13        0.072049        0.649186       -0.186525

     C   14        0.260620       -0.140265        0.331468
     C   14       -0.140265        0.129584        0.270737
     C   14        0.331468        0.270737       -0.390203

     H   15        0.494427        0.370609        0.665328
     H   15        0.370609       -0.342935        0.301596
     H   15        0.665328        0.301596       -0.151492

     C   16        0.103429       -0.189042        0.250958
     C   16       -0.189042        0.310577        0.334005
     C   16        0.250958        0.334005       -0.414006

     C   17        0.140258       -0.079171        0.319562
     C   17       -0.079171        0.274751        0.326509
     C   17        0.319562        0.326509       -0.415010

     Cl  18        0.083464       -0.174007        0.034612
     Cl  18       -0.174007        0.071101       -0.031235
     Cl  18        0.034612       -0.031235       -0.154564

     H   19       -0.492133       -0.217305        0.124201
     H   19       -0.217305        0.653601       -0.701466
     H   19        0.124201       -0.701466       -0.161468

     C   20        0.342870        0.034775        0.188372
     C   20        0.034775        0.015182       -0.348875
     C   20        0.188372       -0.348875       -0.358052

     H   21        0.602600       -0.403829        0.588753
     H   21       -0.403829       -0.384385       -0.274182
     H   21        0.588753       -0.274182       -0.218215

     C   22        0.152316        0.110086        0.113845
     C   22        0.110086        0.179421       -0.445285
     C   22        0.113845       -0.445285       -0.331738

     C   23        0.165267        0.088940        0.199175
     C   23        0.088940        0.168714       -0.446972
     C   23        0.199175       -0.446972       -0.333981

     Cl  24        0.117269        0.196281       -0.033777
     Cl  24        0.196281        0.019411       -0.024364
     Cl  24       -0.033777       -0.024364       -0.136680

     ----- GIPAW term -----
     Cl   1       -0.271071       -0.369411       -1.309253
     Cl   1       -0.369411       -0.301244       -1.786419
     Cl   1       -1.309253       -1.786419        0.572315

     C    2        0.036621        0.062303       -0.079151
     C    2        0.062303        0.043085       -0.047674
     C    2       -0.079151       -0.047674       -0.079705

     C    3        0.003451        0.229132        0.026493
     C    3        0.229132        0.125345       -0.046285
     C    3        0.026493       -0.046285       -0.128796

     H    4       -0.000000        0.000000        0.000000
     H    4        0.000000        0.000000        0.000000
     H    4        0.000000        0.000000        0.000000

     C    5       -0.079390        0.188513        0.031734
     C    5        0.188513        0.104516        0.101930
     C    5        0.031734        0.101930       -0.025126

     H    6       -0.000000        0.000000        0.000000
     H    6        0.000000        0.000000        0.000000
     H    6        0.000000        0.000000        0.000000

     H    7       -0.000000        0.000000        0.000000
     H    7        0.000000        0.000000        0.000000
     H    7        0.000000        0.000000        0.000000

     C    8        0.040237        0.192673       -0.138858
     C    8        0.192673        0.005257        0.027216
     C    8       -0.138858        0.027216       -0.045494

     H    9       -0.000000        0.000000        0.000000
     H    9        0.000000        0.000000        0.000000
     H    9        0.000000        0.000000        0.000000

     C   10       -0.155125        0.079622        0.030360
     C   10        0.079622        0.200804        0.121558
     C   10        0.030360        0.121558       -0.045678

     C   11       -0.029125        0.212913        0.005578
     C   11        0.212913        0.103665        0.212673
     C   11        0.005578        0.212673       -0.074539

     Cl  12       -0.798780        1.729494        0.454280
     Cl  12        1.729494        2.017929        1.207431
     Cl  12        0.454280        1.207431       -1.219149

     H   13       -0.000000        0.000000        0.000000
     H   13        0.000000        0.000000        0.000000
     H   13        0.000000        0.000000        0.000000

     C   14        0.010444        0.068759       -0.008630
     C   14        0.068759        0.024997       -0.058057
     C   14       -0.008630       -0.058057       -0.035441

     H   15       -0.000000        0.000000        0.000000
     H   15        0.000000        0.000000        0.000000
     H   15        0.000000        0.000000        0.000000

     C   16       -0.053849        0.165844       -0.094070
     C   16        0.165844        0.133187       -0.058809
     C   16       -0.094070       -0.058809       -0.079338

     C   17        0.047400        0.144194        0.026083
     C   17        0.144194        0.148523       -0.020929
     C   17        0.026083       -0.020929       -0.195923

     Cl  18        0.201196       -2.047102        0.399921
     Cl  18       -2.047102       -0.962975        0.088312
     Cl  18        0.399921        0.088312        0.761779

     H   19       -0.000000        0.000000        0.000000
     H   19        0.000000        0.000000        0.000000
     H   19        0.000000        0.000000        0.000000

     C   20        0.008887        0.088265        0.005194
     C   20        0.088265        0.031829        0.044614
     C   20        0.005194        0.044614       -0.040716

     H   21       -0.000000        0.000000        0.000000
     H   21        0.000000        0.000000        0.000000
     H   21        0.000000        0.000000        0.000000

     C   22        0.106203        0.141185       -0.235827
     C   22        0.141185       -0.114784       -0.005998
     C   22       -0.235827       -0.005998        0.008581

     C   23        0.083598        0.124436       -0.178015
     C   23        0.124436       -0.072784       -0.031168
     C   23       -0.178015       -0.031168       -0.010815

     Cl  24        0.116874        2.260801       -1.199726
     Cl  24        2.260801       -0.809043       -1.152633
     Cl  24       -1.199726       -1.152633        0.692168

     ----- total EFG -----
     Cl   1       -0.131725       -0.507294       -1.268509
     Cl   1       -0.507294       -0.333002       -1.778706
     Cl   1       -1.268509       -1.778706        0.464727

     C    2        0.098708        0.105570       -0.134695
     C    2        0.105570        0.360106        0.169711
     C    2       -0.134695        0.169711       -0.458813

     C    3        0.225719        0.609828        0.268492
     C    3        0.609828        0.244868       -0.278876
     C    3        0.268492       -0.278876       -0.470586

     H    4        0.262091        0.241560        0.029045
     H    4        0.241560       -0.118250        0.030172
     H    4        0.029045        0.030172       -0.143841

     C    5       -0.470772        0.472490       -0.058356
     C    5        0.472490        0.597356        0.201632
     C    5       -0.058356        0.201632       -0.126584

     H    6       -0.015145        0.187528        0.215565
     H    6        0.187528        0.313722        0.068488
     H    6        0.215565        0.068488       -0.298578

     H    7       -0.079425       -0.205313        0.044842
     H    7       -0.205313        0.080950       -0.267688
     H    7        0.044842       -0.267688       -0.001525

     C    8        0.259866        0.550412       -0.438462
     C    8        0.550412       -0.040359        0.162205
     C    8       -0.438462        0.162205       -0.219507

     H    9        0.404078       -0.071856        0.306802
     H    9       -0.071856       -0.621669       -0.045442
     H    9        0.306802       -0.045442        0.217591

     C   10       -0.469595       -0.042765        0.075059
     C   10       -0.042765        0.407740        0.053927
     C   10        0.075059        0.053927        0.061855

     C   11        0.177319        0.683106       -0.119687
     C   11        0.683106        0.160303        0.528479
     C   11       -0.119687        0.528479       -0.337622

     Cl  12       -0.978254        1.643341        0.518021
     Cl  12        1.643341        2.149367        1.306156
     Cl  12        0.518021        1.306156       -1.171113

     H   13       -0.276740       -0.300564        0.151190
     H   13       -0.300564        0.101177        0.645567
     H   13        0.151190        0.645567        0.175563

     C   14        0.282331        0.051332        0.340494
     C   14        0.051332       -0.077146        0.047457
     C   14        0.340494        0.047457       -0.205185

     H   15        0.302466       -0.159699        0.427184
     H   15       -0.159699       -0.534705        0.177541
     H   15        0.427184        0.177541        0.232239

     C   16       -0.330583        0.261248       -0.135487
     C   16        0.261248        0.591717        0.092609
     C   16       -0.135487        0.092609       -0.261135

     C   17        0.234742        0.426260        0.271759
     C   17        0.426260        0.313549       -0.247899
     C   17        0.271759       -0.247899       -0.548291

     Cl  18        0.165590       -2.216273        0.457980
     Cl  18       -2.216273       -1.003749        0.076017
     Cl  18        0.457980        0.076017        0.838159

     H   19       -0.511292       -0.093430       -0.117963
     H   19       -0.093430        0.418173       -0.225527
     H   19       -0.117963       -0.225527        0.093119

     C   20       -0.053797       -0.201902       -0.006464
     C   20       -0.201902        0.047159       -0.021409
     C   20       -0.006464       -0.021409        0.006638

     H   21       -0.116004       -0.177149        0.593401
     H   21       -0.177149        0.038742       -0.156772
     H   21        0.593401       -0.156772        0.077262

     C   22        0.354759        0.434319       -0.569232
     C   22        0.434319       -0.278715        0.039691
     C   22       -0.569232        0.039691       -0.076044

     C   23       -0.071038       -0.092878       -0.340798
     C   23       -0.092878       -0.024509       -0.204710
     C   23       -0.340798       -0.204710        0.095547

     Cl  24        0.183270        2.487688       -1.216318
     Cl  24        2.487688       -0.826606       -1.179887
     Cl  24       -1.216318       -1.179887        0.643336

     ----- total EFG (symmetrized) -----
     Cl   1       -0.131725       -0.507294       -1.268509
     Cl   1       -0.507294       -0.333002       -1.778706
     Cl   1       -1.268509       -1.778706        0.464727

     C    2        0.098708        0.105570       -0.134695
     C    2        0.105570        0.360106        0.169711
     C    2       -0.134695        0.169711       -0.458813

     C    3        0.225719        0.609828        0.268492
     C    3        0.609828        0.244868       -0.278876
     C    3        0.268492       -0.278876       -0.470586

     H    4        0.262091        0.241560        0.029045
     H    4        0.241560       -0.118250        0.030172
     H    4        0.029045        0.030172       -0.143841

     C    5       -0.470772        0.472490       -0.058356
     C    5        0.472490        0.597356        0.201632
     C    5       -0.058356        0.201632       -0.126584

     H    6       -0.015145        0.187528        0.215565
     H    6        0.187528        0.313722        0.068488
     H    6        0.215565        0.068488       -0.298578

     H    7       -0.079425       -0.205313        0.044842
     H    7       -0.205313        0.080950       -0.267688
     H    7        0.044842       -0.267688       -0.001525

     C    8        0.259866        0.550412       -0.438462
     C    8        0.550412       -0.040359        0.162205
     C    8       -0.438462        0.162205       -0.219507

     H    9        0.404078       -0.071856        0.306802
     H    9       -0.071856       -0.621669       -0.045442
     H    9        0.306802       -0.045442        0.217591

     C   10       -0.469595       -0.042765        0.075059
     C   10       -0.042765        0.407740        0.053927
     C   10        0.075059        0.053927        0.061855

     C   11        0.177319        0.683106       -0.119687
     C   11        0.683106        0.160303        0.528479
     C   11       -0.119687        0.528479       -0.337622

     Cl  12       -0.978254        1.643341        0.518021
     Cl  12        1.643341        2.149367        1.306156
     Cl  12        0.518021        1.306156       -1.171113

     H   13       -0.276740       -0.300564        0.151190
     H   13       -0.300564        0.101177        0.645567
     H   13        0.151190        0.645567        0.175563

     C   14        0.282331        0.051332        0.340494
     C   14        0.051332       -0.077146        0.047457
     C   14        0.340494        0.047457       -0.205185

     H   15        0.302466       -0.159699        0.427184
     H   15       -0.159699       -0.534705        0.177541
     H   15        0.427184        0.177541        0.232239

     C   16       -0.330583        0.261248       -0.135487
     C   16        0.261248        0.591717        0.092609
     C   16       -0.135487        0.092609       -0.261135

     C   17        0.234742        0.426260        0.271759
     C   17        0.426260        0.313549       -0.247899
     C   17        0.271759       -0.247899       -0.548291

     Cl  18        0.165590       -2.216273        0.457980
     Cl  18       -2.216273       -1.003749        0.076017
     Cl  18        0.457980        0.076017        0.838159

     H   19       -0.511292       -0.093430       -0.117963
     H   19       -0.093430        0.418173       -0.225527
     H   19       -0.117963       -0.225527        0.093119

     C   20       -0.053797       -0.201902       -0.006464
     C   20       -0.201902        0.047159       -0.021409
     C   20       -0.006464       -0.021409        0.006638

     H   21       -0.116004       -0.177149        0.593401
     H   21       -0.177149        0.038742       -0.156772
     H   21        0.593401       -0.156772        0.077262

     C   22        0.354759        0.434319       -0.569232
     C   22        0.434319       -0.278715        0.039691
     C   22       -0.569232        0.039691       -0.076044

     C   23       -0.071038       -0.092878       -0.340798
     C   23       -0.092878       -0.024509       -0.204710
     C   23       -0.340798       -0.204710        0.095547

     Cl  24        0.183270        2.487688       -1.216318
     Cl  24        2.487688       -0.826606       -1.179887
     Cl  24       -1.216318       -1.179887        0.643336


     NQR/NMR SPECTROSCOPIC PARAMETERS:
     Cl   1    Vxx=    0.2802    axis=(  0.812263 -0.582476 -0.030845)
     Cl   1    Vyy=    2.1278    axis=( -0.332900 -0.506354  0.795477)
     Cl   1    Vzz=   -2.4080    axis=( -0.478964 -0.635868 -0.605199)
     Cl   1  Q=        -8.1650 1e-30 m^2  Cq=        46.1969 MHz  eta= 0.76726

     C    2    Vxx=    0.1156    axis=( -0.936544  0.209074  0.281379)
     C    2    Vyy=    0.4145    axis=(  0.257121  0.955288  0.145991)
     C    2    Vzz=   -0.5301    axis=(  0.238275 -0.209075  0.948426)
     C    2  Q=         1.0000 1e-30 m^2  Cq=        -1.2454 MHz  eta= 0.56379

     C    3    Vxx=   -0.0327    axis=( -0.539529  0.520139 -0.662090)
     C    3    Vyy=   -0.8126    axis=( -0.468566  0.467852  0.749374)
     C    3    Vzz=    0.8453    axis=( -0.699539 -0.714542  0.008700)
     C    3  Q=         1.0000 1e-30 m^2  Cq=         1.9861 MHz  eta= 0.92261

     H    4    Vxx=   -0.1445    axis=( -0.134806  0.108477  0.984916)
     H    4    Vyy=   -0.2378    axis=( -0.422383  0.892866 -0.156151)
     H    4    Vzz=    0.3823    axis=( -0.896337 -0.437062 -0.074545)
     H    4  Q=         1.0000 1e-30 m^2  Cq=         0.8982 MHz  eta= 0.24407

     C    5    Vxx=   -0.1274    axis=( -0.278740 -0.084430  0.956648)
     C    5    Vyy=   -0.6795    axis=( -0.900400  0.369455 -0.229745)
     C    5    Vzz=    0.8069    axis=( -0.334041 -0.925405 -0.179003)
     C    5  Q=         1.0000 1e-30 m^2  Cq=         1.8959 MHz  eta= 0.68429

     H    6    Vxx=   -0.0164    axis=( -0.738470  0.510825 -0.440136)
     H    6    Vyy=   -0.4161    axis=( -0.488915  0.043869  0.871228)
     H    6    Vzz=    0.4325    axis=(  0.464354  0.858565  0.217354)
     H    6  Q=         1.0000 1e-30 m^2  Cq=         1.0162 MHz  eta= 0.92423

     H    7    Vxx=   -0.0927    axis=(  0.760674 -0.091356 -0.642673)
     H    7    Vyy=   -0.2940    axis=(  0.526586  0.665773  0.528634)
     H    7    Vzz=    0.3866    axis=( -0.379580  0.740541 -0.554543)
     H    7  Q=         1.0000 1e-30 m^2  Cq=         0.9085 MHz  eta= 0.52073

     C    8    Vxx=    0.0148    axis=( -0.152029  0.656364  0.738968)
     C    8    Vyy=    0.7542    axis=( -0.814594 -0.506635  0.282414)
     C    8    Vzz=   -0.7690    axis=(  0.559753 -0.559024  0.611693)
     C    8  Q=         1.0000 1e-30 m^2  Cq=        -1.8068 MHz  eta= 0.96158

     H    9    Vxx=   -0.0098    axis=( -0.594387  0.010082  0.804116)
     H    9    Vyy=   -0.6274    axis=( -0.060023 -0.997688 -0.031859)
     H    9    Vzz=    0.6372    axis=(  0.801936 -0.067202  0.593618)
     H    9  Q=         1.0000 1e-30 m^2  Cq=         1.4972 MHz  eta= 0.96936

     C   10    Vxx=    0.0657    axis=(  0.148207 -0.135922  0.979571)
     C   10    Vyy=    0.4171    axis=(  0.035633 -0.989133 -0.142639)
     C   10    Vzz=   -0.4828    axis=(  0.988314  0.056045 -0.141753)
     C   10  Q=         1.0000 1e-30 m^2  Cq=        -1.1344 MHz  eta= 0.72771

     C   11    Vxx=   -0.0115    axis=(  0.629785 -0.299632 -0.716653)
     C   11    Vyy=   -0.9139    axis=( -0.452421  0.608469 -0.651982)
     C   11    Vzz=    0.9254    axis=( -0.631416 -0.734837 -0.247645)
     C   11  Q=         1.0000 1e-30 m^2  Cq=         2.1743 MHz  eta= 0.97518

     Cl  12    Vxx=   -1.5970    axis=( -0.471292 -0.098830  0.876423)
     Cl  12    Vyy=   -1.6988    axis=( -0.798842  0.468999 -0.376686)
     Cl  12    Vzz=    3.2958    axis=( -0.373813 -0.877652 -0.299985)
     Cl  12  Q=        -8.1650 1e-30 m^2  Cq=       -63.2274 MHz  eta= 0.03090

     H   13    Vxx=   -0.0573    axis=(  0.810014 -0.357424  0.464892)
     H   13    Vyy=   -0.7370    axis=(  0.578374  0.617740 -0.532804)
     H   13    Vzz=    0.7944    axis=( -0.096746  0.700460  0.707104)
     H   13  Q=         1.0000 1e-30 m^2  Cq=         1.8665 MHz  eta= 0.85563

     C   14    Vxx=   -0.0843    axis=(  0.138209 -0.990403  0.000478)
     C   14    Vyy=   -0.3814    axis=(  0.451734  0.062609 -0.889953)
     C   14    Vzz=    0.4657    axis=(  0.881382  0.123215  0.456052)
     C   14  Q=         1.0000 1e-30 m^2  Cq=         1.0942 MHz  eta= 0.63782

     H   15    Vxx=   -0.0449    axis=( -0.610249  0.438177  0.659998)
     H   15    Vyy=   -0.6511    axis=(  0.295489  0.898885 -0.323561)
     H   15    Vzz=    0.6960    axis=( -0.735039 -0.002431 -0.678020)
     H   15  Q=         1.0000 1e-30 m^2  Cq=         1.6353 MHz  eta= 0.87105

     C   16    Vxx=   -0.1635    axis=( -0.543379  0.085562  0.835116)
     C   16    Vyy=   -0.5004    axis=( -0.802685  0.238362 -0.546699)
     C   16    Vzz=    0.6639    axis=( -0.245837 -0.967400 -0.060842)
     C   16  Q=         1.0000 1e-30 m^2  Cq=         1.5600 MHz  eta= 0.50751

     C   17    Vxx=    0.0662    axis=( -0.634073  0.578080 -0.513591)
     C   17    Vyy=    0.7022    axis=( -0.673756 -0.738954  0.000069)
     C   17    Vzz=   -0.7685    axis=( -0.379480  0.346079  0.858035)
     C   17  Q=         1.0000 1e-30 m^2  Cq=        -1.8056 MHz  eta= 0.82759

     Cl  18    Vxx=    0.7797    axis=(  0.162451 -0.242648 -0.956416)
     Cl  18    Vyy=    1.9639    axis=( -0.773456  0.570545 -0.276125)
     Cl  18    Vzz=   -2.7436    axis=( -0.612679 -0.784602  0.094992)
     Cl  18  Q=        -8.1650 1e-30 m^2  Cq=        52.6345 MHz  eta= 0.43165

     H   19    Vxx=    0.0186    axis=( -0.267466  0.425460  0.864549)
     H   19    Vyy=    0.5345    axis=(  0.029199 -0.893247  0.448616)
     H   19    Vzz=   -0.5531    axis=(  0.963125  0.145233  0.226491)
     H   19  Q=         1.0000 1e-30 m^2  Cq=        -1.2996 MHz  eta= 0.93264

     C   20    Vxx=    0.0073    axis=( -0.105428  0.000077  0.994427)
     C   20    Vyy=    0.2056    axis=(  0.611865 -0.788293  0.064931)
     C   20    Vzz=   -0.2130    axis=(  0.783904  0.615301  0.083061)
     C   20  Q=         1.0000 1e-30 m^2  Cq=        -0.5004 MHz  eta= 0.93124

     H   21    Vxx=   -0.0466    axis=(  0.184395  0.935661  0.300895)
     H   21    Vyy=   -0.6224    axis=( -0.767480 -0.054171  0.638780)
     H   21    Vzz=    0.6690    axis=(  0.613981 -0.348719  0.708112)
     H   21  Q=         1.0000 1e-30 m^2  Cq=         1.5719 MHz  eta= 0.86073

     C   22    Vxx=   -0.1546    axis=(  0.143868  0.720442  0.678428)
     C   22    Vyy=   -0.6979    axis=(  0.554619 -0.626474  0.547657)
     C   22    Vzz=    0.8525    axis=( -0.819573 -0.297479  0.489700)
     C   22  Q=         1.0000 1e-30 m^2  Cq=         2.0031 MHz  eta= 0.63730

     C   23    Vxx=    0.0453    axis=(  0.520068 -0.852368  0.054748)
     C   23    Vyy=    0.3927    axis=( -0.533285 -0.273976  0.800340)
     C   23    Vzz=   -0.4380    axis=( -0.667185 -0.445428 -0.597042)
     C   23  Q=         1.0000 1e-30 m^2  Cq=        -1.0292 MHz  eta= 0.79312

     Cl  24    Vxx=   -0.4267    axis=(  0.447729  0.301766  0.841710)
     Cl  24    Vyy=   -2.8671    axis=( -0.619536  0.783458  0.048666)
     Cl  24    Vzz=    3.2938    axis=( -0.644759 -0.543259  0.537732)
     Cl  24  Q=        -8.1650 1e-30 m^2  Cq=       -63.1890 MHz  eta= 0.74092

     Initialization:
     gipaw_setup  :      9.16s CPU     10.92s WALL (       1 calls)

     Linear response

     Apply operators

     Induced current

     Other routines
     efg          :      9.15s CPU     11.41s WALL (       1 calls)

     General routines
     calbec       :      3.21s CPU      4.23s WALL (      16 calls)
     fft          :      2.01s CPU      3.63s WALL (      15 calls)
     ffts         :      0.06s CPU      0.09s WALL (       2 calls)
     fftw         :      3.17s CPU      3.84s WALL (     672 calls)
     davcio       :      0.02s CPU      0.33s WALL (      32 calls)

     Parallel routines
     fft_scatter  :      2.45s CPU      4.65s WALL (     689 calls)

     Plugins

     GIPAW        :     60.30s CPU     72.01s WALL (       1 calls)
