
     Program QE v.6.0 (svn rev. 13079) starts on 23Jan2017 at 11: 6:45 

     This program is part of the open-source Quantum ESPRESSO suite
     for quantum simulation of materials; please cite
         "P. Giannozzi et al., J. Phys.:Condens. Matter 21 395502 (2009);
          URL http://www.quantum-espresso.org", 
     in publications or presentations arising from this work. More details at
     http://www.quantum-espresso.org/quote

     Parallel version (MPI), running on     8 processors
     R & G space division:  proc/nbgrp/npool/nimage =       8

     ***** This is GIPAW svn revision unknown      *****

     Parallelizing q-star over 1 images

     Reading data from directory:
     /users/majewski/paradichlorobenzene/pbe/9_constraint/scratch/pbe.ecut100.np8.dt60.pcl2phi-129368.save
     Message from routine read_xml_file:
     file /users/majewski/paradichlorobenzene/pbe/9_constraint/scratch/pbe.ecut100.np8.dt60.pcl2phi-129368.save not guaranteed to be safe for post-processing

   Info: using nr1, nr2, nr3 values from input

   Info: using nr1, nr2, nr3 values from input

     IMPORTANT: XC functional enforced from input :
     Exchange-correlation      =  SLA  PW   PBX  PBC ( 1  4  3  4 0 0)
     Any further DFT definition will be discarded
     Please, verify this is what you really want

               file C.pbe-n-kjpaw_psl.1.0.0.UPF: wavefunction(s)  2S 2P renormalized
               file Cl.pbe-n-kjpaw_psl.1.0.0.UPF: wavefunction(s)  3S 3P renormalized
               file H.pbe-kjpaw_psl.1.0.0.UPF: wavefunction(s)  1S renormalized

     Parallelization info
     --------------------
     sticks:   dense  smooth     PW     G-vecs:    dense   smooth      PW
     Min        3057    1223    332               144436    36536    5170
     Max        3059    1225    333               144437    36537    5171
     Sum       24467    9791   2657              1155489   292295   41363


     Subspace diagonalization in iterative solution of the eigenvalue problem:
     a serial algorithm will be used

     GIPAW projectors -----------------------------------------------
     atom=  C    l=0  rc=    1.2000  rs=    0.8000
     atom=  C    l=0  rc=    1.2000  rs=    0.8000
     atom=  C    l=1  rc=    1.4000  rs=    0.9333
     atom=  C    l=1  rc=    1.4000  rs=    0.9333
     projs nearly linearly dependent: l=1  n1,n2= 1, 2  s=  0.99951561

     atom=  Cl   l=0  rc=    1.6000  rs=    1.0667
     atom=  Cl   l=0  rc=    1.6000  rs=    1.0667
     atom=  Cl   l=1  rc=    1.6000  rs=    1.0667
     atom=  Cl   l=1  rc=    1.6000  rs=    1.0667
     atom=  Cl   l=2  rc=    1.6000  rs=    1.0667
     atom=  Cl   l=2  rc=    1.6000  rs=    1.0667
     projs nearly linearly dependent: l=2  n1,n2= 1, 2  s=  0.99993509

     atom=  H    l=0  rc=    1.0000  rs=    0.6667
     atom=  H    l=0  rc=    1.0000  rs=    0.6667
     projs nearly linearly dependent: l=0  n1,n2= 1, 2  s=  0.99968852
     -----------------------------------------------------------------

     GIPAW integrals: -------------------------------------------
     Atom  i/j   nmr_para   nmr_dia   epr_rmc  epr_para   epr_dia
       C   1 1   0.83E+03  0.17E-01  0.93E+01  0.24E+08  0.24E+03
       C   2 1   0.86E+03 -0.61E-01  0.94E+01  0.25E+08  0.25E+03
       C   2 2   0.90E+03 -0.15E+00  0.97E+01  0.26E+08  0.26E+03
       C   3 3   0.33E+01  0.34E+00  0.18E+01  0.55E+03  0.21E+02
       C   4 3   0.35E+01  0.37E+00  0.20E+01  0.59E+03  0.22E+02
       C   4 4   0.38E+01  0.39E+00  0.22E+01  0.63E+03  0.24E+02
       Cl  1 1   0.14E+04 -0.47E+00  0.84E+01  0.32E+09  0.42E+03
       Cl  2 1   0.21E+04 -0.37E+00  0.12E+02  0.49E+09  0.65E+03
       Cl  2 2   0.33E+04 -0.16E+00  0.21E+02  0.76E+09  0.10E+04
       Cl  3 3   0.21E+02  0.79E-01  0.89E+01  0.23E+05  0.13E+03
       Cl  4 3   0.24E+02  0.67E-01  0.99E+01  0.27E+05  0.15E+03
       Cl  4 4   0.28E+02  0.44E-01  0.11E+02  0.32E+05  0.18E+03
       Cl  5 5   0.77E+00  0.19E+00  0.18E+01  0.12E+03  0.22E+02
       Cl  6 5   0.80E+00  0.19E+00  0.19E+01  0.12E+03  0.23E+02
       Cl  6 6   0.83E+00  0.20E+00  0.19E+01  0.12E+03  0.23E+02
       H   1 1   0.39E+02  0.19E+00  0.29E+00  0.78E+05  0.13E+02
       H   2 1   0.41E+02  0.21E+00  0.32E+00  0.82E+05  0.14E+02
       H   2 2   0.43E+02  0.22E+00  0.36E+00  0.86E+05  0.15E+02
     ------------------------------------------------------------

     alpha_pv=     33.6811 eV

     Number of occupied bands for each k-point:
     k-point:     1    nbnd_occ=  42
     k-point:     2    nbnd_occ=  42
     k-point:     3    nbnd_occ=  42
     k-point:     4    nbnd_occ=  42
     k-point:     5    nbnd_occ=  42
     k-point:     6    nbnd_occ=  42
     k-point:     7    nbnd_occ=  42
     k-point:     8    nbnd_occ=  42
     k-point:     9    nbnd_occ=  42
     k-point:    10    nbnd_occ=  42
     k-point:    11    nbnd_occ=  42
     k-point:    12    nbnd_occ=  42
     k-point:    13    nbnd_occ=  42
     k-point:    14    nbnd_occ=  42
     k-point:    15    nbnd_occ=  42
     k-point:    16    nbnd_occ=  42


     q-space interpolation up to   110.00 Rydberg

     GIPAW job: efg                                                                             


     ELECTRIC FIELD GRADIENTS TENSORS IN Hartree/bohrradius^2:

     ----- bare term -----
     Cl   1        0.040723        0.102984       -0.077971
     Cl   1        0.102984        0.054823       -0.065610
     Cl   1       -0.077971       -0.065610       -0.095546

     C    2        0.052254        0.478833       -0.131679
     C    2        0.478833       -0.251850       -0.534056
     C    2       -0.131679       -0.534056        0.199596

     C    3       -0.133878        0.183910       -0.357691
     C    3        0.183910       -0.051090       -0.347415
     C    3       -0.357691       -0.347415        0.184968

     H    4       -0.570553       -0.439553        0.108828
     H    4       -0.439553        0.273875        0.031558
     H    4        0.108828        0.031558        0.296679

     C    5        0.030823        0.520053       -0.131028
     C    5        0.520053       -0.336322       -0.378813
     C    5       -0.131028       -0.378813        0.305500

     H    6        0.218179       -0.447314        0.003328
     H    6       -0.447314       -0.586893       -0.226151
     H    6        0.003328       -0.226151        0.368714

     H    7        0.172067        0.065512       -0.360018
     H    7        0.065512       -0.153960        0.449362
     H    7       -0.360018        0.449362       -0.018107

     C    8       -0.243014       -0.361789       -0.015540
     C    8       -0.361789       -0.165582        0.386647
     C    8       -0.015540        0.386647        0.408595

     H    9        0.091295       -0.038331       -0.454843
     H    9       -0.038331        0.238424       -0.217196
     H    9       -0.454843       -0.217196       -0.329719

     C   10       -0.016689        0.090650       -0.212303
     C   10        0.090650       -0.083344        0.503611
     C   10       -0.212303        0.503611        0.100034

     C   11       -0.313159       -0.344389       -0.079152
     C   11       -0.344389       -0.131391        0.448428
     C   11       -0.079152        0.448428        0.444550

     Cl  12       -0.036601        0.044650       -0.058633
     Cl  12        0.044650        0.051037        0.106707
     Cl  12       -0.058633        0.106707       -0.014436

     H   13        0.292475        0.217668       -0.265732
     H   13        0.217668       -0.551384        0.009760
     H   13       -0.265732        0.009760        0.258910

     C   14       -0.469309       -0.120140       -0.259861
     C   14       -0.120140       -0.029317       -0.366408
     C   14       -0.259861       -0.366408        0.498626

     H   15       -0.415458       -0.387597        0.041118
     H   15       -0.387597        0.331025        0.028240
     H   15        0.041118        0.028240        0.084433

     C   16       -0.060660        0.456608        0.203230
     C   16        0.456608       -0.482227       -0.509790
     C   16        0.203230       -0.509790        0.542887

     C   17       -0.130289       -0.040455       -0.389120
     C   17       -0.040455       -0.020892       -0.399942
     C   17       -0.389120       -0.399942        0.151181

     Cl  18       -0.034121        0.205118       -0.153272
     Cl  18        0.205118       -0.103965       -0.040757
     Cl  18       -0.153272       -0.040757        0.138086

     H   19        0.093479       -0.058603        0.386342
     H   19       -0.058603        0.134327        0.334425
     H   19        0.386342        0.334425       -0.227807

     C   20       -0.044012        0.132759       -0.459000
     C   20        0.132759        0.050322        0.392301
     C   20       -0.459000        0.392301       -0.006310

     H   21        0.128048        0.048548       -0.131464
     H   21        0.048548        0.471600        0.020802
     H   21       -0.131464        0.020802       -0.599648

     C   22        0.061347       -0.414225       -0.039686
     C   22       -0.414225       -0.262304        0.141551
     C   22       -0.039686        0.141551        0.200958

     C   23        0.113343        0.198431       -0.620128
     C   23        0.198431       -0.202903        0.538522
     C   23       -0.620128        0.538522        0.089561

     Cl  24       -0.101168       -0.278086       -0.109652
     Cl  24       -0.278086       -0.074583        0.050362
     Cl  24       -0.109652        0.050362        0.175751

     ----- ionic term -----
     Cl   1        0.137036       -0.182356       -0.017288
     Cl   1       -0.182356        0.008646        0.008201
     Cl   1       -0.017288        0.008201       -0.145682

     C    2        0.275624       -0.018572        0.161619
     C    2       -0.018572        0.209870        0.384601
     C    2        0.161619        0.384601       -0.485494

     C    3        0.209426       -0.184506        0.109408
     C    3       -0.184506        0.247410        0.373612
     C    3        0.109408        0.373612       -0.456836

     H    4        0.764151        0.356943        0.495720
     H    4        0.356943       -0.406273        0.216731
     H    4        0.495720        0.216731       -0.357878

     C    5        0.317424       -0.133341        0.177667
     C    5       -0.133341        0.111085        0.311157
     C    5        0.177667        0.311157       -0.428509

     H    6       -0.536203        0.062610        0.037128
     H    6        0.062610        0.724083        0.659780
     H    6        0.037128        0.659780       -0.187880

     H    7       -0.529685       -0.112317        0.086151
     H    7       -0.112317        0.608880       -0.717167
     H    7        0.086151       -0.717167       -0.079194

     C    8        0.084791        0.219172        0.354381
     C    8        0.219172        0.085008       -0.235695
     C    8        0.354381       -0.235695       -0.169799

     H    9        0.322435       -0.157278        0.777635
     H    9       -0.157278       -0.477305       -0.207840
     H    9        0.777635       -0.207840        0.154870

     C   10       -0.042996        0.289007        0.250807
     C   10        0.289007        0.158347       -0.353916
     C   10        0.250807       -0.353916       -0.115351

     C   11       -0.021062        0.286066        0.341006
     C   11        0.286066        0.052693       -0.397898
     C   11        0.341006       -0.397898       -0.031631

     Cl  12        0.101165        0.236790        0.007263
     Cl  12        0.236790        0.042042        0.010751
     Cl  12        0.007263        0.010751       -0.143207

     H   13       -0.502393       -0.004489       -0.021605
     H   13       -0.004489        0.876641        0.530559
     H   13       -0.021605        0.530559       -0.374248

     C   14        0.367954       -0.126356        0.133757
     C   14       -0.126356        0.162833        0.274185
     C   14        0.133757        0.274185       -0.530786

     H   15        0.856398        0.338744        0.446185
     H   15        0.338744       -0.360730        0.161390
     H   15        0.446185        0.161390       -0.495668

     C   16        0.278245       -0.219772        0.107060
     C   16       -0.219772        0.252054        0.289094
     C   16        0.107060        0.289094       -0.530300

     C   17        0.276532       -0.097503        0.270137
     C   17       -0.097503        0.205707        0.276660
     C   17        0.270137        0.276660       -0.482239

     Cl  18        0.164003       -0.200706        0.061568
     Cl  18       -0.200706       -0.000236       -0.024685
     Cl  18        0.061568       -0.024685       -0.163767

     H   19       -0.532291        0.067587       -0.039201
     H   19        0.067587        0.309839       -0.782054
     H   19       -0.039201       -0.782054        0.222451

     C   20        0.068346        0.262074        0.347893
     C   20        0.262074       -0.068112       -0.264362
     C   20        0.347893       -0.264362       -0.000234

     H   21        0.198251       -0.203834        0.793732
     H   21       -0.203834       -0.468849       -0.291293
     H   21        0.793732       -0.291293        0.270597

     C   22       -0.064848        0.262504        0.229360
     C   22        0.262504        0.115661       -0.432378
     C   22        0.229360       -0.432378       -0.050812

     C   23        0.023029        0.261873        0.302053
     C   23        0.261873        0.063704       -0.422628
     C   23        0.302053       -0.422628       -0.086733

     Cl  24        0.116597        0.202849        0.031722
     Cl  24        0.202849        0.019741        0.009407
     Cl  24        0.031722        0.009407       -0.136339

     ----- GIPAW term -----
     Cl   1        2.282057       -0.047765       -1.203312
     Cl   1       -0.047765        0.019980       -0.799997
     Cl   1       -1.203312       -0.799997       -2.302037

     C    2        0.196526        0.135787       -0.038929
     C    2        0.135787       -0.044689       -0.085763
     C    2       -0.038929       -0.085763       -0.151837

     C    3        0.049812        0.138715       -0.178374
     C    3        0.138715       -0.004030       -0.108410
     C    3       -0.178374       -0.108410       -0.045782

     H    4       -0.000000        0.000000        0.000000
     H    4        0.000000        0.000000        0.000000
     H    4        0.000000        0.000000        0.000000

     C    5        0.150488        0.239809       -0.054782
     C    5        0.239809       -0.069757       -0.104083
     C    5       -0.054782       -0.104083       -0.080731

     H    6       -0.000000        0.000000        0.000000
     H    6        0.000000        0.000000        0.000000
     H    6        0.000000        0.000000        0.000000

     H    7       -0.000000        0.000000        0.000000
     H    7        0.000000        0.000000        0.000000
     H    7        0.000000        0.000000        0.000000

     C    8        0.076972        0.078625        0.120988
     C    8        0.078625       -0.061086        0.116516
     C    8        0.120988        0.116516       -0.015886

     H    9       -0.000000        0.000000        0.000000
     H    9        0.000000        0.000000        0.000000
     H    9        0.000000        0.000000        0.000000

     C   10       -0.085584        0.091327        0.019936
     C   10        0.091327        0.049214        0.177530
     C   10        0.019936        0.177530        0.036370

     C   11       -0.004895        0.158255        0.094067
     C   11        0.158255        0.028331        0.167846
     C   11        0.094067        0.167846       -0.023436

     Cl  12        0.079830        2.377625        0.023418
     Cl  12        2.377625        1.331577        1.763776
     Cl  12        0.023418        1.763776       -1.411407

     H   13       -0.000000        0.000000        0.000000
     H   13        0.000000        0.000000        0.000000
     H   13        0.000000        0.000000        0.000000

     C   14       -0.052909       -0.080651        0.152360
     C   14       -0.080651       -0.116177       -0.104468
     C   14        0.152360       -0.104468        0.169086

     H   15       -0.000000        0.000000        0.000000
     H   15        0.000000        0.000000        0.000000
     H   15        0.000000        0.000000        0.000000

     C   16       -0.028822        0.005997        0.184998
     C   16        0.005997       -0.143612       -0.125994
     C   16        0.184998       -0.125994        0.172434

     C   17        0.181327       -0.036504        0.048954
     C   17       -0.036504       -0.059859       -0.002780
     C   17        0.048954       -0.002780       -0.121468

     Cl  18        1.518421       -1.123230       -1.337884
     Cl  18       -1.123230       -0.697290       -0.351580
     Cl  18       -1.337884       -0.351580       -0.821132

     H   19       -0.000000        0.000000        0.000000
     H   19        0.000000        0.000000        0.000000
     H   19        0.000000        0.000000        0.000000

     C   20        0.169360        0.029488       -0.135457
     C   20        0.029488       -0.098414        0.044366
     C   20       -0.135457        0.044366       -0.070946

     H   21       -0.000000        0.000000        0.000000
     H   21        0.000000        0.000000        0.000000
     H   21        0.000000        0.000000        0.000000

     C   22        0.071181       -0.060150       -0.076618
     C   22       -0.060150       -0.076321        0.015698
     C   22       -0.076618        0.015698        0.005141

     C   23        0.208173        0.099219       -0.225518
     C   23        0.099219       -0.125991        0.073330
     C   23       -0.225518        0.073330       -0.082182

     Cl  24        1.267823       -0.297316       -2.084470
     Cl  24       -0.297316       -0.949551        1.046459
     Cl  24       -2.084470        1.046459       -0.318272

     ----- total EFG -----
     Cl   1        2.459816       -0.127137       -1.298572
     Cl   1       -0.127137        0.083449       -0.857407
     Cl   1       -1.298572       -0.857407       -2.543265

     C    2        0.524404        0.596049       -0.008989
     C    2        0.596049       -0.086670       -0.235217
     C    2       -0.008989       -0.235217       -0.437734

     C    3        0.125360        0.138119       -0.426658
     C    3        0.138119        0.192290       -0.082213
     C    3       -0.426658       -0.082213       -0.317650

     H    4        0.193598       -0.082610        0.604547
     H    4       -0.082610       -0.132398        0.248290
     H    4        0.604547        0.248290       -0.061199

     C    5        0.498735        0.626521       -0.008143
     C    5        0.626521       -0.294995       -0.171738
     C    5       -0.008143       -0.171738       -0.203740

     H    6       -0.318024       -0.384704        0.040456
     H    6       -0.384704        0.137191        0.433628
     H    6        0.040456        0.433628        0.180834

     H    7       -0.357618       -0.046805       -0.273867
     H    7       -0.046805        0.454919       -0.267805
     H    7       -0.273867       -0.267805       -0.097301

     C    8       -0.081250       -0.063992        0.459829
     C    8       -0.063992       -0.141660        0.267467
     C    8        0.459829        0.267467        0.222910

     H    9        0.413729       -0.195609        0.322792
     H    9       -0.195609       -0.238880       -0.425035
     H    9        0.322792       -0.425035       -0.174849

     C   10       -0.145269        0.470984        0.058440
     C   10        0.470984        0.124217        0.327225
     C   10        0.058440        0.327225        0.021053

     C   11       -0.339116        0.099932        0.355921
     C   11        0.099932       -0.050366        0.218376
     C   11        0.355921        0.218376        0.389483

     Cl  12        0.144394        2.659064       -0.027952
     Cl  12        2.659064        1.424656        1.881234
     Cl  12       -0.027952        1.881234       -1.569050

     H   13       -0.209918        0.213179       -0.287337
     H   13        0.213179        0.325257        0.540319
     H   13       -0.287337        0.540319       -0.115338

     C   14       -0.154265       -0.327147        0.026256
     C   14       -0.327147        0.017338       -0.196691
     C   14        0.026256       -0.196691        0.136926

     H   15        0.440940       -0.048853        0.487303
     H   15       -0.048853       -0.029705        0.189630
     H   15        0.487303        0.189630       -0.411235

     C   16        0.188763        0.242833        0.495287
     C   16        0.242833       -0.373784       -0.346690
     C   16        0.495287       -0.346690        0.185021

     C   17        0.327570       -0.174462       -0.070029
     C   17       -0.174462        0.124956       -0.126061
     C   17       -0.070029       -0.126061       -0.452526

     Cl  18        1.648303       -1.118818       -1.429588
     Cl  18       -1.118818       -0.801491       -0.417022
     Cl  18       -1.429588       -0.417022       -0.846812

     H   19       -0.438811        0.008984        0.347141
     H   19        0.008984        0.444167       -0.447629
     H   19        0.347141       -0.447629       -0.005356

     C   20        0.193694        0.424321       -0.246564
     C   20        0.424321       -0.116203        0.172306
     C   20       -0.246564        0.172306       -0.077490

     H   21        0.326299       -0.155287        0.662268
     H   21       -0.155287        0.002752       -0.270491
     H   21        0.662268       -0.270491       -0.329051

     C   22        0.067679       -0.211872        0.113056
     C   22       -0.211872       -0.222965       -0.275130
     C   22        0.113056       -0.275130        0.155286

     C   23        0.344545        0.559524       -0.543592
     C   23        0.559524       -0.265190        0.189224
     C   23       -0.543592        0.189224       -0.079355

     Cl  24        1.283253       -0.372552       -2.162399
     Cl  24       -0.372552       -1.004393        1.106228
     Cl  24       -2.162399        1.106228       -0.278860

     ----- total EFG (symmetrized) -----
     Cl   1        2.459816       -0.127137       -1.298572
     Cl   1       -0.127137        0.083449       -0.857407
     Cl   1       -1.298572       -0.857407       -2.543265

     C    2        0.524404        0.596049       -0.008989
     C    2        0.596049       -0.086670       -0.235217
     C    2       -0.008989       -0.235217       -0.437734

     C    3        0.125360        0.138119       -0.426658
     C    3        0.138119        0.192290       -0.082213
     C    3       -0.426658       -0.082213       -0.317650

     H    4        0.193598       -0.082610        0.604547
     H    4       -0.082610       -0.132398        0.248290
     H    4        0.604547        0.248290       -0.061199

     C    5        0.498735        0.626521       -0.008143
     C    5        0.626521       -0.294995       -0.171738
     C    5       -0.008143       -0.171738       -0.203740

     H    6       -0.318024       -0.384704        0.040456
     H    6       -0.384704        0.137191        0.433628
     H    6        0.040456        0.433628        0.180834

     H    7       -0.357618       -0.046805       -0.273867
     H    7       -0.046805        0.454919       -0.267805
     H    7       -0.273867       -0.267805       -0.097301

     C    8       -0.081250       -0.063992        0.459829
     C    8       -0.063992       -0.141660        0.267467
     C    8        0.459829        0.267467        0.222910

     H    9        0.413729       -0.195609        0.322792
     H    9       -0.195609       -0.238880       -0.425035
     H    9        0.322792       -0.425035       -0.174849

     C   10       -0.145269        0.470984        0.058440
     C   10        0.470984        0.124217        0.327225
     C   10        0.058440        0.327225        0.021053

     C   11       -0.339116        0.099932        0.355921
     C   11        0.099932       -0.050366        0.218376
     C   11        0.355921        0.218376        0.389483

     Cl  12        0.144394        2.659064       -0.027952
     Cl  12        2.659064        1.424656        1.881234
     Cl  12       -0.027952        1.881234       -1.569050

     H   13       -0.209918        0.213179       -0.287337
     H   13        0.213179        0.325257        0.540319
     H   13       -0.287337        0.540319       -0.115338

     C   14       -0.154265       -0.327147        0.026256
     C   14       -0.327147        0.017338       -0.196691
     C   14        0.026256       -0.196691        0.136926

     H   15        0.440940       -0.048853        0.487303
     H   15       -0.048853       -0.029705        0.189630
     H   15        0.487303        0.189630       -0.411235

     C   16        0.188763        0.242833        0.495287
     C   16        0.242833       -0.373784       -0.346690
     C   16        0.495287       -0.346690        0.185021

     C   17        0.327570       -0.174462       -0.070029
     C   17       -0.174462        0.124956       -0.126061
     C   17       -0.070029       -0.126061       -0.452526

     Cl  18        1.648303       -1.118818       -1.429588
     Cl  18       -1.118818       -0.801491       -0.417022
     Cl  18       -1.429588       -0.417022       -0.846812

     H   19       -0.438811        0.008984        0.347141
     H   19        0.008984        0.444167       -0.447629
     H   19        0.347141       -0.447629       -0.005356

     C   20        0.193694        0.424321       -0.246564
     C   20        0.424321       -0.116203        0.172306
     C   20       -0.246564        0.172306       -0.077490

     H   21        0.326299       -0.155287        0.662268
     H   21       -0.155287        0.002752       -0.270491
     H   21        0.662268       -0.270491       -0.329051

     C   22        0.067679       -0.211872        0.113056
     C   22       -0.211872       -0.222965       -0.275130
     C   22        0.113056       -0.275130        0.155286

     C   23        0.344545        0.559524       -0.543592
     C   23        0.559524       -0.265190        0.189224
     C   23       -0.543592        0.189224       -0.079355

     Cl  24        1.283253       -0.372552       -2.162399
     Cl  24       -0.372552       -1.004393        1.106228
     Cl  24       -2.162399        1.106228       -0.278860


     NQR/NMR SPECTROSCOPIC PARAMETERS:
     Cl   1    Vxx=    0.3154    axis=(  0.092542 -0.964522  0.247250)
     Cl   1    Vyy=    2.7793    axis=(  0.969868  0.031113 -0.241637)
     Cl   1    Vzz=   -3.0947    axis=(  0.225371  0.262162  0.938338)
     Cl   1  Q=        -8.1650 1e-30 m^2  Cq=        59.3704 MHz  eta= 0.79614

     C    2    Vxx=   -0.2557    axis=(  0.436659 -0.560913  0.703353)
     C    2    Vyy=   -0.6459    axis=(  0.318052 -0.635084 -0.703925)
     C    2    Vzz=    0.9016    axis=( -0.841529 -0.531078  0.098916)
     C    2  Q=         1.0000 1e-30 m^2  Cq=         2.1184 MHz  eta= 0.43273

     C    3    Vxx=    0.1011    axis=(  0.420597 -0.869870 -0.257729)
     C    3    Vyy=    0.4757    axis=( -0.743769 -0.493277  0.451094)
     C    3    Vzz=   -0.5769    axis=( -0.519525  0.001962 -0.854453)
     C    3  Q=         1.0000 1e-30 m^2  Cq=        -1.3554 MHz  eta= 0.64933

     H    4    Vxx=   -0.0295    axis=(  0.355987 -0.899239 -0.254247)
     H    4    Vyy=   -0.6655    axis=(  0.548677  0.421367 -0.722083)
     H    4    Vzz=    0.6949    axis=(  0.756457  0.117553  0.643393)
     H    4  Q=         1.0000 1e-30 m^2  Cq=         1.6329 MHz  eta= 0.91512

     C    5    Vxx=   -0.1664    axis=(  0.216314 -0.217271  0.951841)
     C    5    Vyy=   -0.6849    axis=( -0.445532  0.845527  0.294254)
     C    5    Vzz=    0.8513    axis=( -0.868740 -0.487727  0.086098)
     C    5  Q=         1.0000 1e-30 m^2  Cq=         2.0002 MHz  eta= 0.60909

     H    6    Vxx=   -0.0276    axis=( -0.610941  0.388610 -0.689734)
     H    6    Vyy=   -0.6292    axis=( -0.747926 -0.568935  0.341936)
     H    6    Vzz=    0.6568    axis=( -0.259535  0.724772  0.638237)
     H    6  Q=         1.0000 1e-30 m^2  Cq=         1.5432 MHz  eta= 0.91582

     H    7    Vxx=   -0.0022    axis=(  0.598998 -0.358231 -0.716151)
     H    7    Vyy=   -0.5655    axis=(  0.797555  0.187091  0.573500)
     H    7    Vzz=    0.5677    axis=(  0.071460  0.914695 -0.397776)
     H    7  Q=         1.0000 1e-30 m^2  Cq=         1.3339 MHz  eta= 0.99226

     C    8    Vxx=   -0.0676    axis=(  0.546521 -0.831515 -0.099491)
     C    8    Vyy=   -0.5335    axis=(  0.652200  0.497137 -0.572267)
     C    8    Vzz=    0.6011    axis=(  0.525309  0.247867  0.814010)
     C    8  Q=         1.0000 1e-30 m^2  Cq=         1.4123 MHz  eta= 0.77508

     H    9    Vxx=   -0.0619    axis=(  0.603610  0.598370 -0.526886)
     H    9    Vyy=   -0.6396    axis=( -0.084732  0.705257  0.703870)
     H    9    Vzz=    0.7015    axis=(  0.792765 -0.380219  0.476401)
     H    9  Q=         1.0000 1e-30 m^2  Cq=         1.6483 MHz  eta= 0.82340

     C   10    Vxx=   -0.0816    axis=( -0.509684 -0.173426  0.842702)
     C   10    Vyy=   -0.5472    axis=( -0.708016  0.641030 -0.296300)
     C   10    Vzz=    0.6289    axis=( -0.488811 -0.747666 -0.449511)
     C   10  Q=         1.0000 1e-30 m^2  Cq=         1.4776 MHz  eta= 0.74038

     C   11    Vxx=   -0.1359    axis=(  0.101673 -0.941165  0.322291)
     C   11    Vyy=   -0.4844    axis=( -0.928125  0.026882  0.371297)
     C   11    Vzz=    0.6203    axis=(  0.358115  0.336878  0.870785)
     C   11  Q=         1.0000 1e-30 m^2  Cq=         1.4575 MHz  eta= 0.56172

     Cl  12    Vxx=   -0.8182    axis=( -0.693557  0.258138  0.672564)
     Cl  12    Vyy=   -3.1072    axis=( -0.461718  0.557357 -0.690050)
     Cl  12    Vzz=    3.9254    axis=(  0.552987  0.789125  0.267373)
     Cl  12  Q=        -8.1650 1e-30 m^2  Cq=       -75.3073 MHz  eta= 0.58313

     H   13    Vxx=    0.0373    axis=(  0.821799  0.300241 -0.484254)
     H   13    Vyy=    0.6888    axis=( -0.021055 -0.833318 -0.552393)
     H   13    Vzz=   -0.7261    axis=( -0.569389  0.464152 -0.678498)
     H   13  Q=         1.0000 1e-30 m^2  Cq=        -1.7060 MHz  eta= 0.89731

     C   14    Vxx=    0.0341    axis=( -0.495898  0.349357  0.795006)
     C   14    Vyy=    0.3915    axis=(  0.440163 -0.688057  0.576918)
     C   14    Vzz=   -0.4257    axis=( -0.748560 -0.636025 -0.187432)
     C   14  Q=         1.0000 1e-30 m^2  Cq=        -1.0001 MHz  eta= 0.83971

     H   15    Vxx=    0.0251    axis=(  0.162636 -0.958324 -0.234873)
     H   15    Vyy=    0.6639    axis=( -0.906221 -0.050924 -0.419727)
     H   15    Vzz=   -0.6890    axis=(  0.390274  0.281109 -0.876735)
     H   15  Q=         1.0000 1e-30 m^2  Cq=        -1.6188 MHz  eta= 0.92725

     C   16    Vxx=    0.0732    axis=(  0.575851  0.672934 -0.464281)
     C   16    Vyy=    0.6881    axis=( -0.681585  0.081546 -0.727181)
     C   16    Vzz=   -0.7613    axis=( -0.451484  0.735194  0.505620)
     C   16  Q=         1.0000 1e-30 m^2  Cq=        -1.7888 MHz  eta= 0.80768

     C   17    Vxx=    0.0647    axis=(  0.482007  0.834006 -0.268522)
     C   17    Vyy=    0.4280    axis=(  0.866171 -0.499740  0.002658)
     C   17    Vzz=   -0.4927    axis=(  0.131974  0.233867  0.963270)
     C   17  Q=         1.0000 1e-30 m^2  Cq=        -1.1577 MHz  eta= 0.73732

     Cl  18    Vxx=   -0.4114    axis=(  0.028427 -0.766896  0.641141)
     Cl  18    Vyy=   -2.1139    axis=( -0.434200 -0.587203 -0.683127)
     Cl  18    Vzz=    2.5253    axis=( -0.900368  0.258964  0.349679)
     Cl  18  Q=        -8.1650 1e-30 m^2  Cq=       -48.4468 MHz  eta= 0.67419

     H   19    Vxx=   -0.0638    axis=(  0.582130  0.531755  0.615111)
     H   19    Vyy=   -0.6842    axis=(  0.797853 -0.227774 -0.558167)
     H   19    Vzz=    0.7480    axis=(  0.156702 -0.815694  0.556856)
     H   19  Q=         1.0000 1e-30 m^2  Cq=         1.7576 MHz  eta= 0.82943

     C   20    Vxx=    0.0646    axis=( -0.118212  0.525538  0.842517)
     C   20    Vyy=    0.5117    axis=( -0.836351 -0.510083  0.200828)
     C   20    Vzz=   -0.5763    axis=(  0.535297 -0.680900  0.499832)
     C   20  Q=         1.0000 1e-30 m^2  Cq=        -1.3540 MHz  eta= 0.77586

     H   21    Vxx=   -0.0597    axis=(  0.377174  0.926138 -0.002680)
     H   21    Vyy=   -0.7705    axis=(  0.485506 -0.200187 -0.851005)
     H   21    Vzz=    0.8302    axis=( -0.788685  0.319676 -0.525151)
     H   21  Q=         1.0000 1e-30 m^2  Cq=         1.9507 MHz  eta= 0.85617

     C   22    Vxx=   -0.0092    axis=( -0.802092  0.027152  0.596582)
     C   22    Vyy=   -0.4107    axis=(  0.302784  0.879541  0.367056)
     C   22    Vzz=    0.4200    axis=(  0.514752 -0.475048  0.713694)
     C   22  Q=         1.0000 1e-30 m^2  Cq=         0.9867 MHz  eta= 0.95601

     C   23    Vxx=    0.0229    axis=(  0.092560  0.665949  0.740233)
     C   23    Vyy=    0.8497    axis=( -0.837996 -0.349414  0.419133)
     C   23    Vzz=   -0.8726    axis=(  0.537769 -0.659107  0.525721)
     C   23  Q=         1.0000 1e-30 m^2  Cq=        -2.0504 MHz  eta= 0.94750

     Cl  24    Vxx=   -0.7809    axis=(  0.489492  0.807944  0.328061)
     Cl  24    Vyy=   -2.2454    axis=(  0.396994 -0.541440  0.741106)
     Cl  24    Vzz=    3.0263    axis=( -0.776398  0.232528  0.585780)
     Cl  24  Q=        -8.1650 1e-30 m^2  Cq=       -58.0585 MHz  eta= 0.48391

     Initialization:
     gipaw_setup  :      9.25s CPU     11.01s WALL (       1 calls)

     Linear response

     Apply operators

     Induced current

     Other routines
     efg          :      9.46s CPU     11.74s WALL (       1 calls)

     General routines
     calbec       :      3.41s CPU      4.50s WALL (      16 calls)
     fft          :      1.48s CPU      2.14s WALL (      15 calls)
     ffts         :      0.05s CPU      0.09s WALL (       2 calls)
     fftw         :      3.35s CPU      4.01s WALL (     672 calls)
     davcio       :      0.01s CPU      0.31s WALL (      32 calls)

     Parallel routines
     fft_scatter  :      2.15s CPU      3.40s WALL (     689 calls)

     Plugins

     GIPAW        :     61.46s CPU     77.42s WALL (       1 calls)
