
     Program QE v.6.0 (svn rev. 13079) starts on 11Jan2017 at 10: 0:37 

     This program is part of the open-source Quantum ESPRESSO suite
     for quantum simulation of materials; please cite
         "P. Giannozzi et al., J. Phys.:Condens. Matter 21 395502 (2009);
          URL http://www.quantum-espresso.org", 
     in publications or presentations arising from this work. More details at
     http://www.quantum-espresso.org/quote

     Parallel version (MPI), running on     8 processors
     R & G space division:  proc/nbgrp/npool/nimage =       8

     ***** This is GIPAW svn revision unknown      *****

     Parallelizing q-star over 1 images

     Reading data from directory:
     /users/majewski/paradichlorobenzene/pbe/9_constraint/scratch/pbe.ecut100.np8.dt60.pcl2phi-129368.save
     Message from routine read_xml_file:
     file /users/majewski/paradichlorobenzene/pbe/9_constraint/scratch/pbe.ecut100.np8.dt60.pcl2phi-129368.save not guaranteed to be safe for post-processing

   Info: using nr1, nr2, nr3 values from input

   Info: using nr1, nr2, nr3 values from input

     IMPORTANT: XC functional enforced from input :
     Exchange-correlation      =  SLA  PW   PBX  PBC ( 1  4  3  4 0 0)
     Any further DFT definition will be discarded
     Please, verify this is what you really want

               file C.pbe-n-kjpaw_psl.1.0.0.UPF: wavefunction(s)  2S 2P renormalized
               file Cl.pbe-n-kjpaw_psl.1.0.0.UPF: wavefunction(s)  3S 3P renormalized
               file H.pbe-kjpaw_psl.1.0.0.UPF: wavefunction(s)  1S renormalized

     Parallelization info
     --------------------
     sticks:   dense  smooth     PW     G-vecs:    dense   smooth      PW
     Min        3057    1223    332               144436    36536    5170
     Max        3059    1225    333               144437    36537    5171
     Sum       24467    9791   2657              1155489   292295   41363


     Subspace diagonalization in iterative solution of the eigenvalue problem:
     a serial algorithm will be used

     GIPAW projectors -----------------------------------------------
     atom=  C    l=0  rc=    1.2000  rs=    0.8000
     atom=  C    l=0  rc=    1.2000  rs=    0.8000
     atom=  C    l=1  rc=    1.4000  rs=    0.9333
     atom=  C    l=1  rc=    1.4000  rs=    0.9333
     projs nearly linearly dependent: l=1  n1,n2= 1, 2  s=  0.99951561

     atom=  Cl   l=0  rc=    1.6000  rs=    1.0667
     atom=  Cl   l=0  rc=    1.6000  rs=    1.0667
     atom=  Cl   l=1  rc=    1.6000  rs=    1.0667
     atom=  Cl   l=1  rc=    1.6000  rs=    1.0667
     atom=  Cl   l=2  rc=    1.6000  rs=    1.0667
     atom=  Cl   l=2  rc=    1.6000  rs=    1.0667
     projs nearly linearly dependent: l=2  n1,n2= 1, 2  s=  0.99993509

     atom=  H    l=0  rc=    1.0000  rs=    0.6667
     atom=  H    l=0  rc=    1.0000  rs=    0.6667
     projs nearly linearly dependent: l=0  n1,n2= 1, 2  s=  0.99968852
     -----------------------------------------------------------------

     GIPAW integrals: -------------------------------------------
     Atom  i/j   nmr_para   nmr_dia   epr_rmc  epr_para   epr_dia
       C   1 1   0.83E+03  0.17E-01  0.93E+01  0.24E+08  0.24E+03
       C   2 1   0.86E+03 -0.61E-01  0.94E+01  0.25E+08  0.25E+03
       C   2 2   0.90E+03 -0.15E+00  0.97E+01  0.26E+08  0.26E+03
       C   3 3   0.33E+01  0.34E+00  0.18E+01  0.55E+03  0.21E+02
       C   4 3   0.35E+01  0.37E+00  0.20E+01  0.59E+03  0.22E+02
       C   4 4   0.38E+01  0.39E+00  0.22E+01  0.63E+03  0.24E+02
       Cl  1 1   0.14E+04 -0.47E+00  0.84E+01  0.32E+09  0.42E+03
       Cl  2 1   0.21E+04 -0.37E+00  0.12E+02  0.49E+09  0.65E+03
       Cl  2 2   0.33E+04 -0.16E+00  0.21E+02  0.76E+09  0.10E+04
       Cl  3 3   0.21E+02  0.79E-01  0.89E+01  0.23E+05  0.13E+03
       Cl  4 3   0.24E+02  0.67E-01  0.99E+01  0.27E+05  0.15E+03
       Cl  4 4   0.28E+02  0.44E-01  0.11E+02  0.32E+05  0.18E+03
       Cl  5 5   0.77E+00  0.19E+00  0.18E+01  0.12E+03  0.22E+02
       Cl  6 5   0.80E+00  0.19E+00  0.19E+01  0.12E+03  0.23E+02
       Cl  6 6   0.83E+00  0.20E+00  0.19E+01  0.12E+03  0.23E+02
       H   1 1   0.39E+02  0.19E+00  0.29E+00  0.78E+05  0.13E+02
       H   2 1   0.41E+02  0.21E+00  0.32E+00  0.82E+05  0.14E+02
       H   2 2   0.43E+02  0.22E+00  0.36E+00  0.86E+05  0.15E+02
     ------------------------------------------------------------

     alpha_pv=     33.8781 eV

     Number of occupied bands for each k-point:
     k-point:     1    nbnd_occ=  42
     k-point:     2    nbnd_occ=  42
     k-point:     3    nbnd_occ=  42
     k-point:     4    nbnd_occ=  42
     k-point:     5    nbnd_occ=  42
     k-point:     6    nbnd_occ=  42
     k-point:     7    nbnd_occ=  42
     k-point:     8    nbnd_occ=  42
     k-point:     9    nbnd_occ=  42
     k-point:    10    nbnd_occ=  42
     k-point:    11    nbnd_occ=  42
     k-point:    12    nbnd_occ=  42
     k-point:    13    nbnd_occ=  42
     k-point:    14    nbnd_occ=  42
     k-point:    15    nbnd_occ=  42
     k-point:    16    nbnd_occ=  42


     q-space interpolation up to   110.00 Rydberg

     GIPAW job: efg                                                                             


     ELECTRIC FIELD GRADIENTS TENSORS IN Hartree/bohrradius^2:

     ----- bare term -----
     Cl   1       -0.014738       -0.067114        0.109727
     Cl   1       -0.067114       -0.064196        0.177457
     Cl   1        0.109727        0.177457        0.078934

     C    2       -0.266233        0.207415       -0.493984
     C    2        0.207415        0.065091       -0.434777
     C    2       -0.493984       -0.434777        0.201142

     C    3       -0.090849        0.291100       -0.215992
     C    3        0.291100       -0.211773       -0.593473
     C    3       -0.215992       -0.593473        0.302622

     H    4       -0.329659       -0.146814       -0.540805
     H    4       -0.146814        0.320332       -0.119745
     H    4       -0.540805       -0.119745        0.009327

     C    5       -0.655507        0.203163       -0.378536
     C    5        0.203163        0.072181       -0.205276
     C    5       -0.378536       -0.205276        0.583326

     H    6        0.360393       -0.160013       -0.002690
     H    6       -0.160013       -0.552898       -0.410030
     H    6       -0.002690       -0.410030        0.192506

     H    7        0.474184        0.200528        0.032447
     H    7        0.200528       -0.713466       -0.150582
     H    7        0.032447       -0.150582        0.239283

     C    8       -0.172461        0.028819       -0.153815
     C    8        0.028819       -0.077412        0.092938
     C    8       -0.153815        0.092938        0.249873

     H    9       -0.223097        0.379389        0.164121
     H    9        0.379389        0.012232       -0.186095
     H    9        0.164121       -0.186095        0.210865

     C   10        0.123098       -0.085293        0.210605
     C   10       -0.085293       -0.110778       -0.080075
     C   10        0.210605       -0.080075       -0.012320

     C   11       -0.216298        0.255832       -0.259336
     C   11        0.255832       -0.044816        0.491734
     C   11       -0.259336        0.491734        0.261114

     Cl  12       -0.073801       -0.230224       -0.021007
     Cl  12       -0.230224        0.038108       -0.069255
     Cl  12       -0.021007       -0.069255        0.035693

     H   13        0.421777        0.050781        0.153008
     H   13        0.050781       -0.134026       -0.591287
     H   13        0.153008       -0.591287       -0.287751

     C   14       -0.190966        0.138008       -0.264734
     C   14        0.138008       -0.339067       -0.322930
     C   14       -0.264734       -0.322930        0.530034

     H   15        0.135600       -0.071361       -0.218831
     H   15       -0.071361        0.459892       -0.125713
     H   15       -0.218831       -0.125713       -0.595492

     C   16       -0.208670        0.311508       -0.238624
     C   16        0.311508       -0.051683       -0.107156
     C   16       -0.238624       -0.107156        0.260353

     C   17       -0.039017        0.027209       -0.283150
     C   17        0.027209       -0.509446       -0.381598
     C   17       -0.283150       -0.381598        0.548463

     Cl  18       -0.165794        0.074092        0.015390
     Cl  18        0.074092       -0.098100        0.090661
     Cl  18        0.015390        0.090661        0.263893

     H   19        0.203897        0.430196        0.206669
     H   19        0.430196       -0.504494        0.001922
     H   19        0.206669        0.001922        0.300597

     C   20       -0.239423       -0.396164       -0.412536
     C   20       -0.396164       -0.249717        0.180444
     C   20       -0.412536        0.180444        0.489140

     H   21       -0.358027        0.280739        0.243539
     H   21        0.280739        0.199294       -0.049682
     H   21        0.243539       -0.049682        0.158732

     C   22        0.055529        0.059441       -0.055944
     C   22        0.059441       -0.326011        0.290043
     C   22       -0.055944        0.290043        0.270482

     C   23       -0.460770       -0.184193       -0.377922
     C   23       -0.184193        0.081288        0.288116
     C   23       -0.377922        0.288116        0.379482

     Cl  24       -0.088507        0.000889        0.003133
     Cl  24        0.000889       -0.065757       -0.012308
     Cl  24        0.003133       -0.012308        0.154265

     ----- ionic term -----
     Cl   1        0.086940       -0.200244        0.057262
     Cl   1       -0.200244        0.073049       -0.039824
     Cl   1        0.057262       -0.039824       -0.159989

     C    2       -0.032078       -0.221002        0.382603
     C    2       -0.221002        0.226354        0.310679
     C    2        0.382603        0.310679       -0.194276

     C    3        0.073309       -0.172050        0.278125
     C    3       -0.172050        0.237093        0.326338
     C    3        0.278125        0.326338       -0.310402

     H    4        0.545216        0.334436        0.692773
     H    4        0.334436       -0.370617        0.251965
     H    4        0.692773        0.251965       -0.174599

     C    5        0.192595       -0.119295        0.374479
     C    5       -0.119295        0.067949        0.265942
     C    5        0.374479        0.265942       -0.260544

     H    6       -0.477043        0.216805        0.098431
     H    6        0.216805        0.671998        0.653387
     H    6        0.098431        0.653387       -0.194955

     H    7       -0.522269       -0.078363        0.013622
     H    7       -0.078363        0.654948       -0.698769
     H    7        0.013622       -0.698769       -0.132679

     C    8        0.389459        0.073762       -0.001741
     C    8        0.073762        0.121897       -0.298642
     C    8       -0.001741       -0.298642       -0.511355

     H    9        0.739129       -0.501684        0.408898
     H    9       -0.501684       -0.259466       -0.211721
     H    9        0.408898       -0.211721       -0.479663

     C   10        0.195132        0.075306        0.041336
     C   10        0.075306        0.329922       -0.352841
     C   10        0.041336       -0.352841       -0.525054

     C   11        0.269203       -0.042008        0.043612
     C   11       -0.042008        0.301167       -0.316140
     C   11        0.043612       -0.316140       -0.570371

     Cl  12        0.134758        0.180648       -0.025690
     Cl  12        0.180648        0.014551       -0.023319
     Cl  12       -0.025690       -0.023319       -0.149309

     H   13       -0.548408       -0.024296        0.022744
     H   13       -0.024296        0.641212        0.705765
     H   13        0.022744        0.705765       -0.092804

     C   14        0.076297       -0.330269        0.345854
     C   14       -0.330269        0.117313        0.230235
     C   14        0.345854        0.230235       -0.193610

     H   15        0.265836        0.227709        0.784506
     H   15        0.227709       -0.450829        0.290145
     H   15        0.784506        0.290145        0.184993

     C   16       -0.017910       -0.360259        0.238989
     C   16       -0.360259        0.189922        0.380468
     C   16        0.238989        0.380468       -0.172012

     C   17        0.138776       -0.220319        0.268491
     C   17       -0.220319        0.044613        0.443302
     C   17        0.268491        0.443302       -0.183388

     Cl  18        0.164121       -0.202673        0.003790
     Cl  18       -0.202673       -0.019438        0.001644
     Cl  18        0.003790        0.001644       -0.144683

     H   19       -0.517241       -0.201029        0.041188
     H   19       -0.201029        0.924498       -0.464214
     H   19        0.041188       -0.464214       -0.407256

     C   20        0.341385        0.003620       -0.016331
     C   20        0.003620        0.198418       -0.255238
     C   20       -0.016331       -0.255238       -0.539803

     H   21        0.875800       -0.558742        0.057755
     H   21       -0.558742       -0.263887       -0.076294
     H   21        0.057755       -0.076294       -0.611913

     C   22        0.214965        0.024126       -0.053914
     C   22        0.024126        0.332213       -0.287720
     C   22       -0.053914       -0.287720       -0.547177

     C   23        0.320973       -0.058390        0.019963
     C   23       -0.058390        0.261709       -0.297088
     C   23        0.019963       -0.297088       -0.582682

     Cl  24        0.121231        0.195155       -0.055175
     Cl  24        0.195155        0.008800       -0.032374
     Cl  24       -0.055175       -0.032374       -0.130032

     ----- GIPAW term -----
     Cl   1        0.136625        0.204445       -0.913652
     Cl   1        0.204445        0.514981       -1.293081
     Cl   1       -0.913652       -1.293081       -0.651606

     C    2        0.011257        0.033880       -0.128843
     C    2        0.033880        0.100702       -0.124051
     C    2       -0.128843       -0.124051       -0.111959

     C    3       -0.059367        0.064095       -0.049801
     C    3        0.064095        0.056944       -0.121133
     C    3       -0.049801       -0.121133        0.002423

     H    4       -0.000000        0.000000        0.000000
     H    4        0.000000        0.000000        0.000000
     H    4        0.000000        0.000000        0.000000

     C    5       -0.159292        0.042567        0.000230
     C    5        0.042567       -0.034523        0.037710
     C    5        0.000230        0.037710        0.193815

     H    6       -0.000000        0.000000        0.000000
     H    6        0.000000        0.000000        0.000000
     H    6        0.000000        0.000000        0.000000

     H    7       -0.000000        0.000000        0.000000
     H    7        0.000000        0.000000        0.000000
     H    7        0.000000        0.000000        0.000000

     C    8       -0.047765       -0.005210       -0.021718
     C    8       -0.005210       -0.008033        0.076767
     C    8       -0.021718        0.076767        0.055799

     H    9       -0.000000        0.000000        0.000000
     H    9        0.000000        0.000000        0.000000
     H    9        0.000000        0.000000        0.000000

     C   10        0.020933        0.005856        0.023632
     C   10        0.005856        0.006003       -0.028134
     C   10        0.023632       -0.028134       -0.026936

     C   11       -0.063439        0.117975        0.028934
     C   11        0.117975       -0.039995        0.152381
     C   11        0.028934        0.152381        0.103434

     Cl  12       -0.910467        0.717707        0.301040
     Cl  12        0.717707       -0.922983        1.252039
     Cl  12        0.301040        1.252039        1.833450

     H   13       -0.000000        0.000000        0.000000
     H   13        0.000000        0.000000        0.000000
     H   13        0.000000        0.000000        0.000000

     C   14       -0.098757       -0.004934       -0.085791
     C   14       -0.004934       -0.185004        0.021147
     C   14       -0.085791        0.021147        0.283761

     H   15       -0.000000        0.000000        0.000000
     H   15        0.000000        0.000000        0.000000
     H   15        0.000000        0.000000        0.000000

     C   16       -0.064744        0.025279       -0.127154
     C   16        0.025279       -0.077733       -0.008371
     C   16       -0.127154       -0.008371        0.142476

     C   17       -0.072458       -0.094072       -0.063278
     C   17       -0.094072       -0.188498        0.022792
     C   17       -0.063278        0.022792        0.260956

     Cl  18       -0.156639       -1.671112        0.277680
     Cl  18       -1.671112       -0.869703        0.887821
     Cl  18        0.277680        0.887821        1.026342

     H   19       -0.000000        0.000000        0.000000
     H   19        0.000000        0.000000        0.000000
     H   19        0.000000        0.000000        0.000000

     C   20        0.087713       -0.060698       -0.220114
     C   20       -0.060698       -0.160064        0.014745
     C   20       -0.220114        0.014745        0.072351

     H   21       -0.000000        0.000000        0.000000
     H   21        0.000000        0.000000        0.000000
     H   21        0.000000        0.000000        0.000000

     C   22       -0.015080        0.028735       -0.075138
     C   22        0.028735       -0.077124       -0.008070
     C   22       -0.075138       -0.008070        0.092204

     C   23       -0.061270        0.097892       -0.072218
     C   23        0.097892        0.087891       -0.037503
     C   23       -0.072218       -0.037503       -0.026621

     Cl  24       -0.534318        1.716962       -0.508359
     Cl  24        1.716962       -1.421602       -0.526966
     Cl  24       -0.508359       -0.526966        1.955920

     ----- total EFG -----
     Cl   1        0.208827       -0.062913       -0.746664
     Cl   1       -0.062913        0.523835       -1.155448
     Cl   1       -0.746664       -1.155448       -0.732662

     C    2       -0.287053        0.020292       -0.240224
     C    2        0.020292        0.392147       -0.248149
     C    2       -0.240224       -0.248149       -0.105093

     C    3       -0.076907        0.183145        0.012333
     C    3        0.183145        0.082264       -0.388268
     C    3        0.012333       -0.388268       -0.005357

     H    4        0.215557        0.187622        0.151968
     H    4        0.187622       -0.050285        0.132220
     H    4        0.151968        0.132220       -0.165272

     C    5       -0.622204        0.126435       -0.003826
     C    5        0.126435        0.105606        0.098377
     C    5       -0.003826        0.098377        0.516598

     H    6       -0.116650        0.056792        0.095741
     H    6        0.056792        0.119100        0.243357
     H    6        0.095741        0.243357       -0.002449

     H    7       -0.048085        0.122165        0.046070
     H    7        0.122165       -0.058519       -0.849352
     H    7        0.046070       -0.849352        0.106604

     C    8        0.169232        0.097371       -0.177274
     C    8        0.097371        0.036451       -0.128937
     C    8       -0.177274       -0.128937       -0.205683

     H    9        0.516032       -0.122295        0.573019
     H    9       -0.122295       -0.247234       -0.397815
     H    9        0.573019       -0.397815       -0.268798

     C   10        0.339163       -0.004130        0.275573
     C   10       -0.004130        0.225147       -0.461051
     C   10        0.275573       -0.461051       -0.564310

     C   11       -0.010533        0.331799       -0.186791
     C   11        0.331799        0.216356        0.327975
     C   11       -0.186791        0.327975       -0.205822

     Cl  12       -0.849510        0.668131        0.254342
     Cl  12        0.668131       -0.870324        1.159464
     Cl  12        0.254342        1.159464        1.719834

     H   13       -0.126631        0.026486        0.175752
     H   13        0.026486        0.507186        0.114478
     H   13        0.175752        0.114478       -0.380555

     C   14       -0.213426       -0.197195       -0.004671
     C   14       -0.197195       -0.406759       -0.071548
     C   14       -0.004671       -0.071548        0.620184

     H   15        0.401436        0.156348        0.565675
     H   15        0.156348        0.009063        0.164432
     H   15        0.565675        0.164432       -0.410499

     C   16       -0.291323       -0.023471       -0.126789
     C   16       -0.023471        0.060506        0.264940
     C   16       -0.126789        0.264940        0.230817

     C   17        0.027301       -0.287182       -0.077937
     C   17       -0.287182       -0.653332        0.084496
     C   17       -0.077937        0.084496        0.626031

     Cl  18       -0.158312       -1.799693        0.296860
     Cl  18       -1.799693       -0.987241        0.980125
     Cl  18        0.296860        0.980125        1.145553

     H   19       -0.313344        0.229167        0.247857
     H   19        0.229167        0.420004       -0.462292
     H   19        0.247857       -0.462292       -0.106659

     C   20        0.189675       -0.453242       -0.648982
     C   20       -0.453242       -0.211363       -0.060048
     C   20       -0.648982       -0.060048        0.021688

     H   21        0.517773       -0.278003        0.301294
     H   21       -0.278003       -0.064593       -0.125976
     H   21        0.301294       -0.125976       -0.453181

     C   22        0.255414        0.112301       -0.184996
     C   22        0.112301       -0.070922       -0.005747
     C   22       -0.184996       -0.005747       -0.184492

     C   23       -0.201067       -0.144692       -0.430177
     C   23       -0.144692        0.430888       -0.046474
     C   23       -0.430177       -0.046474       -0.229821

     Cl  24       -0.501594        1.913006       -0.560401
     Cl  24        1.913006       -1.478559       -0.571649
     Cl  24       -0.560401       -0.571649        1.980153

     ----- total EFG (symmetrized) -----
     Cl   1        0.208827       -0.062913       -0.746664
     Cl   1       -0.062913        0.523835       -1.155448
     Cl   1       -0.746664       -1.155448       -0.732662

     C    2       -0.287053        0.020292       -0.240224
     C    2        0.020292        0.392147       -0.248149
     C    2       -0.240224       -0.248149       -0.105093

     C    3       -0.076907        0.183145        0.012333
     C    3        0.183145        0.082264       -0.388268
     C    3        0.012333       -0.388268       -0.005357

     H    4        0.215557        0.187622        0.151968
     H    4        0.187622       -0.050285        0.132220
     H    4        0.151968        0.132220       -0.165272

     C    5       -0.622204        0.126435       -0.003826
     C    5        0.126435        0.105606        0.098377
     C    5       -0.003826        0.098377        0.516598

     H    6       -0.116650        0.056792        0.095741
     H    6        0.056792        0.119100        0.243357
     H    6        0.095741        0.243357       -0.002449

     H    7       -0.048085        0.122165        0.046070
     H    7        0.122165       -0.058519       -0.849352
     H    7        0.046070       -0.849352        0.106604

     C    8        0.169232        0.097371       -0.177274
     C    8        0.097371        0.036451       -0.128937
     C    8       -0.177274       -0.128937       -0.205683

     H    9        0.516032       -0.122295        0.573019
     H    9       -0.122295       -0.247234       -0.397815
     H    9        0.573019       -0.397815       -0.268798

     C   10        0.339163       -0.004130        0.275573
     C   10       -0.004130        0.225147       -0.461051
     C   10        0.275573       -0.461051       -0.564310

     C   11       -0.010533        0.331799       -0.186791
     C   11        0.331799        0.216356        0.327975
     C   11       -0.186791        0.327975       -0.205822

     Cl  12       -0.849510        0.668131        0.254342
     Cl  12        0.668131       -0.870324        1.159464
     Cl  12        0.254342        1.159464        1.719834

     H   13       -0.126631        0.026486        0.175752
     H   13        0.026486        0.507186        0.114478
     H   13        0.175752        0.114478       -0.380555

     C   14       -0.213426       -0.197195       -0.004671
     C   14       -0.197195       -0.406759       -0.071548
     C   14       -0.004671       -0.071548        0.620184

     H   15        0.401436        0.156348        0.565675
     H   15        0.156348        0.009063        0.164432
     H   15        0.565675        0.164432       -0.410499

     C   16       -0.291323       -0.023471       -0.126789
     C   16       -0.023471        0.060506        0.264940
     C   16       -0.126789        0.264940        0.230817

     C   17        0.027301       -0.287182       -0.077937
     C   17       -0.287182       -0.653332        0.084496
     C   17       -0.077937        0.084496        0.626031

     Cl  18       -0.158312       -1.799693        0.296860
     Cl  18       -1.799693       -0.987241        0.980125
     Cl  18        0.296860        0.980125        1.145553

     H   19       -0.313344        0.229167        0.247857
     H   19        0.229167        0.420004       -0.462292
     H   19        0.247857       -0.462292       -0.106659

     C   20        0.189675       -0.453242       -0.648982
     C   20       -0.453242       -0.211363       -0.060048
     C   20       -0.648982       -0.060048        0.021688

     H   21        0.517773       -0.278003        0.301294
     H   21       -0.278003       -0.064593       -0.125976
     H   21        0.301294       -0.125976       -0.453181

     C   22        0.255414        0.112301       -0.184996
     C   22        0.112301       -0.070922       -0.005747
     C   22       -0.184996       -0.005747       -0.184492

     C   23       -0.201067       -0.144692       -0.430177
     C   23       -0.144692        0.430888       -0.046474
     C   23       -0.430177       -0.046474       -0.229821

     Cl  24       -0.501594        1.913006       -0.560401
     Cl  24        1.913006       -1.478559       -0.571649
     Cl  24       -0.560401       -0.571649        1.980153


     NQR/NMR SPECTROSCOPIC PARAMETERS:
     Cl   1    Vxx=    0.3429    axis=(  0.880925 -0.457882 -0.119650)
     Cl   1    Vyy=    1.3238    axis=( -0.325062 -0.769165  0.550199)
     Cl   1    Vzz=   -1.6667    axis=( -0.343957 -0.445790 -0.826417)
     Cl   1  Q=        -8.1650 1e-30 m^2  Cq=        31.9749 MHz  eta= 0.58848

     C    2    Vxx=   -0.0386    axis=( -0.614589  0.415303  0.670674)
     C    2    Vyy=   -0.4728    axis=(  0.774708  0.157512  0.612387)
     C    2    Vzz=    0.5114    axis=( -0.148687 -0.895943  0.418544)
     C    2  Q=         1.0000 1e-30 m^2  Cq=         1.2017 MHz  eta= 0.84898

     C    3    Vxx=   -0.0534    axis=(  0.889625  0.083835  0.448932)
     C    3    Vyy=   -0.4076    axis=(  0.388015 -0.657183 -0.646185)
     C    3    Vzz=    0.4611    axis=( -0.240857 -0.749054  0.617176)
     C    3  Q=         1.0000 1e-30 m^2  Cq=         1.0833 MHz  eta= 0.76826

     H    4    Vxx=   -0.1289    axis=(  0.563294 -0.745514 -0.356243)
     H    4    Vyy=   -0.2541    axis=(  0.088762  0.483257 -0.870967)
     H    4    Vzz=    0.3830    axis=(  0.821475  0.458990  0.338389)
     H    4  Q=         1.0000 1e-30 m^2  Cq=         0.8999 MHz  eta= 0.32705

     C    5    Vxx=    0.1044    axis=(  0.168094  0.959187 -0.227386)
     C    5    Vyy=    0.5395    axis=(  0.021505  0.227045  0.973647)
     C    5    Vzz=   -0.6439    axis=( -0.985536  0.168554 -0.017538)
     C    5  Q=         1.0000 1e-30 m^2  Cq=        -1.5129 MHz  eta= 0.67559

     H    6    Vxx=   -0.1193    axis=(  0.855966 -0.454833  0.245864)
     H    6    Vyy=   -0.2139    axis=( -0.464998 -0.469307  0.750685)
     H    6    Vzz=    0.3332    axis=(  0.226051  0.756887  0.613207)
     H    6  Q=         1.0000 1e-30 m^2  Cq=         0.7829 MHz  eta= 0.28379

     H    7    Vxx=   -0.0321    axis=(  0.987256  0.076355  0.139627)
     H    7    Vyy=   -0.8478    axis=( -0.150364  0.734908  0.661287)
     H    7    Vzz=    0.8799    axis=( -0.052120 -0.673855  0.737023)
     H    7  Q=         1.0000 1e-30 m^2  Cq=         2.0674 MHz  eta= 0.92699

     C    8    Vxx=   -0.0126    axis=(  0.529086 -0.844935  0.078445)
     C    8    Vyy=   -0.2996    axis=(  0.291596  0.267848  0.918275)
     C    8    Vzz=    0.3121    axis=( -0.796894 -0.462972  0.388094)
     C    8  Q=         1.0000 1e-30 m^2  Cq=         0.7334 MHz  eta= 0.91958

     H    9    Vxx=   -0.1371    axis=(  0.472089  0.801512 -0.367029)
     H    9    Vyy=   -0.7605    axis=( -0.301732  0.538111  0.787016)
     H    9    Vzz=    0.8976    axis=(  0.828305 -0.260797  0.495878)
     H    9  Q=         1.0000 1e-30 m^2  Cq=         2.1090 MHz  eta= 0.69452

     C   10    Vxx=    0.2964    axis=(  0.752546  0.649770 -0.107119)
     C   10    Vyy=    0.5335    axis=( -0.624201  0.651964 -0.430484)
     C   10    Vzz=   -0.8299    axis=( -0.209877  0.390823  0.896219)
     C   10  Q=         1.0000 1e-30 m^2  Cq=        -1.9499 MHz  eta= 0.28577

     C   11    Vxx=    0.0824    axis=(  0.726685 -0.170940 -0.665363)
     C   11    Vyy=    0.4992    axis=( -0.451597 -0.848730 -0.275167)
     C   11    Vzz=   -0.5817    axis=( -0.517677  0.500436 -0.693956)
     C   11  Q=         1.0000 1e-30 m^2  Cq=        -1.3667 MHz  eta= 0.71653

     Cl  12    Vxx=   -0.5570    axis=( -0.809115 -0.482165  0.335931)
     Cl  12    Vyy=   -1.6814    axis=( -0.566482  0.792012 -0.227629)
     Cl  12    Vzz=    2.2384    axis=(  0.156307  0.374477  0.913967)
     Cl  12  Q=        -8.1650 1e-30 m^2  Cq=       -42.9425 MHz  eta= 0.50236

     H   13    Vxx=   -0.0468    axis=(  0.895022 -0.130905  0.426381)
     H   13    Vyy=   -0.4787    axis=( -0.439190 -0.091972  0.893674)
     H   13    Vzz=    0.5255    axis=( -0.077771 -0.987120 -0.139809)
     H   13  Q=         1.0000 1e-30 m^2  Cq=         1.2347 MHz  eta= 0.82196

     C   14    Vxx=   -0.0921    axis=(  0.851207 -0.522727 -0.046928)
     C   14    Vyy=   -0.5332    axis=(  0.524710  0.849514  0.054824)
     C   14    Vzz=    0.6252    axis=(  0.011208 -0.071290  0.997393)
     C   14  Q=         1.0000 1e-30 m^2  Cq=         1.4691 MHz  eta= 0.70549

     H   15    Vxx=   -0.0447    axis=(  0.296729 -0.954496  0.029803)
     H   15    Vyy=   -0.7090    axis=( -0.439042 -0.108640  0.891874)
     H   15    Vzz=    0.7537    axis=( -0.848053 -0.277730 -0.451301)
     H   15  Q=         1.0000 1e-30 m^2  Cq=         1.7708 MHz  eta= 0.88144

     C   16    Vxx=   -0.1170    axis=(  0.268842  0.810971 -0.519664)
     C   16    Vyy=   -0.3255    axis=( -0.950200  0.135015 -0.280874)
     C   16    Vzz=    0.4425    axis=( -0.157618  0.569296  0.806882)
     C   16  Q=         1.0000 1e-30 m^2  Cq=         1.0397 MHz  eta= 0.47099

     C   17    Vxx=    0.1121    axis=( -0.925349  0.325788 -0.193883)
     C   17    Vyy=    0.6482    axis=( -0.169797  0.101103  0.980279)
     C   17    Vzz=   -0.7603    axis=(  0.338965  0.940022 -0.038237)
     C   17  Q=         1.0000 1e-30 m^2  Cq=        -1.7865 MHz  eta= 0.70518

     Cl  18    Vxx=    0.9594    axis=( -0.702298  0.332306 -0.629564)
     Cl  18    Vyy=    1.7005    axis=( -0.405359  0.540317  0.737389)
     Cl  18    Vzz=   -2.6599    axis=(  0.585203  0.773066 -0.244760)
     Cl  18  Q=        -8.1650 1e-30 m^2  Cq=        51.0290 MHz  eta= 0.27865

     H   19    Vxx=   -0.0176    axis=( -0.733447 -0.273362 -0.622357)
     H   19    Vyy=   -0.6771    axis=(  0.674919 -0.401788 -0.618911)
     H   19    Vzz=    0.6947    axis=( -0.080869 -0.873979  0.479188)
     H   19  Q=         1.0000 1e-30 m^2  Cq=         1.6322 MHz  eta= 0.94928

     C   20    Vxx=   -0.0716    axis=(  0.159371 -0.778099  0.607588)
     C   20    Vyy=   -0.7808    axis=( -0.625645 -0.555685 -0.547524)
     C   20    Vzz=    0.8525    axis=( -0.763656  0.292875  0.575373)
     C   20  Q=         1.0000 1e-30 m^2  Cq=         2.0030 MHz  eta= 0.83192

     H   21    Vxx=   -0.1759    axis=(  0.376405  0.926379 -0.011878)
     H   21    Vyy=   -0.5441    axis=( -0.244120  0.111542  0.963309)
     H   21    Vzz=    0.7201    axis=(  0.893714 -0.359694  0.268133)
     H   21  Q=         1.0000 1e-30 m^2  Cq=         1.6918 MHz  eta= 0.51133

     C   22    Vxx=   -0.0919    axis=(  0.163859 -0.949223 -0.268562)
     C   22    Vyy=   -0.2585    axis=(  0.369462 -0.193376  0.908903)
     C   22    Vzz=    0.3504    axis=( -0.914685 -0.248155  0.319015)
     C   22  Q=         1.0000 1e-30 m^2  Cq=         0.8233 MHz  eta= 0.47527

     C   23    Vxx=    0.1950    axis=( -0.662080 -0.268231  0.699787)
     C   23    Vyy=    0.4674    axis=( -0.275069  0.955561  0.106023)
     C   23    Vzz=   -0.6624    axis=( -0.697128 -0.122295 -0.706440)
     C   23  Q=         1.0000 1e-30 m^2  Cq=        -1.5563 MHz  eta= 0.41124

     Cl  24    Vxx=    0.5464    axis=(  0.700421  0.525276  0.483213)
     Cl  24    Vyy=    2.4204    axis=( -0.371043 -0.310367  0.875214)
     Cl  24    Vzz=   -2.9669    axis=( -0.609702  0.792311  0.022487)
     Cl  24  Q=        -8.1650 1e-30 m^2  Cq=        56.9182 MHz  eta= 0.63164

     Initialization:
     gipaw_setup  :      9.05s CPU     10.81s WALL (       1 calls)

     Linear response

     Apply operators

     Induced current

     Other routines
     efg          :      9.54s CPU     12.03s WALL (       1 calls)

     General routines
     calbec       :      3.46s CPU      4.61s WALL (      16 calls)
     fft          :      2.02s CPU      3.63s WALL (      15 calls)
     ffts         :      0.04s CPU      0.06s WALL (       2 calls)
     fftw         :      3.31s CPU      4.15s WALL (     672 calls)
     davcio       :      0.01s CPU      0.30s WALL (      32 calls)

     Parallel routines
     fft_scatter  :      2.74s CPU      4.99s WALL (     689 calls)

     Plugins

     GIPAW        :     62.22s CPU     77.07s WALL (       1 calls)
