
     Program QE v.6.0 (svn rev. 13079) starts on 28Dec2016 at 18: 8:11 

     This program is part of the open-source Quantum ESPRESSO suite
     for quantum simulation of materials; please cite
         "P. Giannozzi et al., J. Phys.:Condens. Matter 21 395502 (2009);
          URL http://www.quantum-espresso.org", 
     in publications or presentations arising from this work. More details at
     http://www.quantum-espresso.org/quote

     Parallel version (MPI), running on     8 processors
     R & G space division:  proc/nbgrp/npool/nimage =       8

     ***** This is GIPAW svn revision unknown      *****

     Parallelizing q-star over 1 images

     Reading data from directory:
     /users/majewski/paradichlorobenzene/pbe/9_constraint/scratch/pbe.ecut100.np8.dt60.pcl2phi-129368.save
     Message from routine read_xml_file:
     file /users/majewski/paradichlorobenzene/pbe/9_constraint/scratch/pbe.ecut100.np8.dt60.pcl2phi-129368.save not guaranteed to be safe for post-processing

   Info: using nr1, nr2, nr3 values from input

   Info: using nr1, nr2, nr3 values from input

     IMPORTANT: XC functional enforced from input :
     Exchange-correlation      =  SLA  PW   PBX  PBC ( 1  4  3  4 0 0)
     Any further DFT definition will be discarded
     Please, verify this is what you really want

               file C.pbe-n-kjpaw_psl.1.0.0.UPF: wavefunction(s)  2S 2P renormalized
               file Cl.pbe-n-kjpaw_psl.1.0.0.UPF: wavefunction(s)  3S 3P renormalized
               file H.pbe-kjpaw_psl.1.0.0.UPF: wavefunction(s)  1S renormalized

     Parallelization info
     --------------------
     sticks:   dense  smooth     PW     G-vecs:    dense   smooth      PW
     Min        3057    1223    332               144436    36536    5170
     Max        3059    1225    333               144437    36537    5171
     Sum       24467    9791   2657              1155489   292295   41363


     Subspace diagonalization in iterative solution of the eigenvalue problem:
     a serial algorithm will be used

     GIPAW projectors -----------------------------------------------
     atom=  C    l=0  rc=    1.2000  rs=    0.8000
     atom=  C    l=0  rc=    1.2000  rs=    0.8000
     atom=  C    l=1  rc=    1.4000  rs=    0.9333
     atom=  C    l=1  rc=    1.4000  rs=    0.9333
     projs nearly linearly dependent: l=1  n1,n2= 1, 2  s=  0.99951561

     atom=  Cl   l=0  rc=    1.6000  rs=    1.0667
     atom=  Cl   l=0  rc=    1.6000  rs=    1.0667
     atom=  Cl   l=1  rc=    1.6000  rs=    1.0667
     atom=  Cl   l=1  rc=    1.6000  rs=    1.0667
     atom=  Cl   l=2  rc=    1.6000  rs=    1.0667
     atom=  Cl   l=2  rc=    1.6000  rs=    1.0667
     projs nearly linearly dependent: l=2  n1,n2= 1, 2  s=  0.99993509

     atom=  H    l=0  rc=    1.0000  rs=    0.6667
     atom=  H    l=0  rc=    1.0000  rs=    0.6667
     projs nearly linearly dependent: l=0  n1,n2= 1, 2  s=  0.99968852
     -----------------------------------------------------------------

     GIPAW integrals: -------------------------------------------
     Atom  i/j   nmr_para   nmr_dia   epr_rmc  epr_para   epr_dia
       C   1 1   0.83E+03  0.17E-01  0.93E+01  0.24E+08  0.24E+03
       C   2 1   0.86E+03 -0.61E-01  0.94E+01  0.25E+08  0.25E+03
       C   2 2   0.90E+03 -0.15E+00  0.97E+01  0.26E+08  0.26E+03
       C   3 3   0.33E+01  0.34E+00  0.18E+01  0.55E+03  0.21E+02
       C   4 3   0.35E+01  0.37E+00  0.20E+01  0.59E+03  0.22E+02
       C   4 4   0.38E+01  0.39E+00  0.22E+01  0.63E+03  0.24E+02
       Cl  1 1   0.14E+04 -0.47E+00  0.84E+01  0.32E+09  0.42E+03
       Cl  2 1   0.21E+04 -0.37E+00  0.12E+02  0.49E+09  0.65E+03
       Cl  2 2   0.33E+04 -0.16E+00  0.21E+02  0.76E+09  0.10E+04
       Cl  3 3   0.21E+02  0.79E-01  0.89E+01  0.23E+05  0.13E+03
       Cl  4 3   0.24E+02  0.67E-01  0.99E+01  0.27E+05  0.15E+03
       Cl  4 4   0.28E+02  0.44E-01  0.11E+02  0.32E+05  0.18E+03
       Cl  5 5   0.77E+00  0.19E+00  0.18E+01  0.12E+03  0.22E+02
       Cl  6 5   0.80E+00  0.19E+00  0.19E+01  0.12E+03  0.23E+02
       Cl  6 6   0.83E+00  0.20E+00  0.19E+01  0.12E+03  0.23E+02
       H   1 1   0.39E+02  0.19E+00  0.29E+00  0.78E+05  0.13E+02
       H   2 1   0.41E+02  0.21E+00  0.32E+00  0.82E+05  0.14E+02
       H   2 2   0.43E+02  0.22E+00  0.36E+00  0.86E+05  0.15E+02
     ------------------------------------------------------------

     alpha_pv=     33.5753 eV

     Number of occupied bands for each k-point:
     k-point:     1    nbnd_occ=  42
     k-point:     2    nbnd_occ=  42
     k-point:     3    nbnd_occ=  42
     k-point:     4    nbnd_occ=  42
     k-point:     5    nbnd_occ=  42
     k-point:     6    nbnd_occ=  42
     k-point:     7    nbnd_occ=  42
     k-point:     8    nbnd_occ=  42
     k-point:     9    nbnd_occ=  42
     k-point:    10    nbnd_occ=  42
     k-point:    11    nbnd_occ=  42
     k-point:    12    nbnd_occ=  42
     k-point:    13    nbnd_occ=  42
     k-point:    14    nbnd_occ=  42
     k-point:    15    nbnd_occ=  42
     k-point:    16    nbnd_occ=  42


     q-space interpolation up to   110.00 Rydberg

     GIPAW job: efg                                                                             


     ELECTRIC FIELD GRADIENTS TENSORS IN Hartree/bohrradius^2:

     ----- bare term -----
     Cl   1        0.015380       -0.047243       -0.057802
     Cl   1       -0.047243       -0.015932       -0.012740
     Cl   1       -0.057802       -0.012740        0.000551

     C    2        0.044886        0.462020       -0.141725
     C    2        0.462020       -0.242829       -0.539292
     C    2       -0.141725       -0.539292        0.197943

     C    3       -0.461713        0.317455       -0.295272
     C    3        0.317455        0.075574       -0.232018
     C    3       -0.295272       -0.232018        0.386140

     H    4       -0.089954       -0.230934       -0.552949
     H    4       -0.230934        0.360833       -0.342172
     H    4       -0.552949       -0.342172       -0.270879

     C    5       -0.082157        0.416196       -0.083948
     C    5        0.416196       -0.219043       -0.387748
     C    5       -0.083948       -0.387748        0.301201

     H    6        0.364782       -0.210338       -0.218380
     H    6       -0.210338       -0.274153       -0.599538
     H    6       -0.218380       -0.599538       -0.090629

     H    7        0.056731        0.220688       -0.040423
     H    7        0.220688       -0.374067        0.453658
     H    7       -0.040423        0.453658        0.317336

     C    8       -0.418959       -0.339434       -0.425220
     C    8       -0.339434       -0.087054        0.139889
     C    8       -0.425220        0.139889        0.506013

     H    9       -0.623510        0.275667        0.185743
     H    9        0.275667        0.394857        0.058505
     H    9        0.185743        0.058505        0.228652

     C   10        0.080837        0.124301       -0.454472
     C   10        0.124301       -0.358440        0.486354
     C   10       -0.454472        0.486354        0.277603

     C   11       -0.327113       -0.273661       -0.372188
     C   11       -0.273661       -0.117609        0.307727
     C   11       -0.372188        0.307727        0.444722

     Cl  12       -0.031566        0.109069       -0.061212
     Cl  12        0.109069       -0.026734       -0.086528
     Cl  12       -0.061212       -0.086528        0.058299

     H   13        0.389277       -0.067579        0.247724
     H   13       -0.067579       -0.090665       -0.353422
     H   13        0.247724       -0.353422       -0.298612

     C   14       -0.421140        0.326049       -0.472127
     C   14        0.326049        0.273385       -0.273434
     C   14       -0.472127       -0.273434        0.147754

     H   15        0.035954       -0.139987       -0.334877
     H   15       -0.139987        0.402943        0.144134
     H   15       -0.334877        0.144134       -0.438896

     C   16        0.106895        0.490007       -0.094795
     C   16        0.490007       -0.279957       -0.444112
     C   16       -0.094795       -0.444112        0.173062

     C   17       -0.250568        0.266366       -0.525836
     C   17        0.266366        0.118975       -0.378187
     C   17       -0.525836       -0.378187        0.131594

     Cl  18       -0.054278        0.110168       -0.111743
     Cl  18        0.110168        0.064790       -0.139644
     Cl  18       -0.111743       -0.139644       -0.010512

     H   19        0.229039       -0.139976        0.287910
     H   19       -0.139976       -0.116027        0.547074
     H   19        0.287910        0.547074       -0.113012

     C   20       -0.069306        0.200802       -0.541715
     C   20        0.200802       -0.127218        0.446451
     C   20       -0.541715        0.446451        0.196524

     H   21       -0.357245        0.420050       -0.274173
     H   21        0.420050        0.092170        0.001309
     H   21       -0.274173        0.001309        0.265075

     C   22       -0.364306       -0.353319       -0.123151
     C   22       -0.353319       -0.053637        0.388098
     C   22       -0.123151        0.388098        0.417944

     C   23       -0.074678        0.356268       -0.372960
     C   23        0.356268       -0.046292        0.713924
     C   23       -0.372960        0.713924        0.120970

     Cl  24       -0.255854       -0.198019       -0.001838
     Cl  24       -0.198019        0.179056        0.061079
     Cl  24       -0.001838        0.061079        0.076799

     ----- ionic term -----
     Cl   1        0.103755       -0.217610       -0.004955
     Cl   1       -0.217610        0.053237        0.009022
     Cl   1       -0.004955        0.009022       -0.156991

     C    2        0.146248       -0.259864        0.257075
     C    2       -0.259864        0.078322        0.369707
     C    2        0.257075        0.369707       -0.224569

     C    3        0.082770       -0.257139        0.199301
     C    3       -0.257139        0.109205        0.366956
     C    3        0.199301        0.366956       -0.191975

     H    4        0.400509        0.240338        0.737906
     H    4        0.240338       -0.472174        0.255997
     H    4        0.737906        0.255997        0.071665

     C    5        0.168932       -0.199426        0.284072
     C    5       -0.199426        0.016610        0.300890
     C    5        0.284072        0.300890       -0.185542

     H    6       -0.535676        0.067104        0.062501
     H    6        0.067104        0.477058        0.781861
     H    6        0.062501        0.781861        0.058618

     H    7       -0.501840       -0.167443        0.091986
     H    7       -0.167443        0.642104       -0.716257
     H    7        0.091986       -0.716257       -0.140264

     C    8        0.377484        0.049189        0.210846
     C    8        0.049189        0.036748       -0.325564
     C    8        0.210846       -0.325564       -0.414232

     H    9        0.803899       -0.463813        0.405943
     H    9       -0.463813       -0.348579       -0.201597
     H    9        0.405943       -0.201597       -0.455320

     C   10        0.201312        0.118884        0.122303
     C   10        0.118884        0.203865       -0.394542
     C   10        0.122303       -0.394542       -0.405177

     C   11        0.184637        0.077663        0.282636
     C   11        0.077663        0.153432       -0.435160
     C   11        0.282636       -0.435160       -0.338070

     Cl  12        0.114174        0.201825       -0.005232
     Cl  12        0.201825        0.023310       -0.008857
     Cl  12       -0.005232       -0.008857       -0.137484

     H   13       -0.504128        0.066702        0.080964
     H   13        0.066702        0.552565        0.752299
     H   13        0.080964        0.752299       -0.048438

     C   14        0.268480       -0.273857        0.309607
     C   14       -0.273857        0.013416        0.273586
     C   14        0.309607        0.273586       -0.281897

     H   15        0.455210        0.243232        0.758030
     H   15        0.243232       -0.439985        0.260348
     H   15        0.758030        0.260348       -0.015225

     C   16        0.116314       -0.323699        0.207664
     C   16       -0.323699        0.148314        0.373320
     C   16        0.207664        0.373320       -0.264628

     C   17        0.119389       -0.228743        0.267298
     C   17       -0.228743        0.075049        0.388010
     C   17        0.267298        0.388010       -0.194438

     Cl  18        0.150362       -0.211840        0.024273
     Cl  18       -0.211840       -0.014316       -0.004999
     Cl  18        0.024273       -0.004999       -0.136046

     H   19       -0.513933       -0.011462        0.024490
     H   19       -0.011462        0.487964       -0.776966
     H   19        0.024490       -0.776966        0.025970

     C   20        0.334691        0.141099        0.232354
     C   20        0.141099       -0.043654       -0.361399
     C   20        0.232354       -0.361399       -0.291037

     H   21        0.771988       -0.359724        0.521264
     H   21       -0.359724       -0.409509       -0.219443
     H   21        0.521264       -0.219443       -0.362479

     C   22        0.237266        0.183702        0.110546
     C   22        0.183702        0.100316       -0.411859
     C   22        0.110546       -0.411859       -0.337581

     C   23        0.321732        0.071572        0.229679
     C   23        0.071572        0.053786       -0.404087
     C   23        0.229679       -0.404087       -0.375519

     Cl  24        0.158149        0.194897        0.019255
     Cl  24        0.194897       -0.009588       -0.000553
     Cl  24        0.019255       -0.000553       -0.148561

     ----- GIPAW term -----
     Cl   1        1.489629       -2.491610       -0.483722
     Cl   1       -2.491610       -0.067465       -0.096190
     Cl   1       -0.483722       -0.096190       -1.422164

     C    2        0.188568        0.129399       -0.041593
     C    2        0.129399       -0.038529       -0.088691
     C    2       -0.041593       -0.088691       -0.150040

     C    3       -0.104937        0.136036        0.008368
     C    3        0.136036        0.062423        0.063727
     C    3        0.008368        0.063727        0.042514

     H    4       -0.000000        0.000000        0.000000
     H    4        0.000000        0.000000        0.000000
     H    4        0.000000        0.000000        0.000000

     C    5       -0.009461        0.199194        0.059608
     C    5        0.199194        0.046522        0.006374
     C    5        0.059608        0.006374       -0.037060

     H    6       -0.000000        0.000000        0.000000
     H    6        0.000000        0.000000        0.000000
     H    6        0.000000        0.000000        0.000000

     H    7       -0.000000        0.000000        0.000000
     H    7        0.000000        0.000000        0.000000
     H    7        0.000000        0.000000        0.000000

     C    8        0.010026        0.024418       -0.175955
     C    8        0.024418       -0.070753       -0.058162
     C    8       -0.175955       -0.058162        0.060727

     H    9       -0.000000        0.000000        0.000000
     H    9        0.000000        0.000000        0.000000
     H    9        0.000000        0.000000        0.000000

     C   10        0.104492        0.106609       -0.250180
     C   10        0.106609       -0.134520        0.013067
     C   10       -0.250180        0.013067        0.030028

     C   11        0.059448        0.112820       -0.176361
     C   11        0.112820       -0.072975       -0.015615
     C   11       -0.176361       -0.015615        0.013527

     Cl  12        0.701843        2.883581       -1.135811
     Cl  12        2.883581       -0.211049       -1.267491
     Cl  12       -1.135811       -1.267491       -0.490794

     H   13       -0.000000        0.000000        0.000000
     H   13        0.000000        0.000000        0.000000
     H   13        0.000000        0.000000        0.000000

     C   14       -0.015166        0.190893       -0.138103
     C   14        0.190893        0.082598       -0.109328
     C   14       -0.138103       -0.109328       -0.067432

     H   15       -0.000000        0.000000        0.000000
     H   15        0.000000        0.000000        0.000000
     H   15        0.000000        0.000000        0.000000

     C   16        0.046743        0.173970       -0.093309
     C   16        0.173970       -0.016047       -0.122421
     C   16       -0.093309       -0.122421       -0.030696

     C   17        0.007502        0.113247       -0.148860
     C   17        0.113247        0.118643       -0.140650
     C   17       -0.148860       -0.140650       -0.126145

     Cl  18        0.530503       -0.808134       -0.969262
     Cl  18       -0.808134        0.967716       -1.566310
     Cl  18       -0.969262       -1.566310       -1.498219

     H   19       -0.000000        0.000000        0.000000
     H   19        0.000000        0.000000        0.000000
     H   19        0.000000        0.000000        0.000000

     C   20        0.130295        0.168002       -0.183543
     C   20        0.168002       -0.092355        0.036188
     C   20       -0.183543        0.036188       -0.037941

     H   21       -0.000000        0.000000        0.000000
     H   21        0.000000        0.000000        0.000000
     H   21        0.000000        0.000000        0.000000

     C   22       -0.073023        0.065124        0.013017
     C   22        0.065124        0.090388        0.079969
     C   22        0.013017        0.079969       -0.017365

     C   23        0.040261        0.272182       -0.001329
     C   23        0.272182        0.060924        0.184329
     C   23       -0.001329        0.184329       -0.101184

     Cl  24       -0.200500        1.537979       -0.066794
     Cl  24        1.537979        1.785955        0.480681
     Cl  24       -0.066794        0.480681       -1.585455

     ----- total EFG -----
     Cl   1        1.608764       -2.756463       -0.546480
     Cl   1       -2.756463       -0.030160       -0.099907
     Cl   1       -0.546480       -0.099907       -1.578604

     C    2        0.379702        0.331555        0.073757
     C    2        0.331555       -0.203036       -0.258276
     C    2        0.073757       -0.258276       -0.176666

     C    3       -0.483881        0.196351       -0.087602
     C    3        0.196351        0.247202        0.198665
     C    3       -0.087602        0.198665        0.236679

     H    4        0.310555        0.009404        0.184957
     H    4        0.009404       -0.111341       -0.086176
     H    4        0.184957       -0.086176       -0.199214

     C    5        0.077313        0.415964        0.259733
     C    5        0.415964       -0.155911       -0.080484
     C    5        0.259733       -0.080484        0.078598

     H    6       -0.170895       -0.143233       -0.155879
     H    6       -0.143233        0.202906        0.182323
     H    6       -0.155879        0.182323       -0.032011

     H    7       -0.445109        0.053245        0.051563
     H    7        0.053245        0.268037       -0.262599
     H    7        0.051563       -0.262599        0.177072

     C    8       -0.031450       -0.265827       -0.390329
     C    8       -0.265827       -0.121059       -0.243837
     C    8       -0.390329       -0.243837        0.152508

     H    9        0.180389       -0.188146        0.591686
     H    9       -0.188146        0.046278       -0.143092
     H    9        0.591686       -0.143092       -0.226668

     C   10        0.386641        0.349794       -0.582350
     C   10        0.349794       -0.289094        0.104878
     C   10       -0.582350        0.104878       -0.097547

     C   11       -0.083028       -0.083178       -0.265912
     C   11       -0.083178       -0.037152       -0.143048
     C   11       -0.265912       -0.143048        0.120180

     Cl  12        0.784452        3.194475       -1.202255
     Cl  12        3.194475       -0.214473       -1.362877
     Cl  12       -1.202255       -1.362877       -0.569979

     H   13       -0.114851       -0.000877        0.328687
     H   13       -0.000877        0.461900        0.398878
     H   13        0.328687        0.398878       -0.347049

     C   14       -0.167825        0.243084       -0.300623
     C   14        0.243084        0.369400       -0.109176
     C   14       -0.300623       -0.109176       -0.201574

     H   15        0.491164        0.103245        0.423153
     H   15        0.103245       -0.037042        0.404482
     H   15        0.423153        0.404482       -0.454122

     C   16        0.269952        0.340278        0.019559
     C   16        0.340278       -0.147690       -0.193213
     C   16        0.019559       -0.193213       -0.122263

     C   17       -0.123678        0.150870       -0.407398
     C   17        0.150870        0.312667       -0.130827
     C   17       -0.407398       -0.130827       -0.188989

     Cl  18        0.626587       -0.909807       -1.056732
     Cl  18       -0.909807        1.018190       -1.710953
     Cl  18       -1.056732       -1.710953       -1.644778

     H   19       -0.284894       -0.151439        0.312400
     H   19       -0.151439        0.371936       -0.229892
     H   19        0.312400       -0.229892       -0.087042

     C   20        0.395681        0.509903       -0.492905
     C   20        0.509903       -0.263227        0.121240
     C   20       -0.492905        0.121240       -0.132454

     H   21        0.414744        0.060326        0.247091
     H   21        0.060326       -0.317340       -0.218133
     H   21        0.247091       -0.218133       -0.097404

     C   22       -0.200064       -0.104493        0.000411
     C   22       -0.104493        0.137067        0.056209
     C   22        0.000411        0.056209        0.062997

     C   23        0.287315        0.700022       -0.144610
     C   23        0.700022        0.068418        0.494165
     C   23       -0.144610        0.494165       -0.355733

     Cl  24       -0.298205        1.534856       -0.049377
     Cl  24        1.534856        1.955422        0.541207
     Cl  24       -0.049377        0.541207       -1.657217

     ----- total EFG (symmetrized) -----
     Cl   1        1.608764       -2.756463       -0.546480
     Cl   1       -2.756463       -0.030160       -0.099907
     Cl   1       -0.546480       -0.099907       -1.578604

     C    2        0.379702        0.331555        0.073757
     C    2        0.331555       -0.203036       -0.258276
     C    2        0.073757       -0.258276       -0.176666

     C    3       -0.483881        0.196351       -0.087602
     C    3        0.196351        0.247202        0.198665
     C    3       -0.087602        0.198665        0.236679

     H    4        0.310555        0.009404        0.184957
     H    4        0.009404       -0.111341       -0.086176
     H    4        0.184957       -0.086176       -0.199214

     C    5        0.077313        0.415964        0.259733
     C    5        0.415964       -0.155911       -0.080484
     C    5        0.259733       -0.080484        0.078598

     H    6       -0.170895       -0.143233       -0.155879
     H    6       -0.143233        0.202906        0.182323
     H    6       -0.155879        0.182323       -0.032011

     H    7       -0.445109        0.053245        0.051563
     H    7        0.053245        0.268037       -0.262599
     H    7        0.051563       -0.262599        0.177072

     C    8       -0.031450       -0.265827       -0.390329
     C    8       -0.265827       -0.121059       -0.243837
     C    8       -0.390329       -0.243837        0.152508

     H    9        0.180389       -0.188146        0.591686
     H    9       -0.188146        0.046278       -0.143092
     H    9        0.591686       -0.143092       -0.226668

     C   10        0.386641        0.349794       -0.582350
     C   10        0.349794       -0.289094        0.104878
     C   10       -0.582350        0.104878       -0.097547

     C   11       -0.083028       -0.083178       -0.265912
     C   11       -0.083178       -0.037152       -0.143048
     C   11       -0.265912       -0.143048        0.120180

     Cl  12        0.784452        3.194475       -1.202255
     Cl  12        3.194475       -0.214473       -1.362877
     Cl  12       -1.202255       -1.362877       -0.569979

     H   13       -0.114851       -0.000877        0.328687
     H   13       -0.000877        0.461900        0.398878
     H   13        0.328687        0.398878       -0.347049

     C   14       -0.167825        0.243084       -0.300623
     C   14        0.243084        0.369400       -0.109176
     C   14       -0.300623       -0.109176       -0.201574

     H   15        0.491164        0.103245        0.423153
     H   15        0.103245       -0.037042        0.404482
     H   15        0.423153        0.404482       -0.454122

     C   16        0.269952        0.340278        0.019559
     C   16        0.340278       -0.147690       -0.193213
     C   16        0.019559       -0.193213       -0.122263

     C   17       -0.123678        0.150870       -0.407398
     C   17        0.150870        0.312667       -0.130827
     C   17       -0.407398       -0.130827       -0.188989

     Cl  18        0.626587       -0.909807       -1.056732
     Cl  18       -0.909807        1.018190       -1.710953
     Cl  18       -1.056732       -1.710953       -1.644778

     H   19       -0.284894       -0.151439        0.312400
     H   19       -0.151439        0.371936       -0.229892
     H   19        0.312400       -0.229892       -0.087042

     C   20        0.395681        0.509903       -0.492905
     C   20        0.509903       -0.263227        0.121240
     C   20       -0.492905        0.121240       -0.132454

     H   21        0.414744        0.060326        0.247091
     H   21        0.060326       -0.317340       -0.218133
     H   21        0.247091       -0.218133       -0.097404

     C   22       -0.200064       -0.104493        0.000411
     C   22       -0.104493        0.137067        0.056209
     C   22        0.000411        0.056209        0.062997

     C   23        0.287315        0.700022       -0.144610
     C   23        0.700022        0.068418        0.494165
     C   23       -0.144610        0.494165       -0.355733

     Cl  24       -0.298205        1.534856       -0.049377
     Cl  24        1.534856        1.955422        0.541207
     Cl  24       -0.049377        0.541207       -1.657217


     NQR/NMR SPECTROSCOPIC PARAMETERS:
     Cl   1    Vxx=   -1.3745    axis=(  0.243921  0.435755 -0.866383)
     Cl   1    Vyy=   -2.3178    axis=(  0.544530  0.677708  0.494166)
     Cl   1    Vzz=    3.6923    axis=(  0.802490 -0.592309 -0.071974)
     Cl   1  Q=        -8.1650 1e-30 m^2  Cq=       -70.8348 MHz  eta= 0.25548

     C    2    Vxx=    0.0131    axis=(  0.297600 -0.508728  0.807855)
     C    2    Vyy=    0.5322    axis=( -0.901438 -0.428403  0.062297)
     C    2    Vzz=   -0.5453    axis=(  0.314395 -0.746771 -0.586079)
     C    2  Q=         1.0000 1e-30 m^2  Cq=        -1.2813 MHz  eta= 0.95178

     C    3    Vxx=    0.1085    axis=(  0.309702  0.608232 -0.730848)
     C    3    Vyy=    0.4483    axis=(  0.094888  0.745032  0.660246)
     C    3    Vzz=   -0.5567    axis=(  0.946087 -0.273828  0.173024)
     C    3  Q=         1.0000 1e-30 m^2  Cq=        -1.3081 MHz  eta= 0.61035

     H    4    Vxx=   -0.0733    axis=(  0.162514  0.909126 -0.383509)
     H    4    Vyy=   -0.2979    axis=( -0.270477  0.414833  0.868767)
     H    4    Vzz=    0.3713    axis=(  0.948911 -0.037457  0.313314)
     H    4  Q=         1.0000 1e-30 m^2  Cq=         0.8723 MHz  eta= 0.60508

     C    5    Vxx=    0.0850    axis=(  0.142458  0.526125 -0.838391)
     C    5    Vyy=    0.4672    axis=( -0.777713 -0.464453 -0.423611)
     C    5    Vzz=   -0.5522    axis=( -0.612265  0.712374  0.343009)
     C    5  Q=         1.0000 1e-30 m^2  Cq=        -1.2974 MHz  eta= 0.69223

     H    6    Vxx=   -0.1034    axis=(  0.373062  0.597101 -0.710138)
     H    6    Vyy=   -0.2735    axis=( -0.859946 -0.064807 -0.506253)
     H    6    Vzz=    0.3769    axis=(  0.348306 -0.799544 -0.489298)
     H    6  Q=         1.0000 1e-30 m^2  Cq=         0.8855 MHz  eta= 0.45116

     H    7    Vxx=   -0.0308    axis=(  0.175190  0.632046  0.754868)
     H    7    Vyy=   -0.4583    axis=( -0.984501  0.118811  0.129003)
     H    7    Vzz=    0.4891    axis=( -0.008151 -0.765769  0.643065)
     H    7  Q=         1.0000 1e-30 m^2  Cq=         1.1492 MHz  eta= 0.87392

     C    8    Vxx=    0.1440    axis=(  0.507381 -0.801080  0.317545)
     C    8    Vyy=    0.4632    axis=( -0.597672 -0.061683  0.799364)
     C    8    Vzz=   -0.6071    axis=( -0.620768 -0.595370 -0.510080)
     C    8  Q=         1.0000 1e-30 m^2  Cq=        -1.4265 MHz  eta= 0.52575

     H    9    Vxx=   -0.0404    axis=(  0.287182  0.938586  0.191267)
     H    9    Vyy=   -0.6489    axis=( -0.579092  0.011066  0.815187)
     H    9    Vzz=    0.6894    axis=(  0.763007 -0.344869  0.546705)
     H    9  Q=         1.0000 1e-30 m^2  Cq=         1.6198 MHz  eta= 0.88265

     C   10    Vxx=   -0.1280    axis=(  0.170881  0.770657  0.613911)
     C   10    Vyy=   -0.6986    axis=(  0.519776 -0.599832  0.608304)
     C   10    Vzz=    0.8265    axis=( -0.837038 -0.215149  0.503069)
     C   10  Q=         1.0000 1e-30 m^2  Cq=         1.9421 MHz  eta= 0.69031

     C   11    Vxx=    0.0226    axis=(  0.493606 -0.866451  0.074941)
     C   11    Vyy=    0.3189    axis=( -0.507027 -0.216691  0.834247)
     C   11    Vzz=   -0.3416    axis=( -0.706595 -0.449786 -0.546274)
     C   11  Q=         1.0000 1e-30 m^2  Cq=        -0.8025 MHz  eta= 0.86763

     Cl  12    Vxx=   -1.2167    axis=(  0.355663  0.125743  0.926117)
     Cl  12    Vyy=   -2.9819    axis=(  0.616505 -0.776317 -0.131357)
     Cl  12    Vzz=    4.1987    axis=(  0.702443  0.617674 -0.353628)
     Cl  12  Q=        -8.1650 1e-30 m^2  Cq=       -80.5494 MHz  eta= 0.42042

     H   13    Vxx=    0.0306    axis=(  0.857561 -0.348303  0.378515)
     H   13    Vyy=    0.6480    axis=(  0.178355  0.891556  0.416314)
     H   13    Vzz=   -0.6786    axis=( -0.482470 -0.289504  0.826686)
     H   13  Q=         1.0000 1e-30 m^2  Cq=        -1.5944 MHz  eta= 0.90986

     C   14    Vxx=   -0.0342    axis=(  0.552354 -0.510902 -0.658699)
     C   14    Vyy=   -0.4959    axis=(  0.715854 -0.114190  0.688850)
     C   14    Vzz=    0.5300    axis=( -0.427152 -0.852021  0.302658)
     C   14  Q=         1.0000 1e-30 m^2  Cq=         1.2454 MHz  eta= 0.87108

     H   15    Vxx=    0.0439    axis=(  0.464288 -0.838155 -0.286240)
     H   15    Vyy=    0.7372    axis=(  0.849014  0.329149  0.413323)
     H   15    Vzz=   -0.7811    axis=( -0.252213 -0.434923  0.864425)
     H   15  Q=         1.0000 1e-30 m^2  Cq=        -1.8353 MHz  eta= 0.88759

     C   16    Vxx=   -0.0310    axis=(  0.360463 -0.368120  0.857061)
     C   16    Vyy=   -0.4401    axis=( -0.386247  0.777449  0.496373)
     C   16    Vzz=    0.4712    axis=( -0.849046 -0.509962  0.138056)
     C   16  Q=         1.0000 1e-30 m^2  Cq=         1.1070 MHz  eta= 0.86820

     C   17    Vxx=    0.0807    axis=(  0.552821 -0.652102 -0.518798)
     C   17    Vyy=    0.4844    axis=( -0.482230 -0.758094  0.439030)
     C   17    Vzz=   -0.5651    axis=(  0.679591 -0.007475  0.733553)
     C   17  Q=         1.0000 1e-30 m^2  Cq=        -1.3277 MHz  eta= 0.71444

     Cl  18    Vxx=    1.0025    axis=(  0.869825  0.175942 -0.460922)
     Cl  18    Vyy=    1.9858    axis=(  0.345992 -0.883538  0.315674)
     Cl  18    Vzz=   -2.9883    axis=(  0.351702  0.434057  0.829398)
     Cl  18  Q=        -8.1650 1e-30 m^2  Cq=        57.3288 MHz  eta= 0.32903

     H   19    Vxx=   -0.0411    axis=(  0.504790  0.553674  0.662293)
     H   19    Vyy=   -0.5139    axis=(  0.802278 -0.017699 -0.596688)
     H   19    Vzz=    0.5550    axis=(  0.318649 -0.832545  0.453135)
     H   19  Q=         1.0000 1e-30 m^2  Cq=         1.3041 MHz  eta= 0.85181

     C   20    Vxx=   -0.0716    axis=(  0.069850  0.659493  0.748458)
     C   20    Vyy=   -0.7614    axis=(  0.521076 -0.663917  0.536371)
     C   20    Vzz=    0.8330    axis=( -0.850647 -0.352538  0.390021)
     C   20  Q=         1.0000 1e-30 m^2  Cq=         1.9572 MHz  eta= 0.82803

     H   21    Vxx=   -0.0250    axis=(  0.324019  0.607773 -0.724999)
     H   21    Vyy=   -0.4904    axis=( -0.208947  0.793393  0.571725)
     H   21    Vzz=    0.5154    axis=(  0.922688 -0.033763  0.384067)
     H   21  Q=         1.0000 1e-30 m^2  Cq=         1.2110 MHz  eta= 0.90310

     C   22    Vxx=    0.0408    axis=(  0.159166 -0.363309  0.917972)
     C   22    Vyy=    0.1899    axis=( -0.237650  0.888385  0.392804)
     C   22    Vzz=   -0.2307    axis=( -0.958222 -0.280678  0.055060)
     C   22  Q=         1.0000 1e-30 m^2  Cq=        -0.5420 MHz  eta= 0.64609

     C   23    Vxx=    0.0050    axis=(  0.556639 -0.377374 -0.740096)
     C   23    Vyy=    0.9259    axis=( -0.707036 -0.682943 -0.183543)
     C   23    Vzz=   -0.9309    axis=( -0.436179  0.625442 -0.646970)
     C   23  Q=         1.0000 1e-30 m^2  Cq=        -2.1874 MHz  eta= 0.98925

     Cl  24    Vxx=   -0.9645    axis=(  0.852000 -0.381378 -0.358675)
     Cl  24    Vyy=   -1.8162    axis=(  0.279954 -0.247041  0.927683)
     Cl  24    Vzz=    2.7807    axis=( -0.442406 -0.890798 -0.103711)
     Cl  24  Q=        -8.1650 1e-30 m^2  Cq=       -53.3464 MHz  eta= 0.30632

     Initialization:
     gipaw_setup  :      9.27s CPU     10.87s WALL (       1 calls)

     Linear response

     Apply operators

     Induced current

     Other routines
     efg          :      9.07s CPU     11.29s WALL (       1 calls)

     General routines
     calbec       :      3.20s CPU      4.05s WALL (      16 calls)
     fft          :      1.60s CPU      2.53s WALL (      15 calls)
     ffts         :      0.04s CPU      0.05s WALL (       2 calls)
     fftw         :      3.16s CPU      3.86s WALL (     672 calls)
     davcio       :      0.02s CPU      0.33s WALL (      32 calls)

     Parallel routines
     fft_scatter  :      2.24s CPU      3.63s WALL (     689 calls)

     Plugins

     GIPAW        :     60.55s CPU     95.15s WALL (       1 calls)
