
     Program QE v.6.0 (svn rev. 13079) starts on 22Jan2017 at 15:21:36 

     This program is part of the open-source Quantum ESPRESSO suite
     for quantum simulation of materials; please cite
         "P. Giannozzi et al., J. Phys.:Condens. Matter 21 395502 (2009);
          URL http://www.quantum-espresso.org", 
     in publications or presentations arising from this work. More details at
     http://www.quantum-espresso.org/quote

     Parallel version (MPI), running on     8 processors
     R & G space division:  proc/nbgrp/npool/nimage =       8

     ***** This is GIPAW svn revision unknown      *****

     Parallelizing q-star over 1 images

     Reading data from directory:
     /users/majewski/paradichlorobenzene/pbe/9_constraint/scratch/pbe.ecut100.np8.dt60.pcl2phi-129368.save
     Message from routine read_xml_file:
     file /users/majewski/paradichlorobenzene/pbe/9_constraint/scratch/pbe.ecut100.np8.dt60.pcl2phi-129368.save not guaranteed to be safe for post-processing

   Info: using nr1, nr2, nr3 values from input

   Info: using nr1, nr2, nr3 values from input

     IMPORTANT: XC functional enforced from input :
     Exchange-correlation      =  SLA  PW   PBX  PBC ( 1  4  3  4 0 0)
     Any further DFT definition will be discarded
     Please, verify this is what you really want

               file C.pbe-n-kjpaw_psl.1.0.0.UPF: wavefunction(s)  2S 2P renormalized
               file Cl.pbe-n-kjpaw_psl.1.0.0.UPF: wavefunction(s)  3S 3P renormalized
               file H.pbe-kjpaw_psl.1.0.0.UPF: wavefunction(s)  1S renormalized

     Parallelization info
     --------------------
     sticks:   dense  smooth     PW     G-vecs:    dense   smooth      PW
     Min        3057    1223    332               144436    36536    5170
     Max        3059    1225    333               144437    36537    5171
     Sum       24467    9791   2657              1155489   292295   41363


     Subspace diagonalization in iterative solution of the eigenvalue problem:
     a serial algorithm will be used

     GIPAW projectors -----------------------------------------------
     atom=  C    l=0  rc=    1.2000  rs=    0.8000
     atom=  C    l=0  rc=    1.2000  rs=    0.8000
     atom=  C    l=1  rc=    1.4000  rs=    0.9333
     atom=  C    l=1  rc=    1.4000  rs=    0.9333
     projs nearly linearly dependent: l=1  n1,n2= 1, 2  s=  0.99951561

     atom=  Cl   l=0  rc=    1.6000  rs=    1.0667
     atom=  Cl   l=0  rc=    1.6000  rs=    1.0667
     atom=  Cl   l=1  rc=    1.6000  rs=    1.0667
     atom=  Cl   l=1  rc=    1.6000  rs=    1.0667
     atom=  Cl   l=2  rc=    1.6000  rs=    1.0667
     atom=  Cl   l=2  rc=    1.6000  rs=    1.0667
     projs nearly linearly dependent: l=2  n1,n2= 1, 2  s=  0.99993509

     atom=  H    l=0  rc=    1.0000  rs=    0.6667
     atom=  H    l=0  rc=    1.0000  rs=    0.6667
     projs nearly linearly dependent: l=0  n1,n2= 1, 2  s=  0.99968852
     -----------------------------------------------------------------

     GIPAW integrals: -------------------------------------------
     Atom  i/j   nmr_para   nmr_dia   epr_rmc  epr_para   epr_dia
       C   1 1   0.83E+03  0.17E-01  0.93E+01  0.24E+08  0.24E+03
       C   2 1   0.86E+03 -0.61E-01  0.94E+01  0.25E+08  0.25E+03
       C   2 2   0.90E+03 -0.15E+00  0.97E+01  0.26E+08  0.26E+03
       C   3 3   0.33E+01  0.34E+00  0.18E+01  0.55E+03  0.21E+02
       C   4 3   0.35E+01  0.37E+00  0.20E+01  0.59E+03  0.22E+02
       C   4 4   0.38E+01  0.39E+00  0.22E+01  0.63E+03  0.24E+02
       Cl  1 1   0.14E+04 -0.47E+00  0.84E+01  0.32E+09  0.42E+03
       Cl  2 1   0.21E+04 -0.37E+00  0.12E+02  0.49E+09  0.65E+03
       Cl  2 2   0.33E+04 -0.16E+00  0.21E+02  0.76E+09  0.10E+04
       Cl  3 3   0.21E+02  0.79E-01  0.89E+01  0.23E+05  0.13E+03
       Cl  4 3   0.24E+02  0.67E-01  0.99E+01  0.27E+05  0.15E+03
       Cl  4 4   0.28E+02  0.44E-01  0.11E+02  0.32E+05  0.18E+03
       Cl  5 5   0.77E+00  0.19E+00  0.18E+01  0.12E+03  0.22E+02
       Cl  6 5   0.80E+00  0.19E+00  0.19E+01  0.12E+03  0.23E+02
       Cl  6 6   0.83E+00  0.20E+00  0.19E+01  0.12E+03  0.23E+02
       H   1 1   0.39E+02  0.19E+00  0.29E+00  0.78E+05  0.13E+02
       H   2 1   0.41E+02  0.21E+00  0.32E+00  0.82E+05  0.14E+02
       H   2 2   0.43E+02  0.22E+00  0.36E+00  0.86E+05  0.15E+02
     ------------------------------------------------------------

     alpha_pv=     33.9340 eV

     Number of occupied bands for each k-point:
     k-point:     1    nbnd_occ=  42
     k-point:     2    nbnd_occ=  42
     k-point:     3    nbnd_occ=  42
     k-point:     4    nbnd_occ=  42
     k-point:     5    nbnd_occ=  42
     k-point:     6    nbnd_occ=  42
     k-point:     7    nbnd_occ=  42
     k-point:     8    nbnd_occ=  42
     k-point:     9    nbnd_occ=  42
     k-point:    10    nbnd_occ=  42
     k-point:    11    nbnd_occ=  42
     k-point:    12    nbnd_occ=  42
     k-point:    13    nbnd_occ=  42
     k-point:    14    nbnd_occ=  42
     k-point:    15    nbnd_occ=  42
     k-point:    16    nbnd_occ=  42


     q-space interpolation up to   110.00 Rydberg

     GIPAW job: efg                                                                             


     ELECTRIC FIELD GRADIENTS TENSORS IN Hartree/bohrradius^2:

     ----- bare term -----
     Cl   1        0.112128       -0.054547       -0.127093
     Cl   1       -0.054547       -0.046144       -0.033517
     Cl   1       -0.127093       -0.033517       -0.065984

     C    2       -0.647016        0.192363       -0.354345
     C    2        0.192363        0.052913       -0.148986
     C    2       -0.354345       -0.148986        0.594103

     C    3        0.036319        0.365223       -0.058512
     C    3        0.365223       -0.265704       -0.507208
     C    3       -0.058512       -0.507208        0.229385

     H    4       -0.159001       -0.011882       -0.546538
     H    4       -0.011882        0.010110        0.037001
     H    4       -0.546538        0.037001        0.148891

     C    5       -0.823359        0.393545       -0.425398
     C    5        0.393545        0.432868       -0.087786
     C    5       -0.425398       -0.087786        0.390491

     H    6        0.409381       -0.092084        0.145484
     H    6       -0.092084       -0.271903       -0.428216
     H    6        0.145484       -0.428216       -0.137477

     H    7        0.312967        0.040308       -0.331379
     H    7        0.040308       -0.127122        0.426993
     H    7       -0.331379        0.426993       -0.185845

     C    8       -0.213633       -0.402993       -0.251382
     C    8       -0.402993       -0.226511        0.353633
     C    8       -0.251382        0.353633        0.440144

     H    9       -0.215061       -0.152111       -0.535763
     H    9       -0.152111        0.047012       -0.057874
     H    9       -0.535763       -0.057874        0.168048

     C   10       -0.141287       -0.205714       -0.248758
     C   10       -0.205714       -0.157626        0.628504
     C   10       -0.248758        0.628504        0.298914

     C   11       -0.247607       -0.075024       -0.426126
     C   11       -0.075024       -0.004431        0.427894
     C   11       -0.426126        0.427894        0.252038

     Cl  12       -0.040998       -0.209835       -0.103966
     Cl  12       -0.209835        0.022829        0.093466
     Cl  12       -0.103966        0.093466        0.018170

     H   13        0.274047        0.012366        0.275551
     H   13        0.012366        0.132629       -0.259691
     H   13        0.275551       -0.259691       -0.406677

     C   14       -0.017173       -0.037708       -0.156692
     C   14       -0.037708       -0.109340       -0.223607
     C   14       -0.156692       -0.223607        0.126513

     H   15        0.118094       -0.091548       -0.372332
     H   15       -0.091548        0.467269        0.045397
     H   15       -0.372332        0.045397       -0.585363

     C   16       -0.353852        0.326064       -0.321832
     C   16        0.326064       -0.025237       -0.081397
     C   16       -0.321832       -0.081397        0.379089

     C   17        0.010353        0.037372       -0.198146
     C   17        0.037372       -0.296752       -0.390696
     C   17       -0.198146       -0.390696        0.286400

     Cl  18       -0.205734        0.175446       -0.013552
     Cl  18        0.175446        0.158492        0.006569
     Cl  18       -0.013552        0.006569        0.047241

     H   19        0.492660        0.026455        0.155607
     H   19        0.026455        0.056534        0.300123
     H   19        0.155607        0.300123       -0.549194

     C   20       -0.391580       -0.285561       -0.276129
     C   20       -0.285561       -0.062372        0.445592
     C   20       -0.276129        0.445592        0.453952

     H   21        0.181503        0.052814       -0.248140
     H   21        0.052814        0.320730       -0.200543
     H   21       -0.248140       -0.200543       -0.502233

     C   22        0.200381       -0.123082        0.105134
     C   22       -0.123082       -0.083336        0.012241
     C   22        0.105134        0.012241       -0.117044

     C   23       -0.132206       -0.161279       -0.328156
     C   23       -0.161279       -0.024417        0.180459
     C   23       -0.328156        0.180459        0.156623

     Cl  24        0.125545        0.274132        0.270360
     Cl  24        0.274132       -0.189182       -0.478480
     Cl  24        0.270360       -0.478480        0.063637

     ----- ionic term -----
     Cl   1        0.171017       -0.202236        0.029765
     Cl   1       -0.202236       -0.041979       -0.010568
     Cl   1        0.029765       -0.010568       -0.129038

     C    2        0.142451       -0.225178        0.335916
     C    2       -0.225178       -0.069767        0.448005
     C    2        0.335916        0.448005       -0.072684

     C    3        0.105184       -0.338791        0.173545
     C    3       -0.338791        0.058461        0.440625
     C    3        0.173545        0.440625       -0.163646

     H    4        0.467435        0.159055        0.763876
     H    4        0.159055       -0.505795        0.220541
     H    4        0.763876        0.220541        0.038360

     C    5        0.244520       -0.240814        0.255227
     C    5       -0.240814       -0.043378        0.334977
     C    5        0.255227        0.334977       -0.201142

     H    6       -0.516132       -0.027448       -0.002906
     H    6       -0.027448        0.413252        0.793215
     H    6       -0.002906        0.793215        0.102881

     H    7       -0.539569       -0.071268        0.072496
     H    7       -0.071268        0.335816       -0.775385
     H    7        0.072496       -0.775385        0.203753

     C    8        0.074858        0.317140        0.321161
     C    8        0.317140        0.063947       -0.225007
     C    8        0.321161       -0.225007       -0.138805

     H    9        0.652614       -0.116358        0.690947
     H    9       -0.116358       -0.487629       -0.145682
     H    9        0.690947       -0.145682       -0.164985

     C   10        0.048362        0.302114        0.250018
     C   10        0.302114        0.218596       -0.342631
     C   10        0.250018       -0.342631       -0.266959

     C   11        0.030183        0.234612        0.407467
     C   11        0.234612        0.125435       -0.353129
     C   11        0.407467       -0.353129       -0.155618

     Cl  12        0.074899        0.221509        0.035874
     Cl  12        0.221509        0.084106        0.022074
     Cl  12        0.035874        0.022074       -0.159005

     H   13       -0.532619       -0.102958       -0.098064
     H   13       -0.102958        0.296545        0.795016
     H   13       -0.098064        0.795016        0.236073

     C   14        0.208028       -0.244753        0.271767
     C   14       -0.244753       -0.134075        0.341618
     C   14        0.271767        0.341618       -0.073954

     H   15        0.567091        0.107247        0.805035
     H   15        0.107247       -0.573031        0.156441
     H   15        0.805035        0.156441        0.005939

     C   16        0.133761       -0.331505        0.152506
     C   16       -0.331505       -0.016591        0.430612
     C   16        0.152506        0.430612       -0.117170

     C   17        0.144791       -0.258374        0.202398
     C   17       -0.258374       -0.032875        0.496920
     C   17        0.202398        0.496920       -0.111916

     Cl  18        0.135542       -0.210901       -0.010571
     Cl  18       -0.210901       -0.007707        0.015085
     Cl  18       -0.010571        0.015085       -0.127836

     H   19       -0.540899       -0.011796        0.017144
     H   19       -0.011796        0.432095       -0.770404
     H   19        0.017144       -0.770404        0.108805

     C   20        0.058682        0.251062        0.397587
     C   20        0.251062        0.086519       -0.219452
     C   20        0.397587       -0.219452       -0.145202

     H   21        0.363965       -0.199865        0.801934
     H   21       -0.199865       -0.439095       -0.238261
     H   21        0.801934       -0.238261        0.075130

     C   22       -0.082995        0.293070        0.269680
     C   22        0.293070        0.245300       -0.329888
     C   22        0.269680       -0.329888       -0.162305

     C   23       -0.019353        0.320072        0.299784
     C   23        0.320072        0.155959       -0.320374
     C   23        0.299784       -0.320374       -0.136606

     Cl  24        0.082992        0.209548        0.040118
     Cl  24        0.209548        0.056179        0.020195
     Cl  24        0.040118        0.020195       -0.139171

     ----- GIPAW term -----
     Cl   1        2.333514       -2.227840       -1.224757
     Cl   1       -2.227840       -0.576934       -0.227856
     Cl   1       -1.224757       -0.227856       -1.756580

     C    2       -0.156059       -0.083912       -0.094778
     C    2       -0.083912       -0.035980        0.127733
     C    2       -0.094778        0.127733        0.192039

     C    3       -0.083595        0.123415        0.041075
     C    3        0.123415        0.148127        0.070629
     C    3        0.041075        0.070629       -0.064533

     H    4       -0.000000        0.000000        0.000000
     H    4        0.000000        0.000000        0.000000
     H    4        0.000000        0.000000        0.000000

     C    5       -0.213466        0.130410       -0.029169
     C    5        0.130410        0.244559        0.103991
     C    5       -0.029169        0.103991       -0.031093

     H    6       -0.000000        0.000000        0.000000
     H    6        0.000000        0.000000        0.000000
     H    6        0.000000        0.000000        0.000000

     H    7       -0.000000        0.000000        0.000000
     H    7        0.000000        0.000000        0.000000
     H    7        0.000000        0.000000        0.000000

     C    8        0.084300       -0.078500       -0.046977
     C    8       -0.078500       -0.106584        0.066320
     C    8       -0.046977        0.066320        0.022284

     H    9       -0.000000        0.000000        0.000000
     H    9        0.000000        0.000000        0.000000
     H    9        0.000000        0.000000        0.000000

     C   10       -0.096042       -0.016724       -0.056319
     C   10       -0.016724        0.068521        0.179732
     C   10       -0.056319        0.179732        0.027521

     C   11        0.048004        0.073144       -0.067828
     C   11        0.073144        0.034121        0.049437
     C   11       -0.067828        0.049437       -0.082125

     Cl  12        1.028187       -0.396091       -1.298578
     Cl  12       -0.396091        0.619703        1.384518
     Cl  12       -1.298578        1.384518       -1.647890

     H   13       -0.000000        0.000000        0.000000
     H   13        0.000000        0.000000        0.000000
     H   13        0.000000        0.000000        0.000000

     C   14       -0.012314       -0.030918       -0.081719
     C   14       -0.030918       -0.096039        0.006173
     C   14       -0.081719        0.006173        0.108353

     H   15       -0.000000        0.000000        0.000000
     H   15        0.000000        0.000000        0.000000
     H   15        0.000000        0.000000        0.000000

     C   16       -0.108942        0.008325       -0.153398
     C   16        0.008325       -0.084544        0.042709
     C   16       -0.153398        0.042709        0.193486

     C   17       -0.057682       -0.065887        0.011124
     C   17       -0.065887        0.049784        0.163227
     C   17        0.011124        0.163227        0.007897

     Cl  18        0.137404       -1.509893       -0.147137
     Cl  18       -1.509893        1.509186        0.116254
     Cl  18       -0.147137        0.116254       -1.646590

     H   19       -0.000000        0.000000        0.000000
     H   19        0.000000        0.000000        0.000000
     H   19        0.000000        0.000000        0.000000

     C   20       -0.134234       -0.066067       -0.084895
     C   20       -0.066067       -0.066642        0.200663
     C   20       -0.084895        0.200663        0.200877

     H   21       -0.000000        0.000000        0.000000
     H   21        0.000000        0.000000        0.000000
     H   21        0.000000        0.000000        0.000000

     C   22        0.015077       -0.003014        0.010282
     C   22       -0.003014        0.004675       -0.009382
     C   22        0.010282       -0.009382       -0.019751

     C   23       -0.018487       -0.032592       -0.083527
     C   23       -0.032592        0.021570        0.092599
     C   23       -0.083527        0.092599       -0.003083

     Cl  24        0.161352        0.441118       -0.028667
     Cl  24        0.441118        0.196717        0.165514
     Cl  24       -0.028667        0.165514       -0.358069

     ----- total EFG -----
     Cl   1        2.616659       -2.484622       -1.322085
     Cl   1       -2.484622       -0.665057       -0.271941
     Cl   1       -1.322085       -0.271941       -1.951602

     C    2       -0.660624       -0.116727       -0.113206
     C    2       -0.116727       -0.052833        0.426751
     C    2       -0.113206        0.426751        0.713458

     C    3        0.057909        0.149847        0.156108
     C    3        0.149847       -0.059116        0.004046
     C    3        0.156108        0.004046        0.001207

     H    4        0.308433        0.147172        0.217339
     H    4        0.147172       -0.495685        0.257541
     H    4        0.217339        0.257541        0.187252

     C    5       -0.792305        0.283142       -0.199340
     C    5        0.283142        0.634049        0.351182
     C    5       -0.199340        0.351182        0.158256

     H    6       -0.106751       -0.119532        0.142578
     H    6       -0.119532        0.141348        0.364999
     H    6        0.142578        0.364999       -0.034597

     H    7       -0.226601       -0.030960       -0.258883
     H    7       -0.030960        0.208694       -0.348392
     H    7       -0.258883       -0.348392        0.017907

     C    8       -0.054475       -0.164353        0.022802
     C    8       -0.164353       -0.269148        0.194946
     C    8        0.022802        0.194946        0.323623

     H    9        0.437554       -0.268469        0.155185
     H    9       -0.268469       -0.440617       -0.203556
     H    9        0.155185       -0.203556        0.003063

     C   10       -0.188967        0.079675       -0.055058
     C   10        0.079675        0.129490        0.465605
     C   10       -0.055058        0.465605        0.059476

     C   11       -0.169419        0.232731       -0.086487
     C   11        0.232731        0.155125        0.124202
     C   11       -0.086487        0.124202        0.014294

     Cl  12        1.062088       -0.384416       -1.366671
     Cl  12       -0.384416        0.726638        1.500058
     Cl  12       -1.366671        1.500058       -1.788726

     H   13       -0.258571       -0.090592        0.177488
     H   13       -0.090592        0.429175        0.535324
     H   13        0.177488        0.535324       -0.170603

     C   14        0.178541       -0.313378        0.033355
     C   14       -0.313378       -0.339454        0.124184
     C   14        0.033355        0.124184        0.160912

     H   15        0.685186        0.015699        0.432703
     H   15        0.015699       -0.105762        0.201837
     H   15        0.432703        0.201837       -0.579424

     C   16       -0.329033        0.002884       -0.322723
     C   16        0.002884       -0.126371        0.391924
     C   16       -0.322723        0.391924        0.455405

     C   17        0.097462       -0.286888        0.015376
     C   17       -0.286888       -0.279843        0.269450
     C   17        0.015376        0.269450        0.182381

     Cl  18        0.067212       -1.545349       -0.171261
     Cl  18       -1.545349        1.659972        0.137908
     Cl  18       -0.171261        0.137908       -1.727184

     H   19       -0.048239        0.014659        0.172751
     H   19        0.014659        0.488628       -0.470281
     H   19        0.172751       -0.470281       -0.440389

     C   20       -0.467132       -0.100566        0.036563
     C   20       -0.100566       -0.042495        0.426803
     C   20        0.036563        0.426803        0.509627

     H   21        0.545468       -0.147051        0.553794
     H   21       -0.147051       -0.118365       -0.438804
     H   21        0.553794       -0.438804       -0.427103

     C   22        0.132462        0.166974        0.385096
     C   22        0.166974        0.166638       -0.327030
     C   22        0.385096       -0.327030       -0.299100

     C   23       -0.170046        0.126201       -0.111900
     C   23        0.126201        0.153112       -0.047316
     C   23       -0.111900       -0.047316        0.016934

     Cl  24        0.369889        0.924798        0.281812
     Cl  24        0.924798        0.063714       -0.292771
     Cl  24        0.281812       -0.292771       -0.433603

     ----- total EFG (symmetrized) -----
     Cl   1        2.616659       -2.484622       -1.322085
     Cl   1       -2.484622       -0.665057       -0.271941
     Cl   1       -1.322085       -0.271941       -1.951602

     C    2       -0.660624       -0.116727       -0.113206
     C    2       -0.116727       -0.052833        0.426751
     C    2       -0.113206        0.426751        0.713458

     C    3        0.057909        0.149847        0.156108
     C    3        0.149847       -0.059116        0.004046
     C    3        0.156108        0.004046        0.001207

     H    4        0.308433        0.147172        0.217339
     H    4        0.147172       -0.495685        0.257541
     H    4        0.217339        0.257541        0.187252

     C    5       -0.792305        0.283142       -0.199340
     C    5        0.283142        0.634049        0.351182
     C    5       -0.199340        0.351182        0.158256

     H    6       -0.106751       -0.119532        0.142578
     H    6       -0.119532        0.141348        0.364999
     H    6        0.142578        0.364999       -0.034597

     H    7       -0.226601       -0.030960       -0.258883
     H    7       -0.030960        0.208694       -0.348392
     H    7       -0.258883       -0.348392        0.017907

     C    8       -0.054475       -0.164353        0.022802
     C    8       -0.164353       -0.269148        0.194946
     C    8        0.022802        0.194946        0.323623

     H    9        0.437554       -0.268469        0.155185
     H    9       -0.268469       -0.440617       -0.203556
     H    9        0.155185       -0.203556        0.003063

     C   10       -0.188967        0.079675       -0.055058
     C   10        0.079675        0.129490        0.465605
     C   10       -0.055058        0.465605        0.059476

     C   11       -0.169419        0.232731       -0.086487
     C   11        0.232731        0.155125        0.124202
     C   11       -0.086487        0.124202        0.014294

     Cl  12        1.062088       -0.384416       -1.366671
     Cl  12       -0.384416        0.726638        1.500058
     Cl  12       -1.366671        1.500058       -1.788726

     H   13       -0.258571       -0.090592        0.177488
     H   13       -0.090592        0.429175        0.535324
     H   13        0.177488        0.535324       -0.170603

     C   14        0.178541       -0.313378        0.033355
     C   14       -0.313378       -0.339454        0.124184
     C   14        0.033355        0.124184        0.160912

     H   15        0.685186        0.015699        0.432703
     H   15        0.015699       -0.105762        0.201837
     H   15        0.432703        0.201837       -0.579424

     C   16       -0.329033        0.002884       -0.322723
     C   16        0.002884       -0.126371        0.391924
     C   16       -0.322723        0.391924        0.455405

     C   17        0.097462       -0.286888        0.015376
     C   17       -0.286888       -0.279843        0.269450
     C   17        0.015376        0.269450        0.182381

     Cl  18        0.067212       -1.545349       -0.171261
     Cl  18       -1.545349        1.659972        0.137908
     Cl  18       -0.171261        0.137908       -1.727184

     H   19       -0.048239        0.014659        0.172751
     H   19        0.014659        0.488628       -0.470281
     H   19        0.172751       -0.470281       -0.440389

     C   20       -0.467132       -0.100566        0.036563
     C   20       -0.100566       -0.042495        0.426803
     C   20        0.036563        0.426803        0.509627

     H   21        0.545468       -0.147051        0.553794
     H   21       -0.147051       -0.118365       -0.438804
     H   21        0.553794       -0.438804       -0.427103

     C   22        0.132462        0.166974        0.385096
     C   22        0.166974        0.166638       -0.327030
     C   22        0.385096       -0.327030       -0.299100

     C   23       -0.170046        0.126201       -0.111900
     C   23        0.126201        0.153112       -0.047316
     C   23       -0.111900       -0.047316        0.016934

     Cl  24        0.369889        0.924798        0.281812
     Cl  24        0.924798        0.063714       -0.292771
     Cl  24        0.281812       -0.292771       -0.433603


     NQR/NMR SPECTROSCOPIC PARAMETERS:
     Cl   1    Vxx=   -1.2111    axis=( -0.228702 -0.707910  0.668250)
     Cl   1    Vyy=   -2.9221    axis=(  0.418720  0.548169  0.724006)
     Cl   1    Vzz=    4.1332    axis=( -0.878845  0.445391  0.171048)
     Cl   1  Q=        -8.1650 1e-30 m^2  Cq=       -79.2926 MHz  eta= 0.41398

     C    2    Vxx=   -0.2350    axis=( -0.134467  0.897554 -0.419900)
     C    2    Vyy=   -0.6833    axis=(  0.986320  0.162007  0.030443)
     C    2    Vzz=    0.9183    axis=( -0.095351  0.410063  0.907059)
     C    2  Q=         1.0000 1e-30 m^2  Cq=         2.1576 MHz  eta= 0.48819

     C    3    Vxx=   -0.0325    axis=( -0.139279 -0.672879  0.726523)
     C    3    Vyy=   -0.2062    axis=( -0.628088  0.627239  0.460517)
     C    3    Vzz=    0.2387    axis=(  0.765576  0.392180  0.509989)
     C    3  Q=         1.0000 1e-30 m^2  Cq=         0.5608 MHz  eta= 0.72792

     H    4    Vxx=    0.0412    axis=( -0.674555  0.160712  0.720518)
     H    4    Vyy=    0.5467    axis=(  0.733260  0.258859  0.628746)
     H    4    Vzz=   -0.5880    axis=( -0.085466  0.952451 -0.292459)
     H    4  Q=         1.0000 1e-30 m^2  Cq=        -1.3815 MHz  eta= 0.85978

     C    5    Vxx=    0.0776    axis=( -0.322819 -0.382177  0.865869)
     C    5    Vyy=    0.8365    axis=( -0.102593 -0.895329 -0.433430)
     C    5    Vzz=   -0.9141    axis=(  0.940884 -0.228752  0.249820)
     C    5  Q=         1.0000 1e-30 m^2  Cq=        -2.1477 MHz  eta= 0.83027

     H    6    Vxx=    0.0004    axis=(  0.866226 -0.300047  0.399531)
     H    6    Vyy=    0.4289    axis=(  0.011609 -0.787315 -0.616441)
     H    6    Vzz=   -0.4293    axis=(  0.499518  0.538615 -0.678509)
     H    6  Q=         1.0000 1e-30 m^2  Cq=        -1.0087 MHz  eta= 0.99807

     H    7    Vxx=   -0.0299    axis=(  0.685091 -0.571175 -0.452117)
     H    7    Vyy=   -0.4711    axis=(  0.701514  0.350066  0.620751)
     H    7    Vzz=    0.5011    axis=(  0.196287  0.742437 -0.640514)
     H    7  Q=         1.0000 1e-30 m^2  Cq=         1.1773 MHz  eta= 0.88048

     C    8    Vxx=    0.0209    axis=(  0.902992 -0.388975  0.182493)
     C    8    Vyy=    0.3836    axis=(  0.063067 -0.300146 -0.951806)
     C    8    Vzz=   -0.4045    axis=(  0.425004  0.870983 -0.246498)
     C    8  Q=         1.0000 1e-30 m^2  Cq=        -0.9505 MHz  eta= 0.89652

     H    9    Vxx=   -0.0262    axis=( -0.403861 -0.179020  0.897133)
     H    9    Vyy=   -0.5613    axis=(  0.208224  0.936937  0.280699)
     H    9    Vzz=    0.5874    axis=( -0.890808  0.300168 -0.341116)
     H    9  Q=         1.0000 1e-30 m^2  Cq=         1.3803 MHz  eta= 0.91088

     C   10    Vxx=   -0.1495    axis=(  0.920292  0.245528 -0.304596)
     C   10    Vyy=   -0.4125    axis=( -0.390210  0.632303 -0.669275)
     C   10    Vzz=    0.5620    axis=( -0.028271 -0.734785 -0.677711)
     C   10  Q=         1.0000 1e-30 m^2  Cq=         1.3205 MHz  eta= 0.46801

     C   11    Vxx=    0.0463    axis=( -0.441258 -0.076771  0.894090)
     C   11    Vyy=    0.2961    axis=( -0.390411 -0.880679 -0.268298)
     C   11    Vzz=   -0.3424    axis=(  0.808004 -0.467452  0.358634)
     C   11  Q=         1.0000 1e-30 m^2  Cq=        -0.8046 MHz  eta= 0.72952

     Cl  12    Vxx=    0.5110    axis=(  0.681642  0.728331  0.069990)
     Cl  12    Vyy=    2.2935    axis=( -0.675478  0.589626  0.442800)
     Cl  12    Vzz=   -2.8046    axis=(  0.281237 -0.349107  0.893885)
     Cl  12  Q=        -8.1650 1e-30 m^2  Cq=        53.8041 MHz  eta= 0.63558

     H   13    Vxx=   -0.1428    axis=(  0.864015 -0.264233  0.428555)
     H   13    Vyy=   -0.6002    axis=(  0.503325  0.433139 -0.747700)
     H   13    Vzz=    0.7430    axis=(  0.011943  0.861726  0.507234)
     H   13  Q=         1.0000 1e-30 m^2  Cq=         1.7458 MHz  eta= 0.61554

     C   14    Vxx=    0.1813    axis=(  0.216227  0.101445  0.971058)
     C   14    Vyy=    0.3296    axis=( -0.884194  0.442144  0.150695)
     C   14    Vzz=   -0.5109    axis=( -0.414060 -0.891189  0.185301)
     C   14  Q=         1.0000 1e-30 m^2  Cq=        -1.2004 MHz  eta= 0.29019

     H   15    Vxx=   -0.0581    axis=(  0.159212 -0.957947 -0.238723)
     H   15    Vyy=   -0.7671    axis=(  0.271796  0.274994 -0.922228)
     H   15    Vzz=    0.8252    axis=(  0.949094  0.081946  0.304148)
     H   15  Q=         1.0000 1e-30 m^2  Cq=         1.9389 MHz  eta= 0.85925

     C   16    Vxx=   -0.2177    axis=(  0.572157  0.797787 -0.190189)
     C   16    Vyy=   -0.5140    axis=( -0.775881  0.451370 -0.440764)
     C   16    Vzz=    0.7318    axis=( -0.265790  0.399750  0.877243)
     C   16  Q=         1.0000 1e-30 m^2  Cq=         1.7194 MHz  eta= 0.40491

     C   17    Vxx=    0.1527    axis=(  0.765697 -0.113464  0.633115)
     C   17    Vyy=    0.3688    axis=( -0.501245  0.511566  0.697892)
     C   17    Vzz=   -0.5215    axis=(  0.403065  0.851720 -0.334831)
     C   17  Q=         1.0000 1e-30 m^2  Cq=        -1.2254 MHz  eta= 0.41447

     Cl  18    Vxx=   -0.8685    axis=(  0.848086  0.522971 -0.085159)
     Cl  18    Vyy=   -1.7434    axis=(  0.097501  0.003944  0.995228)
     Cl  18    Vzz=    2.6119    axis=(  0.520811 -0.852341 -0.047645)
     Cl  18  Q=        -8.1650 1e-30 m^2  Cq=       -50.1088 MHz  eta= 0.33496

     H   19    Vxx=   -0.0089    axis=(  0.964519  0.165791  0.205468)
     H   19    Vyy=   -0.6801    axis=(  0.253477 -0.363831 -0.896313)
     H   19    Vzz=    0.6891    axis=( -0.073845  0.916592 -0.392946)
     H   19  Q=         1.0000 1e-30 m^2  Cq=         1.6190 MHz  eta= 0.97411

     C   20    Vxx=   -0.2280    axis=( -0.404219  0.800223 -0.443002)
     C   20    Vyy=   -0.5141    axis=(  0.914565  0.360655 -0.183024)
     C   20    Vzz=    0.7421    axis=( -0.013311  0.479136  0.877640)
     C   20  Q=         1.0000 1e-30 m^2  Cq=         1.7436 MHz  eta= 0.38558

     H   21    Vxx=   -0.0517    axis=(  0.469542  0.835865 -0.284359)
     H   21    Vyy=   -0.8493    axis=( -0.288292  0.449565  0.845446)
     H   21    Vzz=    0.9010    axis=(  0.834517 -0.314994  0.452063)
     H   21  Q=         1.0000 1e-30 m^2  Cq=         2.1169 MHz  eta= 0.88526

     C   22    Vxx=    0.3158    axis=( -0.544664 -0.832473  0.101634)
     C   22    Vyy=    0.3672    axis=(  0.703099 -0.387202  0.596427)
     C   22    Vzz=   -0.6830    axis=( -0.457157  0.396311  0.796207)
     C   22  Q=         1.0000 1e-30 m^2  Cq=        -1.6048 MHz  eta= 0.07521

     C   23    Vxx=    0.0160    axis=(  0.194035 -0.474964 -0.858347)
     C   23    Vyy=    0.2303    axis=( -0.373376 -0.844878  0.383107)
     C   23    Vzz=   -0.2464    axis=(  0.907161 -0.246150  0.341276)
     C   23  Q=         1.0000 1e-30 m^2  Cq=        -0.5789 MHz  eta= 0.86974

     Cl  24    Vxx=   -0.1472    axis=(  0.361236 -0.450741  0.816297)
     Cl  24    Vyy=   -1.0074    axis=( -0.533281  0.618258  0.577381)
     Cl  24    Vzz=    1.1546    axis=( -0.764931 -0.643886 -0.017035)
     Cl  24  Q=        -8.1650 1e-30 m^2  Cq=       -22.1508 MHz  eta= 0.74497

     Initialization:
     gipaw_setup  :      9.22s CPU     10.90s WALL (       1 calls)

     Linear response

     Apply operators

     Induced current

     Other routines
     efg          :      9.16s CPU     11.67s WALL (       1 calls)

     General routines
     calbec       :      3.22s CPU      4.42s WALL (      16 calls)
     fft          :      1.39s CPU      1.56s WALL (      15 calls)
     ffts         :      0.04s CPU      0.05s WALL (       2 calls)
     fftw         :      3.21s CPU      3.85s WALL (     672 calls)
     davcio       :      0.03s CPU      0.33s WALL (      32 calls)

     Parallel routines
     fft_scatter  :      1.89s CPU      2.45s WALL (     689 calls)

     Plugins

     GIPAW        :     61.31s CPU     71.89s WALL (       1 calls)
