
     Program QE v.6.0 (svn rev. 13079) starts on 20Dec2016 at 13:38:21 

     This program is part of the open-source Quantum ESPRESSO suite
     for quantum simulation of materials; please cite
         "P. Giannozzi et al., J. Phys.:Condens. Matter 21 395502 (2009);
          URL http://www.quantum-espresso.org", 
     in publications or presentations arising from this work. More details at
     http://www.quantum-espresso.org/quote

     Parallel version (MPI), running on     8 processors
     R & G space division:  proc/nbgrp/npool/nimage =       8

     ***** This is GIPAW svn revision unknown      *****

     Parallelizing q-star over 1 images

     Reading data from directory:
     /users/majewski/paradichlorobenzene/pbe/9_constraint/scratch/pbe.ecut100.np8.dt60.pcl2phi-129368.save
     Message from routine read_xml_file:
     file /users/majewski/paradichlorobenzene/pbe/9_constraint/scratch/pbe.ecut100.np8.dt60.pcl2phi-129368.save not guaranteed to be safe for post-processing

   Info: using nr1, nr2, nr3 values from input

   Info: using nr1, nr2, nr3 values from input

     IMPORTANT: XC functional enforced from input :
     Exchange-correlation      =  SLA  PW   PBX  PBC ( 1  4  3  4 0 0)
     Any further DFT definition will be discarded
     Please, verify this is what you really want

               file C.pbe-n-kjpaw_psl.1.0.0.UPF: wavefunction(s)  2S 2P renormalized
               file Cl.pbe-n-kjpaw_psl.1.0.0.UPF: wavefunction(s)  3S 3P renormalized
               file H.pbe-kjpaw_psl.1.0.0.UPF: wavefunction(s)  1S renormalized

     Parallelization info
     --------------------
     sticks:   dense  smooth     PW     G-vecs:    dense   smooth      PW
     Min        3057    1223    332               144436    36536    5170
     Max        3059    1225    333               144437    36537    5171
     Sum       24467    9791   2657              1155489   292295   41363


     Subspace diagonalization in iterative solution of the eigenvalue problem:
     a serial algorithm will be used

     GIPAW projectors -----------------------------------------------
     atom=  C    l=0  rc=    1.2000  rs=    0.8000
     atom=  C    l=0  rc=    1.2000  rs=    0.8000
     atom=  C    l=1  rc=    1.4000  rs=    0.9333
     atom=  C    l=1  rc=    1.4000  rs=    0.9333
     projs nearly linearly dependent: l=1  n1,n2= 1, 2  s=  0.99951561

     atom=  Cl   l=0  rc=    1.6000  rs=    1.0667
     atom=  Cl   l=0  rc=    1.6000  rs=    1.0667
     atom=  Cl   l=1  rc=    1.6000  rs=    1.0667
     atom=  Cl   l=1  rc=    1.6000  rs=    1.0667
     atom=  Cl   l=2  rc=    1.6000  rs=    1.0667
     atom=  Cl   l=2  rc=    1.6000  rs=    1.0667
     projs nearly linearly dependent: l=2  n1,n2= 1, 2  s=  0.99993509

     atom=  H    l=0  rc=    1.0000  rs=    0.6667
     atom=  H    l=0  rc=    1.0000  rs=    0.6667
     projs nearly linearly dependent: l=0  n1,n2= 1, 2  s=  0.99968852
     -----------------------------------------------------------------

     GIPAW integrals: -------------------------------------------
     Atom  i/j   nmr_para   nmr_dia   epr_rmc  epr_para   epr_dia
       C   1 1   0.83E+03  0.17E-01  0.93E+01  0.24E+08  0.24E+03
       C   2 1   0.86E+03 -0.61E-01  0.94E+01  0.25E+08  0.25E+03
       C   2 2   0.90E+03 -0.15E+00  0.97E+01  0.26E+08  0.26E+03
       C   3 3   0.33E+01  0.34E+00  0.18E+01  0.55E+03  0.21E+02
       C   4 3   0.35E+01  0.37E+00  0.20E+01  0.59E+03  0.22E+02
       C   4 4   0.38E+01  0.39E+00  0.22E+01  0.63E+03  0.24E+02
       Cl  1 1   0.14E+04 -0.47E+00  0.84E+01  0.32E+09  0.42E+03
       Cl  2 1   0.21E+04 -0.37E+00  0.12E+02  0.49E+09  0.65E+03
       Cl  2 2   0.33E+04 -0.16E+00  0.21E+02  0.76E+09  0.10E+04
       Cl  3 3   0.21E+02  0.79E-01  0.89E+01  0.23E+05  0.13E+03
       Cl  4 3   0.24E+02  0.67E-01  0.99E+01  0.27E+05  0.15E+03
       Cl  4 4   0.28E+02  0.44E-01  0.11E+02  0.32E+05  0.18E+03
       Cl  5 5   0.77E+00  0.19E+00  0.18E+01  0.12E+03  0.22E+02
       Cl  6 5   0.80E+00  0.19E+00  0.19E+01  0.12E+03  0.23E+02
       Cl  6 6   0.83E+00  0.20E+00  0.19E+01  0.12E+03  0.23E+02
       H   1 1   0.39E+02  0.19E+00  0.29E+00  0.78E+05  0.13E+02
       H   2 1   0.41E+02  0.21E+00  0.32E+00  0.82E+05  0.14E+02
       H   2 2   0.43E+02  0.22E+00  0.36E+00  0.86E+05  0.15E+02
     ------------------------------------------------------------

     alpha_pv=     34.5711 eV

     Number of occupied bands for each k-point:
     k-point:     1    nbnd_occ=  42
     k-point:     2    nbnd_occ=  42
     k-point:     3    nbnd_occ=  42
     k-point:     4    nbnd_occ=  42
     k-point:     5    nbnd_occ=  42
     k-point:     6    nbnd_occ=  42
     k-point:     7    nbnd_occ=  42
     k-point:     8    nbnd_occ=  42
     k-point:     9    nbnd_occ=  42
     k-point:    10    nbnd_occ=  42
     k-point:    11    nbnd_occ=  42
     k-point:    12    nbnd_occ=  42
     k-point:    13    nbnd_occ=  42
     k-point:    14    nbnd_occ=  42
     k-point:    15    nbnd_occ=  42
     k-point:    16    nbnd_occ=  42


     q-space interpolation up to   110.00 Rydberg

     GIPAW job: efg                                                                             


     ELECTRIC FIELD GRADIENTS TENSORS IN Hartree/bohrradius^2:

     ----- bare term -----
     Cl   1       -0.232953        0.274736        0.075199
     Cl   1        0.274736       -0.000987        0.037841
     Cl   1        0.075199        0.037841        0.233940

     C    2        0.129856       -0.307405       -0.600782
     C    2       -0.307405       -0.217987       -0.572455
     C    2       -0.600782       -0.572455        0.088131

     C    3       -0.135382        0.431702       -0.344229
     C    3        0.431702       -0.244982       -0.172629
     C    3       -0.344229       -0.172629        0.380364

     H    4        0.135159       -0.094250       -0.243320
     H    4       -0.094250        0.449693        0.088474
     H    4       -0.243320        0.088474       -0.584852

     C    5       -0.183007        0.017826       -0.411910
     C    5        0.017826       -0.238311       -0.366572
     C    5       -0.411910       -0.366572        0.421318

     H    6        0.330770        0.071518        0.290907
     H    6        0.071518       -0.015630       -0.511331
     H    6        0.290907       -0.511331       -0.315140

     H    7        0.546882        0.009605       -0.031091
     H    7        0.009605       -0.102078        0.270664
     H    7       -0.031091        0.270664       -0.444804

     C    8       -0.630472       -0.356658       -0.265485
     C    8       -0.356658        0.302928        0.361574
     C    8       -0.265485        0.361574        0.327544

     H    9       -0.465671        0.125019       -0.484815
     H    9        0.125019        0.281252        0.194164
     H    9       -0.484815        0.194164        0.184418

     C   10       -0.025896       -0.283353       -0.166360
     C   10       -0.283353       -0.128810        0.620582
     C   10       -0.166360        0.620582        0.154706

     C   11       -0.464917       -0.282984       -0.404189
     C   11       -0.282984        0.236032        0.189593
     C   11       -0.404189        0.189593        0.228885

     Cl  12       -0.083499       -0.113934        0.017438
     Cl  12       -0.113934       -0.013004       -0.028472
     Cl  12        0.017438       -0.028472        0.096503

     H   13        0.079010        0.078447       -0.385969
     H   13        0.078447       -0.179393       -0.427117
     H   13       -0.385969       -0.427117        0.100383

     C   14       -0.614755        0.333789       -0.087543
     C   14        0.333789        0.253817       -0.226842
     C   14       -0.087543       -0.226842        0.360937

     H   15        0.112422        0.039492       -0.435684
     H   15        0.039492        0.167402        0.261551
     H   15       -0.435684        0.261551       -0.279825

     C   16        0.230348        0.007187       -0.211572
     C   16        0.007187       -0.133854       -0.441729
     C   16       -0.211572       -0.441729       -0.096494

     C   17       -0.616021        0.413623       -0.339271
     C   17        0.413623        0.301157       -0.230407
     C   17       -0.339271       -0.230407        0.314864

     Cl  18        0.158284       -0.060870       -0.015996
     Cl  18       -0.060870       -0.307125        0.047949
     Cl  18       -0.015996        0.047949        0.148841

     H   19        0.247055        0.449494        0.120984
     H   19        0.449494       -0.597434       -0.036493
     H   19        0.120984       -0.036493        0.350380

     C   20       -0.024183       -0.413437       -0.140285
     C   20       -0.413437       -0.273362        0.331444
     C   20       -0.140285        0.331444        0.297546

     H   21       -0.517242        0.384283        0.185682
     H   21        0.384283        0.285181       -0.046822
     H   21        0.185682       -0.046822        0.232060

     C   22       -0.220064       -0.173443       -0.185879
     C   22       -0.173443       -0.043492        0.265917
     C   22       -0.185879        0.265917        0.263556

     C   23       -0.239484       -0.027599       -0.297453
     C   23       -0.027599       -0.035185        0.659482
     C   23       -0.297453        0.659482        0.274669

     Cl  24       -0.059216       -0.109269        0.002301
     Cl  24       -0.109269        0.011309       -0.020188
     Cl  24        0.002301       -0.020188        0.047908

     ----- ionic term -----
     Cl   1        0.076396       -0.214481        0.044920
     Cl   1       -0.214481        0.077655       -0.024543
     Cl   1        0.044920       -0.024543       -0.154051

     C    2        0.056856       -0.302413        0.372936
     C    2       -0.302413        0.099418        0.313104
     C    2        0.372936        0.313104       -0.156274

     C    3        0.023819       -0.380631        0.266246
     C    3       -0.380631        0.160921        0.326398
     C    3        0.266246        0.326398       -0.184740

     H    4        0.322596        0.028170        0.824631
     H    4        0.028170       -0.520507        0.104845
     H    4        0.824631        0.104845        0.197912

     C    5        0.141042       -0.382395        0.325326
     C    5       -0.382395        0.050658        0.237756
     C    5        0.325326        0.237756       -0.191700

     H    6       -0.533008       -0.054981       -0.021035
     H    6       -0.054981        0.446213        0.771453
     H    6       -0.021035        0.771453        0.086795

     H    7       -0.526474       -0.093757        0.078576
     H    7       -0.093757        0.517914       -0.797432
     H    7        0.078576       -0.797432        0.008560

     C    8        0.353556        0.193589        0.221066
     C    8        0.193589       -0.022153       -0.344783
     C    8        0.221066       -0.344783       -0.331403

     H    9        0.659626       -0.415161        0.600699
     H    9       -0.415161       -0.374841       -0.270401
     H    9        0.600699       -0.270401       -0.284785

     C   10        0.183756        0.190604        0.120151
     C   10        0.190604        0.130233       -0.433358
     C   10        0.120151       -0.433358       -0.313989

     C   11        0.267729        0.150482        0.100274
     C   11        0.150482        0.073568       -0.442433
     C   11        0.100274       -0.442433       -0.341297

     Cl  12        0.126341        0.214989       -0.053971
     Cl  12        0.214989        0.000556       -0.046161
     Cl  12       -0.053971       -0.046161       -0.126897

     H   13       -0.500293        0.234179        0.149836
     H   13        0.234179        0.639461        0.678191
     H   13        0.149836        0.678191       -0.139168

     C   14        0.140835       -0.261908        0.382128
     C   14       -0.261908        0.082300        0.217129
     C   14        0.382128        0.217129       -0.223135

     H   15        0.312887        0.223040        0.772708
     H   15        0.223040       -0.432923        0.259950
     H   15        0.772708        0.259950        0.120036

     C   16       -0.044768       -0.264772        0.266222
     C   16       -0.264772        0.200747        0.405040
     C   16        0.266222        0.405040       -0.155979

     C   17       -0.000013       -0.281146        0.333096
     C   17       -0.281146        0.121607        0.397214
     C   17        0.333096        0.397214       -0.121594

     Cl  18        0.084868       -0.225489        0.002030
     Cl  18       -0.225489        0.066705       -0.000781
     Cl  18        0.002030       -0.000781       -0.151573

     H   19       -0.499575       -0.141649        0.046428
     H   19       -0.141649        0.841389       -0.585256
     H   19        0.046428       -0.585256       -0.341814

     C   20        0.373119        0.195743        0.121242
     C   20        0.195743        0.108133       -0.295205
     C   20        0.121242       -0.295205       -0.481252

     H   21        0.884994       -0.250684        0.470168
     H   21       -0.250684       -0.463938       -0.163414
     H   21        0.470168       -0.163414       -0.421057

     C   22        0.274897        0.240332        0.100148
     C   22        0.240332        0.162446       -0.357744
     C   22        0.100148       -0.357744       -0.437343

     C   23        0.296287        0.121799        0.243313
     C   23        0.121799        0.067021       -0.375892
     C   23        0.243313       -0.375892       -0.363308

     Cl  24        0.135108        0.186457       -0.029164
     Cl  24        0.186457        0.007966       -0.030299
     Cl  24       -0.029164       -0.030299       -0.143074

     ----- GIPAW term -----
     Cl   1        1.197626        0.597842       -1.724595
     Cl   1        0.597842       -0.986566       -0.669861
     Cl   1       -1.724595       -0.669861       -0.211059

     C    2        0.228538       -0.202164       -0.191020
     C    2       -0.202164       -0.110239       -0.051089
     C    2       -0.191020       -0.051089       -0.118299

     C    3        0.039273        0.035880       -0.224665
     C    3        0.035880       -0.142395        0.011460
     C    3       -0.224665        0.011460        0.103122

     H    4       -0.000000        0.000000        0.000000
     H    4        0.000000        0.000000        0.000000
     H    4        0.000000        0.000000        0.000000

     C    5       -0.037703       -0.058125       -0.156956
     C    5       -0.058125       -0.126842        0.009613
     C    5       -0.156956        0.009613        0.164545

     H    6       -0.000000        0.000000        0.000000
     H    6        0.000000        0.000000        0.000000
     H    6        0.000000        0.000000        0.000000

     H    7       -0.000000        0.000000        0.000000
     H    7        0.000000        0.000000        0.000000
     H    7        0.000000        0.000000        0.000000

     C    8       -0.198140       -0.075762       -0.042017
     C    8       -0.075762        0.186450        0.191924
     C    8       -0.042017        0.191924        0.011691

     H    9       -0.000000        0.000000        0.000000
     H    9        0.000000        0.000000        0.000000
     H    9        0.000000        0.000000        0.000000

     C   10       -0.093860       -0.080421       -0.025082
     C   10       -0.080421        0.191553        0.099051
     C   10       -0.025082        0.099051       -0.097693

     C   11       -0.033609       -0.088571       -0.001615
     C   11       -0.088571        0.159865       -0.082941
     C   11       -0.001615       -0.082941       -0.126256

     Cl  12       -0.123728        0.424341        1.481209
     Cl  12        0.424341       -0.853894       -1.477298
     Cl  12        1.481209       -1.477298        0.977622

     H   13       -0.000000        0.000000        0.000000
     H   13        0.000000        0.000000        0.000000
     H   13        0.000000        0.000000        0.000000

     C   14       -0.102072       -0.135532        0.055128
     C   14       -0.135532        0.189453       -0.067979
     C   14        0.055128       -0.067979       -0.087381

     H   15       -0.000000        0.000000        0.000000
     H   15        0.000000        0.000000        0.000000
     H   15        0.000000        0.000000        0.000000

     C   16       -0.032416       -0.030699       -0.017183
     C   16       -0.030699        0.109752       -0.058720
     C   16       -0.017183       -0.058720       -0.077337

     C   17       -0.160576        0.003377       -0.040383
     C   17        0.003377        0.283319       -0.073365
     C   17       -0.040383       -0.073365       -0.122743

     Cl  18        0.182784        0.062146       -0.185750
     Cl  18        0.062146        1.719187       -0.248364
     Cl  18       -0.185750       -0.248364       -1.901971

     H   19       -0.000000        0.000000        0.000000
     H   19        0.000000        0.000000        0.000000
     H   19        0.000000        0.000000        0.000000

     C   20        0.077533       -0.196102       -0.084568
     C   20       -0.196102       -0.027362        0.124059
     C   20       -0.084568        0.124059       -0.050171

     H   21       -0.000000        0.000000        0.000000
     H   21        0.000000        0.000000        0.000000
     H   21        0.000000        0.000000        0.000000

     C   22       -0.047780       -0.090197       -0.113397
     C   22       -0.090197        0.023640        0.114614
     C   22       -0.113397        0.114614        0.024141

     C   23       -0.075293        0.033705       -0.108037
     C   23        0.033705        0.015623        0.248682
     C   23       -0.108037        0.248682        0.059670

     Cl  24       -0.620435        0.568105       -0.987358
     Cl  24        0.568105       -0.571437        1.739450
     Cl  24       -0.987358        1.739450        1.191872

     ----- total EFG -----
     Cl   1        1.041069        0.658098       -1.604477
     Cl   1        0.658098       -0.909899       -0.656562
     Cl   1       -1.604477       -0.656562       -0.131170

     C    2        0.415250       -0.811982       -0.418866
     C    2       -0.811982       -0.228809       -0.310441
     C    2       -0.418866       -0.310441       -0.186442

     C    3       -0.072290        0.086950       -0.302648
     C    3        0.086950       -0.226456        0.165230
     C    3       -0.302648        0.165230        0.298746

     H    4        0.457755       -0.066080        0.581311
     H    4       -0.066080       -0.070814        0.193320
     H    4        0.581311        0.193320       -0.386940

     C    5       -0.079667       -0.422695       -0.243540
     C    5       -0.422695       -0.314495       -0.119204
     C    5       -0.243540       -0.119204        0.394163

     H    6       -0.202239        0.016537        0.269872
     H    6        0.016537        0.430583        0.260122
     H    6        0.269872        0.260122       -0.228345

     H    7        0.020408       -0.084152        0.047484
     H    7       -0.084152        0.415836       -0.526768
     H    7        0.047484       -0.526768       -0.436244

     C    8       -0.475057       -0.238831       -0.086436
     C    8       -0.238831        0.467225        0.208715
     C    8       -0.086436        0.208715        0.007832

     H    9        0.193955       -0.290141        0.115884
     H    9       -0.290141       -0.093589       -0.076238
     H    9        0.115884       -0.076238       -0.100366

     C   10        0.064000       -0.173170       -0.071291
     C   10       -0.173170        0.192976        0.286275
     C   10       -0.071291        0.286275       -0.256976

     C   11       -0.230797       -0.221073       -0.305530
     C   11       -0.221073        0.469465       -0.335781
     C   11       -0.305530       -0.335781       -0.238668

     Cl  12       -0.080886        0.525395        1.444676
     Cl  12        0.525395       -0.866342       -1.551931
     Cl  12        1.444676       -1.551931        0.947228

     H   13       -0.421282        0.312626       -0.236133
     H   13        0.312626        0.460067        0.251074
     H   13       -0.236133        0.251074       -0.038785

     C   14       -0.575992       -0.063651        0.349713
     C   14       -0.063651        0.525571       -0.077692
     C   14        0.349713       -0.077692        0.050421

     H   15        0.425310        0.262533        0.337024
     H   15        0.262533       -0.265521        0.521501
     H   15        0.337024        0.521501       -0.159789

     C   16        0.153164       -0.288285        0.037468
     C   16       -0.288285        0.176645       -0.095409
     C   16        0.037468       -0.095409       -0.329809

     C   17       -0.776610        0.135854       -0.046558
     C   17        0.135854        0.706083        0.093442
     C   17       -0.046558        0.093442        0.070527

     Cl  18        0.425936       -0.224214       -0.199716
     Cl  18       -0.224214        1.478768       -0.201196
     Cl  18       -0.199716       -0.201196       -1.904703

     H   19       -0.252521        0.307845        0.167412
     H   19        0.307845        0.243955       -0.621749
     H   19        0.167412       -0.621749        0.008566

     C   20        0.426468       -0.413795       -0.103611
     C   20       -0.413795       -0.192590        0.160299
     C   20       -0.103611        0.160299       -0.233878

     H   21        0.367752        0.133599        0.655849
     H   21        0.133599       -0.178756       -0.210236
     H   21        0.655849       -0.210236       -0.188996

     C   22        0.007052       -0.023308       -0.199128
     C   22       -0.023308        0.142594        0.022787
     C   22       -0.199128        0.022787       -0.149646

     C   23       -0.018490        0.127904       -0.162176
     C   23        0.127904        0.047458        0.532272
     C   23       -0.162176        0.532272       -0.028968

     Cl  24       -0.544544        0.645294       -1.014222
     Cl  24        0.645294       -0.552162        1.688964
     Cl  24       -1.014222        1.688964        1.096706

     ----- total EFG (symmetrized) -----
     Cl   1        1.041069        0.658098       -1.604477
     Cl   1        0.658098       -0.909899       -0.656562
     Cl   1       -1.604477       -0.656562       -0.131170

     C    2        0.415250       -0.811982       -0.418866
     C    2       -0.811982       -0.228809       -0.310441
     C    2       -0.418866       -0.310441       -0.186442

     C    3       -0.072290        0.086950       -0.302648
     C    3        0.086950       -0.226456        0.165230
     C    3       -0.302648        0.165230        0.298746

     H    4        0.457755       -0.066080        0.581311
     H    4       -0.066080       -0.070814        0.193320
     H    4        0.581311        0.193320       -0.386940

     C    5       -0.079667       -0.422695       -0.243540
     C    5       -0.422695       -0.314495       -0.119204
     C    5       -0.243540       -0.119204        0.394163

     H    6       -0.202239        0.016537        0.269872
     H    6        0.016537        0.430583        0.260122
     H    6        0.269872        0.260122       -0.228345

     H    7        0.020408       -0.084152        0.047484
     H    7       -0.084152        0.415836       -0.526768
     H    7        0.047484       -0.526768       -0.436244

     C    8       -0.475057       -0.238831       -0.086436
     C    8       -0.238831        0.467225        0.208715
     C    8       -0.086436        0.208715        0.007832

     H    9        0.193955       -0.290141        0.115884
     H    9       -0.290141       -0.093589       -0.076238
     H    9        0.115884       -0.076238       -0.100366

     C   10        0.064000       -0.173170       -0.071291
     C   10       -0.173170        0.192976        0.286275
     C   10       -0.071291        0.286275       -0.256976

     C   11       -0.230797       -0.221073       -0.305530
     C   11       -0.221073        0.469465       -0.335781
     C   11       -0.305530       -0.335781       -0.238668

     Cl  12       -0.080886        0.525395        1.444676
     Cl  12        0.525395       -0.866342       -1.551931
     Cl  12        1.444676       -1.551931        0.947228

     H   13       -0.421282        0.312626       -0.236133
     H   13        0.312626        0.460067        0.251074
     H   13       -0.236133        0.251074       -0.038785

     C   14       -0.575992       -0.063651        0.349713
     C   14       -0.063651        0.525571       -0.077692
     C   14        0.349713       -0.077692        0.050421

     H   15        0.425310        0.262533        0.337024
     H   15        0.262533       -0.265521        0.521501
     H   15        0.337024        0.521501       -0.159789

     C   16        0.153164       -0.288285        0.037468
     C   16       -0.288285        0.176645       -0.095409
     C   16        0.037468       -0.095409       -0.329809

     C   17       -0.776610        0.135854       -0.046558
     C   17        0.135854        0.706083        0.093442
     C   17       -0.046558        0.093442        0.070527

     Cl  18        0.425936       -0.224214       -0.199716
     Cl  18       -0.224214        1.478768       -0.201196
     Cl  18       -0.199716       -0.201196       -1.904703

     H   19       -0.252521        0.307845        0.167412
     H   19        0.307845        0.243955       -0.621749
     H   19        0.167412       -0.621749        0.008566

     C   20        0.426468       -0.413795       -0.103611
     C   20       -0.413795       -0.192590        0.160299
     C   20       -0.103611        0.160299       -0.233878

     H   21        0.367752        0.133599        0.655849
     H   21        0.133599       -0.178756       -0.210236
     H   21        0.655849       -0.210236       -0.188996

     C   22        0.007052       -0.023308       -0.199128
     C   22       -0.023308        0.142594        0.022787
     C   22       -0.199128        0.022787       -0.149646

     C   23       -0.018490        0.127904       -0.162176
     C   23        0.127904        0.047458        0.532272
     C   23       -0.162176        0.532272       -0.028968

     Cl  24       -0.544544        0.645294       -1.014222
     Cl  24        0.645294       -0.552162        1.688964
     Cl  24       -1.014222        1.688964        1.096706


     NQR/NMR SPECTROSCOPIC PARAMETERS:
     Cl   1    Vxx=   -1.0461    axis=(  0.523099 -0.770401  0.364484)
     Cl   1    Vyy=   -1.3696    axis=( -0.336014 -0.579446 -0.742520)
     Cl   1    Vzz=    2.4157    axis=( -0.783238 -0.265940  0.561974)
     Cl   1  Q=        -8.1650 1e-30 m^2  Cq=       -46.3446 MHz  eta= 0.13391

     C    2    Vxx=    0.0666    axis=( -0.143590 -0.501695  0.853044)
     C    2    Vyy=    0.9951    axis=( -0.840704  0.516597  0.162309)
     C    2    Vzz=   -1.0617    axis=( -0.522109 -0.693851 -0.495956)
     C    2  Q=         1.0000 1e-30 m^2  Cq=        -2.4946 MHz  eta= 0.87446

     C    3    Vxx=   -0.0868    axis=(  0.677596  0.697569  0.232941)
     C    3    Vyy=   -0.3967    axis=( -0.577883  0.700930 -0.418029)
     C    3    Vzz=    0.4835    axis=( -0.454880  0.148642  0.878060)
     C    3  Q=         1.0000 1e-30 m^2  Cq=         1.1360 MHz  eta= 0.64087

     H    4    Vxx=   -0.0110    axis=(  0.162935 -0.956957 -0.240180)
     H    4    Vyy=   -0.7440    axis=(  0.429805  0.287964 -0.855771)
     H    4    Vzz=    0.7550    axis=(  0.888099  0.036205  0.458224)
     H    4  Q=         1.0000 1e-30 m^2  Cq=         1.7739 MHz  eta= 0.97075

     C    5    Vxx=    0.1881    axis=(  0.652844 -0.643701  0.399304)
     C    5    Vyy=    0.5025    axis=(  0.445157 -0.100483 -0.889797)
     C    5    Vzz=   -0.6907    axis=(  0.612886  0.758652  0.220948)
     C    5  Q=         1.0000 1e-30 m^2  Cq=        -1.6228 MHz  eta= 0.45519

     H    6    Vxx=   -0.0164    axis=(  0.762681 -0.346150  0.546350)
     H    6    Vyy=   -0.5207    axis=(  0.628130  0.195048 -0.753266)
     H    6    Vzz=    0.5372    axis=(  0.154179  0.917680  0.366186)
     H    6  Q=         1.0000 1e-30 m^2  Cq=         1.2621 MHz  eta= 0.93886

     H    7    Vxx=    0.0064    axis=(  0.989485  0.134306 -0.053684)
     H    7    Vyy=    0.6813    axis=(  0.144331 -0.892706  0.426902)
     H    7    Vzz=   -0.6878    axis=(  0.009412 -0.430161 -0.902703)
     H    7  Q=         1.0000 1e-30 m^2  Cq=        -1.6160 MHz  eta= 0.98136

     C    8    Vxx=   -0.0728    axis=(  0.010807 -0.356337  0.934295)
     C    8    Vyy=   -0.5347    axis=( -0.973511 -0.217154 -0.071562)
     C    8    Vzz=    0.6075    axis=(  0.228386 -0.908773 -0.349245)
     C    8  Q=         1.0000 1e-30 m^2  Cq=         1.4273 MHz  eta= 0.76041

     H    9    Vxx=   -0.1378    axis=( -0.235901  0.115614  0.964875)
     H    9    Vyy=   -0.2737    axis=(  0.522419  0.852305  0.025600)
     H    9    Vzz=    0.4116    axis=( -0.819408  0.510108 -0.261458)
     H    9  Q=         1.0000 1e-30 m^2  Cq=         0.9670 MHz  eta= 0.33018

     C   10    Vxx=   -0.0317    axis=(  0.889101  0.398549  0.225072)
     C   10    Vyy=   -0.3964    axis=(  0.028042  0.443381 -0.895895)
     C   10    Vzz=    0.4281    axis=( -0.456851  0.802852  0.383035)
     C   10  Q=         1.0000 1e-30 m^2  Cq=         1.0059 MHz  eta= 0.85203

     C   11    Vxx=    0.0616    axis=(  0.758426 -0.116787 -0.641211)
     C   11    Vyy=    0.6153    axis=( -0.128467  0.937727 -0.322745)
     C   11    Vzz=   -0.6769    axis=(  0.638973  0.327153  0.696193)
     C   11  Q=         1.0000 1e-30 m^2  Cq=        -1.5904 MHz  eta= 0.81812

     Cl  12    Vxx=    0.0981    axis=(  0.761208  0.634024 -0.136294)
     Cl  12    Vyy=    2.3156    axis=( -0.430725  0.337172 -0.837132)
     Cl  12    Vzz=   -2.4137    axis=( -0.484808  0.695937  0.529749)
     Cl  12  Q=        -8.1650 1e-30 m^2  Cq=        46.3052 MHz  eta= 0.91875

     H   13    Vxx=    0.0609    axis=( -0.506565 -0.138535  0.850999)
     H   13    Vyy=    0.6091    axis=( -0.218715 -0.934076 -0.282251)
     H   13    Vzz=   -0.6700    axis=(  0.834000 -0.329105  0.442871)
     H   13  Q=         1.0000 1e-30 m^2  Cq=        -1.5743 MHz  eta= 0.81821

     C   14    Vxx=    0.1796    axis=(  0.385763  0.269141  0.882468)
     C   14    Vyy=    0.5532    axis=( -0.127906  0.962868 -0.237749)
     C   14    Vzz=   -0.7328    axis=( -0.913689 -0.021158  0.405863)
     C   14  Q=         1.0000 1e-30 m^2  Cq=        -1.7218 MHz  eta= 0.50983

     H   15    Vxx=   -0.0608    axis=(  0.657722 -0.527173 -0.538043)
     H   15    Vyy=   -0.7378    axis=(  0.031493  0.732905 -0.679601)
     H   15    Vzz=    0.7986    axis=(  0.752602  0.430044  0.498650)
     H   15  Q=         1.0000 1e-30 m^2  Cq=         1.8764 MHz  eta= 0.84771

     C   16    Vxx=   -0.1169    axis=(  0.730141  0.662242 -0.168313)
     C   16    Vyy=   -0.3478    axis=( -0.042785 -0.201532 -0.978547)
     C   16    Vzz=    0.4648    axis=( -0.681955  0.721679 -0.118813)
     C   16  Q=         1.0000 1e-30 m^2  Cq=         1.0920 MHz  eta= 0.49674

     C   17    Vxx=    0.0620    axis=( -0.075564 -0.127543  0.988950)
     C   17    Vyy=    0.7304    axis=(  0.084873  0.987364  0.133824)
     C   17    Vzz=   -0.7925    axis=( -0.993522  0.094047 -0.063784)
     C   17  Q=         1.0000 1e-30 m^2  Cq=        -1.8620 MHz  eta= 0.84344

     Cl  18    Vxx=    0.4041    axis=(  0.977549  0.185092 -0.100692)
     Cl  18    Vyy=    1.5318    axis=(  0.190444 -0.980604  0.046343)
     Cl  18    Vzz=   -1.9359    axis=(  0.090161  0.064479  0.993838)
     Cl  18  Q=        -8.1650 1e-30 m^2  Cq=        37.1388 MHz  eta= 0.58256

     H   19    Vxx=   -0.0446    axis=(  0.810537  0.262958  0.523339)
     H   19    Vyy=   -0.7324    axis=(  0.569637 -0.561692 -0.600013)
     H   19    Vzz=    0.7770    axis=( -0.136177 -0.784446  0.605063)
     H   19  Q=         1.0000 1e-30 m^2  Cq=         1.8256 MHz  eta= 0.88531

     C   20    Vxx=   -0.2149    axis=(  0.356144  0.333454  0.872909)
     C   20    Vyy=   -0.4492    axis=( -0.336605 -0.825666  0.452740)
     C   20    Vzz=    0.6641    axis=( -0.871699  0.455066  0.181814)
     C   20  Q=         1.0000 1e-30 m^2  Cq=         1.5604 MHz  eta= 0.35276

     H   21    Vxx=   -0.0672    axis=(  0.229721  0.912588 -0.338248)
     H   21    Vyy=   -0.7347    axis=( -0.502678  0.408851  0.761679)
     H   21    Vzz=    0.8019    axis=(  0.833392 -0.004944  0.552660)
     H   21  Q=         1.0000 1e-30 m^2  Cq=         1.8841 MHz  eta= 0.83239

     C   22    Vxx=    0.1106    axis=(  0.590059  0.707148 -0.389579)
     C   22    Vyy=    0.1748    axis=(  0.579563 -0.706938 -0.405395)
     C   22    Vzz=   -0.2854    axis=(  0.562083 -0.013421  0.826972)
     C   22  Q=         1.0000 1e-30 m^2  Cq=        -0.6705 MHz  eta= 0.22490

     C   23    Vxx=    0.0542    axis=( -0.941644 -0.252060  0.223097)
     C   23    Vyy=    0.5434    axis=(  0.032285 -0.727350 -0.685506)
     C   23    Vzz=   -0.5976    axis=( -0.335059  0.638300 -0.693043)
     C   23  Q=         1.0000 1e-30 m^2  Cq=        -1.4041 MHz  eta= 0.81871

     Cl  24    Vxx=    0.0416    axis=(  0.818388  0.563101 -0.114711)
     Cl  24    Vyy=    2.2592    axis=(  0.202726 -0.469674 -0.859249)
     Cl  24    Vzz=   -2.3008    axis=( -0.537721  0.679944 -0.498531)
     Cl  24  Q=        -8.1650 1e-30 m^2  Cq=        44.1400 MHz  eta= 0.96382

     Initialization:
     gipaw_setup  :      9.44s CPU     11.00s WALL (       1 calls)

     Linear response

     Apply operators

     Induced current

     Other routines
     efg          :      9.15s CPU     11.40s WALL (       1 calls)

     General routines
     calbec       :      3.10s CPU      3.94s WALL (      16 calls)
     fft          :      1.54s CPU      2.30s WALL (      15 calls)
     ffts         :      0.05s CPU      0.06s WALL (       2 calls)
     fftw         :      3.26s CPU      3.91s WALL (     672 calls)
     davcio       :      0.01s CPU      0.32s WALL (      32 calls)

     Parallel routines
     fft_scatter  :      2.17s CPU      3.52s WALL (     689 calls)

     Plugins

     GIPAW        :     61.07s CPU     78.61s WALL (       1 calls)
