
     Program QE v.6.0 (svn rev. 13079) starts on  7Jan2017 at  5:18:29 

     This program is part of the open-source Quantum ESPRESSO suite
     for quantum simulation of materials; please cite
         "P. Giannozzi et al., J. Phys.:Condens. Matter 21 395502 (2009);
          URL http://www.quantum-espresso.org", 
     in publications or presentations arising from this work. More details at
     http://www.quantum-espresso.org/quote

     Parallel version (MPI), running on     8 processors
     R & G space division:  proc/nbgrp/npool/nimage =       8

     ***** This is GIPAW svn revision unknown      *****

     Parallelizing q-star over 1 images

     Reading data from directory:
     /users/majewski/paradichlorobenzene/pbe/9_constraint/scratch/pbe.ecut100.np8.dt60.pcl2phi-129368.save
     Message from routine read_xml_file:
     file /users/majewski/paradichlorobenzene/pbe/9_constraint/scratch/pbe.ecut100.np8.dt60.pcl2phi-129368.save not guaranteed to be safe for post-processing

   Info: using nr1, nr2, nr3 values from input

   Info: using nr1, nr2, nr3 values from input

     IMPORTANT: XC functional enforced from input :
     Exchange-correlation      =  SLA  PW   PBX  PBC ( 1  4  3  4 0 0)
     Any further DFT definition will be discarded
     Please, verify this is what you really want

               file C.pbe-n-kjpaw_psl.1.0.0.UPF: wavefunction(s)  2S 2P renormalized
               file Cl.pbe-n-kjpaw_psl.1.0.0.UPF: wavefunction(s)  3S 3P renormalized
               file H.pbe-kjpaw_psl.1.0.0.UPF: wavefunction(s)  1S renormalized

     Parallelization info
     --------------------
     sticks:   dense  smooth     PW     G-vecs:    dense   smooth      PW
     Min        3057    1223    332               144436    36536    5170
     Max        3059    1225    333               144437    36537    5171
     Sum       24467    9791   2657              1155489   292295   41363


     Subspace diagonalization in iterative solution of the eigenvalue problem:
     a serial algorithm will be used

     GIPAW projectors -----------------------------------------------
     atom=  C    l=0  rc=    1.2000  rs=    0.8000
     atom=  C    l=0  rc=    1.2000  rs=    0.8000
     atom=  C    l=1  rc=    1.4000  rs=    0.9333
     atom=  C    l=1  rc=    1.4000  rs=    0.9333
     projs nearly linearly dependent: l=1  n1,n2= 1, 2  s=  0.99951561

     atom=  Cl   l=0  rc=    1.6000  rs=    1.0667
     atom=  Cl   l=0  rc=    1.6000  rs=    1.0667
     atom=  Cl   l=1  rc=    1.6000  rs=    1.0667
     atom=  Cl   l=1  rc=    1.6000  rs=    1.0667
     atom=  Cl   l=2  rc=    1.6000  rs=    1.0667
     atom=  Cl   l=2  rc=    1.6000  rs=    1.0667
     projs nearly linearly dependent: l=2  n1,n2= 1, 2  s=  0.99993509

     atom=  H    l=0  rc=    1.0000  rs=    0.6667
     atom=  H    l=0  rc=    1.0000  rs=    0.6667
     projs nearly linearly dependent: l=0  n1,n2= 1, 2  s=  0.99968852
     -----------------------------------------------------------------

     GIPAW integrals: -------------------------------------------
     Atom  i/j   nmr_para   nmr_dia   epr_rmc  epr_para   epr_dia
       C   1 1   0.83E+03  0.17E-01  0.93E+01  0.24E+08  0.24E+03
       C   2 1   0.86E+03 -0.61E-01  0.94E+01  0.25E+08  0.25E+03
       C   2 2   0.90E+03 -0.15E+00  0.97E+01  0.26E+08  0.26E+03
       C   3 3   0.33E+01  0.34E+00  0.18E+01  0.55E+03  0.21E+02
       C   4 3   0.35E+01  0.37E+00  0.20E+01  0.59E+03  0.22E+02
       C   4 4   0.38E+01  0.39E+00  0.22E+01  0.63E+03  0.24E+02
       Cl  1 1   0.14E+04 -0.47E+00  0.84E+01  0.32E+09  0.42E+03
       Cl  2 1   0.21E+04 -0.37E+00  0.12E+02  0.49E+09  0.65E+03
       Cl  2 2   0.33E+04 -0.16E+00  0.21E+02  0.76E+09  0.10E+04
       Cl  3 3   0.21E+02  0.79E-01  0.89E+01  0.23E+05  0.13E+03
       Cl  4 3   0.24E+02  0.67E-01  0.99E+01  0.27E+05  0.15E+03
       Cl  4 4   0.28E+02  0.44E-01  0.11E+02  0.32E+05  0.18E+03
       Cl  5 5   0.77E+00  0.19E+00  0.18E+01  0.12E+03  0.22E+02
       Cl  6 5   0.80E+00  0.19E+00  0.19E+01  0.12E+03  0.23E+02
       Cl  6 6   0.83E+00  0.20E+00  0.19E+01  0.12E+03  0.23E+02
       H   1 1   0.39E+02  0.19E+00  0.29E+00  0.78E+05  0.13E+02
       H   2 1   0.41E+02  0.21E+00  0.32E+00  0.82E+05  0.14E+02
       H   2 2   0.43E+02  0.22E+00  0.36E+00  0.86E+05  0.15E+02
     ------------------------------------------------------------

     alpha_pv=     33.7154 eV

     Number of occupied bands for each k-point:
     k-point:     1    nbnd_occ=  42
     k-point:     2    nbnd_occ=  42
     k-point:     3    nbnd_occ=  42
     k-point:     4    nbnd_occ=  42
     k-point:     5    nbnd_occ=  42
     k-point:     6    nbnd_occ=  42
     k-point:     7    nbnd_occ=  42
     k-point:     8    nbnd_occ=  42
     k-point:     9    nbnd_occ=  42
     k-point:    10    nbnd_occ=  42
     k-point:    11    nbnd_occ=  42
     k-point:    12    nbnd_occ=  42
     k-point:    13    nbnd_occ=  42
     k-point:    14    nbnd_occ=  42
     k-point:    15    nbnd_occ=  42
     k-point:    16    nbnd_occ=  42


     q-space interpolation up to   110.00 Rydberg

     GIPAW job: efg                                                                             


     ELECTRIC FIELD GRADIENTS TENSORS IN Hartree/bohrradius^2:

     ----- bare term -----
     Cl   1       -0.229810        0.189024        0.087953
     Cl   1        0.189024       -0.062577       -0.134869
     Cl   1        0.087953       -0.134869        0.292388

     C    2       -0.027288       -0.423701       -0.402980
     C    2       -0.423701       -0.057121       -0.725014
     C    2       -0.402980       -0.725014        0.084409

     C    3       -0.455393        0.318664       -0.062874
     C    3        0.318664        0.060854       -0.379574
     C    3       -0.062874       -0.379574        0.394539

     H    4       -0.144440       -0.295123       -0.372958
     H    4       -0.295123       -0.251389       -0.163894
     H    4       -0.372958       -0.163894        0.395829

     C    5       -0.068315       -0.292825       -0.521537
     C    5       -0.292825       -0.095237       -0.464612
     C    5       -0.521537       -0.464612        0.163551

     H    6        0.382293        0.076781        0.064449
     H    6        0.076781       -0.443016       -0.580053
     H    6        0.064449       -0.580053        0.060723

     H    7       -0.098214       -0.196211        0.256234
     H    7       -0.196211       -0.065972        0.474391
     H    7        0.256234        0.474391        0.164185

     C    8       -0.026389        0.107156       -0.529473
     C    8        0.107156        0.005949        0.420325
     C    8       -0.529473        0.420325        0.020440

     H    9       -0.070606        0.048184       -0.220005
     H    9        0.048184        0.434885        0.402808
     H    9       -0.220005        0.402808       -0.364279

     C   10        0.007378       -0.505723       -0.291369
     C   10       -0.505723       -0.360161        0.261070
     C   10       -0.291369        0.261070        0.352783

     C   11       -0.053641       -0.010708       -0.532399
     C   11       -0.010708       -0.269321        0.489635
     C   11       -0.532399        0.489635        0.322962

     Cl  12       -0.158749       -0.127596       -0.134988
     Cl  12       -0.127596       -0.127950        0.031280
     Cl  12       -0.134988        0.031280        0.286700

     H   13        0.049985       -0.326686        0.130230
     H   13       -0.326686       -0.402241       -0.312426
     H   13        0.130230       -0.312426        0.352257

     C   14       -0.366837        0.336194       -0.352530
     C   14        0.336194       -0.065060       -0.117514
     C   14       -0.352530       -0.117514        0.431897

     H   15       -0.540642       -0.425586        0.141672
     H   15       -0.425586        0.292090        0.046315
     H   15        0.141672        0.046315        0.248552

     C   16        0.045782       -0.049474       -0.403557
     C   16       -0.049474       -0.328333       -0.447944
     C   16       -0.403557       -0.447944        0.282551

     C   17       -0.297473        0.383777       -0.348611
     C   17        0.383777       -0.165971       -0.258905
     C   17       -0.348611       -0.258905        0.463444

     Cl  18       -0.011717       -0.000015       -0.085637
     Cl  18       -0.000015        0.001131       -0.075452
     Cl  18       -0.085637       -0.075452        0.010586

     H   19        0.369892       -0.074216       -0.047977
     H   19       -0.074216       -0.627656        0.350185
     H   19       -0.047977        0.350185        0.257764

     C   20       -0.262964       -0.326266       -0.315314
     C   20       -0.326266       -0.139357        0.453446
     C   20       -0.315314        0.453446        0.402321

     H   21       -0.019679        0.308858       -0.460049
     H   21        0.308858        0.062781        0.484415
     H   21       -0.460049        0.484415       -0.043101

     C   22       -0.532860       -0.369732       -0.298046
     C   22       -0.369732        0.159630        0.146801
     C   22       -0.298046        0.146801        0.373230

     C   23        0.090735       -0.544036       -0.029996
     C   23       -0.544036       -0.303236        0.496316
     C   23       -0.029996        0.496316        0.212501

     Cl  24       -0.063086       -0.030015       -0.020151
     Cl  24       -0.030015        0.045190       -0.058023
     Cl  24       -0.020151       -0.058023        0.017896

     ----- ionic term -----
     Cl   1        0.116420       -0.173839       -0.012992
     Cl   1       -0.173839        0.005196        0.017111
     Cl   1       -0.012992        0.017111       -0.121616

     C    2        0.262433       -0.018918        0.199051
     C    2       -0.018918        0.085839        0.434535
     C    2        0.199051        0.434535       -0.348272

     C    3        0.191601       -0.133086        0.131107
     C    3       -0.133086        0.119285        0.433261
     C    3        0.131107        0.433261       -0.310886

     H    4        0.597537        0.400013        0.640381
     H    4        0.400013       -0.387457        0.282656
     H    4        0.640381        0.282656       -0.210080

     C    5        0.348652       -0.083489        0.177603
     C    5       -0.083489        0.013038        0.343560
     C    5        0.177603        0.343560       -0.361690

     H    6       -0.504233        0.164095        0.105363
     H    6        0.164095        0.613487        0.732444
     H    6        0.105363        0.732444       -0.109254

     H    7       -0.526791        0.002983        0.007428
     H    7        0.002983        0.611852       -0.728487
     H    7        0.007428       -0.728487       -0.085061

     C    8        0.211718        0.110508        0.332316
     C    8        0.110508        0.045273       -0.310842
     C    8        0.332316       -0.310842       -0.256991

     H    9        0.376898       -0.386016        0.699872
     H    9       -0.386016       -0.313053       -0.354673
     H    9        0.699872       -0.354673       -0.063845

     C   10        0.077014        0.207944        0.224136
     C   10        0.207944        0.199064       -0.368145
     C   10        0.224136       -0.368145       -0.276078

     C   11        0.162265        0.219176        0.286086
     C   11        0.219176        0.105237       -0.384305
     C   11        0.286086       -0.384305       -0.267501

     Cl  12        0.180679        0.213571        0.037188
     Cl  12        0.213571       -0.033708        0.005781
     Cl  12        0.037188        0.005781       -0.146970

     H   13       -0.485096        0.162685        0.070293
     H   13        0.162685        0.834331        0.575240
     H   13        0.070293        0.575240       -0.349235

     C   14        0.444375       -0.091317        0.163039
     C   14       -0.091317        0.027158        0.321232
     C   14        0.163039        0.321232       -0.471534

     H   15        0.663579        0.512093        0.443546
     H   15        0.512093       -0.316013        0.270052
     H   15        0.443546        0.270052       -0.347566

     C   16        0.260129       -0.172623        0.064165
     C   16       -0.172623        0.148673        0.410731
     C   16        0.064165        0.410731       -0.408802

     C   17        0.274341       -0.117889        0.188562
     C   17       -0.117889        0.111719        0.388772
     C   17        0.188562        0.388772       -0.386060

     Cl  18        0.148221       -0.225130       -0.017157
     Cl  18       -0.225130        0.007472        0.004187
     Cl  18       -0.017157        0.004187       -0.155692

     H   19       -0.493132        0.124278       -0.043484
     H   19        0.124278        0.645894       -0.690376
     H   19       -0.043484       -0.690376       -0.152762

     C   20        0.260256        0.238711        0.330857
     C   20        0.238711        0.009151       -0.260913
     C   20        0.330857       -0.260913       -0.269406

     H   21        0.360572       -0.369362        0.682419
     H   21       -0.369362       -0.373451       -0.345378
     H   21        0.682419       -0.345378        0.012879

     C   22        0.153544        0.241168        0.244494
     C   22        0.241168        0.092595       -0.334472
     C   22        0.244494       -0.334472       -0.246139

     C   23        0.187309        0.132230        0.336314
     C   23        0.132230        0.051714       -0.374767
     C   23        0.336314       -0.374767       -0.239023

     Cl  24        0.144006        0.202260        0.042366
     Cl  24        0.202260        0.001381        0.028214
     Cl  24        0.042366        0.028214       -0.145386

     ----- GIPAW term -----
     Cl   1       -0.455532       -1.494579        0.949170
     Cl   1       -1.494579       -0.663427       -1.577983
     Cl   1        0.949170       -1.577983        1.118959

     C    2        0.049933       -0.274499        0.013286
     C    2       -0.274499        0.061879       -0.167871
     C    2        0.013286       -0.167871       -0.111812

     C    3       -0.117460       -0.108189        0.045223
     C    3       -0.108189        0.171997       -0.112917
     C    3        0.045223       -0.112917       -0.054537

     H    4       -0.000000        0.000000        0.000000
     H    4        0.000000        0.000000        0.000000
     H    4        0.000000        0.000000        0.000000

     C    5        0.101900       -0.223865       -0.155294
     C    5       -0.223865       -0.031129       -0.029807
     C    5       -0.155294       -0.029807       -0.070772

     H    6       -0.000000        0.000000        0.000000
     H    6        0.000000        0.000000        0.000000
     H    6        0.000000        0.000000        0.000000

     H    7       -0.000000        0.000000        0.000000
     H    7        0.000000        0.000000        0.000000
     H    7        0.000000        0.000000        0.000000

     C    8        0.282224        0.020352       -0.087460
     C    8        0.020352       -0.134426        0.053279
     C    8       -0.087460        0.053279       -0.147798

     H    9       -0.000000        0.000000        0.000000
     H    9        0.000000        0.000000        0.000000
     H    9        0.000000        0.000000        0.000000

     C   10        0.128921       -0.081705       -0.205385
     C   10       -0.081705       -0.164874        0.025793
     C   10       -0.205385        0.025793        0.035953

     C   11        0.019701        0.039637       -0.220156
     C   11        0.039637       -0.119285        0.141505
     C   11       -0.220156        0.141505        0.099584

     Cl  12        0.048926        1.423879       -1.316585
     Cl  12        1.423879       -1.147393        0.331683
     Cl  12       -1.316585        0.331683        1.098468

     H   13       -0.000000        0.000000        0.000000
     H   13        0.000000        0.000000        0.000000
     H   13        0.000000        0.000000        0.000000

     C   14        0.073020       -0.101202       -0.133410
     C   14       -0.101202       -0.035111        0.071537
     C   14       -0.133410        0.071537       -0.037909

     H   15       -0.000000        0.000000        0.000000
     H   15        0.000000        0.000000        0.000000
     H   15        0.000000        0.000000        0.000000

     C   16        0.084124       -0.029584       -0.243354
     C   16       -0.029584       -0.139789       -0.046989
     C   16       -0.243354       -0.046989        0.055665

     C   17        0.091675       -0.054940       -0.222014
     C   17       -0.054940       -0.132208        0.012878
     C   17       -0.222014        0.012878        0.040533

     Cl  18        1.803204       -1.333933       -2.082464
     Cl  18       -1.333933       -1.052628       -0.634526
     Cl  18       -2.082464       -0.634526       -0.750576

     H   19       -0.000000        0.000000        0.000000
     H   19        0.000000        0.000000        0.000000
     H   19        0.000000        0.000000        0.000000

     C   20       -0.020558       -0.121495       -0.086743
     C   20       -0.121495       -0.017982        0.151775
     C   20       -0.086743        0.151775        0.038540

     H   21       -0.000000        0.000000        0.000000
     H   21        0.000000        0.000000        0.000000
     H   21        0.000000        0.000000        0.000000

     C   22       -0.121452       -0.175007        0.023621
     C   22       -0.175007        0.100938       -0.107798
     C   22        0.023621       -0.107798        0.020514

     C   23        0.205443       -0.165504        0.040702
     C   23       -0.165504       -0.049157        0.034501
     C   23        0.040702        0.034501       -0.156286

     Cl  24        1.202246        0.276962        1.741243
     Cl  24        0.276962       -0.523129       -1.293479
     Cl  24        1.741243       -1.293479       -0.679116

     ----- total EFG -----
     Cl   1       -0.568923       -1.479395        1.024132
     Cl   1       -1.479395       -0.720807       -1.695741
     Cl   1        1.024132       -1.695741        1.289730

     C    2        0.285077       -0.717118       -0.190642
     C    2       -0.717118        0.090597       -0.458350
     C    2       -0.190642       -0.458350       -0.375675

     C    3       -0.381252        0.077389        0.113456
     C    3        0.077389        0.352136       -0.059230
     C    3        0.113456       -0.059230        0.029115

     H    4        0.453097        0.104890        0.267423
     H    4        0.104890       -0.638846        0.118762
     H    4        0.267423        0.118762        0.185749

     C    5        0.382238       -0.600178       -0.499228
     C    5       -0.600178       -0.113328       -0.150858
     C    5       -0.499228       -0.150858       -0.268910

     H    6       -0.121940        0.240876        0.169812
     H    6        0.240876        0.170471        0.152391
     H    6        0.169812        0.152391       -0.048531

     H    7       -0.625005       -0.193228        0.263662
     H    7       -0.193228        0.545881       -0.254095
     H    7        0.263662       -0.254095        0.079124

     C    8        0.467553        0.238017       -0.284616
     C    8        0.238017       -0.083204        0.162762
     C    8       -0.284616        0.162762       -0.384349

     H    9        0.306291       -0.337832        0.479866
     H    9       -0.337832        0.121833        0.048135
     H    9        0.479866        0.048135       -0.428124

     C   10        0.213313       -0.379483       -0.272618
     C   10       -0.379483       -0.325971       -0.081283
     C   10       -0.272618       -0.081283        0.112658

     C   11        0.128325        0.248105       -0.466469
     C   11        0.248105       -0.283370        0.246835
     C   11       -0.466469        0.246835        0.155044

     Cl  12        0.070855        1.509854       -1.414385
     Cl  12        1.509854       -1.309052        0.368744
     Cl  12       -1.414385        0.368744        1.238197

     H   13       -0.435111       -0.164001        0.200523
     H   13       -0.164001        0.432089        0.262814
     H   13        0.200523        0.262814        0.003022

     C   14        0.150559        0.143676       -0.322902
     C   14        0.143676       -0.073012        0.275256
     C   14       -0.322902        0.275256       -0.077546

     H   15        0.122937        0.086508        0.585218
     H   15        0.086508       -0.023923        0.316367
     H   15        0.585218        0.316367       -0.099014

     C   16        0.390034       -0.251681       -0.582747
     C   16       -0.251681       -0.319449       -0.084201
     C   16       -0.582747       -0.084201       -0.070585

     C   17        0.068543        0.210948       -0.382064
     C   17        0.210948       -0.186460        0.142744
     C   17       -0.382064        0.142744        0.117917

     Cl  18        1.939708       -1.559078       -2.185259
     Cl  18       -1.559078       -1.044025       -0.705792
     Cl  18       -2.185259       -0.705792       -0.895682

     H   19       -0.123240        0.050062       -0.091460
     H   19        0.050062        0.018237       -0.340192
     H   19       -0.091460       -0.340192        0.105002

     C   20       -0.023266       -0.209050       -0.071199
     C   20       -0.209050       -0.148188        0.344309
     C   20       -0.071199        0.344309        0.171455

     H   21        0.340893       -0.060504        0.222370
     H   21       -0.060504       -0.310671        0.139037
     H   21        0.222370        0.139037       -0.030222

     C   22       -0.500768       -0.303571       -0.029931
     C   22       -0.303571        0.353163       -0.295469
     C   22       -0.029931       -0.295469        0.147606

     C   23        0.483487       -0.577309        0.347020
     C   23       -0.577309       -0.300679        0.156050
     C   23        0.347020        0.156050       -0.182808

     Cl  24        1.283166        0.449207        1.763458
     Cl  24        0.449207       -0.476559       -1.323288
     Cl  24        1.763458       -1.323288       -0.806607

     ----- total EFG (symmetrized) -----
     Cl   1       -0.568923       -1.479395        1.024132
     Cl   1       -1.479395       -0.720807       -1.695741
     Cl   1        1.024132       -1.695741        1.289730

     C    2        0.285077       -0.717118       -0.190642
     C    2       -0.717118        0.090597       -0.458350
     C    2       -0.190642       -0.458350       -0.375675

     C    3       -0.381252        0.077389        0.113456
     C    3        0.077389        0.352136       -0.059230
     C    3        0.113456       -0.059230        0.029115

     H    4        0.453097        0.104890        0.267423
     H    4        0.104890       -0.638846        0.118762
     H    4        0.267423        0.118762        0.185749

     C    5        0.382238       -0.600178       -0.499228
     C    5       -0.600178       -0.113328       -0.150858
     C    5       -0.499228       -0.150858       -0.268910

     H    6       -0.121940        0.240876        0.169812
     H    6        0.240876        0.170471        0.152391
     H    6        0.169812        0.152391       -0.048531

     H    7       -0.625005       -0.193228        0.263662
     H    7       -0.193228        0.545881       -0.254095
     H    7        0.263662       -0.254095        0.079124

     C    8        0.467553        0.238017       -0.284616
     C    8        0.238017       -0.083204        0.162762
     C    8       -0.284616        0.162762       -0.384349

     H    9        0.306291       -0.337832        0.479866
     H    9       -0.337832        0.121833        0.048135
     H    9        0.479866        0.048135       -0.428124

     C   10        0.213313       -0.379483       -0.272618
     C   10       -0.379483       -0.325971       -0.081283
     C   10       -0.272618       -0.081283        0.112658

     C   11        0.128325        0.248105       -0.466469
     C   11        0.248105       -0.283370        0.246835
     C   11       -0.466469        0.246835        0.155044

     Cl  12        0.070855        1.509854       -1.414385
     Cl  12        1.509854       -1.309052        0.368744
     Cl  12       -1.414385        0.368744        1.238197

     H   13       -0.435111       -0.164001        0.200523
     H   13       -0.164001        0.432089        0.262814
     H   13        0.200523        0.262814        0.003022

     C   14        0.150559        0.143676       -0.322902
     C   14        0.143676       -0.073012        0.275256
     C   14       -0.322902        0.275256       -0.077546

     H   15        0.122937        0.086508        0.585218
     H   15        0.086508       -0.023923        0.316367
     H   15        0.585218        0.316367       -0.099014

     C   16        0.390034       -0.251681       -0.582747
     C   16       -0.251681       -0.319449       -0.084201
     C   16       -0.582747       -0.084201       -0.070585

     C   17        0.068543        0.210948       -0.382064
     C   17        0.210948       -0.186460        0.142744
     C   17       -0.382064        0.142744        0.117917

     Cl  18        1.939708       -1.559078       -2.185259
     Cl  18       -1.559078       -1.044025       -0.705792
     Cl  18       -2.185259       -0.705792       -0.895682

     H   19       -0.123240        0.050062       -0.091460
     H   19        0.050062        0.018237       -0.340192
     H   19       -0.091460       -0.340192        0.105002

     C   20       -0.023266       -0.209050       -0.071199
     C   20       -0.209050       -0.148188        0.344309
     C   20       -0.071199        0.344309        0.171455

     H   21        0.340893       -0.060504        0.222370
     H   21       -0.060504       -0.310671        0.139037
     H   21        0.222370        0.139037       -0.030222

     C   22       -0.500768       -0.303571       -0.029931
     C   22       -0.303571        0.353163       -0.295469
     C   22       -0.029931       -0.295469        0.147606

     C   23        0.483487       -0.577309        0.347020
     C   23       -0.577309       -0.300679        0.156050
     C   23        0.347020        0.156050       -0.182808

     Cl  24        1.283166        0.449207        1.763458
     Cl  24        0.449207       -0.476559       -1.323288
     Cl  24        1.763458       -1.323288       -0.806607


     NQR/NMR SPECTROSCOPIC PARAMETERS:
     Cl   1    Vxx=   -0.7738    axis=( -0.704713  0.335275  0.625276)
     Cl   1    Vyy=   -2.2432    axis=( -0.569050 -0.793457 -0.215889)
     Cl   1    Vzz=    3.0170    axis=(  0.423748 -0.507953  0.749948)
     Cl   1  Q=        -8.1650 1e-30 m^2  Cq=       -57.8788 MHz  eta= 0.48705

     C    2    Vxx=    0.0057    axis=( -0.526125 -0.403900  0.748369)
     C    2    Vyy=    0.9331    axis=( -0.717044  0.683822 -0.135039)
     C    2    Vzz=   -0.9388    axis=( -0.457209 -0.607661 -0.649390)
     C    2  Q=         1.0000 1e-30 m^2  Cq=        -2.2058 MHz  eta= 0.98780

     C    3    Vxx=    0.0538    axis=(  0.270383  0.119528  0.955304)
     C    3    Vyy=    0.3672    axis=(  0.079834  0.986062 -0.145972)
     C    3    Vzz=   -0.4210    axis=( -0.959437  0.115734  0.257072)
     C    3  Q=         1.0000 1e-30 m^2  Cq=        -0.9891 MHz  eta= 0.74433

     H    4    Vxx=    0.0235    axis=( -0.538742  0.065293  0.839937)
     H    4    Vyy=    0.6365    axis=(  0.839970  0.118398  0.529559)
     H    4    Vzz=   -0.6599    axis=( -0.064870  0.990817 -0.118631)
     H    4  Q=         1.0000 1e-30 m^2  Cq=        -1.5506 MHz  eta= 0.92892

     C    5    Vxx=   -0.0505    axis=(  0.110538  0.681470 -0.723450)
     C    5    Vyy=   -0.8384    axis=(  0.535436  0.572413  0.621008)
     C    5    Vzz=    0.8889    axis=(  0.837311 -0.456006 -0.301611)
     C    5  Q=         1.0000 1e-30 m^2  Cq=         2.0886 MHz  eta= 0.88632

     H    6    Vxx=   -0.1194    axis=(  0.171790 -0.566427  0.806007)
     H    6    Vyy=   -0.2903    axis=(  0.858588 -0.315075 -0.404419)
     H    6    Vzz=    0.4098    axis=(  0.483027  0.761503  0.432201)
     H    6  Q=         1.0000 1e-30 m^2  Cq=         0.9628 MHz  eta= 0.41706

     H    7    Vxx=    0.0032    axis=(  0.212166  0.475324  0.853846)
     H    7    Vyy=    0.7187    axis=(  0.211204 -0.875391  0.434837)
     H    7    Vzz=   -0.7219    axis=(  0.954138  0.088079 -0.286118)
     H    7  Q=         1.0000 1e-30 m^2  Cq=        -1.6962 MHz  eta= 0.99117

     C    8    Vxx=   -0.0258    axis=(  0.130100 -0.859901 -0.493604)
     C    8    Vyy=   -0.5789    axis=(  0.326922 -0.432791  0.840127)
     C    8    Vzz=    0.6047    axis=( -0.936053 -0.270671  0.224814)
     C    8  Q=         1.0000 1e-30 m^2  Cq=         1.4209 MHz  eta= 0.91472

     H    9    Vxx=    0.0233    axis=( -0.308661 -0.853854 -0.419120)
     H    9    Vyy=    0.6900    axis=(  0.822541 -0.460887  0.333181)
     H    9    Vzz=   -0.7133    axis=( -0.477655 -0.241904  0.844588)
     H    9  Q=         1.0000 1e-30 m^2  Cq=        -1.6760 MHz  eta= 0.93457

     C   10    Vxx=    0.0595    axis=(  0.302332 -0.472260  0.827989)
     C   10    Vyy=    0.5221    axis=( -0.816783  0.319442  0.480440)
     C   10    Vzz=   -0.5816    axis=( -0.491387 -0.821540 -0.289157)
     C   10  Q=         1.0000 1e-30 m^2  Cq=        -1.3664 MHz  eta= 0.79546

     C   11    Vxx=    0.0464    axis=(  0.495546  0.727759  0.474132)
     C   11    Vyy=    0.6084    axis=(  0.695446 -0.005406 -0.718558)
     C   11    Vzz=   -0.6547    axis=( -0.520374  0.685811 -0.508797)
     C   11  Q=         1.0000 1e-30 m^2  Cq=        -1.5384 MHz  eta= 0.85832

     Cl  12    Vxx=    0.3205    axis=(  0.533408  0.623568  0.571523)
     Cl  12    Vyy=    2.2821    axis=( -0.614042 -0.179240  0.768652)
     Cl  12    Vzz=   -2.6026    axis=(  0.581747 -0.760944  0.287289)
     Cl  12  Q=        -8.1650 1e-30 m^2  Cq=        49.9288 MHz  eta= 0.75373

     H   13    Vxx=    0.0162    axis=( -0.480160  0.325433 -0.814580)
     H   13    Vyy=    0.5611    axis=( -0.068642  0.911846  0.404754)
     H   13    Vzz=   -0.5773    axis=(  0.874491  0.250261 -0.415493)
     H   13  Q=         1.0000 1e-30 m^2  Cq=        -1.3565 MHz  eta= 0.94379

     C   14    Vxx=    0.1347    axis=( -0.440478 -0.812011 -0.382907)
     C   14    Vyy=    0.3844    axis=( -0.775109  0.128773  0.618566)
     C   14    Vzz=   -0.5191    axis=(  0.452974 -0.569259  0.686119)
     C   14  Q=         1.0000 1e-30 m^2  Cq=        -1.2197 MHz  eta= 0.48094

     H   15    Vxx=   -0.0631    axis=(  0.474467 -0.880029 -0.020747)
     H   15    Vyy=   -0.6465    axis=(  0.551674  0.315636 -0.772029)
     H   15    Vzz=    0.7096    axis=(  0.685957  0.354857  0.635248)
     H   15  Q=         1.0000 1e-30 m^2  Cq=         1.6674 MHz  eta= 0.82215

     C   16    Vxx=   -0.1868    axis=(  0.227482 -0.791631  0.567074)
     C   16    Vyy=   -0.6231    axis=( -0.506972 -0.593474 -0.625114)
     C   16    Vzz=    0.8099    axis=( -0.831403  0.145289  0.536339)
     C   16  Q=         1.0000 1e-30 m^2  Cq=         1.9031 MHz  eta= 0.53871

     C   17    Vxx=    0.0166    axis=(  0.415923  0.771015  0.482228)
     C   17    Vyy=    0.4789    axis=(  0.698538  0.068663 -0.712271)
     C   17    Vzz=   -0.4955    axis=( -0.582283  0.633105 -0.510025)
     C   17  Q=         1.0000 1e-30 m^2  Cq=        -1.1642 MHz  eta= 0.93293

     Cl  18    Vxx=   -0.3067    axis=( -0.078934  0.771367 -0.631476)
     Cl  18    Vyy=   -3.0810    axis=( -0.469347 -0.587608 -0.659113)
     Cl  18    Vzz=    3.3877    axis=( -0.879478  0.244355  0.408421)
     Cl  18  Q=        -8.1650 1e-30 m^2  Cq=       -64.9913 MHz  eta= 0.81894

     H   19    Vxx=   -0.1386    axis=( -0.970938  0.236959 -0.033620)
     H   19    Vyy=   -0.2849    axis=( -0.154065 -0.726320 -0.669868)
     H   19    Vzz=    0.4235    axis=( -0.183150 -0.645220  0.741719)
     H   19  Q=         1.0000 1e-30 m^2  Cq=         0.9951 MHz  eta= 0.34537

     C   20    Vxx=   -0.0357    axis=(  0.865319 -0.114651  0.487933)
     C   20    Vyy=   -0.4207    axis=( -0.356038 -0.825799  0.437370)
     C   20    Vzz=    0.4564    axis=( -0.352790  0.552187  0.755400)
     C   20  Q=         1.0000 1e-30 m^2  Cq=         1.0723 MHz  eta= 0.84349

     H   21    Vxx=   -0.0471    axis=( -0.371223  0.498502  0.783383)
     H   21    Vyy=   -0.3979    axis=(  0.207451  0.866869 -0.453323)
     H   21    Vzz=    0.4450    axis=( -0.905073 -0.005771 -0.425217)
     H   21  Q=         1.0000 1e-30 m^2  Cq=         1.0455 MHz  eta= 0.78821

     C   22    Vxx=    0.0044    axis=( -0.314021  0.439610  0.841507)
     C   22    Vyy=    0.6134    axis=( -0.212686  0.831243 -0.513615)
     C   22    Vzz=   -0.6178    axis=( -0.925287 -0.340262 -0.167529)
     C   22  Q=         1.0000 1e-30 m^2  Cq=        -1.4516 MHz  eta= 0.98569

     C   23    Vxx=   -0.0759    axis=( -0.022301 -0.530845 -0.847176)
     C   23    Vyy=   -0.7699    axis=(  0.473223  0.740840 -0.476671)
     C   23    Vzz=    0.8457    axis=( -0.880660  0.411533 -0.234687)
     C   23  Q=         1.0000 1e-30 m^2  Cq=         1.9872 MHz  eta= 0.82053

     Cl  24    Vxx=    0.3558    axis=( -0.363034 -0.839298  0.404703)
     Cl  24    Vyy=    2.3181    axis=( -0.844216  0.112457 -0.524074)
     Cl  24    Vzz=   -2.6739    axis=(  0.394343 -0.531913 -0.749374)
     Cl  24  Q=        -8.1650 1e-30 m^2  Cq=        51.2969 MHz  eta= 0.73385

     Initialization:
     gipaw_setup  :      8.85s CPU     10.82s WALL (       1 calls)

     Linear response

     Apply operators

     Induced current

     Other routines
     efg          :      9.18s CPU     11.28s WALL (       1 calls)

     General routines
     calbec       :      3.20s CPU      4.12s WALL (      16 calls)
     fft          :      1.36s CPU      1.58s WALL (      15 calls)
     ffts         :      0.03s CPU      0.04s WALL (       2 calls)
     fftw         :      3.26s CPU      3.84s WALL (     672 calls)
     davcio       :      0.03s CPU      0.33s WALL (      32 calls)

     Parallel routines
     fft_scatter  :      1.99s CPU      2.55s WALL (     689 calls)

     Plugins

     GIPAW        :     61.03s CPU     72.00s WALL (       1 calls)
