
     Program QE v.6.0 (svn rev. 13079) starts on 31Dec2016 at  8:56:21 

     This program is part of the open-source Quantum ESPRESSO suite
     for quantum simulation of materials; please cite
         "P. Giannozzi et al., J. Phys.:Condens. Matter 21 395502 (2009);
          URL http://www.quantum-espresso.org", 
     in publications or presentations arising from this work. More details at
     http://www.quantum-espresso.org/quote

     Parallel version (MPI), running on     8 processors
     R & G space division:  proc/nbgrp/npool/nimage =       8

     ***** This is GIPAW svn revision unknown      *****

     Parallelizing q-star over 1 images

     Reading data from directory:
     /users/majewski/paradichlorobenzene/pbe/9_constraint/scratch/pbe.ecut100.np8.dt60.pcl2phi-129368.save
     Message from routine read_xml_file:
     file /users/majewski/paradichlorobenzene/pbe/9_constraint/scratch/pbe.ecut100.np8.dt60.pcl2phi-129368.save not guaranteed to be safe for post-processing

   Info: using nr1, nr2, nr3 values from input

   Info: using nr1, nr2, nr3 values from input

     IMPORTANT: XC functional enforced from input :
     Exchange-correlation      =  SLA  PW   PBX  PBC ( 1  4  3  4 0 0)
     Any further DFT definition will be discarded
     Please, verify this is what you really want

               file C.pbe-n-kjpaw_psl.1.0.0.UPF: wavefunction(s)  2S 2P renormalized
               file Cl.pbe-n-kjpaw_psl.1.0.0.UPF: wavefunction(s)  3S 3P renormalized
               file H.pbe-kjpaw_psl.1.0.0.UPF: wavefunction(s)  1S renormalized

     Parallelization info
     --------------------
     sticks:   dense  smooth     PW     G-vecs:    dense   smooth      PW
     Min        3057    1223    332               144436    36536    5170
     Max        3059    1225    333               144437    36537    5171
     Sum       24467    9791   2657              1155489   292295   41363


     Subspace diagonalization in iterative solution of the eigenvalue problem:
     a serial algorithm will be used

     GIPAW projectors -----------------------------------------------
     atom=  C    l=0  rc=    1.2000  rs=    0.8000
     atom=  C    l=0  rc=    1.2000  rs=    0.8000
     atom=  C    l=1  rc=    1.4000  rs=    0.9333
     atom=  C    l=1  rc=    1.4000  rs=    0.9333
     projs nearly linearly dependent: l=1  n1,n2= 1, 2  s=  0.99951561

     atom=  Cl   l=0  rc=    1.6000  rs=    1.0667
     atom=  Cl   l=0  rc=    1.6000  rs=    1.0667
     atom=  Cl   l=1  rc=    1.6000  rs=    1.0667
     atom=  Cl   l=1  rc=    1.6000  rs=    1.0667
     atom=  Cl   l=2  rc=    1.6000  rs=    1.0667
     atom=  Cl   l=2  rc=    1.6000  rs=    1.0667
     projs nearly linearly dependent: l=2  n1,n2= 1, 2  s=  0.99993509

     atom=  H    l=0  rc=    1.0000  rs=    0.6667
     atom=  H    l=0  rc=    1.0000  rs=    0.6667
     projs nearly linearly dependent: l=0  n1,n2= 1, 2  s=  0.99968852
     -----------------------------------------------------------------

     GIPAW integrals: -------------------------------------------
     Atom  i/j   nmr_para   nmr_dia   epr_rmc  epr_para   epr_dia
       C   1 1   0.83E+03  0.17E-01  0.93E+01  0.24E+08  0.24E+03
       C   2 1   0.86E+03 -0.61E-01  0.94E+01  0.25E+08  0.25E+03
       C   2 2   0.90E+03 -0.15E+00  0.97E+01  0.26E+08  0.26E+03
       C   3 3   0.33E+01  0.34E+00  0.18E+01  0.55E+03  0.21E+02
       C   4 3   0.35E+01  0.37E+00  0.20E+01  0.59E+03  0.22E+02
       C   4 4   0.38E+01  0.39E+00  0.22E+01  0.63E+03  0.24E+02
       Cl  1 1   0.14E+04 -0.47E+00  0.84E+01  0.32E+09  0.42E+03
       Cl  2 1   0.21E+04 -0.37E+00  0.12E+02  0.49E+09  0.65E+03
       Cl  2 2   0.33E+04 -0.16E+00  0.21E+02  0.76E+09  0.10E+04
       Cl  3 3   0.21E+02  0.79E-01  0.89E+01  0.23E+05  0.13E+03
       Cl  4 3   0.24E+02  0.67E-01  0.99E+01  0.27E+05  0.15E+03
       Cl  4 4   0.28E+02  0.44E-01  0.11E+02  0.32E+05  0.18E+03
       Cl  5 5   0.77E+00  0.19E+00  0.18E+01  0.12E+03  0.22E+02
       Cl  6 5   0.80E+00  0.19E+00  0.19E+01  0.12E+03  0.23E+02
       Cl  6 6   0.83E+00  0.20E+00  0.19E+01  0.12E+03  0.23E+02
       H   1 1   0.39E+02  0.19E+00  0.29E+00  0.78E+05  0.13E+02
       H   2 1   0.41E+02  0.21E+00  0.32E+00  0.82E+05  0.14E+02
       H   2 2   0.43E+02  0.22E+00  0.36E+00  0.86E+05  0.15E+02
     ------------------------------------------------------------

     alpha_pv=     34.4479 eV

     Number of occupied bands for each k-point:
     k-point:     1    nbnd_occ=  42
     k-point:     2    nbnd_occ=  42
     k-point:     3    nbnd_occ=  42
     k-point:     4    nbnd_occ=  42
     k-point:     5    nbnd_occ=  42
     k-point:     6    nbnd_occ=  42
     k-point:     7    nbnd_occ=  42
     k-point:     8    nbnd_occ=  42
     k-point:     9    nbnd_occ=  42
     k-point:    10    nbnd_occ=  42
     k-point:    11    nbnd_occ=  42
     k-point:    12    nbnd_occ=  42
     k-point:    13    nbnd_occ=  42
     k-point:    14    nbnd_occ=  42
     k-point:    15    nbnd_occ=  42
     k-point:    16    nbnd_occ=  42


     q-space interpolation up to   110.00 Rydberg

     GIPAW job: efg                                                                             


     ELECTRIC FIELD GRADIENTS TENSORS IN Hartree/bohrradius^2:

     ----- bare term -----
     Cl   1       -0.171529        0.341672       -0.053815
     Cl   1        0.341672       -0.068438        0.012276
     Cl   1       -0.053815        0.012276        0.239967

     C    2        0.002725       -0.434327       -0.436903
     C    2       -0.434327       -0.073241       -0.717820
     C    2       -0.436903       -0.717820        0.070517

     C    3       -0.360234        0.362729        0.112268
     C    3        0.362729       -0.036419       -0.356915
     C    3        0.112268       -0.356915        0.396653

     H    4       -0.230951       -0.415281       -0.249831
     H    4       -0.415281       -0.092456        0.115965
     H    4       -0.249831        0.115965        0.323407

     C    5       -0.135105       -0.321146       -0.395647
     C    5       -0.321146        0.028870       -0.551402
     C    5       -0.395647       -0.551402        0.106235

     H    6        0.386455        0.175928       -0.029359
     H    6        0.175928       -0.739791       -0.250053
     H    6       -0.029359       -0.250053        0.353336

     H    7       -0.065482       -0.004094        0.366593
     H    7       -0.004094        0.161017        0.345366
     H    7        0.366593        0.345366       -0.095535

     C    8       -0.319058       -0.003540       -0.304703
     C    8       -0.003540        0.289861       -0.074485
     C    8       -0.304703       -0.074485        0.029198

     H    9        0.224378        0.038669       -0.159915
     H    9        0.038669        0.264231       -0.253882
     H    9       -0.159915       -0.253882       -0.488610

     C   10        0.161222       -0.107894        0.264889
     C   10       -0.107894       -0.182027        0.027906
     C   10        0.264889        0.027906        0.020805

     C   11       -0.132870       -0.019539       -0.350214
     C   11       -0.019539        0.106524        0.029186
     C   11       -0.350214        0.029186        0.026346

     Cl  12       -0.046150        0.041541        0.144310
     Cl  12        0.041541       -0.017526       -0.180167
     Cl  12        0.144310       -0.180167        0.063675

     H   13       -0.194292       -0.298550        0.015491
     H   13       -0.298550       -0.260983       -0.348572
     H   13        0.015491       -0.348572        0.455275

     C   14       -0.260042        0.402099       -0.234250
     C   14        0.402099       -0.145697       -0.108359
     C   14       -0.234250       -0.108359        0.405739

     H   15       -0.670740        0.025642        0.082125
     H   15        0.025642        0.355680       -0.215793
     H   15        0.082125       -0.215793        0.315060

     C   16        0.041100       -0.256482       -0.313716
     C   16       -0.256482       -0.271873       -0.577069
     C   16       -0.313716       -0.577069        0.230773

     C   17       -0.642611        0.453849       -0.285876
     C   17        0.453849        0.167771       -0.101881
     C   17       -0.285876       -0.101881        0.474839

     Cl  18        0.006477        0.059055        0.110809
     Cl  18        0.059055       -0.042690       -0.075602
     Cl  18        0.110809       -0.075602        0.036213

     H   19        0.295940        0.382309       -0.110199
     H   19        0.382309       -0.582512        0.410978
     H   19       -0.110199        0.410978        0.286572

     C   20        0.000162       -0.518785        0.002825
     C   20       -0.518785       -0.275248        0.385481
     C   20        0.002825        0.385481        0.275086

     H   21        0.126323        0.089384       -0.400695
     H   21        0.089384        0.473076        0.056181
     H   21       -0.400695        0.056181       -0.599399

     C   22       -0.582112       -0.295201       -0.246064
     C   22       -0.295201        0.097702        0.122163
     C   22       -0.246064        0.122163        0.484410

     C   23        0.084088       -0.522834        0.018097
     C   23       -0.522834       -0.287430        0.476329
     C   23        0.018097        0.476329        0.203343

     Cl  24       -0.067165       -0.080405        0.005281
     Cl  24       -0.080405        0.043547       -0.052071
     Cl  24        0.005281       -0.052071        0.023619

     ----- ionic term -----
     Cl   1        0.130961       -0.211741        0.037145
     Cl   1       -0.211741        0.041668       -0.012569
     Cl   1        0.037145       -0.012569       -0.172630

     C    2        0.222132       -0.147153        0.235752
     C    2       -0.147153        0.233111        0.341296
     C    2        0.235752        0.341296       -0.455243

     C    3        0.198644       -0.226253        0.126790
     C    3       -0.226253        0.250680        0.383427
     C    3        0.126790        0.383427       -0.449325

     H    4        0.757827        0.318810        0.590095
     H    4        0.318810       -0.399457        0.206437
     H    4        0.590095        0.206437       -0.358371

     C    5        0.393288       -0.165561        0.192389
     C    5       -0.165561        0.048388        0.319391
     C    5        0.192389        0.319391       -0.441676

     H    6       -0.492588        0.108341        0.054517
     H    6        0.108341        0.644347        0.702603
     H    6        0.054517        0.702603       -0.151759

     H    7       -0.505687        0.125623       -0.023612
     H    7        0.125623        0.592969       -0.718468
     H    7       -0.023612       -0.718468       -0.087282

     C    8        0.176426        0.344731        0.394781
     C    8        0.344731       -0.022822       -0.226547
     C    8        0.394781       -0.226547       -0.153604

     H    9        0.294108       -0.099885        0.811270
     H    9       -0.099885       -0.499501       -0.175609
     H    9        0.811270       -0.175609        0.205392

     C   10        0.046985        0.346543        0.268201
     C   10        0.346543        0.099865       -0.334297
     C   10        0.268201       -0.334297       -0.146851

     C   11        0.076726        0.270484        0.341552
     C   11        0.270484        0.024928       -0.380058
     C   11        0.341552       -0.380058       -0.101654

     Cl  12        0.159386        0.215611        0.047857
     Cl  12        0.215611       -0.022901        0.014239
     Cl  12        0.047857        0.014239       -0.136485

     H   13       -0.503423        0.229932        0.102980
     H   13        0.229932        0.779094        0.597728
     H   13        0.102980        0.597728       -0.275671

     C   14        0.281034       -0.079983        0.183915
     C   14       -0.079983        0.141683        0.292406
     C   14        0.183915        0.292406       -0.422717

     H   15        0.714608        0.408458        0.510311
     H   15        0.408458       -0.362624        0.228505
     H   15        0.510311        0.228505       -0.351985

     C   16        0.132796       -0.123641        0.125947
     C   16       -0.123641        0.275511        0.392428
     C   16        0.125947        0.392428       -0.408307

     C   17        0.282598       -0.105052        0.183725
     C   17       -0.105052        0.157681        0.409069
     C   17        0.183725        0.409069       -0.440279

     Cl  18        0.128673       -0.229110       -0.049004
     Cl  18       -0.229110        0.011271        0.033528
     Cl  18       -0.049004        0.033528       -0.139944

     H   19       -0.552829       -0.065050        0.042920
     H   19       -0.065050        0.701208       -0.690842
     H   19        0.042920       -0.690842       -0.148379

     C   20        0.094156        0.263328        0.352797
     C   20        0.263328        0.078002       -0.241021
     C   20        0.352797       -0.241021       -0.172158

     H   21        0.145430       -0.048120        0.786687
     H   21       -0.048120       -0.546247       -0.114454
     H   21        0.786687       -0.114454        0.400818

     C   22       -0.022990        0.351806        0.245846
     C   22        0.351806        0.124070       -0.319495
     C   22        0.245846       -0.319495       -0.101079

     C   23        0.065320        0.338212        0.346801
     C   23        0.338212        0.047974       -0.379233
     C   23        0.346801       -0.379233       -0.113293

     Cl  24        0.105769        0.241496        0.005849
     Cl  24        0.241496        0.061784        0.000850
     Cl  24        0.005849        0.000850       -0.167553

     ----- GIPAW term -----
     Cl   1        1.664386       -1.990544       -0.666675
     Cl   1       -1.990544       -0.313922        0.358458
     Cl   1       -0.666675        0.358458       -1.350464

     C    2        0.068629       -0.274126       -0.001582
     C    2       -0.274126        0.058723       -0.138384
     C    2       -0.001582       -0.138384       -0.127352

     C    3       -0.059957       -0.107747        0.113240
     C    3       -0.107747        0.094311       -0.130445
     C    3        0.113240       -0.130445       -0.034354

     H    4       -0.000000        0.000000        0.000000
     H    4        0.000000        0.000000        0.000000
     H    4        0.000000        0.000000        0.000000

     C    5       -0.030738       -0.205366       -0.016955
     C    5       -0.205366        0.151671       -0.153273
     C    5       -0.016955       -0.153273       -0.120932

     H    6       -0.000000        0.000000        0.000000
     H    6        0.000000        0.000000        0.000000
     H    6        0.000000        0.000000        0.000000

     H    7       -0.000000        0.000000        0.000000
     H    7        0.000000        0.000000        0.000000
     H    7        0.000000        0.000000        0.000000

     C    8        0.027634       -0.025561       -0.006415
     C    8       -0.025561        0.012623       -0.037074
     C    8       -0.006415       -0.037074       -0.040257

     H    9       -0.000000        0.000000        0.000000
     H    9        0.000000        0.000000        0.000000
     H    9        0.000000        0.000000        0.000000

     C   10        0.008328        0.015581        0.037100
     C   10        0.015581       -0.001885       -0.024586
     C   10        0.037100       -0.024586       -0.006443

     C   11        0.040959       -0.027346       -0.033993
     C   11       -0.027346        0.027576       -0.000399
     C   11       -0.033993       -0.000399       -0.068536

     Cl  12        0.109231       -0.192738       -0.978294
     Cl  12       -0.192738        0.248906        1.267069
     Cl  12       -0.978294        1.267069       -0.358137

     H   13       -0.000000        0.000000        0.000000
     H   13        0.000000        0.000000        0.000000
     H   13        0.000000        0.000000        0.000000

     C   14        0.156445       -0.129246       -0.079775
     C   14       -0.129246       -0.057827        0.058583
     C   14       -0.079775        0.058583       -0.098618

     H   15       -0.000000        0.000000        0.000000
     H   15        0.000000        0.000000        0.000000
     H   15        0.000000        0.000000        0.000000

     C   16        0.009165       -0.150036       -0.109521
     C   16       -0.150036        0.008623        0.032231
     C   16       -0.109521        0.032231       -0.017788

     C   17       -0.052892       -0.158591       -0.075272
     C   17       -0.158591        0.139679        0.080577
     C   17       -0.075272        0.080577       -0.086787

     Cl  18       -0.195071       -1.846383       -0.537337
     Cl  18       -1.846383       -0.113384        1.563778
     Cl  18       -0.537337        1.563778        0.308455

     H   19       -0.000000        0.000000        0.000000
     H   19        0.000000        0.000000        0.000000
     H   19        0.000000        0.000000        0.000000

     C   20        0.044232       -0.258166        0.078169
     C   20       -0.258166        0.038999        0.004773
     C   20        0.078169        0.004773       -0.083231

     H   21       -0.000000        0.000000        0.000000
     H   21        0.000000        0.000000        0.000000
     H   21        0.000000        0.000000        0.000000

     C   22       -0.166497       -0.110288        0.076863
     C   22       -0.110288        0.008826       -0.129760
     C   22        0.076863       -0.129760        0.157670

     C   23        0.140998       -0.177089        0.089456
     C   23       -0.177089        0.003388       -0.017760
     C   23        0.089456       -0.017760       -0.144386

     Cl  24        1.008119        1.805268        0.048888
     Cl  24        1.805268        0.454386       -0.420824
     Cl  24        0.048888       -0.420824       -1.462505

     ----- total EFG -----
     Cl   1        1.623818       -1.860613       -0.683346
     Cl   1       -1.860613       -0.340691        0.358165
     Cl   1       -0.683346        0.358165       -1.283127

     C    2        0.293486       -0.855606       -0.202733
     C    2       -0.855606        0.218592       -0.514908
     C    2       -0.202733       -0.514908       -0.512079

     C    3       -0.221547        0.028729        0.352298
     C    3        0.028729        0.308572       -0.103933
     C    3        0.352298       -0.103933       -0.087025

     H    4        0.526877       -0.096471        0.340264
     H    4       -0.096471       -0.491913        0.322402
     H    4        0.340264        0.322402       -0.034964

     C    5        0.227445       -0.692073       -0.220213
     C    5       -0.692073        0.228929       -0.385285
     C    5       -0.220213       -0.385285       -0.456374

     H    6       -0.106133        0.284269        0.025157
     H    6        0.284269       -0.095444        0.452550
     H    6        0.025157        0.452550        0.201577

     H    7       -0.571169        0.121530        0.342981
     H    7        0.121530        0.753985       -0.373102
     H    7        0.342981       -0.373102       -0.182817

     C    8       -0.114998        0.315630        0.083663
     C    8        0.315630        0.279661       -0.338105
     C    8        0.083663       -0.338105       -0.164663

     H    9        0.518486       -0.061216        0.651354
     H    9       -0.061216       -0.235269       -0.429490
     H    9        0.651354       -0.429490       -0.283217

     C   10        0.216535        0.254230        0.570191
     C   10        0.254230       -0.084046       -0.330977
     C   10        0.570191       -0.330977       -0.132489

     C   11       -0.015184        0.223599       -0.042656
     C   11        0.223599        0.159028       -0.351270
     C   11       -0.042656       -0.351270       -0.143844

     Cl  12        0.222467        0.064414       -0.786126
     Cl  12        0.064414        0.208480        1.101142
     Cl  12       -0.786126        1.101142       -0.430947

     H   13       -0.697714       -0.068618        0.118471
     H   13       -0.068618        0.518111        0.249156
     H   13        0.118471        0.249156        0.179604

     C   14        0.177437        0.192869       -0.130109
     C   14        0.192869       -0.061841        0.242629
     C   14       -0.130109        0.242629       -0.115597

     H   15        0.043868        0.434099        0.592436
     H   15        0.434099       -0.006944        0.012712
     H   15        0.592436        0.012712       -0.036924

     C   16        0.183061       -0.530159       -0.297290
     C   16       -0.530159        0.012261       -0.152410
     C   16       -0.297290       -0.152410       -0.195322

     C   17       -0.412904        0.190205       -0.177423
     C   17        0.190205        0.465130        0.387765
     C   17       -0.177423        0.387765       -0.052226

     Cl  18       -0.059921       -2.016438       -0.475533
     Cl  18       -2.016438       -0.144803        1.521703
     Cl  18       -0.475533        1.521703        0.204723

     H   19       -0.256889        0.317259       -0.067278
     H   19        0.317259        0.118696       -0.279863
     H   19       -0.067278       -0.279863        0.138193

     C   20        0.138551       -0.513623        0.433792
     C   20       -0.513623       -0.158247        0.149233
     C   20        0.433792        0.149233        0.019696

     H   21        0.271753        0.041264        0.385992
     H   21        0.041264       -0.073171       -0.058272
     H   21        0.385992       -0.058272       -0.198581

     C   22       -0.771599       -0.053683        0.076645
     C   22       -0.053683        0.230598       -0.327091
     C   22        0.076645       -0.327091        0.541001

     C   23        0.290406       -0.361711        0.454354
     C   23       -0.361711       -0.236069        0.079336
     C   23        0.454354        0.079336       -0.054337

     Cl  24        1.046723        1.966359        0.060018
     Cl  24        1.966359        0.559716       -0.472045
     Cl  24        0.060018       -0.472045       -1.606439

     ----- total EFG (symmetrized) -----
     Cl   1        1.623818       -1.860613       -0.683346
     Cl   1       -1.860613       -0.340691        0.358165
     Cl   1       -0.683346        0.358165       -1.283127

     C    2        0.293486       -0.855606       -0.202733
     C    2       -0.855606        0.218592       -0.514908
     C    2       -0.202733       -0.514908       -0.512079

     C    3       -0.221547        0.028729        0.352298
     C    3        0.028729        0.308572       -0.103933
     C    3        0.352298       -0.103933       -0.087025

     H    4        0.526877       -0.096471        0.340264
     H    4       -0.096471       -0.491913        0.322402
     H    4        0.340264        0.322402       -0.034964

     C    5        0.227445       -0.692073       -0.220213
     C    5       -0.692073        0.228929       -0.385285
     C    5       -0.220213       -0.385285       -0.456374

     H    6       -0.106133        0.284269        0.025157
     H    6        0.284269       -0.095444        0.452550
     H    6        0.025157        0.452550        0.201577

     H    7       -0.571169        0.121530        0.342981
     H    7        0.121530        0.753985       -0.373102
     H    7        0.342981       -0.373102       -0.182817

     C    8       -0.114998        0.315630        0.083663
     C    8        0.315630        0.279661       -0.338105
     C    8        0.083663       -0.338105       -0.164663

     H    9        0.518486       -0.061216        0.651354
     H    9       -0.061216       -0.235269       -0.429490
     H    9        0.651354       -0.429490       -0.283217

     C   10        0.216535        0.254230        0.570191
     C   10        0.254230       -0.084046       -0.330977
     C   10        0.570191       -0.330977       -0.132489

     C   11       -0.015184        0.223599       -0.042656
     C   11        0.223599        0.159028       -0.351270
     C   11       -0.042656       -0.351270       -0.143844

     Cl  12        0.222467        0.064414       -0.786126
     Cl  12        0.064414        0.208480        1.101142
     Cl  12       -0.786126        1.101142       -0.430947

     H   13       -0.697714       -0.068618        0.118471
     H   13       -0.068618        0.518111        0.249156
     H   13        0.118471        0.249156        0.179604

     C   14        0.177437        0.192869       -0.130109
     C   14        0.192869       -0.061841        0.242629
     C   14       -0.130109        0.242629       -0.115597

     H   15        0.043868        0.434099        0.592436
     H   15        0.434099       -0.006944        0.012712
     H   15        0.592436        0.012712       -0.036924

     C   16        0.183061       -0.530159       -0.297290
     C   16       -0.530159        0.012261       -0.152410
     C   16       -0.297290       -0.152410       -0.195322

     C   17       -0.412904        0.190205       -0.177423
     C   17        0.190205        0.465130        0.387765
     C   17       -0.177423        0.387765       -0.052226

     Cl  18       -0.059921       -2.016438       -0.475533
     Cl  18       -2.016438       -0.144803        1.521703
     Cl  18       -0.475533        1.521703        0.204723

     H   19       -0.256889        0.317259       -0.067278
     H   19        0.317259        0.118696       -0.279863
     H   19       -0.067278       -0.279863        0.138193

     C   20        0.138551       -0.513623        0.433792
     C   20       -0.513623       -0.158247        0.149233
     C   20        0.433792        0.149233        0.019696

     H   21        0.271753        0.041264        0.385992
     H   21        0.041264       -0.073171       -0.058272
     H   21        0.385992       -0.058272       -0.198581

     C   22       -0.771599       -0.053683        0.076645
     C   22       -0.053683        0.230598       -0.327091
     C   22        0.076645       -0.327091        0.541001

     C   23        0.290406       -0.361711        0.454354
     C   23       -0.361711       -0.236069        0.079336
     C   23        0.454354        0.079336       -0.054337

     Cl  24        1.046723        1.966359        0.060018
     Cl  24        1.966359        0.559716       -0.472045
     Cl  24        0.060018       -0.472045       -1.606439


     NQR/NMR SPECTROSCOPIC PARAMETERS:
     Cl   1    Vxx=   -1.3949    axis=( -0.157713 -0.555681  0.816300)
     Cl   1    Vyy=   -1.4928    axis=( -0.514018 -0.659628 -0.548340)
     Cl   1    Vzz=    2.8878    axis=(  0.843156 -0.506073 -0.181598)
     Cl   1  Q=        -8.1650 1e-30 m^2  Cq=       -55.4002 MHz  eta= 0.03391

     C    2    Vxx=   -0.0621    axis=(  0.565335  0.405219 -0.718466)
     C    2    Vyy=   -1.0795    axis=(  0.456778  0.571477  0.681739)
     C    2    Vzz=    1.1417    axis=( -0.686840  0.713591 -0.137981)
     C    2  Q=         1.0000 1e-30 m^2  Cq=         2.6825 MHz  eta= 0.89114

     C    3    Vxx=    0.1776    axis=(  0.623124  0.397651  0.673491)
     C    3    Vyy=    0.3448    axis=( -0.183096  0.911344 -0.368683)
     C    3    Vzz=   -0.5224    axis=( -0.760389  0.106422  0.640689)
     C    3  Q=         1.0000 1e-30 m^2  Cq=        -1.2274 MHz  eta= 0.32022

     H    4    Vxx=    0.0196    axis=(  0.394595 -0.542049 -0.741942)
     H    4    Vyy=    0.6896    axis=( -0.895854 -0.047412 -0.441812)
     H    4    Vzz=   -0.7092    axis=( -0.204307 -0.839009  0.504305)
     H    4  Q=         1.0000 1e-30 m^2  Cq=        -1.6663 MHz  eta= 0.94470

     C    5    Vxx=   -0.0392    axis=(  0.560848  0.439338 -0.701735)
     C    5    Vyy=   -0.8920    axis=(  0.467521  0.531454  0.706386)
     C    5    Vzz=    0.9311    axis=( -0.683282  0.724251 -0.092665)
     C    5  Q=         1.0000 1e-30 m^2  Cq=         2.1878 MHz  eta= 0.91590

     H    6    Vxx=   -0.0445    axis=( -0.836223 -0.225404  0.499923)
     H    6    Vyy=   -0.5392    axis=( -0.472337  0.759211 -0.447768)
     H    6    Vzz=    0.5838    axis=(  0.278618  0.610566  0.741337)
     H    6  Q=         1.0000 1e-30 m^2  Cq=         1.3716 MHz  eta= 0.84737

     H    7    Vxx=   -0.0562    axis=( -0.577040 -0.268637 -0.771271)
     H    7    Vyy=   -0.8283    axis=( -0.816715  0.191120  0.544471)
     H    7    Vzz=    0.8844    axis=(  0.001140  0.944091 -0.329684)
     H    7  Q=         1.0000 1e-30 m^2  Cq=         2.0780 MHz  eta= 0.87300

     C    8    Vxx=   -0.0542    axis=(  0.746387 -0.032456  0.664721)
     C    8    Vyy=   -0.5002    axis=(  0.559687 -0.509801 -0.653340)
     C    8    Vzz=    0.5544    axis=( -0.360080 -0.859680  0.362343)
     C    8  Q=         1.0000 1e-30 m^2  Cq=         1.3025 MHz  eta= 0.80441

     H    9    Vxx=   -0.0918    axis=(  0.445986  0.827916 -0.340076)
     H    9    Vyy=   -0.8532    axis=( -0.350004  0.511023  0.785082)
     H    9    Vzz=    0.9450    axis=(  0.823768 -0.231108  0.517683)
     H    9  Q=         1.0000 1e-30 m^2  Cq=         2.2204 MHz  eta= 0.80566

     C   10    Vxx=    0.1597    axis=(  0.289094  0.863283 -0.413723)
     C   10    Vyy=    0.6384    axis=( -0.806595 -0.013103 -0.590959)
     C   10    Vzz=   -0.7981    axis=( -0.515586  0.504549  0.692532)
     C   10  Q=         1.0000 1e-30 m^2  Cq=        -1.8753 MHz  eta= 0.59979

     C   11    Vxx=   -0.0826    axis=(  0.881515 -0.182891  0.435296)
     C   11    Vyy=   -0.3982    axis=( -0.257231  0.587075  0.767578)
     C   11    Vzz=    0.4809    axis=( -0.395935 -0.788602  0.470470)
     C   11  Q=         1.0000 1e-30 m^2  Cq=         1.1298 MHz  eta= 0.65628

     Cl  12    Vxx=    0.2786    axis=(  0.817198  0.576250 -0.011117)
     Cl  12    Vyy=    1.2448    axis=(  0.442682 -0.639899 -0.628142)
     Cl  12    Vzz=   -1.5234    axis=( -0.369080  0.508395 -0.778020)
     Cl  12  Q=        -8.1650 1e-30 m^2  Cq=        29.2259 MHz  eta= 0.63426

     H   13    Vxx=    0.0720    axis=(  0.174995 -0.459407  0.870817)
     H   13    Vyy=    0.6501    axis=( -0.003944  0.884131  0.467223)
     H   13    Vzz=   -0.7221    axis=( -0.984561 -0.085196  0.152906)
     H   13  Q=         1.0000 1e-30 m^2  Cq=        -1.6965 MHz  eta= 0.80066

     C   14    Vxx=    0.1341    axis=( -0.345124  0.576907  0.740316)
     C   14    Vyy=    0.2848    axis=( -0.868213 -0.495853 -0.018344)
     C   14    Vzz=   -0.4190    axis=(  0.356505 -0.649082  0.672009)
     C   14  Q=         1.0000 1e-30 m^2  Cq=        -0.9844 MHz  eta= 0.35971

     H   15    Vxx=   -0.0295    axis=(  0.024720 -0.807845  0.588876)
     H   15    Vyy=   -0.7205    axis=(  0.692728 -0.410865 -0.592721)
     H   15    Vzz=    0.7500    axis=(  0.720775  0.422583  0.549460)
     H   15  Q=         1.0000 1e-30 m^2  Cq=         1.7622 MHz  eta= 0.92135

     C   16    Vxx=   -0.0025    axis=( -0.246683 -0.538252  0.805874)
     C   16    Vyy=   -0.6534    axis=(  0.574933  0.588136  0.568813)
     C   16    Vzz=    0.6559    axis=( -0.780128  0.603640  0.164376)
     C   16  Q=         1.0000 1e-30 m^2  Cq=         1.5412 MHz  eta= 0.99230

     C   17    Vxx=   -0.0817    axis=(  0.584599  0.324072 -0.743789)
     C   17    Vyy=   -0.5977    axis=( -0.807223  0.324369 -0.493128)
     C   17    Vzz=    0.6794    axis=( -0.081453 -0.888686 -0.451224)
     C   17  Q=         1.0000 1e-30 m^2  Cq=         1.5964 MHz  eta= 0.75943

     Cl  18    Vxx=   -0.3464    axis=(  0.592432 -0.104211  0.798852)
     Cl  18    Vyy=   -2.3863    axis=(  0.578296  0.745382 -0.331631)
     Cl  18    Vzz=    2.7327    axis=( -0.560890  0.658442  0.501853)
     Cl  18  Q=        -8.1650 1e-30 m^2  Cq=       -52.4256 MHz  eta= 0.74645

     H   19    Vxx=   -0.0584    axis=(  0.441886  0.442036  0.780603)
     H   19    Vyy=   -0.4510    axis=( -0.826118  0.539698  0.162033)
     H   19    Vzz=    0.5093    axis=( -0.349666 -0.716471  0.603658)
     H   19  Q=         1.0000 1e-30 m^2  Cq=         1.1967 MHz  eta= 0.77079

     C   20    Vxx=    0.0931    axis=( -0.090014  0.637960  0.764791)
     C   20    Vyy=    0.6535    axis=(  0.792058 -0.419676  0.443302)
     C   20    Vzz=   -0.7466    axis=(  0.603773  0.645662 -0.467524)
     C   20  Q=         1.0000 1e-30 m^2  Cq=        -1.7542 MHz  eta= 0.75054

     H   21    Vxx=   -0.0591    axis=(  0.084114  0.980622 -0.176934)
     H   21    Vyy=   -0.4296    axis=( -0.481682  0.195454  0.854272)
     H   21    Vzz=    0.4887    axis=(  0.872300  0.013370  0.488788)
     H   21  Q=         1.0000 1e-30 m^2  Cq=         1.1482 MHz  eta= 0.75805

     C   22    Vxx=    0.0238    axis=( -0.005458  0.844797  0.535059)
     C   22    Vyy=    0.7536    axis=(  0.061172 -0.533783  0.843406)
     C   22    Vzz=   -0.7774    axis=( -0.998112 -0.037334  0.048765)
     C   22  Q=         1.0000 1e-30 m^2  Cq=        -1.8265 MHz  eta= 0.93882

     C   23    Vxx=   -0.0774    axis=(  0.158321 -0.706044 -0.690244)
     C   23    Vyy=   -0.6021    axis=(  0.537388  0.648071 -0.539646)
     C   23    Vzz=    0.6795    axis=( -0.828341  0.285492 -0.482023)
     C   23  Q=         1.0000 1e-30 m^2  Cq=         1.5965 MHz  eta= 0.77218

     Cl  24    Vxx=   -0.9493    axis=( -0.599039  0.623407 -0.502509)
     Cl  24    Vyy=   -1.8517    axis=( -0.296306  0.410436  0.862407)
     Cl  24    Vzz=    2.8010    axis=(  0.743878  0.665512 -0.061148)
     Cl  24  Q=        -8.1650 1e-30 m^2  Cq=       -53.7357 MHz  eta= 0.32218

     Initialization:
     gipaw_setup  :      9.08s CPU     11.05s WALL (       1 calls)

     Linear response

     Apply operators

     Induced current

     Other routines
     efg          :      9.33s CPU     11.34s WALL (       1 calls)

     General routines
     calbec       :      3.32s CPU      4.20s WALL (      16 calls)
     fft          :      1.76s CPU      2.75s WALL (      15 calls)
     ffts         :      0.03s CPU      0.04s WALL (       2 calls)
     fftw         :      3.24s CPU      3.77s WALL (     672 calls)
     davcio       :      0.02s CPU      0.32s WALL (      32 calls)

     Parallel routines
     fft_scatter  :      2.36s CPU      3.70s WALL (     689 calls)

     Plugins

     GIPAW        :     60.71s CPU     74.38s WALL (       1 calls)
