
     Program QE v.6.0 (svn rev. 13079) starts on 29Dec2016 at  7:30: 2 

     This program is part of the open-source Quantum ESPRESSO suite
     for quantum simulation of materials; please cite
         "P. Giannozzi et al., J. Phys.:Condens. Matter 21 395502 (2009);
          URL http://www.quantum-espresso.org", 
     in publications or presentations arising from this work. More details at
     http://www.quantum-espresso.org/quote

     Parallel version (MPI), running on     8 processors
     R & G space division:  proc/nbgrp/npool/nimage =       8

     ***** This is GIPAW svn revision unknown      *****

     Parallelizing q-star over 1 images

     Reading data from directory:
     /users/majewski/paradichlorobenzene/pbe/9_constraint/scratch/pbe.ecut100.np8.dt60.pcl2phi-129368.save
     Message from routine read_xml_file:
     file /users/majewski/paradichlorobenzene/pbe/9_constraint/scratch/pbe.ecut100.np8.dt60.pcl2phi-129368.save not guaranteed to be safe for post-processing

   Info: using nr1, nr2, nr3 values from input

   Info: using nr1, nr2, nr3 values from input

     IMPORTANT: XC functional enforced from input :
     Exchange-correlation      =  SLA  PW   PBX  PBC ( 1  4  3  4 0 0)
     Any further DFT definition will be discarded
     Please, verify this is what you really want

               file C.pbe-n-kjpaw_psl.1.0.0.UPF: wavefunction(s)  2S 2P renormalized
               file Cl.pbe-n-kjpaw_psl.1.0.0.UPF: wavefunction(s)  3S 3P renormalized
               file H.pbe-kjpaw_psl.1.0.0.UPF: wavefunction(s)  1S renormalized

     Parallelization info
     --------------------
     sticks:   dense  smooth     PW     G-vecs:    dense   smooth      PW
     Min        3057    1223    332               144436    36536    5170
     Max        3059    1225    333               144437    36537    5171
     Sum       24467    9791   2657              1155489   292295   41363


     Subspace diagonalization in iterative solution of the eigenvalue problem:
     a serial algorithm will be used

     GIPAW projectors -----------------------------------------------
     atom=  C    l=0  rc=    1.2000  rs=    0.8000
     atom=  C    l=0  rc=    1.2000  rs=    0.8000
     atom=  C    l=1  rc=    1.4000  rs=    0.9333
     atom=  C    l=1  rc=    1.4000  rs=    0.9333
     projs nearly linearly dependent: l=1  n1,n2= 1, 2  s=  0.99951561

     atom=  Cl   l=0  rc=    1.6000  rs=    1.0667
     atom=  Cl   l=0  rc=    1.6000  rs=    1.0667
     atom=  Cl   l=1  rc=    1.6000  rs=    1.0667
     atom=  Cl   l=1  rc=    1.6000  rs=    1.0667
     atom=  Cl   l=2  rc=    1.6000  rs=    1.0667
     atom=  Cl   l=2  rc=    1.6000  rs=    1.0667
     projs nearly linearly dependent: l=2  n1,n2= 1, 2  s=  0.99993509

     atom=  H    l=0  rc=    1.0000  rs=    0.6667
     atom=  H    l=0  rc=    1.0000  rs=    0.6667
     projs nearly linearly dependent: l=0  n1,n2= 1, 2  s=  0.99968852
     -----------------------------------------------------------------

     GIPAW integrals: -------------------------------------------
     Atom  i/j   nmr_para   nmr_dia   epr_rmc  epr_para   epr_dia
       C   1 1   0.83E+03  0.17E-01  0.93E+01  0.24E+08  0.24E+03
       C   2 1   0.86E+03 -0.61E-01  0.94E+01  0.25E+08  0.25E+03
       C   2 2   0.90E+03 -0.15E+00  0.97E+01  0.26E+08  0.26E+03
       C   3 3   0.33E+01  0.34E+00  0.18E+01  0.55E+03  0.21E+02
       C   4 3   0.35E+01  0.37E+00  0.20E+01  0.59E+03  0.22E+02
       C   4 4   0.38E+01  0.39E+00  0.22E+01  0.63E+03  0.24E+02
       Cl  1 1   0.14E+04 -0.47E+00  0.84E+01  0.32E+09  0.42E+03
       Cl  2 1   0.21E+04 -0.37E+00  0.12E+02  0.49E+09  0.65E+03
       Cl  2 2   0.33E+04 -0.16E+00  0.21E+02  0.76E+09  0.10E+04
       Cl  3 3   0.21E+02  0.79E-01  0.89E+01  0.23E+05  0.13E+03
       Cl  4 3   0.24E+02  0.67E-01  0.99E+01  0.27E+05  0.15E+03
       Cl  4 4   0.28E+02  0.44E-01  0.11E+02  0.32E+05  0.18E+03
       Cl  5 5   0.77E+00  0.19E+00  0.18E+01  0.12E+03  0.22E+02
       Cl  6 5   0.80E+00  0.19E+00  0.19E+01  0.12E+03  0.23E+02
       Cl  6 6   0.83E+00  0.20E+00  0.19E+01  0.12E+03  0.23E+02
       H   1 1   0.39E+02  0.19E+00  0.29E+00  0.78E+05  0.13E+02
       H   2 1   0.41E+02  0.21E+00  0.32E+00  0.82E+05  0.14E+02
       H   2 2   0.43E+02  0.22E+00  0.36E+00  0.86E+05  0.15E+02
     ------------------------------------------------------------

     alpha_pv=     34.2716 eV

     Number of occupied bands for each k-point:
     k-point:     1    nbnd_occ=  42
     k-point:     2    nbnd_occ=  42
     k-point:     3    nbnd_occ=  42
     k-point:     4    nbnd_occ=  42
     k-point:     5    nbnd_occ=  42
     k-point:     6    nbnd_occ=  42
     k-point:     7    nbnd_occ=  42
     k-point:     8    nbnd_occ=  42
     k-point:     9    nbnd_occ=  42
     k-point:    10    nbnd_occ=  42
     k-point:    11    nbnd_occ=  42
     k-point:    12    nbnd_occ=  42
     k-point:    13    nbnd_occ=  42
     k-point:    14    nbnd_occ=  42
     k-point:    15    nbnd_occ=  42
     k-point:    16    nbnd_occ=  42


     q-space interpolation up to   110.00 Rydberg

     GIPAW job: efg                                                                             


     ELECTRIC FIELD GRADIENTS TENSORS IN Hartree/bohrradius^2:

     ----- bare term -----
     Cl   1        0.025399        0.131969       -0.018211
     Cl   1        0.131969        0.071348       -0.002536
     Cl   1       -0.018211       -0.002536       -0.096747

     C    2       -0.050537        0.222357       -0.181932
     C    2        0.222357       -0.013237       -0.636805
     C    2       -0.181932       -0.636805        0.063774

     C    3       -0.177114        0.041502       -0.082624
     C    3        0.041502       -0.010218       -0.086212
     C    3       -0.082624       -0.086212        0.187332

     H    4       -0.405340       -0.535641        0.016827
     H    4       -0.535641        0.065422        0.075584
     H    4        0.016827        0.075584        0.339918

     C    5       -0.051628        0.133459       -0.012257
     C    5        0.133459       -0.219055       -0.047088
     C    5       -0.012257       -0.047088        0.270683

     H    6        0.157795       -0.453849        0.151031
     H    6       -0.453849       -0.496183        0.084915
     H    6        0.151031        0.084915        0.338389

     H    7        0.223313        0.030273       -0.064285
     H    7        0.030273       -0.502137        0.614089
     H    7       -0.064285        0.614089        0.278824

     C    8       -0.744932       -0.338059       -0.335180
     C    8       -0.338059        0.313447        0.067328
     C    8       -0.335180        0.067328        0.431485

     H    9       -0.398465       -0.264815       -0.439055
     H    9       -0.264815        0.102373        0.045888
     H    9       -0.439055        0.045888        0.296092

     C   10        0.080000        0.285107       -0.389692
     C   10        0.285107       -0.185114        0.616052
     C   10       -0.389692        0.616052        0.105114

     C   11       -0.627804       -0.395416       -0.326611
     C   11       -0.395416        0.163492        0.091699
     C   11       -0.326611        0.091699        0.464312

     Cl  12        0.015978        0.158907       -0.064311
     Cl  12        0.158907        0.041437       -0.084019
     Cl  12       -0.064311       -0.084019       -0.057415

     H   13        0.404874       -0.088579       -0.044406
     H   13       -0.088579       -0.571992       -0.436236
     H   13       -0.044406       -0.436236        0.167118

     C   14       -0.609438        0.352855       -0.412834
     C   14        0.352855        0.252732       -0.281059
     C   14       -0.412834       -0.281059        0.356706

     H   15       -0.505628       -0.187847       -0.441389
     H   15       -0.187847        0.320928       -0.239831
     H   15       -0.441389       -0.239831        0.184701

     C   16        0.020566        0.438334       -0.108531
     C   16        0.438334       -0.209448       -0.591839
     C   16       -0.108531       -0.591839        0.188882

     C   17       -0.176712        0.177218       -0.442454
     C   17        0.177218        0.094804       -0.189354
     C   17       -0.442454       -0.189354        0.081908

     Cl  18       -0.017999        0.101464       -0.017041
     Cl  18        0.101464        0.013709        0.004535
     Cl  18       -0.017041        0.004535        0.004290

     H   19        0.408356       -0.083278        0.164118
     H   19       -0.083278       -0.150965        0.610529
     H   19        0.164118        0.610529       -0.257390

     C   20       -0.066046        0.261509       -0.359086
     C   20        0.261509       -0.132255        0.399348
     C   20       -0.359086        0.399348        0.198301

     H   21       -0.070835        0.124990       -0.360478
     H   21        0.124990        0.267435        0.463319
     H   21       -0.360478        0.463319       -0.196600

     C   22       -0.546613       -0.377497       -0.348819
     C   22       -0.377497        0.153799        0.040449
     C   22       -0.348819        0.040449        0.392814

     C   23        0.035546        0.259844       -0.442696
     C   23        0.259844       -0.110576        0.655482
     C   23       -0.442696        0.655482        0.075030

     Cl  24       -0.218790       -0.239161        0.031281
     Cl  24       -0.239161        0.040258        0.053248
     Cl  24        0.031281        0.053248        0.178532

     ----- ionic term -----
     Cl   1        0.102733       -0.180183        0.020816
     Cl   1       -0.180183        0.057199       -0.017191
     Cl   1        0.020816       -0.017191       -0.159932

     C    2        0.190008       -0.058248        0.256187
     C    2       -0.058248        0.255135        0.334744
     C    2        0.256187        0.334744       -0.445142

     C    3        0.201590       -0.210148        0.209903
     C    3       -0.210148        0.255165        0.343632
     C    3        0.209903        0.343632       -0.456755

     H    4        0.626647        0.319795        0.643831
     H    4        0.319795       -0.418429        0.251820
     H    4        0.643831        0.251820       -0.208218

     C    5        0.394740       -0.184548        0.267051
     C    5       -0.184548        0.086232        0.260829
     C    5        0.267051        0.260829       -0.480972

     H    6       -0.467570        0.201113        0.105581
     H    6        0.201113        0.755972        0.600382
     H    6        0.105581        0.600382       -0.288402

     H    7       -0.501291       -0.091302        0.061180
     H    7       -0.091302        0.764873       -0.643453
     H    7        0.061180       -0.643453       -0.263581

     C    8        0.314758        0.146048        0.275668
     C    8        0.146048        0.045427       -0.305146
     C    8        0.275668       -0.305146       -0.360185

     H    9        0.485625       -0.258176        0.709568
     H    9       -0.258176       -0.448340       -0.246673
     H    9        0.709568       -0.246673       -0.037285

     C   10        0.141131        0.227724        0.204572
     C   10        0.227724        0.126551       -0.399892
     C   10        0.204572       -0.399892       -0.267682

     C   11        0.182367        0.219082        0.290363
     C   11        0.219082        0.071691       -0.421862
     C   11        0.290363       -0.421862       -0.254059

     Cl  12        0.169611        0.250285       -0.003608
     Cl  12        0.250285        0.001810       -0.004510
     Cl  12       -0.003608       -0.004510       -0.171421

     H   13       -0.503978        0.189279        0.068046
     H   13        0.189279        0.886476        0.494668
     H   13        0.068046        0.494668       -0.382498

     C   14        0.279092       -0.113447        0.212111
     C   14       -0.113447        0.197280        0.247247
     C   14        0.212111        0.247247       -0.476372

     H   15        0.696870        0.449321        0.529526
     H   15        0.449321       -0.299860        0.231984
     H   15        0.529526        0.231984       -0.397010

     C   16        0.162938       -0.127073        0.172504
     C   16       -0.127073        0.313627        0.323205
     C   16        0.172504        0.323205       -0.476565

     C   17        0.253454       -0.087959        0.236335
     C   17       -0.087959        0.196207        0.341575
     C   17        0.236335        0.341575       -0.449661

     Cl  18        0.132084       -0.196145       -0.013359
     Cl  18       -0.196145        0.006036        0.018335
     Cl  18       -0.013359        0.018335       -0.138120

     H   19       -0.519132       -0.133574        0.109890
     H   19       -0.133574        0.502202       -0.780464
     H   19        0.109890       -0.780464        0.016931

     C   20        0.259987        0.184071        0.275720
     C   20        0.184071       -0.039519       -0.337389
     C   20        0.275720       -0.337389       -0.220467

     H   21        0.640384       -0.156650        0.733865
     H   21       -0.156650       -0.518949       -0.169418
     H   21        0.733865       -0.169418       -0.121436

     C   22        0.180378        0.265707        0.176388
     C   22        0.265707        0.055303       -0.410126
     C   22        0.176388       -0.410126       -0.235681

     C   23        0.167784        0.119516        0.259464
     C   23        0.119516        0.061123       -0.463378
     C   23        0.259464       -0.463378       -0.228907

     Cl  24        0.110453        0.180323        0.002804
     Cl  24        0.180323        0.020354       -0.014054
     Cl  24        0.002804       -0.014054       -0.130807

     ----- GIPAW term -----
     Cl   1        1.652401       -0.973270       -0.156834
     Cl   1       -0.973270        0.604959       -0.022277
     Cl   1       -0.156834       -0.022277       -2.257361

     C    2       -0.000294        0.090898       -0.092436
     C    2        0.090898        0.108114       -0.193428
     C    2       -0.092436       -0.193428       -0.107820

     C    3       -0.013568        0.042650       -0.052401
     C    3        0.042650        0.023858       -0.035737
     C    3       -0.052401       -0.035737       -0.010290

     H    4       -0.000000        0.000000        0.000000
     H    4        0.000000        0.000000        0.000000
     H    4        0.000000        0.000000        0.000000

     C    5        0.020148        0.046801       -0.033358
     C    5        0.046801       -0.025043       -0.037358
     C    5       -0.033358       -0.037358        0.004896

     H    6       -0.000000        0.000000        0.000000
     H    6        0.000000        0.000000        0.000000
     H    6        0.000000        0.000000        0.000000

     H    7       -0.000000        0.000000        0.000000
     H    7        0.000000        0.000000        0.000000
     H    7        0.000000        0.000000        0.000000

     C    8       -0.117954        0.138036       -0.062157
     C    8        0.138036        0.202774       -0.090186
     C    8       -0.062157       -0.090186       -0.084820

     H    9       -0.000000        0.000000        0.000000
     H    9        0.000000        0.000000        0.000000
     H    9        0.000000        0.000000        0.000000

     C   10       -0.000299        0.229036       -0.101866
     C   10        0.229036        0.109675       -0.000614
     C   10       -0.101866       -0.000614       -0.109376

     C   11       -0.059378        0.166501       -0.104744
     C   11        0.166501        0.129647       -0.109706
     C   11       -0.104744       -0.109706       -0.070269

     Cl  12        1.222450        3.322216       -0.784283
     Cl  12        3.322216        0.545101       -0.913842
     Cl  12       -0.784283       -0.913842       -1.767552

     H   13       -0.000000        0.000000        0.000000
     H   13        0.000000        0.000000        0.000000
     H   13        0.000000        0.000000        0.000000

     C   14       -0.127410        0.126996       -0.064833
     C   14        0.126996        0.141769       -0.043868
     C   14       -0.064833       -0.043868       -0.014358

     H   15       -0.000000        0.000000        0.000000
     H   15        0.000000        0.000000        0.000000
     H   15        0.000000        0.000000        0.000000

     C   16       -0.043161        0.170902       -0.006036
     C   16        0.170902        0.135441       -0.075466
     C   16       -0.006036       -0.075466       -0.092279

     C   17        0.021621        0.084205       -0.100278
     C   17        0.084205        0.064133       -0.075938
     C   17       -0.100278       -0.075938       -0.085754

     Cl  18        0.746693        0.840504       -0.167103
     Cl  18        0.840504        1.758034       -0.159806
     Cl  18       -0.167103       -0.159806       -2.504728

     H   19       -0.000000        0.000000        0.000000
     H   19        0.000000        0.000000        0.000000
     H   19        0.000000        0.000000        0.000000

     C   20       -0.018607        0.149919       -0.118550
     C   20        0.149919       -0.008481       -0.065352
     C   20       -0.118550       -0.065352        0.027088

     H   21       -0.000000        0.000000        0.000000
     H   21        0.000000        0.000000        0.000000
     H   21        0.000000        0.000000        0.000000

     C   22       -0.071719        0.119577       -0.124357
     C   22        0.119577        0.108017       -0.127232
     C   22       -0.124357       -0.127232       -0.036298

     C   23       -0.034544        0.162690       -0.066200
     C   23        0.162690        0.154623       -0.008850
     C   23       -0.066200       -0.008850       -0.120079

     Cl  24        0.699999        2.232356        0.247673
     Cl  24        2.232356        0.698735        0.377341
     Cl  24        0.247673        0.377341       -1.398734

     ----- total EFG -----
     Cl   1        1.780534       -1.021484       -0.154230
     Cl   1       -1.021484        0.733506       -0.042003
     Cl   1       -0.154230       -0.042003       -2.514040

     C    2        0.139177        0.255006       -0.018181
     C    2        0.255006        0.350012       -0.495489
     C    2       -0.018181       -0.495489       -0.489189

     C    3        0.010908       -0.125995        0.074878
     C    3       -0.125995        0.268805        0.221683
     C    3        0.074878        0.221683       -0.279714

     H    4        0.221307       -0.215847        0.660657
     H    4       -0.215847       -0.353007        0.327404
     H    4        0.660657        0.327404        0.131700

     C    5        0.363259       -0.004288        0.221435
     C    5       -0.004288       -0.157866        0.176383
     C    5        0.221435        0.176383       -0.205393

     H    6       -0.309775       -0.252735        0.256612
     H    6       -0.252735        0.259789        0.685298
     H    6        0.256612        0.685298        0.049987

     H    7       -0.277978       -0.061029       -0.003105
     H    7       -0.061029        0.262735       -0.029365
     H    7       -0.003105       -0.029365        0.015243

     C    8       -0.548129       -0.053975       -0.121669
     C    8       -0.053975        0.561648       -0.328003
     C    8       -0.121669       -0.328003       -0.013519

     H    9        0.087160       -0.522991        0.270513
     H    9       -0.522991       -0.345967       -0.200785
     H    9        0.270513       -0.200785        0.258807

     C   10        0.220832        0.741867       -0.286986
     C   10        0.741867        0.051112        0.215547
     C   10       -0.286986        0.215547       -0.271944

     C   11       -0.504815       -0.009834       -0.140993
     C   11       -0.009834        0.364830       -0.439868
     C   11       -0.140993       -0.439868        0.139985

     Cl  12        1.408039        3.731408       -0.852202
     Cl  12        3.731408        0.588348       -1.002371
     Cl  12       -0.852202       -1.002371       -1.996387

     H   13       -0.099104        0.100700        0.023640
     H   13        0.100700        0.314484        0.058432
     H   13        0.023640        0.058432       -0.215380

     C   14       -0.457756        0.366405       -0.265556
     C   14        0.366405        0.591780       -0.077681
     C   14       -0.265556       -0.077681       -0.134024

     H   15        0.191242        0.261474        0.088138
     H   15        0.261474        0.021067       -0.007847
     H   15        0.088138       -0.007847       -0.212310

     C   16        0.140343        0.482163        0.057937
     C   16        0.482163        0.239619       -0.344100
     C   16        0.057937       -0.344100       -0.379962

     C   17        0.098363        0.173463       -0.306397
     C   17        0.173463        0.355144        0.076283
     C   17       -0.306397        0.076283       -0.453507

     Cl  18        0.860779        0.745824       -0.197504
     Cl  18        0.745824        1.777779       -0.136936
     Cl  18       -0.197504       -0.136936       -2.638558

     H   19       -0.110777       -0.216852        0.274008
     H   19       -0.216852        0.351237       -0.169935
     H   19        0.274008       -0.169935       -0.240460

     C   20        0.175333        0.595499       -0.201917
     C   20        0.595499       -0.180256       -0.003392
     C   20       -0.201917       -0.003392        0.004922

     H   21        0.569550       -0.031660        0.373386
     H   21       -0.031660       -0.251514        0.293901
     H   21        0.373386        0.293901       -0.318036

     C   22       -0.437954        0.007787       -0.296788
     C   22        0.007787        0.317119       -0.496909
     C   22       -0.296788       -0.496909        0.120835

     C   23        0.168786        0.542050       -0.249432
     C   23        0.542050        0.105170        0.183254
     C   23       -0.249432        0.183254       -0.273957

     Cl  24        0.591662        2.173517        0.281758
     Cl  24        2.173517        0.759347        0.416535
     Cl  24        0.281758        0.416535       -1.351009

     ----- total EFG (symmetrized) -----
     Cl   1        1.780534       -1.021484       -0.154230
     Cl   1       -1.021484        0.733506       -0.042003
     Cl   1       -0.154230       -0.042003       -2.514040

     C    2        0.139177        0.255006       -0.018181
     C    2        0.255006        0.350012       -0.495489
     C    2       -0.018181       -0.495489       -0.489189

     C    3        0.010908       -0.125995        0.074878
     C    3       -0.125995        0.268805        0.221683
     C    3        0.074878        0.221683       -0.279714

     H    4        0.221307       -0.215847        0.660657
     H    4       -0.215847       -0.353007        0.327404
     H    4        0.660657        0.327404        0.131700

     C    5        0.363259       -0.004288        0.221435
     C    5       -0.004288       -0.157866        0.176383
     C    5        0.221435        0.176383       -0.205393

     H    6       -0.309775       -0.252735        0.256612
     H    6       -0.252735        0.259789        0.685298
     H    6        0.256612        0.685298        0.049987

     H    7       -0.277978       -0.061029       -0.003105
     H    7       -0.061029        0.262735       -0.029365
     H    7       -0.003105       -0.029365        0.015243

     C    8       -0.548129       -0.053975       -0.121669
     C    8       -0.053975        0.561648       -0.328003
     C    8       -0.121669       -0.328003       -0.013519

     H    9        0.087160       -0.522991        0.270513
     H    9       -0.522991       -0.345967       -0.200785
     H    9        0.270513       -0.200785        0.258807

     C   10        0.220832        0.741867       -0.286986
     C   10        0.741867        0.051112        0.215547
     C   10       -0.286986        0.215547       -0.271944

     C   11       -0.504815       -0.009834       -0.140993
     C   11       -0.009834        0.364830       -0.439868
     C   11       -0.140993       -0.439868        0.139985

     Cl  12        1.408039        3.731408       -0.852202
     Cl  12        3.731408        0.588348       -1.002371
     Cl  12       -0.852202       -1.002371       -1.996387

     H   13       -0.099104        0.100700        0.023640
     H   13        0.100700        0.314484        0.058432
     H   13        0.023640        0.058432       -0.215380

     C   14       -0.457756        0.366405       -0.265556
     C   14        0.366405        0.591780       -0.077681
     C   14       -0.265556       -0.077681       -0.134024

     H   15        0.191242        0.261474        0.088138
     H   15        0.261474        0.021067       -0.007847
     H   15        0.088138       -0.007847       -0.212310

     C   16        0.140343        0.482163        0.057937
     C   16        0.482163        0.239619       -0.344100
     C   16        0.057937       -0.344100       -0.379962

     C   17        0.098363        0.173463       -0.306397
     C   17        0.173463        0.355144        0.076283
     C   17       -0.306397        0.076283       -0.453507

     Cl  18        0.860779        0.745824       -0.197504
     Cl  18        0.745824        1.777779       -0.136936
     Cl  18       -0.197504       -0.136936       -2.638558

     H   19       -0.110777       -0.216852        0.274008
     H   19       -0.216852        0.351237       -0.169935
     H   19        0.274008       -0.169935       -0.240460

     C   20        0.175333        0.595499       -0.201917
     C   20        0.595499       -0.180256       -0.003392
     C   20       -0.201917       -0.003392        0.004922

     H   21        0.569550       -0.031660        0.373386
     H   21       -0.031660       -0.251514        0.293901
     H   21        0.373386        0.293901       -0.318036

     C   22       -0.437954        0.007787       -0.296788
     C   22        0.007787        0.317119       -0.496909
     C   22       -0.296788       -0.496909        0.120835

     C   23        0.168786        0.542050       -0.249432
     C   23        0.542050        0.105170        0.183254
     C   23       -0.249432        0.183254       -0.273957

     Cl  24        0.591662        2.173517        0.281758
     Cl  24        2.173517        0.759347        0.416535
     Cl  24        0.281758        0.416535       -1.351009


     NQR/NMR SPECTROSCOPIC PARAMETERS:
     Cl   1    Vxx=    0.1143    axis=(  0.519181  0.853526 -0.044105)
     Cl   1    Vyy=    2.4073    axis=(  0.853632 -0.520398 -0.022310)
     Cl   1    Vzz=   -2.5216    axis=(  0.041995  0.026066  0.998778)
     Cl   1  Q=        -8.1650 1e-30 m^2  Cq=        48.3760 MHz  eta= 0.90932

     C    2    Vxx=    0.0435    axis=(  0.908033 -0.321716  0.268281)
     C    2    Vyy=    0.6854    axis=( -0.404360 -0.840433  0.360784)
     C    2    Vzz=   -0.7289    axis=(  0.109402 -0.436086 -0.893230)
     C    2  Q=         1.0000 1e-30 m^2  Cq=        -1.7125 MHz  eta= 0.88076

     C    3    Vxx=    0.0179    axis=(  0.924161  0.155984  0.348707)
     C    3    Vyy=    0.3727    axis=( -0.262568  0.922399  0.283264)
     C    3    Vzz=   -0.3906    axis=( -0.277462 -0.353341  0.893401)
     C    3  Q=         1.0000 1e-30 m^2  Cq=        -0.9179 MHz  eta= 0.90838

     H    4    Vxx=   -0.0300    axis=(  0.483129 -0.761267 -0.432503)
     H    4    Vyy=   -0.8127    axis=(  0.502313  0.645596 -0.575229)
     H    4    Vzz=    0.8427    axis=(  0.717125  0.060658  0.694300)
     H    4  Q=         1.0000 1e-30 m^2  Cq=         1.9800 MHz  eta= 0.92877

     C    5    Vxx=   -0.0444    axis=(  0.271783 -0.812297 -0.516049)
     C    5    Vyy=   -0.4000    axis=(  0.230832  0.575605 -0.784472)
     C    5    Vzz=    0.4443    axis=(  0.934265  0.094086  0.343944)
     C    5  Q=         1.0000 1e-30 m^2  Cq=         1.0440 MHz  eta= 0.80026

     H    6    Vxx=   -0.0474    axis=( -0.806750  0.367839 -0.462438)
     H    6    Vyy=   -0.8013    axis=( -0.590442 -0.532394  0.606576)
     H    6    Vzz=    0.8487    axis=( -0.023077  0.762398  0.646696)
     H    6  Q=         1.0000 1e-30 m^2  Cq=         1.9942 MHz  eta= 0.88819

     H    7    Vxx=    0.0121    axis=( -0.033412  0.108290  0.993558)
     H    7    Vyy=    0.2728    axis=( -0.108833  0.987807 -0.111323)
     H    7    Vzz=   -0.2849    axis=( -0.993498 -0.111851 -0.021219)
     H    7  Q=         1.0000 1e-30 m^2  Cq=        -0.6694 MHz  eta= 0.91473

     C    8    Vxx=   -0.1207    axis=( -0.297321  0.394439  0.869493)
     C    8    Vyy=   -0.5896    axis=(  0.954777  0.122015  0.271133)
     C    8    Vzz=    0.7103    axis=(  0.000854  0.910786 -0.412879)
     C    8  Q=         1.0000 1e-30 m^2  Cq=         1.6689 MHz  eta= 0.66011

     H    9    Vxx=   -0.0000    axis=( -0.517899  0.323296  0.791998)
     H    9    Vyy=   -0.6958    axis=( -0.550692 -0.834482 -0.019467)
     H    9    Vzz=    0.6958    axis=(  0.654614 -0.446228  0.610213)
     H    9  Q=         1.0000 1e-30 m^2  Cq=         1.6349 MHz  eta= 0.99987

     C   10    Vxx=   -0.0546    axis=( -0.307802  0.440516  0.843329)
     C   10    Vyy=   -0.8327    axis=( -0.579312  0.616352 -0.533393)
     C   10    Vzz=    0.8873    axis=( -0.754755 -0.652730  0.065482)
     C   10  Q=         1.0000 1e-30 m^2  Cq=         2.0848 MHz  eta= 0.87692

     C   11    Vxx=   -0.1622    axis=( -0.318065  0.603985  0.730778)
     C   11    Vyy=   -0.5494    axis=(  0.945812  0.148993  0.288515)
     C   11    Vzz=    0.7116    axis=(  0.065378  0.782945 -0.618646)
     C   11  Q=         1.0000 1e-30 m^2  Cq=         1.6719 MHz  eta= 0.54411

     Cl  12    Vxx=   -2.1859    axis=(  0.327092 -0.100441  0.939639)
     Cl  12    Vyy=   -2.8094    axis=( -0.600987  0.745233  0.288866)
     Cl  12    Vzz=    4.9952    axis=( -0.729264 -0.659196  0.183396)
     Cl  12  Q=        -8.1650 1e-30 m^2  Cq=       -95.8313 MHz  eta= 0.12481

     H   13    Vxx=   -0.1214    axis=(  0.966900 -0.236303  0.096259)
     H   13    Vyy=   -0.2233    axis=( -0.119289 -0.085150  0.989202)
     H   13    Vzz=    0.3446    axis=( -0.225555 -0.967941 -0.110520)
     H   13  Q=         1.0000 1e-30 m^2  Cq=         0.8097 MHz  eta= 0.29569

     C   14    Vxx=   -0.0614    axis=( -0.330904  0.292331  0.897243)
     C   14    Vyy=   -0.6742    axis=(  0.885769 -0.231692  0.402159)
     C   14    Vzz=    0.7356    axis=(  0.325448  0.927826 -0.182270)
     C   14  Q=         1.0000 1e-30 m^2  Cq=         1.7283 MHz  eta= 0.83306

     H   15    Vxx=   -0.1312    axis=(  0.434936 -0.719033  0.542054)
     H   15    Vyy=   -0.2574    axis=(  0.391533 -0.391077 -0.832923)
     H   15    Vzz=    0.3886    axis=(  0.810884  0.574500  0.111432)
     H   15  Q=         1.0000 1e-30 m^2  Cq=         0.9131 MHz  eta= 0.32487

     C   16    Vxx=   -0.0850    axis=( -0.695041  0.396871 -0.599509)
     C   16    Vyy=   -0.6354    axis=( -0.375321  0.510929  0.773360)
     C   16    Vzz=    0.7204    axis=(  0.613231  0.762525 -0.206163)
     C   16  Q=         1.0000 1e-30 m^2  Cq=         1.6927 MHz  eta= 0.76403

     C   17    Vxx=    0.1610    axis=( -0.749470  0.498580  0.435560)
     C   17    Vyy=    0.4496    axis=(  0.509793  0.854373 -0.100786)
     C   17    Vzz=   -0.6107    axis=(  0.422380 -0.146510  0.894500)
     C   17  Q=         1.0000 1e-30 m^2  Cq=        -1.4349 MHz  eta= 0.47261

     Cl  18    Vxx=    0.4474    axis=(  0.870290 -0.491372 -0.033895)
     Cl  18    Vyy=    2.2044    axis=(  0.489848  0.870667 -0.044595)
     Cl  18    Vzz=   -2.6518    axis=(  0.051424  0.022207  0.998430)
     Cl  18  Q=        -8.1650 1e-30 m^2  Cq=        50.8730 MHz  eta= 0.66259

     H   19    Vxx=   -0.0730    axis=(  0.656667  0.544663  0.521662)
     H   19    Vyy=   -0.4572    axis=( -0.621079 -0.001850  0.783746)
     H   19    Vzz=    0.5302    axis=(  0.427843 -0.838653  0.337064)
     H   19  Q=         1.0000 1e-30 m^2  Cq=         1.2457 MHz  eta= 0.72474

     C   20    Vxx=   -0.0147    axis=(  0.087384  0.294767  0.951565)
     C   20    Vyy=   -0.6460    axis=(  0.606207 -0.773727  0.184009)
     C   20    Vzz=    0.6607    axis=(  0.790491  0.560766 -0.246301)
     C   20  Q=         1.0000 1e-30 m^2  Cq=         1.5524 MHz  eta= 0.95559

     H   21    Vxx=   -0.0529    axis=(  0.270003 -0.811070 -0.518907)
     H   21    Vyy=   -0.6584    axis=(  0.250717  0.579554 -0.775409)
     H   21    Vzz=    0.7114    axis=(  0.929645  0.079264  0.359830)
     H   21  Q=         1.0000 1e-30 m^2  Cq=         1.6714 MHz  eta= 0.85115

     C   22    Vxx=   -0.1401    axis=(  0.544944 -0.621231 -0.563124)
     C   22    Vyy=   -0.6183    axis=(  0.821701  0.262023  0.506114)
     C   22    Vzz=    0.7584    axis=(  0.166862  0.738523 -0.653254)
     C   22  Q=         1.0000 1e-30 m^2  Cq=         1.7820 MHz  eta= 0.63043

     C   23    Vxx=   -0.0311    axis=( -0.387510  0.499448  0.774847)
     C   23    Vyy=   -0.6524    axis=( -0.552242  0.547248 -0.628926)
     C   23    Vzz=    0.6835    axis=( -0.738150 -0.671618  0.063752)
     C   23  Q=         1.0000 1e-30 m^2  Cq=         1.6060 MHz  eta= 0.90902

     Cl  24    Vxx=   -1.3576    axis=( -0.440110  0.284280  0.851756)
     Cl  24    Vyy=   -1.5507    axis=( -0.578129  0.636096 -0.511026)
     Cl  24    Vzz=    2.9083    axis=( -0.687074 -0.717333 -0.115601)
     Cl  24  Q=        -8.1650 1e-30 m^2  Cq=       -55.7944 MHz  eta= 0.06642

     Initialization:
     gipaw_setup  :      9.02s CPU     10.73s WALL (       1 calls)

     Linear response

     Apply operators

     Induced current

     Other routines
     efg          :      9.12s CPU     11.05s WALL (       1 calls)

     General routines
     calbec       :      3.12s CPU      3.86s WALL (      16 calls)
     fft          :      1.35s CPU      1.59s WALL (      15 calls)
     ffts         :      0.05s CPU      0.05s WALL (       2 calls)
     fftw         :      3.20s CPU      3.84s WALL (     672 calls)
     davcio       :      0.02s CPU      0.33s WALL (      32 calls)

     Parallel routines
     fft_scatter  :      1.99s CPU      2.59s WALL (     689 calls)

     Plugins

     GIPAW        :     61.17s CPU     71.40s WALL (       1 calls)
