
     Program QE v.6.0 (svn rev. 13079) starts on 20Dec2016 at 14: 8:31 

     This program is part of the open-source Quantum ESPRESSO suite
     for quantum simulation of materials; please cite
         "P. Giannozzi et al., J. Phys.:Condens. Matter 21 395502 (2009);
          URL http://www.quantum-espresso.org", 
     in publications or presentations arising from this work. More details at
     http://www.quantum-espresso.org/quote

     Parallel version (MPI), running on     8 processors
     R & G space division:  proc/nbgrp/npool/nimage =       8

     ***** This is GIPAW svn revision unknown      *****

     Parallelizing q-star over 1 images

     Reading data from directory:
     /users/majewski/paradichlorobenzene/pbe/9_constraint/scratch/pbe.ecut100.np8.dt60.pcl2phi-129368.save
     Message from routine read_xml_file:
     file /users/majewski/paradichlorobenzene/pbe/9_constraint/scratch/pbe.ecut100.np8.dt60.pcl2phi-129368.save not guaranteed to be safe for post-processing

   Info: using nr1, nr2, nr3 values from input

   Info: using nr1, nr2, nr3 values from input

     IMPORTANT: XC functional enforced from input :
     Exchange-correlation      =  SLA  PW   PBX  PBC ( 1  4  3  4 0 0)
     Any further DFT definition will be discarded
     Please, verify this is what you really want

               file C.pbe-n-kjpaw_psl.1.0.0.UPF: wavefunction(s)  2S 2P renormalized
               file Cl.pbe-n-kjpaw_psl.1.0.0.UPF: wavefunction(s)  3S 3P renormalized
               file H.pbe-kjpaw_psl.1.0.0.UPF: wavefunction(s)  1S renormalized

     Parallelization info
     --------------------
     sticks:   dense  smooth     PW     G-vecs:    dense   smooth      PW
     Min        3057    1223    332               144436    36536    5170
     Max        3059    1225    333               144437    36537    5171
     Sum       24467    9791   2657              1155489   292295   41363


     Subspace diagonalization in iterative solution of the eigenvalue problem:
     a serial algorithm will be used

     GIPAW projectors -----------------------------------------------
     atom=  C    l=0  rc=    1.2000  rs=    0.8000
     atom=  C    l=0  rc=    1.2000  rs=    0.8000
     atom=  C    l=1  rc=    1.4000  rs=    0.9333
     atom=  C    l=1  rc=    1.4000  rs=    0.9333
     projs nearly linearly dependent: l=1  n1,n2= 1, 2  s=  0.99951561

     atom=  Cl   l=0  rc=    1.6000  rs=    1.0667
     atom=  Cl   l=0  rc=    1.6000  rs=    1.0667
     atom=  Cl   l=1  rc=    1.6000  rs=    1.0667
     atom=  Cl   l=1  rc=    1.6000  rs=    1.0667
     atom=  Cl   l=2  rc=    1.6000  rs=    1.0667
     atom=  Cl   l=2  rc=    1.6000  rs=    1.0667
     projs nearly linearly dependent: l=2  n1,n2= 1, 2  s=  0.99993509

     atom=  H    l=0  rc=    1.0000  rs=    0.6667
     atom=  H    l=0  rc=    1.0000  rs=    0.6667
     projs nearly linearly dependent: l=0  n1,n2= 1, 2  s=  0.99968852
     -----------------------------------------------------------------

     GIPAW integrals: -------------------------------------------
     Atom  i/j   nmr_para   nmr_dia   epr_rmc  epr_para   epr_dia
       C   1 1   0.83E+03  0.17E-01  0.93E+01  0.24E+08  0.24E+03
       C   2 1   0.86E+03 -0.61E-01  0.94E+01  0.25E+08  0.25E+03
       C   2 2   0.90E+03 -0.15E+00  0.97E+01  0.26E+08  0.26E+03
       C   3 3   0.33E+01  0.34E+00  0.18E+01  0.55E+03  0.21E+02
       C   4 3   0.35E+01  0.37E+00  0.20E+01  0.59E+03  0.22E+02
       C   4 4   0.38E+01  0.39E+00  0.22E+01  0.63E+03  0.24E+02
       Cl  1 1   0.14E+04 -0.47E+00  0.84E+01  0.32E+09  0.42E+03
       Cl  2 1   0.21E+04 -0.37E+00  0.12E+02  0.49E+09  0.65E+03
       Cl  2 2   0.33E+04 -0.16E+00  0.21E+02  0.76E+09  0.10E+04
       Cl  3 3   0.21E+02  0.79E-01  0.89E+01  0.23E+05  0.13E+03
       Cl  4 3   0.24E+02  0.67E-01  0.99E+01  0.27E+05  0.15E+03
       Cl  4 4   0.28E+02  0.44E-01  0.11E+02  0.32E+05  0.18E+03
       Cl  5 5   0.77E+00  0.19E+00  0.18E+01  0.12E+03  0.22E+02
       Cl  6 5   0.80E+00  0.19E+00  0.19E+01  0.12E+03  0.23E+02
       Cl  6 6   0.83E+00  0.20E+00  0.19E+01  0.12E+03  0.23E+02
       H   1 1   0.39E+02  0.19E+00  0.29E+00  0.78E+05  0.13E+02
       H   2 1   0.41E+02  0.21E+00  0.32E+00  0.82E+05  0.14E+02
       H   2 2   0.43E+02  0.22E+00  0.36E+00  0.86E+05  0.15E+02
     ------------------------------------------------------------

     alpha_pv=     34.5165 eV

     Number of occupied bands for each k-point:
     k-point:     1    nbnd_occ=  42
     k-point:     2    nbnd_occ=  42
     k-point:     3    nbnd_occ=  42
     k-point:     4    nbnd_occ=  42
     k-point:     5    nbnd_occ=  42
     k-point:     6    nbnd_occ=  42
     k-point:     7    nbnd_occ=  42
     k-point:     8    nbnd_occ=  42
     k-point:     9    nbnd_occ=  42
     k-point:    10    nbnd_occ=  42
     k-point:    11    nbnd_occ=  42
     k-point:    12    nbnd_occ=  42
     k-point:    13    nbnd_occ=  42
     k-point:    14    nbnd_occ=  42
     k-point:    15    nbnd_occ=  42
     k-point:    16    nbnd_occ=  42


     q-space interpolation up to   110.00 Rydberg

     GIPAW job: efg                                                                             


     ELECTRIC FIELD GRADIENTS TENSORS IN Hartree/bohrradius^2:

     ----- bare term -----
     Cl   1       -0.234100        0.255115        0.079933
     Cl   1        0.255115        0.001578        0.041029
     Cl   1        0.079933        0.041029        0.232522

     C    2        0.123235       -0.347363       -0.596701
     C    2       -0.347363       -0.228679       -0.574146
     C    2       -0.596701       -0.574146        0.105444

     C    3       -0.183548        0.415919       -0.364780
     C    3        0.415919       -0.218803       -0.157958
     C    3       -0.364780       -0.157958        0.402350

     H    4        0.131961       -0.097532       -0.265765
     H    4       -0.097532        0.444542        0.101121
     H    4       -0.265765        0.101121       -0.576503

     C    5       -0.174415        0.003917       -0.393877
     C    5        0.003917       -0.244338       -0.349296
     C    5       -0.393877       -0.349296        0.418753

     H    6        0.378799        0.071516        0.224098
     H    6        0.071516       -0.081364       -0.562316
     H    6        0.224098       -0.562316       -0.297435

     H    7        0.523777        0.033835        0.031496
     H    7        0.033835       -0.187805        0.330292
     H    7        0.031496        0.330292       -0.335971

     C    8       -0.654731       -0.363835       -0.287116
     C    8       -0.363835        0.357427        0.315119
     C    8       -0.287116        0.315119        0.297304

     H    9       -0.382822       -0.041068       -0.487310
     H    9       -0.041068        0.131050        0.148510
     H    9       -0.487310        0.148510        0.251772

     C   10       -0.021291       -0.306484       -0.159894
     C   10       -0.306484       -0.133315        0.621229
     C   10       -0.159894        0.621229        0.154605

     C   11       -0.422140       -0.251621       -0.407632
     C   11       -0.251621        0.202941        0.221258
     C   11       -0.407632        0.221258        0.219199

     Cl  12       -0.077261       -0.101362        0.025312
     Cl  12       -0.101362       -0.017037       -0.034805
     Cl  12        0.025312       -0.034805        0.094299

     H   13        0.096559        0.093087       -0.406086
     H   13        0.093087       -0.153928       -0.405824
     H   13       -0.406086       -0.405824        0.057368

     C   14       -0.646848        0.325460       -0.116159
     C   14        0.325460        0.284869       -0.222402
     C   14       -0.116159       -0.222402        0.361979

     H   15        0.104749        0.061059       -0.438010
     H   15        0.061059        0.134967        0.257870
     H   15       -0.438010        0.257870       -0.239716

     C   16        0.248592        0.006390       -0.220761
     C   16        0.006390       -0.149623       -0.431305
     C   16       -0.220761       -0.431305       -0.098969

     C   17       -0.642005        0.438563       -0.318422
     C   17        0.438563        0.290655       -0.181890
     C   17       -0.318422       -0.181890        0.351350

     Cl  18        0.139918       -0.053462       -0.016325
     Cl  18       -0.053462       -0.270202        0.046374
     Cl  18       -0.016325        0.046374        0.130284

     H   19        0.256895        0.433880        0.125827
     H   19        0.433880       -0.594849       -0.071874
     H   19        0.125827       -0.071874        0.337954

     C   20       -0.001368       -0.407966       -0.100459
     C   20       -0.407966       -0.302148        0.303427
     C   20       -0.100459        0.303427        0.303516

     H   21       -0.524653        0.333908        0.214058
     H   21        0.333908        0.314538       -0.016853
     H   21        0.214058       -0.016853        0.210116

     C   22       -0.204711       -0.161162       -0.154373
     C   22       -0.161162       -0.070736        0.264298
     C   22       -0.154373        0.264298        0.275447

     C   23       -0.256822       -0.016213       -0.297360
     C   23       -0.016213       -0.039485        0.648142
     C   23       -0.297360        0.648142        0.296306

     Cl  24       -0.075170       -0.115415       -0.007395
     Cl  24       -0.115415        0.004486        0.001047
     Cl  24       -0.007395        0.001047        0.070684

     ----- ionic term -----
     Cl   1        0.066495       -0.203821        0.039961
     Cl   1       -0.203821        0.082901       -0.021953
     Cl   1        0.039961       -0.021953       -0.149396

     C    2        0.033388       -0.269341        0.375421
     C    2       -0.269341        0.111420        0.338566
     C    2        0.375421        0.338566       -0.144809

     C    3        0.022553       -0.365840        0.267115
     C    3       -0.365840        0.166158        0.333724
     C    3        0.267115        0.333724       -0.188711

     H    4        0.354808        0.018694        0.824184
     H    4        0.018694       -0.520382        0.093487
     H    4        0.824184        0.093487        0.165575

     C    5        0.142333       -0.369900        0.321954
     C    5       -0.369900        0.061596        0.231553
     C    5        0.321954        0.231553       -0.203929

     H    6       -0.533398       -0.009924        0.011388
     H    6       -0.009924        0.488352        0.761962
     H    6        0.011388        0.761962        0.045046

     H    7       -0.524293       -0.084924        0.070545
     H    7       -0.084924        0.605107       -0.769526
     H    7        0.070545       -0.769526       -0.080815

     C    8        0.393951        0.205351        0.240581
     C    8        0.205351       -0.031297       -0.337911
     C    8        0.240581       -0.337911       -0.362654

     H    9        0.717016       -0.304889        0.635125
     H    9       -0.304889       -0.455319       -0.221171
     H    9        0.635125       -0.221171       -0.261697

     C   10        0.215999        0.224357        0.130658
     C   10        0.224357        0.098867       -0.424138
     C   10        0.130658       -0.424138       -0.314866

     C   11        0.233010        0.142282        0.094063
     C   11        0.142282        0.088347       -0.450653
     C   11        0.094063       -0.450653       -0.321357

     Cl  12        0.120309        0.204873       -0.049786
     Cl  12        0.204873       -0.000582       -0.043323
     Cl  12       -0.049786       -0.043323       -0.119726

     H   13       -0.491022        0.246446        0.169174
     H   13        0.246446        0.583742        0.696177
     H   13        0.169174        0.696177       -0.092720

     C   14        0.137511       -0.227809        0.393671
     C   14       -0.227809        0.061066        0.227291
     C   14        0.393671        0.227291       -0.198577

     H   15        0.323725        0.211057        0.771456
     H   15        0.211057       -0.437640        0.247070
     H   15        0.771456        0.247070        0.113914

     C   16       -0.037374       -0.255950        0.262388
     C   16       -0.255950        0.191995        0.387568
     C   16        0.262388        0.387568       -0.154621

     C   17        0.027156       -0.313362        0.319899
     C   17       -0.313362        0.125194        0.373759
     C   17        0.319899        0.373759       -0.152350

     Cl  18        0.094994       -0.241713        0.002238
     Cl  18       -0.241713        0.067014        0.000186
     Cl  18        0.002238        0.000186       -0.162008

     H   19       -0.508062       -0.124775        0.029231
     H   19       -0.124775        0.887250       -0.541472
     H   19        0.029231       -0.541472       -0.379189

     C   20        0.334502        0.217667        0.090951
     C   20        0.217667        0.150762       -0.298066
     C   20        0.090951       -0.298066       -0.485264

     H   21        0.927318       -0.205299        0.437917
     H   21       -0.205299       -0.474086       -0.148917
     H   21        0.437917       -0.148917       -0.453232

     C   22        0.272340        0.265152        0.080437
     C   22        0.265152        0.183830       -0.368813
     C   22        0.080437       -0.368813       -0.456170

     C   23        0.322918        0.123525        0.269825
     C   23        0.123525        0.057057       -0.374282
     C   23        0.269825       -0.374282       -0.379974

     Cl  24        0.136896        0.190388       -0.026930
     Cl  24        0.190388        0.010400       -0.028492
     Cl  24       -0.026930       -0.028492       -0.147296

     ----- GIPAW term -----
     Cl   1        1.198101        0.670549       -1.649484
     Cl   1        0.670549       -0.887052       -0.723757
     Cl   1       -1.649484       -0.723757       -0.311050

     C    2        0.199420       -0.229971       -0.194910
     C    2       -0.229971       -0.097044       -0.031864
     C    2       -0.194910       -0.031864       -0.102377

     C    3        0.015059        0.023694       -0.229495
     C    3        0.023694       -0.136429        0.025446
     C    3       -0.229495        0.025446        0.121370

     H    4       -0.000000        0.000000        0.000000
     H    4        0.000000        0.000000        0.000000
     H    4        0.000000        0.000000        0.000000

     C    5       -0.050203       -0.067047       -0.146107
     C    5       -0.067047       -0.112497        0.036533
     C    5       -0.146107        0.036533        0.162700

     H    6       -0.000000        0.000000        0.000000
     H    6        0.000000        0.000000        0.000000
     H    6        0.000000        0.000000        0.000000

     H    7       -0.000000        0.000000        0.000000
     H    7        0.000000        0.000000        0.000000
     H    7        0.000000        0.000000        0.000000

     C    8       -0.195876       -0.091059       -0.050069
     C    8       -0.091059        0.212505        0.167582
     C    8       -0.050069        0.167582       -0.016629

     H    9       -0.000000        0.000000        0.000000
     H    9        0.000000        0.000000        0.000000
     H    9        0.000000        0.000000        0.000000

     C   10       -0.089399       -0.095487       -0.024740
     C   10       -0.095487        0.187457        0.103490
     C   10       -0.024740        0.103490       -0.098058

     C   11       -0.010371       -0.076561       -0.004368
     C   11       -0.076561        0.136816       -0.067611
     C   11       -0.004368       -0.067611       -0.126446

     Cl  12       -0.187087        0.513491        1.395596
     Cl  12        0.513491       -0.807041       -1.552692
     Cl  12        1.395596       -1.552692        0.994128

     H   13       -0.000000        0.000000        0.000000
     H   13        0.000000        0.000000        0.000000
     H   13        0.000000        0.000000        0.000000

     C   14       -0.119848       -0.131421        0.044777
     C   14       -0.131421        0.209743       -0.063124
     C   14        0.044777       -0.063124       -0.089895

     H   15       -0.000000        0.000000        0.000000
     H   15        0.000000        0.000000        0.000000
     H   15        0.000000        0.000000        0.000000

     C   16       -0.025810       -0.030114       -0.018589
     C   16       -0.030114        0.102435       -0.046671
     C   16       -0.018589       -0.046671       -0.076625

     C   17       -0.154062       -0.003689       -0.030923
     C   17       -0.003689        0.264930       -0.050919
     C   17       -0.030923       -0.050919       -0.110868

     Cl  18        0.179437        0.102437       -0.207106
     Cl  18        0.102437        1.798154       -0.291323
     Cl  18       -0.207106       -0.291323       -1.977591

     H   19       -0.000000        0.000000        0.000000
     H   19        0.000000        0.000000        0.000000
     H   19        0.000000        0.000000        0.000000

     C   20        0.090124       -0.185316       -0.068809
     C   20       -0.185316       -0.036051        0.104037
     C   20       -0.068809        0.104037       -0.054073

     H   21       -0.000000        0.000000        0.000000
     H   21        0.000000        0.000000        0.000000
     H   21        0.000000        0.000000        0.000000

     C   22       -0.053109       -0.076163       -0.103870
     C   22       -0.076163        0.011574        0.113100
     C   22       -0.103870        0.113100        0.041535

     C   23       -0.081844        0.040812       -0.105373
     C   23        0.040812        0.002626        0.245041
     C   23       -0.105373        0.245041        0.079218

     Cl  24       -0.643990        0.594565       -0.980110
     Cl  24        0.594565       -0.550776        1.804953
     Cl  24       -0.980110        1.804953        1.194766

     ----- total EFG -----
     Cl   1        1.030496        0.721844       -1.529590
     Cl   1        0.721844       -0.802573       -0.704680
     Cl   1       -1.529590       -0.704680       -0.227923

     C    2        0.356044       -0.846675       -0.416190
     C    2       -0.846675       -0.214302       -0.267444
     C    2       -0.416190       -0.267444       -0.141741

     C    3       -0.145936        0.073773       -0.327160
     C    3        0.073773       -0.189073        0.201212
     C    3       -0.327160        0.201212        0.335009

     H    4        0.486769       -0.078838        0.558418
     H    4       -0.078838       -0.075841        0.194608
     H    4        0.558418        0.194608       -0.410929

     C    5       -0.082285       -0.433030       -0.218029
     C    5       -0.433030       -0.295239       -0.081210
     C    5       -0.218029       -0.081210        0.377524

     H    6       -0.154599        0.061592        0.235485
     H    6        0.061592        0.406988        0.199646
     H    6        0.235485        0.199646       -0.252389

     H    7       -0.000516       -0.051089        0.102041
     H    7       -0.051089        0.417302       -0.439234
     H    7        0.102041       -0.439234       -0.416786

     C    8       -0.456656       -0.249543       -0.096603
     C    8       -0.249543        0.538635        0.144790
     C    8       -0.096603        0.144790       -0.081979

     H    9        0.334194       -0.345957        0.147815
     H    9       -0.345957       -0.324269       -0.072661
     H    9        0.147815       -0.072661       -0.009925

     C   10        0.105310       -0.177615       -0.053976
     C   10       -0.177615        0.153009        0.300582
     C   10       -0.053976        0.300582       -0.258319

     C   11       -0.199501       -0.185900       -0.317937
     C   11       -0.185900        0.428105       -0.297006
     C   11       -0.317937       -0.297006       -0.228604

     Cl  12       -0.144040        0.617002        1.371122
     Cl  12        0.617002       -0.824661       -1.630820
     Cl  12        1.371122       -1.630820        0.968701

     H   13       -0.394463        0.339533       -0.236912
     H   13        0.339533        0.429815        0.290354
     H   13       -0.236912        0.290354       -0.035352

     C   14       -0.629186       -0.033770        0.322289
     C   14       -0.033770        0.555678       -0.058235
     C   14        0.322289       -0.058235        0.073508

     H   15        0.428474        0.272116        0.333446
     H   15        0.272116       -0.302672        0.504940
     H   15        0.333446        0.504940       -0.125802

     C   16        0.185407       -0.279674        0.023039
     C   16       -0.279674        0.144807       -0.090408
     C   16        0.023039       -0.090408       -0.330214

     C   17       -0.768911        0.121512       -0.029445
     C   17        0.121512        0.680780        0.140950
     C   17       -0.029445        0.140950        0.088131

     Cl  18        0.414349       -0.192738       -0.221193
     Cl  18       -0.192738        1.594966       -0.244763
     Cl  18       -0.221193       -0.244763       -2.009315

     H   19       -0.251166        0.309105        0.155058
     H   19        0.309105        0.292401       -0.613346
     H   19        0.155058       -0.613346       -0.041235

     C   20        0.423258       -0.375614       -0.078317
     C   20       -0.375614       -0.187437        0.109398
     C   20       -0.078317        0.109398       -0.235821

     H   21        0.402664        0.128608        0.651975
     H   21        0.128608       -0.159548       -0.165770
     H   21        0.651975       -0.165770       -0.243116

     C   22        0.014520        0.027828       -0.177805
     C   22        0.027828        0.124669        0.008585
     C   22       -0.177805        0.008585       -0.139189

     C   23       -0.015748        0.148124       -0.132908
     C   23        0.148124        0.020198        0.518902
     C   23       -0.132908        0.518902       -0.004450

     Cl  24       -0.582265        0.669538       -1.014436
     Cl  24        0.669538       -0.535890        1.777509
     Cl  24       -1.014436        1.777509        1.118155

     ----- total EFG (symmetrized) -----
     Cl   1        1.030496        0.721844       -1.529590
     Cl   1        0.721844       -0.802573       -0.704680
     Cl   1       -1.529590       -0.704680       -0.227923

     C    2        0.356044       -0.846675       -0.416190
     C    2       -0.846675       -0.214302       -0.267444
     C    2       -0.416190       -0.267444       -0.141741

     C    3       -0.145936        0.073773       -0.327160
     C    3        0.073773       -0.189073        0.201212
     C    3       -0.327160        0.201212        0.335009

     H    4        0.486769       -0.078838        0.558418
     H    4       -0.078838       -0.075841        0.194608
     H    4        0.558418        0.194608       -0.410929

     C    5       -0.082285       -0.433030       -0.218029
     C    5       -0.433030       -0.295239       -0.081210
     C    5       -0.218029       -0.081210        0.377524

     H    6       -0.154599        0.061592        0.235485
     H    6        0.061592        0.406988        0.199646
     H    6        0.235485        0.199646       -0.252389

     H    7       -0.000516       -0.051089        0.102041
     H    7       -0.051089        0.417302       -0.439234
     H    7        0.102041       -0.439234       -0.416786

     C    8       -0.456656       -0.249543       -0.096603
     C    8       -0.249543        0.538635        0.144790
     C    8       -0.096603        0.144790       -0.081979

     H    9        0.334194       -0.345957        0.147815
     H    9       -0.345957       -0.324269       -0.072661
     H    9        0.147815       -0.072661       -0.009925

     C   10        0.105310       -0.177615       -0.053976
     C   10       -0.177615        0.153009        0.300582
     C   10       -0.053976        0.300582       -0.258319

     C   11       -0.199501       -0.185900       -0.317937
     C   11       -0.185900        0.428105       -0.297006
     C   11       -0.317937       -0.297006       -0.228604

     Cl  12       -0.144040        0.617002        1.371122
     Cl  12        0.617002       -0.824661       -1.630820
     Cl  12        1.371122       -1.630820        0.968701

     H   13       -0.394463        0.339533       -0.236912
     H   13        0.339533        0.429815        0.290354
     H   13       -0.236912        0.290354       -0.035352

     C   14       -0.629186       -0.033770        0.322289
     C   14       -0.033770        0.555678       -0.058235
     C   14        0.322289       -0.058235        0.073508

     H   15        0.428474        0.272116        0.333446
     H   15        0.272116       -0.302672        0.504940
     H   15        0.333446        0.504940       -0.125802

     C   16        0.185407       -0.279674        0.023039
     C   16       -0.279674        0.144807       -0.090408
     C   16        0.023039       -0.090408       -0.330214

     C   17       -0.768911        0.121512       -0.029445
     C   17        0.121512        0.680780        0.140950
     C   17       -0.029445        0.140950        0.088131

     Cl  18        0.414349       -0.192738       -0.221193
     Cl  18       -0.192738        1.594966       -0.244763
     Cl  18       -0.221193       -0.244763       -2.009315

     H   19       -0.251166        0.309105        0.155058
     H   19        0.309105        0.292401       -0.613346
     H   19        0.155058       -0.613346       -0.041235

     C   20        0.423258       -0.375614       -0.078317
     C   20       -0.375614       -0.187437        0.109398
     C   20       -0.078317        0.109398       -0.235821

     H   21        0.402664        0.128608        0.651975
     H   21        0.128608       -0.159548       -0.165770
     H   21        0.651975       -0.165770       -0.243116

     C   22        0.014520        0.027828       -0.177805
     C   22        0.027828        0.124669        0.008585
     C   22       -0.177805        0.008585       -0.139189

     C   23       -0.015748        0.148124       -0.132908
     C   23        0.148124        0.020198        0.518902
     C   23       -0.132908        0.518902       -0.004450

     Cl  24       -0.582265        0.669538       -1.014436
     Cl  24        0.669538       -0.535890        1.777509
     Cl  24       -1.014436        1.777509        1.118155


     NQR/NMR SPECTROSCOPIC PARAMETERS:
     Cl   1    Vxx=   -0.9945    axis=( -0.524724  0.787622 -0.322980)
     Cl   1    Vyy=   -1.3721    axis=(  0.331429  0.538490  0.774715)
     Cl   1    Vzz=    2.3666    axis=( -0.784104 -0.299467  0.543599)
     Cl   1  Q=        -8.1650 1e-30 m^2  Cq=       -45.4022 MHz  eta= 0.15955

     C    2    Vxx=    0.0611    axis=( -0.122341 -0.471829  0.873161)
     C    2    Vyy=    0.9967    axis=( -0.824633  0.537881  0.175112)
     C    2    Vzz=   -1.0578    axis=( -0.552279 -0.698614 -0.454891)
     C    2  Q=         1.0000 1e-30 m^2  Cq=        -2.4853 MHz  eta= 0.88449

     C    3    Vxx=   -0.1053    axis=(  0.615343  0.781904  0.099900)
     C    3    Vyy=   -0.4262    axis=( -0.674973  0.588118 -0.445565)
     C    3    Vzz=    0.5315    axis=( -0.407142  0.206746  0.889658)
     C    3  Q=         1.0000 1e-30 m^2  Cq=         1.2488 MHz  eta= 0.60373

     H    4    Vxx=   -0.0103    axis=(  0.143939 -0.954046 -0.262827)
     H    4    Vyy=   -0.7442    axis=(  0.410008  0.299219 -0.861604)
     H    4    Vzz=    0.7546    axis=(  0.900653  0.016257  0.434236)
     H    4  Q=         1.0000 1e-30 m^2  Cq=         1.7730 MHz  eta= 0.97261

     C    5    Vxx=    0.1934    axis=(  0.624441 -0.630045  0.461646)
     C    5    Vyy=    0.4793    axis=(  0.468358 -0.170959 -0.866841)
     C    5    Vzz=   -0.6728    axis=(  0.625072  0.757507  0.188333)
     C    5  Q=         1.0000 1e-30 m^2  Cq=        -1.5807 MHz  eta= 0.42492

     H    6    Vxx=   -0.0277    axis=(  0.784581 -0.347150  0.513730)
     H    6    Vyy=   -0.4607    axis=(  0.585478  0.142089 -0.798140)
     H    6    Vzz=    0.4883    axis=(  0.204079  0.926983  0.314729)
     H    6  Q=         1.0000 1e-30 m^2  Cq=         1.1474 MHz  eta= 0.88672

     H    7    Vxx=   -0.0040    axis=(  0.982747  0.176572  0.055048)
     H    7    Vyy=   -0.6143    axis=( -0.120249  0.383845  0.915535)
     H    7    Vzz=    0.6183    axis=(  0.140528 -0.906358  0.398455)
     H    7  Q=         1.0000 1e-30 m^2  Cq=         1.4528 MHz  eta= 0.98713

     C    8    Vxx=   -0.1105    axis=( -0.089297 -0.249415  0.964271)
     C    8    Vyy=   -0.5245    axis=( -0.967656 -0.207613 -0.143311)
     C    8    Vzz=    0.6350    axis=(  0.235939 -0.945880 -0.222809)
     C    8  Q=         1.0000 1e-30 m^2  Cq=         1.4920 MHz  eta= 0.65201

     H    9    Vxx=   -0.0597    axis=( -0.274549  0.096230  0.956746)
     H    9    Vyy=   -0.4728    axis=( -0.390912 -0.920219 -0.019620)
     H    9    Vzz=    0.5324    axis=(  0.878528 -0.379390  0.290263)
     H    9  Q=         1.0000 1e-30 m^2  Cq=         1.2510 MHz  eta= 0.77593

     C   10    Vxx=    0.0012    axis=(  0.860019  0.413074  0.299562)
     C   10    Vyy=    0.4182    axis=( -0.505003  0.773107  0.383767)
     C   10    Vzz=   -0.4194    axis=( -0.073070 -0.481327  0.873490)
     C   10  Q=         1.0000 1e-30 m^2  Cq=        -0.9855 MHz  eta= 0.99428

     C   11    Vxx=    0.0946    axis=(  0.765291 -0.134087 -0.629563)
     C   11    Vyy=    0.5483    axis=( -0.098178  0.942303 -0.320039)
     C   11    Vzz=   -0.6430    axis=(  0.636153  0.306733  0.707972)
     C   11  Q=         1.0000 1e-30 m^2  Cq=        -1.5107 MHz  eta= 0.70568

     Cl  12    Vxx=    0.1893    axis=(  0.782628  0.616364 -0.087113)
     Cl  12    Vyy=    2.2955    axis=(  0.383452 -0.367113  0.847463)
     Cl  12    Vzz=   -2.4848    axis=(  0.490365 -0.696652 -0.523659)
     Cl  12  Q=        -8.1650 1e-30 m^2  Cq=        47.6699 MHz  eta= 0.84766

     H   13    Vxx=    0.0652    axis=( -0.540667 -0.154946  0.826844)
     H   13    Vyy=    0.6181    axis=(  0.231913  0.917350  0.323552)
     H   13    Vzz=   -0.6832    axis=( -0.808638  0.366690 -0.460047)
     H   13  Q=         1.0000 1e-30 m^2  Cq=        -1.6053 MHz  eta= 0.80928

     C   14    Vxx=    0.1869    axis=(  0.355106  0.177473  0.917825)
     C   14    Vyy=    0.5678    axis=(  0.071548 -0.984094  0.162605)
     C   14    Vzz=   -0.7547    axis=(  0.932084  0.007926 -0.362155)
     C   14  Q=         1.0000 1e-30 m^2  Cq=        -1.7732 MHz  eta= 0.50459

     H   15    Vxx=   -0.0718    axis=(  0.652097 -0.492311 -0.576541)
     H   15    Vyy=   -0.7269    axis=(  0.006289  0.763959 -0.645234)
     H   15    Vzz=    0.7987    axis=(  0.758110  0.417130  0.501271)
     H   15  Q=         1.0000 1e-30 m^2  Cq=         1.8766 MHz  eta= 0.82026

     C   16    Vxx=   -0.1045    axis=(  0.687529  0.695590 -0.208464)
     C   16    Vyy=   -0.3489    axis=(  0.072935  0.219479  0.972887)
     C   16    Vzz=    0.4534    axis=(  0.722484 -0.684093  0.100165)
     C   16  Q=         1.0000 1e-30 m^2  Cq=         1.0653 MHz  eta= 0.53892

     C   17    Vxx=    0.0599    axis=( -0.065269 -0.208761  0.975786)
     C   17    Vyy=    0.7210    axis=(  0.075221  0.974060  0.213423)
     C   17    Vzz=   -0.7810    axis=( -0.995029  0.087329 -0.047873)
     C   17  Q=         1.0000 1e-30 m^2  Cq=        -1.8350 MHz  eta= 0.84649

     Cl  18    Vxx=    0.4106    axis=(  0.984844  0.138760 -0.104056)
     Cl  18    Vyy=    1.6376    axis=(  0.145240 -0.987725  0.057483)
     Cl  18    Vzz=   -2.0481    axis=(  0.094803  0.071725  0.992909)
     Cl  18  Q=        -8.1650 1e-30 m^2  Cq=        39.2921 MHz  eta= 0.59908

     H   19    Vxx=   -0.0628    axis=(  0.811883  0.224240  0.539038)
     H   19    Vyy=   -0.7222    axis=(  0.562746 -0.546412 -0.620283)
     H   19    Vzz=    0.7851    axis=( -0.155444 -0.806939  0.569813)
     H   19  Q=         1.0000 1e-30 m^2  Cq=         1.8446 MHz  eta= 0.83990

     C   20    Vxx=   -0.2230    axis=( -0.292754 -0.315478 -0.902646)
     C   20    Vyy=   -0.3953    axis=(  0.348254  0.843988 -0.407925)
     C   20    Vzz=    0.6183    axis=( -0.890513  0.433772  0.137214)
     C   20  Q=         1.0000 1e-30 m^2  Cq=         1.4527 MHz  eta= 0.27870

     H   21    Vxx=   -0.0830    axis=(  0.163156  0.937777 -0.306520)
     H   21    Vyy=   -0.7248    axis=( -0.498881  0.346455  0.794410)
     H   21    Vzz=    0.8078    axis=(  0.851175  0.023304  0.524365)
     H   21  Q=         1.0000 1e-30 m^2  Cq=         1.8981 MHz  eta= 0.79454

     C   22    Vxx=    0.1100    axis=(  0.521310 -0.754864 -0.398016)
     C   22    Vyy=    0.1474    axis=( -0.651986 -0.653239  0.384958)
     C   22    Vzz=   -0.2574    axis=(  0.550590 -0.058818  0.832701)
     C   22  Q=         1.0000 1e-30 m^2  Cq=        -0.6047 MHz  eta= 0.14534

     C   23    Vxx=    0.0537    axis=( -0.943081 -0.212927  0.255463)
     C   23    Vyy=    0.5273    axis=( -0.025966 -0.718671 -0.694865)
     C   23    Vzz=   -0.5810    axis=( -0.331549  0.661947 -0.672236)
     C   23  Q=         1.0000 1e-30 m^2  Cq=        -1.3650 MHz  eta= 0.81514

     Cl  24    Vxx=    0.0315    axis=(  0.823210  0.551705 -0.133963)
     Cl  24    Vyy=    2.3452    axis=(  0.185486 -0.484369 -0.854975)
     Cl  24    Vzz=   -2.3768    axis=( -0.536581  0.678976 -0.501071)
     Cl  24  Q=        -8.1650 1e-30 m^2  Cq=        45.5974 MHz  eta= 0.97347

     Initialization:
     gipaw_setup  :      9.22s CPU     11.02s WALL (       1 calls)

     Linear response

     Apply operators

     Induced current

     Other routines
     efg          :      9.14s CPU     11.44s WALL (       1 calls)

     General routines
     calbec       :      3.23s CPU      4.15s WALL (      16 calls)
     fft          :      1.40s CPU      1.94s WALL (      15 calls)
     ffts         :      0.04s CPU      0.04s WALL (       2 calls)
     fftw         :      3.13s CPU      3.90s WALL (     672 calls)
     davcio       :      0.01s CPU      0.32s WALL (      32 calls)

     Parallel routines
     fft_scatter  :      1.89s CPU      2.99s WALL (     689 calls)

     Plugins

     GIPAW        :     62.04s CPU     81.80s WALL (       1 calls)
