
     Program QE v.6.0 (svn rev. 13079) starts on 24Dec2016 at  0:56:34 

     This program is part of the open-source Quantum ESPRESSO suite
     for quantum simulation of materials; please cite
         "P. Giannozzi et al., J. Phys.:Condens. Matter 21 395502 (2009);
          URL http://www.quantum-espresso.org", 
     in publications or presentations arising from this work. More details at
     http://www.quantum-espresso.org/quote

     Parallel version (MPI), running on     8 processors
     R & G space division:  proc/nbgrp/npool/nimage =       8

     ***** This is GIPAW svn revision unknown      *****

     Parallelizing q-star over 1 images

     Reading data from directory:
     /users/majewski/paradichlorobenzene/pbe/9_constraint/scratch/pbe.ecut100.np8.dt60.pcl2phi-129368.save
     Message from routine read_xml_file:
     file /users/majewski/paradichlorobenzene/pbe/9_constraint/scratch/pbe.ecut100.np8.dt60.pcl2phi-129368.save not guaranteed to be safe for post-processing

   Info: using nr1, nr2, nr3 values from input

   Info: using nr1, nr2, nr3 values from input

     IMPORTANT: XC functional enforced from input :
     Exchange-correlation      =  SLA  PW   PBX  PBC ( 1  4  3  4 0 0)
     Any further DFT definition will be discarded
     Please, verify this is what you really want

               file C.pbe-n-kjpaw_psl.1.0.0.UPF: wavefunction(s)  2S 2P renormalized
               file Cl.pbe-n-kjpaw_psl.1.0.0.UPF: wavefunction(s)  3S 3P renormalized
               file H.pbe-kjpaw_psl.1.0.0.UPF: wavefunction(s)  1S renormalized

     Parallelization info
     --------------------
     sticks:   dense  smooth     PW     G-vecs:    dense   smooth      PW
     Min        3057    1223    332               144436    36536    5170
     Max        3059    1225    333               144437    36537    5171
     Sum       24467    9791   2657              1155489   292295   41363


     Subspace diagonalization in iterative solution of the eigenvalue problem:
     a serial algorithm will be used

     GIPAW projectors -----------------------------------------------
     atom=  C    l=0  rc=    1.2000  rs=    0.8000
     atom=  C    l=0  rc=    1.2000  rs=    0.8000
     atom=  C    l=1  rc=    1.4000  rs=    0.9333
     atom=  C    l=1  rc=    1.4000  rs=    0.9333
     projs nearly linearly dependent: l=1  n1,n2= 1, 2  s=  0.99951561

     atom=  Cl   l=0  rc=    1.6000  rs=    1.0667
     atom=  Cl   l=0  rc=    1.6000  rs=    1.0667
     atom=  Cl   l=1  rc=    1.6000  rs=    1.0667
     atom=  Cl   l=1  rc=    1.6000  rs=    1.0667
     atom=  Cl   l=2  rc=    1.6000  rs=    1.0667
     atom=  Cl   l=2  rc=    1.6000  rs=    1.0667
     projs nearly linearly dependent: l=2  n1,n2= 1, 2  s=  0.99993509

     atom=  H    l=0  rc=    1.0000  rs=    0.6667
     atom=  H    l=0  rc=    1.0000  rs=    0.6667
     projs nearly linearly dependent: l=0  n1,n2= 1, 2  s=  0.99968852
     -----------------------------------------------------------------

     GIPAW integrals: -------------------------------------------
     Atom  i/j   nmr_para   nmr_dia   epr_rmc  epr_para   epr_dia
       C   1 1   0.83E+03  0.17E-01  0.93E+01  0.24E+08  0.24E+03
       C   2 1   0.86E+03 -0.61E-01  0.94E+01  0.25E+08  0.25E+03
       C   2 2   0.90E+03 -0.15E+00  0.97E+01  0.26E+08  0.26E+03
       C   3 3   0.33E+01  0.34E+00  0.18E+01  0.55E+03  0.21E+02
       C   4 3   0.35E+01  0.37E+00  0.20E+01  0.59E+03  0.22E+02
       C   4 4   0.38E+01  0.39E+00  0.22E+01  0.63E+03  0.24E+02
       Cl  1 1   0.14E+04 -0.47E+00  0.84E+01  0.32E+09  0.42E+03
       Cl  2 1   0.21E+04 -0.37E+00  0.12E+02  0.49E+09  0.65E+03
       Cl  2 2   0.33E+04 -0.16E+00  0.21E+02  0.76E+09  0.10E+04
       Cl  3 3   0.21E+02  0.79E-01  0.89E+01  0.23E+05  0.13E+03
       Cl  4 3   0.24E+02  0.67E-01  0.99E+01  0.27E+05  0.15E+03
       Cl  4 4   0.28E+02  0.44E-01  0.11E+02  0.32E+05  0.18E+03
       Cl  5 5   0.77E+00  0.19E+00  0.18E+01  0.12E+03  0.22E+02
       Cl  6 5   0.80E+00  0.19E+00  0.19E+01  0.12E+03  0.23E+02
       Cl  6 6   0.83E+00  0.20E+00  0.19E+01  0.12E+03  0.23E+02
       H   1 1   0.39E+02  0.19E+00  0.29E+00  0.78E+05  0.13E+02
       H   2 1   0.41E+02  0.21E+00  0.32E+00  0.82E+05  0.14E+02
       H   2 2   0.43E+02  0.22E+00  0.36E+00  0.86E+05  0.15E+02
     ------------------------------------------------------------

     alpha_pv=     34.5108 eV

     Number of occupied bands for each k-point:
     k-point:     1    nbnd_occ=  42
     k-point:     2    nbnd_occ=  42
     k-point:     3    nbnd_occ=  42
     k-point:     4    nbnd_occ=  42
     k-point:     5    nbnd_occ=  42
     k-point:     6    nbnd_occ=  42
     k-point:     7    nbnd_occ=  42
     k-point:     8    nbnd_occ=  42
     k-point:     9    nbnd_occ=  42
     k-point:    10    nbnd_occ=  42
     k-point:    11    nbnd_occ=  42
     k-point:    12    nbnd_occ=  42
     k-point:    13    nbnd_occ=  42
     k-point:    14    nbnd_occ=  42
     k-point:    15    nbnd_occ=  42
     k-point:    16    nbnd_occ=  42


     q-space interpolation up to   110.00 Rydberg

     GIPAW job: efg                                                                             


     ELECTRIC FIELD GRADIENTS TENSORS IN Hartree/bohrradius^2:

     ----- bare term -----
     Cl   1        0.164331        0.109850       -0.024941
     Cl   1        0.109850        0.240168        0.050372
     Cl   1       -0.024941        0.050372       -0.404499

     C    2       -0.614055        0.121888       -0.267529
     C    2        0.121888        0.022703       -0.220545
     C    2       -0.267529       -0.220545        0.591351

     C    3       -0.032833        0.128086       -0.199969
     C    3        0.128086       -0.528366       -0.403904
     C    3       -0.199969       -0.403904        0.561199

     H    4       -0.576479       -0.115717       -0.187525
     H    4       -0.115717        0.372084       -0.265591
     H    4       -0.187525       -0.265591        0.204395

     C    5       -0.782033        0.354820       -0.409136
     C    5        0.354820        0.359016       -0.127150
     C    5       -0.409136       -0.127150        0.423017

     H    6        0.457752       -0.059667        0.036067
     H    6       -0.059667       -0.348371       -0.462036
     H    6        0.036067       -0.462036       -0.109381

     H    7        0.052373       -0.116820        0.190540
     H    7       -0.116820       -0.186716        0.512831
     H    7        0.190540        0.512831        0.134343

     C    8       -0.421477        0.006305       -0.334843
     C    8        0.006305       -0.035744        0.482884
     C    8       -0.334843        0.482884        0.457221

     H    9       -0.429062        0.144403       -0.536277
     H    9        0.144403        0.248026        0.199831
     H    9       -0.536277        0.199831        0.181036

     C   10       -0.071269       -0.432224        0.014596
     C   10       -0.432224       -0.498574        0.506387
     C   10        0.014596        0.506387        0.569844

     C   11       -0.332518        0.192075       -0.274742
     C   11        0.192075       -0.071945        0.594757
     C   11       -0.274742        0.594757        0.404462

     Cl  12       -0.034300       -0.166210       -0.055105
     Cl  12       -0.166210       -0.068700        0.001486
     Cl  12       -0.055105        0.001486        0.103000

     H   13        0.441508       -0.059542       -0.047717
     H   13       -0.059542       -0.276797       -0.608160
     H   13       -0.047717       -0.608160       -0.164710

     C   14       -0.215472        0.250098       -0.162166
     C   14        0.250098       -0.358629       -0.357880
     C   14       -0.162166       -0.357880        0.574101

     H   15       -0.557545       -0.409165       -0.310191
     H   15       -0.409165        0.261139       -0.144085
     H   15       -0.310191       -0.144085        0.296406

     C   16       -0.440326        0.312232       -0.307056
     C   16        0.312232        0.031931       -0.286627
     C   16       -0.307056       -0.286627        0.408395

     C   17       -0.051609        0.052043       -0.269849
     C   17        0.052043       -0.026960       -0.642924
     C   17       -0.269849       -0.642924        0.078568

     Cl  18       -0.096891        0.144067       -0.059892
     Cl  18        0.144067        0.034953       -0.090979
     Cl  18       -0.059892       -0.090979        0.061939

     H   19        0.476660        0.023333        0.032379
     H   19        0.023333       -0.090323        0.468814
     H   19        0.032379        0.468814       -0.386337

     C   20       -0.331811       -0.326090       -0.066825
     C   20       -0.326090       -0.193733        0.451671
     C   20       -0.066825        0.451671        0.525544

     H   21       -0.098087        0.043390       -0.611369
     H   21        0.043390        0.412809       -0.023368
     H   21       -0.611369       -0.023368       -0.314723

     C   22       -0.284868       -0.054664       -0.202964
     C   22       -0.054664       -0.102044        0.452916
     C   22       -0.202964        0.452916        0.386912

     C   23       -0.158985       -0.165571       -0.286866
     C   23       -0.165571       -0.366535        0.459053
     C   23       -0.286866        0.459053        0.525519

     Cl  24       -0.071969       -0.018285       -0.094893
     Cl  24       -0.018285        0.004841        0.139231
     Cl  24       -0.094893        0.139231        0.067128

     ----- ionic term -----
     Cl   1        0.150893       -0.242719       -0.052846
     Cl   1       -0.242719       -0.001567        0.044145
     Cl   1       -0.052846        0.044145       -0.149327

     C    2        0.264643       -0.205262        0.131779
     C    2       -0.205262        0.034743        0.478809
     C    2        0.131779        0.478809       -0.299386

     C    3        0.183661       -0.198774        0.102202
     C    3       -0.198774        0.058459        0.458620
     C    3        0.102202        0.458620       -0.242121

     H    4        0.616841        0.311201        0.662264
     H    4        0.311201       -0.461718        0.251923
     H    4        0.662264        0.251923       -0.155123

     C    5        0.356202       -0.147926        0.166347
     C    5       -0.147926       -0.076403        0.368771
     C    5        0.166347        0.368771       -0.279799

     H    6       -0.526421        0.022599        0.013048
     H    6        0.022599        0.468331        0.807611
     H    6        0.013048        0.807611        0.058089

     H    7       -0.505058        0.133259       -0.112093
     H    7        0.133259        0.311246       -0.779920
     H    7       -0.112093       -0.779920        0.193811

     C    8        0.177073        0.237880        0.252032
     C    8        0.237880        0.006046       -0.329172
     C    8        0.252032       -0.329172       -0.183118

     H    9        0.549762       -0.153973        0.744808
     H    9       -0.153973       -0.474608       -0.196373
     H    9        0.744808       -0.196373       -0.075154

     C   10        0.056171        0.276851        0.216788
     C   10        0.276851        0.178517       -0.442124
     C   10        0.216788       -0.442124       -0.234688

     C   11        0.139370        0.188272        0.355969
     C   11        0.188272        0.113163       -0.431542
     C   11        0.355969       -0.431542       -0.252532

     Cl  12        0.130730        0.232057        0.061313
     Cl  12        0.232057        0.032069        0.026114
     Cl  12        0.061313        0.026114       -0.162799

     H   13       -0.491886        0.084291        0.057889
     H   13        0.084291        0.720375        0.691291
     H   13        0.057889        0.691291       -0.228489

     C   14        0.379509       -0.160703        0.171119
     C   14       -0.160703       -0.016819        0.325256
     C   14        0.171119        0.325256       -0.362690

     H   15        0.732191        0.353311        0.556120
     H   15        0.353311       -0.456077        0.229441
     H   15        0.556120        0.229441       -0.276113

     C   16        0.212078       -0.177839        0.110439
     C   16       -0.177839        0.049953        0.453775
     C   16        0.110439        0.453775       -0.262032

     C   17        0.250278       -0.089285        0.206302
     C   17       -0.089285       -0.012218        0.477249
     C   17        0.206302        0.477249       -0.238060

     Cl  18        0.132998       -0.178857       -0.035563
     Cl  18       -0.178857       -0.018053        0.021551
     Cl  18       -0.035563        0.021551       -0.114945

     H   19       -0.524026        0.000659        0.014812
     H   19        0.000659        0.665815       -0.711453
     H   19        0.014812       -0.711453       -0.141790

     C   20        0.262622        0.194454        0.301490
     C   20        0.194454        0.058718       -0.299980
     C   20        0.301490       -0.299980       -0.321340

     H   21        0.609204       -0.333814        0.650128
     H   21       -0.333814       -0.407517       -0.246360
     H   21        0.650128       -0.246360       -0.201687

     C   22        0.128347        0.205712        0.223190
     C   22        0.205712        0.186239       -0.388868
     C   22        0.223190       -0.388868       -0.314586

     C   23        0.079747        0.152716        0.315678
     C   23        0.152716        0.143398       -0.434464
     C   23        0.315678       -0.434464       -0.223146

     Cl  24        0.106254        0.214505        0.013976
     Cl  24        0.214505        0.024760        0.001934
     Cl  24        0.013976        0.001934       -0.131013

     ----- GIPAW term -----
     Cl   1       -0.390275       -0.674228       -0.083192
     Cl   1       -0.674228       -0.804422        0.020882
     Cl   1       -0.083192        0.020882        1.194697

     C    2       -0.158559       -0.059444       -0.070848
     C    2       -0.059444       -0.108179        0.029528
     C    2       -0.070848        0.029528        0.266738

     C    3       -0.102962       -0.027084       -0.089216
     C    3       -0.027084       -0.140187        0.088045
     C    3       -0.089216        0.088045        0.243150

     H    4       -0.000000        0.000000        0.000000
     H    4        0.000000        0.000000        0.000000
     H    4        0.000000        0.000000        0.000000

     C    5       -0.212701        0.068127       -0.049846
     C    5        0.068127        0.218169        0.079707
     C    5       -0.049846        0.079707       -0.005469

     H    6       -0.000000        0.000000        0.000000
     H    6        0.000000        0.000000        0.000000
     H    6        0.000000        0.000000        0.000000

     H    7       -0.000000        0.000000        0.000000
     H    7        0.000000        0.000000        0.000000
     H    7        0.000000        0.000000        0.000000

     C    8       -0.095384        0.056830        0.016110
     C    8        0.056830       -0.030151        0.182418
     C    8        0.016110        0.182418        0.125535

     H    9       -0.000000        0.000000        0.000000
     H    9        0.000000        0.000000        0.000000
     H    9        0.000000        0.000000        0.000000

     C   10       -0.030747       -0.075637        0.101909
     C   10       -0.075637       -0.150208        0.048544
     C   10        0.101909        0.048544        0.180954

     C   11       -0.084494        0.161643        0.027395
     C   11        0.161643       -0.070511        0.188683
     C   11        0.027395        0.188683        0.155005

     Cl  12        1.667263        1.762130       -0.468275
     Cl  12        1.762130       -0.359285       -0.030497
     Cl  12       -0.468275       -0.030497       -1.307978

     H   13       -0.000000        0.000000        0.000000
     H   13        0.000000        0.000000        0.000000
     H   13        0.000000        0.000000        0.000000

     C   14       -0.102456        0.035808       -0.001892
     C   14        0.035808       -0.193013       -0.019620
     C   14       -0.001892       -0.019620        0.295469

     H   15       -0.000000        0.000000        0.000000
     H   15        0.000000        0.000000        0.000000
     H   15        0.000000        0.000000        0.000000

     C   16       -0.116570        0.103238       -0.024882
     C   16        0.103238        0.057343        0.029355
     C   16       -0.024882        0.029355        0.059227

     C   17       -0.001335       -0.043493       -0.045980
     C   17       -0.043493        0.167439       -0.111629
     C   17       -0.045980       -0.111629       -0.166105

     Cl  18        0.031320       -0.007402       -1.377471
     Cl  18       -0.007402        0.527367       -1.993111
     Cl  18       -1.377471       -1.993111       -0.558687

     H   19       -0.000000        0.000000        0.000000
     H   19        0.000000        0.000000        0.000000
     H   19        0.000000        0.000000        0.000000

     C   20       -0.128761       -0.025101        0.056747
     C   20       -0.025101       -0.119817        0.186614
     C   20        0.056747        0.186614        0.248578

     H   21       -0.000000        0.000000        0.000000
     H   21        0.000000        0.000000        0.000000
     H   21        0.000000        0.000000        0.000000

     C   22       -0.171634        0.041514        0.008604
     C   22        0.041514       -0.056396        0.179948
     C   22        0.008604        0.179948        0.228031

     C   23       -0.093000        0.050187       -0.061108
     C   23        0.050187       -0.134183        0.160260
     C   23       -0.061108        0.160260        0.227183

     Cl  24       -0.175934        1.460097       -0.670040
     Cl  24        1.460097        0.504601        2.127152
     Cl  24       -0.670040        2.127152       -0.328666

     ----- total EFG -----
     Cl   1       -0.075050       -0.807096       -0.160979
     Cl   1       -0.807096       -0.565821        0.115399
     Cl   1       -0.160979        0.115399        0.640871

     C    2       -0.507970       -0.142818       -0.206598
     C    2       -0.142818       -0.050733        0.287791
     C    2       -0.206598        0.287791        0.558703

     C    3        0.047866       -0.097772       -0.186983
     C    3       -0.097772       -0.610094        0.142761
     C    3       -0.186983        0.142761        0.562228

     H    4        0.040362        0.195483        0.474739
     H    4        0.195483       -0.089634       -0.013668
     H    4        0.474739       -0.013668        0.049272

     C    5       -0.638532        0.275022       -0.292635
     C    5        0.275022        0.500782        0.321328
     C    5       -0.292635        0.321328        0.137749

     H    6       -0.068668       -0.037068        0.049115
     H    6       -0.037068        0.119961        0.345575
     H    6        0.049115        0.345575       -0.051292

     H    7       -0.452685        0.016439        0.078447
     H    7        0.016439        0.124530       -0.267089
     H    7        0.078447       -0.267089        0.328154

     C    8       -0.339789        0.301015       -0.066701
     C    8        0.301015       -0.059849        0.336130
     C    8       -0.066701        0.336130        0.399638

     H    9        0.120700       -0.009570        0.208531
     H    9       -0.009570       -0.226583        0.003458
     H    9        0.208531        0.003458        0.105882

     C   10       -0.045845       -0.231009        0.333294
     C   10       -0.231009       -0.470265        0.112808
     C   10        0.333294        0.112808        0.516110

     C   11       -0.277642        0.541990        0.108622
     C   11        0.541990       -0.029293        0.351898
     C   11        0.108622        0.351898        0.306935

     Cl  12        1.763692        1.827977       -0.462066
     Cl  12        1.827977       -0.395916       -0.002897
     Cl  12       -0.462066       -0.002897       -1.367777

     H   13       -0.050378        0.024749        0.010172
     H   13        0.024749        0.443578        0.083131
     H   13        0.010172        0.083131       -0.393200

     C   14        0.061580        0.125203        0.007062
     C   14        0.125203       -0.568461       -0.052244
     C   14        0.007062       -0.052244        0.506880

     H   15        0.174646       -0.055854        0.245929
     H   15       -0.055854       -0.194938        0.085356
     H   15        0.245929        0.085356        0.020292

     C   16       -0.344818        0.237631       -0.221500
     C   16        0.237631        0.139228        0.196503
     C   16       -0.221500        0.196503        0.205590

     C   17        0.197335       -0.080735       -0.109528
     C   17       -0.080735        0.128261       -0.277305
     C   17       -0.109528       -0.277305       -0.325596

     Cl  18        0.067427       -0.042191       -1.472926
     Cl  18       -0.042191        0.544267       -2.062539
     Cl  18       -1.472926       -2.062539       -0.611694

     H   19       -0.047366        0.023992        0.047191
     H   19        0.023992        0.575492       -0.242639
     H   19        0.047191       -0.242639       -0.528126

     C   20       -0.197949       -0.156738        0.291412
     C   20       -0.156738       -0.254833        0.338305
     C   20        0.291412        0.338305        0.452782

     H   21        0.511117       -0.290424        0.038759
     H   21       -0.290424        0.005292       -0.269727
     H   21        0.038759       -0.269727       -0.516410

     C   22       -0.328155        0.192562        0.028830
     C   22        0.192562        0.027799        0.243997
     C   22        0.028830        0.243997        0.300357

     C   23       -0.172237        0.037333       -0.032296
     C   23        0.037333       -0.357319        0.184849
     C   23       -0.032296        0.184849        0.529556

     Cl  24       -0.141650        1.656318       -0.750957
     Cl  24        1.656318        0.534202        2.268318
     Cl  24       -0.750957        2.268318       -0.392552

     ----- total EFG (symmetrized) -----
     Cl   1       -0.075050       -0.807096       -0.160979
     Cl   1       -0.807096       -0.565821        0.115399
     Cl   1       -0.160979        0.115399        0.640871

     C    2       -0.507970       -0.142818       -0.206598
     C    2       -0.142818       -0.050733        0.287791
     C    2       -0.206598        0.287791        0.558703

     C    3        0.047866       -0.097772       -0.186983
     C    3       -0.097772       -0.610094        0.142761
     C    3       -0.186983        0.142761        0.562228

     H    4        0.040362        0.195483        0.474739
     H    4        0.195483       -0.089634       -0.013668
     H    4        0.474739       -0.013668        0.049272

     C    5       -0.638532        0.275022       -0.292635
     C    5        0.275022        0.500782        0.321328
     C    5       -0.292635        0.321328        0.137749

     H    6       -0.068668       -0.037068        0.049115
     H    6       -0.037068        0.119961        0.345575
     H    6        0.049115        0.345575       -0.051292

     H    7       -0.452685        0.016439        0.078447
     H    7        0.016439        0.124530       -0.267089
     H    7        0.078447       -0.267089        0.328154

     C    8       -0.339789        0.301015       -0.066701
     C    8        0.301015       -0.059849        0.336130
     C    8       -0.066701        0.336130        0.399638

     H    9        0.120700       -0.009570        0.208531
     H    9       -0.009570       -0.226583        0.003458
     H    9        0.208531        0.003458        0.105882

     C   10       -0.045845       -0.231009        0.333294
     C   10       -0.231009       -0.470265        0.112808
     C   10        0.333294        0.112808        0.516110

     C   11       -0.277642        0.541990        0.108622
     C   11        0.541990       -0.029293        0.351898
     C   11        0.108622        0.351898        0.306935

     Cl  12        1.763692        1.827977       -0.462066
     Cl  12        1.827977       -0.395916       -0.002897
     Cl  12       -0.462066       -0.002897       -1.367777

     H   13       -0.050378        0.024749        0.010172
     H   13        0.024749        0.443578        0.083131
     H   13        0.010172        0.083131       -0.393200

     C   14        0.061580        0.125203        0.007062
     C   14        0.125203       -0.568461       -0.052244
     C   14        0.007062       -0.052244        0.506880

     H   15        0.174646       -0.055854        0.245929
     H   15       -0.055854       -0.194938        0.085356
     H   15        0.245929        0.085356        0.020292

     C   16       -0.344818        0.237631       -0.221500
     C   16        0.237631        0.139228        0.196503
     C   16       -0.221500        0.196503        0.205590

     C   17        0.197335       -0.080735       -0.109528
     C   17       -0.080735        0.128261       -0.277305
     C   17       -0.109528       -0.277305       -0.325596

     Cl  18        0.067427       -0.042191       -1.472926
     Cl  18       -0.042191        0.544267       -2.062539
     Cl  18       -1.472926       -2.062539       -0.611694

     H   19       -0.047366        0.023992        0.047191
     H   19        0.023992        0.575492       -0.242639
     H   19        0.047191       -0.242639       -0.528126

     C   20       -0.197949       -0.156738        0.291412
     C   20       -0.156738       -0.254833        0.338305
     C   20        0.291412        0.338305        0.452782

     H   21        0.511117       -0.290424        0.038759
     H   21       -0.290424        0.005292       -0.269727
     H   21        0.038759       -0.269727       -0.516410

     C   22       -0.328155        0.192562        0.028830
     C   22        0.192562        0.027799        0.243997
     C   22        0.028830        0.243997        0.300357

     C   23       -0.172237        0.037333       -0.032296
     C   23        0.037333       -0.357319        0.184849
     C   23       -0.032296        0.184849        0.529556

     Cl  24       -0.141650        1.656318       -0.750957
     Cl  24        1.656318        0.534202        2.268318
     Cl  24       -0.750957        2.268318       -0.392552


     NQR/NMR SPECTROSCOPIC PARAMETERS:
     Cl   1    Vxx=    0.3754    axis=( -0.643225  0.478254 -0.597941)
     Cl   1    Vyy=    0.7886    axis=( -0.481153  0.355006  0.801538)
     Cl   1    Vzz=   -1.1640    axis=( -0.595612 -0.803271 -0.001764)
     Cl   1  Q=        -8.1650 1e-30 m^2  Cq=        22.3311 MHz  eta= 0.35499

     C    2    Vxx=   -0.1576    axis=( -0.132200  0.905994 -0.402118)
     C    2    Vyy=   -0.5643    axis=(  0.971713  0.198548  0.127879)
     C    2    Vzz=    0.7220    axis=( -0.195697  0.373838  0.906614)
     C    2  Q=         1.0000 1e-30 m^2  Cq=         1.6963 MHz  eta= 0.56334

     C    3    Vxx=   -0.0092    axis=( -0.941966  0.075559 -0.327096)
     C    3    Vyy=   -0.6358    axis=(  0.114008  0.988435 -0.099990)
     C    3    Vzz=    0.6450    axis=( -0.315758  0.131479  0.939686)
     C    3  Q=         1.0000 1e-30 m^2  Cq=         1.5156 MHz  eta= 0.97141

     H    4    Vxx=   -0.0585    axis=( -0.116768 -0.909550  0.398853)
     H    4    Vyy=   -0.4877    axis=(  0.693757 -0.362075 -0.622578)
     H    4    Vzz=    0.5462    axis=(  0.710681  0.204010  0.673285)
     H    4  Q=         1.0000 1e-30 m^2  Cq=         1.2834 MHz  eta= 0.78565

     C    5    Vxx=    0.1426    axis=( -0.440051 -0.388454  0.809604)
     C    5    Vyy=    0.6955    axis=( -0.079448 -0.881213 -0.465996)
     C    5    Vzz=   -0.8381    axis=(  0.894452 -0.269383  0.356916)
     C    5  Q=         1.0000 1e-30 m^2  Cq=        -1.9693 MHz  eta= 0.65964

     H    6    Vxx=   -0.0545    axis=(  0.974496 -0.140129  0.175275)
     H    6    Vyy=   -0.3359    axis=( -0.224392 -0.600260  0.767682)
     H    6    Vzz=    0.3904    axis=(  0.002364  0.787434  0.616395)
     H    6  Q=         1.0000 1e-30 m^2  Cq=         0.9172 MHz  eta= 0.72075

     H    7    Vxx=   -0.0512    axis=(  0.141211  0.822994  0.550219)
     H    7    Vyy=   -0.4641    axis=( -0.988317  0.084999  0.126509)
     H    7    Vzz=    0.5154    axis=(  0.057348 -0.561655  0.825382)
     H    7  Q=         1.0000 1e-30 m^2  Cq=         1.2109 MHz  eta= 0.80125

     C    8    Vxx=    0.0084    axis=( -0.634298 -0.636525  0.438751)
     C    8    Vyy=    0.5852    axis=(  0.099158  0.495858  0.862724)
     C    8    Vzz=   -0.5936    axis=( -0.766703  0.590730 -0.251405)
     C    8  Q=         1.0000 1e-30 m^2  Cq=        -1.3947 MHz  eta= 0.97163

     H    9    Vxx=   -0.0947    axis=( -0.692245  0.069088  0.718348)
     H    9    Vyy=   -0.2273    axis=(  0.053842  0.997577 -0.044057)
     H    9    Vzz=    0.3220    axis=( -0.719651  0.008179 -0.694288)
     H    9  Q=         1.0000 1e-30 m^2  Cq=         0.7565 MHz  eta= 0.41154

     C   10    Vxx=   -0.0453    axis=( -0.777399  0.517531  0.357509)
     C   10    Vyy=   -0.6258    axis=(  0.467939  0.855652 -0.221117)
     C   10    Vzz=    0.6711    axis=(  0.420339  0.004604  0.907356)
     C   10  Q=         1.0000 1e-30 m^2  Cq=         1.5768 MHz  eta= 0.86490

     C   11    Vxx=    0.0223    axis=( -0.519162 -0.434816  0.735803)
     C   11    Vyy=    0.7065    axis=( -0.416292 -0.623240 -0.662022)
     C   11    Vzz=   -0.7289    axis=( -0.746440  0.650005 -0.142552)
     C   11  Q=         1.0000 1e-30 m^2  Cq=        -1.7125 MHz  eta= 0.93869

     Cl  12    Vxx=   -1.1967    axis=( -0.273779  0.627605  0.728806)
     Cl  12    Vyy=   -1.6489    axis=(  0.416295 -0.605773  0.678039)
     Cl  12    Vzz=    2.8456    axis=( -0.867031 -0.489031  0.095421)
     Cl  12  Q=        -8.1650 1e-30 m^2  Cq=       -54.5910 MHz  eta= 0.15891

     H   13    Vxx=   -0.0515    axis=(  0.998465 -0.052748  0.016890)
     H   13    Vyy=   -0.4015    axis=(  0.021969  0.097232 -0.995019)
     H   13    Vzz=    0.4531    axis=(  0.050843  0.993863  0.098241)
     H   13  Q=         1.0000 1e-30 m^2  Cq=         1.0645 MHz  eta= 0.77260

     C   14    Vxx=    0.0855    axis=(  0.982241  0.187503  0.006787)
     C   14    Vyy=    0.5094    axis=( -0.002290  0.048147 -0.998838)
     C   14    Vzz=   -0.5949    axis=( -0.187612  0.981083  0.047722)
     C   14  Q=         1.0000 1e-30 m^2  Cq=        -1.3979 MHz  eta= 0.71248

     H   15    Vxx=   -0.0743    axis=(  0.458937 -0.644948 -0.611080)
     H   15    Vyy=   -0.2810    axis=(  0.376421  0.764156 -0.523806)
     H   15    Vzz=    0.3553    axis=( -0.804788 -0.010370 -0.593472)
     H   15  Q=         1.0000 1e-30 m^2  Cq=         0.8348 MHz  eta= 0.58163

     C   16    Vxx=    0.1751    axis=(  0.528026  0.675080 -0.515224)
     C   16    Vyy=    0.3722    axis=(  0.034726 -0.623354 -0.781169)
     C   16    Vzz=   -0.5474    axis=( -0.848518  0.394585 -0.352590)
     C   16  Q=         1.0000 1e-30 m^2  Cq=        -1.2861 MHz  eta= 0.36012

     C   17    Vxx=    0.2103    axis=(  0.870755  0.340896 -0.354367)
     C   17    Vyy=    0.2729    axis=(  0.452341 -0.837911  0.305438)
     C   17    Vzz=   -0.4832    axis=(  0.192805  0.426256  0.883816)
     C   17  Q=         1.0000 1e-30 m^2  Cq=        -1.1354 MHz  eta= 0.12960

     Cl  18    Vxx=    0.2607    axis=(  0.828437 -0.552327 -0.092883)
     Cl  18    Vyy=    2.4604    axis=( -0.378444 -0.674272  0.634143)
     Cl  18    Vzz=   -2.7211    axis=( -0.412883 -0.490197 -0.767617)
     Cl  18  Q=        -8.1650 1e-30 m^2  Cq=        52.2024 MHz  eta= 0.80839

     H   19    Vxx=   -0.0428    axis=(  0.995280 -0.000539  0.097041)
     H   19    Vyy=   -0.5840    axis=(  0.094854 -0.205785 -0.973989)
     H   19    Vzz=    0.6268    axis=(  0.020494  0.978597 -0.204762)
     H   19  Q=         1.0000 1e-30 m^2  Cq=         1.4726 MHz  eta= 0.86350

     C   20    Vxx=   -0.0671    axis=(  0.762200 -0.647313 -0.006011)
     C   20    Vyy=   -0.5789    axis=(  0.592256  0.701059 -0.397176)
     C   20    Vzz=    0.6460    axis=(  0.261312  0.299168  0.917723)
     C   20  Q=         1.0000 1e-30 m^2  Cq=         1.5179 MHz  eta= 0.79216

     H   21    Vxx=   -0.0262    axis=(  0.457910  0.793686 -0.400477)
     H   21    Vyy=   -0.6366    axis=(  0.074320  0.414727  0.906906)
     H   21    Vzz=    0.6627    axis=(  0.885887 -0.445044  0.130921)
     H   21  Q=         1.0000 1e-30 m^2  Cq=         1.5572 MHz  eta= 0.92104

     C   22    Vxx=   -0.0428    axis=(  0.429613  0.718511 -0.546969)
     C   22    Vyy=   -0.4206    axis=( -0.888648  0.444007 -0.114724)
     C   22    Vzz=    0.4635    axis=(  0.160427  0.535350  0.829255)
     C   22  Q=         1.0000 1e-30 m^2  Cq=         1.0889 MHz  eta= 0.81527

     C   23    Vxx=   -0.1650    axis=(  0.982386  0.186821 -0.004041)
     C   23    Vyy=   -0.4023    axis=( -0.183931  0.962918 -0.197377)
     C   23    Vzz=    0.5673    axis=( -0.032984  0.194644  0.980319)
     C   23  Q=         1.0000 1e-30 m^2  Cq=         1.3330 MHz  eta= 0.41833

     Cl  24    Vxx=    0.4865    axis=(  0.806627  0.038482 -0.589806)
     Cl  24    Vyy=    2.6731    axis=( -0.332704 -0.795214 -0.506895)
     Cl  24    Vzz=   -3.1595    axis=(  0.488529 -0.605106  0.628638)
     Cl  24  Q=        -8.1650 1e-30 m^2  Cq=        60.6143 MHz  eta= 0.69206

     Initialization:
     gipaw_setup  :      9.20s CPU     10.97s WALL (       1 calls)

     Linear response

     Apply operators

     Induced current

     Other routines
     efg          :      9.27s CPU     11.67s WALL (       1 calls)

     General routines
     calbec       :      3.29s CPU      4.24s WALL (      16 calls)
     fft          :      1.35s CPU      1.56s WALL (      15 calls)
     ffts         :      0.04s CPU      0.04s WALL (       2 calls)
     fftw         :      3.29s CPU      4.13s WALL (     672 calls)
     davcio       :      0.02s CPU      0.31s WALL (      32 calls)

     Parallel routines
     fft_scatter  :      2.00s CPU      2.97s WALL (     689 calls)

     Plugins

     GIPAW        :     61.53s CPU     74.03s WALL (       1 calls)
