
     Program QE v.6.0 (svn rev. 13079) starts on 18Dec2016 at 13:27:47 

     This program is part of the open-source Quantum ESPRESSO suite
     for quantum simulation of materials; please cite
         "P. Giannozzi et al., J. Phys.:Condens. Matter 21 395502 (2009);
          URL http://www.quantum-espresso.org", 
     in publications or presentations arising from this work. More details at
     http://www.quantum-espresso.org/quote

     Parallel version (MPI), running on     8 processors
     R & G space division:  proc/nbgrp/npool/nimage =       8

     ***** This is GIPAW svn revision unknown      *****

     Parallelizing q-star over 1 images

     Reading data from directory:
     /users/majewski/paradichlorobenzene/pbe/9_constraint/scratch/pbe.ecut100.np8.dt60.pcl2phi-129368.save
     Message from routine read_xml_file:
     file /users/majewski/paradichlorobenzene/pbe/9_constraint/scratch/pbe.ecut100.np8.dt60.pcl2phi-129368.save not guaranteed to be safe for post-processing

   Info: using nr1, nr2, nr3 values from input

   Info: using nr1, nr2, nr3 values from input

     IMPORTANT: XC functional enforced from input :
     Exchange-correlation      =  SLA  PW   PBX  PBC ( 1  4  3  4 0 0)
     Any further DFT definition will be discarded
     Please, verify this is what you really want

               file C.pbe-n-kjpaw_psl.1.0.0.UPF: wavefunction(s)  2S 2P renormalized
               file Cl.pbe-n-kjpaw_psl.1.0.0.UPF: wavefunction(s)  3S 3P renormalized
               file H.pbe-kjpaw_psl.1.0.0.UPF: wavefunction(s)  1S renormalized

     Parallelization info
     --------------------
     sticks:   dense  smooth     PW     G-vecs:    dense   smooth      PW
     Min        3057    1223    332               144436    36536    5170
     Max        3059    1225    333               144437    36537    5171
     Sum       24467    9791   2657              1155489   292295   41363


     Subspace diagonalization in iterative solution of the eigenvalue problem:
     a serial algorithm will be used

     GIPAW projectors -----------------------------------------------
     atom=  C    l=0  rc=    1.2000  rs=    0.8000
     atom=  C    l=0  rc=    1.2000  rs=    0.8000
     atom=  C    l=1  rc=    1.4000  rs=    0.9333
     atom=  C    l=1  rc=    1.4000  rs=    0.9333
     projs nearly linearly dependent: l=1  n1,n2= 1, 2  s=  0.99951561

     atom=  Cl   l=0  rc=    1.6000  rs=    1.0667
     atom=  Cl   l=0  rc=    1.6000  rs=    1.0667
     atom=  Cl   l=1  rc=    1.6000  rs=    1.0667
     atom=  Cl   l=1  rc=    1.6000  rs=    1.0667
     atom=  Cl   l=2  rc=    1.6000  rs=    1.0667
     atom=  Cl   l=2  rc=    1.6000  rs=    1.0667
     projs nearly linearly dependent: l=2  n1,n2= 1, 2  s=  0.99993509

     atom=  H    l=0  rc=    1.0000  rs=    0.6667
     atom=  H    l=0  rc=    1.0000  rs=    0.6667
     projs nearly linearly dependent: l=0  n1,n2= 1, 2  s=  0.99968852
     -----------------------------------------------------------------

     GIPAW integrals: -------------------------------------------
     Atom  i/j   nmr_para   nmr_dia   epr_rmc  epr_para   epr_dia
       C   1 1   0.83E+03  0.17E-01  0.93E+01  0.24E+08  0.24E+03
       C   2 1   0.86E+03 -0.61E-01  0.94E+01  0.25E+08  0.25E+03
       C   2 2   0.90E+03 -0.15E+00  0.97E+01  0.26E+08  0.26E+03
       C   3 3   0.33E+01  0.34E+00  0.18E+01  0.55E+03  0.21E+02
       C   4 3   0.35E+01  0.37E+00  0.20E+01  0.59E+03  0.22E+02
       C   4 4   0.38E+01  0.39E+00  0.22E+01  0.63E+03  0.24E+02
       Cl  1 1   0.14E+04 -0.47E+00  0.84E+01  0.32E+09  0.42E+03
       Cl  2 1   0.21E+04 -0.37E+00  0.12E+02  0.49E+09  0.65E+03
       Cl  2 2   0.33E+04 -0.16E+00  0.21E+02  0.76E+09  0.10E+04
       Cl  3 3   0.21E+02  0.79E-01  0.89E+01  0.23E+05  0.13E+03
       Cl  4 3   0.24E+02  0.67E-01  0.99E+01  0.27E+05  0.15E+03
       Cl  4 4   0.28E+02  0.44E-01  0.11E+02  0.32E+05  0.18E+03
       Cl  5 5   0.77E+00  0.19E+00  0.18E+01  0.12E+03  0.22E+02
       Cl  6 5   0.80E+00  0.19E+00  0.19E+01  0.12E+03  0.23E+02
       Cl  6 6   0.83E+00  0.20E+00  0.19E+01  0.12E+03  0.23E+02
       H   1 1   0.39E+02  0.19E+00  0.29E+00  0.78E+05  0.13E+02
       H   2 1   0.41E+02  0.21E+00  0.32E+00  0.82E+05  0.14E+02
       H   2 2   0.43E+02  0.22E+00  0.36E+00  0.86E+05  0.15E+02
     ------------------------------------------------------------

     alpha_pv=     33.9528 eV

     Number of occupied bands for each k-point:
     k-point:     1    nbnd_occ=  42
     k-point:     2    nbnd_occ=  42
     k-point:     3    nbnd_occ=  42
     k-point:     4    nbnd_occ=  42
     k-point:     5    nbnd_occ=  42
     k-point:     6    nbnd_occ=  42
     k-point:     7    nbnd_occ=  42
     k-point:     8    nbnd_occ=  42
     k-point:     9    nbnd_occ=  42
     k-point:    10    nbnd_occ=  42
     k-point:    11    nbnd_occ=  42
     k-point:    12    nbnd_occ=  42
     k-point:    13    nbnd_occ=  42
     k-point:    14    nbnd_occ=  42
     k-point:    15    nbnd_occ=  42
     k-point:    16    nbnd_occ=  42


     q-space interpolation up to   110.00 Rydberg

     GIPAW job: efg                                                                             


     ELECTRIC FIELD GRADIENTS TENSORS IN Hartree/bohrradius^2:

     ----- bare term -----
     Cl   1       -0.019538       -0.001486        0.077989
     Cl   1       -0.001486       -0.054434        0.079687
     Cl   1        0.077989        0.079687        0.073972

     C    2       -0.040020        0.379294       -0.016482
     C    2        0.379294       -0.398417       -0.463499
     C    2       -0.016482       -0.463499        0.438437

     C    3       -0.324150        0.287403       -0.305295
     C    3        0.287403       -0.087035       -0.419658
     C    3       -0.305295       -0.419658        0.411185

     H    4       -0.031217       -0.220797       -0.364063
     H    4       -0.220797       -0.226097       -0.418727
     H    4       -0.364063       -0.418727        0.257314

     C    5       -0.571833        0.198672       -0.388591
     C    5        0.198672        0.010885       -0.282923
     C    5       -0.388591       -0.282923        0.560948

     H    6        0.300759        0.139271       -0.180795
     H    6        0.139271       -0.538675       -0.285932
     H    6       -0.180795       -0.285932        0.237916

     H    7        0.425950        0.142023       -0.041370
     H    7        0.142023       -0.696682        0.398714
     H    7       -0.041370        0.398714        0.270732

     C    8       -0.173516       -0.286197       -0.220566
     C    8       -0.286197       -0.084203        0.470385
     C    8       -0.220566        0.470385        0.257719

     H    9       -0.181896        0.524511       -0.236888
     H    9        0.524511       -0.214296        0.107249
     H    9       -0.236888        0.107249        0.396192

     C   10       -0.518091       -0.416362       -0.342526
     C   10       -0.416362        0.233442        0.219182
     C   10       -0.342526        0.219182        0.284650

     C   11        0.006350       -0.379934       -0.155668
     C   11       -0.379934       -0.104073        0.608621
     C   11       -0.155668        0.608621        0.097723

     Cl  12        0.015870       -0.169981        0.027724
     Cl  12       -0.169981        0.082299       -0.050935
     Cl  12        0.027724       -0.050935       -0.098169

     H   13        0.353470        0.158484       -0.161287
     H   13        0.158484       -0.641665        0.103882
     H   13       -0.161287        0.103882        0.288195

     C   14       -0.186084       -0.334719       -0.360173
     C   14       -0.334719       -0.027415       -0.564017
     C   14       -0.360173       -0.564017        0.213498

     H   15       -0.076675       -0.333935       -0.308686
     H   15       -0.333935       -0.361366       -0.110677
     H   15       -0.308686       -0.110677        0.438041

     C   16       -0.576808        0.308036       -0.090909
     C   16        0.308036        0.192721       -0.286266
     C   16       -0.090909       -0.286266        0.384087

     C   17       -0.008446       -0.142348       -0.355049
     C   17       -0.142348       -0.206611       -0.480971
     C   17       -0.355049       -0.480971        0.215057

     Cl  18       -0.205984        0.255133        0.027206
     Cl  18        0.255133        0.077583        0.114048
     Cl  18        0.027206        0.114048        0.128401

     H   19        0.406712       -0.020421       -0.124146
     H   19       -0.020421       -0.580585        0.316610
     H   19       -0.124146        0.316610        0.173874

     C   20       -0.502681       -0.260260       -0.424863
     C   20       -0.260260        0.152776        0.266486
     C   20       -0.424863        0.266486        0.349904

     H   21       -0.314928        0.375342       -0.345805
     H   21        0.375342        0.032030       -0.009866
     H   21       -0.345805       -0.009866        0.282898

     C   22       -0.058211       -0.447656       -0.020835
     C   22       -0.447656       -0.450011        0.504225
     C   22       -0.020835        0.504225        0.508222

     C   23       -0.333968       -0.139013       -0.399169
     C   23       -0.139013        0.031947        0.393119
     C   23       -0.399169        0.393119        0.302021

     Cl  24        0.021759        0.067105       -0.025741
     Cl  24        0.067105        0.016520        0.001264
     Cl  24       -0.025741        0.001264       -0.038279

     ----- ionic term -----
     Cl   1        0.162352       -0.209624        0.036011
     Cl   1       -0.209624       -0.019030       -0.020488
     Cl   1        0.036011       -0.020488       -0.143322

     C    2        0.211994       -0.152229        0.259475
     C    2       -0.152229        0.166717        0.346966
     C    2        0.259475        0.346966       -0.378711

     C    3        0.124398       -0.204347        0.209916
     C    3       -0.204347        0.242168        0.356955
     C    3        0.209916        0.356955       -0.366566

     H    4        0.275807        0.506884        0.617037
     H    4        0.506884       -0.157729        0.430804
     H    4        0.617037        0.430804       -0.118079

     C    5        0.316114       -0.144586        0.312291
     C    5       -0.144586        0.075444        0.275952
     C    5        0.312291        0.275952       -0.391559

     H    6       -0.506175       -0.078756       -0.025818
     H    6       -0.078756        0.761875        0.617987
     H    6       -0.025818        0.617987       -0.255700

     H    7       -0.511524       -0.024682        0.027040
     H    7       -0.024682        0.670371       -0.687571
     H    7        0.027040       -0.687571       -0.158847

     C    8        0.302344        0.154274        0.232462
     C    8        0.154274        0.049464       -0.296054
     C    8        0.232462       -0.296054       -0.351808

     H    9        0.549767       -0.484500        0.551363
     H    9       -0.484500       -0.311535       -0.301098
     H    9        0.551363       -0.301098       -0.238232

     C   10        0.186230        0.174727        0.155089
     C   10        0.174727        0.134826       -0.381415
     C   10        0.155089       -0.381415       -0.321056

     C   11        0.246754        0.131520        0.229506
     C   11        0.131520        0.095106       -0.362605
     C   11        0.229506       -0.362605       -0.341860

     Cl  12        0.124110        0.204027        0.016146
     Cl  12        0.204027        0.027553        0.012384
     Cl  12        0.016146        0.012384       -0.151663

     H   13       -0.520489        0.035889        0.021457
     H   13        0.035889        0.965345        0.429182
     H   13        0.021457        0.429182       -0.444856

     C   14        0.307282       -0.144726        0.259948
     C   14       -0.144726        0.128414        0.241377
     C   14        0.259948        0.241377       -0.435696

     H   15        0.590664        0.429422        0.597996
     H   15        0.429422       -0.306822        0.284347
     H   15        0.597996        0.284347       -0.283842

     C   16        0.221342       -0.207712        0.189855
     C   16       -0.207712        0.221790        0.311942
     C   16        0.189855        0.311942       -0.443131

     C   17        0.258622       -0.103068        0.294367
     C   17       -0.103068        0.150468        0.352375
     C   17        0.294367        0.352375       -0.409091

     Cl  18        0.194184       -0.188433        0.034051
     Cl  18       -0.188433       -0.034711       -0.009224
     Cl  18        0.034051       -0.009224       -0.159473

     H   19       -0.497499       -0.117446        0.053229
     H   19       -0.117446        0.865931       -0.538522
     H   19        0.053229       -0.538522       -0.368432

     C   20        0.357715        0.139664        0.199596
     C   20        0.139664        0.085990       -0.280421
     C   20        0.199596       -0.280421       -0.443705

     H   21        0.579424       -0.529513        0.518838
     H   21       -0.529513       -0.231491       -0.303412
     H   21        0.518838       -0.303412       -0.347934

     C   22        0.192912        0.194415        0.113651
     C   22        0.194415        0.231084       -0.389509
     C   22        0.113651       -0.389509       -0.423996

     C   23        0.210455        0.157352        0.222885
     C   23        0.157352        0.158904       -0.368624
     C   23        0.222885       -0.368624       -0.369359

     Cl  24        0.161809        0.214169        0.012823
     Cl  24        0.214169       -0.011046        0.003434
     Cl  24        0.012823        0.003434       -0.150763

     ----- GIPAW term -----
     Cl   1        1.283641       -1.571316        1.892537
     Cl   1       -1.571316       -1.189349        0.547242
     Cl   1        1.892537        0.547242       -0.094292

     C    2        0.149282       -0.061743        0.135648
     C    2       -0.061743       -0.148383       -0.076398
     C    2        0.135648       -0.076398       -0.000899

     C    3       -0.085675        0.058511       -0.071096
     C    3        0.058511        0.028627       -0.054210
     C    3       -0.071096       -0.054210        0.057048

     H    4       -0.000000        0.000000        0.000000
     H    4        0.000000        0.000000        0.000000
     H    4        0.000000        0.000000        0.000000

     C    5       -0.134027        0.029945       -0.039788
     C    5        0.029945       -0.044248       -0.024152
     C    5       -0.039788       -0.024152        0.178275

     H    6       -0.000000        0.000000        0.000000
     H    6        0.000000        0.000000        0.000000
     H    6        0.000000        0.000000        0.000000

     H    7       -0.000000        0.000000        0.000000
     H    7        0.000000        0.000000        0.000000
     H    7        0.000000        0.000000        0.000000

     C    8       -0.051334       -0.130678       -0.020430
     C    8       -0.130678        0.116426        0.099973
     C    8       -0.020430        0.099973       -0.065092

     H    9       -0.000000        0.000000        0.000000
     H    9        0.000000        0.000000        0.000000
     H    9        0.000000        0.000000        0.000000

     C   10       -0.124949       -0.209090       -0.066170
     C   10       -0.209090        0.208681       -0.006130
     C   10       -0.066170       -0.006130       -0.083732

     C   11        0.086952       -0.145578       -0.060913
     C   11       -0.145578        0.082004        0.130607
     C   11       -0.060913        0.130607       -0.168956

     Cl  12        1.607016        0.444181        0.303410
     Cl  12        0.444181        0.722911       -0.473235
     Cl  12        0.303410       -0.473235       -2.329927

     H   13       -0.000000        0.000000        0.000000
     H   13        0.000000        0.000000        0.000000
     H   13        0.000000        0.000000        0.000000

     C   14        0.028046       -0.222017        0.052367
     C   14       -0.222017        0.023361       -0.194356
     C   14        0.052367       -0.194356       -0.051407

     H   15       -0.000000        0.000000        0.000000
     H   15        0.000000        0.000000        0.000000
     H   15        0.000000        0.000000        0.000000

     C   16       -0.160793       -0.110444        0.023096
     C   16       -0.110444        0.245141       -0.075793
     C   16        0.023096       -0.075793       -0.084347

     C   17       -0.011178       -0.177855       -0.075978
     C   17       -0.177855        0.058561        0.073738
     C   17       -0.075978        0.073738       -0.047383

     Cl  18       -0.679555       -0.122741        0.528722
     Cl  18       -0.122741        1.520664        2.026036
     Cl  18        0.528722        2.026036       -0.841108

     H   19       -0.000000        0.000000        0.000000
     H   19        0.000000        0.000000        0.000000
     H   19        0.000000        0.000000        0.000000

     C   20       -0.025134       -0.119465       -0.018244
     C   20       -0.119465        0.027557       -0.001434
     C   20       -0.018244       -0.001434       -0.002423

     H   21       -0.000000        0.000000        0.000000
     H   21        0.000000        0.000000        0.000000
     H   21        0.000000        0.000000        0.000000

     C   22        0.000201       -0.089241        0.081736
     C   22       -0.089241       -0.120988        0.045353
     C   22        0.081736        0.045353        0.120787

     C   23       -0.006065        0.080239       -0.068499
     C   23        0.080239        0.073182        0.038775
     C   23       -0.068499        0.038775       -0.067117

     Cl  24        1.522724        2.658629       -0.188601
     Cl  24        2.658629        0.224094        0.030567
     Cl  24       -0.188601        0.030567       -1.746818

     ----- total EFG -----
     Cl   1        1.426456       -1.782426        2.006536
     Cl   1       -1.782426       -1.262813        0.606441
     Cl   1        2.006536        0.606441       -0.163642

     C    2        0.321256        0.165322        0.378641
     C    2        0.165322       -0.380083       -0.192930
     C    2        0.378641       -0.192930        0.058826

     C    3       -0.285427        0.141567       -0.166475
     C    3        0.141567        0.183760       -0.116913
     C    3       -0.166475       -0.116913        0.101667

     H    4        0.244590        0.286087        0.252974
     H    4        0.286087       -0.383825        0.012077
     H    4        0.252974        0.012077        0.139235

     C    5       -0.389745        0.084031       -0.116089
     C    5        0.084031        0.042081       -0.031123
     C    5       -0.116089       -0.031123        0.347664

     H    6       -0.205416        0.060515       -0.206613
     H    6        0.060515        0.223200        0.332055
     H    6       -0.206613        0.332055       -0.017783

     H    7       -0.085574        0.117342       -0.014329
     H    7        0.117342       -0.026311       -0.288857
     H    7       -0.014329       -0.288857        0.111885

     C    8        0.077494       -0.262602       -0.008534
     C    8       -0.262602        0.081687        0.274304
     C    8       -0.008534        0.274304       -0.159181

     H    9        0.367871        0.040011        0.314475
     H    9        0.040011       -0.525831       -0.193849
     H    9        0.314475       -0.193849        0.157960

     C   10       -0.456810       -0.450725       -0.253607
     C   10       -0.450725        0.576948       -0.168363
     C   10       -0.253607       -0.168363       -0.120138

     C   11        0.340055       -0.393992        0.012925
     C   11       -0.393992        0.073038        0.376622
     C   11        0.012925        0.376622       -0.413093

     Cl  12        1.746996        0.478226        0.347279
     Cl  12        0.478226        0.832762       -0.511785
     Cl  12        0.347279       -0.511785       -2.579758

     H   13       -0.167019        0.194372       -0.139830
     H   13        0.194372        0.323680        0.533064
     H   13       -0.139830        0.533064       -0.156661

     C   14        0.149245       -0.701462       -0.047858
     C   14       -0.701462        0.124360       -0.516996
     C   14       -0.047858       -0.516996       -0.273605

     H   15        0.513989        0.095487        0.289310
     H   15        0.095487       -0.668188        0.173670
     H   15        0.289310        0.173670        0.154199

     C   16       -0.516260       -0.010119        0.122042
     C   16       -0.010119        0.659652       -0.050117
     C   16        0.122042       -0.050117       -0.143392

     C   17        0.238998       -0.423271       -0.136660
     C   17       -0.423271        0.002419       -0.054858
     C   17       -0.136660       -0.054858       -0.241417

     Cl  18       -0.691355       -0.056041        0.589979
     Cl  18       -0.056041        1.563536        2.130860
     Cl  18        0.589979        2.130860       -0.872180

     H   19       -0.090787       -0.137867       -0.070917
     H   19       -0.137867        0.285346       -0.221912
     H   19       -0.070917       -0.221912       -0.194558

     C   20       -0.170100       -0.240061       -0.243512
     C   20       -0.240061        0.266323       -0.015368
     C   20       -0.243512       -0.015368       -0.096223

     H   21        0.264496       -0.154171        0.173033
     H   21       -0.154171       -0.199461       -0.313279
     H   21        0.173033       -0.313279       -0.065035

     C   22        0.134902       -0.342482        0.174552
     C   22       -0.342482       -0.339915        0.160069
     C   22        0.174552        0.160069        0.205014

     C   23       -0.129578        0.098577       -0.244782
     C   23        0.098577        0.264034        0.063270
     C   23       -0.244782        0.063270       -0.134456

     Cl  24        1.706292        2.939903       -0.201519
     Cl  24        2.939903        0.229568        0.035265
     Cl  24       -0.201519        0.035265       -1.935860

     ----- total EFG (symmetrized) -----
     Cl   1        1.426456       -1.782426        2.006536
     Cl   1       -1.782426       -1.262813        0.606441
     Cl   1        2.006536        0.606441       -0.163642

     C    2        0.321256        0.165322        0.378641
     C    2        0.165322       -0.380083       -0.192930
     C    2        0.378641       -0.192930        0.058826

     C    3       -0.285427        0.141567       -0.166475
     C    3        0.141567        0.183760       -0.116913
     C    3       -0.166475       -0.116913        0.101667

     H    4        0.244590        0.286087        0.252974
     H    4        0.286087       -0.383825        0.012077
     H    4        0.252974        0.012077        0.139235

     C    5       -0.389745        0.084031       -0.116089
     C    5        0.084031        0.042081       -0.031123
     C    5       -0.116089       -0.031123        0.347664

     H    6       -0.205416        0.060515       -0.206613
     H    6        0.060515        0.223200        0.332055
     H    6       -0.206613        0.332055       -0.017783

     H    7       -0.085574        0.117342       -0.014329
     H    7        0.117342       -0.026311       -0.288857
     H    7       -0.014329       -0.288857        0.111885

     C    8        0.077494       -0.262602       -0.008534
     C    8       -0.262602        0.081687        0.274304
     C    8       -0.008534        0.274304       -0.159181

     H    9        0.367871        0.040011        0.314475
     H    9        0.040011       -0.525831       -0.193849
     H    9        0.314475       -0.193849        0.157960

     C   10       -0.456810       -0.450725       -0.253607
     C   10       -0.450725        0.576948       -0.168363
     C   10       -0.253607       -0.168363       -0.120138

     C   11        0.340055       -0.393992        0.012925
     C   11       -0.393992        0.073038        0.376622
     C   11        0.012925        0.376622       -0.413093

     Cl  12        1.746996        0.478226        0.347279
     Cl  12        0.478226        0.832762       -0.511785
     Cl  12        0.347279       -0.511785       -2.579758

     H   13       -0.167019        0.194372       -0.139830
     H   13        0.194372        0.323680        0.533064
     H   13       -0.139830        0.533064       -0.156661

     C   14        0.149245       -0.701462       -0.047858
     C   14       -0.701462        0.124360       -0.516996
     C   14       -0.047858       -0.516996       -0.273605

     H   15        0.513989        0.095487        0.289310
     H   15        0.095487       -0.668188        0.173670
     H   15        0.289310        0.173670        0.154199

     C   16       -0.516260       -0.010119        0.122042
     C   16       -0.010119        0.659652       -0.050117
     C   16        0.122042       -0.050117       -0.143392

     C   17        0.238998       -0.423271       -0.136660
     C   17       -0.423271        0.002419       -0.054858
     C   17       -0.136660       -0.054858       -0.241417

     Cl  18       -0.691355       -0.056041        0.589979
     Cl  18       -0.056041        1.563536        2.130860
     Cl  18        0.589979        2.130860       -0.872180

     H   19       -0.090787       -0.137867       -0.070917
     H   19       -0.137867        0.285346       -0.221912
     H   19       -0.070917       -0.221912       -0.194558

     C   20       -0.170100       -0.240061       -0.243512
     C   20       -0.240061        0.266323       -0.015368
     C   20       -0.243512       -0.015368       -0.096223

     H   21        0.264496       -0.154171        0.173033
     H   21       -0.154171       -0.199461       -0.313279
     H   21        0.173033       -0.313279       -0.065035

     C   22        0.134902       -0.342482        0.174552
     C   22       -0.342482       -0.339915        0.160069
     C   22        0.174552        0.160069        0.205014

     C   23       -0.129578        0.098577       -0.244782
     C   23        0.098577        0.264034        0.063270
     C   23       -0.244782        0.063270       -0.134456

     Cl  24        1.706292        2.939903       -0.201519
     Cl  24        2.939903        0.229568        0.035265
     Cl  24       -0.201519        0.035265       -1.935860


     NQR/NMR SPECTROSCOPIC PARAMETERS:
     Cl   1    Vxx=   -0.1104    axis=( -0.180915  0.662395  0.726982)
     Cl   1    Vyy=   -3.0091    axis=(  0.508926  0.695571 -0.507125)
     Cl   1    Vzz=    3.1195    axis=(  0.841584 -0.278233  0.462949)
     Cl   1  Q=        -8.1650 1e-30 m^2  Cq=       -59.8464 MHz  eta= 0.92921

     C    2    Vxx=   -0.0288    axis=( -0.453293 -0.583471  0.673860)
     C    2    Vyy=   -0.5625    axis=(  0.351627 -0.811732 -0.466315)
     C    2    Vzz=    0.5914    axis=(  0.819075  0.025570  0.573116)
     C    2  Q=         1.0000 1e-30 m^2  Cq=         1.3895 MHz  eta= 0.90251

     C    3    Vxx=    0.0247    axis=( -0.107787  0.649253  0.752896)
     C    3    Vyy=    0.3394    axis=( -0.324710 -0.738767  0.590582)
     C    3    Vzz=   -0.3641    axis=( -0.939652  0.180816 -0.290449)
     C    3  Q=         1.0000 1e-30 m^2  Cq=        -0.8556 MHz  eta= 0.86444

     H    4    Vxx=   -0.0070    axis=( -0.461752 -0.324081  0.825686)
     H    4    Vyy=   -0.5056    axis=( -0.392970  0.909270  0.137126)
     H    4    Vzz=    0.5126    axis=( -0.795211 -0.261151 -0.547211)
     H    4  Q=         1.0000 1e-30 m^2  Cq=         1.2045 MHz  eta= 0.97278

     C    5    Vxx=    0.0495    axis=( -0.144979 -0.976674 -0.158398)
     C    5    Vyy=    0.3714    axis=(  0.163871  0.134176 -0.977314)
     C    5    Vzz=   -0.4209    axis=(  0.975770 -0.167647  0.140596)
     C    5  Q=         1.0000 1e-30 m^2  Cq=        -0.9890 MHz  eta= 0.76476

     H    6    Vxx=   -0.0282    axis=(  0.732904  0.471437 -0.490509)
     H    6    Vyy=   -0.4355    axis=( -0.671011  0.381975 -0.635484)
     H    6    Vzz=    0.4637    axis=(  0.112228 -0.794885 -0.596290)
     H    6  Q=         1.0000 1e-30 m^2  Cq=         1.0896 MHz  eta= 0.87833

     H    7    Vxx=   -0.0661    axis=( -0.898546 -0.197053 -0.392155)
     H    7    Vyy=   -0.2901    axis=(  0.394970 -0.752650 -0.526799)
     H    7    Vzz=    0.3562    axis=( -0.191348 -0.628243  0.754120)
     H    7  Q=         1.0000 1e-30 m^2  Cq=         0.8368 MHz  eta= 0.62885

     C    8    Vxx=   -0.0331    axis=(  0.748800  0.295969  0.593044)
     C    8    Vyy=   -0.3865    axis=(  0.330957  0.608265 -0.721444)
     C    8    Vzz=    0.4196    axis=( -0.574253  0.736489  0.357516)
     C    8  Q=         1.0000 1e-30 m^2  Cq=         0.9859 MHz  eta= 0.84242

     H    9    Vxx=   -0.0070    axis=( -0.587920 -0.322507  0.741848)
     H    9    Vyy=   -0.5935    axis=(  0.137747 -0.943606 -0.301053)
     H    9    Vzz=    0.6005    axis=(  0.797105 -0.074808  0.599190)
     H    9  Q=         1.0000 1e-30 m^2  Cq=         1.4110 MHz  eta= 0.97672

     C   10    Vxx=    0.0115    axis=( -0.423345 -0.068467  0.903378)
     C   10    Vyy=    0.7517    axis=( -0.332548  0.939279 -0.084653)
     C   10    Vzz=   -0.7632    axis=( -0.842728 -0.336254 -0.420408)
     C   10  Q=         1.0000 1e-30 m^2  Cq=        -1.7931 MHz  eta= 0.96995

     C   11    Vxx=   -0.0040    axis=(  0.625577  0.564004  0.539030)
     C   11    Vyy=   -0.6636    axis=( -0.220495 -0.534933  0.815615)
     C   11    Vzz=    0.6676    axis=(  0.748355 -0.629084 -0.210281)
     C   11  Q=         1.0000 1e-30 m^2  Cq=         1.5686 MHz  eta= 0.98795

     Cl  12    Vxx=    0.7390    axis=( -0.370583  0.911326 -0.179314)
     Cl  12    Vyy=    1.9547    axis=(  0.924067  0.381223  0.027744)
     Cl  12    Vzz=   -2.6937    axis=( -0.093642  0.155417  0.983401)
     Cl  12  Q=        -8.1650 1e-30 m^2  Cq=        51.6775 MHz  eta= 0.45132

     H   13    Vxx=   -0.0638    axis=(  0.885935  0.156325 -0.436672)
     H   13    Vyy=   -0.6139    axis=( -0.451017  0.509961 -0.732478)
     H   13    Vzz=    0.6777    axis=(  0.108181  0.845874  0.522297)
     H   13  Q=         1.0000 1e-30 m^2  Cq=         1.5923 MHz  eta= 0.81171

     C   14    Vxx=   -0.0672    axis=(  0.617611  0.241635 -0.748445)
     C   14    Vyy=   -0.8689    axis=(  0.473191  0.645960  0.599021)
     C   14    Vzz=    0.9361    axis=( -0.628210  0.724119 -0.284612)
     C   14  Q=         1.0000 1e-30 m^2  Cq=         2.1995 MHz  eta= 0.85643

     H   15    Vxx=    0.0089    axis=( -0.512240  0.144900  0.846531)
     H   15    Vyy=    0.6957    axis=(  0.858232  0.123524  0.498176)
     H   15    Vzz=   -0.7045    axis=( -0.032381  0.981706 -0.187632)
     H   15  Q=         1.0000 1e-30 m^2  Cq=        -1.6554 MHz  eta= 0.97484

     C   16    Vxx=   -0.1104    axis=(  0.285805  0.065979  0.956014)
     C   16    Vyy=   -0.5527    axis=( -0.958167  0.003833  0.286184)
     C   16    Vzz=    0.6630    axis=(  0.015218 -0.997814  0.064314)
     C   16  Q=         1.0000 1e-30 m^2  Cq=         1.5579 MHz  eta= 0.66709

     C   17    Vxx=   -0.1531    axis=( -0.298261 -0.532150  0.792374)
     C   17    Vyy=   -0.4143    axis=( -0.518899 -0.606365 -0.602549)
     C   17    Vzz=    0.5674    axis=( -0.801114  0.590879  0.095277)
     C   17  Q=         1.0000 1e-30 m^2  Cq=         1.3333 MHz  eta= 0.46027

     Cl  18    Vxx=   -0.5266    axis=(  0.944339 -0.222099  0.242685)
     Cl  18    Vyy=   -2.2912    axis=(  0.321091  0.461744 -0.826857)
     Cl  18    Vzz=    2.8178    axis=(  0.071586  0.858758  0.507357)
     Cl  18  Q=        -8.1650 1e-30 m^2  Cq=       -54.0577 MHz  eta= 0.62626

     H   19    Vxx=   -0.0555    axis=(  0.869599  0.030902 -0.492790)
     H   19    Vyy=   -0.3393    axis=(  0.444539  0.385382  0.808620)
     H   19    Vzz=    0.3948    axis=(  0.214901 -0.922240  0.321391)
     H   19  Q=         1.0000 1e-30 m^2  Cq=         0.9276 MHz  eta= 0.71885

     C   20    Vxx=    0.0451    axis=( -0.436065 -0.417731  0.797087)
     C   20    Vyy=    0.3900    axis=(  0.458797 -0.865177 -0.202419)
     C   20    Vzz=   -0.4351    axis=(  0.774178  0.277434  0.568927)
     C   20  Q=         1.0000 1e-30 m^2  Cq=        -1.0223 MHz  eta= 0.79291

     H   21    Vxx=   -0.0082    axis=( -0.646727 -0.466717  0.603257)
     H   21    Vyy=   -0.4529    axis=( -0.017575 -0.781598 -0.623535)
     H   21    Vzz=    0.4610    axis=(  0.762519 -0.413859  0.497278)
     H   21  Q=         1.0000 1e-30 m^2  Cq=         1.0832 MHz  eta= 0.96458

     C   22    Vxx=    0.2106    axis=(  0.419280 -0.484125 -0.768002)
     C   22    Vyy=    0.3722    axis=( -0.778126  0.244153 -0.578713)
     C   22    Vzz=   -0.5828    axis=( -0.467680 -0.840245  0.274342)
     C   22  Q=         1.0000 1e-30 m^2  Cq=        -1.3694 MHz  eta= 0.27721

     C   23    Vxx=    0.1092    axis=( -0.680316  0.139070  0.719604)
     C   23    Vyy=    0.2874    axis=( -0.219452 -0.975439 -0.018958)
     C   23    Vzz=   -0.3966    axis=(  0.699294 -0.170816  0.694125)
     C   23  Q=         1.0000 1e-30 m^2  Cq=        -0.9319 MHz  eta= 0.44941

     Cl  24    Vxx=   -1.8372    axis=(  0.327303 -0.451407 -0.830123)
     Cl  24    Vyy=   -2.1651    axis=( -0.520433  0.647138 -0.557101)
     Cl  24    Vzz=    4.0023    axis=(  0.788684  0.614365 -0.023116)
     Cl  24  Q=        -8.1650 1e-30 m^2  Cq=       -76.7823 MHz  eta= 0.08192

     Initialization:
     gipaw_setup  :      8.98s CPU     11.14s WALL (       1 calls)

     Linear response

     Apply operators

     Induced current

     Other routines
     efg          :      9.34s CPU     12.16s WALL (       1 calls)

     General routines
     calbec       :      3.42s CPU      4.67s WALL (      16 calls)
     fft          :      1.44s CPU      2.11s WALL (      15 calls)
     ffts         :      0.04s CPU      0.05s WALL (       2 calls)
     fftw         :      3.14s CPU      3.75s WALL (     672 calls)
     davcio       :      0.04s CPU      0.32s WALL (      32 calls)

     Parallel routines
     fft_scatter  :      2.00s CPU      2.99s WALL (     689 calls)

     Plugins

     GIPAW        :     60.56s CPU     73.63s WALL (       1 calls)
