
     Program QE v.6.0 (svn rev. 13079) starts on 31Dec2016 at 18:11:27 

     This program is part of the open-source Quantum ESPRESSO suite
     for quantum simulation of materials; please cite
         "P. Giannozzi et al., J. Phys.:Condens. Matter 21 395502 (2009);
          URL http://www.quantum-espresso.org", 
     in publications or presentations arising from this work. More details at
     http://www.quantum-espresso.org/quote

     Parallel version (MPI), running on     8 processors
     R & G space division:  proc/nbgrp/npool/nimage =       8

     ***** This is GIPAW svn revision unknown      *****

     Parallelizing q-star over 1 images

     Reading data from directory:
     /users/majewski/paradichlorobenzene/pbe/9_constraint/scratch/pbe.ecut100.np8.dt60.pcl2phi-129368.save
     Message from routine read_xml_file:
     file /users/majewski/paradichlorobenzene/pbe/9_constraint/scratch/pbe.ecut100.np8.dt60.pcl2phi-129368.save not guaranteed to be safe for post-processing

   Info: using nr1, nr2, nr3 values from input

   Info: using nr1, nr2, nr3 values from input

     IMPORTANT: XC functional enforced from input :
     Exchange-correlation      =  SLA  PW   PBX  PBC ( 1  4  3  4 0 0)
     Any further DFT definition will be discarded
     Please, verify this is what you really want

               file C.pbe-n-kjpaw_psl.1.0.0.UPF: wavefunction(s)  2S 2P renormalized
               file Cl.pbe-n-kjpaw_psl.1.0.0.UPF: wavefunction(s)  3S 3P renormalized
               file H.pbe-kjpaw_psl.1.0.0.UPF: wavefunction(s)  1S renormalized

     Parallelization info
     --------------------
     sticks:   dense  smooth     PW     G-vecs:    dense   smooth      PW
     Min        3057    1223    332               144436    36536    5170
     Max        3059    1225    333               144437    36537    5171
     Sum       24467    9791   2657              1155489   292295   41363


     Subspace diagonalization in iterative solution of the eigenvalue problem:
     a serial algorithm will be used

     GIPAW projectors -----------------------------------------------
     atom=  C    l=0  rc=    1.2000  rs=    0.8000
     atom=  C    l=0  rc=    1.2000  rs=    0.8000
     atom=  C    l=1  rc=    1.4000  rs=    0.9333
     atom=  C    l=1  rc=    1.4000  rs=    0.9333
     projs nearly linearly dependent: l=1  n1,n2= 1, 2  s=  0.99951561

     atom=  Cl   l=0  rc=    1.6000  rs=    1.0667
     atom=  Cl   l=0  rc=    1.6000  rs=    1.0667
     atom=  Cl   l=1  rc=    1.6000  rs=    1.0667
     atom=  Cl   l=1  rc=    1.6000  rs=    1.0667
     atom=  Cl   l=2  rc=    1.6000  rs=    1.0667
     atom=  Cl   l=2  rc=    1.6000  rs=    1.0667
     projs nearly linearly dependent: l=2  n1,n2= 1, 2  s=  0.99993509

     atom=  H    l=0  rc=    1.0000  rs=    0.6667
     atom=  H    l=0  rc=    1.0000  rs=    0.6667
     projs nearly linearly dependent: l=0  n1,n2= 1, 2  s=  0.99968852
     -----------------------------------------------------------------

     GIPAW integrals: -------------------------------------------
     Atom  i/j   nmr_para   nmr_dia   epr_rmc  epr_para   epr_dia
       C   1 1   0.83E+03  0.17E-01  0.93E+01  0.24E+08  0.24E+03
       C   2 1   0.86E+03 -0.61E-01  0.94E+01  0.25E+08  0.25E+03
       C   2 2   0.90E+03 -0.15E+00  0.97E+01  0.26E+08  0.26E+03
       C   3 3   0.33E+01  0.34E+00  0.18E+01  0.55E+03  0.21E+02
       C   4 3   0.35E+01  0.37E+00  0.20E+01  0.59E+03  0.22E+02
       C   4 4   0.38E+01  0.39E+00  0.22E+01  0.63E+03  0.24E+02
       Cl  1 1   0.14E+04 -0.47E+00  0.84E+01  0.32E+09  0.42E+03
       Cl  2 1   0.21E+04 -0.37E+00  0.12E+02  0.49E+09  0.65E+03
       Cl  2 2   0.33E+04 -0.16E+00  0.21E+02  0.76E+09  0.10E+04
       Cl  3 3   0.21E+02  0.79E-01  0.89E+01  0.23E+05  0.13E+03
       Cl  4 3   0.24E+02  0.67E-01  0.99E+01  0.27E+05  0.15E+03
       Cl  4 4   0.28E+02  0.44E-01  0.11E+02  0.32E+05  0.18E+03
       Cl  5 5   0.77E+00  0.19E+00  0.18E+01  0.12E+03  0.22E+02
       Cl  6 5   0.80E+00  0.19E+00  0.19E+01  0.12E+03  0.23E+02
       Cl  6 6   0.83E+00  0.20E+00  0.19E+01  0.12E+03  0.23E+02
       H   1 1   0.39E+02  0.19E+00  0.29E+00  0.78E+05  0.13E+02
       H   2 1   0.41E+02  0.21E+00  0.32E+00  0.82E+05  0.14E+02
       H   2 2   0.43E+02  0.22E+00  0.36E+00  0.86E+05  0.15E+02
     ------------------------------------------------------------

     alpha_pv=     34.1054 eV

     Number of occupied bands for each k-point:
     k-point:     1    nbnd_occ=  42
     k-point:     2    nbnd_occ=  42
     k-point:     3    nbnd_occ=  42
     k-point:     4    nbnd_occ=  42
     k-point:     5    nbnd_occ=  42
     k-point:     6    nbnd_occ=  42
     k-point:     7    nbnd_occ=  42
     k-point:     8    nbnd_occ=  42
     k-point:     9    nbnd_occ=  42
     k-point:    10    nbnd_occ=  42
     k-point:    11    nbnd_occ=  42
     k-point:    12    nbnd_occ=  42
     k-point:    13    nbnd_occ=  42
     k-point:    14    nbnd_occ=  42
     k-point:    15    nbnd_occ=  42
     k-point:    16    nbnd_occ=  42


     q-space interpolation up to   110.00 Rydberg

     GIPAW job: efg                                                                             


     ELECTRIC FIELD GRADIENTS TENSORS IN Hartree/bohrradius^2:

     ----- bare term -----
     Cl   1       -0.004775        0.278310        0.024049
     Cl   1        0.278310       -0.136034       -0.025737
     Cl   1        0.024049       -0.025737        0.140808

     C    2        0.065820       -0.352736       -0.544093
     C    2       -0.352736       -0.238297       -0.535490
     C    2       -0.544093       -0.535490        0.172477

     C    3       -0.513968        0.326136       -0.121067
     C    3        0.326136        0.118052       -0.375203
     C    3       -0.121067       -0.375203        0.395916

     H    4       -0.252996       -0.439291       -0.283932
     H    4       -0.439291       -0.093429       -0.012643
     H    4       -0.283932       -0.012643        0.346425

     C    5       -0.057866       -0.075022       -0.279061
     C    5       -0.075022       -0.009723       -0.434864
     C    5       -0.279061       -0.434864        0.067589

     H    6        0.386493       -0.303938        0.008350
     H    6       -0.303938       -0.745161       -0.103148
     H    6        0.008350       -0.103148        0.358668

     H    7        0.142291       -0.011202        0.406741
     H    7       -0.011202        0.123771        0.335622
     H    7        0.406741        0.335622       -0.266062

     C    8       -0.162298       -0.069473       -0.155431
     C    8       -0.069473        0.193892        0.083744
     C    8       -0.155431        0.083744       -0.031593

     H    9        0.125045        0.100448       -0.270241
     H    9        0.100448        0.414212       -0.153903
     H    9       -0.270241       -0.153903       -0.539257

     C   10        0.155407       -0.166197        0.169928
     C   10       -0.166197       -0.107578       -0.013350
     C   10        0.169928       -0.013350       -0.047829

     C   11       -0.071442       -0.106522       -0.303224
     C   11       -0.106522       -0.070449        0.187866
     C   11       -0.303224        0.187866        0.141891

     Cl  12        0.027757        0.038625        0.068746
     Cl  12        0.038625       -0.060309       -0.165829
     Cl  12        0.068746       -0.165829        0.032552

     H   13        0.120712       -0.401428        0.249734
     H   13       -0.401428       -0.436173        0.131281
     H   13        0.249734        0.131281        0.315461

     C   14       -0.278812        0.343138       -0.056112
     C   14        0.343138        0.195690        0.079999
     C   14       -0.056112        0.079999        0.083122

     H   15       -0.427834       -0.185124        0.244571
     H   15       -0.185124        0.236935       -0.074561
     H   15        0.244571       -0.074561        0.190899

     C   16        0.190104       -0.141037        0.252677
     C   16       -0.141037       -0.230564       -0.249174
     C   16        0.252677       -0.249174        0.040459

     C   17       -0.772766        0.464787       -0.327062
     C   17        0.464787        0.229998       -0.027667
     C   17       -0.327062       -0.027667        0.542768

     Cl  18       -0.033101       -0.009019        0.033075
     Cl  18       -0.009019       -0.021699        0.042679
     Cl  18        0.033075        0.042679        0.054800

     H   19        0.343457        0.026395        0.156006
     H   19        0.026395       -0.220899        0.482010
     H   19        0.156006        0.482010       -0.122559

     C   20       -0.261238       -0.391203       -0.365364
     C   20       -0.391203       -0.210092        0.337393
     C   20       -0.365364        0.337393        0.471330

     H   21       -0.314328        0.115661       -0.565612
     H   21        0.115661        0.341927        0.102873
     H   21       -0.565612        0.102873       -0.027599

     C   22       -0.144657       -0.181011       -0.343520
     C   22       -0.181011       -0.230581        0.510798
     C   22       -0.343520        0.510798        0.375238

     C   23       -0.169395       -0.274350       -0.262062
     C   23       -0.274350       -0.104493        0.549368
     C   23       -0.262062        0.549368        0.273888

     Cl  24        0.045845       -0.056299        0.050903
     Cl  24       -0.056299        0.006562       -0.057887
     Cl  24        0.050903       -0.057887       -0.052407

     ----- ionic term -----
     Cl   1        0.112968       -0.195049       -0.027602
     Cl   1       -0.195049        0.036955        0.023206
     Cl   1       -0.027602        0.023206       -0.149923

     C    2        0.287230       -0.093170        0.098789
     C    2       -0.093170        0.252089        0.331501
     C    2        0.098789        0.331501       -0.539318

     C    3        0.111738       -0.119864        0.143266
     C    3       -0.119864        0.340553        0.350342
     C    3        0.143266        0.350342       -0.452292

     H    4        0.708319        0.354838        0.594907
     H    4        0.354838       -0.374782        0.216099
     H    4        0.594907        0.216099       -0.333536

     C    5        0.277909       -0.040214        0.179814
     C    5       -0.040214        0.194864        0.249868
     C    5        0.179814        0.249868       -0.472774

     H    6       -0.470426        0.311698        0.112692
     H    6        0.311698        0.819516        0.496761
     H    6        0.112692        0.496761       -0.349090

     H    7       -0.530267        0.063700       -0.013246
     H    7        0.063700        0.694846       -0.697740
     H    7       -0.013246       -0.697740       -0.164579

     C    8        0.185075        0.280521        0.315181
     C    8        0.280521        0.062669       -0.281716
     C    8        0.315181       -0.281716       -0.247744

     H    9        0.567375       -0.316559        0.708322
     H    9       -0.316559       -0.402891       -0.273636
     H    9        0.708322       -0.273636       -0.164484

     C   10        0.081987        0.327647        0.188076
     C   10        0.327647        0.178039       -0.403251
     C   10        0.188076       -0.403251       -0.260025

     C   11        0.062646        0.327800        0.265107
     C   11        0.327800        0.089179       -0.381907
     C   11        0.265107       -0.381907       -0.151825

     Cl  12        0.121046        0.211954        0.024555
     Cl  12        0.211954        0.009474        0.002643
     Cl  12        0.024555        0.002643       -0.130520

     H   13       -0.458999        0.245005        0.075119
     H   13        0.245005        0.876799        0.476337
     H   13        0.075119        0.476337       -0.417801

     C   14        0.410195       -0.132524        0.098999
     C   14       -0.132524        0.168044        0.229730
     C   14        0.098999        0.229730       -0.578239

     H   15        0.918965        0.428869        0.333693
     H   15        0.428869       -0.343887        0.142230
     H   15        0.333693        0.142230       -0.575078

     C   16        0.240620       -0.169830        0.068701
     C   16       -0.169830        0.348511        0.257356
     C   16        0.068701        0.257356       -0.589131

     C   17        0.278886       -0.074299        0.187598
     C   17       -0.074299        0.275331        0.247227
     C   17        0.187598        0.247227       -0.554217

     Cl  18        0.151467       -0.218251       -0.001653
     Cl  18       -0.218251        0.026396       -0.002637
     Cl  18       -0.001653       -0.002637       -0.177863

     H   19       -0.480520        0.199921       -0.172939
     H   19        0.199921        0.216318       -0.758458
     H   19       -0.172939       -0.758458        0.264202

     C   20        0.187885        0.375891        0.252053
     C   20        0.375891       -0.055241       -0.263095
     C   20        0.252053       -0.263095       -0.132644

     H   21        0.426376       -0.173881        0.749867
     H   21       -0.173881       -0.508761       -0.228088
     H   21        0.749867       -0.228088        0.082385

     C   22        0.068924        0.349352        0.210977
     C   22        0.349352        0.089586       -0.418611
     C   22        0.210977       -0.418611       -0.158510

     C   23        0.102564        0.242002        0.364684
     C   23        0.242002        0.012372       -0.405192
     C   23        0.364684       -0.405192       -0.114936

     Cl  24        0.128790        0.210135        0.048224
     Cl  24        0.210135        0.033590        0.025912
     Cl  24        0.048224        0.025912       -0.162380

     ----- GIPAW term -----
     Cl   1        2.438195       -1.380724        0.206158
     Cl   1       -1.380724       -0.956292       -0.130516
     Cl   1        0.206158       -0.130516       -1.481904

     C    2        0.095142       -0.265951       -0.183660
     C    2       -0.265951       -0.038374        0.025409
     C    2       -0.183660        0.025409       -0.056768

     C    3       -0.167665       -0.062468        0.012419
     C    3       -0.062468        0.210215       -0.112480
     C    3        0.012419       -0.112480       -0.042550

     H    4       -0.000000        0.000000        0.000000
     H    4        0.000000        0.000000        0.000000
     H    4        0.000000        0.000000        0.000000

     C    5       -0.101226       -0.048589       -0.033731
     C    5       -0.048589        0.240609        0.001385
     C    5       -0.033731        0.001385       -0.139382

     H    6       -0.000000        0.000000        0.000000
     H    6        0.000000        0.000000        0.000000
     H    6        0.000000        0.000000        0.000000

     H    7       -0.000000        0.000000        0.000000
     H    7        0.000000        0.000000        0.000000
     H    7        0.000000        0.000000        0.000000

     C    8       -0.000277       -0.032629       -0.051180
     C    8       -0.032629       -0.001111        0.038981
     C    8       -0.051180        0.038981        0.001388

     H    9       -0.000000        0.000000        0.000000
     H    9        0.000000        0.000000        0.000000
     H    9        0.000000        0.000000        0.000000

     C   10        0.017770       -0.000790        0.017913
     C   10       -0.000790       -0.002966       -0.017550
     C   10        0.017913       -0.017550       -0.014804

     C   11       -0.010269       -0.017139       -0.082532
     C   11       -0.017139       -0.004327        0.084164
     C   11       -0.082532        0.084164        0.014596

     Cl  12       -0.011477        0.012383       -0.965382
     Cl  12        0.012383        0.476191        1.513968
     Cl  12       -0.965382        1.513968       -0.464715

     H   13       -0.000000        0.000000        0.000000
     H   13        0.000000        0.000000        0.000000
     H   13        0.000000        0.000000        0.000000

     C   14        0.018699        0.000970        0.001663
     C   14        0.000970        0.031352        0.027642
     C   14        0.001663        0.027642       -0.050051

     H   15       -0.000000        0.000000        0.000000
     H   15        0.000000        0.000000        0.000000
     H   15        0.000000        0.000000        0.000000

     C   16        0.002626       -0.024912        0.045359
     C   16       -0.024912        0.020300        0.027994
     C   16        0.045359        0.027994       -0.022926

     C   17       -0.118999       -0.060023       -0.082714
     C   17       -0.060023        0.082031        0.142979
     C   17       -0.082714        0.142979        0.036967

     Cl  18        0.069992       -2.407699       -0.713313
     Cl  18       -2.407699        0.341566        1.721090
     Cl  18       -0.713313        1.721090       -0.411559

     H   19       -0.000000        0.000000        0.000000
     H   19        0.000000        0.000000        0.000000
     H   19        0.000000        0.000000        0.000000

     C   20        0.040030       -0.110537       -0.151239
     C   20       -0.110537       -0.110324        0.091146
     C   20       -0.151239        0.091146        0.070295

     H   21       -0.000000        0.000000        0.000000
     H   21        0.000000        0.000000        0.000000
     H   21        0.000000        0.000000        0.000000

     C   22       -0.007557       -0.010271       -0.123527
     C   22       -0.010271       -0.046259        0.083570
     C   22       -0.123527        0.083570        0.053816

     C   23        0.020281       -0.066961       -0.170094
     C   23       -0.066961       -0.040411        0.183814
     C   23       -0.170094        0.183814        0.020130

     Cl  24        1.773201        1.578241        0.483750
     Cl  24        1.578241        0.050343       -0.447414
     Cl  24        0.483750       -0.447414       -1.823544

     ----- total EFG -----
     Cl   1        2.546389       -1.297463        0.202605
     Cl   1       -1.297463       -1.055371       -0.133047
     Cl   1        0.202605       -0.133047       -1.491018

     C    2        0.448192       -0.711857       -0.628964
     C    2       -0.711857       -0.024582       -0.178580
     C    2       -0.628964       -0.178580       -0.423610

     C    3       -0.569894        0.143804        0.034619
     C    3        0.143804        0.668820       -0.137341
     C    3        0.034619       -0.137341       -0.098926

     H    4        0.455323       -0.084453        0.310975
     H    4       -0.084453       -0.468212        0.203456
     H    4        0.310975        0.203456        0.012889

     C    5        0.118817       -0.163824       -0.132978
     C    5       -0.163824        0.425749       -0.183611
     C    5       -0.132978       -0.183611       -0.544567

     H    6       -0.083933        0.007760        0.121042
     H    6        0.007760        0.074355        0.393614
     H    6        0.121042        0.393614        0.009578

     H    7       -0.387976        0.052499        0.393495
     H    7        0.052499        0.818617       -0.362119
     H    7        0.393495       -0.362119       -0.430641

     C    8        0.022500        0.178418        0.108570
     C    8        0.178418        0.255449       -0.158991
     C    8        0.108570       -0.158991       -0.277950

     H    9        0.692421       -0.216111        0.438081
     H    9       -0.216111        0.011320       -0.427538
     H    9        0.438081       -0.427538       -0.703741

     C   10        0.255163        0.160660        0.375917
     C   10        0.160660        0.067495       -0.434151
     C   10        0.375917       -0.434151       -0.322658

     C   11       -0.019065        0.204140       -0.120649
     C   11        0.204140        0.014403       -0.109877
     C   11       -0.120649       -0.109877        0.004662

     Cl  12        0.137327        0.262963       -0.872081
     Cl  12        0.262963        0.425356        1.350781
     Cl  12       -0.872081        1.350781       -0.562683

     H   13       -0.338286       -0.156423        0.324854
     H   13       -0.156423        0.440626        0.607618
     H   13        0.324854        0.607618       -0.102340

     C   14        0.150082        0.211584        0.044550
     C   14        0.211584        0.395086        0.337371
     C   14        0.044550        0.337371       -0.545168

     H   15        0.491131        0.243745        0.578264
     H   15        0.243745       -0.106952        0.067669
     H   15        0.578264        0.067669       -0.384179

     C   16        0.433351       -0.335779        0.366737
     C   16       -0.335779        0.138247        0.036176
     C   16        0.366737        0.036176       -0.571598

     C   17       -0.612879        0.330465       -0.222178
     C   17        0.330465        0.587360        0.362539
     C   17       -0.222178        0.362539        0.025519

     Cl  18        0.188359       -2.634969       -0.681891
     Cl  18       -2.634969        0.346264        1.761131
     Cl  18       -0.681891        1.761131       -0.534622

     H   19       -0.137063        0.226317       -0.016934
     H   19        0.226317       -0.004581       -0.276448
     H   19       -0.016934       -0.276448        0.141643

     C   20       -0.033324       -0.125849       -0.264551
     C   20       -0.125849       -0.375657        0.165444
     C   20       -0.264551        0.165444        0.408981

     H   21        0.112047       -0.058219        0.184255
     H   21       -0.058219       -0.166834       -0.125215
     H   21        0.184255       -0.125215        0.054787

     C   22       -0.083291        0.158070       -0.256070
     C   22        0.158070       -0.187253        0.175757
     C   22       -0.256070        0.175757        0.270544

     C   23       -0.046549       -0.099308       -0.067472
     C   23       -0.099308       -0.132532        0.327991
     C   23       -0.067472        0.327991        0.179082

     Cl  24        1.947835        1.732078        0.582877
     Cl  24        1.732078        0.090495       -0.479389
     Cl  24        0.582877       -0.479389       -2.038330

     ----- total EFG (symmetrized) -----
     Cl   1        2.546389       -1.297463        0.202605
     Cl   1       -1.297463       -1.055371       -0.133047
     Cl   1        0.202605       -0.133047       -1.491018

     C    2        0.448192       -0.711857       -0.628964
     C    2       -0.711857       -0.024582       -0.178580
     C    2       -0.628964       -0.178580       -0.423610

     C    3       -0.569894        0.143804        0.034619
     C    3        0.143804        0.668820       -0.137341
     C    3        0.034619       -0.137341       -0.098926

     H    4        0.455323       -0.084453        0.310975
     H    4       -0.084453       -0.468212        0.203456
     H    4        0.310975        0.203456        0.012889

     C    5        0.118817       -0.163824       -0.132978
     C    5       -0.163824        0.425749       -0.183611
     C    5       -0.132978       -0.183611       -0.544567

     H    6       -0.083933        0.007760        0.121042
     H    6        0.007760        0.074355        0.393614
     H    6        0.121042        0.393614        0.009578

     H    7       -0.387976        0.052499        0.393495
     H    7        0.052499        0.818617       -0.362119
     H    7        0.393495       -0.362119       -0.430641

     C    8        0.022500        0.178418        0.108570
     C    8        0.178418        0.255449       -0.158991
     C    8        0.108570       -0.158991       -0.277950

     H    9        0.692421       -0.216111        0.438081
     H    9       -0.216111        0.011320       -0.427538
     H    9        0.438081       -0.427538       -0.703741

     C   10        0.255163        0.160660        0.375917
     C   10        0.160660        0.067495       -0.434151
     C   10        0.375917       -0.434151       -0.322658

     C   11       -0.019065        0.204140       -0.120649
     C   11        0.204140        0.014403       -0.109877
     C   11       -0.120649       -0.109877        0.004662

     Cl  12        0.137327        0.262963       -0.872081
     Cl  12        0.262963        0.425356        1.350781
     Cl  12       -0.872081        1.350781       -0.562683

     H   13       -0.338286       -0.156423        0.324854
     H   13       -0.156423        0.440626        0.607618
     H   13        0.324854        0.607618       -0.102340

     C   14        0.150082        0.211584        0.044550
     C   14        0.211584        0.395086        0.337371
     C   14        0.044550        0.337371       -0.545168

     H   15        0.491131        0.243745        0.578264
     H   15        0.243745       -0.106952        0.067669
     H   15        0.578264        0.067669       -0.384179

     C   16        0.433351       -0.335779        0.366737
     C   16       -0.335779        0.138247        0.036176
     C   16        0.366737        0.036176       -0.571598

     C   17       -0.612879        0.330465       -0.222178
     C   17        0.330465        0.587360        0.362539
     C   17       -0.222178        0.362539        0.025519

     Cl  18        0.188359       -2.634969       -0.681891
     Cl  18       -2.634969        0.346264        1.761131
     Cl  18       -0.681891        1.761131       -0.534622

     H   19       -0.137063        0.226317       -0.016934
     H   19        0.226317       -0.004581       -0.276448
     H   19       -0.016934       -0.276448        0.141643

     C   20       -0.033324       -0.125849       -0.264551
     C   20       -0.125849       -0.375657        0.165444
     C   20       -0.264551        0.165444        0.408981

     H   21        0.112047       -0.058219        0.184255
     H   21       -0.058219       -0.166834       -0.125215
     H   21        0.184255       -0.125215        0.054787

     C   22       -0.083291        0.158070       -0.256070
     C   22        0.158070       -0.187253        0.175757
     C   22       -0.256070        0.175757        0.270544

     C   23       -0.046549       -0.099308       -0.067472
     C   23       -0.099308       -0.132532        0.327991
     C   23       -0.067472        0.327991        0.179082

     Cl  24        1.947835        1.732078        0.582877
     Cl  24        1.732078        0.090495       -0.479389
     Cl  24        0.582877       -0.479389       -2.038330


     NQR/NMR SPECTROSCOPIC PARAMETERS:
     Cl   1    Vxx=   -1.4227    axis=( -0.271557 -0.733417  0.623182)
     Cl   1    Vyy=   -1.5546    axis=( -0.153267 -0.606295 -0.780331)
     Cl   1    Vzz=    2.9773    axis=(  0.950140 -0.307418  0.052235)
     Cl   1  Q=        -8.1650 1e-30 m^2  Cq=       -57.1184 MHz  eta= 0.04429

     C    2    Vxx=   -0.0489    axis=(  0.191524  0.721577 -0.665316)
     C    2    Vyy=   -1.0352    axis=(  0.529568  0.494755  0.689039)
     C    2    Vzz=    1.0841    axis=(  0.826363 -0.484298 -0.287367)
     C    2  Q=         1.0000 1e-30 m^2  Cq=         2.5472 MHz  eta= 0.90984

     C    3    Vxx=   -0.1155    axis=(  0.122056  0.149433  0.981210)
     C    3    Vyy=   -0.5916    axis=( -0.986840  0.123911  0.103886)
     C    3    Vzz=    0.7071    axis=( -0.106059 -0.980977  0.162590)
     C    3  Q=         1.0000 1e-30 m^2  Cq=         1.6615 MHz  eta= 0.67323

     H    4    Vxx=   -0.0361    axis=( -0.420020  0.452499  0.786656)
     H    4    Vyy=   -0.5799    axis=(  0.195440  0.891587 -0.408505)
     H    4    Vzz=    0.6161    axis=( -0.886220 -0.017836 -0.462920)
     H    4  Q=         1.0000 1e-30 m^2  Cq=         1.4475 MHz  eta= 0.88274

     C    5    Vxx=    0.1036    axis=(  0.911329  0.307238 -0.274015)
     C    5    Vyy=    0.5105    axis=(  0.348871 -0.929734  0.117830)
     C    5    Vzz=   -0.6141    axis=(  0.218559  0.202978  0.954480)
     C    5  Q=         1.0000 1e-30 m^2  Cq=        -1.4428 MHz  eta= 0.66267

     H    6    Vxx=   -0.0739    axis=(  0.945094 -0.311546  0.098676)
     H    6    Vyy=   -0.3777    axis=( -0.282531 -0.627186  0.725819)
     H    6    Vzz=    0.4515    axis=(  0.164238  0.713846  0.680771)
     H    6  Q=         1.0000 1e-30 m^2  Cq=         1.0609 MHz  eta= 0.67287

     H    7    Vxx=   -0.0598    axis=( -0.764830 -0.205938 -0.610430)
     H    7    Vyy=   -0.8584    axis=( -0.642802  0.180854  0.744377)
     H    7    Vzz=    0.9182    axis=( -0.042897  0.961708 -0.270700)
     H    7  Q=         1.0000 1e-30 m^2  Cq=         2.1574 MHz  eta= 0.86978

     C    8    Vxx=    0.0178    axis=( -0.827797  0.307504 -0.469247)
     C    8    Vyy=    0.3655    axis=(  0.418210  0.895751 -0.150765)
     C    8    Vzz=   -0.3833    axis=( -0.373968  0.321047  0.870102)
     C    8  Q=         1.0000 1e-30 m^2  Cq=        -0.9005 MHz  eta= 0.90729

     H    9    Vxx=    0.0225    axis=(  0.438769  0.864728 -0.244393)
     H    9    Vyy=    0.9419    axis=( -0.877195  0.353165 -0.325273)
     H    9    Vzz=   -0.9644    axis=( -0.194962  0.357101  0.913493)
     H    9  Q=         1.0000 1e-30 m^2  Cq=        -2.2659 MHz  eta= 0.95334

     C   10    Vxx=    0.3095    axis=( -0.478460 -0.830320  0.285735)
     C   10    Vyy=    0.4541    axis=(  0.796804 -0.273782  0.538652)
     C   10    Vzz=   -0.7636    axis=( -0.369024  0.485399  0.792596)
     C   10  Q=         1.0000 1e-30 m^2  Cq=        -1.7941 MHz  eta= 0.18939

     C   11    Vxx=   -0.0854    axis=(  0.256688  0.428531  0.866298)
     C   11    Vyy=   -0.2085    axis=(  0.757105 -0.646295  0.095368)
     C   11    Vzz=    0.2940    axis=(  0.600752  0.631399 -0.490339)
     C   11  Q=         1.0000 1e-30 m^2  Cq=         0.6907 MHz  eta= 0.41871

     Cl  12    Vxx=    0.4363    axis=(  0.880107  0.444152 -0.167751)
     Cl  12    Vyy=    1.4461    axis=(  0.259255 -0.745591 -0.613906)
     Cl  12    Vzz=   -1.8824    axis=( -0.397741  0.496813 -0.771349)
     Cl  12  Q=        -8.1650 1e-30 m^2  Cq=        36.1126 MHz  eta= 0.53649

     H   13    Vxx=   -0.0524    axis=(  0.778077 -0.374579  0.504269)
     H   13    Vyy=   -0.7841    axis=(  0.626754  0.409073 -0.663203)
     H   13    Vzz=    0.8366    axis=(  0.042139  0.832076  0.553059)
     H   13  Q=         1.0000 1e-30 m^2  Cq=         1.9656 MHz  eta= 0.87462

     C   14    Vxx=    0.0490    axis=(  0.903563 -0.398138 -0.158305)
     C   14    Vyy=    0.6053    axis=(  0.427455  0.862902  0.269595)
     C   14    Vzz=   -0.6543    axis=(  0.029265 -0.311264  0.949873)
     C   14  Q=         1.0000 1e-30 m^2  Cq=        -1.5375 MHz  eta= 0.85009

     H   15    Vxx=   -0.1676    axis=(  0.185590 -0.963170  0.194576)
     H   15    Vyy=   -0.6761    axis=(  0.457229 -0.090626 -0.884720)
     H   15    Vzz=    0.8437    axis=(  0.869769  0.253161  0.423570)
     H   15  Q=         1.0000 1e-30 m^2  Cq=         1.9823 MHz  eta= 0.60272

     C   16    Vxx=   -0.0041    axis=( -0.399163 -0.861832 -0.312912)
     C   16    Vyy=   -0.7158    axis=(  0.345341  0.174829 -0.922049)
     C   16    Vzz=    0.7200    axis=(  0.849358 -0.476110  0.227841)
     C   16  Q=         1.0000 1e-30 m^2  Cq=         1.6916 MHz  eta= 0.98851

     C   17    Vxx=    0.0210    axis=(  0.445504  0.283620 -0.849168)
     C   17    Vyy=    0.7959    axis=( -0.152952 -0.910438 -0.384329)
     C   17    Vzz=   -0.8169    axis=(  0.882118 -0.301102  0.362223)
     C   17  Q=         1.0000 1e-30 m^2  Cq=        -1.9194 MHz  eta= 0.94860

     Cl  18    Vxx=   -0.9406    axis=(  0.565117  0.028750  0.824509)
     Cl  18    Vyy=   -2.7025    axis=(  0.560130  0.720380 -0.409031)
     Cl  18    Vzz=    3.6431    axis=( -0.605720  0.692983  0.390995)
     Cl  18  Q=        -8.1650 1e-30 m^2  Cq=       -69.8910 MHz  eta= 0.48364

     H   19    Vxx=   -0.0372    axis=( -0.702073 -0.355969 -0.616749)
     H   19    Vyy=   -0.3639    axis=( -0.648895  0.676533  0.348193)
     H   19    Vzz=    0.4011    axis=(  0.293305  0.644662 -0.705962)
     H   19  Q=         1.0000 1e-30 m^2  Cq=         0.9425 MHz  eta= 0.81457

     C   20    Vxx=   -0.1502    axis=( -0.875358  0.151799 -0.459026)
     C   20    Vyy=   -0.4259    axis=(  0.229726  0.965998 -0.118632)
     C   20    Vzz=    0.5761    axis=( -0.425410  0.209296  0.880467)
     C   20  Q=         1.0000 1e-30 m^2  Cq=         1.3537 MHz  eta= 0.47850

     H   21    Vxx=   -0.0785    axis=(  0.698857  0.389748 -0.599746)
     H   21    Vyy=   -0.2255    axis=( -0.098359  0.882900  0.459144)
     H   21    Vzz=    0.3040    axis=( -0.708466  0.261885 -0.655356)
     H   21  Q=         1.0000 1e-30 m^2  Cq=         0.7143 MHz  eta= 0.48327

     C   22    Vxx=    0.0107    axis=(  0.678751  0.709660  0.188893)
     C   22    Vyy=    0.4177    axis=(  0.410835 -0.153743 -0.898653)
     C   22    Vzz=   -0.4284    axis=( -0.608697  0.687565 -0.395906)
     C   22  Q=         1.0000 1e-30 m^2  Cq=        -1.0066 MHz  eta= 0.94998

     C   23    Vxx=   -0.0650    axis=(  0.957891 -0.016324  0.286669)
     C   23    Vyy=   -0.3479    axis=(  0.165773  0.846624 -0.505714)
     C   23    Vzz=    0.4129    axis=( -0.234446  0.531941  0.813679)
     C   23  Q=         1.0000 1e-30 m^2  Cq=         0.9703 MHz  eta= 0.68495

     Cl  24    Vxx=   -0.5995    axis=( -0.434696  0.786765 -0.438225)
     Cl  24    Vyy=   -2.3982    axis=( -0.261893  0.355137  0.897379)
     Cl  24    Vzz=    2.9976    axis=( -0.861656 -0.504855 -0.051672)
     Cl  24  Q=        -8.1650 1e-30 m^2  Cq=       -57.5081 MHz  eta= 0.60003

     Initialization:
     gipaw_setup  :      9.12s CPU     11.14s WALL (       1 calls)

     Linear response

     Apply operators

     Induced current

     Other routines
     efg          :      9.46s CPU     12.29s WALL (       1 calls)

     General routines
     calbec       :      3.24s CPU      4.39s WALL (      16 calls)
     fft          :      1.46s CPU      1.90s WALL (      15 calls)
     ffts         :      0.03s CPU      0.05s WALL (       2 calls)
     fftw         :      3.35s CPU      4.36s WALL (     672 calls)
     davcio       :      0.02s CPU      0.33s WALL (      32 calls)

     Parallel routines
     fft_scatter  :      2.19s CPU      3.52s WALL (     689 calls)

     Plugins

     GIPAW        :     61.14s CPU     74.28s WALL (       1 calls)
